0.0
15.67
-16.33
25.67
-10.33
-84.33
54.33
82.0
22.0
119.33
18.67
70.67
-46.33
4.67
-51.0
-38.67
45.0
11.33
2.33
-2.67
25.33
-8.0
-20.67
-7.67
20.67
-11.67
-6.33
-12.67
1.0
6.67
-5.0
-4.33
-0.33
0.67
0.33
1.0
-2.0
-0.67
-1.0
-0.67
1.67
-1.33
0.33
-1.33
0.0
-0.33
-0.33
0.0
0.67
-1.33
0.0
-0.33
0.0
2.0
-0.33
1.0
-1.0
-0.33
0.0
-0.33
-0.33
-0.33
1.0
0.0
-0.33
0.0
-0.33
0.0
1.0
0.67
-0.33
-0.67
0.0
-0.67
0.0
-0.67
1.0
-0.67
0.67
-0.67
0.0
-0.67
-0.33
-0.33
2.0
-0.33
0.33
-1.0
0.67
-0.67
-0.33
-0.33
-0.67
-0.67
2.67
2.33
1.33
-1.0
-0.33
1.33
0.33
0.33
1.67
-1.33
-1.33
0.33
-0.67
0.33
1.0
0.67
0.0
0.67
1.67
0.67
0.67
2.0
-0.33
1.0
2.67
-3.0
3.0
-2.67
-2.0
-1.33
0.33
1.0
1.0
2.0
-2.0
0.33
2.67
2.33
0.67
0.33
-0.33
-0.67
4.33
3.33
6.33
-7.0
-1.33
1.67
-5.33
4.33
9.0
5.0
-2.0
-0.67
3.33
0.0
2.0
3.0
-3.0
-0.33
-0.33
2.0
5.0
6.0
-2.33
2.67
-2.67
4.67
-1.0
4.33
9.67
2.0
-6.0
0.33
2.33
0.33
3.67
3.67
3.33
-1.67
1.0
5.67
-1.33
-6.67
2.0
1.33
-0.33
0.0
5.0
-2.33
1.33
0.33
-1.33
3.33
1.67
11.0
9.0
1.0
0.0
2.33
-2.67
0.0
3.67
1.33
0.67
3.0
0.0
7.0
-3.0
5.0
3.67
2.0
3.0
8.67
6.33
-1.0
0.33
-2.67
2.0
0.0
10.67
8.67
-0.67
8.67
0.67
3.0
-1.33
10.0
7.0
1.67
0.67
4.0
7.0
2.0
1.33
2.0
0.0
2.33
1.0
8.67
-1.33
4.67
4.0
6.67
3.0
2.67
-1.33
8.33
0.67
5.0
-3.67
2.0
5.0
-6.33
1.33
6.0
2.33
0.33
5.33
-0.33
0.0
2.0
2.33
1.0
8.67
-2.33
1.0
0.33
-2.0
6.67
-3.67
5.33
2.0
3.0
0.67
2.0
0.33
4.67
4.67
7.67
2.0
0.0
0.67
-1.67
4.0
-3.0
1.0
6.0
2.33
8.0
7.0
8.33
0.0
1.33
7.33
9.0
5.0
6.0
2.0
-3.67
2.0
6.0
4.0
1.33
-0.33
-0.33
4.67
-0.67
0.33
6.0
-1.33
0.67
0.33
-4.0
3.67
3.33
-1.0
-3.67
1.0
9.67
1.0
3.0
-2.0
0.67
0.67
-1.67
14.67
5.33
8.0
3.33
-4.67
7.33
2.33
2.33
-1.67
2.67
-2.0
4.67
1.67
1.33
-1.67
-0.67
-3.67
-3.67
3.33
-1.0
1.67
-1.33
-6.33
0.67
3.33
-0.67
1.67
7.67
8.0
9.67
4.0
0.67
3.67
-0.67
6.33
0.67
-4.0
3.67
-2.33
1.33
0.33
-3.33
5.0
1.0
-3.67
-4.33
0.33
0.67
1.33
-4.33
2.0
0.0
1.33
-0.33
8.0
0.33
5.0
0.0
2.67
1.67
3.0
3.67
1.33
0.33
1.67
4.67
-0.33
-1.67
4.67
10.0
5.0
6.67
-2.67
-3.0
0.33
-6.67
0.67
2.33
3.33
-5.33
-0.67
-1.0
1.0
2.67
8.33
-1.0
-2.0
-1.67
4.33
4.33
3.67
0.0
-3.0
3.67
0.33
2.67
0.0
-1.33
1.67
-2.0
1.33
5.33
3.67
-1.0
7.33
3.67
-4.67
-5.0
1.0
-2.33
2.0
0.0
2.33
1.0
-3.0
-3.0
1.0
-0.67
4.33
-3.0
0.0
0.0
-1.67
2.67
4.33
0.33
2.67
1.67
-1.33
5.0
0.0
7.33
0.33
-5.67
-1.67
0.67
-1.67
0.0
3.0
4.67
-2.0
-3.0
7.0
-1.33
-4.0
3.33
3.33
4.67
2.33
2.33
1.67
-3.0
3.67
1.0
0.67
2.33
0.67
-2.33
1.67
4.0
-4.33
1.67
1.67
7.0
2.0
-1.33
2.0
1.0
2.33
5.67
1.33
4.33
4.33
-2.33
-1.67
3.33
8.0
-6.67
2.0
3.67
4.67
1.33
3.67
3.67
5.33
-1.33
5.67
1.0
3.67
0.0
0.33
-0.67
1.0
-1.33
1.67
1.67
5.33
-1.67
3.0
0.0
1.67
-2.33
-0.33
0.33
-1.67
-3.67
1.0
1.0
-1.33
3.0
5.0
-1.0
2.33
2.67
2.33
0.67
1.0
0.33
-2.0
-0.67
3.0
0.67
3.33
0.0
1.0
-5.33
0.0
-1.67
2.0
2.67
-1.0
2.0
2.0
-0.67
-1.0
1.33
-0.67
2.0
-0.33
-1.67
-0.67
2.0
2.0
-0.33
-1.33
3.33
1.67
0.67
4.33
2.33
2.0
0.0
5.33
-0.33
-3.0
3.67
4.67
0.67
2.33
2.0
-1.67
3.67
1.67
1.0
2.0
-1.33
-5.67
2.0
-0.33
-2.33
-1.33
0.67
4.0
7.67
5.33
3.33
-1.33
-1.67
-0.67
-1.33
-3.67
3.33
-0.33
-1.67
0.0
0.0
-2.33
0.67
0.33
2.33
-0.67
4.67
-1.0
1.0
1.33
-2.0
3.0
-3.67
2.67
-3.0
0.67
-1.33
-0.33
-1.0
-1.67
-2.67
2.67
2.67
0.33
0.67
-0.33
1.33
-0.33
-2.0
-4.33
2.67
1.67
-2.0
-5.33
3.67
-1.33
-2.67
-2.67
-2.33
-2.67
-0.33
-1.67
-2.33
2.33
-6.33
0.0
-3.33
0.33
-2.67
-2.67
3.67
-0.67
-1.0
0.33
-0.33
-4.33
2.67
2.67
1.67
5.0
0.33
-1.33
4.0
-0.33
0.0
-0.67
1.33
-0.67
-3.0
-6.67
5.0
-4.0
-2.0
0.33
1.0
-2.67
-2.0
-1.0
-4.33
0.0
0.33
-6.67
1.67
-2.33
2.67
0.0
-2.67
-1.0
-2.67
1.67
2.0
0.67
0.67
5.33
-1.0
-1.0
-3.67
2.33
-0.67
0.67
0.0
-1.33
3.0
1.0
2.67
-0.33
2.0
1.33
-2.67
0.0
3.33
-0.67
-5.0
-5.0
6.33
1.0
-5.0
-2.33
1.0
1.0
-2.33
1.67
-4.67
-2.67
-2.0
-5.33
3.0
1.67
-0.67
2.67
-5.67
-0.33
1.0
3.67
0.0
-3.0
-2.0
-1.67
5.67
1.33
5.0
-4.33
-1.67
-3.0
5.0
-2.0
2.67
1.0
-2.0
-1.67
-3.33
5.67
1.67
0.33
-3.33
-5.67
-4.0
-2.33
5.0
-7.33
1.33
0.0
4.33
-2.67
-0.33
-5.33
2.67
2.33
-6.33
-0.33
-0.67
-2.67
2.67
7.67
2.33
1.0
0.33
-7.0
-0.67
-1.0
1.33
-3.67
-2.33
8.33
-3.33
-2.0
-3.0
6.67
1.33
2.67
-2.0
-1.0
2.0
6.0
5.67
1.0
-2.33
4.33
2.0
-0.67
-7.0
1.67
3.67
0.33
0.67
-1.33
-1.67
-7.67
8.0
-7.67
4.33
5.67
-3.0
4.0
6.33
1.0
3.67
-1.0
-1.67
7.0
0.0
-4.33
2.0
5.33
-1.67
4.0
2.67
2.33
0.0
-2.33
1.33
5.67
-3.33
-1.67
-4.0
5.33
5.0
5.67
2.33
-1.0
-3.67
1.0
1.67
-1.0
4.0
9.67
10.33
1.0
5.67
-1.0
5.0
5.0
0.33
3.33
7.33
7.33
5.67
-0.33
3.0
11.0
1.33
-1.0
7.0
1.33
2.33
-0.33
4.33
6.67
-1.0
-1.33
18.33
4.0
3.33
5.67
-5.0
13.33
5.0
-1.0
7.0
9.0
-2.67
2.33
4.33
5.67
-3.67
6.67
7.0
0.67
-0.33
5.0
6.0
8.0
-3.67
20.33
3.33
8.33
6.67
7.33
3.67
1.33
2.0
7.33
-2.33
7.67
5.33
1.0
10.67
9.0
6.0
1.67
-7.33
10.33
2.67
10.33
11.33
16.0
9.67
3.33
17.33
11.0
14.67
26.33
9.0
24.67
37.33
30.67
19.33
70.33
63.0
54.67
58.33
67.33
74.33
63.67
75.0
77.0
67.0
55.33
62.33
51.33
33.33
48.67
37.0
33.0
26.33
20.33
13.33
20.33
19.0
14.33
14.0
10.67
16.33
2.33
5.33
2.67
13.67
7.33
11.33
11.67
8.33
20.0
9.67
6.67
-3.67
13.33
5.33
12.33
8.67
20.33
22.0
14.0
11.67
30.67
22.67
31.33
32.33
33.67
35.67
33.33
23.67
40.67
49.0
39.67
46.0
40.33
21.33
36.67
40.0
32.33
42.67
21.0
29.33
24.33
18.0
20.33
14.0
11.33
10.0
14.33
10.0
6.33
10.67
6.33
3.33
7.0
-2.33
12.33
6.33
10.67
6.0
2.67
1.33
24.33
8.67
7.33
0.33
1.0
11.67
9.0
20.33
20.67
15.67
15.0
25.0
15.67
21.33
14.67
12.0
17.33
10.67
36.67
11.33
19.33
16.33
24.33
9.33
14.0
14.67
15.0
20.67
18.67
30.0
41.67
44.67
34.67
36.67
49.0
58.33
54.33
71.33
63.0
86.33
87.33
121.0
113.0
117.67
106.67
109.0
100.0
123.0
91.67
114.0
84.33
68.0
52.33
49.0
40.33
41.67
36.33
36.67
36.33
32.0
36.67
32.67
13.67
39.33
22.67
19.67
18.33
26.33
18.33
17.67
32.0
21.33
11.0
22.0
23.0
21.67
26.33
3.33
23.0
15.0
16.67
9.67
8.0
21.67
28.33
17.0
10.0
12.67
17.0
12.33
-0.67
15.0
5.67
6.67
7.67
6.0
10.67
13.33
8.0
12.33
10.33
0.33
8.33
15.67
8.67
4.0
14.67
16.0
6.67
6.33
2.0
15.0
11.67
12.67
8.67
11.0
3.67
16.0
15.0
0.33
17.0
15.33
14.0
13.0
30.33
18.0
10.0
21.33
20.0
24.33
24.33
6.0
17.0
19.67
26.0
19.0
23.0
10.0
14.67
18.0
33.33
15.67
27.67
17.33
13.33
16.67
12.67
12.0
11.0
11.0
20.33
20.33
19.33
22.67
6.67
16.33
12.67
24.67
34.33
42.0
46.67
46.67
73.33
78.67
80.67
113.0
129.33
182.0
172.33
208.0
229.67
261.67
317.67
327.33
330.0
285.67
372.33
384.0
378.0
339.67
300.33
241.33
258.67
222.33
186.33
133.0
131.67
87.0
109.0
91.67
71.0
38.0
30.0
37.33
37.0
29.33
19.0
24.0
16.0
21.33
15.67
19.0
11.0
17.33
13.33
14.33
27.33
23.67
23.0
30.33
23.0
34.33
32.33
31.33
38.33
46.67
46.67
38.0
43.0
34.67
41.67
46.67
51.0
52.0
47.67
46.67
56.67
42.33
53.33
39.0
46.67
58.67
45.0
30.0
57.33
46.33
31.67
45.33
30.67
34.0
47.33
45.33
28.0
29.33
27.33
23.0
24.0
27.0
27.67
24.0
24.67
24.33
20.33
17.0
17.33
9.33
32.33
19.67
15.0
24.0
11.67
14.0
5.33
2.33
13.0
13.0
20.67
10.0
10.0
11.33
11.67
19.33
10.33
10.67
19.0
9.0
13.33
30.67
10.0
6.0
14.33
19.33
25.67
27.33
17.33
20.0
27.33
29.33
18.67
28.0
21.67
30.67
39.0
29.67
31.0
59.67
39.33
47.0
50.67
44.67
50.33
51.0
32.33
48.67
59.67
49.33
51.0
51.67
44.0
49.33
35.0
38.33
43.67
36.67
38.33
33.0
37.67
39.33
32.67
13.67
42.33
28.67
15.33
35.33
32.67
24.0
35.0
15.0
40.0
18.67
29.33
32.0
18.33
26.33
34.33
19.67
29.67
23.67
16.33
25.67
26.0
19.67
30.33
34.33
28.67
35.33
43.33
40.33
31.0
19.33
26.33
41.0
11.33
32.67
16.67
24.33
23.0
17.33
10.67
19.0
20.33
17.67
10.33
22.33
14.67
12.33
11.67
22.67
9.67
8.33
12.33
7.0
3.0
9.33
6.67
19.0
-2.67
14.0
7.33
10.0
18.67
3.67
13.0
13.33
5.67
3.0
10.67
13.33
11.0
3.67
11.0
4.33
7.0
8.67
6.33
2.0
20.33
3.33
0.0
2.0
5.0
0.67
7.0
3.0
2.0
22.0
5.0
8.33
1.67
3.67
14.67
7.33
6.33
14.0
0.67
4.33
18.67
-8.0
11.0
5.67
8.67
5.0
11.0
19.67
13.33
15.67
11.67
24.67
11.67
9.67
4.67
9.33
6.0
14.67
6.0
9.67
4.33
15.67
9.67
12.33
17.0
7.33
2.33
6.33
8.0
-6.0
8.67
-4.33
7.67
5.0
2.0
1.33
2.0
8.0
10.0
6.0
16.33
8.33
4.0
8.0
5.67
-7.67
5.0
-5.0
-4.0
-10.33
0.0
10.67
14.67
-2.33
-2.67
5.67
9.0
7.33
5.0
7.33
-5.0
-5.67
-7.67
19.33
11.67
-3.0
10.0
10.33
5.0
5.0
10.33
-1.67
1.0
3.67
10.67
11.67
1.33
4.0
8.0
-4.33
17.0
-7.0
10.0
4.67
6.67
2.67
-1.33
1.67
-2.67
-4.33
11.0
0.33
3.33
5.33
-2.0
3.0
5.33
10.0
9.0
8.0
6.0
15.0
2.0
-2.67
2.33
2.67
9.0
-4.67
16.0
-4.67
9.0
-3.67
2.33
7.0
-1.0
15.33
7.33
4.67
20.33
-2.33
14.33
14.0
7.33
12.0
2.0
10.33
19.33
6.0
15.0
22.33
5.0
8.0
11.0
1.67
7.0
15.0
11.67
1.0
16.33
11.33
19.0
13.33
5.67
5.0
9.33
17.67
23.67
10.0
3.67
23.0
6.67
0.67
14.0
6.0
5.33
6.67
11.33
4.0
13.67
-5.67
15.67
-1.33
3.67
4.33
7.0
8.67
7.67
3.0
7.67
4.33
4.67
-0.67
1.67
5.0
2.0
5.33
3.67
2.0
20.67
6.0
-5.0
-3.0
-1.0
6.0
4.33
-3.33
17.0
4.0
1.0
13.67
14.33
-0.67
11.0
0.0
4.33
6.67
13.0
-1.0
3.33
8.0
12.0
11.33
8.67
2.0
0.0
-5.0
9.0
0.67
-5.0
-8.67
-3.0
12.33
3.67
6.67
8.33
3.67
1.33
2.0
4.0
6.33
3.67
4.33
2.0
4.67
4.33
7.33
-1.33
2.0
11.67
-3.33
13.67
12.33
3.67
3.67
2.67
5.0
3.33
10.33
-0.67
7.33
0.67
-1.67
3.0
3.33
0.67
1.0
5.33
3.67
3.0
-0.33
8.67
4.67
5.67
4.0
5.67
-2.67
-6.0
-5.0
5.33
3.33
11.33
-6.0
5.0
7.33
1.67
2.0
-5.33
7.0
5.33
-0.67
2.0
6.0
4.67
6.33
-0.33
11.67
11.33
7.0
-4.0
-3.0
2.0
5.33
-2.67
-3.67
-3.67
1.33
8.0
0.33
1.0
8.0
6.67
2.0
8.33
5.67
11.0
-5.33
3.0
-3.33
5.67
0.67
6.33
1.0
14.0
10.33
13.33
6.67
18.0
5.0
3.0
6.0
5.33
3.0
7.33
13.33
3.33
8.0
10.0
7.33
-9.0
1.67
-2.33
-3.0
4.67
5.0
12.0
14.0
-3.0
12.67
-2.0
6.67
10.67
4.67
0.67
-5.33
14.0
-7.33
7.67
9.0
8.0
3.33
2.0
5.33
7.67
4.67
6.67
-7.67
8.67
5.67
1.33
-4.0
0.33
10.33
1.0
8.0
7.67
1.33
7.67
3.67
0.67
0.33
13.33
-2.0
7.67
-1.0
3.33
-3.67
8.0
4.0
5.33
0.67
-1.67
0.0
-1.67
12.33
5.67
-4.0
11.0
3.67
-1.67
9.67
6.0
0.67
3.0
0.67
11.0
7.67
-5.67
7.0
6.33
2.33
-3.33
13.33
-3.67
5.67
5.33
11.0
4.0
-0.33
-0.67
0.33
4.0
4.0
3.0
5.33
7.67
5.67
-4.67
1.67
-3.0
3.33
-6.33
7.0
-3.0
3.67
4.0
-0.33
2.0
2.33
-2.33
2.67
-4.67
4.33
7.33
4.67
4.33
-8.33
4.67
-2.33
7.33
5.67
-1.33
-3.0
3.33
3.67
-1.33
-0.67
-1.33
8.33
-2.33
3.0
0.0
10.0
3.33
8.67
1.33
4.67
-0.33
5.33
-7.67
-3.0
2.0
-0.33
-2.0
7.33
11.33
6.33
13.0
10.67
5.33
-0.67
-1.67
5.67
2.67
1.0
4.33
1.0
-0.67
4.0
7.33
3.67
-3.0
-6.33
5.33
7.67
7.67
-1.0
-6.33
1.33
6.0
-2.67
5.33
-1.33
5.33
6.0
4.33
1.33
-2.67
1.0
2.33
8.67
1.0
-4.67
5.67
0.67
-7.67
5.33
0.67
0.33
0.0
-6.33
-1.0
-1.0
-1.67
0.67
-5.33
2.33
2.33
6.33
0.0
2.33
2.67
2.0
2.67
0.0
5.33
0.0
-1.33
11.67
-5.33
-1.33
1.67
0.33
2.33
3.0
4.0
-2.33
3.33
-1.0
5.67
-1.67
1.0
0.33
0.0
5.0
0.0
5.0
-0.67
-3.67
-2.33
-0.33
4.67
6.67
-2.67
0.67
8.0
-2.0
-1.33
-1.33
2.67
-2.0
9.67
2.33
2.33
2.67
0.0
1.33
3.33
7.33
4.67
1.67
-2.33
3.67
-0.33
3.67
7.67
-4.67
-1.67
-1.0
5.33
0.67
0.0
4.0
1.33
-2.33
6.33
-1.0
-1.33
-1.0
7.0
5.67
6.0
0.67
1.33
4.67
4.0
1.0
2.33
1.33
0.33
-0.67
0.33
-1.33
4.33
-2.67
6.33
5.0
4.33
-0.33
1.67
1.0
-3.33
0.33
-1.33
1.33
-1.33
1.67
-4.67
0.0
-4.67
5.67
-0.67
-0.33
1.67
1.67
