0.0
-2.33
-40.33
-2.33
-16.33
-118.33
35.33
58.0
-60.0
-42.67
-49.33
38.67
-46.33
-1.33
-58.0
7.33
-18.0
-17.67
-10.67
-64.67
-16.67
-9.0
18.33
-8.67
-4.33
-2.67
-9.33
-7.67
1.0
9.67
-8.0
1.67
8.67
-3.33
1.33
2.0
2.0
-1.67
1.0
-0.67
-1.33
0.67
0.33
-1.33
1.0
0.67
0.67
0.0
-0.33
-1.33
0.0
-0.33
0.0
0.0
0.67
0.0
-1.0
-0.33
0.0
1.67
-0.33
-0.33
0.0
0.0
-0.33
0.0
-0.33
1.0
1.0
0.67
-0.33
0.33
1.0
-0.67
0.0
-0.67
0.0
-0.67
0.67
0.33
-1.0
-0.67
0.67
-0.33
0.0
-0.33
1.33
-1.0
-0.33
-0.67
0.67
1.67
1.33
0.33
1.67
0.33
-0.67
-1.0
1.67
-0.67
-0.67
2.33
-0.33
-1.33
-0.33
1.33
2.33
-1.67
1.0
-0.33
-2.0
-0.33
0.67
0.67
0.67
0.0
1.67
4.0
0.67
1.0
0.0
-2.67
3.0
1.67
-2.67
3.0
0.0
-1.0
-2.0
0.33
-2.33
0.33
1.67
-0.67
5.67
1.33
0.33
-4.67
0.33
2.0
-5.33
6.67
-2.33
0.33
4.0
9.0
-2.0
-1.67
1.33
10.0
2.0
7.0
-1.0
5.67
1.67
2.0
0.0
6.0
7.67
8.67
6.33
4.67
0.0
-0.67
0.67
-1.0
-2.0
0.33
3.33
-3.67
5.67
2.67
-0.67
3.33
1.0
-3.33
-1.33
-0.67
1.0
1.33
11.67
3.0
-2.0
8.67
-0.67
1.33
8.67
-1.67
2.67
11.0
-2.0
0.0
0.0
5.33
1.33
-5.0
5.67
5.33
3.67
0.0
-4.0
7.0
1.0
3.0
-2.33
1.0
0.0
-2.33
8.33
-3.0
-0.67
-2.67
-3.0
4.0
5.67
8.67
8.33
1.67
-0.33
3.0
1.67
-2.0
6.0
9.67
-0.33
2.0
2.0
2.0
-0.67
5.0
2.0
3.33
2.0
-0.33
5.67
2.67
4.0
10.67
6.0
1.67
0.67
6.33
1.67
2.0
2.33
8.0
2.0
1.67
1.33
3.0
4.33
9.33
5.33
1.67
-1.0
0.0
-3.67
3.0
-4.33
2.67
-2.0
8.33
-6.0
5.67
5.33
-3.67
-2.0
6.0
1.67
6.0
-1.67
-2.33
9.67
5.67
-5.0
8.0
-0.33
0.33
4.0
-2.0
7.0
3.0
4.33
8.0
5.0
2.33
6.0
4.33
4.33
-3.0
5.0
1.0
-1.0
3.33
5.0
3.0
5.0
-2.67
-3.33
0.67
4.67
-0.67
-3.67
1.0
3.67
-0.33
0.33
0.0
-1.33
-1.67
5.0
5.33
5.0
9.67
-3.0
-2.0
-3.0
0.67
4.67
3.33
4.67
-0.67
-2.0
-0.67
2.33
2.33
-1.67
3.33
-2.67
-2.33
4.0
2.67
-0.33
1.33
4.33
2.33
-2.67
-0.67
4.33
4.0
-2.33
-1.33
-1.33
-6.33
6.33
-0.67
4.67
9.67
3.0
4.67
3.0
-0.33
2.67
-2.67
1.33
4.67
3.0
0.67
1.67
3.33
2.33
0.67
0.0
-1.0
3.33
-1.33
-3.67
4.67
-5.67
-1.33
-1.0
-3.0
0.33
-1.33
3.0
2.33
6.0
2.0
5.67
-2.33
-5.0
6.67
0.33
-0.67
-4.33
-1.33
1.67
0.33
-2.33
4.0
2.0
0.67
0.33
-5.0
4.33
-7.67
6.67
-0.67
1.33
2.67
-0.67
4.0
0.0
3.67
-0.67
-1.0
-2.0
-0.67
1.33
2.33
2.67
-1.0
-3.0
5.67
-0.67
-0.33
6.0
-1.33
2.67
2.0
-4.67
1.33
-3.33
-1.0
0.33
-0.33
0.33
1.0
6.0
-0.33
-2.0
1.0
-2.67
0.0
3.0
2.0
0.0
0.33
0.33
-1.0
2.0
4.0
0.33
2.67
-2.67
2.33
-1.33
6.67
1.67
-3.0
-3.0
5.33
-2.67
1.33
4.33
2.67
1.33
3.0
0.0
-2.33
5.0
-2.0
5.0
4.67
2.0
2.33
-2.67
2.67
-1.67
6.33
-1.33
-2.0
2.67
4.0
-3.33
5.33
-1.33
0.67
-0.33
0.0
-3.33
1.67
1.67
6.0
-2.0
-0.33
-4.0
0.0
1.33
2.67
4.33
1.33
-3.67
-0.33
-1.67
0.33
-1.0
-4.67
-2.0
-1.33
1.67
0.33
5.67
-1.33
-0.67
5.67
1.67
2.0
10.67
-3.0
-4.67
2.33
4.0
-1.33
4.67
-1.33
0.33
3.33
1.0
5.0
2.67
-1.33
-4.33
7.33
0.33
1.33
6.0
1.0
1.67
4.0
0.0
-1.0
-3.67
0.67
1.33
4.67
-1.0
-1.67
0.0
6.33
2.0
-1.33
2.33
-2.0
0.0
-1.33
-1.0
-3.67
-4.0
4.67
2.0
5.0
0.0
-0.67
3.0
2.33
1.33
-1.0
-0.33
-0.67
0.33
6.0
3.0
-3.33
-2.33
-1.67
0.67
0.67
-0.67
2.33
1.0
-1.0
4.33
0.67
1.0
-0.33
4.67
-0.33
-2.67
7.0
-0.67
0.67
-0.33
2.0
1.0
-1.33
-1.67
1.0
4.67
2.67
-1.33
5.67
1.0
1.67
1.33
2.33
3.67
-0.67
-2.67
4.67
-1.67
5.33
2.67
0.33
0.0
2.0
1.67
-2.33
0.33
0.33
4.33
4.67
2.0
-1.0
-3.67
4.0
1.0
0.33
3.67
1.0
-2.33
4.67
-2.33
0.0
4.33
5.33
5.67
0.67
3.33
1.67
-0.33
-3.67
0.67
-5.0
-3.33
-1.33
1.67
-5.0
-0.33
-0.33
-0.33
0.33
-1.67
-2.33
1.33
-5.33
-0.67
-3.33
2.33
0.67
5.0
3.67
-0.67
-2.67
-0.67
-0.33
1.33
5.0
-1.67
-4.33
-0.33
-1.33
2.67
-0.33
0.0
-1.67
0.67
1.0
3.67
-4.0
4.33
-3.67
-4.67
-2.0
-6.67
1.0
1.0
-1.0
2.33
0.0
3.33
0.0
0.0
-0.33
2.0
-0.67
0.33
1.67
-2.33
1.67
-2.0
2.33
1.0
-2.67
-0.33
2.0
2.67
0.67
-4.67
3.0
-1.0
0.33
6.33
0.33
1.67
-2.0
-0.33
0.0
11.0
2.67
-2.33
-2.0
2.33
-2.67
1.0
4.33
1.33
2.0
-6.0
4.33
0.0
4.0
-1.33
1.0
-1.0
-2.33
-0.33
-2.67
-3.67
5.0
0.67
4.0
-0.33
-5.67
-0.33
-7.67
-0.33
-5.0
1.67
-3.0
4.0
2.0
-0.67
5.67
-4.67
-2.0
4.67
-6.67
0.0
-1.0
-1.0
-4.33
-2.0
-1.0
-2.67
1.67
-0.33
2.67
-2.67
-2.33
-6.67
-4.0
-2.33
6.0
-2.33
-1.67
1.0
-0.67
0.33
-0.33
0.67
-3.33
2.33
5.67
-3.33
-2.67
-0.67
1.67
0.67
0.33
0.0
-0.67
1.0
-5.67
-3.0
3.33
-2.67
-3.33
1.33
0.67
-1.0
-3.0
13.67
-0.67
5.67
-4.0
7.0
1.0
8.0
5.67
3.0
3.67
-1.67
3.0
-1.67
2.0
2.67
-6.33
-2.67
-1.33
0.67
-1.67
-3.67
4.0
-0.67
0.33
4.67
6.0
1.0
4.33
5.0
-3.33
7.0
-1.67
-4.0
0.0
0.67
3.0
4.33
-0.67
5.0
-2.33
3.33
1.0
0.67
-2.67
4.67
-1.33
-6.67
3.0
2.33
3.0
-2.33
-3.67
8.0
12.33
3.0
-0.33
-5.0
7.0
2.67
1.33
1.0
2.67
8.0
6.0
6.0
4.33
5.33
8.33
5.33
1.67
7.67
5.0
7.0
8.33
-2.0
10.0
7.33
1.33
-2.33
-5.67
11.67
8.0
7.67
2.33
7.0
1.33
-4.33
-5.0
4.33
-1.0
7.0
3.0
10.0
5.33
5.33
9.33
6.67
13.33
5.67
17.0
1.67
4.67
-1.0
1.0
9.0
6.33
6.33
0.33
3.33
0.67
5.33
10.67
16.33
8.0
-1.67
1.67
2.67
8.33
4.0
17.67
-3.0
-2.0
14.67
6.67
10.33
10.67
-0.67
4.33
6.0
9.67
-1.67
11.33
7.0
0.67
20.33
21.0
19.67
35.33
44.67
39.33
54.33
42.0
59.67
67.33
59.33
54.33
65.67
45.0
56.0
46.0
43.33
44.33
27.33
19.33
32.67
18.0
18.0
12.33
4.33
13.33
11.33
9.0
9.33
2.0
4.67
10.33
7.33
1.33
3.67
15.67
9.33
9.33
14.67
7.33
11.0
5.67
7.67
12.33
14.33
10.33
8.33
11.67
9.33
18.0
9.0
23.67
15.67
11.67
23.33
15.33
27.67
41.67
17.33
24.67
21.67
25.0
20.67
32.0
16.33
14.33
18.67
26.0
35.33
18.67
12.0
19.33
12.33
10.0
7.33
10.0
13.33
14.0
14.33
14.0
9.33
3.67
7.33
1.33
24.0
3.67
13.33
6.33
14.67
5.0
15.67
6.33
9.33
13.67
3.33
8.33
11.0
10.67
16.0
21.33
11.67
18.67
12.0
11.0
9.67
19.33
14.67
12.0
4.33
12.67
22.67
18.33
24.33
11.33
30.33
34.33
29.0
19.67
7.0
20.67
18.67
23.0
25.67
32.67
33.67
49.67
39.0
33.33
47.33
52.33
66.0
58.33
79.33
66.0
73.0
73.67
70.67
67.0
63.0
69.0
47.67
59.0
63.33
56.0
61.33
51.0
42.33
37.67
26.33
31.67
35.33
35.0
27.67
20.67
15.67
35.33
12.67
7.67
23.33
18.33
26.33
10.67
22.0
15.33
19.0
14.0
14.0
22.67
21.33
4.33
17.0
10.0
19.67
11.67
18.0
15.67
17.33
4.0
10.0
3.67
11.0
12.33
10.33
17.0
5.67
7.67
6.67
6.0
12.67
13.33
13.0
10.33
7.33
10.33
10.33
3.67
5.67
-1.0
11.67
12.0
8.67
18.33
15.0
10.0
7.67
12.67
7.67
15.0
19.67
13.0
13.0
7.33
18.0
6.33
23.0
22.0
17.33
28.0
23.0
26.33
13.0
16.33
12.33
9.0
10.0
15.67
9.0
15.0
20.0
5.0
18.67
6.0
23.33
16.67
22.67
21.33
15.33
18.67
16.67
11.0
10.0
19.0
17.33
12.33
4.33
8.67
14.67
16.33
25.67
23.67
33.33
42.0
23.67
45.67
73.33
74.67
119.67
154.0
120.33
176.0
209.33
215.0
256.67
268.67
271.67
313.33
344.0
331.67
303.33
297.0
239.0
270.67
208.33
226.33
199.67
149.33
126.33
123.0
98.67
88.0
76.0
69.67
76.0
46.0
49.0
37.33
30.0
28.33
21.0
27.0
29.0
27.33
24.67
40.0
21.0
34.33
7.33
14.33
23.33
33.67
35.0
31.33
26.0
30.33
39.33
42.33
40.33
59.67
53.67
59.0
61.0
48.67
61.67
50.67
55.0
50.0
46.67
50.67
53.67
54.33
66.33
72.0
56.67
74.67
53.0
66.0
61.33
53.33
51.67
52.33
47.67
53.0
36.33
51.33
36.0
49.33
40.33
35.0
42.0
29.0
41.67
39.0
13.67
21.33
19.33
17.0
19.33
21.33
10.33
17.67
17.0
18.0
18.67
6.0
19.33
14.33
5.0
13.0
1.67
7.0
7.0
2.33
9.67
10.33
5.33
3.67
6.0
10.0
21.33
11.67
10.0
11.0
26.33
3.33
11.67
20.33
25.33
3.0
14.33
30.33
14.67
28.0
23.67
11.67
24.0
22.67
27.0
24.67
25.33
27.0
23.67
21.67
37.33
32.0
25.33
30.67
38.67
19.33
47.0
33.67
33.0
27.33
26.0
32.33
17.67
24.67
34.33
12.0
15.67
20.33
35.67
12.67
20.33
26.67
27.33
19.33
22.67
21.0
19.0
9.0
29.0
22.67
12.33
13.0
16.33
15.33
16.33
23.67
19.67
26.67
19.33
29.67
13.0
18.67
33.33
34.33
27.67
30.33
48.33
31.33
35.0
34.33
36.33
32.0
22.33
31.67
20.67
22.33
10.0
28.33
26.67
12.0
22.33
18.67
7.33
0.33
2.67
12.33
11.67
13.67
6.67
1.33
3.33
-3.0
5.0
18.33
19.67
9.0
8.33
15.0
9.33
5.0
10.67
3.67
9.0
6.33
12.67
-1.0
7.67
4.33
18.0
2.67
-1.0
-3.67
8.0
7.67
8.33
0.0
4.33
11.33
2.0
11.0
10.0
7.67
14.0
20.0
0.0
9.0
-1.0
13.33
8.67
0.67
5.67
12.33
12.33
4.0
11.67
8.33
15.67
0.0
21.0
6.67
8.67
0.0
8.0
16.67
0.33
24.67
12.67
8.67
6.67
3.67
20.67
0.33
9.0
10.67
10.0
12.67
8.33
11.67
21.67
18.33
17.0
20.33
16.33
21.33
16.0
8.0
12.67
9.67
10.67
13.0
23.0
10.33
4.0
16.0
8.0
13.0
12.33
3.33
3.0
12.0
10.67
-6.67
13.0
-1.0
11.0
5.67
-9.0
-0.33
13.67
2.67
15.33
0.67
3.0
-1.67
21.0
-9.67
0.0
-8.67
9.33
13.33
-0.33
0.0
6.0
14.33
8.0
5.0
1.33
7.33
4.0
10.67
7.67
14.67
7.33
6.0
7.0
-0.33
4.0
5.0
-1.0
4.67
17.67
13.67
5.67
-2.33
-0.67
-8.33
10.0
2.33
7.33
6.33
13.0
10.0
6.33
14.0
1.0
16.0
12.0
24.0
10.0
8.33
14.33
13.67
3.0
5.33
8.0
6.33
10.0
-1.67
4.33
6.0
5.0
11.33
10.33
1.67
10.33
6.67
6.33
12.0
6.33
12.0
18.0
11.33
17.33
11.0
2.0
9.33
19.0
-1.0
25.0
10.67
6.0
8.0
13.67
31.0
15.33
9.33
18.0
13.33
12.67
8.0
17.33
20.67
21.67
11.0
5.67
16.0
5.67
15.67
11.0
7.0
-1.67
21.67
12.33
33.0
5.67
0.33
4.67
7.67
8.67
12.33
14.0
23.67
9.67
12.0
18.67
11.33
4.67
2.33
-2.33
9.0
-3.0
1.33
3.67
1.0
5.67
0.0
0.0
2.0
3.0
3.0
5.33
2.67
9.0
7.0
-9.0
3.67
8.33
4.33
2.0
-5.0
-3.67
11.67
3.0
-7.0
9.33
7.0
9.0
3.33
8.67
-1.0
1.0
8.0
-3.0
1.67
7.0
-8.67
-6.0
0.33
2.67
-3.33
3.33
0.67
-3.67
8.0
13.0
5.33
4.67
-3.67
-3.0
2.67
2.33
1.33
4.67
14.0
4.67
-8.33
5.67
14.33
5.67
2.67
-1.33
3.0
3.33
8.33
9.33
2.33
-3.33
0.33
5.0
1.33
1.67
-1.0
4.33
0.67
7.0
-4.33
5.67
-4.33
-2.33
5.0
3.67
2.33
14.0
-4.0
5.33
4.33
13.33
-9.0
17.0
5.33
-6.33
-4.0
-6.33
7.0
-0.67
0.33
5.0
5.0
3.67
5.33
4.67
4.67
-4.67
-5.0
4.0
-4.0
6.0
-3.67
-0.67
9.33
-2.67
-6.67
1.0
-6.67
1.0
-1.0
2.67
15.0
8.33
-1.33
5.0
3.67
-2.0
6.67
-2.33
7.67
3.33
3.0
11.0
5.33
2.33
1.67
-1.0
-2.0
3.0
4.0
7.33
3.0
1.33
6.33
-5.67
6.0
1.0
5.33
-1.0
9.67
1.67
-1.0
-4.33
3.0
14.0
9.0
3.0
-6.33
2.0
2.67
4.67
-1.33
3.67
-3.33
8.0
-0.33
3.67
5.0
3.0
-3.67
-3.0
0.33
-6.33
3.67
6.67
-4.67
-4.33
5.67
9.33
0.0
5.33
4.33
-2.0
5.0
4.67
-0.67
9.67
-5.33
-5.33
-5.67
2.33
-1.0
-3.33
-2.0
3.33
1.33
1.0
1.0
1.33
4.67
4.33
11.0
0.33
7.33
10.67
10.0
5.0
-2.33
1.33
3.67
-3.0
3.67
2.0
1.67
11.0
6.67
9.33
3.0
7.33
6.33
2.67
0.33
-0.67
6.67
7.33
7.0
4.0
-2.33
-7.67
-4.67
-4.0
-3.0
9.0
6.33
0.67
1.67
4.33
3.67
-2.0
12.33
5.67
8.0
11.0
-2.33
4.0
4.67
7.0
-3.67
11.67
1.67
5.33
1.33
7.33
0.67
3.33
-2.33
-0.33
1.67
4.33
-7.33
4.67
0.0
6.33
7.67
2.67
11.33
4.67
-2.67
-1.33
5.0
-1.0
2.0
5.33
2.67
1.33
4.67
5.67
2.33
4.33
-1.0
2.0
-4.33
-1.0
0.33
-0.67
14.33
2.0
2.67
-2.67
1.33
4.33
3.67
5.67
3.0
7.33
4.0
6.33
3.0
5.33
0.67
0.0
4.67
0.33
-0.33
3.67
8.0
2.67
6.33
-4.0
-5.67
-7.67
-1.33
1.33
6.0
3.33
-0.67
0.33
4.0
2.33
6.67
-4.0
-3.67
1.67
3.67
-0.67
6.33
1.67
0.33
1.0
7.67
3.0
6.0
2.33
3.67
-5.33
3.33
0.33
5.33
0.0
9.33
-3.33
2.0
1.67
2.0
5.33
0.0
-6.33
2.67
-3.33
4.67
-0.33
3.33
3.33
6.0
6.0
-0.33
7.33
-1.0
8.67
-3.67
-1.0
1.33
4.0
4.0
5.0
4.0
0.33
-6.67
2.67
-3.33
2.67
3.67
6.33
-1.33
2.0
6.0
-0.33
-4.33
-1.33
-2.0
4.67
4.33
1.33
-7.33
-4.0
4.33
0.33
3.33
4.67
-0.33
-4.33
5.67
-0.33
-4.33
1.67
1.33
0.33
6.0
3.33
1.67
1.0
7.0
4.33
3.67
3.33
0.0
3.67
3.0
2.0
2.67
1.0
-4.33
-0.67
0.67
-3.0
4.0
1.33
-2.67
0.33
0.33
1.33
2.67
1.33
5.33
0.33
-1.0
5.33
4.67
-0.33
-4.0
-1.33
-3.67
-2.33
-3.67
-3.33
1.67
-3.67
-3.0
-4.67
3.67
-1.67
5.67
8.67
-3.33
