0.0
-1.33
5.67
4.67
-0.33
2.67
9.33
43.0
4.0
70.33
25.67
7.67
15.67
63.67
27.0
26.33
-5.0
-3.67
-9.67
3.33
8.33
2.0
27.33
-3.67
26.67
10.33
1.67
-3.67
-2.0
10.67
-8.0
-0.33
0.67
3.67
2.33
2.0
-2.0
-0.67
0.0
-0.67
-1.33
-1.33
0.33
0.67
0.0
-0.33
-0.33
0.0
0.67
-1.33
0.0
-0.33
0.0
0.0
0.67
0.0
0.0
0.67
1.0
-0.33
-0.33
0.67
0.0
0.0
1.67
0.0
-0.33
0.0
2.0
0.67
0.67
-0.67
0.0
-0.67
0.0
-0.67
2.0
-0.67
0.67
0.33
0.0
0.33
1.67
0.67
0.0
0.67
0.33
-1.0
0.67
-0.67
0.67
0.67
0.33
1.33
-0.33
1.33
-0.67
-1.0
-0.33
-0.67
-0.67
0.33
-0.33
0.67
-0.33
-0.67
-0.67
-0.67
3.0
4.67
4.0
4.67
-0.33
1.67
2.67
1.0
-0.33
2.0
0.67
0.0
2.0
0.33
-1.0
0.67
0.33
3.0
-3.0
-1.0
-1.0
4.33
0.67
0.33
-0.33
5.33
4.67
1.33
1.33
-0.67
2.33
1.0
2.67
1.67
4.67
1.33
1.0
3.0
-3.0
5.33
3.33
9.0
3.0
4.0
3.0
4.67
-4.33
2.0
1.0
3.0
0.67
3.67
-0.67
5.67
-4.0
1.33
0.67
1.0
-4.0
3.33
-0.67
-0.67
2.67
9.67
6.33
3.33
1.0
6.67
3.67
1.33
6.0
-0.67
9.67
1.0
-2.0
4.67
4.33
1.33
-5.33
-1.67
-0.33
3.0
3.0
-5.0
8.0
4.33
1.33
-1.0
6.67
3.33
4.67
-1.0
-4.0
11.0
-3.0
7.0
-2.33
10.0
9.0
2.67
7.33
0.0
0.33
-1.67
3.0
0.0
4.67
8.67
9.33
5.67
2.67
0.0
-1.33
3.0
6.0
5.67
-4.33
7.0
2.0
-1.0
-7.67
9.0
2.0
7.33
6.0
-1.33
0.67
0.67
8.0
3.67
1.0
-2.33
5.67
1.33
1.67
0.0
-1.67
7.0
10.0
-1.33
3.33
4.0
3.33
2.33
3.33
5.67
1.0
3.0
0.33
3.0
2.67
-2.33
6.0
-0.67
6.0
13.67
0.33
9.33
3.0
5.0
-0.33
9.0
1.33
4.67
4.67
2.67
3.0
9.0
4.67
4.33
3.0
-4.0
8.0
4.0
4.33
0.0
0.0
5.33
8.0
0.33
13.33
0.0
3.0
0.0
3.0
2.33
3.0
4.0
1.0
-0.67
-1.33
-1.33
12.67
5.33
0.33
5.0
4.67
-1.33
6.33
0.0
9.67
-3.67
3.0
1.33
7.0
7.67
6.0
-4.0
6.0
3.67
2.67
-2.67
4.67
8.33
5.0
4.33
5.33
2.33
0.33
-0.67
7.33
-0.33
0.0
4.67
0.67
12.33
6.33
3.33
1.33
-2.67
2.33
-2.0
2.67
4.67
3.67
4.67
10.33
0.33
3.67
2.67
1.0
14.67
1.0
8.67
4.67
0.33
-0.67
-1.33
0.0
4.67
-1.33
5.33
0.33
7.67
2.0
5.0
3.33
-3.33
-1.67
6.67
0.33
6.67
-4.0
1.0
3.33
4.67
1.0
7.33
2.0
0.0
5.67
2.67
2.0
3.67
0.33
1.33
-1.33
3.67
0.67
-0.67
-4.33
-3.0
2.0
0.67
2.33
-1.0
5.33
-2.67
3.67
5.33
1.33
2.67
-3.67
7.0
3.0
1.67
9.33
8.0
-1.0
-1.67
-3.67
4.33
3.67
3.0
6.0
3.67
-1.67
-1.33
0.0
4.67
7.67
0.0
5.33
4.33
2.67
9.0
3.33
-0.33
-2.67
4.0
1.0
7.67
4.0
0.0
5.33
-5.0
-1.0
2.0
6.0
-0.67
1.33
0.0
2.0
6.0
-0.67
2.67
1.33
3.33
3.67
5.67
-0.33
-2.0
3.0
6.33
4.33
0.33
0.33
-1.33
2.33
2.0
1.0
1.67
1.0
0.0
10.0
5.67
-4.0
4.33
-0.67
4.67
0.33
2.33
0.67
-2.0
-0.33
2.0
-1.33
5.33
-0.33
6.67
-0.33
2.0
-0.33
2.67
-2.33
5.0
-1.0
1.67
1.0
7.0
3.33
-1.33
6.33
0.33
4.33
1.67
0.33
4.33
2.0
-3.67
4.0
3.67
1.67
4.33
4.67
0.67
0.33
0.67
-1.33
2.0
3.67
-3.0
-1.67
2.33
7.0
1.67
-1.33
8.67
1.33
5.33
2.0
2.0
6.67
-3.33
4.67
0.33
-1.67
-0.67
5.0
3.0
-1.33
0.0
5.0
0.0
-0.67
1.67
3.33
2.67
0.0
2.33
0.0
7.33
5.0
-3.33
4.33
0.0
1.0
-4.33
1.0
3.33
2.0
4.67
-1.0
1.0
1.0
0.33
-1.0
5.33
3.33
-1.0
-3.33
-1.67
1.33
-3.0
3.0
-1.33
1.67
6.33
-0.33
8.67
0.33
-1.67
-1.0
1.0
6.33
-1.33
4.0
0.67
6.67
4.67
6.33
0.0
5.33
3.67
-2.33
-2.0
-4.0
-2.33
2.33
6.0
-0.33
-4.33
-1.33
3.67
3.0
2.67
-3.67
4.33
2.67
2.33
1.33
-0.33
-1.67
5.33
-4.33
6.33
-1.0
3.0
0.67
-6.33
-2.67
3.33
-0.67
-0.33
1.0
1.0
0.33
3.0
4.0
-2.67
1.67
5.0
-1.33
2.67
-1.33
3.0
1.33
6.33
1.67
0.67
1.33
3.67
3.67
3.33
1.67
-2.0
0.67
-0.33
-0.33
-1.0
4.67
0.67
0.67
-4.67
2.33
-1.33
0.33
1.67
-2.67
1.67
2.33
-1.33
1.0
0.67
7.33
2.33
1.33
2.67
5.33
-2.0
0.33
1.67
0.67
2.67
0.67
0.67
3.0
-1.67
2.67
7.0
6.67
6.0
-4.67
-1.67
-6.67
-3.0
-2.67
-2.0
3.0
-4.0
-4.67
0.0
-5.67
1.0
-4.0
-1.33
6.0
0.33
-5.67
-0.33
-0.33
3.67
1.0
0.33
-1.0
-3.67
-1.33
3.0
7.67
-1.33
2.33
7.0
-4.0
3.33
1.33
-3.67
-2.33
-3.0
-3.33
2.0
0.0
-0.33
0.67
-2.0
4.33
-0.67
6.0
3.33
4.33
-2.0
3.0
1.33
3.0
-2.0
-6.33
2.0
-3.0
-9.33
3.67
-1.67
-2.67
3.0
-5.33
-1.0
3.67
-1.67
-2.33
-6.67
0.67
-2.0
4.67
-4.0
-3.0
3.0
3.33
2.67
2.33
2.0
-0.33
-3.67
-2.0
3.0
1.0
-0.33
0.0
-2.0
-1.67
0.67
0.67
-1.33
7.33
-2.33
0.33
-1.0
-3.33
3.0
-5.33
-3.67
4.0
0.33
-7.67
-1.33
0.67
-6.33
4.33
-1.33
-5.33
-1.67
-1.67
2.67
-2.33
-4.67
1.0
4.33
-7.0
4.33
-1.0
-0.67
-4.67
0.67
-2.67
0.67
-1.0
0.0
6.67
1.33
4.67
-9.0
-3.0
-2.0
0.0
6.67
-1.0
2.67
1.33
-1.0
-6.67
-4.0
-4.33
-0.33
1.33
1.67
2.67
1.33
-2.67
-4.0
-2.67
9.33
0.67
-1.0
1.0
3.33
2.0
4.67
5.0
-2.67
6.0
-6.0
-3.33
1.0
5.33
0.33
7.0
-6.33
-0.67
-2.0
-0.33
-5.67
-4.33
-2.33
-4.67
-3.0
2.33
-1.0
5.67
-0.67
2.0
2.33
0.0
9.67
-3.0
1.0
0.67
1.33
1.0
6.67
-1.0
5.0
3.0
-1.67
-0.67
0.33
0.33
-0.33
2.67
4.0
0.0
-1.67
-3.0
-2.0
4.33
-6.67
-0.33
-0.67
9.67
8.0
0.67
0.33
-5.0
0.33
5.67
2.0
3.33
-7.0
-2.0
5.0
-5.0
10.33
3.33
2.33
0.67
1.33
1.67
8.0
0.67
1.67
0.0
0.0
3.0
10.33
0.33
-4.67
-0.67
-1.33
8.33
5.67
4.33
-5.0
4.33
1.67
5.67
5.33
0.0
0.67
4.0
3.0
5.67
1.67
0.33
2.67
-1.67
5.33
2.0
2.67
0.33
3.33
8.0
8.67
0.33
15.0
0.67
0.33
-0.33
10.33
15.33
14.0
10.67
22.33
10.33
15.33
19.67
16.0
29.0
7.0
19.33
22.33
18.33
9.33
11.67
8.0
13.0
4.33
12.33
5.33
6.33
12.0
2.33
1.0
13.67
3.33
-2.67
0.33
8.67
12.67
-1.67
5.33
2.67
-0.67
8.0
3.67
10.67
10.33
12.33
14.33
24.33
14.67
15.33
28.0
42.0
53.67
31.67
42.67
59.33
46.33
39.67
49.67
19.33
29.67
39.67
17.0
21.67
26.0
14.33
18.33
8.67
7.0
7.33
14.67
14.0
14.33
12.33
14.0
8.33
15.0
4.33
2.0
5.33
12.0
4.33
3.67
3.33
1.33
16.0
-0.33
7.33
5.33
0.67
11.0
8.67
7.33
11.33
1.67
4.33
12.33
15.0
7.67
10.0
10.33
0.67
5.67
13.0
13.0
7.67
4.33
2.67
1.0
-2.67
18.67
10.67
10.33
6.33
19.33
18.33
13.33
7.0
3.67
0.0
16.67
15.67
15.0
21.67
13.67
13.67
8.67
18.0
7.33
6.33
18.33
22.0
10.33
6.33
23.0
24.0
26.67
18.67
41.0
32.0
21.0
32.67
35.0
24.33
29.0
28.33
22.0
31.33
19.67
23.33
16.67
18.33
20.0
23.67
21.67
12.67
14.33
18.67
16.67
23.33
23.33
17.33
11.67
19.0
13.33
16.0
16.0
15.0
17.67
7.33
15.33
14.0
22.0
6.67
4.67
9.0
17.67
10.33
16.0
22.0
14.67
16.0
7.33
19.33
12.0
16.67
11.67
11.67
12.0
10.67
7.33
6.0
10.33
11.33
12.33
17.33
9.67
9.67
1.0
15.67
0.0
11.67
8.33
9.0
9.0
2.67
-1.33
1.67
5.0
14.67
17.0
21.0
6.33
16.0
1.33
3.0
12.0
7.33
16.0
4.0
10.33
10.0
21.33
9.33
7.0
6.0
12.67
17.0
4.0
5.0
3.0
13.67
0.0
2.33
1.67
10.67
13.33
-1.67
8.67
13.67
8.0
10.0
11.0
6.33
4.33
4.33
14.67
13.67
23.33
32.67
32.67
30.33
29.0
30.67
57.67
62.33
74.67
42.67
88.0
95.33
79.0
100.33
104.0
112.67
110.67
165.67
139.33
145.0
133.67
148.33
125.0
149.0
109.67
104.33
109.33
83.67
69.33
64.33
56.0
35.67
36.0
35.0
35.67
10.0
25.0
27.0
21.33
27.0
24.33
24.0
31.0
19.0
20.33
17.67
18.0
20.0
37.33
45.33
57.33
44.33
61.67
61.0
64.33
70.0
79.33
88.33
83.33
109.33
83.67
103.67
75.0
57.0
70.67
70.67
59.67
56.0
53.0
45.67
44.67
48.67
39.33
42.33
51.0
33.67
48.67
33.0
37.0
44.33
26.33
34.67
34.33
29.67
32.0
27.33
26.33
21.0
27.33
25.33
13.0
15.0
19.0
24.67
16.0
13.67
5.33
9.33
3.0
6.33
2.33
21.33
11.67
18.0
7.0
3.67
10.0
16.33
3.33
14.0
13.0
-2.33
13.0
4.0
7.33
15.67
10.33
5.33
3.67
18.0
12.0
21.33
3.67
3.0
8.0
18.33
8.33
14.67
19.33
20.33
7.0
11.33
23.33
2.67
8.0
15.67
18.67
25.0
24.67
13.0
18.67
19.33
20.0
23.67
26.67
35.33
27.0
20.33
29.67
40.67
31.33
20.0
30.67
17.0
27.33
40.0
29.33
25.67
30.67
30.33
28.0
25.67
13.33
29.67
28.67
19.33
19.67
19.33
22.33
14.67
12.0
13.0
18.0
13.0
8.67
20.33
18.0
18.33
-2.67
13.33
14.67
15.67
20.67
23.33
19.67
23.0
10.67
11.33
25.33
19.67
24.33
16.33
20.33
21.0
16.33
22.33
12.0
17.33
24.67
12.67
9.33
10.0
4.33
5.67
15.0
8.33
22.67
15.33
11.33
9.67
10.33
12.67
7.67
11.67
10.33
11.33
13.0
5.0
1.33
16.67
12.0
4.33
14.0
7.33
5.0
12.67
-0.33
9.0
6.33
7.67
-1.0
3.67
23.33
13.0
8.67
7.0
19.33
13.0
9.67
7.33
9.0
8.33
5.33
6.0
5.0
14.0
5.67
13.0
2.0
5.0
15.0
-6.0
15.33
9.67
8.67
-1.33
0.33
-1.67
17.0
0.67
11.33
5.67
-4.0
13.0
13.67
12.67
11.0
0.0
9.67
1.33
17.67
2.67
11.67
2.67
8.67
12.67
14.33
12.0
5.67
7.0
1.67
2.33
13.67
20.67
4.33
2.0
4.33
2.33
11.33
1.0
6.0
10.67
5.67
-2.33
2.0
9.0
-4.67
1.0
13.0
-3.0
18.0
5.33
6.33
5.0
-1.0
9.67
-4.67
4.0
13.0
12.0
-6.33
-1.0
4.67
7.67
-5.33
4.33
3.67
2.0
3.33
1.0
4.33
-2.0
-2.67
10.33
2.33
11.67
-1.0
15.0
5.33
10.0
12.0
11.33
13.33
12.0
1.67
9.67
7.67
3.33
0.0
19.0
2.67
5.0
7.0
9.0
14.67
-2.33
-7.33
9.67
1.67
13.33
12.67
11.0
4.33
12.33
6.33
3.0
12.0
9.33
4.0
9.0
5.0
-2.0
9.0
-1.0
6.33
9.33
9.67
12.0
22.33
7.0
5.33
-1.0
10.33
9.33
-1.0
9.0
9.33
11.33
-2.33
18.33
10.67
8.33
2.0
14.33
11.0
12.0
7.33
1.33
21.0
23.0
13.33
5.0
2.0
14.0
18.67
16.0
23.0
6.67
11.0
18.33
20.33
21.0
19.33
24.67
21.0
15.33
23.67
11.67
17.0
11.67
16.0
4.67
12.67
8.0
12.0
18.33
18.67
12.33
28.0
3.67
4.33
5.67
14.67
3.67
24.33
30.0
8.67
6.67
18.0
9.67
10.33
-3.33
5.33
8.67
3.0
1.0
14.33
17.67
7.0
5.67
11.0
0.0
3.0
6.0
-1.0
3.33
21.67
18.0
11.0
8.0
13.67
13.33
15.33
7.0
16.0
5.33
17.67
8.0
-1.0
2.33
13.0
15.0
4.33
10.67
-7.0
12.0
6.0
7.0
-2.33
8.0
8.33
1.0
9.33
-5.33
-0.33
3.33
2.67
-3.67
3.0
1.0
4.33
3.67
14.33
9.0
4.67
-3.67
4.33
3.67
7.0
8.67
5.67
4.67
9.33
0.67
-8.33
3.67
0.0
1.33
8.33
10.33
-4.67
-2.33
11.33
14.0
8.33
8.67
-4.0
0.33
-0.33
-1.0
4.67
6.67
-2.33
10.67
5.0
3.67
0.33
3.0
-4.0
1.33
8.33
3.33
-1.0
0.0
6.33
-8.33
10.0
0.67
9.0
-1.67
5.33
10.0
6.0
7.67
6.33
-2.33
8.67
3.33
1.0
5.0
2.0
5.0
1.33
13.33
-3.67
3.33
9.33
10.0
12.33
-1.0
-2.0
4.67
12.0
9.33
5.67
4.0
-5.33
6.0
3.67
1.67
12.67
9.33
-9.0
8.0
6.33
7.33
9.67
17.0
1.0
13.0
8.0
10.33
0.0
11.33
14.33
-3.67
12.0
-5.0
1.33
2.0
2.67
7.67
7.0
4.67
8.0
6.0
7.0
0.0
1.67
-5.0
1.67
8.67
2.67
4.67
-1.33
11.0
-4.33
2.67
13.0
6.0
0.33
0.0
2.33
-7.33
-3.33
3.67
1.33
4.67
7.67
10.33
-3.0
11.33
11.33
6.0
10.0
-3.33
9.33
-0.33
4.67
2.67
7.33
6.33
3.0
0.67
-1.0
4.33
3.33
2.0
2.0
8.33
14.67
2.33
11.0
8.33
9.33
9.67
1.0
7.0
5.67
4.33
3.67
3.0
8.67
8.0
-2.33
8.0
-5.33
7.33
5.0
0.33
-0.67
-7.33
3.33
-3.67
3.67
-2.67
9.0
3.0
11.67
-1.67
-1.67
3.0
1.0
2.0
6.33
2.67
9.67
4.33
0.67
2.0
8.33
-0.33
11.0
1.0
16.67
-3.0
5.67
6.0
5.33
11.67
0.67
12.33
-5.67
16.33
1.67
9.33
1.67
4.67
8.67
1.33
-0.33
5.67
-1.0
4.33
3.67
1.67
1.33
-0.33
1.33
1.67
5.0
-1.0
13.0
-2.67
5.67
8.33
-0.33
1.67
4.33
6.33
-3.0
1.0
6.67
0.0
-0.67
4.33
2.33
11.0
4.67
-5.67
-1.67
3.33
1.67
6.67
4.0
5.33
3.0
2.33
7.0
12.33
5.67
10.0
9.67
-2.67
8.67
3.67
6.0
1.67
3.33
1.0
2.33
1.33
11.67
8.33
3.0
5.33
3.33
13.33
5.0
3.33
5.67
4.0
0.33
7.67
2.67
1.33
-3.67
7.67
1.33
8.0
3.67
9.0
2.0
0.33
-1.33
-3.33
0.33
4.33
-2.67
3.0
3.33
2.67
-6.0
6.67
2.0
3.33
1.0
1.67
10.67
4.67
1.67
-2.33
-0.67
-0.67
-2.0
0.0
4.67
10.33
7.0
2.67
8.33
2.0
8.33
2.0
1.0
6.0
-1.0
2.33
7.33
-3.33
-0.33
5.67
2.67
5.33
-3.33
6.0
5.0
-1.33
3.67
5.67
1.0
9.67
2.33
-2.67
3.67
0.0
3.33
-4.67
5.33
0.67
3.67
1.67
2.67
0.67
-0.33
-0.33
-2.67
0.33
1.0
0.33
0.67
-4.0
8.0
-3.67
2.67
6.33
2.0
3.67
0.0
11.0
5.67
1.0
-4.33
2.33
3.67
7.0
-1.0
1.33
-0.67
0.33
8.33
2.33
4.67
1.33
2.33
3.33
-1.0
4.33
4.67
0.67
-3.0
2.67
2.33
6.67
1.33
-1.33
1.67
3.33
3.0
-4.67
5.67
1.33
0.67
6.67
1.67
