0.0
-77.33
-43.33
-32.33
-10.33
-102.33
2.33
-44.0
-120.0
-1.67
62.67
-4.33
-47.33
-7.33
20.0
-36.67
-26.0
-18.67
-18.67
18.33
-20.67
-10.0
13.33
-5.67
1.67
-14.67
-3.33
15.33
-4.0
7.67
-9.0
-7.33
0.67
-0.33
-2.67
0.0
0.0
0.33
-2.0
0.33
0.67
-0.33
0.33
-1.33
0.0
1.67
-0.33
1.0
-0.33
-1.33
0.0
-0.33
0.0
1.0
-0.33
0.0
-1.0
-0.33
0.0
-0.33
-0.33
0.67
1.0
1.0
-0.33
1.0
0.67
0.0
0.0
1.67
-0.33
-0.67
2.0
-0.67
1.0
-0.67
0.0
0.33
-0.33
-0.67
-1.0
0.33
0.67
0.67
1.0
-0.33
-0.67
-1.0
-0.33
-0.67
1.67
-0.33
0.33
-0.67
-0.33
1.33
-0.67
-1.0
0.67
-1.67
0.33
-0.67
0.67
-0.33
-0.33
2.33
-0.67
-0.67
3.0
1.67
0.0
-1.33
-0.33
3.67
3.67
1.0
3.67
1.0
0.67
-2.0
1.0
-0.67
2.0
-1.33
0.33
2.0
2.0
1.0
0.0
5.33
-1.33
-2.67
-1.33
-1.67
5.67
3.33
-4.67
11.33
1.33
7.0
-5.33
1.67
-4.33
2.33
2.0
5.0
4.0
-1.67
1.33
4.0
0.0
6.0
-1.0
8.67
-0.33
-4.0
-1.0
4.0
-0.33
2.67
1.33
6.67
5.0
12.33
2.67
2.0
5.0
3.33
7.33
1.33
2.67
3.67
3.33
-4.67
2.0
-0.33
4.67
6.33
-6.0
1.33
4.67
1.0
-2.0
0.67
4.33
4.33
1.67
0.33
-1.33
5.0
10.0
4.0
13.0
4.33
0.33
-1.0
1.67
4.33
5.67
-6.0
-2.0
9.0
0.0
1.0
6.67
1.0
10.0
2.67
5.33
0.0
-1.67
-0.67
8.0
12.0
10.67
5.67
11.33
-0.33
9.67
1.0
-2.33
13.0
6.0
0.67
-1.33
8.0
9.0
8.0
-3.67
3.0
5.0
4.33
8.0
9.67
1.67
7.67
1.0
0.67
3.0
6.67
4.67
9.33
1.67
1.0
3.33
0.0
3.0
2.67
1.33
7.0
6.33
7.33
1.33
3.67
3.0
5.0
1.33
16.0
6.67
-4.33
-4.0
0.33
-1.0
3.67
-2.67
5.33
9.0
10.0
2.67
1.0
3.33
2.67
4.67
1.67
4.0
3.0
2.67
3.33
10.0
2.0
5.0
2.0
1.33
-1.0
8.0
9.33
7.0
-0.67
4.33
-7.0
6.0
8.0
3.0
-0.67
4.0
5.0
3.0
6.33
4.67
0.67
10.67
6.33
-1.67
4.0
4.67
4.67
2.33
-4.0
7.67
-2.67
0.0
3.33
1.0
8.67
3.0
5.0
-1.0
6.67
0.67
1.33
4.67
0.33
3.0
4.33
0.33
-0.67
1.33
6.33
8.33
1.67
1.0
0.67
0.67
2.33
5.33
2.33
4.33
-3.67
5.33
0.0
0.67
6.67
-2.33
1.67
9.33
10.33
5.67
3.67
8.0
4.67
8.0
-0.33
4.67
6.33
6.33
1.67
1.0
3.67
-0.33
7.33
7.33
3.67
6.0
4.0
0.33
-4.33
-0.67
-0.33
3.33
4.67
3.0
0.0
-1.67
1.67
1.0
-0.67
1.0
6.0
5.67
0.67
3.0
3.67
9.33
2.33
2.67
-0.33
0.67
7.33
-3.33
5.0
3.0
2.67
3.33
2.0
-0.67
-7.67
0.67
10.33
4.33
4.67
-4.67
1.0
-3.0
4.67
3.33
3.0
1.0
3.33
-3.67
0.33
6.67
9.0
-2.0
5.67
3.33
1.67
-2.0
1.67
-0.33
8.0
-1.67
0.33
0.67
-1.0
4.33
5.67
0.33
-2.0
5.0
1.67
-4.0
1.0
0.33
7.0
3.0
1.0
2.0
-2.67
3.33
0.0
1.0
2.0
-0.67
6.67
2.33
-2.67
2.67
9.67
4.67
5.0
-1.0
4.33
0.33
0.33
4.33
3.67
4.33
5.0
1.0
-0.33
2.0
-1.0
1.0
2.67
-2.0
5.33
2.33
0.67
9.33
1.33
0.67
-2.0
-0.33
7.0
-2.33
3.33
-4.33
2.67
2.67
5.0
4.67
-0.33
-0.33
6.0
5.0
-1.33
1.0
9.0
0.33
-2.33
1.33
-0.67
0.33
2.67
-5.67
1.33
0.0
-6.67
3.0
0.67
0.67
-0.67
-1.33
2.67
-1.67
2.67
5.67
4.0
0.67
4.0
-2.67
6.33
-2.0
-2.33
-2.33
2.67
2.33
3.33
2.0
-2.0
-0.33
-1.33
-3.33
1.33
-0.67
-0.67
3.0
0.0
-1.33
2.0
0.0
-2.0
5.33
3.67
4.33
0.67
-2.0
2.33
3.0
4.33
2.0
-0.33
3.33
-2.0
-1.0
-2.33
0.0
-1.67
-2.0
6.67
-2.0
1.0
3.0
6.33
-1.0
2.33
1.33
0.0
-0.33
-2.67
2.33
2.0
5.0
-1.33
0.67
3.33
-1.33
-2.33
-1.67
0.33
3.0
4.0
3.33
5.67
0.0
3.67
1.67
2.67
2.33
4.0
3.33
3.67
1.67
-2.0
-2.0
-2.33
-1.67
2.0
-1.33
2.67
2.67
8.67
0.0
-0.33
2.33
5.33
-1.33
-1.67
-2.67
0.67
4.33
2.33
-3.33
0.33
0.0
-1.0
3.67
-1.33
-1.67
2.33
3.33
0.67
8.0
-2.0
-4.67
-1.0
3.0
-0.67
2.67
-2.0
-1.33
-1.33
-1.33
-4.0
2.33
5.33
2.67
3.67
1.33
0.67
3.67
1.33
2.67
0.0
-0.33
2.67
-2.33
1.0
-3.33
-1.33
0.67
3.33
-0.67
-3.33
-3.67
6.67
0.33
-3.33
1.33
-4.33
1.0
0.67
1.33
0.33
4.33
6.67
2.33
1.0
4.33
-2.33
-3.33
-4.33
0.67
4.67
1.0
-0.67
0.67
-2.0
0.67
2.0
-2.67
-0.67
-6.67
-4.0
-0.67
1.0
-3.0
-1.0
2.33
-1.0
-0.67
0.0
0.0
-6.33
3.0
1.33
-2.67
1.67
-1.33
6.67
-1.0
1.33
1.0
-1.67
-2.33
1.0
1.67
-4.33
-0.67
-2.0
-6.0
0.33
-0.67
6.33
-5.33
-2.0
-5.33
0.0
4.0
0.67
-0.33
1.0
5.33
2.33
4.0
3.33
1.33
-7.0
-2.0
6.33
-2.0
-1.0
-4.33
8.0
-2.0
-8.33
0.67
5.33
0.33
3.0
-1.33
6.0
-7.33
-1.67
-3.33
-8.67
3.67
-1.0
-0.33
-3.0
-4.0
-5.0
-0.67
1.67
1.33
2.0
0.67
-6.67
3.0
-3.0
1.0
0.67
-1.0
-1.0
-5.67
1.67
-2.33
-6.33
2.33
-0.33
-2.67
-7.0
-1.33
1.0
-5.33
-0.67
-2.0
5.33
-8.67
0.67
1.67
-0.33
-3.67
0.67
-3.33
7.33
-2.67
-2.33
2.67
-2.67
2.0
-0.67
-3.0
-3.67
-4.0
0.33
-5.67
-5.33
-3.67
4.67
4.0
2.0
2.67
-0.67
0.67
-6.0
-2.0
-2.0
8.0
-0.33
5.0
-2.33
2.33
0.0
3.33
-4.0
-2.33
4.67
-8.67
1.67
-5.33
1.33
-7.67
-1.0
-1.67
6.33
3.67
7.0
-2.0
1.33
4.0
1.67
-4.0
-4.67
-2.0
-3.0
-0.33
0.0
2.33
-1.67
0.0
-10.33
-4.67
-3.0
3.67
-7.67
-1.33
5.67
-1.67
-2.0
1.33
-9.0
0.67
-2.67
-1.0
-2.67
8.0
-4.33
-3.0
5.0
1.67
1.33
1.0
-10.33
3.0
1.0
4.0
-3.67
-6.67
8.33
2.33
0.67
8.67
1.0
2.0
-1.67
-2.0
-6.0
-2.67
-5.67
3.67
-2.67
-0.33
0.0
0.67
8.33
2.0
-2.67
-6.33
-3.0
0.33
0.0
0.0
-1.0
2.0
2.33
0.33
8.33
6.67
6.33
-3.33
6.0
-4.33
-5.33
5.0
-4.0
1.0
-3.67
8.33
6.33
4.33
0.67
9.33
3.67
-1.67
-3.0
0.33
3.67
7.67
-2.67
5.0
13.67
2.0
7.0
6.67
0.67
10.33
-3.33
1.33
3.33
-1.0
1.67
7.33
10.33
10.0
8.67
8.33
21.0
16.67
18.33
19.67
25.33
25.33
23.0
25.67
39.33
31.33
59.33
42.67
52.0
53.0
71.0
64.33
85.33
63.33
63.33
58.67
70.0
51.0
40.33
38.33
29.33
21.33
33.0
16.33
16.0
22.67
7.33
8.33
-7.67
2.67
12.67
1.33
8.33
11.67
4.33
20.0
2.67
-2.33
14.33
6.33
3.33
8.33
9.67
11.33
20.0
9.0
22.67
35.67
24.67
26.33
16.33
16.67
29.67
17.33
22.67
12.67
21.0
28.67
31.0
40.33
30.33
28.67
27.0
13.33
21.67
14.0
14.33
9.33
7.0
15.33
9.0
5.33
5.0
4.33
6.0
13.33
13.67
9.33
18.33
4.0
-1.33
11.33
3.33
11.67
4.0
21.67
15.33
9.33
10.67
3.33
2.33
10.0
9.67
17.0
6.33
8.67
14.67
9.0
12.0
16.67
12.33
11.67
5.0
9.33
11.67
15.67
7.33
3.33
11.33
15.33
12.33
9.0
2.67
8.0
12.67
-0.33
20.0
8.67
25.67
23.67
15.67
17.0
22.33
25.33
35.33
28.0
35.33
33.33
22.0
44.0
26.67
44.67
36.0
37.0
30.0
22.67
35.0
15.33
21.0
22.33
17.0
13.33
22.67
1.33
12.67
16.33
5.0
1.67
16.67
3.67
10.33
12.67
9.67
8.33
20.33
13.33
14.67
21.0
0.33
26.0
22.0
4.0
11.67
10.33
12.33
0.0
20.0
17.67
9.67
16.0
16.67
18.33
9.0
16.0
13.67
12.0
21.33
3.33
15.0
4.67
10.67
15.67
13.0
11.67
12.33
16.0
10.33
23.33
0.33
3.33
7.67
5.67
-5.0
12.67
11.0
0.67
16.33
8.0
1.0
6.67
14.67
-1.33
7.0
17.67
12.0
14.0
7.33
14.0
4.33
17.0
11.0
27.33
24.0
25.0
25.33
13.0
17.33
10.33
27.0
8.0
20.67
18.0
19.0
28.0
0.0
10.67
2.0
13.33
5.67
12.67
11.33
0.33
11.67
12.67
23.0
18.0
12.0
6.33
2.33
13.33
21.67
2.67
24.33
39.67
11.67
24.33
33.0
29.67
38.67
33.33
27.67
41.67
35.0
50.33
72.0
53.33
69.0
68.67
77.67
74.67
78.33
78.0
68.67
96.33
97.0
84.0
88.67
80.33
69.33
88.67
83.33
68.33
84.0
76.67
67.0
51.0
61.67
50.0
39.0
33.0
38.33
22.0
31.33
11.0
30.0
26.0
7.33
20.67
37.0
33.0
27.33
28.33
37.33
53.33
71.67
73.0
62.33
71.0
76.33
81.33
98.33
94.33
79.67
87.67
74.0
88.0
85.67
65.67
56.67
59.0
49.0
38.67
52.67
37.67
42.33
37.33
37.0
38.67
43.67
55.0
31.0
50.33
30.33
36.67
33.33
32.67
27.0
33.33
37.33
23.0
38.33
36.33
37.0
38.0
27.0
31.67
21.0
25.67
35.33
19.33
18.0
15.33
2.33
12.33
16.67
15.0
4.0
14.67
8.0
7.33
9.33
10.0
14.0
4.67
8.0
8.0
10.33
7.67
5.33
-0.67
-0.33
8.0
25.0
18.33
8.67
18.0
10.0
10.33
12.33
11.67
15.33
9.33
4.0
19.33
27.33
2.67
9.0
7.67
14.67
17.0
25.67
7.0
18.67
22.33
21.0
31.67
20.67
26.33
40.0
28.33
30.67
30.67
17.33
47.0
42.67
29.0
39.33
53.0
40.33
35.67
44.67
21.33
22.0
29.67
32.33
31.67
17.67
23.33
19.67
22.33
33.33
10.67
26.0
15.0
12.0
27.0
11.67
16.33
34.0
8.33
9.33
16.33
14.67
22.67
18.67
10.33
11.67
13.0
20.67
24.33
12.33
27.67
17.33
29.33
10.33
4.0
10.33
13.33
20.0
9.33
16.67
6.67
25.33
13.0
13.33
10.67
15.0
9.33
3.67
18.33
1.33
14.67
12.33
11.67
23.67
6.67
12.33
-1.67
20.0
13.0
8.33
15.67
30.0
0.33
16.0
13.33
8.0
4.67
16.67
2.0
4.33
5.67
3.0
14.67
3.33
12.0
3.67
10.0
5.33
19.0
5.67
12.33
8.0
-3.67
9.33
4.0
3.0
14.0
12.67
-3.0
5.0
-4.0
-1.0
4.0
16.33
14.67
5.67
4.67
2.33
12.33
-6.0
7.67
10.33
14.67
4.0
1.0
1.67
3.67
-1.0
3.0
7.67
6.33
10.67
8.67
13.67
12.67
2.67
10.67
14.33
7.0
8.67
6.0
19.67
17.33
8.67
21.67
10.33
4.0
12.33
9.33
-6.67
16.0
10.0
0.67
0.67
6.67
14.0
9.0
-5.67
7.0
15.0
5.0
15.0
14.33
17.33
4.0
7.0
2.67
-8.67
-2.0
14.0
6.0
3.67
11.0
1.67
10.67
-10.33
10.33
2.67
3.0
-3.67
5.0
6.33
6.0
12.33
17.33
8.33
15.67
2.0
10.0
12.33
16.0
21.0
10.33
14.33
4.0
14.67
20.67
4.67
-0.67
23.0
13.0
11.67
-2.0
14.0
8.0
12.67
1.67
5.67
6.67
7.67
19.33
17.67
11.0
3.33
8.33
-2.67
0.0
4.0
9.33
1.0
7.0
8.0
13.0
12.0
19.0
8.33
19.33
-5.33
14.0
16.33
7.0
6.33
10.0
-0.67
13.33
12.0
9.0
14.33
10.33
7.67
22.33
1.67
-4.67
17.0
14.33
19.0
25.0
5.33
17.33
11.0
16.0
15.33
-5.0
8.0
16.0
8.67
1.0
9.0
6.67
13.0
3.33
12.33
13.0
2.33
20.67
20.0
5.33
22.67
12.67
10.0
26.67
4.0
4.67
-8.33
2.0
5.0
26.33
17.67
1.33
6.0
17.67
4.33
9.67
15.67
9.67
9.33
10.0
15.67
8.67
18.0
5.67
15.33
1.67
-1.67
14.67
21.0
7.0
0.33
-1.33
5.0
21.67
1.0
22.0
7.0
11.0
1.0
9.33
8.67
14.0
15.0
11.0
-0.33
17.33
12.33
14.0
5.0
6.33
13.67
-1.0
8.0
1.33
1.0
6.0
5.33
8.67
10.0
15.0
8.0
3.0
2.67
3.0
18.33
4.0
11.33
-7.33
3.67
9.33
-5.33
-2.67
11.0
6.0
8.33
4.67
-7.67
9.0
5.67
2.33
13.33
3.67
10.0
3.67
-2.33
1.67
3.33
6.67
-4.33
3.67
18.0
0.33
2.33
11.33
6.33
-7.33
-3.67
10.0
0.33
-5.33
12.0
-0.67
-1.33
9.0
-0.33
1.67
6.67
-2.33
8.0
-0.33
-4.67
6.0
17.0
0.33
6.33
13.33
-7.0
9.0
9.33
-2.33
0.0
-7.33
13.0
-1.67
1.33
12.0
9.0
8.67
1.33
-1.33
2.67
2.33
-1.0
0.0
12.0
3.0
5.33
9.33
11.33
6.33
-4.67
2.0
12.33
1.0
0.0
6.67
2.0
-5.67
2.67
-1.0
-7.33
0.0
-3.33
4.67
-0.33
7.33
-4.0
12.0
-0.67
2.33
1.67
14.0
7.0
2.0
3.0
-2.67
11.0
0.33
12.33
-8.67
-7.0
-8.0
-2.67
-4.0
5.67
5.67
1.0
0.67
-2.0
-2.0
-5.0
1.0
9.67
6.0
-0.33
3.67
3.67
2.67
4.67
18.0
0.67
0.67
8.0
-2.0
5.33
3.0
1.33
-0.33
-1.33
3.67
3.33
2.67
8.67
3.33
-5.0
-0.67
13.33
7.0
9.0
-0.33
-2.67
0.67
2.67
1.67
2.33
-0.67
2.0
-2.33
2.0
1.33
1.33
5.0
4.0
7.33
5.67
0.33
8.0
-0.67
-0.67
1.67
2.0
9.0
0.67
5.33
5.67
6.0
4.67
6.0
0.67
4.0
13.67
-1.67
5.0
-2.67
-0.67
2.67
18.33
0.33
6.67
1.33
5.0
2.0
1.67
-2.67
5.33
4.0
2.0
1.0
8.33
2.67
-2.33
-1.67
-2.33
-1.0
2.33
0.67
10.0
7.0
7.67
10.0
-1.33
6.0
5.33
5.67
6.67
6.33
6.33
8.33
8.67
-0.67
7.67
4.67
-10.33
2.33
5.67
4.67
8.0
8.33
8.67
-2.33
0.33
1.67
-4.67
0.67
2.0
5.0
11.0
3.33
13.67
3.33
1.67
0.67
-0.67
0.33
5.0
2.0
0.67
-2.0
5.33
-1.67
5.33
5.0
-1.33
4.33
5.33
4.33
5.67
4.67
1.0
1.33
1.0
3.33
6.0
9.33
2.67
0.0
9.67
6.33
7.67
2.67
-1.0
-0.33
0.33
4.0
-3.67
1.33
3.67
3.33
4.0
8.33
8.33
1.33
1.0
6.33
-0.33
-1.0
7.33
4.67
-0.33
1.33
3.33
4.67
1.33
1.0
0.67
1.0
9.0
-2.67
9.67
-1.33
-0.67
3.33
-1.67
2.0
3.33
-0.33
3.0
12.67
-3.0
1.33
-3.0
0.67
4.67
3.67
-3.33
2.67
4.33
5.33
4.0
6.0
2.67
6.33
7.0
1.67
-2.67
5.0
4.33
-2.0
3.0
3.0
-1.0
1.33
-1.67
-2.33
-2.33
-3.33
3.67
5.33
-1.33
4.0
5.0
3.67
4.67
10.67
-3.0
6.67
6.33
-3.67
1.67
6.0
0.33
-3.67
2.33
-0.33
-0.33
3.67
4.67
3.67
0.67
3.67
2.33
5.33
0.0
1.33
-2.33
6.0
7.0
1.33
0.67
5.33
4.0
2.67
-1.0
3.0
0.67
3.0
0.67
1.33
0.67
2.0
1.0
2.33
-1.67
1.33
0.33
0.33
-0.33
0.33
0.33
-0.67
-1.0
3.33
-0.33
3.67
2.0
2.67
-2.67
-3.33
-0.67
-3.33
1.67
-0.67
0.0
-2.67
10.67
2.33
-1.33
4.67
-2.33
