0.0
-33.33
-45.33
46.67
-96.33
-93.33
-17.67
45.0
-140.0
9.33
-11.33
37.67
-99.33
-13.33
-37.0
-20.67
-61.0
-39.67
-34.67
26.33
-45.67
-29.0
3.33
0.33
16.67
-7.67
-12.33
2.33
-5.0
10.67
-10.0
-5.33
8.67
-2.33
5.33
0.0
-2.0
1.33
0.0
-1.67
-0.33
-0.33
-0.67
-1.33
2.0
1.67
0.67
0.0
0.67
-1.33
2.0
-0.33
0.0
1.0
-0.33
0.0
-1.0
-0.33
0.0
0.67
0.67
0.67
1.0
1.0
-0.33
1.0
-0.33
0.0
1.0
-0.33
-0.33
0.33
0.0
-0.67
0.0
-0.67
1.0
-0.67
-0.33
0.33
-1.0
0.33
0.67
0.67
1.0
-0.33
1.33
-1.0
-0.33
0.33
-0.33
2.67
0.33
-0.67
-0.33
-0.67
0.33
0.0
0.67
-1.67
-0.67
-0.67
0.67
-0.33
-0.33
0.33
-0.67
0.33
0.0
1.67
-1.0
-0.33
-0.33
4.67
-0.33
1.0
2.67
0.0
5.67
1.0
2.0
-2.67
6.0
0.67
-0.67
-2.0
2.0
-1.0
1.0
1.33
-0.33
1.33
-2.33
1.33
1.67
3.33
-2.67
-0.67
2.33
1.0
0.67
-1.33
-1.33
3.33
4.0
6.0
-1.0
-0.67
8.33
-1.0
4.0
4.0
0.0
9.67
10.67
2.0
2.0
2.0
-5.33
8.67
0.33
9.67
1.0
2.33
2.67
3.0
2.0
-0.67
7.33
-4.67
1.67
-3.33
5.33
3.33
-1.0
3.67
-0.33
8.33
3.0
4.33
3.67
2.0
1.0
-0.33
0.33
-1.67
0.67
9.33
6.67
5.0
-3.0
4.0
6.0
8.33
5.33
3.0
7.67
7.33
1.67
-4.0
-2.0
9.0
0.0
1.0
0.67
1.0
7.0
2.67
3.33
1.0
2.33
5.33
-2.0
3.0
7.67
3.67
3.33
4.67
4.67
5.0
-1.33
3.0
7.0
6.67
-4.33
0.0
-1.0
5.0
-2.67
7.0
0.0
7.33
2.0
5.67
4.67
1.67
8.0
1.67
6.0
2.67
6.67
1.33
-6.33
-5.0
5.33
6.0
11.0
-0.33
8.33
5.0
7.33
-0.67
2.33
-0.33
7.0
1.0
-0.67
4.0
2.67
0.67
7.0
-2.67
4.0
8.67
3.33
4.33
7.0
14.0
5.67
1.0
4.33
-2.33
7.67
8.67
6.0
6.0
-4.33
5.33
5.0
0.0
5.0
11.0
5.33
9.0
3.0
0.33
-1.0
2.33
5.33
11.0
0.0
5.0
1.0
1.33
5.0
5.0
-1.0
-1.67
-1.33
-5.33
8.67
4.33
1.33
1.0
-2.33
4.67
5.33
-5.0
4.67
9.33
5.0
-0.67
1.0
7.67
5.0
-1.0
-1.0
-0.33
0.67
-2.67
8.67
8.33
5.0
8.33
3.33
0.33
1.33
13.33
-0.67
10.67
3.0
3.67
-1.33
1.33
3.33
3.33
7.33
3.33
4.33
-2.0
1.67
8.67
3.67
4.67
6.33
2.33
-2.33
7.67
5.0
5.67
0.0
1.67
3.67
-0.67
6.33
6.67
7.0
7.67
3.67
5.33
2.33
-2.33
7.0
-3.0
-5.67
2.67
2.33
6.67
3.33
3.67
-1.0
-3.0
-0.67
0.67
3.0
3.33
-4.0
-1.0
0.67
8.67
-1.0
1.67
8.33
6.33
-2.33
2.67
5.67
-2.67
0.67
-2.0
6.0
-5.33
-0.67
-2.0
6.33
-6.67
4.67
10.33
4.33
0.67
6.33
4.0
7.0
-3.33
5.33
2.0
1.0
5.33
-1.67
7.33
4.67
6.0
3.0
4.67
-1.67
-3.33
5.0
3.67
2.67
6.0
0.33
2.33
-0.33
5.0
3.33
3.67
-2.67
-1.0
8.0
1.67
5.0
-1.0
4.33
0.0
2.0
11.0
-3.0
-2.67
2.33
3.0
-1.0
5.0
-2.67
0.67
2.33
4.33
-1.33
0.67
3.67
-1.0
5.0
5.33
1.33
3.33
-0.67
7.67
1.33
6.0
-3.0
-3.33
-1.0
0.0
3.0
-0.33
-4.0
4.33
0.33
6.67
0.33
3.33
0.67
-2.0
-0.33
2.0
-0.33
-0.67
-1.33
-1.33
-2.33
6.0
1.67
-3.33
-1.33
1.0
4.0
3.67
0.0
2.0
3.33
5.67
5.33
5.33
2.33
-1.33
-0.67
6.33
4.0
-3.67
0.0
6.67
1.67
1.33
0.67
3.67
4.33
-4.33
4.67
1.0
6.67
2.0
1.33
-0.67
3.0
2.67
3.67
-0.33
-1.67
3.33
4.0
-5.0
-0.33
-1.33
-0.33
3.33
-1.67
-2.67
-1.0
2.0
-1.33
1.0
-3.0
-1.0
1.33
1.67
2.33
2.67
3.0
4.33
-1.0
3.33
0.0
0.67
-1.67
-3.0
2.0
-1.33
3.0
3.33
-1.0
0.67
0.0
3.0
3.0
3.33
2.0
4.33
1.33
1.0
-1.33
2.33
0.33
6.0
4.0
-5.33
2.67
-1.67
-1.33
-3.33
0.33
-0.67
2.0
0.0
3.33
5.67
5.0
4.67
1.67
2.67
0.33
1.0
-0.67
3.67
4.67
-1.0
3.0
-3.33
-1.67
-1.0
1.67
1.67
-0.33
4.67
-1.0
-0.33
-1.67
4.33
-1.33
1.33
0.33
2.67
2.33
4.33
-1.33
-0.67
1.0
1.0
-0.33
2.67
-1.67
-1.67
0.33
-2.33
0.0
2.0
-2.67
0.0
1.0
3.33
1.67
4.0
0.67
5.67
3.67
0.0
0.33
0.33
0.67
4.67
1.33
6.67
2.67
0.33
4.67
-6.0
1.67
-2.33
-2.33
-4.0
-2.33
3.67
-3.33
1.33
1.33
-4.33
1.33
0.67
1.33
-2.33
2.33
2.67
3.0
0.67
3.33
-0.67
2.33
0.67
0.33
-2.0
4.33
-1.33
0.67
3.67
-1.33
1.67
0.0
1.33
0.67
2.0
1.67
-5.0
0.33
-1.67
-6.67
-1.0
6.33
6.0
-4.0
2.0
3.33
-2.0
-4.67
-1.0
4.0
-6.33
0.0
-0.67
-0.67
-4.33
-0.33
2.67
-5.0
-1.67
-1.0
-1.67
-3.33
0.0
-0.33
1.67
-1.67
3.0
-4.0
-2.67
0.33
3.33
-1.33
-1.0
-0.33
2.0
4.0
0.67
1.67
-1.0
3.33
-4.67
1.0
2.33
0.33
-6.0
-1.0
2.33
-1.0
-2.0
0.67
5.0
-3.0
-3.33
-1.33
1.33
2.33
-2.0
-0.33
4.0
-2.33
-7.67
1.67
-7.67
-3.33
-3.0
1.67
-2.0
-6.0
-6.0
1.33
-0.33
0.33
-2.0
1.67
-1.67
4.0
-3.0
0.0
-4.33
-4.0
-5.0
-5.67
-0.33
-4.33
-2.33
2.33
-0.33
-5.67
-4.0
-2.33
3.0
2.67
-3.67
2.0
-3.67
-4.67
-3.33
4.67
-3.33
-1.67
-0.33
-3.33
1.33
-0.67
-2.33
-4.33
-6.67
0.0
-0.67
-3.0
-2.67
-1.0
-5.67
2.33
-1.33
1.33
-2.33
-3.0
-5.0
4.67
1.33
1.67
-5.0
-5.0
4.0
-2.0
3.67
0.0
0.67
1.33
0.0
-5.67
-4.0
3.67
-3.33
0.33
-1.33
0.67
-4.67
-2.67
1.0
-3.67
-3.67
-1.33
-1.0
1.0
0.33
0.0
-3.33
-4.0
-0.67
-3.0
1.0
-4.33
2.0
0.33
-5.67
-4.0
-3.33
1.33
-1.0
-0.33
-1.67
-1.33
-1.33
-1.67
-1.0
1.33
3.0
5.67
3.33
-7.0
-3.67
-5.0
0.67
-2.0
5.0
4.67
-6.67
-2.0
-1.33
0.0
-1.0
6.0
0.33
3.33
5.33
7.33
-1.33
6.67
0.0
0.0
-1.67
-9.0
2.0
6.33
-1.67
-3.33
-3.67
-1.33
1.0
-2.33
4.33
-4.0
0.33
-0.33
-10.0
9.33
8.0
0.0
-1.0
7.0
10.33
-1.67
4.33
-0.33
-8.67
3.67
6.0
-4.33
-0.33
8.0
5.0
2.0
-1.67
-0.67
2.33
-2.67
-0.33
2.33
0.67
12.33
-5.0
2.33
-1.33
5.67
4.33
0.0
4.67
-3.0
14.0
6.67
-0.33
2.33
0.67
4.33
7.33
2.0
-4.33
10.33
7.33
9.0
2.67
21.33
7.0
19.67
10.33
15.67
15.33
23.33
26.0
27.67
39.33
39.33
32.33
44.67
51.0
70.0
79.0
69.33
76.33
66.33
71.33
59.67
59.0
65.0
49.33
48.33
34.33
18.33
41.0
16.33
12.0
15.67
7.33
3.33
10.33
13.67
9.67
7.33
7.33
14.67
-0.67
9.0
5.67
-2.33
12.33
11.33
9.33
2.33
-1.33
11.33
6.0
7.0
11.67
3.67
15.67
22.33
17.33
19.67
6.67
25.33
15.67
13.67
22.0
21.67
27.0
22.33
21.33
25.67
21.0
19.33
16.67
12.0
28.33
9.33
15.0
20.33
10.0
9.33
11.0
12.33
11.0
11.33
11.67
3.33
11.33
5.0
5.67
6.33
7.33
5.67
10.0
9.67
20.33
4.33
9.67
17.33
11.33
13.0
9.67
18.0
18.33
8.67
11.67
8.0
10.0
18.67
16.33
7.67
6.0
1.33
9.67
16.67
10.33
-0.67
17.33
16.33
11.33
5.0
16.67
3.0
9.67
13.67
10.0
10.67
17.67
8.67
15.67
7.0
5.33
22.33
30.33
27.0
25.33
30.33
21.0
18.0
27.67
30.67
28.0
19.0
10.0
16.67
24.0
19.33
19.0
4.33
10.0
10.33
13.67
8.33
14.67
25.33
16.0
19.67
9.67
9.67
1.33
7.67
5.67
6.33
15.33
10.33
9.67
8.0
24.33
19.0
11.0
6.0
6.67
15.33
13.33
12.0
18.0
16.67
14.67
5.0
18.67
11.33
8.0
10.0
15.67
17.0
2.33
4.33
5.0
6.67
4.67
4.67
2.0
7.67
7.33
16.0
6.33
15.33
5.33
1.33
11.67
7.67
4.0
11.67
9.0
7.67
19.33
13.0
3.0
-1.33
12.67
4.67
11.0
5.67
13.0
13.0
4.33
17.0
28.33
19.0
11.0
0.33
14.0
19.0
9.33
16.0
8.33
6.33
6.0
6.0
15.67
11.0
8.0
19.0
7.0
13.67
20.0
11.33
14.67
17.67
11.33
6.33
9.67
3.67
13.0
0.0
11.0
15.33
5.33
10.33
18.67
2.67
28.33
20.67
22.67
31.33
26.0
38.67
53.67
37.33
44.67
44.67
41.0
58.33
60.0
54.33
52.0
76.67
72.67
66.67
79.33
83.0
85.67
81.33
74.0
89.0
110.67
71.33
89.33
101.67
85.33
74.33
69.0
87.67
66.0
59.0
60.67
44.0
46.0
24.0
23.33
24.0
20.33
26.0
22.0
14.0
16.33
35.67
25.0
27.0
38.33
23.33
35.33
50.33
44.67
50.0
54.33
70.0
84.33
86.33
80.33
75.33
81.67
80.67
90.0
78.0
100.67
96.67
79.67
88.0
79.0
75.67
69.67
79.67
75.33
64.33
65.0
70.67
71.67
59.0
55.0
72.33
54.33
43.67
36.33
30.67
38.0
46.33
22.33
18.0
24.33
34.33
16.0
15.0
19.0
24.67
16.0
14.67
27.33
21.33
9.0
13.33
16.33
20.33
1.67
8.0
2.0
13.67
5.0
6.33
14.33
8.0
10.0
7.67
2.0
6.0
9.33
11.67
8.33
6.33
8.67
10.0
19.0
15.33
8.67
16.0
16.0
7.33
1.33
12.67
14.33
12.33
3.0
9.33
16.33
20.67
15.0
13.67
17.67
25.0
26.67
12.0
30.67
20.33
19.0
22.67
22.67
24.33
26.0
26.33
37.67
27.67
33.33
30.0
25.67
27.0
31.33
32.0
27.33
29.67
27.67
15.33
23.0
28.67
21.33
31.67
13.67
23.33
21.67
18.33
15.33
29.67
11.0
11.0
17.0
16.0
11.67
15.33
28.0
21.33
-0.67
7.33
14.67
10.67
6.67
14.33
16.67
17.0
14.67
19.33
19.33
14.67
15.33
20.33
29.33
21.0
16.33
14.33
9.0
12.33
14.67
3.67
8.33
9.0
9.33
4.67
31.0
11.33
14.67
14.33
8.33
7.67
19.33
14.67
12.67
15.67
18.33
19.33
10.0
18.0
14.33
5.67
7.0
1.33
10.0
4.33
12.0
4.67
7.67
18.0
9.33
8.67
-1.0
7.67
15.33
10.0
1.67
-7.0
14.33
8.0
13.67
4.33
10.0
8.33
14.33
4.0
2.0
11.0
1.67
12.0
8.0
2.0
5.0
6.0
-8.67
4.67
-0.33
8.67
8.33
3.33
15.0
6.67
7.33
6.67
8.0
2.0
9.67
10.67
3.0
-4.0
6.67
6.33
15.67
4.67
2.67
18.67
-2.33
9.67
11.33
-1.0
10.67
4.0
16.67
0.33
9.67
13.67
12.33
9.0
7.33
13.33
8.33
1.0
2.0
8.67
-2.33
6.67
12.0
-4.0
1.33
0.0
7.0
2.0
11.0
9.33
8.33
4.0
10.0
8.67
-3.67
-9.0
2.0
29.0
3.67
2.0
-6.33
12.67
7.67
7.33
12.67
5.0
17.33
16.0
2.33
12.0
-0.67
5.33
5.33
17.67
19.0
13.0
22.33
14.0
6.0
5.33
15.33
27.0
22.67
7.67
22.67
10.33
6.0
12.0
14.67
17.0
0.0
2.0
9.67
9.67
7.67
5.67
5.67
6.33
-3.33
10.0
4.33
11.33
-1.67
15.0
16.0
-2.67
-1.0
16.0
15.0
21.0
3.0
12.0
20.33
5.33
9.67
24.0
13.33
13.0
6.33
7.0
6.33
12.33
13.0
14.0
3.33
10.33
14.67
8.33
6.67
16.33
10.0
15.33
17.0
18.0
3.33
17.33
20.0
11.0
14.33
14.0
6.0
23.0
9.67
-5.0
12.0
7.67
14.0
25.33
7.33
12.0
1.33
13.67
15.0
17.33
3.67
28.67
1.0
22.67
18.0
-7.33
5.67
10.0
14.0
13.33
14.67
24.33
21.0
5.67
3.33
12.67
19.67
14.67
2.33
15.0
18.67
9.67
1.0
18.67
16.33
3.67
8.33
2.67
9.0
15.0
2.33
-2.33
9.0
-1.33
2.0
-2.0
-3.0
3.0
4.0
-2.67
3.67
14.0
11.0
-1.0
-1.33
5.33
7.33
3.0
7.0
-0.67
5.67
8.0
1.0
13.33
2.0
14.0
9.33
-4.33
-1.0
10.0
7.0
9.0
5.67
7.0
5.33
4.0
1.33
7.67
6.67
1.33
-0.33
12.33
1.0
12.0
1.33
7.67
-4.67
-3.0
2.67
0.33
6.33
-0.33
11.0
3.67
-5.33
4.67
5.33
19.67
-6.33
4.67
14.0
8.33
7.33
6.33
4.33
0.67
0.33
2.0
12.33
4.67
-6.0
5.33
-2.33
9.0
5.67
6.67
2.67
3.67
19.0
7.67
-0.67
5.0
7.0
3.33
-1.67
11.33
3.0
5.0
10.33
7.67
8.0
-7.33
8.0
0.33
2.33
11.0
8.0
7.67
4.33
-1.33
-1.33
-3.67
-1.0
-4.0
-2.0
3.0
13.33
6.33
6.33
8.33
11.33
5.0
3.33
-7.0
-1.0
2.67
8.0
9.33
1.67
13.0
2.67
15.0
-5.33
4.67
9.67
7.33
4.0
1.0
2.33
9.33
6.67
10.0
0.0
3.0
6.0
10.33
12.0
0.33
2.33
2.33
8.0
10.0
0.33
1.0
-1.33
1.67
1.0
5.67
-3.0
1.0
2.0
2.0
1.67
-3.0
4.67
-0.33
-1.33
-7.33
12.67
7.0
-6.33
2.67
11.0
5.0
2.33
3.0
7.33
3.67
4.67
3.67
1.33
2.67
1.67
7.33
-7.0
9.33
12.33
4.0
10.0
4.67
5.33
11.67
6.67
-5.33
-3.67
6.33
12.0
8.67
-9.0
1.33
-0.67
11.0
7.0
-2.67
0.67
-5.67
5.0
-2.67
7.33
3.67
11.0
6.0
-4.33
9.33
19.67
-5.0
9.67
4.0
3.67
6.0
11.67
-7.67
2.0
0.33
3.33
1.67
11.33
5.33
5.67
-3.67
15.0
2.0
3.67
-4.67
-1.67
7.0
8.0
6.0
8.33
7.67
7.67
5.33
6.67
6.0
11.33
-2.33
4.0
6.0
1.67
5.0
1.67
7.0
5.33
3.67
8.67
1.33
2.33
9.33
-0.33
3.33
2.67
1.67
0.67
19.33
2.67
14.67
4.0
4.33
1.67
6.67
6.33
-2.33
2.33
7.67
4.0
1.0
-2.0
7.33
1.67
8.33
8.67
6.67
3.33
-6.67
4.0
3.0
4.67
6.0
7.33
0.33
3.33
7.0
9.67
3.33
-2.67
-1.67
5.67
-0.33
4.0
-1.67
5.0
2.33
2.0
1.33
9.67
2.0
2.67
-4.67
2.67
4.67
6.0
-0.33
5.33
-4.0
5.33
1.33
-3.33
8.33
12.0
8.33
2.33
2.33
12.0
1.33
8.67
4.0
2.33
0.67
3.67
4.33
-2.67
1.67
-1.67
5.0
1.67
-1.0
1.0
-4.67
-0.33
1.67
1.33
2.33
5.33
-4.0
1.33
2.67
5.0
2.67
2.0
13.33
6.0
8.67
7.67
-3.33
1.67
-0.33
7.33
0.33
12.0
6.0
5.67
7.33
3.0
5.67
4.33
3.0
8.33
4.0
2.0
4.0
5.0
5.33
-3.67
5.67
5.67
1.67
2.67
5.33
1.67
3.0
3.0
3.67
1.67
5.67
-3.0
2.67
1.33
1.33
-2.33
1.0
-3.67
-0.67
5.33
5.67
-1.33
6.67
2.67
0.67
-1.33
5.67
1.33
7.33
4.0
2.33
-4.33
6.0
9.0
6.33
4.67
2.33
3.0
5.67
3.0
1.0
1.67
4.0
-3.33
-3.67
1.67
5.0
2.0
0.33
0.33
0.33
-2.67
-1.67
10.67
-2.67
5.33
-0.67
-4.0
2.33
3.67
-0.33
-2.0
7.67
1.33
1.67
-2.67
-0.33
-1.33
5.33
3.0
-2.67
1.67
-4.67
-1.33
7.67
-2.33
