0.0
-16.33
-33.33
-22.33
8.67
33.67
33.33
10.0
-34.0
31.33
16.67
10.67
-27.33
39.67
-28.0
34.33
25.0
3.33
-5.67
-14.67
-15.67
-4.0
19.33
16.33
1.67
-7.67
0.67
-10.67
2.0
0.67
-5.0
0.67
-0.33
-2.33
-1.67
-3.0
0.0
-1.67
0.0
-0.67
-0.33
-1.33
-0.67
-1.33
0.0
0.67
-0.33
0.0
-0.33
-0.33
0.0
-0.33
0.0
0.0
-0.33
0.0
-1.0
0.67
1.0
-0.33
0.67
-0.33
1.0
1.0
0.67
0.0
-0.33
0.0
0.0
-0.33
0.67
-0.67
0.0
-0.67
0.0
2.33
1.0
-0.67
-0.33
-0.67
0.0
0.33
-0.33
-0.33
1.0
-0.33
0.33
-1.0
-0.33
0.33
-0.33
-0.33
-0.67
-0.67
0.67
0.33
0.33
1.0
0.67
2.33
-0.67
1.33
0.67
0.67
-0.33
2.33
1.33
1.33
0.0
2.67
0.0
-2.33
1.67
0.67
0.67
0.0
4.67
0.0
-0.33
-1.0
3.0
1.33
2.0
3.67
0.33
1.0
1.0
6.0
3.0
1.33
-0.33
-0.67
6.67
3.33
-1.33
4.33
-0.67
1.33
7.33
3.0
1.67
-2.33
0.67
1.33
6.0
8.0
-4.0
5.33
7.33
0.0
0.0
1.0
8.0
5.67
-0.33
4.0
5.0
0.0
1.67
2.67
0.33
2.67
-2.0
10.33
-3.33
-2.0
-1.0
3.33
4.33
4.33
2.67
10.67
11.33
0.33
-1.0
0.67
3.67
2.33
4.0
13.33
6.67
7.0
0.0
6.67
6.33
-0.67
1.67
5.33
-0.33
6.0
1.0
-2.0
2.0
-0.67
5.33
1.0
-1.33
5.33
-0.33
-1.0
-1.0
10.0
4.0
2.0
-6.33
2.0
9.0
7.67
2.33
-1.0
4.33
-1.67
6.0
13.0
15.67
5.67
7.33
-3.33
4.67
1.0
2.67
1.0
6.0
2.67
-1.33
0.0
8.0
4.0
0.33
8.0
3.0
3.33
9.0
7.67
-2.33
7.67
-2.0
1.67
6.0
0.67
3.67
6.33
2.67
1.0
6.33
-4.0
6.0
-3.33
4.33
-3.0
7.33
-2.67
7.33
7.67
0.0
-1.0
-0.67
1.0
5.67
-0.33
-2.0
2.33
5.0
5.67
-1.67
10.33
4.0
5.0
0.67
0.0
-2.67
2.67
6.67
3.67
1.0
2.0
1.67
8.33
2.0
5.0
7.0
-3.0
2.33
3.0
12.0
9.33
7.0
-1.67
4.33
-3.0
2.0
5.0
5.0
5.33
3.0
0.0
3.0
5.33
1.67
0.67
6.67
8.33
5.33
4.0
6.67
5.67
4.33
-2.0
4.67
-2.67
8.0
2.33
0.0
-3.33
1.0
6.0
6.0
0.67
3.67
-3.67
5.67
-3.67
3.0
-0.67
1.33
4.33
6.33
3.33
7.33
5.67
0.0
0.67
-0.33
2.33
3.33
1.33
-2.67
4.33
5.33
6.0
1.67
3.67
-0.33
0.67
6.33
5.33
-5.33
1.67
11.0
3.67
1.0
-0.33
1.67
0.33
2.33
7.67
7.0
-5.33
-1.33
0.33
-0.67
-0.33
8.0
6.0
2.33
0.67
-3.67
6.67
5.33
4.67
-1.0
-1.0
7.33
0.67
8.0
1.33
2.0
2.0
3.67
-5.33
0.0
8.67
5.33
1.33
7.67
3.67
7.67
-2.67
1.67
4.0
3.0
-0.33
2.33
-1.0
7.33
-0.67
1.67
0.33
4.33
2.67
3.33
5.0
2.0
3.67
-1.67
6.0
2.0
7.33
3.33
-1.67
6.67
5.0
-2.0
6.67
11.33
0.67
5.0
5.67
-0.33
0.0
5.33
-2.67
-1.33
1.0
7.33
-4.33
0.33
-1.0
0.0
-2.33
4.0
1.0
4.33
-2.0
-3.0
0.0
-3.0
4.33
-1.67
2.0
0.0
7.0
3.33
2.67
8.33
2.33
-0.33
6.67
-1.33
1.0
8.0
7.33
3.33
0.33
4.33
-0.33
3.33
6.0
3.0
-3.33
0.0
7.0
4.0
1.67
6.0
6.33
-1.67
2.67
-1.67
3.33
-1.33
0.0
4.67
-1.0
-4.33
4.33
0.67
-0.33
0.67
2.0
-2.33
0.67
-4.33
2.0
0.0
-0.33
2.0
4.0
5.33
2.67
6.33
-3.67
2.33
-1.33
-5.67
1.33
-1.0
-3.67
-4.0
1.67
-2.33
0.33
-0.33
-0.33
5.33
-0.33
5.67
4.0
-0.33
-1.0
1.33
1.33
0.0
3.67
0.67
-0.33
1.33
1.33
5.0
1.0
1.67
1.67
-0.33
3.33
-4.67
5.33
1.0
0.0
0.67
-1.0
2.0
1.0
3.33
7.67
7.33
5.67
4.0
0.33
10.0
3.33
-1.0
0.67
5.33
3.0
0.0
0.67
0.0
8.33
2.0
5.67
-1.0
2.0
1.0
2.33
-1.0
1.33
-1.67
-1.0
4.67
-0.67
-0.67
3.0
3.0
-5.33
1.67
-3.67
0.67
-1.33
-3.67
-1.67
8.0
3.0
10.33
4.67
-2.0
3.67
-1.33
0.67
4.33
3.0
1.33
3.67
4.67
1.0
3.0
-1.33
-0.67
3.0
2.67
-1.33
0.67
1.67
6.0
0.67
1.33
-0.67
1.67
-3.67
-0.67
0.67
1.33
3.33
-3.33
2.33
-1.0
3.0
1.67
-2.33
-2.67
1.33
4.33
1.67
3.0
-3.0
-1.67
5.0
1.0
-0.67
4.67
0.0
-3.33
1.67
1.67
2.0
1.33
0.33
-0.33
-1.33
5.33
-0.33
-0.33
2.33
4.67
-4.0
-1.33
-0.33
1.67
0.0
-5.33
-2.33
6.67
1.33
2.33
3.67
-4.67
0.67
0.33
2.67
1.33
-1.33
2.0
-3.33
4.33
-0.67
0.33
5.67
2.33
-3.0
1.33
-3.33
-1.33
-0.33
6.67
-1.33
2.0
-1.67
3.67
1.0
0.67
-5.0
0.33
-0.67
-3.67
-2.0
-2.67
2.0
0.0
-4.0
7.33
-1.0
1.33
0.0
-4.0
-0.33
3.0
-0.67
-2.67
-0.33
-1.33
1.67
2.0
-3.67
-4.0
-2.67
-1.33
-1.0
0.67
-0.33
2.33
-4.0
0.0
-2.67
2.33
-1.67
0.67
2.0
1.67
-1.0
-1.0
3.67
-0.33
0.0
-1.67
-2.67
-3.0
-1.67
0.33
-6.0
-5.0
3.33
1.0
-2.0
-6.33
1.0
-2.0
-5.33
1.67
1.33
-0.67
-4.0
-1.33
0.0
-1.33
-3.67
-5.33
-5.67
-0.33
-3.0
-0.33
-1.0
0.0
-5.0
0.33
-1.33
-1.67
-4.0
-5.33
-3.67
5.0
-2.0
-4.0
-3.33
-3.0
-1.0
-4.67
-1.33
-7.33
4.67
4.33
-1.33
-4.67
-8.0
-0.33
3.0
1.67
-2.67
-1.0
4.33
-2.67
-3.33
-0.33
-1.33
-4.67
-4.33
-2.33
3.33
2.33
4.67
-1.33
-2.67
-2.0
-0.67
1.0
0.33
-4.0
-4.67
5.33
-0.33
-0.67
5.67
2.0
-5.0
4.67
-4.67
-0.33
2.0
-2.0
1.0
2.0
-3.33
-1.0
4.67
1.33
4.0
-3.67
-5.0
-0.33
-2.33
1.33
0.67
-3.33
-4.67
-5.67
2.0
-1.67
3.33
5.67
0.0
-1.0
4.33
3.0
-4.33
-1.0
0.33
-2.0
-1.0
-3.33
2.0
3.33
-4.67
-5.0
-4.33
-3.67
-4.0
-0.33
-0.67
-3.33
1.67
-0.67
-3.0
3.33
-2.0
-1.33
2.33
0.0
-2.67
2.0
-3.33
5.0
0.0
-4.33
3.33
1.0
5.67
0.0
-1.0
0.0
0.33
5.33
-1.67
2.33
-0.33
-2.33
13.0
6.0
-4.67
-5.0
-4.0
-1.67
1.33
-7.33
2.33
-7.33
6.0
-5.33
6.33
6.0
2.33
-0.33
-4.0
-0.67
10.0
-2.0
-1.0
0.0
7.33
4.33
5.33
3.67
-7.67
0.67
10.0
-9.33
7.67
4.0
-5.0
3.0
-1.67
6.33
0.33
-7.67
-2.33
2.33
4.67
4.33
1.0
-5.67
8.67
4.67
3.33
1.0
-1.33
0.0
3.0
0.67
-0.33
13.33
-4.33
-2.67
3.33
4.0
2.67
3.33
-0.67
-1.0
1.67
11.33
12.0
12.67
11.33
12.67
17.33
17.33
22.0
14.67
29.33
9.33
19.33
27.67
22.0
23.0
34.0
21.33
52.33
20.33
40.33
54.67
44.0
40.0
25.33
28.33
18.33
16.33
20.0
12.33
10.0
5.67
2.33
8.33
4.33
7.67
9.67
1.33
9.33
3.67
-4.67
8.0
10.67
4.67
8.33
15.33
11.33
4.33
4.67
7.33
16.0
9.0
9.67
0.67
19.67
26.33
10.33
30.67
23.67
14.33
19.67
17.67
23.0
26.67
22.0
30.33
20.33
38.67
26.0
20.33
23.67
20.0
20.33
17.33
11.0
17.33
17.0
9.33
16.0
7.33
7.0
4.33
11.67
3.33
9.33
17.0
-4.33
9.33
0.33
14.67
11.0
6.67
9.33
19.33
13.67
9.33
0.33
8.0
11.67
10.0
4.33
13.67
16.67
18.0
15.0
7.67
13.33
9.67
16.0
11.33
8.67
8.67
3.33
19.33
15.33
23.33
17.33
4.0
8.67
15.0
12.67
12.67
21.0
19.67
21.67
15.67
29.67
17.0
32.33
30.33
37.33
30.0
24.33
37.33
31.0
32.0
36.67
24.67
37.0
39.0
22.0
34.67
21.0
28.33
30.0
23.33
16.0
13.33
18.67
22.33
15.67
20.33
11.0
17.67
10.67
15.67
32.33
25.67
16.67
9.33
20.33
17.33
3.67
11.0
9.33
23.0
19.0
21.0
16.67
2.33
8.33
21.0
13.0
6.67
8.67
16.0
17.67
9.33
7.0
11.0
-1.33
10.0
8.33
4.33
9.0
1.67
6.67
5.67
7.0
3.67
4.33
9.0
-0.67
13.33
1.33
12.33
3.67
-0.33
-2.0
13.67
8.0
9.67
9.33
6.0
3.0
3.67
3.67
10.67
11.0
13.67
14.0
13.0
7.33
14.0
13.33
13.0
12.0
16.33
16.0
12.0
15.33
26.0
17.33
9.33
13.0
21.0
16.67
6.0
10.0
15.0
5.0
7.67
13.0
1.33
7.67
2.67
25.33
2.33
11.67
19.67
9.0
7.0
16.0
3.33
10.33
11.33
5.67
-1.33
13.33
20.67
14.67
19.33
27.0
21.67
19.67
18.33
18.67
19.67
33.0
34.33
39.0
22.33
21.0
41.67
59.67
60.67
68.33
80.0
94.67
78.33
100.0
106.0
113.67
119.33
114.33
133.67
146.33
115.33
106.0
104.67
97.0
94.0
85.67
67.0
67.0
58.0
45.33
27.0
34.33
20.0
32.0
26.0
22.33
17.67
18.0
22.0
22.33
23.33
24.33
22.33
26.67
37.0
37.33
45.0
39.33
43.33
51.33
54.33
57.67
55.67
46.0
49.0
56.67
52.67
40.67
54.0
48.0
46.67
33.67
31.67
41.33
41.33
50.0
40.67
49.67
37.0
42.0
44.33
29.33
38.67
43.33
31.67
27.0
36.33
37.33
26.0
37.33
19.33
18.0
13.0
25.0
24.67
14.0
18.67
21.33
17.33
12.0
9.33
25.33
12.33
12.67
7.0
11.0
14.67
12.0
6.33
6.33
8.0
7.0
8.67
18.0
6.0
8.33
6.67
5.33
5.33
17.67
21.0
8.0
19.33
18.67
4.0
11.0
9.33
3.33
13.67
10.33
7.33
6.0
21.33
8.33
4.67
10.0
11.67
7.67
18.0
10.67
5.0
13.67
27.33
19.0
15.67
25.67
12.33
18.0
25.33
26.67
27.67
33.33
18.0
29.67
30.0
27.33
28.0
13.33
12.67
26.67
18.33
30.0
30.67
34.33
23.67
8.67
22.33
15.67
30.33
16.33
37.67
26.0
10.0
20.0
29.0
7.67
18.33
18.0
10.33
4.33
-2.67
12.67
39.67
16.67
10.33
18.67
17.0
13.67
19.33
18.33
16.67
11.33
18.33
11.33
10.0
20.33
20.33
10.0
9.33
22.67
1.67
16.33
0.0
7.33
21.67
20.0
14.33
21.67
21.33
26.33
15.67
23.33
10.67
22.67
14.67
16.33
8.33
7.0
7.0
16.33
6.67
14.0
5.33
13.0
13.33
7.0
14.67
22.67
12.0
6.33
-0.33
-3.0
5.67
4.33
7.0
5.67
5.0
14.33
16.0
12.67
6.33
8.0
4.33
9.33
3.0
13.0
4.0
8.67
9.0
7.0
7.0
20.0
-3.0
8.33
-3.33
13.67
-2.33
10.33
7.33
8.0
8.67
-0.67
5.67
-4.0
0.0
-5.33
1.67
3.0
1.0
4.67
1.33
-2.33
10.67
7.67
12.67
5.67
4.67
14.33
17.0
19.67
11.0
14.67
9.33
2.67
20.67
-3.67
1.0
8.33
-0.67
5.33
11.0
4.0
7.67
8.67
5.67
16.0
19.0
1.33
10.0
2.0
4.0
18.0
-2.67
1.33
0.0
7.0
11.67
-5.67
8.0
5.0
12.0
-0.33
24.0
10.67
-0.33
-3.33
-3.67
-5.33
3.0
3.33
0.0
-5.67
10.0
3.33
19.33
11.33
20.67
1.0
-2.0
15.33
6.0
15.0
14.33
-2.67
15.0
14.67
2.67
21.67
9.33
5.0
3.0
0.67
7.0
12.0
24.0
17.67
15.67
9.67
8.67
1.67
6.33
3.67
13.0
-7.67
20.33
7.33
8.0
4.0
12.33
5.0
2.0
16.0
21.0
10.0
3.0
18.33
14.33
5.67
0.0
4.33
1.0
2.33
7.0
1.33
19.33
5.0
9.0
7.33
6.33
2.67
16.33
11.67
10.33
13.0
6.33
4.0
14.0
18.33
25.33
17.0
12.0
10.33
12.0
7.0
2.0
4.67
4.0
8.0
11.67
24.0
-4.67
19.33
9.0
2.33
10.67
10.0
12.33
11.67
18.67
-3.0
10.67
12.0
5.67
9.67
8.0
13.0
17.33
18.67
7.33
13.0
13.67
11.33
1.67
11.67
3.67
0.33
22.0
7.67
4.67
13.0
0.67
13.33
-3.33
19.33
-0.33
-3.0
-1.0
7.33
8.67
7.0
5.67
4.0
-3.0
0.0
7.0
0.0
13.33
7.67
17.0
9.0
-1.0
2.67
5.33
10.33
3.0
1.0
10.33
4.67
-4.0
0.0
4.33
9.0
24.0
0.33
2.67
0.0
6.0
12.0
13.0
-2.33
-2.0
3.33
4.0
-2.67
4.67
2.67
-3.67
1.67
1.33
10.0
7.0
0.33
-4.33
-1.67
9.0
-7.33
-5.67
6.33
-5.33
8.0
1.67
6.67
0.67
13.33
5.67
-5.33
3.67
21.0
11.33
-1.67
11.33
-2.67
-1.33
4.33
4.0
11.33
-7.33
-2.0
5.33
-5.33
-1.0
5.67
4.67
0.67
2.67
3.0
11.67
0.33
12.0
5.0
-6.67
7.33
3.33
-5.0
6.0
12.33
-7.33
4.0
-2.33
-4.0
-1.67
4.33
1.0
8.0
3.67
4.33
-2.33
-2.33
-2.67
4.0
-4.0
-6.0
12.0
-2.67
10.33
-5.67
4.33
-2.67
0.0
8.33
0.0
8.0
3.67
3.0
9.33
2.67
-2.0
2.67
7.0
-0.33
-1.33
11.67
-6.67
-1.0
10.0
-5.67
2.33
12.67
3.0
8.0
7.0
12.0
-4.67
-2.0
7.33
13.33
-5.67
-3.0
2.0
16.33
1.0
0.67
4.67
6.0
3.67
7.0
7.0
6.0
2.0
8.67
6.0
6.67
7.67
7.67
-1.33
4.67
11.0
-6.33
2.67
4.0
6.0
6.33
8.0
3.33
8.67
4.67
7.67
8.33
6.67
4.67
13.33
-2.0
1.33
11.33
6.0
9.0
7.67
1.33
9.67
5.67
-3.33
-5.67
11.33
8.0
1.67
-5.0
3.33
5.33
3.0
3.0
3.33
1.67
-1.67
-2.0
-1.67
3.33
10.67
0.0
-2.0
10.67
7.33
-1.33
7.0
-3.33
9.0
8.67
12.0
0.67
-7.67
-4.0
2.33
0.33
2.67
0.33
7.33
3.67
-0.67
8.0
-7.0
4.67
-3.67
-2.67
6.0
1.0
1.0
13.33
2.67
2.67
8.33
-8.33
9.0
7.33
3.67
3.0
3.0
0.67
8.0
2.67
3.0
3.33
4.67
10.67
2.33
-4.67
6.33
2.67
10.33
7.67
-2.33
-10.33
6.33
7.67
7.67
-2.0
8.33
5.67
2.67
1.33
1.67
-1.67
8.67
0.0
0.0
2.0
2.33
5.67
6.33
1.67
0.67
3.33
1.33
1.0
-4.0
1.67
4.0
9.33
1.33
6.33
4.0
0.67
4.33
4.33
6.33
4.67
-1.33
5.0
12.33
10.0
2.33
10.0
6.33
6.67
-1.0
4.67
-2.67
8.67
-3.33
8.0
-1.33
1.33
-3.0
-0.67
12.33
-1.33
-0.67
7.0
3.33
1.33
6.33
3.0
1.33
3.67
0.0
0.33
-1.33
-0.33
-0.67
0.33
-0.33
0.33
1.0
4.67
5.0
3.0
7.33
5.67
-0.33
6.33
9.33
3.33
8.0
6.33
4.67
1.0
6.67
9.0
1.33
6.0
-0.33
6.67
3.67
8.67
6.67
2.33
3.33
2.0
2.0
10.67
1.33
0.0
5.67
-0.67
-1.0
7.33
3.0
-1.0
4.0
7.0
3.33
0.33
1.67
9.67
6.67
0.67
4.33
3.67
4.0
-1.0
-1.33
5.67
5.67
-2.0
9.67
1.33
2.33
-0.33
5.0
3.33
-2.67
6.33
0.67
-0.33
-2.33
3.67
-2.33
-0.33
1.67
3.33
7.33
1.0
6.33
1.67
-3.0
5.0
2.33
3.67
1.33
6.0
-0.33
3.0
7.0
1.67
2.0
-3.33
3.33
0.67
1.0
8.0
-0.67
3.33
4.33
-0.67
4.33
2.67
2.33
-0.67
2.33
3.0
3.33
2.67
-0.33
1.0
3.67
0.33
4.67
1.33
-0.33
6.67
1.33
1.0
-4.67
1.67
5.33
-2.33
1.67
-2.33
