0.0
-68.33
-42.33
-64.33
-50.33
-79.33
-26.67
-3.0
23.0
-57.67
7.67
-12.33
-22.33
-46.33
-48.0
-54.67
-19.0
-69.67
-35.67
-14.67
7.33
-32.0
-13.67
-11.67
15.67
-14.67
-9.33
-17.67
-3.0
6.67
-3.0
-2.33
-0.33
4.67
3.33
1.0
-1.0
-1.67
1.0
-1.67
-0.33
-0.33
0.33
-1.33
0.0
-0.33
0.67
0.0
-0.33
-1.33
0.0
-0.33
1.0
0.0
0.67
0.0
0.0
0.67
0.0
-0.33
-0.33
-0.33
1.0
1.0
0.67
1.0
-0.33
1.0
1.0
-0.33
-0.33
0.33
0.0
-0.67
0.0
0.33
0.0
-0.67
1.67
-0.67
0.0
-0.67
0.67
-0.33
1.0
-0.33
-0.67
-1.0
-0.33
-0.67
-0.33
0.67
-0.67
1.33
1.67
0.33
0.33
-1.0
0.67
2.33
-0.67
-0.67
0.67
0.67
0.67
0.33
-1.67
-1.67
2.0
0.67
0.0
-2.33
0.67
0.67
1.67
-1.0
-1.33
1.0
-3.33
0.0
2.0
-0.67
5.0
3.67
-0.67
6.0
-2.0
-2.0
0.0
2.33
1.67
4.33
2.67
8.33
-1.33
1.33
6.33
-0.67
1.33
-2.0
-0.33
4.67
-4.33
3.33
3.0
2.0
2.0
2.33
5.33
-3.0
11.0
2.0
4.0
11.67
4.67
1.0
5.0
4.0
-1.33
2.67
-0.67
1.67
-5.0
4.33
0.67
-1.0
-6.0
2.33
-0.67
1.33
13.67
0.67
6.33
5.33
-1.0
7.67
-4.33
8.33
0.0
11.33
-1.33
5.0
-1.0
-2.33
7.33
-0.67
-0.33
4.33
4.67
7.0
-2.0
3.0
1.0
0.33
3.33
-4.0
0.67
-2.67
-4.33
-3.0
4.0
7.0
0.0
9.0
-3.33
6.0
7.0
4.67
2.33
7.0
0.33
-1.67
5.0
-4.0
1.67
2.67
5.33
-4.33
9.67
0.0
5.67
0.0
0.0
-0.33
-4.33
7.0
7.0
11.0
1.33
11.0
-3.0
-0.67
10.0
1.67
1.67
4.67
4.0
0.67
4.0
5.67
3.67
12.33
4.67
6.0
1.33
5.0
8.0
3.67
0.33
5.0
4.33
6.33
5.33
2.67
7.0
-3.0
-5.67
8.0
-0.33
0.67
0.0
-0.67
0.0
3.67
-0.67
4.33
5.0
6.0
2.67
10.0
-1.67
-1.33
10.67
8.67
4.0
1.0
-2.33
4.33
5.0
-6.0
-1.0
6.0
5.33
6.0
4.0
12.33
10.0
6.33
6.33
4.0
4.0
3.0
-1.0
5.33
-1.0
4.0
0.0
1.33
-0.33
3.67
1.67
2.33
7.33
0.0
-0.33
3.67
0.33
-2.0
0.67
-0.67
2.0
4.33
1.0
3.67
9.0
0.0
3.0
5.67
4.67
-3.67
2.67
1.33
8.0
5.33
6.33
6.33
-1.67
1.33
3.33
0.67
2.0
4.67
1.67
4.33
-0.67
3.33
3.33
8.33
4.33
6.0
-4.33
5.67
2.67
-3.33
9.33
4.33
-1.33
3.67
-2.0
2.67
4.0
-2.33
2.67
-1.67
2.33
7.67
9.0
4.67
-0.33
4.33
0.33
-1.33
2.0
6.0
-4.67
-1.33
4.33
9.67
2.33
-1.33
4.0
5.0
0.33
-2.33
1.0
6.33
-1.0
5.0
13.67
4.67
-5.0
2.67
-0.67
0.33
-1.33
-2.33
0.67
-1.67
-0.33
7.0
6.0
-2.33
1.33
4.0
0.33
-6.67
5.67
6.33
5.33
-0.33
0.33
5.0
0.0
-0.33
6.33
-1.0
2.0
4.33
2.33
3.33
3.67
4.0
-2.0
7.67
4.33
3.67
1.0
2.67
8.67
0.0
5.33
0.33
2.67
5.0
0.33
-2.33
0.33
-2.0
5.0
1.67
2.0
-1.0
2.33
-7.0
1.0
6.0
1.0
-2.67
1.33
3.0
-1.0
4.0
-1.67
0.67
1.33
3.33
0.67
4.67
3.67
6.0
3.0
1.33
2.33
0.33
-4.67
2.67
0.33
3.0
2.0
-1.33
1.0
-2.0
6.0
-1.33
-2.0
5.33
2.33
5.67
-6.67
6.33
0.67
5.0
6.67
4.0
-4.33
3.33
3.67
4.67
-2.33
0.0
-3.33
2.67
5.67
6.0
-1.0
-1.33
4.0
2.0
2.33
1.67
3.33
1.33
-1.67
2.67
-0.67
2.33
1.0
-3.67
3.0
2.67
2.67
3.33
0.67
-1.33
-2.67
-1.33
-0.33
4.0
4.67
0.0
-1.67
-2.67
3.0
-2.33
-1.33
0.67
4.33
0.33
3.0
-1.0
1.67
1.67
-1.33
8.33
-2.67
0.33
3.0
2.0
0.67
4.0
1.0
-1.0
5.33
2.67
0.33
3.67
2.0
2.33
1.0
2.33
3.0
3.67
7.33
2.0
5.0
-0.33
2.0
4.33
-4.0
2.67
-2.0
1.0
0.0
4.33
0.0
1.33
3.33
-1.0
1.67
1.33
-0.67
0.0
3.0
5.67
-1.33
2.33
6.67
-2.33
-1.67
-1.67
5.0
1.0
6.33
2.67
1.0
6.67
0.67
2.67
0.33
2.0
4.33
2.67
-0.33
4.0
3.0
-1.33
0.33
-1.0
-0.33
-0.33
0.67
4.67
-2.0
0.67
3.33
1.33
-1.33
3.33
-0.67
-0.33
-0.67
3.33
-0.33
3.33
-1.0
0.0
3.67
-5.33
0.33
0.33
2.33
4.67
0.0
-2.0
-0.67
2.0
2.0
-1.67
2.67
-1.0
-0.33
3.67
-3.33
-2.0
-0.67
-0.67
-2.33
6.67
-2.67
2.67
4.67
-1.67
1.67
-5.0
0.67
-1.33
-1.33
-3.0
-0.33
-1.33
-2.33
-4.67
3.33
-1.33
-1.67
1.67
-3.67
-3.33
2.33
0.67
-1.0
1.67
2.33
1.33
1.33
3.67
0.33
1.0
0.33
-0.33
-2.33
-5.33
2.67
1.67
0.0
-2.67
-2.33
-1.0
-0.33
-3.0
0.33
-2.67
-8.67
-5.0
-4.67
1.0
1.0
-4.0
2.33
-4.0
1.33
-5.0
-3.0
-5.33
1.0
-2.67
-1.67
-3.33
1.67
5.67
1.0
-3.67
-2.0
0.33
1.67
1.0
1.67
5.67
-2.67
-1.0
0.0
1.33
-2.67
-2.67
-4.33
-2.0
-5.33
1.0
2.0
7.67
-1.33
-4.0
3.33
0.33
1.0
4.33
-2.67
-3.0
-2.0
3.33
-3.0
-4.0
0.67
0.0
-2.0
-6.33
0.67
-2.67
0.33
-3.0
-4.33
0.0
-1.33
-5.67
-4.33
-4.67
-3.33
-4.0
4.67
-2.0
-1.0
1.0
-0.67
1.67
-1.67
-4.0
-0.33
-2.67
-2.0
1.0
-2.0
-2.33
-5.0
-1.0
-1.67
7.67
-2.33
2.67
6.33
-1.33
-4.67
-3.0
-4.33
1.0
1.67
-0.67
2.0
-1.67
-3.67
1.67
2.67
1.67
-0.67
1.67
-1.33
-1.67
-0.67
-0.33
-7.33
-2.67
-1.0
4.33
0.0
-1.67
-5.0
0.33
0.33
3.67
-0.67
-0.33
-4.0
-1.0
3.67
-3.67
2.67
-2.0
0.0
2.0
-4.0
-0.33
3.0
2.67
0.33
4.0
2.33
-5.0
1.67
0.67
-4.67
-5.33
-1.33
-1.67
-1.67
-5.0
-2.67
-1.67
-2.33
1.0
3.0
4.33
4.0
-1.33
3.0
2.33
3.0
6.0
-1.33
-1.0
2.33
-9.67
-2.0
-6.33
-4.67
5.0
-6.33
-8.67
8.67
0.67
3.33
-2.0
3.33
-2.0
0.67
4.33
-1.0
-4.67
3.0
-3.33
4.0
2.0
6.67
-1.67
3.0
1.67
3.0
-1.0
7.0
-1.67
0.33
0.33
5.33
4.67
0.67
6.0
6.0
-0.67
0.0
6.0
5.33
-1.67
-4.33
-0.67
10.67
2.0
1.67
8.33
1.0
-4.67
-1.33
-2.0
-0.67
0.0
0.0
4.0
-1.0
3.33
1.33
4.33
3.67
8.33
3.67
6.0
-1.33
-0.33
2.0
4.0
-2.0
-3.67
11.33
4.33
1.33
-3.33
6.33
6.67
1.33
1.0
-1.67
-1.33
-0.33
11.33
7.0
6.67
-2.0
5.0
3.67
6.67
2.33
7.67
3.33
7.33
11.0
5.67
10.33
4.33
12.0
4.67
24.33
11.0
20.67
29.33
14.67
29.33
16.33
18.0
23.67
27.33
30.33
25.33
31.67
20.0
37.0
21.0
32.33
40.33
29.33
52.33
33.67
41.0
24.0
25.33
28.33
8.33
22.33
12.0
9.33
5.0
-0.33
3.33
-4.67
2.33
5.67
10.67
-1.67
4.33
-3.33
1.33
8.0
5.67
-0.33
9.33
10.33
5.33
9.33
7.67
13.33
16.0
7.0
16.67
4.67
9.67
22.33
15.33
18.67
28.67
13.33
22.67
23.67
30.0
32.67
18.0
24.33
26.33
27.67
16.0
14.33
8.67
12.0
18.33
6.33
11.0
25.33
9.0
9.33
8.0
11.33
12.0
12.33
7.67
6.33
9.33
10.0
5.67
11.33
11.33
6.67
16.0
2.67
3.33
13.33
8.67
11.33
10.33
10.0
11.67
8.0
7.33
0.67
9.67
22.0
16.0
11.67
17.33
7.67
2.0
3.33
14.67
15.67
11.33
12.33
13.33
23.33
9.33
12.0
9.67
0.0
19.67
4.67
8.0
17.67
25.67
21.67
27.67
8.0
14.33
21.33
38.33
35.0
27.33
23.33
29.0
31.0
32.67
28.67
37.0
27.0
20.0
31.67
16.0
22.33
26.0
14.33
11.0
15.33
14.67
26.33
13.67
12.33
9.0
10.67
15.67
25.67
23.33
14.67
7.67
14.33
26.33
8.33
13.67
7.0
19.33
14.0
12.0
22.0
13.67
14.33
24.33
15.0
27.0
23.67
10.67
13.0
16.67
16.33
6.0
18.0
6.67
14.0
10.33
0.33
8.0
2.67
3.67
1.67
-4.0
9.67
8.33
13.0
10.33
7.33
2.33
4.33
5.67
13.67
7.0
12.67
18.0
5.67
25.33
14.0
1.0
10.67
15.67
3.67
11.0
13.67
17.0
9.0
13.33
9.0
7.33
11.0
11.0
13.33
31.0
15.0
24.33
16.0
17.33
18.33
5.0
14.0
14.67
15.0
15.0
15.0
-3.0
16.67
13.0
-1.67
1.67
11.67
9.33
7.33
16.67
5.67
14.0
2.0
17.0
14.33
18.33
5.33
22.67
25.67
28.33
40.67
24.67
39.33
61.0
40.67
47.67
46.33
56.67
47.67
48.0
46.33
48.0
49.33
36.0
55.67
33.67
38.67
43.33
50.0
36.67
47.33
39.0
54.0
42.67
52.33
46.33
48.67
49.33
42.33
42.0
52.67
50.0
36.0
35.67
36.0
35.0
33.0
34.33
31.0
30.33
23.0
19.0
14.0
21.33
14.67
22.0
20.0
18.33
17.33
21.33
31.33
33.67
23.0
37.33
20.0
36.33
33.33
36.33
54.33
53.67
61.67
72.0
64.0
64.67
97.67
79.67
67.0
87.0
97.67
61.67
66.67
50.33
77.33
75.0
65.67
63.67
40.0
56.0
48.33
50.33
36.67
57.33
51.67
44.0
40.33
38.33
29.0
26.33
24.33
22.0
35.0
30.0
28.67
31.0
28.67
16.33
20.33
19.0
11.33
12.33
13.33
19.67
16.0
15.0
20.67
11.0
9.33
3.33
13.0
20.0
12.67
13.0
0.0
13.33
10.67
14.33
11.33
8.67
5.0
10.0
9.33
6.67
18.0
6.0
10.33
20.33
16.67
17.33
23.33
4.0
5.33
11.33
8.67
4.0
20.67
16.67
16.0
15.67
16.0
20.67
11.33
5.0
17.67
23.67
20.33
23.0
18.33
35.67
35.67
14.33
20.0
23.67
13.0
30.33
19.0
35.33
19.67
23.67
23.33
33.0
30.67
28.33
26.67
24.67
29.33
8.67
28.33
28.33
24.67
18.0
11.0
25.0
25.0
12.67
29.33
22.0
20.33
11.33
38.33
28.67
43.67
20.67
33.33
28.67
24.0
13.67
29.33
21.33
20.67
14.33
31.33
25.33
28.0
21.33
16.33
28.0
26.33
6.67
-1.33
7.33
10.0
16.33
7.67
20.0
17.33
17.67
20.33
17.33
21.67
13.33
20.67
16.67
9.67
1.33
7.33
1.0
2.0
3.33
5.67
7.0
15.33
15.0
3.33
9.0
10.67
-4.33
13.0
0.33
11.67
11.0
10.67
11.33
15.0
-2.33
10.0
12.33
9.0
8.67
7.33
8.0
5.33
5.33
8.0
12.0
2.0
1.67
4.0
13.0
22.0
22.0
-6.0
-4.67
-1.33
7.67
17.67
9.33
10.33
14.0
9.67
12.33
1.67
-7.0
3.0
5.67
12.67
7.0
1.0
10.67
8.33
6.67
9.67
2.67
11.67
12.67
6.67
14.33
-5.0
0.67
4.0
12.67
16.33
4.67
20.67
6.33
-2.0
8.33
2.33
9.33
16.0
-4.0
1.67
-1.33
2.67
9.0
10.0
4.33
13.0
3.0
15.0
9.0
16.33
-0.67
-2.0
4.0
3.67
5.33
6.0
5.0
3.0
2.67
6.0
6.67
7.67
6.67
5.33
-2.33
7.0
9.33
13.0
7.33
0.0
7.33
-2.67
8.33
9.67
1.0
-2.0
1.33
0.0
15.0
11.33
4.33
17.0
1.67
17.67
1.67
-0.67
0.0
11.0
-1.33
17.0
12.0
10.0
-1.33
0.67
-0.33
10.67
3.67
11.33
-3.33
11.0
5.33
4.33
0.33
4.0
5.0
1.33
11.0
15.0
2.0
9.0
13.0
1.0
21.33
18.33
14.67
13.0
3.33
17.0
13.33
6.0
6.33
4.33
-3.0
15.0
3.33
12.33
13.67
16.33
7.67
7.33
9.0
20.33
13.0
12.0
13.33
9.33
15.0
12.0
0.33
14.0
15.0
15.0
4.67
3.0
5.0
8.67
17.0
11.33
21.33
22.0
1.33
25.67
-3.0
18.33
16.67
13.67
14.0
26.67
7.0
9.67
8.67
8.0
-2.0
3.33
5.67
5.33
11.0
20.67
6.33
-1.33
1.67
10.67
11.33
11.0
11.67
-2.33
7.0
-0.33
15.33
6.67
15.33
7.67
8.0
3.0
7.33
2.67
26.0
12.67
18.0
1.0
4.0
12.0
18.0
-0.67
14.67
10.0
9.0
10.0
7.67
18.33
-3.67
7.0
4.0
9.33
14.67
1.0
0.0
13.33
17.0
9.0
15.33
14.67
12.0
5.0
-7.0
3.0
0.67
1.0
5.33
-3.0
3.33
1.67
8.67
16.33
0.67
1.33
7.0
1.0
0.33
11.67
3.33
9.0
8.67
1.33
2.33
1.67
1.0
-2.33
-5.33
4.67
5.33
10.67
-3.33
-1.33
11.0
4.33
8.33
2.33
4.33
-0.33
2.33
9.0
6.33
1.67
-1.0
-1.67
4.67
6.0
6.67
8.67
11.67
2.67
-3.0
5.67
-0.67
3.0
0.0
5.33
8.33
12.33
-5.0
2.0
-1.67
-2.33
12.0
1.67
4.0
-1.67
2.33
10.0
7.0
4.67
7.33
0.67
11.67
-7.67
-4.0
4.0
4.0
-3.0
2.33
-5.67
-0.67
-9.67
3.33
10.0
10.33
-3.0
10.0
1.67
11.0
3.33
5.67
4.0
-6.33
9.0
-5.33
-6.33
3.67
-1.67
-2.0
11.0
-7.67
9.33
5.67
8.0
-3.0
11.0
2.0
1.33
15.0
11.33
1.33
-9.67
-1.0
4.0
1.33
-4.0
8.67
3.67
-5.0
8.67
3.0
3.0
-1.0
-7.0
1.67
20.0
4.67
2.67
-1.33
-6.33
12.67
4.0
-2.33
2.67
0.0
6.0
3.33
-4.0
9.33
-0.33
-2.33
2.67
3.33
10.67
6.67
0.33
-2.0
1.33
5.33
7.0
2.0
0.67
4.33
4.67
-0.33
-7.33
-4.67
9.33
0.0
-1.33
2.0
12.33
-2.67
-1.0
-7.0
-1.67
7.67
-1.67
-1.0
5.33
8.33
3.67
10.0
0.0
4.67
4.33
-2.33
-2.0
7.67
4.0
0.67
3.0
1.67
-0.67
5.0
-2.67
6.33
4.67
0.33
2.33
4.67
2.33
4.0
-2.0
0.67
-2.67
0.33
-4.0
2.0
6.0
8.33
8.67
1.67
1.33
1.67
10.0
4.33
-5.33
8.0
3.0
-0.33
3.0
9.67
2.0
4.33
-0.33
3.67
7.33
0.33
7.33
3.67
12.33
-8.33
3.67
-0.33
4.33
-0.33
-2.33
3.0
2.33
2.67
-7.33
-2.67
-4.33
-0.67
9.67
-9.0
7.0
6.0
-1.67
7.67
6.33
1.67
5.67
0.33
10.33
0.0
-3.0
2.67
6.0
-3.67
3.33
-2.67
0.0
4.67
-0.67
1.33
8.33
7.67
2.67
6.0
-2.67
-4.0
10.33
3.0
6.33
-4.33
-2.0
-1.33
3.33
0.67
2.67
6.0
2.67
5.33
6.0
-0.67
3.33
-3.33
7.33
1.0
5.33
0.33
-2.67
2.0
-3.67
3.67
2.0
-3.67
-0.33
8.67
8.33
-0.67
3.67
4.33
7.0
7.67
11.0
-1.0
-1.67
1.67
-1.33
11.33
8.33
6.33
0.0
8.33
-3.33
2.0
3.67
0.0
2.33
2.0
-3.33
7.67
3.67
2.67
6.67
3.33
5.33
11.0
1.0
2.67
3.33
1.0
6.67
-0.67
3.0
11.33
4.0
8.0
3.0
-3.0
9.33
4.33
0.67
0.67
10.67
3.67
4.33
2.67
5.0
5.0
3.67
3.67
1.67
4.0
1.67
4.33
8.33
-0.33
0.0
-0.67
0.33
-0.67
0.67
4.67
0.67
7.67
0.67
0.67
-1.33
-5.67
5.33
-1.0
3.33
0.67
-3.0
2.0
1.33
2.67
-0.67
1.0
2.67
-2.0
5.0
2.67
7.0
-0.33
2.33
0.67
4.0
-1.0
-2.67
-1.67
1.33
9.33
-0.67
8.67
4.33
4.33
-1.67
4.0
4.33
4.67
2.67
1.0
1.67
-1.67
-1.33
-2.67
-1.33
5.67
-1.67
3.0
-3.67
-0.33
2.33
4.67
4.67
-5.33
