0.0
-4.33
-75.33
-39.33
-11.33
-97.33
-58.67
12.0
-10.0
-38.67
-9.33
-67.33
-34.33
-45.33
-31.0
-88.67
-27.0
-72.67
-19.67
-50.67
-28.67
-17.0
-9.67
-21.67
-5.33
-14.67
-6.33
6.33
-14.0
-2.33
-7.0
-0.33
-2.33
-0.33
-1.67
3.0
0.0
-2.67
0.0
-1.67
-0.33
-1.33
-0.67
-1.33
0.0
-0.33
-0.33
1.0
0.67
-0.33
0.0
1.67
0.0
0.0
-0.33
1.0
0.0
-0.33
0.0
-0.33
-0.33
0.67
0.0
0.0
-0.33
0.0
2.67
0.0
1.0
0.67
-0.33
-0.67
0.0
-0.67
2.0
-0.67
0.0
-0.67
-0.33
0.33
-1.0
-0.67
0.67
1.67
1.0
-0.33
-0.67
-1.0
0.67
-0.67
0.67
1.67
1.33
-0.67
0.67
0.33
0.33
-1.0
1.67
-0.67
2.33
0.33
-1.33
0.67
1.67
-0.67
-1.67
-1.67
2.0
0.67
-2.0
1.67
1.67
0.67
1.67
1.0
0.67
-1.0
-0.33
1.0
2.0
-1.67
2.0
0.67
-1.67
1.0
0.0
0.0
4.0
3.33
1.67
6.33
0.67
2.33
3.67
-1.67
-1.67
-2.67
3.33
-2.0
5.67
3.67
-4.33
5.33
0.0
3.0
-1.0
-0.67
9.33
0.0
1.0
3.0
0.0
-1.33
2.67
5.0
5.0
1.0
4.67
0.67
-4.67
4.67
-5.0
4.33
0.67
-3.0
-5.0
-0.67
7.33
-1.67
7.67
2.67
0.33
-3.67
2.0
0.67
-2.33
0.33
0.0
2.33
3.67
8.0
-1.0
10.67
0.33
4.33
1.67
3.33
3.67
2.0
1.0
-1.0
2.0
1.33
-3.67
2.0
1.67
0.33
-1.33
1.0
-4.0
1.0
1.0
-3.0
0.67
3.0
5.0
3.67
4.33
8.0
-3.67
-0.67
1.0
4.0
9.67
9.67
-2.67
6.67
9.67
2.0
0.67
9.0
4.0
-0.33
-5.33
1.0
4.0
7.0
1.33
5.0
1.0
0.33
2.0
6.67
6.67
2.67
4.0
2.67
7.0
0.67
1.67
3.33
5.67
0.0
0.33
5.0
6.0
-3.33
4.33
7.0
3.33
1.33
-2.67
5.67
-5.0
0.0
-3.67
2.0
6.67
-1.33
1.0
-2.67
3.0
6.67
9.33
3.33
0.0
6.0
4.67
4.0
0.33
-0.33
2.67
13.67
5.0
5.0
-1.33
4.33
4.0
0.0
2.0
4.0
1.33
6.0
1.0
4.33
15.0
-1.67
10.33
1.0
4.0
4.0
5.0
4.33
-2.0
4.0
1.0
1.33
-1.33
-2.33
2.67
0.33
1.33
8.0
5.67
1.67
0.33
-2.0
0.67
-4.67
0.0
2.33
2.0
10.67
-1.0
1.0
-5.0
4.67
2.67
-0.67
4.67
2.33
5.0
11.33
-3.67
6.33
-1.67
4.33
5.33
0.67
0.0
-0.33
2.67
3.33
0.33
0.33
-5.67
-2.67
1.33
1.0
0.67
-3.33
1.67
-1.33
1.33
4.33
-1.33
6.67
0.0
1.67
2.0
6.67
4.67
-0.67
0.33
2.67
-2.0
1.67
3.67
3.33
1.33
-0.33
-2.0
3.0
-1.67
-2.33
4.33
1.67
4.33
-4.33
3.0
-3.0
0.33
1.67
5.0
3.33
6.0
2.0
8.67
6.67
-3.0
2.67
4.33
6.33
4.67
1.67
-0.33
-0.67
-2.33
4.0
0.0
1.67
-1.67
4.0
2.33
3.33
0.67
-2.67
8.33
0.67
-0.67
7.0
7.0
-0.33
1.33
0.0
1.0
1.33
0.33
1.33
2.67
2.0
3.0
3.67
7.33
-1.33
5.0
-3.33
2.67
0.0
2.33
-0.67
2.67
4.0
0.33
-4.33
-0.67
-6.0
5.0
2.67
-4.0
1.0
-0.67
-3.0
0.0
3.0
0.0
-2.67
0.33
0.0
2.0
2.0
4.33
4.67
-0.67
4.33
0.67
-0.33
0.67
-2.0
4.0
4.33
4.33
-0.67
0.33
-2.33
1.33
3.0
-2.0
-1.33
3.0
-3.0
1.0
-1.33
-2.0
3.33
-3.67
2.67
1.33
1.33
5.67
-1.0
0.67
1.0
-3.33
0.33
0.67
-4.33
1.67
-3.0
-0.33
-1.33
0.67
-3.0
2.0
-0.33
4.0
7.0
3.33
4.67
1.33
0.33
1.33
1.67
-1.67
1.33
0.0
-4.67
8.0
-0.33
2.67
-0.67
2.67
-2.33
4.33
-1.33
1.67
3.0
0.67
0.0
-3.67
-2.67
3.0
-2.33
1.67
1.67
2.33
0.33
0.0
1.0
3.67
-0.33
-1.33
2.33
0.33
-0.67
3.0
7.0
3.67
5.0
1.0
1.0
-2.67
-1.33
2.33
-1.33
2.0
-2.67
3.0
1.33
6.0
0.67
4.33
3.0
2.0
-2.33
-1.0
-0.67
2.0
1.67
-6.0
-1.0
3.0
3.33
-2.0
-2.67
2.33
0.0
2.67
1.33
3.33
-1.0
0.0
-3.33
1.67
1.33
1.67
-1.33
-2.67
2.33
8.0
0.0
2.33
7.67
3.0
5.67
0.67
2.67
4.33
4.0
-3.67
4.67
3.67
2.0
-3.0
-2.33
-4.67
1.0
0.67
0.67
1.67
2.67
-1.0
3.67
2.33
4.33
4.67
-1.67
-1.67
-3.33
2.33
2.33
-4.33
-1.67
2.0
2.0
1.67
-1.33
-2.67
1.33
0.33
-3.33
5.0
1.0
-3.67
4.0
-2.0
-2.67
5.67
2.0
1.67
-0.33
1.67
1.0
0.33
4.33
5.67
-0.33
0.33
1.67
2.67
4.33
2.67
-2.0
4.67
-2.33
-3.33
2.0
0.67
2.67
0.67
-0.67
1.33
-1.33
0.33
-1.33
-5.67
-2.33
2.33
0.67
3.0
2.67
6.33
-0.67
0.33
4.67
-0.67
5.0
1.33
2.67
-0.33
-0.33
1.67
-0.33
5.0
-0.67
0.67
-1.0
0.67
-1.0
-2.67
-0.67
-7.67
-1.0
-6.67
3.0
5.0
-5.0
2.33
-1.0
-2.67
-1.0
-3.0
-0.33
-1.0
-4.67
1.33
-0.33
-1.33
0.67
0.0
-1.67
0.0
-0.67
-1.33
-2.0
4.67
-4.33
-1.67
-3.0
-1.0
1.33
2.33
-0.67
0.67
3.0
-2.33
2.0
5.0
-3.33
-4.33
5.0
1.33
1.33
1.0
4.33
4.33
-5.0
-2.0
4.33
-6.0
-2.0
-4.33
9.0
-4.0
-1.33
4.67
-2.67
3.33
1.0
-6.33
3.0
0.67
-2.67
-2.33
-5.67
-0.33
-1.0
-1.33
-8.0
-2.0
1.0
-1.67
-1.33
1.33
4.0
-3.33
-4.67
4.0
0.0
0.0
-5.33
-4.0
2.0
-8.67
-4.33
-5.33
3.67
6.33
-4.33
-6.67
-4.0
0.67
3.0
-1.33
-0.67
-2.0
1.33
-5.67
-4.33
1.67
-2.33
3.33
-0.33
1.67
-4.67
-3.67
4.67
-4.33
4.33
4.0
1.33
-6.0
-2.67
1.0
10.33
-3.67
1.67
4.33
6.67
-2.0
-1.0
7.67
-4.67
8.67
-4.0
-1.0
-2.0
0.0
4.67
-1.0
-2.33
4.33
2.0
-0.67
-3.0
-0.33
4.67
-2.67
-1.33
-3.33
2.33
-9.67
-2.0
2.33
2.33
-0.33
-2.0
6.0
1.33
4.0
1.67
1.0
-1.67
-1.0
5.0
-0.33
-2.0
5.33
-2.67
1.0
-1.33
4.33
2.0
-1.33
-3.67
3.67
2.67
-2.67
-1.0
-0.67
3.0
-5.33
-1.67
-5.0
3.33
4.0
-3.33
-1.0
1.0
7.67
6.33
0.0
0.67
-2.0
11.0
1.0
3.33
3.33
-1.67
5.33
2.67
1.67
-2.0
3.0
-0.67
-1.0
-2.0
-1.67
-2.67
0.67
6.33
3.67
-2.0
2.67
6.33
1.0
-3.67
2.67
1.0
4.33
-2.0
2.0
-1.0
2.0
2.33
-0.67
-1.67
10.67
2.33
1.67
4.0
-1.33
4.67
5.0
1.0
9.0
-3.67
0.33
4.33
-0.67
2.67
0.33
7.67
7.33
7.0
6.33
6.67
0.67
-3.67
-4.0
0.67
2.0
6.0
3.67
-1.33
12.33
6.67
-1.67
4.33
5.0
4.67
14.33
7.33
16.0
11.67
10.33
12.0
16.67
13.33
16.67
17.33
23.33
25.0
16.67
25.33
22.33
23.33
12.67
22.0
46.0
19.0
17.33
24.33
20.33
19.33
29.67
19.0
16.0
12.33
19.33
21.33
16.33
16.0
-0.67
6.0
3.67
9.33
4.33
-0.67
-0.33
12.67
5.33
4.33
12.67
10.33
10.0
4.67
5.67
8.33
4.33
1.33
7.33
7.67
10.33
18.0
13.0
4.67
3.67
15.67
19.33
22.33
15.67
22.67
8.33
13.67
12.67
18.0
7.67
23.0
23.33
26.33
31.67
16.0
32.33
17.67
34.0
34.33
14.33
23.0
32.33
35.0
31.33
33.0
26.33
55.0
50.33
40.67
34.33
39.33
47.0
31.67
26.33
31.33
35.67
44.0
19.67
24.33
9.33
0.67
4.33
13.33
5.0
16.67
9.0
4.33
6.67
10.67
9.0
14.0
17.67
9.33
12.67
9.0
8.33
13.67
14.67
15.33
15.33
16.33
9.33
16.33
15.0
9.67
16.0
15.67
13.67
12.0
20.67
25.67
18.67
20.67
24.0
15.33
17.33
31.33
22.0
24.33
34.33
20.0
25.0
28.67
25.67
37.0
24.0
26.0
16.67
21.0
22.33
35.0
30.33
16.0
18.33
15.67
18.33
18.67
25.33
23.0
24.67
20.67
13.67
17.33
23.67
12.67
12.33
18.33
18.33
11.67
20.0
13.33
21.0
17.0
18.0
13.67
16.33
20.33
24.0
29.0
20.67
15.67
16.0
19.67
29.33
17.0
25.0
16.67
16.0
17.33
10.33
19.0
14.67
7.67
15.67
11.0
6.67
20.33
18.0
9.33
18.33
4.33
6.33
2.67
21.67
8.0
14.67
16.0
19.67
8.33
16.0
12.0
22.67
16.67
21.67
27.0
11.67
2.0
16.0
13.33
18.0
18.33
13.0
29.0
21.33
28.0
8.0
20.33
21.0
30.33
7.33
8.0
4.0
13.67
18.0
11.0
8.0
-6.0
18.67
6.0
17.33
14.67
7.67
20.33
6.33
27.67
9.67
23.0
20.0
16.0
30.33
17.33
26.33
23.67
31.67
52.33
56.67
64.67
65.33
92.0
79.67
91.67
105.33
95.67
76.67
93.0
103.33
120.0
84.33
65.0
89.67
77.67
79.67
71.33
86.0
76.67
80.33
86.0
93.0
70.67
112.33
87.33
97.67
89.33
89.33
80.0
90.67
100.0
64.0
61.67
52.0
58.0
41.0
36.33
51.0
29.33
29.0
31.0
30.0
15.33
26.67
20.0
24.0
31.33
23.33
22.33
28.33
19.67
28.0
22.33
23.0
28.33
32.33
31.33
29.33
30.67
32.67
34.0
41.0
35.67
48.67
36.67
51.0
50.0
54.67
48.67
41.67
42.33
46.33
56.0
54.67
45.67
35.0
47.0
40.33
32.33
29.67
25.33
27.67
18.0
22.33
37.33
24.0
27.33
31.33
10.0
26.0
14.0
21.67
9.0
16.67
20.33
7.33
14.0
25.33
22.33
18.33
16.67
12.0
16.0
10.67
13.0
10.33
15.33
10.0
16.0
4.67
14.0
3.0
10.33
10.67
24.33
3.33
5.67
14.0
6.0
18.33
11.67
2.0
6.0
12.33
8.33
19.67
15.33
12.33
3.0
15.33
18.33
-0.33
18.0
9.67
20.67
12.0
18.67
28.0
17.67
24.33
9.0
23.67
20.67
20.33
30.0
27.33
32.67
23.67
16.33
29.0
30.67
23.0
29.33
19.0
16.33
35.67
26.67
22.33
31.0
24.67
29.33
37.67
28.67
43.33
27.67
30.33
25.33
33.67
23.0
19.0
17.0
13.0
24.67
33.33
28.0
16.33
7.33
17.33
20.67
21.67
33.67
39.33
32.67
37.0
23.67
22.33
19.33
21.67
22.33
17.33
14.33
21.0
20.33
5.33
40.0
14.33
22.67
7.67
16.33
31.0
3.33
15.67
13.0
8.33
2.67
14.33
0.33
0.67
14.33
17.67
0.67
11.67
10.33
10.33
4.0
13.0
15.33
21.67
18.0
0.33
6.0
4.33
-4.0
2.67
9.67
3.0
5.33
4.67
-2.0
7.67
10.33
19.0
1.67
7.0
13.33
9.0
17.67
14.33
18.0
8.33
15.33
2.0
13.0
3.0
21.67
6.0
10.0
12.0
12.0
0.0
12.33
11.67
12.67
10.67
21.33
-0.67
12.0
9.67
8.33
6.67
4.0
15.0
13.67
4.67
-3.0
0.0
9.67
-4.67
21.67
10.67
5.67
8.67
7.67
11.67
12.33
4.0
8.67
2.0
17.67
8.33
1.67
15.67
-0.67
-2.0
15.33
9.33
15.33
12.0
5.0
-2.33
-1.33
5.67
1.0
11.0
3.33
1.0
10.0
-9.0
6.0
11.33
8.33
9.0
8.0
4.67
-4.67
6.0
1.0
4.0
-1.33
-1.0
4.67
13.67
4.67
1.33
2.67
5.0
6.33
2.0
1.33
4.0
0.33
5.33
4.33
6.67
18.0
-3.0
2.33
9.0
14.0
9.33
-2.67
-2.0
-1.33
7.67
3.67
0.33
1.0
8.0
4.67
4.0
8.0
0.0
-0.33
8.67
3.67
1.67
8.67
12.33
-1.33
7.0
-3.67
1.33
-3.67
10.0
3.0
7.33
6.0
5.0
15.0
7.0
11.0
7.0
-4.67
13.33
1.67
18.0
19.33
25.0
3.33
1.0
-0.67
1.33
3.0
9.0
17.33
15.33
16.67
6.33
-1.33
11.33
29.0
9.33
12.0
13.0
6.33
12.33
18.0
38.0
6.33
3.0
3.0
14.0
10.67
2.0
14.0
4.67
9.0
5.33
15.33
9.0
19.33
8.67
27.0
22.33
10.67
4.67
10.0
13.67
10.0
1.67
-2.33
9.0
18.0
14.33
-2.33
4.33
15.0
9.67
11.33
10.67
11.67
9.67
4.33
8.0
4.67
3.67
6.0
-1.33
7.33
3.67
-0.67
8.67
8.0
2.0
3.33
-2.33
14.0
5.67
4.0
11.0
2.0
5.0
6.0
2.33
-1.33
10.0
11.0
9.0
3.67
10.33
5.33
11.0
-1.0
3.33
30.67
12.0
6.0
3.33
15.0
18.0
13.33
13.67
2.0
10.0
6.0
1.0
2.67
5.0
6.33
-4.0
-0.67
9.67
5.67
-3.67
6.67
-3.67
11.0
-5.0
8.33
13.67
5.33
8.0
18.67
-5.67
3.33
-0.33
13.0
3.67
2.67
12.67
10.33
1.67
-3.33
2.67
7.0
0.33
4.33
6.33
11.33
-3.33
1.33
2.0
13.33
15.67
4.0
12.33
-4.33
-3.0
-4.33
11.67
-0.33
9.67
5.0
8.67
3.33
2.0
5.0
7.33
-3.67
13.33
-3.0
2.0
11.33
5.67
2.0
-3.33
15.0
-1.67
-2.67
9.0
14.0
2.67
2.33
3.67
13.67
-10.67
7.0
8.0
-1.0
-1.0
7.33
10.33
-1.67
5.33
-0.67
6.0
9.33
11.0
5.0
5.67
15.0
8.33
10.67
4.0
-10.33
8.0
-2.33
-1.33
3.67
5.33
-4.0
8.0
9.33
5.33
6.67
6.0
-5.0
13.0
1.0
3.33
8.0
10.33
5.33
-0.67
12.0
4.0
-4.67
4.0
9.67
9.67
10.0
1.67
-5.0
-1.0
2.0
-5.0
7.67
4.0
-1.33
2.67
8.67
-5.33
-0.33
6.0
1.67
3.67
-1.0
1.0
6.33
0.0
10.33
13.67
0.67
0.67
7.33
4.67
-4.33
4.33
-4.0
12.33
7.33
8.0
8.0
5.67
-6.67
9.67
2.67
2.67
2.33
-1.67
5.0
1.67
-1.0
5.33
-0.67
2.0
0.0
1.33
0.67
-1.67
3.0
0.33
11.33
-2.33
4.0
1.0
2.67
2.33
3.67
5.0
8.67
2.0
3.67
6.0
4.67
-2.67
2.0
2.33
6.33
0.67
2.33
-1.67
2.67
1.33
16.0
0.0
-5.33
-2.67
1.33
-4.0
1.0
-1.0
15.33
-3.33
5.67
2.33
3.67
-5.0
7.33
-4.33
9.0
9.0
3.67
2.0
-3.33
2.0
6.33
5.67
4.67
9.33
0.33
2.33
6.67
5.33
-4.33
-0.33
-4.33
10.33
5.67
2.67
9.0
4.33
6.67
0.67
-0.67
8.67
5.33
-0.33
-4.0
6.0
4.0
0.33
5.67
2.33
6.67
5.67
7.33
5.33
-3.0
-1.0
6.67
-4.0
4.33
3.33
5.33
7.0
9.67
0.33
9.33
1.33
6.67
2.67
-1.0
8.33
1.0
2.33
3.0
-2.67
8.67
0.0
1.67
-4.67
3.67
-2.33
5.0
-5.33
3.33
4.0
1.33
1.33
-3.33
5.33
5.0
7.33
-3.67
4.33
1.0
2.33
0.67
5.0
4.33
-5.33
3.67
2.33
2.33
2.67
6.33
0.0
-3.33
7.0
1.0
0.33
-2.33
-3.33
1.33
2.33
9.33
1.0
12.33
6.67
-3.0
-1.33
5.0
4.33
7.0
4.67
5.67
1.67
2.67
4.67
5.33
3.33
6.0
4.0
6.67
4.33
10.0
6.67
-4.67
7.0
2.33
5.0
4.0
5.0
0.0
-0.67
8.33
2.67
0.67
0.67
0.67
4.33
1.67
-1.0
4.0
1.67
-0.33
-0.33
-3.0
0.67
13.33
6.33
4.67
1.0
2.33
-7.67
-2.67
4.67
1.67
-1.33
6.67
3.67
-0.33
7.67
-2.67
-0.67
-2.0
1.33
-0.33
3.0
6.0
4.33
3.67
-1.67
-2.0
3.67
6.0
4.0
2.67
9.0
4.67
-1.67
3.67
5.0
2.0
7.33
-1.67
2.33
5.33
5.33
7.67
-4.67
8.33
3.33
-1.0
3.33
1.67
0.67
1.0
0.67
-3.67
-2.33
3.33
-3.33
1.67
-5.67
5.0
2.33
7.67
-2.67
6.67
2.67
0.67
