0.0
7.67
-49.33
-30.33
-24.33
-148.33
29.33
-17.0
-25.0
-62.67
-44.33
3.67
-23.33
-14.33
-53.0
9.33
-28.0
-34.67
-49.67
-6.67
-37.67
-34.0
-1.67
-7.67
8.67
-12.67
6.67
0.33
-4.0
-0.33
-6.0
2.67
-2.33
1.67
0.33
2.0
1.0
-0.67
-2.0
0.33
-0.33
0.67
0.33
-0.33
0.0
-0.33
0.67
0.0
-0.33
-0.33
1.0
0.67
0.0
0.0
-0.33
0.0
-1.0
-0.33
0.0
-0.33
-0.33
-0.33
0.0
1.0
-0.33
2.0
-0.33
0.0
0.0
-0.33
-0.33
-0.67
0.0
-0.67
0.0
-0.67
1.0
0.33
-0.33
-0.67
1.0
0.33
0.67
-0.33
0.0
-0.33
-0.67
-1.0
-0.33
-0.67
-0.33
-0.33
0.33
0.33
1.67
1.33
0.33
1.0
2.67
-1.67
0.33
0.33
0.67
-0.33
-0.33
1.33
-0.67
0.33
1.0
1.67
3.0
2.67
1.67
1.67
1.67
-2.0
0.67
0.0
4.67
3.0
8.0
-2.67
10.0
7.67
-1.67
2.0
1.0
0.0
2.0
-0.67
1.67
0.33
-0.33
2.33
5.67
3.33
-1.67
6.33
3.33
3.0
-0.33
1.67
-2.33
4.33
1.0
-1.0
2.0
-2.67
4.33
-2.0
-3.0
1.0
0.0
8.67
-1.33
-3.0
-5.0
3.0
-0.33
8.67
1.33
4.67
-2.0
-2.67
-0.33
4.0
-2.0
0.33
8.33
2.33
6.67
15.67
5.33
5.33
7.0
0.67
4.67
3.33
4.0
7.33
4.67
4.0
3.0
5.67
8.33
-0.67
-1.33
7.33
2.67
3.0
4.0
0.0
14.0
4.33
-1.67
5.0
6.67
2.33
0.67
-2.0
-1.0
6.0
-3.0
3.0
2.67
-4.0
5.0
-0.33
3.33
0.0
-0.67
-1.67
0.0
6.0
7.67
4.67
0.33
2.67
7.67
2.0
1.67
5.0
6.0
3.67
2.67
-1.0
10.0
7.0
2.33
4.0
5.0
5.33
5.0
2.67
-2.33
1.67
8.0
9.67
-2.0
5.67
-0.33
8.33
-0.33
8.0
8.33
1.0
3.0
-0.33
5.33
7.0
11.33
5.33
3.33
3.67
0.0
3.0
-0.67
-1.0
4.67
5.67
-1.0
1.33
-1.0
-0.33
9.33
0.33
5.0
3.0
-2.33
3.0
-1.67
8.67
2.67
13.67
1.0
7.0
2.67
0.33
1.0
-6.0
2.0
3.0
6.33
7.0
3.0
6.33
1.0
-2.67
3.33
8.0
-1.0
3.0
0.0
4.33
1.0
-2.0
6.0
-7.67
-0.33
-1.33
8.67
2.33
-2.67
2.0
1.67
1.67
12.33
-7.0
6.67
-3.67
7.0
-0.67
4.0
6.67
-2.0
-4.0
0.0
3.67
3.67
-0.67
6.67
7.33
1.0
2.33
0.33
5.33
2.33
3.33
-2.67
7.67
6.0
5.67
-2.33
-3.67
5.33
1.33
-3.67
1.33
3.33
5.0
-2.33
5.67
-2.33
5.67
1.33
7.33
3.67
6.67
-3.0
-1.33
0.0
4.67
4.67
0.33
5.33
0.67
1.0
10.67
0.67
4.33
-1.67
-4.33
-2.0
0.0
0.33
0.67
8.33
4.67
-0.67
-2.33
0.0
-3.0
3.33
3.67
1.0
2.33
3.0
5.0
1.67
2.67
1.0
3.67
5.33
0.33
0.67
-0.33
0.67
3.33
1.67
0.0
7.0
4.67
3.33
4.0
1.33
-5.67
-0.33
6.33
5.33
2.67
4.33
4.0
-1.0
0.67
10.33
0.0
3.0
-1.67
-1.67
3.33
2.67
6.0
0.0
10.67
-0.67
-2.33
7.0
4.67
1.67
-1.0
5.33
1.33
1.67
2.0
0.33
-1.33
3.33
-1.0
4.0
2.67
1.0
0.0
0.33
-3.0
-2.0
-2.0
2.0
0.33
5.33
7.0
-1.0
5.0
-4.67
3.67
5.33
2.33
4.67
6.67
3.67
-1.0
-4.0
4.33
-1.67
-2.67
-0.67
4.67
1.33
1.0
4.0
-1.33
1.0
2.0
5.0
6.67
-2.0
3.33
0.33
2.67
2.33
3.33
1.67
-4.0
-4.33
-1.0
-2.33
-0.67
5.67
3.67
0.67
2.0
-0.33
3.67
-3.33
3.0
0.0
-0.33
4.0
3.0
1.33
1.67
3.33
6.33
3.33
-2.33
2.33
2.33
1.0
4.33
0.0
0.67
1.67
-4.67
5.67
1.67
0.33
1.67
4.67
-1.0
0.67
0.0
1.33
1.33
1.0
1.67
-1.33
1.67
5.33
1.33
-1.0
1.0
6.67
-3.33
-1.33
2.33
-0.67
1.33
1.0
4.0
-1.33
1.0
-1.0
-1.0
1.33
3.67
4.33
-0.33
2.0
0.33
5.0
3.33
1.0
-0.33
4.33
-2.0
6.0
-4.33
-1.0
1.33
-4.0
2.67
-1.0
3.0
3.0
-0.67
-1.0
-0.67
1.33
0.0
1.67
2.33
2.33
2.0
2.0
0.67
0.67
4.33
4.67
-2.33
1.33
-2.67
9.0
5.0
0.33
3.67
1.0
5.67
-0.33
-2.33
2.33
2.0
-1.67
2.67
2.67
-3.0
-1.0
-0.33
-3.67
2.0
2.67
-3.33
0.67
1.67
3.0
-0.33
0.33
4.33
3.67
-0.67
0.33
3.67
0.33
0.33
-0.33
3.33
2.0
1.0
3.67
0.67
3.33
2.33
-0.67
0.67
-2.0
-4.0
-6.67
3.0
1.0
-2.67
-1.33
-3.0
-3.33
0.67
-5.33
0.0
3.33
3.33
2.67
3.67
0.33
3.67
2.67
6.33
-0.33
-3.0
-0.33
-0.33
-1.33
2.0
0.67
2.67
3.67
-1.67
-0.67
1.67
2.33
-1.33
0.33
-3.33
1.33
-2.33
1.0
-0.33
-0.67
-1.67
3.33
-1.33
5.33
1.0
-0.67
2.67
0.67
0.67
1.67
0.67
2.0
2.33
2.67
-5.0
4.67
-2.0
-2.67
1.33
-3.67
-4.0
-2.67
5.0
2.0
-3.0
-0.67
6.0
2.33
3.0
-3.0
0.67
3.0
0.33
2.33
-1.33
0.67
1.67
-2.0
-1.67
3.0
0.33
-4.33
0.0
0.67
-2.33
-1.67
-5.0
4.0
0.33
-2.67
4.33
0.67
1.0
-8.33
-4.0
-1.0
-1.33
1.67
-3.0
-0.67
-4.67
0.0
1.33
1.33
0.0
-4.0
0.33
-1.0
4.0
-4.33
3.0
1.0
-7.33
-3.33
-0.67
1.33
-1.0
-4.33
0.0
-1.33
-3.67
0.67
-6.67
-4.33
-7.0
1.67
-7.0
-2.0
-9.0
-1.67
1.67
-1.67
-3.0
-0.33
-7.67
-3.0
-3.0
2.0
-2.33
-5.0
2.0
-4.67
-3.33
-4.33
0.67
4.33
-2.33
-2.67
-9.0
-0.33
1.0
0.67
-3.67
-1.0
2.33
2.33
0.67
0.67
-1.33
-2.67
-1.33
-2.33
2.33
1.33
-0.33
-3.33
-4.67
0.0
6.33
-1.0
3.33
-5.0
-0.67
-5.67
-2.33
-1.67
-3.33
-2.0
0.0
0.67
-3.67
0.67
-7.0
-2.0
2.0
4.0
3.67
4.0
-1.33
3.33
0.0
4.33
-5.0
2.67
0.67
-4.67
-0.33
-3.33
4.33
-1.67
-7.0
-6.67
1.33
4.67
2.0
2.0
6.33
-2.0
0.67
1.0
-0.67
-2.0
9.0
0.67
-5.0
-2.67
-3.67
-3.0
-5.33
-0.67
3.0
1.67
-6.67
-1.33
-2.33
5.33
-8.0
2.33
-1.0
-1.33
-0.67
1.0
-5.67
2.0
1.67
-5.0
2.0
12.67
-2.67
3.0
6.67
8.0
3.0
0.0
0.33
8.33
3.33
2.33
2.67
3.67
3.0
4.0
2.33
-3.0
0.0
-1.67
-2.67
-2.33
-2.67
1.67
-5.0
-3.33
7.33
-2.0
3.33
6.67
-6.0
4.33
5.0
0.0
6.0
4.0
1.33
4.33
10.33
3.67
-1.67
4.67
3.0
-5.33
2.67
-2.0
0.0
7.0
-0.67
5.33
3.33
0.33
-1.33
-0.67
2.67
-5.67
3.0
4.33
0.67
3.67
5.33
-1.0
5.67
1.0
5.0
8.67
1.67
7.33
4.67
2.33
8.33
9.0
8.67
0.33
8.33
6.0
4.67
10.33
0.0
9.67
10.33
5.67
15.33
18.33
21.0
20.67
30.33
25.33
13.33
34.67
47.0
36.0
42.0
44.33
61.33
39.33
48.33
55.67
43.0
45.0
25.33
28.33
19.33
19.33
20.0
6.33
6.0
10.67
4.33
2.33
2.33
3.67
4.67
-3.67
17.33
-2.33
4.33
9.0
9.67
-0.33
13.33
5.33
3.33
8.33
3.67
5.33
21.0
5.0
5.67
10.67
12.67
19.33
25.33
12.67
22.67
6.33
20.67
9.67
24.0
12.67
8.0
15.33
20.33
14.67
11.0
22.33
24.67
19.0
17.33
28.33
29.0
29.33
24.0
33.33
44.0
37.33
44.0
55.33
52.67
51.33
33.33
56.0
37.67
37.33
30.33
36.67
25.0
21.67
9.33
5.33
20.67
18.33
0.33
17.0
9.67
18.0
13.33
2.67
11.67
12.0
19.0
6.67
16.33
13.67
22.0
19.33
27.67
25.67
16.33
36.33
19.33
19.33
10.33
12.0
28.67
11.0
19.67
27.67
21.0
24.67
14.67
20.67
21.67
16.0
17.33
16.33
34.33
24.0
22.33
25.33
27.0
29.0
25.67
32.67
26.0
31.0
15.0
33.67
49.0
47.33
41.0
42.33
40.0
31.33
35.67
44.33
44.67
42.33
40.0
45.67
37.67
17.67
22.33
23.67
20.67
12.33
16.33
32.33
16.67
17.0
13.33
12.0
14.0
16.0
24.67
22.33
15.33
13.0
28.0
14.67
15.67
6.0
16.67
21.33
17.0
8.0
22.67
17.0
17.33
18.33
9.0
19.67
14.67
16.67
10.0
21.67
9.33
10.0
11.33
8.33
2.33
7.33
5.67
11.67
8.0
4.67
21.0
12.67
15.33
13.0
16.0
7.67
14.67
24.67
23.0
24.67
25.0
22.0
11.33
22.0
8.33
25.0
25.0
20.33
22.0
18.0
18.33
27.0
30.33
13.33
11.0
26.0
11.67
21.0
26.0
16.0
15.0
26.67
12.0
25.33
23.67
16.67
16.33
0.33
19.67
16.67
11.0
7.0
24.0
11.33
17.33
22.33
22.67
39.67
51.33
56.67
60.67
54.33
99.0
117.67
112.67
124.33
125.67
133.67
164.0
152.33
157.0
150.33
144.0
150.67
156.67
143.67
162.33
102.0
132.67
123.33
126.0
135.0
136.67
126.33
97.33
114.67
116.33
104.33
85.0
89.67
55.0
54.0
64.67
43.0
35.0
37.0
26.33
17.0
33.33
16.0
21.0
12.0
14.33
20.67
16.0
11.0
28.33
12.33
23.33
23.33
22.67
31.0
11.33
21.0
17.33
16.33
24.33
31.33
42.67
40.67
45.0
59.0
58.67
53.67
49.67
59.0
46.0
46.67
53.67
76.67
52.33
61.33
49.0
60.67
43.67
46.0
55.0
37.33
32.33
46.67
57.33
29.67
22.0
45.33
35.33
22.0
26.33
35.33
17.0
30.0
28.0
17.67
15.0
13.67
26.33
17.33
18.0
14.33
12.33
14.33
5.67
23.0
16.0
15.67
14.0
12.33
10.33
14.0
15.0
2.67
13.0
7.0
19.33
5.67
15.33
5.33
8.67
13.0
-2.0
13.33
3.67
7.0
8.0
33.33
24.33
9.67
15.33
17.33
11.0
15.33
16.33
1.67
15.0
14.67
15.67
26.0
20.67
21.0
20.67
19.33
23.0
20.67
18.67
21.33
19.0
28.33
26.67
29.67
15.33
51.0
25.67
27.0
33.33
38.0
25.33
31.67
33.67
23.33
38.0
34.67
42.33
32.67
38.67
37.33
38.67
34.33
29.33
27.67
38.0
24.0
25.0
25.0
27.67
22.33
17.0
22.33
14.33
18.33
15.67
26.67
25.67
27.33
24.67
17.0
21.67
31.33
25.33
13.67
16.33
35.33
34.33
22.0
11.33
28.33
25.0
28.33
34.67
11.67
25.33
10.0
15.33
15.67
11.0
19.33
11.67
20.33
4.33
13.67
13.33
8.67
9.67
7.67
14.33
13.33
-5.0
5.0
10.33
2.67
11.0
-3.67
16.0
8.33
8.0
2.67
8.67
15.0
9.33
20.67
2.0
4.67
15.33
20.0
12.67
9.0
6.33
9.0
8.67
8.33
22.0
8.33
8.33
10.0
12.0
4.0
7.67
13.0
4.0
6.0
10.0
3.0
3.33
5.67
12.67
17.67
4.33
1.33
11.0
5.67
13.33
15.67
1.0
6.0
11.67
10.67
7.0
-4.0
6.67
-0.67
1.67
1.67
2.67
1.67
16.67
10.67
0.33
4.0
6.67
7.0
22.67
4.33
-0.33
14.67
6.33
-5.0
11.33
3.33
20.33
9.0
7.0
2.67
6.67
3.67
4.0
11.0
4.33
-2.0
11.0
9.0
5.0
11.33
4.33
11.0
7.0
6.67
-0.67
2.0
3.0
-7.0
0.67
5.0
0.67
11.67
-5.33
7.33
4.67
12.0
-1.67
10.0
-0.67
4.0
-6.67
6.33
0.33
12.67
2.0
3.0
3.33
5.0
16.0
0.33
3.33
9.0
11.67
9.67
4.67
0.33
3.0
4.0
2.67
10.0
8.0
8.0
5.67
4.67
6.67
12.67
13.67
6.33
1.67
9.0
-1.67
14.33
5.33
10.0
10.0
5.33
9.0
6.0
26.0
15.0
-3.0
1.0
17.33
4.33
5.67
17.0
-6.67
13.0
-5.67
1.0
-0.67
10.33
17.0
6.0
8.33
9.33
2.67
6.33
15.67
7.33
12.0
10.33
5.0
13.0
11.33
13.33
7.0
21.0
5.33
15.0
-1.0
18.0
12.67
19.0
5.0
14.67
16.0
7.33
19.33
13.0
8.33
15.67
10.0
1.33
17.67
22.67
6.0
12.67
2.0
6.67
7.67
19.0
18.0
20.33
22.67
12.33
16.0
5.67
6.33
13.67
7.67
4.67
14.33
4.0
9.67
2.67
19.0
8.67
15.33
4.67
-1.67
17.67
13.0
-1.0
2.33
-3.33
2.0
2.67
8.0
7.0
1.0
6.0
-5.0
3.33
17.67
19.0
14.0
14.0
-5.33
7.33
10.33
10.0
15.0
13.33
8.67
7.0
6.0
21.33
7.0
21.0
4.33
6.67
0.0
12.0
1.0
9.0
6.67
4.0
8.33
4.0
-4.67
-0.33
-5.33
-0.67
-3.33
-8.67
4.0
-2.0
-0.67
-2.33
14.33
5.0
-1.33
5.33
8.33
-0.33
10.0
14.67
3.67
1.67
3.33
1.67
-0.33
7.67
9.0
-1.67
0.33
13.33
5.33
4.67
3.33
20.0
9.33
-2.33
-5.0
-1.67
1.67
1.0
-8.33
12.67
14.67
0.67
1.0
7.67
1.33
6.0
6.0
2.33
7.33
12.33
-11.0
18.0
17.33
6.67
7.0
-2.33
2.0
6.33
15.33
18.0
2.0
-1.33
10.33
0.67
11.67
-0.67
-2.0
2.0
14.0
2.0
5.33
10.33
0.33
0.33
5.33
-4.0
3.33
4.0
10.0
6.67
20.0
3.33
9.67
8.0
-3.33
1.0
2.67
5.67
-4.33
2.33
5.0
5.0
4.33
9.33
4.67
8.0
2.0
7.0
6.0
5.33
2.0
10.33
17.33
1.33
-1.0
-1.0
5.33
5.0
6.67
2.67
9.0
8.67
-5.0
5.0
2.0
-1.0
6.67
-6.0
15.67
-3.33
8.67
-0.33
9.67
6.0
0.67
4.67
9.0
7.0
3.33
0.0
6.33
2.67
-9.33
1.67
5.33
4.67
6.67
9.33
3.0
4.33
8.33
10.0
3.0
10.67
4.33
10.67
8.67
-1.33
-4.67
9.33
-4.0
5.67
0.0
7.33
6.33
-4.0
5.0
8.33
13.67
5.33
7.0
0.33
6.33
7.67
-3.0
12.0
-3.33
8.33
-4.33
1.0
13.67
3.0
-4.33
3.0
5.67
-2.67
2.0
1.33
3.33
-0.33
10.33
3.33
0.67
-2.67
6.0
0.0
7.67
-1.67
-1.67
-7.0
7.0
1.0
7.33
-4.33
9.67
0.33
7.67
6.0
2.33
-0.33
5.0
7.0
2.67
-1.0
-1.33
-1.0
-4.67
8.67
3.67
10.33
-0.67
5.33
-2.33
10.33
-1.33
1.67
-1.33
2.33
-2.33
1.67
-1.0
1.33
0.67
1.67
2.33
2.67
5.33
-1.33
-2.0
4.0
-1.0
0.33
0.67
4.33
-3.33
8.67
8.33
-2.67
7.0
1.0
2.67
5.0
-0.67
5.33
-0.67
5.0
-1.33
1.33
-0.67
-2.67
-0.33
4.67
3.0
5.33
7.0
1.33
6.0
5.33
2.67
1.0
-3.33
0.33
1.67
3.67
2.0
1.67
4.33
8.0
-0.67
0.33
-4.33
3.33
4.0
7.33
4.33
5.33
5.0
5.33
0.67
4.0
0.33
8.67
2.67
-0.67
0.33
2.67
3.33
6.0
0.67
5.0
8.0
1.33
1.67
-3.33
6.33
3.33
4.33
4.0
3.33
2.67
2.0
5.67
5.0
8.33
-2.0
0.67
10.67
4.67
4.67
-1.33
2.33
0.33
1.0
11.0
0.67
1.33
1.0
6.67
6.33
1.0
9.33
0.0
12.0
-2.0
2.0
5.33
-3.67
3.67
4.67
3.67
0.67
5.33
-2.33
3.0
4.0
-3.33
2.67
10.67
1.0
3.67
0.33
-2.67
3.67
0.0
2.33
2.33
3.33
2.67
-1.33
2.67
-0.33
0.67
2.67
3.67
4.33
2.33
1.0
-4.67
1.67
3.0
1.0
3.33
2.67
-1.67
3.0
3.67
-3.0
4.0
0.67
5.0
-2.33
2.33
-4.33
0.0
6.0
2.33
-0.67
-3.67
2.33
3.33
0.67
-2.67
1.33
3.33
2.0
2.33
-4.33
4.67
3.0
1.67
5.33
3.67
-0.67
-3.33
-0.33
3.33
-1.0
0.33
1.67
-2.67
1.67
1.67
-0.33
