0.0
18.0
63.33
92.33
-23.0
-21.33
17.0
20.67
93.33
14.0
-7.67
38.0
-24.0
-25.33
-38.0
3.67
-32.67
-23.67
-20.67
13.67
19.67
-8.0
-11.33
-27.0
-15.67
9.67
3.0
3.0
5.67
-5.33
0.67
3.33
-3.33
4.67
0.67
-0.67
0.67
2.0
2.33
0.33
0.0
-2.0
-0.67
-0.33
-0.33
1.33
1.0
0.33
0.0
-1.67
-0.33
-0.33
-0.33
-1.0
-0.33
0.0
-0.67
0.0
-0.33
0.0
0.33
-0.33
-0.33
-0.33
1.0
0.0
0.0
0.33
0.0
1.33
1.0
0.33
0.33
-0.33
3.0
0.0
0.0
-0.33
-0.67
0.33
0.33
0.0
0.0
0.67
-0.67
1.33
0.67
-0.33
-1.33
-0.33
-0.67
0.0
-0.33
-1.0
-0.67
-1.33
1.67
-0.33
0.67
-1.67
-1.33
0.0
1.33
-0.67
1.67
-1.67
-1.0
0.0
-0.33
0.0
0.0
1.0
-2.0
0.0
3.0
-1.67
1.33
-2.0
-1.0
3.0
1.67
5.0
-2.33
-2.33
0.67
-1.67
0.33
-0.33
1.67
0.67
0.67
3.0
-1.0
0.67
4.33
2.33
-0.67
0.67
0.33
1.33
3.67
4.0
5.0
-3.67
9.0
3.33
-1.0
-3.67
4.0
6.0
3.33
0.67
3.0
8.0
4.0
0.0
0.67
4.0
-5.33
-1.67
6.67
-4.33
-1.67
2.67
1.67
0.33
-0.67
-2.33
6.67
5.0
1.67
3.67
2.33
-1.33
-5.33
0.0
-2.33
-3.0
-2.33
-0.33
-0.33
-2.0
-3.33
-1.0
4.0
-1.0
2.0
0.67
-9.0
4.67
0.33
-8.67
0.0
-1.67
4.33
1.67
-3.33
5.33
2.67
-1.67
-2.0
2.0
4.67
-2.33
1.67
-5.33
-4.0
2.67
-4.33
3.33
1.67
2.0
-0.33
0.67
2.0
7.33
-3.0
-0.67
-2.67
4.33
4.0
0.33
6.67
-9.0
0.0
-0.33
2.0
-5.33
-0.67
2.33
3.0
-0.33
5.67
2.67
5.33
0.0
-3.67
-1.67
8.33
9.33
-3.0
9.33
1.0
5.67
5.0
4.33
2.33
4.33
1.33
3.0
2.67
5.67
-0.67
15.67
-6.33
0.67
0.33
2.0
0.67
3.67
0.67
1.0
-1.67
1.33
0.0
-2.0
5.67
1.67
5.67
0.33
5.67
-2.0
7.67
2.67
2.33
1.67
-3.33
3.67
4.33
8.0
1.67
-9.0
2.67
1.67
0.33
-2.0
5.0
2.33
2.67
7.33
-6.33
2.67
-0.33
0.67
4.0
1.33
0.0
-4.33
2.0
-1.0
0.67
-4.33
3.33
0.33
1.33
-7.0
4.33
2.33
5.0
-2.0
4.0
4.0
2.33
2.0
5.33
4.33
-3.67
7.67
-3.0
0.33
3.67
4.0
6.33
-0.33
2.67
3.0
2.33
10.0
2.0
-6.0
5.33
6.67
0.33
2.0
-5.33
8.0
1.0
1.67
2.67
1.33
-2.0
3.0
4.0
7.0
0.33
5.67
14.33
3.67
4.0
-1.67
4.0
4.33
4.67
0.0
0.0
-5.0
8.0
4.67
2.33
0.0
6.33
-0.67
-0.67
-1.67
1.33
2.0
-0.67
0.0
2.67
1.0
2.0
-0.33
3.67
-0.33
1.67
-1.33
-8.0
5.0
-1.67
2.0
3.0
-2.67
1.67
-6.33
2.0
4.33
-1.67
-2.0
9.67
-3.0
-2.0
9.0
-4.0
5.33
3.33
3.0
-4.0
8.33
4.0
2.67
5.67
5.67
2.0
0.33
-3.67
-4.0
-2.0
0.0
-1.67
-3.0
2.0
-2.33
-6.33
3.67
0.33
5.0
7.0
-0.67
1.33
-2.67
-5.33
9.0
-0.67
3.67
-4.33
3.33
-0.67
-1.0
0.0
2.67
-1.33
-0.67
2.67
1.33
2.67
6.33
0.33
-3.0
1.33
-1.33
-0.33
0.33
-0.67
-3.33
0.0
-3.33
5.0
-1.67
1.0
9.0
-0.67
4.33
-1.0
-2.0
-6.33
2.33
0.33
2.0
2.0
4.33
4.67
3.33
4.33
-0.33
5.0
-2.0
-0.33
0.67
-2.0
-1.67
1.67
1.0
2.0
0.67
10.0
1.67
2.0
-2.0
2.0
-0.33
-0.67
-2.33
2.0
2.0
3.33
5.67
-2.33
3.67
-0.67
3.67
-5.0
4.67
1.33
-2.33
-0.67
2.0
-7.0
1.33
1.0
-4.33
-3.0
1.33
2.0
-7.0
-0.33
-5.33
-3.33
-1.33
-3.33
-0.67
5.67
-3.67
-2.67
-1.67
3.67
1.0
2.33
3.67
-4.33
-1.33
0.33
-0.67
4.0
0.33
1.0
7.0
-2.0
-1.0
-0.33
-4.0
-2.33
6.0
0.67
2.67
0.67
3.67
3.33
-0.33
1.67
-2.0
3.33
0.67
-1.33
0.0
-4.67
-0.67
-1.67
-2.0
-2.67
1.0
0.33
-1.33
-1.33
-3.0
1.33
-1.67
2.67
0.0
-1.33
-2.0
2.33
1.0
-1.67
-1.33
1.67
-3.67
4.67
-3.0
1.0
3.33
-0.67
0.67
1.0
0.67
-2.33
2.0
-2.0
0.0
0.67
-0.67
-3.0
-2.67
5.67
0.67
1.0
-2.67
-2.0
-3.67
1.67
-1.67
0.0
0.33
-1.0
4.0
-3.67
-1.33
-3.33
-4.33
7.33
2.67
1.33
0.33
3.0
2.0
-1.0
1.33
0.33
-3.33
1.0
-4.67
-2.33
-1.33
-5.0
-0.33
-2.33
-1.33
3.33
2.0
6.0
0.0
1.67
0.33
-1.67
-3.33
6.0
-4.67
-1.33
0.0
3.0
2.0
0.0
-0.33
-0.67
-0.33
-0.33
-4.0
-2.33
0.0
-2.33
-2.67
0.0
-1.33
1.33
-1.0
-4.33
-1.33
-2.67
-3.0
0.0
3.33
3.33
-1.67
-4.33
-3.33
1.67
1.33
-1.0
0.33
-1.33
-8.0
2.67
-4.67
-3.0
1.0
-1.33
0.67
-8.33
1.67
-1.67
-2.0
0.67
-0.33
-3.33
0.33
3.33
-6.0
-3.67
-6.33
-4.67
-3.0
-7.33
-3.33
-4.0
-6.0
-0.33
-3.33
-1.33
-2.33
-2.0
1.0
-2.0
-3.33
-3.67
-5.67
1.67
1.67
3.33
-1.0
1.67
2.67
-1.0
-3.67
-6.33
5.0
7.33
-0.67
-4.67
-1.0
4.33
-3.67
-4.67
-5.0
-3.67
2.67
-4.33
4.0
-7.67
-4.67
-2.33
-2.67
-2.67
-3.67
-1.33
0.67
-6.33
-8.67
1.67
1.33
-4.0
-5.33
-3.33
-8.33
-2.67
-4.67
-7.67
-2.67
-8.0
-3.0
-9.0
-7.33
-10.0
2.0
-6.33
-3.0
-1.67
-8.33
-1.33
-6.0
-2.0
-3.67
0.33
0.33
-6.33
-4.67
-6.33
0.0
-2.33
-3.67
-3.33
-5.0
-6.33
-6.67
-9.0
-10.0
-3.0
-6.67
-6.33
-2.33
-0.33
-6.33
-9.33
-10.0
-10.0
-6.67
-4.67
-0.67
1.0
-4.33
-1.33
-3.33
-11.33
-2.67
-9.67
-5.33
-11.33
0.33
0.67
2.33
-11.0
-11.67
-4.33
-6.0
6.33
-6.0
2.0
5.33
-2.67
2.0
7.67
1.0
7.33
-5.0
5.0
9.67
-5.33
4.0
13.0
4.33
-1.67
9.33
17.33
17.0
19.33
20.33
12.67
15.67
16.67
10.33
9.67
2.0
2.67
8.0
-2.33
8.67
10.0
-1.0
-4.67
-2.0
-1.0
-3.33
6.33
5.67
-7.33
-6.0
-4.67
0.67
-10.67
-10.0
-3.67
-5.0
-13.33
-1.67
-6.67
-3.67
-3.0
-6.67
-4.33
2.33
0.67
-3.33
-9.67
5.0
-6.0
-2.0
-6.67
-2.0
-4.67
3.33
3.33
-4.0
-6.0
-5.0
-10.33
-6.33
-6.33
-7.67
-8.0
-7.33
3.67
1.0
-5.33
1.0
-7.33
-8.0
-5.0
-7.67
-8.67
-7.33
2.0
-12.0
-2.67
-5.0
-4.0
1.0
-5.33
-7.33
-1.67
-2.67
0.0
-6.0
-1.67
1.0
-10.33
-5.67
-9.0
-6.0
-4.0
-8.0
-6.0
-2.33
-9.0
-5.33
-8.67
-8.33
-4.33
-8.67
-5.33
-6.0
-7.67
1.0
-3.67
1.0
-8.0
-15.33
1.33
-3.67
-3.0
-4.0
-3.0
0.33
-8.33
-11.33
3.0
-13.33
-9.33
-0.67
-10.67
-8.67
-10.67
0.33
-1.67
-2.67
-4.67
-3.0
1.33
-3.0
-5.33
-14.67
1.33
0.67
-5.33
-6.33
-9.33
-7.0
-8.33
-5.33
-6.33
-8.0
0.0
-1.67
-1.67
-3.67
-5.33
-1.0
-6.67
-8.0
4.0
-2.67
-12.33
-5.67
-1.67
-9.67
-2.33
-10.0
-12.33
0.67
-7.0
-1.67
-7.67
-1.33
-8.33
-12.0
-15.33
-2.33
5.0
-2.0
-0.33
-0.67
-5.33
4.33
-1.67
-5.33
-7.0
-2.33
-1.67
-4.0
5.33
-4.67
-5.0
-5.67
0.0
7.0
-5.0
2.67
-8.0
-2.33
-0.33
-3.33
4.0
-4.33
1.0
0.33
-8.67
-3.67
-7.0
-4.33
-0.33
-8.33
-2.67
3.33
-11.0
-2.33
2.0
5.0
-0.33
6.67
-1.0
0.67
-2.33
13.0
6.67
-2.33
10.0
12.67
15.0
2.67
7.33
5.33
8.33
9.0
15.33
12.67
14.0
19.67
31.67
30.67
27.67
24.33
28.67
9.67
14.67
10.67
12.67
24.0
21.0
7.33
14.67
7.0
-0.67
4.0
4.33
-2.33
2.0
-2.67
0.0
0.0
4.33
4.0
1.0
-2.0
-3.67
1.67
2.0
-2.33
1.33
-2.67
6.67
2.33
-4.67
3.67
-5.0
2.33
-5.0
-1.67
-1.67
-2.67
4.33
0.0
10.67
-4.33
-4.67
1.0
7.33
6.0
-5.0
9.0
13.67
2.33
1.0
5.33
-6.67
16.33
-1.67
1.0
2.0
4.0
-4.67
5.0
2.33
-4.0
-1.33
2.0
0.0
1.0
-4.33
3.33
3.0
3.67
-6.0
13.0
12.33
2.33
8.33
4.67
1.0
8.0
4.67
2.33
8.33
7.33
6.0
5.67
3.67
5.0
4.33
7.67
11.0
2.33
8.33
1.0
3.0
5.0
-1.33
8.33
2.67
-6.33
1.33
4.67
1.33
0.33
11.0
-6.67
8.0
9.33
-2.33
3.33
5.67
10.0
6.0
9.33
3.67
4.0
4.0
2.67
3.67
0.0
4.0
-4.0
-1.33
5.0
8.67
5.33
-0.67
7.33
7.67
11.67
4.0
4.33
11.0
5.67
12.33
5.33
2.33
7.67
12.0
6.33
-0.67
8.33
12.67
12.67
11.0
10.0
1.67
3.0
-4.67
-9.33
13.33
-0.33
12.67
-4.67
5.0
7.67
11.33
1.67
7.0
2.0
3.33
4.67
11.67
-0.67
4.0
5.33
-2.67
0.0
5.67
13.67
6.67
3.0
-2.0
2.33
1.67
-2.33
2.0
1.33
18.67
2.33
-2.33
13.0
6.67
-4.0
11.67
5.0
11.67
12.67
9.67
2.33
10.33
15.67
3.0
5.0
6.0
12.67
6.33
8.67
11.67
10.33
3.67
16.67
4.67
14.67
2.0
-0.33
14.67
8.0
8.33
9.33
13.33
2.33
6.0
5.33
5.33
2.67
2.0
9.0
11.0
6.33
11.67
7.33
-0.33
6.33
11.33
9.67
5.33
16.0
13.33
11.0
8.0
4.67
5.33
2.67
17.67
2.33
11.33
16.33
7.67
18.33
9.0
0.0
6.33
18.67
3.67
18.33
8.33
21.0
-3.0
5.67
24.0
22.0
13.67
27.67
24.67
10.67
15.0
42.0
14.67
17.67
21.33
22.33
40.0
37.33
51.33
51.67
76.67
74.0
63.33
79.0
83.0
96.33
125.33
129.0
113.0
124.67
127.0
135.0
155.67
154.33
129.0
163.0
144.67
139.67
139.33
120.33
134.0
105.33
124.67
110.0
122.33
96.0
113.0
88.0
53.67
62.0
62.67
37.33
23.67
35.67
18.33
16.33
11.0
16.33
18.0
8.33
-3.0
-6.33
17.67
8.67
12.67
6.33
6.33
13.33
3.0
4.33
2.33
5.33
9.67
6.33
1.33
6.67
2.0
7.0
10.67
6.67
-0.33
11.0
2.0
11.33
-5.0
13.33
-5.0
5.67
10.0
0.0
4.33
20.67
-1.33
10.33
7.0
7.67
-10.0
10.0
10.67
9.0
0.33
-1.67
4.33
14.0
7.33
2.67
7.33
3.0
4.67
8.67
-1.33
5.67
9.0
-2.33
5.33
-4.33
2.0
9.0
4.0
6.33
7.67
13.0
-3.33
11.67
-7.33
6.33
4.0
19.33
9.33
7.0
8.67
-2.67
-4.67
15.33
12.0
-5.67
9.0
5.33
10.0
1.0
11.33
6.0
-3.67
7.67
10.67
4.0
1.33
5.33
2.67
15.0
10.67
10.0
16.33
1.33
3.67
4.0
7.67
8.33
11.33
4.0
6.33
1.67
-1.33
2.33
1.67
3.33
7.33
5.67
4.67
7.67
3.67
3.67
12.0
16.33
6.0
7.33
-7.33
3.0
4.33
-2.67
7.33
7.67
-2.67
-4.0
8.67
3.67
5.0
0.33
7.0
18.0
6.67
3.0
12.0
1.33
4.0
1.67
10.0
13.0
9.67
8.67
13.67
4.67
1.67
-4.0
9.67
11.67
3.33
3.33
2.67
-5.67
-11.67
2.0
12.67
7.0
7.33
1.0
-5.33
-1.67
0.67
16.0
7.67
15.67
4.67
22.67
16.67
-2.33
4.0
39.33
24.0
3.67
21.33
19.0
30.33
15.67
13.0
13.33
9.67
12.67
11.67
20.0
16.33
33.67
6.67
27.0
13.0
11.0
12.67
17.67
15.0
19.0
17.67
2.67
-0.33
13.0
15.67
21.0
-5.0
3.0
-8.67
6.67
16.0
14.0
18.67
-0.67
10.67
10.67
1.67
7.0
2.67
11.0
1.33
-4.33
6.33
10.33
13.67
4.67
6.67
0.67
-1.0
13.0
-1.0
10.33
6.0
-5.67
8.33
-6.33
-9.67
11.0
25.33
10.67
1.0
10.67
4.33
6.33
-2.67
-8.67
3.0
6.33
10.67
-3.67
-3.33
20.33
3.0
3.33
15.0
-2.0
1.0
6.67
7.67
3.33
16.67
8.67
13.0
9.33
-2.67
5.0
11.67
14.33
7.67
11.33
5.67
16.0
12.67
15.67
1.33
7.33
14.0
8.67
6.0
3.67
-2.0
-1.67
25.67
-2.0
16.0
7.33
4.67
12.0
1.67
3.67
-2.0
2.0
-1.67
5.0
-5.67
7.67
11.67
22.33
14.33
2.67
0.0
7.0
-6.0
-3.33
0.0
9.33
3.0
-2.33
0.0
17.67
1.33
-3.67
6.0
-5.0
-5.67
4.33
-6.67
-3.0
7.0
0.0
-5.0
-5.67
1.67
1.0
5.0
-11.33
-1.0
-1.0
8.33
0.0
-4.67
-1.0
-3.33
6.67
9.0
5.33
-1.33
1.67
1.67
0.0
11.33
-1.67
-1.33
-0.33
0.33
-2.33
-9.67
2.0
-5.67
1.67
2.33
0.67
1.67
9.67
3.67
10.67
1.0
-2.33
0.33
3.33
9.67
-0.33
6.0
12.67
5.67
5.67
0.67
9.0
4.0
1.67
-1.0
-9.33
0.0
-5.67
6.33
7.33
9.67
6.67
-2.67
-2.33
2.33
-1.0
4.33
-6.0
3.67
3.0
-5.0
7.67
16.67
1.0
-7.0
3.0
-0.67
4.0
16.33
-1.0
7.0
4.33
4.67
15.33
4.33
14.67
3.0
9.33
5.33
0.33
9.33
-0.33
1.67
8.33
11.67
15.67
2.0
7.33
10.67
4.33
5.0
19.0
21.0
4.33
1.0
14.33
9.0
3.33
7.33
-1.0
5.33
8.67
6.33
6.0
-2.0
7.33
3.0
7.33
8.33
6.33
1.0
10.33
-3.67
0.67
1.0
7.67
-4.33
0.33
9.33
-1.33
-0.33
2.0
6.33
-5.67
5.0
6.0
2.33
7.67
-4.0
1.67
2.67
6.0
0.67
-6.0
-3.33
-3.67
4.67
1.33
-0.67
-3.67
1.67
9.0
-5.33
4.33
-4.0
7.0
6.0
-1.33
1.0
9.33
1.33
2.67
-0.67
-2.0
1.67
10.33
-10.33
2.0
0.67
3.67
-10.33
3.33
6.67
-1.67
0.0
2.33
3.67
-6.33
5.67
-3.0
-0.33
-2.67
5.33
4.0
3.33
10.33
1.0
1.67
1.33
13.0
-5.0
-10.0
0.33
-8.33
-9.0
3.67
3.67
-3.33
5.0
10.0
4.0
3.33
-0.33
-1.33
9.0
13.0
5.67
4.67
6.67
2.0
6.33
-6.33
0.33
2.0
1.67
1.33
2.33
0.0
-3.33
0.33
-3.0
-1.0
-2.67
-6.33
3.0
5.67
5.33
6.67
2.33
-0.33
1.0
-2.33
1.67
3.0
4.67
2.0
-2.0
5.33
7.67
2.0
6.67
3.33
9.33
-1.0
4.0
2.0
4.67
5.33
-2.33
1.67
-0.67
-2.0
6.0
6.33
8.67
-0.33
10.0
-1.0
-2.67
7.33
-1.33
-5.67
7.33
2.67
12.67
6.67
-6.0
8.67
-1.0
-3.0
1.67
10.67
2.0
0.0
4.0
3.67
-2.0
-3.33
1.0
2.67
-1.67
1.67
-1.33
3.0
4.33
-1.67
-2.0
7.0
3.67
4.0
-0.33
-6.0
4.33
2.67
-5.67
4.67
0.67
5.0
0.67
-2.0
6.67
-4.0
-4.33
-2.67
0.0
0.67
-4.67
1.0
0.67
2.33
2.67
-0.33
-3.33
10.0
3.0
1.67
0.33
6.67
-1.33
0.0
9.0
0.33
2.0
3.67
3.0
-1.0
2.67
8.67
-0.67
4.33
5.67
-0.67
0.67
-2.0
4.33
4.67
-0.33
3.33
-2.33
-0.33
-2.0
0.67
4.33
-5.0
6.0
3.33
3.33
1.33
6.33
8.67
0.67
3.33
8.67
-0.33
-5.67
-0.67
3.0
-4.33
3.33
-1.0
-1.33
1.0
1.0
-0.33
-0.33
-5.33
-2.0
2.33
0.33
0.33
-6.0
2.33
-0.67
-2.67
1.0
1.67
-1.67
-1.33
0.67
0.33
2.33
4.67
-7.67
3.67
-2.67
-1.0
0.0
1.67
5.67
3.67
-2.67
-3.33
1.0
-2.33
0.33
-3.67
1.0
3.67
-2.0
-1.33
