0.0
68.0
92.33
100.33
119.0
4.67
93.0
50.67
-6.67
-95.0
-3.67
50.0
9.0
16.67
-100.0
-8.33
10.33
26.33
-19.67
-25.33
-17.33
37.0
-30.33
-32.0
-19.67
-4.33
24.0
2.0
6.67
-11.33
-1.33
-6.67
3.67
-3.33
-6.33
-0.67
0.67
1.0
0.33
0.33
0.0
1.0
-1.67
-1.33
0.67
0.33
0.0
-0.67
1.0
-1.67
0.67
-0.33
-0.33
-1.0
-0.33
0.0
-0.67
0.0
-1.33
1.0
-0.67
-0.33
-0.33
0.67
0.0
0.0
0.0
1.33
0.0
-0.67
0.0
-0.67
1.33
-0.33
2.0
0.0
1.0
-0.33
2.33
-0.67
0.33
0.0
0.0
-0.33
-0.67
-0.67
0.67
-0.33
-0.33
-1.33
-0.67
0.0
0.67
-1.0
0.33
1.67
-0.33
2.67
1.67
3.33
1.67
1.0
1.33
-0.67
-0.33
0.33
-3.0
1.0
1.67
-1.0
0.0
1.0
0.0
0.0
-1.0
0.33
-3.67
-2.0
3.0
1.0
4.67
-1.0
3.67
-4.33
3.67
-0.67
0.33
2.67
0.67
2.67
0.67
2.0
-4.0
3.67
-4.67
3.33
2.33
1.67
-2.67
-2.67
8.67
0.0
-1.0
6.33
3.0
9.33
-5.0
-1.67
1.0
2.0
5.33
3.67
-4.0
1.0
7.0
-1.0
5.67
2.0
3.67
-4.67
-3.33
-1.33
5.33
-2.33
-1.33
0.33
1.33
-1.33
4.67
3.0
-0.33
-2.33
3.33
1.67
0.67
3.0
8.67
1.0
2.67
-0.33
3.67
4.0
7.67
11.0
0.0
-5.0
3.0
-1.33
2.0
2.67
-0.67
-2.67
1.0
-1.67
0.33
1.67
2.67
4.33
2.67
1.33
-3.0
-3.0
6.67
-1.33
8.67
-1.33
0.0
1.67
3.67
-3.67
-2.33
1.0
-1.33
-1.33
-4.0
5.33
-7.0
-4.67
3.33
3.33
0.0
0.33
3.67
-7.0
-9.0
2.67
-2.0
-0.33
-1.67
5.33
0.0
-3.33
-0.33
7.67
3.33
0.0
-1.67
-9.67
-1.67
1.33
-2.0
0.33
3.0
6.67
0.0
2.33
4.33
-1.67
-3.67
1.0
2.67
-0.33
-2.67
-1.33
4.67
-5.33
4.33
0.0
-1.33
-2.33
8.67
3.0
0.33
-2.67
-5.0
2.0
4.67
2.67
5.67
-2.67
1.67
0.0
-1.33
2.67
3.33
1.67
1.67
3.67
0.33
0.0
1.67
-5.0
-0.33
1.67
2.33
0.0
4.0
-1.67
3.67
2.33
-0.33
0.67
-0.33
1.67
7.0
0.33
6.0
-0.33
5.0
-1.0
-4.33
0.67
0.33
1.33
2.33
-4.0
0.33
-5.67
0.0
-3.0
3.0
-3.0
2.33
1.0
7.33
4.33
-2.67
5.67
-2.0
-6.67
1.67
-5.0
11.33
2.67
6.67
5.0
3.33
7.0
2.0
0.0
1.33
5.67
-0.67
4.0
4.67
7.0
2.0
2.67
0.67
0.33
2.0
5.0
6.0
9.0
0.33
1.67
-1.67
-1.33
1.0
5.33
4.0
4.33
0.67
-5.0
4.0
3.0
9.0
2.67
3.33
-1.0
4.33
2.33
-0.67
3.33
3.33
2.0
-5.67
1.0
-0.33
2.0
0.0
-0.33
-4.33
3.67
1.67
4.67
1.0
1.0
1.33
1.0
8.0
-1.67
2.67
-0.33
-3.0
-2.67
-0.67
0.0
10.67
3.0
2.0
7.0
3.0
-0.67
10.33
-1.0
-5.0
3.33
3.0
-3.33
-2.33
2.67
-2.0
1.33
-0.67
8.0
4.0
4.0
8.33
4.0
3.0
-2.33
-3.33
-0.33
-1.67
4.0
-2.0
-1.67
3.33
0.33
-0.33
-1.0
1.33
0.67
5.67
0.33
2.33
-1.0
-1.0
-3.33
-6.33
5.33
1.67
2.33
0.67
3.33
-2.67
-4.0
0.33
-1.33
-1.33
1.33
-1.67
6.67
1.0
-0.33
1.0
-2.67
-2.0
-1.0
2.33
-1.67
-4.0
-1.0
-1.33
2.33
1.33
0.0
0.0
2.33
-0.33
0.33
-0.67
1.67
2.0
-4.0
-1.33
-0.33
6.0
-2.67
-3.33
5.0
1.0
0.67
0.0
1.67
-2.0
-5.0
-2.0
2.67
2.33
-5.33
0.0
1.0
2.33
3.67
-1.33
-1.33
3.33
0.67
7.0
3.67
-0.67
1.67
1.33
2.0
-3.0
-1.67
-3.0
-4.33
1.0
1.33
1.0
-9.0
2.67
-2.33
-3.33
-0.33
-2.33
1.33
-0.33
-3.67
2.33
-1.67
-1.33
1.0
5.33
-2.33
-0.33
3.67
-4.67
-3.67
3.0
-4.67
0.0
1.0
4.0
0.0
-3.33
-5.0
-3.33
2.0
-4.33
1.67
2.67
-2.33
3.33
-2.33
3.67
1.0
5.33
4.67
3.67
-1.0
-1.67
2.33
2.33
-1.0
1.33
-1.0
1.33
-0.33
0.67
2.0
1.33
-4.67
1.67
-1.0
-0.33
0.0
6.33
3.0
-0.67
2.67
3.67
0.33
-2.33
-2.0
-3.0
-4.67
1.33
-1.33
1.0
0.67
-3.33
-2.0
-5.0
-2.0
-3.33
-1.67
-4.0
5.33
-2.33
-1.33
12.0
-2.67
-1.0
-0.67
-0.33
-1.67
-1.0
-1.67
-2.0
-3.0
1.33
2.67
-1.33
-1.33
-0.67
0.67
-4.67
0.33
-1.0
2.0
3.0
2.33
1.33
-3.33
4.0
-0.67
-7.33
-0.33
0.0
-0.33
-0.33
-2.33
5.33
3.0
0.0
-2.0
-2.33
-0.67
-0.67
-2.33
-1.0
-0.67
-0.33
0.0
-1.0
-2.0
-4.0
7.67
-3.67
-1.33
-3.33
2.0
2.67
-4.0
4.67
0.33
-1.0
-1.33
-0.67
-3.0
-2.33
-5.33
-1.67
-3.0
-1.0
-0.67
3.33
-1.67
-3.33
-3.33
2.67
1.33
-4.0
1.33
-1.33
0.0
1.67
0.33
-3.0
2.0
-3.33
0.67
-3.33
4.67
1.33
-2.0
-3.33
-0.33
-5.33
7.33
3.33
-4.0
-3.67
-6.33
-0.67
-2.0
-7.33
-4.33
-7.0
-7.0
-1.33
1.67
-0.33
-0.33
-2.0
-2.0
-2.0
-3.33
-4.67
-2.67
-2.33
-1.33
2.33
-2.0
-3.33
-4.33
2.0
-3.67
-4.33
3.0
0.33
-3.67
-5.67
3.0
1.33
-3.67
-3.67
0.0
-4.67
2.67
-2.33
2.0
-4.67
-5.67
-7.33
-0.67
-3.67
-11.67
-9.33
2.67
-2.33
-5.67
-3.33
3.33
-9.0
-2.33
-1.33
-3.33
0.33
-7.67
-6.67
-0.67
-5.0
-3.0
-9.0
-8.33
-7.0
-5.0
-5.33
-1.0
-0.67
-5.33
-3.33
-3.0
-4.0
-4.67
1.33
-3.67
-0.33
0.33
-8.33
-3.0
-2.33
-7.67
-10.33
-3.0
-5.33
-2.67
-12.0
-8.0
-3.0
-6.67
-8.33
-4.33
-9.33
-8.33
-6.33
-8.0
-8.0
-4.67
1.33
-4.67
-5.0
2.67
1.67
-4.33
-7.33
-2.67
-4.67
-2.33
-7.33
-2.67
1.67
-1.67
-6.0
-11.67
3.67
-6.0
-8.67
-8.0
6.0
1.33
-4.67
0.0
-0.33
11.0
0.33
2.0
-1.0
6.67
1.67
5.0
6.0
15.33
9.33
-2.67
17.33
17.0
9.33
20.33
20.67
18.67
12.67
15.33
8.67
2.0
11.67
10.0
2.67
2.67
-2.0
-4.0
-5.67
6.0
2.0
-8.33
0.33
-5.33
-2.33
-2.0
-5.67
-0.33
-3.67
-2.0
-5.67
-3.0
-13.33
-5.67
-6.67
3.33
-1.0
3.33
-7.33
-1.67
-1.33
-5.33
-6.67
-5.0
-5.0
3.0
-1.67
-5.0
-5.67
-5.67
-4.67
-2.0
-8.0
-11.0
-7.33
-4.33
-12.33
-11.67
-10.0
-13.33
-3.33
-7.0
-9.33
-3.0
-6.33
-5.0
-2.0
-3.67
-16.67
-12.33
-8.0
-6.0
-4.67
-12.0
-13.0
-5.0
-15.33
-7.33
-9.67
-0.67
-6.0
-14.0
-3.67
-5.0
-7.33
-10.67
-4.0
-3.0
-7.0
-6.0
-8.0
-6.33
-10.0
-8.33
-12.67
-4.33
-10.33
-12.67
-2.33
3.0
-2.67
-3.0
4.33
-1.0
-3.0
-4.33
-8.67
2.33
3.0
-5.0
1.0
-4.67
-11.33
-13.33
-3.0
-1.33
-7.33
5.33
-11.67
-10.67
-16.67
-3.67
-0.67
-13.67
-3.67
-2.0
-7.67
-10.0
-2.33
0.33
2.33
0.67
-1.33
-1.33
-8.33
-8.0
-5.33
-4.33
-4.33
3.0
-5.0
-3.67
-12.67
2.33
-7.33
-8.0
-10.67
-2.0
0.0
-1.67
-8.33
2.33
1.33
-1.67
-0.33
-12.0
-15.33
-2.33
-9.0
-6.67
-4.67
5.67
-7.33
-8.0
-3.33
-3.33
-9.0
-3.0
1.67
0.33
-5.33
-3.67
-3.67
-5.33
-10.0
-3.33
12.33
-12.0
1.33
-9.67
-6.0
-0.67
-9.0
0.0
0.0
-2.33
-4.0
-0.33
-2.33
-6.33
-1.0
0.67
-1.0
-0.67
2.33
-0.67
-5.0
-6.33
7.67
0.67
-5.67
1.33
-4.0
-0.33
-6.0
-1.0
-2.33
3.67
9.0
-2.33
5.67
11.0
2.67
7.67
12.0
12.67
22.0
2.67
21.33
11.33
10.33
34.0
28.33
21.67
21.0
30.67
22.67
30.67
22.67
23.33
4.67
20.67
6.67
27.67
25.67
14.0
18.0
8.33
8.67
6.0
9.33
8.0
9.33
-0.33
-5.0
10.33
-7.0
1.0
-7.67
13.0
6.0
1.0
-8.67
-6.33
-6.0
-2.33
6.33
0.33
14.67
10.33
-3.67
-2.33
-2.0
2.33
-8.0
3.33
9.33
-4.67
-1.67
0.0
-6.33
-1.33
0.33
-1.0
-1.67
1.0
6.0
0.0
3.67
6.33
9.0
2.33
3.33
14.33
12.33
3.0
5.0
1.0
0.33
8.0
2.33
-4.0
5.67
3.0
-4.0
3.0
1.67
-2.67
4.0
4.67
-4.0
2.0
8.33
2.33
-5.67
10.67
18.0
-4.0
11.67
12.33
0.33
8.33
2.0
9.67
-2.33
2.0
-2.67
3.67
-1.0
12.33
5.33
4.0
8.0
3.0
2.67
5.33
7.67
-1.33
2.33
3.67
-4.67
2.33
10.0
4.33
3.0
6.33
3.67
9.33
10.67
3.0
3.0
7.33
2.67
3.0
10.0
-7.33
6.67
6.0
8.0
3.0
0.67
3.0
10.67
1.33
-1.67
10.33
11.67
10.67
17.0
7.33
10.0
2.67
9.33
-0.67
3.33
4.67
6.0
13.33
3.33
8.33
4.67
14.67
19.0
9.0
11.67
7.0
6.33
-7.33
4.33
5.67
7.67
15.33
6.0
12.67
5.33
5.67
3.0
7.0
17.33
7.67
-2.33
9.33
8.0
3.33
10.33
8.0
7.67
-0.33
2.67
10.0
9.0
-2.67
-0.33
3.67
11.0
15.33
19.67
11.33
8.67
8.0
3.67
1.0
4.67
7.0
5.67
0.67
5.67
2.33
-0.67
8.67
1.0
7.0
10.0
0.67
12.33
9.67
9.67
-3.67
6.67
18.67
4.67
18.67
-3.0
9.67
3.67
6.0
15.33
6.33
12.33
7.33
4.0
12.33
5.33
3.67
12.0
7.0
11.0
9.33
13.67
-1.67
21.67
6.33
0.33
6.67
4.33
14.0
4.33
4.0
6.0
2.67
12.33
17.67
12.67
4.33
1.33
9.33
23.67
13.33
16.0
5.0
-5.67
8.67
14.67
9.33
13.33
18.0
14.0
23.67
13.0
16.0
17.67
16.67
24.67
16.67
18.0
20.0
32.67
33.67
45.33
42.33
43.0
58.33
49.33
75.67
82.67
81.0
112.33
87.0
119.0
126.33
155.33
143.0
151.0
167.67
170.0
153.0
168.67
163.33
180.0
174.0
168.67
196.67
185.33
201.33
152.0
155.33
139.67
126.0
128.33
112.0
103.0
99.0
71.67
82.0
57.67
43.33
35.67
45.67
21.33
38.33
21.0
10.33
19.0
11.33
15.0
9.67
16.67
7.67
15.67
9.33
-10.67
10.33
6.0
8.33
6.33
6.33
9.67
-0.67
5.33
10.67
10.0
17.0
9.67
19.67
2.67
15.0
1.0
3.33
-5.0
16.33
12.0
3.67
5.0
11.0
0.33
12.67
5.67
2.33
8.0
-0.33
5.0
13.0
14.67
7.0
-4.67
6.33
10.33
3.0
16.33
22.67
1.33
0.0
11.67
12.67
4.67
-1.33
18.0
15.67
5.33
1.67
4.0
12.0
4.0
1.33
10.67
6.0
3.67
-3.33
2.67
7.33
9.0
17.33
-0.67
1.0
-6.33
18.33
7.33
11.33
8.0
2.33
7.0
11.33
6.0
-3.0
14.33
17.0
4.33
8.67
6.67
5.0
-4.67
6.33
-0.33
22.0
13.67
5.0
16.33
0.33
7.67
0.0
16.67
5.33
7.33
7.0
5.33
8.67
6.67
9.33
1.67
3.33
14.33
-8.33
7.67
10.67
-3.33
16.67
1.0
18.33
12.0
6.33
-3.33
10.0
4.33
1.33
3.33
17.67
4.33
6.0
12.67
6.67
5.0
5.33
5.0
7.0
4.67
-2.0
2.0
-2.67
19.0
7.67
12.0
9.0
11.67
2.67
18.67
-3.33
6.67
13.0
5.67
-1.33
-7.67
0.33
7.67
-4.67
-0.67
2.0
4.67
6.0
8.33
7.0
9.67
2.33
4.67
20.0
19.67
20.67
8.67
18.67
14.67
4.67
14.0
14.33
14.0
15.67
17.33
9.0
15.33
8.67
10.0
4.33
8.67
12.67
9.67
19.0
25.33
20.67
20.67
13.0
20.0
12.0
33.67
17.67
24.0
22.0
23.67
11.67
21.67
13.0
10.67
0.0
22.0
2.0
-0.67
2.67
5.0
5.0
6.67
7.33
5.67
-1.33
4.67
11.0
-11.33
-4.0
10.33
-0.33
4.33
5.33
-1.33
-10.33
10.67
-1.33
12.0
1.0
1.0
1.33
4.0
2.33
2.33
-2.33
-3.67
-6.0
16.33
7.67
12.0
-1.33
5.33
3.33
8.33
-13.67
5.0
-0.67
-3.33
-4.67
1.67
7.33
2.0
-3.67
6.0
7.0
2.0
-5.33
16.67
4.33
16.67
-0.33
15.0
21.33
9.33
19.0
-1.33
10.33
16.67
-7.67
3.67
2.0
20.67
2.67
17.33
9.33
5.0
14.67
13.0
8.67
10.0
1.33
9.67
-6.0
3.0
0.33
16.67
23.0
3.67
5.67
-2.0
7.0
-14.67
6.0
1.33
-3.33
-0.33
4.33
2.33
1.67
1.0
5.0
-2.0
-4.33
0.0
16.33
4.0
15.67
1.0
5.67
12.33
11.33
7.0
-11.0
-0.67
2.33
-1.67
-3.0
5.0
-9.0
5.0
8.33
-0.33
8.0
11.0
-1.33
-5.0
3.0
1.33
-1.0
-3.67
-4.0
3.67
2.67
9.0
-3.67
-1.33
-2.33
2.67
-2.0
7.33
1.33
3.67
-6.33
6.33
-3.33
-8.67
2.0
0.33
-4.33
5.33
-3.33
2.67
8.67
11.67
4.67
0.0
4.67
6.33
-6.67
-7.33
2.67
0.0
4.67
1.67
1.67
1.67
3.0
-9.0
4.67
-8.0
-12.33
-7.0
-6.67
-1.67
4.33
0.67
9.67
-0.67
0.67
0.33
7.0
14.33
9.0
1.67
4.0
10.0
-3.33
4.67
-3.0
-3.0
3.0
-2.67
13.0
-4.67
15.0
2.0
-2.67
4.67
8.33
6.33
9.67
11.0
13.33
-1.67
6.33
13.33
9.67
5.67
-0.67
-0.33
-4.33
9.0
10.33
8.67
10.33
-2.0
20.0
11.0
8.33
12.0
-0.67
-5.0
5.33
-2.67
-7.0
-0.67
19.67
0.33
4.0
15.0
-6.67
-4.0
0.33
-1.67
1.33
-2.0
6.33
2.33
2.67
-1.0
-3.33
-0.33
-6.67
7.33
8.67
-1.33
4.0
2.33
6.33
4.0
-2.0
-1.67
1.67
-6.0
3.67
-0.33
8.0
8.67
-2.0
-1.33
1.33
6.67
2.33
4.33
-7.67
0.67
6.0
6.67
1.33
4.0
11.0
-4.0
0.67
-1.0
1.33
4.33
3.67
1.33
-3.0
-4.33
1.33
-6.33
-1.0
11.67
-3.33
-2.33
-4.67
5.67
6.33
6.0
-6.67
13.67
-4.33
-1.33
-3.0
11.67
-5.67
7.33
-3.0
6.33
3.33
-4.0
-6.33
2.33
7.0
1.0
-8.0
-6.67
1.67
-1.0
0.67
-8.33
2.67
5.0
3.0
1.0
-4.67
-4.33
6.67
9.0
-1.0
3.67
6.67
-3.33
-6.0
8.33
-1.33
-2.67
9.0
0.67
-1.67
-2.67
-2.0
7.67
-3.67
-8.0
-7.0
2.33
1.67
-2.0
3.67
7.33
2.67
6.33
0.67
2.0
-0.33
0.67
0.0
-2.33
3.0
-1.0
2.33
0.67
4.0
6.67
3.33
5.33
-3.0
8.0
2.0
-0.33
7.33
-1.33
3.67
-0.67
3.0
7.0
3.33
5.67
2.67
10.0
0.0
4.33
4.33
0.67
-1.67
-0.67
5.67
7.67
0.67
0.0
5.67
0.0
7.0
10.67
3.67
7.0
3.0
1.0
-1.33
5.0
5.67
-2.0
2.67
0.33
-3.33
-2.33
2.0
-0.67
0.33
0.0
0.0
5.67
4.0
-0.33
0.0
-2.67
6.67
5.33
-5.33
4.67
-1.0
0.67
1.0
3.67
-1.0
-0.33
-1.67
4.0
6.67
-1.67
3.0
3.67
4.33
0.67
0.67
4.67
3.0
1.0
-0.33
1.33
-0.33
6.67
3.0
-1.0
-0.67
8.0
0.67
6.0
2.0
7.67
2.67
3.33
8.33
2.67
2.33
0.67
2.0
2.33
1.67
0.67
6.33
0.67
-0.33
-1.0
-0.33
5.33
-1.0
1.0
2.33
7.33
-3.67
5.33
-2.33
2.67
-0.67
6.67
2.67
-3.67
0.33
4.0
5.67
0.33
-3.0
-0.33
1.0
4.0
-4.33
0.67
-0.33
0.0
2.33
-4.67
-3.67
-5.0
0.33
-1.67
3.33
2.0
-0.33
1.33
-2.33
4.67
2.33
-2.67
4.67
1.33
-0.33
-0.67
4.0
3.0
0.67
5.67
-0.33
-0.67
4.67
0.0
2.67
-3.67
2.33
5.0
6.67
3.0
1.67
