0.0
28.0
8.33
47.33
-22.0
-71.33
33.0
54.67
11.33
-7.0
-61.67
-8.0
-37.0
40.67
-35.0
-10.33
-35.67
25.33
-37.67
-11.33
-34.33
8.0
-14.33
-22.0
4.33
-10.33
4.0
-2.0
-0.33
1.67
2.67
-2.67
6.67
-6.33
-5.33
-4.67
7.67
2.0
1.33
-0.67
0.0
0.0
-1.67
-1.33
-0.33
-0.67
1.0
-0.67
1.0
-1.67
-0.33
-0.33
-0.33
-1.0
-0.33
1.0
-0.67
1.0
-0.33
0.0
-0.67
0.67
-0.33
-0.33
0.0
1.0
0.0
-0.67
1.0
-0.67
1.0
-0.67
-0.67
-0.33
0.0
0.0
0.0
-0.33
0.33
0.33
1.33
0.0
0.0
-0.33
-0.67
-0.67
-0.33
0.67
0.67
-1.33
2.33
2.0
0.67
1.0
0.33
-1.33
-0.33
-0.33
-0.33
-0.67
0.67
0.0
0.33
-1.67
1.67
0.33
-1.0
0.0
-0.33
1.0
-1.0
2.0
-2.0
-2.0
2.0
-1.67
-0.67
0.0
2.0
0.0
3.67
-3.0
0.67
-3.33
1.67
-0.67
-0.67
1.67
-0.33
3.67
-0.33
2.0
-1.0
0.67
-0.67
-1.67
-0.67
2.67
2.33
-4.67
-0.33
4.0
6.0
2.33
7.0
2.33
-1.0
3.33
3.0
2.0
-4.67
-1.33
0.0
4.0
1.0
-1.0
-1.33
2.0
4.67
1.33
-3.33
-0.33
2.33
7.67
3.67
2.33
7.33
-1.33
2.67
5.0
2.67
1.67
-2.67
3.67
-1.33
-4.0
2.67
3.0
-1.33
-8.33
-0.33
4.0
3.67
4.0
-1.0
0.0
6.0
-3.33
-9.0
2.67
1.33
-1.67
4.0
3.33
-0.67
0.67
-0.33
1.33
1.67
6.33
2.0
-4.0
9.67
4.67
0.67
-0.33
3.0
1.67
-7.33
5.33
0.67
8.0
-0.33
0.67
1.0
2.33
-2.0
7.33
2.33
-3.67
2.0
-5.67
5.67
-8.0
-5.0
0.67
11.0
-3.33
3.33
3.33
1.0
2.67
-0.33
3.67
6.33
3.0
2.33
-0.67
4.33
-1.67
6.0
-3.67
3.0
4.67
13.0
3.33
-0.67
1.33
3.33
-2.0
-7.33
-2.33
-1.67
-1.33
1.67
-0.33
7.33
-2.0
2.67
7.67
6.67
1.0
1.33
5.33
-6.0
5.0
1.67
2.67
3.67
0.33
-4.33
-4.0
1.67
13.67
4.33
-7.33
7.67
5.67
2.33
5.0
4.67
-5.0
12.67
5.67
-2.67
7.0
0.0
-1.67
4.67
2.33
-0.33
6.67
-10.33
-0.33
8.0
-2.67
-3.0
-3.33
3.0
4.0
-1.33
4.67
0.33
6.33
6.33
-3.0
2.33
-0.67
3.0
4.0
-2.0
2.0
3.33
6.0
13.33
7.33
7.33
5.67
-1.0
-0.67
0.67
-2.0
5.33
6.67
3.67
0.0
-1.67
7.0
3.0
-2.0
1.33
-1.33
2.33
3.0
-3.33
6.0
0.0
1.67
1.67
2.33
-3.0
7.0
-1.0
6.0
7.33
7.67
8.33
6.67
-1.0
2.33
-1.0
3.33
6.67
2.0
-7.0
-5.0
6.0
2.67
10.33
-1.0
5.33
-4.67
-2.67
3.33
1.33
1.0
0.33
-1.0
2.67
3.0
7.0
-1.33
2.67
5.67
4.67
13.67
2.0
-2.0
-1.67
0.0
2.0
-1.67
-0.33
4.67
0.0
1.33
-1.67
-2.0
0.67
-1.0
5.0
1.0
7.0
8.33
3.33
1.0
0.0
7.33
9.0
0.67
3.67
6.67
9.0
3.33
-0.67
-3.0
3.0
-5.0
2.33
0.0
5.0
7.67
0.67
-0.33
-0.67
-4.0
5.0
-0.67
-0.67
3.33
1.67
0.0
0.33
1.67
-4.33
-2.67
-3.67
-1.0
-1.0
6.67
0.67
-2.67
-1.33
4.33
-1.33
1.33
5.33
-6.0
2.33
-1.33
-3.33
-4.67
3.33
-2.33
1.0
-0.33
-1.0
-3.67
-4.0
-2.0
0.33
3.33
-2.0
3.0
-0.33
2.33
4.33
1.0
0.0
-0.67
8.67
2.33
5.33
2.67
4.0
1.0
2.67
-2.33
3.0
-1.67
3.67
-2.0
5.0
0.67
-1.0
-1.33
-1.0
-1.0
7.0
2.67
1.33
-1.33
2.0
2.0
1.33
-1.33
-4.33
0.67
1.33
2.67
-4.0
-2.33
-0.67
1.67
3.33
0.0
-4.0
8.33
-3.0
-6.33
-1.0
-0.67
2.0
-5.0
-4.33
-6.33
-3.33
-1.33
3.67
-5.67
3.67
-6.67
5.33
0.33
-0.33
-3.0
0.33
-2.33
6.67
3.67
0.33
1.33
0.0
-0.67
0.0
0.0
4.0
1.0
-0.33
0.0
1.67
-3.0
3.67
-3.33
4.67
-1.33
-2.67
-2.33
3.67
-2.0
1.33
1.67
-1.33
3.0
0.33
5.33
3.33
-4.0
5.33
8.0
1.33
0.67
4.67
1.0
2.33
-2.67
7.67
2.0
3.67
0.0
-1.67
2.0
-2.67
-3.33
-1.33
3.33
1.67
3.0
0.0
2.33
-2.67
-0.33
-3.0
-1.33
-3.33
0.0
1.0
-3.0
-2.33
0.33
0.0
5.33
-1.33
-0.33
0.0
-0.67
-1.0
-0.67
-1.33
3.33
-1.0
-1.67
1.0
-1.0
-0.67
3.67
-0.33
-2.33
-0.67
-1.33
-2.67
-1.67
0.0
2.0
-4.0
-0.67
2.33
-0.33
1.0
1.33
-1.33
-1.33
3.0
-2.33
0.67
-2.33
4.33
-1.0
2.0
-3.0
1.67
-1.67
1.33
-2.33
3.0
2.33
0.67
5.0
-1.0
4.0
-4.0
0.67
0.33
0.67
-3.33
2.0
-4.33
-5.0
4.67
-0.67
0.0
-4.33
-1.67
-3.0
-6.33
0.67
-0.67
-2.0
-1.0
3.33
0.33
-5.67
-2.33
-2.33
0.67
-2.67
-2.0
-3.67
-0.33
-3.0
1.67
-3.67
-2.0
4.0
-5.33
-2.33
-2.33
1.67
0.33
-3.0
-5.33
-3.33
-0.33
3.33
-1.67
-5.0
-4.67
-0.33
-2.67
3.0
-2.33
1.67
-4.0
-4.0
1.67
-2.33
-3.33
-6.33
-5.0
0.0
-5.0
-6.33
1.33
2.33
-5.33
-4.33
-0.67
-5.0
7.67
-5.33
-1.0
-5.67
-3.33
5.0
-0.67
1.33
-5.67
-1.0
5.33
0.33
-0.67
-2.0
-5.67
2.67
1.67
7.0
-6.67
-7.67
-3.33
-2.67
0.33
-1.67
-3.33
1.67
-3.33
-2.67
-2.33
-1.67
-4.0
-6.33
-3.33
-8.33
-1.67
-8.67
-1.67
-3.67
-4.0
-6.0
-8.0
-1.33
-7.0
-3.0
-2.33
-2.0
0.33
-1.33
-3.33
-4.0
-2.0
-5.67
-8.67
-9.67
-6.33
-1.67
-3.33
1.0
-1.33
-7.67
-0.33
0.0
0.67
-4.67
-4.0
-9.0
-4.0
-2.67
-7.33
-5.33
-2.33
-5.33
-4.33
-11.0
-4.0
0.33
-2.67
-0.67
-6.0
-2.33
-4.33
-3.33
-13.33
-4.67
-7.67
5.67
-9.33
-5.67
-1.33
0.33
-10.0
-10.67
-7.33
-7.0
-3.67
1.0
-6.0
-6.67
-5.67
-8.0
-3.33
-4.0
0.33
6.0
0.0
10.67
-0.33
2.0
8.0
2.33
3.33
5.33
17.33
11.0
19.33
18.33
8.67
16.67
13.67
17.33
14.67
6.0
2.67
6.0
3.67
12.67
-1.0
-8.0
-3.67
6.0
-3.0
-5.33
-3.67
-6.33
-12.33
4.0
-8.67
-4.33
-0.67
-2.0
-5.67
4.0
-7.33
-8.67
-0.67
-11.67
0.0
-6.67
0.67
-0.67
-9.33
-4.33
-6.67
5.0
-6.0
-5.0
-4.67
-3.0
-9.67
-3.67
1.33
-6.0
0.0
-8.0
-7.33
-5.33
-5.33
-6.67
-10.0
1.67
-1.33
-10.0
-8.33
-6.0
-14.33
-7.0
-6.0
-7.67
-9.67
-3.33
-6.0
-3.0
7.33
-9.0
-6.0
0.0
-3.33
-6.33
-9.67
3.33
-7.0
-6.0
-3.67
1.0
-6.33
-5.67
-4.0
-10.0
-3.0
-9.0
-1.0
-3.33
-5.0
-4.33
-6.67
-12.33
-8.33
-7.67
-12.33
0.0
-6.67
0.0
-5.67
-6.0
-6.0
-3.33
-6.67
-0.67
-5.0
-4.0
0.0
2.33
-10.33
1.67
-4.0
1.67
-7.33
0.33
-4.67
-3.67
-7.67
-12.67
-2.67
-5.67
-4.67
-4.0
-3.67
-7.0
2.67
0.33
-2.67
-11.33
-4.33
-8.33
-5.33
-2.0
8.67
-8.33
2.67
-3.0
-3.0
-5.67
2.33
-0.67
-5.33
2.0
-12.67
-4.0
0.0
-2.67
-6.33
7.33
-1.67
-5.67
-2.33
-9.0
-4.33
-5.33
-7.0
-5.67
-0.67
-5.33
3.67
-7.0
-1.33
9.67
-3.0
1.0
-4.33
1.33
-9.33
1.33
-10.67
-2.33
-11.0
-3.33
3.33
-3.0
-2.67
-4.67
-13.0
-2.67
-3.0
-2.0
0.0
-0.33
-2.0
2.67
3.67
-0.33
6.0
-2.33
1.0
2.33
-4.67
-6.67
3.0
1.67
-0.33
0.67
5.33
-6.67
-3.0
-3.33
1.0
-1.0
1.67
-1.33
5.0
5.67
-5.33
13.0
1.67
-6.33
17.0
5.67
18.0
7.67
15.33
21.33
14.33
26.0
24.33
25.67
37.0
28.67
11.67
28.67
36.67
22.33
19.67
18.67
21.67
19.67
17.67
19.0
3.0
16.33
8.67
6.0
7.33
4.0
6.33
0.67
10.0
9.33
-2.0
-2.0
2.33
9.0
-2.0
2.0
-9.67
2.67
-10.0
-0.33
8.33
-1.67
5.67
12.33
0.33
-0.33
-1.0
1.33
-2.0
0.33
0.33
7.33
4.33
-11.0
7.67
7.67
0.33
16.0
1.33
-6.0
1.0
3.0
-0.33
4.33
-2.0
5.33
1.33
-1.67
15.33
6.0
10.0
4.0
6.33
6.0
0.33
6.0
-3.33
9.0
5.0
9.0
-4.33
0.33
-4.0
6.67
-4.0
-2.0
1.33
1.33
7.33
3.67
2.0
-9.0
-0.33
10.33
7.33
9.33
-3.0
1.67
3.67
15.0
-0.67
6.67
12.0
4.33
7.33
7.0
8.0
-1.0
0.67
7.33
10.67
1.67
-0.67
5.67
2.33
4.33
-2.0
-0.67
9.0
-2.67
6.67
0.33
11.67
4.0
22.0
13.33
-4.33
3.0
8.0
17.67
1.67
-1.0
8.0
1.0
-3.33
12.0
1.67
4.33
12.33
10.33
5.67
2.67
3.0
8.33
13.0
5.67
-0.67
16.33
6.33
3.67
8.0
10.33
0.33
6.33
14.67
7.67
10.0
25.0
17.67
2.0
29.33
-3.33
-6.67
10.67
11.67
-2.67
11.0
4.67
2.33
7.67
2.0
13.0
6.33
3.67
2.67
5.33
2.0
9.33
2.33
5.0
10.67
2.67
10.67
3.0
-4.0
4.33
3.67
6.67
0.0
3.33
9.67
8.33
4.67
19.0
7.67
10.0
4.67
6.0
18.67
3.67
5.67
1.33
12.33
2.67
7.0
-4.0
-1.0
5.67
10.33
10.67
0.67
2.33
3.67
7.67
-0.33
14.67
4.0
8.67
11.67
8.0
6.33
4.33
10.33
1.33
2.0
9.33
-2.67
9.67
12.0
13.0
13.0
11.33
9.67
15.33
0.67
3.33
4.33
13.67
-2.67
10.0
11.33
5.0
4.0
4.67
-1.67
6.67
16.67
1.33
13.33
12.33
17.67
13.33
13.0
14.0
5.33
13.67
6.67
14.33
8.33
27.0
6.0
12.67
18.0
12.0
24.67
23.67
34.67
18.67
14.0
21.0
19.67
34.67
34.33
26.33
50.0
66.33
54.33
67.67
83.67
100.0
110.33
82.0
116.0
141.33
159.33
153.0
191.0
176.67
182.0
175.0
184.67
170.33
170.0
194.0
195.67
190.67
166.33
151.33
175.0
160.33
157.67
130.0
141.33
137.0
92.0
97.0
83.67
67.0
62.67
42.33
31.67
36.67
11.33
22.33
20.0
22.33
22.0
11.33
17.0
13.67
24.67
12.67
6.67
-1.67
-1.67
17.33
15.0
-3.67
7.33
10.33
7.67
6.33
-1.67
-6.33
3.0
22.0
1.67
7.67
10.67
10.0
11.0
4.33
1.0
2.33
-5.0
-1.33
8.0
8.0
7.33
10.67
3.67
17.33
14.0
5.67
6.0
11.0
10.67
21.0
-4.67
-5.67
16.33
7.0
4.33
15.67
12.33
-2.0
4.67
2.67
0.67
7.67
13.0
2.67
1.33
9.67
8.0
14.0
3.0
1.33
5.67
12.0
6.67
-2.33
3.67
15.33
7.0
15.33
7.33
-10.0
3.67
7.33
11.33
-4.67
11.0
-0.67
10.0
13.33
7.0
15.0
19.33
12.0
15.33
4.67
2.67
-1.0
6.33
7.33
8.67
9.0
5.67
9.0
6.33
2.33
14.67
11.0
10.67
8.33
6.33
18.0
3.33
0.67
6.67
7.33
10.67
0.33
9.33
-2.33
4.67
16.67
17.67
7.67
1.0
12.33
11.0
2.33
5.67
13.0
1.33
5.33
4.33
9.67
12.33
-3.0
7.67
5.67
13.0
7.33
5.0
18.0
-1.33
-2.0
14.0
1.33
2.0
9.67
13.0
14.0
25.67
2.67
8.67
8.67
20.67
-7.0
9.67
11.67
-2.67
4.33
-2.33
12.33
0.33
16.0
9.67
10.0
9.33
-3.0
11.67
7.33
-7.33
-2.0
7.67
4.67
9.67
9.67
15.67
16.67
23.0
20.33
17.0
15.67
18.33
17.0
11.33
1.67
12.0
19.33
10.67
7.67
23.67
24.0
22.33
25.67
10.67
30.0
24.0
8.0
7.67
6.67
24.0
10.0
13.67
5.67
-0.33
15.0
2.67
4.0
6.0
9.0
7.33
5.67
4.0
-5.0
2.67
10.33
10.67
7.67
15.67
1.0
6.67
13.0
7.33
1.67
17.33
17.33
9.67
7.67
7.67
13.67
1.0
0.0
2.0
8.33
-6.0
0.33
0.33
-9.33
7.33
0.0
-4.67
-2.33
16.0
7.67
12.33
9.33
3.33
1.33
5.0
2.33
5.67
0.33
8.67
4.33
8.0
7.33
13.0
8.0
7.0
-13.33
7.67
2.33
2.67
12.67
15.0
16.33
1.33
7.0
7.67
16.33
10.67
-6.67
23.67
6.0
16.67
11.67
6.33
5.33
5.0
15.67
1.0
18.67
14.0
-0.67
15.67
4.0
9.0
9.33
2.67
11.0
5.67
15.67
7.0
2.0
8.33
6.0
5.33
-1.33
1.67
-0.67
-1.67
13.67
1.0
-3.0
2.0
-0.33
7.0
11.33
6.0
12.67
5.0
5.67
0.33
5.33
9.0
-15.0
-2.67
-12.67
5.33
7.0
8.0
-1.0
-5.0
4.33
4.67
-4.0
-4.0
1.67
7.0
12.0
2.33
-2.0
1.33
-7.0
-1.33
3.67
12.0
-8.67
3.67
10.67
10.67
-5.0
-6.67
3.33
-7.33
4.67
-0.67
-3.33
-1.67
3.0
-2.67
5.67
0.33
0.67
-3.33
3.67
-2.33
-1.33
4.0
5.67
-0.67
-9.67
-10.33
-4.33
7.0
-1.33
14.67
2.67
2.67
3.0
6.0
5.67
8.0
-12.33
1.0
-2.67
-6.67
1.33
4.67
4.67
1.33
5.67
0.33
13.0
11.33
6.0
5.67
11.0
-2.0
-0.33
-5.33
5.0
-3.0
0.0
7.33
1.0
6.33
-8.0
6.0
-3.67
5.67
1.33
8.33
0.67
3.0
6.33
5.33
1.33
7.33
1.67
7.67
12.33
7.67
10.67
6.0
7.33
3.67
19.33
-1.0
8.0
8.0
13.33
13.0
11.33
4.0
12.33
15.33
0.0
10.33
7.67
15.33
6.0
-7.0
-0.67
8.0
7.33
3.33
12.33
2.0
7.33
0.33
2.67
1.0
5.67
-3.33
-1.67
-2.67
4.67
-0.33
1.0
0.33
10.33
-2.0
11.0
2.33
8.67
-4.0
2.67
-6.33
-3.0
14.67
-2.0
-1.33
-6.67
-3.33
-0.67
0.33
2.33
1.67
12.0
0.67
11.33
-1.0
2.0
-4.0
-2.33
-2.0
2.33
-4.67
10.67
7.33
-2.0
2.67
5.33
-5.33
5.0
7.67
0.67
0.67
-3.67
-0.33
4.33
7.0
0.33
-1.33
3.67
4.67
-7.0
8.67
-2.67
-7.67
-1.0
-0.67
1.33
0.0
1.67
-4.67
-5.0
2.0
-8.0
0.33
2.67
3.0
5.67
-3.33
7.67
6.0
4.0
7.0
4.33
1.67
4.67
-2.0
4.0
6.67
5.67
-3.33
2.0
-4.67
-4.33
-1.67
-7.0
0.67
3.33
2.33
-4.0
0.67
3.33
-5.0
-3.0
6.33
2.67
1.0
-1.33
5.33
5.67
2.33
0.67
0.0
-0.33
4.67
5.0
3.67
7.0
6.0
1.33
1.67
10.0
3.67
-1.67
7.33
6.0
10.0
6.0
-2.33
-1.67
7.67
8.67
-2.67
5.0
11.0
1.33
8.67
9.67
4.0
7.0
-4.67
-4.67
1.67
0.33
7.33
5.67
6.67
4.67
4.0
-2.33
0.0
5.0
-0.33
4.67
-2.0
-2.0
0.0
-2.33
3.0
-2.33
-6.0
-3.33
-3.67
1.67
3.67
2.0
2.33
-0.67
-8.0
-3.0
-1.33
-2.0
0.67
-4.0
2.33
-2.33
-0.67
-4.33
3.67
0.0
-2.33
1.0
4.67
2.0
1.67
-0.67
2.0
-4.33
4.33
9.0
3.67
0.33
-0.33
3.67
-2.33
2.0
-1.0
2.67
-1.67
5.67
5.67
1.0
5.0
2.33
3.0
2.67
1.0
9.0
0.67
-0.33
6.33
3.33
4.67
-0.67
2.67
2.0
1.33
4.67
0.67
0.33
-1.33
-0.33
-3.0
-0.33
2.33
4.0
1.0
3.33
-1.67
1.33
6.33
8.67
-2.33
2.33
-1.33
2.67
-3.67
1.33
7.0
1.67
-4.67
0.0
-0.33
-1.0
-2.0
-1.33
-1.33
1.67
-2.0
2.33
-0.67
-3.67
-3.0
4.33
-4.67
6.33
1.0
3.67
-2.67
1.67
5.67
-1.67
0.33
3.67
2.33
2.67
-6.67
-2.0
0.0
2.67
11.67
2.67
1.33
-4.33
0.0
2.67
3.33
1.33
1.0
-2.33
4.0
1.67
