0.0
56.0
9.33
18.33
-20.0
-43.33
-8.0
-7.33
2.33
-26.0
-75.67
19.0
-29.0
-18.33
-49.0
-51.33
-110.67
-30.67
-31.67
-39.33
-13.33
20.0
-14.33
-27.0
-12.67
-4.33
-5.0
6.0
-8.33
0.67
-7.33
1.33
0.67
-4.33
0.67
-0.67
2.67
0.0
-0.67
1.33
0.0
-1.0
-0.67
-0.33
-0.33
-0.67
0.0
0.33
2.0
-1.67
1.67
0.67
0.67
0.0
-0.33
0.0
2.33
0.0
-1.33
0.0
0.33
-0.33
-0.33
-0.33
1.0
1.0
1.0
1.33
1.0
-0.67
0.0
0.33
0.33
-0.33
1.0
0.0
-1.0
0.67
-0.67
-0.67
0.33
1.0
1.0
1.67
-0.67
1.33
0.67
0.67
-1.33
-0.33
-0.67
1.0
-0.33
2.0
-0.67
1.67
0.67
-0.33
1.67
-1.67
-1.33
1.0
4.33
0.33
-1.33
0.33
-2.0
0.0
-0.33
0.0
3.0
0.0
1.0
-4.0
0.0
1.33
0.33
2.0
3.0
1.0
2.67
1.0
2.67
-1.33
3.67
1.33
6.33
0.67
-2.33
1.67
3.67
-1.0
-5.0
4.67
-8.67
-0.67
0.33
-4.33
3.33
4.33
-2.33
7.0
2.0
-2.67
3.0
-0.67
-5.0
0.33
3.0
3.0
0.33
-4.33
0.0
4.0
5.0
-2.0
4.67
-1.0
-0.33
2.33
-1.33
-2.33
-5.67
-1.33
6.67
7.33
2.33
-0.33
0.67
1.0
-1.33
2.67
-1.67
-0.33
-5.33
-1.0
-4.33
1.0
1.67
-1.33
-0.33
8.0
-0.33
2.0
-6.0
-5.0
2.0
2.67
-4.0
-0.33
-1.67
-7.67
-2.0
-6.67
1.33
5.67
-1.33
-2.67
0.67
0.33
-2.0
-2.0
11.67
1.67
11.67
1.67
-2.0
5.67
0.67
-1.67
-2.33
10.0
-1.33
1.67
6.0
5.33
-5.0
2.33
0.33
1.33
3.0
-1.67
0.67
-9.0
0.0
3.67
-2.0
-2.33
-2.67
3.33
5.0
5.67
0.67
-1.33
-5.67
7.0
-1.67
1.33
5.33
5.33
-2.0
9.33
1.0
4.67
4.0
6.33
4.33
-2.67
7.33
-1.0
1.67
6.67
0.33
8.67
-3.33
3.67
13.33
-4.0
-0.33
4.67
-0.33
-4.0
1.33
-6.67
0.0
-8.0
3.67
3.67
3.67
-0.67
-4.33
-5.0
-2.33
-2.33
8.33
-0.33
-1.33
-1.33
4.33
6.0
2.67
-7.0
4.67
1.67
7.33
4.0
3.0
6.33
4.67
4.33
-4.33
5.67
2.67
-0.33
8.0
2.33
4.0
-1.33
1.0
4.0
-6.33
1.67
-3.67
0.33
3.33
-3.0
2.33
-0.67
2.0
1.0
0.0
1.0
-0.67
-1.0
8.33
-2.67
0.33
7.67
-5.0
-2.67
2.67
-4.0
9.33
4.67
8.67
9.0
6.33
0.0
8.0
-3.0
5.33
4.67
1.33
14.0
2.67
4.0
1.0
2.67
0.67
0.33
-5.0
7.0
1.0
8.0
0.33
8.67
3.33
5.67
2.0
-1.67
6.0
4.33
4.67
2.0
-3.0
2.0
5.0
4.67
-1.67
-7.0
11.33
0.33
1.33
3.33
-0.67
-6.0
0.33
3.0
9.67
3.0
-2.0
-5.33
0.67
-0.33
-0.33
0.67
-2.0
1.0
4.33
3.0
4.0
1.33
3.67
0.67
8.0
-1.67
0.33
-3.0
3.67
-5.0
-1.0
6.0
3.0
-1.67
7.33
2.0
-2.0
-2.67
7.0
-1.33
3.67
3.67
-2.0
3.33
2.33
1.0
-2.0
3.0
2.33
-2.0
4.0
3.67
0.67
-0.33
-2.67
5.0
2.0
3.33
1.33
5.33
-5.33
-3.0
7.33
-0.33
0.67
-2.67
2.33
-3.0
-5.0
-1.33
1.67
2.33
4.67
2.33
-4.33
7.33
4.33
-6.0
5.33
-5.33
-2.33
-2.67
1.33
-7.33
-3.0
-3.33
1.0
-6.67
-1.0
-2.0
-1.67
0.33
-2.0
0.0
-0.33
-3.67
6.33
2.0
1.0
0.33
2.67
2.33
1.33
2.67
0.0
1.0
-0.33
-1.33
5.0
-7.67
-1.33
1.0
-1.0
-2.33
-1.0
0.67
-1.0
-2.0
7.0
4.67
-0.67
-3.33
5.0
3.0
-1.67
-0.33
-3.33
1.67
-0.67
2.67
3.0
0.67
-1.67
1.67
3.33
6.0
-2.0
-0.67
-1.0
1.67
6.0
-2.67
-1.0
-5.0
-3.33
-4.33
1.67
-3.33
-0.33
-0.67
-0.33
-3.67
-0.67
-4.67
-0.33
6.0
-1.67
-1.33
8.67
0.67
-1.67
1.33
1.0
-1.67
1.0
4.0
1.0
0.0
-2.33
-5.0
2.67
1.0
-1.33
-1.33
3.67
-3.33
4.33
-5.33
0.67
-1.0
2.33
3.67
-0.33
3.0
6.33
-2.67
6.33
-4.0
1.33
4.0
-1.67
3.67
-1.33
2.0
3.33
0.33
3.67
-2.0
3.67
3.0
-2.67
2.0
-2.67
3.67
0.67
-0.67
-2.33
-1.0
-3.0
-2.67
-0.67
-1.33
2.0
-4.33
-0.33
7.0
-3.0
-3.0
-2.33
-0.67
3.0
1.33
2.67
-0.33
-1.0
-1.67
0.0
-2.67
2.67
2.33
-2.0
0.33
-8.0
1.0
6.33
2.67
-2.33
-2.33
1.33
-0.33
-4.67
-1.67
-4.0
-1.0
1.0
0.33
0.33
-2.33
2.0
-0.67
-3.33
-0.33
-5.0
0.67
0.67
-1.33
7.33
1.0
5.0
-1.0
1.67
-2.67
3.33
-2.33
0.0
-2.67
3.67
-3.0
5.0
-2.0
-5.0
1.67
-5.67
-2.33
2.67
-1.0
-0.33
-2.0
3.67
-2.67
-3.0
1.67
-3.67
-4.0
-5.33
-1.33
0.33
-2.0
2.0
1.33
4.33
-6.67
-1.33
-6.33
3.67
-1.67
0.0
2.33
0.67
-7.0
0.67
-1.67
1.0
-1.0
-0.33
-0.33
-7.33
-0.33
1.33
-3.0
-2.33
-4.33
-1.33
5.33
1.33
4.0
-2.67
-1.33
-0.67
0.0
-6.33
1.67
-3.0
-2.0
-4.33
-0.33
-0.33
3.67
-1.0
0.0
-3.0
-7.33
4.33
1.33
0.67
0.67
-4.67
-8.0
-6.33
-0.33
4.0
-5.67
-2.33
-1.0
-1.67
3.33
-4.67
-3.0
1.33
-3.67
1.33
-3.0
-3.67
3.67
-1.33
3.0
-2.67
-2.67
-8.33
-9.67
-8.67
-3.67
-9.33
-2.33
-5.33
-3.67
-2.33
0.33
-8.0
-0.33
1.67
-5.33
-4.67
-10.67
-5.67
-2.67
-7.0
-3.0
-6.0
-7.33
-4.0
-5.0
-6.33
5.0
-3.67
-5.33
0.67
-3.0
-4.0
-3.67
-2.67
-2.67
-7.33
-8.67
-2.33
-3.0
-1.33
-7.67
-7.33
-2.0
1.67
0.33
-8.0
1.0
-3.0
-6.67
-13.33
-7.33
-8.33
-11.33
-4.33
-8.0
1.0
-3.67
-4.67
-4.67
-5.0
1.67
-4.33
-12.33
-8.33
-0.67
-9.67
-6.33
-3.33
-8.67
-6.33
-5.67
-7.0
-8.67
-4.33
-9.0
-12.67
-6.0
-3.0
-7.67
-5.67
-10.0
-4.33
-3.0
-2.67
-9.0
-7.0
-1.33
-7.33
-2.0
4.0
5.33
4.33
-10.67
11.33
4.0
9.33
5.33
-1.33
5.67
10.67
1.33
-2.33
-4.0
-2.33
-5.0
-2.33
1.67
-10.0
-3.0
-10.67
-3.0
0.0
-8.33
-3.67
-6.33
-7.33
-6.0
-1.67
-2.33
-8.67
-7.0
-4.67
2.0
-10.33
-1.67
-3.67
-10.67
-3.0
-0.67
-3.33
-5.67
-7.33
-4.33
-7.67
1.0
-12.0
-1.0
-9.67
-10.0
-3.67
-3.67
3.33
-5.0
0.0
-2.0
-9.33
-11.33
-7.33
-8.67
-14.0
-9.33
-5.33
-3.0
-7.33
-3.0
-8.33
2.0
2.0
-10.67
-15.67
-2.33
-4.0
-8.0
-3.67
-13.0
-12.0
-4.0
-6.33
-6.33
-11.67
-3.67
-4.0
-12.0
1.33
-7.0
-12.33
-11.67
-4.0
-7.0
-1.0
-1.0
-5.0
1.67
-10.0
-8.33
-6.67
-6.33
-12.33
-12.67
-6.33
0.0
-6.67
-3.0
-0.67
5.0
-2.0
-6.33
0.33
1.33
0.0
2.0
10.0
3.33
-8.33
-5.33
-3.0
-5.33
-4.33
5.33
-3.67
-7.67
-4.67
-7.67
-9.67
-11.67
-4.67
-11.0
-4.67
-2.0
-2.33
-3.67
5.33
-6.33
-3.33
-7.33
-4.33
-4.0
-4.33
-3.33
-0.33
1.0
-5.0
-4.67
-7.67
-7.67
-11.33
-5.0
-14.67
4.0
3.0
1.33
-15.33
-2.67
-2.67
-3.67
7.67
-11.0
-3.33
-5.33
-5.0
-6.67
-6.67
-2.33
0.67
0.0
-5.33
5.67
-2.0
-7.0
-4.33
2.33
-9.33
-7.67
-3.67
-1.33
-5.0
6.67
4.33
-10.0
-5.67
-7.67
-8.0
-0.67
0.0
3.0
-2.0
-3.33
-5.0
0.67
4.67
-9.33
2.0
-0.33
3.0
-2.67
-5.67
-6.67
1.0
1.67
-0.33
-2.33
0.33
-5.67
-1.0
-6.33
0.0
-3.0
3.67
4.67
6.0
12.67
2.67
10.0
6.67
3.67
8.0
3.67
16.0
19.67
20.33
9.33
29.33
35.0
26.33
24.67
34.0
22.67
26.67
32.67
48.67
32.33
38.67
21.67
32.67
34.67
22.67
23.0
19.0
19.33
16.67
8.0
13.33
7.0
17.33
7.67
1.0
13.33
1.0
0.0
-5.67
11.0
9.0
4.0
-4.67
1.67
6.0
-1.33
17.33
4.33
10.67
10.33
2.33
-4.33
-4.0
4.33
-2.0
4.33
0.33
11.33
3.33
9.0
4.67
8.67
-4.67
0.0
0.33
9.0
6.0
5.0
5.67
6.33
0.0
1.33
2.33
3.33
3.33
8.0
12.0
7.0
7.33
5.0
5.33
6.0
1.67
-1.0
9.0
0.0
7.67
0.33
0.0
8.67
2.0
4.0
0.33
6.33
1.33
-2.33
11.0
0.0
6.67
6.33
-1.67
-4.67
-7.0
-5.33
15.67
1.0
6.33
1.67
8.0
2.33
4.33
10.0
5.0
6.0
-0.33
5.33
8.67
-2.33
3.33
3.67
14.33
6.33
0.0
7.33
6.0
18.33
-0.33
14.33
18.67
-1.0
13.0
7.33
9.67
10.0
-4.0
4.67
1.67
0.0
0.0
2.0
6.67
11.0
6.67
4.33
5.33
7.33
8.67
16.67
5.0
15.33
11.0
1.67
12.33
1.33
1.33
1.67
11.0
-0.67
7.33
17.33
18.67
8.67
12.0
14.0
17.67
7.0
4.33
0.67
-1.67
5.67
5.67
-4.67
15.0
15.67
6.33
3.67
8.0
9.0
11.33
1.67
5.67
6.33
9.0
7.33
1.33
10.0
27.67
9.67
5.67
9.0
0.0
-1.67
9.67
9.67
3.0
8.33
12.67
10.33
16.67
7.0
9.67
4.0
14.67
9.0
6.67
9.67
20.67
7.33
11.33
14.67
8.0
6.0
1.0
-0.33
7.33
3.67
8.67
4.33
12.67
4.67
8.67
8.67
-3.0
5.67
-2.33
1.0
6.33
8.33
9.33
10.33
11.0
12.33
11.33
-0.33
9.0
3.0
8.0
1.33
4.67
9.33
5.67
6.33
5.33
3.67
12.33
3.0
1.33
8.0
15.0
-4.33
3.33
6.67
2.67
7.33
12.33
4.33
10.67
15.33
8.0
-7.0
-5.67
3.67
7.67
15.33
8.33
16.0
-3.0
1.67
2.0
6.0
23.67
12.67
37.67
10.67
15.0
33.0
37.67
31.67
46.33
51.33
65.0
60.33
56.33
76.67
112.67
116.0
111.33
152.0
144.0
172.33
172.33
187.0
201.0
231.67
229.0
241.0
224.67
246.33
237.0
250.0
222.67
239.67
224.33
208.33
209.0
224.33
186.67
165.0
169.33
172.0
140.0
138.0
88.67
72.0
79.67
69.33
46.67
45.67
33.33
32.33
19.0
17.33
18.0
24.33
15.0
16.67
10.67
10.67
16.67
13.33
8.33
17.33
25.0
15.33
7.33
23.33
3.67
9.33
18.33
6.67
5.0
13.0
11.67
1.67
14.67
16.0
18.0
13.33
0.0
11.33
1.0
7.67
13.0
16.0
2.33
8.67
7.67
6.33
9.0
-1.33
0.0
10.0
4.67
11.0
-3.67
9.33
18.33
15.0
-4.67
8.67
6.33
-8.0
-1.33
-6.33
4.67
-1.33
12.0
9.67
4.33
-1.33
12.0
7.0
-3.0
6.33
12.67
3.0
-6.33
-3.33
4.67
10.33
7.0
6.33
-0.67
2.0
8.67
9.33
2.33
-0.67
6.0
-6.67
4.0
3.33
17.0
7.0
7.33
7.0
5.33
11.67
4.67
14.0
-6.67
10.33
4.67
11.0
8.67
3.0
11.33
3.33
2.67
5.0
8.67
15.33
8.33
-2.0
8.33
-2.33
-0.33
8.33
3.67
16.33
11.33
11.67
9.67
7.67
1.67
7.67
6.0
6.33
4.0
14.33
1.67
6.0
10.33
2.33
-0.67
13.67
-4.67
4.0
1.67
12.67
-2.0
5.33
1.0
5.0
-3.33
7.0
14.0
9.33
10.0
-7.33
-3.0
12.0
1.67
1.67
-5.33
5.67
5.67
-9.0
6.67
2.67
4.33
-0.67
2.67
7.33
2.33
12.0
8.67
9.0
14.33
16.0
10.67
-3.67
6.67
-1.0
0.67
8.67
5.67
4.67
11.67
-3.33
4.0
9.33
0.0
10.67
5.33
15.0
6.33
-11.33
-4.0
14.33
-2.33
15.67
2.67
27.0
-12.67
16.67
0.67
15.0
21.0
2.0
0.67
9.67
10.0
13.0
-6.33
10.67
-6.33
6.0
6.67
8.0
5.0
4.0
-18.67
2.67
6.0
-3.0
-4.33
9.33
7.67
13.67
4.67
-4.0
-5.33
12.0
4.33
0.67
9.33
-0.67
5.67
5.67
-2.33
0.67
-1.0
17.0
9.0
-2.67
4.0
11.33
-1.67
8.67
1.33
4.0
6.33
9.67
9.0
2.67
-0.67
-6.67
-8.67
-5.67
4.0
-0.67
10.67
2.33
15.67
4.33
-2.0
16.33
1.0
3.0
2.0
1.67
10.67
2.33
9.67
8.67
16.0
12.33
7.33
5.0
16.67
11.33
12.67
6.33
9.67
0.0
11.67
17.67
7.33
10.33
12.0
4.67
1.0
6.67
23.0
6.33
19.67
-3.0
8.0
29.33
-2.33
6.0
-2.33
-2.33
4.0
13.0
-2.67
7.0
5.33
-0.33
0.67
4.33
0.33
3.67
-4.0
9.0
5.0
5.67
-5.0
0.33
8.0
-10.33
-1.0
4.67
11.33
8.33
18.0
-5.0
10.33
1.33
-6.67
3.0
13.0
-5.0
-3.0
5.33
-3.33
-1.0
5.0
-2.33
-8.0
1.0
2.33
4.0
-4.67
0.0
5.67
2.67
16.0
-1.67
2.67
4.67
4.67
-8.0
4.33
4.33
1.67
-6.33
6.33
1.67
7.33
3.0
-0.67
11.67
10.33
-0.33
-8.33
8.67
3.67
9.67
4.0
2.67
1.33
-5.67
1.67
-0.33
-7.0
12.67
-5.33
6.67
-3.33
2.0
5.0
-1.33
-4.0
-7.33
-8.0
11.33
-10.67
2.33
-2.33
2.67
-7.67
-5.33
11.33
2.0
7.33
6.0
-1.33
-2.0
7.0
-2.33
6.67
-1.0
6.0
-5.0
6.33
3.0
6.33
3.0
3.0
-9.67
-0.33
24.33
7.33
12.67
0.0
-1.67
-2.67
16.33
10.33
2.67
13.67
0.33
4.67
5.67
18.0
8.33
6.67
11.33
2.0
15.0
14.0
6.33
15.0
1.33
12.0
14.33
4.33
-2.0
5.33
10.67
13.33
12.0
7.0
5.33
7.0
-2.67
9.33
12.33
-1.0
0.33
-4.67
-1.33
11.0
9.67
6.67
-6.67
2.33
14.67
-4.33
-1.0
-6.67
10.33
11.0
3.0
-4.67
6.67
-3.0
4.67
-0.33
7.0
1.67
11.0
5.67
-11.67
2.67
4.33
4.33
-1.67
-5.33
3.0
-1.33
6.33
-2.0
-6.0
4.0
-1.33
0.0
10.33
-4.67
2.67
2.33
2.0
1.67
5.33
0.67
3.0
5.67
1.67
4.67
2.33
-7.33
-4.67
-1.0
-3.67
6.67
-4.33
2.67
-3.0
1.67
2.33
0.33
-1.0
-0.67
2.33
-4.0
-6.33
2.33
13.0
-4.0
-7.0
0.33
-4.33
-1.0
0.67
-6.33
0.67
0.0
4.0
4.0
7.33
0.67
-4.33
12.0
7.0
4.67
0.67
-1.33
1.0
-4.67
4.67
-0.67
4.0
-4.33
5.33
-4.67
5.0
4.67
3.33
3.0
8.0
-1.67
-8.33
2.0
2.67
9.33
-1.33
1.33
-0.33
-6.0
-4.33
4.67
4.0
0.67
2.0
5.0
-4.67
5.67
3.0
4.67
8.33
4.33
4.0
5.0
3.0
7.67
6.33
-6.33
7.67
1.33
5.0
3.0
6.33
9.67
-1.33
-1.0
10.0
18.33
1.33
11.67
3.33
3.33
4.67
5.67
6.67
0.0
8.67
5.0
8.0
-3.33
4.67
4.0
1.0
6.0
4.67
-1.0
0.67
-3.0
-0.33
0.33
-1.33
0.67
5.0
5.33
-2.67
1.0
6.0
-5.33
0.0
1.67
-8.0
0.33
4.67
8.33
-0.33
4.67
7.0
-2.33
-3.0
-1.33
-7.0
-3.33
1.33
-3.0
2.67
-1.67
3.0
3.67
1.33
-2.33
0.67
-4.33
4.0
-2.0
2.67
-0.67
0.67
-3.33
-1.0
-5.0
1.33
1.0
-2.33
-4.0
6.0
-2.33
-4.33
-1.67
4.33
2.67
7.33
0.67
5.0
0.33
7.67
-7.33
-0.67
-1.33
1.67
-5.0
-4.33
-0.67
-9.0
3.0
3.33
0.33
1.33
1.33
-1.33
3.67
-3.67
-0.33
-0.33
-0.67
0.33
8.0
7.67
-0.67
2.0
-3.33
1.0
1.0
-1.33
6.67
3.67
4.0
1.33
-3.67
-5.67
-8.0
-3.67
1.33
2.33
-6.0
-2.33
-0.67
4.67
2.67
-0.67
-3.67
5.67
-2.67
3.67
-2.67
4.0
-4.0
4.67
2.67
1.67
-0.67
3.67
4.0
3.67
2.33
-2.67
5.0
-4.33
-2.0
-2.33
