0.0
4.0
-14.67
68.33
-4.0
-11.33
-31.0
102.67
53.33
-17.0
-105.67
-19.0
-71.0
-28.33
-64.0
-82.33
-70.67
-7.67
0.33
-33.33
-51.33
-4.0
-9.33
-15.0
-6.67
-16.33
10.0
-4.0
-2.33
-10.33
0.67
-7.67
2.67
1.67
-5.33
-3.67
1.67
-1.0
1.33
1.33
1.0
-1.0
-0.67
-0.33
-0.33
0.33
0.0
-0.67
2.0
-1.67
-0.33
0.67
-0.33
0.0
-0.33
0.0
-0.67
0.0
-0.33
0.0
0.33
-0.33
-0.33
-0.33
0.0
1.0
1.0
0.33
0.0
0.33
0.0
-0.67
-0.67
-0.33
0.0
0.0
-1.0
-0.33
-0.67
0.33
-0.67
1.0
1.0
-0.33
0.33
-0.67
-0.33
0.67
-1.33
-1.33
-0.67
2.0
1.67
0.0
-0.67
-1.33
1.67
1.67
1.67
1.33
-1.33
-1.0
-0.67
-0.67
0.67
2.33
-1.0
1.0
0.67
0.0
2.0
0.0
0.0
-1.0
2.0
-0.67
2.33
-3.0
0.0
4.0
-0.33
-1.0
-1.33
-3.33
7.67
-0.67
6.33
2.67
-3.33
0.67
3.67
2.0
-2.0
1.67
-1.67
-0.67
-1.67
1.67
2.33
-0.67
-0.33
6.0
-3.0
-5.67
9.0
3.33
-1.0
0.33
6.0
-1.0
6.33
2.67
-1.0
0.0
0.0
0.0
-4.33
-4.0
-7.33
-4.67
6.67
4.67
3.33
9.67
-0.33
5.33
0.33
-0.33
10.67
9.0
4.67
-0.33
5.33
-1.33
-4.33
-3.0
3.67
0.0
1.67
-2.33
-0.33
-4.0
2.67
1.0
-3.0
-4.0
4.0
0.67
0.0
4.67
-0.67
-5.67
0.0
1.33
0.33
-0.33
2.67
2.33
0.67
8.33
5.0
-5.0
7.67
5.67
2.67
1.67
-1.0
3.67
1.67
0.33
3.67
2.0
6.67
-5.33
3.0
9.33
-2.0
3.33
2.33
3.33
-5.0
1.33
3.67
-7.0
-3.0
-2.33
0.0
-5.33
0.33
0.33
-3.0
-2.33
4.67
0.67
6.33
7.0
3.33
4.33
3.33
-1.67
3.0
1.33
6.0
4.67
8.0
-2.67
1.33
0.33
1.33
-2.0
-4.33
7.67
5.33
10.67
-1.33
-2.33
0.33
-2.0
5.67
-2.33
3.67
2.0
0.33
4.33
-6.0
-3.0
-1.33
8.67
2.67
-3.67
1.67
-3.0
4.67
-1.33
5.33
3.67
5.67
5.67
5.33
3.0
6.67
-6.0
-0.33
-1.33
-3.67
2.0
-5.0
0.33
3.67
1.33
1.67
-1.33
0.67
1.67
5.0
8.33
3.0
-6.33
-1.0
-3.0
-1.33
2.67
-0.67
-4.67
2.33
1.0
-2.67
5.33
6.0
-3.0
-1.0
6.0
-1.67
-4.0
6.33
11.33
3.33
8.67
2.0
-2.67
-0.33
-5.0
6.33
10.67
3.67
0.0
7.33
5.0
-2.0
-4.0
9.33
5.67
-1.67
-5.0
0.67
-2.0
3.0
4.67
8.67
8.33
3.0
0.0
0.0
2.0
0.33
15.67
7.33
0.67
3.0
-2.67
2.0
6.33
4.67
3.0
-2.0
0.0
4.0
1.67
5.33
1.0
4.33
-5.67
2.33
4.33
6.33
3.0
-0.67
-1.0
-2.33
0.0
3.0
0.67
2.67
5.67
-1.33
7.67
-1.0
3.0
-1.67
2.0
-1.0
0.33
-0.33
-7.33
5.0
-2.67
-0.67
4.0
-0.33
0.0
0.0
12.0
-1.0
2.33
3.33
4.0
-3.0
0.33
-1.0
-2.33
2.67
-1.33
4.0
-3.67
-0.67
3.0
1.0
-2.0
-2.67
-5.0
2.0
1.67
-4.33
5.67
-0.67
-1.0
1.0
-2.67
-1.67
-2.67
-0.33
0.0
7.33
-1.33
-1.33
0.33
-0.67
-1.0
-2.0
-2.33
0.67
0.33
-5.33
3.33
-0.33
-2.67
8.33
-7.0
-3.67
-3.33
-6.33
3.33
-0.67
-5.33
1.0
-3.33
4.0
1.33
4.0
-4.0
-4.67
2.33
3.0
2.0
-1.33
2.33
3.33
4.0
2.0
3.33
4.67
1.33
-2.67
-0.33
6.0
1.0
-2.33
-2.33
-2.0
0.33
-0.33
1.0
4.0
1.67
-1.0
3.67
-1.0
0.0
3.0
-1.33
-2.67
-0.33
2.0
-1.0
2.33
3.67
2.67
4.67
0.33
0.67
-2.0
6.67
3.33
0.67
0.33
3.0
-3.0
4.33
3.0
-1.33
-3.0
-3.67
-5.0
-5.0
-5.33
-6.33
-4.33
-3.33
0.67
0.33
4.67
2.33
3.33
-2.67
3.67
-4.0
0.33
-0.33
-3.33
0.67
3.33
3.33
1.0
-2.67
2.0
2.0
4.0
3.0
2.67
-2.0
-1.33
3.0
-2.33
-3.33
1.67
1.67
3.33
-5.33
-0.33
1.0
5.33
1.67
-0.33
5.0
-4.67
-0.67
-0.67
-4.0
3.33
8.0
3.33
-1.33
0.67
-2.0
-0.67
-4.67
0.67
1.0
-1.33
-3.0
-1.67
3.0
1.33
0.67
-4.33
-2.67
2.67
-5.0
1.0
-2.67
2.33
7.67
6.0
4.67
-4.33
4.0
-2.0
-4.0
-0.33
0.33
1.0
-0.67
-2.33
-4.33
3.0
-3.67
1.0
2.33
1.67
0.33
-2.0
3.33
-1.0
3.0
-3.67
-0.33
-3.33
-0.33
0.33
-2.33
-2.67
1.33
1.0
-1.0
-3.0
6.33
6.33
1.67
1.0
0.33
-2.33
-2.33
-4.0
7.67
2.67
-0.33
1.33
3.0
5.0
-1.0
0.67
1.33
4.33
0.67
3.0
-3.67
1.67
0.0
2.0
-2.0
-1.0
-3.33
-2.67
-2.33
-4.33
2.0
0.67
-9.0
0.67
0.33
-2.0
-2.33
2.33
-3.0
-6.33
-1.33
-7.67
-4.0
-2.0
0.33
3.33
-4.67
-4.33
1.67
-1.33
3.33
-2.0
3.33
2.67
-6.0
5.67
-6.67
-2.0
-2.0
-1.33
0.67
-4.33
6.67
-5.67
0.0
-2.33
-3.33
-1.33
4.33
-3.67
-2.0
-0.67
-3.33
-0.67
3.0
-3.33
2.67
-3.0
-1.0
0.67
2.67
-2.33
-1.33
-1.0
-5.0
-4.0
-4.33
-3.67
-3.67
-1.33
-1.33
2.33
3.0
-4.33
-1.33
-3.0
-4.67
-5.33
3.0
-1.67
-4.67
-8.67
-4.0
2.33
0.33
-5.67
2.0
-0.67
0.67
-3.33
-3.0
-2.67
-5.67
-2.33
-7.67
-1.67
-6.67
-1.33
-0.33
-3.33
-2.67
-0.33
1.33
-7.0
-5.33
-0.33
-3.33
1.33
-9.67
-4.67
0.33
-6.0
-4.0
-7.0
-2.33
-4.0
-5.0
-5.33
-3.0
-6.67
-7.33
-2.33
-6.0
1.0
-3.67
-1.67
-5.67
0.67
-2.67
-4.33
-3.0
-3.33
1.33
-8.33
-6.0
-3.33
-1.67
-12.0
-11.0
-2.0
-8.67
-8.33
-5.33
-7.33
-7.33
1.67
-6.0
-6.0
-5.67
-9.67
0.33
-3.0
-8.33
-6.33
-7.33
-10.33
-4.67
-5.67
-2.33
-11.33
-8.67
-6.33
5.33
-7.0
-8.67
-12.33
0.0
-2.67
-5.0
-6.0
3.33
1.33
-6.0
-11.33
-4.0
-8.67
-5.0
-7.0
-8.33
-9.33
-4.0
-3.0
-2.67
-3.67
-8.67
3.33
-7.0
-4.67
-5.67
-1.33
-5.33
-6.33
-6.67
-11.33
-7.0
-7.33
-6.0
-15.33
0.67
-7.0
-9.0
-0.67
-2.0
-4.0
-5.33
2.33
-7.33
-17.33
-6.0
-7.67
-0.33
2.33
-4.0
0.33
-5.0
-6.33
-6.67
-0.67
-12.67
-5.0
-5.67
-15.33
2.33
-4.33
-2.33
-10.67
-6.0
-12.0
-11.0
-10.67
-9.0
-9.67
-9.67
-3.67
-1.0
-3.0
-12.0
-10.33
-4.33
-6.33
-4.67
-6.0
-6.33
-2.33
-7.0
-7.33
-5.0
-6.33
-6.0
-9.0
-0.67
-7.67
-12.33
-14.0
-4.0
-2.67
-11.0
-15.0
-7.0
-12.33
-10.33
-9.67
-8.67
-8.0
-4.0
-5.67
-1.0
-8.33
1.33
-3.0
-7.0
1.0
-7.0
-5.0
-4.33
-2.0
-5.33
-11.67
-9.33
-11.33
-6.67
-3.33
-8.0
-4.67
5.0
-2.67
2.0
-11.0
-10.33
1.33
-3.67
-5.0
-8.0
0.0
-1.67
-12.33
-6.33
-7.0
-6.33
-8.33
-0.67
-6.67
-10.67
-13.67
-3.67
-11.67
-5.67
5.33
10.0
7.33
0.0
-2.33
-6.67
-6.67
-0.33
-10.33
-2.33
-12.33
-12.0
-0.33
-6.33
-4.33
-4.0
-3.0
-4.67
-4.67
-0.67
-11.33
-1.0
-17.67
-6.0
-2.0
-8.67
-12.33
2.33
-4.67
-1.67
-2.33
-16.0
-10.33
-2.33
-7.0
-8.67
1.33
3.67
2.67
-10.0
-4.33
-1.33
-4.0
4.0
0.67
10.33
-10.33
-1.67
-2.67
0.67
3.0
0.67
3.33
-12.0
-4.67
-1.67
-7.0
-0.67
-4.0
0.0
3.0
-3.33
-10.0
-2.33
7.67
-6.33
1.0
-0.33
6.0
0.33
3.33
5.33
4.0
-0.33
0.67
2.67
-7.67
-6.67
-10.0
5.67
4.0
-3.0
0.67
7.67
8.0
3.67
-1.33
10.0
5.67
7.67
12.0
4.67
2.0
22.67
25.33
18.33
15.33
33.0
29.33
11.67
39.0
33.67
29.67
26.67
39.67
30.33
35.67
32.67
41.67
34.67
25.67
31.0
16.0
33.33
23.67
21.0
9.33
17.0
7.33
-2.33
1.0
8.33
-7.0
0.0
-2.67
2.0
6.0
-7.0
-2.67
-4.33
0.0
-3.33
3.33
6.33
5.67
8.33
3.33
3.67
8.0
-4.67
-6.0
10.33
-4.67
-5.67
6.33
-3.0
3.67
2.67
4.33
0.0
-0.67
4.0
12.0
12.0
2.67
0.33
1.0
12.33
-5.67
3.33
3.33
7.0
9.0
7.0
1.33
1.0
1.33
10.0
1.67
1.0
13.0
17.0
-3.33
-4.67
3.0
7.67
-7.0
-4.0
3.33
8.33
1.33
-1.33
2.0
-3.0
2.67
12.33
7.33
0.33
0.0
7.67
-3.33
6.0
2.33
1.67
14.0
10.33
-3.67
4.0
12.0
-5.0
1.67
3.33
3.67
-4.33
5.33
0.67
-0.67
8.33
6.0
2.33
22.0
-1.67
-9.33
-5.67
24.67
-6.0
2.0
9.33
3.67
4.0
21.0
0.67
2.67
-1.0
6.0
11.0
9.67
2.0
1.67
-4.67
4.33
0.33
16.67
14.67
0.0
6.33
14.0
4.67
6.33
3.33
0.33
3.67
14.0
16.33
3.33
13.33
5.67
4.67
14.0
-3.0
7.67
8.0
12.33
2.67
1.33
14.67
13.67
0.33
6.0
8.67
7.33
4.67
0.0
8.0
7.33
16.67
1.67
12.33
8.0
6.33
1.33
2.0
12.67
-0.33
5.67
1.0
6.0
5.33
-3.33
-1.33
0.0
0.33
13.67
6.33
8.67
9.0
8.67
8.0
18.67
5.0
7.67
15.67
5.67
0.33
3.33
8.67
11.0
0.0
11.0
-0.33
13.33
4.67
3.67
13.33
3.67
14.67
2.67
6.67
15.0
13.67
3.67
16.0
11.33
6.33
6.33
6.33
0.0
7.33
-0.67
2.67
-2.0
7.0
11.0
4.33
12.67
6.33
16.67
11.33
6.33
5.67
10.33
10.0
7.33
4.0
-3.0
-0.33
4.33
11.67
8.67
15.33
6.33
4.33
4.67
5.33
11.0
7.0
6.33
7.67
3.67
5.33
1.33
13.0
13.0
7.67
0.0
11.0
12.67
26.67
18.67
3.67
33.0
44.0
38.67
55.67
41.33
52.33
61.0
75.33
75.33
97.67
97.67
126.0
135.33
180.0
177.0
188.33
205.33
232.0
250.0
239.67
226.0
264.0
259.67
291.33
243.0
277.0
277.67
271.67
263.33
261.33
251.0
285.33
229.67
197.0
231.33
144.0
150.0
147.0
121.67
90.0
87.67
70.33
69.67
57.67
57.33
56.33
12.0
31.33
22.0
17.33
18.0
3.67
13.67
12.67
16.67
-3.67
9.33
4.33
9.0
17.33
13.33
18.33
16.67
4.33
16.33
9.67
9.0
21.0
3.67
4.67
8.67
13.0
-3.0
13.33
7.0
2.33
-7.0
4.67
7.0
12.0
16.33
7.67
-3.33
0.33
2.0
-1.33
0.0
4.0
11.67
8.0
-2.67
3.33
-5.67
4.0
-6.67
-0.33
12.33
1.0
-1.33
-3.33
1.67
7.67
16.0
-2.33
8.33
-5.33
3.0
3.0
-1.0
7.33
10.67
9.0
-0.33
-0.33
-7.33
11.33
16.0
14.33
6.33
15.0
0.67
5.33
6.33
3.33
16.0
-12.67
8.0
-3.67
7.0
8.0
11.33
6.0
8.33
4.67
9.67
5.0
-14.67
8.33
17.67
8.0
12.67
2.0
2.33
-3.67
-4.33
2.0
13.67
-4.67
8.33
7.0
-2.67
6.67
2.67
-0.67
-6.33
-1.67
2.33
3.67
4.67
8.67
-0.33
0.67
2.0
7.33
-4.0
1.33
-4.33
13.0
8.33
-1.67
0.33
8.67
2.33
-8.0
4.67
10.67
3.0
-4.67
1.0
11.0
6.67
-5.0
8.0
-0.67
0.0
-6.33
4.0
10.0
0.67
-0.33
3.67
-11.33
-2.33
-2.0
9.67
-1.33
6.33
-4.67
11.67
-8.67
-2.67
11.0
-0.33
1.0
-0.67
18.0
2.67
-8.67
2.67
11.0
-11.33
6.67
6.67
-0.33
3.67
3.67
12.0
12.33
11.0
-3.33
3.33
12.0
-0.67
8.67
6.0
8.33
-5.33
-8.33
-3.33
3.0
3.33
-4.33
-9.33
11.0
10.0
7.0
2.67
12.67
15.0
-2.0
8.67
4.67
-1.33
-6.0
2.67
8.0
-1.0
-6.0
3.33
-4.33
-4.0
2.0
12.67
2.33
0.67
5.67
4.67
-6.0
-10.33
4.0
-1.67
-7.33
5.33
-3.67
6.67
-6.33
2.67
-2.33
-2.0
-2.0
12.0
-3.67
5.0
-2.67
4.33
3.67
-6.67
4.0
2.33
18.67
10.0
-0.33
-2.67
0.33
4.33
4.33
0.0
-1.67
15.67
1.33
7.67
2.33
-3.0
13.33
0.0
8.0
10.0
7.67
18.67
-0.67
13.67
10.67
10.0
3.33
5.33
14.0
9.67
19.33
8.67
0.33
13.67
4.0
19.67
18.67
0.33
12.33
7.0
15.67
10.0
5.67
18.0
1.33
10.67
5.0
9.0
7.33
5.67
-1.0
3.67
6.67
8.0
7.0
-7.67
11.0
8.33
2.67
3.67
11.33
-0.67
0.67
-4.0
-5.0
-1.0
-0.33
1.0
7.33
9.0
5.67
-5.0
3.67
12.33
-0.67
7.0
-5.0
3.33
-13.67
-3.67
0.0
-5.0
-11.0
-7.0
0.33
4.67
-4.0
-1.0
10.67
4.0
3.0
-3.67
-4.0
-7.67
-3.0
7.67
-1.33
4.0
5.33
8.67
-5.33
5.67
6.0
4.33
3.33
-2.33
-7.33
3.33
0.67
11.33
4.0
-10.67
0.67
2.33
-0.33
-3.33
5.67
0.67
-3.33
-4.0
3.67
1.33
-5.67
-0.33
7.67
-2.0
8.67
0.67
-3.33
-2.33
8.0
6.0
-5.33
-1.0
-6.33
3.0
13.33
-6.67
-8.67
3.67
9.67
-1.67
5.67
5.33
0.0
6.33
3.0
0.67
0.0
7.0
-6.33
1.67
0.0
-8.0
8.0
-0.67
5.0
4.33
6.0
18.0
9.33
5.67
11.33
8.33
17.67
-3.0
7.33
4.33
14.33
5.33
6.67
13.67
17.33
5.67
9.67
3.0
8.33
8.67
15.33
10.0
10.0
19.0
15.33
4.0
15.33
20.0
1.33
-0.67
2.0
21.33
16.67
9.33
9.0
-3.0
4.33
4.0
1.33
10.33
4.33
7.0
7.33
-3.67
-9.33
-7.0
8.67
8.67
-4.67
3.33
8.67
2.67
6.0
-3.67
9.33
12.0
7.0
-0.67
-2.33
-10.0
1.67
6.67
8.0
-3.33
-11.0
3.67
-2.67
-0.33
4.33
-2.67
-3.67
-4.33
10.0
-6.33
3.33
5.0
3.0
3.0
-6.33
18.0
9.33
-4.67
5.67
3.33
-6.0
8.67
6.33
-5.33
7.0
7.67
-4.33
-7.33
-0.67
1.67
-6.67
-1.0
-3.67
2.67
-2.33
4.67
6.0
2.67
3.33
-4.67
3.0
-2.67
2.33
8.0
-0.33
-2.67
9.0
-1.0
-7.0
1.33
0.67
3.0
8.67
1.67
-1.33
0.0
4.0
-4.0
-1.67
-1.33
-6.33
4.0
-8.0
2.67
-0.33
-0.33
5.0
8.33
2.67
3.33
6.0
0.67
2.33
0.33
-1.0
1.67
-2.67
6.0
-8.0
-0.67
-1.33
3.0
2.67
0.33
1.67
-0.67
2.67
-6.0
-7.33
6.67
-3.0
7.67
3.0
-1.0
-0.67
9.67
11.0
0.67
-1.67
1.33
-7.0
5.0
4.0
5.67
-0.67
5.67
3.67
2.33
8.0
12.0
7.33
6.67
-2.33
11.0
4.0
5.33
5.33
-2.33
5.33
8.33
5.67
6.67
-0.33
-3.0
1.67
4.0
12.0
9.67
-1.33
2.0
6.0
-1.0
4.67
1.0
5.67
4.0
2.67
-0.67
0.67
6.67
0.0
1.33
-7.67
2.0
2.0
7.67
8.0
2.67
5.0
4.33
0.67
2.33
-2.33
1.67
-3.0
-5.33
2.0
2.67
0.0
2.67
6.33
-9.0
1.67
-4.67
-1.0
4.67
4.33
5.67
-3.33
2.67
0.0
0.0
0.67
-2.67
-0.33
-0.33
0.0
-5.0
9.33
-2.0
-1.33
-2.0
-3.0
-1.33
1.67
7.33
0.33
-1.33
-1.67
2.67
1.0
-1.67
8.67
-3.33
3.33
-3.33
0.67
-4.0
0.67
1.33
-3.0
1.0
2.33
5.33
-5.67
3.33
4.67
2.67
-0.67
-2.33
-2.33
-6.67
1.33
1.0
4.67
-1.67
5.0
-0.33
3.0
6.0
-0.33
-5.33
-3.33
0.0
-0.67
-6.67
2.33
1.0
-1.67
0.33
0.33
1.0
-0.33
2.33
-0.33
-0.33
4.33
1.33
1.67
4.33
3.67
0.33
4.0
-3.0
2.67
6.67
4.67
0.33
3.67
4.0
-3.33
2.33
-0.67
4.0
-2.33
3.0
0.67
