0.0
42.0
-12.67
54.33
16.0
-91.33
-8.0
109.67
121.33
43.0
-17.67
47.0
38.0
103.67
-5.0
-12.33
-13.67
53.33
2.33
-12.33
-0.33
27.0
-5.33
-41.0
-10.67
-3.33
-6.0
12.0
-6.33
-8.33
6.67
-7.67
-2.33
1.67
-2.33
0.33
1.67
3.0
2.33
-0.67
0.0
-2.0
-1.67
-0.33
-0.33
-0.67
1.0
0.33
1.0
-1.67
-0.33
0.67
0.67
-1.0
0.67
0.0
-0.67
0.0
-1.33
1.0
-0.67
1.67
-0.33
0.67
0.0
0.0
2.0
-0.67
1.0
-0.67
1.0
-0.67
-0.67
0.67
0.0
0.0
-1.0
-0.33
-0.67
-0.67
-0.67
0.0
1.0
0.67
-0.67
-0.67
0.67
-0.33
-1.33
-0.33
-0.67
1.0
-0.33
1.0
0.33
-0.33
1.67
-0.33
0.67
-0.67
-1.33
0.0
-0.67
-1.67
-1.33
-0.67
-1.0
-1.0
2.67
-2.0
-1.0
0.0
0.0
-2.0
1.0
-0.67
2.33
-3.0
-2.0
6.0
0.67
0.0
1.67
2.67
0.67
-1.67
2.33
0.67
3.67
-0.33
1.67
-2.0
-2.0
-0.33
-1.67
-2.67
1.33
0.67
-1.67
2.33
-4.33
-1.0
3.0
-3.67
8.0
-0.67
-3.0
0.33
-4.0
8.0
3.33
1.67
3.0
1.0
4.0
-2.0
-1.33
0.0
-1.33
-4.67
-3.33
0.67
-3.67
6.67
1.67
-0.67
4.33
-4.33
5.67
10.0
1.67
-1.33
-3.67
-2.33
-6.33
-6.0
4.67
2.0
-1.33
-7.33
-1.33
-2.0
2.67
-5.0
-9.0
-11.0
5.0
-2.33
-3.0
0.67
-1.67
2.33
3.0
-1.67
-1.67
8.67
6.67
0.33
2.67
-1.67
2.0
-4.0
5.67
-3.33
0.67
3.67
-4.0
2.67
2.67
8.33
1.67
6.0
-2.33
-0.33
5.0
-0.67
-7.0
0.33
2.33
1.33
-4.0
-2.67
4.67
-10.0
-4.0
8.67
-1.0
-6.33
-5.67
-0.67
2.0
7.67
3.67
1.67
-4.67
3.0
-4.67
-6.67
3.33
-0.67
1.0
-4.67
-1.0
-3.33
4.0
-0.67
3.33
7.33
2.33
2.0
-1.33
-0.33
-2.67
1.67
1.67
3.67
4.33
-8.0
-3.33
1.67
2.67
1.0
-0.67
0.33
0.0
-4.0
2.67
-0.33
2.67
-2.67
1.67
-3.0
3.67
-2.33
8.33
-3.33
2.67
3.67
5.33
-2.0
3.67
-4.0
-2.33
0.67
6.33
-4.0
10.0
-0.67
10.67
7.33
2.67
2.67
-1.33
1.67
6.0
-3.67
-1.0
-1.33
-1.0
-3.0
3.67
10.67
-3.67
3.33
-3.67
0.0
1.33
-0.67
-3.0
-4.0
1.0
2.0
-1.67
4.0
8.33
-5.67
-1.67
2.67
-2.0
-5.67
-0.33
-2.0
5.33
0.67
7.67
4.0
1.33
4.0
2.0
-4.0
2.33
-0.33
3.33
13.0
-1.33
2.0
4.0
10.67
3.67
-4.67
-5.0
-1.0
1.0
5.0
4.33
5.67
5.33
1.67
-1.0
1.33
1.0
0.33
5.67
1.0
2.0
4.0
2.0
6.67
1.33
4.0
5.33
2.33
-1.67
1.33
-0.67
1.0
-3.67
-3.0
-0.33
2.0
4.0
3.67
-0.33
2.67
2.67
6.67
1.0
1.0
0.33
6.0
0.0
0.33
1.67
-0.33
2.0
-4.67
-6.67
2.0
2.67
-1.0
8.0
2.0
3.0
4.33
7.33
1.0
-2.0
0.33
1.0
3.67
-0.33
-0.33
2.0
-2.67
-3.67
-6.0
0.0
4.0
-1.67
-1.0
0.0
2.67
2.67
7.67
-2.67
2.0
-2.0
2.33
1.33
-2.67
-3.33
-3.0
3.33
4.67
-2.33
4.33
-1.67
-1.0
-2.0
-3.33
-2.33
1.33
-0.33
5.33
-0.33
-2.67
1.33
-2.0
2.33
-1.33
-2.33
1.33
-1.67
-2.33
2.0
-1.33
-2.0
-2.67
-5.0
4.0
2.33
0.33
-3.0
2.0
-5.33
-1.67
0.33
-3.0
4.0
0.33
1.67
5.33
-4.67
-2.33
0.0
0.0
-1.33
2.67
1.0
0.33
-2.33
2.0
3.0
4.67
3.0
2.67
2.0
-2.0
-1.0
1.67
-0.67
-1.33
3.0
4.0
4.33
1.67
-0.33
1.67
7.33
-1.33
8.0
-1.33
-0.67
-0.33
-0.67
3.0
-5.0
-2.67
-1.0
0.67
-2.0
-0.67
-2.0
-4.0
-5.33
2.67
-3.33
-1.33
-3.33
-2.67
-2.33
-3.67
-1.67
-2.67
-0.33
-2.0
2.33
2.67
0.67
1.67
6.33
-2.67
5.0
0.33
0.0
5.0
0.0
-3.0
-0.33
-1.0
-1.33
2.0
0.67
1.67
-0.33
-1.33
1.33
-1.33
-3.33
-2.0
-0.67
-1.33
0.67
-1.0
-2.67
-2.67
3.33
1.0
0.33
0.0
-0.67
-4.33
0.67
6.0
-3.67
4.33
-1.33
3.0
-2.33
-3.0
-1.67
2.0
-4.67
0.67
-1.33
-0.67
-2.33
-3.0
4.0
-3.67
1.33
-0.33
0.0
-0.33
-4.33
-2.0
-4.0
-2.0
-1.33
1.33
0.0
-0.67
-3.33
-3.33
6.0
2.33
3.0
-0.67
-1.33
1.33
-4.0
-2.67
-3.0
0.0
-1.67
-1.33
0.67
0.67
2.33
-1.33
-4.67
2.33
-2.0
0.0
1.0
1.33
0.33
-2.33
1.0
-2.67
-0.33
-1.33
-1.0
1.67
-0.33
-4.33
3.33
8.0
-3.0
-3.0
-2.33
1.33
5.33
-1.33
2.0
-3.67
-1.33
-1.0
3.0
-1.0
-3.0
-0.33
-1.67
1.67
-1.33
1.0
1.67
-8.0
2.67
-0.67
-1.0
-1.33
-5.67
-5.0
-7.33
-5.33
-5.67
4.0
-1.0
1.33
1.33
0.33
-3.33
-0.33
-2.33
-2.67
-6.0
-1.67
0.67
-5.0
-0.33
-5.67
-3.0
-4.0
-6.33
-0.33
-5.33
-2.33
-2.67
-5.0
-3.33
-1.33
-1.33
1.33
-3.67
-7.0
1.33
-2.33
-1.67
-2.0
-8.33
-4.33
-7.0
-2.0
-3.33
-1.33
1.67
-2.33
0.0
-6.0
-5.0
-5.33
-5.67
-4.67
-4.33
-3.33
2.33
-7.0
-3.33
3.67
-3.0
-1.67
-0.33
2.0
1.33
4.33
-5.67
-3.0
-2.67
0.33
-5.67
-2.0
-3.67
-3.33
-1.33
-1.0
-5.67
-6.67
-6.33
-6.67
-4.67
-6.67
-3.33
4.67
-9.33
-1.67
-1.33
-2.67
-6.0
-5.33
-0.33
-6.33
-6.67
-11.67
-5.67
-4.67
-8.0
-4.0
-11.0
-9.33
-11.0
-5.0
-7.33
-1.0
-2.67
-2.33
-3.33
-6.0
-5.0
-1.67
-10.67
-6.67
-4.33
-3.67
-6.33
-6.0
-2.33
2.33
-7.33
-3.0
-4.33
-1.67
-9.0
-4.0
-4.0
-9.67
-0.33
-9.33
-2.33
-10.33
-6.33
-8.0
-6.0
-2.67
0.33
-0.67
-3.0
-2.33
-5.33
-7.33
-11.33
-3.67
-0.67
-1.33
-9.33
-9.67
-1.33
3.33
-12.0
-11.67
-8.33
1.0
-11.67
-8.0
-2.0
-3.67
-8.67
-10.0
-6.33
1.0
-8.67
0.0
-6.0
0.67
-5.33
-5.0
1.0
-2.67
4.33
-15.67
6.33
7.0
-3.67
1.33
11.67
15.67
-1.33
6.33
-7.33
5.0
0.67
-6.0
0.67
3.67
-9.0
-4.0
-7.67
-1.0
0.0
-7.33
-5.67
-13.33
-17.33
-4.0
-6.67
-2.33
-6.67
-1.0
-1.67
-6.0
-7.33
-6.67
-9.67
-7.67
-9.0
-0.67
-6.33
0.33
-11.33
-8.33
-7.67
-6.0
-11.0
0.0
-12.67
-5.0
-3.67
-9.67
4.33
-7.0
-6.0
-11.0
-9.33
-11.33
-11.33
2.33
-12.0
-8.33
-7.33
-12.0
-5.33
2.0
-8.33
-8.0
-7.0
-10.67
-12.67
-8.33
-10.0
-10.0
-4.67
-7.0
-9.0
-2.0
-4.33
-12.33
-10.67
-2.67
-12.0
-9.0
-4.67
-9.0
-11.33
-8.67
-11.0
-12.0
-3.0
-9.0
-6.0
-3.33
-12.0
-12.33
-16.67
-14.33
-18.33
-13.67
-9.33
-8.0
-10.67
-11.0
-2.67
-6.0
-12.0
-13.33
-3.67
-9.67
-1.0
-2.0
-1.0
-4.67
-10.33
-7.33
-10.0
-6.33
-10.33
-6.67
-8.67
-3.67
-8.67
-8.67
-6.67
-13.67
-6.67
-10.0
4.33
-10.0
-3.33
7.33
-3.67
-4.33
-5.33
-9.33
-6.33
-9.0
-8.33
-6.33
-7.33
-9.0
-9.0
-10.67
-8.67
-10.67
-14.33
-2.0
-16.67
-3.0
0.0
-6.67
-12.33
-5.67
-5.67
-4.67
-9.33
-11.0
-7.33
-6.33
-9.0
-4.67
-9.67
-6.33
-4.33
-4.0
-7.33
-1.33
-5.0
-8.0
-5.33
3.33
-7.33
-7.67
-9.67
-1.33
-14.0
-8.33
-1.67
-13.0
-7.67
-9.67
-14.0
-11.67
-4.0
0.0
-4.0
-4.33
-13.0
0.67
-7.33
-1.33
-4.0
-2.33
0.0
-6.67
-1.67
-4.67
-5.0
-1.33
-3.33
-5.33
-9.67
-8.67
-12.0
-2.33
-3.0
-5.0
5.67
4.67
-7.0
9.67
-4.33
5.0
-4.33
-6.33
4.0
6.67
-1.0
6.67
12.33
2.33
17.33
3.0
12.33
10.67
23.0
17.67
9.67
14.67
19.67
25.33
14.67
11.67
12.67
13.67
12.67
7.0
9.0
12.33
12.67
4.0
7.33
-7.0
5.33
-0.33
-5.0
1.33
-3.0
-5.0
-1.67
2.0
1.0
-15.0
-6.67
-3.33
-9.0
-6.33
1.33
-1.67
0.67
2.33
-1.67
-7.33
-9.0
-2.67
-5.0
-1.67
-8.67
-4.67
-1.67
-3.0
-0.33
-6.33
-12.67
-9.0
-5.67
-3.0
-7.0
-3.0
1.67
2.33
-6.0
6.33
-6.67
-9.67
3.33
6.0
5.0
1.0
2.33
2.0
-3.67
-3.0
-5.33
2.0
-4.0
1.0
-6.33
-2.67
-2.0
10.67
-7.0
-3.0
2.33
4.33
-0.67
1.67
-5.0
-8.0
-8.33
2.33
4.33
-4.67
-5.0
-4.33
-1.33
-3.0
1.33
1.67
2.0
-0.67
-5.67
1.0
-1.0
-5.0
4.67
-3.67
-2.33
-8.33
-0.67
0.67
2.33
-6.67
-7.0
-2.67
7.0
-3.67
-10.33
-3.67
0.67
6.0
0.0
-2.67
-1.33
3.0
2.0
3.67
-5.33
4.0
0.0
-4.0
2.67
-2.0
-0.33
10.33
0.33
0.33
5.67
5.67
-2.0
1.33
10.0
7.67
7.33
-9.67
-0.67
-3.33
5.0
-1.67
1.33
8.33
0.67
2.67
-1.0
11.0
-2.33
-1.0
6.33
-16.33
3.33
8.67
-6.33
-1.67
6.0
14.67
-3.67
9.67
8.0
2.0
8.33
-4.33
-1.33
0.33
6.0
2.33
-4.67
-1.0
1.67
-4.33
6.67
3.0
5.0
9.33
-2.33
-3.33
-6.0
-3.67
-1.33
4.33
-6.33
3.0
9.67
-6.0
12.67
4.0
4.67
4.67
4.67
1.33
-4.67
4.67
0.0
-11.0
-8.0
-4.33
-0.67
0.67
1.67
1.33
-0.33
6.67
-3.33
14.67
2.0
-7.33
-3.33
6.0
8.33
-3.67
-0.67
-8.67
3.0
1.33
-0.67
3.67
4.0
-3.0
-6.0
-2.67
10.67
1.33
11.67
1.33
7.33
0.67
4.33
8.0
-3.67
-5.0
0.0
-0.33
-0.67
0.67
7.67
6.33
6.33
11.33
11.67
15.33
7.0
-1.0
10.33
1.67
6.67
5.33
-1.67
6.0
-1.0
3.67
7.0
6.0
9.67
8.67
8.67
1.67
13.0
20.0
19.67
34.67
28.33
52.33
40.0
56.33
63.33
55.67
73.67
77.0
83.33
121.0
125.0
108.33
117.33
151.0
152.0
164.67
154.0
177.0
179.67
184.33
163.0
167.0
185.67
173.67
155.33
174.33
155.0
145.33
151.67
148.0
129.33
141.0
102.0
86.0
63.67
66.0
57.67
60.33
44.67
33.67
18.33
15.33
14.0
15.33
19.0
4.33
7.0
13.67
1.67
-3.33
5.67
2.33
9.33
4.33
8.0
5.33
-7.67
-2.67
9.67
5.33
3.33
1.67
-1.0
-2.0
-8.33
-1.33
1.67
-2.0
6.0
5.33
-2.0
14.33
-1.0
0.67
3.0
3.0
-1.67
11.67
-3.33
-3.67
1.0
-2.33
-6.0
10.0
9.67
13.0
0.33
5.33
-1.67
12.0
-9.67
-0.33
8.33
-3.0
-8.33
3.67
-6.33
-6.33
5.0
3.67
5.33
-7.33
4.0
1.0
10.0
11.33
9.67
-4.0
-0.33
10.67
-8.33
6.33
5.0
4.33
-0.67
-2.0
2.67
-0.67
2.33
6.33
-1.0
-0.67
5.0
2.33
-1.0
0.0
10.33
3.0
7.33
-1.33
-0.33
8.0
-7.67
-0.67
-2.33
21.0
-3.33
1.0
1.33
4.33
5.67
8.0
8.67
-4.67
7.33
-2.0
-1.67
-10.33
-4.33
10.33
4.67
-0.67
13.33
-5.33
4.67
3.67
-0.33
-3.33
-2.0
13.33
-5.0
-7.67
0.67
-5.0
2.33
2.33
-3.67
6.67
-2.67
3.0
-1.33
4.67
-7.0
-0.67
1.0
19.0
-0.33
-11.0
7.0
4.33
11.0
-7.33
7.0
-5.0
-1.33
4.67
-8.33
1.67
5.67
-5.0
-0.33
2.67
-2.67
10.33
-8.33
-1.67
-5.67
6.0
-0.33
-2.0
12.33
-8.0
5.67
-4.67
-12.33
2.0
-11.33
0.67
-1.33
-6.33
4.67
-6.33
5.0
8.33
3.0
2.67
-7.67
2.0
0.33
-4.33
-1.0
6.33
-7.33
-4.33
4.67
-5.0
-2.67
-9.33
-8.33
12.0
2.0
6.0
7.67
0.67
8.0
0.0
16.67
0.67
-12.33
21.0
0.67
-6.0
2.0
-1.0
-9.67
4.67
0.0
8.0
-5.33
9.33
-6.33
-2.33
5.67
14.0
11.67
-1.0
8.33
-9.33
15.33
0.33
-2.33
7.67
10.67
-0.33
-2.0
1.0
0.0
-7.67
4.0
-0.67
-13.67
2.67
3.33
3.0
-0.67
17.67
18.0
-0.33
8.33
4.33
2.33
-3.67
-3.0
-5.67
4.67
-5.67
1.67
-5.67
10.0
10.33
7.0
8.0
10.0
5.67
-0.33
3.33
-4.33
5.67
-2.0
-0.67
2.33
3.0
-13.33
10.33
14.67
-1.67
11.67
14.0
16.67
12.67
8.33
6.33
2.0
7.67
14.0
0.67
12.0
10.33
16.67
-3.0
3.0
4.33
-7.33
8.0
-2.33
2.67
7.0
6.0
-11.67
10.0
5.33
-12.33
-1.33
6.33
-3.67
1.67
-8.0
-2.0
1.0
4.67
12.0
-7.67
-1.0
-6.33
6.0
-3.33
5.33
1.33
12.0
-3.0
-5.67
0.33
4.33
4.0
-7.0
-6.0
-7.0
-2.67
11.67
-1.0
-1.0
-11.33
-4.0
0.0
0.33
2.0
2.33
-2.0
6.67
-2.33
-1.0
5.33
7.67
-0.33
10.67
-11.0
3.33
2.33
13.67
-13.33
-3.67
-12.33
6.33
-2.0
1.33
-4.33
10.33
-7.33
-8.33
2.67
11.67
7.67
14.0
2.67
-1.67
-8.67
6.67
-2.33
0.0
1.67
-6.33
-2.33
-4.33
5.0
-1.0
3.67
-2.0
-2.33
4.0
12.33
0.33
-1.67
-2.33
-2.33
6.33
0.67
8.33
6.0
16.33
5.0
-1.33
0.0
8.0
-6.33
4.67
0.0
-5.0
3.0
-0.67
2.0
0.33
2.0
4.0
-4.67
3.67
6.33
0.33
-1.33
3.0
3.33
4.33
10.33
12.33
-0.33
3.67
4.33
0.67
-1.33
-3.0
7.33
1.67
2.33
-8.0
2.0
17.0
7.33
14.0
6.33
1.0
4.33
-5.67
1.0
9.33
10.67
0.33
-11.0
-5.0
6.33
3.0
2.33
0.33
0.33
8.0
5.33
3.33
2.67
8.0
1.67
-8.33
-6.67
2.33
8.67
-6.33
1.0
4.33
2.33
4.0
2.0
1.33
1.67
-1.0
-4.33
0.67
9.0
0.67
-3.0
5.67
-3.67
-3.33
6.33
1.33
-4.67
2.67
2.0
-5.33
-4.67
7.0
-7.0
4.0
-0.33
2.0
8.33
1.33
-0.33
1.33
5.0
1.67
1.33
-6.33
3.0
7.67
2.67
-8.33
0.33
-5.33
7.33
-2.0
-5.67
-3.33
-7.33
-5.33
4.0
5.67
-3.67
-0.67
-6.0
4.33
-2.67
2.0
8.67
3.33
4.0
1.0
-5.0
-3.67
1.67
-11.0
4.67
-5.33
-3.33
4.0
-1.0
-7.0
4.33
-3.33
3.67
5.0
5.0
2.67
8.67
-4.33
2.0
8.33
-1.33
1.33
-3.0
-1.33
-5.67
2.33
5.0
2.67
-7.67
2.0
-4.0
-4.67
-4.33
-1.0
-2.33
2.33
-0.33
-2.67
4.67
-5.0
-1.33
6.67
5.0
9.67
-3.0
1.0
-0.67
8.67
2.0
3.67
-5.67
-1.67
-2.0
7.0
-5.0
-0.33
6.33
-0.33
5.67
-5.67
-3.0
6.0
0.33
-0.33
-0.33
20.0
3.0
0.33
-5.67
-1.33
1.33
4.33
2.67
4.67
1.67
1.0
1.67
0.0
9.0
0.67
-2.33
2.0
-3.0
2.0
-5.33
4.0
1.67
-4.0
4.67
3.33
-1.33
-1.33
-2.0
2.33
3.33
-1.0
4.0
-7.33
3.0
6.67
-7.0
3.33
-0.33
0.33
4.67
-5.33
1.0
-0.33
3.0
2.67
-8.0
-1.33
1.33
-4.0
-2.33
-1.67
5.0
-0.33
-3.67
-1.33
-3.33
-3.33
-3.0
-5.0
0.67
-0.67
-2.33
-3.33
-3.0
0.0
1.33
-2.0
4.67
1.0
6.0
0.67
-2.33
-0.67
2.33
-3.33
1.33
-2.33
1.0
-0.67
5.67
-0.33
2.33
2.67
11.67
-1.0
3.67
3.33
-4.0
5.0
-1.67
-0.67
1.33
3.33
7.67
-3.33
-2.67
0.67
1.67
-5.67
-0.67
6.0
0.67
1.33
0.0
0.67
1.0
-7.0
-4.33
0.67
-1.33
4.0
-1.67
-3.67
4.33
1.0
-0.67
-1.67
2.33
0.0
-6.33
1.33
-0.33
-0.33
-2.67
-1.67
-0.33
-1.67
3.67
4.33
2.0
-5.0
1.67
5.67
9.67
0.33
-1.33
5.0
1.67
1.33
3.33
3.0
-5.33
2.0
5.67
