0.0
-31.33
51.0
-24.33
60.67
-92.67
53.33
-155.67
-17.67
-50.67
-77.0
-23.33
-57.67
-8.67
-13.33
-49.67
-13.0
-12.0
25.67
-7.33
1.33
-21.0
4.0
9.67
7.0
-2.33
-7.0
4.0
15.67
9.33
0.0
10.0
4.33
0.0
-0.67
1.33
-2.67
0.0
-1.33
3.33
-1.33
0.0
2.0
0.0
-1.0
1.33
1.0
0.67
-1.33
-0.33
0.0
-0.33
-0.33
-1.0
1.0
1.0
0.67
-0.67
-0.33
0.67
-0.67
0.0
0.0
0.0
-0.33
0.67
0.0
-0.33
0.0
-0.33
0.0
0.0
-0.33
-0.33
-1.0
-0.33
-0.33
0.33
-0.33
-0.67
1.33
-0.33
-0.33
0.67
1.0
-0.33
-0.33
-0.33
1.0
1.67
1.67
-0.33
0.0
0.33
0.0
0.0
-0.67
0.0
0.33
0.67
-0.67
0.0
-0.67
0.67
-0.67
1.0
0.67
-0.33
1.33
4.67
-0.33
-1.67
0.0
0.67
2.33
-1.33
-1.33
-0.33
2.0
0.0
2.0
6.0
-1.67
3.67
-3.67
-2.0
-3.67
-0.33
0.0
-1.67
3.0
2.33
4.33
-3.33
1.67
1.67
1.0
1.0
-2.0
0.67
-1.67
0.67
3.0
0.33
7.0
-5.0
0.33
11.0
-6.33
6.0
5.67
-1.67
-0.67
0.33
-7.33
-0.33
1.0
2.0
1.67
-0.33
-1.0
5.0
4.0
0.67
0.33
-3.67
4.33
5.67
-0.33
-2.67
-3.33
9.33
4.0
-0.67
4.67
0.0
-0.33
6.33
-2.0
-4.33
2.0
-2.33
-0.67
0.67
2.0
-1.67
0.0
8.67
3.67
6.67
-0.33
6.33
5.67
-3.33
10.0
4.67
0.67
3.33
6.67
-1.0
8.33
5.0
-1.33
1.67
-1.33
-3.0
1.67
2.0
4.0
10.67
1.67
3.33
2.33
-0.67
-2.33
-3.67
2.33
4.0
8.67
-3.33
6.33
3.33
1.33
-0.33
0.67
-1.67
-3.33
0.0
2.33
0.67
-0.67
-3.0
3.33
5.0
3.67
6.33
7.67
0.33
-0.33
2.33
5.33
0.67
5.0
-1.0
5.33
2.0
-2.0
-2.33
5.67
-1.0
2.33
5.67
-1.0
-1.0
7.33
5.0
6.0
7.33
0.67
0.0
0.67
4.67
2.67
-5.0
-1.67
9.67
-2.67
-2.33
3.0
-4.33
2.67
-1.0
16.0
2.33
-0.33
3.0
5.33
-1.67
11.0
2.67
5.67
-2.0
2.0
2.67
1.0
5.0
1.0
2.33
5.0
0.0
6.0
3.0
4.33
-0.33
2.33
-3.0
4.33
-3.0
-0.33
9.0
-2.67
5.0
-2.33
5.67
3.33
7.33
1.0
1.67
4.0
0.0
0.67
-1.67
-1.67
-3.67
0.0
4.0
0.67
6.0
-2.0
-3.0
-1.0
2.33
-1.67
-0.33
1.67
7.67
5.67
-0.67
-2.0
3.0
0.67
-2.67
7.0
7.0
-2.33
3.0
-3.33
1.0
2.0
-5.33
5.0
-2.0
2.33
0.33
-5.33
5.0
5.33
-0.33
-3.33
1.0
1.0
1.0
0.0
-5.67
-2.0
6.0
-0.67
2.0
2.33
-2.33
0.0
-1.0
5.0
-1.33
-6.33
2.33
2.0
8.0
5.0
-0.33
-1.0
0.67
1.0
11.0
0.0
6.67
2.0
2.67
-1.67
-5.33
1.67
5.67
5.33
-2.0
8.33
-6.0
3.33
3.0
-1.0
-4.33
4.0
8.0
1.0
4.0
0.0
-0.67
-1.0
1.67
-1.33
-1.33
4.0
-0.33
6.0
-0.33
2.0
-2.67
-0.33
-4.0
1.0
-1.33
1.0
3.33
5.67
-1.67
-0.33
0.0
-1.33
-2.67
3.0
1.0
-1.33
3.67
2.33
5.0
1.33
5.0
-4.33
3.0
0.67
2.67
1.33
4.67
2.0
-3.0
-2.67
-4.0
1.0
4.33
0.0
3.67
1.0
5.33
-1.67
-1.67
-1.33
-0.67
5.67
-3.33
-5.67
1.0
-3.0
-5.0
-1.0
-5.33
3.67
1.0
0.0
0.67
0.33
0.67
0.33
2.67
3.33
-0.33
1.33
3.33
-1.67
0.0
1.33
-1.33
0.0
2.33
3.0
5.33
2.33
-1.67
-2.0
0.33
2.0
2.33
6.67
3.0
0.33
-1.67
-6.0
-4.0
3.33
1.0
4.33
-1.33
1.33
2.67
4.33
3.0
-6.0
4.67
-6.0
3.67
0.67
-1.33
0.67
0.0
1.67
1.67
2.33
-3.67
0.0
-1.33
-2.67
6.0
8.67
-1.33
7.67
2.67
0.33
-3.67
1.0
-7.0
3.0
1.0
2.0
-5.0
0.33
-0.67
0.67
0.33
-1.33
-1.67
2.67
-0.33
0.33
0.33
4.0
1.0
-2.0
-2.0
-2.67
-0.33
1.67
3.67
-2.67
2.33
0.33
-1.0
-2.67
0.0
-1.33
3.33
-0.33
1.0
-3.0
0.33
-1.33
-1.67
-0.33
1.0
-6.33
2.67
1.0
-1.0
2.67
3.33
-0.67
5.0
2.33
5.67
-2.33
6.67
2.0
-0.67
2.0
1.0
-0.67
-3.33
0.33
-2.0
-0.33
1.67
0.0
1.67
-0.67
1.33
2.33
1.33
1.0
-1.33
0.67
-4.33
0.33
1.67
0.33
0.33
-2.0
-3.67
-2.0
-1.0
4.67
-1.0
2.67
0.0
1.33
-1.67
-3.0
-2.0
2.0
1.67
0.0
2.67
-5.67
-0.67
1.0
-2.33
-2.67
-5.0
0.67
-3.0
1.0
3.0
-1.0
-2.0
-4.0
0.33
-1.33
2.0
-4.0
1.33
2.33
-1.67
-2.0
6.0
-2.33
2.0
3.33
-1.33
1.33
-1.33
5.67
-1.0
1.0
2.33
0.33
-1.33
-4.67
2.33
1.67
-2.0
-0.67
2.33
1.67
-1.33
-0.33
2.33
1.33
3.33
-1.33
1.33
-2.33
-4.33
5.0
-0.67
-2.67
-1.67
-2.33
1.33
0.33
-3.33
1.67
3.67
4.33
-2.33
3.67
-0.67
5.33
5.0
-0.33
-1.0
5.0
-0.33
1.33
-1.67
-2.33
0.33
-0.33
1.67
6.33
-0.67
3.33
7.33
4.0
-1.0
2.67
5.0
1.0
-1.33
0.67
1.33
1.67
-3.0
1.0
1.33
7.33
-0.33
-2.0
-0.33
0.67
2.0
-5.33
0.0
1.0
-0.67
2.67
0.0
1.0
1.33
3.67
3.0
0.0
0.0
5.67
-2.0
2.0
-2.33
1.67
-1.0
2.67
3.33
0.67
-3.33
-1.67
-3.67
4.67
2.0
2.33
-3.0
-1.0
2.0
0.0
-2.33
7.33
1.0
0.33
0.33
3.33
-1.67
2.0
-4.67
3.33
-1.67
-2.0
3.33
-1.0
0.0
1.0
2.67
6.0
1.33
-1.0
-1.67
-4.0
0.0
4.67
0.67
0.0
-0.33
-2.67
7.33
2.0
2.0
2.33
1.33
4.33
-3.67
-3.0
3.33
2.0
2.0
2.0
-2.0
0.0
2.33
-4.33
5.67
-5.33
3.67
7.67
-1.33
-4.67
-0.67
5.0
4.0
0.33
-3.0
10.0
2.33
-0.33
3.0
0.0
4.0
0.33
6.33
2.0
2.0
1.67
1.67
-3.33
5.33
6.33
13.33
4.33
0.33
1.0
14.67
3.67
0.0
2.67
2.33
0.67
2.33
-1.33
-1.33
-5.0
2.0
7.33
3.0
4.67
10.33
1.0
1.33
1.33
7.67
2.0
2.0
17.67
2.33
3.0
-1.33
1.67
1.33
4.67
0.33
-2.67
-5.0
1.33
-1.67
0.0
5.33
3.33
1.0
6.0
4.67
-1.33
-3.0
6.33
-6.67
1.33
3.67
-1.33
5.0
1.33
3.0
-3.0
5.0
-4.67
1.67
6.33
0.33
3.0
3.33
-0.67
0.33
-0.33
3.33
1.67
-5.33
3.0
2.33
4.67
4.0
5.33
1.0
3.33
0.67
0.33
1.67
0.67
0.67
5.67
11.67
3.67
-0.67
2.67
2.67
-1.33
8.67
2.0
2.33
7.33
5.67
10.33
7.67
20.0
7.33
6.0
-1.67
7.33
-0.67
8.0
0.67
7.67
8.67
1.0
14.33
-0.67
8.0
2.67
9.0
6.33
9.0
0.67
1.67
10.33
5.67
0.0
4.33
14.67
11.67
0.33
4.33
5.33
8.67
8.67
0.67
-0.33
0.67
0.33
12.33
-1.33
5.0
-2.0
3.67
-1.33
4.67
4.0
-1.67
2.67
7.0
-2.0
0.33
-0.33
5.33
3.67
4.67
12.67
7.0
-2.0
3.33
7.0
5.0
6.0
4.67
6.67
5.0
1.67
-1.67
8.33
-1.67
3.0
8.33
8.33
12.67
2.0
2.67
8.0
3.0
9.0
3.67
1.33
3.67
-0.67
14.0
2.67
3.33
-0.67
7.67
2.0
6.0
2.67
13.0
3.0
7.0
9.33
7.33
8.0
1.67
3.67
5.0
-2.0
5.0
5.0
11.0
8.33
13.33
7.33
12.0
5.0
9.33
9.33
4.33
2.33
1.67
7.33
4.67
12.0
7.0
3.0
5.33
9.67
11.67
8.33
13.67
8.0
13.67
11.0
11.0
22.67
13.0
17.67
18.33
37.0
22.0
32.33
38.0
28.33
36.33
33.0
38.0
32.67
36.0
31.67
32.67
12.33
24.67
31.33
31.0
28.33
20.33
23.67
12.67
9.33
5.0
21.0
24.67
13.0
13.33
7.67
10.67
7.0
5.67
5.67
4.67
13.67
4.33
3.67
4.67
9.67
5.67
4.67
2.33
0.33
5.0
1.33
6.33
8.0
5.33
3.0
7.33
6.67
8.67
17.0
-1.0
8.67
0.67
2.0
3.33
-3.0
-1.67
11.67
3.0
3.0
8.0
3.33
12.0
10.33
9.33
6.67
10.33
3.33
12.67
6.33
14.33
9.0
10.0
3.67
8.0
8.33
15.33
2.0
5.33
2.33
7.0
-1.0
10.0
3.0
3.67
9.33
3.0
-4.0
1.0
8.67
0.0
9.67
6.67
4.67
10.33
6.33
-0.33
0.67
11.67
9.33
7.67
4.67
5.67
9.67
7.67
14.0
-2.0
-2.67
8.67
17.0
3.67
3.67
4.67
5.67
13.33
1.0
-8.67
6.0
11.0
24.0
5.67
11.33
17.33
8.67
0.67
3.67
11.67
14.0
5.0
1.33
5.33
5.0
7.0
5.33
0.67
4.33
9.0
9.33
11.0
6.67
8.0
13.33
8.0
1.67
1.33
10.33
6.33
-4.67
-3.33
4.0
19.33
13.33
-0.33
12.0
6.33
6.33
16.33
-6.0
7.67
12.33
7.67
-0.67
6.0
5.33
10.67
7.33
6.33
4.67
7.67
10.0
4.67
8.33
0.33
11.0
6.33
2.33
8.0
1.67
9.0
12.0
-0.67
12.0
10.33
9.0
4.67
-0.67
1.0
11.33
7.33
13.33
8.67
15.0
-1.33
10.0
5.0
14.0
0.33
4.33
7.67
9.33
5.33
12.67
3.33
13.0
12.0
9.33
9.67
19.0
12.33
-0.33
4.33
18.67
-1.67
11.33
9.0
-1.33
7.0
7.67
9.67
10.33
13.0
10.33
5.0
9.33
6.0
2.0
13.67
11.67
15.0
14.33
10.33
7.0
2.0
13.0
3.0
4.0
-0.33
6.33
11.0
4.67
9.33
1.0
26.33
10.67
-2.33
-1.0
-2.33
9.0
10.33
4.0
0.33
8.33
22.0
15.67
17.33
8.67
-0.33
10.0
11.0
27.67
24.0
28.67
29.0
22.33
42.33
35.0
41.67
40.0
51.67
55.67
67.33
79.33
88.67
91.33
101.0
116.33
142.0
144.67
153.33
161.33
175.33
180.0
178.67
217.67
213.0
229.33
205.0
216.33
220.67
232.0
192.67
201.67
181.33
189.33
176.0
142.67
175.0
134.33
130.0
104.33
103.67
77.0
72.33
54.0
40.33
42.67
46.0
22.0
22.67
35.33
30.33
15.67
6.33
8.67
9.67
23.67
12.67
15.0
4.0
8.0
9.67
1.33
4.0
-0.33
14.0
13.33
12.0
6.33
19.67
15.67
12.0
8.67
-0.33
-1.67
13.67
2.0
9.33
0.0
-1.0
-1.33
15.67
4.33
12.33
1.67
-2.33
13.33
12.33
16.0
9.0
10.0
2.0
3.0
5.0
5.33
7.0
7.33
5.33
8.0
3.0
5.67
2.67
2.33
0.33
14.0
10.67
9.0
11.67
-1.33
18.33
11.0
-4.33
2.0
9.67
17.67
5.33
7.0
0.67
15.67
5.67
-2.0
12.67
26.0
14.0
21.67
5.67
3.33
0.33
4.33
5.0
4.33
18.0
-7.0
14.33
0.67
1.67
13.67
8.33
1.67
2.67
16.33
4.67
1.33
6.67
10.67
10.33
18.0
-5.0
-4.0
-3.0
8.0
4.33
7.33
3.33
11.33
9.67
16.0
-1.33
2.67
-4.67
10.33
14.33
8.67
2.67
4.33
1.0
12.67
8.33
13.67
4.0
1.33
-0.33
5.67
7.67
19.67
5.0
7.33
0.33
6.0
11.0
12.33
-3.0
-1.67
-4.67
3.33
-6.67
0.33
3.33
0.67
5.67
19.33
-9.0
7.0
0.33
2.33
10.33
6.33
0.33
-3.0
0.33
4.33
-7.33
10.0
7.67
-12.67
0.67
6.33
10.0
7.33
-9.67
0.0
15.33
1.0
-3.67
2.0
0.0
0.67
-1.0
11.33
-2.33
24.0
6.67
8.0
7.0
2.33
6.0
6.67
1.33
13.0
7.33
4.67
25.0
8.33
11.0
10.0
11.33
5.67
5.0
10.0
12.0
2.67
9.33
19.67
8.33
-0.67
9.67
17.33
6.33
2.33
-2.0
5.33
3.67
2.67
-5.33
8.33
1.67
5.67
1.67
1.67
6.0
3.33
3.0
-4.0
-6.33
-3.0
5.0
-4.67
7.0
4.67
6.0
3.67
0.33
4.67
6.67
-0.33
13.0
0.33
-5.67
8.0
1.33
13.0
11.67
-5.67
-4.33
7.0
0.67
-6.33
1.0
8.67
20.0
1.33
2.67
3.67
0.0
1.0
8.0
11.0
5.67
6.33
-6.67
8.0
2.33
5.33
13.67
16.67
3.67
18.67
7.33
19.33
19.33
12.33
6.0
2.0
11.33
24.0
17.33
8.0
10.0
12.33
4.0
8.67
23.33
21.0
7.67
11.0
9.67
4.33
9.0
-6.67
6.33
20.0
18.0
3.67
-0.33
8.0
-0.33
4.0
25.33
2.67
-1.67
4.67
5.0
-2.0
11.0
-2.0
-1.67
0.33
-0.33
-3.0
1.0
-3.33
-2.67
2.0
-4.67
6.67
7.0
6.33
6.0
3.33
-1.0
3.67
-0.33
1.67
-3.33
6.0
0.33
-8.0
4.67
0.67
9.0
16.33
3.67
11.33
7.0
-0.67
1.67
16.67
3.67
-0.67
-1.67
-3.67
1.67
0.67
-1.67
5.0
6.33
-3.0
8.0
6.33
1.33
-4.67
0.67
23.0
-2.0
-4.33
4.0
-6.33
-3.0
-12.0
-2.0
14.33
1.0
6.33
4.0
6.0
2.67
5.67
7.33
4.0
3.33
-4.33
2.67
-4.67
5.33
-3.33
3.0
0.67
-1.33
6.33
3.33
9.33
2.67
-5.0
4.33
-1.0
2.0
-2.67
7.0
3.0
2.0
4.0
7.67
9.33
6.33
4.0
11.0
4.33
-0.33
4.33
3.33
6.33
11.0
9.33
6.67
7.33
-0.33
10.67
7.0
12.0
-3.67
2.33
6.67
13.0
12.33
23.0
9.0
8.67
4.0
10.33
-2.33
7.0
12.67
21.33
4.0
13.67
18.33
1.33
8.67
3.33
8.67
10.67
0.0
16.67
11.33
1.67
20.0
0.67
20.33
0.0
8.33
17.33
7.33
0.0
-3.0
-1.67
2.0
0.33
8.67
2.33
1.33
-7.33
-8.0
2.67
1.67
6.0
0.0
4.0
-2.67
1.0
6.67
5.67
0.33
1.33
1.33
0.33
0.33
5.0
8.67
6.0
-4.0
11.0
-6.33
1.67
-1.67
-1.0
-3.0
-0.67
-7.67
-10.67
-2.0
5.0
17.67
-1.0
-6.33
5.0
0.33
2.0
11.67
4.0
1.0
2.33
0.0
4.67
-2.0
7.0
0.67
0.67
1.67
-0.33
4.67
5.0
5.33
3.67
5.67
-3.0
6.67
-0.67
3.0
4.67
-1.67
2.0
2.33
-6.0
2.67
1.0
-7.33
9.33
2.33
-12.33
-1.67
11.0
2.33
0.33
3.33
4.67
-3.67
2.67
7.0
8.67
4.33
-4.67
4.33
-0.67
3.0
2.0
2.67
7.67
0.0
-8.33
-1.0
0.0
-2.67
2.67
-7.67
-7.33
7.0
-5.0
-3.0
1.33
7.0
6.33
-1.0
6.67
1.0
8.0
4.0
4.0
0.67
-2.33
-5.67
-2.33
11.0
-2.0
14.33
-4.67
-0.33
2.33
0.33
6.33
4.0
-4.0
5.67
4.67
7.0
1.33
7.0
9.33
4.33
7.33
8.0
4.33
12.0
5.0
-1.67
14.0
6.67
-0.33
4.0
8.0
1.0
0.67
3.33
4.33
1.0
-5.67
-2.0
3.0
5.67
4.67
2.33
-4.33
0.0
1.67
8.33
-0.33
5.0
-1.0
1.67
-0.67
-1.67
3.0
0.0
-2.33
1.0
-2.0
1.0
8.33
-0.33
5.33
2.0
-2.67
-2.67
-3.67
0.33
-2.67
0.33
5.0
5.67
-2.67
4.67
-6.67
-1.0
4.67
-2.0
3.0
-0.33
11.0
-7.0
4.0
-0.33
-3.0
4.33
1.67
-0.33
-1.67
-6.0
-2.67
-4.67
0.67
1.33
2.0
-3.0
5.67
1.67
-2.33
-1.0
5.67
-0.67
-2.67
3.67
5.67
1.33
-0.33
0.33
0.33
-4.0
1.67
-1.33
-3.33
6.0
-6.0
5.33
-0.67
-2.33
-4.0
-1.67
-3.33
-4.33
2.67
2.67
2.0
-1.33
5.0
2.0
0.0
-3.67
-1.0
2.67
3.67
-2.33
1.67
1.67
-1.33
4.33
2.67
-1.33
-3.33
-3.67
-2.0
4.67
-3.0
-2.67
-5.0
2.33
0.33
-3.33
0.33
2.33
-6.67
-1.33
0.0
2.67
-2.67
0.0
0.67
-3.0
-3.0
1.67
1.0
-1.67
