0.0
-39.33
74.0
52.67
89.67
-27.67
23.33
-94.67
47.33
-86.67
-14.0
-25.33
24.33
0.33
20.67
-60.67
5.0
-20.0
-20.33
-6.33
-6.67
3.0
-16.0
9.67
-14.0
-15.33
-8.0
-18.0
-5.33
-13.67
2.0
3.0
0.33
5.0
0.33
-1.67
0.33
0.0
-0.33
3.33
0.67
-1.0
0.0
-1.0
-1.0
0.33
0.0
-0.33
-0.33
-0.33
0.0
-0.33
-0.33
0.0
2.0
1.0
0.67
-0.67
0.67
-0.33
0.33
0.0
1.0
0.0
-0.33
-0.33
0.0
1.67
0.0
-0.33
0.0
1.0
-0.33
-0.33
-1.0
-0.33
-0.33
-0.67
-0.33
-0.67
-0.67
-0.33
-0.33
-0.33
-1.0
1.67
-0.33
-0.33
1.0
-0.33
1.67
-0.33
0.0
-0.67
-1.0
2.0
0.33
2.0
0.33
1.67
0.33
0.0
0.33
1.67
-0.67
1.0
1.67
-0.33
0.33
-0.33
-3.33
2.33
0.0
-1.33
-1.67
1.67
-2.33
0.67
2.0
2.0
3.0
0.0
-1.67
2.67
0.33
-2.0
0.33
-2.33
2.0
-2.67
1.0
0.33
-0.67
0.67
0.67
2.67
-1.0
-1.0
3.0
1.67
-0.67
5.67
-1.0
0.33
4.0
-1.0
1.33
9.0
3.67
-1.0
-0.33
2.33
4.33
-3.67
-4.33
-0.33
5.0
0.0
3.67
-4.33
-4.0
2.0
4.0
2.67
3.33
-4.67
2.33
2.67
6.67
-3.67
9.67
5.33
-2.0
1.33
-3.33
4.0
7.67
9.33
3.0
3.67
4.0
4.67
3.33
-0.33
-6.0
-0.67
-3.0
12.67
2.67
7.67
-0.33
4.33
-1.33
1.67
1.0
1.67
5.67
1.33
5.67
3.0
-0.67
3.0
0.67
6.67
4.67
-2.0
-1.33
0.0
3.0
6.67
-0.33
5.33
-1.67
0.33
-1.33
-1.67
3.33
1.0
3.67
10.67
2.33
-1.67
3.33
1.67
3.67
-2.67
3.67
-6.0
6.33
-1.33
7.33
-4.0
-2.67
5.0
-1.33
1.33
10.67
3.33
2.67
-0.67
5.33
1.67
3.0
2.0
3.33
-5.0
-4.0
1.67
1.67
1.0
-1.67
0.67
-1.0
9.0
5.33
4.0
6.0
8.33
2.67
-3.0
-3.33
3.67
-0.33
-6.0
0.33
1.67
-3.67
-5.33
6.0
-8.33
3.67
7.0
0.0
1.33
2.67
2.0
4.33
11.33
-3.0
3.67
2.67
1.0
4.0
-2.33
-3.0
1.0
3.0
2.33
4.0
-2.0
-1.0
0.0
-0.67
7.67
2.33
-4.0
-0.67
3.0
-2.33
3.0
4.33
-2.0
-4.33
-5.33
1.33
4.33
1.0
-0.33
-5.0
-1.0
-2.33
-1.67
3.33
-4.67
-2.0
3.0
0.67
3.0
0.0
0.0
-1.0
2.33
-7.67
1.67
2.67
1.67
3.67
0.33
1.0
8.0
3.67
-3.67
4.0
1.0
2.67
3.0
4.67
-1.0
6.0
4.67
0.0
-2.0
4.33
-0.67
-2.33
3.0
-0.67
6.67
-1.33
2.0
-1.0
1.0
2.0
-1.67
3.0
5.0
0.33
7.0
-3.67
-1.33
0.0
2.0
2.0
4.67
-2.33
-2.67
7.0
0.0
6.0
-1.33
-4.0
3.67
-5.0
3.0
2.0
3.67
8.0
6.67
-2.67
-3.33
0.67
4.67
-1.67
7.0
-1.67
-6.0
0.33
-1.0
1.0
0.67
-2.0
6.0
-4.0
2.0
2.0
-2.67
0.0
-2.33
-9.33
3.67
4.0
-2.33
1.0
1.67
-3.0
3.33
0.67
2.0
5.0
5.67
-5.0
8.33
-1.33
0.33
2.67
-5.0
1.67
2.33
2.0
-7.0
-1.33
-2.33
-1.67
3.0
-0.67
3.0
-0.33
3.0
6.67
-1.33
-2.67
-1.33
5.0
2.0
3.33
2.0
-3.0
3.33
2.0
-1.33
1.0
0.33
-4.67
-1.67
4.67
-2.67
5.67
-2.33
-0.67
-2.0
-3.0
-4.0
-3.0
-6.33
3.67
7.0
5.0
-0.33
5.33
-1.33
-2.67
0.67
2.33
1.67
-1.67
5.33
-1.67
-2.0
3.33
4.67
-2.0
0.33
2.0
2.33
1.33
-1.67
2.0
1.33
-3.0
-2.67
0.67
4.0
1.33
0.33
-8.0
0.0
2.33
1.0
0.33
2.67
1.33
2.67
2.33
3.0
-3.0
4.67
1.0
3.67
2.67
-0.33
1.67
-1.0
1.67
-2.33
0.33
-2.67
-4.0
5.67
-0.67
3.0
-2.33
2.67
0.67
1.67
-0.67
-0.67
5.0
-2.0
2.0
-1.0
2.0
0.0
0.33
-0.67
-1.33
0.33
2.67
0.33
-0.33
-3.33
1.33
6.33
-1.0
1.0
5.0
-3.0
0.33
1.67
0.67
0.67
-2.67
-0.67
2.33
-1.0
0.33
0.0
2.67
2.33
2.67
-2.0
-2.0
-0.67
-0.33
-0.67
-1.33
2.0
-3.33
1.67
7.0
1.0
-0.33
-0.67
3.33
2.0
-1.67
-2.33
3.67
2.67
5.0
-1.67
2.0
2.0
1.33
1.67
0.33
1.0
4.67
-2.33
1.0
-0.33
-0.67
5.33
2.33
-0.67
1.0
-1.33
4.67
-5.33
-1.67
1.67
-2.67
4.33
0.0
5.33
0.0
-1.0
-2.33
-2.0
0.67
-1.0
0.33
3.33
-1.0
-2.0
3.0
5.67
4.0
5.67
-4.67
1.33
-2.0
-0.33
-3.67
-5.0
-2.33
0.0
3.0
-2.0
-4.0
3.0
0.0
-1.67
3.67
7.0
-2.0
2.33
2.33
-3.67
0.0
5.0
0.67
0.0
2.33
1.67
3.33
-0.33
4.67
-4.0
-1.0
1.33
6.33
-1.33
-2.67
1.33
-0.33
4.0
0.33
0.33
-0.33
1.67
5.67
-2.67
3.33
-0.67
-1.33
-0.67
1.67
-1.33
1.0
-0.67
-1.67
2.33
1.67
-0.67
-2.67
0.67
3.67
1.67
1.33
-0.33
2.67
0.33
0.33
-2.0
-0.33
3.0
7.0
0.67
-0.67
0.33
-3.33
3.33
-0.33
-2.33
2.33
-1.67
1.33
2.33
3.0
-3.0
2.67
0.0
-3.0
0.67
0.67
2.33
1.67
-3.0
0.0
0.33
-2.67
2.67
8.0
0.67
-2.33
-2.0
-0.33
-3.0
5.0
-2.67
4.67
-2.0
0.0
-4.67
-1.33
-2.0
2.0
-1.0
4.67
3.0
0.0
0.67
1.67
-1.0
3.67
-3.67
-3.33
0.67
0.33
-5.67
-2.33
2.0
2.33
2.0
0.0
0.0
-1.0
-1.33
0.33
0.0
2.33
0.33
0.33
-1.67
4.0
-2.67
-3.67
-4.67
-3.0
4.33
2.0
-1.0
-4.0
0.67
2.0
-0.67
7.0
3.33
1.0
3.0
0.67
4.67
8.0
3.67
-0.67
2.33
7.0
4.0
-2.67
-2.67
9.33
-2.67
1.0
4.33
2.0
4.0
-1.0
-5.0
0.0
1.33
0.67
-1.33
-4.33
2.67
-1.33
-0.33
-2.67
-1.67
2.0
0.0
6.33
6.0
3.0
4.33
7.67
-1.0
4.0
4.0
6.33
1.33
3.0
5.0
2.67
5.67
-3.33
-2.67
5.33
4.33
2.33
-0.67
3.0
4.67
-2.33
-1.0
-1.33
-1.67
4.67
1.33
3.67
3.67
1.0
-2.0
1.33
1.0
2.67
5.33
-3.0
7.33
-3.67
-1.33
0.0
7.0
2.67
-0.67
6.0
-2.33
-3.33
3.33
8.67
-0.67
0.33
0.0
-3.67
1.33
-6.0
-0.67
4.33
4.0
6.0
2.67
2.67
-1.0
12.33
2.33
1.33
-0.33
4.67
6.0
2.33
3.0
-2.0
11.0
-4.67
-2.33
-0.67
4.33
0.0
4.33
0.33
-4.67
-1.33
7.33
0.67
2.67
4.0
5.33
4.67
0.0
8.33
3.0
2.33
4.67
3.33
2.67
4.67
4.67
5.67
9.67
4.67
-6.67
7.67
6.67
8.67
0.67
5.0
15.33
4.33
0.67
0.33
-0.33
16.0
4.33
0.0
-0.67
4.33
6.33
7.0
9.67
3.67
-3.33
-1.0
1.33
-3.67
14.0
3.67
3.0
2.33
16.0
5.67
0.67
4.33
8.67
7.0
2.33
-1.33
6.67
0.33
6.33
2.33
6.67
2.67
15.67
5.67
12.67
8.33
4.33
3.67
6.0
8.0
0.67
5.67
10.67
12.0
7.33
3.67
4.0
0.0
1.33
8.67
4.33
7.67
2.67
2.67
3.0
5.0
4.33
0.0
6.0
2.0
7.67
3.67
6.0
-0.33
1.33
5.33
-0.67
4.0
2.33
2.33
11.67
7.0
3.67
1.0
3.0
7.0
9.67
5.33
9.67
1.33
6.0
1.67
8.33
-1.67
7.67
7.0
3.0
14.67
10.0
5.0
6.0
3.33
5.33
4.0
-0.33
17.67
8.0
0.0
-2.0
12.0
5.0
6.33
5.33
0.33
2.0
10.0
3.33
2.33
-0.67
5.33
12.67
13.33
7.67
5.0
11.0
1.0
14.33
5.67
11.67
12.33
9.67
4.0
22.67
13.0
26.0
8.67
12.0
24.67
17.33
25.0
42.0
28.33
40.0
36.33
34.33
35.0
34.0
39.67
31.0
44.67
40.67
38.33
31.67
33.33
27.0
23.33
15.33
24.67
20.67
7.33
18.0
13.0
15.67
12.0
11.33
4.67
5.67
0.0
0.67
7.67
6.67
4.67
0.33
3.67
7.67
-1.33
10.67
9.67
13.33
8.33
6.0
7.33
6.33
7.0
5.33
3.0
-1.67
3.67
-2.33
10.0
7.0
3.67
-1.33
3.0
2.33
9.0
8.33
2.67
3.0
10.0
13.0
8.33
11.0
9.33
2.33
10.67
3.33
8.33
3.67
4.33
4.33
5.0
12.0
-0.33
4.0
-0.67
3.33
-1.0
14.33
5.33
9.0
8.0
5.0
2.0
4.67
12.33
6.0
8.0
3.0
5.67
0.0
9.67
7.67
5.67
8.33
13.33
9.67
5.67
7.67
8.33
5.67
-2.33
-3.33
-3.33
0.67
5.0
-3.0
-3.67
2.67
10.0
5.67
15.67
-3.33
4.67
7.33
2.0
-3.67
7.0
19.0
3.0
7.67
16.33
4.33
6.67
-2.33
2.67
8.67
6.0
6.0
11.33
-0.67
5.0
9.0
3.33
11.67
9.33
3.0
15.33
5.0
8.67
1.0
3.33
6.0
9.67
16.33
7.33
12.33
13.33
1.67
9.0
6.33
2.33
2.67
12.0
2.33
6.33
15.33
-7.0
4.67
15.33
8.67
5.33
8.0
-2.67
16.67
-0.67
8.33
12.67
3.67
3.0
9.67
4.33
14.33
6.0
8.33
0.33
6.0
7.67
7.0
5.0
4.33
12.0
6.33
16.0
4.67
8.33
9.0
14.33
9.33
6.33
12.67
9.0
6.67
9.0
11.0
14.0
4.33
2.33
0.67
4.33
7.33
5.67
12.33
10.0
13.0
3.33
9.67
12.0
10.33
15.67
6.33
6.67
11.33
5.33
1.0
1.67
9.0
5.67
7.67
6.33
7.0
0.33
1.0
14.33
-2.0
12.0
6.67
7.67
9.0
14.33
2.33
10.0
4.0
7.0
16.0
19.0
13.67
5.33
13.0
2.67
16.33
7.0
5.33
17.67
0.67
11.0
0.67
6.0
13.33
9.0
10.33
17.33
5.0
15.67
6.33
6.67
23.67
7.0
16.0
27.67
14.0
16.67
21.0
14.33
45.33
36.0
32.67
43.0
54.67
61.67
70.33
74.33
88.67
95.33
120.0
110.33
140.0
165.67
146.33
166.33
162.33
193.0
194.67
200.67
229.0
206.33
216.0
233.33
206.67
229.0
215.67
211.67
222.33
195.33
161.0
174.67
171.0
159.33
129.0
118.33
103.67
86.0
83.33
46.0
44.33
33.67
45.0
29.0
23.67
26.33
27.33
37.67
18.33
19.67
8.67
7.67
7.67
10.0
14.0
7.0
11.67
7.33
3.0
5.67
18.0
2.33
14.0
10.33
1.67
2.67
6.0
5.67
6.67
8.33
3.67
8.0
6.33
12.0
10.0
3.67
-3.33
1.33
7.33
7.67
8.67
5.33
20.33
1.0
13.0
11.0
12.0
-7.0
4.0
12.33
1.0
9.33
2.33
10.0
3.0
14.67
1.67
1.33
0.33
8.0
7.67
8.0
10.67
4.67
12.33
16.0
0.67
11.0
3.67
18.67
7.33
6.0
10.67
16.67
7.67
-5.0
2.67
12.0
7.0
5.67
16.67
3.33
6.33
11.33
4.0
8.33
18.0
12.0
4.33
3.67
2.67
4.67
12.33
-4.33
0.67
-3.67
9.67
13.33
12.67
12.67
18.33
17.0
11.0
-3.0
9.0
5.0
4.33
6.33
7.33
14.33
10.67
-3.0
11.67
4.67
-3.67
6.33
7.33
9.67
7.67
11.33
4.0
-2.33
8.33
2.67
-2.0
10.33
-3.33
8.67
6.67
17.67
7.0
-6.67
5.33
0.0
4.0
6.33
1.0
10.33
-6.67
5.33
-4.67
11.33
-5.67
6.67
-7.33
15.33
13.0
3.0
-0.67
3.33
1.33
9.33
5.33
8.0
6.33
13.33
11.67
12.0
-0.33
-8.67
-0.33
10.33
9.0
3.33
-18.67
10.0
13.33
9.0
5.33
6.0
2.0
2.67
4.0
4.33
1.67
13.0
-3.33
4.0
10.0
3.33
2.0
-1.33
9.33
12.0
12.33
-0.33
11.0
12.33
-2.0
0.0
-1.67
7.67
-5.0
5.0
-2.0
10.67
0.33
20.67
11.33
3.33
7.67
8.33
-3.67
7.33
3.0
0.33
3.67
-5.33
11.67
5.33
1.67
2.67
10.67
-4.33
-6.0
0.33
7.0
-2.0
-11.33
0.0
2.0
-3.67
1.0
-3.33
0.0
4.67
3.33
1.67
2.67
3.67
5.0
18.33
-6.67
-8.0
7.33
2.0
2.67
2.33
-3.33
1.0
-4.33
-5.33
6.0
7.67
5.0
4.33
-4.33
11.67
-3.0
4.0
17.0
6.0
7.67
8.33
8.33
7.0
8.33
17.33
5.67
7.67
8.67
18.67
16.33
5.33
17.33
-1.67
9.0
1.0
17.33
16.0
13.33
3.0
16.0
10.33
18.0
18.67
17.33
15.0
-1.33
25.0
13.67
29.33
13.0
2.33
3.33
13.0
3.0
3.67
9.67
-2.0
16.67
7.0
8.33
2.67
15.33
2.67
-4.0
-5.0
18.0
-1.0
8.33
-2.67
-12.33
4.0
-3.0
6.67
10.33
21.0
-8.67
3.67
-8.0
9.33
7.0
-2.67
3.0
1.67
8.67
0.67
-6.33
-7.0
2.33
-2.0
3.67
-3.33
-2.0
10.33
17.67
8.33
-4.0
-2.67
-0.33
4.67
2.67
6.33
7.33
2.33
0.67
-2.33
5.33
7.0
8.33
0.0
4.0
8.33
-1.67
-3.67
-9.33
-4.0
8.0
-7.33
2.0
-1.33
-9.0
-3.0
1.0
5.33
8.0
11.33
-3.0
-6.0
5.67
0.67
8.33
7.0
-1.67
9.67
-3.33
-7.67
2.33
14.67
-8.0
7.67
8.67
-6.67
6.33
6.33
-3.33
1.0
-6.67
1.0
6.0
-2.67
-2.0
5.0
-6.0
4.0
4.67
7.33
-0.67
5.0
7.0
-3.67
0.67
0.33
14.33
-2.67
2.0
1.33
7.67
4.33
-1.33
-1.33
3.0
9.0
1.33
0.33
0.67
13.0
13.33
8.0
3.0
8.67
17.0
6.33
8.67
0.0
7.67
6.33
14.0
20.67
10.33
15.33
6.67
4.33
2.67
17.67
10.0
9.67
3.33
7.67
6.0
7.67
10.33
4.0
8.33
3.33
0.33
21.0
7.0
-1.67
4.0
-1.67
11.67
-1.67
-1.67
-1.33
-6.0
-2.33
10.67
-1.0
3.0
0.0
-7.67
-5.0
-0.33
-3.33
-1.67
1.33
-0.67
5.33
4.33
7.0
3.67
-3.0
1.0
6.0
3.67
2.67
5.33
3.0
-1.0
2.33
4.33
-5.67
-1.0
7.0
-8.33
1.0
3.67
-5.0
4.33
-5.0
-2.33
6.0
1.0
2.33
6.0
9.67
-3.0
3.0
-2.33
-4.33
2.67
-2.33
9.67
-2.0
2.33
7.67
-1.33
9.0
1.67
4.33
2.0
0.67
5.33
3.0
-5.67
-2.0
1.67
1.0
3.67
1.33
0.33
-1.33
8.33
4.0
1.33
2.33
8.33
1.67
-3.67
1.67
0.0
1.67
-4.67
12.33
-2.67
6.33
3.0
2.0
-0.33
3.67
-5.0
-3.33
1.0
-2.0
3.33
-1.33
2.33
5.67
4.0
5.0
3.0
-4.67
6.0
6.33
3.0
2.67
3.0
12.0
10.0
2.0
-3.33
1.67
2.33
-1.33
0.0
5.0
4.33
-2.67
2.67
7.33
1.33
8.33
1.0
2.0
2.67
5.67
8.0
1.33
10.0
1.33
7.33
5.33
10.0
6.33
10.0
6.0
3.33
3.0
-1.33
1.67
11.0
1.0
11.0
4.67
2.33
4.33
-3.0
6.33
3.0
17.0
2.67
1.67
4.33
-2.33
-1.0
-1.33
6.33
4.67
0.0
-2.0
0.67
1.33
-1.67
8.0
-1.0
5.67
10.0
-5.0
0.0
7.33
5.67
8.33
2.0
-4.67
1.33
-0.67
-1.67
-0.67
-0.67
0.0
0.67
-5.67
-2.33
-9.67
-2.0
4.67
-2.0
-1.0
0.67
5.0
1.0
3.0
-5.33
-3.0
-0.67
4.67
2.67
-1.67
-4.0
-4.67
-4.67
4.67
5.33
-2.0
-4.0
-4.33
6.67
-4.33
6.0
-2.33
-7.67
9.33
9.67
-0.33
-3.67
-1.33
5.33
-0.67
-1.0
5.67
-3.33
-1.33
0.0
-1.0
8.33
-2.67
-1.33
3.0
-1.67
4.67
-0.33
-1.33
4.67
0.0
-1.33
5.0
9.0
5.0
-1.67
-3.0
-2.33
-2.33
7.67
1.67
-0.33
-5.33
5.33
7.67
4.67
3.67
-2.67
0.0
3.67
-3.0
1.33
2.0
1.33
5.33
-0.33
0.33
2.33
-5.67
-3.33
-3.0
0.67
-0.67
0.0
1.67
-1.0
0.0
4.67
-3.0
-1.67
