0.0
-10.33
43.0
14.67
77.67
9.33
49.33
13.33
27.33
13.33
-43.0
74.67
-61.67
60.33
4.67
1.33
24.0
-6.0
8.67
5.67
-1.67
-2.0
14.0
-16.33
-11.0
-1.33
1.0
-4.0
-1.33
-8.67
-2.0
4.0
3.33
5.0
2.33
1.33
0.33
-1.0
-1.33
-0.67
-1.33
-1.0
1.0
2.0
-1.0
2.33
1.0
-0.33
-0.33
1.67
0.0
-0.33
2.67
1.0
1.0
2.0
0.67
0.33
0.67
0.67
-0.67
0.0
0.0
0.0
-0.33
0.67
1.0
0.67
0.0
0.67
1.0
0.0
0.67
-0.33
0.0
-0.33
-0.33
0.33
-0.33
0.33
0.33
-0.33
-0.33
0.67
0.0
0.67
-0.33
2.67
0.0
-0.33
-0.33
-0.33
0.0
-0.67
-1.0
0.0
-0.67
0.0
-0.67
1.67
1.33
0.0
-1.67
-0.33
2.33
2.0
0.67
-0.33
-0.67
-2.33
-1.33
1.33
0.0
0.67
0.33
2.67
0.67
-1.33
0.0
0.0
-3.0
4.0
-0.67
0.67
0.33
1.0
-0.67
-2.33
1.0
-1.67
1.0
-1.67
1.33
2.67
-3.33
6.67
1.0
2.0
-4.0
0.67
-4.67
1.67
2.0
-0.67
3.0
1.0
3.33
0.0
-1.33
0.0
2.67
4.33
-2.67
-1.67
-3.33
1.67
0.0
1.0
5.67
-5.33
-6.0
8.0
5.0
1.67
2.33
-2.67
5.33
8.67
1.67
-1.67
11.67
5.33
-3.0
1.33
-0.33
-1.0
-2.33
0.33
-5.0
-2.33
4.0
0.67
-3.67
0.67
0.0
-1.67
-2.0
1.67
10.67
2.67
1.67
1.33
-0.33
1.67
-1.0
-3.33
5.67
-3.67
4.67
6.0
1.33
-1.0
3.67
-2.33
-7.33
1.0
5.67
1.0
7.0
2.67
6.67
-3.67
-4.67
5.33
-2.33
-7.67
-0.67
-2.0
1.67
0.67
-1.67
-0.67
0.33
4.67
0.67
0.33
-4.33
-1.0
-2.67
-0.33
4.33
-4.0
4.33
12.0
2.67
0.33
1.67
2.33
2.67
3.33
3.33
-0.33
0.0
-6.0
4.33
11.0
5.0
1.67
7.67
2.0
0.33
-0.33
7.0
0.0
2.33
-1.0
6.0
-0.67
3.67
1.0
2.67
-1.33
3.67
0.0
-2.67
-0.33
-1.67
-2.33
-1.0
0.67
3.67
-5.0
2.0
-1.67
-1.33
-3.0
2.33
4.33
4.0
1.67
-0.33
0.0
3.0
2.67
-1.0
5.0
13.0
5.33
0.0
3.0
-2.0
6.0
5.33
3.67
0.33
2.0
1.33
4.0
-0.33
5.0
5.33
6.0
-3.33
0.67
6.33
3.33
-2.0
0.67
-2.0
2.0
-3.33
-1.67
7.33
-5.67
4.0
1.0
0.67
3.0
0.0
-1.0
3.0
-1.67
-3.67
6.67
-3.33
2.67
-2.33
0.33
-1.0
7.0
-2.33
-0.67
5.0
7.0
4.67
3.0
-0.33
4.0
-3.0
4.67
-3.0
-1.0
-2.67
4.33
-4.33
2.0
11.33
5.67
-6.33
-2.0
-3.0
4.0
3.0
-3.67
2.0
0.0
1.33
1.0
1.33
-2.33
4.0
-2.0
7.0
4.67
-4.33
-2.67
-3.0
-1.0
2.0
-4.33
-1.0
2.67
8.0
4.0
-4.0
4.67
-1.0
3.67
-3.67
-5.33
-5.33
-2.33
1.33
3.0
6.33
-6.0
4.33
-2.0
-2.0
-4.33
3.0
2.0
-1.0
-5.0
-1.0
-4.67
3.0
4.67
-7.33
1.67
6.0
-4.33
-6.0
3.67
11.0
-1.67
1.67
-4.0
0.0
-0.33
2.0
1.33
-0.33
-2.67
3.67
-2.0
-0.33
1.33
2.0
-3.0
-1.33
-0.33
-2.67
-1.0
-0.67
2.0
-3.33
4.0
2.67
6.67
4.33
0.67
1.0
0.0
-2.67
2.0
0.0
0.33
-3.0
-1.33
-1.0
0.33
-0.67
4.33
3.67
-5.67
2.67
-2.33
-3.67
-2.0
-4.0
0.0
3.0
-0.33
2.67
2.0
-2.0
1.67
3.33
3.67
1.33
5.67
4.33
3.67
0.33
3.33
-1.67
-4.0
2.33
2.67
0.0
3.33
-2.0
3.33
2.33
1.33
-2.0
3.33
2.0
-2.67
0.67
0.0
1.33
0.33
-8.0
6.0
-1.67
1.0
-0.67
-5.33
1.33
2.67
-0.67
0.0
0.0
-0.33
-2.0
1.67
-2.33
3.67
-0.33
-3.0
0.67
-0.33
-3.67
-1.67
-3.0
1.67
-3.67
1.0
0.67
4.67
2.67
0.67
-0.67
-3.67
2.0
-1.0
0.0
-3.0
1.0
1.0
-1.67
-4.67
-0.33
5.33
-4.33
6.33
7.67
2.67
1.33
-0.67
2.0
0.0
-3.0
1.0
0.33
0.67
-0.33
1.67
-1.67
3.33
0.33
-2.0
-2.67
3.0
2.67
-1.67
2.67
-2.0
-4.0
0.33
2.67
-4.67
1.67
1.0
-3.33
4.67
5.0
-4.0
2.67
-0.67
-0.67
3.0
2.33
-0.33
-1.33
-1.33
-1.0
-6.67
-2.0
4.0
-0.67
0.67
4.33
0.0
1.67
2.67
3.0
-2.33
-1.67
3.33
2.33
1.33
4.0
2.67
7.67
-0.33
0.33
-0.33
0.33
4.33
2.0
2.33
-3.0
-5.0
-1.33
3.0
3.67
-2.0
-3.67
-0.67
4.0
-4.0
-1.0
-0.33
2.0
-0.33
-0.67
-4.67
1.0
-1.33
-6.67
-4.0
5.67
-1.0
1.0
2.0
-3.0
1.0
-2.0
-0.67
0.67
0.0
-2.0
-1.67
1.33
0.33
-1.0
0.0
0.67
3.0
2.33
0.67
-0.67
-2.33
3.67
-5.0
-2.0
5.33
1.33
-4.33
-0.67
2.33
0.67
-2.0
1.33
1.33
5.67
-2.33
3.67
-2.67
7.33
0.33
0.67
0.33
-1.33
4.67
2.0
4.33
0.33
-1.67
3.67
-0.67
0.33
3.67
0.67
5.67
1.33
-2.33
-2.33
1.33
-1.67
-1.0
-0.33
0.0
-2.0
3.67
8.33
-3.67
-1.33
3.33
0.67
-1.33
0.33
3.33
3.33
6.33
1.0
-4.0
-2.33
-1.0
1.0
0.67
3.67
5.33
0.67
-3.0
1.0
4.33
1.33
0.67
4.0
3.67
2.67
-2.0
-1.33
-1.0
6.0
5.33
1.67
1.0
4.0
-2.67
2.67
-2.0
-3.0
2.0
0.67
-2.0
5.0
1.67
1.67
1.0
-0.33
-4.67
1.67
-1.33
-0.67
-0.67
1.67
1.0
0.33
10.0
3.0
7.0
-1.0
-1.33
1.33
0.0
3.33
0.33
2.33
-3.67
4.0
2.33
3.33
-5.67
2.0
2.33
3.0
10.0
5.0
1.67
3.0
-2.67
-3.0
-0.67
0.0
0.0
0.67
-2.33
-3.0
5.67
-2.67
0.33
5.0
-1.0
5.33
0.33
-0.67
-3.67
2.0
4.33
8.0
-1.0
5.0
-5.0
-1.0
-0.67
-3.33
-1.33
-1.33
3.67
3.67
1.67
5.33
-5.67
0.0
-7.0
4.33
-5.0
0.0
2.33
1.67
5.0
1.0
-1.0
1.33
6.33
0.0
2.0
12.67
3.67
-3.33
2.33
6.33
6.33
-5.67
5.33
-1.0
5.67
-4.33
4.0
0.67
3.33
2.67
2.33
-4.33
2.67
-3.0
9.0
1.33
2.0
3.67
4.33
7.0
5.33
0.33
0.67
5.0
12.0
6.67
1.33
6.0
0.67
4.67
2.33
-1.33
0.33
2.33
1.0
-0.67
-1.67
-2.0
9.33
-0.67
4.0
8.0
1.67
1.67
2.0
3.33
-1.67
1.33
6.67
2.67
3.0
7.33
-3.0
-1.0
3.0
0.33
-4.33
0.33
0.33
4.0
3.33
2.33
2.33
-2.33
14.33
12.67
6.67
-3.0
0.33
2.67
-2.0
7.33
-2.0
4.33
0.67
10.33
2.67
11.67
2.67
-2.33
8.67
1.67
1.33
8.67
-3.33
4.67
7.67
6.0
1.33
5.33
6.67
-2.67
2.67
-1.0
8.33
5.0
2.33
8.33
-0.67
11.0
9.67
1.67
-3.33
5.0
2.33
3.33
-5.0
6.67
0.0
10.33
7.0
7.67
-2.33
1.33
3.67
3.0
13.33
-0.33
0.67
9.33
9.33
0.33
4.67
7.67
12.67
1.67
7.67
0.33
7.33
8.67
1.0
8.0
3.67
3.67
6.67
8.0
6.33
8.67
0.0
6.0
8.33
8.67
5.33
3.67
9.67
9.67
3.0
7.0
9.33
3.0
5.0
1.0
-0.33
-2.33
-3.0
12.67
-2.67
5.33
5.33
0.0
4.33
10.33
3.67
6.0
3.67
5.0
16.0
4.0
3.67
11.33
-1.33
3.33
0.0
11.67
5.33
2.33
3.67
-3.0
15.0
3.67
9.0
0.0
9.0
6.33
3.33
2.0
3.67
8.67
10.0
6.0
13.0
4.0
5.0
8.33
7.33
6.33
4.0
9.0
8.33
9.33
10.33
10.33
5.67
8.33
6.67
10.0
13.0
4.0
22.33
11.67
4.67
10.33
11.67
7.0
16.67
18.0
18.0
30.67
14.0
13.67
27.33
21.0
32.0
30.33
25.0
42.33
41.33
45.0
40.0
43.67
35.0
45.67
43.67
40.33
46.67
35.33
29.0
20.33
28.33
37.67
16.67
19.33
19.0
22.0
19.67
17.0
2.33
11.67
11.67
7.0
8.67
4.67
8.67
14.67
7.33
-0.33
14.67
9.67
8.67
6.67
7.33
11.33
4.0
0.33
0.33
8.0
3.33
2.0
-4.67
8.67
10.67
11.0
10.0
4.67
5.67
7.0
3.33
7.0
4.33
5.67
4.0
13.0
11.0
5.33
4.0
9.33
2.33
4.67
5.33
7.33
8.67
10.33
6.33
9.0
6.0
13.67
8.0
11.33
9.33
4.0
10.33
6.33
10.0
7.0
6.0
5.0
4.67
13.33
12.0
15.0
6.0
14.67
9.0
5.67
4.67
14.67
16.33
6.33
8.67
9.67
2.67
1.33
8.67
8.67
7.67
5.67
1.67
6.0
9.0
8.33
5.67
6.0
-1.33
12.67
-3.33
9.67
3.33
-3.0
0.33
0.0
7.0
18.0
12.67
11.33
5.33
19.67
3.67
2.67
10.67
10.0
-2.0
-0.67
-2.67
2.0
9.0
11.33
-0.33
2.33
6.0
4.33
8.0
6.67
14.0
8.33
8.0
10.67
5.33
6.33
4.33
11.33
0.67
0.0
2.33
1.33
-4.33
-5.0
8.33
12.33
8.33
17.0
18.67
14.33
7.67
-9.67
6.0
23.33
6.67
0.33
4.33
7.67
7.67
9.0
-0.33
9.33
13.33
5.0
10.33
4.33
10.0
-2.33
11.0
16.0
13.33
6.0
8.33
7.0
8.67
6.33
9.0
7.33
3.33
1.33
7.67
6.0
6.67
12.0
9.0
5.0
-0.67
-1.67
2.67
6.33
1.33
9.67
3.33
14.0
8.0
11.33
8.67
8.0
14.33
15.67
11.33
18.67
12.33
6.33
5.0
5.67
10.0
-2.33
7.67
10.33
10.0
5.33
1.0
11.33
10.0
8.0
4.67
8.67
12.0
9.33
3.33
1.0
10.0
11.0
4.0
5.0
6.67
0.33
9.0
3.67
7.33
15.0
7.33
6.67
-2.33
9.0
4.67
17.0
5.33
12.0
5.33
7.33
14.0
15.67
2.33
11.67
5.67
21.0
12.0
20.67
22.0
21.67
19.0
40.33
41.33
34.0
50.67
64.0
57.67
74.67
99.33
103.33
117.67
108.33
126.0
153.33
146.0
179.67
193.33
223.33
196.33
247.0
241.67
259.67
270.0
248.33
262.0
272.33
243.67
297.0
240.67
265.67
248.33
247.33
243.0
209.67
197.0
169.33
177.0
155.33
122.67
97.0
90.33
88.0
81.33
51.67
63.0
36.0
56.67
30.33
30.33
17.67
14.33
20.67
8.67
18.67
3.67
13.0
11.0
16.0
14.67
2.33
19.0
13.67
5.0
5.33
9.0
12.33
4.67
2.67
5.0
5.67
9.67
17.33
4.67
3.0
8.33
11.0
17.0
-0.33
3.67
9.33
7.33
4.67
6.67
3.33
3.33
-4.0
13.0
2.0
15.0
-1.0
6.0
-6.67
0.0
-0.67
-8.67
3.0
3.0
4.67
14.67
11.33
5.33
1.0
5.67
9.0
2.67
0.67
21.33
12.0
-4.33
4.0
7.67
9.67
5.33
5.0
0.67
11.67
7.67
10.0
12.67
16.0
13.0
7.67
-1.33
4.33
15.33
-2.67
11.0
12.33
6.0
2.0
9.33
11.67
4.67
12.67
10.33
-2.33
5.67
-3.67
4.67
9.33
11.67
5.67
7.33
16.0
0.0
6.0
4.0
2.0
3.33
14.33
-3.67
7.33
8.67
-4.0
1.67
-2.33
4.33
14.33
9.33
-0.33
-0.33
1.33
13.0
4.67
2.33
17.67
12.0
-5.67
13.67
6.67
5.67
19.67
1.0
-4.67
3.33
6.0
-1.0
11.33
0.0
-2.67
13.33
19.33
-7.67
5.33
-6.67
0.67
8.67
18.33
6.0
3.0
-7.67
3.33
10.33
-2.67
10.33
1.0
12.33
3.33
10.67
13.0
7.67
-0.67
6.67
3.33
17.0
10.33
-12.67
2.0
0.33
9.0
4.33
-5.0
13.0
-4.33
3.0
8.33
-3.33
14.0
9.67
-1.0
-6.0
12.33
-4.0
4.67
-0.67
17.0
-1.67
8.67
5.0
1.33
-3.0
-7.0
-2.67
8.67
-1.0
-2.0
5.0
13.67
-2.67
2.67
6.33
3.33
2.67
15.33
0.33
12.33
5.0
-0.67
7.67
-1.33
-3.33
-0.67
16.67
-0.33
13.67
-8.33
5.0
-8.67
12.0
4.0
-2.33
-3.0
2.0
2.33
-2.0
8.67
8.0
0.67
0.33
7.67
3.67
2.67
3.0
9.33
-0.67
-4.0
-1.67
3.0
0.67
-2.67
-11.33
-2.0
5.67
-2.33
6.0
11.67
10.0
16.33
11.67
3.67
12.0
0.0
-2.0
11.0
9.67
7.33
1.33
2.0
5.33
14.33
10.67
6.67
13.67
2.67
9.33
7.33
23.33
4.33
10.0
6.0
7.33
25.0
13.33
30.0
17.0
18.33
12.0
12.67
8.33
6.0
21.67
10.0
9.67
19.33
0.0
11.33
1.33
11.0
5.0
13.67
13.67
-10.0
9.67
5.0
8.33
6.67
-4.67
-1.33
4.0
12.0
13.0
1.0
-0.67
-0.67
-9.33
2.0
-2.0
1.67
7.33
-2.0
2.33
13.67
-8.0
2.33
7.0
4.33
-9.0
0.67
0.67
-7.33
0.67
5.0
9.33
-8.0
4.67
6.67
-3.0
9.33
3.67
18.33
9.0
-0.67
-7.33
4.67
0.67
4.33
12.33
-4.67
5.67
-2.33
15.33
12.0
3.33
-3.0
1.0
3.33
6.33
-3.67
-3.33
0.0
3.0
-0.33
1.0
-4.33
-2.0
-6.0
-8.0
2.33
2.0
7.33
3.0
11.0
2.67
6.67
0.33
6.0
-2.67
6.67
-3.33
-2.67
8.33
-5.33
-4.0
0.67
9.67
-7.67
-2.67
3.33
-4.33
2.0
1.33
4.0
8.0
-5.67
-2.0
5.0
4.0
-3.0
1.67
3.33
-0.67
1.0
-1.0
-3.67
3.67
-2.67
-1.67
7.33
10.0
4.33
4.67
12.33
2.67
-3.33
15.0
14.0
4.33
13.33
13.67
8.0
10.33
27.0
5.0
5.67
12.0
2.33
6.67
35.0
11.67
11.33
8.0
6.67
30.33
12.33
10.67
4.33
11.67
5.67
-2.0
1.67
10.33
7.67
4.0
18.67
3.33
-6.0
14.33
9.33
0.33
5.0
2.0
-0.67
1.0
2.33
8.67
0.33
-3.67
4.67
-1.0
2.67
5.67
-5.0
3.0
5.0
2.33
0.0
-2.33
0.67
-7.67
-5.67
1.33
9.33
7.33
10.0
5.67
2.0
-3.0
2.0
-3.33
2.67
8.33
-3.0
-1.0
-1.67
0.33
2.33
4.0
2.0
1.67
-2.0
-0.33
7.0
2.33
-3.0
2.67
-2.0
-4.0
-4.67
2.0
-0.33
1.0
6.0
8.67
4.67
1.67
-0.33
6.67
0.0
-2.67
9.67
8.67
2.0
7.67
-0.67
4.0
8.67
0.33
2.0
-5.67
0.0
11.67
-6.0
-0.33
4.33
3.33
-4.33
-2.67
1.0
6.33
1.33
-0.67
-0.33
-3.67
-2.33
1.0
1.67
-6.67
-9.67
-3.67
2.33
-2.0
0.0
6.67
2.67
2.0
-4.33
-2.0
-5.0
4.33
-0.33
-0.67
3.67
3.0
-3.0
1.0
8.33
6.0
2.33
-4.0
4.67
3.0
6.0
3.0
7.0
-4.33
1.67
7.33
4.67
1.0
1.0
-3.67
0.33
5.67
1.33
5.33
3.33
-2.0
1.0
5.67
1.67
7.0
-3.67
14.0
7.33
8.33
5.33
7.0
6.33
6.0
0.0
0.33
0.0
4.67
5.67
0.0
1.0
7.0
-3.33
-1.67
-0.67
3.0
0.33
-7.0
11.0
1.67
5.67
5.33
4.67
2.0
-1.33
1.33
4.67
-5.0
-8.0
-2.33
3.33
-4.67
-1.0
-1.0
-1.33
4.0
3.0
1.0
0.33
-0.33
2.33
-2.0
-1.67
3.33
-0.67
-0.67
-8.67
-2.67
-2.0
-2.33
-1.67
-1.33
5.33
0.0
-0.33
4.0
-1.0
-0.33
5.0
-6.0
0.0
-7.33
0.0
-0.67
1.67
0.67
3.33
0.0
-2.67
-5.67
-0.33
1.33
3.0
5.0
4.67
-0.33
-2.33
1.0
-0.33
-1.67
-2.67
5.67
1.67
-4.67
0.67
1.33
1.33
-1.0
-1.33
-1.33
-1.33
1.0
-4.0
-1.67
-2.67
-0.33
4.0
-1.67
2.67
-3.33
-0.33
0.67
6.0
0.67
3.0
-1.0
4.0
0.33
-3.0
0.67
1.67
-2.33
5.67
2.67
-5.33
-2.67
0.67
-0.33
-1.33
-0.67
2.0
6.67
-6.0
2.33
0.0
-2.67
7.33
-0.33
0.33
-0.67
-2.67
1.67
-6.0
-6.33
-2.67
0.0
1.67
0.0
-2.0
12.67
-1.0
-2.67
