0.0
-62.33
82.0
109.67
81.67
15.33
115.33
-12.67
52.33
45.33
15.0
29.67
70.33
40.33
36.67
-26.67
20.0
-13.0
38.67
-0.33
24.33
-38.0
-42.0
-18.33
12.0
-7.33
2.0
-7.0
3.67
-6.67
8.0
-4.0
-1.67
1.0
-1.67
1.33
-1.67
0.0
-1.33
-1.67
-1.33
-1.0
1.0
-1.0
-1.0
0.33
2.0
-0.33
-0.33
-0.33
1.0
-0.33
-0.33
0.0
0.0
0.0
-0.33
-0.67
-0.33
0.67
-0.67
0.0
0.0
0.0
-0.33
-0.33
1.0
-0.33
1.0
-0.33
0.0
0.0
-0.33
1.67
0.0
-0.33
0.67
-0.67
-0.33
1.33
0.33
1.67
-0.33
0.67
-1.0
-0.33
-0.33
-0.33
1.0
0.67
0.67
-0.33
1.0
-0.67
-1.0
1.0
0.33
1.0
-0.67
2.67
0.33
0.0
-0.67
0.67
1.33
0.0
-2.33
-1.33
3.33
1.67
-3.33
-0.67
3.0
0.67
0.33
4.67
-0.33
2.67
-1.0
2.0
-2.0
1.0
2.33
-1.33
0.33
-1.0
-1.67
-5.33
1.0
-1.67
4.0
-3.67
3.33
-1.33
-3.33
1.67
-2.0
2.0
1.0
-0.33
-2.67
-0.33
0.0
4.33
5.0
1.0
1.33
2.0
0.67
0.0
-0.33
-2.67
-2.67
4.33
-5.33
2.67
2.0
0.0
4.67
-2.33
-3.0
7.0
6.0
3.67
1.33
-2.67
-0.67
3.67
-5.33
4.33
1.67
2.33
-5.0
1.33
-0.33
-6.0
0.67
5.33
5.0
5.67
-3.0
-4.33
0.33
-1.33
-3.0
-0.67
1.0
6.67
1.67
8.67
1.67
5.33
0.67
-5.33
1.0
4.67
0.67
-1.67
4.67
1.0
0.33
-2.0
2.67
1.67
-3.33
2.0
-1.33
5.0
-1.0
8.67
-2.33
0.33
6.33
1.33
-6.33
1.33
-0.67
-3.0
4.67
-6.33
5.33
-1.67
-4.67
8.67
1.67
-0.67
2.67
-6.0
-1.67
3.67
-0.67
1.0
2.33
2.0
7.67
-0.67
8.67
-0.67
0.67
4.33
-1.67
0.67
1.0
1.0
3.33
-2.0
1.0
-3.33
2.67
2.0
1.33
3.67
-1.0
2.0
1.33
3.0
3.0
5.33
-3.33
2.0
-1.33
-1.33
7.67
1.0
-1.67
-2.33
-0.67
-6.33
-1.0
-4.33
4.67
5.0
5.0
-0.67
8.67
0.0
5.33
-0.67
4.0
0.67
1.67
2.0
3.0
-1.33
4.0
2.0
3.0
4.33
8.0
-1.0
0.0
3.0
6.33
-1.33
0.33
-4.0
8.33
1.0
0.67
9.0
0.33
0.0
-4.33
-1.33
-0.67
4.33
-1.0
3.67
3.0
-1.0
-2.33
4.33
-2.67
-6.67
6.0
3.0
0.67
7.0
-3.0
-2.0
-3.0
4.33
-0.67
3.67
-0.33
-2.33
3.67
-5.67
-5.0
8.0
-0.33
0.33
3.0
3.0
5.67
6.0
-1.33
-1.0
0.0
-1.33
-3.0
-1.0
0.33
2.33
4.67
0.0
10.33
2.67
1.67
-2.0
5.0
0.0
-4.0
3.33
1.0
1.0
5.33
6.0
1.33
-2.33
-7.0
0.0
4.0
-1.33
-6.33
1.33
4.0
3.0
6.0
-4.33
1.0
-1.33
0.0
5.0
5.0
8.67
10.0
6.67
-4.67
0.67
-5.33
-3.33
-1.67
8.0
5.33
0.0
-1.67
4.0
0.0
-3.33
-1.0
8.0
-1.0
5.0
4.0
3.33
0.0
3.67
-5.33
0.67
7.0
-0.33
3.0
-2.33
2.0
4.33
-3.33
-1.0
-1.0
1.67
-3.0
3.33
1.67
1.33
3.67
-3.0
2.67
-0.67
0.0
2.0
-4.33
-0.33
0.33
5.0
-0.67
0.0
0.67
3.0
0.67
-3.33
4.33
3.67
0.0
-4.0
10.33
1.0
1.0
7.33
0.0
2.67
1.0
4.33
-5.67
1.33
2.67
-3.67
0.67
-4.33
-2.67
-4.0
2.0
-8.0
-1.0
-8.33
4.67
4.0
-4.0
2.67
2.33
-4.33
-2.67
1.67
1.33
2.67
0.33
5.33
2.33
0.0
-2.67
3.67
-2.0
7.33
0.0
6.33
2.33
5.33
-5.0
-0.67
-2.0
-0.67
3.67
5.0
5.33
2.33
-3.0
-3.0
-1.67
2.0
-0.67
-2.33
3.33
3.67
-1.67
1.0
-2.0
3.67
6.0
3.67
-0.33
3.67
1.67
4.0
2.67
1.67
4.33
0.33
5.0
2.67
-2.67
8.0
-0.33
0.67
-0.33
-1.33
0.33
-2.67
0.0
2.0
0.0
-4.0
-4.0
-2.0
-2.67
-2.67
-2.33
-1.67
1.67
2.33
4.67
0.67
1.33
0.33
1.0
1.0
-2.0
1.0
-1.67
-0.33
0.67
3.67
0.33
-0.67
-1.67
0.0
-0.67
-1.0
1.67
0.33
2.67
4.0
-3.0
-4.67
2.67
-3.67
3.67
-2.0
-5.33
3.67
0.0
-1.0
-0.33
-0.67
0.33
3.0
-4.67
-1.33
-0.33
-1.33
0.0
-2.67
-4.0
1.0
0.33
-1.33
-1.67
-1.0
0.67
2.67
2.0
-2.33
-0.67
2.33
-1.67
-1.67
2.0
0.67
0.67
0.67
4.33
-2.33
0.33
1.33
-1.0
-0.67
-1.0
-2.0
-0.33
1.0
0.67
2.0
-3.67
4.33
0.0
-4.0
3.0
1.67
-3.0
1.67
0.33
1.33
2.0
-2.33
-0.67
0.0
-1.33
-1.0
5.0
0.0
-2.0
1.0
-3.0
3.33
-1.33
2.0
1.0
-1.67
1.33
-1.67
-3.0
1.0
-0.33
-1.0
2.33
3.67
-2.67
-3.33
1.67
-3.0
-1.0
3.33
4.33
-3.33
-1.67
-0.67
-0.33
-5.0
3.33
3.33
0.67
-1.33
-0.33
-2.67
1.33
0.33
-2.33
0.33
-2.33
-1.33
4.0
4.33
1.33
-0.67
-1.33
-0.67
0.33
-1.33
2.67
5.67
2.33
-3.33
1.67
0.33
-0.67
4.0
1.67
2.0
2.0
-2.33
-1.67
0.33
-0.33
0.33
1.67
1.67
4.33
-0.67
-0.67
2.33
9.0
-4.0
-2.33
4.0
2.0
0.67
0.67
0.33
1.67
-5.0
-1.0
8.33
-2.67
-0.33
0.0
8.67
2.67
0.0
-2.33
4.0
0.0
-0.67
-2.33
2.0
6.0
-2.67
2.67
-1.0
-2.0
-3.0
1.67
6.0
1.0
1.67
-3.33
-3.0
-3.33
1.33
0.67
-1.33
-2.67
-2.67
0.67
-1.0
-1.67
6.0
3.0
2.0
-1.0
-0.33
6.33
5.0
-1.67
-4.67
-3.67
-2.67
-1.0
-5.67
-0.67
2.33
4.0
6.33
1.0
0.0
0.0
2.67
1.0
1.33
1.0
5.33
0.0
0.0
1.67
-1.33
-1.0
6.67
5.33
7.33
7.0
0.0
5.33
0.33
2.33
3.33
5.0
-1.67
4.0
4.0
4.0
-5.0
-3.0
1.33
-6.33
-1.33
-5.33
3.67
9.67
-1.33
-1.67
-7.67
4.0
4.0
4.33
-1.0
6.0
3.33
-3.33
1.0
0.0
-1.0
2.33
5.33
2.0
1.0
-0.33
3.67
-4.33
-0.67
3.33
3.33
-0.67
-1.67
-2.0
6.67
-3.33
1.0
0.67
8.33
2.67
8.33
7.67
3.67
-2.0
5.0
4.33
4.0
-0.33
0.33
0.0
0.33
0.33
-2.33
8.0
2.0
8.67
3.33
3.0
1.67
1.67
1.33
4.67
3.33
4.33
-4.0
5.33
5.33
4.0
-3.67
1.33
1.0
5.0
4.67
-3.33
-3.0
6.33
2.33
5.33
-0.33
-2.33
6.0
2.33
1.0
-3.0
-1.0
-2.67
4.67
0.33
3.33
2.0
6.33
4.33
-0.67
-6.33
3.33
8.67
-3.33
5.0
2.33
0.67
9.0
5.33
4.0
2.33
1.67
4.33
4.67
2.67
-0.33
1.67
5.67
6.67
0.33
5.67
4.67
4.67
-1.33
-3.0
5.33
4.33
4.67
4.33
-4.33
6.0
8.33
6.0
7.33
14.33
5.33
4.0
-1.33
-1.33
4.67
8.0
0.33
4.33
8.0
4.67
1.0
-0.67
12.0
8.67
6.67
6.33
10.67
7.0
3.33
10.67
3.67
7.33
6.33
-0.67
1.67
9.67
5.67
-2.33
13.67
3.33
3.33
8.67
12.0
10.0
1.67
4.67
9.67
9.0
9.33
9.67
0.0
2.0
3.33
1.67
5.33
3.67
22.67
-0.33
3.0
2.0
1.33
6.0
6.0
-2.0
0.67
0.67
0.0
-0.33
2.33
6.33
3.33
12.0
3.33
5.33
-0.33
6.0
10.67
-2.0
17.0
0.0
10.67
1.33
4.67
6.33
6.0
3.67
0.33
14.33
2.67
-2.0
8.0
3.67
7.0
1.0
2.0
7.33
8.33
10.0
8.67
7.67
5.0
3.0
4.0
5.0
8.0
3.33
3.33
11.33
9.0
0.0
3.33
0.33
2.33
3.33
1.67
8.33
-0.33
8.0
6.0
8.0
11.33
8.67
4.67
9.33
5.67
8.0
11.67
20.0
17.0
19.67
18.0
25.67
10.33
32.0
37.0
31.33
34.0
48.33
37.33
40.0
43.0
42.67
43.0
32.67
31.67
24.33
42.67
33.33
26.0
40.33
27.33
22.67
24.67
26.33
16.0
16.0
12.67
17.0
11.33
3.67
2.67
10.0
-3.33
3.67
7.67
4.67
-1.67
0.67
7.67
12.67
11.67
10.67
8.33
7.33
10.0
3.33
5.33
10.0
7.33
5.0
5.33
10.67
-3.33
13.0
2.0
3.67
9.67
10.0
-2.67
1.0
2.33
3.67
17.0
8.0
5.0
10.33
7.0
8.33
3.33
5.67
5.33
12.33
6.67
9.33
6.33
2.0
6.0
5.67
-1.0
-2.67
0.33
6.0
8.33
7.33
9.0
-1.0
-3.0
4.0
-0.33
9.33
3.0
2.0
9.0
1.67
5.0
8.67
2.67
9.67
8.33
9.33
0.67
2.67
4.67
4.33
5.67
2.67
4.67
12.67
5.67
11.0
0.0
5.33
-2.33
7.0
1.67
7.67
-1.33
8.67
10.33
-2.0
0.33
5.0
14.0
4.0
8.67
4.33
-0.67
7.67
0.67
13.67
3.67
3.0
5.0
11.33
6.33
-1.0
3.0
2.33
5.67
6.33
9.0
12.33
11.0
16.67
12.0
8.33
4.0
2.67
9.33
6.33
-0.67
8.33
-6.33
3.0
12.33
6.33
8.67
9.0
5.33
1.33
6.33
-5.0
13.67
5.33
11.67
4.33
5.0
7.33
6.67
9.33
7.33
1.67
10.67
7.0
0.67
-0.67
5.33
-1.0
10.33
-0.67
4.0
0.67
9.0
12.0
9.33
3.0
13.33
12.0
6.67
11.33
2.0
5.33
13.33
10.33
4.67
2.0
5.67
12.0
10.0
1.0
10.33
6.33
3.67
8.33
7.33
7.67
3.33
4.0
2.0
7.33
3.67
0.0
11.33
8.67
9.33
12.67
6.33
13.33
12.0
2.67
2.0
4.67
13.67
7.33
8.0
11.33
10.0
10.33
10.0
8.0
10.67
4.67
6.0
14.33
9.33
5.0
16.0
1.0
1.0
14.0
12.67
11.33
10.0
-3.33
3.33
8.0
4.33
9.67
9.67
8.0
9.67
4.0
14.33
5.0
13.33
9.33
13.0
3.67
10.33
7.67
20.67
15.0
5.0
9.67
26.0
17.67
27.0
31.33
40.33
44.0
44.67
46.0
64.67
86.67
86.33
97.33
134.67
145.33
123.0
169.33
150.0
180.67
197.33
242.33
223.33
242.0
280.67
252.67
260.0
301.33
323.0
292.33
316.67
333.0
321.67
299.67
263.33
277.33
275.0
245.67
223.0
214.33
183.0
168.33
147.67
139.0
128.33
83.0
78.33
63.67
60.0
49.0
46.67
29.33
28.33
27.67
7.33
24.67
14.67
36.67
10.67
9.0
13.0
3.0
8.67
4.33
5.0
6.67
24.0
0.33
10.0
13.33
3.67
9.67
7.0
-0.33
13.67
1.33
5.67
14.0
12.33
11.0
16.0
-2.33
5.67
1.33
9.33
3.67
8.67
7.33
-0.67
8.0
4.0
11.0
10.0
-3.0
9.0
6.33
5.0
12.33
9.33
13.0
-3.0
6.67
7.67
13.33
19.33
3.0
15.67
-1.0
6.67
2.67
8.33
20.0
11.67
4.0
-1.33
0.67
5.33
10.0
9.67
9.67
5.67
6.0
8.67
17.0
3.0
15.67
3.67
8.33
3.33
-6.67
-7.0
6.33
7.0
9.0
5.33
4.67
2.67
0.67
2.33
-6.33
10.67
-2.67
6.67
0.33
8.67
3.67
-3.67
7.0
10.0
-2.0
-2.0
-1.0
9.33
10.33
14.33
14.33
6.67
4.0
-0.33
8.67
2.33
20.33
1.33
-2.33
2.67
3.33
-3.0
5.67
3.33
15.67
7.0
4.33
8.67
10.67
15.67
6.67
5.0
-2.67
17.33
13.0
2.0
5.33
14.0
-3.67
-1.67
0.33
-7.67
0.33
9.33
-1.33
7.67
17.33
-1.0
9.0
5.33
-1.67
6.33
0.33
9.33
-13.0
3.33
-6.67
-3.33
-4.0
2.67
-5.67
4.67
3.33
9.0
9.33
-3.67
12.0
11.33
2.0
-0.67
2.0
5.0
6.67
6.0
8.33
-10.33
9.0
-4.33
2.0
-3.0
11.33
0.0
0.67
-10.67
7.0
-0.67
2.67
0.0
7.33
9.0
11.0
3.33
-1.33
-4.0
2.0
12.0
0.67
6.33
14.67
1.33
4.33
5.67
21.33
7.33
3.33
8.0
4.33
-3.33
11.67
3.67
2.33
4.67
2.67
7.67
-6.33
6.0
10.33
15.0
2.0
-1.33
-8.0
-7.0
7.33
-3.0
3.67
1.0
0.67
-6.67
-0.33
3.67
-1.33
5.0
7.33
-8.67
6.0
5.33
14.0
8.67
-8.67
-9.33
1.0
13.67
-1.33
-1.0
8.67
12.0
6.33
12.67
7.67
0.0
-7.0
9.0
-2.0
12.67
15.33
4.33
6.0
2.33
19.33
11.67
6.67
9.67
14.67
6.33
0.33
18.33
8.33
-1.0
3.0
0.33
11.0
14.33
0.0
7.0
11.33
22.0
3.67
21.33
22.0
8.67
14.0
13.67
10.33
13.0
7.33
8.33
12.0
1.0
1.67
-5.33
-2.0
-0.33
22.0
2.33
-1.33
2.33
4.67
-1.0
-2.0
-6.0
5.0
4.33
5.33
3.67
-7.0
6.0
1.67
6.33
6.0
6.33
1.67
-6.0
10.33
8.0
2.33
8.0
-4.33
11.67
6.67
2.67
-1.0
5.33
-6.0
7.67
-4.33
-2.0
6.33
13.67
10.33
-6.0
-0.67
-10.33
-1.33
2.67
6.33
7.33
-4.67
-1.33
-6.33
-1.67
1.0
-1.67
-6.0
-2.0
-12.67
2.33
6.33
-2.33
7.0
12.0
-2.33
2.0
-1.33
-8.0
7.0
-2.0
9.33
2.0
-1.67
-2.0
1.0
1.67
9.67
-1.67
5.0
-2.67
3.67
1.67
-3.67
-6.67
4.67
-3.0
4.67
-4.33
13.33
-5.67
5.33
-9.33
0.0
2.33
-7.0
11.0
5.33
9.0
9.0
1.0
3.0
3.67
9.33
-3.67
-6.0
5.0
3.33
0.67
0.33
2.33
-0.67
9.0
4.33
1.67
2.33
4.67
4.67
5.0
13.0
-9.67
-5.67
11.67
9.0
6.33
9.0
6.0
1.67
5.0
7.33
2.67
8.0
15.67
13.33
17.0
13.67
14.33
9.33
14.67
7.33
16.67
4.67
3.0
10.67
4.33
-2.33
14.0
8.67
12.33
-4.0
13.33
8.33
-7.67
2.0
-2.0
11.33
6.0
-8.67
6.67
3.33
-2.67
4.67
-7.0
1.67
1.67
-8.0
1.0
-3.0
-3.67
-6.0
2.67
11.67
5.33
2.33
0.33
-1.67
5.33
10.0
12.67
-2.0
-1.0
2.0
4.67
0.67
3.33
3.0
-6.0
-7.67
9.33
-8.67
4.0
10.0
12.67
6.0
-1.33
2.0
-1.67
-6.0
-0.33
-11.0
-4.0
1.33
-5.0
-1.33
-4.0
6.0
-0.33
5.67
-1.33
0.67
-1.33
-5.0
1.33
-0.33
0.67
0.0
5.67
8.33
-5.0
-0.33
4.33
2.0
-5.67
-5.0
-3.33
2.0
-1.33
1.33
-1.67
-8.33
10.33
-2.0
1.33
1.33
0.33
-0.33
1.33
1.67
-3.0
1.67
-3.67
1.33
-0.67
5.33
5.0
2.0
5.67
-4.33
0.0
-9.33
6.0
0.0
7.33
-0.33
-1.67
-2.33
6.0
-4.0
2.0
-7.67
7.0
-1.67
5.0
-7.33
10.0
4.0
4.0
4.0
-5.33
-3.33
7.33
4.67
8.0
-3.0
-2.67
2.33
0.67
0.33
5.33
7.33
6.0
1.0
11.67
3.67
1.0
2.33
10.0
12.33
6.33
-0.67
7.0
8.33
9.0
12.0
2.33
1.0
4.67
2.67
4.0
7.0
2.0
5.67
1.33
2.33
3.0
6.33
6.0
-2.0
-3.33
13.67
2.33
-4.33
8.0
6.67
10.33
0.67
2.0
-5.0
1.67
1.33
-1.67
0.0
-8.0
-4.33
3.0
-3.0
-1.0
1.33
2.67
-0.67
6.0
-4.67
0.33
-0.67
-2.67
-0.67
-1.67
-5.0
2.67
-7.67
-3.33
-5.67
0.0
-0.33
-5.0
2.0
-3.33
6.0
-5.0
-2.0
5.67
-5.0
5.33
-2.33
0.67
0.33
-2.0
-5.67
-3.67
4.67
5.33
-5.0
4.0
2.67
2.67
-4.33
5.0
-0.33
-5.67
5.33
6.67
0.67
1.33
0.67
-4.67
5.33
7.0
-3.33
3.67
3.67
5.0
-2.0
-1.67
4.33
2.67
0.0
-5.67
-2.33
1.67
1.67
-1.33
6.0
-0.33
-3.0
-1.0
6.0
2.33
4.0
0.67
-0.33
0.67
0.67
0.67
-6.33
3.33
1.67
1.67
3.67
0.33
0.0
7.67
0.0
5.33
-4.0
0.33
-2.67
4.67
0.33
-1.67
-4.67
7.67
0.0
-0.33
3.33
-5.0
-2.33
-2.0
0.0
4.67
-2.0
-7.67
