0.0
-100.33
-15.0
-57.33
-33.33
-70.67
-64.67
-118.67
-68.67
-34.67
-28.0
-86.33
-58.67
-63.67
-37.33
0.33
43.0
-5.0
-10.33
5.67
4.33
7.0
-18.0
-11.33
-12.0
-20.33
4.0
2.0
2.67
4.33
-2.0
0.0
-5.67
1.0
-0.67
0.33
1.33
0.0
-0.33
-0.67
0.67
0.0
1.0
-1.0
-1.0
0.33
1.0
-0.33
-1.33
1.67
1.0
-0.33
-0.33
1.0
0.0
0.0
0.67
-0.67
-0.33
-0.33
-0.67
0.0
0.0
1.0
-0.33
-0.33
1.0
-0.33
0.0
-0.33
0.0
1.0
-0.33
-0.33
-1.0
-0.33
-0.33
-0.67
-0.33
-0.67
-0.67
-0.33
0.67
-0.33
-1.0
0.67
2.67
0.67
1.0
0.67
-0.33
0.67
1.0
-0.67
-1.0
0.0
2.33
3.0
3.33
1.67
1.33
2.0
-0.67
-0.33
0.33
1.0
-1.33
2.67
0.33
0.67
-1.33
-1.67
0.0
0.67
1.33
1.67
2.67
-2.33
-1.0
2.0
0.0
6.0
-2.67
3.67
4.33
3.0
-6.67
-4.33
1.0
-0.67
-1.0
-5.67
7.33
3.67
3.67
3.67
3.0
1.0
4.0
0.67
-3.67
-2.33
-2.0
3.33
3.0
2.0
7.33
2.0
3.67
0.0
-2.33
2.33
1.33
10.33
1.67
2.67
2.0
-1.0
6.67
6.67
6.0
0.0
2.0
1.67
4.33
0.33
2.33
2.67
4.67
-1.67
2.67
2.33
1.0
-0.67
1.67
0.0
2.67
10.33
2.0
0.67
8.0
7.67
-2.67
3.67
9.0
-2.67
4.0
6.67
6.67
-0.33
3.67
7.33
1.67
1.67
-3.0
0.67
-0.33
3.33
8.67
8.0
8.33
-3.0
-0.33
8.67
0.67
0.0
5.67
8.0
4.0
-0.33
1.67
-1.67
1.33
6.33
3.67
2.33
2.33
0.0
4.67
5.67
1.33
4.33
4.33
6.67
-5.33
-1.67
0.67
1.0
-0.67
4.67
8.33
3.0
8.33
8.0
0.67
5.33
8.67
0.33
0.67
8.33
-2.67
-2.33
0.0
4.0
8.33
2.0
0.0
1.67
5.67
8.0
3.33
3.67
0.0
6.0
-2.67
0.0
1.0
1.33
-2.33
-1.0
6.67
1.67
5.67
-5.0
-2.67
-1.33
3.33
-0.33
3.0
3.67
1.67
4.0
-4.0
1.33
-2.33
7.0
6.33
2.33
2.0
0.67
6.67
5.0
3.0
6.67
-3.0
1.0
7.0
11.33
7.0
-2.0
0.0
5.0
5.33
-2.33
3.33
4.0
1.33
4.0
2.67
0.0
3.33
2.0
-3.33
1.67
6.33
8.33
5.0
0.67
-6.0
5.0
0.67
-0.67
4.33
-2.67
6.0
0.0
5.67
4.0
3.0
2.0
4.0
-3.67
-3.67
12.67
2.67
2.67
-1.33
0.33
8.0
2.0
6.67
0.33
7.0
0.0
-1.33
3.0
1.67
6.0
3.0
4.67
-1.0
5.0
4.33
3.33
-6.33
7.0
2.33
5.67
0.67
4.0
2.0
-1.0
2.0
1.33
7.0
1.0
2.33
3.0
1.33
-2.33
1.0
3.0
4.0
3.67
-0.33
0.33
1.0
3.0
-1.0
1.67
-1.0
2.67
4.0
7.0
5.0
7.67
13.0
6.67
-0.67
5.67
-2.33
14.67
-1.67
3.0
6.33
-4.0
8.33
1.0
1.0
3.67
12.0
7.0
7.0
7.0
8.0
1.33
1.0
2.67
-8.33
1.67
5.0
1.67
-1.0
7.67
-2.0
2.33
-1.33
-1.0
6.0
-0.33
-4.0
4.33
-1.33
-2.67
9.67
-2.0
3.67
-5.67
-1.0
-6.0
-4.33
0.67
-4.67
6.0
-0.67
1.0
-0.33
4.0
4.67
1.67
-1.67
2.67
4.0
1.0
3.33
0.0
4.0
6.33
0.0
4.67
2.0
5.33
0.33
6.33
5.67
4.33
-1.33
-4.33
4.33
-6.0
-4.0
-6.0
-1.0
-6.33
-0.33
6.0
2.0
-0.33
5.33
7.67
-0.67
6.67
6.33
1.67
2.33
2.33
0.33
0.0
8.33
4.67
-1.0
-0.67
1.0
0.33
1.33
0.33
1.0
0.33
2.0
-3.67
-1.33
2.0
1.33
3.33
-3.0
0.0
-0.67
0.0
2.33
-6.33
8.33
1.67
8.33
-1.0
0.0
2.67
0.0
2.67
3.67
2.67
3.67
-2.0
6.67
-0.33
5.33
0.33
0.0
6.67
-4.67
9.0
1.67
0.67
4.67
-2.33
3.33
-4.67
0.0
-4.0
4.0
-1.0
-1.0
3.0
-1.67
6.33
-0.33
3.33
3.67
4.33
1.67
-0.33
1.33
-1.67
-2.0
2.0
2.0
0.0
-1.67
3.67
3.67
8.67
1.33
-0.67
0.33
2.0
-0.67
5.0
-0.33
5.33
2.67
5.0
-3.0
8.33
3.67
0.33
5.67
2.0
0.67
1.67
2.0
6.0
0.67
0.33
7.33
6.0
-0.67
2.67
-0.33
3.67
-2.0
-4.67
-3.0
1.0
1.33
0.67
2.33
-2.0
4.67
-1.33
2.0
-2.33
-5.67
4.33
-0.67
-1.67
0.0
-3.33
1.67
-4.33
-1.67
-1.33
7.33
2.33
-1.0
1.33
0.0
-1.0
-0.33
0.0
0.67
6.0
3.33
4.33
-1.0
0.0
9.0
3.67
0.0
1.67
-0.67
0.33
-3.0
1.67
-3.67
4.0
2.67
-3.0
3.0
6.0
-4.0
-1.0
4.0
4.33
-0.33
2.0
5.0
0.33
-0.67
1.33
-2.0
-1.0
-0.33
-3.0
-1.67
2.67
-3.67
4.67
-0.33
2.0
-1.0
2.33
3.33
-1.33
-0.67
-1.67
1.67
-1.0
1.33
0.33
1.67
0.67
-3.33
-1.67
7.33
0.33
0.67
-1.67
-1.33
-4.33
7.0
6.33
-2.67
2.33
4.67
-4.67
-2.67
-0.33
1.67
4.67
3.33
1.67
3.67
-1.67
2.33
5.0
3.67
4.0
6.0
-0.33
1.33
-2.67
-2.33
3.33
-2.33
-1.33
6.33
1.33
-2.67
5.33
1.0
-2.0
3.67
0.0
3.0
0.67
-2.33
1.33
4.67
-3.0
-2.0
-1.67
-3.67
3.67
7.0
5.67
-1.33
2.0
-1.33
1.0
2.0
-0.67
1.67
4.0
4.0
-2.67
8.67
-1.0
5.0
1.0
1.67
6.0
2.0
-0.33
-5.33
4.0
-0.33
6.33
0.67
0.67
1.33
-5.67
2.67
2.0
-1.67
3.0
2.0
0.0
1.0
-4.33
2.33
9.0
-3.67
1.33
-4.67
-0.67
3.0
6.33
-0.67
-0.67
-1.0
-6.67
-2.0
5.0
1.0
5.67
1.0
-0.67
4.0
-2.67
3.0
-1.0
4.67
0.67
-1.0
4.67
-3.67
3.33
5.0
1.0
2.33
5.33
2.33
2.33
3.0
-1.67
1.0
-2.0
-1.0
-2.0
-3.0
-3.67
4.67
-3.33
-7.33
-0.33
7.67
0.67
4.33
0.33
4.0
10.0
4.33
2.0
4.0
3.33
3.67
11.0
3.0
12.0
9.33
8.33
16.0
6.0
13.67
9.67
3.67
20.33
27.33
22.33
20.33
31.33
33.0
26.67
20.67
28.0
28.67
18.33
31.67
24.33
15.67
16.67
13.0
17.0
16.33
12.0
7.67
14.33
7.0
11.33
4.33
4.67
11.0
11.0
1.67
-2.67
10.0
1.67
7.67
0.33
-2.33
2.33
5.33
-1.0
0.33
5.33
5.0
-1.67
4.33
5.0
7.0
2.67
8.67
2.0
1.33
-1.67
12.33
-2.33
-3.33
2.0
9.33
1.0
2.0
-3.0
-0.67
3.67
0.33
6.33
0.0
2.33
1.33
-0.67
-1.33
8.33
-0.33
1.67
2.0
4.33
9.67
5.0
4.33
5.0
6.33
4.67
10.33
5.67
5.67
3.67
7.67
4.67
11.67
-4.67
-0.33
-0.33
4.67
-0.33
6.0
4.33
9.33
12.67
1.33
3.67
4.0
12.33
5.0
4.33
4.33
3.33
1.0
3.67
2.67
5.67
5.0
4.33
2.33
7.0
-0.33
6.0
5.33
11.0
-3.33
3.67
1.33
5.67
5.0
-1.67
1.67
11.67
-3.67
0.33
3.33
0.67
4.67
3.67
4.67
8.67
5.33
8.33
5.67
4.0
7.0
0.67
11.67
3.67
18.0
9.33
3.67
10.0
3.0
4.33
3.67
11.33
4.67
13.67
-3.33
5.0
10.0
-0.67
3.0
0.0
8.0
4.67
2.67
6.0
7.67
1.33
12.33
1.33
1.0
9.33
6.33
-0.33
6.0
4.67
3.0
12.0
4.0
5.67
6.33
3.67
-1.67
11.0
9.67
8.33
4.33
2.67
1.0
13.0
2.67
4.0
10.0
0.0
5.33
7.33
12.0
6.67
4.67
9.0
6.0
1.0
7.0
3.0
17.33
-1.67
4.33
7.0
7.0
14.33
4.33
1.33
8.33
-0.33
13.33
-0.33
4.0
6.0
-2.0
3.33
4.67
3.67
9.33
8.67
20.0
15.67
17.0
10.0
7.67
12.0
14.67
12.33
26.0
13.0
23.33
24.0
13.33
19.33
22.0
13.0
29.67
18.0
24.67
26.67
17.33
14.67
16.33
13.0
11.33
18.33
20.67
12.67
10.33
16.0
15.0
3.67
10.0
7.33
13.67
16.67
4.0
0.67
1.67
-2.33
2.67
7.33
6.67
4.67
6.67
3.67
7.67
3.33
10.33
7.0
4.33
1.33
8.0
8.33
4.0
5.33
7.67
0.67
8.0
5.0
10.67
6.67
11.0
4.33
9.0
9.33
9.67
8.0
10.0
10.0
12.33
0.0
4.33
3.33
2.67
5.33
18.33
3.67
2.33
6.33
3.0
4.0
13.67
7.0
1.33
11.33
5.0
12.33
7.33
8.0
-3.0
5.0
1.0
7.67
8.33
4.0
10.0
1.0
-0.33
8.0
4.67
3.67
7.67
12.33
5.33
8.67
3.67
1.67
4.33
7.67
10.67
7.67
7.67
2.67
-1.0
3.0
4.33
0.67
12.0
5.67
13.67
4.67
8.67
7.33
6.0
-1.67
14.0
21.0
12.0
0.67
15.33
9.33
20.67
1.67
7.67
13.67
-3.0
12.0
6.33
4.33
14.0
15.0
10.33
6.67
4.33
7.0
16.33
12.0
7.67
13.0
2.33
14.0
9.67
10.33
13.33
7.33
1.33
5.67
10.0
10.33
4.33
14.67
5.0
11.33
11.33
10.33
5.0
10.67
5.33
8.67
8.33
15.0
10.33
11.67
3.33
11.33
2.67
4.67
10.0
11.67
16.33
0.33
11.0
6.33
8.33
3.0
6.67
10.0
9.0
8.33
9.0
8.33
12.0
0.67
6.33
4.0
8.33
6.33
7.33
4.67
11.0
3.67
9.0
3.0
5.0
8.33
2.33
4.67
17.33
11.33
5.67
11.33
18.0
12.0
11.33
13.67
10.0
7.33
2.67
7.33
9.67
6.33
11.33
7.0
7.67
3.0
2.67
2.67
2.33
3.0
7.33
6.0
14.33
12.0
1.0
13.67
10.67
5.0
17.33
16.33
2.0
7.0
6.0
10.0
11.0
9.67
6.33
15.0
-3.33
5.33
21.0
21.33
16.67
14.67
14.0
9.67
17.0
21.33
1.0
11.33
16.33
17.0
14.67
28.33
12.67
15.67
22.0
17.0
11.67
40.0
16.67
26.0
19.33
13.33
30.0
26.67
37.0
22.67
26.67
43.33
32.33
45.67
33.33
54.0
63.33
73.0
61.67
81.33
80.33
90.33
94.0
115.67
82.67
87.0
106.33
91.0
91.33
79.67
113.0
78.67
88.67
90.33
100.33
99.0
73.67
77.0
64.33
66.0
57.33
67.67
39.0
28.33
34.0
38.33
21.67
28.0
7.0
11.67
25.33
21.33
7.67
17.33
10.67
23.67
10.67
16.67
20.0
18.0
19.0
9.67
9.33
12.0
2.67
13.0
2.33
6.0
6.33
4.67
14.67
11.0
6.67
1.67
18.33
10.67
-3.0
17.33
7.0
5.0
16.67
11.67
10.33
9.33
5.67
1.67
15.33
18.33
11.0
12.0
6.0
14.0
8.0
1.0
8.33
20.0
-1.67
-2.67
12.0
7.0
6.67
4.67
22.33
11.33
6.0
19.67
-4.0
5.67
11.67
6.33
13.0
-1.33
9.0
3.67
18.67
9.33
11.0
6.67
12.67
7.67
7.0
0.67
14.0
10.0
13.67
18.67
-0.67
21.33
-1.67
23.0
4.33
16.0
15.0
10.33
18.67
9.67
5.67
-0.67
2.67
-3.33
4.33
14.67
7.33
15.67
6.67
10.33
15.0
3.0
0.0
9.0
16.0
3.33
-3.67
6.33
7.33
17.67
1.0
7.67
10.67
3.33
20.33
22.33
13.67
-1.33
11.33
14.0
5.67
1.33
20.67
6.0
6.33
11.67
4.67
10.67
6.67
19.0
7.33
5.33
2.0
18.0
14.33
0.0
10.33
2.33
12.33
17.33
6.33
-0.67
12.67
5.67
7.33
3.0
13.0
-5.67
11.33
6.33
8.33
10.33
3.0
8.33
14.33
16.67
18.0
-3.33
-4.67
5.67
15.33
25.0
9.33
-5.67
21.0
14.33
17.0
8.33
12.0
18.0
10.67
9.0
11.33
30.67
23.0
22.67
14.0
10.0
19.33
25.0
15.67
11.33
17.0
34.33
18.67
29.0
44.33
42.0
25.0
27.33
36.67
27.0
18.0
27.0
23.67
33.33
26.67
19.33
29.33
25.67
27.33
13.33
9.33
13.0
19.33
3.67
6.67
14.67
6.33
15.67
7.67
17.67
11.67
-2.0
3.33
12.0
12.0
1.67
13.0
17.0
12.33
2.0
10.67
6.0
7.67
5.33
9.67
6.67
8.67
13.0
-2.67
-2.67
2.0
2.33
4.0
8.67
3.33
-3.33
2.0
8.67
11.67
19.0
9.67
13.0
0.33
8.67
5.67
0.0
1.0
9.0
-2.0
15.67
11.33
-4.67
14.0
2.33
12.33
9.67
12.67
14.67
17.67
5.33
8.33
6.33
10.33
12.0
8.0
4.33
14.0
14.33
5.0
8.0
4.33
15.0
5.67
8.33
5.0
12.67
11.0
9.67
6.33
15.0
11.33
-2.67
10.0
9.0
8.67
0.67
-1.0
6.67
-2.0
8.33
-2.33
8.33
11.67
-2.0
-2.0
11.0
0.0
8.33
13.33
8.67
6.0
10.0
1.67
8.33
1.0
-2.67
7.67
14.0
16.33
5.0
-11.67
1.0
-5.33
7.67
7.67
5.67
8.0
4.33
0.0
-0.33
6.67
3.0
8.33
1.67
5.33
0.0
-1.67
5.67
2.67
15.67
3.33
5.33
-0.67
8.67
7.67
3.33
-1.0
1.33
10.0
4.0
2.33
3.33
-1.67
4.67
0.0
9.0
-4.33
6.0
-1.33
-9.0
4.0
2.0
6.33
14.0
13.33
6.0
4.0
1.67
1.67
3.33
9.0
-4.67
12.67
-1.33
-5.67
-0.67
3.67
-6.0
3.67
9.67
3.33
12.33
3.33
-7.33
5.0
-0.67
8.0
11.0
2.33
8.0
3.0
-2.0
-5.0
15.67
3.33
6.33
9.0
18.0
-8.67
1.67
3.33
2.33
-0.67
9.0
-0.67
9.67
12.33
8.67
0.67
10.0
-3.0
3.33
10.33
12.67
6.0
5.33
18.0
15.0
1.67
2.0
7.33
3.67
3.0
14.67
9.33
18.0
10.67
4.33
-3.67
0.67
8.33
5.67
-0.33
7.0
14.67
18.33
3.67
0.0
-2.33
-1.67
-3.0
6.33
4.33
-4.67
5.0
6.0
0.33
7.0
4.33
12.67
3.33
-7.67
12.67
8.0
18.67
4.67
-1.0
7.0
0.0
2.33
-3.0
8.67
6.67
-1.67
-3.67
-2.67
4.33
1.33
11.0
5.67
-1.0
-2.0
0.0
1.67
11.67
7.33
4.0
-1.0
-2.67
1.33
-4.67
3.0
7.0
1.67
-6.0
-1.33
2.0
2.33
5.0
17.67
2.0
7.0
6.33
15.0
-0.33
9.0
-3.0
-5.33
0.67
6.67
3.67
5.67
1.0
-0.67
5.67
2.67
-4.0
3.67
4.33
8.0
10.67
2.33
-2.0
-1.67
2.0
3.67
11.0
-1.33
3.33
6.33
-10.33
8.33
-6.0
10.33
1.33
-5.67
1.67
-1.67
2.67
3.0
5.67
0.33
7.33
2.33
10.33
0.0
1.0
1.67
8.67
5.0
0.67
3.0
0.0
5.33
4.67
-3.67
7.67
13.0
3.0
2.0
0.33
8.0
9.33
4.0
-0.33
9.0
4.0
3.0
-1.0
-8.33
1.67
-1.67
-0.33
13.0
3.0
9.33
-3.67
1.67
1.33
4.33
-0.67
4.0
2.0
-2.33
3.67
5.0
0.33
8.0
-3.67
4.33
-0.67
-2.0
6.33
7.0
1.0
3.33
4.0
-0.33
5.67
3.0
3.0
-3.0
1.67
0.33
8.33
-2.0
2.33
-4.0
6.0
-6.33
12.67
6.33
-1.33
-2.0
-0.33
2.33
2.67
1.0
-1.0
3.67
-0.67
3.33
3.0
-2.0
-1.33
2.0
-10.0
-4.0
-0.67
6.67
0.33
2.0
4.33
0.33
1.33
-0.67
-0.67
1.33
1.0
0.67
-1.67
10.67
2.33
2.0
5.67
6.0
2.0
-2.33
7.0
-3.0
6.0
3.67
-5.0
9.33
-1.33
1.67
2.33
-4.0
0.33
8.33
-5.33
1.33
-2.0
0.0
4.67
1.67
1.67
6.0
5.67
0.33
1.33
6.67
5.67
-4.67
2.67
-0.67
5.33
-4.0
3.67
-3.33
0.67
-2.0
3.0
4.33
4.33
5.67
2.0
6.33
0.67
2.67
4.67
-0.33
8.0
-3.33
-1.0
0.0
3.0
-1.67
1.0
-0.33
2.67
0.67
4.67
2.67
3.67
0.33
-2.33
-3.33
10.67
4.33
2.0
-0.33
-4.0
4.33
3.0
1.33
7.33
-1.33
0.33
0.33
-2.67
2.67
0.0
-4.33
4.33
-6.0
1.67
2.0
3.0
1.67
2.0
-1.67
