0.0
-42.33
-47.0
-41.33
8.67
-34.67
26.33
19.33
-56.67
108.33
-40.0
90.67
14.33
20.33
37.67
-29.67
48.0
43.0
-1.33
20.67
-14.67
-7.0
7.0
-9.33
-18.0
-10.33
-1.0
-2.0
6.67
-6.67
2.0
5.0
-1.67
-1.0
1.33
1.33
1.33
1.0
0.67
-1.67
-1.33
-1.0
1.0
0.0
-1.0
-0.67
1.0
-0.33
-1.33
0.67
0.0
-0.33
0.67
0.0
0.0
1.0
0.67
-0.67
0.67
0.67
-0.67
0.0
0.0
0.0
-0.33
-0.33
0.0
-0.33
1.0
-0.33
0.0
0.0
-0.33
0.67
-1.0
-0.33
0.67
-0.67
1.67
-0.67
0.33
1.67
-0.33
-0.33
-1.0
-0.33
0.67
1.67
1.0
-0.33
-0.33
1.67
0.0
-0.67
-1.0
2.0
0.33
1.0
-0.67
-0.33
-1.67
3.0
0.33
1.67
2.33
0.0
-0.33
-0.33
-1.67
1.67
0.67
-0.67
1.0
0.67
2.33
-0.33
-1.33
-1.33
3.0
5.0
1.0
4.0
0.33
2.67
-0.67
3.0
-0.67
-2.33
1.0
0.33
3.0
5.33
1.33
4.67
7.67
2.67
4.0
1.0
1.0
1.67
2.33
-3.33
3.0
2.33
1.0
5.0
4.33
4.0
-0.33
4.0
1.67
5.33
3.33
-1.67
0.67
0.67
0.0
0.0
1.67
3.67
-4.0
9.0
3.0
-0.33
5.33
-0.67
0.33
4.67
-1.33
8.33
-0.33
4.33
-2.0
7.33
-2.33
-2.0
8.67
7.33
3.0
1.67
-1.0
3.67
-2.67
4.67
2.0
-3.67
4.0
2.67
6.67
0.67
5.67
-1.67
1.67
8.67
2.0
4.67
5.67
-0.67
4.67
2.0
4.33
-4.0
1.67
-0.33
-4.33
7.0
4.67
3.0
0.0
9.67
5.67
4.33
-2.67
5.33
-3.33
2.33
3.33
10.0
0.67
-0.33
5.33
6.33
0.33
2.67
1.67
-2.67
8.67
0.0
1.33
2.67
4.33
2.0
2.33
8.0
-0.33
3.33
6.67
2.33
2.67
10.33
0.33
-2.33
2.0
1.0
2.33
7.0
-1.0
2.67
10.67
1.0
1.33
4.67
2.0
3.0
-0.67
10.0
2.0
-0.67
6.67
9.0
4.67
1.67
7.67
0.0
-3.67
-2.33
-2.67
-3.33
3.0
1.67
-0.33
1.0
1.0
10.33
-3.33
-3.0
1.33
8.33
7.0
6.67
2.67
3.0
7.0
-0.33
1.0
7.0
7.0
9.33
6.0
3.0
10.0
0.0
7.33
4.67
0.33
2.0
4.33
3.0
6.67
5.0
-1.67
1.0
-5.33
4.67
4.33
2.33
-1.0
2.67
-2.0
9.0
2.67
-1.67
3.33
-5.67
4.0
6.0
5.67
12.0
1.0
-3.0
-2.0
11.33
4.33
5.67
0.67
3.67
0.67
1.33
-4.0
2.0
1.67
-2.67
7.0
8.0
4.67
6.0
-6.33
4.0
0.0
0.67
1.0
2.0
-2.67
6.33
-4.33
8.0
5.33
0.67
-3.33
3.0
1.0
6.0
2.0
-1.67
-2.0
1.0
-0.67
5.0
2.33
-0.33
-4.0
4.0
5.0
4.67
-2.33
3.33
-2.0
2.0
0.0
-2.33
-4.0
0.67
0.0
4.0
10.0
4.67
2.0
9.67
0.33
-3.33
1.67
6.67
-0.67
0.0
6.33
0.0
6.33
-1.0
6.0
-0.33
6.0
8.0
0.0
-3.0
2.0
0.33
2.0
4.67
-5.33
2.67
10.0
-3.33
-2.0
10.67
2.0
0.33
-0.33
-2.0
8.0
2.67
-6.0
0.33
2.67
-5.67
4.67
9.0
-0.33
0.33
4.0
1.0
0.67
1.67
6.33
6.0
-2.67
1.0
4.67
4.0
4.67
1.67
6.33
0.67
1.0
4.0
5.33
5.0
0.0
2.33
-1.0
4.67
-3.0
3.33
2.33
-2.67
2.67
-1.67
8.67
0.67
-3.67
0.0
-5.0
-3.0
-1.0
-5.33
4.67
0.0
-3.0
2.67
0.33
6.67
2.33
2.67
-1.67
-1.33
-0.67
2.33
-0.67
1.0
8.33
3.67
-1.0
8.33
2.0
2.33
5.33
3.33
2.0
2.33
2.0
-5.67
0.67
2.0
4.33
6.33
2.0
-2.0
1.33
4.0
2.33
-0.33
5.33
8.67
-0.67
-1.0
4.0
2.67
0.0
4.67
4.67
3.67
1.67
-4.0
2.67
0.67
2.33
6.33
-1.0
2.67
-2.67
0.0
4.67
2.67
-1.33
-0.33
1.33
-1.67
0.0
6.0
-1.0
-1.0
-3.0
-3.0
5.33
-0.67
-0.33
-0.67
-2.33
1.33
-0.33
-0.33
-0.67
0.33
4.0
-2.0
1.0
-2.0
1.33
2.67
4.67
7.67
0.33
6.33
5.33
0.0
0.33
5.0
1.67
1.33
2.67
0.0
2.0
0.33
4.67
-0.67
-1.33
3.0
-3.33
3.67
-1.0
2.0
6.67
0.33
3.33
0.0
-3.67
1.67
-0.33
3.67
1.0
-1.67
-3.0
2.0
4.33
1.67
1.33
8.0
-1.33
-3.33
1.0
0.67
-1.67
2.33
0.33
1.33
2.0
1.67
2.67
-3.33
0.33
2.67
4.33
5.33
-2.0
2.33
-2.0
1.0
-0.33
0.0
3.67
0.0
1.33
1.33
0.0
-4.0
2.0
0.67
1.0
1.67
-5.67
-1.67
1.0
-2.33
-2.67
-4.0
4.67
-2.0
2.0
0.0
0.0
-1.0
1.0
8.33
-0.33
0.0
1.0
5.33
-1.67
1.33
3.0
3.0
0.67
2.0
-0.67
3.67
-3.67
2.67
-2.33
-2.0
6.0
4.33
-0.67
-0.33
2.33
1.33
0.67
-4.0
3.33
-0.67
2.67
1.67
0.67
-0.67
5.33
5.33
1.67
2.33
1.67
2.67
3.0
3.33
1.33
1.33
0.67
3.33
7.33
0.67
2.67
0.67
-0.67
-2.33
2.67
4.33
-2.67
1.0
-0.33
-1.0
1.0
1.67
3.33
7.33
1.67
4.33
0.67
-4.33
3.33
-0.67
-0.67
5.33
3.0
-4.0
-0.33
3.0
1.0
-1.33
12.67
4.33
6.67
-2.0
0.0
3.33
-3.67
-1.33
-3.0
0.67
0.67
5.0
1.67
0.0
-4.0
1.33
-0.33
-1.0
4.0
-2.67
7.67
0.0
-2.0
-1.0
0.67
4.0
-6.0
-2.33
0.67
1.0
-5.33
-1.67
-4.33
0.67
3.33
-1.67
-1.33
8.0
2.33
-3.0
3.0
3.0
0.0
2.67
3.33
2.0
-2.67
-0.67
-2.67
-4.67
3.0
-3.67
1.33
-4.67
-3.0
-4.67
4.0
-2.0
-1.0
3.67
4.0
1.33
4.0
2.33
5.0
-1.0
6.67
1.67
-3.0
6.67
2.33
1.33
5.0
0.0
-0.67
6.33
3.33
-3.67
2.0
0.33
3.0
4.0
-1.0
1.0
-1.0
4.33
0.67
1.67
-4.33
-1.33
6.67
-0.33
7.33
-2.67
8.0
1.0
4.33
11.0
1.0
4.33
9.67
11.0
15.0
5.0
5.33
12.33
9.0
12.0
11.67
21.67
6.67
17.33
21.33
30.33
21.33
27.33
20.0
21.67
28.67
31.0
22.67
29.33
22.67
26.33
25.67
25.67
10.0
14.0
17.33
12.0
6.67
12.33
8.0
6.33
7.33
-3.33
7.0
7.0
4.67
6.33
14.0
2.67
6.67
1.33
4.67
2.33
10.33
-3.0
5.33
-4.67
-2.0
6.33
3.33
2.0
10.0
-0.33
-2.33
-1.0
6.33
5.33
1.33
-0.33
-1.33
5.0
1.33
3.0
2.0
3.0
1.33
-0.33
0.33
3.33
7.0
6.33
5.33
4.33
1.67
2.33
6.67
4.67
8.0
5.33
-1.33
7.0
-1.67
0.0
0.33
3.67
1.33
-0.33
2.67
-2.33
5.67
4.67
3.67
1.33
10.67
5.67
7.67
0.67
10.0
8.33
-0.67
7.67
3.33
1.67
10.0
9.33
4.0
-3.67
4.33
5.33
5.0
5.67
4.67
0.67
2.0
2.33
-1.67
-1.0
0.67
8.0
9.33
10.0
-0.33
7.67
0.33
6.67
3.0
-1.67
-1.33
10.67
1.33
2.33
8.33
3.67
3.67
8.67
2.67
5.67
-4.67
-1.67
0.67
-1.0
4.0
-0.33
6.67
3.67
1.0
7.33
1.67
-2.0
1.0
2.33
6.67
7.33
1.67
3.67
7.67
2.0
10.0
-0.67
2.0
7.0
2.0
-0.33
1.67
2.0
0.67
2.33
5.33
5.33
2.0
0.33
3.33
4.67
2.0
2.67
4.0
6.0
0.0
3.67
2.33
13.67
0.33
-3.0
1.67
-2.67
4.33
5.67
0.0
4.0
10.67
1.0
2.0
-1.0
8.33
4.33
2.0
6.67
5.67
7.0
8.0
0.0
3.0
3.0
12.33
5.33
14.33
13.0
7.0
8.33
3.33
4.33
6.33
1.67
13.33
5.67
10.0
2.0
10.0
3.33
2.67
3.67
11.33
9.67
4.0
5.67
6.0
12.0
17.67
13.0
9.67
7.33
11.0
21.0
20.33
18.0
14.33
19.33
16.0
20.0
24.67
9.0
17.67
13.67
20.33
27.67
10.33
14.0
13.33
8.33
26.67
19.67
4.33
14.0
13.0
15.67
13.0
5.33
4.67
8.67
2.0
10.67
1.67
2.67
8.67
1.33
2.67
8.67
0.67
4.67
2.67
2.33
2.33
9.0
-0.67
3.33
21.0
4.33
5.0
8.33
2.67
4.67
8.0
3.0
0.67
8.67
4.0
0.33
11.0
12.33
3.67
3.0
11.0
0.0
6.33
1.0
7.33
2.33
9.67
10.33
-0.67
7.67
0.33
9.33
3.0
7.0
9.67
2.0
8.33
2.33
8.0
12.33
1.33
13.0
1.0
3.0
4.0
3.67
7.33
4.0
6.0
12.0
5.67
4.0
6.67
1.67
1.67
8.33
7.33
10.67
0.67
1.67
2.33
7.67
2.67
4.67
1.67
2.67
5.0
10.0
3.33
7.67
18.0
-0.33
9.67
5.67
2.67
4.33
10.0
12.33
12.0
19.0
8.0
11.67
16.33
8.33
10.67
2.67
10.67
9.67
0.0
1.0
11.33
16.33
7.0
5.0
5.33
8.67
13.33
7.0
12.33
1.0
12.67
-1.0
5.33
7.0
7.67
4.33
12.33
9.33
16.33
6.67
10.0
12.33
7.33
6.67
1.0
13.33
17.33
17.33
0.0
18.67
16.33
5.67
1.33
1.0
5.33
8.67
11.33
7.33
14.67
9.67
14.0
11.67
7.33
16.33
3.0
8.33
4.33
8.0
6.67
4.0
16.0
9.33
7.0
8.33
10.0
5.67
6.33
4.0
4.33
8.33
5.33
7.67
7.0
-0.33
7.0
4.0
1.0
10.33
14.33
2.67
11.33
5.33
12.67
2.33
5.0
-1.0
11.33
11.67
12.0
7.33
2.67
1.33
8.67
13.33
11.33
6.0
6.67
3.0
7.67
13.67
2.33
2.0
1.33
-3.0
12.33
12.0
7.0
11.67
12.67
5.0
22.33
20.33
5.0
9.0
7.0
11.0
17.0
6.67
4.33
4.0
2.67
9.33
11.0
11.33
16.67
6.67
21.0
2.67
16.0
16.33
8.0
17.33
13.33
13.0
26.67
16.33
17.67
28.67
18.0
11.0
6.67
29.0
19.67
29.0
17.33
20.33
28.0
28.67
24.0
28.67
28.67
47.33
37.33
27.67
38.33
44.0
53.33
57.0
45.67
66.33
85.33
67.33
74.0
92.67
91.67
93.0
109.33
93.0
103.33
101.67
110.0
109.67
91.67
99.33
83.33
76.0
64.67
87.0
78.33
69.0
57.33
51.67
61.0
53.33
40.0
19.33
25.67
49.0
24.0
11.67
19.33
23.33
24.67
19.33
10.67
7.67
8.67
14.67
17.0
23.0
7.0
8.67
5.33
12.0
-2.33
9.0
8.33
10.0
9.33
-1.33
0.67
3.0
6.67
5.67
7.33
14.67
0.0
8.33
19.0
9.0
3.67
7.67
9.33
22.33
1.67
8.67
9.33
17.33
14.0
20.0
10.0
8.0
7.0
10.0
5.33
3.0
7.33
3.33
17.0
8.0
10.67
9.67
6.33
-3.67
15.0
2.67
-3.0
17.67
14.67
6.33
17.0
7.67
5.0
-4.33
14.67
4.33
22.0
6.67
9.67
9.67
26.0
2.67
5.0
17.0
13.67
1.67
1.33
9.33
-2.67
9.0
15.33
4.0
-2.0
11.33
7.67
12.67
8.67
11.33
-2.33
0.67
-0.67
22.67
9.33
11.67
4.67
16.33
11.0
18.0
10.0
4.0
13.0
7.33
18.33
7.33
17.33
5.67
2.0
-1.33
0.67
10.33
12.33
12.33
4.67
5.67
-0.67
-2.0
-1.33
11.33
14.67
18.0
20.33
15.67
5.67
0.67
15.67
0.0
2.33
-4.67
-2.0
-7.0
4.33
6.0
3.33
9.33
13.33
3.33
1.33
14.33
5.67
8.67
16.33
10.0
17.0
14.33
3.33
2.33
8.33
4.33
6.0
2.33
5.33
14.67
18.0
9.67
-2.67
12.67
16.33
4.0
6.33
-9.67
24.0
21.33
14.0
14.33
16.0
9.0
17.67
25.0
17.33
13.67
19.0
17.67
38.0
22.0
28.33
14.0
25.67
17.33
38.0
29.33
29.67
40.0
33.33
33.0
37.0
31.33
10.67
28.0
32.0
26.0
31.67
21.33
26.67
27.33
24.33
23.67
27.33
20.33
27.33
16.0
14.33
20.67
7.67
17.67
4.33
6.67
5.67
6.67
-2.33
8.0
-0.67
15.0
5.0
-4.33
18.0
7.0
-0.67
-2.0
2.67
-3.0
7.67
8.33
1.67
24.67
24.67
12.0
1.33
0.33
3.0
9.33
16.0
13.67
8.33
0.67
2.0
11.67
1.67
14.0
11.67
22.0
9.33
3.67
11.67
7.0
3.0
14.0
8.0
9.67
4.33
2.33
-9.0
2.33
6.33
4.67
6.67
12.67
15.67
-0.67
2.33
-3.67
10.33
12.0
0.0
5.33
6.0
17.33
1.0
14.0
1.33
18.0
0.67
8.33
18.0
-0.33
6.0
9.67
10.33
20.0
5.33
7.33
26.0
14.0
1.67
8.67
2.0
-1.33
5.0
10.33
1.67
1.33
9.67
5.0
-2.0
11.0
2.0
3.33
-4.67
-1.33
-8.0
2.0
7.67
9.33
1.0
10.33
8.67
8.0
-0.67
8.0
1.33
4.0
-7.33
4.67
7.67
0.67
3.0
1.33
-9.0
-9.33
8.67
6.0
14.33
7.67
10.33
-5.0
-2.67
4.67
3.67
10.67
10.33
1.33
10.33
2.67
2.67
5.33
8.0
-1.67
-10.0
-3.0
-7.67
0.33
1.33
1.67
7.0
5.0
-6.33
4.0
-9.33
0.0
7.0
-1.0
1.33
8.0
7.33
0.0
8.0
8.67
-1.33
10.33
11.0
1.33
11.67
-2.33
-2.67
12.33
6.67
3.0
7.67
8.67
12.33
1.33
4.33
-3.33
3.0
6.33
5.0
0.0
9.33
3.0
7.0
-2.0
4.0
4.67
2.33
-5.67
6.0
4.0
-2.67
5.67
1.33
-3.67
4.33
4.0
10.33
20.67
13.33
6.67
2.67
8.0
3.0
-1.67
8.33
10.67
8.0
14.33
13.0
14.0
14.67
-4.0
-2.67
-6.33
1.0
10.67
12.33
10.0
14.67
8.33
8.33
0.67
11.33
7.67
-1.33
7.0
7.67
-0.67
6.67
2.0
6.67
3.33
-6.0
7.33
1.33
3.33
3.0
4.0
3.33
1.0
-1.67
7.67
-0.67
-4.67
4.67
-1.0
5.67
8.67
-5.0
9.0
7.0
5.33
-2.0
7.67
4.67
23.33
-3.67
0.33
10.33
3.33
0.0
13.67
5.0
2.0
2.0
1.67
3.67
10.33
-2.0
-5.0
2.33
5.33
-2.67
7.0
6.0
5.67
0.0
0.67
9.0
1.33
2.0
3.67
-1.0
5.0
1.33
7.0
3.67
-3.0
4.0
-4.33
6.67
7.67
10.67
4.67
2.0
7.33
6.67
2.67
3.0
1.67
4.33
9.0
8.67
3.33
-2.0
-0.67
-3.0
-6.33
6.0
7.67
2.33
7.33
-10.33
9.33
-3.0
1.33
9.33
4.33
0.67
-4.67
8.67
-1.0
3.67
-1.67
-2.67
-0.67
3.33
-1.0
-1.0
-0.33
-2.33
2.0
3.67
10.0
0.0
2.33
0.67
-1.67
0.67
4.0
0.0
6.0
0.33
6.0
3.33
6.0
0.67
4.0
4.0
6.0
3.0
-0.33
-0.33
-1.67
1.67
3.0
2.0
-0.67
-2.67
6.67
2.33
6.33
-5.67
2.0
4.0
2.67
0.67
1.0
17.33
11.0
8.33
12.33
2.33
2.0
-1.67
5.0
7.0
-4.67
8.0
4.67
6.67
0.0
1.0
3.0
3.67
3.33
6.33
2.0
5.33
3.0
12.0
3.67
6.67
3.33
0.67
-1.0
5.67
3.33
1.67
3.0
-1.0
-3.33
3.33
-0.67
3.0
-4.0
-4.33
4.0
-7.0
-7.0
10.33
1.67
6.33
7.0
4.33
5.33
0.33
2.33
1.33
1.33
1.0
-0.33
-2.67
-0.33
3.33
-4.0
-4.33
3.0
-1.0
4.67
5.0
-4.0
5.0
-0.33
2.0
0.33
-1.33
-1.33
0.33
5.0
-2.67
-1.67
2.67
-1.67
6.0
12.0
8.67
1.67
4.67
7.0
-3.33
-0.67
-0.67
1.67
5.67
3.33
-0.33
-4.67
2.33
0.0
-0.33
4.67
2.67
5.0
-1.0
-4.67
4.33
-5.33
1.0
-1.67
-0.33
4.67
4.67
4.67
5.0
0.67
2.0
8.0
1.0
-4.67
3.0
0.67
4.67
-0.33
-0.33
3.67
2.67
3.33
1.67
-3.33
3.67
-0.67
9.0
1.67
1.0
2.33
-1.0
-1.67
-0.67
3.67
2.33
1.33
-3.67
0.67
1.0
-2.33
-0.67
-4.0
-0.33
3.0
-3.0
0.67
1.0
-6.67
