0.0
-66.33
63.0
17.67
106.67
-54.67
63.33
-102.67
42.33
8.33
-92.0
-94.33
0.33
-1.67
10.67
-13.67
54.0
-8.0
-13.33
-20.33
11.33
-7.0
-6.0
-6.33
-14.0
8.67
4.0
6.0
5.67
-4.67
5.0
2.0
2.33
0.0
-0.67
1.33
-1.67
-1.0
-0.33
-0.67
-1.33
0.0
2.0
0.0
0.0
0.33
0.0
-0.33
-1.33
-0.33
1.0
-0.33
-0.33
2.0
1.0
0.0
0.67
-0.67
0.67
-0.33
0.33
0.0
0.0
1.0
-0.33
-0.33
0.0
-0.33
2.0
-0.33
1.0
1.0
-0.33
0.67
-1.0
0.67
0.67
0.33
-0.33
2.33
-0.67
0.67
2.67
0.67
1.0
0.67
-0.33
0.67
1.0
0.67
-0.33
-0.33
2.0
0.33
0.0
0.0
-0.67
2.0
0.33
-0.33
-0.67
0.0
-1.67
-0.33
1.33
2.0
-0.33
-1.33
1.33
-1.33
-2.33
-0.67
3.0
-0.33
1.33
0.67
0.67
-2.33
2.0
2.0
-1.0
4.0
1.33
3.67
3.33
0.0
0.33
0.67
3.0
0.33
4.0
0.33
2.33
-0.33
1.67
2.67
-1.0
3.0
0.0
-2.33
-0.67
-0.33
5.0
4.33
3.0
5.0
5.33
5.0
3.67
3.0
-2.33
0.33
6.33
-6.67
1.67
2.67
4.0
3.0
2.67
2.67
1.0
3.0
2.0
4.67
1.33
3.33
3.33
13.67
-3.33
0.33
9.67
7.33
-7.0
-3.67
1.67
1.0
4.67
10.33
5.0
0.67
1.0
7.67
1.33
-2.33
-4.0
5.33
-1.0
0.67
2.67
-0.33
-0.33
2.33
0.67
-1.33
0.0
-0.33
5.67
-0.67
8.67
6.0
1.33
7.0
10.67
1.67
5.67
8.0
1.67
7.0
8.0
1.67
2.67
-4.67
-0.67
6.33
3.67
-3.67
6.33
0.0
-3.33
-0.33
2.33
1.33
0.33
13.67
0.67
-2.67
6.67
-3.0
4.33
1.67
-2.67
6.0
3.33
6.0
5.67
-1.67
0.67
0.33
-0.33
3.33
2.33
-0.33
0.0
-2.0
6.33
2.0
5.0
-3.33
2.67
0.0
3.33
8.67
7.0
3.0
4.33
-1.0
1.0
0.33
1.67
5.0
3.67
1.67
2.67
-3.0
-1.67
2.67
-0.67
0.67
1.0
3.67
4.67
-2.0
7.0
-6.67
1.67
2.0
-1.67
2.33
-1.0
-1.33
4.67
3.0
7.0
-1.33
0.0
5.0
4.0
3.33
0.0
1.0
6.0
3.0
11.33
1.67
6.33
-7.0
1.33
6.0
1.67
3.0
0.33
11.0
-1.33
0.67
6.33
2.33
-1.0
-0.33
1.0
2.0
8.67
3.33
1.33
-3.67
4.0
7.0
1.67
1.0
0.0
2.0
2.0
1.33
2.33
0.67
-4.33
1.67
6.67
-3.67
1.0
1.0
-2.33
5.33
7.0
6.0
4.67
10.0
-0.33
0.0
2.0
-3.33
0.0
-4.0
3.33
2.33
-2.33
5.0
1.33
4.67
2.67
4.0
-2.0
4.0
7.0
2.33
2.0
7.0
5.33
1.0
2.33
0.67
-5.0
1.0
9.0
2.67
-4.33
-1.67
8.0
7.0
7.0
1.67
8.0
-0.33
0.0
7.0
-3.0
10.67
0.0
4.67
-3.67
-1.33
0.67
10.67
1.33
1.0
4.33
-5.0
5.33
2.0
2.0
-4.33
2.0
7.0
-3.0
2.0
3.0
2.33
-3.0
-3.33
-5.33
8.67
8.0
4.67
2.0
-0.33
3.0
0.33
-3.33
3.0
6.0
0.67
-5.0
2.33
3.67
3.33
4.67
1.0
7.67
0.33
1.0
4.0
3.67
0.67
3.33
-1.0
1.33
0.0
-2.33
6.0
5.67
4.67
6.33
-1.33
4.0
0.0
-2.67
0.0
0.0
0.33
-3.0
-3.33
5.0
0.33
-5.67
1.33
-0.33
-6.67
-1.33
4.67
-0.67
6.0
7.0
0.0
0.0
-4.33
2.67
7.0
-2.0
6.67
3.33
-1.33
4.33
1.67
7.33
4.67
0.33
3.33
3.33
-1.0
0.33
4.67
-1.0
6.33
3.0
5.33
2.33
7.33
1.0
0.33
-2.0
-6.67
3.67
5.0
1.33
-1.67
1.0
-3.0
-4.67
-1.0
0.33
-2.33
2.33
-0.33
2.33
1.0
-2.0
-1.33
-2.0
1.67
3.67
0.67
7.67
0.0
0.67
3.67
-2.67
5.33
0.0
2.67
-1.67
3.0
2.67
2.67
-1.33
0.67
8.33
-3.67
0.0
-1.0
1.0
0.0
4.0
4.0
0.33
-1.67
-1.33
3.33
1.67
4.33
-3.33
-2.33
-2.67
3.33
1.0
1.0
0.0
2.0
-0.67
-1.33
3.67
0.67
0.33
4.33
3.33
0.0
0.33
0.0
0.67
10.33
1.67
2.0
0.0
-1.67
7.67
1.33
0.67
1.0
0.67
1.67
5.0
1.0
-1.33
-1.67
1.33
1.0
-2.67
-2.33
4.67
4.67
3.0
3.33
-2.0
5.0
4.33
-1.33
0.33
-4.0
-2.33
-0.33
4.0
2.67
0.33
-0.67
3.33
1.33
2.0
-0.33
-0.33
-0.33
1.33
1.67
2.33
1.33
-4.0
-0.67
-1.0
11.0
-1.33
-1.0
3.67
0.0
0.33
-0.67
2.0
-3.0
0.0
2.67
1.0
0.67
-0.67
0.33
2.0
-0.33
-0.67
-2.0
-4.33
-3.0
3.0
0.0
0.0
3.0
2.0
1.33
5.67
4.0
-2.0
-4.67
-2.67
0.33
-1.0
3.0
2.67
0.0
2.33
3.67
1.33
-2.33
3.67
-2.0
0.0
-0.67
3.33
-4.33
-3.67
0.33
5.67
-3.0
-1.67
-1.67
4.67
1.67
-3.33
-1.67
1.33
-0.67
-2.33
-1.67
-1.33
-0.33
6.0
0.33
-0.67
-3.67
-0.33
-3.67
0.33
2.67
2.67
2.67
2.33
-1.33
4.67
-0.67
6.33
-1.0
-0.33
3.0
2.0
4.67
4.33
-1.67
-3.33
1.33
-3.33
-5.33
2.33
-0.67
-1.67
3.33
2.0
-5.0
2.67
0.0
-1.0
0.67
5.67
1.33
0.67
-6.0
3.0
4.33
6.33
-0.33
4.0
0.67
0.67
-1.0
2.67
-3.0
0.0
4.33
3.67
6.0
5.0
-4.67
1.67
-1.0
-4.0
-5.0
7.67
3.0
-1.0
-3.33
-3.33
3.0
-2.33
-0.67
-1.33
-3.33
-1.67
-2.67
-0.33
5.0
-2.67
-3.0
0.0
5.0
-4.0
-1.33
1.33
-4.0
3.33
-4.67
-2.67
0.33
-3.0
2.33
3.33
-7.67
-1.0
5.33
-4.0
1.0
8.0
5.67
0.0
-1.67
0.0
-4.67
2.0
1.0
1.67
-2.33
1.0
2.67
-0.67
1.33
4.0
0.0
3.33
-0.67
3.33
-1.67
-2.0
1.33
4.0
-1.0
5.0
-1.0
8.0
2.33
-0.33
2.67
-3.33
8.67
3.67
6.67
7.33
-2.67
7.0
9.0
11.33
0.0
2.0
4.33
6.67
9.0
9.0
7.0
5.33
6.33
15.0
8.0
11.67
10.67
9.67
27.33
14.33
22.33
30.33
20.33
7.0
21.67
27.67
21.0
32.67
22.33
25.67
18.33
27.67
24.67
31.0
18.0
3.33
13.0
8.67
12.33
10.0
9.33
3.33
0.67
15.0
8.0
12.67
0.33
10.0
8.67
3.67
18.33
5.67
4.33
-2.67
-3.0
5.33
5.33
2.0
1.33
2.33
4.0
1.0
-0.33
3.67
8.0
8.33
-2.67
-0.67
4.67
5.67
6.0
3.33
7.0
-1.0
1.0
-0.67
-2.33
5.33
0.33
1.0
5.33
8.33
5.33
2.67
4.33
1.67
-4.33
7.0
1.33
6.67
2.0
7.33
-2.0
1.33
1.67
-4.67
0.67
1.67
1.67
1.67
-2.33
0.67
-0.67
10.67
0.67
6.67
-1.33
5.0
2.33
8.33
14.67
2.33
2.67
1.0
7.33
0.0
7.33
6.33
-1.67
1.0
9.67
-3.33
1.67
3.0
6.33
3.33
2.0
6.67
6.0
-7.67
6.0
6.67
1.67
14.33
9.67
2.0
-1.67
5.67
3.67
2.33
8.33
-2.67
2.67
-1.33
4.67
4.67
9.67
-3.67
8.33
5.67
9.0
9.0
-0.33
1.67
2.67
11.0
2.33
5.67
11.0
1.0
6.33
2.67
7.33
-2.33
7.67
4.67
2.0
2.0
3.33
2.0
3.0
2.0
-0.33
2.67
1.0
4.67
0.33
7.33
3.33
5.0
6.33
9.33
2.67
-1.0
-0.33
7.0
3.0
1.0
11.67
1.33
5.67
4.33
10.0
4.67
10.33
7.33
0.67
-4.0
6.0
-0.33
-1.0
-1.0
5.0
6.33
5.33
5.0
8.67
2.67
9.0
13.0
5.0
8.0
7.0
4.33
9.33
4.33
11.0
19.0
9.33
10.33
2.33
-2.67
2.67
10.33
6.67
1.0
12.0
7.0
11.33
8.67
7.67
11.33
11.67
10.0
8.67
8.0
6.0
11.67
24.0
9.67
8.33
33.0
12.0
19.33
20.0
18.33
21.33
23.0
15.0
18.67
20.0
25.67
24.67
19.33
25.67
16.33
13.0
4.33
11.33
20.67
10.67
11.33
14.0
5.0
17.67
11.0
2.33
9.67
3.67
8.0
2.67
6.67
3.67
-0.33
2.33
-2.33
11.67
11.67
7.67
-1.33
9.33
0.33
18.0
7.33
2.33
6.0
2.33
7.0
10.33
5.67
-3.33
7.0
8.0
14.67
0.67
5.0
9.33
2.0
7.33
6.67
6.0
6.0
7.0
10.33
11.0
11.33
2.33
6.67
3.33
10.33
6.67
7.33
7.33
6.0
5.0
6.67
8.0
3.33
4.33
4.0
5.33
4.33
7.0
-1.0
15.0
6.0
0.67
12.33
5.0
3.0
0.0
7.67
-2.0
0.67
6.67
12.67
8.33
15.33
2.67
3.67
3.67
7.33
0.67
14.67
4.67
5.67
9.67
3.0
6.0
-1.67
-3.33
12.0
-1.33
10.67
13.67
4.67
4.33
-7.0
5.33
-1.0
10.0
6.0
2.67
3.33
7.33
14.67
9.67
1.67
7.67
2.0
7.0
5.33
8.33
5.0
7.0
9.33
13.67
12.33
7.0
6.33
13.0
3.67
9.0
7.33
10.0
5.67
7.33
5.33
9.33
10.33
5.67
11.0
12.33
7.33
2.67
18.0
11.33
5.33
20.33
5.0
6.67
9.33
13.67
5.33
7.0
2.33
4.67
9.33
5.33
9.67
13.67
12.0
18.67
16.33
5.33
1.0
2.33
6.33
3.0
9.67
6.0
5.0
8.33
4.0
8.33
9.0
6.67
4.33
10.0
8.33
9.33
7.33
11.67
15.0
10.67
7.0
-2.0
6.0
8.33
7.33
4.67
10.33
15.33
21.67
4.33
11.0
4.0
20.33
18.67
13.0
15.33
4.67
2.33
13.67
11.33
9.33
8.0
3.67
6.0
2.67
2.67
12.33
12.0
14.33
6.0
11.33
8.0
4.0
-0.33
15.67
10.0
9.33
13.33
8.0
18.0
11.0
5.0
9.0
11.67
-0.67
5.0
-0.33
17.33
7.0
8.33
15.67
-0.33
14.0
3.67
15.0
14.33
13.0
12.33
15.33
15.0
18.67
28.33
22.67
15.67
16.0
14.0
18.67
28.0
27.67
18.0
19.33
33.33
26.0
34.67
29.0
39.67
33.67
40.33
33.33
63.67
47.33
72.0
52.33
72.0
71.67
63.33
79.33
86.33
87.0
102.67
86.67
99.0
85.33
99.0
115.33
121.67
110.0
105.67
93.67
123.33
100.33
115.0
91.67
65.0
73.33
37.0
49.33
45.67
43.0
34.33
25.0
21.33
20.67
36.0
30.0
10.67
20.33
21.33
26.67
27.33
11.67
11.67
16.67
32.67
10.0
9.0
6.0
-1.33
-2.67
12.0
-1.33
12.0
4.33
-2.0
6.33
12.67
26.67
-1.0
-2.33
11.67
6.33
0.67
10.0
11.33
19.0
6.0
2.67
13.67
5.33
16.33
5.67
10.67
11.33
12.33
13.0
16.0
13.0
1.0
-3.0
8.0
8.33
5.0
7.33
-0.67
10.0
7.0
8.67
13.67
1.33
-0.67
20.0
15.67
8.0
5.67
12.67
6.33
11.0
4.67
13.0
0.67
16.67
2.33
9.0
-1.33
14.67
1.67
17.0
13.67
19.0
8.0
10.67
18.67
11.33
8.33
-0.67
15.0
15.33
15.0
15.0
3.33
-0.33
2.67
5.67
5.33
3.67
0.67
3.33
23.67
6.33
15.67
20.67
18.33
8.0
6.0
-2.0
7.0
11.0
9.33
18.33
10.33
23.33
12.67
5.0
4.67
13.67
10.33
22.33
7.33
3.67
-1.33
1.33
4.0
9.67
9.33
6.67
13.0
-1.67
-2.33
1.67
16.67
10.67
1.0
3.33
-2.67
6.0
14.0
8.33
1.0
5.33
4.33
15.33
9.33
9.33
-1.67
11.67
7.67
15.33
11.0
14.0
-3.67
5.33
5.33
8.33
-3.67
4.0
7.33
17.33
13.67
23.0
13.67
-6.67
26.67
18.33
16.0
17.33
0.33
28.0
7.33
12.0
18.33
16.0
11.0
9.67
20.0
14.33
24.67
25.0
22.67
17.0
16.0
24.33
16.0
18.67
14.33
39.0
16.33
24.67
53.0
36.33
41.0
23.0
27.33
42.67
15.0
30.0
22.0
38.67
23.33
30.67
27.33
15.33
16.67
27.33
28.33
20.33
19.0
19.33
18.67
4.67
8.67
11.33
8.67
3.67
17.67
4.67
11.0
-3.67
-4.0
14.0
8.67
10.0
2.0
1.33
5.0
4.67
11.0
16.67
7.33
14.67
5.67
8.67
16.0
4.33
-5.67
9.0
2.33
7.0
4.67
0.33
-1.33
11.0
6.67
-0.33
10.0
4.67
2.0
4.33
12.67
5.67
9.0
4.0
0.0
16.0
5.67
1.33
8.33
2.0
-0.67
8.33
5.67
8.67
0.67
9.67
-1.67
-5.67
13.33
1.33
2.0
14.0
0.33
27.0
11.33
4.0
12.0
8.33
19.0
10.67
21.33
16.0
11.67
13.0
4.67
11.33
-2.0
9.33
7.33
10.0
11.0
10.67
2.67
6.0
3.67
-6.0
-2.67
6.67
7.33
0.67
4.0
3.0
16.0
9.0
7.33
-6.67
4.67
8.0
-1.0
3.67
-1.67
14.0
7.33
3.67
-3.0
13.33
14.0
3.33
6.0
0.67
14.67
3.67
-7.33
8.0
8.33
-2.0
2.67
3.67
2.0
3.33
7.67
10.33
-5.0
4.33
-0.33
10.67
-2.33
11.33
13.33
-1.67
6.67
3.67
7.33
-6.0
4.33
9.0
-6.0
-0.67
8.33
5.33
-7.33
12.0
7.0
2.67
0.0
-8.33
-9.0
3.0
-1.0
-3.67
15.0
15.33
3.0
-1.0
11.67
4.67
7.33
10.0
1.33
5.67
3.67
-2.67
-6.67
10.67
-8.0
4.67
-1.33
11.33
10.33
1.33
-12.33
10.0
-2.67
-5.0
3.0
0.33
9.0
3.0
-5.0
1.0
2.67
9.33
0.33
-5.0
7.0
5.33
10.67
0.33
9.33
-4.67
5.0
7.33
15.67
2.33
9.67
-0.33
8.0
5.0
-3.67
4.33
8.67
17.0
12.33
6.0
10.0
11.67
3.0
5.33
-3.33
-4.0
4.67
26.33
1.0
-2.33
16.33
3.33
0.67
4.33
2.67
-10.33
8.0
9.67
9.33
9.67
-5.0
11.67
4.33
0.0
11.33
-2.67
-1.67
8.0
-1.0
-1.67
3.0
1.33
11.67
3.33
-4.67
7.67
-2.0
3.67
4.67
0.0
10.0
0.0
-4.67
-3.0
12.67
9.67
2.33
-6.67
6.33
12.33
-0.67
8.0
7.67
7.0
-6.0
5.0
4.67
-2.33
6.33
-1.0
-4.0
4.33
-1.67
-5.67
2.0
3.0
6.67
-5.0
0.67
-2.0
-0.67
-3.0
-0.33
-5.0
9.0
7.33
2.0
8.67
-2.0
12.0
0.67
1.67
4.67
0.67
9.67
7.0
1.33
9.67
-5.33
2.0
0.67
6.33
0.0
1.67
-4.67
0.0
-5.67
-5.0
-1.33
-5.0
-2.33
-3.67
1.33
-4.33
4.33
4.0
-0.67
3.33
0.33
4.67
5.33
4.67
0.0
11.67
3.33
-7.67
0.33
0.33
0.0
3.0
3.67
2.67
1.0
-1.33
6.0
-1.0
8.33
2.67
0.33
11.67
5.0
-6.0
4.0
-6.67
7.0
7.33
7.0
-2.33
5.0
16.0
13.0
2.0
-0.33
1.67
0.33
3.67
7.0
0.0
3.33
-1.67
5.67
1.33
-2.67
10.33
-1.0
3.0
4.67
9.67
10.0
8.33
9.0
5.33
6.33
-5.67
4.0
2.33
-1.0
7.0
-7.67
7.0
-0.33
9.67
5.0
0.0
-3.0
5.67
9.33
3.33
5.0
0.33
-5.0
8.0
-1.33
10.67
-0.67
-1.33
-2.0
5.67
-1.67
1.67
12.0
6.0
-1.33
4.33
-4.67
0.0
0.0
-3.33
7.0
-1.0
-3.0
4.33
6.67
1.33
2.0
-5.67
2.33
0.33
4.33
-2.67
1.33
-8.0
6.67
-5.67
-1.33
-3.67
0.0
4.67
-5.0
5.0
2.67
14.0
-5.0
9.0
-2.33
-3.0
7.33
1.67
2.67
5.33
2.0
-0.67
-1.67
-1.33
7.33
-5.0
2.0
6.67
0.67
-0.33
4.0
-1.33
2.33
5.33
8.67
0.67
1.33
4.67
6.33
5.33
6.0
1.67
-0.33
-5.33
0.0
3.0
5.33
4.33
0.67
0.0
2.33
0.67
3.67
2.67
7.67
-1.0
-0.33
2.0
-1.0
1.0
5.33
-3.0
5.67
3.67
0.67
5.67
5.67
2.67
3.33
-0.33
4.67
4.67
4.33
-4.0
-1.33
3.0
6.33
-5.0
1.33
0.33
0.67
-2.67
0.33
-6.67
-1.33
2.0
-5.33
-0.67
4.0
-1.33
2.0
4.0
1.67
-2.0
-4.67
