0.0
-17.33
66.0
63.67
56.67
-49.67
9.33
-30.67
-28.67
-28.67
-54.0
-30.33
45.33
-23.67
51.67
12.33
46.0
26.0
-51.33
-16.33
-0.67
2.0
4.0
11.67
0.0
-26.33
3.0
7.0
9.67
-4.67
2.0
7.0
-3.67
1.0
-0.67
2.33
-2.67
1.0
2.67
-1.67
-1.33
-1.0
0.0
-1.0
-1.0
0.33
1.0
-0.33
-1.33
-0.33
0.0
0.67
0.67
0.0
1.0
1.0
0.67
-0.67
-0.33
-0.33
-0.67
0.0
0.0
1.0
-0.33
0.67
1.0
0.67
0.0
0.67
0.0
0.0
-0.33
-0.33
0.0
-0.33
0.67
0.33
0.67
0.33
-0.67
0.67
-0.33
-0.33
-1.0
-0.33
-0.33
-0.33
0.0
-0.33
0.67
0.67
1.0
1.33
-1.0
0.0
0.33
1.0
0.33
-0.33
-1.67
-1.0
-0.67
0.67
-0.67
3.0
0.67
0.67
1.33
-0.33
-0.33
-0.67
2.0
2.67
-0.67
0.67
2.67
-0.33
-1.0
-1.0
1.0
2.0
-0.67
2.67
-0.67
0.0
-0.67
-2.33
1.0
-4.67
0.0
0.33
2.33
-0.33
-2.33
1.67
-5.0
-1.0
8.0
0.67
2.33
4.67
5.0
-0.67
8.0
1.0
5.33
2.0
0.67
4.0
-5.33
5.33
6.33
4.33
1.67
-5.33
-2.0
0.0
-1.33
1.67
-5.0
6.0
-2.0
9.67
2.33
1.33
-1.67
11.67
2.67
4.33
6.67
7.33
-1.0
6.33
1.67
0.0
0.67
0.33
4.0
-0.33
-4.0
2.67
-3.67
0.67
0.0
5.33
1.0
3.67
1.67
4.67
8.67
0.33
4.67
-0.33
2.0
-2.33
2.67
-2.67
8.67
2.0
8.33
4.0
-1.33
0.67
-1.33
6.0
2.67
1.0
6.0
5.67
2.67
5.33
4.33
7.33
-0.33
-2.67
5.33
-5.0
-0.33
3.67
2.33
-0.67
5.33
2.67
-1.33
9.33
0.67
-3.0
4.33
11.67
2.33
11.0
6.33
6.0
4.67
2.33
4.67
2.33
-1.33
3.33
-0.67
-4.33
2.0
0.0
12.33
1.0
1.0
1.67
3.67
3.0
2.33
3.67
-1.0
6.0
10.33
6.0
2.0
-0.67
6.67
4.0
6.67
0.67
4.67
-2.0
-1.67
2.67
1.33
-2.33
5.0
-7.33
-2.33
6.0
1.0
0.33
-6.33
-2.0
5.33
4.33
2.0
2.67
1.67
2.0
12.0
0.67
4.0
-2.0
12.0
0.33
2.0
-5.0
-2.0
-1.0
-2.67
6.67
3.33
-1.0
1.33
0.0
3.67
2.0
3.33
14.0
1.67
-2.33
4.33
13.33
-1.0
4.67
-1.0
3.0
2.67
5.33
-1.67
-4.67
8.0
-1.0
5.67
3.0
5.0
0.0
1.0
-0.67
0.33
3.67
5.67
-2.33
0.67
-1.67
1.0
2.0
-4.33
0.33
0.0
1.0
3.67
4.0
2.67
3.0
0.0
0.67
-6.0
3.0
5.33
1.33
-0.33
1.0
6.33
0.67
-1.33
5.0
-3.0
-1.0
0.0
-2.67
2.0
2.0
-0.67
1.0
-0.67
0.67
1.0
8.0
7.0
4.67
-2.33
-1.67
6.0
-1.0
-2.0
5.67
6.0
5.67
4.0
6.0
4.0
3.67
2.0
0.67
2.33
1.67
-2.33
3.67
-1.67
6.0
-3.67
-2.0
0.33
5.0
-2.0
3.67
-2.0
7.0
3.0
2.0
2.0
-0.67
1.0
5.67
-5.33
6.67
0.0
-2.33
0.0
3.67
4.0
5.33
-0.33
1.0
2.0
1.67
0.0
5.33
1.67
2.33
-1.33
-6.0
-0.33
2.33
6.0
0.0
1.67
5.67
-0.67
-1.0
1.33
-3.0
3.67
7.0
3.67
-2.33
0.33
-3.33
6.0
-4.0
-1.67
5.0
-2.0
2.33
1.0
-1.33
4.0
1.33
-2.67
3.33
1.67
0.33
2.67
-0.33
-1.67
-2.0
1.0
-8.0
-1.0
-4.33
3.67
4.0
3.0
0.67
-3.67
2.67
0.33
2.67
8.33
2.67
1.33
5.33
-0.67
-1.0
4.33
4.67
0.0
0.33
1.0
2.33
9.33
4.33
-3.0
-1.67
4.0
-1.67
-1.33
0.0
3.33
1.33
-3.0
4.0
1.33
0.0
-1.67
0.67
-4.67
2.67
4.33
-1.0
1.0
1.67
2.0
1.67
7.67
3.67
-1.33
-3.0
0.67
1.67
0.33
4.33
6.0
3.67
-2.67
5.0
4.67
1.67
-0.33
-1.33
-0.67
-4.67
6.0
-3.0
4.0
1.0
0.0
2.0
8.33
-2.67
0.67
-0.67
3.67
1.33
-2.33
0.67
-5.67
-4.67
2.0
3.0
3.0
1.0
2.33
-0.33
1.67
2.67
-0.67
0.33
-0.67
-4.0
-3.67
1.0
-1.33
0.33
4.67
3.0
-2.0
-2.67
3.67
-2.67
-1.33
5.0
-2.33
1.67
4.0
4.0
-0.33
-1.67
0.33
0.0
-1.67
2.67
-0.33
2.67
0.0
-2.67
-4.0
2.0
1.33
-0.33
6.33
-2.0
-2.33
0.67
5.0
-3.33
-0.67
2.33
2.33
3.33
-4.0
-0.33
1.67
2.67
2.33
0.67
0.33
-3.67
1.0
-2.67
-3.0
-2.0
1.67
-3.0
-0.33
1.0
-2.67
2.33
1.0
-5.0
2.0
7.67
-4.0
1.67
0.33
-1.67
1.0
0.67
-4.67
1.0
1.67
-1.0
5.0
2.0
-3.0
-3.0
-1.0
0.33
-2.33
2.0
4.0
2.33
2.33
-1.67
-1.0
-1.0
3.67
-1.0
1.33
1.67
0.33
-0.33
4.67
-4.0
5.0
3.33
1.33
-0.33
3.33
0.33
5.67
-1.0
3.33
1.33
2.67
1.67
3.67
-1.67
6.33
3.33
-0.33
2.33
0.67
-3.33
0.0
0.33
0.33
1.33
2.67
-1.67
4.33
-4.33
4.67
2.67
2.33
-0.33
-0.33
1.33
4.33
-1.0
-3.33
2.0
-4.0
-5.33
2.33
1.33
-6.33
0.33
2.67
-1.33
1.33
0.33
1.33
2.33
1.0
-1.0
1.67
-2.0
-2.0
-0.33
-0.33
-0.67
7.67
-1.0
-1.0
4.33
0.33
6.67
-4.0
5.67
-3.33
-2.0
-2.33
-3.0
8.0
0.33
1.67
8.0
2.0
0.33
-2.33
-1.0
4.0
-6.0
1.67
4.0
-3.0
-0.33
-5.33
1.0
-1.33
3.33
0.67
-4.33
1.33
-2.67
-0.33
3.0
-0.67
1.0
1.0
2.0
2.0
-3.33
0.33
0.0
1.33
-2.67
-1.67
-3.67
1.0
4.33
2.33
-0.67
-1.0
-5.67
1.0
0.0
2.0
6.67
1.0
3.33
0.0
0.33
2.0
9.0
-0.33
0.67
0.0
3.67
1.33
2.33
4.0
-1.0
2.33
0.33
2.33
0.33
-2.0
-1.67
5.0
-4.0
3.0
-1.0
-2.0
1.33
5.67
1.67
-5.33
-0.33
2.67
-0.33
4.33
-3.67
6.0
2.0
8.33
8.0
3.0
0.33
8.67
6.0
8.0
6.0
9.33
6.33
3.0
14.0
2.67
15.67
14.67
12.33
16.33
21.33
24.33
10.33
20.0
20.67
26.67
14.0
15.67
20.33
30.67
15.33
20.67
19.67
20.0
13.0
12.33
0.0
13.67
9.33
4.0
7.33
2.33
10.67
10.0
1.0
-4.33
1.33
9.0
5.67
2.67
-0.67
2.67
5.33
3.33
-4.0
3.33
1.33
6.0
-2.67
1.33
11.0
7.0
1.67
2.67
-1.0
6.33
3.33
6.33
4.67
-0.33
3.0
8.33
1.0
0.0
9.0
-3.67
-2.33
-0.67
-1.67
4.0
1.33
2.33
9.33
-2.33
4.33
2.67
-1.33
0.0
-3.67
2.67
1.0
1.33
3.0
5.33
1.67
3.33
2.67
-0.33
0.67
4.67
3.67
4.67
0.33
4.67
-5.33
5.67
-1.33
-2.0
8.33
3.33
9.67
5.33
1.67
6.0
8.33
-2.0
2.33
17.33
2.33
11.0
-0.33
4.67
7.67
3.0
2.33
-1.67
13.0
4.67
8.0
5.33
8.0
6.67
8.67
8.33
8.67
4.0
1.33
-0.33
8.67
5.33
9.33
6.33
7.67
7.67
2.67
7.67
5.67
-8.67
12.33
-5.33
12.0
4.0
-4.33
6.67
5.67
5.0
12.33
8.67
1.0
5.0
1.33
-0.33
8.33
-1.33
5.67
8.67
1.0
2.0
8.33
5.0
0.0
1.0
1.67
5.67
12.0
17.67
-1.67
5.33
6.33
2.0
9.33
6.33
3.67
2.0
7.67
2.0
3.0
1.0
-2.33
3.33
2.67
3.33
6.0
-1.33
3.33
3.33
-0.33
0.0
7.0
5.67
2.0
5.0
7.0
9.33
6.33
8.0
4.67
0.67
7.0
0.0
-2.0
9.0
5.0
2.33
6.33
3.33
0.0
1.0
-0.67
6.33
-1.67
-0.67
7.67
7.33
6.67
8.0
15.0
6.0
15.33
-3.33
7.67
8.33
12.67
11.0
7.67
12.0
11.0
25.67
9.0
15.67
9.33
21.0
24.0
22.33
24.0
19.33
30.33
27.0
25.0
35.67
26.0
17.67
20.67
23.33
18.67
25.33
15.0
8.33
19.33
15.67
13.67
16.33
4.0
12.0
22.67
14.0
7.33
3.67
12.67
7.0
6.67
0.67
13.67
-1.33
5.33
6.67
10.67
9.67
12.67
7.67
16.33
0.33
3.0
0.33
-2.67
9.0
3.33
0.0
0.33
9.67
-3.33
10.0
7.0
2.67
2.67
13.0
3.33
7.0
10.33
8.67
7.0
11.0
5.0
14.33
10.0
18.33
5.33
3.67
7.33
4.33
6.67
2.33
4.33
0.0
3.0
7.67
5.0
-0.67
2.33
1.0
-0.67
3.33
11.0
8.0
17.0
5.0
1.67
8.33
9.0
4.0
7.0
-0.33
7.0
13.67
3.67
7.67
7.33
6.33
4.67
0.67
8.67
6.33
4.67
1.67
-0.33
2.67
7.67
5.0
0.0
5.33
-1.33
11.0
3.67
10.67
0.67
7.67
15.33
2.0
1.33
10.0
13.0
5.0
13.67
21.33
16.33
18.67
0.67
5.67
10.67
9.0
1.0
7.33
-1.67
10.0
9.0
7.33
-2.33
6.33
6.0
5.33
8.0
4.67
5.0
3.33
8.0
5.67
19.33
1.33
6.33
12.33
3.67
10.0
2.33
10.33
4.67
-3.0
4.33
6.33
3.33
16.0
18.67
14.33
11.67
1.33
6.0
9.33
-0.33
2.33
10.33
5.67
6.67
8.0
6.67
12.33
5.33
1.0
9.33
3.33
9.0
-0.33
13.0
8.0
17.33
7.0
8.33
14.0
5.67
21.33
5.0
-0.67
5.33
4.33
5.67
4.0
5.67
8.0
-1.0
10.0
12.33
0.33
5.67
13.33
5.33
8.67
3.33
17.0
13.0
4.33
8.67
7.0
11.33
7.67
9.33
9.67
10.33
19.33
9.0
3.67
9.0
6.67
-0.33
15.33
8.0
1.33
5.0
8.33
7.0
16.0
9.67
8.67
8.0
18.33
9.33
3.0
4.0
17.0
11.0
7.0
6.67
9.33
10.0
17.67
22.33
16.0
12.33
18.67
4.67
12.0
5.67
3.0
15.33
2.0
13.33
13.33
14.0
22.67
24.33
20.67
17.67
3.0
15.0
14.67
22.0
26.67
23.0
12.33
34.33
19.0
23.67
26.0
36.67
39.67
48.33
67.33
55.67
73.33
81.0
68.33
75.0
85.67
102.33
147.33
128.33
110.0
148.67
153.67
139.0
153.33
131.0
138.33
140.67
143.0
136.67
138.67
133.33
108.33
117.0
96.67
115.0
91.33
93.0
74.33
74.67
71.0
57.33
47.0
46.33
43.67
29.0
9.0
30.67
13.33
14.33
22.67
15.33
20.67
12.67
16.67
13.67
13.0
8.0
15.0
4.67
2.33
3.0
5.67
15.0
11.33
9.0
8.33
6.67
13.67
-4.0
1.67
2.67
2.33
13.67
11.0
8.33
-5.0
10.0
7.67
8.67
10.33
17.33
4.67
2.67
5.33
9.33
15.0
16.0
7.0
15.0
10.0
3.0
1.33
14.0
-2.67
-3.67
16.0
3.0
7.67
13.67
4.33
-3.67
16.0
11.67
6.0
11.67
7.67
10.33
17.0
7.67
10.0
11.67
15.67
14.33
3.0
9.67
9.67
5.67
9.0
11.67
11.0
13.0
10.67
8.67
5.33
13.33
7.33
13.0
8.33
11.0
1.0
15.33
-0.33
6.67
24.67
13.33
3.67
5.67
12.33
16.67
12.33
8.67
17.67
8.33
1.0
5.0
-2.0
-1.0
28.0
12.33
5.33
6.33
22.33
7.67
2.0
7.67
2.67
12.33
20.33
10.33
7.67
9.67
9.33
10.0
9.67
8.33
16.67
7.0
8.33
15.67
6.67
2.67
7.67
8.0
7.33
1.33
10.0
8.0
0.33
12.0
9.33
3.33
6.33
2.33
6.33
0.33
5.67
2.67
4.33
1.0
6.0
0.33
14.33
0.33
5.33
-0.67
-7.0
-5.67
23.33
9.67
11.0
19.67
1.33
13.67
7.33
7.0
0.33
6.33
12.0
24.33
6.0
9.33
-3.0
7.0
9.67
18.0
23.33
3.67
27.0
23.67
22.0
18.0
15.33
22.0
30.67
16.33
21.0
18.33
21.67
40.0
25.33
14.0
14.0
29.33
16.67
16.0
17.0
26.0
22.67
16.33
21.67
23.33
11.33
18.67
34.33
14.33
13.33
21.0
8.33
2.67
9.67
-7.33
2.33
20.67
14.67
13.67
12.67
0.0
-5.67
21.0
11.0
-1.33
14.0
1.0
5.33
1.0
2.67
9.0
1.67
3.33
11.67
4.67
-0.33
11.0
-1.67
-11.67
4.0
9.33
-2.0
7.67
0.33
10.67
5.0
7.67
5.67
10.0
17.67
5.0
4.33
7.67
7.67
6.0
5.0
2.0
5.0
12.67
12.33
10.33
3.0
-0.67
9.33
10.67
6.67
14.67
7.67
8.33
-2.67
4.33
-1.67
-3.0
5.0
3.33
5.0
8.33
20.0
10.0
15.33
14.0
8.67
3.33
9.0
9.67
18.0
15.67
5.33
21.0
9.33
5.33
10.0
16.0
15.67
12.67
6.0
-1.33
1.0
2.33
-2.33
1.33
3.67
-1.0
-3.0
3.0
4.0
9.33
5.33
2.67
5.0
-6.0
-0.33
10.33
3.0
-4.67
4.67
-7.0
7.33
12.0
-4.67
-4.0
15.67
6.67
1.67
-0.33
8.0
5.33
-5.0
12.67
14.67
-5.0
14.33
6.67
15.33
4.0
1.33
-1.33
0.67
12.67
7.33
-4.67
2.33
7.67
6.67
8.33
-3.0
6.33
0.0
14.0
-5.67
-1.67
0.33
-3.33
-1.0
3.0
-1.33
-3.0
1.67
1.0
2.0
1.0
-2.67
9.0
2.33
-7.0
-4.0
3.67
-0.33
6.33
10.0
6.33
3.67
0.67
-5.67
-3.67
-5.33
-2.0
2.67
6.67
10.33
0.33
-1.67
-5.33
-6.0
5.33
4.0
5.0
-6.67
2.0
-5.0
-2.0
9.0
1.67
7.33
-8.67
-2.0
4.0
0.33
5.67
5.33
2.33
4.33
8.0
4.33
2.67
6.33
8.67
2.67
16.0
4.0
-0.67
11.33
14.67
9.0
2.33
11.0
-1.0
1.67
11.0
3.33
4.67
8.0
11.67
8.33
2.0
6.67
10.33
-0.67
4.67
3.33
3.67
1.67
10.0
5.67
7.33
6.67
8.0
-2.33
13.33
3.0
7.33
5.33
-2.67
-4.0
-3.0
4.33
1.0
-1.67
12.67
4.33
-6.67
2.67
-4.0
1.67
-1.33
1.0
12.0
-8.0
5.33
0.0
5.67
4.67
-3.67
9.33
-7.67
6.33
5.33
3.0
5.67
5.0
5.0
9.0
-10.33
1.67
1.33
7.0
-10.0
4.33
-3.67
-4.67
-5.0
-1.0
-1.33
-1.0
6.67
-2.0
7.33
8.0
0.67
1.0
3.0
5.33
-2.0
8.67
-2.0
6.0
4.67
6.67
9.67
8.67
0.67
3.0
-3.67
0.67
2.67
0.0
0.67
-2.67
-1.0
-2.33
3.33
0.0
-4.67
-3.0
1.67
6.0
-3.33
9.33
-3.67
-1.33
2.33
8.0
10.33
9.33
-1.67
-4.33
-1.67
5.67
-3.0
2.67
-3.67
-7.67
1.33
4.33
-1.0
7.0
-0.33
-4.33
4.0
-4.33
1.0
-5.0
5.33
-1.33
0.33
-2.33
4.0
-4.0
3.0
-7.67
3.0
5.33
-1.0
-0.33
4.0
3.0
4.0
-2.0
-2.33
0.67
-7.67
10.67
2.0
3.0
-2.67
3.33
4.67
-3.67
0.33
-0.67
4.0
2.0
-0.33
5.67
-1.0
5.33
10.0
14.33
6.33
1.33
2.0
-0.67
-3.0
7.0
5.33
3.0
4.67
10.67
6.0
0.0
-4.0
3.67
2.33
6.33
4.0
3.33
7.0
5.0
0.67
7.67
3.33
3.67
1.0
7.67
7.33
-4.33
0.0
0.0
-0.33
-0.67
8.33
5.0
-5.0
7.67
6.0
-6.0
0.0
9.33
2.67
-0.67
5.0
-5.67
9.33
-3.67
-1.67
-2.67
1.33
-5.0
1.67
-1.67
3.67
0.33
4.0
1.67
1.0
0.0
-0.33
3.0
-4.0
-6.0
-0.33
-6.0
-3.67
-1.33
-5.33
3.33
-3.0
2.33
-6.67
-3.33
-0.67
-1.0
3.0
1.67
4.67
-4.33
5.0
-4.33
-0.67
2.33
6.67
0.67
2.33
3.67
-0.67
3.33
6.0
0.67
2.67
-3.33
1.0
-5.0
-4.67
1.33
4.67
7.0
1.33
-7.33
0.67
-1.33
0.67
2.0
1.67
4.0
1.0
7.0
-0.67
-1.0
4.67
2.67
-0.33
4.67
4.67
-2.33
4.33
3.67
-2.33
-3.33
1.33
4.0
3.67
0.0
-2.67
-5.0
4.33
-0.67
7.67
2.33
3.33
-0.67
5.67
-5.0
-1.33
0.33
4.0
2.67
0.0
-3.0
6.67
-3.0
-3.67
