0.0
62.33
57.0
45.33
18.33
42.0
27.67
37.33
81.67
43.33
69.33
57.0
6.67
40.33
19.33
34.67
17.67
-21.33
53.33
32.0
-20.0
-5.0
10.0
24.67
-6.67
3.0
-2.33
-10.0
-14.0
0.67
1.67
-0.67
1.0
-1.0
3.67
-4.33
-0.33
-3.67
-1.67
-2.0
-1.0
-0.67
0.0
0.0
1.0
2.0
-1.33
0.33
1.33
1.0
-1.33
-0.67
-0.33
0.0
0.0
1.33
0.0
-0.67
0.0
-0.33
0.0
0.0
-0.33
-0.33
0.0
0.33
1.0
-0.67
2.0
1.0
1.0
1.0
0.0
-1.0
-0.33
0.67
1.0
-0.33
-0.33
0.0
0.67
-0.67
0.0
-0.67
-0.33
0.33
0.0
-0.67
1.0
0.67
-0.67
0.33
-1.0
-0.33
-0.33
0.67
-1.0
-1.0
-1.0
-0.67
0.33
-1.67
0.0
1.0
-1.0
1.0
2.67
2.0
2.0
1.0
1.0
0.0
-2.67
1.67
-0.33
-1.67
-1.0
-0.33
0.33
3.33
-1.33
0.33
2.0
0.33
0.0
-0.67
2.0
4.0
-0.67
2.67
0.0
-2.33
-2.67
-3.67
-1.33
3.67
3.33
5.67
-0.67
1.0
-0.33
0.67
3.0
-0.67
-3.33
-1.67
-3.33
1.0
-3.67
0.67
3.33
2.0
4.67
0.67
-2.33
3.67
3.33
-1.0
3.0
-4.0
3.33
1.67
5.0
8.0
-4.67
3.33
-1.0
0.33
3.0
7.0
5.67
7.0
4.33
5.67
-2.67
0.33
4.67
-1.0
0.67
3.33
-3.33
4.67
-5.33
0.33
5.0
-0.33
4.67
-2.0
-0.67
4.33
0.33
-2.0
9.0
6.67
3.0
0.67
-3.33
-3.33
-5.0
5.33
4.33
1.0
4.0
4.67
1.33
1.67
0.0
4.67
0.67
2.33
-1.33
1.67
6.33
7.67
2.33
4.67
7.0
1.33
3.0
4.33
-0.33
1.0
1.0
1.67
-2.0
1.33
3.0
3.67
5.67
3.0
8.33
-1.0
-1.67
0.67
3.67
5.33
0.33
-1.67
1.67
-1.33
-5.67
4.0
-2.67
2.67
-4.33
2.33
6.33
-3.0
1.33
3.33
2.33
1.33
8.67
-2.33
8.67
9.33
1.0
1.33
6.67
-1.67
-4.33
4.0
-0.67
7.33
-0.67
-1.33
7.33
-3.33
1.0
0.67
8.67
2.67
7.33
-4.33
-9.0
0.33
-0.67
-1.67
4.0
7.33
10.33
4.67
4.33
7.33
2.67
6.33
4.33
7.33
7.33
13.0
7.0
-3.67
3.0
5.67
-1.0
4.0
6.0
-3.67
-2.67
2.67
1.33
6.33
-0.67
4.0
-0.33
3.67
-3.67
-0.33
4.33
-3.67
7.67
-1.67
-1.33
-1.33
3.0
5.67
8.0
0.67
2.67
6.33
2.0
-1.0
6.67
3.0
1.0
11.33
2.33
-1.67
-1.0
-1.67
5.0
-1.67
-4.33
-4.0
0.67
3.33
3.67
-0.67
-5.0
-1.33
3.67
-0.33
5.0
-2.33
1.67
0.33
4.0
2.33
6.33
0.33
-7.0
-0.33
-1.33
1.67
-0.67
3.67
0.33
3.33
-2.0
0.0
3.0
1.67
0.33
2.0
1.67
-5.33
-3.0
2.67
-7.33
2.67
1.33
1.0
-2.67
3.0
-0.33
4.67
-4.0
1.33
2.67
2.0
-0.33
-0.33
0.33
2.33
-3.0
5.33
-0.67
0.67
3.33
12.0
-0.33
1.67
2.0
-0.67
-0.33
-1.0
-2.67
6.67
-3.67
-2.0
8.67
2.67
-8.33
2.67
-3.33
-4.67
1.33
-1.67
0.33
2.67
7.67
1.0
1.67
2.33
5.67
1.0
5.0
5.0
-2.67
4.67
7.33
-6.67
-3.67
2.67
1.67
-2.0
2.67
-1.0
1.33
5.33
3.33
-0.67
-3.0
-0.33
-0.67
7.0
6.0
-1.67
3.0
-2.67
-7.33
-2.33
5.33
-0.67
4.0
2.67
-2.67
2.67
0.33
3.33
4.67
2.0
5.0
1.33
3.33
1.33
10.67
7.67
5.33
1.33
0.33
1.0
-2.0
-2.67
8.0
4.33
2.0
3.67
3.0
0.33
3.67
0.33
0.67
-1.0
1.0
-1.33
0.33
0.0
4.0
1.67
-2.67
2.33
3.67
4.0
-4.0
0.67
2.67
2.0
2.0
-0.33
-3.0
-1.0
2.33
0.0
0.33
1.33
-0.33
5.67
0.67
0.67
3.67
7.33
0.0
1.0
-1.67
0.67
-2.33
0.0
6.67
1.0
0.0
2.67
-0.67
-1.67
0.67
-2.0
-3.33
5.67
1.0
-3.0
1.67
-4.67
5.67
6.33
1.33
-3.67
-0.33
-0.33
0.0
1.33
-0.33
4.67
5.67
-1.67
-1.67
6.0
0.0
6.0
-1.0
-2.67
2.0
2.0
3.0
2.33
0.0
7.33
-2.33
2.33
2.0
-1.0
3.33
1.67
2.33
-1.0
-0.67
1.67
-5.33
1.67
-4.0
-0.67
2.67
2.67
-4.33
1.33
2.0
4.0
-4.67
3.67
0.67
-3.67
2.0
-1.33
-1.33
7.67
2.0
2.33
2.0
2.0
0.0
0.67
-3.0
5.0
1.0
3.67
-1.33
3.67
1.33
-2.67
1.33
-1.0
0.67
-2.67
-2.33
-1.33
1.67
-0.33
1.33
-3.33
4.0
-1.33
-2.33
-1.67
-0.33
0.33
2.33
-1.0
-4.0
-2.0
5.33
0.67
-1.33
-2.67
-2.0
-1.0
-1.33
0.33
2.0
0.67
5.67
-2.67
-1.0
0.33
2.67
-2.67
-0.33
0.0
2.33
-5.67
-0.67
-0.33
-0.33
1.33
0.0
6.67
-1.0
2.0
2.33
1.0
-1.67
0.0
-2.67
3.67
3.67
2.33
2.0
-1.67
1.67
5.0
3.0
-3.67
0.67
-3.33
-2.33
2.33
2.67
-1.67
5.33
-3.0
-3.33
4.67
2.0
1.0
1.0
-3.33
-1.0
4.67
1.33
-4.0
3.67
-1.33
-1.33
2.33
-1.67
0.0
0.0
-0.67
6.67
1.33
-3.0
-3.67
-1.33
0.33
-1.0
-3.67
-3.33
-1.33
2.33
-0.33
-2.0
-1.67
1.0
-2.33
1.67
-2.33
-1.67
-1.33
-3.0
0.0
1.67
1.0
-3.33
-5.33
4.0
-0.67
1.67
-5.0
0.67
5.67
2.67
7.67
0.0
-1.67
1.67
5.33
-0.33
-1.67
5.0
-0.33
-2.0
0.0
5.0
-3.0
4.33
-0.33
-0.33
-8.0
0.67
2.33
0.67
0.0
5.0
-0.67
3.33
4.67
2.0
2.67
-1.67
0.0
-3.0
3.0
-1.0
-1.67
-2.33
-1.0
0.67
0.67
2.33
0.0
-5.0
-3.0
-1.67
4.33
-1.33
-1.0
-3.0
3.0
0.33
1.67
-5.0
0.67
6.0
0.33
0.67
1.0
-2.0
3.0
4.0
5.0
-1.0
6.67
-4.0
-1.33
0.33
-5.33
-1.67
-1.33
-9.67
4.67
2.0
4.67
1.33
-2.33
-0.67
-3.67
1.67
-4.33
4.67
-2.67
3.67
4.0
1.0
1.67
4.0
6.0
3.0
2.0
7.0
10.0
6.33
6.67
8.67
8.33
6.67
23.0
21.67
39.0
5.67
24.0
22.67
41.67
33.0
26.33
27.67
33.33
29.67
47.0
17.33
9.33
20.33
26.67
31.0
14.33
20.0
16.0
18.0
12.0
8.0
7.67
-1.0
17.67
14.33
7.0
3.33
3.0
1.0
3.67
5.33
13.0
15.0
4.0
10.33
-0.67
-2.0
7.33
5.0
6.67
-0.67
5.33
4.33
6.67
5.33
-1.67
9.0
0.33
1.33
-2.33
3.67
7.0
-3.67
6.33
2.33
5.33
0.67
1.0
-1.0
-3.33
-0.67
1.67
-1.33
-0.33
-1.67
5.0
6.33
3.0
9.0
-4.0
-1.33
0.67
3.0
-0.67
1.67
-1.0
5.67
0.33
6.0
-1.33
5.67
8.33
-0.33
2.0
0.0
1.67
9.0
-4.0
2.33
5.33
-0.67
4.67
-1.33
4.0
11.67
-9.67
4.33
5.33
12.33
4.33
2.67
6.67
1.67
7.67
0.67
4.67
6.33
1.0
1.67
-2.0
2.33
-1.67
3.67
1.0
7.33
3.33
0.33
7.67
9.0
6.33
1.67
5.0
13.0
5.33
9.67
-3.0
2.67
5.67
3.67
3.0
4.33
10.0
-2.67
1.0
18.33
2.0
0.67
6.67
1.0
-5.0
-3.67
-0.33
12.33
10.67
2.67
3.0
0.67
1.33
3.67
6.67
7.0
-3.67
0.33
-0.33
3.33
3.67
5.0
2.33
6.0
1.67
2.0
-6.67
3.33
-2.33
2.67
3.33
0.67
-2.33
0.67
-2.0
7.67
7.33
0.33
1.0
1.67
-5.33
1.0
0.33
2.33
6.0
1.0
1.0
0.67
5.0
2.33
12.0
5.67
4.67
4.67
10.0
0.67
4.33
-3.0
1.0
-1.0
4.67
7.67
2.33
-7.67
1.67
6.0
6.0
2.0
2.67
1.67
11.67
1.33
6.67
10.0
10.33
2.0
7.0
3.67
8.0
9.0
10.67
13.0
11.33
4.0
18.67
22.0
20.0
17.33
26.33
23.67
13.0
31.33
22.0
35.0
29.67
24.33
23.67
28.33
19.33
18.0
13.0
24.0
20.0
28.33
20.67
4.67
12.33
9.67
3.0
8.33
15.33
7.67
10.67
9.0
10.67
6.0
5.0
10.67
2.0
-7.33
1.67
16.0
7.0
1.0
6.0
3.0
8.0
5.0
6.33
10.0
-1.0
0.33
0.67
8.0
10.67
3.33
17.33
4.67
5.67
4.67
9.33
13.0
9.67
3.67
-2.33
8.33
2.67
6.0
13.67
4.0
7.67
4.0
15.33
20.33
7.67
10.33
8.33
5.67
3.0
11.67
10.67
11.0
0.67
0.0
7.33
11.0
5.0
8.67
11.33
3.33
0.0
4.0
6.33
14.33
7.33
14.0
7.0
12.33
7.0
9.67
4.0
2.0
12.0
10.0
9.33
8.0
14.67
4.67
2.0
12.33
6.67
11.0
9.67
7.67
6.67
6.0
15.0
0.0
10.67
12.33
15.0
18.67
22.67
9.0
10.67
8.33
18.67
2.0
6.0
-1.0
-1.33
14.67
-6.0
13.67
15.0
15.0
15.67
14.67
21.0
9.33
2.67
7.33
9.67
11.67
17.0
16.0
0.67
7.33
16.0
-2.67
-4.0
-7.0
16.33
18.33
3.0
4.33
16.67
10.67
12.33
3.0
19.0
10.67
2.67
21.67
11.33
13.0
21.67
3.0
13.33
17.67
4.33
3.67
5.33
6.33
5.33
16.33
7.33
7.33
11.0
9.67
10.33
14.33
15.0
1.0
12.67
17.67
2.0
13.33
13.0
10.67
4.0
18.67
9.33
19.67
5.33
13.67
10.33
7.0
15.0
10.0
6.67
13.0
14.33
15.0
2.67
18.0
12.0
14.0
4.33
2.67
12.67
15.33
14.67
14.67
8.67
7.67
11.33
13.33
27.33
10.33
11.0
16.67
9.33
15.33
5.33
0.67
11.67
12.67
10.67
3.67
6.0
7.67
15.67
7.0
16.67
9.67
7.33
8.0
10.33
8.0
13.0
0.33
12.67
14.67
9.67
1.0
9.0
20.33
16.0
8.0
18.33
13.67
12.33
5.33
15.0
12.33
11.0
14.0
18.0
14.33
20.0
24.0
16.33
12.0
24.33
32.67
24.0
21.33
13.67
19.67
29.67
23.33
9.67
40.33
33.67
40.33
48.0
38.33
58.0
57.67
58.67
64.67
73.33
81.33
103.0
96.33
95.0
129.33
120.0
161.33
129.33
161.33
145.67
160.33
173.33
143.67
159.33
181.0
170.33
166.67
171.67
134.33
137.67
146.33
116.67
104.67
100.0
94.0
86.33
94.33
85.33
42.67
60.67
27.0
25.67
30.0
24.33
29.67
18.67
14.33
19.67
16.67
18.0
16.0
19.0
26.67
11.67
17.67
14.0
2.33
18.67
15.33
4.67
4.0
8.33
1.0
9.67
13.33
10.0
15.0
6.0
5.67
7.67
14.0
10.0
17.67
12.67
3.0
12.33
8.33
1.67
11.67
1.0
6.0
16.33
4.0
0.0
20.0
7.67
7.0
0.67
2.0
15.0
6.67
11.0
-7.0
10.33
2.33
9.67
10.67
13.67
1.33
8.67
11.67
21.33
13.33
11.0
6.0
3.67
5.0
1.0
13.33
3.33
2.33
20.0
2.0
-4.67
11.33
11.33
3.33
5.67
19.0
6.0
1.67
5.67
5.33
7.33
13.67
12.0
19.33
11.0
11.33
17.0
14.33
3.33
1.0
5.33
6.33
22.0
13.33
8.0
19.67
12.0
2.67
4.0
7.67
6.67
6.0
12.67
-6.0
18.33
12.67
7.67
12.67
19.33
13.0
-0.33
13.0
4.33
15.67
10.0
14.67
-6.67
16.0
17.33
2.67
24.33
13.0
12.0
10.33
-2.67
13.0
7.0
-2.0
3.67
9.67
13.0
2.67
8.67
-1.0
8.0
2.67
8.67
2.33
12.67
10.67
12.0
-1.0
1.33
1.33
11.0
15.33
13.33
2.33
5.67
6.33
9.0
-7.33
8.0
0.33
12.0
5.67
3.33
12.67
13.33
6.33
22.0
-4.0
0.0
21.67
15.33
18.33
12.67
23.67
22.33
20.33
16.0
28.67
16.33
34.33
28.67
25.0
29.33
37.33
46.0
15.67
20.0
18.33
19.67
34.0
22.33
35.67
23.67
22.0
35.0
21.67
17.67
27.33
12.33
8.0
26.67
22.33
17.33
14.33
28.67
7.67
9.67
32.0
3.33
2.33
6.67
-2.67
5.33
11.67
10.33
10.0
-7.33
7.33
25.67
9.33
20.0
6.67
6.0
3.0
10.33
13.0
-8.33
10.0
23.33
10.0
9.67
-2.67
5.33
5.67
1.0
11.33
2.67
1.67
2.0
21.33
8.33
17.33
1.33
9.0
2.0
12.0
12.33
-3.67
-8.33
-0.33
-9.67
10.0
0.33
-1.0
9.33
9.67
15.67
-0.33
3.67
15.67
0.33
-4.67
9.0
14.67
12.0
5.0
5.33
10.67
3.33
4.67
13.67
7.0
1.0
6.0
11.0
0.0
12.67
13.33
7.33
0.67
19.33
0.33
8.0
12.67
7.33
11.33
10.0
11.0
-2.33
12.0
11.67
-7.0
14.33
10.0
0.67
-1.33
3.33
2.0
-7.67
1.67
9.67
-10.33
-2.0
2.0
-0.33
2.67
-6.67
14.33
-3.67
-0.67
1.0
5.33
12.33
5.67
10.67
14.0
-5.33
-13.0
15.0
2.0
6.0
-8.33
-3.33
7.67
21.33
-6.0
-1.33
3.0
-2.67
10.0
6.33
6.33
-7.67
8.0
9.33
4.33
6.0
8.0
-13.33
3.33
4.0
11.67
8.0
8.33
-1.33
2.67
-2.67
5.33
2.33
1.33
-0.67
3.67
-1.0
6.0
3.67
-7.33
-10.0
8.33
-1.67
-1.33
7.67
8.67
-11.0
11.67
-9.67
3.67
7.67
3.0
3.33
7.33
4.33
19.67
-6.0
-2.0
-0.33
5.67
9.0
-3.0
5.33
0.0
-2.0
4.0
1.67
4.67
0.67
0.0
11.0
5.33
8.67
8.67
4.33
1.67
-3.33
-11.67
0.0
0.0
3.33
1.67
10.67
0.67
9.33
0.67
12.67
-2.67
11.33
15.0
-5.67
0.33
12.67
0.33
9.67
6.67
20.67
12.0
7.0
12.0
9.33
9.0
12.67
4.0
7.33
6.33
10.33
6.67
0.67
10.0
-2.0
11.33
10.0
7.67
3.33
9.0
8.0
11.67
6.67
-3.0
-4.0
1.67
-2.33
-5.67
1.0
-1.0
-0.67
6.33
3.0
9.33
-2.33
-0.33
-4.33
-4.67
4.33
4.33
3.33
-1.67
-1.0
1.33
8.67
-6.67
-3.0
-11.0
1.67
4.33
3.33
9.67
0.33
-0.67
-5.33
9.0
-1.67
-4.33
2.67
-0.67
1.0
1.33
0.33
3.0
0.0
-3.33
-1.0
3.67
-2.67
5.33
-2.67
3.0
-4.67
4.67
-4.67
6.67
-3.0
0.0
5.67
7.67
1.67
-3.67
-0.33
8.33
0.67
-2.0
8.0
-6.67
3.0
3.33
3.0
0.33
3.67
9.67
0.67
-3.67
0.0
-1.0
-1.0
1.67
0.67
5.67
-5.67
5.0
-0.67
-0.33
-0.67
4.33
4.33
-4.0
0.0
4.67
-6.0
3.0
2.33
-1.33
-5.67
-1.67
-6.67
2.33
2.67
-3.33
-0.67
-2.0
2.0
10.67
0.0
7.67
2.33
4.33
-2.67
-4.0
10.0
3.0
-1.33
0.33
-0.67
-0.67
-0.33
1.67
5.0
-5.33
0.33
0.33
3.33
1.0
6.0
0.33
10.0
2.67
-0.33
1.0
0.33
6.67
4.67
-2.0
11.0
4.33
5.67
6.33
2.67
1.0
-2.67
5.33
6.33
-7.33
4.0
-1.67
1.67
2.0
4.67
5.67
0.0
4.0
2.0
8.67
-2.67
2.33
6.0
-0.33
11.33
6.33
1.0
2.67
3.0
-0.33
5.33
6.0
2.33
4.33
4.67
-1.67
2.33
1.0
0.0
-3.67
0.67
-7.33
0.67
0.0
-2.67
-8.67
5.67
-8.67
-2.0
7.33
-1.67
5.67
4.0
0.33
8.33
-0.33
-3.33
5.67
4.33
-3.0
1.33
4.67
-3.0
-9.33
-2.67
-5.0
2.0
1.67
1.33
0.33
6.33
-5.33
-0.67
1.0
7.33
1.33
-4.67
-3.67
-2.33
-2.33
1.0
0.0
4.33
-4.0
-6.0
-0.67
3.67
1.33
0.33
0.67
7.0
1.67
3.0
-2.67
3.67
0.0
6.0
-5.67
1.67
5.33
5.67
1.0
0.67
-0.33
2.33
-1.0
2.33
-2.0
1.33
3.0
2.0
-0.67
-0.67
-2.0
0.0
0.67
6.0
-2.67
2.33
3.0
1.0
-2.33
0.33
5.33
8.0
-4.33
1.33
-0.33
4.33
-6.33
-3.67
4.0
1.67
-0.33
1.0
-0.67
-7.0
1.67
2.33
-1.33
4.0
-4.33
9.33
-3.67
0.33
2.33
3.33
-0.67
-3.67
