0.0
-58.67
-32.0
61.33
-64.67
-38.0
1.67
2.33
56.67
12.33
46.33
-15.0
-40.33
10.33
-14.67
36.67
-9.33
-65.33
23.33
4.0
-26.0
14.0
-11.0
3.67
-4.67
-3.0
2.67
-4.0
8.0
-19.33
-1.33
-0.67
-1.0
1.0
-0.33
-0.33
-3.33
-2.67
1.33
-3.0
-1.0
-0.67
0.0
1.0
1.0
0.0
-0.33
-0.67
-0.67
2.0
-0.33
-0.67
-0.33
0.0
1.0
-0.67
0.0
-0.67
0.0
0.67
1.0
0.0
0.67
1.67
2.0
1.33
0.0
0.33
1.0
1.0
0.0
1.0
0.0
0.0
0.67
-0.33
1.0
-0.33
-0.33
1.0
-0.33
-0.67
1.0
-0.67
-0.33
1.33
-1.0
2.33
2.0
-0.33
-0.67
2.33
1.0
0.67
-2.33
0.67
1.0
0.0
2.0
-0.67
-1.67
-0.67
3.0
-1.0
-1.0
2.0
0.67
0.0
3.0
1.0
-2.0
0.0
-1.67
1.67
-1.33
3.33
3.0
1.67
2.33
3.33
0.67
6.33
2.0
2.33
1.0
-1.67
4.0
2.0
4.33
1.67
-1.0
2.67
5.33
5.33
5.67
9.67
5.33
1.67
-0.67
3.0
3.67
5.67
-2.0
-2.67
0.67
-3.67
-0.33
5.0
1.33
0.67
3.33
5.0
8.67
4.67
5.67
-2.33
0.33
-3.0
-5.0
4.0
9.33
0.67
8.0
0.0
2.33
2.33
-5.0
3.33
8.0
5.0
5.67
4.0
-4.67
4.67
2.33
3.33
2.67
5.0
1.67
-6.67
-0.33
4.67
-3.33
-0.67
4.0
-0.33
7.67
-3.0
5.33
6.33
-1.67
1.0
5.0
0.67
7.0
-5.33
1.67
6.67
-2.0
4.33
-3.67
3.0
6.0
0.67
-3.67
1.67
3.0
3.67
1.67
6.33
1.67
2.67
-1.67
8.67
1.33
-3.33
4.0
3.33
-1.0
5.33
2.67
4.0
-2.0
3.67
3.0
-4.67
4.0
3.67
6.67
1.0
1.33
6.0
2.33
-3.33
3.67
3.33
5.33
6.33
5.67
7.67
10.33
7.0
-0.67
3.67
-3.33
2.33
3.33
4.0
1.33
1.33
0.33
7.33
7.67
0.67
1.67
10.33
1.0
0.33
0.67
9.33
-0.33
2.0
9.33
-0.67
5.33
6.67
11.33
-1.33
6.0
5.67
4.67
3.67
9.33
7.67
-5.0
-4.67
4.33
-2.67
-1.0
2.33
-0.67
-0.33
-0.67
8.33
10.67
8.33
1.33
5.33
3.33
9.0
10.0
-3.67
9.0
-3.33
-8.0
2.0
6.0
1.33
1.33
-0.33
0.33
5.33
3.33
-1.0
2.67
8.67
1.33
0.67
2.33
-4.67
11.67
-1.67
0.67
2.67
5.0
-3.33
5.0
2.67
7.67
2.33
5.0
5.0
6.67
9.0
1.0
7.33
-0.67
-2.67
-1.0
1.33
5.0
1.33
-2.33
5.0
4.67
2.33
2.67
1.33
-3.0
7.67
-1.33
7.67
6.0
-2.33
5.67
5.33
2.0
-5.67
2.33
2.33
-2.0
3.67
-4.33
0.67
8.33
3.67
0.33
2.33
3.0
3.0
5.0
0.67
-1.67
3.0
1.67
1.67
3.0
2.67
-7.33
-4.33
7.33
3.0
-1.67
3.0
3.67
4.67
-3.0
2.33
-3.33
1.0
4.67
-0.33
10.33
5.33
1.0
6.33
10.33
3.67
1.33
13.0
-0.33
2.67
11.0
3.33
1.67
4.0
1.33
0.67
-3.67
3.0
8.67
0.67
-2.33
0.67
1.67
2.33
4.33
-3.67
2.33
4.67
6.67
9.0
2.67
1.33
6.67
6.0
2.0
-3.0
4.33
4.67
4.33
3.33
2.33
-0.33
2.67
3.0
9.67
5.0
1.33
3.33
6.33
3.33
-2.0
2.67
-3.67
-4.0
1.0
-1.67
4.0
6.33
-6.33
-0.33
-1.67
-1.67
3.0
0.67
-4.67
-1.33
0.33
-1.67
2.67
1.0
5.0
0.33
2.33
5.33
4.67
-2.33
2.33
-1.67
3.33
-3.0
6.0
2.33
5.0
1.33
5.0
1.67
-1.0
0.33
1.67
-2.67
2.67
-2.0
3.0
-0.33
0.33
5.0
-2.0
0.67
1.33
-3.67
5.67
4.0
2.0
-2.33
3.67
5.0
0.0
1.67
-5.0
1.0
0.33
4.0
2.33
1.33
3.67
0.67
6.67
-1.33
2.67
6.33
1.0
-1.0
1.33
6.67
2.67
-3.0
1.67
2.0
-3.0
-3.33
2.33
0.33
1.67
-4.0
1.67
-0.33
4.0
1.0
2.67
1.33
1.67
0.33
1.33
-1.67
3.67
0.67
-1.0
7.33
-3.33
2.67
3.67
4.33
1.33
-1.0
-2.0
0.0
2.0
4.33
-1.0
3.0
6.0
1.33
4.0
0.33
0.67
2.33
-2.0
-1.0
-1.67
4.67
3.33
3.0
2.33
0.67
1.67
0.67
7.0
-1.67
5.67
1.67
-0.33
-1.67
-2.0
6.0
4.33
0.67
-0.33
0.33
1.0
2.67
1.67
1.67
2.0
2.33
5.0
3.0
2.0
-2.33
3.0
-2.0
-1.0
-0.33
-3.33
2.67
-4.67
-2.67
2.33
4.0
2.67
-1.67
1.67
1.67
-1.33
6.67
2.33
0.67
-1.0
4.67
-1.33
3.33
-1.33
2.33
1.33
6.0
-1.0
1.0
4.33
1.67
-0.33
2.33
0.0
-2.0
3.67
2.33
-1.0
-5.33
-0.33
0.33
-2.0
-1.67
-0.33
1.33
-0.33
4.0
-0.67
0.33
-0.67
2.67
-1.33
-1.67
1.0
0.67
-3.0
0.0
-1.67
-1.0
-0.67
-1.0
2.33
-6.33
0.67
2.33
2.0
2.33
3.67
2.0
0.0
-0.67
1.67
-0.33
-6.33
2.33
1.67
-4.67
-1.67
-5.0
-2.33
3.67
0.0
1.0
3.0
-0.33
0.0
1.67
-0.67
-1.0
1.67
-0.33
-2.33
2.33
0.33
1.0
-2.0
2.33
5.67
-0.67
3.0
4.33
-3.33
4.33
2.0
-3.67
0.67
2.67
2.33
2.67
-4.0
3.33
-4.0
-1.33
3.67
0.67
-0.67
-2.33
-2.0
0.0
-5.33
5.0
-1.33
-2.33
-2.0
4.33
4.67
-3.0
-4.33
1.67
5.67
6.67
2.0
2.33
-3.33
1.33
-3.33
2.33
-3.0
4.67
3.0
-2.0
2.0
3.0
2.33
-0.33
6.67
-3.0
1.67
1.33
0.67
-7.0
-3.0
-1.67
-1.67
1.67
3.0
3.67
-2.67
-1.0
10.0
6.0
-3.0
-0.67
-0.33
1.0
-2.33
0.67
-0.67
-1.0
1.0
0.0
1.33
1.33
1.67
5.0
-2.0
-2.0
2.33
3.67
-4.0
-2.33
1.0
-1.67
-4.33
3.0
-2.0
2.0
1.0
1.0
7.0
3.67
6.0
-6.33
0.33
-0.33
3.33
-4.33
-2.67
2.67
-2.0
2.67
-2.67
-3.33
-3.67
-0.67
1.67
-6.33
2.67
-2.67
-0.33
5.0
1.0
-3.33
10.0
9.0
7.0
0.0
5.0
3.0
2.33
5.67
6.67
15.33
7.67
9.0
5.67
13.0
16.67
8.0
16.67
24.67
24.0
15.33
22.67
16.33
18.67
28.0
10.33
16.33
13.33
14.67
17.0
9.33
14.0
12.0
13.0
11.0
11.0
-2.33
5.0
7.67
5.33
-2.0
3.33
0.0
-5.0
6.67
4.33
-3.0
9.0
4.0
-5.67
5.33
1.0
-0.67
4.0
4.67
-1.67
4.33
4.33
5.67
3.33
1.33
9.0
1.33
-2.67
-1.33
-0.33
7.0
2.33
5.33
4.33
4.33
4.67
4.0
-1.0
2.67
-0.67
4.67
2.67
9.67
-2.67
1.0
-1.67
5.0
7.0
8.0
-1.33
-1.33
7.0
2.33
8.67
3.0
3.67
-4.67
-1.0
-1.33
0.67
-3.67
-2.33
-6.0
3.0
-1.33
2.0
0.0
0.33
0.33
2.33
3.67
0.67
5.0
2.67
2.33
4.33
1.33
7.33
8.33
-0.33
11.67
0.67
-0.33
9.67
4.67
7.33
3.0
6.67
5.0
4.33
0.33
-8.33
3.0
0.33
1.33
-3.67
2.67
7.0
3.33
-1.33
-1.0
3.0
-2.67
7.67
6.0
4.67
-2.33
3.67
3.0
1.33
5.0
0.33
-6.0
7.33
10.0
-2.33
7.67
-3.0
1.0
-5.67
1.67
9.33
-2.33
1.67
15.0
1.67
3.33
7.67
-3.33
5.0
-2.67
-0.67
-5.33
6.33
3.67
-2.0
4.33
-1.0
7.67
9.0
-8.67
4.33
1.67
-2.33
-0.67
3.67
6.67
0.67
-2.0
3.67
5.33
3.33
6.0
1.67
-2.33
6.0
-0.67
6.33
4.0
-1.0
-1.0
-0.33
1.0
-0.67
0.0
4.67
-4.33
4.67
-1.0
3.67
10.33
-1.0
5.0
1.0
-1.33
0.67
4.33
-7.67
5.67
3.0
-1.0
4.0
4.67
9.67
8.67
-2.67
4.67
9.0
5.33
-2.0
-2.0
9.67
4.0
8.0
12.67
2.0
12.33
13.0
16.67
15.0
9.0
9.33
12.33
26.67
12.0
18.33
19.0
19.0
11.67
17.33
21.67
18.33
20.33
10.0
20.0
10.0
14.0
16.33
16.67
12.67
6.33
7.67
27.0
5.33
15.33
15.67
6.67
9.0
11.67
15.0
7.0
-0.33
6.0
-0.33
10.67
10.0
10.0
4.0
7.0
6.0
13.0
11.0
10.33
5.0
1.0
7.33
4.67
1.0
3.67
6.33
14.33
1.67
12.67
-1.33
11.33
3.0
11.67
2.67
9.67
9.33
11.67
2.0
12.67
10.0
12.67
6.0
8.33
7.33
3.67
10.33
-1.67
1.67
7.0
3.67
10.67
4.0
1.67
5.0
12.33
8.0
4.0
10.67
8.33
1.33
11.0
9.0
10.33
12.33
7.33
5.0
12.0
5.33
9.0
9.67
6.0
5.0
-1.0
9.0
6.33
7.0
11.67
5.67
15.0
12.33
9.67
-1.0
6.67
9.67
7.67
17.0
8.0
9.0
16.67
2.33
-1.0
16.67
24.67
22.0
8.67
6.33
10.67
19.0
9.0
17.0
12.67
15.67
10.0
0.67
10.0
3.0
19.67
7.67
11.0
6.33
4.67
9.33
7.67
15.67
14.0
6.0
14.67
10.33
-3.0
-3.67
21.0
16.0
9.33
1.33
-9.0
10.33
17.67
1.67
9.33
8.0
20.0
10.67
-1.33
13.67
4.33
8.0
7.67
13.0
16.33
0.67
4.33
8.67
10.33
-4.67
10.33
2.33
5.33
17.33
16.0
7.67
14.33
9.33
8.0
8.0
7.67
12.67
8.0
15.33
12.0
4.67
5.0
9.67
4.33
18.67
5.33
17.67
0.33
18.0
10.0
13.0
11.67
8.0
6.33
8.0
3.67
7.0
4.0
4.0
11.33
5.67
11.67
4.33
11.67
10.67
9.67
14.67
10.33
4.33
21.33
6.33
8.0
2.67
14.33
9.33
4.33
6.67
5.67
16.67
9.67
8.67
19.0
5.67
-0.33
10.0
15.67
11.67
14.33
6.0
18.33
18.0
13.0
5.33
12.67
13.67
12.67
7.0
0.0
11.33
16.0
14.0
15.33
14.67
9.33
3.33
8.0
29.33
21.0
13.0
10.0
16.33
35.0
27.0
15.33
3.0
14.33
7.67
12.0
12.33
18.67
18.67
10.67
19.33
37.67
26.33
12.67
28.33
34.0
27.33
37.0
42.67
26.67
32.67
37.33
63.33
55.0
56.33
76.0
59.33
76.0
76.33
105.33
99.33
93.67
79.33
100.33
106.67
100.33
93.0
99.33
93.67
89.67
89.33
68.67
83.33
68.67
69.67
62.0
46.0
42.33
34.33
35.33
20.67
20.67
33.0
23.67
24.0
28.33
15.67
8.67
11.33
7.67
15.67
10.0
23.0
17.0
6.67
14.67
5.67
11.0
9.33
7.67
1.33
26.67
-1.0
2.33
6.0
11.67
11.33
19.0
17.0
6.0
9.67
6.67
13.0
0.0
-1.33
4.67
12.0
12.33
14.33
4.67
6.67
11.0
14.0
9.33
6.0
-9.0
10.0
-1.33
19.0
-2.33
8.0
9.0
15.67
4.0
8.0
-2.67
17.33
5.67
5.67
6.67
4.33
-2.33
11.67
15.33
5.33
22.0
9.0
20.67
13.0
9.0
8.33
4.33
0.33
13.0
5.0
2.33
25.33
16.33
1.33
24.67
9.0
15.0
5.67
-2.33
14.33
9.33
12.67
14.0
14.33
14.0
18.33
11.0
6.33
7.33
6.0
8.33
3.33
18.0
12.33
9.0
22.67
1.0
10.67
9.0
2.67
2.67
-2.0
6.67
0.0
25.33
5.67
24.67
17.67
3.33
19.0
5.67
13.0
9.33
20.67
20.0
11.67
8.33
3.0
6.33
6.67
20.33
4.0
12.0
7.33
4.33
5.0
8.0
11.0
3.67
11.67
2.0
4.67
12.67
0.0
6.0
0.67
7.67
5.33
-3.33
11.67
7.0
-1.0
17.33
14.33
-3.0
7.33
0.33
10.33
5.67
10.33
1.0
3.67
5.0
5.33
10.0
18.67
-6.67
18.67
10.33
4.33
9.0
11.0
15.0
15.67
9.33
16.33
3.67
20.67
26.33
13.33
14.0
28.67
20.33
28.33
15.67
35.0
26.33
22.33
33.0
19.67
23.0
24.33
24.67
37.0
35.33
15.67
27.67
19.0
34.0
37.67
10.67
32.33
37.33
25.0
30.67
27.33
19.33
13.33
19.67
8.67
11.67
16.0
17.33
23.33
14.67
6.33
5.33
1.67
14.33
7.0
3.67
5.33
9.67
14.33
-1.0
21.67
10.0
1.0
6.33
11.0
1.67
7.0
15.33
8.0
15.67
-0.67
7.33
-4.33
15.0
0.33
7.67
16.67
15.0
12.33
3.33
16.33
7.33
8.0
7.0
12.0
2.33
0.33
0.67
7.67
10.33
10.0
0.33
10.0
10.33
5.67
8.67
10.67
-1.33
-4.33
6.33
10.33
12.0
11.67
10.0
2.0
2.33
13.67
10.33
1.67
-0.33
17.0
0.0
4.0
3.0
4.0
10.67
20.33
4.33
-3.33
15.33
14.33
5.0
17.67
0.33
9.33
-1.0
4.0
13.67
9.0
10.67
5.0
3.33
18.0
12.67
8.67
0.33
6.0
7.33
-6.33
9.67
0.67
7.0
5.0
15.67
8.67
11.33
10.33
-0.67
-1.67
11.0
0.33
-1.67
10.67
1.67
24.0
8.67
-7.0
10.0
-4.0
12.0
-1.33
2.67
-1.33
8.33
0.0
-6.33
13.0
3.33
3.0
-5.67
5.33
11.33
0.0
10.33
4.33
7.0
10.0
-2.33
-8.67
-3.0
5.67
8.0
14.33
9.67
17.67
-2.67
-1.67
8.33
2.33
2.33
4.67
2.0
-9.0
-1.33
-5.33
3.0
3.33
-0.67
8.67
20.67
0.67
1.0
10.67
0.33
12.67
5.67
11.0
-3.67
18.33
-2.67
8.67
3.0
-9.0
-0.33
-6.33
0.0
12.0
7.33
14.0
-15.0
2.0
-12.33
-2.33
0.67
-1.0
12.0
10.33
-7.33
8.67
-6.67
-3.33
3.67
0.33
-1.0
2.0
8.33
8.67
1.67
-2.33
-3.67
6.67
1.67
3.33
-1.67
6.0
3.33
-2.67
5.67
6.33
5.67
15.67
4.67
7.0
9.0
6.0
-7.67
10.0
8.67
12.0
6.33
5.33
13.33
9.67
13.67
15.0
12.0
3.33
-4.0
0.67
-0.67
7.0
0.0
2.67
0.67
6.0
5.0
3.67
-2.33
-1.67
1.0
7.0
10.33
1.33
8.0
4.33
0.67
0.67
-1.33
-1.67
-3.67
-3.67
-2.67
-7.67
10.0
4.33
5.67
-1.67
5.0
-5.0
1.67
5.33
1.33
2.67
2.33
1.33
14.67
-1.0
4.33
-9.33
-0.33
13.33
7.0
0.33
2.33
0.0
0.0
7.67
-1.0
6.67
-0.67
8.33
15.33
4.0
9.33
1.67
-5.67
4.67
-1.0
0.0
2.67
4.67
2.67
3.33
6.67
2.33
7.67
-1.0
8.0
7.33
4.0
4.33
5.0
3.33
-0.33
2.67
11.67
2.33
-1.0
-15.0
1.0
5.67
-4.33
-2.33
0.33
7.0
-2.67
1.67
5.33
4.33
7.33
3.0
3.0
0.67
-8.0
-1.0
-0.67
1.67
-1.67
-2.67
-0.67
1.33
0.67
-0.33
3.33
-7.0
5.0
2.67
-1.0
-2.33
2.33
-2.67
1.33
2.0
4.0
2.0
-1.33
-2.67
7.33
-0.67
2.67
9.67
-2.0
-5.33
-2.67
0.33
-0.67
6.0
2.0
4.33
-1.0
2.67
3.67
-1.0
2.33
8.67
3.67
3.0
0.0
-2.67
1.67
5.33
2.67
6.0
-1.67
7.33
6.33
9.67
-2.0
5.33
3.67
8.0
5.67
10.67
-2.0
3.0
3.0
1.67
-0.67
0.33
-2.0
0.67
5.33
8.33
3.0
-1.33
12.0
3.67
2.33
-2.0
7.33
1.33
0.67
-0.67
4.33
3.0
7.0
3.33
-2.33
-2.33
0.67
4.0
-1.67
-0.67
2.67
1.33
-7.0
6.33
4.33
4.67
-3.0
1.33
4.33
8.67
2.67
3.67
-2.67
14.0
5.33
3.67
-1.0
-5.33
-3.67
0.0
-2.0
-3.33
9.33
6.33
-5.67
-0.33
-2.67
0.0
5.33
1.33
-2.67
-2.67
-2.33
0.67
3.0
1.0
0.33
6.0
-1.0
0.33
6.67
3.33
0.33
-3.33
1.0
-1.33
1.0
4.33
3.67
5.0
0.0
-9.67
4.67
1.33
-2.33
-3.0
5.67
1.67
-2.67
-1.0
1.33
3.0
2.33
0.0
1.0
-1.67
2.33
0.0
1.0
3.67
1.0
-4.67
4.33
0.0
3.0
-2.33
-0.67
4.33
2.0
-0.33
-2.67
0.67
5.33
-5.33
7.33
3.0
3.67
5.67
2.0
4.33
2.0
7.67
-2.67
-4.33
7.0
-2.33
3.33
-2.67
-2.67
4.33
0.33
1.33
-0.67
