0.0
-16.67
20.0
-12.67
12.33
-28.0
4.67
25.33
122.67
-29.67
63.33
72.0
14.67
41.33
33.33
43.67
-10.33
-1.33
39.33
11.0
20.0
-17.0
7.0
-2.33
9.33
22.0
-6.33
15.0
-3.0
-12.33
-12.33
-0.67
-3.0
0.0
-0.33
-4.33
0.67
-3.67
-0.67
-2.0
-1.0
-0.67
1.0
0.0
0.0
0.0
-1.33
-0.67
-0.67
0.0
-1.33
-0.67
-0.33
0.0
0.0
-0.67
0.0
-0.67
0.0
-0.33
1.0
0.0
-0.33
-0.33
1.0
-0.67
-1.0
0.33
0.0
0.0
1.0
1.0
0.0
0.0
-0.33
-0.33
1.0
-0.33
0.67
0.0
-0.33
-0.67
1.0
-0.67
-0.33
0.33
-1.0
-0.67
0.0
1.67
-0.67
-0.67
0.0
-1.33
-2.33
1.67
0.0
0.0
-1.0
1.33
0.33
0.33
1.0
0.0
1.0
-1.0
0.67
2.0
3.0
2.0
0.0
0.0
-2.67
0.67
2.67
1.33
0.0
0.67
1.33
0.33
-0.33
-0.67
4.0
3.33
-2.0
-3.67
3.0
3.0
4.33
8.67
3.0
0.67
-0.67
6.33
7.67
6.67
-3.67
6.67
5.33
1.0
0.67
-2.33
-1.0
-4.67
-5.33
-1.67
-2.33
4.0
2.33
1.67
1.33
4.0
12.67
0.67
-0.33
-3.33
-1.67
0.0
3.0
-4.0
4.33
3.67
2.0
1.0
-2.67
-0.67
4.0
1.33
8.0
-1.0
9.67
-3.0
-0.67
11.67
-0.67
2.33
-0.33
4.0
-3.33
-1.67
-1.33
2.67
-0.33
-4.67
8.0
2.67
-0.33
-5.0
1.33
3.33
3.33
2.0
0.0
5.67
5.0
3.67
3.67
2.67
9.0
2.33
-0.67
5.0
1.0
6.67
-3.67
5.67
5.0
-3.33
4.67
0.33
0.67
2.67
2.33
10.67
3.33
2.67
1.0
-1.67
2.0
4.33
6.67
-1.0
-3.0
-3.33
10.0
-6.67
-1.0
1.67
-0.33
4.0
0.33
-2.0
3.33
-2.33
0.67
3.33
2.33
-0.67
7.67
7.67
-3.67
4.0
3.33
-5.33
-1.33
-2.67
0.33
-1.0
0.33
7.33
7.33
6.33
7.67
-2.33
6.67
2.33
1.0
3.33
1.67
1.33
7.67
3.0
8.33
2.33
-0.67
7.67
2.33
-7.33
6.0
-0.33
3.67
1.67
-1.67
0.67
-1.0
-2.67
3.33
2.33
4.0
2.33
4.33
7.67
1.33
4.33
5.67
-1.67
7.33
3.33
0.33
7.0
10.0
-0.67
2.0
0.67
4.0
4.0
11.0
-5.67
1.33
6.67
0.33
0.33
1.33
2.0
1.67
2.67
4.33
-1.33
0.33
6.33
6.67
-6.67
5.67
3.67
2.0
2.67
7.0
0.67
1.67
7.33
8.0
5.0
6.67
7.0
2.0
4.33
0.33
-0.67
1.0
-2.67
0.0
1.33
9.67
7.0
0.67
10.33
13.67
2.33
5.0
0.67
6.67
1.67
5.0
3.67
0.67
6.33
4.0
4.33
8.33
-2.67
0.0
2.67
3.67
2.67
1.33
8.67
2.33
2.33
1.0
-2.0
-1.0
1.67
-1.67
6.0
6.67
3.67
-7.0
5.67
0.67
1.67
1.33
3.0
0.33
4.0
5.67
10.67
7.0
-1.67
0.67
6.0
6.67
-3.33
2.33
5.33
1.0
11.33
6.33
3.67
4.33
0.0
6.67
0.67
7.0
4.33
8.67
0.0
-0.67
7.67
-6.67
3.0
1.67
3.67
1.67
4.67
2.67
1.33
-6.67
1.33
0.33
-1.33
4.67
1.0
-0.33
-0.67
-3.33
5.0
1.0
5.0
-3.67
-2.33
1.33
-0.67
1.33
-5.33
-5.33
-1.0
4.67
1.0
3.33
2.33
-0.67
-4.67
1.0
3.67
-0.67
4.0
9.0
-1.67
1.0
0.33
-0.33
4.67
-1.67
3.33
0.0
5.67
6.33
-2.33
0.33
4.33
2.67
6.0
4.0
-2.67
2.33
-2.67
4.67
4.67
9.33
-2.67
4.33
0.0
4.0
3.33
4.0
1.33
-1.0
-0.33
-1.0
1.33
2.67
-1.67
-2.33
2.0
2.0
-1.33
-1.67
-2.0
2.0
-0.33
0.33
7.33
4.67
3.0
4.0
5.67
0.67
5.0
5.0
2.67
2.0
3.0
3.33
0.0
2.33
4.33
-0.33
1.67
-1.33
3.67
3.67
6.33
0.0
2.0
0.33
-2.33
-0.33
-2.0
2.67
5.0
-3.0
-2.33
-2.67
-0.67
2.67
5.0
0.67
-1.33
1.0
1.0
3.67
-1.67
1.67
1.33
1.33
-1.67
0.67
4.67
-2.0
2.33
-1.33
1.67
2.67
-1.67
1.33
1.0
1.0
1.0
2.0
-4.67
3.0
1.0
3.0
-4.67
2.0
1.33
1.67
2.33
3.0
4.0
2.33
1.67
0.33
0.0
2.33
1.67
2.67
5.67
5.0
0.33
4.67
3.67
2.67
2.33
0.0
-1.0
4.33
-0.33
-2.33
1.33
3.0
-0.33
2.67
5.67
7.0
2.33
7.0
-2.0
0.0
-3.33
-1.0
5.0
8.0
4.67
0.67
4.67
-1.67
0.33
0.33
6.0
3.67
-2.67
1.67
-2.33
-2.33
-1.33
0.33
0.67
0.0
-0.33
0.67
0.33
-0.33
7.33
-2.67
3.0
-3.0
0.0
1.33
-0.33
0.67
1.33
1.0
0.0
0.67
2.33
1.0
1.67
0.67
0.33
-1.0
-1.67
-0.33
4.33
1.67
0.0
4.33
1.33
0.33
-0.33
-3.33
-1.67
0.0
2.67
0.0
0.0
2.33
-2.0
4.33
1.0
2.33
-0.33
4.67
2.33
3.0
-2.67
8.67
2.0
1.0
3.33
4.67
-3.33
-6.33
4.33
3.67
-4.67
3.33
-1.0
0.67
3.67
-4.0
-1.0
2.0
1.67
1.0
1.67
2.33
-7.0
3.67
5.67
1.67
3.33
-5.67
0.0
1.0
2.33
3.67
0.33
-1.0
-3.67
-3.33
6.33
1.0
-5.67
-0.33
-0.33
3.33
-0.33
-4.0
6.33
2.0
2.67
0.67
3.67
-0.67
-1.33
-2.0
0.0
-4.33
0.0
-5.33
-0.33
2.0
-0.67
1.67
0.0
-0.33
2.67
-2.33
7.67
-1.0
0.33
-2.33
0.33
-6.33
11.33
1.0
1.67
-3.0
1.0
4.0
-1.0
0.33
-1.33
2.67
-3.0
-4.33
7.33
-0.33
-1.0
1.0
-0.67
0.33
-2.33
-3.0
-3.33
-4.67
-4.0
4.0
8.0
2.0
-0.67
0.67
1.0
-1.33
-0.33
-3.67
-2.0
-5.0
1.0
-1.67
2.33
3.67
2.0
-7.0
3.0
0.33
5.67
-3.0
-0.33
1.0
-0.67
1.67
-2.0
-4.0
-2.0
9.0
3.0
-1.0
0.67
-1.0
-0.33
-3.67
-0.33
3.33
-0.33
3.33
2.67
0.0
0.67
-1.67
-5.33
-1.67
-1.67
6.67
-5.33
0.67
2.33
4.67
0.0
-1.0
-1.33
6.0
6.0
4.0
6.0
4.0
9.0
2.33
0.67
16.67
17.33
7.67
11.0
11.67
30.0
18.67
12.0
22.67
22.67
17.0
20.33
19.67
25.33
36.67
25.0
23.33
28.33
12.33
25.67
3.0
16.33
26.0
15.0
13.0
13.0
6.0
7.67
4.0
6.67
-3.67
-1.0
3.33
-1.0
3.0
1.67
0.33
9.0
1.0
7.0
0.33
6.33
0.0
-2.67
1.0
-4.33
7.33
7.33
4.33
-0.33
5.33
2.33
1.0
-0.67
2.33
0.67
4.67
9.0
-0.67
-1.67
1.33
5.33
0.67
4.0
1.0
5.67
3.33
0.67
7.67
2.67
-1.67
-1.0
4.33
3.0
12.0
0.0
-2.33
0.67
2.0
6.33
1.67
-2.0
3.67
-1.67
4.0
0.67
-4.33
-2.67
2.67
-1.0
4.0
2.67
4.0
-1.0
5.33
3.33
-0.67
9.67
1.67
5.0
2.67
-5.67
6.33
4.33
7.33
6.33
0.67
9.67
-3.33
7.67
-1.33
0.67
-0.67
6.0
-0.33
7.0
-2.67
1.33
-8.33
0.0
7.33
3.33
5.33
9.67
7.0
5.33
2.67
-1.0
-2.0
2.33
8.67
4.0
5.67
-2.33
4.67
2.0
5.33
2.0
5.33
3.0
9.33
-4.0
-6.33
5.67
-3.0
-8.0
0.33
5.67
9.33
8.67
-1.33
6.0
-5.33
4.33
11.67
-0.33
2.0
-0.67
3.33
-4.33
1.33
-1.33
2.0
-1.67
-1.0
-4.33
0.0
-6.67
3.33
-2.33
-5.33
6.33
3.67
2.67
-0.33
-2.0
-0.33
6.33
2.33
0.0
3.67
-2.33
0.0
2.33
2.33
0.0
1.0
5.0
8.67
4.0
-1.67
4.0
1.67
0.67
-0.33
-2.0
0.67
-2.67
1.0
3.0
-3.0
-4.33
-7.33
6.33
-5.67
0.67
3.0
-4.0
9.0
7.67
1.67
7.67
-3.67
3.67
13.0
6.33
2.0
7.0
4.67
2.0
-2.0
1.67
8.0
4.33
7.0
10.67
20.0
14.0
15.33
10.33
15.67
9.0
7.33
8.0
20.0
16.67
23.33
18.67
17.33
16.33
20.0
12.0
9.0
16.0
20.33
12.67
9.67
19.33
11.67
17.0
-0.67
6.33
16.67
-1.33
11.0
10.67
17.0
11.0
9.67
0.0
2.67
3.67
17.0
-1.0
6.0
3.0
3.0
4.0
10.0
7.33
14.0
4.0
5.33
8.67
11.0
-2.33
7.33
10.33
0.67
4.67
2.67
11.33
12.0
9.67
8.67
10.67
15.33
3.67
6.0
4.67
5.0
-1.33
-1.0
23.33
-0.67
5.67
3.33
0.33
10.67
7.0
3.67
18.67
11.0
3.67
11.0
4.33
10.0
19.0
6.67
2.33
10.33
9.0
8.0
5.33
9.33
1.33
7.0
10.0
8.33
10.0
11.67
10.0
11.0
8.0
10.0
14.33
-1.0
5.67
13.67
7.0
17.33
-0.33
8.0
7.67
8.67
4.67
8.0
6.0
15.0
15.67
6.33
13.0
11.67
9.67
4.0
0.67
1.33
7.67
15.0
11.0
3.0
9.67
11.67
-4.0
4.67
15.0
23.0
17.67
14.67
16.0
0.33
7.67
14.33
5.67
3.67
11.0
9.0
6.67
5.33
14.0
1.33
-2.0
5.0
1.33
15.33
12.0
11.33
23.67
14.67
16.33
0.0
18.0
6.67
9.67
16.67
9.33
15.0
13.67
7.0
17.33
6.67
7.33
14.67
5.33
9.33
1.33
5.33
7.33
9.33
16.0
6.67
1.33
3.33
4.0
9.0
20.67
14.67
10.0
10.33
10.0
16.67
-1.0
15.67
-6.67
14.67
8.33
7.67
10.33
9.0
3.0
10.0
12.67
14.0
10.33
21.0
12.67
7.0
10.0
13.0
-2.67
6.67
8.67
22.33
14.67
4.67
5.67
14.67
7.33
7.33
11.33
7.33
14.0
7.67
7.33
14.33
7.33
-0.33
11.67
9.67
5.67
11.67
3.0
4.67
10.67
2.0
13.67
5.67
8.33
6.0
8.33
7.0
10.0
7.33
11.67
0.67
8.67
12.0
16.0
13.33
15.0
13.0
17.33
16.67
11.33
15.33
16.0
24.33
17.0
21.0
4.0
12.33
16.0
17.0
31.33
19.0
25.33
25.67
21.0
8.33
17.67
16.67
24.67
18.33
17.67
27.33
19.67
18.33
27.0
34.33
31.0
42.67
37.67
33.67
46.33
54.33
67.0
65.33
68.0
78.33
83.0
89.33
92.33
95.33
93.67
90.33
107.33
77.67
78.33
103.0
97.33
100.67
93.67
105.33
81.67
76.33
78.67
69.67
80.0
46.0
45.33
44.33
43.33
36.67
34.67
27.0
11.67
22.0
14.33
23.67
9.67
12.33
32.67
16.67
14.0
11.0
17.0
23.67
17.67
8.67
12.0
20.33
8.67
-1.67
8.67
4.0
6.33
18.0
9.67
4.33
16.0
9.0
13.0
13.67
12.67
17.0
5.0
0.67
20.67
4.0
19.33
8.33
-3.33
7.67
13.0
14.0
10.33
7.0
14.0
2.0
-0.33
6.0
5.67
6.0
3.0
21.67
3.0
10.0
21.33
15.33
14.67
3.67
7.67
-0.67
7.67
14.67
12.33
9.33
4.0
12.0
13.67
11.0
12.0
11.33
2.33
8.33
14.0
10.0
6.33
16.33
0.33
12.33
10.67
23.0
11.0
13.67
14.67
1.33
15.33
-1.33
-7.0
22.33
20.0
14.33
22.0
4.33
12.33
4.0
1.33
19.33
11.0
17.33
9.0
9.67
19.0
5.67
8.0
11.67
10.67
13.0
11.67
15.0
6.33
7.67
10.67
10.67
9.33
8.0
18.67
0.0
-1.67
9.67
13.0
10.67
8.33
5.0
13.33
8.67
4.33
8.0
8.0
18.33
1.33
12.0
13.0
0.0
7.67
5.67
16.0
1.67
11.67
0.0
10.0
11.67
3.67
-3.67
-5.33
2.67
5.0
16.0
1.33
1.33
3.0
16.33
7.33
18.33
7.67
12.33
5.0
7.67
5.0
-1.67
9.0
13.67
12.33
11.67
10.33
16.33
11.0
8.0
0.0
19.67
10.33
14.33
11.67
7.67
13.33
20.33
21.0
23.67
23.33
22.33
26.67
27.0
35.33
38.33
21.0
39.67
42.0
37.33
28.67
37.0
28.33
35.67
42.67
20.0
37.0
38.67
27.67
22.33
20.33
18.0
30.67
26.33
16.33
22.33
13.67
4.67
12.67
21.0
7.33
13.33
7.67
3.33
8.33
8.67
12.33
9.0
9.67
-0.67
-4.33
-1.67
4.0
1.67
-14.0
7.0
-4.67
0.0
-7.33
1.0
13.33
5.0
7.67
-0.67
4.33
13.67
6.0
12.33
4.67
11.67
5.0
24.33
-0.67
10.33
6.33
11.0
0.0
8.0
6.33
2.33
-4.33
8.67
12.33
16.0
0.33
4.0
5.33
19.67
11.67
14.67
5.67
2.67
9.33
12.33
13.0
11.67
-6.0
4.0
8.33
2.67
8.33
11.67
1.67
1.0
7.0
13.0
5.0
9.0
5.67
6.33
10.33
-4.33
0.33
7.33
9.0
11.67
10.33
12.33
14.0
3.0
1.67
12.0
9.67
7.0
12.33
12.0
-0.33
6.67
6.33
12.0
-4.67
9.67
8.67
17.67
4.0
8.0
8.67
15.67
2.33
7.33
-0.67
10.33
5.0
21.33
14.33
16.67
0.67
15.0
-1.33
-1.0
-6.0
2.0
8.0
-5.33
-8.33
16.67
8.33
0.0
-6.33
6.0
4.33
7.0
-6.67
8.33
8.33
2.0
7.33
8.33
6.0
-3.0
-7.33
8.33
9.0
12.67
1.0
0.33
0.67
5.67
9.33
1.33
-6.67
10.33
1.33
8.67
17.0
-6.0
0.67
-5.33
-4.0
-1.67
-3.67
3.67
-0.33
-0.33
0.0
8.67
-12.67
9.67
-0.33
8.0
-3.67
19.33
8.33
9.67
-9.0
-6.0
-0.33
-0.33
6.0
-6.0
11.33
1.0
1.0
-2.0
-0.33
-6.33
5.67
-4.0
12.0
4.33
9.67
14.67
11.33
7.67
12.67
-1.67
5.0
8.0
0.33
7.67
6.67
2.67
2.33
8.67
0.67
4.33
0.33
2.0
7.33
13.33
8.67
6.33
3.67
2.67
10.67
-3.0
7.0
8.0
6.33
3.0
11.67
11.0
-6.67
2.33
7.33
12.67
9.67
7.0
5.0
-1.67
-3.0
7.67
-0.67
5.0
2.0
0.67
-4.33
-2.0
4.0
3.67
-4.33
-1.67
5.0
3.0
-5.67
4.33
10.0
6.33
0.67
-3.33
0.67
5.33
10.33
1.33
2.33
-4.67
14.0
5.33
5.67
1.33
2.0
-5.0
-6.33
-4.67
2.33
-3.33
-7.67
3.33
7.67
11.0
-2.67
-11.33
4.67
1.33
5.0
16.33
-8.67
6.0
2.0
-1.33
-4.0
12.67
3.33
7.33
-2.67
-2.0
-2.67
6.67
3.33
1.67
0.0
0.0
6.67
5.67
6.67
6.33
7.67
6.33
2.67
-2.0
7.0
3.33
5.0
6.33
6.0
5.33
7.67
7.67
-7.33
8.33
-7.0
0.0
2.0
3.67
1.67
-3.33
1.33
-2.0
8.33
-1.33
-3.67
3.33
6.33
1.0
0.0
14.67
2.0
9.0
-1.67
-4.33
1.33
-2.67
-4.67
-5.67
13.67
-5.33
7.33
-1.0
-4.0
1.67
-7.0
-5.33
6.33
-5.67
1.33
4.0
2.0
-6.0
0.67
0.33
2.33
8.33
-2.33
-1.33
5.0
-3.33
6.33
3.33
3.33
1.0
2.0
2.33
10.0
2.67
5.67
-4.0
-3.67
2.67
1.67
6.0
10.0
1.33
-2.33
5.33
1.67
2.0
5.33
8.33
3.33
1.67
-4.0
-0.67
3.67
3.0
3.67
2.67
1.0
3.0
5.0
3.67
0.33
1.33
7.0
5.67
5.33
-0.67
1.0
11.67
-3.0
3.67
2.33
-2.0
3.33
-0.67
10.67
-0.67
-2.67
-3.0
3.0
7.33
2.67
-4.33
-0.33
2.0
-2.67
-0.67
6.67
-2.67
-2.0
-0.67
8.33
-3.33
-2.0
8.33
0.33
4.67
7.67
2.67
2.33
4.0
3.33
5.67
-5.0
-4.33
-2.67
1.0
4.0
0.67
2.33
0.33
3.33
2.67
1.33
12.0
-2.67
4.33
-0.67
5.33
5.67
1.67
2.0
1.0
2.33
1.0
8.0
-0.67
9.67
-0.67
1.33
-4.33
2.0
1.67
-2.0
-3.67
-3.33
1.0
2.0
2.33
0.67
2.33
-2.33
5.0
7.67
-0.33
2.33
-1.0
4.33
-2.0
2.33
-1.0
5.0
2.33
0.33
6.0
4.0
3.67
2.0
5.33
-1.67
2.0
1.0
-0.33
-1.67
1.33
0.0
-3.33
8.33
-2.33
5.33
0.67
-6.67
7.0
1.67
2.67
1.0
3.33
-4.0
3.67
-0.67
3.67
2.0
-7.33
3.33
-3.67
-0.67
2.33
1.33
-4.67
1.33
