0.0
-23.67
30.0
28.33
-31.67
-20.0
46.67
11.33
25.67
-56.67
77.33
83.0
-68.33
-16.67
17.33
22.67
-17.33
-51.33
3.33
30.0
-28.0
10.0
-13.0
-9.33
-3.67
15.0
1.67
4.0
-10.0
-9.33
6.67
-2.67
-5.0
4.0
0.67
-3.33
-2.33
-1.67
1.33
-1.0
0.0
0.33
1.0
0.0
0.0
1.0
-0.33
-0.67
0.33
0.0
-1.33
-0.67
1.67
1.0
0.0
-0.67
1.0
-0.67
0.0
2.67
0.0
0.0
-0.33
-0.33
0.0
-0.67
0.0
-0.67
1.0
0.0
0.0
1.0
1.0
1.0
-0.33
0.67
0.0
-0.33
2.67
0.0
-0.33
-0.67
0.0
-0.67
-0.33
2.33
0.0
-0.67
1.0
-0.33
-0.67
0.33
0.0
-0.33
-2.33
0.67
1.0
2.0
-1.0
-0.67
1.33
-0.67
5.0
2.0
-1.0
-1.0
0.67
0.0
0.0
0.0
-1.0
-1.0
-1.67
2.67
2.67
1.33
1.0
4.67
2.33
-0.67
-1.33
2.33
-1.0
-1.67
-3.0
5.33
-1.0
1.0
0.33
-1.33
4.0
-1.33
0.33
-2.67
3.67
3.67
0.33
-1.33
-1.67
5.0
-0.33
-3.33
-3.0
-5.67
5.67
1.33
1.67
1.0
5.33
-1.33
6.33
-1.0
6.67
-0.33
2.67
2.67
6.33
5.0
7.0
-6.0
6.33
-4.33
8.0
5.0
2.33
3.33
-4.0
-2.67
6.0
-1.0
4.67
8.0
1.33
3.67
6.33
-5.67
-5.33
-5.0
2.67
-4.67
8.67
4.67
-2.33
-0.67
2.0
-0.33
6.67
-4.0
-3.67
6.33
0.33
11.0
7.0
4.67
3.0
3.67
0.67
8.67
-6.0
1.33
-0.67
6.0
1.0
6.67
-4.67
0.67
1.0
-4.33
10.67
1.33
2.67
-0.33
-4.67
5.67
7.33
0.67
6.0
-3.67
2.0
1.33
0.67
1.0
-5.0
9.67
4.0
1.33
5.0
7.67
-2.33
10.0
-2.67
0.0
1.33
1.67
0.67
-1.67
4.33
3.33
-1.33
0.67
2.33
7.0
-4.67
1.67
5.67
1.33
0.33
3.0
-2.67
4.33
4.33
6.33
8.67
1.67
-0.33
4.33
-2.0
1.33
6.67
1.33
-3.33
8.0
9.33
-1.67
8.33
-2.33
0.33
3.67
7.0
4.67
4.67
-2.33
9.33
0.67
-2.0
-0.67
8.33
3.33
1.0
7.33
4.33
2.67
6.33
8.33
5.67
-1.67
8.33
9.33
4.33
8.0
2.0
3.33
-1.0
3.67
5.0
-5.0
7.0
-3.67
-6.67
0.67
-4.67
3.33
1.33
-1.0
3.67
6.67
-3.67
-2.33
-0.67
1.33
8.67
-0.67
2.67
2.67
9.0
6.67
4.0
7.67
-2.33
-1.67
1.0
-2.0
8.67
-1.0
10.0
3.33
-0.67
-2.67
3.0
-5.67
4.0
2.33
0.67
3.0
3.67
2.33
3.67
-7.67
-6.0
-0.33
6.67
-2.33
3.0
0.67
1.67
0.33
-2.0
2.33
7.33
2.33
-1.0
-1.33
-0.33
0.67
-0.67
6.67
0.33
-2.67
1.0
1.0
7.0
3.67
-1.67
1.0
-4.33
3.67
-6.0
-3.33
-4.33
-0.33
4.33
5.0
-0.67
2.0
0.67
4.67
8.0
-1.67
0.67
5.0
4.67
4.67
8.33
2.33
6.0
1.33
3.33
2.67
1.33
-2.0
10.67
6.67
0.0
1.33
6.67
7.0
2.33
5.67
-0.67
1.0
10.67
-0.33
-1.33
0.67
-2.33
3.33
-2.67
1.33
-2.67
3.67
4.67
3.0
1.67
0.33
-0.33
3.0
2.0
5.0
2.33
2.67
3.33
5.33
-4.67
7.67
-5.33
0.0
4.67
12.0
-2.67
-2.67
7.33
-5.67
-2.0
4.67
4.33
3.0
1.0
-2.67
0.0
5.33
-5.33
-2.33
5.33
2.33
9.0
-1.33
2.33
-2.33
3.33
0.33
-1.33
-4.0
-3.0
-0.67
4.33
5.33
3.67
-0.33
0.33
-2.67
1.33
1.0
0.0
1.33
2.0
0.33
4.0
-1.33
4.0
1.33
3.67
-0.67
0.67
0.0
3.0
-1.33
2.33
2.0
1.0
1.67
-1.67
0.33
6.67
0.0
-2.0
-2.33
1.67
3.0
2.0
-2.33
-7.0
-6.0
-0.67
3.0
9.33
-2.67
3.67
-0.33
4.67
-0.33
-0.33
0.33
1.0
0.0
0.33
2.67
1.67
0.0
1.67
5.0
-3.0
3.67
4.33
1.33
2.67
-3.0
-1.33
2.67
9.0
-1.0
-1.33
1.33
5.67
0.33
1.33
-2.67
-0.33
-1.33
0.0
2.33
2.67
1.67
1.67
1.33
-3.67
7.0
4.0
6.0
-1.0
1.33
1.0
-3.0
1.0
-1.67
0.0
-0.67
4.67
-0.67
3.0
1.0
-1.67
-0.33
-0.67
0.0
1.33
6.67
-2.33
0.67
0.0
-2.67
-2.33
-3.33
1.67
-0.67
7.0
4.0
-0.67
-0.33
-2.33
-0.67
3.0
-4.33
-5.33
2.67
2.0
2.33
6.0
0.0
-4.0
-0.33
-3.0
1.0
0.0
3.67
-3.33
2.67
-0.67
-1.67
-0.67
-4.0
2.67
0.33
-1.33
0.67
1.67
0.67
2.33
-0.33
-2.0
4.67
-2.33
9.33
-2.33
0.33
-0.67
2.0
1.0
-3.0
2.33
0.67
-0.33
2.33
2.0
4.0
-4.33
2.33
-1.0
-3.33
0.67
-1.67
0.0
0.33
-4.33
2.33
-0.33
1.0
1.33
0.33
-0.67
0.67
-3.33
-0.67
0.0
-1.33
3.0
-1.0
-0.67
3.0
-1.67
2.0
0.33
7.67
0.67
-3.67
2.0
1.33
3.67
-3.0
-1.0
-0.67
1.67
-1.33
-0.33
1.33
2.67
-5.67
5.33
-1.0
-1.33
3.67
1.0
3.0
1.0
2.67
-2.0
-4.33
-0.67
-3.0
-2.33
1.67
-1.33
1.33
-5.67
1.0
3.0
-0.67
2.67
-1.67
5.0
-2.67
-0.33
0.33
1.0
-1.67
1.67
3.67
-1.67
0.67
-1.0
0.33
-1.0
-3.33
-1.33
-0.33
-0.67
2.67
3.0
-1.0
-3.33
1.0
-5.33
1.67
-1.0
2.33
8.67
-1.0
0.67
-3.33
3.67
1.67
-2.0
0.33
2.67
1.33
-9.33
5.33
-1.0
6.67
0.0
1.0
0.0
0.0
1.33
5.67
0.67
2.0
4.67
5.33
-1.33
-2.0
3.0
-2.67
0.33
1.67
1.0
4.67
3.33
0.0
1.0
7.0
-6.0
-0.67
-0.33
-1.0
-1.33
-0.33
1.33
1.0
-1.0
3.0
2.33
3.33
2.67
4.0
-2.0
-1.0
-2.67
7.67
-2.0
1.67
0.0
8.33
3.67
-4.0
-1.0
-6.0
2.0
1.0
5.0
2.67
-1.0
-0.33
2.33
-0.33
5.33
0.67
-3.67
4.67
5.0
-1.33
-3.67
-0.33
-4.67
-6.67
-4.33
-5.33
3.67
7.33
1.67
3.0
1.0
1.67
3.0
4.0
-2.0
9.0
6.0
16.0
3.33
10.67
9.67
13.33
13.67
12.0
17.67
24.0
16.67
21.0
33.67
25.67
35.0
25.33
20.67
15.33
31.67
28.0
26.33
22.33
20.33
16.67
22.0
16.33
18.0
15.0
19.0
7.0
9.0
10.67
11.0
9.67
2.33
6.0
5.33
-1.0
-2.0
8.67
1.33
10.0
8.0
10.0
-2.67
0.33
-5.0
13.33
5.0
3.67
-3.67
5.33
-2.67
6.67
2.33
3.33
2.0
10.33
1.33
10.67
10.67
1.0
-0.67
1.33
1.33
0.33
-0.33
4.0
-3.0
-0.33
-1.67
-1.33
0.67
1.67
2.33
5.0
2.33
7.0
3.0
2.0
-3.33
2.67
0.0
2.33
-3.33
7.0
3.67
-4.67
0.0
-0.33
0.67
-6.67
1.67
1.0
1.0
-1.33
0.0
3.0
0.33
1.33
-2.67
4.67
-1.33
2.0
3.67
-7.67
4.33
4.33
13.33
13.33
3.67
2.67
7.67
5.67
2.67
3.67
5.33
-6.0
0.67
7.0
2.33
1.33
-1.33
0.0
-2.67
0.33
0.33
6.67
-3.0
10.33
4.67
8.0
5.0
4.33
5.67
8.0
-2.33
3.67
2.67
10.0
8.33
4.0
3.33
-3.0
11.33
8.0
-1.33
11.67
-6.0
1.0
-6.67
4.67
2.33
-2.33
1.67
1.0
1.67
5.33
10.67
-3.33
2.0
3.33
-2.67
0.67
4.33
5.67
1.0
11.33
3.0
0.67
-3.0
-0.67
-3.67
1.67
5.67
3.33
1.67
0.67
0.67
0.0
4.67
0.33
1.33
-6.0
3.67
-1.33
1.0
7.33
2.33
11.0
-1.0
2.0
6.67
5.0
6.33
8.0
4.67
2.67
0.67
2.0
0.67
14.33
3.0
6.0
1.0
7.67
-1.33
11.33
-0.67
12.67
6.0
7.0
2.0
3.67
4.67
9.67
11.33
1.67
7.0
7.33
4.0
6.0
1.67
5.0
4.0
12.67
12.0
11.33
9.0
12.67
16.0
17.0
12.33
22.33
29.67
26.0
24.33
29.0
19.0
18.67
19.33
20.67
16.33
22.33
14.0
13.0
11.0
20.0
23.33
12.67
6.67
8.33
5.67
6.0
3.33
17.33
10.67
-3.33
12.0
9.67
1.0
7.0
8.67
4.0
2.67
10.67
11.0
9.0
-1.0
12.0
6.0
10.0
11.0
14.33
13.0
-5.0
-0.67
9.67
7.0
2.67
2.33
3.33
11.67
8.67
13.67
3.33
8.0
10.67
15.67
-0.33
11.33
-0.33
-1.0
10.67
14.0
15.67
9.0
14.33
10.33
0.67
7.33
4.33
11.67
10.0
4.67
4.67
12.0
13.67
14.0
6.33
3.0
1.0
4.67
3.33
8.33
7.0
9.0
0.33
11.33
10.33
8.0
12.0
13.33
3.0
5.67
12.0
10.0
3.0
5.0
4.33
9.0
7.67
3.67
9.0
12.33
14.67
1.0
4.67
10.67
-0.33
9.0
5.0
8.0
15.67
10.33
17.0
16.67
12.67
8.0
10.67
-7.67
8.67
4.0
4.0
9.0
-0.33
15.67
9.0
13.67
13.0
11.0
10.67
15.67
6.0
4.33
9.67
11.33
15.67
14.67
19.0
11.0
12.67
4.33
6.0
7.33
7.0
5.0
5.33
7.33
7.0
9.33
10.67
-0.33
1.33
5.0
19.0
16.67
11.67
8.67
9.33
2.0
2.67
2.0
7.33
11.67
1.33
12.67
8.33
7.33
6.33
6.33
16.33
13.33
12.0
4.67
7.33
13.33
2.0
8.0
3.67
11.67
11.0
10.33
7.0
9.67
-5.0
7.67
6.33
14.67
4.33
10.67
4.33
0.0
11.0
11.0
8.67
7.0
9.33
10.0
5.67
7.0
9.0
17.0
11.33
3.67
9.67
16.33
7.67
8.67
16.67
3.67
4.33
10.33
8.33
17.33
5.0
5.67
12.33
17.33
17.33
-4.33
13.67
0.67
10.67
14.67
10.0
8.67
11.67
11.0
8.67
15.67
15.33
12.0
14.33
8.0
21.0
9.33
11.67
-1.33
9.67
19.0
16.0
13.33
11.0
10.0
15.33
18.67
12.33
14.33
12.0
28.33
27.0
18.0
26.0
19.33
16.0
28.0
17.33
21.0
11.33
31.67
8.0
17.33
13.67
18.67
25.67
32.33
16.67
20.33
36.67
28.33
38.0
31.33
42.0
37.67
49.67
41.67
59.33
70.33
60.0
94.33
95.0
89.33
76.0
105.33
100.33
102.33
110.67
118.33
120.33
108.67
99.33
102.0
128.33
124.67
114.67
128.33
98.67
102.33
110.67
88.67
62.0
46.0
64.33
66.33
55.33
50.67
36.67
21.0
23.67
27.0
50.33
7.67
15.67
18.33
16.67
27.67
5.0
9.0
12.0
10.67
12.67
9.67
-5.0
2.33
3.67
16.33
22.67
12.0
1.33
19.0
17.67
14.33
5.0
8.0
-3.0
7.67
10.67
5.0
-1.0
-0.33
10.67
7.0
16.33
7.33
5.67
8.67
-4.0
6.0
2.33
4.0
1.0
7.0
10.67
8.0
2.67
4.0
9.0
6.67
0.0
-2.0
6.33
12.33
15.67
12.67
19.67
2.33
10.67
-1.33
6.33
9.33
8.0
13.0
3.67
16.0
9.0
6.33
-3.67
8.33
15.0
3.0
10.33
0.33
15.33
0.33
21.67
15.0
5.0
14.67
7.67
11.33
19.33
20.67
14.0
8.33
12.0
20.33
20.0
6.33
13.33
1.0
19.33
13.33
9.0
13.33
24.0
17.67
13.0
1.67
10.0
13.67
12.67
13.0
8.67
26.0
15.33
-4.33
12.67
22.67
2.33
10.0
0.67
10.0
9.33
27.67
14.0
10.67
12.33
1.0
22.33
8.67
8.33
4.0
5.0
17.33
11.33
13.0
6.0
10.0
11.67
12.67
7.0
2.67
11.67
5.0
13.0
10.67
8.67
5.33
-7.33
21.67
3.0
9.0
-0.67
-0.67
3.0
17.33
13.33
15.33
-0.33
1.33
11.0
0.67
16.0
0.33
2.0
13.67
6.33
7.67
19.33
7.33
10.0
-2.0
-2.0
23.67
17.33
15.33
17.67
1.67
37.33
23.33
11.0
22.67
16.33
24.33
34.67
19.0
42.33
22.33
36.0
21.67
35.0
23.33
24.67
26.0
24.33
27.67
35.67
21.0
27.0
27.67
27.67
21.33
31.33
17.0
35.67
33.33
24.33
38.33
12.67
18.67
9.67
30.0
19.33
5.33
2.67
2.33
12.33
4.67
26.33
15.0
9.67
7.33
1.67
19.33
9.0
5.67
2.0
-4.0
-7.67
0.0
4.67
8.0
19.33
15.0
12.67
0.33
-1.67
0.67
5.0
9.33
4.67
15.67
4.0
18.33
2.33
21.33
6.33
1.0
-5.0
3.0
-2.67
4.33
-0.33
-0.33
11.33
20.0
3.33
10.0
-0.67
6.67
8.67
5.67
11.67
13.67
16.33
3.33
16.0
11.67
4.0
11.0
-4.67
18.67
8.33
2.67
-4.33
5.0
4.0
19.0
8.0
10.0
1.67
5.33
12.33
3.67
10.33
0.33
7.0
15.67
14.33
0.33
12.0
14.0
1.67
16.0
-3.33
2.0
3.33
9.0
5.67
14.67
-5.67
7.0
6.33
15.67
4.67
-2.33
7.0
9.0
-1.33
3.67
2.33
13.33
3.33
0.33
16.0
11.33
5.33
16.67
0.67
4.0
-0.33
8.0
4.0
3.0
1.0
0.67
1.67
6.67
12.33
-6.0
22.67
5.0
9.33
4.0
0.33
14.33
14.33
4.0
5.33
6.33
6.0
9.0
1.67
4.33
3.0
-0.33
-1.0
4.33
2.67
3.67
-4.67
11.33
0.33
8.33
1.33
3.67
8.0
0.0
1.67
-8.33
-5.0
1.33
-2.67
-2.33
5.67
-1.33
0.0
15.67
-6.67
17.67
16.67
-4.0
-0.67
11.33
-7.67
9.67
-7.0
-8.0
1.67
-8.33
11.0
-7.0
2.33
6.0
-5.0
-2.0
4.67
-0.33
4.67
5.0
-3.0
13.33
-0.33
6.67
-1.67
-6.33
2.67
-2.67
5.0
6.0
10.33
6.67
6.67
9.67
2.33
0.67
-1.33
1.33
-1.67
0.0
-8.67
1.33
4.67
8.33
5.67
1.67
9.67
-4.0
6.0
18.0
13.33
10.0
5.67
19.0
5.33
12.33
13.33
3.67
-8.33
13.0
12.0
-0.67
-8.0
-0.33
-0.67
0.0
8.0
2.67
10.67
6.0
-9.0
3.67
-6.33
5.33
-5.0
13.0
4.33
5.33
-1.0
20.33
2.67
2.67
-4.33
4.33
0.33
-5.67
2.33
-1.67
8.0
6.33
4.67
-7.67
9.0
5.0
0.67
0.33
13.33
2.67
3.33
2.33
5.67
3.0
-3.67
-0.33
-2.33
7.33
4.0
-4.67
12.33
6.0
5.0
0.67
2.0
4.67
3.33
0.33
2.33
6.0
3.33
0.67
-2.67
10.67
7.0
5.0
-4.33
7.67
9.67
-1.67
1.67
-5.67
-1.33
-4.0
-3.0
7.33
8.0
10.33
7.0
-1.67
6.67
0.67
-5.33
1.33
7.0
-1.0
-8.0
11.67
3.67
2.67
-9.67
7.0
0.33
0.67
5.33
3.33
6.33
7.0
-2.0
2.67
8.0
-2.0
2.33
-2.33
-3.67
6.33
2.33
0.33
9.67
3.67
3.33
-2.0
-2.0
3.67
-2.0
6.67
5.33
1.33
-11.67
-2.0
6.0
2.0
-4.33
4.33
2.33
8.33
3.67
6.67
2.0
-4.33
-2.67
-1.67
2.33
4.0
3.0
-2.67
6.0
2.67
-3.33
1.0
4.33
6.67
-0.33
4.0
11.0
1.33
-0.33
3.33
-2.33
2.0
-1.67
0.33
-2.67
7.67
1.0
4.33
3.67
10.0
0.67
8.67
1.0
9.0
3.0
-4.33
16.33
-0.67
3.0
1.67
2.33
9.33
0.0
-5.33
4.0
1.67
3.33
-1.0
1.33
1.33
6.67
0.33
2.33
3.0
2.0
8.33
3.67
-1.33
-5.33
1.0
-2.67
5.33
0.67
0.33
-3.0
2.33
1.33
-3.33
-3.0
-3.67
5.33
-3.33
-0.33
5.67
3.33
0.0
4.33
2.67
-3.0
-7.33
2.33
-7.0
-1.0
-4.33
-1.67
0.33
-5.67
-0.33
11.33
3.0
2.33
2.33
-0.67
0.33
3.67
7.67
0.0
-1.0
-4.67
-1.0
3.0
4.33
3.67
3.33
1.33
-5.33
7.0
-1.33
3.0
0.33
-0.33
3.0
4.0
-4.67
0.67
-2.67
-3.33
2.0
1.67
-1.33
-3.67
5.0
1.33
3.0
-6.67
2.0
-1.0
1.33
-1.67
0.0
9.0
-1.33
-1.0
-1.67
-3.67
-5.0
-1.0
7.67
-1.67
-3.67
4.0
-2.33
-1.67
-1.33
3.33
0.67
-4.67
5.0
6.67
3.67
-1.0
7.33
-5.0
2.67
5.33
-0.33
-1.0
0.67
6.33
-7.67
8.33
-0.67
1.33
-3.67
3.33
