0.0
-55.67
-21.33
-7.33
17.67
-28.0
39.67
5.67
9.0
34.67
-82.0
15.0
-115.0
26.33
-10.67
2.67
29.67
8.67
4.0
-0.33
-5.67
-12.0
28.0
26.33
0.0
24.67
7.33
2.0
3.0
-7.33
7.0
-1.0
-7.33
-5.67
5.33
-2.33
1.0
3.0
-0.33
-1.33
0.67
0.0
0.67
1.33
1.67
-0.67
-0.33
0.0
-0.33
-0.67
3.0
0.0
0.0
-0.67
0.0
0.0
0.67
0.0
0.67
1.0
0.33
1.0
0.33
-0.67
0.0
1.0
2.0
-0.33
0.0
-0.67
-1.67
0.33
0.33
-0.33
0.0
-0.33
1.0
-0.33
0.0
-0.33
-0.67
1.0
1.67
-0.33
0.67
1.0
1.0
2.0
-0.67
0.0
0.67
0.33
0.0
0.67
0.0
-1.0
0.67
-0.33
1.0
0.33
0.33
1.33
-0.67
1.33
-0.33
0.33
-0.67
0.67
1.0
-1.33
1.0
2.0
-0.33
1.67
-1.67
0.33
2.0
1.33
0.33
1.0
-0.67
4.67
-0.33
-0.33
1.0
-0.67
5.0
-3.0
2.67
4.0
4.67
0.33
2.0
3.33
5.33
0.33
1.0
-1.0
3.33
1.0
-1.33
-2.33
-3.33
2.67
4.33
1.33
5.0
-3.0
2.33
-3.67
8.67
2.67
17.33
5.0
4.33
6.0
8.33
3.67
5.0
-1.67
12.0
-3.33
6.67
0.33
-2.0
7.33
4.0
0.33
2.33
-3.0
3.67
8.0
0.33
1.67
-2.0
2.33
6.0
9.67
3.0
2.0
7.0
-3.33
1.0
-7.0
12.0
-2.33
5.67
5.67
4.67
-4.33
2.33
3.0
8.67
1.0
-6.0
3.33
2.0
-5.0
6.67
4.33
1.0
7.33
2.33
5.33
1.67
5.0
13.67
-0.33
2.0
1.67
3.33
5.67
6.33
0.0
8.33
-0.67
-5.33
1.67
0.33
6.0
-7.0
7.0
3.33
0.0
11.0
4.33
-2.67
2.67
5.33
9.33
10.33
-0.33
-2.33
7.0
-0.33
1.0
0.33
1.67
4.0
2.67
5.33
6.67
4.67
4.33
8.33
0.33
5.0
-5.0
3.0
0.33
-0.33
12.33
4.33
6.0
5.33
0.67
-1.0
-3.0
0.67
5.67
1.33
1.0
0.67
7.33
-1.33
2.33
9.67
8.33
0.0
10.0
4.33
4.0
6.33
2.33
3.0
8.67
5.0
2.67
2.33
-1.67
2.67
9.0
3.0
0.67
10.33
0.0
1.0
3.33
1.67
0.33
0.33
7.0
-1.0
2.33
5.0
2.0
1.33
4.0
2.67
-1.0
-6.67
-5.67
3.33
1.67
1.67
10.33
3.0
2.33
6.0
-4.0
7.0
-2.0
2.33
1.67
-4.33
1.33
2.67
2.67
4.33
-2.67
0.67
8.33
-2.0
-2.67
-3.33
0.67
3.67
-5.0
1.33
2.0
4.0
1.0
8.67
2.33
6.33
-4.0
10.33
-2.0
0.0
3.33
-0.33
1.33
-2.33
3.67
-2.0
1.0
-2.67
2.33
1.67
6.33
3.67
0.0
1.33
3.0
3.0
3.33
-5.67
0.33
5.67
-0.67
2.0
5.67
0.67
-1.0
1.33
6.0
3.33
9.33
6.0
4.0
2.0
0.0
6.0
-1.33
6.0
5.67
-1.33
4.33
3.67
0.0
-0.67
2.67
1.67
6.33
4.33
-0.33
3.67
1.0
2.67
4.67
2.67
0.67
4.33
1.0
4.33
3.0
-3.0
-0.33
-1.0
6.0
2.33
3.67
0.67
9.67
10.33
3.67
3.67
1.67
-1.67
0.0
-1.0
-5.33
3.0
4.0
2.67
-2.33
1.67
-2.0
4.67
7.0
-1.0
1.67
0.67
1.33
-1.0
1.67
5.33
-0.33
-1.33
0.67
2.0
-0.33
3.33
3.0
-2.0
8.0
0.0
2.33
0.67
1.33
-0.33
-5.0
7.67
3.33
4.33
5.33
5.0
3.33
3.0
2.0
3.0
0.67
-2.33
7.0
4.0
1.67
-0.33
-3.0
-0.33
1.67
0.67
3.33
1.67
0.67
1.0
-1.0
1.67
-2.0
1.67
3.0
-7.0
6.67
0.67
6.33
5.67
-1.33
-2.33
-4.67
0.33
-0.33
5.33
-1.67
1.0
0.0
-2.0
-2.33
3.0
3.33
-2.33
2.33
2.0
0.0
0.33
4.67
0.33
0.0
-3.67
3.33
2.33
1.0
3.67
2.33
5.67
3.67
-1.67
-2.33
-0.33
-2.33
-3.0
0.33
10.33
-2.0
6.67
0.0
1.0
2.33
4.67
3.0
2.67
2.33
-3.0
3.0
2.0
1.67
0.67
0.33
2.67
3.0
5.33
3.67
6.0
-1.33
-2.0
0.67
2.33
2.33
0.33
1.0
5.33
-0.67
10.0
0.67
6.67
2.33
-1.0
-1.67
0.0
-0.67
3.67
1.0
0.33
4.0
4.0
-3.0
1.33
0.0
1.33
0.0
-3.0
7.0
-1.33
-2.33
4.33
0.67
6.33
-1.0
3.0
1.33
-1.0
3.0
-2.67
-0.67
2.67
3.0
1.33
-0.67
-5.33
-1.0
-0.67
-0.33
1.0
-3.33
-0.33
-4.33
-2.0
0.0
6.0
-1.0
0.67
3.33
-1.33
0.67
2.67
-0.33
0.0
4.0
3.0
0.0
1.0
4.33
0.67
2.0
-1.33
4.0
0.67
-1.0
-0.33
7.67
2.67
3.33
-3.33
-0.33
1.0
0.67
1.33
1.0
0.67
5.33
-1.67
-2.0
-0.33
-1.0
2.67
1.0
-3.33
1.33
-0.33
-3.33
1.0
0.0
-1.33
-2.67
-2.0
-1.67
6.33
-1.0
-0.33
-1.0
-0.67
2.67
0.0
2.0
-3.67
1.67
-4.0
-2.33
1.33
0.33
-1.33
-4.0
-0.33
1.67
-2.33
-1.0
-0.67
3.0
-2.33
-2.67
0.0
-3.0
-1.67
3.33
-2.67
-1.33
2.0
5.67
0.67
-5.0
0.33
-3.0
-2.67
-3.33
1.33
1.67
-4.33
-0.33
-4.0
-3.0
4.67
-2.67
1.33
-3.0
-1.67
-6.0
-0.33
-1.0
-2.33
-1.33
-3.0
-7.0
4.0
1.67
2.0
-1.0
0.67
-0.33
0.0
-7.67
-2.33
-3.0
8.33
-3.67
-1.67
-3.33
-1.0
-7.33
-0.67
-1.67
0.33
-3.0
-4.33
-1.0
-1.33
-4.0
-1.33
-2.33
-2.67
-1.0
-8.67
-2.33
-4.67
-3.33
-7.0
-10.33
3.33
-2.33
-3.67
-3.33
-1.33
-4.0
3.0
-10.0
-2.67
0.0
-10.67
-4.67
-4.0
-3.67
1.0
-3.33
-4.33
-9.0
-8.33
1.67
-1.33
-3.33
-2.67
0.0
1.0
-1.33
1.33
-2.0
-6.0
-0.33
-6.0
-2.0
0.0
-6.0
-0.67
-6.0
-2.33
-1.67
-5.33
-3.33
3.0
-10.67
-4.0
-1.67
0.0
1.33
0.0
-2.67
-4.33
-5.33
-2.33
2.0
-2.0
2.33
-4.67
-9.67
3.33
-5.33
1.33
-1.67
-5.33
-2.67
-3.0
2.0
-10.0
-3.0
-1.67
-1.67
-6.33
-2.0
-3.67
-3.0
-7.0
-3.67
-1.67
-1.33
-4.0
-8.0
-2.67
-6.33
-2.67
-3.33
-4.33
-1.33
-3.33
-1.33
1.0
-0.67
5.67
1.33
2.33
-5.67
-3.33
-5.33
0.33
-7.33
-6.33
-2.33
-4.67
-9.0
0.0
-4.33
-0.33
-5.67
-4.0
-4.33
-3.0
-8.67
-4.0
-12.0
-4.33
5.0
4.0
-7.0
-1.0
-4.67
-2.0
-4.33
-6.67
-4.33
2.67
-5.0
-4.0
-1.67
1.67
3.67
-2.33
0.67
-8.67
-4.0
-3.67
-4.0
-5.67
-5.33
-7.0
-3.33
-3.67
-3.67
1.0
-6.33
0.33
-7.0
-2.33
-1.67
-2.0
-7.0
0.67
-2.33
0.33
-8.33
-5.67
-1.0
-6.67
-11.33
-10.33
-3.33
-4.67
-1.67
0.0
-7.33
-1.67
2.0
-3.0
-1.67
2.33
3.33
8.0
-1.67
-4.0
-1.0
2.0
-1.67
5.0
-3.67
-0.67
-6.0
-5.0
-3.67
-5.0
-2.67
-7.33
0.67
-6.0
-1.33
-5.33
-7.33
-2.0
-1.67
-6.67
1.67
0.0
-11.0
-4.0
-2.33
-4.67
-3.33
-3.33
0.67
3.0
-2.0
9.0
9.0
-2.33
8.0
3.67
14.0
2.33
10.33
18.67
20.33
18.33
15.33
21.67
27.33
23.33
24.67
35.0
50.67
44.0
53.0
41.0
48.0
49.0
54.67
32.67
29.33
35.67
20.67
23.67
32.0
13.67
3.67
19.33
12.0
0.67
1.67
-3.0
0.33
-0.67
-3.33
-1.33
-7.33
-11.0
-2.67
-2.67
-2.33
-5.67
-1.67
2.67
1.67
4.33
8.0
8.33
18.0
4.0
15.67
10.67
2.0
4.33
6.33
9.67
4.67
15.67
17.67
8.33
5.33
4.33
9.67
-0.33
6.0
5.0
2.0
-5.0
15.33
-0.33
-1.33
9.67
-4.33
8.33
-0.33
1.33
-8.33
-3.67
-10.33
0.33
-3.67
3.33
-3.67
0.67
-2.0
-4.0
-1.0
1.0
-3.67
3.33
-5.67
0.0
-2.33
-0.67
-4.33
-5.33
-6.67
-2.33
5.67
7.67
-0.67
4.33
0.0
6.0
4.0
9.67
-1.0
-5.33
9.67
2.33
1.0
1.33
7.67
1.67
3.33
0.67
7.33
4.67
11.0
2.67
-5.67
8.33
15.33
-4.0
20.0
16.0
8.0
11.33
12.33
5.67
13.33
10.67
19.67
13.0
26.0
19.33
17.67
22.0
7.33
26.0
18.67
11.0
37.67
24.67
26.33
34.67
34.67
25.33
31.0
19.67
26.67
36.0
15.67
27.67
15.33
20.33
32.33
26.33
23.33
14.0
15.67
23.67
27.33
14.0
10.0
9.33
2.33
9.67
4.0
19.33
3.67
8.67
8.67
4.0
13.33
6.33
8.67
9.67
4.33
6.0
4.67
10.33
12.0
3.0
4.33
7.33
2.67
8.67
5.33
7.0
7.0
6.0
8.67
7.33
5.67
3.67
14.0
8.0
6.33
4.33
3.0
2.33
14.33
8.0
13.67
0.67
8.33
2.33
1.67
5.33
10.33
16.67
6.67
11.67
2.33
7.0
2.0
-3.33
6.0
0.0
14.0
-8.0
13.0
12.0
0.33
-5.33
7.67
11.0
6.67
4.67
10.33
9.67
8.33
9.33
14.67
8.0
3.67
0.33
-0.67
4.33
2.67
10.0
5.67
11.33
11.33
8.0
13.33
21.0
21.67
22.67
18.67
22.33
33.33
44.0
45.0
54.0
65.0
73.67
68.33
85.67
79.33
98.33
76.67
90.67
78.67
98.33
86.67
97.0
95.0
77.67
68.67
67.0
76.0
56.33
68.67
72.33
40.67
53.67
72.33
39.33
44.67
53.33
61.0
29.67
31.67
32.33
39.33
23.33
39.33
29.33
33.67
29.67
30.0
37.67
32.33
40.67
47.67
32.67
34.67
25.0
20.33
23.67
19.0
20.0
12.0
26.33
12.0
24.67
13.0
25.67
15.67
25.33
20.67
18.0
26.67
21.33
25.67
37.33
27.0
20.0
24.67
34.0
20.67
26.67
21.0
28.67
11.0
17.33
31.33
21.0
5.67
15.0
11.67
12.33
14.0
-0.33
20.33
12.0
15.67
15.33
15.67
1.67
11.0
11.33
7.67
-1.0
9.33
14.67
4.0
0.33
6.33
8.33
-0.67
9.67
1.67
6.0
10.33
14.33
2.67
4.0
-4.0
5.67
10.33
3.33
11.0
5.33
10.0
3.0
0.0
7.33
2.0
4.33
9.0
7.0
6.67
17.33
14.33
8.67
2.0
3.67
6.33
13.33
17.67
9.67
19.33
13.67
17.0
10.33
11.33
2.33
24.33
12.33
29.0
12.67
16.33
24.0
8.0
8.33
12.33
12.0
12.33
23.33
17.0
18.0
26.0
22.33
16.67
25.0
13.33
18.67
8.67
23.0
22.0
17.0
9.67
2.67
17.33
14.33
5.33
13.67
-2.33
3.67
12.67
-1.0
1.33
4.67
3.33
17.0
16.67
20.33
9.0
7.0
13.33
15.33
18.0
8.33
10.33
6.67
8.0
-2.0
10.0
12.0
13.0
1.67
10.0
15.67
8.33
4.0
17.0
19.33
20.33
16.33
-3.33
13.33
8.67
22.67
7.67
5.0
-2.0
4.0
16.67
-1.33
3.67
6.67
1.67
4.67
2.0
3.33
2.0
-1.33
10.67
13.0
11.33
4.67
6.33
14.33
8.0
8.33
-2.67
12.67
7.0
3.0
8.67
9.33
14.67
2.33
1.0
8.67
8.33
14.33
3.33
14.67
6.33
5.67
23.67
-3.33
6.67
9.67
7.67
4.0
22.33
-1.67
2.67
12.33
5.33
18.33
10.0
19.0
13.67
8.33
-0.33
11.0
24.33
5.67
10.67
9.67
6.33
7.67
4.67
6.67
-1.0
2.0
5.33
1.33
2.33
5.0
9.67
1.0
3.67
3.33
1.0
16.0
15.0
0.67
-3.67
5.33
13.33
8.0
6.33
8.33
18.33
1.67
9.67
13.67
5.33
-3.67
11.0
-0.33
4.67
0.33
6.0
14.33
1.0
12.33
-0.67
7.33
-4.67
0.67
-2.0
13.0
-4.0
-2.0
3.33
3.33
0.67
9.0
-0.33
-4.67
-5.67
-0.67
7.67
3.0
2.0
4.33
0.67
5.33
-2.0
8.67
16.0
16.0
10.67
11.0
10.67
4.0
11.33
-0.33
16.67
3.0
17.0
0.0
1.67
10.0
13.67
2.33
8.0
19.33
15.67
9.33
5.0
12.33
8.67
0.33
8.33
4.0
-4.0
11.0
12.33
7.0
-1.67
-3.33
0.33
-1.33
2.33
5.67
5.67
-2.0
1.67
6.33
12.33
21.67
8.0
2.0
9.33
13.67
12.67
7.67
19.0
6.33
23.67
-5.67
8.33
10.33
19.67
6.67
11.0
-7.0
9.0
0.33
2.67
14.0
-6.67
5.0
24.33
7.0
10.67
4.0
-1.33
2.67
9.67
4.0
16.0
-0.33
1.33
-6.67
14.33
10.33
4.67
21.67
8.67
15.67
12.33
21.0
0.33
9.33
11.67
3.67
-2.67
14.33
6.33
10.33
19.67
11.67
8.0
4.67
11.0
9.0
2.33
18.67
10.67
12.0
2.0
5.67
11.33
3.33
0.67
10.0
9.0
3.67
-5.67
9.67
2.33
8.33
1.67
-9.0
-5.33
17.67
30.33
4.0
15.67
4.33
19.0
13.0
17.67
18.0
-1.67
0.33
-2.33
11.33
10.67
8.0
14.67
2.0
-7.67
3.0
9.33
-8.33
11.0
-3.33
2.33
9.67
12.33
5.67
-1.67
5.0
-0.33
3.67
0.0
2.33
6.67
8.67
7.33
2.0
0.67
3.67
7.0
1.67
7.67
0.0
0.33
7.67
4.0
-2.0
-6.33
1.67
8.33
1.0
12.67
4.67
1.67
6.33
-3.67
12.67
12.33
4.0
3.0
-0.33
10.33
1.0
7.67
6.67
13.67
-2.0
0.0
0.0
2.33
-7.33
4.67
2.67
0.0
-1.0
2.0
-2.0
7.0
-2.67
6.0
3.33
6.67
6.33
9.33
15.0
0.0
2.0
-1.0
12.33
-6.0
-2.0
8.67
2.67
2.67
-6.0
5.67
3.0
0.0
-4.0
-7.0
-2.33
12.0
0.67
2.33
3.33
1.33
-7.67
10.0
8.33
-2.67
3.67
6.0
8.0
-2.67
1.33
7.33
8.67
15.0
-0.33
-0.67
-8.0
-2.67
10.67
11.33
9.33
-5.67
8.0
3.67
10.0
5.67
1.33
-3.0
10.33
12.0
5.67
4.33
-1.67
4.67
10.0
8.67
1.0
9.0
7.33
0.67
4.33
1.33
-5.0
3.67
8.67
-3.0
-1.0
-2.67
-2.33
6.0
-3.33
1.33
-0.33
-2.0
-1.67
-2.33
-3.33
-2.0
4.67
2.33
7.33
8.0
10.0
4.67
2.33
5.67
3.0
6.0
3.33
-1.67
-0.33
4.67
6.33
3.33
2.67
4.0
5.33
-4.0
0.67
-4.33
-0.33
-2.67
-0.67
4.67
1.0
2.0
0.67
10.0
2.67
4.67
4.67
-2.67
1.33
8.67
7.33
9.67
1.33
0.33
1.67
7.0
5.0
1.0
1.0
2.67
3.67
9.67
1.33
7.0
-2.67
4.0
0.33
6.33
6.67
-6.0
5.33
2.33
2.0
5.67
0.33
-0.33
0.33
6.33
-0.33
0.67
2.33
0.33
-0.33
2.67
1.0
8.67
2.33
-0.67
1.33
5.33
2.67
1.67
2.67
-2.33
13.33
-4.67
5.67
4.0
3.33
1.33
11.0
-2.0
-3.0
6.67
5.0
-6.0
1.67
1.0
7.33
3.33
0.67
6.0
-3.0
4.33
8.67
3.67
6.33
3.0
0.67
-2.33
10.0
-1.0
10.0
4.0
0.67
1.67
-3.67
8.67
1.0
-1.0
5.67
3.33
-7.0
0.67
6.0
3.0
4.33
1.0
2.33
3.0
12.33
10.0
3.0
-2.67
0.33
0.33
5.0
-0.67
3.67
5.33
1.0
2.33
2.33
-1.33
7.33
0.33
3.0
7.33
2.0
0.67
-2.67
6.67
3.0
-3.0
0.33
6.0
-3.0
-1.67
0.67
2.33
4.67
12.33
0.0
2.67
6.33
5.67
-5.67
0.0
-1.67
8.0
3.33
2.67
3.33
7.0
-0.33
9.33
0.0
7.67
-0.67
11.0
4.67
0.33
1.67
5.0
3.33
6.0
7.67
-5.33
3.67
9.33
3.67
7.0
1.67
6.67
1.67
8.0
-2.0
1.67
7.33
6.0
0.0
8.67
0.67
-2.0
-1.67
1.33
-2.0
8.67
-3.0
5.0
-2.33
3.0
2.33
-2.0
4.67
1.67
-2.67
-0.33
3.33
-0.33
3.33
1.33
7.67
2.33
6.67
3.0
3.33
4.0
1.0
6.0
-3.0
1.67
1.67
-1.67
11.0
0.0
3.0
0.33
7.0
1.33
-0.67
1.67
1.33
0.67
1.0
0.0
1.67
-2.0
-1.33
-6.33
4.67
4.67
2.0
2.0
8.0
6.0
1.67
8.33
1.0
-2.33
7.0
-1.0
4.67
-2.67
1.0
4.0
