0.0
28.33
-131.33
0.67
34.67
-30.0
83.67
-9.33
-29.0
-32.33
-20.0
68.0
-22.0
-13.67
29.33
43.67
-5.33
34.67
4.0
-2.33
-15.67
13.0
-14.0
16.33
0.0
-7.33
8.33
6.0
0.0
-1.33
3.0
3.0
-0.33
0.33
3.33
-0.33
-1.0
1.0
-2.33
-0.33
-0.33
0.0
0.67
-0.67
-0.33
-0.67
-0.33
0.0
-0.33
0.33
0.0
-1.0
1.0
-0.67
1.0
1.0
1.67
0.0
-0.33
0.0
-0.67
1.0
0.33
1.33
0.0
0.0
1.0
-0.33
0.0
-0.67
-1.67
0.33
0.33
-0.33
1.0
-0.33
0.0
-0.33
0.0
-0.33
-1.67
2.0
-0.33
-0.33
0.67
1.0
0.0
0.0
0.33
0.0
2.67
-0.67
0.0
0.67
2.0
-1.0
0.67
1.67
1.0
0.33
2.33
3.33
-1.67
0.33
-0.33
0.33
1.33
-0.33
0.0
-0.33
1.0
2.0
-1.33
-0.33
-0.67
1.33
0.0
0.33
2.33
2.0
0.33
-1.33
-2.33
-0.33
1.0
2.33
0.0
3.0
-0.33
5.0
0.67
2.33
1.0
-0.67
-2.67
3.33
-2.0
1.0
-0.67
-5.0
1.67
-4.33
4.67
3.67
0.33
1.33
5.0
2.0
3.33
1.33
2.67
5.67
2.33
2.0
14.33
-1.0
-3.67
-0.33
5.0
3.33
3.0
-1.33
1.67
0.33
3.0
6.33
-2.0
3.33
5.33
-1.0
2.67
2.0
-0.67
-4.33
4.0
-1.67
11.0
1.67
-3.0
-1.0
7.0
0.67
1.0
3.0
1.0
-5.33
6.67
3.67
0.67
1.67
4.33
2.0
4.67
3.0
-1.0
5.33
2.0
1.0
16.67
9.33
2.0
4.33
2.33
-2.67
9.67
4.0
3.67
1.67
1.0
1.67
4.33
-4.33
2.33
2.0
8.33
9.33
-5.33
2.67
6.33
1.0
4.0
2.0
1.33
6.0
6.0
-0.67
-3.67
-0.33
2.33
0.33
2.33
6.67
6.67
2.0
0.67
-1.0
7.33
5.67
-6.0
4.67
2.33
0.67
9.67
1.33
6.33
2.33
3.0
-6.0
3.0
2.33
5.67
2.33
7.33
1.0
2.33
8.67
5.0
-1.0
4.67
1.67
0.33
0.0
6.67
-0.67
-3.33
0.33
1.67
0.33
0.0
4.0
2.33
0.0
1.33
2.33
4.0
-0.33
-1.0
14.67
4.33
1.33
8.67
8.0
-2.0
1.67
3.33
4.0
0.0
3.33
3.67
2.33
1.33
0.0
2.0
0.33
-2.0
4.0
-0.67
7.0
1.67
0.0
-0.67
-1.67
4.33
-3.33
-1.33
7.33
1.0
-1.67
5.0
1.0
-1.0
5.0
5.33
3.67
5.67
-4.67
9.67
4.67
4.33
-4.67
-0.33
0.33
5.0
4.33
-4.33
1.67
-2.33
-3.0
0.33
3.0
12.0
-1.0
-2.33
5.33
8.33
5.0
1.33
0.0
11.0
4.33
7.67
-0.67
1.67
3.67
-2.0
2.0
1.33
5.33
-0.33
5.33
0.67
-1.0
5.33
7.0
0.0
0.33
3.33
1.33
4.67
-2.67
2.0
5.67
5.67
1.0
0.33
2.0
-2.67
3.33
-1.0
2.0
7.0
3.0
3.0
-4.33
-4.0
-0.33
-0.33
9.33
1.67
6.0
5.33
4.67
4.67
9.33
2.33
3.67
4.67
3.0
2.67
0.67
0.67
-2.33
-2.67
8.0
-1.67
0.0
6.0
-1.33
5.0
9.0
-2.67
-1.33
4.67
1.67
5.33
3.67
0.67
-3.33
4.33
-1.0
0.0
0.67
5.0
2.0
3.67
-0.33
-1.33
-2.0
1.67
8.0
-2.0
0.67
-2.33
1.33
3.0
-0.33
1.33
3.67
0.67
-3.33
-1.0
1.67
0.33
1.0
2.0
-2.0
1.0
1.33
0.67
-1.67
1.67
6.0
4.67
-0.67
2.33
7.33
0.0
4.33
3.0
3.0
2.0
-0.33
-0.33
-3.0
1.0
1.67
1.67
0.0
-0.33
13.67
-0.33
8.33
2.67
9.67
-3.0
1.0
-1.33
5.0
-3.33
5.0
-5.0
2.67
0.67
5.33
-1.33
4.67
3.67
-0.67
-1.67
-2.33
0.33
2.33
6.0
1.0
2.0
-0.33
0.0
0.33
1.67
3.33
4.0
-1.0
-0.67
-1.33
-2.67
3.0
0.33
3.33
-2.67
0.0
3.67
-0.67
5.67
-3.33
-0.67
3.67
-3.33
1.67
2.0
-1.67
6.33
1.0
-1.33
-4.0
-1.0
0.33
7.67
7.0
-2.33
-0.67
3.0
-3.0
-1.0
-3.33
0.67
6.33
6.67
5.0
1.33
2.67
3.0
-4.33
-1.0
4.67
3.33
-2.67
-0.67
8.0
0.33
2.33
7.0
3.67
-0.33
2.33
-2.0
2.33
0.0
4.33
1.67
1.0
-2.67
3.0
0.0
4.0
3.33
-5.0
10.33
-2.0
1.0
-1.0
-1.33
1.67
5.33
-1.33
1.33
0.0
-1.0
3.33
2.0
0.0
-0.67
4.33
5.67
-1.0
5.33
1.33
-4.33
-1.0
-2.67
-3.33
1.0
1.67
-1.33
-1.33
0.0
3.0
2.0
2.0
1.67
2.33
-3.33
6.67
-1.33
-2.33
5.0
-3.0
-2.0
-2.0
6.0
-2.67
-3.33
-3.0
0.67
7.0
6.67
2.0
0.67
2.67
-2.33
1.33
-0.33
4.67
0.0
3.67
-3.67
0.0
-2.33
4.33
1.33
1.0
0.67
5.0
0.67
1.0
2.67
-3.67
1.67
-4.33
7.0
-1.0
1.67
0.33
1.0
-1.67
-0.67
-3.0
-0.33
4.0
1.33
1.67
0.0
-1.0
-2.67
-2.33
-3.0
6.67
-0.67
5.33
1.67
-5.0
2.67
3.67
-2.33
1.0
-3.67
-4.0
-5.33
-3.67
2.0
-4.0
-1.67
-0.67
3.33
2.67
-3.0
0.67
-0.33
-3.0
1.33
-2.0
-0.67
-5.33
0.33
-1.33
0.67
0.67
-2.0
0.0
-0.33
2.33
-1.67
-6.0
-3.67
-1.0
1.67
-2.0
-0.33
1.67
1.0
2.0
2.0
1.67
0.0
-4.0
0.67
0.67
2.0
-6.67
-4.33
-1.0
1.33
-4.67
-5.67
-2.33
-1.0
-2.33
-0.67
-5.67
1.33
-1.0
0.67
-4.0
-0.33
-2.0
-7.33
-1.33
-3.67
0.0
-4.67
-6.33
-0.67
-8.33
-2.0
-0.33
1.33
-0.33
-5.67
-5.33
0.67
-10.0
-4.0
-10.0
-1.67
1.0
-3.67
0.33
-4.0
-1.67
-1.0
-3.33
-3.33
-11.0
-7.33
-2.33
-8.33
-4.33
-0.67
2.0
2.0
-2.33
-2.67
-4.0
-5.0
-3.33
-4.0
2.0
-6.0
-1.0
-4.67
-4.0
-3.33
1.33
-5.33
-5.33
-2.0
-9.67
2.0
-6.67
-2.0
-1.67
-9.0
0.33
3.67
1.67
-0.33
2.0
-1.0
-2.67
-1.67
-6.67
-3.67
-3.33
-4.67
-0.67
-3.33
3.33
-7.0
-3.0
-8.0
-5.0
-2.67
-4.67
-4.33
-3.0
-2.67
-7.0
-6.0
-4.67
-5.67
-5.33
-3.0
-5.0
1.33
-8.33
1.33
-4.33
-7.33
0.67
7.67
-11.33
4.0
-3.67
0.67
2.33
-0.67
0.33
-3.33
-2.33
-10.67
-4.33
-2.33
-8.33
2.33
-8.0
-1.0
-2.33
0.67
-1.67
-2.0
-1.33
-5.0
-9.67
1.0
-9.0
-1.33
-3.0
5.0
-2.0
-6.0
-10.67
-3.0
-7.33
1.33
-3.33
-6.33
-2.0
-5.0
-1.67
-4.33
0.67
-5.33
-3.33
-5.67
1.0
-0.67
-5.0
1.33
-3.33
-4.0
-8.33
-0.67
-4.67
1.0
-6.33
-1.67
0.0
8.67
-9.67
-7.0
-1.0
-3.33
-11.33
-4.67
-5.33
-5.67
-9.0
-4.67
-11.33
-6.33
-4.33
-4.67
-1.67
2.0
-2.33
-4.67
2.0
-1.0
-6.67
-1.67
0.33
-4.0
-1.67
-8.0
8.0
-6.0
-0.67
0.0
1.33
-5.67
6.0
-8.0
-4.67
-1.0
-6.67
-5.33
-3.33
-6.0
-6.33
1.67
-8.33
-6.0
-2.67
-4.67
-0.33
-3.0
-5.0
3.0
9.67
-6.67
1.67
3.67
-1.33
-2.0
3.0
16.0
16.0
17.67
18.0
15.67
21.0
7.33
20.33
34.67
18.33
24.33
15.33
15.67
20.33
10.33
21.67
22.0
27.67
14.0
16.0
19.0
18.0
24.0
28.67
30.67
22.33
3.67
12.67
12.67
15.0
6.67
1.67
0.33
5.0
-0.33
4.67
-3.0
-2.67
-1.67
-6.33
-4.33
-1.33
0.0
5.33
-3.67
-3.33
1.33
-8.67
0.67
-1.33
5.33
0.0
3.33
5.0
11.0
-1.33
-4.33
3.0
9.33
0.33
1.67
11.67
5.67
3.67
11.33
4.33
7.33
11.67
5.67
9.0
3.0
10.0
1.0
11.33
6.67
2.67
-2.33
-6.33
2.33
-4.33
7.33
-5.33
-2.67
-0.33
2.33
3.33
7.33
1.33
0.67
5.0
10.0
13.0
2.0
6.33
14.33
8.33
2.0
-1.33
6.33
-3.33
0.67
-1.67
1.67
5.67
3.67
2.33
13.33
2.0
6.0
-8.0
0.67
9.0
5.67
-3.33
2.33
11.0
-0.67
9.67
0.67
6.33
6.67
1.33
10.67
20.0
-1.33
-3.67
1.33
5.33
7.0
4.0
12.0
23.0
14.33
15.33
1.67
5.33
8.67
8.67
0.0
14.0
9.33
14.67
3.0
-1.67
12.0
3.67
11.0
1.67
3.67
8.33
5.67
2.67
14.33
9.0
8.67
3.67
6.0
4.67
8.67
11.33
21.33
9.33
12.33
11.33
10.0
5.67
8.67
12.33
14.0
5.0
4.33
10.33
7.67
9.0
3.33
8.67
-0.33
7.67
6.0
8.33
9.33
-2.33
12.67
5.33
7.0
7.67
6.33
10.0
9.0
17.33
9.33
7.67
4.67
8.33
14.0
12.0
9.0
9.67
8.33
8.67
6.67
5.0
15.0
11.33
11.33
5.0
9.33
11.33
0.0
8.67
11.67
7.33
3.33
4.67
12.33
17.33
7.67
10.67
4.67
12.33
-4.0
1.0
11.67
22.0
4.0
6.0
6.0
13.0
5.0
8.33
8.67
0.67
6.0
14.67
-2.33
6.33
8.67
8.33
8.33
9.67
2.0
13.67
8.33
5.33
1.33
22.67
-1.0
9.67
16.33
9.33
22.0
7.33
16.0
21.67
15.67
8.67
14.33
4.33
31.0
30.0
28.0
37.0
36.67
44.33
56.67
61.33
72.33
88.67
113.67
120.67
137.33
145.67
163.0
160.0
175.67
182.67
150.0
120.0
131.33
121.67
108.33
95.67
48.67
51.33
46.33
31.67
29.33
33.0
18.67
29.67
13.33
9.33
27.33
27.33
21.33
31.67
26.67
38.0
33.67
39.33
41.67
51.67
27.67
27.67
22.0
26.33
18.67
15.0
23.0
23.0
30.33
23.0
22.67
16.0
25.67
25.67
32.33
14.67
21.0
12.67
8.33
17.67
16.33
27.0
15.0
20.67
25.0
21.67
19.67
21.0
13.67
24.0
16.33
21.33
11.0
12.67
9.0
14.67
12.33
10.0
16.67
13.33
25.0
13.67
8.33
20.67
9.67
6.0
10.33
20.67
11.0
8.33
18.67
12.0
2.33
11.33
7.33
13.33
5.67
-4.33
3.0
15.33
5.33
16.67
10.0
4.0
8.67
7.33
6.33
-1.0
-1.67
9.0
8.0
0.0
8.33
2.0
-3.67
1.0
4.0
9.67
15.33
-4.67
6.67
8.0
5.67
18.33
7.33
5.67
15.67
1.33
14.67
7.0
15.33
3.33
8.33
19.33
25.33
10.0
13.67
13.33
20.0
20.0
17.33
8.33
28.0
4.33
35.33
24.0
13.0
45.0
54.33
26.67
25.0
26.33
26.67
23.67
25.0
21.0
34.0
28.67
23.67
7.33
24.33
10.33
17.67
4.67
5.67
3.67
8.0
12.33
25.67
21.33
8.0
3.67
21.33
21.0
3.0
22.33
19.33
6.0
16.33
24.33
17.67
12.0
13.0
13.0
6.0
4.0
23.67
8.0
19.67
10.33
8.0
0.0
8.33
12.33
12.33
19.67
16.33
8.67
17.67
13.67
9.0
22.0
5.0
3.67
2.67
0.67
11.67
12.67
12.67
4.0
-7.67
6.0
1.67
6.67
8.0
18.33
-0.33
3.33
10.33
5.0
5.33
10.33
10.67
2.0
10.0
-2.33
7.33
7.67
12.33
3.0
16.67
4.33
-2.67
-5.67
12.67
5.33
14.67
12.67
19.67
14.67
16.67
0.67
20.0
5.33
16.33
13.67
8.33
-0.67
10.33
6.0
5.0
18.67
12.33
3.67
5.0
16.33
-0.33
-0.33
1.67
6.33
10.67
16.67
3.67
3.0
7.0
11.33
3.33
1.33
9.0
5.67
14.0
4.67
15.33
2.0
0.0
7.0
2.67
10.33
13.33
6.33
11.0
5.33
9.33
19.33
8.67
5.67
11.67
7.33
-8.67
6.0
-2.33
-1.33
10.33
4.0
5.33
4.0
10.33
-4.67
-3.67
8.33
8.67
-1.0
-4.0
14.0
8.0
7.33
5.33
0.67
7.0
5.67
4.33
6.33
17.33
-1.33
8.0
4.0
1.33
8.67
12.33
4.0
11.67
6.0
4.0
15.67
3.0
10.67
8.0
8.33
3.67
17.67
6.0
17.0
13.0
-6.33
14.0
7.67
12.33
1.0
19.33
15.67
4.33
11.0
16.33
2.67
12.33
9.33
7.0
5.0
7.0
0.33
6.0
7.33
7.67
3.33
-1.33
14.33
1.67
11.67
-4.0
10.67
2.33
15.33
6.67
8.0
12.0
13.33
17.67
17.67
8.67
7.0
22.33
16.67
14.33
23.33
16.33
13.67
7.67
5.0
4.0
15.0
7.33
9.67
0.0
-2.67
3.0
-5.67
12.0
2.67
1.0
0.67
5.67
10.67
16.0
12.0
3.67
8.33
-2.67
12.33
12.33
8.67
6.67
5.67
27.67
3.33
10.0
3.33
1.33
2.67
10.67
10.33
14.33
17.33
23.33
9.67
4.67
14.0
6.67
4.0
2.0
-1.67
6.67
10.67
4.0
2.0
7.67
7.33
7.33
8.67
-4.0
3.0
3.67
-1.67
3.67
6.33
7.33
9.67
1.0
18.67
15.67
17.33
16.0
0.67
-0.67
27.0
-1.0
12.67
9.0
2.33
16.33
-5.33
4.33
4.67
8.0
13.67
-4.0
-1.67
4.0
11.33
0.67
-1.0
-6.33
5.33
12.67
1.33
7.67
-4.67
7.0
9.67
7.67
5.0
-3.67
5.67
-3.33
3.33
4.0
8.67
3.67
-8.0
5.67
1.67
11.0
11.33
13.67
12.0
2.0
-10.33
-1.33
14.33
3.0
1.67
3.67
4.67
3.33
-5.67
5.67
0.33
3.0
1.0
-0.33
4.33
4.0
5.67
4.67
12.67
0.0
2.0
2.0
-0.67
-5.33
10.67
15.67
-4.0
-4.0
1.0
-6.0
11.0
2.33
9.0
2.33
3.67
3.33
8.33
6.0
5.0
1.0
3.0
5.33
0.0
4.0
4.67
1.67
0.67
-5.0
6.67
7.0
0.0
-3.0
3.0
3.67
5.0
5.67
3.33
0.33
1.33
5.33
1.0
3.33
-5.67
2.67
2.0
3.0
0.33
3.33
10.33
6.67
15.0
5.67
1.33
4.0
3.33
6.67
20.33
3.33
-0.67
-6.0
4.67
15.0
-1.33
3.33
-5.0
14.33
3.0
2.67
1.33
-2.67
7.67
9.0
8.67
8.0
-8.0
0.33
-1.33
10.33
-0.67
0.0
5.67
6.67
9.0
7.0
2.33
6.67
13.0
8.67
14.33
3.67
7.0
6.33
-2.33
2.67
-3.0
-5.33
6.33
1.33
0.0
-6.0
13.67
-1.67
-2.33
-3.0
-3.0
-5.67
5.33
3.67
1.67
3.33
2.33
8.67
-1.0
7.33
-5.0
2.67
10.67
2.67
-1.67
8.33
1.67
5.0
11.0
0.67
8.0
1.67
10.67
7.67
15.33
4.33
1.67
7.33
6.67
0.33
6.33
4.67
3.0
1.0
-3.0
10.0
2.67
1.67
13.67
4.33
5.0
5.33
12.0
4.33
1.33
-1.33
-7.0
6.33
1.33
5.0
7.67
8.33
-1.33
1.33
3.33
-1.33
-5.33
0.33
5.33
6.67
-1.33
3.0
-1.33
-0.67
4.33
4.33
4.33
2.67
0.67
5.67
4.67
-1.67
-4.67
15.67
6.0
6.33
4.33
4.0
3.0
2.0
-2.33
4.0
-3.0
1.67
7.0
7.33
6.33
8.67
2.0
8.0
-1.67
5.67
2.67
12.33
1.0
4.67
7.67
7.0
-2.0
2.0
4.0
0.67
-0.33
-4.67
6.67
0.0
4.0
8.67
2.33
0.0
8.67
3.0
3.0
-1.67
4.0
8.33
-7.0
0.33
6.0
3.0
3.33
5.33
2.33
8.0
-1.67
0.67
4.33
3.0
2.33
-5.67
0.67
0.33
-2.67
11.0
5.33
9.0
-3.33
-2.67
6.67
0.0
6.0
7.33
-1.0
7.0
-0.67
-1.33
1.33
-2.33
6.33
1.0
5.67
4.33
4.67
-1.67
0.0
2.33
8.0
4.33
2.67
3.33
5.0
2.67
9.33
-1.0
7.67
7.33
4.0
5.67
-2.67
4.67
4.0
8.33
4.0
6.67
-0.33
1.67
8.33
7.67
-2.0
0.67
3.67
8.67
6.0
4.0
-1.33
5.33
10.0
3.0
2.67
4.67
3.0
-1.67
5.33
5.0
-0.33
2.0
3.0
-1.33
8.0
3.33
5.0
1.67
-1.33
-0.67
2.67
0.33
0.67
1.33
2.33
6.67
9.33
-2.33
3.0
-0.67
5.0
0.0
-1.0
-2.0
3.67
-0.33
8.33
6.0
1.0
-2.0
-2.67
3.0
2.33
4.33
-1.33
3.33
1.67
8.0
-1.0
-1.33
-1.0
0.67
-6.33
1.67
3.67
7.0
8.0
6.0
6.0
4.67
4.33
0.0
0.67
2.0
3.0
-1.33
0.33
2.0
1.0
