0.0
-52.67
-98.33
-12.33
-80.33
-99.0
-35.33
-95.33
-94.0
-84.33
-73.0
0.0
-16.0
7.33
-78.67
-31.33
-58.33
-11.33
23.0
-3.33
-31.67
8.0
4.0
-1.67
32.0
12.67
10.33
4.0
9.0
2.67
10.0
-1.0
-2.33
-2.67
2.33
1.67
-2.0
-3.0
-1.33
0.67
0.67
1.0
-1.33
0.33
-0.33
0.33
-0.33
1.0
0.67
-0.67
0.0
-1.0
0.0
0.33
0.0
0.0
0.67
0.0
-0.33
0.0
0.33
0.0
-0.67
-0.67
-1.0
1.0
0.0
0.67
1.0
-0.67
-1.67
0.33
-0.67
-0.33
1.0
-0.33
0.0
-0.33
0.0
2.67
-0.67
0.0
-0.33
3.67
-0.33
2.0
0.0
0.0
1.33
1.0
-0.33
-0.67
-1.0
0.67
0.0
-1.0
1.67
-0.33
1.0
1.33
-0.67
0.33
-0.67
0.33
1.67
0.33
1.33
0.67
-1.0
0.67
1.0
3.0
1.67
0.67
-1.67
4.33
-1.0
2.33
2.33
2.0
1.33
4.67
0.67
0.67
-2.0
1.33
-3.0
-3.0
-4.33
2.0
3.67
4.33
4.0
-1.67
2.33
-4.67
6.0
5.0
7.33
-6.0
-0.33
-5.33
4.67
-2.33
6.33
2.33
4.0
-1.0
7.33
1.33
7.67
-1.33
-2.67
-3.0
1.33
2.0
0.33
-4.33
1.0
5.33
-2.0
3.67
-0.33
1.33
2.0
4.33
4.0
1.33
2.33
-2.0
2.67
2.0
4.33
-3.33
2.0
3.33
2.0
-1.33
2.0
-1.0
4.0
8.67
-2.0
-2.0
13.0
-0.33
3.67
13.67
5.67
-2.33
-0.67
1.0
1.67
0.0
3.0
-2.67
2.0
3.0
0.67
3.33
7.0
9.33
6.33
-0.67
1.67
4.0
4.67
-0.33
1.0
3.67
-1.67
2.67
-3.67
5.0
7.33
8.33
7.67
10.67
2.33
5.0
4.0
7.0
2.33
9.0
12.0
1.33
-1.67
6.67
2.33
2.33
9.33
3.67
4.67
11.0
4.67
-1.0
7.33
2.67
10.0
3.67
-2.67
4.67
4.67
0.33
6.33
6.33
7.0
-2.0
2.0
-0.67
5.67
8.33
11.33
0.0
-0.67
3.67
7.0
0.0
3.67
5.67
6.33
-2.0
-0.33
3.33
0.67
-0.67
-2.33
2.33
1.0
6.0
3.33
-1.0
2.33
-0.67
-1.0
-0.33
7.0
-1.33
1.33
1.33
2.67
11.0
6.0
3.67
6.33
5.0
5.0
3.33
6.67
5.33
9.33
3.0
-2.0
0.33
3.0
6.0
1.33
10.0
1.67
-2.0
6.33
2.33
7.33
4.67
0.67
-0.67
3.0
-0.67
9.0
7.0
6.0
4.0
0.33
-0.33
1.67
-3.67
7.67
4.67
3.33
-2.67
8.67
0.33
2.0
-3.67
-0.33
5.67
4.67
0.0
-2.67
2.0
2.0
1.0
0.67
2.33
4.33
2.0
6.33
4.0
-1.0
7.33
2.67
1.33
4.67
-2.33
-4.0
7.0
2.33
1.33
2.67
8.33
7.67
1.0
8.33
7.0
-6.0
1.33
-1.67
4.33
1.67
-1.67
3.0
3.67
-2.33
2.0
2.33
5.0
6.33
4.33
1.0
1.0
2.0
2.0
6.0
-5.33
0.0
2.67
-9.33
5.33
1.67
5.0
-2.67
-3.33
-2.33
6.33
-1.67
2.67
3.67
2.0
-1.33
3.67
4.67
5.67
-0.67
1.0
7.33
3.0
4.0
-1.33
6.0
10.0
-3.67
0.67
3.67
1.67
2.33
3.67
4.67
1.67
-0.67
2.0
7.0
-4.33
6.0
-1.0
0.67
4.67
0.67
0.0
5.67
4.0
7.0
-3.33
-2.33
-2.67
0.0
-4.33
1.33
5.67
0.67
1.67
8.0
-0.33
0.33
-1.0
1.0
2.0
4.0
1.33
2.67
4.33
0.67
1.0
0.67
-2.67
1.33
-0.67
2.0
-0.67
1.0
4.0
0.0
-0.33
0.67
3.0
4.0
3.67
4.67
-1.0
3.67
2.67
-1.33
1.33
-4.33
7.67
4.0
-4.0
6.67
0.0
0.67
4.0
1.0
0.67
-1.33
4.33
-1.33
0.67
4.67
0.33
0.33
-2.33
0.33
4.33
-3.0
5.0
1.0
0.67
0.0
4.33
6.67
7.33
-2.0
3.0
1.33
-5.33
-2.67
5.0
4.33
3.33
-4.67
0.0
1.67
1.33
-1.33
-3.33
3.33
-6.33
-1.33
3.67
2.0
0.33
3.33
-4.0
-1.33
1.0
7.0
-2.67
2.67
3.0
1.67
5.33
-1.0
1.0
3.0
0.67
-3.33
4.33
2.67
0.0
7.33
3.67
-1.0
-0.33
1.0
3.67
1.33
3.33
0.33
2.0
10.33
1.33
-2.0
-0.33
0.67
-0.67
8.0
3.33
4.0
-4.67
0.67
1.0
4.33
6.0
-4.0
3.0
1.33
0.0
0.33
1.0
0.0
0.0
-1.33
1.67
3.33
-0.33
2.33
-2.0
-1.0
5.33
-3.0
0.0
-1.67
0.33
1.67
0.0
1.33
-0.67
-0.33
-1.0
-0.67
-1.33
3.0
-1.33
0.67
-0.33
-1.0
2.0
5.0
-2.0
-0.33
4.33
-3.33
-0.33
-0.33
-0.33
0.0
3.0
3.0
0.0
-1.0
0.33
-1.33
0.0
3.67
3.0
-0.33
1.0
-2.33
-1.33
5.67
2.33
-0.33
7.67
-1.0
1.67
-2.67
-3.0
4.67
5.33
0.33
-1.0
-2.33
0.0
-4.33
-1.0
0.67
5.33
-2.33
-3.33
-3.0
-3.0
4.67
-5.67
-1.0
-0.67
1.33
-1.0
-2.33
-1.0
-5.67
5.67
6.0
-1.0
-1.67
-1.33
-2.0
-0.33
-1.67
2.33
0.67
1.0
-0.33
-1.33
-2.33
-2.0
-0.67
-1.0
4.67
1.33
1.0
-3.0
-3.67
2.33
-1.67
-0.33
-1.0
-4.33
-5.33
-7.0
-0.67
-2.0
-1.67
0.67
-5.67
-3.33
0.67
0.67
0.0
3.0
-5.33
-2.67
-0.67
-1.0
-0.67
-5.0
-1.33
-2.0
-0.33
-0.33
-2.0
-3.0
-2.0
-1.33
5.0
-2.0
-0.33
-3.33
0.0
-7.67
-0.33
-2.0
4.33
-4.67
-4.67
-1.33
-3.0
-3.33
7.33
-2.67
1.33
-3.0
-2.33
-7.0
4.67
-3.0
-3.33
-4.33
-5.67
-2.0
-9.67
-6.33
-8.67
-5.33
-5.0
-3.33
1.33
-0.33
-5.67
2.67
-0.33
-7.0
-2.0
-8.0
-2.67
1.0
-7.67
0.33
-2.0
-2.67
-6.0
-8.33
-5.33
-7.0
-5.33
0.67
-4.33
0.67
-4.67
1.0
-1.0
-2.33
-2.67
0.0
-8.0
-1.33
-1.0
-6.0
-3.0
-4.0
-0.67
-2.0
-4.33
-2.67
-0.33
-2.33
-1.0
-4.67
-2.0
-5.67
-3.0
1.33
-8.0
-1.67
-7.33
-0.33
-4.33
2.0
-2.0
-1.67
0.33
-11.67
0.33
-4.33
-4.67
-3.67
-5.33
-2.67
2.0
-4.0
-2.0
-4.0
-7.67
-6.67
-1.33
1.0
-5.67
2.0
-2.0
-6.67
-2.67
-5.33
-9.0
2.0
-8.67
-8.33
-4.67
-1.33
-5.33
3.67
-1.33
-8.33
3.0
-7.67
-5.33
2.33
9.33
-2.67
-5.33
-0.33
-3.67
-3.33
-1.33
-0.33
-2.67
-2.0
0.0
-8.33
-1.33
-8.67
2.0
0.67
-7.0
-12.67
-4.0
-8.0
-2.33
2.0
4.0
-5.0
-8.0
-12.67
-5.0
-6.33
-6.67
-0.33
-3.33
-5.0
-8.0
-1.67
-4.33
3.67
-2.33
-6.33
-5.67
-3.0
-1.67
-5.0
-1.67
-2.33
3.0
-3.33
-0.67
-3.67
8.0
-7.33
-5.67
-4.0
-1.33
-9.67
-3.0
-7.0
-4.33
-3.33
-2.67
-6.33
-4.67
-5.0
-1.67
-12.33
-4.33
-2.33
6.33
-0.67
0.0
-2.33
-6.67
4.0
2.0
-6.67
-1.67
-5.67
-1.0
-1.67
-2.0
2.0
1.0
3.33
0.0
-5.67
3.33
-6.0
-11.0
-1.67
2.0
-2.67
-6.33
-2.33
-2.0
2.67
-2.33
-6.33
-5.0
2.33
0.33
4.67
1.0
-1.0
8.0
-8.33
-6.67
-3.33
1.67
0.67
1.0
8.0
3.0
16.0
2.67
8.0
18.67
29.0
38.33
34.33
41.67
50.33
52.33
63.33
68.67
72.33
66.33
65.67
58.0
50.67
57.0
39.0
32.0
38.0
26.0
26.67
25.67
24.33
20.67
5.67
12.67
3.0
-7.33
2.67
5.33
-2.0
-6.33
5.67
-7.0
-8.67
-2.67
-7.33
-4.33
-6.33
-4.0
4.33
1.33
-8.33
-5.67
-7.67
1.67
-1.33
-1.67
5.0
-4.67
11.0
2.0
1.67
1.67
6.0
0.33
7.33
6.67
5.67
10.67
2.67
7.33
-4.67
2.33
-3.33
9.67
10.0
-5.0
0.0
-2.0
-3.67
4.67
11.67
9.67
2.67
7.33
-1.33
-4.67
-3.33
-2.67
4.67
8.33
2.33
4.33
1.33
4.67
8.0
8.0
6.0
18.0
8.33
6.33
18.33
12.0
17.67
18.33
14.67
19.67
5.33
10.67
15.67
13.67
9.33
12.33
10.0
11.0
10.0
1.67
0.0
-0.33
2.67
5.33
-3.0
13.33
10.67
9.67
1.33
2.67
1.33
13.67
10.0
9.67
9.33
10.33
28.33
15.0
28.0
7.0
20.0
18.33
15.33
18.67
8.33
12.67
12.67
10.0
13.0
4.33
10.67
13.0
15.33
11.0
3.67
22.0
11.67
8.67
10.33
8.67
0.67
7.33
15.0
12.67
10.67
3.0
9.67
7.67
8.33
11.33
-0.67
4.33
10.33
9.0
6.67
9.67
8.33
12.0
16.0
11.33
14.33
9.67
5.0
3.33
10.67
19.67
14.67
8.0
7.33
6.33
8.67
13.67
2.33
5.0
14.67
7.33
14.0
11.0
4.33
9.33
3.67
7.67
7.33
4.0
7.0
-1.0
4.67
3.33
9.67
16.67
9.0
25.0
13.33
13.33
14.0
3.33
9.33
15.0
1.67
4.67
5.33
10.33
4.67
3.33
9.33
6.67
6.67
7.67
7.33
4.0
1.0
6.67
6.0
11.0
14.0
7.0
-1.0
2.0
1.33
2.67
4.67
9.0
9.67
0.67
9.33
10.67
7.33
7.33
-1.33
4.0
-0.33
11.33
9.33
-3.67
6.67
15.0
15.67
16.33
17.33
7.0
11.33
25.0
18.67
11.67
14.67
5.33
19.33
21.0
28.0
24.0
42.0
40.67
60.33
79.67
79.33
73.33
89.67
104.67
109.67
146.33
152.67
171.0
157.0
164.67
138.67
144.0
142.0
93.33
111.67
86.33
77.67
46.67
54.33
36.33
26.67
29.33
37.0
28.67
26.67
19.33
27.33
25.33
19.33
29.33
18.67
32.67
19.0
41.67
29.33
33.67
42.67
34.67
22.67
25.0
26.33
24.67
13.0
32.0
33.0
35.33
24.0
17.67
37.0
36.67
48.67
41.33
43.67
30.0
35.67
47.33
45.67
37.33
43.0
64.0
28.67
37.0
31.67
33.67
34.0
23.67
25.0
17.33
25.33
23.0
9.67
25.0
13.67
27.33
19.0
9.67
7.33
14.0
8.67
11.33
9.67
1.67
3.0
6.33
15.67
25.0
7.33
6.67
12.0
5.33
11.33
2.33
16.33
14.67
3.67
5.0
4.33
11.33
9.67
9.0
0.0
14.67
6.33
-4.67
11.0
2.33
0.0
4.0
-2.0
8.33
-1.0
6.33
6.0
6.0
5.67
8.33
17.33
-0.33
11.0
16.67
7.33
7.33
11.67
8.67
9.33
15.67
23.0
8.33
6.33
10.33
7.33
18.33
10.0
13.67
14.33
10.0
28.0
21.33
16.33
19.0
21.33
32.33
17.0
28.0
21.0
21.33
14.67
23.0
26.33
9.67
32.67
29.0
16.0
22.0
22.67
23.67
19.33
23.33
12.33
33.67
9.67
14.67
12.67
18.0
18.33
19.67
9.33
15.0
17.67
23.33
22.0
10.0
23.33
16.33
20.0
12.33
16.33
7.67
21.0
-3.0
15.0
3.0
15.0
7.67
13.0
15.67
11.33
-6.0
3.0
8.33
10.33
5.33
2.67
3.33
19.67
20.67
2.67
9.0
1.0
3.0
13.67
6.67
3.67
-2.33
6.67
4.67
3.0
11.33
12.0
8.67
-0.33
15.0
20.33
10.67
4.33
9.33
2.0
5.33
7.33
18.67
5.0
2.0
-2.33
6.33
-2.33
12.33
8.0
8.67
16.33
-1.67
14.33
13.67
9.33
8.67
10.67
7.67
11.67
21.67
7.67
11.0
5.33
1.33
7.67
15.33
9.33
5.33
-3.0
6.0
-1.33
7.33
-2.33
2.0
23.33
16.67
-3.33
7.67
4.33
0.67
8.67
25.67
2.0
11.0
-5.67
20.33
5.33
12.0
5.67
2.0
3.67
0.33
21.0
15.0
11.0
11.67
0.33
-4.67
9.33
15.0
10.33
-1.67
7.33
2.67
2.67
6.67
-5.67
-0.67
8.0
-2.33
10.67
-2.67
13.0
12.33
15.0
10.33
0.33
-8.67
10.33
8.67
-1.0
13.0
10.0
4.0
9.33
6.33
4.67
14.0
-2.33
0.33
9.33
8.33
4.67
10.0
14.0
0.33
9.67
-3.67
6.0
-3.33
10.0
-1.0
-4.33
10.0
13.67
3.0
5.33
-6.33
0.67
5.0
1.0
-5.0
-6.33
6.0
14.67
3.33
4.0
8.33
8.67
13.33
12.0
-3.67
0.67
3.33
1.33
1.0
-5.0
3.0
3.33
12.0
14.33
10.67
6.33
-0.33
17.33
6.67
-1.33
2.0
-2.33
-1.67
7.33
13.67
6.0
12.0
14.33
9.67
-3.33
5.67
13.0
13.33
3.67
13.33
6.33
3.33
13.67
15.67
7.0
8.0
31.0
5.33
-0.33
11.0
6.33
8.0
7.33
10.0
4.67
13.0
10.67
0.67
1.67
-12.0
10.0
-1.33
8.33
6.33
14.33
9.33
11.67
9.67
-3.33
-3.33
0.33
2.0
6.33
9.33
1.67
10.67
13.33
7.33
-0.67
12.33
6.67
11.67
11.0
13.67
3.0
-8.0
6.33
2.67
11.67
3.0
0.0
7.67
16.33
2.33
3.67
13.0
10.0
19.67
16.33
-0.33
10.33
3.33
4.67
-5.0
-0.33
5.67
11.33
20.0
13.67
16.33
13.0
10.0
4.67
13.0
-0.67
12.33
3.67
12.33
9.67
12.0
1.67
-3.0
-1.67
11.0
10.33
-7.33
-4.0
6.67
4.33
14.67
-2.67
6.67
-3.67
12.0
-2.33
5.67
12.0
-6.67
16.67
-3.33
5.33
-3.0
5.67
1.67
5.0
12.67
8.67
18.0
5.33
11.67
0.0
-8.0
-4.33
1.67
3.33
3.0
3.67
7.67
-4.33
9.33
-0.67
17.67
13.33
-3.0
10.0
4.67
2.33
4.0
6.67
14.67
2.67
10.0
0.0
12.0
-6.67
-3.33
6.67
8.67
-3.0
-2.0
-4.0
-2.0
-3.0
-0.67
3.0
3.33
10.67
3.33
7.33
2.0
-3.0
-4.0
18.0
-1.67
-5.0
4.0
9.67
5.67
-1.33
-1.0
7.67
10.0
-1.0
3.0
7.0
0.67
6.0
-4.33
-1.67
5.33
4.33
2.33
4.0
4.33
3.33
5.67
5.0
5.0
2.33
-5.67
11.33
0.67
7.0
6.67
13.33
-6.0
6.33
3.67
14.33
7.33
-9.67
2.0
2.67
15.0
7.67
-1.67
6.0
8.33
3.0
16.67
0.33
8.33
-5.33
7.0
3.67
3.0
13.0
10.33
-4.33
0.33
-4.67
12.0
3.67
-0.33
2.0
8.0
-1.67
4.67
6.0
5.67
1.33
-2.33
2.0
2.33
0.67
6.67
-1.0
4.67
2.33
0.33
11.0
12.0
3.67
2.33
-1.33
2.0
-3.0
0.33
-0.67
4.67
-5.33
2.33
6.33
2.67
5.0
5.33
2.0
-2.33
13.67
2.67
-3.67
-5.67
-1.33
0.0
3.0
-4.33
3.0
1.67
0.67
4.67
0.33
3.33
-0.33
5.33
1.67
-3.67
5.33
2.67
12.0
-2.0
4.0
1.0
5.67
6.67
-0.33
4.33
6.0
-0.67
12.0
-1.67
6.33
4.67
5.0
4.33
11.33
1.0
-0.33
2.33
0.67
13.33
3.33
0.67
3.67
-2.67
6.33
6.67
-0.33
4.0
1.67
-2.67
2.33
2.33
9.33
1.67
6.67
-1.33
12.67
8.33
-2.67
-1.33
2.0
-0.67
5.33
9.0
3.0
4.0
1.67
-4.0
-7.0
-0.33
2.0
10.33
8.33
7.67
8.0
1.0
-0.67
10.67
7.67
4.33
0.0
3.67
-5.33
8.0
10.0
5.0
5.0
-3.33
-1.33
-0.67
3.67
-1.0
-6.0
4.67
-1.67
6.0
1.67
-2.0
1.0
2.33
1.0
-3.67
-2.0
6.33
6.0
-2.0
2.33
4.33
-4.67
0.0
0.33
1.67
-2.67
-1.0
-1.67
1.33
2.67
4.33
-0.67
-1.0
1.33
11.0
-2.33
-1.67
-4.33
-3.0
1.0
-0.67
-5.0
6.0
3.33
3.67
4.33
4.67
-1.67
2.0
5.67
3.33
4.67
1.33
5.0
-0.67
10.0
4.33
4.67
-1.67
-1.0
0.67
5.33
0.0
11.67
4.33
4.0
1.67
4.33
4.67
3.0
3.33
8.0
2.67
1.67
0.67
0.33
9.67
-2.0
6.67
3.67
5.67
8.0
1.0
4.67
2.33
9.0
6.0
7.67
4.67
5.0
1.33
2.33
2.0
7.67
2.0
4.0
7.67
8.0
3.33
4.0
4.67
2.67
-2.67
0.67
-1.67
2.67
1.33
5.33
5.67
0.33
-0.33
3.0
5.33
8.0
2.0
0.0
4.0
-4.33
3.67
-1.67
3.0
0.0
5.0
2.33
9.0
2.33
1.33
0.67
-0.67
2.67
-5.0
4.0
3.67
-4.0
-0.33
-0.33
3.67
2.67
5.0
10.0
0.0
7.0
9.67
11.33
-2.0
0.67
1.0
5.0
3.67
1.33
8.0
9.0
