0.0
-12.67
-96.33
-51.33
-17.33
3.0
-14.33
18.67
-2.0
22.67
-7.0
21.0
-69.0
0.33
14.33
-44.33
-4.33
-36.33
28.0
30.67
-14.67
15.0
-17.0
11.33
-5.0
-4.33
3.33
2.0
7.0
-8.33
1.0
5.0
-5.33
0.33
-3.67
2.67
-2.0
-1.0
-1.33
-1.33
-0.33
1.0
0.67
-0.67
0.67
-0.67
-1.33
0.0
-0.33
-0.67
0.0
-1.0
1.0
-0.67
0.0
2.0
-0.33
0.0
0.67
1.0
-0.67
1.0
-0.67
0.33
-1.0
0.0
1.0
-0.33
1.0
-0.67
-1.67
-0.67
0.33
-0.33
1.0
-0.33
2.0
0.67
1.0
-0.33
-1.67
0.0
-0.33
-0.33
-0.33
0.0
0.0
1.0
-0.67
-1.0
1.67
-0.67
1.0
1.67
-1.0
-1.0
-0.33
2.67
2.0
1.33
2.33
1.33
0.33
0.33
0.67
-1.67
0.33
-1.33
2.0
-1.33
-2.0
2.0
-0.33
2.67
-1.67
1.33
2.0
-3.67
6.33
1.0
-0.67
4.67
-1.33
-4.33
4.0
2.33
1.0
-1.0
1.67
2.0
-0.33
-2.67
5.0
2.33
4.33
-1.67
-4.0
2.0
5.33
-2.0
0.67
-0.33
4.67
2.67
2.33
0.33
-1.0
4.0
-1.67
10.33
7.67
4.67
0.33
6.0
8.33
2.0
-5.67
-1.33
6.0
-1.67
8.0
5.67
11.67
1.33
-2.0
5.33
2.0
-4.67
4.33
-1.0
4.67
5.0
4.33
-2.33
0.0
0.33
9.0
9.67
-1.0
-3.0
-5.0
-1.33
5.0
0.0
9.0
-0.33
-0.33
6.67
3.67
-1.33
-1.67
5.0
4.67
-5.0
1.0
-0.67
0.0
3.0
3.67
8.33
2.0
2.33
0.33
-4.67
6.67
1.0
5.67
2.67
-3.0
4.67
4.33
-2.33
1.33
6.0
1.33
2.33
-7.33
8.67
3.33
12.0
-1.0
6.0
5.33
-2.0
9.0
-1.67
2.33
5.67
10.33
1.33
4.33
-0.33
0.67
2.0
-2.33
0.0
5.33
5.67
-3.0
10.67
6.33
7.67
4.67
4.33
4.33
4.33
3.0
-10.0
1.0
3.33
-0.33
4.33
-1.67
-4.0
1.33
2.67
12.0
3.0
4.67
2.67
12.33
12.0
2.67
10.33
-1.33
-0.67
9.67
0.33
4.0
8.0
0.33
2.0
4.33
3.33
6.0
3.67
1.0
7.67
0.33
2.33
1.67
4.0
3.0
4.67
0.33
2.0
8.0
4.33
3.67
4.33
-1.67
0.0
5.0
9.33
2.0
4.0
-0.67
6.0
0.67
-2.0
0.33
1.33
2.33
8.67
-1.33
11.33
5.0
1.33
9.0
-6.0
6.0
0.0
-0.67
-4.33
1.67
2.33
4.67
-0.33
11.33
-2.67
2.67
1.33
5.0
0.33
-0.33
6.67
0.67
-2.0
-0.67
-1.0
3.0
-1.0
17.67
2.33
6.33
3.0
-3.67
-3.0
5.0
3.33
3.67
-1.67
-3.33
1.67
0.0
-1.0
-0.67
1.33
-1.33
3.33
2.67
4.0
5.33
1.0
4.0
-7.67
-1.67
3.33
1.67
0.33
2.0
2.67
2.67
5.0
2.33
10.0
-0.67
1.33
4.0
1.0
7.0
2.0
3.0
-1.33
3.0
-1.33
0.67
0.33
0.67
3.0
4.33
5.67
-1.33
9.33
0.33
0.67
1.67
5.0
0.67
3.67
-0.33
7.67
3.33
3.0
2.33
-3.0
-2.0
2.67
5.0
11.0
-4.67
4.67
4.67
2.67
3.33
4.67
2.67
2.67
0.33
10.0
1.0
-2.33
2.0
1.0
-2.33
7.67
0.67
-4.0
-2.33
0.0
-3.0
-1.33
-4.33
9.33
-1.0
-2.33
1.33
7.67
-1.33
-2.33
5.0
-6.33
0.33
0.0
2.0
4.0
0.0
-0.67
0.67
-3.67
2.67
-1.0
2.67
-0.67
3.33
-2.67
2.0
2.33
-3.0
1.0
6.0
2.67
-1.33
-4.0
0.0
-1.33
1.67
4.0
0.67
2.67
0.67
1.33
-2.33
2.67
3.0
1.0
8.67
0.0
6.67
4.0
-3.0
6.67
0.67
5.33
4.67
3.67
0.67
0.33
10.33
-1.33
6.33
0.33
0.0
3.0
1.0
-0.33
2.0
-0.67
-4.33
-0.67
5.0
5.0
2.33
1.67
4.33
1.0
-0.67
3.33
-1.67
-1.0
1.67
0.33
-1.33
-6.33
1.33
-1.33
-1.33
2.67
6.0
-0.67
0.33
0.0
0.67
-2.0
5.0
-4.67
-2.33
1.0
-0.33
3.33
1.0
4.0
3.0
-0.33
-0.33
4.33
2.67
3.0
1.33
0.67
6.0
-0.33
0.0
1.67
1.33
8.33
0.33
7.0
-2.67
2.33
2.0
-0.33
-0.33
4.33
0.0
-0.67
-1.0
2.33
4.67
2.0
-0.67
7.0
-1.0
-3.0
-1.67
5.0
1.33
2.0
-3.0
10.0
-0.33
0.67
-0.67
4.67
2.33
2.0
0.0
-3.67
5.0
-2.0
-2.67
-0.67
2.67
7.0
-0.67
-0.67
-6.33
0.0
0.33
2.67
1.0
0.67
-2.33
-1.33
0.0
0.0
0.0
5.0
-2.33
7.33
-3.33
0.67
0.67
2.67
3.0
1.0
6.0
5.0
2.0
0.33
5.67
0.0
2.67
-2.0
0.67
6.0
0.67
3.67
6.67
2.33
0.67
3.67
-5.0
2.67
-2.67
1.0
3.67
0.33
0.33
4.0
0.67
5.0
-2.33
1.0
-0.33
0.33
-1.33
-6.33
-1.0
-3.0
0.67
-2.67
5.0
1.33
1.33
-3.0
-3.33
1.0
3.33
0.67
2.0
0.0
0.33
-2.33
-2.0
-0.33
-3.67
0.33
-3.33
-2.0
-1.33
-1.33
-2.33
-2.0
0.33
-1.0
-2.33
4.33
2.0
-5.0
-1.67
-2.67
-1.67
0.67
-2.0
-2.33
8.67
-4.0
0.33
-2.0
-3.67
0.67
4.33
0.67
0.67
2.67
-3.0
1.0
-3.33
0.33
2.33
0.0
-1.67
0.0
6.67
0.0
4.67
-1.33
-2.0
-2.0
-1.0
-0.33
3.0
-1.0
-0.33
-2.33
0.0
-6.67
-3.33
-6.0
0.33
-0.67
-7.67
-3.33
0.0
0.67
-1.67
-2.67
-3.67
1.0
-1.33
-2.0
-3.33
-1.0
-2.33
4.67
-3.67
-1.0
-4.67
-3.33
-3.67
-5.33
-8.0
-7.33
-2.67
-1.33
-3.67
-3.33
-0.33
-7.0
5.0
-6.0
-5.67
-5.0
-6.67
-0.67
-3.0
-6.67
-1.0
0.67
1.67
4.0
-7.33
-5.33
-6.33
0.67
-3.67
-2.0
-1.0
-1.33
-0.67
-4.0
-4.0
2.67
-6.0
0.0
-2.0
-8.0
-4.67
0.0
-1.33
-3.67
-6.33
2.67
6.0
-8.67
-8.0
-0.67
0.0
1.33
0.0
0.33
2.67
-6.33
-2.33
5.0
-1.0
1.33
1.33
-5.67
-3.67
-10.33
-10.67
-3.67
-6.33
-9.67
-1.0
-6.0
-5.0
-1.0
-2.67
-6.67
-2.33
-2.0
-2.67
-2.0
-11.0
-4.67
-8.67
-2.33
-6.0
3.0
-6.67
-2.33
-6.67
-5.33
0.67
1.67
-6.33
-8.33
1.0
-4.67
-0.33
-2.67
5.33
2.33
-8.33
-0.33
-2.67
1.67
-4.33
-2.33
-1.67
-6.0
-7.0
-3.33
5.67
-3.67
-1.0
2.67
-6.0
-9.67
4.0
-11.0
0.67
4.0
4.0
-1.0
-1.0
-1.67
-5.0
-0.33
-4.67
-1.33
2.67
-7.0
-3.0
-0.67
8.67
6.67
-1.33
8.67
3.33
-2.0
-5.67
-1.0
-8.67
-5.33
-5.0
0.67
7.33
-1.67
-5.0
1.67
-0.67
-6.0
2.67
-5.67
-1.0
1.0
-9.33
-4.33
-4.67
-8.33
-5.67
-4.0
-4.67
-7.33
2.67
-4.33
-1.67
12.33
-2.0
0.67
-8.67
1.0
-2.0
-7.67
-1.67
-0.67
1.0
3.33
-2.0
0.0
3.0
-2.67
7.0
-6.67
-0.67
2.0
-12.0
-11.67
-8.0
-0.67
-9.33
-6.33
-2.0
7.67
-2.33
0.67
5.0
3.33
-9.67
-1.33
1.0
-6.0
-7.0
-5.33
-2.67
-3.33
9.67
-3.33
-5.0
4.0
8.0
5.0
13.67
21.0
22.67
31.0
45.33
52.33
66.67
59.33
84.33
80.33
81.67
103.33
70.33
73.67
55.0
56.67
48.0
47.0
39.0
31.0
28.0
22.67
19.67
15.33
9.67
14.67
3.67
3.0
2.67
0.67
6.33
4.0
-9.33
-2.33
-7.0
-7.67
-4.67
-3.33
-6.33
-10.33
-9.0
-5.67
-0.67
-3.33
-5.67
4.33
4.67
9.67
5.33
-3.0
11.33
8.0
5.0
4.67
3.67
-1.0
1.33
1.33
17.67
1.67
18.67
18.67
18.33
7.33
8.33
11.67
5.67
3.0
19.0
-1.0
9.0
6.33
3.67
4.67
-6.33
-6.33
-2.67
-1.33
2.33
-9.33
2.33
-3.33
9.33
-2.67
8.33
9.33
-0.33
8.0
20.0
12.0
19.0
19.33
21.33
20.33
43.0
38.67
22.33
24.67
14.67
32.33
12.67
17.67
10.67
7.33
19.33
10.0
6.0
7.0
8.67
4.0
1.67
6.67
2.33
3.0
4.33
18.67
14.67
16.33
16.67
15.33
19.67
19.0
29.67
13.33
25.33
28.33
23.0
29.0
25.0
23.0
15.33
38.33
11.67
24.33
14.67
28.67
17.0
24.0
13.33
15.67
8.0
4.33
14.0
-3.33
7.0
16.67
0.67
14.33
17.67
5.67
18.33
9.0
17.67
0.67
3.0
0.67
13.67
10.33
22.33
5.33
12.33
19.33
13.0
10.67
17.67
12.33
24.0
17.0
12.33
28.33
17.67
10.0
5.33
13.67
11.67
9.67
5.0
9.33
24.33
6.67
12.67
5.33
-2.0
2.67
3.33
6.0
8.0
0.33
3.33
5.67
5.67
5.33
7.0
3.0
-4.0
8.67
5.33
5.67
-0.33
11.0
8.0
6.33
1.33
5.0
0.33
5.33
-2.0
13.67
5.67
4.33
7.33
16.67
7.33
11.33
13.67
17.67
1.67
24.33
-5.0
1.0
-1.33
11.0
10.0
17.0
2.0
18.0
5.0
4.33
-1.33
8.67
7.0
6.67
2.67
0.33
16.67
11.33
4.33
10.67
12.0
11.67
5.33
6.33
7.33
6.67
3.0
3.67
15.33
-1.67
11.0
9.33
16.0
21.67
20.67
19.67
25.33
26.33
24.0
27.0
33.0
33.0
51.67
32.33
40.67
45.33
27.33
30.67
37.67
49.67
40.33
32.67
50.0
37.0
45.67
28.67
44.0
32.0
36.33
39.67
37.33
37.67
23.67
23.33
33.33
31.67
21.33
26.0
17.67
22.67
20.33
14.33
11.33
11.33
22.33
19.67
14.67
18.0
20.67
10.33
28.67
17.67
22.67
13.67
23.0
29.33
11.67
21.0
35.0
20.0
32.33
33.0
39.67
18.0
30.67
28.67
45.33
20.67
34.0
32.67
24.33
22.67
30.33
27.0
26.0
32.67
33.0
29.67
19.67
18.0
36.67
18.0
4.33
22.33
29.0
19.67
20.0
15.67
13.33
9.0
6.67
16.33
12.0
11.67
9.33
10.67
13.67
9.0
14.33
10.67
7.0
18.33
9.67
4.0
5.33
11.33
4.33
8.33
10.67
5.67
4.0
0.33
4.33
10.67
5.0
2.0
5.67
1.33
10.33
0.0
12.33
-3.0
7.0
-2.0
13.33
1.0
0.33
9.0
7.0
10.67
15.33
7.33
1.67
10.0
7.67
10.33
18.33
6.67
15.67
12.33
15.67
12.0
10.33
19.33
-3.67
28.33
20.33
19.0
23.67
11.33
12.0
25.0
16.33
15.33
14.0
15.33
14.33
15.0
17.0
17.0
24.33
14.67
14.0
11.33
22.67
21.67
29.0
5.0
27.0
22.67
16.67
25.33
11.33
19.33
36.67
25.67
16.67
11.67
8.0
16.33
16.67
8.33
11.0
3.67
23.33
19.0
12.0
23.33
8.33
8.0
9.33
19.33
14.67
7.0
12.0
5.0
27.0
5.0
9.67
11.0
19.67
7.33
1.0
21.0
15.33
0.33
12.33
-0.33
11.33
18.67
12.67
6.67
5.0
5.0
15.0
9.67
14.67
4.67
-0.33
8.67
8.67
14.0
1.33
10.0
10.67
6.67
12.0
13.33
1.67
13.33
7.33
-2.0
15.33
8.33
7.67
12.0
3.0
15.67
14.33
7.67
13.33
5.0
14.67
8.33
8.33
7.33
9.67
8.33
11.67
9.67
9.67
16.67
18.67
-1.33
5.0
6.33
-1.67
6.67
15.33
4.33
16.33
5.0
2.0
4.67
12.33
3.67
15.0
16.33
6.67
20.67
4.67
9.33
13.67
5.67
8.67
3.0
1.0
11.33
8.33
13.33
2.0
18.67
6.0
5.67
-2.67
12.0
13.0
7.0
-4.33
1.33
13.33
6.33
7.0
6.33
-1.67
3.33
-2.33
6.67
-2.33
8.33
-9.67
4.0
12.67
4.67
15.33
-2.0
0.33
7.0
9.33
-5.67
2.33
8.33
4.67
-2.0
-4.0
12.0
1.0
-0.67
-0.67
-17.33
-3.0
2.67
-0.67
4.33
8.33
10.67
9.0
11.0
4.33
10.67
10.33
9.0
-0.33
4.0
3.0
5.67
3.0
4.67
-2.0
9.33
-3.33
5.67
-4.0
9.0
-5.0
2.67
6.0
4.67
5.33
5.0
4.33
5.67
-4.67
11.0
3.33
16.67
3.33
11.33
3.0
5.0
6.0
-0.67
13.0
0.33
12.67
0.33
-5.33
1.33
13.67
1.67
6.0
6.67
7.33
5.33
11.67
17.0
-1.0
6.33
19.67
6.67
-2.33
21.0
10.33
15.67
1.33
12.33
-1.67
10.67
13.67
5.0
1.0
4.0
10.33
15.67
8.0
15.33
10.0
3.33
6.0
5.67
8.0
8.67
6.67
10.67
5.0
7.0
9.67
0.33
6.33
7.33
0.33
11.67
11.67
12.67
-1.33
-2.67
-6.0
4.33
5.33
7.67
9.67
7.33
4.33
4.33
2.33
0.67
5.67
-7.0
3.67
7.0
4.0
4.33
3.67
7.67
8.0
2.0
11.67
10.33
29.33
0.67
2.0
2.0
-1.33
-3.67
13.67
9.33
9.33
0.67
12.0
3.67
9.67
13.33
14.0
3.67
4.33
9.0
8.0
19.67
26.0
-6.67
5.33
1.67
8.33
10.67
7.0
9.67
2.0
2.33
-2.0
15.33
6.67
-7.0
4.67
2.33
6.67
5.33
3.67
-1.67
6.0
-3.33
0.67
0.0
-11.67
8.67
2.67
0.33
0.0
-3.33
8.67
6.0
15.67
12.67
4.0
7.33
9.67
-3.0
-1.0
-3.33
14.67
-0.67
-5.0
7.67
10.67
2.67
7.33
2.33
2.67
10.33
-3.0
0.0
-5.33
6.33
0.0
3.67
10.67
8.67
-4.0
-5.0
-4.0
-2.67
-1.33
5.67
6.67
-8.0
2.0
-3.0
-3.0
4.0
-1.67
16.0
14.33
0.67
3.33
6.33
9.0
0.0
-2.0
3.0
-4.67
3.0
0.0
-1.33
8.67
-5.33
3.0
10.67
7.0
3.0
-5.0
-3.0
-0.33
2.0
-3.33
3.33
-2.67
2.33
-1.67
4.0
5.33
-3.67
0.67
12.0
2.0
10.33
11.33
16.33
6.67
14.0
1.67
8.33
0.0
7.33
9.67
16.33
16.33
1.33
0.0
12.67
10.0
3.67
6.33
0.0
5.33
3.0
3.67
0.33
3.33
2.67
6.0
4.67
10.0
1.0
6.33
-4.33
3.33
-0.67
-1.0
9.67
-1.33
0.0
1.0
-0.67
3.67
4.0
0.67
1.33
1.67
-2.0
5.33
7.67
5.67
2.0
5.67
4.33
-1.67
7.0
3.0
0.67
-0.67
5.67
5.0
3.0
5.33
3.33
3.67
-1.33
-1.67
-0.67
-0.33
9.0
0.33
3.0
10.67
1.67
2.67
4.33
-1.67
1.67
7.0
4.0
-0.33
2.0
5.67
-0.33
7.67
12.33
-0.67
-0.33
6.33
-1.33
2.33
7.33
0.67
8.0
-5.0
1.0
-2.0
-0.33
9.67
9.67
7.33
0.0
0.33
0.0
1.33
0.33
0.67
-9.0
7.33
3.33
4.0
4.67
1.33
8.67
6.33
-1.67
0.67
1.67
3.33
1.33
12.67
7.67
11.0
-1.33
6.33
4.33
2.33
11.33
13.67
5.67
1.67
4.67
8.33
1.33
2.67
11.0
1.33
7.33
9.0
-3.0
2.0
9.67
2.0
-1.0
6.67
3.0
10.33
10.33
7.67
1.0
-5.0
2.33
6.67
11.67
3.33
6.0
4.67
-3.33
10.0
4.0
3.0
-3.0
0.67
7.67
-1.67
1.67
8.0
4.0
3.67
-1.67
1.0
4.67
-2.0
6.0
6.33
0.0
1.33
1.0
6.33
3.0
4.0
-2.67
-3.67
6.33
-2.0
5.33
4.67
3.33
3.0
8.33
0.33
2.67
2.33
-0.67
-1.0
1.33
-1.0
0.67
-1.67
-0.33
2.0
0.0
-0.67
1.0
0.0
3.33
1.67
4.33
2.67
3.33
7.0
4.67
6.33
3.67
-4.67
7.0
5.33
2.0
8.33
-0.33
2.33
9.0
2.67
8.33
0.0
10.67
0.33
13.0
8.67
-0.67
5.67
10.0
8.33
2.0
1.67
-7.33
0.67
7.33
6.67
7.0
2.67
4.67
9.67
5.0
4.0
10.67
4.33
3.0
2.0
4.67
4.67
1.0
9.33
3.33
2.0
11.67
4.0
4.0
6.67
0.0
2.33
3.0
0.67
8.67
0.33
-0.33
-2.67
-1.33
2.33
4.33
4.67
3.33
4.67
1.0
5.33
8.0
-5.0
4.0
-4.0
2.67
-0.33
-4.67
1.0
-2.0
7.0
-2.67
6.0
0.33
0.33
5.67
6.33
-0.33
3.0
-1.0
-4.33
0.0
0.67
-5.33
-1.33
1.67
0.0
-1.0
0.0
3.0
1.67
6.33
0.0
0.67
2.0
1.0
11.67
0.33
2.0
-1.0
