0.0
-16.67
-41.33
26.67
-75.33
-35.0
71.67
17.67
-3.0
-71.33
-34.0
12.0
-102.0
-4.67
-21.67
-24.33
2.67
-19.33
-3.0
26.67
-10.67
-15.0
1.0
-7.67
9.0
0.67
11.33
20.0
-2.0
-6.33
-1.0
5.0
0.67
-1.67
2.33
0.67
1.0
1.0
-2.33
-0.33
0.67
2.0
1.67
-0.67
-0.33
-0.67
-0.33
1.0
1.67
-0.67
2.0
1.0
2.0
0.33
0.0
0.0
-0.33
0.0
0.67
0.0
-0.67
2.0
0.33
0.33
0.0
2.0
0.0
-0.33
3.0
0.33
-1.67
0.33
-0.67
1.67
0.0
0.67
0.0
-0.33
0.0
-0.33
-1.67
1.0
-0.33
-0.33
0.67
1.0
2.0
2.0
-0.67
1.0
1.67
-0.67
3.0
-0.33
0.0
1.0
-0.33
2.67
1.0
-0.67
-0.67
1.33
-0.67
1.33
0.67
4.33
-0.67
-1.33
2.0
-1.33
-1.0
1.0
-1.33
1.67
2.33
-0.67
0.0
-1.67
2.33
1.0
-0.67
3.67
2.67
-1.33
-2.0
1.33
1.0
0.0
-0.33
2.0
1.67
3.33
6.0
1.33
7.33
-0.67
-2.0
4.0
-0.67
-1.0
-1.33
-0.33
1.67
-4.33
3.33
-0.67
7.0
3.0
5.33
-1.67
1.67
0.67
5.33
6.0
5.33
-1.0
-7.67
2.67
7.0
1.33
8.0
6.67
4.67
1.33
1.0
5.33
5.0
-2.67
-0.67
6.0
3.67
3.0
3.33
-2.33
2.0
1.33
-1.0
8.67
6.0
-3.0
-1.0
1.67
-4.0
-3.0
7.0
3.67
1.67
8.67
2.67
-6.33
-2.67
0.0
-1.33
-2.0
-7.0
5.33
6.0
4.0
10.67
5.33
0.0
9.33
4.33
5.33
3.67
-2.0
3.67
2.67
-2.0
4.67
-2.67
3.67
5.33
8.0
8.33
2.33
-1.33
-1.33
11.33
4.0
0.0
5.0
5.33
0.0
2.0
-0.67
1.33
3.67
2.33
2.33
4.33
6.67
1.67
0.0
2.67
2.0
1.33
-3.33
-1.0
9.67
5.33
6.67
6.67
3.33
3.33
1.33
11.0
-5.0
9.0
7.33
0.67
9.33
2.33
4.0
-3.67
6.67
7.0
-3.0
3.67
-2.33
3.33
-4.0
9.67
1.33
2.67
1.33
-0.33
2.33
-6.0
3.0
0.33
10.0
4.33
5.33
1.0
3.67
5.0
0.67
3.33
-0.67
3.67
1.0
7.0
4.67
2.33
3.0
4.0
0.33
2.67
-0.67
2.33
9.0
-1.0
3.33
2.0
8.0
-1.67
6.0
2.67
2.0
2.33
-1.67
4.33
0.67
1.67
5.33
6.0
4.33
0.0
2.0
5.0
0.0
-4.67
1.67
6.67
-4.67
10.67
0.67
6.33
0.33
-0.33
3.33
3.0
-1.67
0.67
2.67
3.67
2.0
1.33
-4.0
3.0
5.0
0.67
5.33
9.33
9.0
1.33
-4.0
0.0
4.33
4.67
0.33
-2.33
-1.33
6.0
-5.0
3.33
1.33
-0.33
1.33
6.67
7.0
2.33
-3.0
-1.0
-3.67
-4.67
3.33
-0.33
2.33
-3.0
1.67
2.67
0.0
2.33
4.0
5.33
0.33
6.0
4.0
6.0
1.0
4.0
-2.33
4.0
3.67
-1.33
3.33
-0.33
6.0
4.33
-0.33
-0.33
3.33
3.33
2.67
4.67
1.0
-2.33
3.67
0.67
-0.33
-0.67
1.0
5.33
4.0
4.0
0.67
-1.0
11.0
2.33
7.67
6.67
1.67
2.33
3.67
-2.33
-2.33
2.33
2.0
0.0
-4.33
0.0
-1.0
1.67
0.67
3.67
-2.0
6.67
3.0
0.0
-0.33
-0.33
2.33
3.0
4.67
1.33
1.67
-1.33
-1.33
2.0
-1.33
0.33
1.0
-3.0
2.0
8.0
0.33
-3.33
-2.67
5.67
1.0
1.67
6.33
-1.67
1.33
-2.0
2.33
1.0
-1.0
0.0
1.67
-1.33
6.0
6.0
5.67
4.67
2.0
5.67
3.67
7.67
-1.67
-3.33
2.67
6.0
0.0
-0.33
8.0
5.67
-3.0
-3.0
4.67
-3.33
1.33
6.67
3.67
4.67
2.33
-3.67
-1.33
5.33
2.33
9.0
-1.0
0.0
-1.33
-2.0
-1.67
-4.33
-1.67
0.0
8.0
0.33
3.67
1.33
-2.0
1.33
-1.67
2.33
-3.0
0.67
3.33
2.67
-3.33
4.33
-2.33
0.67
0.67
0.0
1.33
3.33
-1.0
2.67
1.0
7.0
-2.67
0.67
3.0
0.67
2.33
-1.0
2.0
2.0
2.67
-2.33
0.33
0.67
2.0
-1.67
0.67
8.0
2.67
0.0
-3.33
2.33
-0.67
-3.67
4.0
7.33
5.33
2.0
3.67
-1.33
1.33
1.0
-1.67
-2.0
-1.67
0.67
7.0
-0.67
-2.0
1.0
-1.0
6.33
-5.0
-1.67
1.0
-2.0
5.0
-3.33
-0.33
4.33
-3.33
5.33
-1.0
2.0
4.33
-2.0
3.0
2.33
1.33
0.67
1.0
0.33
-1.67
-0.33
1.0
0.33
-1.33
-1.0
-2.33
-4.33
1.67
2.0
1.0
2.0
0.0
0.67
0.33
-3.33
0.67
-0.33
1.67
-2.0
-1.0
6.0
0.0
6.0
1.33
1.67
0.0
3.67
-1.0
-4.33
-1.0
-3.33
-2.33
-2.33
0.33
1.67
-0.33
-4.0
2.67
-0.67
2.0
0.67
7.33
0.33
3.0
0.67
2.0
-2.33
-2.0
-1.33
-1.67
-2.33
-4.33
1.0
0.0
-1.33
-2.67
-1.0
-2.67
-2.67
-2.0
-0.33
3.0
-4.67
1.67
-1.0
1.0
-2.67
0.67
-1.0
2.67
-2.67
2.33
0.67
-2.0
3.67
0.67
-3.33
-4.0
1.33
-2.0
3.67
-5.67
3.0
-5.0
-1.67
-3.67
-2.67
-6.33
1.0
1.67
1.67
-1.0
-0.67
0.0
-2.67
-3.33
-0.67
-0.33
-1.33
1.67
-1.0
4.0
-5.33
-1.67
-0.67
-5.0
-5.67
-4.0
0.67
4.0
-0.33
-2.33
-4.0
1.0
1.0
-3.33
2.0
2.0
1.67
-1.33
-4.0
-1.67
-1.33
-4.0
-0.67
-1.67
-3.67
-3.33
-1.0
-6.33
-2.67
-2.67
-2.67
-4.0
-2.33
-2.0
-5.33
-5.0
1.67
-4.33
-1.67
-8.0
-5.67
-2.33
-5.67
-4.33
-12.0
-4.33
-0.67
-1.33
-5.67
-2.33
-4.33
-4.0
1.0
-3.0
-4.67
-1.0
-4.67
-0.67
-4.0
-5.67
-2.0
-4.33
-0.33
-6.0
-7.33
-1.33
-5.33
-1.33
1.33
1.0
-2.0
-2.33
-6.67
-6.0
1.0
-2.33
-1.0
-4.0
-2.0
-6.0
-3.67
0.0
-0.33
-0.67
-4.33
-1.33
-2.0
2.33
-2.0
-1.67
-4.0
2.33
-3.0
-2.67
-1.33
-3.33
-5.33
4.0
1.0
1.33
-0.67
-8.67
-0.67
-5.33
-2.67
-3.67
-1.33
-1.67
1.0
-6.0
-11.0
-9.0
-3.67
-3.67
-8.33
0.0
-3.67
-3.0
3.0
-6.67
-11.67
-2.33
-12.0
2.0
-4.67
-8.33
2.33
-5.33
-5.33
7.67
-7.33
-2.33
-3.0
-6.67
-6.33
5.33
5.33
2.33
-8.33
-0.33
-4.67
-2.33
-1.33
-2.33
-3.67
0.0
0.0
-8.33
-5.33
-9.67
6.0
-3.33
-5.0
-9.67
-3.0
-12.0
-2.33
-1.0
1.0
-2.0
-2.0
-5.67
0.0
0.67
-8.67
-7.33
-13.33
5.0
-3.0
0.33
3.67
4.67
-7.33
-1.33
-5.67
0.0
-6.67
-4.0
-7.67
-3.33
-6.0
2.67
-5.67
-8.67
2.0
-4.33
-1.67
-7.0
-7.33
-12.67
-3.0
-6.0
-5.33
-8.33
2.33
-9.33
1.33
-6.0
-8.67
-11.33
-2.33
-0.33
0.33
2.33
-2.0
-5.33
-10.67
-5.0
0.0
-4.67
0.33
-3.67
-1.0
-1.67
-6.0
0.0
-2.0
-2.67
-1.0
-2.67
2.33
-5.0
-3.0
4.33
-1.0
-2.67
-6.33
-6.33
-5.0
-3.33
-2.33
-1.33
8.0
1.33
1.33
9.67
5.0
-9.0
1.0
5.67
-5.67
-3.33
9.67
1.67
5.0
7.0
3.0
11.0
2.67
18.0
17.67
35.0
32.33
43.33
58.67
59.33
76.33
55.33
82.67
100.33
81.33
78.67
72.0
55.67
72.0
51.0
37.0
35.0
35.0
34.67
15.67
12.33
2.67
8.67
3.67
3.0
2.67
-6.33
-0.67
8.0
-2.33
-0.33
1.0
-8.67
-3.67
-3.33
-5.33
0.67
0.0
6.33
9.33
3.67
4.33
-3.67
2.67
-1.33
4.33
5.0
4.33
8.0
4.0
5.67
9.67
-1.0
5.33
6.33
3.67
-3.33
8.67
19.67
5.33
-3.67
7.33
6.67
9.67
0.0
7.0
-4.0
5.0
15.33
2.67
6.67
1.67
-4.33
8.33
-5.33
-9.67
1.67
-3.67
-2.33
8.33
-6.67
2.33
3.33
-0.33
13.0
14.0
16.0
15.0
14.33
19.33
15.33
10.0
15.67
11.33
30.67
13.67
31.33
9.67
18.67
14.67
6.33
18.33
14.0
2.0
9.0
2.67
6.0
-5.33
9.67
9.33
15.0
13.33
2.67
11.67
15.33
15.67
11.33
19.67
28.0
12.67
18.33
19.33
31.33
21.0
29.0
24.0
35.0
23.33
29.33
24.67
32.33
13.67
19.67
36.0
24.0
32.33
12.67
36.0
23.33
21.0
9.67
30.0
28.67
18.67
14.33
15.67
23.67
13.33
13.0
15.67
13.67
18.0
21.67
18.67
16.33
26.33
19.33
10.33
21.33
14.0
28.67
10.67
30.33
30.0
16.0
25.33
17.33
14.67
10.0
10.33
13.67
18.67
11.67
7.0
11.33
12.33
8.67
6.67
2.33
-1.0
6.67
3.33
8.0
9.0
9.33
-3.67
3.67
3.67
6.33
4.0
5.0
-5.0
1.67
8.33
-5.33
10.67
3.0
8.0
2.33
2.33
10.0
12.33
1.33
1.0
2.67
-0.33
4.33
10.33
11.67
1.33
17.33
4.67
15.67
7.67
5.33
15.0
0.0
21.67
13.0
-2.0
9.0
15.0
9.0
5.0
13.33
8.67
16.67
19.0
16.67
9.67
5.33
7.67
6.33
15.33
3.67
14.0
1.67
6.33
5.33
3.33
10.67
1.0
10.67
12.33
-0.67
13.0
5.33
35.0
21.67
38.67
32.67
23.33
28.33
39.0
28.0
49.0
67.0
55.67
47.33
58.67
63.33
59.33
55.67
56.67
63.67
55.33
47.67
62.0
46.0
47.67
36.67
33.0
48.0
31.33
49.67
32.33
25.67
24.67
31.33
30.33
25.67
27.33
32.0
17.67
18.67
26.33
31.33
38.33
17.33
37.33
30.67
21.67
27.0
22.67
19.33
26.67
12.67
24.67
23.67
19.0
12.33
14.67
21.0
25.0
28.0
40.33
29.0
26.67
36.0
49.67
41.67
37.33
39.67
23.0
36.67
31.33
36.67
23.33
36.0
21.0
37.67
29.0
39.67
25.67
34.0
20.67
21.0
21.33
24.33
25.0
20.67
12.0
8.67
8.33
27.0
6.67
18.33
13.0
4.67
11.33
14.67
12.67
18.0
8.33
12.67
7.0
7.33
-1.33
12.0
12.33
22.33
15.33
3.33
11.67
4.67
8.0
6.33
10.33
12.67
5.0
3.0
14.67
2.33
18.33
4.0
2.33
11.0
12.0
8.0
12.33
1.0
5.33
6.0
-1.0
6.67
3.33
10.33
3.67
7.0
12.67
8.33
29.33
20.67
11.67
12.33
26.67
19.0
24.33
15.33
11.33
14.33
19.33
14.0
20.67
11.33
33.0
26.0
23.33
3.33
22.0
16.33
31.33
17.0
16.0
34.0
26.33
22.67
7.0
33.33
13.67
24.67
29.0
-7.0
16.0
28.67
24.67
6.33
17.33
22.33
7.67
12.67
15.67
9.67
13.0
20.33
25.67
11.33
19.0
17.67
28.33
36.0
8.0
20.33
27.33
19.0
16.33
17.33
21.67
22.0
12.0
3.0
19.0
21.0
15.67
18.0
0.67
12.33
-1.0
8.0
28.33
21.33
9.33
17.67
18.33
9.67
16.67
21.67
15.0
19.0
25.0
28.67
11.67
10.67
12.67
23.67
23.67
10.0
17.33
15.0
9.67
10.67
15.0
14.33
9.67
-5.67
11.33
2.0
8.33
-6.67
18.67
9.0
5.0
9.67
12.33
11.67
7.33
15.0
9.67
7.33
7.33
9.33
10.67
6.33
11.67
8.67
5.67
14.67
7.67
4.67
16.0
7.33
0.33
3.67
11.33
5.33
14.33
5.0
17.0
16.67
3.33
9.67
16.0
8.33
13.67
7.67
9.67
13.33
15.67
6.67
12.67
1.0
19.0
0.33
8.33
21.33
16.0
6.67
4.0
1.67
6.33
5.0
7.0
17.0
10.67
-4.67
9.33
6.33
6.0
16.33
6.33
14.33
12.67
8.67
16.67
9.33
-0.67
3.0
3.67
10.67
7.33
3.0
2.33
2.0
4.33
5.33
-5.67
-6.67
2.67
4.0
6.0
-1.0
9.0
5.33
12.33
-3.33
2.0
5.67
8.33
-0.67
9.33
2.67
8.0
4.0
6.33
12.67
12.33
9.0
6.67
1.0
1.0
-9.33
10.0
18.67
-6.0
8.33
8.67
19.67
10.0
8.0
0.0
0.67
-5.0
7.67
8.33
3.0
9.33
9.67
-1.67
-3.0
0.33
11.67
2.33
12.33
-11.0
5.0
0.0
2.33
15.0
0.33
14.67
1.33
-6.33
16.33
7.67
5.67
-7.0
7.67
2.33
13.33
8.67
13.0
-7.0
8.33
10.67
-6.33
8.67
11.0
12.33
10.67
7.33
5.33
12.33
24.67
6.67
8.0
1.0
13.0
6.33
0.67
10.0
8.33
6.0
8.33
12.0
11.67
15.0
6.67
7.67
16.67
5.0
29.0
-4.33
-14.67
5.33
7.33
9.33
11.67
0.67
9.67
17.67
14.33
3.0
20.33
7.33
7.67
18.67
11.33
10.33
15.33
2.33
20.67
10.67
7.0
12.67
10.0
1.0
9.33
9.67
11.67
-2.0
4.0
19.67
11.33
20.33
2.67
7.0
-5.0
5.67
1.33
3.67
3.33
12.33
8.67
-11.0
-3.33
15.67
15.33
19.0
7.67
0.33
3.0
-6.0
6.67
15.0
-1.67
9.33
-0.33
14.33
8.67
8.0
-8.33
-5.0
-2.67
5.0
3.33
-8.33
7.0
13.67
0.33
13.67
3.33
-4.33
8.33
8.0
-7.33
10.67
2.0
0.33
4.67
1.67
-9.67
10.0
-5.33
-3.33
-6.0
2.67
4.67
2.0
-10.67
7.67
2.0
1.0
-9.33
6.67
-2.67
-7.0
5.67
11.67
-1.33
0.33
0.33
6.67
10.33
1.0
0.0
-5.33
4.33
4.0
3.67
0.67
2.67
4.0
-3.0
7.0
2.33
9.67
0.67
21.67
-4.0
9.0
-4.0
2.0
8.0
-3.67
7.0
8.33
1.67
6.33
3.33
6.0
8.0
-7.0
0.0
2.33
-4.0
-5.0
6.67
5.67
2.67
8.0
11.67
4.0
-2.0
-2.0
5.0
-8.33
19.0
4.67
7.33
9.33
2.33
0.33
12.0
0.33
8.33
-4.33
-1.0
9.0
7.33
-2.67
6.33
3.67
1.0
5.67
0.33
10.0
6.33
16.67
16.33
7.33
-0.67
-2.0
4.67
11.0
0.67
-4.67
2.0
8.33
2.0
-5.33
-1.67
-2.67
8.67
5.0
2.67
-3.0
-3.0
8.33
-3.33
9.33
1.33
-3.0
-2.33
-2.33
-3.0
7.0
-5.67
-2.33
5.0
3.67
12.33
-1.33
3.0
3.33
0.67
-5.33
-6.0
-2.33
4.33
0.33
9.0
11.0
5.67
-2.67
0.67
-1.0
3.0
0.33
-3.67
2.67
1.67
0.33
2.33
3.67
3.0
0.33
3.0
3.67
-0.33
1.67
2.33
1.33
5.67
7.0
8.0
0.67
10.0
3.67
7.67
3.67
1.33
2.33
6.67
6.33
2.67
-0.67
9.33
3.67
10.0
4.0
-7.0
7.0
-0.33
5.67
7.67
4.33
-2.0
-2.67
2.0
-2.67
7.33
-3.33
-1.0
9.33
4.33
-3.0
5.67
-1.67
-3.33
-1.67
2.33
7.67
-2.33
1.33
8.33
8.67
-2.33
12.0
1.67
3.33
-3.67
2.33
10.33
-1.33
-0.33
2.67
3.67
4.33
-1.67
0.67
-1.0
4.33
5.33
8.0
7.0
4.0
3.67
5.0
4.0
4.67
5.0
15.33
5.33
8.67
0.0
-1.0
5.33
3.67
-1.33
6.33
4.0
6.67
6.67
6.0
3.0
3.0
-1.0
2.67
5.67
-0.67
7.67
3.0
-1.0
4.67
-2.67
7.0
3.67
-1.0
-1.0
2.33
3.0
3.33
-8.0
3.33
9.0
7.0
5.33
4.33
4.33
1.0
7.33
6.67
1.33
6.0
0.33
7.33
-2.33
-6.67
2.33
2.0
3.33
5.0
-1.33
1.33
0.67
9.0
-1.0
0.33
-1.0
3.0
0.33
0.67
-1.67
4.67
4.33
5.0
1.67
6.33
-6.33
1.33
4.0
3.33
4.0
-2.67
4.67
4.33
9.0
1.67
-2.67
-2.0
6.67
6.33
5.0
2.67
5.33
4.67
4.0
4.33
2.0
13.67
-4.33
1.67
-0.67
1.67
5.0
5.67
1.67
11.67
5.0
2.0
3.67
7.33
5.0
2.0
4.67
-3.33
3.0
5.33
2.33
-1.0
3.67
9.0
-2.0
9.67
4.0
0.33
1.0
6.67
4.67
-1.67
1.67
3.33
-1.33
7.33
-2.67
-1.33
2.33
0.67
4.0
1.33
10.0
5.0
6.0
10.0
-1.33
5.67
-3.67
14.0
1.0
6.0
0.33
5.0
3.33
4.33
2.67
0.33
6.67
-1.0
5.0
-3.33
-3.0
1.67
-2.33
6.67
-0.33
1.0
2.0
5.0
1.0
9.67
2.33
7.0
8.67
5.0
2.0
6.67
4.33
12.0
-2.0
