0.0
-41.67
-47.33
43.67
101.67
26.0
18.67
65.67
19.0
-20.33
26.0
38.0
-10.0
-31.67
61.33
40.67
-25.33
25.67
29.0
-8.33
-9.67
44.0
4.0
-9.67
14.0
2.67
3.33
7.0
5.0
2.67
-11.0
4.0
-2.33
-0.67
3.33
-2.33
3.0
-2.0
-1.33
1.67
-0.33
0.0
-1.33
1.33
-0.33
-0.67
-1.33
0.0
0.67
1.33
1.0
-1.0
0.0
-0.67
0.0
2.0
-0.33
1.0
1.67
1.0
-0.67
1.0
-0.67
0.33
-1.0
0.0
1.0
-0.33
0.0
-0.67
-1.67
-0.67
1.33
-0.33
0.0
1.67
0.0
-0.33
0.0
-0.33
-0.67
0.0
-0.33
2.67
-0.33
1.0
0.0
1.0
-0.67
-1.0
1.67
0.33
-1.0
-0.33
-1.0
0.0
0.67
0.67
0.0
-0.67
-0.67
2.33
1.33
-0.67
-0.33
0.33
0.33
-1.33
2.0
-3.33
1.0
0.0
2.67
2.67
1.33
-2.67
-2.0
-0.67
5.33
3.0
2.33
5.67
-3.33
-2.33
5.0
-0.67
6.0
-2.0
2.67
0.0
1.67
2.33
8.0
-2.67
1.33
-0.67
-1.0
2.0
3.33
1.0
1.67
-7.33
7.67
-1.33
4.33
3.33
2.0
-2.0
-2.67
-3.67
0.67
-1.33
3.33
7.0
-0.67
10.0
0.33
5.67
3.0
5.33
4.0
2.67
0.67
1.33
3.0
7.33
6.0
-1.67
-2.67
9.0
4.67
2.0
3.33
-6.33
2.0
-0.67
1.0
11.67
0.0
-2.0
1.0
-1.33
-4.0
0.0
3.0
-5.33
2.67
-0.33
2.67
-6.33
3.33
1.0
-0.33
12.0
1.0
3.33
4.0
0.0
6.67
14.33
0.0
4.33
4.33
1.33
-0.33
9.0
8.67
3.67
7.0
2.67
5.33
-2.33
-2.67
2.0
8.33
7.33
4.67
4.67
2.33
3.0
2.0
2.0
2.33
-1.0
3.0
-0.67
-0.67
-2.33
3.33
1.33
3.33
1.67
-1.33
-3.0
2.67
2.0
-0.67
5.67
1.0
2.67
0.33
-1.33
6.67
1.33
0.33
4.33
0.0
-7.0
1.0
5.33
3.67
10.33
0.33
-4.0
-2.67
3.67
9.0
3.0
3.67
4.67
8.33
-4.0
6.67
-3.67
-0.33
5.33
-0.33
8.33
1.0
-2.0
6.33
5.0
6.33
5.33
4.0
-1.33
4.0
3.67
1.33
6.33
-4.33
6.0
1.0
1.67
5.33
1.0
5.0
12.33
0.67
-2.67
0.33
3.0
-1.0
7.33
-1.0
1.0
-3.67
3.0
-4.33
2.0
-3.67
-4.67
0.33
6.67
-1.33
2.33
-2.0
-0.67
5.0
3.0
9.0
-1.0
-1.67
3.67
4.67
-5.67
4.67
7.67
10.33
-2.67
-1.33
5.33
-1.0
-0.67
2.67
-1.33
2.67
0.0
-1.67
-3.0
-4.0
0.0
-3.33
2.33
7.33
4.0
8.33
2.0
4.0
3.33
0.67
-2.67
0.67
0.67
0.0
-2.0
1.33
3.33
3.67
4.33
-0.33
0.0
2.33
7.0
-5.0
3.33
-2.67
1.33
3.67
-1.67
-5.0
5.67
2.67
-2.0
2.33
7.0
-3.67
1.33
0.0
-1.0
-1.0
0.0
0.0
1.67
1.0
1.67
0.67
1.33
4.67
6.0
-0.67
2.67
-5.33
-1.67
1.33
-0.33
8.67
8.0
-2.33
4.67
0.67
4.67
-2.67
3.0
2.33
-1.0
4.0
1.67
2.0
0.0
-1.67
-0.33
-2.33
0.67
1.33
-0.33
3.67
0.67
5.33
-1.0
1.0
-4.33
3.0
0.0
-0.33
3.67
0.67
-2.0
3.67
-2.0
3.0
1.67
-1.33
-1.67
0.0
-3.33
6.33
6.67
2.67
5.67
-1.0
0.67
5.33
0.0
-4.0
7.0
2.0
-0.67
2.67
0.33
1.67
-4.0
-0.33
1.33
4.33
10.33
5.0
2.33
-2.0
4.0
-2.0
1.67
0.67
0.0
0.0
-1.33
4.67
-1.0
0.67
0.67
0.67
-0.67
-1.33
4.67
1.0
-3.0
6.67
3.0
-0.33
2.0
-3.0
7.67
-0.33
-0.67
2.67
0.67
0.67
0.33
1.33
-0.33
6.33
2.33
1.0
0.0
-1.0
-1.33
4.0
-2.67
-3.33
3.33
-1.0
1.0
3.33
5.67
-2.67
0.0
-3.67
4.33
0.33
-4.0
0.67
3.33
11.67
-1.33
0.33
-2.33
-7.33
4.67
1.0
3.33
-0.67
-1.0
-3.33
0.0
-1.0
2.33
1.67
3.0
-3.33
3.33
3.0
0.0
0.0
-3.33
1.67
2.33
1.67
6.0
1.33
3.67
7.0
-1.33
-3.0
-0.33
3.33
3.33
-0.67
1.0
1.33
3.33
0.0
5.67
1.67
-0.67
-1.0
2.33
-1.0
-0.67
1.67
0.0
0.33
5.0
-1.0
0.0
-0.67
-4.0
2.33
1.0
-1.0
2.0
-1.33
0.67
1.33
1.67
3.33
1.0
1.0
3.33
-4.0
-1.0
0.33
0.33
-2.33
2.0
4.33
4.33
-1.33
-4.0
-2.67
-0.33
-1.0
3.67
1.67
-2.33
3.0
2.0
5.0
1.0
-2.33
2.33
-0.33
-2.33
-0.33
-3.33
0.0
1.0
2.0
7.0
5.0
1.33
-0.33
5.0
-0.33
1.0
1.67
6.0
-3.33
-3.33
-0.33
0.33
1.67
6.67
-2.0
0.67
-0.67
3.0
-0.33
4.33
-1.67
2.0
1.67
1.0
0.67
1.0
-1.33
2.33
-0.33
-0.33
-2.0
2.0
0.67
0.33
1.0
-1.67
-0.67
3.0
2.67
5.0
-1.67
3.67
2.0
-3.0
2.33
-2.33
1.0
-1.33
-4.67
1.33
4.67
-2.0
3.67
0.67
-4.33
-3.0
2.33
-4.0
-3.33
-2.67
0.0
0.0
-5.67
-1.67
-0.67
1.67
-1.0
1.67
1.67
-7.0
-0.67
0.0
-3.67
-3.33
1.33
-3.33
-3.33
2.67
-5.0
1.0
2.67
-5.67
0.33
1.0
-2.67
-4.0
-0.33
-4.0
2.67
-0.33
-2.0
0.0
3.0
1.67
0.0
-6.0
-2.33
-4.33
2.0
-8.67
0.67
-4.0
2.33
-0.67
-3.67
1.67
0.0
-6.33
-2.67
-1.67
-3.67
-2.0
-4.33
0.0
-3.33
1.0
0.67
-6.33
-1.67
-2.0
-6.67
-7.33
-6.67
-3.33
-4.0
-6.33
-0.67
-3.33
-3.67
-0.33
-0.33
-7.0
-1.0
-9.0
-3.67
-4.0
-3.67
-0.67
0.0
1.33
-3.0
-7.33
-0.33
-10.0
-9.33
-4.33
-4.33
2.67
-3.67
-5.0
-4.0
0.67
-6.67
-5.0
0.0
0.67
-2.0
0.0
-1.0
-6.0
-1.67
-6.0
0.67
-5.67
-0.33
0.67
-3.0
-7.67
-6.0
-2.67
2.0
-0.67
-3.0
1.33
-5.33
0.67
1.67
-3.0
-4.0
-1.67
-7.67
-4.67
-4.67
-4.33
-7.67
-1.67
-6.33
-2.67
-4.0
-6.0
-4.0
-1.0
-1.67
-10.67
-5.33
3.0
-1.67
-3.0
-3.0
-7.67
-8.67
-5.33
-8.0
-5.0
-3.67
-0.33
-2.67
-3.33
1.67
-1.33
-7.33
-0.33
3.0
0.33
-0.33
2.33
2.33
1.33
-1.33
-2.33
-6.67
-4.33
-8.33
-2.33
-2.67
-4.0
-2.0
-6.33
2.67
-7.67
0.0
5.67
-1.0
-5.67
-2.0
-5.0
-0.33
2.0
4.0
-2.0
-3.0
-3.67
1.0
-5.33
-0.67
4.67
-6.33
-2.0
-1.0
2.33
-0.33
-0.33
-5.33
2.67
0.33
1.0
-8.67
-2.0
1.33
-2.33
-4.0
3.67
1.33
3.33
6.0
-0.33
-1.67
-9.0
0.67
4.33
-1.0
-7.0
-3.33
-7.33
-8.67
-11.33
-2.67
-11.0
3.33
-6.33
-5.33
-4.33
1.33
-3.67
-3.0
-0.33
-8.67
6.0
2.0
-9.67
-3.67
9.33
0.0
-5.67
1.0
-1.0
-3.0
-4.67
5.0
-1.67
-1.67
1.0
-6.0
-3.67
2.0
-4.67
-11.33
-0.33
-3.0
-4.33
1.67
-8.33
5.0
-3.67
2.33
2.67
-2.0
-3.0
-1.0
-5.33
-4.67
-7.33
2.67
-2.33
-7.0
6.0
7.0
10.0
-2.33
5.0
16.67
6.0
10.33
5.33
9.67
6.33
10.33
21.33
-1.33
5.33
8.33
18.67
10.0
10.67
12.0
19.0
7.0
11.0
18.0
14.67
23.67
9.33
14.67
10.67
6.67
7.0
5.67
3.67
4.33
6.0
0.67
5.67
-7.0
0.33
1.33
-1.33
-8.33
-10.33
-3.0
-0.67
-0.67
0.67
3.33
-5.67
-5.33
2.67
4.33
0.0
8.33
3.0
5.0
10.67
0.67
-3.0
2.33
7.33
6.67
6.67
6.67
5.67
21.33
2.33
7.33
10.67
8.67
7.0
-1.0
1.0
2.0
4.33
-4.33
-2.33
2.67
-1.33
4.33
-3.33
1.33
-8.33
-5.67
-3.33
-4.67
-5.67
1.33
1.33
1.67
-7.0
5.0
1.0
7.0
3.33
-0.67
1.33
-11.0
-3.33
5.33
6.67
-7.33
-5.67
-6.33
-0.33
9.67
-4.67
5.33
9.0
6.0
19.0
3.67
-1.0
3.67
7.67
12.33
-5.0
5.33
2.67
10.67
4.33
7.67
-0.67
-0.33
4.0
4.67
2.33
3.33
1.33
-4.0
7.0
15.0
15.0
16.33
10.33
5.67
18.33
1.67
14.67
5.0
13.0
5.33
3.67
8.0
2.33
6.0
-0.33
18.0
12.67
2.67
7.33
7.67
-0.33
9.33
5.0
4.67
-7.33
2.0
12.67
15.67
13.33
3.33
0.33
3.33
21.33
11.0
18.67
13.67
16.33
10.0
14.0
-3.67
12.33
18.67
15.0
14.33
16.67
3.67
14.67
17.0
14.33
14.33
18.67
7.67
3.33
0.0
3.67
9.33
10.0
1.0
16.33
3.33
1.67
0.67
5.33
7.0
7.0
-8.0
21.67
0.33
9.67
12.67
11.0
16.0
2.33
11.33
13.0
22.33
11.33
12.0
13.67
1.67
16.33
14.33
25.67
31.33
27.33
18.67
25.67
24.67
28.33
2.0
0.0
12.67
30.0
20.0
12.0
13.0
7.0
2.0
10.33
22.67
16.67
12.0
13.67
9.67
22.33
14.67
11.33
14.33
2.67
5.0
5.67
21.33
0.33
3.33
13.67
8.0
3.67
4.33
5.33
9.0
15.33
9.0
13.67
14.67
2.67
6.33
8.33
13.0
28.0
27.0
31.0
32.67
49.33
33.67
68.33
81.33
61.67
71.67
79.67
75.33
70.67
93.0
102.0
73.67
75.67
69.0
75.0
71.33
58.67
47.33
41.67
37.67
34.33
23.33
41.67
31.33
36.0
20.67
25.67
40.33
20.33
20.33
25.33
23.33
20.67
28.67
24.0
13.67
29.33
22.67
31.67
12.67
15.67
27.0
22.33
16.67
15.0
19.0
30.0
28.33
23.0
28.67
39.0
36.67
46.67
41.33
43.67
59.0
50.67
47.33
53.67
54.33
61.0
51.0
68.67
47.0
56.67
59.67
63.0
64.67
39.0
58.33
55.33
54.0
34.67
47.0
33.67
40.33
31.0
13.67
28.33
23.0
9.67
11.33
20.67
9.67
10.0
13.33
12.67
10.0
12.33
11.67
13.0
20.33
4.33
15.33
6.33
10.67
-0.33
11.0
4.33
4.33
12.67
4.0
6.0
12.67
16.33
2.33
3.0
-2.67
0.0
2.0
-5.0
1.33
3.0
4.33
11.0
6.0
21.67
9.33
6.33
10.67
7.0
10.67
12.33
7.33
2.67
24.67
15.33
18.67
15.0
22.33
19.33
27.33
19.33
13.33
23.0
25.67
30.33
39.0
35.0
29.33
25.33
15.0
18.33
19.33
31.0
6.0
33.0
20.33
36.67
26.0
21.33
12.67
33.67
24.0
20.0
39.0
18.67
6.67
15.33
16.33
18.33
20.67
26.67
12.67
22.67
19.0
20.33
10.67
9.33
26.0
11.67
23.33
7.0
19.0
22.33
10.33
13.0
11.33
8.33
19.67
15.0
14.0
15.0
20.0
25.0
9.67
6.0
15.67
7.33
-6.0
14.0
13.33
15.33
15.33
10.67
1.33
10.67
8.67
12.67
5.0
11.0
12.0
14.67
9.67
-9.33
-1.33
10.67
4.67
15.0
3.33
8.0
12.67
-2.33
0.0
9.33
3.67
16.33
5.33
6.0
11.33
8.33
16.67
12.0
11.0
8.67
7.33
-4.33
-0.67
8.0
6.67
4.33
10.33
9.33
7.67
4.33
12.67
10.67
5.67
5.67
12.67
17.67
-2.0
2.33
-0.67
5.67
11.33
5.33
10.33
7.0
10.0
1.67
21.33
6.67
13.0
16.33
5.67
-0.33
8.67
2.33
17.67
13.67
12.67
13.0
5.0
7.33
12.33
-0.67
4.0
27.67
14.0
0.67
14.33
0.0
-3.0
13.0
6.67
-1.67
13.33
3.33
-1.0
8.33
4.33
2.33
-0.33
8.67
15.67
-1.67
-8.67
8.0
19.67
16.67
2.33
5.0
7.33
8.0
4.33
5.33
2.33
2.33
10.67
8.0
4.0
8.0
1.0
7.33
3.33
-8.33
3.0
9.67
0.33
15.33
2.33
8.67
10.0
4.0
8.33
3.67
9.33
6.0
-6.33
2.0
13.0
-4.33
17.0
14.67
6.0
21.33
1.67
7.67
3.0
1.0
5.0
4.67
12.0
-3.33
10.33
11.0
15.33
9.67
11.33
11.0
8.33
13.67
9.33
2.33
7.0
-1.0
5.0
2.33
4.0
16.33
14.67
0.33
6.67
2.33
7.67
10.67
1.0
11.67
8.33
13.33
7.67
5.0
4.0
11.33
9.67
-0.33
8.67
12.0
15.33
21.67
7.33
16.33
5.33
13.67
9.67
13.0
8.0
6.0
9.33
1.67
6.0
7.33
6.0
11.33
1.0
0.67
19.0
0.67
16.67
11.67
8.0
21.0
14.67
-8.67
7.33
19.33
19.33
1.67
11.67
-0.33
10.67
11.33
24.0
6.33
7.33
3.67
11.67
6.33
19.33
7.33
2.33
22.67
14.67
5.0
18.67
3.0
4.0
-10.67
19.67
-7.33
9.0
7.0
4.67
5.33
17.33
-0.33
15.0
5.0
6.67
8.33
0.67
2.33
9.33
7.67
-1.0
4.67
9.67
21.33
14.0
4.67
0.33
10.0
5.0
9.67
11.0
0.33
11.33
1.67
18.33
12.67
1.0
2.67
-4.0
-1.67
-6.0
10.33
2.67
2.0
-3.33
3.33
17.67
-7.67
-2.33
-7.67
-6.0
-4.33
11.67
11.0
11.33
13.67
8.67
-0.67
-4.0
2.67
12.67
-4.0
9.67
3.67
0.0
3.33
11.67
-2.0
3.0
7.67
15.67
10.33
-2.0
7.67
2.67
-0.33
6.33
2.33
-0.33
3.33
3.0
0.0
-2.33
2.33
7.0
9.67
15.67
1.67
1.0
-10.0
7.0
-5.67
3.67
-0.33
13.67
2.0
5.0
5.0
6.0
8.0
2.33
8.0
5.33
1.67
5.33
-6.67
2.0
2.0
-8.0
8.0
-7.67
-10.0
-2.0
0.67
5.67
-2.33
0.0
-0.33
2.0
-2.0
-4.0
10.0
0.67
3.0
-1.33
-2.67
3.33
4.33
-8.67
-4.0
-5.67
2.33
1.67
0.0
9.0
4.33
2.33
9.33
-2.33
2.0
5.67
5.33
-5.0
4.33
-1.33
10.33
11.33
4.33
7.0
4.67
5.0
-3.33
4.33
-2.0
10.33
1.0
-0.33
-7.67
-1.67
-3.33
11.0
6.67
4.0
-5.0
7.33
2.67
-0.67
8.33
7.0
10.67
3.67
1.0
2.0
0.33
-7.33
10.0
5.67
-0.67
-0.33
6.0
2.33
0.67
-11.33
-8.0
4.67
1.33
6.33
1.0
-3.0
8.67
0.33
4.67
4.0
3.0
0.33
7.33
6.67
3.67
4.33
4.33
3.67
6.0
2.33
-6.0
4.67
-0.33
-0.33
6.33
-3.67
3.67
-3.0
5.0
7.67
4.0
1.67
3.67
1.67
1.33
1.33
4.67
0.33
-0.33
6.33
11.33
-7.33
10.0
-4.0
-2.0
-3.0
-1.33
5.67
0.67
-4.67
7.0
-3.67
7.0
-6.67
-1.67
-1.33
3.0
-2.67
1.33
2.0
2.67
1.33
0.67
9.33
-2.67
-2.33
-0.33
-3.67
0.33
1.67
2.67
5.0
10.67
3.33
0.33
4.33
10.33
-2.33
-4.33
4.67
6.67
6.33
-4.67
4.67
-3.0
-2.67
-6.67
14.0
4.0
6.0
7.67
9.0
-6.0
5.67
4.0
0.33
-0.67
5.67
-1.0
-4.0
10.33
5.67
5.67
1.33
0.0
8.67
0.67
10.0
-5.0
7.0
-6.0
-2.33
6.67
2.33
-0.33
5.0
0.0
4.67
-0.67
1.0
3.67
-3.0
0.0
0.33
7.0
5.33
-6.0
10.33
7.0
8.0
4.33
-1.67
0.33
-1.0
1.33
5.67
12.33
2.0
6.33
7.33
-0.33
2.33
3.33
9.0
2.33
7.0
6.67
-3.67
0.67
2.0
2.0
3.33
4.0
2.0
5.33
0.67
4.33
2.67
3.33
1.0
2.67
-0.67
0.67
-3.67
5.0
-1.67
0.0
2.33
4.67
-2.67
6.0
2.67
1.33
3.0
6.67
4.33
2.0
5.67
4.33
4.67
4.0
10.33
10.0
5.67
-3.33
-1.33
2.33
2.67
4.0
2.67
-0.33
2.67
1.0
-3.0
1.67
9.33
7.0
3.0
2.67
-1.33
2.0
0.33
4.33
1.0
9.67
1.0
1.0
9.67
6.0
1.33
-1.0
4.67
3.67
1.33
-0.33
-2.67
-2.33
-0.67
-3.67
3.67
8.33
-0.33
1.0
-2.67
7.0
-3.0
2.0
-2.0
-0.33
-4.33
0.33
10.0
-3.0
3.0
-1.67
2.0
1.33
-3.67
3.67
0.33
1.67
-2.0
1.0
-2.33
1.0
2.67
-7.33
3.67
3.67
-1.0
8.0
4.0
1.0
-0.33
-1.67
-5.0
4.67
7.0
0.0
0.67
3.33
5.0
5.0
