0.0
-13.67
-79.33
-61.33
2.67
48.0
104.67
-27.33
25.0
7.67
-72.0
-23.0
17.0
48.33
37.33
112.67
-4.33
-42.33
36.0
-9.33
-6.67
27.0
-5.0
-11.67
7.0
-5.33
12.33
1.0
-1.0
7.67
8.0
7.0
1.67
3.33
1.33
3.67
-2.0
-1.0
-2.33
-0.33
-1.33
1.0
-1.33
0.33
0.67
0.33
-1.33
0.0
0.67
-0.67
0.0
0.0
0.0
-0.67
0.0
0.0
-0.33
1.0
-0.33
0.0
-0.67
0.0
1.33
-0.67
-1.0
1.0
2.0
-0.33
0.0
-0.67
-0.67
2.33
-0.67
-0.33
0.0
-0.33
1.0
-0.33
1.0
0.67
-1.67
0.0
-0.33
0.67
0.67
0.0
0.0
3.0
1.33
0.0
-0.33
0.33
0.0
-0.33
0.0
1.0
-0.33
1.67
1.0
1.33
0.33
0.33
-0.67
1.33
-0.33
1.33
-1.67
-0.33
3.0
-1.33
2.0
1.0
0.67
0.67
-0.67
2.33
-3.0
0.33
9.33
0.0
-0.67
4.67
-3.33
-2.33
4.0
0.33
5.0
4.0
-1.33
-2.0
-2.33
2.33
2.0
0.33
-1.67
6.33
0.0
7.0
6.33
3.0
0.67
6.67
-0.33
-6.33
1.33
0.33
4.0
4.0
1.33
-0.67
-0.33
1.67
-0.67
6.0
1.33
3.0
2.33
-1.33
-1.0
2.33
9.0
1.67
7.67
6.33
-3.0
4.33
5.0
-1.67
1.33
-2.0
-0.33
3.0
4.33
-0.33
3.0
1.33
1.0
5.67
0.0
3.0
-2.0
3.67
-3.0
-4.0
3.0
-4.33
1.67
0.67
1.67
-0.33
4.33
0.0
-3.33
4.0
0.0
1.33
5.0
1.0
2.67
9.33
3.0
-0.67
2.33
-0.67
-1.33
-1.0
5.67
1.67
-1.0
-0.33
4.33
-3.33
-1.67
0.0
6.33
6.33
-4.33
4.67
5.33
5.0
-4.0
6.0
-0.67
-4.0
-2.0
4.33
0.33
0.67
3.33
4.33
7.33
-2.33
0.67
1.0
1.67
2.0
-0.67
3.67
0.0
6.67
-5.67
5.67
2.67
-0.67
2.33
1.33
-1.0
-1.0
0.0
5.33
-2.33
10.33
4.33
5.0
-0.67
1.67
7.0
5.0
-0.33
4.67
9.33
9.0
4.67
0.33
-1.33
-2.67
0.67
4.33
-2.0
5.0
0.33
2.0
7.33
1.33
5.0
-3.33
5.0
2.67
12.33
-0.67
2.67
6.0
0.0
-1.33
1.33
1.0
9.0
10.33
0.67
3.33
-0.67
2.0
1.0
3.33
-1.0
8.0
-1.67
7.0
6.67
-3.0
1.33
2.33
-1.67
1.67
2.67
2.33
5.0
0.33
8.0
0.0
3.0
-2.0
0.33
-1.33
-0.33
-10.67
1.67
-0.33
5.33
1.33
5.67
2.33
0.0
2.33
2.67
-0.33
4.67
-2.0
2.33
2.0
2.0
6.0
5.67
5.33
3.33
0.0
7.33
-5.0
4.0
2.33
0.67
-3.67
2.67
-4.33
-2.0
4.0
0.33
6.33
-0.33
5.33
1.67
1.0
0.33
6.0
1.0
-2.67
-0.67
6.33
-0.33
3.33
7.0
-1.33
-0.33
1.0
-3.67
2.0
2.33
5.33
-2.0
4.0
-1.0
1.0
-4.0
-3.33
0.0
-3.33
-0.33
4.33
1.67
3.0
3.33
7.67
-0.33
2.33
5.33
5.67
0.67
1.0
-0.33
0.67
7.67
7.67
-2.67
3.0
1.33
0.0
3.0
-3.33
-1.0
8.0
4.33
-1.33
-0.33
5.67
5.33
2.67
1.67
4.67
-0.67
0.0
4.0
-1.33
-3.0
5.0
-6.33
0.67
-5.33
1.0
4.67
1.0
-2.0
-3.33
-0.33
4.33
-3.0
-6.33
3.33
-0.33
-0.33
-2.33
3.0
4.67
-3.67
2.0
-4.0
3.0
5.0
1.33
4.67
2.33
-2.33
3.0
2.67
2.33
5.33
-2.67
0.0
1.33
0.0
-2.0
1.0
3.67
0.67
4.0
4.0
-1.33
1.67
1.0
-1.33
4.67
-5.33
4.33
-4.33
3.67
1.0
0.0
4.67
2.0
-0.33
-5.0
-2.0
0.67
2.67
3.33
6.67
4.67
2.67
-0.67
-2.67
1.67
3.33
4.33
4.0
-6.0
0.0
2.67
2.0
-0.67
0.67
3.33
-2.0
0.0
-2.67
0.67
3.33
-3.0
-5.67
-0.67
0.33
-1.0
0.67
4.33
1.67
-4.33
-5.67
-0.33
-4.33
2.67
-4.0
1.33
1.33
0.0
1.67
1.0
-2.0
0.33
-0.33
3.0
-1.33
-0.67
6.0
-5.0
1.0
3.67
-3.33
-1.67
1.67
2.0
3.33
0.67
4.0
-1.33
2.0
0.67
-0.67
-0.67
-4.67
-2.0
1.33
4.33
5.0
2.67
4.67
-3.67
0.0
2.33
-2.0
2.33
2.67
-1.0
0.33
4.0
1.0
1.0
2.33
-2.0
-1.67
3.0
1.0
2.0
-5.33
2.67
0.33
-0.33
-0.67
1.0
5.0
3.33
-1.0
6.0
-2.67
-0.67
-2.33
-2.0
-1.67
-0.67
-8.33
3.0
-3.67
-0.33
4.0
-2.33
-2.33
-2.33
-1.0
5.0
1.0
1.0
-3.33
9.33
0.67
0.67
-5.33
-0.33
3.0
-2.0
5.0
4.0
2.0
4.33
0.67
-3.0
-1.33
4.0
-4.33
-3.0
-2.33
-3.33
-4.33
4.33
0.67
-0.33
2.0
4.67
-2.67
1.0
-1.33
0.33
-1.67
-2.0
-1.33
1.0
0.67
0.0
2.67
0.33
-5.33
-3.33
4.0
-4.0
-2.33
-1.67
-1.0
-3.67
0.33
-2.0
-4.33
2.0
-1.67
-1.33
1.0
-3.0
0.33
-3.33
-3.0
-1.33
-0.67
-2.67
-0.33
-4.0
6.67
-0.33
-1.33
-3.0
-0.67
-1.0
-5.33
-1.67
2.0
-2.0
-1.67
2.33
0.33
-0.33
0.0
-3.33
-5.33
-5.0
5.33
-7.0
-4.67
-0.33
-1.67
0.67
-5.33
2.67
-5.0
0.0
-4.33
-5.67
-2.67
-5.0
2.33
4.0
2.67
-5.0
1.67
-2.33
-2.0
2.0
1.0
-4.33
-1.0
-2.0
-1.33
-4.33
3.0
-3.67
-1.33
-2.0
3.33
1.33
-7.67
-0.33
-1.0
-2.33
-0.67
0.33
-3.67
-6.0
-3.33
-1.0
2.67
0.0
-2.33
-2.33
-5.67
-3.0
-4.67
-1.33
0.33
-3.33
-5.0
-5.33
1.33
-5.33
5.33
-3.33
-2.33
-8.0
-1.0
-4.0
-1.67
-1.0
-1.67
0.33
-3.0
-1.67
-5.0
-5.33
-0.33
2.0
-13.33
-2.33
-5.33
0.67
-3.67
-1.0
0.0
-2.33
-1.67
-6.0
-7.0
-0.33
-1.0
-2.0
-4.0
-4.0
-0.67
-7.0
2.67
2.33
1.67
-0.33
-3.0
-1.67
6.0
0.33
-6.0
-3.67
-6.0
0.33
-4.33
-3.33
0.67
-1.0
1.0
-0.67
-5.67
-2.67
-6.67
-3.33
-5.67
-2.67
-3.33
-3.67
-5.0
-2.0
-2.0
-1.0
1.33
-7.67
-3.33
0.0
-2.67
1.0
-8.0
-4.67
-7.67
-2.33
-2.0
-1.0
-2.67
-1.33
-4.67
-4.33
-4.33
-1.33
-6.33
-4.33
5.0
-3.67
-2.33
-3.67
7.33
4.33
4.67
3.67
-6.67
-7.33
0.67
-0.33
-5.67
-7.0
-5.0
-4.33
5.67
-6.67
1.0
-2.33
-9.0
-5.67
-3.0
-4.0
0.67
3.0
5.0
-3.0
-5.0
-9.67
-4.0
-3.33
2.33
-2.33
-7.33
0.0
-4.0
-0.67
-2.33
4.67
-4.33
1.67
-4.67
4.0
5.33
-4.0
-4.67
-5.33
1.0
1.67
-3.67
-7.67
6.0
-12.33
-1.67
-5.0
2.67
-5.67
-2.0
1.0
-2.33
1.67
-6.67
-11.33
4.33
-5.0
-2.67
-6.33
4.67
-5.33
-0.67
5.33
7.0
1.67
-1.67
-2.0
8.0
-5.67
-3.67
3.33
6.0
-0.67
-7.0
1.0
2.0
3.33
8.0
2.33
9.33
4.0
-7.0
-0.67
-4.0
-0.67
-1.33
-1.33
0.0
-5.33
0.67
-2.33
-3.0
3.33
-1.67
1.67
-3.0
-1.0
0.0
-4.33
-6.67
-5.33
8.67
0.67
-4.0
-2.0
5.0
9.0
2.67
17.0
11.67
11.0
12.33
10.33
12.67
9.33
24.33
6.33
10.67
25.33
22.33
18.67
27.0
20.67
23.0
24.0
19.0
15.0
13.0
13.67
15.67
5.33
8.67
-2.33
4.67
5.0
5.67
-6.33
3.33
9.0
-11.33
-3.33
-5.0
-0.67
14.33
3.67
-4.33
-9.33
-4.0
12.33
4.33
0.67
-4.67
5.33
0.67
4.67
-2.67
17.0
5.33
22.0
2.0
8.67
20.67
-4.0
22.33
11.33
28.67
19.67
21.67
34.67
31.33
14.33
34.33
12.67
29.67
21.0
37.0
21.0
34.0
11.33
21.67
16.67
13.67
8.67
20.33
1.67
10.33
-1.33
-3.67
2.67
7.33
6.33
3.33
7.33
-0.33
-2.0
2.0
-4.0
3.0
3.33
0.33
3.33
0.0
1.67
5.33
4.67
-5.33
5.33
2.67
0.67
5.67
-10.67
6.33
11.0
4.0
11.0
11.67
-1.0
4.67
7.67
1.33
11.0
14.33
6.67
14.67
12.33
16.67
10.33
11.67
10.0
12.67
8.33
16.33
17.33
8.0
30.0
17.0
19.0
22.33
24.33
18.67
39.33
27.67
36.67
34.0
38.0
38.33
18.67
46.0
24.33
41.0
18.67
39.0
24.67
23.67
25.33
22.67
10.67
9.33
17.0
19.67
0.67
11.0
7.67
24.67
8.33
6.33
1.33
10.33
14.33
8.0
10.67
15.67
18.33
19.0
6.0
9.33
12.33
10.67
8.0
6.33
16.67
2.67
12.67
17.0
10.33
15.33
11.67
8.67
5.33
9.0
7.67
13.33
4.0
5.0
17.33
4.33
9.67
8.67
4.33
14.0
3.0
9.0
1.67
3.33
4.67
6.67
6.0
14.0
3.33
10.33
2.0
9.33
6.33
5.0
-0.33
6.67
15.33
6.33
10.67
9.33
10.33
3.67
12.67
6.67
9.33
16.0
10.0
20.67
34.0
26.0
34.0
24.0
6.0
35.0
38.33
29.67
30.67
38.0
35.67
28.67
38.33
37.67
39.33
18.33
36.67
21.0
15.67
19.33
2.33
9.33
9.67
5.0
7.67
8.33
-1.67
5.0
9.33
26.0
12.67
8.67
2.67
12.33
7.33
41.0
37.0
24.0
34.0
34.67
34.33
45.67
51.33
60.33
54.67
36.67
44.67
36.33
41.67
35.0
47.0
38.67
38.67
35.0
34.0
27.33
33.67
28.33
42.67
29.67
44.33
20.33
32.67
26.33
31.0
27.67
24.67
29.33
14.33
12.33
20.33
18.33
4.67
25.67
19.0
21.67
27.33
22.67
25.67
32.67
34.67
23.0
35.33
21.67
45.0
32.0
35.0
59.33
51.0
66.67
76.0
66.67
58.67
90.33
61.67
63.0
55.67
73.33
60.67
52.33
68.0
47.0
67.67
69.0
52.67
72.67
65.0
68.67
72.0
54.33
72.33
68.0
50.67
60.0
50.67
47.33
49.0
31.67
49.33
42.0
35.67
46.33
30.67
21.67
22.0
21.33
15.67
23.0
20.33
26.67
17.0
24.33
8.33
9.33
17.33
14.67
13.67
8.0
2.33
16.33
1.67
3.0
15.0
11.67
6.33
-0.67
14.0
6.33
-2.0
5.0
5.0
2.33
9.0
-2.67
8.0
2.0
17.67
10.33
16.33
16.67
12.0
9.67
20.33
10.33
13.67
19.67
9.33
13.67
23.0
23.33
15.33
8.33
25.33
19.33
29.0
11.67
17.33
13.0
7.0
7.33
9.33
10.0
6.33
13.33
12.0
10.0
8.0
13.33
16.67
15.0
16.33
6.67
10.67
12.0
11.0
20.0
13.67
13.67
14.33
8.33
7.33
14.67
10.67
5.67
8.67
17.0
11.33
19.67
11.33
16.0
6.67
21.33
20.0
19.0
17.33
10.33
15.0
12.33
20.33
15.67
10.0
13.0
11.0
10.0
19.0
9.67
4.0
15.67
5.33
20.0
13.0
6.33
11.33
11.33
15.67
5.33
17.67
17.67
7.67
15.0
14.0
18.0
12.67
9.67
4.67
4.67
3.67
6.67
9.0
3.33
3.0
-3.33
8.67
10.0
17.33
7.67
7.33
10.33
9.0
6.33
14.33
17.67
0.0
-1.0
15.67
20.33
10.67
9.33
2.0
14.67
11.33
14.33
9.33
18.67
10.33
5.67
9.67
8.67
13.67
5.67
7.67
5.0
8.33
5.33
7.67
9.33
12.33
6.33
12.0
-4.0
13.67
-0.67
0.67
9.0
19.33
23.67
-3.33
8.67
6.33
12.67
5.67
6.67
8.0
6.0
2.33
5.33
11.33
8.0
11.67
-1.0
8.67
6.33
6.0
4.0
13.0
-3.33
8.33
10.33
5.33
3.0
3.33
4.33
13.33
7.67
6.67
7.67
9.33
-8.67
10.0
-2.33
15.67
0.33
17.0
-1.67
-1.0
15.33
0.33
1.33
4.33
6.67
3.0
5.0
4.0
3.0
9.33
0.33
-14.33
-3.0
-4.33
-10.67
8.33
2.33
3.67
4.0
4.0
14.33
5.67
6.33
0.0
2.67
7.0
-6.0
6.67
9.0
6.67
0.0
7.33
0.67
9.67
12.0
12.0
4.0
4.67
11.0
1.67
21.33
8.0
17.33
10.67
-0.67
13.0
6.33
4.67
-4.67
3.33
4.0
1.0
3.0
-1.67
19.0
3.33
9.67
-6.67
-0.33
9.33
13.67
11.67
0.0
15.67
14.33
16.33
15.67
7.0
0.0
13.33
18.67
8.67
7.67
13.0
11.33
21.67
16.33
26.33
18.33
15.67
22.67
15.0
13.0
12.0
8.33
18.67
15.0
3.33
17.0
19.33
13.0
22.67
16.0
21.67
8.67
0.67
7.0
14.0
6.67
-2.67
-0.67
23.33
31.33
15.67
14.67
22.67
-0.33
19.33
6.0
4.33
10.33
8.67
-0.33
15.33
6.33
15.33
7.33
9.67
7.67
0.0
14.67
5.0
0.0
7.33
3.67
-2.33
-1.0
9.0
6.67
24.33
9.33
4.67
-2.0
11.0
9.67
-4.67
9.67
8.33
13.33
2.67
-4.0
2.67
9.67
2.33
20.0
1.67
-0.67
18.0
0.0
13.67
9.0
3.33
7.33
9.67
0.33
6.67
-10.0
-0.33
-4.0
4.33
5.0
9.33
-1.33
3.0
8.67
10.33
19.67
2.33
-2.33
4.33
3.0
3.67
3.67
-1.0
3.33
7.67
3.67
2.33
9.0
-4.33
-1.33
-6.0
5.67
4.67
1.0
-1.67
6.67
-7.0
-2.0
0.67
-4.33
0.33
-7.0
20.67
17.67
-3.33
10.33
-1.67
8.67
5.33
2.0
0.0
5.67
-0.67
-3.0
5.67
-9.33
4.67
10.0
-1.0
5.0
-4.67
4.67
6.67
6.67
-8.0
6.0
-4.0
-5.0
6.0
6.33
10.0
2.33
-5.33
3.33
4.33
-2.0
-2.0
12.0
11.0
-0.67
-6.0
-5.0
9.67
5.67
0.67
-2.0
2.67
-7.0
1.0
-6.0
-7.0
-8.33
5.0
0.67
-2.67
6.33
5.33
0.33
1.0
6.33
-0.67
2.67
-4.0
5.0
13.33
3.33
3.33
2.67
-1.0
5.67
1.33
5.0
-3.67
7.67
11.33
-4.67
-7.67
0.0
13.67
6.0
15.67
7.33
3.0
7.33
0.0
8.67
0.33
7.33
5.67
10.0
0.67
13.0
-1.0
11.33
-1.33
14.33
5.33
7.0
-0.33
3.67
4.0
2.0
-9.67
-4.33
4.0
-4.33
4.33
5.67
4.0
0.33
8.67
2.67
0.0
-2.33
1.33
3.33
5.0
10.0
-2.33
4.33
-0.33
-2.0
2.0
-0.67
-1.67
-1.33
-0.33
6.33
-6.67
2.67
-1.0
-1.67
-4.0
-0.33
-5.33
1.67
5.33
1.33
-4.33
0.0
9.0
5.67
-3.0
4.67
1.67
3.67
7.33
-1.67
-4.33
7.33
12.67
-5.67
7.33
-11.33
1.0
-3.0
-3.0
0.0
1.67
5.67
5.67
-1.67
10.0
3.33
8.0
-1.67
-4.67
1.67
6.0
7.33
5.33
9.0
5.67
4.33
-0.33
3.33
6.33
-1.33
-0.33
6.33
5.33
0.67
0.67
0.0
3.67
7.33
0.33
3.33
8.33
1.67
2.67
-4.33
2.67
7.33
4.33
7.67
6.0
-2.67
-1.67
6.0
0.0
-3.0
-0.33
2.0
-4.0
3.67
7.0
7.33
0.33
3.67
3.0
3.0
0.33
4.67
-2.33
5.33
5.0
2.67
1.67
14.0
1.0
8.0
5.0
-0.33
-4.33
5.33
2.67
3.0
0.0
9.67
4.33
2.0
9.67
-1.0
5.0
-2.67
4.0
-2.67
-10.0
5.33
6.0
0.0
-1.67
4.33
-2.67
-1.0
-4.67
1.67
5.33
6.0
1.33
6.33
3.67
-2.67
6.33
7.0
3.33
4.0
1.67
-0.67
4.67
2.0
2.0
6.33
1.0
4.0
3.33
1.67
1.33
-1.33
2.33
3.0
6.67
6.33
3.67
3.33
5.0
-3.67
2.0
3.33
5.67
1.33
5.0
0.67
4.33
4.0
1.67
3.33
5.0
3.67
-0.67
5.67
0.0
-0.67
7.0
6.67
-1.33
5.67
5.33
3.67
6.0
6.67
0.67
5.67
-2.0
2.0
6.67
5.33
2.0
3.0
14.67
11.67
-5.0
3.33
-0.67
5.0
0.67
-1.0
3.0
3.67
3.0
-1.67
2.0
-0.33
-1.33
-0.67
4.67
-0.67
-2.33
-2.67
-4.67
2.67
5.33
12.67
5.0
-0.67
5.0
0.0
0.0
-2.0
11.67
0.67
-3.67
3.0
0.0
6.0
-0.67
2.0
-2.67
4.33
3.67
8.33
6.67
0.0
5.0
3.67
2.0
1.67
-3.33
3.67
-0.33
2.0
3.0
-2.0
1.0
-0.33
2.33
-3.0
1.67
-2.0
0.0
3.67
1.33
-2.0
1.0
