0.0
-12.67
-48.33
14.67
-7.33
-19.0
83.67
-72.33
26.0
-51.33
5.0
40.0
-71.0
45.33
-17.67
31.67
-27.33
-16.33
-22.0
19.67
-35.67
20.0
30.0
20.33
20.0
30.67
14.33
8.0
8.0
5.67
5.0
-2.0
-4.33
-3.67
3.33
1.67
0.0
-2.0
0.67
-0.33
-0.33
0.0
-0.33
0.33
-0.33
-0.67
-0.33
0.0
0.67
-0.67
0.0
-1.0
1.0
-0.67
2.0
0.0
-0.33
1.0
-0.33
0.0
0.33
0.0
1.33
0.33
-1.0
1.0
0.0
0.67
1.0
-0.67
-1.67
-0.67
0.33
-0.33
0.0
-0.33
0.0
-0.33
0.0
-0.33
-1.67
0.0
0.67
-0.33
0.67
0.0
0.0
1.0
-0.67
-1.0
0.67
0.33
-1.0
-1.33
0.0
-1.0
-0.33
5.67
0.0
0.33
3.33
0.33
-0.67
1.33
1.67
-0.67
-0.67
-0.33
4.0
-1.33
-1.0
2.0
1.67
1.67
-1.67
-0.67
1.0
0.33
0.33
-1.0
1.33
1.67
-1.33
-1.33
2.0
5.33
3.0
-2.0
0.67
1.0
-1.33
1.33
2.0
7.33
1.33
-0.67
2.0
0.0
1.33
3.0
-0.33
-3.33
6.67
-0.33
3.33
10.33
0.0
2.0
2.33
6.33
-0.33
-2.33
1.33
9.0
1.33
2.0
0.33
-1.33
3.0
3.33
1.0
5.67
2.67
3.33
0.0
2.33
-3.0
-1.67
9.33
0.0
-0.33
4.0
2.33
-3.33
-2.0
3.33
1.0
5.67
-1.0
-4.0
-1.0
0.67
8.0
1.0
1.0
-3.33
4.67
2.67
2.67
-6.33
-2.67
5.0
-3.33
1.0
7.0
5.33
3.0
-5.0
7.67
2.33
6.0
4.33
1.33
-5.67
-0.33
5.0
-0.33
5.67
-3.0
6.67
4.33
-2.33
0.33
3.0
4.33
4.33
-3.33
5.67
-3.67
10.0
4.0
6.0
-1.67
5.0
1.0
1.33
2.33
2.67
-1.67
-0.67
4.33
2.67
11.67
2.0
3.67
1.0
0.33
-2.33
4.0
2.67
3.33
-0.33
7.67
-2.67
0.33
3.33
7.0
-6.0
10.0
3.33
5.67
1.33
-1.67
7.0
8.33
1.67
3.0
-1.0
3.67
2.67
5.33
1.0
3.67
3.33
2.67
0.33
-3.33
9.33
4.0
5.0
-0.67
1.0
5.33
4.33
-4.0
-4.33
-2.0
-1.33
4.33
-5.67
-0.33
10.0
1.0
-0.33
5.33
-3.0
2.0
2.33
0.67
9.33
4.33
3.0
5.0
1.33
0.0
2.0
0.33
5.0
-0.33
3.0
-2.67
-0.67
4.33
0.67
-2.33
1.33
6.0
7.33
6.0
-2.0
6.0
11.0
3.33
4.67
0.67
3.33
4.67
-1.33
2.33
-4.67
-1.33
4.33
2.0
-6.67
-7.33
3.67
4.67
3.0
5.33
-2.0
-1.0
-3.0
4.67
2.33
6.33
0.0
7.33
-3.0
5.0
1.33
-1.33
-0.67
-5.33
-3.33
4.0
1.0
-0.67
2.33
5.67
3.33
9.67
4.0
2.33
7.0
-2.0
1.33
-1.67
1.33
0.67
-4.67
3.0
0.67
1.67
4.0
2.33
8.0
-0.67
-1.67
0.0
5.0
-1.0
-2.0
0.0
-5.33
-1.0
-3.33
-0.33
1.33
3.67
6.0
-0.67
3.67
6.67
-2.67
4.33
2.67
1.67
3.0
2.67
4.67
-2.33
3.67
1.33
1.0
2.33
-2.0
-4.0
0.67
-4.0
3.0
0.33
1.67
3.67
1.67
2.33
7.67
-2.33
0.67
1.33
0.0
-4.0
-2.33
2.0
1.0
-2.33
1.67
-2.33
-3.0
-0.33
3.0
4.0
-1.33
-0.33
2.33
-4.0
-0.33
1.33
4.67
6.67
0.67
8.0
1.67
2.33
1.0
-2.0
1.0
1.0
2.33
3.67
0.33
6.67
0.0
1.67
-3.67
-0.67
0.33
2.0
7.33
5.0
-1.0
-4.0
8.67
-3.33
-4.0
5.0
1.67
0.67
-2.0
4.67
3.67
-1.33
5.33
1.67
8.67
-2.0
5.0
-5.33
-3.0
4.67
3.0
-5.0
2.67
2.67
6.33
6.67
-3.33
0.67
-1.67
-1.67
7.67
2.33
1.33
-3.0
5.0
2.0
-0.33
5.0
4.33
-4.33
2.33
2.0
3.0
-4.67
-3.33
-0.67
7.0
0.33
-0.67
-0.67
-6.0
-0.33
0.33
1.67
-2.33
-0.67
-4.33
-1.33
1.67
2.0
1.33
2.33
0.0
1.67
3.0
2.0
-0.67
4.67
5.0
5.67
-0.67
1.0
0.0
-1.0
-0.33
-0.33
4.33
-1.33
3.0
3.33
1.67
0.0
1.67
-1.0
-3.33
4.33
-0.67
-0.67
-1.0
1.33
1.33
3.0
2.67
1.67
-1.67
1.0
-3.67
0.0
-0.67
2.67
2.0
1.33
5.0
1.0
-1.0
2.33
1.0
0.33
1.0
-2.0
-1.0
-3.33
-1.33
2.33
0.67
4.33
2.0
-2.0
3.33
-3.0
-1.0
-2.67
1.33
-4.33
4.0
-1.67
-2.67
-1.33
-1.0
-0.67
2.67
-1.0
0.67
-2.33
0.67
0.0
0.0
3.0
-1.0
3.67
1.33
-3.33
8.67
0.67
-2.33
0.0
1.0
1.0
2.0
3.0
5.33
1.67
-3.0
1.67
4.0
0.67
0.0
-1.33
-2.33
-4.33
1.33
-1.33
2.67
-5.0
0.67
-5.67
2.0
-2.33
1.33
-1.67
-1.0
1.67
2.0
-0.33
-2.0
0.67
-1.67
-1.33
0.67
-3.0
-1.0
4.67
1.33
6.0
-2.67
1.33
-2.0
-1.33
-1.0
0.33
2.67
0.0
-3.0
-1.67
-3.33
0.0
0.67
-2.67
-1.67
1.67
3.0
-1.33
2.67
4.67
2.0
-1.67
-3.0
-7.33
-4.67
-3.0
-3.0
-4.67
-0.67
-1.67
-2.33
0.0
1.67
-3.33
-7.0
-3.67
-5.0
-2.67
-5.33
-0.67
-2.33
2.67
4.67
-5.0
-2.0
-0.33
0.33
-5.67
-3.0
-3.67
-2.0
0.67
3.0
-0.33
-2.33
-4.0
0.0
0.0
-1.33
2.0
-6.0
0.67
-0.33
8.0
-5.67
-6.33
2.0
-0.67
4.33
-7.67
-6.33
0.0
-2.33
3.33
-2.67
-1.67
-3.0
-0.33
-5.0
0.67
1.0
0.67
0.67
-1.67
-6.0
-3.67
-4.33
-4.67
-7.33
-2.0
-5.33
-2.67
3.67
-0.67
1.67
-3.33
-5.0
-1.0
-7.0
-4.67
2.0
-8.67
0.33
0.0
-3.67
0.0
-2.33
-3.33
-5.0
-6.33
-1.33
3.67
-4.33
-1.67
2.0
1.0
-1.33
-1.67
1.0
3.0
2.67
-7.0
-2.0
-2.0
-7.0
-3.67
-5.0
-1.33
-1.67
-7.33
1.67
2.0
-8.67
2.0
-5.67
-3.0
-1.67
-4.0
-2.67
-0.33
-1.33
-1.33
4.0
4.0
-0.67
-3.67
-7.67
-6.67
-6.33
-6.67
4.33
-6.33
-1.67
-5.0
-2.0
-6.0
-7.0
-2.67
-4.67
-0.33
-2.0
-11.67
-1.0
-10.0
-1.67
-8.67
-8.33
-2.0
-7.0
-7.67
-7.33
-2.67
0.67
-1.33
-3.33
-8.33
-3.33
2.0
-5.67
-1.33
-0.67
8.33
3.33
-3.33
-8.33
-5.67
-1.33
-2.33
-10.33
-2.67
-5.0
-2.0
-8.33
1.67
-1.67
2.0
-3.33
-3.0
-9.67
2.0
-10.0
-7.33
-2.0
7.0
-5.0
7.0
-5.67
2.0
-0.33
-3.67
-2.33
-7.33
1.0
1.0
2.33
1.67
7.67
-3.33
1.67
-0.67
12.0
1.33
5.0
-1.67
1.67
-4.0
-0.33
-2.67
0.33
6.0
-0.33
-1.67
-4.0
-3.33
4.33
-5.0
0.0
-1.33
0.67
-1.67
-7.33
-0.67
2.0
-1.67
-6.33
1.67
1.67
2.33
6.33
3.0
-8.33
-5.67
3.0
5.0
-0.67
-1.67
7.33
5.0
-0.67
2.0
0.0
-2.0
-0.67
2.0
5.33
2.33
-4.0
-1.0
-6.67
1.0
-0.67
0.67
-3.33
-2.0
1.67
9.67
-6.33
-3.0
-6.67
3.33
9.67
4.0
-8.0
-3.0
-9.33
2.33
-4.33
-2.33
4.67
-7.0
0.0
1.0
13.0
9.67
5.0
14.67
16.0
16.33
21.33
15.67
27.33
39.33
34.33
54.67
93.33
66.33
91.67
81.0
105.67
84.0
110.0
91.0
67.0
62.0
71.67
55.67
34.33
36.67
20.67
16.67
7.0
6.67
2.67
0.33
10.0
-2.33
-4.33
-5.0
-6.67
4.33
1.67
-5.33
-3.33
-3.0
4.33
-0.67
-2.33
3.33
5.33
2.67
6.67
19.33
9.0
3.33
16.0
11.0
9.67
11.67
-5.0
6.33
10.33
11.67
18.67
22.67
18.67
20.33
3.33
16.33
16.67
3.67
19.0
10.0
8.0
8.0
7.33
8.67
13.67
9.67
2.67
7.33
13.67
6.33
0.67
11.33
-1.33
3.33
3.33
-0.67
3.33
-4.33
2.0
2.0
-11.0
-2.0
3.33
10.33
6.33
1.0
4.67
8.33
0.67
0.67
-3.67
-1.33
7.67
7.67
4.33
17.33
7.0
26.0
11.0
10.67
-2.0
19.67
8.67
11.33
12.0
5.33
12.67
13.67
7.33
15.67
12.33
5.67
15.0
5.67
-3.67
18.33
29.33
12.0
34.0
12.0
18.0
18.33
22.33
20.67
30.33
16.67
26.67
15.0
24.0
37.33
30.67
23.0
23.33
30.0
12.67
32.0
18.67
13.67
18.33
7.67
13.67
17.33
16.0
11.67
16.67
18.0
10.67
8.67
19.33
20.33
14.33
17.33
20.33
13.0
16.67
7.67
8.33
8.0
22.0
5.33
17.33
12.67
10.0
16.33
13.67
12.67
4.67
5.0
9.33
17.33
3.67
11.67
0.33
3.0
13.67
3.33
1.0
5.0
4.33
-0.67
3.67
4.67
0.33
10.0
1.0
7.0
4.67
1.33
6.67
-3.33
9.0
6.0
2.33
-0.67
10.0
8.33
4.33
8.0
2.67
-5.33
10.33
14.33
8.67
4.33
13.33
16.67
12.67
15.67
9.33
27.0
8.0
4.67
18.0
17.0
18.0
15.0
28.0
14.0
24.33
30.67
11.67
36.0
30.67
29.67
25.33
20.67
21.33
28.33
21.67
23.0
15.67
10.33
-2.67
14.33
16.67
9.0
-2.33
13.33
1.33
12.0
21.33
27.0
21.67
18.67
16.67
18.33
19.33
24.0
39.0
58.0
39.0
53.67
51.33
65.67
59.33
63.33
79.67
70.67
83.67
70.33
64.67
51.0
66.0
49.67
60.67
55.0
51.0
53.33
45.67
52.33
48.67
36.67
34.33
41.33
42.67
34.33
41.0
34.67
36.67
19.33
21.33
24.33
22.33
21.33
22.67
6.67
6.0
15.67
19.33
26.67
31.67
21.67
31.67
30.0
41.33
36.67
41.0
53.0
39.0
59.33
47.0
39.67
54.0
60.67
59.67
59.33
76.67
67.0
50.67
58.33
58.67
65.33
57.0
61.0
42.67
64.0
55.67
60.67
75.0
73.67
67.0
69.33
66.33
68.0
64.67
64.0
66.67
61.33
52.0
52.67
46.33
45.0
31.67
29.33
31.67
27.67
18.0
26.33
29.67
18.0
13.33
23.67
15.0
12.33
27.33
28.33
23.33
22.67
14.67
10.0
14.33
16.33
20.67
5.0
4.0
3.67
9.33
4.33
10.0
-2.67
9.0
12.0
6.0
-0.67
6.0
2.33
8.0
2.0
7.67
27.33
7.33
9.67
10.0
11.67
15.33
8.33
16.67
19.67
5.33
13.67
20.0
13.33
17.33
4.33
26.33
21.33
33.0
17.67
17.33
14.0
25.0
16.33
21.33
24.0
23.33
25.33
36.0
15.0
29.0
21.33
29.67
26.0
10.33
13.67
34.67
21.0
3.0
15.0
9.67
9.67
11.33
16.33
18.33
17.67
14.67
14.67
14.67
21.0
3.33
9.67
11.33
10.0
10.67
14.33
7.0
3.0
13.33
18.33
26.0
11.33
24.33
5.67
20.0
9.0
14.0
15.0
23.0
8.67
9.0
3.67
15.33
4.0
25.0
16.33
15.33
17.33
12.67
13.33
10.67
14.67
18.67
2.0
19.0
14.0
3.67
12.67
2.67
3.67
4.67
4.67
12.0
7.33
9.0
10.67
18.67
11.0
8.33
12.67
1.33
10.33
19.0
14.33
-0.67
6.67
14.0
4.0
11.67
16.33
12.67
7.33
7.0
12.67
15.33
13.33
3.33
13.67
6.33
14.67
10.67
11.67
16.67
25.67
14.67
-5.0
1.33
4.33
19.67
9.33
9.33
20.33
16.0
13.0
-2.33
1.33
7.67
13.0
16.33
11.67
-3.33
9.67
9.33
13.67
6.67
22.67
10.0
22.0
9.33
4.33
-0.67
2.0
20.67
6.0
8.67
0.33
10.0
8.0
14.0
5.67
-0.67
10.33
1.33
13.0
7.33
-2.67
20.33
-9.33
4.67
4.67
7.33
-0.67
0.0
1.67
17.67
1.33
17.0
14.33
0.0
6.33
6.33
7.33
1.33
7.67
9.0
2.0
7.0
-5.0
6.33
14.33
-8.33
1.0
2.67
3.33
9.33
7.33
8.67
16.0
12.0
15.33
17.67
-0.67
13.0
1.67
14.0
13.0
1.67
6.0
26.67
12.0
19.33
3.67
6.67
18.0
17.0
6.0
3.67
15.0
13.67
11.33
17.0
11.33
4.67
-5.67
-3.0
5.33
8.67
3.33
-3.67
9.0
16.0
6.0
6.33
12.0
7.33
4.67
-5.67
-0.33
5.33
-1.33
5.67
1.0
9.67
12.33
9.33
19.67
1.0
-11.0
12.33
19.67
4.67
7.67
8.0
19.33
7.67
15.33
12.33
6.33
5.67
13.67
18.0
9.0
24.0
18.33
21.67
6.0
11.33
11.0
18.33
17.0
15.67
7.0
0.67
16.67
22.67
11.0
26.0
25.67
2.33
9.33
18.33
3.33
8.67
18.67
11.67
10.67
15.33
11.0
12.33
7.33
6.67
10.67
9.33
7.33
5.33
14.33
12.67
-0.33
-8.0
11.67
7.0
4.0
9.33
12.67
14.67
-4.0
9.0
16.67
8.33
15.33
1.67
8.0
10.0
12.67
15.33
16.67
14.33
12.33
9.67
12.0
-2.33
14.67
16.33
18.0
10.67
4.33
9.0
6.0
2.67
17.0
6.33
2.33
-5.33
7.33
9.67
0.0
-3.33
-1.0
-8.67
6.0
5.33
8.67
7.0
4.67
9.33
6.67
1.33
5.67
-2.67
-4.0
7.67
6.67
6.0
-9.67
4.67
5.67
-6.67
-4.0
-2.33
-8.33
3.0
1.67
0.67
14.0
10.33
-1.33
-5.0
-7.0
-11.33
1.67
0.33
-10.0
4.67
12.67
-3.33
8.33
-2.67
12.67
12.33
7.0
3.0
-9.33
5.33
-1.0
-0.33
2.67
3.67
-7.0
-3.0
-4.0
-0.67
2.67
-5.33
10.67
-9.0
0.0
4.0
3.0
5.0
2.33
16.0
-0.67
0.67
0.33
7.33
12.0
-11.0
-1.0
8.0
-5.67
7.0
-12.0
-0.33
9.67
-0.33
3.0
3.67
9.0
4.0
0.0
4.0
3.67
6.0
-4.33
-0.67
0.33
-1.67
-0.67
8.0
5.33
8.33
5.67
6.0
4.0
1.33
-7.67
10.33
7.67
2.0
10.67
6.33
3.0
3.33
11.67
26.33
6.33
0.33
6.0
7.67
4.0
0.67
8.33
0.0
2.33
12.0
5.67
5.33
5.33
2.67
14.0
-1.33
6.0
-2.0
0.33
-5.33
1.33
-1.67
-3.0
1.67
-0.33
0.0
5.0
-1.67
-0.33
10.0
0.67
5.33
2.67
13.0
3.33
4.67
2.67
6.0
-1.33
6.33
1.33
1.0
7.0
9.67
-0.67
-0.33
-4.0
0.0
-2.67
-3.67
1.67
10.67
5.33
-4.67
-1.33
-1.0
12.33
-9.0
11.67
-2.33
0.67
-0.67
1.33
4.67
3.0
7.0
2.67
-1.0
5.67
-2.33
5.67
-1.67
1.33
1.67
-0.67
3.67
-5.67
3.33
-6.33
10.0
10.0
1.0
3.0
0.67
8.67
-0.33
-3.67
1.0
4.33
7.0
5.33
0.33
-3.33
-5.0
-5.67
-1.67
7.0
6.67
3.33
-5.33
2.33
-5.67
2.67
0.67
6.33
1.33
8.67
8.67
1.0
6.67
0.33
3.33
-0.67
15.33
2.67
4.67
5.67
-0.33
8.33
-3.67
2.67
2.0
1.33
10.33
6.0
-4.0
-1.0
8.67
7.0
7.0
2.67
4.0
8.33
6.33
4.67
3.0
-1.0
6.33
6.67
8.67
7.33
8.0
10.67
1.67
8.0
-1.0
6.0
6.0
4.67
6.67
-8.67
-0.33
3.0
3.0
1.67
4.33
4.0
1.67
-3.0
4.0
-2.67
-3.0
8.33
3.0
13.33
6.0
11.0
2.33
-4.67
4.33
-1.0
8.33
0.67
2.33
-1.0
4.33
-2.67
-6.33
0.33
-4.67
0.0
0.33
2.0
2.67
-0.67
3.67
3.0
0.0
3.33
6.0
-5.0
4.33
10.67
2.33
-0.33
4.33
-2.0
3.67
5.33
4.67
3.33
-2.0
0.33
-1.0
-4.67
-2.33
7.33
4.0
4.67
0.33
-7.0
0.67
3.33
3.0
-1.33
-4.67
1.67
3.0
3.33
-2.0
-3.33
-3.33
0.67
0.33
4.67
4.0
0.67
1.67
-0.33
-4.0
0.0
-2.33
2.33
10.0
5.0
2.67
-0.33
1.0
-1.67
1.33
2.0
1.67
10.0
3.0
5.67
8.0
2.33
2.0
-2.33
4.67
-0.67
1.67
4.33
0.67
9.33
5.33
6.67
6.33
2.67
5.0
-3.67
4.0
3.0
4.0
-1.0
-4.33
-1.33
1.33
10.0
0.0
0.0
-3.67
-1.0
1.33
-1.67
-2.33
3.33
8.67
5.0
-2.0
1.67
4.0
2.67
-5.33
7.67
1.67
4.0
7.0
5.0
-2.0
3.67
3.33
-1.0
-0.33
1.0
-2.0
1.67
1.33
3.0
0.0
