0.0
19.67
8.0
29.33
54.0
5.67
-48.67
14.33
-62.67
-87.67
-27.33
-115.33
15.0
-113.33
-96.0
-48.67
-27.33
-43.0
-24.67
-28.33
-23.33
-3.0
2.0
-23.33
-19.33
-26.0
-7.67
-16.0
-9.67
4.33
1.67
-6.33
-1.67
-2.67
3.33
-0.67
-3.0
0.0
1.0
-1.0
0.0
-0.33
0.67
0.33
0.67
-0.33
-0.33
-0.33
-0.67
1.0
2.0
1.0
1.67
1.0
-0.67
0.67
0.33
3.0
-0.33
1.67
0.0
-1.33
0.33
0.33
-0.33
-0.33
0.67
0.33
-0.33
0.67
1.67
-1.0
-1.0
-0.33
0.0
0.0
-0.33
0.0
1.0
1.67
-0.33
-0.67
0.0
-0.33
-0.67
-0.67
0.33
-0.33
1.0
-1.33
-0.67
1.0
0.67
-1.33
-0.33
-0.67
-0.33
-1.0
1.0
2.67
-0.33
-0.67
-1.33
-1.0
2.33
1.67
0.0
-1.67
0.33
0.33
0.0
1.33
0.0
2.0
0.67
7.0
-2.33
2.67
1.33
4.67
-0.67
-2.33
-0.33
3.33
4.33
6.67
7.33
3.0
-2.67
3.0
-1.67
-0.67
2.0
-2.0
4.0
-1.33
2.33
4.67
-4.0
2.0
-1.67
0.0
5.67
3.0
1.33
3.0
-1.0
2.0
-1.33
3.33
-3.67
6.67
0.33
-5.67
0.67
6.33
2.33
6.0
0.33
6.67
3.0
-0.33
-3.33
3.33
2.0
8.0
1.0
-1.0
0.67
2.67
0.0
-1.67
4.0
-1.67
0.33
-1.33
4.0
-4.67
-2.33
-0.67
3.67
0.33
6.67
-4.0
0.67
1.0
6.33
-3.67
3.33
8.33
5.33
7.0
2.0
-0.67
6.0
2.67
6.33
5.33
7.33
4.33
7.67
0.33
6.33
5.67
5.67
5.33
-3.33
6.67
5.67
6.33
-1.33
7.33
10.33
1.33
6.33
-1.0
5.33
5.0
-2.33
-2.67
4.33
0.0
0.67
5.67
12.67
-5.33
5.33
5.0
-6.67
5.33
5.33
-0.33
-2.33
3.0
7.33
-1.0
-7.0
6.67
-3.0
-3.67
-2.33
2.67
-3.33
8.33
4.67
8.33
7.67
1.33
5.33
1.33
6.0
5.33
4.0
9.0
13.0
7.0
1.67
-4.33
5.33
2.33
1.33
4.67
3.67
9.67
0.33
0.33
-1.33
4.0
0.33
5.67
2.0
7.67
-3.0
-1.33
-0.67
-0.33
9.33
1.67
-0.67
4.67
4.33
1.33
4.67
3.33
6.67
3.67
-3.0
2.33
16.33
4.0
13.0
6.67
3.0
2.67
1.0
-1.33
1.33
0.67
-3.33
1.0
6.33
1.0
11.0
-2.67
0.0
3.33
7.0
0.33
3.0
-1.0
5.67
-1.67
-0.67
2.0
2.33
5.67
-2.67
-1.33
6.67
1.33
0.0
3.33
-1.67
5.33
10.33
-1.67
3.67
3.0
7.0
5.0
0.33
1.0
5.67
6.33
-1.67
-0.67
9.0
7.0
3.67
-3.33
6.33
2.33
0.0
-1.67
4.0
1.33
6.67
10.0
4.33
0.0
4.0
7.33
7.33
3.0
4.67
1.0
-0.33
-0.67
4.67
-2.0
1.67
2.33
-6.0
4.67
-0.67
4.0
3.0
-1.0
1.67
1.67
-3.33
-1.67
2.67
3.0
-1.33
4.33
1.33
-4.33
7.33
-2.0
-1.0
1.67
-1.33
-0.67
-1.0
-1.33
2.0
7.67
5.0
8.67
6.67
1.67
1.67
6.67
3.67
-0.33
3.33
-4.0
-2.67
-0.33
2.33
4.0
-2.0
2.0
4.67
5.0
3.33
1.33
2.0
0.67
-2.33
5.33
3.33
2.0
1.0
2.33
-3.67
-6.0
-1.0
-3.33
-0.33
0.67
-0.67
-1.67
-3.33
1.0
4.33
3.33
-3.33
3.67
-2.33
-2.0
0.33
2.67
0.67
1.67
-0.33
5.0
-0.33
6.33
5.67
-2.0
-1.33
0.33
-1.0
-0.67
4.33
0.33
-1.33
-0.67
0.0
3.33
2.67
8.0
4.0
3.33
-0.33
3.33
1.33
0.67
3.67
5.67
2.33
-3.67
2.0
-0.33
-0.33
4.33
3.0
7.67
0.33
7.67
1.0
4.67
-6.0
0.67
2.67
2.67
1.0
2.0
-4.67
6.0
-0.67
-5.0
-1.0
3.0
-2.0
0.33
5.33
0.67
4.33
0.33
0.67
-0.67
0.33
5.67
2.0
3.33
6.0
5.0
-0.67
2.33
2.33
-0.67
-2.0
-3.0
-3.0
2.0
5.0
4.0
2.0
-2.33
1.67
-2.33
10.0
2.33
7.0
-3.0
4.67
-2.33
2.0
-2.67
2.33
-1.33
1.33
-5.0
-0.33
6.0
2.0
0.67
-1.67
-0.67
-0.67
4.67
-2.0
1.33
8.67
8.67
0.33
1.0
7.33
4.67
0.33
0.33
-2.67
4.33
8.67
3.33
2.67
2.0
0.67
3.33
0.67
1.67
-2.33
3.33
-1.67
-2.0
0.67
2.33
-0.67
0.33
1.0
-1.0
4.0
-3.67
1.67
0.67
-0.33
3.33
-1.0
2.67
4.33
4.67
4.33
1.33
10.0
-0.67
0.33
1.33
7.67
1.0
4.33
0.0
-1.33
4.33
2.33
1.67
-2.33
-2.67
3.33
-2.0
-3.33
0.33
-0.33
1.0
-2.0
3.67
6.67
-2.33
2.33
3.33
-2.33
4.0
2.33
0.67
1.33
4.67
-2.67
1.67
-1.33
3.33
1.67
1.33
0.67
-5.33
-3.0
3.67
1.0
6.33
3.33
0.67
2.33
4.33
2.67
-1.33
4.33
0.67
-0.33
-1.0
0.0
4.33
-0.67
0.33
-1.0
-0.67
1.67
-2.33
-2.67
-1.0
0.67
2.33
-4.0
1.67
1.0
-0.33
2.33
0.33
3.0
-0.33
-4.0
0.33
4.0
-0.33
-2.0
0.67
-3.67
6.33
2.33
3.33
-0.67
2.0
-1.67
-2.0
-1.33
-1.33
-0.33
0.67
0.0
-2.33
2.33
-1.67
-0.67
1.0
4.0
-1.67
-2.33
0.0
-0.67
1.33
2.0
2.67
4.0
8.0
1.33
3.0
-3.67
3.0
-2.33
3.33
-4.0
1.0
8.0
-1.33
-4.67
-0.33
-1.0
0.33
-3.0
1.33
2.33
1.0
3.67
-1.0
3.0
1.33
0.33
-3.33
2.67
6.67
-1.33
1.33
1.0
-0.33
7.0
1.0
2.33
5.0
3.0
0.33
0.33
-1.0
0.33
-1.33
2.33
5.67
4.33
2.33
1.33
2.33
2.33
2.33
0.33
1.33
-3.67
4.67
-0.67
5.0
1.0
0.0
1.67
9.0
0.33
2.0
-2.0
-1.33
2.33
0.0
-5.67
-1.0
4.67
2.0
1.33
4.0
5.67
0.67
-1.33
-4.0
0.67
2.67
6.67
8.0
1.33
-0.67
0.67
2.33
6.0
1.0
6.0
8.0
2.67
2.67
-1.67
1.67
-3.0
2.33
-3.33
3.67
3.0
4.33
0.33
-3.0
-0.67
1.67
1.0
4.0
-1.67
-2.33
-1.33
-3.0
1.67
7.0
0.67
-6.0
8.67
4.33
-0.67
10.0
0.0
0.33
6.0
-1.33
-0.67
3.0
-0.33
3.67
0.0
7.67
5.67
4.33
7.0
2.33
5.33
1.0
5.0
8.33
8.0
9.67
-5.67
3.33
11.67
5.67
6.33
4.33
13.33
-2.67
8.0
4.33
-1.0
6.0
5.0
1.0
7.33
5.33
1.33
8.0
-3.67
6.33
3.0
9.67
3.0
-1.33
-1.33
11.67
5.33
8.67
4.0
5.33
1.0
8.33
4.0
9.0
11.0
9.0
6.33
15.67
4.33
5.33
8.33
8.33
4.67
1.67
-2.0
3.0
4.0
6.0
-1.0
6.67
2.33
7.0
4.0
5.0
9.67
4.0
2.67
8.33
2.33
3.33
11.0
-2.0
4.67
7.67
7.33
1.67
9.0
-3.33
2.33
9.0
6.67
8.0
5.0
8.33
3.67
12.0
12.67
11.0
12.33
12.0
2.0
11.33
12.33
5.0
6.0
7.67
6.67
5.33
10.67
7.67
14.0
11.67
6.33
10.0
7.67
3.67
13.67
6.33
5.33
10.0
11.0
18.33
6.0
6.0
12.0
6.0
3.0
10.67
8.33
7.33
13.33
19.0
13.0
37.0
17.33
12.67
25.67
19.0
25.33
19.33
38.67
28.33
30.67
38.33
42.0
56.0
42.0
40.33
49.33
32.67
45.0
65.33
43.0
43.67
46.0
44.0
35.67
23.0
48.33
28.67
22.33
24.33
11.67
14.0
8.67
16.67
12.33
12.0
16.0
21.0
6.33
13.0
9.67
13.33
9.33
14.33
29.0
28.0
31.0
36.67
40.33
26.0
37.67
28.33
47.0
19.33
40.67
29.33
25.33
30.0
30.0
26.67
22.67
29.67
18.67
27.0
14.33
39.67
20.33
27.67
27.0
24.33
23.67
23.67
20.33
16.67
21.67
13.33
7.33
9.67
9.0
15.0
11.67
10.33
18.67
19.67
17.33
25.33
12.67
24.33
30.0
15.33
7.33
12.0
12.67
9.67
23.0
15.0
17.67
9.0
17.33
7.67
21.0
14.67
27.33
15.67
12.67
20.0
10.33
20.0
23.0
15.33
15.67
22.0
9.33
13.67
25.67
21.0
24.0
14.0
20.0
19.67
31.33
19.33
33.67
24.33
32.33
21.67
19.67
20.67
27.33
27.67
20.0
23.33
23.33
28.67
37.0
19.33
40.67
38.33
30.0
28.67
24.0
28.0
26.33
29.67
33.67
35.33
24.0
34.67
28.67
40.67
25.0
24.67
27.67
36.67
29.67
35.0
30.67
47.33
34.33
22.0
37.0
45.67
53.0
42.0
34.33
39.33
36.33
46.0
24.67
45.67
36.33
40.0
30.0
33.0
33.67
21.0
24.33
22.67
24.33
30.33
18.33
28.0
25.67
19.67
19.67
28.33
23.67
28.67
28.0
19.67
25.33
24.0
24.33
19.0
28.33
28.67
30.0
10.67
20.0
32.33
27.67
20.33
25.33
18.0
6.0
20.0
15.0
14.33
16.0
24.33
37.33
16.0
21.0
20.33
16.67
23.33
20.33
15.67
19.0
21.0
15.33
55.33
27.0
21.0
30.33
17.0
19.67
8.33
19.0
19.33
19.33
17.0
13.67
17.67
20.0
8.33
11.67
24.0
16.33
15.33
23.0
22.0
46.33
20.67
23.33
37.0
30.0
43.0
57.33
32.67
56.0
62.67
47.33
68.0
88.0
80.67
82.0
65.67
82.33
83.33
108.67
66.0
87.67
93.67
81.33
102.67
82.33
82.33
83.67
66.33
82.33
73.33
64.67
77.33
63.67
58.33
49.0
56.0
60.67
60.0
58.0
73.0
75.0
74.0
109.67
93.67
114.0
98.0
118.33
140.33
120.0
111.67
138.33
124.33
95.33
86.33
92.67
99.67
75.67
75.0
57.0
56.67
47.0
39.0
38.33
37.0
45.67
46.33
48.33
38.33
53.0
60.33
50.67
47.67
57.67
40.33
47.0
50.67
59.0
58.0
55.33
41.0
39.0
59.0
44.0
44.33
45.67
35.33
58.0
41.33
41.67
40.0
46.0
38.33
31.0
32.33
22.33
31.33
17.33
22.33
13.33
20.0
17.0
25.0
24.0
16.67
23.33
12.33
11.67
14.67
22.33
7.0
13.33
16.67
18.33
12.67
12.33
8.67
5.33
13.67
3.0
15.33
9.67
6.67
12.0
10.67
11.0
16.33
12.0
6.0
18.0
2.33
14.67
10.0
14.0
22.33
6.33
7.0
8.33
18.33
19.67
22.67
19.67
18.0
23.33
31.33
28.0
20.33
18.67
38.67
40.67
29.0
32.67
43.0
47.67
31.67
41.0
47.67
33.33
42.33
40.0
51.0
44.33
31.33
37.33
28.0
42.33
29.0
51.33
19.0
29.67
29.33
35.33
16.0
21.0
18.67
18.67
42.0
30.67
25.67
17.67
22.67
21.0
13.67
16.67
24.33
28.0
29.67
17.33
32.0
10.33
12.67
9.0
31.67
21.33
21.33
6.67
10.67
17.67
13.33
18.33
18.33
7.33
33.33
24.67
9.0
4.0
15.33
12.0
14.33
11.0
8.0
6.0
17.0
13.0
17.33
11.0
2.33
18.33
22.33
4.33
-1.67
9.67
12.0
11.0
3.67
11.67
10.67
22.67
3.0
8.33
15.0
15.0
10.0
11.0
8.0
19.0
12.33
7.0
18.67
8.0
14.33
11.0
17.0
-0.33
20.67
15.33
9.67
12.67
14.0
1.67
12.33
13.67
6.33
10.0
11.33
16.33
18.0
16.33
17.33
11.33
6.67
8.67
2.67
12.33
9.67
15.67
11.67
17.33
13.33
5.67
23.33
13.33
8.33
23.0
11.67
7.67
-0.67
22.67
12.33
9.67
4.33
15.67
10.0
17.0
18.33
12.0
1.0
17.0
11.0
15.0
16.33
9.33
13.67
16.67
16.0
1.67
8.0
11.33
16.0
10.33
9.33
8.0
10.0
6.67
15.0
4.0
14.0
4.33
2.0
1.33
13.33
7.67
12.0
2.67
5.0
6.67
6.0
14.0
-8.0
2.67
13.0
12.0
0.33
3.0
5.67
-10.67
3.0
6.0
10.0
9.67
11.0
-0.33
4.33
17.0
0.67
14.33
11.33
24.0
11.67
12.0
13.67
1.0
-3.33
1.67
4.33
4.0
12.0
-1.33
8.0
17.33
5.67
9.33
-3.0
21.67
14.0
20.0
21.0
11.33
-0.33
5.33
19.67
9.0
3.0
-4.67
5.0
10.67
19.67
16.67
12.33
4.0
8.0
2.33
8.33
4.33
22.33
10.0
8.67
2.67
11.67
5.67
0.67
7.0
14.67
20.67
20.67
13.33
7.0
11.33
15.0
10.33
6.0
15.33
13.33
19.67
16.67
5.67
14.0
25.0
16.0
19.67
22.67
9.33
21.33
20.33
14.67
3.67
17.33
9.0
20.33
13.67
4.33
14.33
9.33
2.33
16.0
13.33
7.67
12.67
18.0
19.67
10.0
12.33
5.0
19.67
-1.33
15.33
6.0
4.67
11.0
17.67
16.0
16.67
1.67
6.0
5.33
6.67
7.0
5.0
0.67
11.33
9.67
-2.0
12.67
20.0
28.0
11.0
12.33
22.67
13.33
5.67
27.0
21.67
18.0
27.33
32.33
12.67
29.0
10.33
17.67
34.33
22.33
5.67
7.33
15.33
22.33
13.33
16.0
18.0
22.33
16.67
10.67
3.67
7.33
8.67
4.33
4.67
6.33
12.67
13.67
25.33
8.33
6.33
10.33
-1.0
-4.0
6.67
11.0
8.33
7.67
4.67
7.0
4.33
1.33
9.67
1.33
-0.67
8.33
7.0
14.67
-8.33
1.67
2.67
1.67
2.0
4.67
0.33
5.0
5.67
3.67
-0.33
-8.33
-3.33
4.67
2.33
6.0
0.67
5.67
6.33
7.0
5.67
3.33
-3.33
1.0
10.0
1.0
-2.33
2.67
-7.67
-6.33
-3.0
5.33
0.0
8.33
5.33
-1.33
0.0
9.33
2.0
16.67
8.0
-0.33
2.67
-10.67
8.67
1.33
-2.0
0.33
-4.33
7.33
4.0
-5.33
-1.33
4.67
6.67
-6.67
2.0
1.0
14.0
9.33
7.33
1.0
-5.0
3.33
4.0
2.67
-1.33
2.0
7.0
3.67
-0.67
3.67
5.0
-3.0
7.33
8.0
7.33
-4.67
-4.67
8.33
11.67
6.33
0.0
12.67
1.67
6.0
5.33
11.33
6.0
3.0
5.67
2.0
1.33
17.33
-4.33
2.33
17.0
-2.67
-3.33
-10.33
3.0
12.0
2.33
8.33
-2.33
-2.33
-11.0
1.33
3.67
-1.33
5.0
-0.67
-1.67
4.33
-0.67
16.33
-1.0
1.33
5.67
-2.67
11.67
2.67
4.67
-3.67
-2.0
-1.67
2.33
2.0
7.0
12.67
2.0
9.33
6.0
2.33
-2.0
-3.0
-7.67
-1.33
-3.67
-4.0
5.33
4.67
0.0
-9.67
-5.0
-3.33
2.33
2.33
-11.33
3.33
10.0
2.67
-1.33
9.67
7.0
-0.33
7.33
-8.67
0.33
16.0
-1.33
0.67
0.67
1.33
4.33
1.67
-0.67
4.0
3.0
8.33
3.33
3.33
0.67
0.0
6.0
4.67
6.67
-0.33
0.0
-2.67
0.67
-1.33
-3.33
-1.0
7.0
-3.33
4.33
2.0
2.67
6.0
13.0
1.0
4.33
3.67
1.0
0.33
1.67
-3.33
0.67
2.67
-6.67
7.0
11.33
-2.33
-2.67
0.67
7.33
1.33
9.0
1.67
5.67
2.33
9.67
1.0
5.0
5.0
3.0
-2.67
1.33
3.67
0.0
-2.67
0.67
-2.0
-1.67
-4.33
3.33
4.67
2.0
-0.67
-2.0
5.0
-2.33
1.0
1.67
4.0
-1.0
-6.33
3.0
2.33
-2.33
2.67
-2.33
4.33
1.67
4.33
0.67
-2.67
7.0
0.67
-2.33
-2.0
1.67
-7.33
-0.33
-2.0
-4.0
2.0
2.67
4.67
-2.67
-3.33
-0.67
-2.67
-1.67
4.33
-0.33
-1.33
7.67
-5.67
2.67
3.0
0.67
-2.67
3.0
1.67
6.33
7.33
-0.33
0.0
-2.33
3.33
-1.0
8.33
-6.33
4.67
-2.33
5.0
0.67
5.33
-3.67
2.33
-4.67
-6.33
8.0
4.67
5.0
4.33
4.67
0.33
1.67
7.33
3.0
8.67
-3.67
1.67
2.67
-2.33
6.33
8.67
5.67
0.67
3.0
2.33
2.67
3.33
0.33
6.67
2.33
-2.0
3.0
9.33
1.33
2.0
0.33
8.67
3.0
5.0
4.33
2.67
1.33
2.33
5.0
-3.0
1.0
6.67
4.33
-1.67
2.67
1.67
1.0
-1.0
0.33
3.0
5.67
2.67
9.33
3.33
3.33
-1.67
1.67
-2.0
-2.33
-0.67
0.67
-2.33
0.67
2.0
2.0
-1.33
-4.33
1.33
4.0
3.0
0.33
-1.0
1.0
2.0
2.67
-1.33
7.67
5.0
-0.67
6.67
-2.33
1.0
-7.0
5.0
