0.0
-41.33
-31.0
37.33
1.0
-60.33
46.33
0.33
-44.67
55.33
-57.33
-101.33
-20.0
-32.33
20.0
-94.67
-46.33
10.0
-1.67
-24.33
28.67
-10.0
17.0
-33.33
-14.33
-9.0
0.33
-14.0
-2.67
6.33
-1.33
-6.33
0.33
-2.67
1.33
-3.67
5.0
-3.0
0.0
1.0
-1.0
-0.33
0.67
-0.67
-0.33
-0.33
0.67
0.67
-0.67
0.0
1.0
0.0
-0.33
0.0
0.33
-0.33
0.33
1.0
0.67
-0.33
0.0
-1.33
-0.67
-0.67
-0.33
-0.33
0.67
-0.67
-0.33
-0.33
-0.33
-1.0
-1.0
-0.33
0.0
0.0
-0.33
0.0
0.0
0.67
-0.33
0.33
1.0
-0.33
0.33
-0.67
-0.67
-0.33
0.0
-1.33
0.33
0.0
-0.33
-1.33
0.67
1.33
0.67
-1.0
3.0
0.67
-0.33
2.33
0.67
0.0
-0.67
0.67
1.0
2.33
0.33
-1.67
-1.0
-1.67
-2.0
2.0
2.67
3.0
-2.33
-1.33
-0.67
1.67
-0.67
-2.33
-2.33
0.33
4.33
1.67
3.33
1.0
-1.67
4.0
-0.67
-2.67
3.0
-4.0
2.0
3.67
7.33
-0.33
-4.0
3.0
8.33
-3.0
2.67
2.0
4.33
2.0
2.0
-4.0
-5.33
-0.67
3.33
3.67
0.33
-7.67
-1.33
0.33
5.33
13.0
1.33
5.67
1.0
2.67
-0.33
2.33
-4.0
1.0
1.0
6.0
5.67
8.67
6.0
6.33
-1.0
1.33
6.33
-2.33
6.0
-3.67
3.67
6.33
-0.33
1.33
3.67
-5.0
-1.33
0.0
4.33
1.33
2.33
5.33
6.33
4.0
2.0
4.33
-1.0
3.67
6.33
2.33
7.33
6.33
-1.33
7.33
-1.67
-1.33
-0.33
1.33
4.67
6.67
-4.33
-0.67
-0.33
2.33
6.33
2.33
6.33
7.0
1.33
12.0
7.67
1.33
-1.67
-2.0
-2.33
4.67
4.67
5.67
0.33
2.0
-0.67
2.33
-0.67
-2.33
-0.33
3.0
5.33
-5.0
2.0
-1.33
2.0
5.33
1.67
0.67
6.67
2.33
1.67
8.33
8.67
0.33
1.33
3.33
2.0
4.33
5.0
5.0
5.0
0.0
6.67
3.67
3.33
5.33
0.33
7.67
5.67
4.67
-3.67
10.33
-0.33
7.0
1.33
4.67
4.0
-0.33
6.0
6.67
3.33
-1.33
4.33
4.67
-0.67
6.67
-0.67
2.33
-1.33
7.33
0.67
-1.33
2.0
0.33
10.33
6.0
3.0
-2.33
-3.0
1.67
5.0
0.67
-2.67
9.67
-1.33
-2.0
2.33
5.0
2.0
6.33
1.0
0.33
7.0
0.33
5.0
0.0
1.67
3.33
-4.67
-1.0
-0.67
-0.33
9.33
2.67
1.67
-0.67
5.0
0.33
-2.67
4.33
2.33
6.33
2.67
7.0
8.0
9.0
-1.67
-2.0
3.67
3.33
3.33
5.33
5.0
0.0
1.67
-1.33
0.33
3.33
0.0
-1.67
5.0
4.33
6.67
6.0
-5.67
-1.0
0.0
1.33
0.33
0.0
1.67
2.0
4.67
8.33
3.67
5.0
-0.33
0.33
-2.0
3.67
-0.67
2.0
8.0
6.0
-0.33
2.67
-3.33
5.33
3.67
2.0
-2.33
4.33
-2.67
-3.33
0.33
-1.0
0.0
-2.33
1.67
4.33
-1.0
-1.33
2.0
3.67
2.0
6.67
6.67
0.67
-0.33
0.67
4.67
3.67
6.33
-1.0
-0.67
-0.33
0.33
3.0
-5.0
4.0
-0.33
4.0
10.33
4.33
-4.0
-0.33
-0.33
-2.67
7.33
1.0
5.0
2.33
-4.67
-4.0
4.0
-1.33
-0.33
0.67
-3.67
-5.67
-4.33
0.0
1.33
3.33
-1.33
2.67
0.67
-3.0
0.33
1.67
2.67
2.67
-0.33
1.0
1.67
1.33
0.67
1.0
1.67
2.33
-2.0
-0.67
1.33
3.33
1.67
0.33
10.0
0.33
-2.33
0.0
2.0
-1.67
-1.33
-1.67
-0.67
5.67
3.67
0.67
2.33
0.33
5.0
-2.33
2.67
0.33
1.0
-4.33
10.33
7.67
0.0
7.67
-3.0
0.67
2.67
0.67
7.0
2.0
2.33
8.0
3.33
-5.0
2.0
4.0
-8.0
4.33
-1.67
7.67
2.33
-0.67
4.67
5.33
-3.67
3.67
0.0
2.33
2.0
1.0
5.33
3.33
-1.67
-1.67
7.0
-1.0
-4.0
3.0
-1.0
3.0
5.0
-3.33
-1.33
9.67
-2.0
-0.67
4.0
-2.0
-1.33
2.67
-1.0
-2.67
3.33
6.67
2.33
-1.0
0.67
4.0
-1.0
1.67
0.33
0.33
0.33
5.67
1.0
1.33
-1.33
5.67
-0.67
-2.0
-4.67
4.67
5.33
3.33
-0.67
-1.67
3.67
-1.67
4.67
2.0
-4.33
-1.67
-3.33
0.67
-1.33
1.33
-2.67
5.0
0.67
0.33
1.33
-2.67
3.0
2.0
0.0
3.33
0.67
2.67
2.67
0.33
1.0
6.67
2.33
0.67
9.33
-0.67
3.0
0.33
3.33
2.33
2.67
-1.0
2.33
2.0
0.67
5.33
3.33
-0.33
-0.33
-2.67
2.33
-2.0
2.67
-0.67
1.67
0.0
4.0
1.67
-1.33
-4.33
4.33
4.33
-0.33
-2.0
1.33
3.67
1.33
3.67
-0.67
4.67
0.67
5.33
-3.33
-3.67
1.67
0.67
0.0
-0.33
1.0
4.33
-0.67
2.67
4.33
2.33
2.67
2.67
5.33
0.67
1.67
3.0
4.0
5.33
1.33
-0.67
1.0
0.33
-2.33
5.67
0.33
0.0
-2.33
1.33
-1.0
3.67
4.0
1.67
-3.67
0.33
-2.0
0.67
-4.0
-3.67
0.0
-3.33
-5.0
3.67
-0.67
-1.67
-2.67
4.33
1.33
-2.0
1.33
-1.0
-1.33
5.67
-3.33
1.67
-2.0
-3.33
1.33
-1.67
-0.67
2.0
-3.0
0.33
0.67
2.0
1.33
0.33
1.0
-1.33
-4.0
2.0
-1.67
-1.0
1.33
-4.0
-6.33
-0.67
-3.0
-2.0
1.0
-4.33
-1.67
-6.33
-3.0
-1.67
1.0
2.33
1.33
4.0
0.67
3.0
5.0
-0.67
-0.67
-5.33
3.67
6.67
-1.33
0.33
-2.0
5.67
4.0
7.0
3.33
3.0
2.0
-1.67
1.33
6.0
1.33
3.67
2.33
4.67
6.33
-2.67
-4.67
3.33
-3.67
-4.67
-4.67
2.33
-5.67
-2.33
1.33
3.0
3.0
4.0
3.67
4.0
-2.67
0.0
2.0
0.67
3.33
-1.0
0.33
-3.0
-4.33
1.0
-2.67
5.0
-0.33
1.67
-0.33
-4.0
-2.33
2.67
-2.33
-2.0
4.33
3.33
-2.33
4.33
4.0
8.0
7.0
2.0
2.67
-0.33
-0.67
1.67
1.0
5.33
-1.33
0.67
4.0
5.33
0.33
-3.0
3.33
-2.33
-1.0
0.0
-2.67
5.67
-1.33
-4.0
5.67
3.0
0.67
1.0
2.67
-1.67
-3.67
4.0
-3.0
2.33
7.0
-6.33
-0.67
2.0
1.67
2.67
6.0
16.67
0.67
0.33
3.0
3.33
11.33
0.0
0.0
3.33
5.0
6.67
-1.67
3.33
2.67
1.67
7.33
-4.67
1.33
11.33
7.0
4.33
2.0
1.0
0.0
-2.0
5.33
6.33
-0.67
1.0
4.33
-0.67
8.0
2.67
2.0
-6.33
1.67
7.67
3.33
7.67
-1.0
3.33
6.0
4.33
3.0
4.0
4.0
3.0
2.33
7.67
2.33
6.33
9.33
7.33
3.67
2.67
-4.0
4.0
-1.0
11.0
0.0
0.67
4.33
9.0
9.0
0.0
9.67
2.0
7.67
8.33
5.33
12.33
2.0
2.0
6.67
8.67
9.33
7.67
1.0
13.67
4.33
6.0
10.67
15.0
11.0
4.33
14.67
8.0
8.67
7.0
7.33
5.0
10.0
9.33
4.33
6.0
6.0
6.67
-0.33
1.33
5.67
7.67
13.0
9.67
-2.67
6.0
-5.33
10.67
1.67
0.33
7.33
8.0
-3.0
6.33
13.0
12.0
11.0
2.0
16.0
14.67
18.33
10.33
7.33
8.0
19.0
25.0
23.33
22.67
11.67
22.0
22.33
20.33
31.67
20.33
29.67
23.33
14.0
16.0
23.0
24.33
31.33
24.67
29.0
14.33
17.0
19.67
21.0
14.0
10.67
10.0
17.33
13.67
6.33
6.33
17.67
6.0
8.67
4.67
19.33
12.0
9.0
5.0
12.33
11.0
9.67
14.33
9.33
13.33
23.0
17.0
17.0
11.67
18.33
22.0
18.67
13.33
21.0
27.33
20.67
32.33
21.33
30.0
31.0
47.67
36.67
36.67
37.67
42.0
34.33
41.67
38.33
30.67
35.0
20.33
16.67
14.67
17.33
5.67
8.67
3.33
15.33
14.67
9.0
9.0
7.67
9.33
13.67
7.67
6.33
6.33
14.67
13.33
18.0
4.33
13.33
12.0
18.67
8.67
17.0
13.0
17.67
13.0
11.33
14.67
14.0
9.67
13.33
12.67
11.67
15.0
11.33
10.0
17.0
11.33
8.67
20.0
11.33
21.67
13.67
15.0
17.0
15.0
23.0
17.67
17.33
16.33
5.67
23.33
23.33
12.67
19.67
13.67
24.33
25.67
26.0
28.33
29.33
18.67
24.0
16.33
29.67
21.33
21.0
26.67
14.0
22.0
21.33
19.67
23.67
5.33
31.0
28.67
31.67
32.67
21.0
29.67
45.67
33.67
58.67
50.0
58.67
70.33
59.33
59.0
58.0
63.67
57.0
59.0
39.33
39.33
49.33
24.0
32.67
35.67
42.33
15.0
24.0
16.0
34.67
12.0
16.33
13.67
4.33
22.33
21.33
18.0
26.67
21.67
11.67
8.33
13.67
10.67
7.0
7.67
10.33
23.0
4.33
12.0
4.33
12.67
13.0
5.67
16.0
16.33
13.67
17.33
9.33
14.0
25.0
28.0
26.0
29.33
28.0
28.33
18.33
25.0
18.0
27.33
28.67
22.33
24.33
14.67
22.0
14.0
15.33
10.33
25.0
21.0
15.33
8.0
11.67
6.33
11.0
21.33
17.33
8.0
8.67
13.67
-2.0
13.33
14.67
9.0
14.33
15.33
6.0
13.0
14.33
2.67
10.33
15.0
21.0
21.0
19.33
20.67
24.0
83.67
53.33
54.0
64.0
61.67
70.0
92.67
74.33
85.33
89.67
78.0
97.67
75.67
105.33
92.67
86.33
89.33
99.67
72.33
69.33
62.33
76.67
53.33
50.67
67.33
31.0
51.0
29.67
29.0
18.0
17.0
36.0
25.0
18.67
26.67
27.0
4.0
24.33
17.33
17.0
11.67
25.33
9.33
11.33
28.33
34.67
32.67
28.67
38.0
22.0
26.67
37.0
35.0
29.33
25.0
29.67
52.33
45.33
39.33
50.0
67.33
56.67
72.67
69.67
75.33
63.0
71.67
61.0
56.0
56.33
71.0
54.0
50.0
51.0
45.33
67.67
46.33
36.0
41.33
40.67
51.0
47.0
38.33
38.0
38.33
39.33
27.33
31.33
11.33
27.33
22.0
23.0
20.0
28.0
28.67
13.33
24.33
21.67
13.67
13.33
16.0
9.33
20.67
12.33
21.67
18.33
7.67
8.33
12.67
10.0
3.33
9.67
11.67
10.0
16.67
15.0
18.33
9.0
4.0
13.0
16.33
3.67
10.0
8.0
12.33
10.33
1.0
18.33
8.33
16.67
22.67
12.67
8.0
13.33
11.33
10.0
-2.67
7.67
26.67
17.67
14.0
22.67
14.0
16.67
22.67
22.0
3.67
24.33
30.33
22.0
16.0
25.33
27.33
26.33
20.0
3.33
36.0
24.33
27.0
15.67
18.33
21.33
9.0
19.0
16.67
26.67
21.0
27.67
19.67
26.67
25.67
34.0
31.67
29.67
20.33
18.0
10.67
27.33
31.0
26.33
12.67
19.0
30.67
11.33
22.33
13.67
16.67
24.67
20.33
21.33
35.33
11.33
16.33
5.67
8.0
5.0
27.33
7.0
2.33
9.0
20.0
11.0
15.0
18.0
3.33
8.0
4.33
8.33
8.33
0.33
10.33
16.67
5.0
10.0
7.67
14.67
20.67
16.67
6.0
13.33
16.0
15.0
8.0
13.0
21.0
8.0
8.33
5.0
11.67
19.0
4.33
12.0
0.0
14.67
12.67
21.33
15.67
9.67
20.0
6.67
9.33
10.67
16.33
12.0
8.33
17.33
4.0
12.33
11.33
7.33
4.67
13.67
12.67
8.33
10.67
5.67
6.67
21.33
11.33
1.67
25.33
20.33
12.33
5.0
13.67
6.67
10.33
0.67
10.33
4.67
15.33
5.67
10.0
3.0
2.33
21.0
10.0
9.0
16.0
0.0
-8.67
10.33
6.67
2.67
11.0
4.67
5.0
20.33
9.0
14.33
-2.67
18.0
2.0
4.67
13.0
-7.0
8.0
10.33
5.0
0.33
12.33
20.67
17.0
11.67
10.0
1.67
11.0
12.0
3.0
12.67
19.0
-7.0
3.33
11.0
9.67
-3.67
1.0
19.0
9.0
3.67
4.0
14.67
12.33
10.0
-2.33
9.33
7.33
13.0
15.67
16.0
3.67
10.0
3.67
6.67
1.33
1.0
4.0
11.67
7.0
21.33
8.67
3.33
4.0
20.67
9.0
14.0
2.0
6.33
8.67
8.33
12.67
9.0
9.0
3.33
7.0
3.67
17.67
14.67
3.33
-6.0
4.0
5.33
0.33
17.33
4.33
-4.0
0.67
12.67
1.67
19.67
4.67
26.0
10.67
10.67
14.67
18.33
3.0
9.33
13.0
6.33
11.0
13.33
-1.67
3.67
15.67
10.67
10.0
9.0
10.0
14.67
3.67
18.33
17.33
1.33
24.67
8.67
8.33
22.0
14.33
13.67
4.33
5.33
15.33
11.33
9.0
6.33
0.67
18.67
8.0
0.67
20.0
19.33
15.0
2.67
-5.33
8.33
6.0
8.67
9.0
18.67
7.0
16.67
5.67
11.0
-3.67
7.67
0.0
6.0
2.67
4.33
-3.33
1.0
11.67
3.0
4.0
17.0
11.33
6.67
-1.67
9.67
26.0
13.67
10.0
-3.67
-3.67
0.67
27.0
15.33
5.67
13.33
-3.67
-1.33
-5.67
9.33
20.33
18.33
1.0
-1.0
16.33
3.67
4.67
5.67
7.33
0.67
4.33
3.67
11.33
17.67
10.67
15.33
12.33
16.33
9.33
-8.0
3.0
11.67
7.0
-1.67
12.67
4.67
14.0
2.33
0.33
15.67
-0.67
5.33
5.33
5.0
2.67
7.67
-1.33
12.67
8.67
1.0
17.67
9.33
2.0
2.67
13.67
12.67
4.67
1.67
6.67
6.33
9.0
5.67
5.67
-0.67
3.0
-0.33
4.33
-0.33
14.0
5.0
4.0
1.67
0.67
-6.67
1.67
-1.0
0.33
-14.0
9.33
4.33
1.67
-4.0
12.33
6.0
10.67
13.0
-1.33
3.67
-2.67
0.67
-2.67
-10.0
-5.67
-0.33
7.33
4.0
4.67
7.67
1.67
-4.33
4.33
10.0
-1.0
7.0
-0.67
-4.67
10.0
-1.0
3.33
2.0
5.67
-1.33
14.0
11.0
5.67
1.33
10.67
-3.0
2.0
3.33
11.0
10.33
10.33
12.33
13.33
9.67
9.33
3.0
12.67
1.67
3.0
-0.67
10.33
7.0
9.0
12.67
5.0
3.33
9.33
4.67
6.33
11.0
4.33
-0.33
-8.33
10.0
4.0
-1.67
5.33
-2.33
11.67
-2.0
0.33
-1.33
8.67
0.0
-2.67
5.33
2.33
9.33
2.33
-1.0
8.33
3.67
5.33
1.67
3.67
5.67
4.33
-4.0
-2.67
0.33
15.0
1.0
4.67
3.0
5.33
6.0
3.33
0.0
-1.0
1.33
1.67
0.33
7.0
11.33
2.67
-6.0
6.33
-3.0
2.67
13.33
2.33
4.67
-2.67
-2.0
4.67
-1.33
3.67
4.0
8.67
-2.67
-1.67
3.33
3.0
2.67
-5.33
0.67
-2.67
5.33
0.67
-1.67
6.0
2.0
3.33
8.33
6.33
3.67
0.0
15.0
-0.33
3.67
-2.33
13.0
-7.67
1.67
5.67
0.67
7.0
7.0
3.67
6.33
3.0
-7.33
6.0
4.0
-5.0
5.33
7.67
-1.0
1.33
5.67
0.67
-0.33
5.67
-3.67
11.0
-4.67
1.67
2.33
3.67
5.33
1.33
10.0
6.67
-4.33
-0.67
1.67
1.0
2.0
-2.0
5.0
-0.67
-4.67
0.67
-1.0
0.33
1.67
-1.0
-4.67
5.67
1.33
3.67
-7.0
4.33
7.0
1.0
5.67
2.0
0.67
3.0
1.0
0.67
4.0
5.33
-7.33
0.67
-3.33
-2.67
1.67
-3.67
-5.33
-2.67
11.0
0.67
-4.33
-2.0
1.67
-1.33
5.67
5.0
2.0
5.0
-4.33
-2.33
3.33
1.67
3.33
2.33
-0.67
-3.67
-0.33
-1.33
3.67
-3.67
-0.33
2.0
-1.33
-0.67
1.0
3.67
3.33
2.33
0.67
4.0
-0.33
5.33
3.0
6.33
7.67
3.67
4.67
2.0
3.67
6.33
-1.67
4.33
7.33
-2.33
3.0
-2.33
2.0
2.33
0.67
3.33
1.67
2.33
-5.0
3.67
3.33
1.67
8.67
-3.33
2.33
-3.33
2.67
1.67
4.0
2.33
-1.33
2.33
0.33
12.67
3.33
4.0
-4.0
7.33
0.33
1.0
1.33
-2.33
-2.0
-3.0
-1.67
-1.33
-1.67
12.33
5.0
4.0
4.0
1.67
4.33
1.33
0.67
-0.33
6.0
3.0
2.33
2.0
5.67
-2.33
5.33
5.33
0.33
2.33
-0.33
-4.0
-2.33
-1.67
-0.33
-9.33
1.67
-2.0
-2.0
-5.33
-2.33
3.33
3.0
3.0
-0.67
8.0
-1.0
4.0
2.67
3.67
-1.33
5.0
5.33
1.67
0.67
7.0
-6.0
1.0
