0.0
12.33
-30.33
5.67
-66.33
-54.0
37.67
-54.33
-116.0
-18.33
-28.0
-42.0
-102.0
-32.67
-35.67
-61.33
-17.33
27.67
0.0
13.67
-9.67
-7.0
11.0
3.33
-7.0
23.67
7.33
-6.0
-4.0
3.67
2.0
0.0
-4.33
3.33
1.33
1.67
-2.0
-1.0
-1.33
0.67
-1.33
1.0
0.67
-0.67
-0.33
1.33
-0.33
1.0
-0.33
-0.67
0.0
-1.0
0.0
-0.67
0.0
0.0
-0.33
0.0
-0.33
1.0
0.33
1.0
-0.67
0.33
-1.0
0.0
0.0
-0.33
0.0
0.33
-0.67
0.33
0.33
0.67
1.0
0.67
0.0
-0.33
2.0
-0.33
-1.67
1.0
0.67
1.67
0.67
2.0
0.0
0.0
-0.67
0.0
-0.33
-0.67
-1.0
-0.33
1.0
-1.0
-0.33
0.67
1.0
-0.67
1.33
-0.67
-1.67
0.33
1.67
-1.67
-1.67
-2.33
-1.0
-3.33
-1.0
1.0
1.67
1.67
0.33
-1.67
0.0
-2.67
2.33
0.0
0.33
4.67
1.67
-0.33
-2.0
-0.67
4.0
-2.0
-0.33
4.0
0.67
0.33
-2.0
1.33
0.33
-4.67
5.0
4.0
3.33
-3.0
-1.33
-2.33
3.67
-8.33
-1.67
0.33
0.0
1.0
2.33
-1.67
4.67
7.67
5.33
1.0
4.33
-3.0
-0.67
-1.33
1.0
4.33
8.0
3.67
4.67
2.33
10.0
0.33
3.0
3.33
-1.67
1.0
2.67
7.0
0.33
-3.33
0.0
3.33
-1.0
3.67
4.0
0.0
0.0
-0.33
2.0
2.0
0.0
2.67
6.67
2.67
2.67
2.67
-1.67
10.0
3.67
-5.0
-4.0
9.33
3.0
-7.0
5.67
5.33
1.0
9.33
0.33
-2.67
7.67
-1.0
0.67
4.67
5.0
4.67
-0.67
0.67
-0.67
4.0
5.33
3.33
2.67
7.67
5.33
3.0
-3.0
7.0
1.33
-3.0
-1.0
2.33
0.33
-3.33
4.33
-2.67
9.33
1.67
0.67
-1.0
4.67
5.0
0.33
0.67
9.0
3.67
-1.67
-3.33
7.67
2.33
6.33
5.33
0.0
-3.0
4.0
9.33
6.67
1.33
-2.67
2.0
3.33
3.67
5.0
2.0
10.67
0.67
3.33
1.0
7.67
-0.67
-1.33
-1.67
3.67
5.33
2.0
2.0
9.33
-3.0
3.33
10.33
1.0
1.67
5.0
3.67
3.33
-3.67
-3.33
7.0
-3.0
-1.33
2.33
5.0
10.0
3.33
5.67
1.33
-3.67
2.0
1.0
5.33
-3.0
13.0
-5.67
5.0
-2.33
-1.0
-2.67
9.33
-1.67
5.67
-4.33
3.33
5.0
-1.67
-3.0
-3.0
1.0
3.0
-3.67
0.67
-2.33
-2.67
0.67
-1.33
8.33
2.33
0.67
-1.67
8.0
5.33
-4.33
3.67
-1.33
-1.0
-0.67
-7.0
2.0
3.0
4.67
11.33
5.33
1.0
6.33
-1.0
0.0
3.33
-3.33
-0.67
6.67
-2.33
-4.0
-6.0
2.33
5.33
1.67
4.33
2.67
6.0
1.33
-1.0
4.0
-2.67
0.33
-1.67
-0.33
-5.67
1.0
-1.33
0.67
-1.0
0.33
-1.0
-0.67
4.33
1.0
2.0
3.0
1.0
1.0
0.67
6.0
2.67
-0.33
1.33
-0.33
5.0
5.33
2.67
1.67
0.33
6.33
1.67
4.67
7.0
0.67
-1.33
1.67
7.67
-1.67
7.0
2.33
-2.0
2.0
-0.33
8.0
-1.0
1.33
-2.33
2.67
-1.33
2.33
9.67
-1.33
-1.33
-0.67
2.0
-2.0
-2.33
-5.0
3.0
2.67
2.67
-0.33
-7.0
2.67
0.0
2.0
1.67
-1.33
5.33
5.0
-3.33
3.33
3.67
3.67
-1.33
1.0
0.67
-0.67
0.0
-3.0
4.0
5.0
3.33
-1.33
-2.67
1.67
0.0
2.67
-0.67
7.33
0.33
2.0
3.33
-2.0
2.0
-2.0
6.67
0.67
-3.0
3.0
-1.33
2.67
3.0
5.67
-1.33
-1.33
3.33
-1.33
5.67
1.0
-1.0
0.67
0.0
2.67
-1.0
-5.0
5.67
-0.33
2.33
1.67
3.67
-5.33
-4.67
2.33
-0.33
3.33
2.33
2.0
3.0
3.0
0.67
-3.0
-0.67
1.67
5.33
0.0
0.0
-1.67
1.67
-0.67
1.0
5.33
4.33
0.33
2.0
5.67
3.33
0.67
0.67
-0.67
-2.33
3.67
-2.33
-2.0
5.33
5.33
5.0
1.67
1.0
8.0
0.33
2.67
1.0
1.67
-2.67
-1.0
1.0
-1.0
-3.33
0.67
0.33
0.67
1.0
1.33
7.67
6.0
7.67
-1.0
0.67
3.33
2.33
-1.67
-3.0
0.33
3.33
0.0
6.67
-2.33
1.33
-1.0
6.33
0.0
0.33
4.67
1.0
0.33
4.0
-2.0
0.0
0.33
-1.0
1.33
4.0
-2.0
-3.0
-2.33
4.67
0.33
-1.33
2.33
2.0
5.0
1.33
-4.0
0.0
1.33
0.33
0.67
2.0
-1.67
-2.67
-1.33
4.0
4.33
-3.33
-1.0
-1.33
-2.33
-0.33
0.0
0.0
1.0
7.0
-0.33
5.33
-3.33
-1.33
-1.33
-2.33
1.0
3.0
1.0
-2.0
2.0
-2.67
2.67
-3.0
2.67
-3.0
-0.33
-3.0
-4.33
0.67
-2.33
-0.67
-2.33
0.67
-4.0
1.67
-1.67
2.0
3.67
1.33
1.33
3.0
-0.33
-1.0
-1.33
1.0
6.67
-2.67
-2.33
-7.33
0.0
-4.0
1.67
-2.67
0.0
6.33
-0.67
1.0
0.67
1.0
-0.67
8.67
-3.0
1.0
-3.67
-0.33
-6.0
-2.33
3.33
1.33
1.67
0.0
2.67
3.67
-2.33
2.0
0.33
0.0
-4.33
1.33
-4.0
1.0
-3.67
8.33
-2.67
0.67
-2.0
-4.33
-4.33
-1.0
4.33
-3.0
-5.67
-2.33
-2.67
-0.33
-4.33
-1.33
1.0
-1.0
-3.33
-2.67
-3.67
-6.0
0.33
3.0
-0.33
0.0
-1.33
-1.33
-4.0
0.0
6.0
5.67
6.0
-5.0
0.67
-0.33
2.0
-9.67
-4.33
0.0
-1.67
-5.67
-2.67
-4.33
1.0
-0.33
-3.67
-1.67
-0.67
-2.0
-5.33
-5.0
2.67
-3.0
-2.33
-4.33
-5.67
-2.0
-6.67
-0.33
-3.67
-6.33
-6.0
-6.33
-0.67
0.67
-5.67
-2.33
-2.33
-7.0
2.0
-9.0
2.33
3.0
-5.67
3.33
-3.0
-4.67
-3.0
-0.33
-4.33
-3.0
-10.33
-3.33
-9.33
-7.33
-2.67
2.0
0.0
10.67
-1.67
-1.0
-2.0
-2.33
-2.0
3.0
-6.0
-4.0
-0.67
-3.0
-2.33
-2.67
-4.33
-6.33
-1.0
-7.67
-7.0
-1.67
-2.0
-2.67
1.0
1.33
-8.33
0.67
-6.33
0.0
-4.0
-0.67
3.33
-1.67
-4.67
-4.33
-3.67
1.33
-2.33
-2.67
-3.0
-2.0
-13.0
-2.0
1.33
-0.67
-2.33
0.0
-3.67
1.0
-4.0
-4.67
-7.67
-8.33
-5.0
3.0
-0.67
-6.33
-3.67
-1.33
-1.33
-0.33
-2.33
-3.33
2.0
-8.67
-4.33
7.33
7.33
-1.67
3.67
2.67
-3.67
-6.33
-0.33
-6.33
-0.67
2.0
-6.0
-6.33
0.67
-5.67
3.0
-5.33
-9.0
-6.67
1.0
-5.0
4.67
-1.0
6.0
-1.0
-1.0
-10.67
5.0
-2.33
-6.67
-5.33
-5.33
-1.0
0.0
9.33
2.67
1.67
-5.33
6.67
-2.67
0.0
4.33
1.0
-3.67
-6.33
-2.0
0.67
8.33
-7.67
0.0
-6.33
-2.67
-6.0
-0.33
3.33
-2.0
6.0
0.67
2.67
1.33
-10.33
-2.67
-2.0
-0.67
-5.33
0.67
0.67
4.33
0.33
-2.0
-0.33
-4.67
-1.0
-2.0
-1.67
-1.67
6.33
0.0
8.33
5.0
6.0
-4.0
-0.67
3.0
1.33
-1.67
-6.0
-3.0
-1.67
1.0
-3.67
-7.33
0.67
1.0
0.67
-7.33
-5.33
-2.0
-12.67
2.33
-1.33
-4.0
5.0
5.0
-2.33
-0.67
3.67
15.67
-3.33
-1.0
1.0
9.0
14.0
6.67
21.0
22.67
20.0
17.33
19.33
27.67
25.33
34.33
22.33
32.67
61.33
67.33
45.67
64.0
76.67
67.0
73.0
44.0
67.0
42.0
44.67
33.67
24.33
13.67
15.67
8.67
7.0
1.67
-6.33
10.33
12.0
6.67
-5.33
4.0
-2.67
-1.67
5.67
-2.33
-5.33
-5.0
13.33
-3.67
4.67
6.33
-3.67
2.67
6.67
7.33
10.0
1.33
17.0
12.0
12.67
18.67
13.0
15.33
17.33
13.67
20.67
15.67
38.67
36.33
38.33
45.33
41.67
42.67
63.0
52.0
40.0
49.0
31.33
29.67
33.67
22.67
13.67
18.33
4.67
17.33
2.67
-3.67
9.67
6.33
-2.67
12.33
11.33
2.67
-3.0
7.0
-2.0
11.0
8.33
6.33
5.33
-4.0
-0.33
3.33
5.67
-7.33
7.33
4.67
0.67
17.67
-1.67
5.33
1.0
3.0
2.0
6.67
3.0
-5.33
15.67
1.33
4.0
9.33
18.67
6.67
7.33
17.67
0.33
7.67
15.0
2.67
6.33
3.33
19.33
11.0
28.0
20.0
15.0
13.33
8.33
17.67
15.33
14.67
17.67
23.0
25.0
19.33
15.67
16.0
12.33
20.0
15.67
23.0
5.67
22.67
20.33
12.67
17.67
15.33
9.0
24.67
8.67
17.0
17.67
17.67
34.33
27.33
18.33
14.33
18.33
21.0
12.67
12.67
24.33
12.0
25.0
16.33
22.33
16.67
12.0
10.33
17.67
13.67
5.67
9.0
11.33
16.33
16.67
3.67
2.33
12.0
19.67
14.33
9.0
12.0
8.33
9.33
2.67
13.67
-0.67
13.0
3.0
4.0
13.67
-2.67
6.67
9.67
15.0
9.0
8.33
10.33
4.0
13.33
9.33
6.0
12.67
5.67
4.33
11.33
15.67
10.33
8.33
9.67
5.67
1.67
12.33
8.0
14.0
14.67
22.0
10.0
19.0
5.0
20.0
9.0
11.33
8.67
20.67
14.0
13.67
16.67
12.33
12.67
18.33
11.33
8.67
8.0
2.67
5.33
8.33
2.33
9.67
12.0
7.67
18.33
13.33
7.0
20.33
23.0
28.67
18.67
21.67
27.33
31.33
29.0
38.0
40.0
58.0
52.67
61.33
62.67
72.33
67.33
68.67
79.67
87.67
67.33
60.67
83.0
82.0
73.67
80.67
82.0
62.0
47.33
70.67
60.33
60.67
50.67
49.33
34.33
36.67
27.33
36.0
20.67
22.67
19.33
17.33
21.33
15.33
15.33
13.67
18.67
24.0
24.67
20.33
17.67
16.67
23.67
18.67
21.0
29.33
21.67
26.0
21.0
39.0
44.33
15.0
49.67
32.0
31.67
37.67
53.33
40.67
35.0
32.67
34.33
33.67
32.33
22.0
41.0
22.67
21.0
28.67
23.67
32.0
28.67
23.0
24.33
30.33
25.0
17.67
24.0
31.67
28.33
29.0
14.67
25.33
18.0
27.67
10.33
8.67
13.67
12.0
18.33
16.67
14.0
20.33
14.67
17.0
11.33
23.33
10.33
27.33
9.67
15.67
6.0
18.33
10.33
12.67
4.0
12.0
16.67
3.33
1.33
15.0
4.33
7.0
16.0
4.0
9.33
0.0
6.33
10.0
8.0
8.67
7.33
3.33
18.67
14.0
14.67
18.33
10.33
6.67
23.67
14.33
21.67
14.0
7.33
10.33
12.33
27.33
31.33
29.0
15.67
20.33
5.0
30.0
14.33
24.33
15.0
25.33
27.33
32.0
32.0
20.0
20.33
26.67
13.0
23.33
8.67
25.67
8.0
21.0
22.0
18.67
23.67
15.33
17.33
16.33
9.67
18.67
12.67
32.67
33.0
10.33
23.67
19.33
21.0
12.67
16.33
21.0
11.0
16.33
27.33
22.0
5.33
16.33
24.67
19.0
19.0
14.0
23.0
10.0
15.67
16.0
7.67
12.33
22.0
6.0
11.33
11.33
15.33
9.67
11.33
10.67
19.67
21.67
-4.0
6.0
15.0
9.67
18.67
9.67
19.67
11.67
11.67
7.0
20.33
18.0
-2.33
4.67
19.0
11.33
2.67
4.33
9.33
2.0
7.33
3.33
12.67
12.0
8.0
13.67
10.33
9.67
13.33
4.0
9.67
13.33
13.33
7.33
27.67
11.33
1.67
23.67
6.67
14.67
3.67
5.67
3.0
12.33
4.33
5.67
10.33
13.33
15.33
-4.0
1.0
6.67
3.33
2.67
12.0
13.33
2.67
9.67
9.67
9.33
4.67
1.67
9.67
3.0
5.0
-0.67
10.33
6.33
-1.0
17.67
6.0
1.67
2.33
7.0
10.0
10.0
14.67
2.33
3.33
-0.67
4.0
1.33
12.33
10.33
10.67
-1.33
2.67
2.33
-5.67
7.0
17.67
16.67
-0.67
9.0
11.33
0.0
3.33
-0.67
-3.67
-1.67
8.67
7.0
4.0
2.0
-1.0
10.33
3.33
-11.33
4.0
3.67
-1.67
2.33
2.33
8.67
13.0
6.0
-4.67
11.67
9.33
1.0
12.67
9.0
5.0
7.67
7.0
12.67
1.0
10.33
-2.33
11.67
8.0
11.0
22.0
6.67
15.0
4.67
10.33
1.0
12.33
10.67
-1.67
9.0
7.33
-1.33
7.33
-3.67
4.0
4.0
-3.0
-3.67
13.0
14.33
21.67
0.33
-0.33
9.33
7.67
8.67
2.0
8.67
3.33
5.33
5.67
26.0
-12.0
26.33
28.67
8.67
6.67
20.0
11.33
14.67
18.33
23.33
26.33
17.67
21.67
14.0
9.0
11.0
4.33
21.67
4.0
24.33
0.0
18.33
24.0
13.67
13.0
5.67
15.67
5.67
13.0
17.0
5.67
3.33
14.33
8.33
16.33
8.67
18.67
3.67
7.67
11.33
9.0
6.33
16.33
16.67
1.67
3.33
13.33
12.33
13.33
9.67
7.67
2.0
1.67
20.0
-1.0
0.33
14.67
5.67
7.0
1.0
5.67
4.33
6.33
6.67
8.0
15.0
4.67
-0.67
-2.33
-2.67
-0.67
4.67
5.0
-1.33
3.67
15.33
8.0
-3.33
-0.67
12.0
11.0
2.67
12.0
-7.67
2.33
8.67
16.33
10.67
5.0
2.67
3.0
-4.67
0.0
9.33
0.67
9.0
-0.33
6.33
11.67
-0.67
-0.33
-0.67
1.0
1.67
11.67
7.0
7.33
3.67
-0.33
2.33
-3.0
-6.33
1.67
-5.0
12.67
10.67
-4.0
-6.67
1.67
10.0
-12.0
-1.33
7.67
16.33
-5.0
5.67
1.67
0.67
6.33
0.33
-7.33
13.33
-5.0
2.0
-2.33
3.33
-2.0
11.67
6.67
-0.33
-1.0
-8.0
-1.0
3.33
8.67
7.67
20.67
-11.0
-1.0
3.0
4.0
-2.0
4.33
5.0
6.33
1.67
6.33
5.33
1.0
2.0
-4.0
6.0
-0.67
-4.0
-7.0
2.67
6.67
5.67
-5.0
-1.33
0.0
0.0
-5.0
17.0
5.67
8.0
-2.33
-2.67
-1.67
-7.67
-0.67
3.0
-3.67
3.33
-0.33
0.0
7.0
3.33
-3.67
10.33
3.67
10.0
7.67
9.33
-4.0
6.33
7.67
9.33
13.33
1.33
-7.0
3.67
3.0
10.67
2.33
1.0
9.33
3.0
10.67
0.33
0.33
-0.33
-1.0
-4.33
3.0
4.0
3.33
1.67
8.33
7.33
-4.0
7.67
-4.33
-5.0
2.0
-2.67
7.67
6.0
4.67
6.33
8.67
-4.0
5.33
-2.33
1.67
3.0
1.67
-3.67
5.33
5.0
1.0
-2.33
4.33
3.67
3.0
-4.0
-1.67
-0.67
-0.33
-0.33
9.33
5.33
4.67
7.0
1.33
4.0
1.67
3.67
5.67
4.33
1.33
-0.33
3.0
9.0
6.67
3.0
6.67
-0.33
8.67
10.33
-4.67
-3.33
5.33
3.67
7.33
4.33
-8.33
-2.0
1.0
4.0
-3.0
1.67
3.67
6.67
2.33
4.0
-0.67
-4.0
5.33
2.33
4.67
4.0
2.33
3.33
-2.0
1.67
-4.67
0.67
-2.67
2.33
1.67
4.67
-3.67
3.33
10.67
2.67
-3.0
2.67
2.33
0.33
-2.67
9.33
2.67
4.67
-1.33
6.67
8.33
-0.67
7.67
3.0
-3.67
0.33
3.0
-2.0
-2.0
3.67
3.0
1.0
-1.33
10.0
7.33
-4.67
5.67
1.0
-4.0
6.33
1.67
5.67
5.33
0.0
3.67
2.67
2.0
-3.0
4.0
-1.0
7.67
-8.33
2.33
1.67
-4.0
0.0
1.67
3.33
-4.0
5.67
4.0
-1.0
-1.67
-1.0
1.33
-9.0
5.33
3.0
9.0
4.33
5.33
0.33
5.0
2.33
2.67
2.33
-2.0
1.33
-3.67
-1.33
-4.67
2.33
3.0
5.33
-2.0
-0.33
-2.67
1.67
1.0
-2.0
-4.67
4.0
1.0
-2.67
2.67
1.33
8.67
-3.67
-6.0
2.67
-1.67
-0.33
1.33
1.0
-3.67
-1.0
-0.67
4.67
3.33
11.0
0.67
6.33
-6.0
0.67
-2.67
3.0
2.67
8.33
4.67
-3.0
3.33
-3.0
2.67
-6.33
-3.33
-0.67
5.67
-3.0
4.67
1.67
1.67
3.0
-1.0
2.67
1.33
3.0
3.0
6.67
0.67
-4.0
8.33
-0.67
0.0
2.67
-3.0
3.0
0.67
5.0
2.33
3.0
-3.33
6.67
0.33
6.67
-1.67
-0.33
-3.67
11.33
9.67
3.33
5.67
5.0
-1.67
6.0
-2.0
2.0
6.0
-1.33
1.67
-1.67
1.0
-2.0
6.0
-2.67
3.0
3.33
-1.67
-3.33
0.33
1.67
0.0
-1.0
3.67
2.0
3.67
-4.33
3.67
-2.33
-5.0
1.0
3.0
8.0
0.67
3.33
-1.0
6.67
-2.0
-2.0
-2.33
3.33
1.0
1.0
