0.0
-18.67
-61.33
9.67
-7.33
-74.0
-16.33
-23.33
12.0
-93.33
34.0
-28.0
-39.0
10.33
-19.67
-70.33
-24.33
-48.33
-29.0
-65.33
-35.67
-32.0
-8.0
-23.67
9.0
-13.33
6.33
1.0
2.0
-3.33
6.0
6.0
-13.33
5.33
4.33
-3.33
-2.0
1.0
-2.33
0.67
0.67
1.0
-1.33
1.33
-0.33
0.33
-1.33
0.0
-0.33
-0.67
1.0
-1.0
0.0
0.33
0.0
1.0
1.67
2.0
-0.33
0.0
-0.67
0.0
-0.67
-0.67
-1.0
1.0
0.0
-0.33
0.0
-0.67
-1.67
-0.67
0.33
-0.33
1.0
-0.33
1.0
-0.33
0.0
-0.33
-1.67
0.0
-0.33
0.67
-0.33
0.0
0.0
2.0
-0.67
-1.0
0.67
-0.67
-1.0
-1.33
-1.0
3.0
-0.33
1.67
1.0
1.33
1.33
0.33
-0.67
0.33
0.67
-1.67
1.33
-0.33
2.0
-0.33
-1.0
3.0
3.67
-0.33
-1.67
-2.67
3.0
0.33
1.33
3.0
0.33
3.67
-1.33
-2.33
0.0
-0.67
2.0
0.0
0.67
0.0
3.67
3.33
5.0
-4.67
6.33
-0.67
2.0
1.0
4.33
-2.0
3.67
-4.33
3.67
-5.33
1.33
-4.67
5.0
-2.0
2.33
0.33
-0.33
-1.33
4.33
0.0
0.33
1.0
3.33
2.67
-3.0
-0.67
1.0
7.67
4.67
1.33
1.0
-1.67
2.0
-5.67
1.33
3.0
2.67
3.0
0.33
6.67
-1.0
-3.67
1.0
3.67
-1.0
-2.0
-4.0
2.67
-2.0
5.0
2.0
-5.33
1.67
6.67
4.67
3.67
-1.67
-1.0
0.67
6.0
0.0
2.33
6.0
0.0
0.67
7.33
6.0
2.33
2.33
-3.67
-2.33
4.0
4.67
2.67
-3.0
1.67
7.33
-0.33
2.33
1.0
3.33
4.33
-3.33
-1.33
1.33
11.0
3.0
4.0
-4.67
2.0
11.0
-1.67
1.33
3.67
4.33
-0.67
3.33
5.67
-1.33
2.0
4.67
-4.0
7.33
-1.33
-2.0
-0.33
1.33
-4.33
1.67
5.33
2.33
9.33
9.0
-3.0
5.0
-0.67
7.67
6.33
0.33
-1.0
-2.67
-1.33
5.0
1.0
1.67
0.67
3.33
2.0
0.67
5.33
0.67
-0.67
-0.33
5.33
-3.0
3.0
0.33
-4.0
4.33
1.33
0.0
-5.33
1.0
3.67
3.33
-1.67
1.67
5.0
-4.0
-3.33
4.33
-1.0
4.0
3.33
6.67
3.33
-4.67
-4.0
7.0
-2.67
-3.0
5.0
-6.67
2.0
1.67
-1.0
-3.67
4.33
1.33
1.67
-2.33
13.33
3.0
2.33
2.0
-4.0
5.0
0.0
-2.67
5.67
-3.33
-4.67
6.67
1.67
14.33
-4.67
1.67
-1.67
0.0
-8.67
-1.33
3.67
7.67
4.0
0.33
1.0
-2.0
-1.0
0.67
3.33
6.33
0.0
1.33
-5.0
-1.0
8.33
-2.33
2.33
-2.33
0.67
-5.0
-1.0
-0.67
5.33
0.67
2.33
11.67
0.0
0.33
3.0
0.0
0.33
-3.67
1.33
0.67
2.33
4.0
-2.33
-1.33
2.0
3.33
3.0
2.33
-1.67
-4.0
15.0
1.0
0.0
5.0
-3.33
-4.0
3.67
-1.33
0.33
1.67
6.0
1.33
2.67
-2.33
4.33
-1.67
4.67
6.67
4.0
1.67
2.67
5.67
3.67
0.33
5.0
2.33
1.0
4.0
8.67
5.0
3.0
0.33
0.67
-2.33
-3.33
6.33
4.67
2.67
-4.33
-1.67
2.0
1.0
0.67
1.0
1.0
1.67
2.67
-0.33
-3.0
11.67
2.0
1.0
1.67
4.67
3.33
4.0
3.67
1.33
2.67
2.67
-1.33
1.0
4.67
-3.67
3.0
-2.0
2.0
-4.0
2.33
1.67
6.33
-3.33
-3.0
1.67
4.33
7.33
0.33
-1.0
-1.67
-2.0
-2.0
2.0
2.67
-2.33
-5.0
4.0
-2.33
-0.33
-5.0
4.67
1.67
-0.33
0.33
-1.33
4.67
6.0
2.0
6.67
7.0
3.67
3.0
0.0
3.67
-3.33
2.33
3.67
-1.33
-3.33
-5.67
0.33
1.67
0.33
-0.67
-2.0
1.0
-1.0
1.67
1.0
0.33
1.67
0.33
0.0
0.0
5.33
-4.33
-0.67
2.0
-5.67
-0.67
-4.67
0.0
7.67
2.33
0.67
-3.33
4.33
0.67
-1.33
1.67
-1.0
8.33
2.33
-6.0
1.67
-1.0
6.0
5.33
3.67
2.0
-3.33
-3.67
-1.0
-3.0
1.0
-3.33
1.67
-2.67
5.67
-1.0
-0.67
1.67
-1.0
-2.33
0.0
3.67
-1.67
3.33
-4.67
-2.0
0.33
4.33
3.0
1.67
-2.33
1.33
-2.0
0.33
0.0
2.33
-0.33
0.0
-3.67
1.0
0.0
0.0
1.33
-3.0
3.33
6.0
-1.0
-1.0
0.67
-0.33
3.33
-1.33
3.33
-2.0
0.0
-0.67
3.0
-1.0
1.33
-3.67
-1.33
1.0
0.33
-0.67
-3.33
-1.0
-2.67
3.67
1.0
-3.33
2.67
5.67
-1.0
2.0
3.0
1.0
-0.33
0.33
-3.33
1.67
-6.33
-0.33
4.0
1.0
-2.0
6.0
1.0
-3.67
0.67
0.0
6.67
1.0
0.67
1.0
-0.33
-1.33
1.67
3.33
-2.33
1.67
-4.0
-0.33
-0.67
3.0
-1.33
2.33
-0.67
5.0
-0.33
0.0
-2.33
-3.0
-1.33
2.33
-4.33
-1.33
0.0
-2.0
-2.33
-0.67
-3.0
0.33
-4.67
2.0
-2.33
1.0
-4.67
6.67
-2.0
-3.0
0.33
-1.33
2.0
0.67
2.33
1.33
0.67
0.0
-3.33
-3.33
-1.33
2.0
-1.67
-4.0
-5.33
-4.67
-2.0
-2.0
-1.67
2.33
-0.67
-3.33
-4.0
-0.33
1.67
-6.0
1.33
-5.0
-2.67
0.67
1.33
-2.33
-1.33
1.67
0.0
-3.0
-4.33
3.33
-1.67
-3.0
-0.67
3.0
0.67
-5.0
-3.33
0.67
-3.0
-4.0
3.0
-2.33
0.0
-4.0
-2.33
0.67
1.0
-3.67
0.67
1.0
-2.67
-3.67
-2.67
-6.33
-4.0
-6.33
-1.67
-5.67
-1.67
-5.0
-2.33
-1.0
-4.33
-2.0
-2.33
-2.33
-3.67
1.0
-6.67
-4.33
1.33
-3.33
-10.0
-0.33
-4.67
-0.33
0.33
2.67
-1.33
0.0
1.0
-7.0
-4.67
-3.0
-4.67
-1.67
2.0
1.33
-5.0
-5.33
-2.33
-4.0
-5.33
-4.33
-9.33
-1.33
-1.67
0.0
-4.0
-0.33
-2.67
-4.0
-6.0
-1.33
-7.0
1.0
2.0
-4.0
0.33
-2.0
1.67
-0.67
-0.33
0.67
3.0
-7.67
-3.0
-1.67
-1.0
0.33
-6.0
-2.67
-5.33
-6.33
1.67
1.0
2.0
4.33
-5.67
-4.67
-7.67
-10.33
-4.67
3.33
0.67
-8.67
-2.0
0.0
-9.0
-3.0
-0.67
-1.67
6.67
-1.0
-1.67
2.0
-5.0
-2.67
-7.67
1.67
-6.0
0.0
-2.67
-7.33
-3.67
-3.33
-2.33
-3.33
-2.33
-2.33
0.0
-3.67
-0.33
-0.67
-2.67
1.33
-0.33
-2.33
2.33
-5.33
1.67
-5.33
0.33
-4.0
5.0
-3.33
-2.33
3.33
4.0
-0.33
-5.0
-8.67
-2.0
-5.0
-3.33
0.0
2.0
0.0
-5.0
-1.67
4.0
2.67
-4.67
-3.33
-3.33
-2.0
-6.0
-1.67
-0.33
4.67
-4.33
-2.33
-0.67
-2.0
-4.67
-7.0
1.33
-2.33
-3.0
-0.33
-1.67
1.33
1.0
0.67
5.33
2.0
6.67
-0.67
4.0
3.0
-0.33
1.67
-8.67
0.67
4.33
-4.0
2.33
-6.33
-0.33
-5.33
2.33
3.33
7.0
0.67
0.33
1.0
5.0
-8.67
-4.67
2.33
0.0
0.33
-2.0
9.0
0.0
-0.67
3.0
1.33
5.33
3.0
-2.0
5.33
2.0
5.33
4.67
-4.33
5.0
-3.33
-5.33
-1.33
0.0
7.33
3.33
-2.33
-2.0
-2.0
-1.0
4.67
-1.67
-3.33
0.67
-3.33
-1.0
1.0
10.0
5.0
6.67
11.0
7.67
19.0
6.33
12.33
19.67
14.33
22.33
7.33
24.67
27.33
31.33
32.67
46.0
43.67
61.0
51.0
30.0
42.0
47.0
39.67
36.67
39.33
25.67
18.67
7.67
4.0
-1.33
4.67
8.33
6.0
2.67
10.67
8.0
0.33
1.33
3.67
-6.33
-0.33
-10.0
6.33
1.33
-2.33
-6.67
2.33
3.67
12.67
10.33
10.0
11.33
22.0
15.0
10.67
20.67
12.0
26.33
27.33
34.67
22.67
18.67
16.67
12.33
11.33
16.33
13.67
15.67
12.0
5.0
9.0
-1.0
3.33
11.67
14.67
15.67
6.67
4.33
6.67
-6.67
-4.33
1.33
2.67
-3.67
-5.67
3.33
10.33
-2.33
0.0
11.0
-2.0
9.0
5.33
-1.67
8.33
-2.0
5.67
1.33
1.67
-0.33
1.33
-2.33
10.67
9.67
4.33
8.33
10.0
8.0
6.0
10.67
10.0
3.67
16.67
4.33
8.0
6.33
20.67
18.67
10.33
19.67
11.33
11.67
26.0
6.67
11.33
15.33
14.33
12.0
15.0
14.0
22.0
16.33
12.33
16.67
17.33
10.67
31.67
10.0
21.0
21.33
26.67
15.0
9.33
30.0
13.67
17.0
20.67
23.67
20.33
25.67
25.67
28.33
29.0
36.67
27.67
23.0
29.67
27.67
22.33
23.33
22.33
12.33
27.33
4.0
16.67
27.67
20.33
18.0
17.0
12.33
24.33
8.67
12.0
3.33
9.67
15.67
6.67
15.0
5.33
5.33
9.67
8.67
-2.67
6.0
11.67
13.33
19.0
5.0
9.33
11.33
4.67
1.67
8.33
12.0
7.0
5.0
10.67
6.33
-1.33
-0.33
7.0
16.0
1.33
14.33
8.0
15.33
9.33
3.0
7.67
9.67
16.33
1.33
11.67
13.33
18.33
8.67
10.67
12.67
15.33
14.0
2.0
2.67
11.0
15.0
16.0
4.0
12.0
2.0
9.33
7.67
12.67
1.0
8.67
-3.33
9.33
6.67
10.33
9.33
7.67
5.0
8.67
7.33
6.33
6.33
2.67
19.0
11.67
6.33
11.33
10.0
14.33
5.0
16.67
14.67
15.67
14.33
16.33
27.0
22.0
25.0
24.0
43.67
42.33
52.67
47.33
66.33
72.67
58.67
83.67
66.33
103.67
66.0
92.0
89.67
115.67
113.0
117.0
107.33
119.67
101.33
99.67
108.67
104.33
80.33
89.67
79.33
55.0
56.67
43.67
40.33
34.33
35.33
24.33
40.33
23.67
13.67
21.0
33.67
29.33
27.67
24.67
32.67
13.67
25.0
22.33
23.67
28.0
32.0
18.0
36.33
25.0
40.67
32.0
26.67
37.67
48.33
42.67
40.0
34.67
46.33
42.67
40.33
37.0
35.0
39.67
39.0
29.67
26.67
28.0
31.67
28.0
17.33
39.33
22.0
35.67
31.0
19.67
33.33
19.0
18.67
33.33
34.0
21.67
23.33
25.67
21.67
14.0
16.33
24.67
11.0
20.33
10.67
9.0
17.33
17.33
10.33
12.33
15.67
16.67
6.0
1.33
4.33
9.67
5.0
5.0
14.67
8.33
12.33
4.0
14.33
16.0
2.0
2.0
13.33
4.0
-5.67
6.0
9.0
17.67
24.33
8.33
7.67
17.0
19.67
14.33
8.33
20.67
20.67
1.33
13.67
13.0
7.33
16.33
26.33
27.33
22.33
23.0
21.67
21.33
23.0
30.0
25.33
21.33
16.0
34.33
27.33
35.0
29.0
28.0
28.33
21.67
19.0
24.33
19.67
24.67
18.0
17.0
36.0
34.67
19.67
19.33
18.33
23.33
13.67
10.67
13.67
19.67
13.0
20.33
15.67
13.33
13.0
12.67
18.33
19.0
16.0
20.33
13.33
22.0
9.33
14.33
13.67
7.0
18.0
14.0
28.0
19.0
7.67
8.0
22.67
23.33
-8.0
7.0
14.33
22.33
6.33
14.67
6.33
3.67
13.67
7.67
15.0
6.0
19.0
10.67
21.67
24.67
5.67
25.67
6.67
6.0
13.33
17.0
10.67
12.67
12.0
6.33
8.67
15.33
5.33
9.0
10.33
10.33
9.67
9.0
3.0
9.67
7.33
5.67
15.33
12.0
18.67
9.33
11.33
5.33
15.67
10.33
8.67
18.67
10.67
10.67
24.67
6.67
12.0
10.33
11.33
3.67
15.33
2.33
11.33
15.0
16.0
2.67
11.33
3.67
8.0
19.33
-3.33
-3.33
18.67
11.33
22.67
14.67
15.67
8.0
12.0
6.33
16.33
16.33
12.0
24.67
16.0
20.67
15.33
29.0
14.0
26.0
26.67
23.33
18.33
13.33
24.0
6.33
9.33
18.33
19.67
7.67
7.67
19.33
1.33
6.0
12.67
3.67
2.33
1.0
12.33
5.0
5.33
-1.67
5.33
0.33
4.67
6.0
14.0
8.0
-9.0
6.33
3.33
1.67
-1.0
0.67
4.33
8.33
5.33
1.67
7.0
6.0
7.33
15.67
8.33
2.0
11.67
7.0
8.0
2.67
1.0
2.67
9.0
15.33
13.67
8.67
13.0
9.0
23.0
4.67
19.0
8.67
12.33
6.0
10.33
7.67
10.33
13.0
1.33
3.67
5.33
5.33
5.0
-5.0
1.0
-0.67
10.0
17.33
8.67
-7.67
0.67
3.33
8.67
-1.33
-7.0
1.67
3.33
13.33
4.67
8.0
2.0
4.33
-0.33
1.67
6.67
9.0
8.33
20.67
4.33
15.33
19.33
3.67
12.67
15.0
19.0
24.0
14.33
26.67
13.0
15.33
9.0
-1.67
24.0
13.67
20.0
4.67
7.67
10.67
6.0
9.0
12.67
12.33
2.33
19.33
10.33
14.67
16.67
22.67
12.67
14.33
11.0
7.33
18.33
12.67
8.67
12.33
2.33
12.33
12.33
3.67
8.67
16.0
6.67
8.0
9.0
6.33
22.67
5.67
1.0
-5.0
11.67
1.33
10.33
1.67
6.0
8.0
6.67
13.33
4.67
3.33
10.33
7.67
2.0
11.67
4.67
10.33
5.0
19.67
-5.67
5.0
4.0
11.67
22.0
-0.67
2.33
1.67
6.33
9.67
6.0
-1.33
0.0
-6.67
9.0
6.33
8.67
14.0
4.67
-1.67
9.67
0.33
6.67
-8.67
7.0
11.67
1.67
0.0
-3.67
6.67
-1.33
2.33
8.0
-0.33
2.67
-1.0
5.67
2.67
8.0
3.33
2.67
0.0
-4.0
-2.33
1.67
6.33
1.0
3.67
-1.33
8.67
-3.67
1.33
3.67
-1.67
-7.0
-7.0
2.67
7.33
6.0
6.67
5.67
9.67
10.0
-4.0
1.0
-2.67
3.67
-5.33
15.67
1.0
-5.0
2.0
-5.0
5.0
4.33
7.0
3.33
3.67
1.33
10.33
5.0
0.0
-1.0
6.0
0.33
12.0
-1.0
1.67
3.67
1.67
0.0
7.67
-4.0
-1.0
0.0
-3.0
8.67
4.0
-2.33
-5.67
3.33
-2.67
1.33
7.0
0.33
0.33
7.67
10.0
5.0
11.33
-1.67
9.33
-2.33
9.0
7.67
-1.67
-1.0
5.33
-1.33
14.33
18.33
-5.67
-8.0
7.67
3.0
3.67
2.33
5.0
7.33
0.0
2.67
2.33
-0.67
4.67
4.0
-3.33
0.0
-2.0
4.33
-8.33
-1.67
-0.67
-5.0
-5.33
3.67
-1.0
4.0
1.33
10.67
3.0
1.67
-3.67
9.67
-4.0
1.33
-0.33
3.67
6.0
-5.33
-0.67
1.33
15.0
8.0
7.67
8.33
10.67
1.0
6.0
6.33
-6.67
3.67
4.67
3.33
2.33
5.67
12.0
5.33
-4.0
5.67
-7.33
5.67
6.33
4.33
0.67
0.0
-1.0
2.67
3.0
0.67
-0.33
7.67
10.33
-0.67
-2.33
2.33
2.67
1.33
6.33
-3.33
0.0
-2.0
-4.0
3.0
0.67
4.67
1.67
-4.67
1.0
-0.67
2.0
-4.67
1.33
-1.33
0.0
0.33
-0.67
7.0
-0.33
2.33
-3.33
-0.67
0.33
1.67
1.67
-2.67
1.33
9.67
3.67
3.0
4.67
-0.67
3.33
-5.67
13.33
-5.33
1.67
2.67
1.67
7.33
-0.67
3.67
3.0
-2.67
3.33
1.0
1.0
-1.0
0.67
4.0
-3.0
0.67
0.0
8.33
3.33
4.67
5.0
0.0
1.33
-0.33
2.67
4.33
10.0
11.67
0.67
3.0
1.0
4.0
-4.0
2.67
-6.33
-4.67
2.67
4.0
-1.0
3.67
-2.67
4.0
-0.33
1.0
0.0
0.33
0.0
2.33
-5.0
6.33
5.0
3.0
0.33
2.33
-4.67
6.0
-3.67
-2.33
6.33
4.0
6.33
0.33
6.67
-1.67
-0.67
4.0
1.33
3.0
-1.33
-1.67
-0.33
3.0
0.0
2.33
-2.0
4.0
3.33
-3.33
4.33
0.67
3.33
-4.0
3.67
1.33
5.67
-0.67
-1.0
-3.67
1.0
-0.67
6.67
1.33
12.0
-2.33
3.33
2.0
7.67
7.33
-1.0
1.67
-1.67
3.67
1.0
5.33
7.0
2.67
-8.33
-1.33
1.33
0.67
-1.0
0.67
-1.33
1.67
0.0
-2.0
0.67
13.33
1.0
-1.0
1.67
2.67
-5.0
3.33
-2.67
-2.0
1.67
-2.0
1.0
5.67
2.0
0.33
1.0
1.67
1.67
-3.67
-3.33
-0.67
-0.33
-2.67
1.33
1.67
3.33
4.67
2.0
-1.67
5.0
0.0
-4.0
7.0
-2.33
6.67
-1.67
4.0
-3.0
-1.0
0.33
6.0
1.33
1.33
2.67
1.33
3.67
2.0
0.0
3.67
4.0
3.67
-4.33
12.67
-2.33
-4.0
2.0
6.0
-3.0
-3.33
-0.67
-3.0
-4.33
1.0
2.0
-1.33
-5.67
3.0
4.0
