0.0
85.33
18.67
-67.33
-12.33
7.0
15.67
-51.33
-45.0
-9.33
-23.0
58.0
-59.0
-35.67
-30.67
44.67
-61.33
-48.33
-33.0
-11.33
-25.67
-10.0
-9.0
-1.67
1.0
-4.33
-6.67
-1.0
1.0
2.67
-5.0
-1.0
-5.33
2.33
3.33
-2.33
2.0
-1.0
-0.33
-1.33
-1.33
1.0
-1.33
-0.67
-0.33
0.33
-0.33
1.0
-0.33
-0.67
1.0
2.0
1.0
-0.67
0.0
0.0
0.67
0.0
-0.33
0.0
-0.67
0.0
-0.67
-0.67
-1.0
0.0
0.0
0.67
0.0
-0.67
-0.67
-0.67
-0.67
-0.33
0.0
-0.33
1.0
-0.33
2.0
-0.33
-0.67
0.0
-0.33
0.67
0.67
0.0
0.0
0.0
-0.67
0.0
-0.33
-0.67
0.0
-1.33
-1.0
0.0
-0.33
-0.33
0.0
0.33
0.33
1.33
-0.67
-0.67
0.67
-1.67
1.33
0.67
1.0
-2.33
-1.0
4.0
2.67
2.67
-3.67
-1.67
-1.0
-1.67
0.33
4.0
-0.67
0.67
2.67
-5.33
0.0
0.33
4.0
1.0
-5.33
6.0
0.67
2.33
-1.0
-1.67
-2.67
-2.67
5.0
-2.0
2.33
0.0
2.67
-1.33
-5.33
-1.33
5.33
2.33
1.0
1.0
0.33
4.33
-2.33
1.67
2.33
5.0
0.33
3.0
3.33
0.67
1.0
3.33
4.0
-1.33
3.67
3.33
5.0
7.33
2.0
-0.67
7.33
0.0
5.67
3.0
2.33
-6.33
7.0
-1.67
5.0
2.67
2.0
-1.0
-2.0
-5.33
1.0
-4.0
12.0
-4.33
-1.33
3.67
-1.33
-2.33
-1.67
0.0
0.67
-2.0
1.0
11.33
1.0
-3.0
1.67
5.33
2.0
9.33
0.33
-1.67
-3.33
-1.0
-0.33
0.67
2.0
-1.33
-2.67
-1.33
7.33
6.0
3.33
6.33
-5.33
-1.33
3.33
12.0
5.0
2.0
5.33
4.0
-1.0
0.33
-2.67
-3.33
6.33
1.33
2.33
1.67
-3.33
-1.0
3.67
6.0
0.33
2.67
2.0
-2.33
-2.67
3.67
5.67
-0.67
7.33
2.33
2.0
0.0
0.0
3.33
6.67
4.33
11.33
-4.0
5.33
7.67
3.0
4.0
1.67
2.67
-1.67
0.0
-3.33
-1.67
1.67
2.33
-1.33
3.33
-1.0
5.0
4.33
-2.0
1.33
-4.67
3.0
0.67
6.0
-0.33
-0.67
-0.67
-0.33
6.0
3.0
5.67
-0.67
-4.0
8.0
-2.67
-1.33
-3.67
-4.67
2.0
4.0
0.33
-4.0
4.0
-1.67
0.0
1.67
3.0
-3.67
-7.67
0.33
-3.33
-0.33
2.33
3.0
-4.67
4.0
7.0
1.0
-2.0
-5.67
-2.33
3.67
-3.67
0.67
-4.33
0.33
-6.67
1.67
3.33
-2.0
-2.67
-7.33
1.67
-0.33
-2.0
3.33
0.0
7.0
-1.0
3.67
0.33
10.33
-2.0
0.33
-3.0
2.0
-1.67
-3.33
-6.67
-0.33
-0.33
-2.0
-4.0
1.33
6.33
3.67
4.33
1.67
5.0
2.33
3.0
-6.0
-2.67
4.33
-0.67
1.67
5.33
1.0
3.67
0.67
-1.0
-4.67
4.0
-2.67
1.33
3.0
-1.0
2.0
3.0
6.0
-6.33
-2.0
-0.33
-2.33
-0.67
2.67
3.0
8.33
0.67
3.67
5.33
-3.67
2.67
5.67
4.0
5.67
3.67
3.67
4.67
3.33
2.0
1.33
2.0
-1.0
1.67
0.0
2.0
2.33
1.67
3.67
4.67
3.33
2.67
1.67
1.67
3.33
4.0
-1.0
-0.33
5.0
0.0
0.67
3.67
-1.33
-1.0
0.67
8.0
-1.0
2.67
1.67
5.33
-4.0
-8.33
-1.67
3.67
-2.33
-6.33
3.0
3.67
-2.67
1.0
-1.0
-4.0
0.0
6.33
3.67
0.33
5.67
5.0
1.67
-7.67
3.33
3.33
1.0
-1.67
-3.0
3.0
1.0
7.67
0.67
-2.0
-2.0
-0.33
9.67
-3.0
1.67
3.67
1.67
0.33
-0.33
1.67
1.0
-1.0
-1.33
1.0
-3.33
-1.0
-2.0
4.67
-1.33
3.33
-1.33
-0.33
-3.33
-0.67
2.33
1.67
0.33
1.33
-4.0
-2.0
0.0
-4.33
-3.0
4.33
0.67
-6.67
-3.0
4.0
1.33
-3.33
-1.67
1.0
3.33
-1.67
1.33
4.0
0.67
4.33
1.67
-2.33
7.33
1.67
-5.33
-0.33
-2.0
2.33
1.33
2.0
0.67
-3.0
2.0
-1.67
-0.33
1.0
-2.33
0.33
4.0
-2.0
2.0
-2.33
-4.33
1.33
0.67
4.0
0.33
-3.33
3.0
-0.33
3.0
-0.33
-1.67
-1.67
-0.67
-3.0
3.33
3.33
3.0
1.67
-2.33
1.33
-4.0
0.33
-4.0
0.33
-2.33
-3.0
1.33
1.0
0.0
-2.0
1.33
-4.0
-1.67
0.0
2.0
1.0
2.67
-0.33
6.33
2.67
5.33
1.0
1.0
2.33
-3.0
1.0
-6.67
1.33
-3.33
0.0
5.33
-0.67
-4.33
0.0
0.33
-0.33
-1.0
-0.33
-4.33
-2.33
-4.0
1.0
6.0
-1.0
1.67
-1.67
-4.33
1.67
-3.33
-3.33
-1.0
-1.0
2.0
2.0
4.0
2.33
-0.33
-2.0
1.67
3.0
-2.33
0.0
-3.33
2.67
3.67
6.33
4.67
1.67
3.0
-0.33
-1.67
1.0
-0.33
3.33
4.33
1.0
-3.33
2.0
-1.33
-5.0
-0.33
-2.67
-2.33
-4.33
-1.0
-3.0
1.67
-3.67
2.0
1.33
-3.67
0.0
-1.33
4.0
0.33
-1.33
-3.0
1.0
-0.67
-1.33
-3.0
2.67
-2.67
-2.67
2.67
-5.0
-0.33
0.67
-0.33
1.0
1.33
-6.0
-3.33
1.33
0.0
-4.0
1.33
4.33
-0.67
-1.33
0.0
3.67
4.67
-6.0
1.33
-5.0
-4.67
2.67
-4.67
-0.33
-0.33
-2.33
-2.0
7.0
-5.33
-0.67
-2.67
-2.0
-1.67
0.0
-2.33
-5.0
5.67
-2.33
-5.0
-1.0
-1.0
-0.33
3.0
-4.0
0.67
-5.33
1.0
-10.67
-2.33
-6.0
1.33
-4.67
-1.67
-1.33
-1.0
-2.33
0.33
-2.67
0.33
-6.0
1.67
-5.0
-2.33
-1.0
-4.33
-3.33
-8.67
-1.0
-8.67
-3.33
-6.67
-1.33
-9.0
-6.33
0.33
-2.33
-2.67
-4.33
-2.33
-6.0
-2.0
-3.0
5.33
-1.0
-7.67
-0.67
-2.0
0.33
-5.0
-3.33
-1.33
-2.0
-7.33
-4.33
-4.33
3.67
-2.67
3.0
-4.0
-1.33
-6.67
-3.0
-3.0
-3.33
-6.0
-4.0
-4.0
-1.0
-3.67
-1.0
-1.33
-4.67
7.67
3.67
-2.0
-8.67
-9.0
-3.67
3.0
1.33
2.0
-0.67
0.67
-3.33
-0.33
-1.0
2.0
-1.67
-3.67
-3.67
-4.67
-8.33
-7.67
-5.67
1.67
-5.67
-4.0
-8.0
-7.0
-7.0
4.33
-1.67
-2.33
-5.0
3.33
0.0
-6.0
-5.67
-9.67
-8.33
-7.0
-3.0
-0.67
-4.33
-4.67
-3.33
-1.33
3.67
-4.33
-5.33
0.0
0.33
-1.33
2.33
-2.67
-1.67
-5.33
-6.33
-4.67
-3.33
-6.33
-1.33
-3.67
-5.0
1.0
-0.33
5.67
-8.67
0.0
0.67
-8.0
-10.67
-1.0
-1.0
0.67
7.0
7.0
-10.0
0.0
-4.67
1.0
-2.33
-2.67
-0.33
-11.33
-5.0
-6.0
-5.67
4.67
-0.33
-5.33
-1.33
-2.67
-4.0
-3.67
-7.0
3.33
1.67
-3.0
-1.33
-1.67
0.33
7.0
-0.33
1.33
-6.0
1.67
-1.67
-3.0
-4.0
-2.33
-6.33
-1.67
-14.33
-5.67
-1.0
-0.67
-11.33
-0.33
-4.33
-2.67
-2.67
-3.0
-4.33
2.33
4.0
-4.0
-4.67
-2.67
4.33
5.0
0.33
0.0
8.0
1.0
1.33
2.0
0.33
-2.67
2.0
-1.0
-0.67
-6.0
-8.67
-0.33
-4.33
-7.0
1.67
-0.33
-4.33
2.0
3.33
-0.67
8.67
-2.0
-12.0
4.0
0.67
-10.67
-3.33
6.67
-1.33
-2.0
8.0
4.0
17.0
-0.33
-2.0
6.67
17.0
11.33
23.33
22.67
21.33
12.33
5.33
12.67
20.33
17.33
37.67
15.0
36.67
21.0
19.0
11.0
16.0
30.0
31.67
31.67
21.33
11.67
21.67
17.67
12.0
8.67
6.67
11.33
6.0
-2.33
-3.33
-6.0
-2.67
4.33
-3.33
-4.33
-1.33
-2.0
-0.67
-3.67
-1.33
-5.67
-3.67
1.67
7.67
6.33
18.0
-1.67
4.0
5.0
16.67
14.67
16.0
29.33
26.33
29.67
31.67
28.67
47.67
62.33
71.33
87.33
113.67
98.67
103.0
106.0
101.0
135.0
101.33
88.67
79.67
75.67
49.67
35.33
27.67
29.33
12.67
4.33
11.67
8.33
3.33
-0.67
3.33
7.67
0.0
-1.0
-11.0
7.0
-5.67
0.33
0.33
-7.0
-0.33
2.33
-4.33
-0.33
-6.67
-3.33
-0.33
2.67
-1.67
3.33
14.0
7.0
8.0
3.67
-9.0
5.67
4.67
-5.67
9.0
4.33
13.67
-2.33
0.33
8.67
5.33
4.67
2.0
-1.33
3.33
11.33
9.33
-2.0
12.0
2.0
6.0
5.33
4.33
10.67
13.33
8.67
7.67
12.0
12.0
10.33
9.67
8.0
6.33
21.0
1.67
13.0
10.67
15.67
4.33
18.67
4.67
8.33
12.0
9.67
5.67
8.0
2.67
11.67
9.33
10.33
15.33
28.33
12.33
16.0
5.67
11.67
13.33
25.0
22.0
-0.67
18.33
17.67
15.0
10.33
12.67
17.67
7.67
18.0
16.33
11.33
15.67
6.67
8.33
15.0
0.67
3.33
3.0
7.0
-0.67
11.33
7.67
-1.33
-3.67
6.0
4.0
-2.0
14.67
6.33
2.67
-1.33
-1.0
7.0
4.33
4.33
7.0
5.33
9.33
11.0
14.67
14.67
26.33
24.33
24.67
25.33
48.33
25.67
31.67
35.67
26.33
46.0
31.0
20.67
31.0
20.0
9.0
24.0
23.0
14.0
13.33
11.67
3.67
-1.0
4.67
6.67
1.33
9.67
10.33
6.33
7.67
1.0
4.67
3.33
1.33
-2.67
17.67
-1.0
6.67
4.33
8.33
3.0
8.33
17.0
6.67
17.67
15.67
15.33
26.33
30.0
36.0
39.0
46.0
62.67
71.33
73.67
82.33
111.33
100.67
108.67
122.67
156.33
156.67
152.0
189.0
163.67
157.67
197.0
173.0
181.33
191.67
164.33
194.67
131.67
123.33
107.33
110.67
75.33
68.0
64.67
47.67
36.33
15.33
24.33
18.33
11.33
9.67
2.67
14.0
12.67
1.33
12.67
11.67
17.67
8.67
8.0
17.33
10.67
6.0
18.0
24.0
25.33
19.0
27.67
19.0
33.67
41.67
39.33
38.67
49.0
33.67
25.33
32.67
31.33
53.0
42.0
41.67
43.0
40.67
37.67
48.0
28.67
30.0
22.33
19.33
26.0
26.67
20.0
9.67
13.33
20.0
7.67
16.33
17.0
3.67
2.33
17.67
15.67
11.0
4.33
15.67
5.0
9.33
8.67
14.0
-0.67
7.33
9.33
11.33
3.67
4.67
-2.0
5.33
-0.67
11.67
6.0
14.0
3.67
-3.67
1.33
9.0
5.33
16.0
5.0
-3.0
6.33
2.0
1.33
1.0
5.0
5.67
12.33
4.33
7.67
8.0
2.67
6.33
9.33
11.67
13.67
3.33
24.67
15.0
26.33
26.33
27.33
29.33
31.33
44.0
40.67
51.33
42.0
39.0
43.33
29.33
35.0
32.33
47.33
45.0
25.0
35.0
32.33
36.67
42.0
13.33
7.67
35.67
36.0
4.0
30.0
33.67
11.67
16.33
21.33
6.33
21.67
11.67
13.67
16.67
23.0
20.33
13.67
32.33
41.0
22.67
30.33
34.0
12.0
16.33
32.33
23.0
22.33
23.33
20.67
4.0
18.0
22.0
23.0
28.0
5.67
22.0
20.67
39.33
24.0
18.0
33.33
13.33
36.33
23.67
19.33
22.67
26.67
20.67
12.0
21.0
15.0
8.67
14.67
6.67
12.67
11.67
14.67
12.0
15.33
18.0
8.67
22.67
13.0
17.33
22.67
3.33
15.33
5.0
17.33
15.33
14.67
4.0
5.0
0.67
6.33
6.67
5.33
2.0
8.67
8.33
11.33
3.33
7.67
7.33
-1.33
11.67
6.67
9.67
11.67
9.67
7.0
-1.67
1.33
-1.33
10.33
7.33
15.33
5.0
-1.0
1.67
6.33
-6.33
-4.0
9.33
0.67
-8.33
1.67
3.33
3.67
-2.33
8.67
-1.0
13.0
1.33
11.33
6.33
11.0
8.67
-2.0
5.67
5.33
5.0
7.0
-1.0
-2.33
6.33
-1.67
1.33
4.0
8.33
-2.67
10.33
4.67
-8.33
16.67
-0.67
3.33
-1.0
-5.33
12.67
1.33
-1.0
11.33
8.0
2.33
8.33
0.33
7.33
3.67
9.0
3.0
8.0
3.0
-0.67
-2.67
-16.33
8.0
-3.33
5.33
3.33
11.33
9.67
3.0
-10.0
7.33
1.67
5.33
0.0
-8.33
0.0
-5.0
1.67
16.0
14.67
13.0
-1.67
-3.33
8.67
-7.0
11.0
3.0
-12.33
5.0
1.67
2.33
-1.0
9.33
9.67
3.33
4.0
6.33
-1.33
1.33
0.33
-6.0
5.0
1.0
3.33
1.0
-2.67
10.67
-7.67
3.67
6.33
3.67
10.67
8.0
6.67
2.33
6.33
20.67
15.0
1.0
11.33
14.67
9.67
13.67
10.0
14.33
17.67
11.33
26.33
6.33
22.67
8.67
12.0
12.0
21.0
15.33
-5.33
1.0
1.33
3.0
3.33
6.0
17.67
17.0
-1.33
12.67
1.67
14.0
19.0
4.67
1.33
9.33
4.33
6.33
12.67
9.67
11.67
8.67
4.33
6.0
12.33
-8.67
5.67
4.67
11.33
6.33
14.33
3.33
0.67
3.67
3.0
6.67
-1.0
4.0
2.33
19.67
4.67
2.0
2.0
7.67
5.33
9.33
3.67
-10.0
13.0
-5.33
1.33
10.67
-5.67
6.33
-0.33
-9.0
-7.33
6.67
3.33
11.0
-6.33
-8.67
7.0
12.0
-2.33
-3.0
-1.67
3.33
-1.33
9.33
1.67
7.0
11.67
-3.0
-0.67
12.0
13.33
5.67
-3.0
1.67
7.33
6.67
-2.67
-4.33
-2.67
3.0
-2.33
9.67
1.0
-3.67
-8.33
6.67
-3.67
-4.0
3.67
-2.33
4.0
4.67
3.67
0.0
0.33
1.67
6.0
8.0
-1.33
8.67
-0.67
0.0
2.67
-2.33
2.67
12.33
-7.67
-2.33
8.33
6.0
-13.0
-0.33
4.33
-1.0
2.67
8.67
9.67
9.0
-6.0
3.0
6.33
1.67
0.67
1.67
-5.0
-3.0
-4.0
-6.0
1.0
-8.67
11.0
-3.67
1.67
-2.67
-1.67
12.0
-1.0
1.0
0.0
0.33
-2.0
3.0
3.67
-7.33
5.67
0.0
-3.33
-2.0
-9.0
-2.0
7.0
-0.33
-3.0
2.67
-4.67
2.33
-1.67
-4.67
3.0
-5.67
-0.67
6.67
-2.0
3.0
6.33
0.33
3.33
8.67
5.0
2.67
10.33
-5.0
0.33
12.67
9.33
9.33
-2.67
5.0
6.67
-1.0
0.67
8.33
3.0
3.33
-9.0
2.67
-2.67
6.33
3.67
5.0
7.67
0.0
-5.0
-4.67
-4.33
7.33
0.33
2.0
-5.33
4.67
-7.0
2.0
-3.67
0.67
-2.0
-0.33
9.33
-3.33
-2.0
0.33
3.67
2.67
-3.0
0.67
1.33
2.33
1.0
7.0
1.67
0.33
0.67
-3.0
5.0
0.33
7.33
14.67
0.67
8.33
12.33
4.67
6.0
7.33
3.0
-0.33
0.67
2.67
-7.67
5.33
6.67
8.0
4.0
-2.33
11.0
-4.33
6.67
4.67
4.33
-0.67
-2.33
1.33
5.67
-2.67
7.33
-8.33
-3.0
1.0
2.0
4.0
5.67
1.67
-3.33
3.33
4.0
-3.67
1.0
0.33
1.33
-1.33
-3.0
7.33
-1.67
3.0
2.67
5.33
-7.33
2.33
6.33
2.67
-4.33
6.33
-4.67
8.67
-0.33
1.0
-0.33
2.33
-3.67
5.33
1.33
-0.33
2.67
1.67
0.67
0.33
-3.67
0.67
2.0
-0.67
2.33
1.0
-6.0
-5.0
10.67
-2.0
-3.0
-2.33
2.0
4.33
5.33
8.67
5.0
-4.0
-2.67
1.67
8.67
3.33
3.0
11.67
-2.33
7.0
-1.0
0.0
-2.0
-1.33
-2.33
-3.67
-1.33
-1.0
-1.0
5.67
-4.67
0.0
0.67
-11.0
1.0
1.33
-3.0
4.33
-9.0
5.33
6.0
3.0
-0.67
-3.67
-0.67
7.0
-1.67
2.67
6.33
-1.0
0.33
7.33
-0.33
-0.67
0.33
-4.0
1.33
-1.0
1.67
-1.67
-3.33
-2.0
1.0
1.33
-4.0
2.0
-2.67
-3.33
7.33
-0.33
5.33
-1.0
3.67
1.33
-2.33
-4.67
0.0
-7.67
8.0
7.33
5.67
-2.67
6.0
-2.33
-0.67
0.0
2.67
4.33
2.0
4.67
2.33
0.67
-1.0
4.33
4.0
-3.33
-10.33
2.67
1.33
2.67
-3.0
0.67
-3.33
13.67
8.0
9.0
-0.33
3.33
-1.0
9.0
3.67
1.67
1.0
0.33
3.33
3.0
6.67
6.0
3.0
6.67
6.0
-1.67
2.0
2.67
-0.33
3.33
-2.33
-2.67
-2.33
1.33
3.33
0.67
3.33
1.67
1.0
-6.67
3.0
2.0
3.0
3.0
1.67
-3.33
2.33
7.0
4.0
1.0
-2.67
8.0
1.33
-0.67
-0.33
2.33
2.67
1.0
5.0
1.67
2.0
-1.33
-4.33
0.67
-1.33
0.0
6.0
3.0
2.0
1.67
5.33
1.0
0.67
3.0
-1.0
1.67
-0.67
-3.0
2.0
