0.0
-10.67
-47.33
-13.33
-5.33
17.0
80.67
9.67
104.0
-35.33
-4.0
102.0
-80.0
-20.67
27.33
-23.33
16.67
42.67
-17.0
45.67
-5.67
-9.0
-1.0
12.33
-1.0
24.67
0.33
13.0
12.0
-3.33
0.0
5.0
-3.33
2.33
4.33
1.67
-1.0
1.0
-0.33
-1.33
-0.33
0.0
-1.33
-0.67
-0.33
-0.67
-1.33
0.0
-0.33
-0.67
0.0
-1.0
1.0
0.33
1.0
0.0
0.67
0.0
-0.33
0.0
0.33
1.0
-0.67
0.33
-1.0
0.0
0.0
-0.33
0.0
-0.67
-1.67
0.33
0.33
-0.33
0.0
-0.33
1.0
-0.33
2.0
0.67
-1.67
2.0
-0.33
0.67
-0.33
0.0
2.0
0.0
-0.67
-1.0
-0.33
-0.67
1.0
-1.33
0.0
-1.0
-0.33
0.67
2.0
0.33
-0.67
-0.67
0.33
1.33
1.67
-0.67
-0.67
-1.33
2.0
-3.33
-2.0
0.0
0.67
1.67
1.33
0.33
-3.0
2.33
9.33
0.0
1.33
2.67
2.67
-0.33
2.0
0.33
1.0
3.0
1.67
2.0
1.67
1.33
2.0
2.33
0.33
-5.67
4.0
3.0
4.33
-4.0
6.67
-6.33
0.67
-2.33
2.33
1.33
0.0
-2.0
2.33
7.33
-1.33
1.67
5.33
-1.0
-0.67
4.0
1.33
-7.33
3.0
1.33
5.0
0.67
3.67
4.33
0.0
5.33
-3.0
-2.67
-3.67
-1.0
4.67
4.0
7.33
7.67
0.0
-1.67
5.0
13.67
3.0
4.0
10.0
1.67
1.0
2.0
6.0
-0.33
3.67
3.67
4.67
0.67
4.33
12.0
2.67
-2.0
1.0
5.33
5.0
-1.0
7.67
1.33
-3.0
2.33
6.33
7.33
3.67
1.0
0.67
-1.33
4.0
2.67
10.33
0.67
8.33
1.0
6.33
-0.67
-1.33
1.67
3.33
1.0
8.0
0.0
0.33
2.0
3.0
-1.67
5.33
-1.33
-0.67
4.33
5.33
-4.33
0.67
2.0
3.67
3.0
2.33
1.67
1.0
5.67
1.33
3.67
8.67
1.33
4.33
7.33
2.0
-9.0
3.0
9.33
5.67
4.33
3.33
0.0
6.33
13.67
13.0
1.0
1.67
0.67
3.33
-3.0
8.67
4.33
2.67
1.33
0.67
10.33
-3.0
6.0
0.33
-5.0
8.33
-3.67
2.0
-2.33
2.0
3.67
-0.67
-0.67
1.67
5.0
2.0
-1.33
3.33
6.0
11.0
4.33
3.67
-0.67
-0.67
4.0
-1.0
3.33
-3.0
3.0
-4.67
11.0
0.67
-1.0
2.33
-0.67
13.33
-0.33
-1.33
10.33
-2.0
0.33
7.0
2.0
-1.0
3.0
-2.67
4.67
3.67
-4.67
3.67
9.67
8.33
-2.67
-4.33
3.33
-3.0
-0.67
-0.33
6.67
5.67
4.0
-2.67
7.0
10.0
1.0
-2.33
12.33
7.33
7.0
1.33
-2.0
8.0
9.33
-0.33
-0.67
-4.33
2.67
6.0
2.0
0.33
2.33
-1.33
4.33
3.67
1.0
3.33
5.0
7.0
-5.67
2.33
-1.67
7.67
-3.67
1.0
0.67
-2.33
-1.0
5.33
7.0
-0.67
3.33
6.0
1.0
-2.0
5.0
1.0
0.67
7.0
3.67
-0.33
2.33
-0.33
8.0
5.33
4.67
2.67
7.33
2.33
5.67
1.67
5.0
-2.33
6.67
4.67
4.67
-2.67
5.0
2.33
0.0
2.0
3.67
-1.0
0.0
1.33
2.67
2.67
-3.33
9.33
4.67
0.67
4.67
-1.67
0.0
-4.0
-1.33
3.0
2.0
-3.33
9.67
-2.33
-5.0
5.67
6.0
2.0
4.67
-0.33
4.33
-2.0
1.67
4.33
2.67
4.67
2.67
3.0
-1.33
-1.67
1.0
0.0
2.0
-1.0
-0.67
-0.33
-2.67
0.67
2.0
0.67
3.33
7.33
0.33
9.0
-2.67
3.0
-2.0
1.0
-0.33
0.67
0.0
3.0
-3.33
3.67
4.0
1.67
3.67
0.67
0.33
0.67
4.67
3.0
-3.0
10.67
1.0
2.67
2.0
3.0
9.67
2.67
-0.67
1.67
-0.33
0.67
5.33
2.33
3.67
0.33
-2.67
-3.0
-2.0
0.0
3.67
0.0
0.33
-2.33
1.33
-2.0
6.0
-1.67
-1.33
-1.67
1.0
4.33
0.33
4.33
-2.0
8.67
3.33
6.67
-3.33
-1.67
-5.33
1.67
3.67
-1.0
1.33
2.33
2.0
5.67
-1.0
2.0
-2.67
-1.33
3.0
0.67
-1.67
0.0
3.0
0.0
-3.33
-0.33
-0.67
-1.33
3.0
-0.67
1.67
6.0
0.67
-3.0
-0.33
-1.67
3.33
-0.67
-5.0
-0.67
5.33
0.0
2.67
-2.33
-2.67
-2.0
-0.67
1.0
-0.67
5.67
-1.0
3.33
3.0
-2.0
4.0
1.33
-4.0
6.33
8.0
-1.0
0.0
-2.33
3.67
0.33
6.67
3.33
3.0
2.0
2.33
-6.0
-1.0
-1.67
-0.67
-1.33
1.0
4.33
-4.67
-3.33
-4.0
-0.67
3.67
0.0
-2.33
-1.33
0.67
0.0
-2.0
4.0
0.0
-3.33
1.33
-5.33
2.67
-3.33
0.67
2.0
2.0
2.0
-1.0
2.0
1.33
1.67
-1.0
4.67
4.0
-1.33
1.0
1.67
0.67
-5.33
-1.67
2.67
-0.33
1.0
3.67
4.33
1.0
2.67
3.33
-1.67
-1.0
2.67
7.0
0.67
0.0
3.67
-0.67
0.67
-5.33
1.0
-3.0
3.67
-3.67
3.0
1.33
-2.67
-1.0
-2.33
0.0
-7.67
2.67
2.0
3.0
0.33
-3.33
-6.0
-3.33
1.33
0.33
-1.33
-4.0
0.67
-0.33
-6.33
-2.0
-0.67
2.0
-4.33
-2.67
-2.0
-1.0
-3.67
1.33
-2.67
-2.33
1.0
1.67
-2.33
6.0
-0.67
-6.0
-5.67
-0.33
0.33
-1.33
-3.33
0.67
-2.0
0.0
-6.33
0.33
-0.67
-4.0
-2.67
1.0
-0.33
-4.0
0.67
-1.33
-2.0
-2.0
1.0
-2.33
0.0
-8.0
-0.33
2.67
-1.0
-5.67
-3.33
-1.0
0.33
-2.67
-2.67
-6.33
1.0
-4.33
0.33
-3.67
-4.67
-6.0
1.67
-6.0
-0.33
-6.0
-1.33
-1.33
0.33
-9.0
-6.67
-0.33
-6.67
-8.33
-4.0
-6.33
6.33
-0.33
-4.67
-0.33
-0.33
-4.0
-7.0
-10.0
-5.67
2.0
-7.67
-5.67
4.0
0.33
2.0
-4.33
-2.33
-3.0
-13.33
-8.33
-2.33
-2.33
-7.67
-3.0
-2.0
-3.33
-4.67
-8.0
-5.0
-5.33
-5.0
-5.0
0.0
-7.0
-3.67
-5.0
-2.33
0.33
-2.33
1.67
1.0
-11.67
-6.0
3.33
-3.0
-1.67
-2.0
-3.67
-7.33
-0.33
-4.33
1.0
-3.0
1.33
0.33
-7.67
-6.67
-0.33
-4.67
1.33
-6.33
-4.67
-4.0
-7.0
-8.0
-1.0
0.33
-4.67
-8.33
-4.0
-3.67
2.0
-7.0
-3.67
-6.67
0.67
-8.0
5.0
-7.67
1.67
-3.67
-8.33
-2.33
-3.33
-1.33
-5.33
-2.0
-1.67
-3.33
-3.67
9.33
-2.67
-2.33
-1.33
-5.67
-2.33
-6.33
-0.33
-0.67
-7.0
-4.0
-5.33
0.67
-1.67
-1.0
-4.33
-4.0
-9.67
-1.0
-8.0
-3.33
-1.0
1.0
-7.0
0.0
-4.67
-9.0
-1.33
-7.67
-4.33
-4.33
-1.0
3.0
1.33
7.67
4.67
-2.33
-8.33
-3.67
-3.0
5.33
-5.0
-2.67
-9.33
-5.0
-2.33
-1.67
-0.67
5.0
-4.33
6.33
-3.0
9.67
-3.67
-3.0
2.0
-3.33
0.67
0.33
-3.33
-5.67
-6.0
-5.67
-14.33
-4.33
1.67
-3.67
-1.67
-1.0
-5.33
-3.67
-3.0
4.0
-6.67
-1.67
-0.67
6.0
-0.67
-4.0
10.0
8.0
-7.67
2.0
-0.67
5.33
-5.0
-7.0
-6.67
3.0
-2.67
-0.33
-2.33
-7.0
-6.33
0.67
-3.33
0.0
-5.67
-5.67
3.67
-2.0
-10.0
0.0
0.67
0.33
-13.33
-0.33
0.67
-3.0
2.0
6.0
15.0
-4.33
2.0
10.67
16.0
9.33
27.33
18.67
23.33
26.33
26.33
39.67
41.33
30.33
42.67
40.0
36.67
35.0
15.0
24.0
15.0
22.0
28.67
12.67
20.33
16.67
19.67
10.67
9.0
16.67
5.67
7.33
9.0
-2.33
6.67
-5.0
-3.67
2.33
-3.33
1.67
-1.33
0.0
0.33
2.33
-10.33
5.33
4.33
3.67
-3.33
8.33
13.0
-1.67
9.0
9.0
14.67
8.67
1.0
3.33
11.33
0.67
2.67
8.67
14.67
9.33
5.33
9.33
2.67
8.67
13.0
4.0
-3.0
7.0
0.33
6.67
5.67
1.67
1.67
-1.67
-1.33
-1.67
-14.33
-0.67
-5.33
-5.67
4.33
3.33
1.33
2.67
3.0
11.0
0.0
15.0
-0.67
10.33
3.33
12.0
9.67
2.33
-4.33
-7.33
-7.67
-4.33
15.67
12.67
-1.67
0.33
12.0
10.0
8.0
6.67
-2.0
-1.33
-0.33
6.33
3.0
5.33
7.67
12.67
6.33
18.67
7.33
2.67
8.0
3.67
2.33
12.33
10.33
0.0
10.0
16.0
10.0
13.33
20.33
10.67
12.33
27.67
15.67
13.0
22.0
29.33
13.67
13.0
11.33
13.0
15.67
19.0
17.67
14.67
16.33
12.67
14.67
13.33
-1.0
9.67
10.67
16.0
6.67
11.67
8.33
7.33
5.33
7.33
14.33
20.0
9.67
10.67
19.33
17.0
16.0
17.33
23.33
7.67
10.0
14.33
14.67
18.67
13.67
6.0
11.33
19.33
8.67
5.67
12.33
9.0
6.67
11.33
5.0
8.0
2.33
6.33
5.67
-1.33
6.33
11.0
9.0
1.0
-0.33
1.33
1.67
5.67
9.0
12.0
-6.67
13.33
8.0
13.33
9.33
5.0
14.67
2.67
6.33
11.33
19.67
12.33
17.33
23.67
11.67
8.67
23.33
10.0
13.0
12.67
16.0
15.0
27.0
9.0
4.0
11.0
11.33
-0.33
1.67
9.0
17.67
-0.33
12.33
13.67
8.33
3.33
3.67
14.0
1.67
10.33
8.33
3.33
19.67
5.0
11.67
14.33
1.33
15.0
16.33
18.0
19.67
26.67
18.67
42.33
24.33
42.0
31.0
41.0
27.0
52.67
48.33
65.67
42.33
50.33
50.67
39.67
44.67
42.33
33.67
46.0
42.0
45.67
58.67
60.0
40.0
37.33
43.67
36.33
32.67
38.67
52.33
33.33
39.67
33.33
26.0
33.67
32.67
37.33
40.33
57.33
41.33
43.33
43.67
40.67
31.0
37.67
37.33
34.67
34.67
21.67
20.67
28.0
28.33
28.67
27.0
34.0
27.0
35.33
33.0
39.67
45.0
44.67
51.67
38.33
41.67
50.0
55.67
47.33
40.67
36.33
42.0
31.0
41.67
50.0
48.67
38.67
49.0
36.67
49.0
31.33
29.33
37.0
24.67
22.0
24.67
23.33
30.0
2.67
6.33
19.0
9.67
15.33
14.67
13.67
16.0
16.33
11.67
10.0
12.33
14.67
12.0
10.33
3.33
14.33
-5.67
2.67
8.67
5.0
12.33
9.33
9.67
-4.0
5.0
2.67
0.33
4.33
5.0
-5.67
1.0
10.0
11.0
9.33
-2.0
6.33
0.0
7.0
8.67
15.33
-0.67
-0.33
7.0
1.67
7.33
11.33
8.67
10.67
8.33
13.67
6.0
19.33
11.33
3.33
20.33
18.33
30.0
28.67
13.33
30.0
36.0
30.33
29.33
32.0
19.33
38.33
38.0
21.0
35.0
17.33
26.67
24.0
29.33
23.67
28.67
23.0
19.0
37.0
23.67
6.67
16.33
11.33
7.33
24.67
19.67
26.67
11.67
16.0
21.33
13.67
17.33
18.0
15.67
24.33
21.0
19.0
23.33
21.33
19.0
5.33
11.33
16.67
7.0
9.0
15.0
18.0
11.0
13.67
8.0
9.67
11.33
11.0
8.0
19.33
19.33
7.33
17.67
8.33
5.67
2.67
13.67
24.0
8.0
15.0
12.67
10.67
3.67
11.67
19.67
7.67
7.0
9.33
11.0
4.67
11.67
15.0
0.33
3.67
5.33
0.33
1.0
7.33
-0.67
6.67
7.0
6.0
15.67
16.33
8.67
9.33
7.0
14.67
21.33
2.33
-0.67
12.67
-3.67
8.67
17.67
28.67
6.67
6.67
-2.33
5.0
0.33
-1.67
9.67
11.33
1.33
12.33
7.0
2.0
-0.33
9.33
0.67
4.0
22.33
11.67
-1.33
25.67
10.33
28.67
12.67
13.67
4.0
11.0
-1.67
15.33
8.33
12.0
25.67
12.0
11.67
3.33
14.0
16.0
18.0
-4.33
2.33
-5.67
6.33
13.0
6.33
2.33
13.33
10.67
8.67
2.67
14.33
-5.67
11.0
17.67
8.67
9.33
7.0
17.33
11.0
9.33
10.33
8.33
-2.67
8.67
-1.0
12.0
14.0
11.0
0.33
0.33
-3.33
-7.0
0.67
-1.67
5.33
5.33
3.67
18.0
15.0
10.33
8.67
1.33
6.0
13.67
11.0
-1.0
5.67
10.0
2.67
9.0
0.33
8.67
0.67
4.0
6.0
12.0
4.67
1.0
7.67
9.33
14.0
13.33
3.67
-3.67
3.0
24.33
-3.33
8.33
3.33
4.0
2.0
7.0
11.33
17.0
-0.67
10.67
-13.67
8.67
9.33
6.67
-6.33
-12.0
5.67
9.33
21.33
19.67
15.0
-6.0
16.33
10.67
-9.33
-4.33
2.0
-0.67
15.67
5.33
14.33
7.33
4.67
4.67
8.0
10.0
18.0
7.33
9.67
13.0
12.33
20.0
7.33
21.0
14.67
13.0
7.67
16.67
15.67
0.0
16.0
3.67
2.33
8.33
7.33
17.33
18.67
4.67
11.67
14.67
9.33
14.0
-0.67
12.33
7.67
10.67
12.33
19.33
19.33
5.33
5.67
12.67
5.0
9.67
16.0
7.0
-0.67
14.67
6.67
3.0
1.0
-6.33
11.33
12.33
2.67
5.0
4.0
14.67
0.33
-5.33
8.33
2.33
8.67
-9.0
7.67
8.67
10.33
6.0
13.67
5.33
23.0
6.0
13.67
19.0
6.33
14.33
9.67
5.33
11.67
12.0
-0.33
5.0
0.33
15.0
5.33
6.67
11.0
8.67
5.33
17.67
-0.67
4.67
10.33
-1.0
1.67
0.67
7.0
-7.67
4.67
4.67
-2.67
1.0
9.67
6.67
6.0
5.67
8.67
1.0
-3.67
-1.33
-2.0
-6.0
2.67
14.67
8.33
-5.0
1.67
3.67
-2.33
2.33
4.33
-5.33
1.33
0.0
-2.0
-3.33
6.33
2.0
9.67
9.67
-1.33
-1.0
-6.0
-2.0
3.33
6.67
16.67
6.67
3.0
2.0
5.0
5.0
11.0
-3.67
6.0
-0.67
6.67
3.33
1.33
11.0
-3.0
-7.0
6.0
-0.67
-2.0
-2.0
-1.33
-4.33
-8.33
16.0
11.67
7.0
-1.0
3.0
1.0
-8.33
8.0
2.67
-6.67
0.33
-5.67
4.33
7.0
7.33
0.33
0.67
10.0
0.0
3.33
2.33
8.33
0.67
7.0
5.67
3.33
-3.0
2.33
10.67
11.33
2.33
-3.67
0.0
11.67
16.0
6.67
13.33
0.0
5.33
4.0
11.67
3.33
1.33
12.67
8.0
-3.33
3.0
-9.0
5.33
-5.33
5.33
3.33
-6.0
11.67
1.67
-1.0
13.0
-8.67
5.67
6.0
7.67
0.33
2.67
-2.0
4.33
8.67
-4.33
-7.0
-4.33
1.33
4.33
1.0
7.0
6.67
-6.67
2.67
2.0
2.0
-1.67
3.33
-2.33
7.67
1.33
2.33
10.67
6.0
3.33
4.0
1.67
3.67
0.67
-6.67
0.33
-4.33
5.0
5.0
-3.33
4.0
-0.33
8.67
10.67
7.33
0.33
-3.33
6.33
1.67
7.33
3.33
-0.33
-3.0
-4.0
-4.0
1.0
-2.33
4.67
1.67
-1.67
0.0
5.33
5.0
4.33
5.33
2.67
-4.0
3.33
3.33
-5.0
4.67
3.33
-4.33
3.33
-3.67
-5.33
0.67
0.33
8.33
8.67
3.67
0.0
6.67
-0.67
-1.67
0.33
1.33
7.67
-2.33
4.67
3.67
4.33
2.33
14.67
-6.0
-2.67
8.33
12.0
-2.0
-6.0
2.67
-2.0
4.0
4.67
1.0
8.33
1.33
3.67
-1.0
3.0
-0.67
9.67
-5.33
7.33
6.0
6.67
1.67
3.0
3.0
-1.0
1.0
5.67
-2.33
-0.67
0.67
9.0
-4.0
5.67
6.33
3.0
-1.33
-2.0
-2.0
2.33
7.0
7.33
-1.0
4.33
10.0
11.0
-1.67
-3.67
6.33
-1.0
0.33
-2.33
1.33
0.0
5.33
5.33
5.67
1.33
-2.67
4.0
2.33
9.0
0.67
-1.67
3.67
5.0
2.0
4.33
-1.0
2.0
-1.67
3.67
0.33
-2.33
0.33
2.0
2.67
4.33
8.67
-0.67
3.0
1.33
6.0
2.33
6.67
8.33
7.0
7.67
0.33
-1.0
0.67
0.33
5.0
3.67
1.33
1.67
2.0
1.33
2.0
1.67
-5.33
2.67
5.33
2.67
4.0
4.67
8.67
2.67
10.0
0.0
-1.33
2.33
0.0
-1.0
-1.33
4.67
-3.0
2.33
3.33
2.0
1.67
0.0
-2.0
-3.33
5.0
6.33
0.0
3.67
4.67
4.33
2.67
1.33
-4.33
-1.67
0.33
3.67
5.33
3.67
7.0
4.33
0.0
1.0
5.0
4.0
-1.33
-1.33
1.33
12.0
0.0
6.0
2.33
2.0
-0.67
0.33
-4.33
5.33
2.67
3.0
1.0
0.67
0.0
2.67
-0.33
-1.33
-4.33
-5.0
4.0
5.0
2.0
0.67
-2.67
-4.0
1.67
1.0
-2.0
0.67
0.33
3.0
3.0
