0.0
20.33
-3.33
-15.33
-82.33
-34.0
15.67
-70.33
14.0
-65.33
27.0
-31.0
-115.0
-17.67
-120.67
-15.33
-51.33
-4.33
-2.0
-32.33
-11.67
10.0
12.0
6.33
1.0
10.67
2.33
4.0
-10.0
-15.33
-4.0
-5.0
5.67
4.33
0.33
0.67
-1.0
1.0
-0.33
1.67
0.67
0.0
0.67
-0.67
-0.33
0.33
-1.33
0.0
-0.33
-0.67
0.0
-1.0
0.0
-0.67
0.0
1.0
-0.33
0.0
-0.33
0.0
-0.67
0.0
-0.67
0.33
-1.0
1.0
1.0
-0.33
0.0
-0.67
-1.67
0.33
-0.67
-0.33
0.0
-0.33
1.0
-0.33
0.0
-0.33
-1.67
0.0
-0.33
0.67
0.67
0.0
1.0
0.0
-0.67
-1.0
0.67
1.33
0.0
-1.33
0.0
1.0
0.67
-0.33
0.0
0.33
0.33
-0.67
-1.67
1.33
1.67
-1.67
0.33
-2.33
-1.0
2.67
4.0
-1.0
-1.33
-0.33
2.33
-0.67
0.0
1.33
-0.67
3.0
-0.67
-0.33
-0.33
2.67
1.0
1.33
0.0
3.0
-0.33
-1.0
0.67
1.33
1.0
-2.67
0.33
-1.67
4.0
0.0
3.33
-2.0
4.67
-0.33
0.67
-2.33
2.33
2.33
2.0
7.0
3.33
1.33
0.67
5.67
1.33
2.0
7.33
1.0
-3.67
-3.33
2.0
6.33
11.0
4.67
-1.33
4.33
-1.0
8.33
2.0
-0.67
4.33
-1.0
-3.33
7.0
5.33
1.67
4.0
6.33
0.0
3.67
0.0
-2.0
0.0
2.67
-1.0
-4.0
5.0
1.67
7.67
-1.33
1.67
-4.33
2.33
7.0
3.67
3.0
4.0
0.33
1.0
0.0
3.67
9.33
3.0
0.33
3.33
0.33
4.67
1.0
2.67
-0.33
1.0
-2.33
0.33
2.67
3.33
4.0
3.33
2.33
0.67
3.67
6.33
2.0
-4.0
2.0
5.33
5.0
9.0
-3.67
-1.67
0.67
10.33
2.33
2.33
9.67
6.67
9.0
8.67
1.0
1.33
-3.33
2.0
3.67
5.33
4.67
6.67
2.33
2.33
7.33
0.0
-2.0
2.0
-2.67
10.67
5.33
2.33
0.0
5.33
6.67
14.0
4.0
8.67
2.67
3.33
4.0
0.67
-0.67
0.67
1.33
2.67
2.33
7.0
5.0
0.33
-4.0
2.33
7.33
-3.0
-2.33
9.0
1.67
-0.67
-4.67
4.67
5.0
-1.0
-1.33
4.33
1.0
2.0
7.33
-1.33
-1.67
3.33
6.0
2.0
3.33
-4.0
5.0
-0.67
-3.0
4.67
5.0
-5.67
4.33
6.33
2.67
-1.33
4.33
9.0
0.33
5.0
-1.0
6.0
2.0
3.33
2.67
0.67
-6.67
4.67
3.67
6.33
-1.67
3.67
7.33
4.0
8.33
1.67
8.67
0.67
2.0
1.33
-3.0
3.0
1.0
4.67
6.33
8.33
7.0
6.33
-3.0
4.0
5.33
-2.33
-2.67
1.67
2.67
-6.0
3.0
6.33
9.33
-3.33
8.33
11.67
-2.0
0.33
6.0
1.0
0.33
5.33
5.33
1.67
6.33
5.0
2.67
-3.33
-1.0
2.33
3.0
-2.67
1.33
2.0
2.0
4.0
0.0
2.0
5.67
2.0
1.67
4.67
4.33
2.67
3.0
6.33
0.67
-0.33
3.33
3.33
1.67
-2.33
-4.0
-6.33
7.67
5.67
3.67
3.33
0.0
0.33
4.0
3.0
-2.33
2.0
9.0
-1.67
0.67
6.67
4.67
0.33
2.67
-3.33
-1.33
-0.67
3.0
-2.0
-0.33
-1.0
2.0
-3.33
4.67
11.67
2.0
2.67
1.0
-1.0
-5.33
-3.33
-0.67
4.0
-3.33
6.33
0.67
9.67
0.67
4.0
-3.33
-4.67
6.0
-4.0
5.0
2.0
-0.67
2.67
-3.67
-1.33
0.0
4.67
2.33
-0.67
0.33
1.0
0.33
-5.0
-3.0
-1.0
-0.33
-0.33
0.0
4.0
-1.33
2.67
-2.0
3.67
4.67
1.67
-1.67
3.67
-1.33
7.0
-2.0
0.67
-1.0
-0.33
0.0
-1.0
2.67
4.67
3.33
2.67
-0.33
-0.33
-3.67
3.33
1.67
8.33
8.33
2.0
-2.0
2.0
0.67
-1.0
0.33
-3.33
0.33
1.0
3.0
-0.67
-1.33
-1.67
5.0
-3.67
-3.67
2.33
-2.0
3.67
-1.67
4.67
-6.33
-1.67
2.67
6.67
-2.33
-1.0
-3.67
-1.67
-1.0
-1.33
-3.0
3.0
-1.67
5.67
5.0
0.67
-0.67
3.0
2.0
1.0
-0.33
-1.33
3.33
-2.33
4.0
-0.67
3.67
7.0
1.67
2.0
-3.33
2.33
1.33
2.33
-2.0
-1.67
-0.67
0.0
4.67
0.67
0.33
1.0
-3.67
-1.0
1.33
0.67
-1.0
-0.67
1.0
1.0
-2.0
5.33
1.0
5.33
1.0
0.0
0.0
0.67
-0.33
5.33
0.67
-0.67
0.0
1.0
6.33
4.0
0.0
-0.67
-1.67
0.67
2.0
1.33
3.33
-3.33
0.0
-2.67
0.67
4.0
-3.33
-1.33
-2.33
5.0
1.0
4.0
1.0
-2.33
-1.67
-0.33
0.67
1.67
-1.33
3.0
2.0
-4.0
-1.0
1.0
-0.67
-0.33
6.0
2.67
2.0
1.67
1.0
-3.33
-1.33
-1.33
0.33
-0.33
3.67
-4.0
2.67
0.33
0.0
-1.33
7.33
-0.67
4.0
1.67
3.0
-0.33
-1.0
-3.33
-0.67
0.67
-2.33
0.0
-2.0
2.67
0.33
-1.0
2.33
-1.67
-2.0
0.67
-2.0
-3.67
-1.33
4.0
0.0
4.33
-0.33
-4.0
-3.33
1.33
1.33
3.67
-4.0
-2.33
-2.33
-0.33
6.0
-2.67
-5.0
-1.33
-1.67
1.0
-3.0
-6.67
-0.67
5.33
-3.33
-3.0
-2.33
0.67
-4.0
-0.67
-3.0
-8.67
-0.33
1.33
-1.33
-3.33
-0.33
-4.0
2.0
2.67
-4.67
10.33
-6.0
-3.67
-4.0
-5.33
-1.0
-5.33
-2.33
-1.0
-1.0
3.0
-5.33
-2.0
2.0
3.67
-6.33
-1.0
-7.67
-0.33
-1.0
9.33
-3.67
2.33
-2.33
-2.0
-1.33
-2.67
-5.67
-5.67
-4.0
-0.33
-3.0
0.67
-4.0
-0.33
-0.33
-6.67
-5.0
-8.67
-0.33
-3.67
-5.33
-1.0
-4.33
0.33
-3.33
-9.67
-3.33
-2.33
-6.0
-2.0
-9.0
-1.67
0.0
-2.67
-1.67
-2.0
-1.67
-1.0
-0.33
-4.33
-7.0
-7.33
-2.33
-2.33
-0.33
-4.67
1.0
-2.0
-1.33
-1.67
-3.0
-8.0
-4.33
-8.0
0.0
-5.0
-6.0
-1.67
-8.0
0.67
-4.67
-2.33
2.67
5.0
-1.67
-4.0
-3.67
6.0
-2.67
-7.0
-3.67
-1.33
-8.33
-4.33
7.0
4.0
-1.67
-8.67
-6.67
-4.67
-8.33
-1.67
-1.67
0.67
-5.67
0.0
3.0
-9.0
-4.0
-1.67
0.33
-2.33
7.0
-4.67
2.0
-8.0
-6.67
-7.67
-8.33
-8.0
-1.0
-4.67
-4.33
-2.67
-6.33
0.67
-2.33
-5.33
-9.33
-1.0
-2.67
-4.33
1.33
4.33
-8.67
-2.33
-2.33
-0.67
-10.33
-8.33
-1.33
6.33
-11.0
-6.0
-8.33
-2.33
-4.67
-3.0
6.67
-9.0
-0.67
-4.0
-8.0
-3.33
1.0
8.0
-1.0
-3.0
-2.67
3.0
-5.33
-2.67
-4.33
-6.33
8.0
3.0
2.33
3.67
-1.33
5.67
-0.33
-5.67
6.0
-1.67
-1.0
3.33
-8.33
-2.0
-0.33
-7.67
-8.67
2.0
1.67
0.33
3.0
3.67
1.33
-1.0
-4.0
4.67
-1.33
-3.67
-4.33
-0.67
-5.0
-3.67
-18.33
1.67
2.67
-1.67
-5.67
5.0
1.67
-1.67
2.0
6.0
-3.67
-1.67
0.33
0.0
7.33
-3.0
1.0
2.0
-7.67
0.0
5.33
3.33
0.0
1.0
1.33
-4.0
1.33
-10.33
1.67
-2.0
3.67
-1.33
-5.33
2.0
4.33
-4.67
-3.33
-6.0
-5.0
10.0
-4.33
1.33
-0.33
1.67
-0.33
-7.0
-1.0
2.0
9.0
3.67
14.0
5.67
14.0
14.33
7.33
23.67
15.33
22.33
17.33
16.67
20.33
10.33
26.67
19.0
21.67
15.0
21.0
15.0
18.0
11.0
18.67
8.67
-1.67
-0.33
0.67
-2.33
3.0
3.67
-9.33
3.33
7.0
-1.33
1.67
-2.0
-1.67
6.33
-0.33
-1.33
1.67
1.0
1.33
-5.67
-3.33
-0.67
0.33
3.67
10.67
7.33
9.0
1.33
10.0
6.0
10.67
22.67
4.0
10.33
3.33
10.67
12.67
21.67
20.67
28.33
12.33
21.33
13.67
4.67
14.0
10.0
15.0
5.0
9.33
10.67
3.67
11.67
0.67
5.33
4.67
3.33
6.67
-7.67
-0.33
3.33
-2.67
2.33
1.33
3.67
6.0
-2.0
2.0
7.0
0.33
-3.67
-0.67
2.0
1.67
5.33
-5.33
-4.33
-3.67
-1.33
9.67
2.67
4.33
4.33
5.0
3.0
8.0
16.67
8.0
-9.33
9.67
9.33
9.0
9.33
7.67
16.67
15.33
12.67
10.33
6.67
2.0
-2.33
-2.67
9.33
2.33
15.0
19.0
20.0
6.0
14.33
20.33
15.67
25.33
17.67
31.67
23.0
11.0
24.33
17.67
25.0
38.33
22.0
17.67
28.0
9.67
12.67
18.33
6.67
13.67
11.33
20.0
7.67
1.67
11.0
6.67
6.67
14.33
13.33
9.33
12.33
24.33
14.0
10.67
11.67
21.33
17.0
21.0
9.33
17.33
25.67
19.0
14.33
8.67
22.67
10.67
4.0
10.33
17.33
1.67
7.67
11.33
3.0
-0.33
11.33
6.0
2.0
4.33
4.33
1.67
7.67
12.33
9.0
6.0
2.0
19.67
2.33
1.67
11.67
2.0
13.0
4.33
7.33
7.0
13.33
3.33
14.0
22.67
16.67
18.33
28.33
15.67
15.33
24.33
21.67
23.67
13.67
19.33
19.0
15.0
28.67
34.0
16.0
37.0
31.0
44.0
31.0
49.33
60.67
34.67
36.0
64.67
49.67
32.33
38.67
27.33
32.33
8.67
19.0
13.67
18.33
11.33
0.33
15.67
3.0
1.67
4.33
5.33
19.0
19.33
16.0
22.67
7.67
18.67
19.33
9.33
32.0
41.0
43.0
45.0
48.67
56.33
92.67
71.33
79.33
84.67
101.67
109.67
106.33
98.67
94.0
84.0
81.67
70.67
74.0
74.0
59.33
57.67
46.33
21.67
27.67
29.33
22.33
18.67
23.33
19.0
28.67
22.67
18.33
13.33
16.33
10.33
21.33
17.67
4.67
8.0
15.67
8.33
20.67
19.67
9.67
21.67
14.0
22.33
11.67
26.0
25.0
27.0
25.33
27.0
30.67
24.0
33.67
25.67
30.33
30.67
29.0
43.67
45.33
35.67
32.33
54.0
52.0
32.67
37.0
47.67
41.67
36.0
33.67
25.0
41.33
34.33
44.0
21.67
33.0
19.67
35.33
28.0
16.67
24.33
19.0
12.67
10.33
14.67
8.67
21.0
14.33
7.67
6.0
2.33
1.67
10.0
11.33
14.33
9.33
10.33
12.67
7.67
11.0
13.33
2.33
8.67
3.0
10.0
6.67
9.33
1.33
4.0
0.33
11.0
8.0
-4.0
11.33
3.0
2.33
13.0
-3.0
8.67
8.33
6.33
10.67
12.0
10.67
15.33
13.33
11.67
22.67
-4.67
14.67
16.0
18.33
16.33
14.33
24.33
24.33
9.0
28.67
31.33
18.0
11.0
24.33
35.33
20.0
23.33
28.33
27.0
15.0
27.0
22.33
36.67
7.0
29.33
18.67
17.67
23.0
28.0
26.0
26.67
19.67
14.33
26.33
13.33
19.67
7.67
12.67
14.67
1.0
13.33
15.67
8.33
12.0
7.67
17.33
20.0
10.0
18.33
17.33
2.0
7.33
15.33
21.67
11.0
12.0
15.0
22.0
21.0
7.67
12.0
23.67
13.33
4.0
-2.0
20.33
20.33
6.33
5.67
4.33
2.67
13.67
1.67
14.0
15.0
13.0
17.67
2.67
-3.33
24.67
5.67
3.67
1.0
1.33
8.0
-3.33
7.67
4.0
0.33
1.67
3.33
12.33
6.0
4.33
5.33
13.67
6.0
9.0
6.67
3.33
4.67
6.33
-7.0
9.67
24.33
9.33
2.33
10.67
6.33
7.67
10.67
5.67
18.67
20.67
10.67
15.0
8.33
-3.67
10.67
0.33
3.33
17.33
10.0
9.0
17.67
8.33
0.67
8.0
26.33
17.67
17.67
23.67
15.33
10.67
27.67
29.67
9.0
19.0
20.33
16.33
20.33
18.0
16.67
18.0
20.67
13.33
4.0
15.0
12.0
11.67
6.33
10.33
16.33
15.0
18.33
2.33
17.33
9.67
5.67
1.67
5.33
6.33
9.0
10.67
9.67
-5.67
-3.0
7.33
4.0
8.33
-1.67
7.33
1.33
5.67
8.0
10.0
2.0
-5.0
5.33
21.33
-14.33
5.0
-10.33
19.33
-0.67
11.33
6.67
12.0
5.0
7.33
8.67
9.33
3.0
4.67
-4.0
4.0
10.67
2.0
11.67
2.0
4.33
15.67
17.67
13.0
4.0
2.0
4.67
6.0
8.67
3.33
3.0
10.33
6.67
6.33
0.0
11.33
2.67
-4.67
12.33
14.0
2.0
4.0
-0.67
9.0
6.33
10.67
-0.67
7.67
4.33
2.67
20.67
-3.0
8.67
10.33
7.33
11.67
7.0
-1.0
13.33
18.67
13.67
13.67
7.0
-3.67
9.67
21.33
13.33
8.33
5.67
7.67
3.0
7.0
11.0
8.33
14.67
10.0
9.33
23.0
10.33
17.0
3.67
15.0
16.67
14.67
5.67
-4.0
11.0
11.67
2.33
5.33
13.33
1.33
6.67
4.67
15.67
12.67
5.33
13.0
4.33
0.33
11.67
2.67
22.33
10.33
10.33
12.33
5.67
4.67
11.0
4.67
5.0
6.0
-0.67
11.67
3.67
0.0
12.0
4.67
5.33
18.33
-3.33
13.0
4.0
5.67
12.33
5.67
4.33
3.33
1.67
6.0
1.67
-0.33
12.33
11.0
8.67
3.33
8.0
4.0
-8.33
6.0
-4.67
6.33
3.67
9.33
0.67
6.0
2.67
2.0
4.33
10.0
10.33
6.67
4.0
-0.33
-1.67
7.67
1.33
12.67
-6.67
6.0
-2.33
12.67
5.0
-8.67
4.67
-0.33
4.33
-2.0
2.67
7.67
-3.0
10.67
-0.33
4.0
5.33
2.67
3.0
0.0
4.67
10.67
3.33
-2.0
6.67
3.67
-7.33
2.33
-2.67
5.67
5.33
0.0
3.0
2.67
13.33
4.0
-2.33
10.67
-0.33
0.0
-1.0
5.0
3.33
4.67
2.67
3.67
3.0
1.0
10.0
5.0
-6.0
2.33
4.0
1.33
0.67
13.33
10.33
-1.0
2.0
2.0
2.0
4.33
-9.0
-2.0
1.67
-1.33
-0.33
3.0
2.67
8.0
6.0
1.0
0.0
11.67
4.0
4.67
-2.67
8.33
-0.67
1.33
6.0
11.33
0.33
8.67
6.0
11.0
5.33
-2.67
0.33
4.67
6.0
11.67
9.33
2.0
1.33
3.67
13.33
3.33
2.33
11.0
-1.33
7.0
2.67
7.33
-2.0
1.33
-3.0
0.67
9.33
9.33
3.67
3.0
9.67
3.0
-10.0
0.33
1.67
5.33
0.33
-4.0
-0.33
-1.33
2.0
2.0
3.33
6.67
1.0
-0.33
4.33
-1.33
4.0
-3.67
1.67
5.67
-4.0
-7.33
-2.67
10.33
5.0
2.0
-0.33
-1.67
10.67
2.0
-5.0
-3.67
2.33
16.67
-4.33
2.33
4.33
-2.33
7.0
-1.67
7.0
-2.33
-2.33
-1.33
4.33
1.33
-0.33
-1.0
12.0
-1.33
5.0
2.67
5.67
0.67
2.33
-0.67
-0.33
2.33
7.67
-4.67
4.33
1.67
8.0
3.0
-2.0
-3.0
-2.33
-3.33
2.67
-3.67
-2.0
-1.67
-1.0
6.33
0.33
-0.33
1.0
5.33
-2.67
-3.0
3.67
-2.67
-5.33
-4.67
-5.67
2.67
2.67
2.33
5.33
14.67
1.67
3.0
4.67
1.33
1.33
3.33
3.33
4.67
5.67
1.67
-3.33
3.33
2.33
7.67
3.0
-10.67
2.33
3.0
1.0
-3.0
3.67
3.0
0.0
1.67
-2.0
14.33
7.33
7.67
6.0
-1.0
6.33
5.67
5.67
12.33
11.0
2.67
-0.33
9.0
10.0
1.0
-3.0
0.67
-5.33
-1.67
1.67
-3.0
-7.0
3.67
-6.67
1.0
-3.33
2.0
-2.0
7.33
7.0
1.33
4.0
3.33
6.0
4.0
2.33
2.33
7.33
1.0
-0.67
-0.33
-2.67
2.0
-3.67
1.33
-1.33
-3.67
-2.67
-3.0
4.33
3.0
-1.33
-7.67
-2.33
-1.0
0.0
-1.67
1.0
13.0
-4.67
4.67
9.33
2.67
2.33
-4.0
2.67
1.33
2.67
-4.67
0.0
-2.67
0.0
0.33
0.67
-2.67
1.0
2.67
-2.67
-6.0
7.67
10.33
4.0
1.67
-2.67
-0.33
0.0
5.33
7.0
1.67
-2.33
1.67
9.33
1.67
5.0
-2.33
0.67
2.67
3.0
2.0
8.67
8.33
2.0
3.0
5.67
6.67
1.0
3.33
0.33
2.0
1.67
4.0
-1.0
0.67
0.0
-3.67
5.0
9.67
1.67
-3.67
2.67
-0.67
1.67
2.33
2.33
6.67
5.33
-1.33
5.0
0.33
6.0
-2.0
2.0
3.0
-4.33
1.67
-4.67
4.0
-2.0
-2.0
0.33
1.0
7.33
-0.67
2.67
-1.67
3.67
1.0
1.0
-1.33
3.0
1.67
0.67
4.67
-1.33
-2.0
1.0
1.0
-1.0
1.67
0.33
3.0
-3.33
2.0
1.0
6.67
2.33
5.0
-1.0
