0.0
-38.67
-46.33
109.67
-46.33
16.0
-39.33
-18.33
23.0
57.67
-59.0
-35.0
-28.0
-2.67
-18.67
-65.33
-29.33
-11.33
-45.0
19.67
-7.67
17.0
-18.0
4.33
-9.0
-0.33
5.33
-1.0
14.0
-1.33
1.0
7.0
-1.33
-5.67
-0.67
-1.33
0.0
1.0
0.67
0.67
-0.33
0.0
-0.33
-0.67
-0.33
0.33
-0.33
0.0
0.67
-0.67
0.0
0.0
0.0
0.33
0.0
0.0
-0.33
0.0
-0.33
1.0
-0.67
0.0
-0.67
-0.67
0.0
2.0
0.0
-0.33
2.0
0.33
-1.67
-0.67
-0.67
-0.33
0.0
-0.33
1.0
-0.33
0.0
-0.33
-1.67
1.0
-0.33
-0.33
-0.33
3.0
0.0
1.0
0.33
-1.0
-0.33
0.33
-1.0
-0.33
-1.0
0.0
-0.33
-0.33
2.0
-0.67
0.33
0.33
-0.67
1.33
2.67
-0.67
-0.67
-0.33
3.0
-3.33
0.0
-1.0
1.67
0.67
-2.67
-3.67
-3.0
1.33
2.33
3.0
0.33
3.67
-4.33
-1.33
2.0
0.33
2.0
-2.0
-2.33
3.0
1.67
1.33
2.0
0.33
2.33
-2.67
3.0
2.0
1.33
4.0
0.67
-7.33
-3.33
-8.33
1.33
-3.67
-3.0
1.0
2.33
6.33
-0.33
9.67
-3.67
5.0
5.33
6.0
0.33
2.67
1.0
3.33
1.0
-1.33
3.67
5.33
2.0
6.33
3.0
-0.67
3.33
1.0
4.67
9.0
15.33
-6.33
2.0
1.33
6.0
7.67
-6.0
-2.0
2.0
-0.33
5.0
-1.0
5.0
-4.33
3.67
5.67
6.67
-2.33
-1.67
4.0
-3.33
9.0
5.0
4.33
7.0
0.0
3.67
3.33
8.0
5.33
3.33
0.33
3.67
1.0
2.67
3.67
0.0
0.67
-1.67
3.67
0.33
-1.0
-0.67
6.33
0.67
3.67
-0.67
8.0
2.0
4.0
4.33
0.0
5.0
4.33
-1.67
0.67
0.33
4.33
4.33
-0.33
3.67
5.0
0.67
4.0
-2.67
6.67
0.0
6.67
7.33
7.67
5.67
1.33
8.33
3.33
8.0
2.0
2.0
5.33
-1.33
5.33
4.33
3.0
-1.67
3.67
2.0
-1.0
7.67
-1.33
1.33
-5.0
8.67
1.33
3.67
4.33
0.67
3.33
-6.0
4.0
3.33
4.0
7.33
-1.67
-2.0
5.67
2.0
3.67
0.33
-1.67
2.67
6.0
-1.0
-3.33
4.33
0.0
1.0
3.33
-1.33
-0.67
1.33
2.0
0.0
4.33
-4.0
6.0
1.33
0.0
3.67
3.0
3.33
-4.67
3.33
2.67
-5.33
9.33
2.0
2.33
0.0
1.0
4.0
1.0
5.33
5.67
-1.33
-6.67
-1.33
7.67
12.33
2.33
-1.33
8.33
-6.0
0.33
-4.33
5.67
5.67
0.0
4.33
0.0
4.0
0.0
-1.33
-3.67
6.33
6.0
9.33
1.0
-1.0
6.33
-3.33
3.33
-2.33
0.67
-2.0
-5.0
-2.67
0.33
1.67
5.33
2.67
2.0
1.33
6.0
4.0
-0.67
5.33
-1.67
1.67
-0.67
-1.0
2.67
-3.33
-5.0
-2.67
8.0
4.33
9.33
-5.0
2.0
-2.0
-3.0
8.0
-1.33
0.0
2.67
-4.33
-2.67
0.67
3.0
4.33
2.67
-1.33
10.33
2.33
-2.33
5.67
-1.0
2.67
4.67
5.67
8.67
2.33
0.0
5.33
-1.0
8.0
1.67
3.0
0.0
4.33
2.67
3.67
-1.33
5.33
3.67
6.67
0.67
0.33
3.0
0.0
2.67
0.0
9.0
-0.33
1.67
-2.33
-2.0
6.67
3.0
7.0
-5.33
-5.33
-2.67
-5.0
-3.33
6.33
2.67
-0.33
1.67
8.0
-5.33
1.33
3.0
0.0
5.0
2.0
4.33
2.67
-4.67
3.67
0.0
1.67
3.33
11.33
5.33
-3.0
-4.67
-5.0
3.0
3.0
1.67
-1.33
5.0
4.0
-1.33
6.67
3.0
-1.33
5.67
4.67
-2.67
-1.33
6.67
4.0
0.0
-1.33
3.0
4.67
-5.0
0.0
4.67
-3.33
7.33
1.67
1.67
1.67
-1.67
0.33
-3.33
3.33
4.33
-2.0
4.0
-2.0
-2.33
7.0
-0.67
1.67
0.33
-2.0
-3.0
-1.67
-1.33
0.33
6.0
-0.67
3.33
1.33
-4.0
5.67
4.33
5.67
-1.33
-2.67
-1.33
-1.33
0.67
-1.0
2.33
0.33
2.0
-1.33
0.0
3.0
-1.67
0.67
1.0
0.67
2.33
1.0
-2.0
-1.0
-0.33
-5.33
-0.67
0.67
8.0
-0.67
4.67
2.0
0.67
-1.0
-1.33
1.33
0.33
-0.67
1.0
-0.67
3.33
2.0
0.67
-1.33
-2.67
-4.0
-3.67
0.0
-3.67
4.67
-1.0
1.33
-1.0
0.0
1.0
3.33
-1.0
-0.67
-3.0
-2.0
3.0
-1.33
-0.33
-1.67
0.67
3.33
2.0
1.0
0.33
-4.0
5.0
-2.67
-0.67
0.67
4.0
1.33
-3.67
-6.33
0.0
3.33
1.67
-3.0
-2.33
-4.33
-0.33
-2.0
2.0
8.0
-3.0
-2.33
0.33
-3.33
1.67
-0.33
2.67
2.0
2.0
-2.0
2.0
-1.0
1.33
0.67
-1.0
4.67
3.0
-1.33
5.0
-5.33
1.67
0.67
3.33
1.67
3.67
0.0
0.67
3.33
6.0
-2.33
3.33
0.33
2.0
1.67
2.0
-2.33
6.0
4.67
-1.67
4.67
-1.33
2.0
-1.0
0.67
-5.67
-2.0
-1.67
-4.67
-2.0
1.67
-1.0
-3.67
1.67
2.0
0.0
-0.67
-1.33
-4.0
-0.33
-1.67
4.33
-2.33
0.0
-0.33
-4.33
-1.33
2.0
4.33
-2.0
-4.33
-5.67
-2.0
0.0
0.33
-0.67
-1.67
-3.33
2.0
-2.33
0.67
-4.0
-1.67
-4.0
-0.67
-0.33
-0.67
2.67
-4.33
1.67
2.0
-3.0
-1.33
-3.67
0.33
-2.0
-1.67
-3.0
1.67
0.0
-4.33
6.67
-4.0
-3.0
3.0
-2.33
1.0
-2.0
-1.33
-0.33
-5.0
-2.67
-4.33
3.0
0.33
-4.67
-4.67
-5.33
1.0
-2.33
-3.67
-5.67
-2.67
-4.0
-5.33
-1.0
6.67
-3.0
-3.33
-1.33
-5.67
-2.0
-5.67
-5.33
-1.67
-0.33
-7.0
-5.33
-3.67
3.67
-7.67
-4.33
-0.33
-4.0
-2.0
-12.0
-2.67
0.0
-0.67
-1.67
-7.0
-6.67
-2.0
-1.33
-8.33
-7.0
-6.33
-2.33
-7.33
-1.33
-7.67
-3.0
-4.0
-6.33
-0.67
-4.0
5.0
-5.33
-5.0
-5.0
-3.0
-6.0
-5.67
-7.0
-2.33
-1.67
-1.33
1.67
-4.0
-10.67
-7.0
-2.67
-2.0
-2.67
-4.0
5.33
-1.33
-4.33
-0.33
-3.0
2.0
1.33
-3.67
-6.67
-6.67
-8.33
-10.67
-0.67
-0.33
-7.67
-2.0
-1.0
-9.0
-7.0
-5.67
-9.67
0.67
-2.0
-2.67
1.0
-6.0
-2.67
-12.67
5.67
-5.0
5.0
-6.67
-3.33
-4.67
-4.33
-0.33
6.67
-5.33
-0.33
4.0
-4.67
-2.33
-5.67
1.33
2.33
-6.33
3.67
-8.67
-6.33
-4.33
-2.33
-2.67
0.0
-2.0
-1.33
-3.33
-7.67
-3.0
1.67
-8.0
-4.67
-6.0
-8.0
0.67
-4.0
8.0
-1.0
-3.0
-6.67
0.0
-9.33
-5.67
-1.33
-5.33
2.0
-1.0
-0.67
-0.33
0.67
-2.33
-9.33
-5.67
0.0
-3.67
-8.0
0.33
-6.33
-9.0
0.67
-1.67
-1.67
5.0
-6.33
3.33
-2.0
0.67
1.33
5.0
-5.0
-2.33
-6.33
-0.67
-10.33
-6.67
2.0
0.33
-11.33
-0.33
-5.33
-0.67
10.33
-6.0
-9.33
-5.67
1.0
2.0
0.33
-2.67
4.33
3.0
0.33
-1.0
7.0
5.0
3.33
-2.0
1.33
2.33
-2.0
-8.0
-3.67
5.0
8.33
-6.33
-4.33
1.0
-0.33
-1.33
1.67
7.0
-4.67
-5.67
3.67
3.0
-9.0
7.0
-0.33
0.33
12.67
-0.33
2.67
-6.0
-2.0
8.0
-2.0
-4.33
8.0
18.67
10.0
-2.67
7.33
17.67
14.33
13.33
17.33
17.67
13.33
14.33
17.67
18.0
15.67
13.0
10.0
24.0
9.0
12.0
11.67
3.67
10.33
7.67
6.67
9.67
9.0
6.67
-4.33
5.33
4.0
-3.33
-0.33
-4.0
-3.67
-1.67
-2.33
-1.33
-2.33
-10.0
13.33
4.33
-1.33
-5.67
0.33
1.67
-1.33
-1.67
0.0
5.33
7.0
20.0
6.67
9.67
10.0
12.33
20.33
22.67
15.67
26.67
15.67
27.33
21.33
25.33
18.67
16.67
23.0
9.0
11.0
17.0
15.33
8.67
20.67
-0.33
-1.33
7.33
1.67
2.33
5.67
6.33
-1.33
4.33
1.33
2.33
-7.67
3.67
-2.0
7.0
5.0
0.0
-3.67
-0.67
7.33
-2.0
4.67
2.33
-2.33
-5.33
1.33
-7.33
5.67
11.67
0.33
13.33
9.0
11.0
6.0
10.67
5.0
0.67
3.67
11.33
10.0
6.33
8.67
8.67
5.33
2.67
2.33
4.67
20.0
8.67
-5.67
13.33
9.33
11.0
13.0
12.0
19.0
12.33
11.33
24.67
29.33
36.67
22.67
15.0
26.0
30.33
21.67
29.0
14.33
25.0
15.67
28.0
24.67
9.67
28.33
17.67
6.67
19.33
22.0
19.67
16.67
12.0
11.67
20.67
9.33
12.33
24.33
21.33
11.33
30.0
8.67
12.67
16.33
12.0
15.0
7.33
11.33
13.67
19.0
26.33
11.67
13.67
12.67
6.0
14.33
15.33
12.67
4.67
13.33
6.0
19.67
9.33
4.0
23.0
9.33
10.33
6.67
1.67
11.33
2.0
1.0
-7.0
7.67
7.33
8.67
9.67
10.0
14.0
6.33
12.33
3.0
21.33
16.33
14.0
15.67
7.67
12.33
12.33
30.67
22.33
16.33
22.67
21.67
12.67
29.33
26.0
29.0
32.67
42.0
31.0
40.0
43.0
51.0
26.0
65.33
56.67
61.67
53.0
49.67
33.67
38.33
52.67
41.33
31.33
10.67
10.0
19.67
17.33
10.33
11.33
9.67
14.0
13.67
17.33
6.33
9.0
16.33
18.0
26.67
7.67
12.67
22.33
17.33
16.0
17.0
17.0
35.0
22.67
33.33
44.67
35.33
48.33
33.67
43.67
56.67
39.33
35.67
46.0
46.0
39.67
28.67
30.0
33.0
19.33
28.67
38.33
15.67
20.67
11.33
22.33
16.67
9.33
18.0
12.67
15.67
13.33
6.33
29.33
38.33
30.33
8.67
27.67
17.0
27.67
33.33
33.67
22.67
30.67
24.67
23.0
23.33
24.67
25.0
38.0
20.0
41.33
15.0
35.67
31.0
32.67
30.67
48.33
28.67
30.0
33.67
34.33
39.67
30.33
36.0
44.0
37.67
37.0
36.67
37.67
31.0
26.67
38.0
23.33
30.33
38.0
19.67
27.0
19.67
23.33
25.0
24.67
9.33
20.0
24.67
17.33
7.67
6.67
19.0
12.33
14.67
3.0
6.33
6.67
5.0
3.33
2.33
12.33
13.33
5.67
1.67
1.0
6.33
8.33
11.67
2.0
1.0
6.67
-1.67
6.33
6.0
1.33
7.0
8.0
1.0
8.33
2.0
6.33
6.0
2.0
14.67
20.33
11.33
23.67
12.0
14.67
12.33
6.33
8.67
9.67
19.33
6.67
16.0
5.33
21.33
30.33
13.33
35.33
14.0
19.67
31.33
11.0
22.0
20.33
37.33
26.0
22.33
19.33
21.0
15.0
24.0
18.33
18.67
18.0
17.33
18.67
29.67
17.0
14.0
17.0
24.67
14.67
12.33
5.33
15.33
13.67
14.67
13.67
22.67
9.0
20.33
14.67
11.33
10.0
20.67
11.33
12.0
4.0
13.33
12.33
7.0
22.33
28.33
11.67
7.0
4.0
21.0
18.0
14.0
14.67
17.0
9.67
14.33
-2.0
9.0
5.33
15.33
9.33
7.67
5.33
9.67
9.67
11.67
13.0
3.0
14.0
13.67
7.67
5.67
15.67
10.67
9.67
1.0
3.33
3.0
-3.33
4.67
9.0
3.33
4.67
10.33
23.33
-1.0
11.33
10.33
13.67
14.0
11.0
4.67
24.33
7.67
10.33
5.0
8.67
23.33
7.33
10.33
14.67
12.33
10.67
9.67
3.67
18.67
14.67
4.67
5.0
8.33
15.33
2.67
5.33
2.33
16.33
3.0
3.0
0.67
3.33
-5.33
17.0
3.33
11.67
0.67
8.67
13.33
15.67
4.67
6.67
-3.0
3.0
2.33
19.33
13.33
3.0
18.67
4.0
8.67
3.33
8.0
3.0
15.0
1.67
9.33
0.33
1.33
8.0
-1.67
2.33
9.33
6.67
11.67
1.67
8.33
-4.67
-1.0
6.67
19.67
2.33
4.0
14.33
6.0
-2.67
5.33
-0.67
0.33
12.67
9.0
5.0
6.0
15.0
3.33
6.33
-10.33
6.0
-8.33
-1.67
6.33
3.33
14.67
0.0
1.0
9.33
5.67
3.33
14.0
4.67
15.0
1.0
-2.33
16.0
5.67
-1.0
15.33
-4.33
6.67
6.0
8.0
6.0
2.67
10.0
4.67
10.33
9.0
10.33
5.67
16.33
2.0
8.33
-1.33
4.33
0.33
1.0
0.0
3.0
0.33
9.0
-2.67
0.67
1.33
0.67
9.33
4.67
15.67
-5.0
10.67
-0.67
16.33
11.67
9.0
9.0
12.33
22.67
8.67
6.67
18.0
9.33
11.67
6.33
9.33
14.33
7.67
7.67
3.0
-2.0
22.0
10.33
6.67
8.0
11.33
0.0
3.33
15.0
8.67
14.0
17.67
19.67
11.67
10.0
10.0
-5.33
11.33
-10.67
10.33
2.33
9.67
3.67
9.67
20.67
10.33
11.0
11.33
-1.67
4.67
13.67
8.33
7.33
9.33
8.33
12.67
16.67
4.0
3.67
6.0
2.0
-0.67
10.67
8.67
14.0
0.0
12.67
12.33
6.33
-3.33
3.0
-3.0
12.67
0.33
7.67
7.33
16.33
-0.33
4.0
-10.33
16.67
4.33
8.0
19.67
8.33
9.0
7.0
-1.33
11.0
2.33
6.33
6.67
-3.67
8.67
10.0
-4.33
2.0
0.33
2.0
9.33
-0.33
2.0
18.67
-2.67
-2.33
2.33
10.67
4.33
4.0
4.67
3.67
3.0
10.33
14.67
6.67
5.33
-4.0
9.67
1.67
-3.0
10.67
8.67
7.0
8.33
9.67
1.0
-12.0
5.67
1.67
-5.67
-5.0
8.67
2.67
2.67
-0.67
10.33
0.67
4.33
10.0
1.0
-7.33
8.33
6.0
-0.33
9.67
-0.33
5.0
-8.0
-1.0
6.33
7.67
-4.33
0.67
5.0
5.0
4.0
0.0
9.0
2.33
6.0
7.33
-6.33
3.33
11.33
9.0
0.0
1.0
3.0
-1.67
-7.0
-5.0
-3.33
-4.33
-2.33
-2.0
3.67
8.0
7.0
-2.0
2.0
-4.33
-4.0
1.67
2.33
1.33
-5.67
0.33
2.0
-3.67
0.33
8.67
11.0
-5.0
10.33
-0.67
9.33
4.67
10.0
10.67
-4.67
10.0
8.33
-5.33
14.33
-0.67
-4.67
7.0
8.67
9.0
-6.33
-0.67
0.0
5.33
4.0
10.67
-1.67
-6.67
2.67
1.0
-1.33
2.0
5.0
7.33
3.67
7.33
-5.67
-2.0
-2.33
2.67
3.0
14.0
-4.67
0.67
8.0
10.67
-3.67
3.67
2.0
3.33
0.67
1.67
-6.0
2.67
10.33
1.33
10.0
15.0
3.67
-5.67
6.67
2.0
-2.0
0.33
-1.67
3.67
8.67
8.33
0.33
2.67
3.0
4.33
9.0
2.67
0.67
5.67
-6.67
17.33
3.67
2.0
4.0
4.67
5.0
1.67
9.67
-1.33
5.33
-1.67
4.67
13.33
3.67
-4.67
3.33
-5.33
-2.0
4.0
4.0
-2.0
0.67
1.67
-0.33
-6.67
4.0
1.33
2.0
-5.67
5.33
2.67
0.0
4.33
-6.67
-1.0
3.67
1.33
-2.33
2.33
5.33
2.67
-3.33
-1.67
0.33
10.67
3.67
2.0
4.67
-5.67
2.33
5.33
13.33
3.67
2.67
4.67
1.67
6.33
1.33
7.67
12.0
4.33
4.33
9.0
-2.0
6.0
7.67
-2.0
-1.0
2.67
-6.0
-0.67
3.33
3.67
0.0
9.0
6.33
4.67
1.67
0.33
1.0
3.67
4.67
11.0
5.0
4.0
4.0
-0.33
3.67
-2.67
7.67
1.0
-4.0
9.67
6.33
-2.0
3.67
1.0
3.0
3.33
-4.0
1.33
-5.0
0.33
5.0
1.0
1.33
-0.67
-4.67
3.0
3.33
-5.33
2.33
1.0
-2.67
1.33
4.67
-2.67
7.33
-5.0
-0.67
1.0
1.67
-1.67
0.67
4.0
5.0
3.33
9.0
2.0
3.33
3.67
-0.67
4.67
-1.67
2.0
0.67
7.33
1.67
-4.67
3.0
1.33
3.0
1.33
5.67
-1.67
-1.0
-2.33
-3.67
-6.0
2.67
-2.67
6.0
-0.33
-1.67
1.67
-1.0
3.33
2.0
3.67
-2.33
-0.33
5.33
3.67
6.0
1.67
-0.33
6.67
4.0
8.0
1.67
2.33
-1.0
-1.0
5.67
6.67
-3.0
-1.67
0.33
3.0
9.67
5.0
-3.0
-5.33
3.0
-1.67
-2.0
-3.33
2.67
1.33
-1.33
0.33
-1.33
3.33
4.33
12.67
1.33
-0.33
0.0
-0.67
5.0
0.0
-1.0
-2.0
-0.33
0.67
-0.67
10.0
-3.0
-1.0
-3.67
1.0
2.33
-4.67
0.67
0.33
4.67
8.0
11.0
2.67
1.0
0.67
-1.33
2.67
-2.33
2.0
5.0
5.0
-3.0
-1.33
-0.67
-2.0
3.67
-3.0
1.0
1.67
-0.67
5.0
1.0
