0.0
-22.0
-13.67
-25.33
44.33
-85.0
94.67
-1.67
-70.33
93.67
-50.67
-14.0
-9.67
-96.33
-21.0
5.67
-50.33
8.67
10.0
8.67
-10.67
8.67
10.33
3.67
11.67
-10.67
-14.67
-1.0
5.33
-4.67
-4.33
3.33
-2.0
4.67
0.67
2.33
1.0
1.67
-1.0
1.33
0.67
-1.0
-0.33
0.0
-0.67
0.67
0.0
0.67
0.0
1.0
1.0
0.0
1.33
0.33
0.0
0.33
-0.33
0.0
1.0
-0.33
1.67
0.0
-0.33
-0.33
0.0
-0.33
1.0
0.0
2.0
0.0
0.0
-0.33
1.0
1.0
0.0
-1.33
-0.33
0.0
-1.33
-0.33
-0.67
-0.33
0.67
0.33
-0.33
0.67
0.0
-0.33
0.33
-1.33
0.67
0.67
0.0
1.0
-1.0
1.33
2.33
0.0
-0.67
0.0
-1.0
1.33
-0.67
0.0
0.67
-1.67
-1.67
-1.33
-0.67
-1.33
0.0
1.33
0.0
-1.0
3.0
-2.67
3.33
-1.67
0.0
0.67
-2.67
-2.0
0.0
-3.67
-2.0
2.0
-1.0
-1.67
1.67
0.67
-1.0
3.33
1.0
-1.67
-4.0
-2.67
0.33
3.0
-1.67
-1.33
7.67
-1.0
0.67
-0.33
0.67
3.0
5.67
2.33
-0.67
2.33
-0.67
-1.67
-1.67
-1.0
1.33
-0.33
2.33
-5.0
3.67
5.33
4.67
5.33
2.33
-4.33
0.33
1.33
1.67
2.33
-2.33
5.67
-4.33
-0.33
-4.0
-2.33
-2.67
-1.0
-0.67
0.0
-3.67
1.67
5.67
3.0
-3.0
5.33
-2.33
-2.33
-2.0
7.0
3.33
-11.0
0.67
-1.67
-2.33
2.33
7.33
-3.33
4.33
-4.33
5.0
-0.33
0.0
3.0
2.0
1.0
-4.33
2.67
4.0
6.0
1.33
-3.0
-6.33
0.33
-6.33
0.67
4.33
-3.33
5.33
4.67
5.67
0.33
-2.67
1.67
4.0
1.33
2.67
-1.33
3.67
3.0
-3.0
-4.0
0.33
5.67
0.33
6.67
5.67
0.0
2.67
0.0
-1.0
1.0
3.0
4.0
-5.0
5.33
-2.67
-2.33
5.67
1.67
13.0
6.33
-4.67
-3.0
4.67
-5.67
5.33
1.33
2.0
-4.67
7.33
0.0
-0.33
-1.0
-0.67
1.67
2.33
-1.67
-2.0
-4.33
1.33
-5.33
-3.33
-0.67
-4.67
0.0
4.0
-1.0
8.33
-1.0
3.33
8.0
0.33
-0.67
7.67
-3.67
2.67
9.67
16.33
-1.33
-2.0
-2.67
3.0
-2.33
-1.0
-0.33
-6.67
-7.33
7.0
3.67
5.67
6.33
1.0
2.67
0.67
-2.33
2.0
-4.0
-3.67
-2.33
-2.0
2.33
1.33
4.0
5.0
5.67
-1.0
1.67
0.33
-2.0
-1.33
6.0
-4.67
0.0
-0.33
-2.0
5.33
-1.0
3.0
-3.33
5.0
4.67
10.67
8.33
-6.0
-0.33
10.67
4.33
0.67
-0.33
3.0
-0.67
3.0
2.67
6.67
6.0
5.33
-1.33
-1.67
1.33
7.33
4.0
-0.67
-2.0
-0.67
-9.33
4.0
-5.0
2.0
-4.0
10.0
-3.33
3.33
2.0
-4.33
4.0
5.0
-6.67
0.67
2.33
4.33
4.0
-0.33
3.0
-5.33
5.33
1.33
0.33
3.67
-0.33
3.0
0.33
-2.0
0.0
5.33
-2.0
0.33
2.33
0.0
2.33
-0.33
5.0
4.0
3.33
4.33
-0.33
-3.0
4.0
1.33
2.67
7.0
-1.33
4.67
1.67
0.0
7.0
2.67
1.0
2.0
2.33
7.0
1.67
-2.67
-7.0
1.67
4.0
-0.33
1.67
0.33
0.33
-0.33
2.67
3.33
2.67
-0.33
-1.0
0.33
-0.33
2.67
1.67
-2.33
-1.67
-1.33
0.67
-2.0
-2.0
0.67
1.33
2.33
-0.33
0.0
1.67
-4.0
-1.67
1.33
4.67
1.67
3.67
-1.33
0.67
0.0
-2.0
-2.0
4.0
0.33
2.33
5.67
2.0
1.67
1.67
2.67
7.33
-2.0
1.0
-0.67
-4.0
5.33
6.0
-1.33
6.67
8.0
5.67
1.0
-2.0
6.0
-3.0
3.33
3.67
4.0
-1.67
5.33
-0.33
0.33
1.0
1.0
4.67
-1.67
2.33
4.67
0.0
1.33
-2.0
-2.33
4.0
-6.33
2.0
-5.0
-0.33
-1.0
-4.33
-5.0
-2.0
1.67
-3.0
-1.0
1.33
-0.67
-1.67
1.33
-0.33
1.0
-1.67
-1.33
-0.67
-3.0
2.67
-1.0
2.67
0.67
2.33
-1.33
0.33
3.33
-0.67
-1.67
3.0
1.67
5.33
1.33
-3.0
-1.33
2.67
7.0
0.33
-3.0
1.33
-7.0
2.67
1.33
-6.33
1.33
-3.33
7.67
1.33
0.67
-2.0
2.33
0.0
-0.67
-5.67
4.0
4.67
1.67
3.33
0.67
5.67
5.67
-4.67
-1.0
-1.67
-2.67
0.67
2.0
0.33
2.33
1.67
-2.67
-4.33
4.33
-2.67
0.0
2.67
0.0
-3.33
-2.33
2.0
4.0
2.33
1.33
-1.33
1.67
-0.33
2.0
-4.0
-3.67
3.33
-0.67
-4.67
1.0
-1.0
1.0
-0.33
8.33
1.0
-3.33
0.0
-3.67
-1.0
-3.67
0.67
0.0
1.67
-0.67
3.0
0.0
-4.0
-3.67
2.0
-1.67
-1.67
2.0
0.33
-3.67
1.67
0.33
5.0
0.67
-5.0
0.67
-2.33
-0.33
-0.33
-0.67
-1.33
3.67
0.33
3.67
6.33
3.67
1.67
0.67
0.33
0.0
2.67
-2.33
1.67
1.67
2.33
-1.67
2.33
-2.33
3.33
11.67
5.67
-3.33
-0.67
1.67
-0.67
-4.67
-3.0
0.67
0.67
-2.0
-3.67
0.33
-3.33
1.33
-2.67
3.0
-2.33
-4.0
0.33
-0.67
-3.33
-3.33
-0.67
-1.33
2.33
1.0
3.0
-1.0
1.67
-3.33
5.0
0.67
2.67
-4.67
-4.33
1.33
4.33
1.33
-1.0
-4.0
-3.67
0.33
-5.33
2.33
-9.0
-3.0
-4.33
-4.67
-4.67
5.0
-4.67
-5.0
-3.33
0.33
-0.33
6.0
3.33
1.33
-2.67
-0.67
-2.0
-2.67
-1.33
2.0
-1.67
-1.0
0.33
2.33
-2.67
0.33
-4.67
-5.0
0.0
1.67
-0.33
1.67
-2.33
-6.0
-10.0
-0.33
3.33
-4.33
-1.67
-1.33
-4.33
-0.67
-3.0
-4.33
-0.33
-5.33
-4.67
-3.67
0.0
1.67
1.0
1.33
-4.67
-6.33
-5.33
-2.33
-2.33
-3.33
0.0
0.67
-0.33
-3.33
-3.67
1.33
-5.33
-3.33
-3.67
0.0
-2.33
-4.67
-0.33
-4.0
-0.67
-3.33
-2.67
1.0
-2.33
0.33
-3.67
2.0
-2.67
-7.0
-7.67
1.33
-7.67
2.67
0.33
1.0
6.33
-1.0
0.67
-1.0
-9.0
-1.33
-4.0
-3.0
0.0
-5.67
1.67
1.67
-1.0
-3.67
-1.67
2.67
2.0
-3.67
-5.0
-1.33
-0.67
-5.33
3.67
10.33
-1.33
-2.33
1.33
4.0
8.0
3.33
0.0
0.67
6.67
10.0
10.67
8.33
12.33
22.67
8.33
17.33
10.67
12.0
20.67
5.0
12.33
10.67
6.0
3.33
14.67
5.33
5.67
8.33
4.33
0.0
3.0
-0.33
-1.0
2.33
-4.67
2.0
1.33
-8.33
-2.33
6.0
1.33
1.33
5.0
-3.33
-1.33
-5.0
-3.67
0.67
2.0
9.0
2.0
-1.33
-2.0
3.0
-4.0
-0.67
-1.0
0.67
-0.33
-7.0
-3.67
-9.33
-6.0
3.33
-2.0
-6.33
-4.67
0.0
-9.33
-3.33
-7.0
-5.0
2.33
-3.0
-2.67
1.67
1.67
-7.0
0.33
-1.33
-8.33
3.0
-10.67
-0.33
-3.67
-4.67
2.33
-13.33
-4.67
-8.0
1.0
-2.67
-6.33
4.0
-4.67
-3.67
-5.0
7.0
-3.67
4.33
6.33
-4.67
-0.33
-7.0
-2.33
0.67
-1.33
-6.67
7.67
-2.0
-3.33
-5.67
0.33
-0.67
-3.67
-3.0
1.67
8.0
2.67
4.67
-1.0
-5.67
1.0
-9.67
5.67
-9.0
-5.0
-3.67
-6.33
-3.33
-0.33
-12.33
-10.33
-5.67
-7.67
-1.0
-3.0
2.67
-3.0
4.0
-1.0
-6.67
-1.33
-4.33
-1.0
-3.33
-1.0
-3.33
-2.0
-9.67
1.33
-1.33
-2.67
-5.67
-4.67
-6.67
0.33
-1.33
-2.67
-4.0
-6.33
-7.0
1.33
-2.0
1.67
0.67
1.67
-8.33
9.0
5.67
-1.67
2.0
-0.67
6.0
2.67
-5.33
-3.67
0.33
-5.33
9.67
-2.0
-4.67
-1.33
-5.33
4.33
-7.0
-3.33
2.0
-3.0
-5.0
-5.67
-3.33
-7.0
6.33
4.0
-1.33
-2.33
-3.0
-5.0
-0.67
2.0
-6.33
4.67
-1.33
3.33
7.0
2.67
0.67
0.33
-1.67
1.67
2.33
-9.67
1.33
-4.67
4.33
-12.0
-3.0
7.67
4.33
15.0
13.33
6.0
5.33
8.33
6.0
11.0
20.33
13.33
23.33
14.67
23.33
29.67
30.0
23.33
27.0
27.0
29.0
20.0
20.33
20.67
20.0
23.0
26.0
26.67
23.67
8.67
10.0
18.33
9.33
13.33
12.33
6.67
10.0
1.0
3.33
16.33
8.67
5.33
6.0
-4.33
-0.33
-0.33
4.0
10.0
1.0
4.67
-4.67
5.0
2.33
5.33
1.33
2.33
0.0
5.33
1.33
2.0
12.0
2.0
-1.33
1.67
-2.0
14.0
3.0
-3.67
13.0
10.67
0.0
8.33
4.33
1.67
-0.67
13.0
4.0
1.33
8.0
2.0
3.33
1.67
9.0
3.67
2.67
2.67
8.33
-3.33
9.33
5.33
0.33
7.0
11.0
8.33
-2.33
5.33
9.33
9.0
4.33
-2.67
10.0
10.0
-1.0
4.67
6.0
10.67
1.0
2.33
-3.67
10.0
5.0
3.0
8.67
13.0
-8.0
2.67
12.0
6.33
2.0
16.67
2.33
10.67
16.33
9.0
2.33
6.33
8.0
-0.33
3.0
1.67
19.0
8.33
-6.33
2.33
-3.0
9.67
5.33
8.0
6.33
12.0
9.0
4.0
1.33
7.67
13.33
10.33
5.33
1.0
-1.67
-1.0
7.67
6.0
4.0
5.0
9.0
3.67
-3.0
8.67
20.67
18.67
4.67
4.33
9.33
20.67
-7.33
-6.67
6.67
6.33
-1.0
9.67
-2.67
18.0
8.33
0.67
17.33
13.67
6.0
6.33
6.0
3.0
-8.0
9.0
8.0
7.33
14.0
1.33
2.33
9.0
5.33
5.33
9.67
13.0
7.67
-2.0
7.0
7.67
-0.67
16.33
10.67
-2.67
5.33
15.33
3.33
13.33
6.33
10.0
-4.67
14.0
2.0
10.0
10.33
-1.67
3.67
4.67
7.33
8.67
21.0
9.67
1.0
17.0
9.33
10.33
3.67
16.67
12.67
7.33
8.33
8.0
8.0
1.0
1.33
3.33
9.33
7.67
7.0
9.67
9.33
3.33
2.67
13.33
2.0
16.0
3.67
-2.0
6.33
3.67
13.33
10.33
6.0
16.0
7.0
12.33
11.0
-2.33
16.33
11.0
6.33
18.0
9.67
10.67
5.33
24.67
8.33
6.67
18.0
13.33
20.67
15.0
11.33
8.0
13.67
9.67
4.67
18.0
16.67
27.67
17.0
25.33
26.0
35.33
31.67
37.0
46.33
49.67
53.33
55.33
62.0
86.67
95.33
104.33
115.0
97.0
138.33
149.33
156.0
147.33
181.33
213.67
175.0
210.0
197.67
217.33
199.67
198.67
209.33
189.33
206.0
177.0
200.33
198.33
159.33
175.0
125.67
122.33
114.67
89.33
78.33
80.67
71.0
60.67
52.33
35.67
31.33
12.67
5.0
13.33
20.67
7.33
11.33
17.0
8.67
15.33
18.0
1.0
20.33
13.33
20.0
11.33
8.67
7.67
15.33
5.33
7.67
4.33
24.33
14.33
-0.33
-4.67
0.67
5.67
-3.67
7.67
9.67
12.33
11.67
7.33
4.33
4.33
14.33
2.67
9.67
15.33
8.0
11.0
11.67
3.33
8.33
3.67
5.67
4.67
-1.33
6.0
16.0
3.67
16.33
-0.33
4.67
15.0
5.0
16.0
12.67
17.67
-3.0
11.33
4.33
11.0
14.67
16.67
16.33
-1.67
13.0
0.0
8.67
11.67
14.33
1.33
4.67
20.33
2.0
6.33
5.67
6.0
4.67
8.0
16.33
17.0
1.0
11.67
8.33
4.33
-1.0
16.67
5.0
-6.33
-6.33
10.33
14.33
1.67
12.0
-2.33
12.67
-0.33
7.0
4.67
12.67
11.0
5.67
10.67
-3.67
3.0
5.0
-1.0
10.67
5.33
2.33
-1.0
8.33
6.33
-1.33
8.67
1.33
7.33
11.33
2.33
15.67
3.67
4.0
9.33
-2.0
1.0
18.0
6.0
9.0
17.0
6.67
3.33
-7.67
12.67
7.67
-5.0
5.33
-5.33
7.0
6.67
12.33
9.67
16.33
-2.67
0.0
-13.33
13.67
-2.0
-0.33
9.67
7.67
2.33
23.67
1.0
-1.0
10.0
-3.0
7.33
2.67
24.67
-5.33
16.0
15.0
14.67
-1.33
14.67
10.67
7.33
17.67
17.33
14.0
22.33
7.0
10.67
11.67
11.67
15.0
10.67
12.67
19.33
-5.67
7.67
15.0
9.67
8.67
11.33
13.67
1.67
18.0
16.33
17.33
33.33
4.67
9.67
4.33
16.33
-1.0
20.0
11.0
10.67
4.0
4.0
1.67
2.33
0.33
3.67
7.33
7.0
6.0
15.33
-5.33
-2.67
-1.0
23.0
3.67
5.0
20.33
11.33
7.33
8.33
4.33
7.67
11.33
7.33
3.0
9.0
16.0
1.33
7.33
0.0
-7.33
-3.0
-1.33
12.0
-4.33
11.67
6.67
2.67
10.33
-3.0
9.67
3.0
-5.0
5.33
8.67
6.0
8.0
2.0
5.33
2.33
5.33
1.0
4.67
21.33
9.67
1.67
9.67
1.33
30.67
1.0
5.33
16.33
14.33
16.0
7.0
13.0
-2.67
18.67
8.0
11.0
6.0
-5.67
12.33
5.67
13.0
9.33
1.67
7.33
0.0
12.33
0.33
11.33
1.67
5.0
4.33
8.67
5.67
-5.0
3.67
-4.0
-4.67
-3.33
1.67
-0.33
8.33
-6.0
-15.33
0.0
6.33
0.33
-0.33
-3.0
-2.0
10.0
8.0
-3.67
5.33
6.0
10.0
-1.67
-8.33
-5.67
2.0
1.33
1.67
2.67
4.67
-5.67
9.0
-1.0
12.0
1.67
0.33
-1.0
-5.33
5.0
13.33
5.67
-4.67
1.67
6.0
-2.0
1.33
10.33
5.0
18.33
-2.0
-7.67
9.0
2.67
-4.0
5.33
4.0
3.67
4.33
6.67
9.33
13.0
11.33
-5.0
-6.33
8.67
5.0
-3.0
-0.67
2.0
0.0
-5.0
7.0
-2.0
10.33
-5.0
5.67
8.67
-2.0
-4.0
-2.67
2.0
-0.33
3.67
-0.33
11.67
-1.33
-3.67
-0.67
-1.0
10.0
6.33
-0.33
1.67
0.67
-7.33
4.67
1.33
7.0
8.67
9.0
1.33
7.0
5.33
-4.33
-2.33
-10.33
7.33
2.0
6.33
3.0
-6.0
7.67
0.33
11.33
10.0
11.0
3.0
-2.0
3.0
7.67
2.0
-0.33
11.67
3.33
7.67
-2.0
16.0
14.33
-4.0
1.33
9.0
-0.67
7.0
8.67
8.33
9.33
-1.67
-1.33
-9.33
-7.33
4.33
5.67
-6.0
6.67
14.0
6.67
6.33
11.67
0.0
-2.67
-2.0
1.33
-5.33
-6.0
2.67
10.33
12.0
1.67
6.67
17.0
-5.67
7.67
2.0
-5.67
-7.0
-1.67
-8.33
2.67
2.33
-4.0
4.0
-0.33
6.33
-4.67
-8.33
5.67
-3.67
0.67
-1.0
-4.0
10.33
4.0
-6.67
7.0
6.67
8.33
-8.67
-1.33
0.67
2.33
7.33
0.67
1.0
3.0
7.33
4.0
3.67
-6.67
1.0
6.33
-1.0
1.0
-3.33
3.33
7.33
1.0
-0.33
-1.0
-6.67
-9.33
10.0
3.67
1.33
-2.0
-2.33
2.0
-5.0
1.67
5.33
-0.67
5.0
-1.67
3.0
10.0
7.0
-8.67
-3.33
4.0
-6.0
2.33
-8.67
-6.0
-5.33
-2.67
5.67
2.0
10.0
2.0
-8.67
6.0
4.67
4.0
4.0
6.67
0.67
-5.33
0.67
2.33
8.33
-7.33
0.67
0.67
-7.0
-6.67
-5.0
4.33
3.0
0.33
1.0
-5.33
0.0
8.33
11.33
7.0
6.33
-6.67
-0.67
-9.0
-3.33
-3.33
13.0
9.33
5.67
0.67
1.67
12.0
3.0
5.0
8.33
-0.33
0.33
2.0
3.33
7.67
7.33
-1.0
0.67
-1.0
8.0
-3.67
-1.0
4.0
0.0
1.67
-1.0
-1.33
1.33
-2.67
2.33
-2.0
4.0
4.33
7.33
1.67
2.33
13.0
3.33
4.67
4.33
0.33
-4.0
2.67
-5.67
-4.67
0.33
-1.33
12.33
3.0
-5.33
-3.0
0.67
-1.0
-6.33
1.67
3.33
1.67
4.67
2.33
0.67
2.67
-3.0
-0.33
3.33
1.67
6.67
0.67
7.33
4.67
-3.33
-0.67
-0.33
5.67
0.67
-1.67
7.33
1.33
1.67
2.0
-6.33
0.33
-3.0
-2.67
0.67
3.33
-3.33
4.33
4.67
-5.67
1.67
2.33
-1.67
-3.67
-4.33
6.67
1.33
5.67
3.67
-1.67
2.33
-2.67
-1.67
-2.0
-4.33
-6.67
7.67
-6.0
0.0
5.33
-1.33
4.67
-4.33
3.67
3.33
2.67
-2.67
2.33
0.67
0.33
6.0
1.33
6.0
-4.33
8.0
-3.33
8.33
3.67
0.67
-2.0
2.67
-4.33
-1.67
2.0
-2.67
0.67
-6.33
-2.33
-1.33
-0.67
5.33
-4.0
-5.0
-0.33
-0.33
0.67
-1.0
-2.67
1.0
5.0
0.67
9.33
-0.67
4.67
2.67
