0.0
-42.0
-16.67
29.67
-28.67
51.0
116.67
-72.67
15.67
32.67
-39.67
-111.0
6.33
-84.33
-73.0
23.67
-2.33
-32.33
22.0
6.67
27.33
8.67
26.33
-3.33
-7.33
6.33
-7.67
1.0
6.33
-8.67
-9.33
-3.67
3.0
-0.33
3.67
-3.67
3.0
-0.33
-1.0
-0.67
-0.33
0.0
0.67
1.0
-0.67
-0.33
1.0
-0.33
1.0
0.0
0.0
0.0
-0.67
-0.67
0.0
0.33
0.67
0.0
0.0
0.67
-0.33
0.0
-0.33
-0.33
0.0
0.67
0.0
2.0
1.0
1.0
0.0
0.67
1.0
1.0
0.0
-1.33
1.67
0.0
-1.33
0.67
0.33
-0.33
-0.33
0.33
1.67
1.67
1.0
-1.33
-0.67
-1.33
-0.33
1.67
0.0
1.0
0.0
1.33
0.33
-1.0
-0.67
-1.0
-2.0
-0.67
-0.67
3.0
0.67
-1.67
0.33
1.67
0.33
-1.33
-1.0
1.33
2.0
3.0
0.0
0.33
1.33
-0.67
-2.0
-0.33
-0.67
-4.0
1.0
-0.67
0.0
2.0
2.0
-2.67
-1.33
2.67
0.0
-1.67
-3.0
2.33
-2.0
4.33
5.33
-3.0
6.33
0.67
-3.33
-4.0
1.67
1.67
0.67
-1.0
8.67
2.33
-7.67
-3.67
-0.67
2.33
-7.67
2.0
1.33
-4.33
4.33
-1.0
1.67
1.33
1.67
5.33
4.33
2.67
4.33
0.33
2.67
-6.67
-1.33
-4.33
-1.33
1.67
-4.0
-1.33
0.33
2.0
2.33
-4.0
0.33
1.67
-0.33
4.0
6.0
4.33
-2.33
-2.33
14.0
4.0
5.33
9.0
3.67
-1.67
-2.33
3.33
-5.67
1.67
4.33
5.67
-7.0
3.67
-1.0
2.0
-6.0
2.0
-3.33
2.67
-3.0
4.0
4.33
-1.0
3.67
0.33
-0.33
2.67
5.33
5.67
0.33
1.67
-0.33
3.33
10.33
3.67
0.0
8.33
-4.33
8.67
7.67
2.0
2.0
7.0
6.33
4.67
1.33
-2.33
-4.33
5.0
3.67
-2.0
0.0
4.0
2.0
-9.0
-3.0
4.33
2.33
-3.33
9.67
1.67
0.0
3.33
-3.67
-6.0
8.67
-3.67
4.33
0.33
8.0
1.33
5.33
0.0
-4.33
2.0
4.33
1.67
-1.67
0.33
-3.0
-1.33
-2.67
3.67
-2.33
2.33
-0.67
1.0
3.0
0.0
5.33
-2.0
3.33
4.0
-0.67
2.33
4.67
6.33
2.67
-1.33
6.33
8.67
4.0
1.33
0.0
3.67
5.0
-1.33
1.33
-3.33
7.0
-0.33
1.67
-2.67
4.0
5.67
13.67
0.67
1.0
5.0
0.33
-0.33
3.0
4.33
7.33
-3.0
6.0
-3.33
-2.0
0.67
3.33
0.0
8.67
4.0
-0.67
5.0
-0.33
1.0
1.33
5.0
5.0
-2.33
-1.0
1.67
2.67
-6.67
0.0
1.67
1.67
-0.67
5.67
4.67
-4.0
7.33
0.0
4.67
-1.33
2.0
3.33
-2.33
5.33
8.33
3.33
-2.0
-1.67
2.0
6.33
-1.33
4.0
-1.0
2.0
0.0
3.0
-0.33
8.33
-2.0
-7.33
5.0
-1.0
2.33
2.67
3.33
0.33
3.0
4.67
0.0
-2.33
8.33
2.33
2.33
8.67
4.67
3.0
3.33
8.0
2.0
1.33
2.0
-3.67
4.33
7.0
2.33
4.67
3.0
-2.0
0.33
-2.67
-3.33
-5.0
-1.0
4.33
2.67
1.0
-1.33
8.67
3.67
2.0
-3.0
1.67
4.0
5.0
3.33
10.0
5.67
-0.67
-6.0
1.67
3.0
2.67
-1.33
6.33
0.33
-8.33
1.67
-0.67
2.67
1.67
8.0
6.33
-0.33
4.67
-5.33
5.67
-1.67
-4.33
0.67
-2.0
6.0
6.67
-2.67
7.33
7.67
3.0
1.67
0.0
2.33
3.33
-0.33
3.67
-5.33
1.67
-0.33
2.0
0.0
-2.0
-2.0
-3.67
3.33
0.67
0.0
0.67
4.67
6.67
-1.67
-3.0
-2.0
2.33
3.0
2.33
2.0
5.67
-2.33
-1.0
3.67
2.0
0.0
-1.0
-3.0
0.33
-1.33
0.0
-1.67
2.33
-3.33
2.33
-2.0
11.0
9.67
-1.67
-2.67
-2.33
6.0
-2.67
8.0
-1.33
5.0
-2.33
-6.0
4.0
-1.33
-2.0
-0.33
-5.0
-3.0
-2.33
1.0
-4.0
1.33
2.33
-3.67
-1.67
0.67
9.0
-1.67
6.67
1.33
3.0
-1.33
-4.0
-2.33
1.67
3.33
-0.33
-1.67
-3.67
-3.67
-3.67
-1.0
-0.33
1.33
-4.67
-3.0
-0.33
-2.33
1.0
-1.67
0.0
-0.67
1.0
7.67
-0.67
-3.33
-1.67
5.67
-1.33
3.33
-0.33
-3.0
-1.67
3.0
-2.67
-2.67
1.0
2.67
-1.33
2.33
2.67
-0.33
1.67
-3.67
2.0
1.33
-2.67
6.67
0.0
1.33
2.33
-0.33
-1.67
-1.33
-1.67
-2.67
0.0
-1.33
0.0
0.67
2.67
1.0
4.0
1.33
2.33
0.67
-0.33
-0.33
-1.0
3.0
-2.67
-0.67
2.33
-2.67
0.0
1.0
7.0
-0.33
1.33
-2.0
-4.33
-2.0
0.33
-2.0
-0.67
-3.33
2.0
-3.33
1.33
1.0
-1.0
-6.0
1.33
1.0
-2.67
-1.67
0.0
1.33
-3.67
1.67
-0.67
1.0
4.67
-4.0
1.67
0.67
-2.33
0.67
-0.67
-1.33
-1.33
1.33
0.67
2.33
-0.33
5.67
0.67
2.33
-4.0
-1.33
-0.33
-1.33
0.67
-0.67
-0.67
-2.67
-2.33
0.33
2.67
0.67
-5.33
-2.67
-1.33
2.33
-3.67
-2.0
0.67
-4.33
-1.0
-4.67
0.33
3.67
-0.67
-3.67
0.0
-5.33
1.0
-2.67
-2.67
-3.33
-0.33
-0.67
-1.33
-0.67
-2.0
0.0
-4.0
-2.33
2.67
-2.0
-2.33
-1.33
-1.67
-1.33
2.33
5.33
-1.67
3.0
2.0
3.33
-4.67
-6.33
3.33
-1.0
-3.0
9.67
-4.67
-3.67
3.0
-4.67
-3.0
5.67
-8.67
-1.33
8.0
2.33
-2.67
-4.67
-1.67
0.0
2.33
0.67
0.0
-3.67
-3.0
-0.67
0.33
-7.67
2.33
-5.67
-9.0
-1.0
-2.33
1.67
-2.33
-4.33
-3.0
0.0
-4.33
-1.67
-4.33
-1.67
-2.33
-6.33
-1.67
-2.0
-3.33
6.67
-0.33
-0.67
-1.67
-2.0
-3.33
0.0
5.33
-0.67
1.67
-1.33
-8.33
-3.33
-3.33
1.0
0.67
-3.33
-5.33
-3.67
1.33
-5.33
-5.33
-1.67
-4.0
-5.33
-3.67
-4.33
-3.0
1.33
-2.33
-2.67
-1.0
-5.33
-3.67
-3.67
-1.0
-0.67
1.0
-4.67
1.33
-0.67
-5.33
1.33
4.0
-1.67
0.0
0.67
4.0
0.0
-4.33
-3.0
-3.0
3.0
-1.67
-5.33
0.67
-1.0
0.33
5.33
-1.33
-2.0
2.33
1.0
0.67
-4.67
-13.33
-1.33
3.33
3.67
-1.33
3.33
-8.0
5.0
-0.67
3.0
-4.33
3.67
-2.0
-7.33
-3.67
-0.67
-2.33
2.33
6.33
1.67
-1.0
-1.33
-5.0
-6.67
0.67
-9.0
-5.67
-0.33
-5.67
-3.33
-5.67
-1.67
0.0
3.0
1.67
-1.0
-2.67
-2.67
-4.0
-1.67
0.67
-1.33
0.0
0.33
-2.67
-4.0
-7.33
4.67
-6.0
-0.67
-0.33
3.0
9.0
-3.0
-6.33
3.0
2.0
1.0
-0.67
6.0
-2.33
-3.33
-6.0
-2.67
-7.33
-2.0
-1.67
1.0
-2.33
-2.67
-4.0
-9.33
-0.33
-7.0
-3.0
-4.67
3.0
-2.67
-4.33
4.67
-5.0
-2.67
1.67
-1.33
-8.0
-1.67
2.67
4.33
-1.67
1.33
-10.33
-6.67
-8.0
4.0
1.33
-3.33
-2.0
-2.67
-1.67
-2.0
-3.0
-4.67
0.33
4.33
3.33
-4.33
2.0
-8.33
-5.33
0.67
-6.67
7.67
0.0
-4.33
-9.67
-10.67
1.33
-0.67
3.0
-2.33
9.0
1.67
-0.33
-5.0
-2.67
0.0
0.33
5.67
4.0
5.0
-6.67
7.67
2.67
0.67
-1.33
-8.33
-6.67
2.33
-6.0
-1.0
-1.33
0.0
5.0
5.0
-2.67
-1.33
4.67
-1.0
1.67
1.0
1.67
3.0
-3.67
-5.67
-2.33
8.33
-8.67
-1.67
-8.67
4.33
1.67
3.33
0.0
-6.33
8.0
-6.67
6.0
4.67
-5.33
-1.33
-10.33
-4.0
-1.33
-10.67
0.0
-7.67
5.0
0.67
2.67
-0.67
4.33
-4.33
10.67
6.0
-0.67
-2.33
4.67
14.33
-3.0
-7.33
4.0
-6.0
3.0
-2.67
-0.33
-9.0
-2.67
-1.0
9.67
-3.33
2.0
-4.0
4.33
2.0
-5.33
-1.33
-4.33
-0.67
-9.0
2.67
-1.33
2.33
2.33
2.67
-4.67
3.33
-1.67
-0.67
3.33
-7.0
1.0
8.67
5.33
-1.0
0.33
8.0
18.33
6.33
14.0
3.0
8.33
27.33
16.33
18.67
6.33
25.67
32.0
20.33
22.0
22.0
34.0
37.0
32.33
32.67
36.0
26.0
28.0
24.67
17.67
25.67
31.0
15.33
22.33
19.33
-0.67
6.67
1.0
14.0
7.33
7.33
5.67
4.33
7.0
3.67
7.67
5.67
10.0
6.0
4.0
0.67
0.33
7.0
8.33
2.33
0.33
9.33
4.0
8.33
7.33
10.0
2.0
1.0
15.67
2.67
0.0
14.0
-1.0
5.33
4.0
-2.33
-5.0
16.33
4.33
3.67
-5.67
13.0
15.0
5.33
1.0
7.0
14.33
10.67
10.0
4.67
8.67
7.67
3.33
0.67
11.33
3.33
10.33
-7.0
9.0
8.33
4.67
1.33
19.33
2.0
2.33
8.33
9.0
3.0
4.0
3.67
0.0
6.67
14.0
6.33
5.33
10.0
2.0
3.0
3.67
8.0
1.0
3.67
11.0
-1.67
7.0
18.67
9.33
-0.33
-0.67
9.0
5.33
11.33
-2.0
9.67
-3.0
6.67
5.0
12.33
-2.33
-0.67
12.0
10.67
4.33
-1.0
2.33
10.0
4.0
-3.0
4.33
3.67
7.33
8.33
6.33
13.0
0.33
8.0
-1.33
6.0
10.0
14.0
2.0
6.67
1.0
2.67
4.67
9.67
11.67
9.33
4.33
6.67
-8.33
12.33
-1.33
0.33
7.0
2.67
-2.67
9.0
2.33
13.67
-3.67
5.67
9.0
5.33
6.0
7.0
6.0
-1.0
10.0
13.33
9.0
5.33
15.33
18.0
10.33
10.33
7.67
2.0
14.67
5.0
9.0
11.67
3.33
12.33
9.67
2.33
3.33
-0.67
18.33
2.33
3.33
11.0
12.33
20.0
4.0
18.0
11.33
4.33
4.67
16.67
0.33
10.67
13.0
9.67
9.0
6.0
11.33
14.33
12.67
12.67
1.67
7.33
3.33
10.0
8.0
2.0
2.33
10.33
2.33
3.67
6.0
4.67
4.33
13.33
0.67
11.33
15.0
9.0
0.67
0.0
6.33
16.67
10.33
15.33
7.0
16.0
10.0
15.33
18.0
21.67
11.33
14.0
4.33
8.0
-3.33
10.67
6.33
17.67
12.33
10.67
11.0
13.33
5.67
10.0
10.33
13.0
4.67
11.67
22.67
22.0
9.67
12.67
13.0
17.33
24.0
32.33
33.67
31.0
50.33
40.67
61.33
56.33
87.0
73.67
115.33
144.33
135.0
156.0
171.33
182.33
195.0
192.33
216.33
208.67
249.0
264.0
257.67
269.33
236.67
299.67
249.33
235.33
249.0
249.0
216.33
215.33
212.33
205.0
170.67
153.33
138.67
102.33
103.33
92.67
75.0
56.67
43.33
44.67
23.33
29.67
14.0
30.33
37.67
13.33
8.33
18.0
12.67
16.33
12.0
11.0
18.33
9.33
18.0
19.33
11.67
15.67
7.33
20.33
15.67
8.33
11.33
6.33
5.67
1.33
11.67
13.67
2.33
6.67
20.67
14.33
6.67
12.33
16.33
8.33
8.33
7.67
-2.33
9.33
-4.0
3.0
-0.33
3.33
19.33
15.67
8.67
-0.33
15.67
1.0
22.0
5.67
4.33
-0.33
1.67
6.0
-2.0
18.0
5.67
4.67
13.0
14.33
5.33
8.0
24.67
19.67
19.33
-0.67
11.0
16.0
9.67
6.67
13.33
11.33
16.67
8.33
6.0
5.33
-2.33
7.0
19.67
-1.0
11.33
23.0
8.0
1.67
0.33
6.33
4.0
18.67
9.0
12.67
-2.33
6.33
15.33
1.67
-7.0
6.67
11.67
0.67
8.0
2.67
3.67
5.0
5.67
-3.33
10.33
14.0
21.0
12.0
19.67
6.33
9.33
7.0
4.33
2.33
14.67
1.67
12.33
11.33
21.33
16.33
2.67
1.67
-3.0
7.33
10.0
13.0
18.0
7.0
13.0
10.0
9.67
6.33
3.33
1.67
5.67
-1.0
-5.67
8.67
15.0
4.67
0.33
4.67
10.33
-1.67
8.0
-4.33
2.67
4.0
-0.33
-10.33
4.67
4.33
2.67
4.0
5.0
9.0
1.0
16.33
0.67
5.67
4.67
8.0
12.0
4.67
1.67
11.67
11.67
9.33
8.67
13.33
3.0
3.33
18.0
-1.33
0.67
7.67
19.0
12.67
8.67
-1.67
-3.67
12.67
3.0
5.67
11.67
1.33
1.67
-4.33
15.0
-6.67
0.33
13.33
5.67
-4.33
15.33
3.33
0.0
0.0
15.0
1.67
9.0
6.0
4.67
6.33
-0.67
3.67
1.33
-2.0
8.0
-4.67
-10.33
-6.67
10.0
-1.0
-12.33
9.0
8.33
6.33
5.33
11.33
-3.67
14.67
11.33
-2.67
0.0
9.0
2.0
5.33
-9.67
9.0
-2.33
0.0
-1.33
12.0
2.67
-2.33
-0.33
4.67
-3.67
-8.0
16.67
15.0
8.0
6.33
2.67
3.0
20.0
10.0
-0.67
12.33
-0.67
3.0
10.67
3.33
13.67
5.67
12.67
9.33
10.67
6.0
1.33
17.33
3.33
3.0
7.0
18.0
0.33
2.67
6.0
17.0
11.0
6.33
10.33
9.67
15.0
5.33
7.67
9.33
2.0
-0.67
1.33
-5.67
15.67
-6.0
-0.67
6.67
8.67
3.0
-3.33
13.0
-11.67
-8.33
14.67
-2.33
8.33
1.0
3.67
-4.0
6.33
3.33
1.67
7.0
1.0
-1.0
-4.0
0.33
10.33
6.0
1.0
1.33
-10.33
14.33
3.0
3.33
7.67
7.67
7.67
7.33
8.0
0.0
0.0
18.67
-0.67
-9.0
-5.33
-1.0
0.33
6.67
-4.67
8.67
11.0
5.0
9.33
7.33
3.0
7.33
-6.0
-3.67
-3.0
-0.33
1.0
5.33
3.0
2.67
14.33
7.67
-4.67
5.0
9.33
4.0
7.67
19.67
10.0
-1.0
6.33
7.0
3.0
-5.0
-3.0
-2.0
8.33
9.0
9.67
10.67
3.0
0.0
-5.67
0.0
-1.33
11.67
9.67
4.67
-0.33
3.33
4.33
3.0
1.0
5.33
-1.33
0.67
-3.33
4.67
6.67
0.33
13.0
10.67
0.0
6.33
0.0
-3.67
9.67
3.67
7.67
13.33
0.0
5.33
10.0
5.0
9.67
9.33
8.33
15.0
-3.0
1.0
-3.0
5.0
11.67
5.0
3.67
15.67
16.33
8.67
15.0
4.0
3.33
5.0
0.33
11.0
8.33
10.0
7.67
13.33
6.33
7.33
5.67
7.67
4.67
12.33
-5.33
3.0
6.67
12.0
2.67
-0.67
0.67
3.0
-1.67
-1.0
4.33
3.67
6.0
-1.33
6.33
6.0
6.67
-2.33
6.0
4.33
1.67
2.0
-2.67
-3.0
-4.67
0.67
8.67
0.33
6.0
-1.0
-3.33
-3.67
-7.67
-7.33
-4.33
-1.67
3.67
2.0
1.0
8.33
-1.0
-1.67
5.0
7.67
0.33
1.33
7.67
-1.33
6.33
-1.67
1.67
-7.0
0.0
2.33
6.0
-1.33
0.33
3.0
2.33
-5.0
-1.0
9.67
-2.67
-0.67
9.0
7.67
6.0
-5.67
-5.33
5.0
5.67
-1.67
-4.0
-7.33
6.0
3.0
2.67
-4.67
4.33
-6.0
-7.67
-2.0
1.0
1.0
4.33
-1.33
4.0
-2.0
6.33
0.33
1.0
-5.33
-1.67
0.67
-1.0
2.0
-3.0
-4.67
-1.0
4.67
-6.0
4.0
2.67
-0.33
-2.33
-4.33
-1.67
7.33
-3.33
1.67
0.67
-3.0
-5.67
-7.0
-8.67
8.0
5.33
6.0
-1.33
2.0
11.33
-4.67
8.0
0.33
-7.67
3.33
-3.0
9.67
-2.33
3.0
10.33
9.67
-1.33
4.67
11.0
11.0
0.0
-4.67
2.67
6.33
-3.0
8.33
13.67
-0.67
8.0
7.67
4.0
-4.0
2.33
8.0
10.0
1.0
4.67
1.0
8.67
6.33
-3.67
-6.67
-1.0
2.0
5.33
-3.67
-1.33
-6.67
2.0
1.33
5.67
0.33
1.33
5.0
2.67
1.33
-1.67
0.33
-0.33
7.33
13.0
-4.33
-4.0
7.67
-5.0
4.67
3.67
-3.67
8.67
0.67
-1.67
-2.33
10.67
0.0
-4.33
-0.67
-2.33
-3.33
3.67
-3.67
3.67
-6.33
-0.67
-0.33
-2.33
-2.33
0.33
0.33
-3.67
-6.33
4.0
-4.33
2.33
6.0
-2.67
1.67
-0.67
0.67
-0.67
3.67
-3.67
-0.33
-1.67
-0.67
1.33
-1.33
8.67
-1.67
-0.33
2.67
-0.67
1.33
-3.67
-0.67
0.0
-6.33
-4.67
2.67
-9.0
-2.0
-0.67
2.67
1.67
3.67
-2.33
0.33
4.67
-4.67
9.33
-1.33
4.33
4.0
1.33
3.0
-0.33
2.0
-6.33
6.33
2.67
-3.33
-6.0
4.67
1.67
-4.67
2.0
-2.67
0.67
-5.33
0.67
-6.33
-0.67
1.33
2.0
2.0
-1.33
7.67
-4.33
6.0
6.33
0.0
3.0
-2.33
6.33
-5.67
-0.33
0.67
