0.0
-14.0
-102.67
-45.33
-23.67
-12.0
35.67
-17.67
-45.33
1.67
27.33
-82.0
11.33
-32.33
-36.0
-7.33
-21.33
-23.33
-14.0
-3.33
6.33
-18.33
23.33
-18.33
0.67
14.33
-25.67
8.0
2.33
3.33
-6.33
-1.67
-1.0
0.67
-1.33
1.33
0.0
-2.33
-2.0
-1.67
-0.33
1.0
-0.33
0.0
0.33
0.67
2.0
0.67
-1.0
0.0
0.0
0.0
-0.67
-0.67
0.0
-0.67
-0.33
0.0
0.0
-0.33
-0.33
0.0
-0.33
-0.33
0.0
-0.33
1.0
1.0
0.0
0.0
1.0
-0.33
0.0
0.0
1.0
-1.33
1.67
1.0
-1.33
-0.33
0.33
-0.33
0.67
0.33
-0.33
0.67
-1.0
-1.33
-0.67
0.67
0.67
0.67
2.0
0.0
-1.0
0.33
0.33
0.0
-0.67
-1.0
-1.0
-0.67
1.33
0.0
-1.33
-2.67
1.33
1.67
0.33
-0.33
0.0
0.33
0.0
-1.0
0.0
-1.67
-0.67
1.33
3.0
-0.33
-1.67
-3.0
2.0
-1.67
-2.0
-4.0
1.0
-2.67
-2.33
3.67
-5.0
1.33
-1.0
-1.67
-3.0
4.33
1.33
3.0
-0.67
-3.33
-4.33
-1.0
-0.33
-0.33
2.67
3.0
-3.33
0.33
-6.67
-4.67
4.33
2.33
-5.67
5.0
-3.67
0.67
2.33
-4.0
0.67
0.33
-2.33
5.33
7.33
-1.33
3.33
1.33
0.67
1.33
1.67
1.67
-5.33
2.67
0.0
-3.33
4.33
-6.0
-6.67
3.0
-5.67
2.67
2.67
2.0
6.0
2.33
-1.33
1.67
2.0
7.0
-3.67
1.0
-2.33
1.33
10.67
-5.67
11.33
-1.33
1.33
-0.33
-3.0
1.67
5.0
-1.0
-6.0
2.0
0.67
1.67
0.0
0.0
5.33
-3.0
-9.33
0.33
-2.33
1.67
-1.67
-3.33
-3.67
0.67
0.67
1.33
-1.67
-1.33
2.0
2.33
-2.33
5.67
2.67
1.0
1.0
4.0
2.33
7.67
11.33
-5.33
-1.33
-2.0
7.67
0.0
1.0
-1.0
-1.0
-2.0
-2.0
1.33
-4.67
0.67
-3.33
-2.33
4.0
6.33
-2.67
3.0
7.67
-4.67
4.33
4.33
-1.0
-0.67
5.33
2.0
5.67
0.0
-1.67
1.67
-3.67
-2.67
1.0
3.67
-2.67
-0.33
-5.33
-1.67
-1.67
-4.0
6.0
-2.0
2.33
0.0
0.33
2.0
4.33
-3.67
3.67
-6.67
-2.33
3.67
-1.67
0.67
7.0
-2.67
2.0
0.67
-7.0
-1.33
-4.67
-3.33
-6.0
-3.33
3.67
-1.67
-2.0
2.67
-4.33
-4.33
-2.0
-7.0
0.33
-2.33
-5.0
5.33
-2.67
-7.0
5.0
-4.33
-4.0
-2.33
-1.67
-7.0
5.67
3.0
0.33
3.0
-3.33
4.0
1.33
0.0
2.0
-2.33
-4.0
2.67
0.67
3.33
-5.0
0.67
7.67
1.33
0.67
0.67
3.0
2.33
1.0
0.67
-2.33
3.0
-4.67
-4.33
2.33
-0.67
1.33
0.0
-0.67
-1.0
0.33
-6.33
-4.0
-2.0
1.0
-1.0
3.0
5.67
2.33
3.0
-5.33
-7.0
4.0
-4.67
6.67
2.33
1.33
-3.0
7.67
1.0
3.67
-0.67
-4.67
4.33
-1.33
4.67
6.0
8.33
-1.0
5.0
-0.67
2.0
-10.67
-3.67
1.0
-2.67
-8.33
6.0
-2.0
-2.67
-0.67
-0.33
-3.0
3.0
0.33
-0.33
0.0
-4.33
2.67
-0.33
-2.0
6.0
-3.33
0.0
-1.0
-0.67
-1.0
-0.33
-2.67
-8.0
3.67
4.0
2.67
4.67
1.33
2.33
-0.33
4.67
8.33
2.67
5.67
1.0
2.33
4.67
1.67
-4.33
5.67
1.33
-3.33
-2.33
-3.0
0.0
5.67
-1.67
1.33
-4.33
2.0
-0.33
0.0
-1.67
0.33
-0.33
2.67
4.67
-3.33
0.67
-3.0
2.0
3.0
-1.0
2.33
-1.67
3.67
5.0
4.67
0.67
2.67
-0.67
-1.0
-1.0
3.33
-2.0
5.33
4.0
-1.33
-3.33
1.0
3.67
-4.0
3.0
3.0
3.0
0.33
0.67
-5.0
0.33
0.33
-4.33
0.33
1.0
-1.0
3.67
-1.67
1.33
3.67
2.0
2.33
3.0
-2.33
1.0
-1.33
-1.0
0.0
-2.33
5.0
-0.33
-2.0
3.0
-0.33
2.0
-3.0
-4.67
-1.67
-3.67
-1.67
1.67
2.0
1.33
3.67
-3.67
-7.0
-3.33
1.0
-0.33
-1.33
-1.67
-1.33
0.33
-2.67
-4.67
-1.67
3.0
0.67
2.33
1.33
0.0
-1.33
-0.33
4.0
2.33
-2.0
-1.67
-2.0
0.67
0.33
0.67
1.33
-1.33
4.67
3.33
-1.33
-1.0
0.33
4.0
0.33
-1.67
4.0
5.67
4.67
0.33
1.67
-2.33
1.67
-0.67
-1.0
3.33
-1.67
3.67
4.0
-0.67
0.33
-1.33
-0.67
-3.33
-4.67
0.33
-1.0
4.67
1.0
1.67
-6.33
1.0
2.0
-1.67
1.33
-3.33
0.67
-1.33
0.0
-2.0
-3.67
-2.67
-0.67
1.33
0.0
-3.0
0.0
-4.33
-2.67
-3.0
-2.33
-2.0
2.33
2.0
0.33
-4.33
-1.0
-2.33
-3.67
-1.0
4.0
1.0
-0.67
4.0
-1.67
0.33
2.0
-4.67
0.33
3.67
3.33
1.0
0.67
-3.0
7.67
-1.33
1.67
0.67
-3.67
2.67
3.67
0.33
-1.33
-0.67
-0.33
-0.33
2.67
2.33
1.0
1.67
-1.33
0.67
-3.33
-0.67
0.33
2.33
-3.33
1.33
2.67
0.67
-2.33
-3.67
3.67
4.33
1.33
3.0
0.67
-0.33
-4.0
-0.67
-4.67
-0.33
1.33
-3.67
-3.0
-1.33
-4.0
-4.67
-3.67
-1.33
0.67
1.33
-0.33
-5.67
-2.0
4.0
2.0
0.67
-4.33
-2.0
-1.33
-4.33
-2.67
-2.33
-2.67
2.33
1.33
-3.0
6.0
0.33
-1.67
-4.33
-2.67
4.0
-5.0
1.67
-4.67
-3.67
2.0
-0.67
-1.0
-1.33
-3.67
3.67
-1.0
0.33
4.33
0.33
-1.67
0.0
1.33
-5.33
0.0
-0.67
6.0
1.33
0.33
-3.67
-5.67
-2.67
-3.0
0.0
-2.33
2.67
-0.33
-5.33
-2.0
0.0
-3.33
-2.67
-3.33
2.33
-0.33
-4.33
-1.67
1.0
-5.33
-1.33
-0.33
-3.67
-2.67
0.0
0.67
-2.0
-0.67
1.33
-3.33
-0.33
-1.33
-3.33
-2.33
0.0
-0.33
-8.33
-2.33
-4.67
5.33
-6.33
-2.33
-4.67
-1.0
-1.33
-0.67
0.67
-3.0
-1.67
-4.33
-0.67
-1.0
-9.33
3.33
-0.67
-7.0
3.33
1.0
-4.67
-0.67
-1.67
-2.33
-1.67
1.0
1.33
-7.0
1.67
4.0
-6.0
-9.33
-8.0
-5.0
2.0
0.33
-5.33
-1.33
-3.0
-5.67
-0.67
3.67
1.0
-6.67
-1.0
-1.33
-6.67
-9.33
7.67
8.33
0.67
-7.33
-0.67
-4.0
-2.0
2.33
-1.0
-1.33
-5.33
-3.0
0.67
-1.67
6.33
7.67
7.33
15.33
8.67
3.0
1.67
-2.0
6.33
3.67
-3.0
-3.67
3.67
-0.67
-3.33
6.33
1.33
6.0
-3.0
-8.33
-4.0
0.33
-3.67
-3.0
-4.67
-6.33
-7.33
-2.0
7.33
-2.67
-4.0
-4.33
-1.33
-2.0
-4.67
2.67
-5.0
5.0
-2.0
-5.33
-5.0
-1.0
-7.0
-4.67
6.0
-3.33
1.67
-6.0
-3.67
-0.33
-4.0
-8.67
2.0
-2.33
-4.67
-9.0
-5.33
-6.33
-6.0
-7.0
-0.67
-4.0
-3.67
-5.33
0.67
-10.0
-2.67
-1.33
-3.33
-11.0
0.33
-7.33
-3.67
-1.67
-2.67
-9.33
-2.67
-10.0
0.0
-9.67
-4.33
-4.0
2.33
-1.67
-3.0
9.0
-6.67
-2.67
-1.67
-9.67
-4.33
1.0
-9.33
-5.33
-1.33
-10.67
-7.33
-4.0
-6.33
-3.67
-2.67
-1.67
-10.67
-3.0
-2.33
-3.0
5.67
5.67
-4.0
-2.67
-4.0
-5.67
-5.33
-6.0
1.0
-4.67
-3.33
-6.33
-2.33
-4.33
1.67
-1.67
0.33
-7.0
-1.0
1.67
-5.0
-6.0
1.0
-6.67
-4.33
0.67
10.0
-1.33
-3.0
-3.33
-5.0
-4.67
-6.67
-6.33
6.33
-3.67
-1.67
-3.67
2.33
-4.33
-3.67
3.0
-1.33
3.0
1.33
-2.0
-7.33
1.67
-3.33
-1.33
1.0
-4.33
-2.67
-6.0
-2.67
3.0
-2.33
0.67
-2.67
-1.67
-2.33
-4.33
-7.0
-4.67
-4.33
2.67
1.33
-2.0
-2.33
-1.0
1.0
-9.0
-5.67
-9.33
-4.0
6.33
-4.0
0.67
-0.33
-7.0
-6.0
3.33
4.0
-3.33
7.67
-4.33
2.33
-12.0
6.67
-0.33
0.33
1.33
5.67
-2.67
5.33
2.33
-4.67
0.33
-13.0
13.0
-4.33
9.33
8.0
7.33
5.0
4.33
3.33
10.0
-2.0
12.33
13.33
11.33
16.67
17.33
6.67
10.0
16.33
17.0
27.0
13.0
20.0
18.33
16.67
19.0
20.0
17.0
20.67
4.67
5.67
14.0
17.33
7.33
10.33
2.33
1.67
5.0
1.0
5.33
15.33
4.67
-5.67
-2.0
-1.33
-0.33
-1.33
0.0
9.0
12.0
2.67
1.33
6.0
-1.67
1.33
-0.67
-4.67
0.0
5.33
-11.67
3.0
3.0
3.0
7.67
5.67
0.0
7.0
-2.0
-0.67
2.0
-4.33
-4.0
-1.67
1.33
-5.33
7.33
7.0
6.0
-2.67
-3.0
1.0
-1.67
1.67
1.0
4.67
-3.33
-0.33
-2.67
-7.33
8.33
-2.67
-0.67
4.0
-7.0
-6.67
-2.33
0.33
9.33
3.0
-5.67
-1.67
-3.0
8.0
-5.0
-2.33
-2.0
13.67
3.0
4.33
-4.67
0.0
-3.0
-9.0
0.67
2.0
-7.0
-10.33
6.0
-0.67
-2.0
2.67
-0.67
-3.33
-3.67
10.0
-10.67
-1.67
-5.0
0.67
-6.0
4.67
-2.0
5.33
0.67
0.33
-3.0
-3.33
-2.67
-2.0
1.33
3.0
-1.0
-3.0
-0.67
-6.33
8.33
4.33
4.33
2.0
1.33
0.0
0.67
2.0
-1.0
0.0
1.0
-1.33
-6.0
-2.33
6.67
1.67
-0.33
1.33
-0.67
8.67
-12.33
9.33
-5.33
12.33
7.0
11.67
-8.67
-1.0
-5.67
-9.33
11.33
6.67
7.0
7.33
0.0
4.0
-1.0
5.0
-1.0
1.33
10.0
-1.67
-1.67
1.0
9.33
6.33
2.67
0.0
4.67
6.0
-2.0
-0.33
-3.67
6.33
2.67
0.33
2.33
-5.67
-1.67
5.33
-3.67
4.0
7.33
1.0
2.0
-7.0
0.33
-1.67
-1.33
-5.33
6.33
4.67
4.0
4.67
-2.0
4.0
2.33
4.33
3.67
1.67
-4.33
11.33
3.33
2.0
-3.0
9.0
-4.67
1.33
-4.67
-9.33
-4.0
-3.33
-1.67
-1.67
-2.33
2.33
-1.0
7.0
0.67
4.0
-0.67
3.67
4.33
-6.67
4.0
5.0
-3.0
12.33
6.0
-3.33
13.33
10.0
4.33
4.0
3.67
1.67
2.33
13.67
4.33
7.67
5.0
12.33
9.67
5.0
-4.67
10.0
6.67
5.67
11.67
7.0
1.67
14.67
11.0
12.33
12.0
12.33
12.67
31.0
33.33
23.67
34.33
39.33
38.0
41.67
57.33
70.33
62.0
93.0
93.33
102.33
93.0
98.33
113.33
112.67
127.0
118.0
135.67
139.33
149.67
139.67
143.33
131.33
135.0
116.0
146.33
98.33
105.33
107.0
121.67
84.33
63.67
68.33
55.33
41.67
48.0
37.67
30.33
23.67
21.33
6.67
6.0
4.33
18.67
2.33
4.33
1.0
2.67
3.33
-5.0
0.0
8.33
6.33
9.0
-3.67
9.67
1.67
2.33
0.33
5.67
7.33
-5.67
10.33
9.67
-10.67
-8.33
-0.33
-7.67
2.67
0.67
-2.67
-3.33
4.33
-1.67
-1.67
4.33
-4.33
1.67
2.33
-2.0
5.0
2.67
3.33
9.33
12.67
3.67
12.67
0.67
8.0
7.0
-4.33
-4.67
0.67
0.67
0.0
4.0
8.0
5.67
7.67
11.0
-0.67
12.33
8.0
13.67
4.67
2.33
-1.67
1.0
-1.0
6.67
9.67
-6.67
1.33
11.67
2.33
9.0
0.33
0.67
10.0
-1.33
-1.0
0.33
0.0
5.0
3.67
-8.67
5.33
8.0
8.67
-3.0
-1.33
-6.33
3.33
-1.67
4.67
0.0
-0.33
-5.33
5.67
0.0
-0.33
0.67
4.0
17.67
-2.33
-4.67
0.0
-8.0
0.0
6.67
-0.67
-2.67
4.0
-0.67
-4.67
-2.33
3.67
8.33
4.33
8.33
-7.67
-4.33
-0.33
-6.0
-5.67
4.0
4.0
7.0
1.0
12.0
-2.0
3.67
-0.67
-8.67
18.67
-2.33
-11.0
1.33
1.67
-5.0
4.67
10.33
5.67
4.33
2.33
3.0
1.67
7.67
1.0
12.67
2.67
-0.33
-4.67
12.67
-1.0
-1.0
-3.0
12.0
5.33
-6.33
-1.33
-3.33
11.0
7.0
0.67
-10.33
4.67
-1.33
-6.67
1.67
-6.67
15.0
7.33
5.0
3.67
-7.33
8.67
11.0
15.67
12.67
-3.67
4.33
1.67
-5.0
-7.33
0.67
-1.67
-16.33
-7.33
-5.0
4.33
15.33
5.33
-4.33
1.67
1.33
-1.67
-8.0
2.0
11.0
14.67
-1.0
10.0
-7.33
-10.67
-8.67
-6.33
6.33
3.0
14.0
8.33
3.67
-11.67
4.0
-8.0
2.67
-11.0
0.33
10.33
6.33
-2.67
-1.67
13.67
-1.67
-13.67
0.0
-6.0
4.0
-2.67
1.33
-12.0
-5.33
-5.0
-4.33
15.0
0.67
0.67
13.67
-2.33
-3.67
-2.0
4.67
-2.0
10.0
8.33
1.67
1.0
6.0
6.0
-3.67
0.33
4.33
2.0
0.67
5.33
2.67
1.67
9.67
10.33
10.67
12.0
-1.67
-2.67
3.33
-6.0
-2.0
4.0
-1.67
-3.33
2.0
14.0
7.0
0.33
-4.67
6.67
-1.0
9.33
0.67
8.33
0.0
1.33
7.33
-0.67
-15.33
-2.0
-0.67
0.67
-4.33
-1.0
11.67
-4.0
-4.67
-1.33
5.67
-9.33
6.33
-7.0
-3.33
-8.0
2.33
-1.67
5.67
0.0
-4.0
-5.0
-4.0
-4.67
-9.67
-6.0
10.0
2.33
-3.33
2.33
-1.0
3.33
-10.33
10.67
1.67
-16.67
1.0
-1.0
-12.0
13.67
-6.67
4.0
-3.33
-1.0
12.33
-0.33
-0.67
-4.33
0.0
-2.0
7.33
4.33
3.0
7.33
-4.0
-6.67
11.0
-0.33
-7.0
5.33
-9.0
8.67
3.33
11.67
-9.67
4.0
4.33
5.0
-0.33
12.67
-1.0
6.0
1.33
-4.0
7.0
-6.0
-6.0
1.0
5.33
-3.0
-1.33
11.67
15.0
-9.0
4.33
2.0
2.67
1.67
2.67
-2.33
2.67
-2.67
4.33
-5.0
13.0
-6.67
1.67
-4.33
0.67
-6.33
6.67
5.33
10.0
2.67
-2.0
1.33
2.0
13.33
4.67
-1.33
10.67
4.33
-3.0
-1.67
-2.0
4.0
7.67
-0.67
8.33
1.0
9.0
-6.0
-2.0
-6.0
9.67
4.0
8.67
0.67
4.33
5.67
11.0
7.0
-1.67
3.0
-4.67
11.0
-2.67
9.0
-5.33
6.33
8.33
-7.67
9.67
10.67
0.67
-5.67
-4.33
2.0
-1.33
14.0
1.67
-1.67
-10.33
-4.0
-7.67
4.0
2.33
-5.33
-7.0
8.67
6.33
1.0
4.67
-5.33
10.0
0.33
0.67
1.0
-3.67
-5.0
-1.67
-1.33
-2.33
2.33
2.0
3.0
7.67
0.33
-2.67
-1.33
-7.33
-1.67
-5.33
-4.0
-1.0
-2.67
0.0
0.33
4.0
1.67
12.33
5.33
-1.33
-6.33
3.33
0.33
-1.33
1.0
5.0
6.33
-4.0
3.67
4.33
7.0
4.33
1.0
-6.0
-1.33
4.33
-4.67
5.0
2.67
3.0
-4.67
-1.33
3.0
-1.33
4.33
-2.0
-2.33
1.0
-2.0
-0.33
-3.67
-5.67
0.0
-1.67
0.0
-7.0
11.0
2.33
-1.33
0.0
-10.0
-0.67
-5.67
-1.0
-4.33
0.33
-2.33
3.0
1.0
1.0
-3.67
1.0
5.67
1.0
1.0
1.67
-5.33
2.67
1.67
-7.67
9.33
-2.33
4.67
2.67
0.0
-5.67
-3.0
-1.67
9.0
-1.67
7.0
-7.33
3.0
0.33
3.33
6.0
3.33
-4.67
4.33
-7.0
1.67
3.67
5.0
4.33
-5.33
3.67
-1.33
11.0
-3.0
2.0
-1.67
5.67
1.33
6.0
-3.67
2.67
2.33
-2.0
7.67
5.0
2.0
0.33
3.0
7.0
-2.0
4.67
4.0
8.67
4.33
4.33
0.33
-4.0
1.0
-2.67
10.33
-2.33
1.33
0.0
1.33
-3.33
-2.67
-2.67
1.0
2.67
-2.67
-0.67
-4.67
1.67
-2.67
0.0
-4.33
3.0
0.67
-4.0
-6.33
1.67
-4.67
3.67
1.67
1.33
1.67
3.67
-2.0
-5.33
6.33
-5.33
3.67
-0.33
-2.67
-1.33
-5.33
3.33
-7.33
0.67
-0.33
7.33
0.33
3.33
1.67
1.0
-2.33
-1.67
1.0
-0.67
-0.33
-0.67
-7.33
6.33
-0.33
-2.67
2.67
1.33
-1.67
-0.67
-0.33
0.67
-2.67
2.67
-3.33
-0.67
2.33
-3.67
1.33
7.0
-4.33
-3.67
0.67
-2.0
6.0
-2.67
7.67
4.67
3.67
7.67
2.33
0.67
-6.67
-1.67
7.67
-1.67
4.0
0.33
6.0
-2.33
5.0
5.67
2.33
-2.33
-3.33
-3.0
1.67
-1.33
3.33
-2.0
-5.67
3.67
-2.33
-2.33
1.67
6.33
-4.67
-3.0
3.0
-0.33
2.67
-0.33
1.0
5.33
4.0
-1.0
1.67
2.33
-8.67
0.67
4.67
