0.0
-26.0
1.33
23.67
-31.67
-39.0
103.67
-44.67
-0.33
18.67
8.33
-81.0
-66.67
-113.33
-54.0
-28.33
-63.33
-39.33
-19.0
-20.33
-3.67
2.67
6.33
-30.33
-19.33
-9.67
-3.67
9.0
0.33
-2.67
-3.33
0.33
-1.0
6.67
2.67
-2.67
-2.0
-0.33
0.0
-0.67
1.67
-1.0
-0.33
0.0
-0.67
-0.33
1.0
-0.33
1.0
0.0
0.0
1.0
-0.67
0.33
2.0
-0.67
0.67
1.0
1.0
-0.33
1.67
0.0
0.67
-0.33
0.0
1.67
0.0
0.0
0.0
0.0
0.0
-0.33
1.0
1.0
1.0
-0.33
-0.33
0.0
-1.33
-0.33
1.33
-0.33
-0.33
0.33
0.67
-0.33
-1.0
-1.33
-0.67
0.67
-0.33
0.67
0.0
2.0
3.0
0.33
0.33
0.0
0.33
1.0
-2.0
1.33
1.33
0.0
1.67
-1.67
-0.67
2.67
1.33
-0.33
2.0
2.33
3.0
-2.0
3.0
0.33
2.33
-3.67
-1.0
2.67
3.33
-4.0
-1.0
4.33
5.0
-1.0
2.0
-2.67
0.67
-1.33
0.0
3.33
-1.0
-0.67
3.0
-1.67
-0.67
3.0
1.33
1.67
8.67
0.0
6.67
-3.33
2.67
6.0
4.67
4.33
-5.67
-1.67
0.33
-5.67
-1.67
0.0
3.33
1.67
0.33
-1.0
4.67
9.33
3.67
7.33
2.33
11.67
2.33
3.33
5.67
3.33
4.67
7.67
-6.33
-2.33
3.0
0.67
6.33
2.0
4.33
-2.0
-0.67
-2.33
2.67
6.0
4.0
2.33
-1.33
6.67
6.0
5.0
-0.67
-3.0
0.67
0.33
4.67
-0.67
-1.67
9.67
6.33
3.67
-2.0
10.67
-1.0
-1.0
2.0
5.0
-6.33
1.67
2.0
4.0
3.33
1.0
-0.33
1.33
1.67
3.67
3.33
3.67
2.33
1.67
1.67
-0.67
3.33
-2.33
-4.0
-0.67
0.67
-1.33
4.67
-1.0
2.0
-1.0
4.33
4.67
2.33
6.67
-1.33
0.0
5.67
-3.0
3.0
-4.0
5.0
2.0
-5.0
0.33
-3.67
2.67
1.67
-1.33
7.0
11.33
3.33
4.0
5.67
-5.67
8.33
7.33
2.0
-2.67
11.33
1.0
-6.33
1.0
2.33
7.67
-0.67
4.33
9.0
5.67
3.33
0.67
0.67
0.33
4.33
2.0
5.0
0.0
0.33
9.0
2.33
-2.0
8.33
0.33
3.67
6.33
-0.33
5.67
-0.67
-1.33
4.0
5.33
3.0
-1.33
7.0
0.67
-11.67
-2.33
-5.0
-3.33
4.67
6.33
3.0
3.67
6.67
1.67
1.0
-2.0
5.33
1.67
-5.0
6.33
5.33
1.0
6.0
-4.33
-1.0
4.67
5.33
-5.0
-1.33
6.0
-4.67
8.0
3.67
-3.0
5.33
5.0
7.0
6.67
3.0
4.67
-2.33
4.33
3.0
0.67
0.67
6.33
3.67
9.67
-2.0
6.33
2.0
-1.33
0.67
1.0
7.33
-9.33
6.33
7.33
7.33
4.0
3.33
-1.0
3.33
1.67
3.0
0.0
1.0
5.0
3.0
-4.33
10.33
6.0
-0.33
-1.0
3.0
2.33
-0.33
2.33
6.33
4.0
-0.33
1.0
1.67
2.33
8.33
6.33
3.67
3.67
2.0
5.33
-3.0
6.0
1.33
7.0
-2.67
1.33
8.0
-3.67
2.67
5.0
0.0
0.33
-0.67
0.67
5.0
4.0
3.33
2.67
8.0
-2.33
6.67
9.67
3.0
-2.0
-2.33
1.0
0.0
-1.67
4.0
1.67
-3.67
-3.0
6.67
3.0
0.67
14.67
0.33
0.33
-4.33
13.67
-2.67
-3.33
1.67
5.0
-2.67
7.67
0.67
4.67
4.67
1.33
-2.33
-2.33
4.0
0.0
1.67
-2.67
3.33
0.67
-1.0
-1.33
3.0
1.33
1.33
-3.33
0.67
-2.33
3.67
-0.33
1.0
3.0
-4.0
0.0
1.33
-1.67
1.67
-1.0
-1.33
4.67
-0.33
-1.67
-1.0
-3.0
0.33
-5.0
-1.67
2.0
9.67
-1.33
9.0
3.67
-1.0
-2.0
-1.0
-1.0
3.33
-0.33
1.0
-4.67
-3.67
-1.33
1.33
-3.0
3.0
7.67
2.33
3.33
0.67
0.0
6.33
-1.0
0.67
1.0
-1.33
4.0
2.0
2.67
3.0
-0.33
9.0
-1.0
2.67
0.0
0.0
1.33
-2.67
7.33
1.33
-0.33
2.0
-3.67
2.67
-0.67
-1.0
4.67
0.0
-2.33
5.67
6.33
2.67
-0.67
1.33
-1.67
-3.67
-3.0
-0.33
1.33
-0.67
2.0
2.67
0.67
7.0
-3.67
-1.0
0.33
4.0
5.67
5.33
0.67
2.33
3.67
3.67
2.33
0.67
-3.0
3.33
2.0
0.33
-8.67
-1.0
2.67
5.67
-3.67
-2.33
-2.33
3.67
0.33
2.0
5.33
-0.67
-0.33
1.0
0.33
4.33
3.67
1.33
2.67
-3.67
0.33
5.0
3.67
1.0
3.67
-5.33
-2.0
5.0
1.33
-1.67
7.67
0.67
-2.33
-1.0
1.0
-2.67
-3.67
-0.67
4.33
0.0
-1.0
2.0
-2.33
-1.67
-2.0
-0.33
4.0
-1.67
1.0
-2.67
-3.33
-3.0
-2.33
-1.67
-2.0
1.0
-2.0
2.33
1.0
0.33
-2.67
-2.0
1.33
0.33
0.67
-0.67
5.0
0.67
-3.0
4.67
1.67
2.67
1.67
-2.67
2.67
0.67
2.33
5.67
-0.67
0.67
0.67
-0.33
3.33
1.0
3.67
0.67
4.67
-1.33
-0.67
-1.67
2.33
-3.33
7.33
1.67
-1.33
-1.33
-3.67
2.67
-1.67
-2.67
-1.0
3.67
-1.33
1.0
-3.67
-0.67
-1.33
0.33
-1.67
-2.0
-1.33
0.0
-1.67
-1.67
-5.33
-0.33
0.33
0.67
0.33
-1.0
-3.0
-3.0
-0.33
-7.33
-1.0
-4.33
-2.33
4.33
-2.33
3.33
0.33
-4.67
-2.0
1.0
1.33
-1.67
0.67
6.33
-2.0
-2.0
-3.33
-8.67
-0.67
6.0
-1.67
-1.0
-2.33
-1.67
-1.33
2.0
3.33
-4.67
-0.67
-2.67
0.0
-3.67
-7.33
-1.0
-3.67
0.0
-1.67
0.33
-2.67
-5.67
-3.67
-1.0
-4.0
-1.33
-6.33
-5.33
-7.33
-7.0
-1.0
0.67
-0.67
-4.33
-2.67
-1.33
-1.33
-2.67
0.0
-5.33
0.67
-3.33
-4.67
-3.67
-2.0
-3.33
-5.0
1.33
-1.67
-3.33
-1.33
-5.33
-6.33
-2.33
-1.0
-1.33
-4.33
-3.33
-0.67
5.33
-5.33
-4.33
-0.67
-4.0
5.67
-2.67
0.67
-3.0
3.33
-3.33
-3.67
3.0
-5.33
-1.67
-5.67
5.0
2.33
-2.0
-7.67
0.33
-4.67
-4.33
-4.67
-1.0
-0.67
-3.0
3.67
-1.0
-4.0
-2.33
1.0
-3.0
8.0
-6.67
0.67
1.67
0.0
-2.67
-4.67
0.67
0.0
-1.67
-4.0
-5.33
1.33
-3.33
-0.33
5.33
1.67
-0.33
3.33
-2.0
12.0
3.33
22.0
2.67
11.67
13.0
15.67
8.33
24.33
26.67
20.33
15.33
12.67
15.0
9.67
11.0
8.33
9.67
15.0
5.33
5.67
9.33
8.67
9.33
6.33
10.0
1.0
4.67
-3.0
-4.67
2.33
1.0
2.33
-7.33
-2.33
-4.0
4.33
1.33
0.0
2.67
-3.33
2.0
-1.67
-2.33
1.0
0.0
2.0
-1.33
-5.0
-3.0
-4.0
-5.67
-3.0
-5.33
-1.33
-1.0
-3.67
1.67
-7.0
-8.67
-1.0
-9.33
-7.67
-4.0
-9.33
-1.33
-2.0
-3.0
1.33
2.0
-0.67
-3.33
-5.33
-3.0
-1.67
-8.33
-0.33
-6.0
-4.67
-0.33
-3.67
-5.67
4.33
-7.33
-0.67
-11.0
-1.0
0.33
-1.33
-4.0
-10.67
-6.67
-1.0
-4.0
-7.67
6.33
5.33
-6.67
-1.33
-1.0
-6.33
-4.33
-2.33
-9.67
-1.33
-5.0
0.67
3.33
-2.67
-4.67
-1.67
4.0
3.67
-2.0
4.67
-4.33
-9.0
-2.67
1.0
-0.67
1.67
-4.0
-9.0
-5.67
-3.33
-2.33
-2.33
8.67
0.67
-8.67
-0.67
-7.0
1.0
-2.33
-3.0
10.0
-7.0
-8.67
5.67
-4.33
3.0
-0.33
6.0
-6.33
0.0
-4.67
-13.67
-9.33
-3.67
-3.67
-1.67
-2.67
1.33
-0.33
-2.67
-2.0
-2.33
-5.0
-2.67
-4.0
-5.33
-0.33
-1.33
-0.33
-1.0
-3.33
-6.67
-6.0
-7.67
1.0
3.67
-10.33
-3.67
-5.67
3.67
-2.33
-1.0
-8.67
-1.33
-1.33
-0.67
-4.0
-1.33
-3.0
-1.0
-1.0
4.33
-8.33
-4.0
11.33
-3.0
-4.33
-8.33
-1.0
-9.0
4.33
-5.0
-3.33
0.67
5.67
1.33
-9.0
-1.33
-5.33
1.33
-6.67
-0.33
-1.67
-0.67
-0.67
-8.67
-0.67
-8.0
3.0
-7.33
-0.67
3.0
-3.67
-3.0
0.33
-4.67
10.0
-4.0
8.33
1.33
-0.67
11.67
2.33
11.67
4.0
13.33
16.0
10.0
17.0
8.0
9.33
4.67
8.0
15.0
2.0
13.67
2.67
8.67
-4.0
5.33
5.33
14.33
1.33
13.67
4.0
1.0
7.33
9.33
12.67
-4.67
12.0
15.67
0.67
5.67
12.0
21.0
6.0
-1.33
-2.67
2.0
4.33
1.33
1.33
4.33
-5.0
2.33
-2.67
10.0
0.0
7.0
-8.33
4.67
-1.0
4.0
11.0
3.33
14.0
2.67
1.0
14.33
5.33
-2.33
-3.67
8.0
9.0
10.33
4.0
-3.0
7.33
-5.33
1.0
-0.33
9.67
13.67
9.33
4.67
3.33
-0.67
-0.67
7.0
1.0
6.33
-5.33
3.33
4.33
6.0
-3.67
6.33
10.0
-4.0
5.0
-3.33
6.0
8.67
4.0
5.33
-2.67
3.0
6.0
-4.0
6.67
4.0
0.0
-3.33
4.0
-5.67
7.0
7.67
4.33
7.67
3.33
6.0
7.33
12.33
9.0
7.67
11.0
0.67
3.0
0.33
12.67
3.33
4.0
18.67
-1.67
6.0
-5.67
-1.0
8.0
6.0
-3.67
1.67
15.33
13.33
3.33
11.0
-1.67
-2.0
0.67
9.0
4.0
8.0
6.0
8.67
3.0
3.67
14.67
11.67
2.67
-0.67
16.33
3.67
-6.33
2.33
4.67
31.33
14.0
11.67
2.33
11.0
19.33
12.67
1.33
16.67
3.0
-3.67
13.0
10.0
-1.0
0.0
6.0
4.33
5.0
5.33
5.33
3.0
15.33
8.33
14.67
5.0
5.67
-4.0
-3.0
2.67
1.33
8.33
1.67
1.33
3.33
11.33
5.33
-0.67
6.33
6.0
16.33
8.0
11.0
1.0
6.33
-1.67
16.67
6.67
6.33
9.67
1.0
11.67
11.0
13.0
5.33
5.33
8.67
20.67
9.67
4.33
8.33
20.0
0.0
15.0
9.33
4.33
4.33
3.67
14.0
-4.33
-0.67
5.33
14.67
9.33
5.0
-1.0
2.67
14.0
-0.67
7.67
1.33
5.33
-1.0
13.0
7.0
7.33
8.0
-1.33
8.33
19.0
12.33
6.0
5.67
9.67
8.33
20.67
11.33
18.67
14.0
25.33
22.67
5.0
9.33
22.0
22.67
10.67
23.67
16.0
16.67
16.67
16.0
18.33
8.0
14.33
26.67
21.0
25.33
18.67
21.33
27.33
19.0
37.67
53.33
48.33
49.0
46.0
65.33
60.33
65.0
72.33
70.33
89.67
87.0
86.0
86.67
80.33
94.67
95.67
98.33
84.33
77.0
86.0
105.33
71.33
70.33
71.0
67.67
48.33
56.67
42.33
28.33
40.67
22.0
12.67
23.33
18.67
24.33
4.67
15.0
11.33
15.67
16.33
19.33
6.0
17.67
4.33
13.0
3.0
14.33
9.33
6.0
3.33
9.67
10.67
1.33
11.33
-5.33
3.33
7.33
1.33
12.67
6.33
2.67
15.67
3.33
9.67
9.67
6.33
5.67
15.33
8.33
4.33
5.33
15.67
1.67
7.33
17.0
4.0
12.67
-3.67
3.33
11.67
0.67
-6.33
10.67
12.0
16.0
14.67
-2.67
8.67
15.67
2.0
8.0
14.0
3.67
-4.33
-6.0
4.33
18.33
8.0
18.67
13.67
11.33
1.33
8.0
13.0
9.67
12.67
17.33
2.33
11.67
10.33
16.0
3.33
6.67
2.0
9.67
9.0
12.33
10.0
8.0
7.67
-3.67
-2.67
10.0
7.67
4.0
7.67
2.67
25.33
11.33
11.67
2.0
6.67
9.67
7.67
21.0
16.67
9.67
11.0
21.67
2.67
3.33
-2.0
-1.0
-3.0
7.67
0.33
8.33
-3.0
30.33
15.33
-2.33
15.67
-0.67
4.33
15.33
-6.67
6.67
-2.33
-5.0
-4.67
7.0
16.0
17.0
0.0
15.0
3.0
13.67
1.33
-6.67
10.67
20.67
3.0
-0.67
15.67
4.0
-4.33
11.33
4.67
16.33
15.33
-9.0
-8.33
2.67
10.0
10.67
-4.33
18.67
4.33
17.67
8.0
7.0
9.0
9.0
3.33
3.67
-1.33
-4.33
13.0
11.0
15.67
13.67
7.67
21.67
15.33
23.67
32.33
5.0
29.33
3.0
14.67
19.67
16.67
13.0
33.67
30.67
30.33
26.33
18.67
26.0
21.67
12.67
38.33
18.67
16.67
9.0
34.33
31.33
22.33
32.67
15.67
33.33
28.33
15.0
17.0
20.0
19.67
12.0
14.0
16.67
18.33
11.33
-7.33
3.33
21.0
7.0
10.33
-5.33
8.33
1.0
4.0
10.67
-2.0
-4.67
4.33
12.33
2.33
0.33
11.67
14.33
-5.67
11.0
10.0
1.0
-0.67
6.33
-5.0
-7.33
8.0
-0.33
15.0
-0.33
3.67
5.67
6.67
-5.67
-14.0
10.67
19.0
11.0
-5.67
1.67
-2.0
4.0
-1.0
-7.67
1.33
0.33
1.0
2.67
8.33
18.67
16.67
23.67
15.33
9.67
8.0
15.33
10.33
16.33
6.0
-6.0
10.0
6.33
9.67
4.0
5.0
10.0
6.33
12.33
4.67
-1.0
23.33
20.67
5.33
17.0
-9.67
4.33
-1.67
6.67
10.0
7.33
4.67
0.67
-7.0
17.67
3.0
-6.67
1.67
2.67
1.67
15.33
-6.0
-4.33
5.0
12.33
2.33
3.67
8.0
11.0
3.0
1.0
-0.67
-2.67
3.0
4.0
8.33
-3.33
2.33
0.0
-2.67
-0.33
5.67
4.67
5.33
-8.0
6.0
-4.0
16.67
0.33
-2.0
10.67
13.0
1.33
9.67
-4.67
7.67
0.0
12.0
3.33
-1.67
9.0
4.33
0.0
1.33
3.0
11.67
2.0
6.33
3.0
17.67
8.33
-5.33
-0.67
8.0
8.33
-1.0
1.67
6.67
7.0
-6.0
3.33
11.0
10.0
-13.0
9.0
11.0
1.33
9.0
4.67
-3.33
-4.0
7.0
3.33
3.0
-14.33
6.67
4.67
7.67
6.67
10.33
-0.67
-3.0
15.0
2.33
11.67
-2.33
5.67
11.67
7.67
2.33
13.0
3.67
6.0
3.33
5.0
9.33
6.67
-8.33
-5.33
8.33
4.0
8.33
1.0
-4.0
1.67
10.33
4.33
3.0
-3.0
-7.0
-6.0
2.0
4.67
9.0
4.67
-2.33
-3.67
-4.33
-3.0
9.0
7.33
5.0
8.33
15.0
3.33
11.0
7.67
10.33
4.33
2.33
5.67
-5.33
4.67
3.33
-5.33
3.0
-0.33
11.0
0.67
0.33
14.67
0.0
-2.67
3.0
-0.67
-1.33
-2.0
3.67
0.33
5.0
10.67
4.67
9.0
4.33
0.67
-5.0
-4.67
-9.0
-9.67
9.67
-3.33
2.33
5.0
-1.0
-0.33
4.33
-3.67
7.67
4.67
1.33
-1.33
-3.0
-9.0
2.33
-5.0
-7.67
10.0
4.67
11.33
1.33
0.67
1.67
-3.67
1.33
1.67
2.0
0.0
4.33
7.0
4.67
-0.67
6.0
2.33
1.0
3.0
-1.33
9.33
0.33
1.0
5.67
10.0
1.33
1.67
7.0
8.67
3.33
1.0
8.67
4.0
-1.0
3.67
5.33
4.33
-2.0
-5.67
0.0
9.0
4.0
-2.67
0.67
-3.0
-7.0
1.33
-12.67
1.0
3.67
2.33
2.67
2.0
5.0
1.0
1.33
2.0
3.67
-3.0
2.0
10.67
3.67
-10.33
-0.33
-2.67
2.33
-8.33
-3.33
2.67
1.0
-0.67
-2.0
-1.67
3.0
-5.67
6.0
-2.33
-5.0
0.33
0.33
0.0
6.33
-6.67
-0.67
1.0
6.67
3.67
1.0
11.33
6.67
5.67
-4.33
4.0
1.0
0.0
1.33
4.67
-0.67
6.0
1.33
5.67
6.33
-2.0
7.67
-3.0
2.0
5.33
5.0
-1.0
-4.0
5.67
7.0
3.67
-1.67
1.33
2.33
3.0
10.0
6.33
9.33
2.67
-1.67
10.0
6.33
-0.33
4.33
-3.67
-1.0
4.67
-1.67
-0.67
6.33
-1.33
3.33
-1.0
-4.33
0.0
-1.33
-5.0
0.67
5.67
-0.67
6.67
9.67
-0.67
2.67
2.67
3.0
-3.33
2.33
2.67
-2.33
3.67
-1.67
4.67
-2.33
-0.67
0.67
1.67
-0.33
-2.67
0.33
5.33
1.67
3.0
-3.33
4.33
3.0
-5.67
6.67
3.33
5.67
4.33
14.67
6.33
1.67
-0.67
-2.67
0.33
-3.33
5.67
-2.67
1.67
6.67
-1.67
3.33
-2.67
1.33
1.0
2.67
1.33
0.67
-8.0
3.0
1.33
4.67
9.67
-7.33
-0.33
-1.67
5.67
2.33
1.33
4.67
1.33
9.0
-1.67
0.0
-4.33
1.0
0.67
5.33
4.67
1.67
5.0
5.67
-4.33
-2.67
2.0
5.33
-1.33
0.67
2.67
6.67
-1.67
2.33
4.0
2.0
6.67
1.67
-2.33
-1.0
3.33
3.0
6.0
-1.33
2.33
-2.67
11.67
0.67
