0.0
31.0
-14.67
-3.33
54.33
68.0
122.67
21.33
34.67
12.67
-14.67
10.0
-9.67
-26.33
6.0
-0.33
21.67
16.67
58.0
-52.33
-2.67
-19.33
2.33
4.67
-2.33
-0.67
-9.67
11.0
7.33
4.33
0.67
2.33
3.0
1.67
-0.33
0.33
-1.0
-1.33
1.0
-1.67
1.67
2.0
0.67
1.0
-0.67
0.67
0.0
-0.33
1.0
0.0
0.0
0.0
0.33
-0.67
0.0
-0.67
-0.33
0.0
0.0
0.67
-0.33
0.0
-0.33
-0.33
0.0
-0.33
1.0
2.0
1.0
0.0
0.0
0.67
1.0
0.0
0.0
-0.33
-0.33
0.0
-1.33
0.67
-0.67
-0.33
-0.33
-0.67
-0.33
0.67
-1.0
-0.33
0.33
-0.33
0.67
-0.33
2.0
1.0
1.0
-0.67
0.33
0.0
-0.67
1.0
-1.0
2.33
-0.67
0.0
2.67
-0.67
-1.67
-1.33
2.33
-1.33
-1.0
-0.67
5.0
0.0
1.0
-3.67
5.33
-0.67
1.0
3.67
5.33
-1.0
-2.0
1.33
3.0
-1.0
3.0
-1.67
2.67
-2.33
-1.0
-1.67
-4.0
3.33
-1.0
9.33
6.33
-1.0
4.33
4.67
-1.33
6.0
0.67
2.67
4.67
-1.0
4.67
3.33
2.33
-1.67
-5.67
-1.67
2.33
2.0
0.33
-4.33
-0.67
3.0
5.67
-0.67
5.67
5.33
12.33
-2.33
-1.67
1.33
-0.33
1.33
5.67
2.67
1.67
3.67
1.0
-4.33
-2.67
1.0
-2.67
4.0
1.33
3.67
-0.33
-3.0
4.0
2.33
3.67
-0.33
5.0
6.0
5.33
3.0
1.67
0.33
4.67
-4.67
8.33
3.67
-0.67
-3.33
-2.0
5.67
0.0
12.0
-2.0
5.0
-4.33
0.67
3.0
-2.0
-2.67
-2.0
-5.33
-0.67
0.67
3.67
3.33
6.67
-0.67
5.67
0.67
-3.67
1.33
4.67
2.0
8.33
-1.33
3.67
5.67
-1.0
3.0
10.0
5.33
2.67
3.33
-1.33
1.67
6.0
-3.33
-1.0
1.0
-1.0
2.0
-6.0
-1.0
-1.67
2.33
6.67
4.67
-1.33
14.0
4.33
6.33
7.0
1.67
-2.67
2.33
10.33
2.0
6.33
9.33
1.0
-2.33
2.0
2.33
-3.33
0.33
2.33
6.0
1.67
4.33
0.67
5.67
2.33
2.33
5.0
6.0
-2.0
0.33
5.0
7.33
6.0
3.33
4.33
1.67
2.33
0.67
6.67
1.33
1.67
1.0
5.33
4.0
-2.33
0.0
1.67
-7.67
-5.33
0.0
0.67
1.67
2.33
3.0
-2.33
2.67
-0.33
4.0
0.0
6.33
-2.33
6.0
-0.67
10.33
-1.0
3.0
-2.33
5.0
1.67
-0.67
-4.0
0.67
2.0
0.33
0.0
2.67
-3.0
1.33
3.0
9.0
-1.33
1.0
1.67
-4.33
2.33
-4.0
-4.33
0.67
3.33
0.67
8.67
2.0
0.33
-2.0
4.67
0.67
2.0
12.33
-6.33
2.33
5.33
5.33
5.0
1.33
2.0
3.33
-1.33
-1.0
5.0
-4.0
2.0
0.0
-2.33
4.33
2.0
0.67
4.0
5.0
0.33
3.67
-1.67
-0.67
3.0
3.67
6.0
-2.33
2.33
6.33
2.33
2.67
10.67
-1.0
5.33
-1.0
7.0
1.33
5.0
-5.67
0.33
2.0
-0.67
-1.33
-1.0
-3.0
1.33
3.33
0.67
1.0
2.0
9.33
0.67
2.0
-4.33
1.67
5.67
-1.0
-2.0
-5.33
8.0
-2.0
-0.67
5.0
-1.33
1.33
-4.0
5.67
3.0
3.67
-3.33
1.33
5.33
1.67
4.67
1.33
1.67
0.67
-2.0
1.33
8.67
7.67
-3.33
3.67
0.33
2.67
0.67
1.0
2.0
-2.33
-3.67
2.33
4.67
3.0
2.67
-1.0
-1.67
7.33
-4.33
4.67
5.67
1.67
-1.33
-1.0
0.0
1.0
3.0
6.33
3.33
-0.33
2.0
3.67
-0.33
1.67
-0.67
1.0
-4.0
2.33
-2.0
2.33
8.0
4.67
-1.33
2.0
4.67
-2.0
1.0
2.0
-1.0
2.33
4.67
-3.0
2.33
-2.67
-1.33
3.33
4.0
4.0
5.67
-1.67
0.33
0.67
1.0
1.33
0.0
-2.33
-3.0
-0.33
-2.0
-3.0
-2.33
3.0
-1.33
-3.0
7.0
-2.33
2.0
-2.0
4.33
0.33
2.33
1.33
-2.33
-2.0
4.33
7.67
-1.67
-1.0
-2.33
-2.0
4.67
0.67
7.33
2.67
0.33
1.33
1.33
-3.67
-2.0
-1.33
1.33
0.33
-1.0
0.67
0.67
0.0
-2.67
0.0
6.33
0.0
-0.33
-0.67
-4.33
-0.67
1.67
7.67
3.33
-3.33
-3.0
5.33
3.0
1.33
-2.67
0.0
2.67
0.67
1.33
0.67
4.67
2.67
-3.67
0.0
3.33
-2.67
0.67
2.0
0.33
4.33
3.67
2.33
-2.33
-2.67
-0.67
2.0
-0.33
-2.0
7.67
-4.33
0.0
3.0
0.33
3.33
-2.33
-2.33
-1.33
-1.0
-3.0
-2.67
-2.67
2.33
1.33
0.0
0.0
4.0
0.67
3.33
-3.0
0.67
7.0
-0.67
2.0
-4.67
2.67
2.0
0.67
-0.67
2.0
0.0
-7.0
-2.67
9.0
1.33
-0.67
0.0
2.33
0.33
-1.33
-1.67
0.0
2.67
-2.0
2.67
2.67
3.67
3.67
2.33
-2.33
0.67
2.33
3.67
5.33
-1.33
0.67
-0.33
0.33
2.0
1.67
2.67
0.67
-2.33
-1.67
-0.67
4.33
-0.33
5.33
0.67
1.67
1.67
0.33
0.67
4.33
-4.67
8.0
-2.33
0.67
-1.0
-2.67
-2.67
3.67
2.33
-0.67
0.0
-1.33
0.0
-1.67
-1.67
-3.33
-2.33
1.33
4.67
1.33
2.0
3.0
-1.0
3.67
-2.33
-1.0
-2.33
0.67
-5.67
1.67
4.33
-2.67
-5.67
2.0
2.0
2.33
-1.67
-5.33
5.33
-6.0
-6.0
-1.33
-1.67
-1.67
-1.0
-4.67
1.0
-4.33
0.33
-1.33
-2.0
-3.67
0.33
-4.67
1.33
-1.0
-1.67
-3.33
2.0
-3.67
-1.0
-0.67
0.33
-4.67
0.33
0.33
-6.0
0.0
-2.33
-1.33
-2.33
2.67
-6.0
0.0
-4.33
-6.67
-4.33
0.33
-3.33
-5.33
2.33
-1.0
2.67
-3.33
-1.33
-3.67
-5.67
2.0
2.67
-3.0
0.33
-2.67
-2.33
-1.33
-2.33
-6.33
-2.33
2.0
-1.33
-3.33
-9.33
-3.67
0.33
0.67
-4.33
-4.67
-2.0
-2.33
-4.67
-4.33
-6.0
-2.67
-1.33
-7.67
-2.0
-8.33
-5.67
-2.67
-2.0
1.33
4.0
-3.67
3.33
-2.67
-5.33
1.33
2.0
-4.67
-4.0
-4.33
3.0
-5.0
-0.33
-1.0
-4.0
-1.0
-4.67
1.67
-1.33
-1.0
0.33
-1.67
-4.33
0.0
-1.67
4.0
-0.33
2.33
-5.33
1.67
6.33
6.67
4.67
2.33
4.0
0.0
7.33
6.0
14.67
16.67
7.0
10.67
9.33
19.33
23.67
23.33
25.33
28.67
21.0
16.67
19.0
26.33
8.67
12.0
4.33
6.67
0.33
6.67
8.33
12.33
10.0
4.0
3.67
10.0
-3.67
1.33
4.0
-4.67
-4.33
-0.33
4.0
4.33
-7.67
-1.0
-1.33
-11.33
0.0
-4.67
-5.33
1.0
5.0
6.0
-1.33
-6.0
2.0
1.0
-4.67
0.0
4.67
-6.33
2.0
-5.67
-4.33
-6.0
-2.67
0.0
-2.33
-3.67
-9.0
-6.33
-4.33
-4.0
-6.0
0.33
0.0
-7.67
-0.33
1.67
-12.0
-4.67
-5.33
-8.33
-9.0
-9.67
5.67
3.33
4.33
-5.67
-3.33
0.33
-13.0
5.0
-4.67
-8.33
-3.0
-9.67
-1.67
0.0
-2.0
-6.67
8.33
0.33
1.33
-3.33
0.0
-8.33
-4.33
1.67
1.33
3.67
2.0
-4.33
-4.67
-4.67
0.33
-11.67
-2.0
-4.33
-2.0
0.67
3.67
-5.0
-2.67
0.0
-1.67
4.67
-12.0
6.0
-5.67
5.67
-3.33
-1.33
-0.33
1.67
-4.67
-5.67
-3.0
-3.0
12.67
-9.0
2.0
1.0
-3.67
4.67
0.67
5.0
-1.33
-8.0
-6.33
-4.0
-8.67
-5.67
-0.33
0.33
-1.67
-4.67
-11.67
-3.67
1.67
-8.67
3.0
-3.33
3.0
4.33
5.0
-2.33
-1.33
-0.33
-3.33
-6.0
-6.33
-4.67
-1.0
-5.67
-2.0
7.67
-7.33
-6.67
-6.67
-6.33
-6.33
-6.0
-4.67
-1.33
1.67
-3.67
1.0
-6.33
2.0
-1.0
-3.0
-5.67
-6.33
-12.0
2.33
-1.0
8.67
1.67
0.0
-3.0
2.33
-6.0
0.67
-1.33
0.67
-1.67
0.0
-0.33
7.67
-4.67
-8.67
0.67
3.33
-6.67
0.33
-3.67
-4.67
-16.0
5.0
0.67
-3.67
-1.0
0.33
6.0
3.33
-1.67
1.0
0.0
7.33
10.33
7.33
16.67
6.33
9.67
16.0
10.33
9.0
19.0
16.0
8.0
10.33
6.67
8.0
19.0
12.0
28.67
8.67
14.67
10.0
2.33
3.33
6.33
6.33
0.67
3.0
9.0
-1.67
0.33
9.67
-0.67
9.0
3.67
0.67
-0.33
0.0
2.0
-2.0
-1.33
1.33
3.0
2.33
-5.67
3.33
-2.67
-1.0
-3.67
-7.67
7.0
2.0
1.0
-0.33
11.67
-4.0
6.0
6.0
2.33
-1.0
0.67
-3.0
3.33
-0.67
-6.33
-6.67
9.0
9.0
-0.67
-1.0
8.0
2.33
2.67
2.0
-3.33
8.67
4.67
2.33
-2.33
8.33
12.33
15.33
6.0
6.0
5.33
3.67
2.33
4.33
7.0
4.33
3.33
0.0
12.0
4.0
5.67
4.0
1.67
12.0
1.33
3.33
1.0
0.0
8.0
10.67
11.0
6.0
2.67
-1.0
1.33
8.0
12.67
0.33
7.67
8.33
10.0
-4.67
6.33
4.0
-2.33
-2.0
-2.33
4.0
1.33
2.67
-1.67
-4.0
4.67
-4.67
4.0
-1.67
13.0
11.0
10.0
2.33
6.67
4.33
4.33
-4.67
12.0
3.33
5.0
2.67
6.0
11.0
-1.0
4.0
1.67
-1.0
4.67
-0.33
-0.33
7.67
13.33
5.33
6.67
4.67
-0.67
8.67
3.33
7.0
0.67
17.33
-3.0
-3.67
17.67
8.33
9.67
1.0
5.33
8.0
14.0
5.0
10.0
23.0
6.33
10.0
8.33
-8.67
2.0
8.33
6.33
6.67
-1.0
4.67
2.0
10.0
7.67
-3.67
16.33
5.67
2.33
3.33
10.33
0.33
1.33
2.33
6.0
8.33
4.0
4.0
5.0
8.33
7.33
11.67
4.67
-0.67
12.67
9.0
9.67
15.0
15.0
7.33
2.33
10.67
8.67
4.67
9.33
7.33
14.0
3.0
3.0
18.33
6.33
11.33
13.67
2.0
-1.33
6.33
10.33
6.67
20.33
-4.0
8.0
9.67
0.0
0.33
2.67
-0.67
10.33
5.0
12.0
5.0
9.33
10.0
-3.33
10.33
15.0
1.33
2.0
10.67
12.67
8.33
16.67
14.33
16.67
21.0
17.33
12.67
15.0
12.33
12.0
12.67
18.67
19.67
24.0
13.67
17.67
17.0
14.33
27.0
20.33
20.67
22.0
28.33
26.67
29.33
33.33
32.0
45.67
42.33
46.33
44.0
50.0
65.33
41.33
74.0
77.33
92.33
97.67
80.0
86.0
98.67
95.33
88.67
78.67
92.33
84.33
97.0
86.0
102.33
88.33
68.33
82.0
82.67
70.33
56.67
35.33
42.33
38.67
16.0
24.67
19.33
25.67
6.33
12.67
14.0
18.33
23.67
13.33
3.33
5.0
15.67
-0.67
30.0
0.0
21.33
6.33
1.0
15.33
20.67
13.67
7.33
12.33
10.67
-4.67
4.33
-4.67
4.67
3.33
14.67
0.67
-5.67
8.67
10.67
17.33
10.67
8.33
12.33
16.33
6.33
9.67
6.67
11.33
7.0
5.0
14.67
9.33
10.33
22.67
8.67
-0.33
7.67
1.0
5.0
11.67
6.33
10.67
8.67
2.0
19.0
11.0
-0.33
-4.33
2.0
12.33
-1.67
8.0
9.67
17.67
0.33
-2.67
3.0
7.0
12.67
6.67
6.33
8.33
14.67
8.33
16.0
10.33
-4.33
8.0
14.67
10.0
1.33
4.0
20.0
11.67
2.33
13.33
-4.0
25.67
4.0
2.67
2.67
1.33
1.33
2.67
7.0
11.67
8.67
-7.33
11.0
6.67
14.67
11.0
2.67
7.67
5.33
12.0
10.0
9.0
19.67
-1.67
7.33
14.0
8.33
-0.67
5.67
13.67
-10.67
10.33
16.33
8.33
8.67
3.67
7.0
6.33
15.0
0.0
5.0
9.0
19.0
8.0
-3.33
9.33
4.33
11.67
12.67
-5.0
-5.67
5.67
20.0
7.67
15.33
15.67
5.33
3.33
13.0
-2.33
26.67
-7.0
11.67
8.67
13.67
2.33
3.67
8.0
-3.0
14.0
-3.0
2.33
-5.33
7.67
12.67
18.0
-1.0
11.67
1.67
33.67
13.67
10.33
27.67
10.33
29.0
28.33
32.0
25.67
24.67
19.67
40.0
34.67
19.67
17.33
21.33
33.67
24.0
28.67
29.67
2.33
26.67
19.67
23.0
19.33
33.33
27.33
11.67
10.67
21.33
4.33
14.0
18.0
21.0
12.67
7.0
15.0
17.67
14.33
5.33
7.67
0.33
-3.0
1.0
10.33
3.67
-0.67
3.0
10.0
10.67
13.0
17.33
20.33
13.33
4.33
-7.67
2.67
5.33
7.33
10.0
11.0
5.0
0.33
3.33
4.0
-2.33
-4.0
13.67
7.0
11.67
3.67
12.67
10.67
0.33
1.0
6.67
-1.0
4.0
10.33
-10.33
11.0
-3.0
15.0
0.33
-5.67
13.33
-4.0
-1.33
5.33
9.67
2.67
12.67
7.33
8.67
-6.0
6.33
8.33
7.33
6.0
-2.0
8.0
-6.67
3.67
4.0
8.0
16.0
6.33
-2.67
6.67
13.0
8.33
16.67
13.33
9.0
7.33
15.33
4.33
8.67
2.0
-3.67
3.67
2.67
-3.0
-1.33
-3.0
-8.67
0.67
4.67
-3.33
15.33
3.0
-6.33
-1.0
12.33
4.33
0.67
11.0
1.0
-4.0
5.0
4.33
-2.67
2.0
-5.0
14.33
-10.33
-12.67
12.0
1.33
-3.33
2.67
6.67
9.33
13.0
-3.0
2.0
17.67
-4.67
12.0
-0.33
19.0
1.33
3.67
2.33
8.67
17.0
6.0
16.33
1.33
6.0
8.33
4.0
6.33
6.0
-4.33
0.0
11.33
-5.0
0.67
2.33
-6.33
11.33
4.0
13.33
0.0
8.67
0.67
1.0
11.0
-3.67
3.0
13.0
-7.0
1.0
5.0
10.33
-7.0
2.67
1.67
-3.0
0.0
6.33
1.0
7.67
-1.33
-1.33
3.67
7.67
-0.67
2.33
8.0
5.0
-3.67
11.67
6.67
-9.33
0.67
7.67
-11.67
5.0
12.67
4.0
6.33
-3.0
0.33
10.67
-1.33
3.67
-7.67
4.0
1.33
1.0
2.0
-7.33
-6.67
14.33
4.0
10.0
3.0
-4.0
6.0
17.67
11.0
3.67
7.67
4.33
4.67
7.0
6.0
0.33
6.0
5.33
11.0
7.33
-2.0
5.67
6.33
3.33
-7.67
5.67
-7.33
-3.33
-3.67
1.67
5.0
3.67
7.0
1.67
7.33
5.67
3.0
-6.67
0.0
10.33
-1.33
6.0
-1.33
4.33
7.0
0.67
-0.33
5.0
4.33
10.67
5.0
4.33
-2.0
-1.67
-2.33
3.67
11.33
1.0
11.0
0.67
0.33
3.33
4.67
4.67
-1.67
-3.33
-2.0
6.0
-0.67
9.0
4.33
4.0
5.67
-1.67
-4.67
0.67
-5.33
3.33
-4.67
7.67
-5.0
6.0
2.33
4.0
1.67
6.33
6.0
5.33
-4.0
-1.0
-2.33
1.33
-1.67
11.0
1.67
3.0
-1.67
-1.33
3.0
5.67
5.33
1.0
-1.33
1.0
0.0
-3.33
4.33
-7.67
3.0
-10.67
0.0
5.0
0.0
3.33
-0.33
10.0
-4.0
5.33
-4.67
1.0
-2.33
5.33
-3.33
1.0
1.0
5.0
1.33
4.0
2.67
11.0
5.0
2.67
2.67
-6.33
-1.33
0.33
4.33
-4.33
2.67
6.67
3.0
-3.67
-2.0
3.33
-1.0
-3.67
0.0
7.67
0.0
-5.67
-4.67
-1.0
3.33
-0.67
4.33
-2.0
5.67
-0.33
-2.0
7.33
4.67
1.67
3.67
9.0
8.0
3.0
-6.67
9.67
4.33
1.0
-1.67
5.67
2.33
3.0
6.67
-2.0
0.0
6.33
-2.0
7.0
-1.0
-1.33
-1.0
5.67
3.33
3.33
3.33
5.0
4.0
1.33
5.33
-2.33
2.33
-2.0
6.33
3.67
-1.67
-4.67
0.0
8.67
-2.67
6.33
-2.67
2.67
9.33
-3.0
4.67
2.0
-4.33
-5.0
-1.33
1.67
-1.67
0.67
4.67
-3.67
2.67
6.67
-2.0
-4.33
1.33
2.67
-1.33
3.67
2.33
0.67
1.67
3.33
-1.33
-2.33
3.67
-0.67
0.33
3.33
-4.33
8.0
-2.33
0.33
3.0
-5.67
-3.33
1.33
-4.33
1.33
-1.33
1.33
-1.33
-0.67
-0.67
1.33
-2.33
4.67
0.33
-5.33
1.67
-2.67
-1.67
-1.67
4.33
-1.0
-5.33
0.33
2.67
3.0
7.0
-4.67
1.67
-2.33
1.67
3.67
7.33
1.67
3.33
3.33
2.67
-1.67
12.0
-0.67
2.0
-2.33
4.0
-3.33
1.33
7.67
4.67
-1.0
3.67
-2.33
1.33
-2.0
2.33
-2.33
-3.33
6.67
4.67
-5.67
-1.67
3.0
4.0
3.67
0.67
-2.33
0.0
3.33
7.0
10.0
5.67
-0.67
0.33
5.67
0.67
