0.0
57.0
-79.67
86.67
-17.67
-50.0
-0.33
-49.67
-28.33
-99.33
-23.67
-17.0
-21.67
-92.33
-25.0
9.67
20.67
-18.33
1.0
-11.33
-0.67
-21.33
-0.67
-26.33
-16.33
-14.67
-9.67
2.0
7.33
2.33
-5.33
6.33
7.0
1.67
3.67
1.33
-2.0
2.67
0.0
0.33
-0.33
0.0
0.67
2.0
-0.67
-0.33
0.0
-0.33
-1.0
1.0
0.0
1.0
-0.67
-0.67
0.0
0.33
1.67
0.0
0.0
-0.33
0.67
0.0
0.67
-0.33
0.0
-0.33
2.0
0.0
1.0
3.0
2.0
-0.33
0.0
0.0
0.0
-1.33
-0.33
0.0
-1.33
-0.33
-0.67
-0.33
-0.33
-0.67
0.67
0.67
-1.0
-1.33
0.33
-0.33
-0.33
0.67
0.0
0.0
-1.0
-0.67
0.33
-1.0
1.33
3.0
0.0
1.33
2.33
0.0
0.67
-1.67
-0.67
-0.33
0.33
0.67
-2.0
0.33
-1.0
-3.0
1.0
0.33
3.33
-0.67
6.0
1.67
3.33
2.0
-2.0
1.33
-3.0
-3.0
-2.0
-1.67
-0.33
-1.33
-2.0
1.33
-2.0
3.33
-3.0
-4.67
4.33
2.0
2.33
1.67
1.67
4.0
1.67
-0.33
5.67
4.0
1.67
-0.67
-1.67
-4.67
0.33
3.33
3.33
-3.0
-2.67
-2.33
8.33
1.0
7.67
1.33
2.67
0.33
8.33
9.67
6.33
5.33
0.67
-3.67
2.67
-1.33
-0.33
1.67
0.0
2.67
6.33
-1.0
4.33
1.0
-4.67
-0.33
1.67
-1.0
10.0
5.33
-0.33
2.67
-1.0
8.0
0.33
1.0
0.67
-0.67
6.67
-3.67
3.33
6.67
2.33
-0.33
-1.0
1.67
1.0
14.0
-2.0
4.0
0.67
6.67
6.0
-6.0
8.33
1.0
1.67
5.33
-0.33
-2.33
5.33
-1.33
3.33
3.67
-3.33
0.33
4.33
0.67
-6.0
13.33
-1.33
4.67
6.67
-2.0
4.0
6.0
2.33
4.67
0.33
-0.33
4.67
3.0
5.67
4.0
1.0
7.0
6.0
-3.0
-1.0
5.33
0.33
2.67
1.67
5.67
6.0
5.33
11.33
-1.0
9.67
-0.67
12.33
2.33
0.0
0.33
1.33
3.0
2.67
0.0
-2.67
4.67
0.33
6.33
2.0
1.67
4.33
0.67
0.67
5.33
-1.67
3.0
11.0
-5.0
3.33
5.0
1.33
0.0
6.33
3.33
7.67
0.33
2.67
13.67
2.33
-0.33
4.0
4.33
4.0
0.67
5.0
-2.33
-7.67
-6.33
5.0
-3.33
2.67
6.33
3.0
-1.33
-3.33
3.67
3.0
4.0
9.33
4.67
10.0
2.33
8.33
12.0
6.0
-2.33
3.0
4.67
-1.67
-5.0
4.67
2.0
-1.67
6.0
4.67
4.0
4.33
5.0
10.0
-8.33
15.0
0.67
-1.33
5.33
2.0
-0.33
11.67
5.33
1.67
3.67
3.0
1.33
4.0
3.67
-5.33
6.0
2.33
-8.33
3.33
-0.67
5.33
-1.0
5.33
-1.0
5.33
-0.33
2.0
-2.0
2.0
6.0
-2.0
2.67
6.33
0.0
-0.33
10.0
-2.0
-3.67
8.67
3.33
5.33
1.0
11.67
7.0
-5.33
3.33
5.33
3.33
4.67
4.67
1.0
6.33
-3.0
5.0
3.33
2.0
-4.67
-3.67
6.0
0.33
6.67
0.0
-1.0
-3.67
2.33
-2.33
-6.0
5.0
1.33
2.67
7.0
-1.33
-3.33
0.67
3.0
-3.0
3.67
0.0
1.0
1.33
3.0
3.67
0.33
-4.0
3.67
5.0
4.67
-0.33
1.33
2.33
-0.33
5.67
1.33
0.67
-2.33
9.0
7.33
-0.33
-0.33
-1.33
1.67
3.33
-0.33
1.67
2.0
5.0
3.67
0.33
2.33
-1.33
5.0
-1.33
3.0
2.33
1.33
3.67
0.67
0.67
2.67
0.67
-1.0
2.0
1.0
3.0
0.33
3.33
2.67
1.0
-0.33
1.67
1.67
4.33
-2.0
-1.0
-0.67
7.0
0.33
7.0
-0.33
0.67
1.0
1.67
-1.0
2.0
1.0
-1.0
-0.67
4.67
1.0
-3.67
0.33
0.67
1.33
4.0
4.0
3.67
0.33
-1.67
0.67
-1.0
0.33
-2.0
2.67
1.0
-2.33
-1.0
-1.0
4.67
3.0
-3.33
-3.0
-2.0
-4.33
3.0
-1.0
0.33
1.33
1.33
-0.67
-3.33
0.0
-4.67
2.67
-1.67
-1.0
1.67
2.0
-2.33
0.67
4.33
0.67
-2.67
9.33
0.33
-0.67
3.0
1.67
0.33
-2.67
0.0
4.67
3.67
4.0
2.33
-1.0
2.33
3.0
0.67
2.33
-2.33
1.33
1.67
2.67
0.33
3.67
1.0
4.33
8.0
-1.67
-5.67
1.0
-2.33
0.67
-0.67
-1.33
-1.33
4.67
-0.67
-2.0
0.33
1.33
5.67
0.0
2.33
4.33
3.67
0.33
-0.33
-5.67
3.33
-2.0
2.67
2.0
-1.33
-2.33
0.0
3.0
0.33
3.33
1.67
-2.33
-0.33
6.0
-2.0
4.33
3.33
0.33
-1.67
4.0
0.0
0.0
-0.33
-0.67
-1.0
4.67
1.0
-2.67
4.0
2.33
-0.33
0.0
-3.33
-2.67
0.0
-2.0
-1.0
-1.67
5.0
-1.67
0.33
2.0
-1.67
-1.67
0.67
6.33
2.0
0.67
3.0
1.67
1.67
-3.33
7.67
0.33
0.67
1.67
4.33
7.67
0.33
1.67
0.67
0.67
-0.67
-2.0
-1.33
-3.33
-1.33
1.67
-1.67
-1.67
1.33
4.67
3.33
1.67
-0.33
-0.33
-3.67
2.67
2.33
-2.67
2.0
0.67
-2.33
-2.0
-2.67
-5.67
-0.33
1.33
0.33
-1.0
-4.33
4.0
-2.67
0.33
3.67
4.67
2.33
-0.33
-3.67
0.0
2.0
1.0
-4.33
0.67
5.0
-0.33
-2.33
-0.67
-4.33
0.33
4.33
-2.67
1.0
1.0
-3.67
-1.67
-7.33
3.33
0.0
-5.0
-4.33
-1.67
-0.67
6.0
-2.67
-1.0
-3.33
-0.67
-0.33
3.0
2.33
5.33
-2.67
-4.67
-3.0
-5.67
-6.33
1.0
3.33
-4.0
-2.67
1.33
-2.67
-2.67
-3.67
-7.0
0.0
-2.33
-1.33
-0.33
-1.33
-1.0
-4.0
0.67
0.33
-5.33
0.33
-0.33
-4.33
0.33
2.0
-0.33
-4.33
0.67
-0.67
-6.67
-3.0
2.67
0.0
-2.67
-0.67
-1.33
-2.33
-6.33
-2.33
-6.33
-6.0
-0.33
-3.33
0.67
-0.67
-0.67
0.67
-5.33
-4.67
-6.0
-0.33
-2.67
-6.33
-2.0
1.33
-5.33
-2.67
-2.0
-7.33
-6.67
-1.67
-2.0
-2.67
1.0
-2.67
4.33
6.33
-0.33
1.33
-2.0
4.33
2.0
-1.33
-2.0
-4.0
-5.33
-2.0
1.0
3.0
1.33
4.67
2.67
-2.0
-9.67
-0.67
-5.33
1.0
-9.67
-5.0
3.67
-2.67
-2.33
5.67
7.33
-3.33
4.67
10.33
-1.0
11.0
26.33
5.0
10.67
14.67
18.0
17.67
21.33
14.33
19.67
28.33
22.33
25.67
36.0
17.67
27.0
14.33
14.67
18.0
7.33
20.67
6.33
4.67
12.33
5.33
8.0
5.0
6.67
9.0
0.33
-1.67
-2.0
-1.67
2.67
1.67
6.0
-1.67
-7.67
6.0
-0.33
-3.33
-5.0
-8.67
7.67
3.0
5.0
-1.0
-5.33
-4.0
5.0
-6.0
-9.67
2.0
0.67
-5.33
-10.0
-0.67
-1.33
0.0
-1.67
-3.0
1.67
-6.67
-8.0
-2.33
-2.33
7.0
-2.0
-1.67
-7.0
-1.67
0.67
-0.33
-10.0
-2.67
-4.33
-5.33
-5.0
-4.67
4.67
-1.67
0.33
0.33
-10.33
-0.67
-9.0
-6.0
-6.67
-9.33
-3.0
-0.67
-5.67
6.0
3.0
-11.67
-3.67
-0.67
-5.67
1.67
-8.0
-1.33
-5.33
-9.33
-3.67
2.67
-9.0
-4.33
0.33
-3.67
1.33
1.33
4.0
-4.33
0.0
-5.33
-1.33
-4.0
-3.67
-1.0
-5.67
2.67
-3.0
1.0
-3.67
-7.33
-1.33
1.67
-2.33
0.67
-1.67
-2.67
-2.0
2.0
1.67
-7.0
3.0
1.0
-7.67
-0.33
2.67
1.0
-4.33
0.0
4.67
-3.0
-9.67
-2.67
2.67
-4.67
-3.67
-5.67
-5.67
0.33
-2.33
-5.67
3.0
-3.33
3.0
2.33
4.0
-7.33
-0.33
-4.33
-8.33
10.0
2.67
-1.67
-2.0
0.33
0.0
6.67
-5.33
0.33
2.33
-2.33
-4.33
-9.0
-6.67
-4.33
-3.33
-1.67
0.0
-7.33
-3.0
-5.0
-1.0
-2.67
-3.33
-12.0
1.33
-3.0
-1.33
-5.33
6.0
-8.0
-1.67
-4.0
-2.33
4.67
-2.33
0.33
-7.0
-2.33
1.67
-3.67
-5.67
0.67
2.33
-0.67
-7.67
-0.67
-0.67
-10.0
8.0
-1.33
2.33
2.0
0.33
4.0
0.33
0.33
6.0
2.0
3.33
3.33
2.33
12.67
19.33
14.67
15.0
22.33
16.0
14.0
20.0
9.0
13.33
6.67
28.0
10.0
14.0
21.67
3.67
0.67
10.0
6.33
9.33
4.33
4.33
10.67
0.0
5.0
14.33
1.33
14.67
-0.67
15.0
4.67
4.67
5.67
12.0
7.0
4.0
-4.33
-2.67
6.0
0.33
-2.67
-1.67
-1.67
-2.0
4.33
-4.67
0.0
4.0
7.0
7.67
-1.33
4.0
7.0
4.0
2.33
6.0
7.67
6.0
6.33
12.33
-9.33
4.33
4.0
9.0
1.33
4.0
5.0
9.33
8.67
-3.0
1.67
2.67
4.67
5.33
-0.33
5.33
4.33
1.33
2.0
7.0
5.33
5.67
-1.67
8.33
7.0
-3.67
2.33
8.0
0.0
1.0
3.67
-2.0
1.67
5.0
-1.67
0.33
6.0
2.0
4.0
11.67
1.0
0.0
-3.33
2.0
-0.67
6.0
9.67
6.33
1.67
1.33
-1.0
-1.67
6.33
10.0
-0.33
1.0
0.67
12.0
13.33
8.67
8.33
1.0
9.67
5.33
3.0
-2.67
15.0
-2.0
5.0
3.33
-3.33
10.33
18.33
1.33
2.0
-2.67
9.0
6.67
6.0
5.0
2.0
2.0
4.67
10.0
8.67
9.67
13.67
13.67
4.33
-2.67
15.67
-4.33
7.33
2.67
9.33
-1.0
27.67
23.33
1.0
7.33
4.67
-0.67
7.67
16.0
3.33
16.0
6.0
2.0
4.0
16.0
-1.67
9.0
5.33
10.33
5.0
12.33
1.33
9.67
2.0
3.67
1.0
3.0
5.67
0.33
15.33
19.67
5.33
-1.67
3.33
7.33
11.33
-1.67
3.0
3.33
8.0
3.0
-5.0
4.33
16.33
-1.33
-0.33
7.33
7.67
13.0
11.67
-2.0
5.0
17.33
10.33
16.67
6.67
2.67
15.33
4.33
3.0
11.0
12.0
7.33
13.33
1.33
1.67
5.0
-1.33
4.33
0.33
12.67
10.33
7.0
4.0
1.67
-1.0
0.33
5.67
7.33
10.33
5.0
14.0
6.0
18.33
13.0
4.67
16.33
17.0
1.33
10.0
17.67
14.67
7.33
22.67
5.33
19.67
16.0
25.33
32.67
15.0
11.33
23.0
8.67
18.67
18.67
18.0
12.67
27.67
28.0
18.33
17.0
20.33
14.67
25.0
30.33
30.67
35.33
28.33
25.0
49.67
40.33
46.33
52.0
49.0
58.33
80.33
75.0
55.33
100.33
83.67
100.0
116.0
106.67
97.33
92.67
105.67
84.33
82.33
74.0
87.0
86.33
71.33
92.33
88.0
71.67
73.33
61.67
39.33
52.33
35.67
38.0
18.67
16.33
23.67
2.33
16.67
9.0
11.33
21.67
7.33
4.33
14.0
15.67
-9.67
1.0
11.0
23.33
16.33
8.0
15.33
20.67
5.67
2.33
5.33
9.67
2.33
3.33
2.33
1.67
-0.67
3.67
-2.33
-3.67
14.67
15.67
19.33
8.67
9.33
4.33
10.33
16.33
1.67
1.67
14.33
4.0
14.0
22.67
15.33
20.33
12.67
-2.33
1.67
6.67
12.0
9.0
-4.33
5.33
9.67
14.67
11.0
5.0
15.0
18.67
-1.33
2.0
12.33
15.33
4.0
9.67
10.67
10.33
7.33
6.0
8.0
19.67
11.67
12.33
11.33
1.67
7.33
16.0
-2.67
3.67
13.0
12.67
9.0
3.33
11.0
14.0
4.67
13.33
-1.67
10.0
12.67
13.0
-1.33
-4.33
11.33
-0.67
10.67
-5.0
19.67
8.67
0.67
9.0
6.67
11.67
11.0
12.67
5.67
2.33
8.0
7.0
7.0
-6.33
13.33
11.33
14.0
12.33
6.33
6.67
8.67
8.33
-3.67
9.33
3.33
12.67
-7.33
9.0
13.33
8.0
-6.0
2.0
-4.0
2.0
4.0
23.67
-2.67
-3.67
10.67
5.67
-1.0
-6.67
4.67
4.0
10.67
12.33
17.67
3.33
11.33
7.0
4.67
3.67
15.0
11.67
11.67
1.67
5.33
9.67
10.0
8.0
0.0
-3.0
5.33
20.67
7.67
5.67
10.0
22.0
12.67
-2.33
11.67
2.67
17.33
29.67
4.33
15.0
20.33
32.0
23.67
42.67
13.67
24.0
30.67
31.67
32.33
19.33
33.67
28.0
25.67
31.67
33.33
29.67
23.67
24.0
14.33
30.33
29.33
10.67
18.67
27.33
2.33
18.0
24.0
20.0
16.67
-5.0
11.0
10.67
10.33
2.33
7.67
7.33
-6.0
2.0
13.33
-1.33
7.33
12.0
15.0
11.67
0.0
1.33
14.33
17.33
11.33
4.33
1.67
7.33
-0.67
-2.0
3.0
3.0
1.33
0.33
5.0
-14.33
-1.0
2.67
23.0
3.67
-1.33
12.67
8.67
1.33
0.0
18.67
6.0
4.0
-2.67
14.67
6.0
8.0
-1.0
0.33
10.33
-5.67
1.0
-1.33
2.33
13.67
7.67
19.67
7.33
2.67
-6.0
-3.67
1.33
12.33
9.0
14.0
10.0
2.33
8.67
-3.0
9.0
5.0
19.33
8.33
4.67
7.0
2.33
10.67
2.33
20.0
-3.67
14.33
-1.67
1.67
-1.0
14.33
-0.33
2.67
-2.0
1.67
2.0
-10.67
-9.33
4.67
-2.33
12.33
-4.0
9.67
7.0
9.33
4.33
-0.33
-7.0
13.0
-4.0
10.0
-2.67
8.33
3.0
3.0
-0.67
-13.33
-9.67
4.0
-5.67
0.67
-4.33
11.67
2.33
3.0
-6.0
-1.0
18.67
-0.67
3.0
-2.33
9.0
4.33
10.67
-10.67
-2.33
3.0
8.0
3.33
-1.67
9.0
8.33
0.0
-5.67
10.0
1.67
-8.0
2.33
-6.0
2.67
4.33
13.67
-3.67
-6.0
9.33
6.0
-0.33
4.67
6.0
2.0
-6.67
2.0
9.0
-8.0
2.0
2.0
8.33
-1.0
7.67
-3.33
9.0
-2.0
17.33
0.0
-2.33
-0.33
5.67
-1.33
9.67
5.33
-3.67
-2.0
6.0
2.33
-3.33
1.67
-2.33
-2.33
6.67
1.33
8.0
1.67
2.0
6.33
7.0
11.33
7.67
-9.33
3.67
10.33
2.0
-1.67
3.0
-3.0
7.67
5.33
14.33
16.0
8.0
-11.0
2.0
11.0
7.67
11.0
-1.33
8.67
2.33
3.67
17.0
8.0
7.33
-7.0
-0.67
2.0
-0.67
13.0
-2.33
8.33
5.33
-1.67
6.67
4.67
-3.33
4.33
-1.33
-8.0
3.67
11.0
1.67
2.33
5.67
-7.0
-11.67
8.0
1.33
-2.33
-7.0
6.67
4.33
5.0
4.67
10.67
4.0
0.33
22.67
5.0
3.33
-8.0
-8.67
-4.33
4.67
5.33
-1.0
7.0
-1.33
-2.67
-9.67
2.67
-2.33
-4.67
-4.33
-2.0
-1.0
7.33
-3.0
8.33
6.0
-0.33
4.33
-3.67
6.67
4.67
2.33
-3.67
2.67
3.0
7.0
8.33
6.0
0.67
3.33
6.0
3.33
-2.0
2.0
4.67
4.33
-3.67
1.0
3.67
3.0
1.33
-0.33
9.0
1.67
1.33
10.0
-0.33
0.0
-4.0
4.67
-5.67
-1.67
2.0
-1.67
-8.0
4.0
0.0
1.33
-2.33
1.0
-7.0
-1.67
-7.67
2.0
1.67
0.33
-1.33
-2.0
6.0
6.0
4.33
-2.0
-1.33
4.0
1.0
8.67
7.67
-1.33
2.67
-8.67
7.33
-2.33
-3.33
6.67
-6.0
10.33
0.0
-0.67
2.0
-0.67
3.0
-2.33
3.0
1.33
-4.67
-1.0
3.33
4.33
1.33
3.0
14.67
13.67
8.0
6.33
-4.33
3.67
-1.33
5.0
5.0
0.0
1.33
1.67
1.33
-3.0
4.33
13.67
15.33
2.0
3.67
7.0
3.0
-2.67
2.0
-1.0
6.0
-2.33
2.0
9.67
-1.67
5.33
0.33
2.0
5.0
-1.67
3.33
-2.33
3.33
-7.0
3.33
7.67
3.33
-0.67
-6.0
-2.33
1.33
-1.67
6.33
4.67
0.33
1.0
-5.33
3.0
2.67
-1.0
-0.33
-0.33
0.33
0.67
6.67
5.33
0.67
0.67
0.0
1.67
2.33
-0.33
7.67
1.67
-4.67
4.67
-1.33
3.33
-5.33
2.67
5.67
-4.67
5.33
3.33
1.67
6.0
3.67
-0.67
5.0
6.33
4.67
5.33
-0.33
4.33
4.67
1.33
1.67
-4.67
4.33
-0.67
-1.33
4.67
-0.67
0.67
-1.33
2.33
3.33
-4.67
-0.67
-7.0
7.67
-0.67
7.67
-8.0
4.0
3.33
3.67
4.67
7.67
1.67
4.33
-3.33
-1.67
6.33
5.67
5.33
6.0
0.33
2.0
2.67
4.0
-0.33
2.33
2.67
6.67
1.0
-0.33
2.67
-1.67
-3.0
2.33
-2.33
-6.33
-3.33
1.67
2.33
-2.67
-1.0
1.0
1.67
1.67
-0.33
10.0
4.33
3.0
1.0
0.67
4.33
-3.67
6.67
0.67
