0.0
-1.0
-22.67
19.67
-32.67
-10.0
30.67
19.33
30.67
40.67
1.33
-12.0
51.33
-20.33
-1.0
-35.33
16.67
13.67
65.0
7.67
-10.67
29.67
6.33
-19.33
22.67
-8.67
-4.67
2.0
0.33
-0.67
3.67
4.33
-5.0
-1.33
5.67
1.33
-2.0
-0.33
0.0
-1.67
-0.33
-1.0
-0.33
1.0
-0.67
1.67
1.0
1.67
-1.0
0.0
0.0
0.0
-0.67
0.33
1.0
-0.67
-0.33
1.0
0.0
0.67
-0.33
1.0
-0.33
-0.33
0.0
0.67
1.0
0.0
2.0
1.0
0.0
0.67
0.0
0.0
2.0
-0.33
-0.33
0.0
-0.33
0.67
0.33
-0.33
0.67
-0.67
-0.33
-0.33
0.0
-1.33
-0.67
-1.33
-0.33
-0.33
0.0
-1.0
-1.0
0.33
0.33
-1.0
1.33
0.0
0.0
1.33
-0.67
0.0
0.67
0.33
-1.67
0.67
1.33
-0.33
1.0
-0.67
1.0
-2.0
5.0
0.33
2.33
-0.67
0.0
-0.33
3.33
2.0
0.0
0.33
3.0
-3.0
0.0
1.33
0.67
0.67
-2.0
1.33
-4.0
0.33
-1.0
-3.67
3.33
-1.0
3.33
2.67
-4.33
0.0
1.67
-2.33
3.67
3.0
13.67
2.33
-2.67
-5.67
0.33
-0.67
-7.67
1.0
-1.67
-5.33
-2.67
-4.0
4.67
6.33
2.67
2.33
6.33
-1.33
7.33
-1.67
4.67
8.33
-3.33
5.67
-5.33
1.67
0.0
-3.33
0.33
-4.0
-0.67
4.0
7.33
-4.33
5.67
3.0
3.0
5.33
5.67
1.67
-1.0
0.0
4.33
-3.0
-0.33
-5.67
6.67
-4.67
4.33
1.67
7.33
0.67
-3.0
8.67
-4.0
5.0
1.0
3.0
-0.33
1.67
0.0
3.0
8.33
-4.0
3.67
13.33
5.67
0.67
0.33
1.67
5.33
7.67
1.67
4.33
-1.67
-5.33
0.0
3.33
0.67
-3.33
8.67
9.0
3.0
5.0
8.33
2.67
3.33
7.67
0.67
3.0
3.67
2.0
3.0
3.0
2.0
-2.0
5.0
10.33
-6.67
3.67
6.67
4.67
3.0
3.33
-0.67
-3.0
3.67
-2.67
3.33
7.33
-1.0
3.33
0.33
5.0
-0.33
2.0
6.33
5.67
2.33
6.33
2.0
3.67
5.33
-1.33
-1.33
5.33
4.33
-4.0
6.0
0.0
5.33
3.0
1.33
0.0
3.33
-1.67
5.67
0.33
0.67
4.67
-1.67
5.67
1.0
7.33
2.0
0.67
-1.0
6.67
0.33
-1.33
-4.0
-3.33
0.67
4.33
3.0
6.67
8.67
1.67
4.0
3.0
1.33
-2.33
6.0
15.33
3.33
0.0
1.0
-1.33
4.0
3.67
-1.67
0.0
-2.33
4.0
-0.67
4.0
-2.33
0.0
0.33
-4.0
16.0
3.67
3.0
-5.33
0.67
5.33
-2.0
1.67
2.67
1.33
8.67
2.67
5.0
0.33
6.0
4.67
-2.33
1.0
3.33
-4.33
3.33
0.33
10.33
0.0
-0.67
5.0
4.33
-7.33
15.0
2.0
0.0
1.0
5.0
0.67
2.33
11.0
-0.33
-3.0
5.0
-2.67
5.67
6.33
6.33
4.0
0.67
4.0
-0.33
3.33
4.33
-1.67
9.67
5.67
-2.0
6.33
-2.0
3.0
-0.67
2.0
0.33
5.33
11.0
4.33
3.67
1.0
8.0
-1.67
3.33
1.67
-5.0
8.0
4.33
-2.33
3.0
-2.33
-1.33
2.67
6.0
-2.0
-0.33
7.0
-3.0
2.33
5.0
2.67
-2.67
-4.0
11.67
4.0
4.67
2.67
0.33
9.33
-1.33
9.67
-2.67
3.67
1.67
-3.0
5.33
-1.33
-1.33
0.67
5.67
0.33
-3.33
-1.33
4.0
1.0
1.67
0.33
4.33
5.67
6.0
8.67
5.0
2.33
1.33
-1.33
5.67
4.67
4.67
-7.33
-5.0
1.0
-2.0
-1.0
-1.67
0.33
2.67
4.0
0.67
2.67
-1.33
3.33
3.0
-4.0
1.33
-4.0
3.33
2.0
1.67
-0.33
-1.0
2.67
-4.0
-2.0
-1.0
1.0
5.33
6.67
-6.0
-4.67
0.33
-6.33
8.33
-2.0
1.0
3.67
-5.67
4.33
-0.33
1.0
-1.67
2.0
-0.33
-2.0
-1.33
0.0
2.0
0.67
1.0
-3.33
1.0
-2.0
4.67
0.0
-1.0
2.33
-0.67
0.33
0.33
1.67
3.0
-4.67
1.67
-2.67
-5.0
2.67
0.0
-1.33
2.67
1.33
5.67
-1.67
0.33
1.33
1.33
0.0
0.67
2.33
-3.67
4.0
6.67
-0.33
4.0
-4.67
0.0
1.33
-1.0
3.67
0.33
-6.33
-0.67
0.67
0.67
6.33
0.67
-1.0
0.33
-3.0
0.33
-1.67
1.0
5.67
0.67
0.33
5.67
0.67
6.67
-6.67
-4.0
7.33
5.33
3.67
5.0
0.33
1.33
2.67
-0.67
-2.33
-5.67
1.33
-2.0
0.67
-3.0
0.67
-3.33
4.0
9.0
1.33
1.33
-1.33
-0.33
-3.33
1.0
0.0
-3.67
-3.67
-4.67
-0.67
3.0
-1.0
-1.0
-3.33
-0.67
-2.0
-2.33
-2.0
2.33
-1.0
-3.67
-5.33
0.0
0.67
3.33
-3.0
3.0
-6.0
-2.67
1.0
-2.67
-0.67
2.0
-0.67
-3.67
4.67
4.33
5.0
-0.33
0.0
3.67
-1.33
-3.33
2.67
-0.67
3.67
1.67
1.33
1.67
1.33
3.67
-0.33
1.67
1.33
2.0
-0.33
1.67
1.67
0.67
-1.67
-3.67
-1.67
-5.33
0.33
-2.33
3.67
-2.33
0.33
1.67
6.33
-5.67
-3.0
-0.33
2.67
2.0
-3.67
-3.67
-1.33
-0.67
-3.67
-2.0
-0.33
-2.0
-2.67
-2.67
-4.33
-2.33
1.33
1.67
0.33
-3.0
0.0
2.0
-4.33
-4.33
-1.0
-6.33
-1.33
1.33
-4.33
1.33
5.33
0.33
-3.0
0.0
0.33
1.33
-4.33
1.33
-5.0
-1.0
-1.33
-4.67
-3.67
3.0
-4.67
-3.0
1.67
-3.67
1.67
0.0
0.33
1.33
-3.67
-1.67
6.0
-1.67
-5.33
0.0
-2.67
-2.0
-0.67
5.33
-2.67
-0.67
-2.67
-9.0
2.0
-2.33
-0.33
-2.33
-5.33
-9.0
-5.0
0.67
-1.67
-0.33
-1.67
-7.33
-0.33
-4.67
3.0
-4.33
-6.33
-1.33
-2.67
-0.67
1.0
-2.33
0.0
-1.67
-6.67
-6.33
-2.33
-6.33
-2.33
-0.33
-3.0
-0.33
-6.33
-8.33
-0.67
1.33
-3.33
-2.33
-2.67
-8.0
-0.33
0.33
-9.33
-2.0
-1.67
-0.33
-5.67
4.0
-2.33
2.33
-8.67
0.0
-1.67
3.0
-5.67
-3.67
-1.67
-4.33
1.33
6.0
-4.67
0.0
-3.33
7.0
-6.0
-3.33
-4.0
1.0
-3.0
-1.67
-1.33
-3.33
-3.0
-8.67
-4.67
-2.33
3.0
-0.67
1.0
-0.33
0.33
-4.33
0.67
11.33
-0.33
-3.33
3.33
3.0
8.0
6.33
19.0
12.67
12.67
28.0
13.67
16.33
22.33
19.67
21.33
21.33
32.67
17.0
24.67
22.0
23.33
8.67
13.0
6.33
19.67
14.33
4.67
8.33
11.33
9.0
9.0
6.67
2.0
-0.67
0.33
11.0
-1.67
-4.33
-6.33
-2.0
3.33
1.33
1.0
-0.33
-1.33
-8.0
-4.67
0.67
-6.0
5.0
0.0
-6.33
-2.0
5.0
-2.0
-10.67
7.0
0.67
-4.33
-4.0
-3.67
-5.33
-7.0
1.33
5.0
-2.33
-8.67
-11.0
-9.33
-3.33
-4.0
-6.0
-4.67
-3.0
-2.67
-1.33
-5.33
2.0
2.33
0.67
-4.33
-6.0
-1.67
-3.33
1.33
3.33
5.33
-5.33
-0.67
-4.0
3.0
-1.67
-5.33
-4.0
-9.67
-10.67
5.0
-4.0
-8.67
6.33
6.33
-7.67
-11.33
-11.0
-7.33
0.67
-2.33
3.33
7.67
-8.0
-1.33
-0.67
-2.67
1.33
-5.67
-3.0
-3.33
-5.0
-4.33
-0.33
-5.0
-3.67
-5.0
0.33
5.67
-2.0
-9.0
-1.67
-0.33
-2.33
-3.33
-8.33
-3.33
-7.67
1.33
1.0
-1.0
3.67
-8.0
5.0
1.0
-3.67
3.67
-4.33
1.0
-0.33
-2.0
1.67
-7.0
-7.67
-3.67
-9.33
-3.67
-4.67
4.33
-7.67
-5.67
-2.33
-2.67
-3.0
0.67
3.0
1.33
-3.0
-5.33
-8.33
-5.33
-4.33
-1.0
0.67
-7.67
-5.0
-5.67
1.0
6.67
4.67
0.33
-3.67
-6.33
3.67
-7.0
-7.67
-2.33
-4.33
3.33
9.0
-0.33
-9.0
4.0
-3.0
-5.67
-8.33
-4.0
0.33
1.0
-3.33
-10.33
1.0
-11.0
-3.67
-3.0
-5.33
0.67
0.67
0.33
-11.0
2.67
-4.33
1.33
11.33
0.67
-1.67
1.33
-3.67
0.33
0.33
-6.0
1.0
1.67
1.33
2.0
-7.67
9.0
2.33
-4.67
-5.0
11.0
7.33
26.33
7.33
24.67
10.33
16.67
23.0
16.33
14.0
9.0
17.0
11.0
17.33
22.67
12.0
26.0
12.0
21.67
10.67
2.67
3.0
8.33
13.33
6.33
11.33
5.67
1.0
0.0
14.33
6.33
12.67
-1.67
8.0
0.67
4.67
-0.33
3.0
-4.0
3.0
3.67
-0.67
2.0
3.33
-4.67
8.33
0.33
3.0
0.33
0.33
-5.0
3.0
9.0
-2.33
4.67
7.0
4.0
3.0
6.33
1.0
10.67
-7.0
11.33
2.33
-4.33
-9.67
8.0
6.0
4.33
3.0
6.0
6.33
9.67
-3.0
5.67
3.67
8.67
4.33
2.67
6.33
0.33
6.33
5.0
0.0
6.33
0.67
2.33
14.33
7.0
0.33
13.33
1.0
2.0
-1.0
2.67
1.0
6.67
4.0
7.33
4.33
0.0
-1.0
2.0
13.67
2.0
-4.0
-8.33
2.0
2.33
7.0
9.67
4.33
7.67
1.33
16.0
1.33
0.33
-1.0
-5.33
10.0
6.67
9.0
1.33
9.67
-7.67
5.0
-2.33
8.33
2.0
-4.67
3.0
6.0
0.0
-1.67
4.67
6.33
10.33
7.33
6.0
2.33
4.0
6.67
-1.0
9.0
9.0
8.0
6.67
3.0
3.67
9.67
2.67
3.67
1.33
7.33
6.67
5.67
2.33
-0.33
16.33
3.0
23.67
8.33
11.0
8.33
20.67
-1.67
4.67
5.0
0.33
10.0
3.0
9.0
13.0
18.0
1.33
10.0
0.33
-6.67
15.0
6.33
-0.67
6.67
6.0
9.67
11.0
10.0
6.67
5.33
11.33
9.67
-1.67
7.33
7.33
6.33
8.33
11.33
3.0
-0.67
8.0
6.0
12.0
7.33
0.33
9.67
-3.33
8.33
7.67
4.0
3.67
1.0
7.0
6.33
5.33
9.67
9.67
2.67
15.33
9.33
10.0
10.0
4.0
4.33
6.33
7.33
4.67
7.0
1.67
0.33
7.33
7.67
14.33
6.0
5.0
7.67
4.0
1.33
3.67
16.33
16.33
16.0
9.0
0.0
11.33
4.0
12.67
15.33
17.0
10.33
6.0
6.67
15.67
8.33
7.67
15.33
12.67
8.0
20.33
30.67
5.0
18.33
20.0
12.67
19.67
11.67
16.0
20.67
14.67
10.0
26.33
4.0
23.33
27.67
21.0
27.33
21.67
19.33
19.33
31.0
52.67
41.33
48.33
57.0
74.0
62.33
72.33
78.0
86.33
84.33
75.67
102.0
95.0
82.67
87.33
81.67
93.67
104.33
98.33
93.0
92.0
92.33
96.33
82.33
78.0
77.67
83.33
57.67
54.33
35.33
44.67
36.0
36.67
30.33
27.67
18.33
6.67
26.0
13.33
16.67
4.33
4.33
-8.0
9.67
-0.67
19.0
21.0
16.33
7.33
11.0
16.33
0.67
6.67
21.33
0.33
6.67
2.33
10.33
6.33
4.67
-0.67
6.67
-1.33
1.33
-4.33
7.67
15.33
-0.33
13.33
9.33
9.33
17.33
3.67
-1.33
10.33
6.0
-2.0
3.67
14.33
10.33
17.67
2.67
3.67
9.67
16.0
14.0
9.67
10.33
-1.33
5.67
17.0
11.0
6.0
0.67
3.67
8.0
15.33
10.33
3.0
17.67
3.67
11.33
14.33
0.0
12.0
1.67
19.67
4.33
0.33
16.67
21.33
15.0
3.33
1.67
11.0
5.67
3.0
7.33
9.0
13.0
6.67
4.33
-0.67
23.0
2.67
-4.0
2.67
5.67
13.33
9.33
1.67
14.0
14.67
6.67
-0.33
10.0
10.67
-1.33
16.0
12.67
5.67
10.33
-4.0
9.0
6.0
14.67
9.33
11.33
17.0
12.33
6.33
11.67
7.67
3.33
12.33
5.33
1.33
8.67
8.67
2.0
5.33
17.0
10.0
13.0
13.0
11.0
3.0
10.67
-0.67
-7.67
16.67
10.67
-8.0
-6.67
0.67
13.0
15.67
7.33
9.67
6.33
1.33
10.0
7.67
3.67
-1.0
-0.33
16.67
3.67
10.33
8.67
10.0
3.0
7.0
13.0
2.33
-2.33
17.67
9.67
26.0
6.0
13.67
17.67
15.67
14.67
4.33
15.67
22.33
15.0
27.33
29.0
22.67
21.67
23.67
30.0
37.67
25.67
16.33
25.33
40.67
15.0
27.67
24.67
28.33
21.67
23.67
23.0
19.33
43.33
28.33
40.67
10.67
37.33
17.33
13.0
11.0
12.0
19.67
-8.0
13.0
11.67
11.33
-2.67
10.67
8.33
5.0
5.0
19.33
3.67
-3.67
7.0
8.0
3.67
-9.0
-3.67
8.33
21.33
-5.67
-8.67
17.67
5.33
1.33
-4.0
25.0
8.0
0.33
3.33
-3.0
-6.33
-6.0
6.67
15.0
14.67
-1.33
3.67
11.67
14.33
-15.0
20.67
2.0
-2.0
10.33
2.67
19.0
14.0
-3.0
-0.67
14.33
2.33
7.0
11.67
1.33
13.67
-0.33
19.67
21.33
4.67
-9.0
24.33
4.33
18.33
1.0
3.0
22.0
-0.67
1.67
4.0
13.0
3.0
15.33
1.33
2.67
19.0
12.33
7.67
6.33
16.0
4.33
6.33
15.33
3.67
11.0
3.33
-3.33
4.67
7.0
6.67
-4.0
-9.67
10.67
10.67
5.67
5.33
1.0
-1.33
2.0
7.33
-2.67
6.67
-4.0
-8.0
11.0
6.0
5.33
10.33
4.0
4.0
-5.67
-0.33
4.33
-7.0
10.33
1.67
15.67
3.67
4.33
3.0
-2.0
8.0
-0.33
-4.67
15.0
-6.33
5.0
-0.67
5.67
12.33
11.67
2.0
1.0
8.33
2.33
2.0
9.33
3.0
0.33
5.0
5.67
9.0
0.33
-1.0
5.67
0.33
3.67
0.33
0.0
17.33
-3.0
1.67
8.67
12.0
2.0
-0.67
-5.0
11.0
-14.0
-2.0
5.0
5.33
2.0
0.67
-3.33
6.0
-7.0
5.33
6.0
-7.33
-1.33
10.67
2.67
4.67
5.33
3.33
-5.0
4.0
-9.67
3.67
5.67
4.67
-0.33
1.67
4.33
20.0
-5.33
14.0
4.33
9.0
6.33
5.67
7.67
6.67
7.33
-1.0
14.33
0.0
7.0
1.67
-2.67
10.33
16.0
0.0
6.0
7.0
11.0
-2.33
4.0
2.67
4.67
4.33
1.67
9.0
9.0
5.33
-13.0
-7.67
7.0
1.33
10.0
4.67
10.33
11.33
8.33
3.67
4.67
3.67
5.33
4.67
-4.0
-1.33
6.0
0.67
10.33
14.67
-5.0
5.33
-7.0
-3.67
1.67
-5.0
4.67
9.33
-4.0
3.67
7.67
8.0
-8.67
4.67
0.0
-6.67
-11.0
1.33
-3.33
-3.33
9.33
-1.0
0.0
8.67
4.33
-2.67
2.67
2.67
-0.67
5.67
7.0
-7.0
3.33
1.0
-0.67
1.0
3.67
-1.67
-3.67
3.67
7.67
-4.67
4.33
3.67
4.0
5.0
-0.67
-2.0
4.67
-2.67
8.0
3.33
-1.0
13.0
7.67
5.33
2.33
5.0
7.67
8.0
-2.67
8.67
3.0
2.67
-0.67
-7.0
-2.33
7.0
3.0
4.67
-4.67
-1.67
-1.0
-3.67
3.0
3.0
7.0
1.33
-0.33
2.0
-3.0
4.33
-5.67
-1.0
4.67
-2.67
0.67
4.0
4.0
-1.0
0.33
-1.0
0.67
7.0
-2.0
0.67
-0.33
-8.33
-6.33
0.33
2.33
-0.33
4.67
1.67
-4.0
-4.67
-5.0
10.33
1.0
3.33
-6.0
-0.33
2.0
-1.67
-1.67
2.0
4.33
-1.67
-6.67
-6.0
5.67
-2.33
4.0
10.33
-2.33
11.67
-7.33
15.0
7.0
-3.0
-4.67
-4.33
7.33
7.0
-0.67
9.67
9.33
4.0
-0.33
2.0
6.0
-0.67
-2.0
5.0
-1.0
3.67
-2.0
4.67
-3.67
2.33
2.33
-3.0
4.0
1.33
5.33
0.67
-2.67
3.0
4.33
-2.33
2.33
-1.67
1.0
-2.33
6.33
-4.67
-4.67
1.67
3.33
2.0
-5.33
6.0
5.67
2.0
8.67
-2.33
-0.67
1.67
6.67
2.33
5.67
9.67
-3.0
-0.33
5.33
0.67
-3.33
3.67
2.33
3.67
-10.33
3.33
7.67
-4.33
1.67
5.33
-1.67
-1.67
4.67
2.0
-2.33
2.33
4.0
-4.67
-2.33
3.33
-5.33
1.33
7.67
4.33
1.67
-3.67
2.33
-1.67
-1.33
5.67
1.33
-2.33
0.67
0.33
0.33
-1.67
-2.67
-1.0
-4.33
-2.67
2.67
-4.0
0.0
-0.67
7.67
6.67
-1.33
4.67
-1.67
0.67
-2.67
2.33
4.67
-1.67
5.0
1.33
13.0
-0.33
4.0
-1.33
8.33
8.67
-1.33
-4.0
1.67
-1.33
4.33
0.0
-2.67
-5.33
-3.33
-2.33
1.67
-3.67
-3.67
-2.0
0.0
-1.33
-2.33
-6.33
4.0
3.33
-1.0
7.0
7.67
8.33
-2.67
6.67
2.67
