0.0
-59.0
-16.67
29.67
3.33
46.0
57.67
-75.67
-13.33
60.67
54.33
-17.0
67.33
29.67
-12.0
28.67
57.67
12.67
21.0
-5.33
29.33
32.67
-17.67
-4.33
-7.33
0.33
6.33
11.0
11.33
-7.67
-4.33
-3.67
-4.0
2.67
-0.33
-1.67
0.0
-0.33
1.0
-0.67
2.67
0.0
-0.33
0.0
-0.67
-0.33
0.0
-0.33
-1.0
0.0
1.0
1.0
-0.67
0.33
1.0
0.33
-0.33
0.0
1.0
0.67
-0.33
1.0
0.67
0.67
0.0
0.67
0.0
1.0
0.0
0.0
0.0
-0.33
0.0
1.0
0.0
-1.33
0.67
0.0
-0.33
-0.33
-0.67
0.67
-0.33
-0.67
0.67
-0.33
0.0
-1.33
-0.67
-1.33
-0.33
-0.33
0.0
0.0
0.0
-0.67
0.33
2.0
2.33
-1.0
0.0
2.33
0.33
0.0
0.67
-1.67
-1.67
3.67
0.33
0.67
-1.0
1.33
0.0
-1.0
3.0
-3.67
1.33
-2.67
4.0
4.67
1.33
-3.0
0.0
0.33
3.0
-4.0
-3.0
2.33
9.67
0.67
-3.0
5.33
-8.0
-3.67
-1.0
-6.67
-0.67
-2.0
1.33
-0.33
-2.33
9.0
1.67
-1.33
5.67
0.0
2.67
0.33
-0.67
-10.67
2.33
2.33
-0.67
0.0
-3.67
-2.33
1.33
2.0
2.67
-1.67
9.67
3.33
3.33
2.67
0.33
2.33
9.67
0.33
-1.33
-1.33
4.67
3.67
-6.0
3.67
0.33
-1.0
5.33
4.0
-0.67
-3.33
1.67
8.0
3.0
2.33
-4.33
1.67
-3.0
-3.0
1.33
3.0
-0.33
-0.67
0.67
3.33
3.33
5.67
4.33
7.67
-2.0
3.67
-4.0
2.0
-2.0
2.0
1.67
3.67
4.0
2.0
1.33
0.0
-0.33
7.33
-4.33
6.67
0.33
8.67
-1.67
2.67
-4.33
-2.67
7.33
2.67
-5.0
1.33
-4.33
0.67
6.67
4.0
1.0
1.0
5.33
5.67
3.33
1.67
4.67
8.0
4.67
4.0
4.0
-1.0
-2.0
0.0
1.0
-4.67
-1.67
5.67
0.67
3.67
2.0
4.33
-3.67
-1.0
5.67
-10.67
0.33
1.33
-1.0
-5.67
0.33
3.0
2.67
-2.0
1.33
-1.33
-1.67
3.33
9.0
2.67
2.33
-1.33
-1.33
5.33
3.33
-1.0
5.0
-3.0
2.33
0.0
3.33
0.0
2.33
1.33
5.67
3.33
2.67
6.67
-0.67
6.67
5.0
5.33
5.0
-0.33
-3.0
0.67
-2.67
-0.33
0.0
-0.33
5.67
0.33
3.0
3.67
-0.33
-1.33
-1.0
3.0
2.33
4.67
-2.0
5.33
4.33
-1.0
4.0
0.67
6.0
0.67
6.33
-1.0
3.67
6.0
-1.67
2.0
-3.33
3.0
7.33
2.0
3.0
-1.33
0.0
3.67
-2.33
8.33
0.0
1.67
3.67
0.33
-0.33
0.67
-2.0
8.33
6.0
8.67
4.67
3.0
8.33
-0.33
2.33
6.33
8.33
-2.0
0.33
-4.0
-1.67
-3.33
2.0
7.0
-3.0
0.0
0.0
-0.33
6.33
3.0
-4.33
1.0
0.0
-3.67
2.67
4.33
7.33
3.0
-1.33
5.0
-2.33
2.33
0.33
-4.67
5.67
9.67
3.0
4.33
2.0
2.0
9.33
2.0
-7.67
1.33
4.0
2.33
1.67
2.0
-5.0
-4.67
4.33
2.67
2.0
3.0
6.33
-0.33
6.0
-3.33
-0.33
5.67
3.0
1.0
2.67
10.0
1.0
5.33
7.0
1.67
-2.67
1.0
0.67
10.0
4.67
3.67
1.33
4.33
-6.33
3.67
-0.67
-1.33
-3.33
-1.0
3.33
4.67
-1.33
0.67
-0.33
-0.67
5.67
-0.33
6.0
1.0
4.67
5.33
0.33
0.67
-1.0
-1.33
2.0
-3.67
2.33
2.67
0.67
-2.33
0.67
-2.33
2.0
1.0
-5.0
0.0
0.33
2.33
9.67
3.0
3.67
1.67
-1.33
1.33
1.0
1.0
1.33
-5.0
3.33
1.0
5.67
3.67
4.0
6.67
0.0
7.0
6.0
0.0
7.33
-0.33
-1.0
1.33
-1.67
-3.33
0.33
2.0
7.0
6.67
2.33
3.33
0.67
2.0
0.33
1.0
-0.33
1.0
-1.33
3.0
2.0
-4.33
2.0
-5.33
0.0
-5.0
-1.33
2.0
-3.0
2.33
3.33
-2.67
0.33
-1.33
3.0
0.33
0.67
-2.67
6.0
0.67
-3.0
1.67
-1.33
0.33
5.67
5.33
0.33
-2.67
-0.67
5.0
-2.33
-0.67
4.33
0.0
-3.33
-0.33
3.0
-0.67
5.0
3.33
-1.0
1.67
1.33
-4.33
-0.67
-0.33
1.67
2.33
-1.33
-5.0
-0.67
5.0
-0.67
-4.67
-2.0
1.67
3.67
0.33
-0.33
-1.33
1.67
-2.67
0.0
0.33
0.33
-1.33
5.0
4.33
1.33
5.67
-0.67
-0.33
-0.67
0.33
-2.0
7.67
2.0
-0.33
-7.33
2.0
1.0
-2.67
-1.67
1.67
1.67
4.67
-1.0
-2.0
-1.67
-5.67
-2.67
-4.67
-1.0
1.0
4.0
-3.33
-1.67
-2.0
1.67
-2.0
-2.67
0.0
-2.67
-1.33
-1.0
-1.33
0.33
0.0
5.0
-7.0
-2.67
3.0
-0.67
-0.67
0.0
-1.67
-2.67
0.67
4.33
7.0
3.67
0.0
2.67
-0.33
2.67
-0.33
5.33
2.67
4.67
0.33
0.67
1.33
2.67
7.67
-1.33
4.33
0.0
0.67
-0.33
2.67
-4.33
-3.67
0.33
0.33
-4.33
2.33
0.67
11.67
-1.33
5.33
3.67
3.33
-4.67
-3.0
3.67
-0.33
-2.0
-2.67
0.33
-1.33
-1.67
-5.67
-3.0
1.67
1.0
-1.67
-2.67
-1.33
-1.33
-2.67
0.67
-2.67
-3.0
-3.0
-2.0
-0.33
-5.33
0.0
-5.33
-4.33
1.33
-1.33
-0.67
5.33
3.33
0.0
-2.0
1.33
-2.67
-6.33
0.33
-2.0
-6.0
-2.33
-4.67
-3.67
-2.0
-6.67
-6.0
-5.33
-5.67
-5.33
3.0
-1.67
0.33
-4.67
3.33
2.0
-6.67
-4.33
-1.0
-0.67
-5.0
3.33
0.33
-10.67
-3.67
-4.67
-7.0
0.0
0.67
3.67
-0.33
-1.33
-8.0
-3.0
-5.33
-2.67
0.67
-1.67
-4.33
-2.33
-1.67
4.0
-3.33
-1.33
-2.33
-4.67
0.33
4.0
-0.33
-7.0
-0.67
-2.67
-5.33
-3.33
-3.33
-5.33
-4.33
-1.0
1.67
-1.33
-5.33
-3.67
-1.67
1.67
-3.33
-7.67
-3.0
2.67
-5.67
-9.33
-3.0
-0.67
-7.33
-8.67
1.0
-10.33
-0.67
-4.67
-3.0
-2.67
-2.0
2.33
0.33
-0.67
-0.33
-1.67
-4.0
-0.67
1.0
-3.33
1.0
-5.0
-5.33
-6.0
-4.0
4.0
-1.67
-6.33
-2.33
-6.0
-5.67
3.33
-1.33
-1.0
-1.67
-7.0
-2.33
1.33
-5.33
-2.33
5.33
2.67
8.67
11.33
5.0
6.0
16.33
13.0
8.67
17.67
21.0
19.67
17.33
35.33
27.67
28.33
26.33
22.67
26.0
41.67
19.0
25.33
18.67
10.0
10.33
16.67
5.33
2.67
9.33
3.33
12.0
17.0
6.67
-2.0
2.33
-0.67
-1.0
-2.67
-2.33
-2.33
-8.0
6.33
-3.67
1.0
-5.33
8.67
-3.0
-6.67
-1.33
-4.0
-2.0
-1.0
-0.33
-5.0
3.0
0.0
-0.67
-1.0
2.67
-1.33
-5.0
-4.67
-3.33
-8.0
-1.67
3.0
-0.33
-4.67
0.0
-5.33
-9.33
3.0
-2.0
5.33
-2.0
-1.67
0.67
-6.33
1.0
-0.67
-6.33
-4.33
-6.0
3.33
0.67
-0.67
-5.67
-1.67
-18.33
-0.67
-7.0
4.0
-0.67
-0.33
-2.0
-5.67
-1.67
0.0
-4.0
-9.67
-0.67
3.33
-3.67
-0.33
-6.0
-4.33
1.67
-5.33
-0.67
0.67
-7.0
-7.33
1.33
-4.67
-3.67
0.33
3.0
-3.33
1.0
-7.33
-0.33
-11.0
-3.67
0.0
-1.67
0.67
-11.0
-4.0
-1.67
-6.33
-4.33
-6.33
-6.33
3.67
-6.67
-3.67
0.0
-11.0
1.67
-4.0
4.0
2.0
-3.67
4.67
3.67
4.0
3.67
-6.0
-2.33
3.0
-10.67
-3.67
-4.33
2.33
2.33
-5.67
-5.67
-2.67
-1.33
3.33
2.0
0.67
-3.0
5.33
1.0
-2.33
-2.33
-6.33
-8.33
3.0
-3.33
-0.67
-8.0
-4.67
2.0
-2.33
1.67
-1.67
-10.67
-0.33
-3.33
0.0
0.33
-2.33
-1.33
2.33
-3.0
-6.33
-6.0
0.0
3.0
6.33
-11.33
-12.0
-1.67
-2.0
0.67
-5.33
0.0
0.0
-3.67
2.0
-11.33
-1.33
-1.33
3.33
-4.0
-0.33
-3.33
-3.67
3.33
6.67
2.33
-0.67
-1.67
-4.67
6.33
-12.0
4.0
-9.33
-3.67
1.0
-3.67
6.0
-5.67
4.33
8.0
6.0
1.33
5.33
11.33
15.67
10.33
20.67
13.0
10.33
15.0
16.0
13.0
13.0
7.33
9.67
13.0
22.0
17.0
15.67
9.67
15.67
8.0
10.33
9.33
13.33
6.33
7.67
4.0
6.0
3.33
4.33
7.67
-0.67
5.0
10.67
2.67
2.67
8.0
6.0
3.0
-1.33
-5.67
0.0
-0.67
-7.67
4.33
6.33
10.0
-1.67
-1.67
-4.0
3.0
0.0
-4.33
1.67
-2.0
10.0
0.0
-1.67
-4.0
7.67
5.0
6.33
9.33
0.67
-9.67
5.0
12.0
5.33
10.0
0.0
2.33
1.67
8.0
5.67
9.67
2.67
7.33
6.67
14.33
1.33
3.33
1.0
3.0
-0.67
1.67
7.33
6.33
2.0
-1.67
6.33
0.0
1.0
6.0
5.67
0.0
11.67
13.0
2.33
5.33
9.0
-3.0
0.0
8.67
16.0
5.0
-1.33
6.0
0.33
7.0
5.67
-0.67
4.67
5.33
8.0
-9.67
-1.67
-5.0
5.67
1.0
1.67
18.0
1.33
8.67
9.33
1.0
9.67
2.33
9.0
4.33
6.0
17.0
0.0
0.33
-7.33
2.33
12.33
-0.67
12.0
-0.67
1.0
0.67
1.0
8.0
6.0
4.0
8.67
-4.0
7.67
6.67
3.67
10.67
12.33
9.33
4.67
-8.33
-1.67
10.67
-15.67
6.0
19.67
6.33
13.0
21.33
-4.33
13.33
6.67
2.0
13.33
9.0
0.0
5.0
14.0
6.0
3.33
3.0
1.33
3.33
5.0
9.33
4.33
10.67
1.0
2.67
7.0
1.0
6.67
-3.67
9.33
1.67
-3.67
-2.67
3.33
0.33
12.33
3.33
16.0
4.33
3.0
6.0
-1.0
7.33
5.33
6.67
2.67
6.33
6.67
11.0
11.67
14.0
12.0
5.33
9.33
13.67
5.67
6.67
5.33
10.33
21.0
4.0
12.0
4.33
18.33
5.33
-3.33
4.0
13.67
3.33
15.33
2.67
8.33
9.0
15.0
-2.33
-2.0
3.33
10.67
2.33
8.33
4.0
11.0
3.0
17.33
4.0
5.67
10.33
13.0
3.33
4.0
6.67
17.67
2.33
21.67
12.33
22.67
26.0
31.33
10.67
19.0
18.33
13.0
16.67
9.67
21.67
14.0
17.67
14.67
30.0
17.33
10.0
21.33
28.67
20.0
23.33
23.67
25.33
37.33
26.0
46.67
50.33
53.33
61.0
77.0
70.33
84.33
70.0
63.33
86.33
82.67
96.0
100.0
101.67
98.33
112.67
95.67
102.33
117.33
100.0
85.0
85.33
96.33
73.33
72.0
68.67
88.33
58.67
51.33
51.33
36.67
32.0
42.67
39.33
22.67
18.33
12.67
20.0
13.33
2.67
7.33
-4.67
11.0
19.67
2.33
4.0
1.0
16.33
1.33
-2.0
6.33
10.67
6.67
13.33
22.33
4.67
5.33
9.33
-4.67
11.67
-3.67
-3.33
12.67
2.33
13.67
10.67
9.33
2.67
16.33
0.33
-2.67
1.33
8.67
0.67
7.33
5.0
11.0
9.67
-1.67
6.33
8.67
6.67
9.67
10.67
10.0
11.0
7.67
15.33
6.67
2.67
8.0
10.0
2.0
6.67
6.67
10.0
4.33
-3.67
11.0
16.67
9.67
8.33
12.33
8.0
3.0
8.67
5.67
14.33
4.33
4.67
15.33
13.0
4.33
2.67
6.0
-0.33
3.0
2.33
10.0
17.0
9.67
9.33
1.33
7.0
12.67
4.0
8.67
-6.33
10.33
1.33
-5.33
11.0
24.67
6.67
1.67
-7.0
5.67
2.67
22.0
18.67
11.67
3.33
3.0
10.0
1.0
11.67
8.33
8.33
4.0
16.33
4.33
-3.33
5.67
11.33
8.33
15.33
12.33
4.67
-3.33
8.0
1.33
5.0
-3.0
1.0
4.0
0.0
21.0
4.67
5.33
1.33
6.67
12.67
-11.0
9.33
1.67
14.0
4.67
15.33
2.67
23.33
8.33
7.0
2.67
19.67
1.0
18.67
-8.33
-1.33
5.33
17.67
13.0
3.0
3.0
11.0
8.33
12.67
8.67
-6.33
27.0
6.0
1.67
11.67
9.67
18.67
1.33
14.67
16.33
20.0
19.33
32.0
30.67
4.67
17.67
20.0
39.67
25.67
28.33
34.33
30.67
28.0
22.67
35.67
36.33
31.67
20.67
32.0
31.33
36.33
21.33
19.67
13.67
26.33
17.33
20.0
29.0
12.0
19.67
10.0
4.0
13.67
2.33
9.33
5.67
14.33
-8.0
18.0
17.33
0.67
-2.67
12.0
12.0
-4.33
2.0
15.33
9.33
26.33
16.33
4.33
17.67
18.33
1.33
12.0
9.0
4.0
-0.67
0.33
-1.0
-3.33
-1.0
9.67
22.0
9.67
2.67
6.67
1.67
8.33
-7.0
19.67
11.0
-8.0
-4.67
-10.33
7.0
7.0
5.0
0.33
16.33
-5.67
2.0
7.67
2.33
14.67
4.67
4.67
7.33
14.67
-10.0
4.33
1.33
1.33
3.0
5.0
3.0
0.33
7.67
-2.0
16.0
7.0
10.33
17.33
13.67
2.0
-2.67
4.67
15.33
5.0
1.33
17.33
1.33
3.67
11.0
11.33
6.67
0.67
1.0
7.67
8.0
-6.67
9.67
8.67
2.67
17.33
5.0
8.67
12.0
5.33
-2.67
10.67
8.0
0.0
10.0
8.0
3.33
3.33
-4.0
-4.0
10.33
-10.33
4.33
-6.0
-12.67
4.67
9.67
-6.33
-5.67
1.0
1.0
-7.0
18.67
-4.67
1.0
4.67
12.0
9.33
3.67
7.33
7.67
-1.0
-1.0
12.33
5.33
6.0
4.33
8.0
-1.67
5.0
-1.33
-1.0
4.33
-6.0
2.67
9.33
6.67
4.33
1.0
1.33
7.0
-2.33
7.67
8.0
-1.0
2.33
-2.0
-4.0
3.0
7.0
-4.0
3.33
8.0
9.67
0.67
0.0
-6.0
4.33
2.0
-7.33
1.67
-7.33
9.67
0.67
11.33
-5.67
-7.0
8.0
-5.67
4.67
9.67
-0.33
-6.33
4.67
10.33
5.0
6.67
-1.0
-8.67
5.0
7.33
4.67
2.67
0.67
10.33
3.0
1.33
11.0
5.0
5.67
1.33
6.33
10.0
-1.0
3.0
2.0
3.0
5.67
12.0
2.67
15.67
12.33
1.67
10.0
1.0
10.33
-3.0
5.33
7.0
-1.67
0.0
12.67
13.33
-0.67
-1.67
-2.33
3.67
3.67
6.33
-4.33
0.0
-5.33
5.0
-0.33
6.33
0.67
6.0
-11.67
-2.0
-0.67
5.67
-2.0
7.67
5.33
9.0
0.67
0.67
7.0
-3.67
6.67
5.0
-2.67
-8.0
2.33
-2.33
1.67
1.33
4.0
1.0
5.67
8.33
-2.67
3.67
-3.33
2.33
-3.33
2.0
-9.0
-0.67
4.0
-3.67
3.0
7.67
5.33
-0.67
7.67
5.67
5.33
9.33
8.67
-3.0
8.0
10.33
-1.0
-6.33
2.33
6.0
15.33
9.0
-1.0
8.67
-1.67
1.33
-1.0
5.67
18.0
-3.67
8.67
9.0
-2.33
4.33
2.0
-1.33
-6.0
-3.0
3.67
-6.67
7.33
6.0
-0.67
-3.0
7.0
3.0
-2.67
1.67
-4.0
-9.0
2.33
-0.67
1.0
1.67
-4.67
0.67
3.0
1.0
6.0
4.33
-1.0
1.67
7.0
1.0
-3.33
3.67
0.67
3.67
-1.67
5.33
-3.33
4.67
2.67
0.0
-3.67
-2.0
1.33
-1.0
8.33
0.0
-0.33
-1.0
1.33
-1.67
6.0
-4.67
-1.67
2.33
3.0
1.67
-2.33
7.0
1.33
10.67
0.67
4.67
2.0
-2.0
-2.0
-4.67
0.67
-0.67
5.0
10.33
10.67
3.33
7.0
1.67
2.0
14.0
2.33
0.0
4.0
3.0
2.67
5.0
4.67
1.33
-3.67
10.33
3.0
6.0
4.33
1.33
-0.33
-2.67
1.0
2.33
-3.33
3.33
-3.67
-1.0
0.67
-1.67
-0.67
-2.67
-0.33
4.33
0.0
-3.33
3.0
-0.33
-1.0
3.67
-2.33
2.33
-1.33
7.67
3.33
-3.33
4.67
1.0
-2.33
2.33
1.67
1.67
6.67
-7.67
2.67
-3.33
-0.67
1.67
3.67
1.67
-2.67
-2.67
-0.67
-6.33
-2.0
0.67
6.33
1.0
-1.67
6.67
5.33
-7.33
6.33
3.67
4.33
0.67
-5.67
-3.67
-1.67
-5.33
1.67
0.33
-1.33
1.67
6.33
2.33
-1.67
-3.67
-1.0
-3.33
-0.67
1.67
-4.0
8.0
-2.67
2.67
4.67
-2.33
2.67
2.33
-0.33
-2.67
1.33
2.67
5.33
8.0
4.33
4.0
-1.33
3.0
-2.33
4.33
8.67
-2.33
3.0
-5.33
0.67
-0.67
0.0
1.33
-1.33
-0.33
3.67
2.67
-0.67
-5.67
5.0
4.0
-0.33
4.67
-6.33
-1.0
5.33
1.0
6.0
7.67
7.33
-4.67
3.67
6.67
