0.0
-17.33
-47.67
-48.0
-131.33
-20.0
-45.33
-129.67
-33.33
-39.33
-14.67
-15.67
46.33
-2.67
41.33
-21.0
-85.0
-18.33
3.67
-40.67
-67.67
12.33
-34.67
4.67
-15.33
-24.0
7.0
-7.0
-1.67
-1.67
-9.0
4.0
-3.33
-0.67
4.33
-2.0
-0.67
-0.33
-1.67
0.0
-1.0
0.0
0.33
-0.33
-0.33
0.0
1.0
0.0
0.0
-0.33
1.0
-0.33
0.0
-0.67
1.0
1.0
0.0
0.0
-0.33
0.0
-0.33
0.33
0.67
1.0
-0.33
0.0
-0.33
-0.33
0.0
-0.33
0.0
0.0
-0.67
-1.0
-0.67
0.0
-1.0
-0.67
-0.67
-1.67
3.0
-2.0
0.0
0.0
-1.0
-0.67
-0.67
-1.33
1.0
0.0
-0.67
-0.33
0.33
1.67
1.0
2.0
1.67
-0.33
0.33
0.33
-0.33
0.0
-0.67
-1.33
0.0
-0.33
0.0
-0.33
2.0
2.67
-1.33
1.0
2.67
1.67
2.0
1.0
2.67
-0.67
0.0
1.0
1.0
2.33
-0.67
-1.67
0.67
2.0
-0.67
0.33
-0.33
5.0
0.0
4.33
1.33
-1.33
4.0
5.0
1.0
0.33
0.0
-3.0
-1.67
-1.0
-3.0
2.67
-3.67
1.67
7.33
-0.67
-7.33
-2.0
4.0
4.0
-2.67
0.0
6.67
-1.67
0.67
-2.67
3.67
-4.67
-1.67
3.67
-1.0
-1.33
1.67
10.33
1.0
-3.67
7.33
-0.67
2.33
2.67
3.0
3.33
2.0
-1.67
0.0
7.0
-3.33
2.33
-4.0
0.0
-8.33
-4.67
2.0
-3.33
2.33
2.67
2.0
5.0
1.67
4.67
-1.33
-0.67
12.0
2.0
3.0
2.0
1.67
2.67
7.33
-0.67
0.33
2.0
2.33
2.0
-1.0
3.33
0.33
-1.67
4.0
5.0
-2.33
4.0
1.33
5.0
5.67
-3.33
0.67
-1.0
3.67
0.33
4.33
-2.67
7.33
-0.33
4.67
10.0
5.0
7.67
6.67
6.0
-2.0
8.67
-0.67
-1.0
-3.33
5.0
5.67
-1.33
-3.67
1.67
6.67
-3.33
2.67
2.0
4.67
4.33
-3.67
-4.33
5.33
2.33
5.67
6.0
0.67
5.0
0.67
1.67
7.67
2.67
-0.33
2.33
6.67
5.67
1.0
4.33
0.0
0.67
2.67
4.0
0.33
0.0
2.33
3.0
2.33
3.0
2.67
-2.67
6.0
2.0
3.0
4.67
14.0
3.67
4.33
10.67
7.33
0.0
0.33
-3.67
0.33
9.33
5.67
1.33
-2.33
0.67
-1.67
-0.33
1.67
1.67
4.0
-3.67
4.67
6.67
-6.33
4.0
-3.0
16.0
5.0
13.67
2.33
1.67
2.33
2.67
-3.0
-5.33
2.33
4.33
2.67
-1.67
-0.67
9.33
3.67
1.0
1.33
-5.67
1.0
4.67
0.0
-5.67
1.0
0.33
-1.0
3.33
-2.0
-0.67
-3.67
2.67
4.0
2.0
3.67
4.33
2.0
3.33
-1.33
2.0
1.67
0.0
5.67
-2.67
1.33
2.33
4.0
1.0
1.33
-3.33
-0.33
0.0
0.33
5.33
-1.67
8.0
-1.0
-1.33
0.67
4.33
-2.0
1.33
0.33
8.33
-0.67
0.67
6.0
-7.0
-1.33
0.33
-3.0
-2.67
-6.67
-0.67
2.67
0.33
-6.0
3.0
0.33
3.67
6.67
2.67
7.0
-0.67
-0.67
-4.0
-2.33
-2.33
1.67
-3.33
8.33
-0.67
0.33
1.0
4.33
6.0
1.33
1.67
-1.0
1.67
1.0
-0.67
2.0
-2.33
2.67
3.33
-2.0
1.33
-1.0
3.67
2.67
-4.67
-2.33
1.67
3.0
0.67
-1.33
0.67
4.33
-2.0
-3.0
5.67
0.67
-5.67
2.0
0.33
0.0
1.67
-1.67
4.67
-1.0
3.67
1.33
0.67
2.33
-4.0
0.67
1.0
-1.0
-0.67
2.33
-0.33
2.0
4.0
1.33
2.33
-3.0
1.67
4.0
0.0
-1.67
1.33
2.33
-0.67
3.0
-1.0
5.0
0.33
-4.67
1.67
-1.33
-1.0
2.67
2.33
2.0
4.0
5.33
-1.0
-0.67
4.33
-1.33
8.67
8.67
-0.67
-2.33
0.33
2.33
3.0
2.33
0.67
1.67
-3.0
-2.33
-2.67
-1.67
-3.33
6.67
-2.67
2.67
-1.0
-1.0
0.33
1.0
-2.0
2.33
-3.67
4.67
0.67
-1.67
0.67
1.67
3.33
3.33
1.33
3.67
-0.67
-6.0
-1.33
1.67
-0.33
-0.33
2.33
2.33
2.0
-0.67
5.33
-1.33
-2.33
-1.67
-3.0
7.0
4.33
-0.67
5.0
-1.67
-1.0
1.67
-2.33
0.33
0.33
4.67
2.67
-3.0
1.67
-0.67
0.67
2.67
1.67
-1.67
5.0
1.33
0.33
-1.67
0.33
-2.67
-1.67
-5.33
0.0
-0.33
-0.33
-2.33
3.33
5.67
-1.67
-2.0
0.33
-5.0
3.33
-1.0
0.67
-4.67
-2.0
0.67
4.0
1.0
0.33
3.33
-1.0
-3.0
-0.67
0.0
2.0
2.33
-2.0
-3.67
-1.67
3.33
-6.33
1.33
-1.0
1.67
1.33
4.33
-0.33
-1.33
0.67
4.33
1.0
1.67
5.67
-0.67
1.0
-0.67
-1.67
0.0
4.0
-6.0
4.33
-3.0
3.67
-1.0
-0.33
-2.0
6.0
-1.33
0.0
7.0
2.67
-2.67
2.33
-2.67
-1.0
-2.0
-0.67
2.0
-3.67
1.0
7.67
1.67
-2.67
3.33
3.67
6.33
1.33
-1.33
3.33
0.33
-5.0
1.33
3.0
-1.67
3.67
-4.67
-0.33
4.0
2.33
-6.33
-4.67
-1.0
2.67
-2.67
5.0
0.67
-1.33
3.67
-1.33
-0.33
2.0
-2.33
0.0
1.33
-3.0
-2.0
4.67
2.0
0.67
1.0
4.67
-2.67
-0.67
3.0
-4.33
-1.33
-2.67
0.67
1.33
-2.67
1.67
-1.33
-0.33
3.33
-3.67
4.67
0.33
-2.67
2.67
3.0
-1.67
2.67
2.67
3.33
0.33
0.67
-2.33
-0.33
0.33
3.0
0.33
-6.0
-0.67
2.67
6.0
5.0
2.0
0.0
1.67
4.33
0.67
2.0
3.67
2.0
1.0
-0.67
3.33
-0.33
1.33
2.67
0.33
1.67
-0.67
6.33
-4.33
7.0
0.33
-0.67
5.67
2.33
6.0
-2.33
5.0
1.33
-2.0
-3.33
-5.0
8.0
-0.33
6.33
-2.0
0.33
8.33
4.33
-1.33
-4.33
3.67
-2.67
1.33
-1.0
-0.67
-1.33
0.0
-1.33
0.33
-6.33
1.67
0.67
4.33
4.0
-1.0
-2.67
6.33
2.0
3.33
0.67
2.0
-0.33
1.67
-8.0
-0.33
9.67
-4.0
7.0
1.0
7.33
-4.33
-1.33
6.0
5.33
0.67
0.0
3.67
7.0
3.33
-4.33
-1.33
0.0
1.67
1.33
4.0
4.67
2.33
9.0
5.67
2.67
5.33
1.0
-1.0
-5.0
2.67
-3.0
1.67
3.33
5.0
1.67
1.33
3.33
3.33
7.33
2.67
9.0
1.0
-2.67
6.67
6.67
1.67
6.33
2.33
7.0
1.33
7.33
5.0
2.0
6.33
7.33
6.0
-0.67
11.33
5.0
-1.0
1.33
6.0
2.67
2.33
0.33
2.0
8.67
4.33
10.33
2.67
10.0
6.67
3.33
7.67
8.67
8.33
3.67
8.0
-0.33
10.33
14.0
5.0
-0.67
-3.33
3.0
5.33
2.67
1.33
1.33
6.67
6.0
7.0
6.0
8.67
-6.0
3.67
6.67
8.33
4.0
1.33
4.67
6.67
2.0
3.0
4.33
17.67
10.0
13.33
5.33
4.0
15.0
-0.67
8.33
7.67
2.0
7.67
3.0
6.67
6.67
8.0
5.33
0.67
7.0
-3.33
8.33
2.67
2.0
8.33
6.33
3.33
8.33
13.0
6.67
6.33
7.0
9.67
7.33
7.0
5.67
0.0
2.33
1.0
7.67
3.67
1.33
13.33
7.0
5.33
15.67
11.67
7.67
17.0
16.33
12.67
16.33
22.33
13.0
26.67
18.0
15.33
33.0
20.67
38.0
37.67
42.67
48.33
46.33
31.0
24.33
34.0
43.33
27.0
29.67
40.0
41.67
33.67
38.0
27.67
20.67
29.33
29.0
18.33
29.67
22.0
20.0
9.33
17.0
14.33
7.33
17.33
19.33
11.67
12.0
20.67
13.67
12.67
12.67
10.0
16.33
12.0
12.33
13.0
8.67
11.67
15.0
15.33
8.67
10.67
23.0
20.33
22.0
17.67
31.0
20.0
21.33
18.67
37.0
42.33
31.33
30.67
27.0
27.0
40.0
45.67
65.33
65.0
79.0
77.33
93.0
80.33
83.0
96.0
62.33
86.33
75.67
71.0
85.67
57.0
71.0
53.33
42.67
30.33
32.33
28.67
30.33
18.67
21.33
17.33
19.67
15.33
19.0
16.0
2.33
11.0
21.33
20.33
9.0
24.67
10.33
9.0
22.0
21.33
8.0
19.33
9.33
19.67
19.67
18.33
14.0
20.67
21.33
18.33
34.0
21.33
35.33
19.0
28.67
31.33
32.67
39.0
31.67
43.67
32.67
30.67
45.33
29.33
29.33
37.0
41.33
42.33
48.0
41.0
45.33
62.33
60.33
69.67
65.33
57.0
41.67
50.67
54.67
53.33
60.67
54.0
67.0
55.67
35.33
40.0
41.67
39.33
35.33
21.33
26.33
17.33
22.0
21.67
23.67
27.67
14.33
28.0
21.33
32.33
25.0
25.33
43.33
30.0
50.0
32.33
33.33
41.33
40.33
38.67
46.0
39.0
43.33
42.0
35.0
29.67
25.67
35.67
25.0
19.33
17.0
26.67
26.33
17.33
22.67
32.33
28.0
27.0
26.0
27.33
13.0
16.67
16.67
14.0
15.0
12.33
14.67
2.0
6.67
10.0
0.33
11.67
8.0
15.0
7.0
11.67
5.33
20.33
16.0
7.33
9.33
8.33
16.0
10.67
11.33
17.67
22.67
12.67
20.33
18.0
20.33
27.33
22.33
11.67
25.0
27.67
28.67
28.67
26.67
22.67
18.0
27.67
19.67
13.33
21.0
25.67
10.0
4.0
9.33
16.0
14.33
18.33
9.67
15.0
21.0
19.33
28.67
27.33
28.33
27.0
29.0
36.33
42.0
59.0
62.0
76.67
68.67
81.33
102.67
96.33
120.67
94.33
125.33
141.33
152.33
147.0
141.33
168.67
166.67
160.33
139.33
151.67
127.33
126.33
109.33
127.33
104.33
113.0
85.33
92.67
90.33
79.0
77.67
58.67
51.67
55.33
55.0
48.0
39.67
35.0
49.0
30.33
27.0
30.67
32.67
24.0
14.33
21.0
31.33
22.67
34.67
38.0
47.67
30.67
25.0
35.33
59.0
31.0
50.0
40.33
53.33
57.0
46.67
46.0
39.33
43.33
48.33
47.67
50.0
61.33
53.0
64.33
38.0
46.67
45.33
36.0
29.33
42.0
34.67
40.33
38.67
28.33
23.0
21.33
31.0
28.0
32.33
17.33
22.67
20.0
19.0
15.33
31.67
19.67
13.67
13.0
20.67
16.0
17.67
14.0
16.0
10.33
10.0
9.67
12.67
12.67
17.0
12.33
25.33
5.67
6.67
7.33
7.67
10.33
8.67
8.33
-3.33
12.33
13.33
2.67
11.67
16.67
14.0
7.67
13.0
12.33
12.67
12.67
26.0
10.33
16.0
9.33
8.0
2.33
22.0
15.0
10.67
11.67
28.0
19.33
16.67
10.67
8.67
22.0
15.0
18.33
18.33
29.33
28.67
24.67
12.67
18.67
26.0
38.67
25.33
25.0
6.67
16.67
14.0
25.33
23.67
12.67
23.33
24.33
19.67
2.0
6.33
6.0
24.33
9.33
10.0
16.67
6.67
9.0
13.0
12.33
24.33
28.67
22.0
21.0
28.33
9.67
23.0
25.67
16.33
13.0
32.0
27.33
29.33
35.0
25.67
40.0
34.67
37.33
41.33
39.0
30.67
37.0
35.0
17.33
35.0
20.67
19.0
16.33
22.0
10.0
15.33
30.33
10.0
18.67
10.67
24.33
23.0
9.33
20.0
23.33
8.67
7.33
7.0
6.33
21.67
7.33
11.0
23.67
8.33
14.0
3.33
16.0
16.33
2.33
5.33
13.33
17.0
7.33
10.33
21.67
21.33
10.0
13.0
24.67
10.33
7.0
13.67
9.0
13.33
5.0
11.0
11.33
7.0
9.33
0.33
-10.0
13.33
1.33
16.33
12.67
18.0
3.0
18.0
20.33
15.67
3.0
13.0
21.67
5.33
6.0
13.67
13.67
19.33
19.67
21.67
21.67
22.67
17.67
12.0
18.0
17.67
21.33
7.33
7.33
19.0
19.33
10.0
8.33
14.33
11.67
-1.33
17.67
5.67
6.0
-4.0
16.33
5.67
11.67
24.67
8.67
26.67
2.0
-4.33
14.67
10.0
4.67
29.0
3.67
-1.33
13.67
5.0
5.0
1.67
5.33
6.0
-1.0
2.67
4.33
-0.33
7.0
24.0
1.0
11.33
1.67
23.33
11.0
-2.67
7.0
18.0
10.0
20.33
15.67
11.67
11.0
9.33
14.67
2.0
13.0
-0.33
4.0
12.67
2.67
18.0
-2.33
3.33
13.0
6.33
18.67
12.67
16.67
3.33
8.67
9.67
13.67
15.67
-2.33
4.0
5.0
1.0
12.33
9.33
11.33
9.67
10.67
18.0
11.33
13.33
14.67
8.67
8.67
10.67
-4.33
19.33
10.0
13.0
6.67
3.0
4.33
14.33
8.0
-0.67
2.33
14.67
-0.33
12.67
4.33
-2.0
26.67
17.67
-8.33
7.0
2.0
17.67
6.33
1.33
8.0
26.0
14.67
-2.0
5.0
-1.33
3.33
17.0
7.67
8.67
10.0
18.67
7.33
16.67
-1.67
9.33
5.33
-2.67
14.67
9.67
-5.33
3.67
7.67
17.67
17.67
16.33
13.67
14.67
19.33
-2.67
16.67
17.33
6.0
-5.0
-1.33
9.33
0.33
8.0
6.33
10.67
7.67
14.67
9.67
2.0
8.33
0.0
18.67
7.0
11.67
21.0
12.33
6.33
20.0
-1.0
9.0
13.33
9.0
11.33
14.67
13.0
17.0
23.67
6.0
-3.67
25.33
11.33
0.33
16.67
2.33
6.67
10.0
2.0
3.0
7.33
-6.33
13.0
-0.33
0.67
3.33
1.0
7.33
0.0
1.67
8.33
9.67
8.0
12.67
1.67
10.67
1.0
6.0
3.67
8.33
11.0
3.33
-1.0
-6.33
0.33
7.0
9.33
17.0
-4.0
16.0
-3.67
2.67
-4.67
8.33
6.0
8.67
-5.0
-0.33
-4.0
-2.0
1.33
-4.33
1.0
4.0
0.67
0.67
-3.0
2.0
6.67
3.67
2.33
7.33
5.0
-2.67
-15.67
-3.0
-3.67
5.67
5.0
8.33
5.33
-2.67
4.67
0.0
6.33
5.67
2.0
-1.33
-2.0
0.33
-1.67
1.67
-3.33
0.0
-2.67
7.33
7.67
3.67
16.33
0.33
4.67
0.33
2.0
1.0
-1.0
-0.33
9.0
6.67
2.33
2.67
0.67
7.33
2.33
-6.0
3.67
5.67
11.67
-0.33
-3.33
1.33
12.33
0.33
9.0
11.67
-0.67
3.67
2.67
-4.33
9.0
13.0
0.0
-3.0
2.67
4.67
9.33
4.33
1.33
7.0
6.33
8.33
-1.33
12.67
-4.33
9.33
-0.67
8.67
-4.33
7.67
5.33
-3.0
8.0
3.0
7.0
3.33
10.0
3.67
0.67
3.33
0.33
-4.0
7.0
7.0
-3.33
6.0
3.67
1.0
1.33
5.67
2.33
3.33
12.67
6.67
8.33
-7.67
-3.67
-3.0
-1.33
8.33
2.0
2.33
1.0
6.0
-0.67
6.33
1.33
5.67
1.67
4.0
-2.0
3.67
7.67
14.0
9.67
-2.67
-4.67
-5.67
10.0
-4.33
6.0
10.33
-4.0
-2.0
6.67
8.67
1.67
2.67
-8.33
2.33
-5.0
8.0
0.67
2.0
6.33
-6.33
-5.0
1.0
1.67
0.33
3.0
8.33
6.0
4.33
-1.67
6.67
2.33
1.67
2.67
-3.33
8.33
-2.0
10.33
-2.67
6.67
0.67
-6.33
-2.0
2.0
0.0
1.33
-1.0
7.0
5.67
3.33
3.67
4.0
2.0
6.33
-1.33
-5.0
-4.33
2.67
9.33
6.0
2.33
2.67
6.33
5.0
2.67
-0.33
4.67
7.0
6.67
-2.67
9.67
5.67
2.33
1.0
4.33
0.67
4.67
1.33
16.0
4.33
3.67
3.0
2.67
8.0
-2.67
2.33
0.33
-0.67
-2.0
-0.33
3.0
7.0
-3.33
13.33
2.0
0.0
-0.33
5.67
2.67
-2.0
-3.33
7.0
3.67
3.33
0.33
4.0
4.67
0.0
-1.33
1.0
5.33
13.67
0.33
-1.0
-1.67
4.67
2.33
-8.0
3.67
0.67
-1.67
-1.0
3.67
-2.33
-7.33
1.33
-1.33
-1.67
6.0
-2.33
2.0
2.0
-0.33
5.0
1.0
0.33
10.0
-2.33
-3.33
-2.0
4.67
5.67
-0.33
1.33
0.0
-0.33
2.67
-0.67
6.67
7.67
-5.67
6.67
-3.33
0.67
8.0
3.33
1.33
1.0
1.67
-2.0
0.0
11.0
-3.33
5.67
0.67
7.0
7.67
3.67
-3.33
-2.0
0.33
5.0
5.67
1.33
-2.67
0.0
-3.33
4.67
3.67
-1.0
1.67
3.33
-3.0
2.67
5.0
2.0
-2.67
2.0
-4.67
2.33
-3.0
-2.67
0.33
4.0
0.67
-5.33
1.0
-3.67
1.0
-4.0
-2.33
3.0
-0.33
0.0
0.67
3.0
6.67
-0.33
-2.33
-0.67
-3.33
-0.67
-2.33
1.67
1.67
2.33
1.0
-4.33
3.0
-3.67
4.67
-1.0
0.67
-3.0
8.0
2.0
4.0
-2.33
2.33
3.67
7.0
1.0
4.0
-2.33
0.0
