0.0
-60.33
-15.67
-28.0
3.67
3.0
-13.33
-120.67
26.67
-98.33
-21.67
-63.67
-29.67
25.33
19.33
-2.0
-74.0
-24.33
-38.33
-26.67
-56.67
-5.67
-24.67
-9.33
-6.33
5.0
-9.0
10.0
-0.67
14.33
5.0
1.0
-0.33
2.33
1.33
2.0
3.33
-0.33
0.33
-1.0
1.0
0.0
-0.67
-0.33
-1.33
0.0
0.0
2.0
1.0
0.67
0.0
0.67
0.0
-0.67
0.0
0.0
0.0
0.0
-0.33
1.0
-0.33
-0.67
-0.33
2.0
-0.33
0.0
-0.33
0.67
0.0
0.67
0.0
0.0
-0.67
-1.0
0.33
-1.0
-1.0
0.33
-0.67
-1.67
0.0
-2.0
0.0
0.0
0.0
0.33
0.33
-1.33
0.0
-1.0
-0.67
-0.33
-0.67
0.67
0.0
1.0
-0.33
-0.33
0.33
0.33
-0.33
-1.0
-0.67
-1.33
-1.0
-0.33
2.0
1.67
-1.0
1.67
1.67
3.0
1.67
-0.33
2.0
-3.0
0.67
-0.67
1.0
0.0
5.0
3.33
5.33
-0.67
1.67
1.0
2.33
1.33
1.67
2.0
1.0
1.33
2.33
2.67
3.0
3.0
-2.0
-2.67
-6.0
1.0
1.33
2.0
-3.0
0.67
-5.67
6.67
3.33
6.33
-6.33
-3.0
4.0
-3.0
5.33
6.0
7.67
-0.67
4.67
2.33
-0.33
8.33
1.33
-0.33
5.0
5.67
3.67
2.33
5.0
1.33
5.33
-1.67
4.33
3.67
2.0
1.33
1.0
7.33
3.0
-6.0
4.67
2.33
0.0
-1.0
-1.33
-3.67
3.0
0.67
0.33
2.67
-1.0
3.0
8.67
0.67
4.67
2.33
1.0
0.0
0.0
3.0
2.67
12.67
0.33
3.33
-4.67
3.0
2.33
1.0
1.0
3.33
1.33
3.33
2.0
8.0
0.67
3.0
3.33
2.0
0.67
-1.33
4.67
2.0
-2.33
4.33
-0.67
5.33
6.33
-4.33
5.67
5.0
1.0
5.67
2.67
10.0
-1.0
2.67
7.33
-1.0
-2.33
4.0
-2.33
5.67
1.33
0.67
4.67
-0.33
8.67
-3.0
-0.33
1.33
3.33
-1.33
2.33
3.33
0.67
1.0
3.67
3.0
3.67
2.67
-1.33
5.67
7.67
4.33
-3.33
1.67
2.0
2.33
0.0
1.67
1.67
3.0
-4.67
-1.0
0.33
5.0
-0.67
2.0
4.67
6.33
6.0
4.0
0.0
-0.33
10.0
1.67
5.33
1.67
5.33
-1.0
-5.67
-2.67
5.33
-2.67
-2.33
2.33
4.67
1.67
-2.67
0.67
3.67
0.67
-4.0
-4.67
-0.33
2.67
-5.33
2.0
2.0
3.0
-1.0
7.67
8.33
4.67
7.33
3.67
2.0
-0.33
-0.67
3.33
-4.33
-2.67
3.33
-0.67
3.67
-2.0
3.33
-4.67
1.0
1.67
0.0
-0.67
0.0
1.33
4.0
1.33
4.0
2.33
1.33
6.67
-5.0
6.0
2.67
5.33
1.0
5.33
1.67
7.0
-0.33
1.0
6.67
5.33
0.33
4.33
2.0
-3.0
5.33
0.67
-0.33
-1.0
3.33
6.33
7.33
8.0
4.0
3.67
4.67
4.33
0.0
4.33
1.33
-6.67
-1.67
1.67
4.0
-1.0
-1.33
3.33
-2.0
-4.67
-3.67
0.33
-1.33
4.33
0.0
-2.0
-2.67
-3.33
6.67
0.67
1.0
3.33
-1.67
-2.0
2.67
-1.33
4.67
1.67
3.33
1.33
3.33
-2.0
4.33
0.0
6.33
2.67
1.0
-0.33
-3.0
1.33
3.0
-2.33
-1.33
2.33
-2.0
2.33
2.0
-4.33
8.67
-2.67
-4.33
8.67
-2.0
-4.33
-1.33
1.67
2.33
-3.0
1.0
4.67
3.67
1.33
-1.0
4.33
-2.0
0.67
3.33
2.67
-4.0
2.67
1.33
0.67
4.33
0.0
3.67
1.0
0.0
4.33
-0.67
-1.33
7.0
3.0
-2.67
1.33
-5.0
-1.33
-6.0
5.0
-0.67
-0.67
0.33
8.33
-2.0
-1.0
1.0
6.33
-0.67
-3.33
0.67
1.0
-3.33
-3.67
0.0
-3.0
-0.67
0.0
2.33
7.33
-1.33
6.67
1.67
2.33
-1.33
-0.67
2.33
4.0
1.33
0.67
0.67
-3.0
0.67
-3.67
0.33
2.67
1.67
-1.67
7.67
2.0
4.0
0.33
1.0
0.0
1.33
0.33
6.67
5.67
0.33
-0.33
-4.33
3.33
4.33
5.33
-0.33
2.33
1.0
-0.33
-0.33
0.67
-2.33
-3.67
1.33
-2.0
-1.67
6.33
0.67
1.67
-3.67
5.0
5.0
-0.67
-0.67
-1.0
2.33
-2.0
-1.33
-1.33
0.33
-0.67
-1.33
0.67
-4.0
2.67
0.33
-2.33
-1.33
2.67
-2.67
4.0
0.33
-0.67
4.33
1.33
0.33
0.33
-2.33
3.0
-0.33
-2.33
3.67
1.33
-1.33
0.33
-2.0
-1.67
-5.0
-0.67
0.0
11.67
0.33
3.0
-2.33
2.0
3.0
3.33
0.33
-3.0
0.0
-0.67
3.0
2.0
-0.67
-3.0
-1.67
0.33
1.33
-3.33
-0.67
-1.0
1.67
5.33
-1.67
-3.33
-0.33
-1.33
3.33
-2.0
1.67
-5.33
1.33
4.0
-2.67
-0.67
-2.0
0.0
-1.0
-2.67
0.0
-1.33
-4.0
2.67
0.0
0.0
0.67
0.0
5.0
-2.33
1.33
2.33
-0.67
-3.0
2.0
-5.67
4.0
0.33
0.0
4.67
2.67
0.33
0.33
5.67
-0.67
3.33
-0.33
5.33
0.33
-1.0
0.33
-4.0
-2.67
-5.33
-0.67
-0.33
0.0
-1.67
-3.33
1.33
1.0
3.67
1.33
3.0
8.67
-2.33
2.67
1.67
2.67
-3.0
-0.33
-2.0
-0.67
-3.0
-3.0
2.67
-5.0
0.67
0.0
1.67
1.33
4.33
2.0
-4.33
2.67
2.33
0.67
8.33
-1.67
-0.33
-1.33
-0.33
3.33
2.33
0.67
-1.67
-2.67
4.67
2.0
0.33
-2.33
7.67
6.33
-0.67
1.67
-2.33
-2.33
1.33
6.0
2.33
-5.0
0.33
8.67
1.0
-1.0
7.0
0.0
3.67
0.33
4.67
7.0
3.67
5.0
-3.0
-0.67
2.33
6.67
3.33
0.67
1.33
3.67
0.33
4.33
-0.33
-1.0
0.33
2.33
9.67
5.33
-1.0
0.67
-1.0
1.33
1.0
-1.33
-3.0
-1.0
4.67
1.33
-3.0
3.33
5.33
-2.67
-1.33
5.67
-1.33
-5.67
1.33
0.0
-0.67
-5.33
2.0
0.67
2.33
-6.33
1.67
-0.33
1.33
4.0
-3.0
1.33
1.33
5.0
1.33
6.67
1.0
1.67
-0.33
-1.0
1.67
-4.33
-3.0
2.0
1.0
4.33
-5.33
0.67
-4.0
2.33
5.67
3.0
-0.33
-4.0
13.33
-6.33
0.67
1.0
4.67
4.33
1.0
3.67
9.33
5.0
4.67
-1.33
7.33
1.0
-4.0
3.0
6.67
5.0
2.67
5.33
0.0
4.67
2.33
8.33
-1.67
11.33
7.67
1.0
11.0
0.33
4.67
2.67
1.67
6.33
10.33
7.0
4.33
12.33
5.0
15.0
11.33
6.33
12.0
2.33
10.33
7.0
6.0
6.33
-2.0
5.67
9.33
4.33
3.0
9.67
10.33
7.33
-1.33
8.0
9.67
7.33
12.67
1.67
11.33
9.67
5.0
8.67
6.33
11.0
11.0
2.33
9.67
12.0
5.33
9.67
9.33
0.33
8.67
9.0
8.0
5.0
13.67
-2.0
2.67
3.67
8.33
5.0
3.33
6.67
4.67
10.0
9.0
1.33
3.67
1.0
7.33
8.33
6.0
5.0
1.33
3.33
5.67
7.0
4.67
6.0
7.67
8.67
7.0
0.33
3.67
7.0
4.67
11.33
0.67
12.0
7.33
-1.67
15.33
3.33
2.0
18.67
10.33
13.0
3.67
8.33
10.0
1.67
2.0
12.33
6.0
10.67
21.67
2.33
12.33
11.0
3.33
15.67
13.67
16.67
13.0
14.33
16.67
15.33
23.33
20.0
25.67
24.0
27.33
21.0
12.67
24.0
25.67
28.67
23.33
39.33
24.0
29.33
35.0
46.33
51.0
45.67
40.0
56.67
54.67
68.0
54.67
98.67
76.33
96.0
72.33
82.67
65.0
53.0
55.33
67.0
43.33
38.33
37.33
23.33
24.67
28.0
16.67
18.67
13.67
21.67
8.0
20.33
14.0
18.33
10.0
16.67
21.67
11.0
9.33
17.67
17.67
20.0
21.33
18.0
31.67
27.0
18.0
30.33
22.67
24.0
15.33
28.33
43.67
36.0
36.0
44.0
34.67
53.33
29.0
51.0
56.33
26.0
40.33
49.0
38.0
57.33
42.33
34.67
18.0
33.67
26.0
32.0
22.33
12.67
14.33
7.33
6.67
8.33
11.67
10.33
12.33
16.67
8.33
17.0
11.0
9.33
5.0
12.33
16.33
5.0
8.67
11.33
26.0
13.0
17.33
29.0
23.33
7.33
11.67
14.67
31.33
10.0
32.67
17.33
19.33
27.0
37.33
30.33
34.0
21.67
27.33
34.67
25.0
24.67
24.67
36.67
28.67
29.33
26.33
32.33
32.0
26.33
24.33
26.0
26.0
20.33
19.33
24.33
36.67
39.33
34.0
36.67
39.67
47.67
42.33
40.67
36.0
46.0
54.67
45.33
53.0
53.67
56.33
42.33
34.33
38.33
60.33
53.0
60.67
62.67
51.67
69.33
60.0
49.33
54.33
76.0
49.33
64.33
50.0
64.0
41.33
42.33
56.33
48.33
46.67
46.0
60.0
43.33
30.0
39.0
23.67
32.67
21.67
29.0
15.33
16.0
13.67
20.33
15.33
4.67
10.33
11.0
12.0
14.0
22.33
19.0
14.67
6.67
6.0
10.0
13.33
14.67
9.0
18.67
8.0
12.33
14.67
14.0
15.0
15.0
14.67
15.33
22.33
17.0
23.33
29.33
13.33
37.0
24.67
21.33
22.67
25.67
15.67
25.33
27.0
35.33
9.33
36.33
-0.33
31.0
22.67
19.67
9.67
11.67
21.67
26.0
7.67
18.67
13.33
7.0
9.67
4.0
8.0
19.33
16.0
17.33
23.33
20.67
29.0
11.0
31.33
24.67
45.33
43.33
48.0
69.0
37.33
61.0
61.0
80.0
96.67
116.67
107.33
143.67
143.33
156.67
160.33
162.33
184.33
178.33
186.0
208.33
229.67
238.67
228.33
224.33
244.67
223.33
210.33
222.33
188.33
205.33
162.0
162.33
148.67
130.33
120.0
79.67
71.67
68.67
64.33
36.0
43.0
24.67
23.0
36.0
12.33
37.0
33.67
30.67
28.0
34.33
29.0
37.33
40.67
43.67
50.0
50.67
61.67
60.0
77.33
59.0
58.0
72.0
82.33
90.33
80.0
78.67
69.0
84.33
89.33
74.33
78.67
52.0
57.33
75.0
71.33
53.0
53.67
57.33
40.0
41.33
45.0
51.67
28.33
34.67
47.33
52.0
41.33
33.0
41.0
11.33
29.33
28.67
31.0
36.0
26.33
10.67
10.67
18.67
15.0
18.67
21.0
19.67
6.0
17.0
16.33
12.0
12.67
5.67
3.67
4.0
15.33
8.33
13.67
6.67
10.33
9.67
6.33
13.67
5.33
9.67
14.33
5.33
12.67
2.67
14.67
21.0
7.67
5.0
0.33
17.67
10.67
21.0
7.33
4.0
4.33
27.0
13.33
21.0
17.0
25.67
28.67
27.0
24.33
20.67
15.67
18.67
40.0
24.0
22.33
23.33
29.33
36.67
34.67
18.67
26.67
11.0
25.67
28.33
29.0
31.67
32.67
23.0
48.33
30.67
41.67
35.33
15.33
21.67
19.0
24.33
16.0
15.33
25.33
11.0
23.67
21.67
14.0
15.0
23.33
11.33
25.67
23.0
20.0
11.33
16.67
15.0
15.67
14.33
17.0
25.0
20.33
24.33
32.0
18.67
20.0
33.67
23.33
36.33
25.0
32.67
22.0
24.0
21.33
30.0
24.67
21.0
15.33
5.0
11.0
16.33
24.33
14.0
13.67
17.67
11.33
16.0
11.33
20.0
2.33
6.67
2.33
6.0
11.33
-0.33
9.33
1.0
16.67
10.33
7.0
5.33
6.0
6.33
3.33
9.33
4.33
15.0
5.33
11.33
7.67
8.33
12.0
11.0
15.67
7.33
11.0
12.67
12.0
19.33
7.0
7.0
11.33
15.0
13.33
-3.67
12.0
16.33
2.33
13.33
11.67
30.0
-2.0
17.0
7.33
1.67
18.0
15.0
5.67
-3.67
8.0
14.67
3.67
15.33
10.67
5.67
4.67
13.67
13.67
14.0
6.0
9.67
12.33
2.33
15.33
-1.0
10.33
11.0
3.33
5.33
7.67
10.67
13.67
14.67
1.0
-4.0
7.33
6.67
4.67
6.67
7.67
14.67
5.0
-2.33
0.67
12.0
4.67
5.0
1.67
-0.33
-1.33
-1.0
4.0
11.67
10.33
1.0
-4.0
-0.33
15.33
12.67
4.0
16.0
9.0
6.33
1.67
12.33
-13.0
-1.67
12.0
-1.0
5.0
10.33
-2.33
1.67
3.0
10.33
4.67
9.0
14.0
12.67
12.0
4.67
10.67
21.0
2.67
12.33
17.0
12.33
-2.33
11.67
9.67
12.33
-2.33
11.67
2.67
10.67
3.67
-2.0
8.0
7.0
-1.67
4.33
10.33
13.67
8.67
-6.0
-1.67
19.33
8.67
12.67
-0.33
4.67
24.67
5.33
11.0
19.0
15.67
18.0
-0.67
10.33
22.0
-3.67
16.33
23.67
12.67
18.67
6.33
10.0
12.67
32.67
12.67
18.0
10.0
27.67
18.33
12.33
11.0
23.0
24.67
-4.0
18.0
19.67
9.33
13.0
4.67
22.67
-3.0
10.67
24.33
17.67
17.33
6.33
7.33
-5.67
21.67
19.67
3.67
8.67
0.67
6.67
8.67
8.33
5.67
27.67
11.33
4.33
15.67
6.33
5.0
-4.0
-5.33
9.33
4.33
7.0
2.33
3.67
3.67
-9.33
2.67
-4.0
0.33
14.0
13.67
14.0
4.67
0.0
4.33
4.33
8.0
13.0
13.0
6.33
13.0
7.33
-4.33
0.0
2.0
10.67
0.0
9.33
6.33
0.33
-3.67
3.67
5.33
18.67
7.0
6.0
-2.0
18.33
-9.33
-6.0
0.67
-2.33
3.33
3.0
-5.67
0.0
-0.33
4.33
2.67
11.0
4.67
-3.33
2.67
1.0
6.0
10.67
17.33
5.0
6.33
-6.0
-1.33
2.33
4.0
3.33
3.0
4.0
15.0
5.33
2.67
7.33
11.33
-4.0
3.67
-5.0
2.67
-5.0
4.0
7.33
0.67
0.0
8.0
3.67
10.67
-3.0
-5.0
12.67
-6.33
9.33
-4.67
1.0
-8.67
12.33
6.0
11.33
12.67
0.0
-2.67
0.33
10.33
5.67
-6.0
-0.67
0.67
4.0
-2.33
-1.0
4.33
-4.67
-2.33
-7.33
3.0
-3.67
17.33
-1.33
6.67
4.33
3.33
-1.33
0.33
5.0
-3.0
-1.0
-0.33
15.0
4.67
7.33
-0.33
-3.33
-2.67
-1.67
4.0
2.67
2.67
-0.33
10.67
-1.33
4.33
5.33
3.33
3.0
6.67
-3.67
2.67
-4.33
0.67
0.0
9.0
12.0
3.0
14.67
10.67
-4.67
10.33
9.33
7.0
8.33
15.33
-0.33
5.67
6.67
1.33
3.33
8.67
-2.33
0.67
-5.67
-2.0
3.0
7.0
3.0
10.33
9.0
-6.33
-1.33
-0.67
-2.67
1.0
2.0
-8.0
-7.33
4.0
5.67
1.0
-5.67
1.67
3.33
3.33
6.67
3.67
7.33
4.33
3.33
-2.0
9.67
5.33
-1.0
2.33
-5.0
1.0
-1.67
-4.67
7.33
11.67
-5.33
-6.0
4.0
-2.33
6.67
5.0
8.67
-6.67
-9.67
0.33
2.0
3.67
3.0
5.33
7.0
1.0
-1.33
4.67
-3.33
-0.33
9.67
14.33
0.0
1.0
1.67
8.0
5.33
1.67
-3.0
1.0
0.67
6.33
3.0
6.33
3.0
6.33
-3.67
3.67
5.33
-1.33
1.67
4.67
-0.67
5.0
5.33
0.33
3.67
3.67
-0.33
-2.0
4.0
4.0
-1.67
-3.0
6.0
5.67
4.33
1.67
6.0
4.0
3.33
9.67
-5.0
-0.33
1.67
13.33
0.0
6.33
-2.33
1.33
-2.0
3.67
4.67
11.67
-1.0
-6.33
-1.67
-1.33
0.67
-6.67
2.0
0.33
-0.33
2.67
1.33
9.0
3.33
5.67
0.0
6.67
1.0
12.33
2.33
-1.67
-3.67
6.0
10.67
0.0
7.0
7.67
9.33
5.0
12.0
7.67
3.67
-5.33
-4.0
0.67
4.0
4.67
6.33
0.33
0.0
-0.33
-3.0
6.67
1.0
5.33
6.67
0.33
2.0
-1.67
-4.33
3.33
-3.0
2.67
-3.33
-0.67
0.0
1.67
-3.33
-4.33
9.33
-1.33
-1.67
3.0
-0.33
10.0
1.0
4.67
3.0
-1.0
2.33
-3.0
-0.33
-3.33
4.0
-3.33
2.67
2.67
0.33
1.0
-2.33
0.67
-0.67
10.67
4.67
-1.67
-3.33
3.67
4.67
4.0
2.33
3.33
3.0
9.67
4.0
14.0
1.0
-1.33
-0.33
1.67
-2.0
6.67
5.67
-1.33
1.0
-0.67
1.0
2.67
-3.67
-0.67
0.0
-2.33
2.67
-2.33
-3.0
5.67
3.33
2.0
-1.33
-2.0
1.0
2.33
0.0
1.33
-0.67
-4.0
2.33
-2.67
-5.0
4.67
-6.33
3.0
-0.67
6.0
-1.0
1.67
1.0
3.67
2.0
-2.33
-4.0
-0.33
0.67
2.67
-0.67
-3.33
5.33
-0.33
2.67
3.67
-1.67
3.0
-0.33
2.0
0.33
-3.33
1.0
-0.33
-5.0
-1.0
-1.0
0.0
2.67
-1.67
1.67
-1.0
-4.0
4.0
7.67
-3.0
