0.0
61.67
32.33
-47.0
-8.33
-27.0
-26.33
-15.67
78.67
72.67
68.33
18.33
15.33
-25.67
20.33
30.0
-82.0
24.67
34.67
-15.67
-24.67
8.33
0.33
-9.33
-12.33
-9.0
-8.0
0.0
-0.67
-1.67
-12.0
0.0
8.67
-3.67
2.33
3.0
-0.67
-0.33
-1.67
-1.0
0.0
-1.0
1.33
-0.33
-1.33
0.0
1.0
0.0
1.0
-0.33
0.0
-0.33
0.0
-0.67
0.0
0.0
1.0
0.0
-0.33
0.0
-0.33
1.33
-0.33
0.0
-0.33
0.0
0.67
-0.33
0.0
0.67
0.0
1.0
-0.67
0.0
-0.67
-1.0
0.0
-0.67
-0.67
-1.67
0.0
-2.0
1.0
0.0
-1.0
-0.67
-0.67
-1.33
1.0
-1.0
0.33
1.67
0.33
-0.33
2.0
0.0
1.67
2.67
-0.67
1.33
0.67
1.0
1.33
-0.33
0.0
2.67
-1.0
-1.33
3.0
2.67
-0.33
1.0
0.67
-1.33
1.0
3.0
-0.33
-1.67
4.0
-1.0
6.0
-2.67
-3.67
-0.67
-1.33
4.0
1.33
2.33
-0.33
3.0
-2.0
-3.67
4.33
-2.33
5.0
2.0
1.0
-0.67
-2.0
-3.0
-1.67
2.0
5.0
1.67
-1.67
0.67
-0.67
5.33
-6.33
-2.0
2.0
1.0
6.33
-1.0
0.67
1.33
-1.33
2.33
-0.33
1.33
-2.67
-0.33
5.0
5.67
5.67
-1.67
-2.0
6.33
-2.67
4.33
0.33
3.67
3.0
3.33
3.0
2.33
3.0
1.0
2.67
7.33
2.0
-8.0
-6.33
-9.67
0.0
-6.33
1.33
4.67
1.0
9.0
2.67
-0.33
3.67
-3.67
1.0
0.0
1.0
3.0
1.67
3.67
6.33
1.33
0.33
4.0
4.33
5.0
2.0
3.33
2.33
-2.67
5.0
0.0
-4.33
9.0
3.33
8.0
7.67
-8.33
0.67
-2.0
0.67
1.33
1.33
0.33
7.33
-3.33
2.67
0.0
2.0
2.67
-3.33
1.0
-4.0
3.67
6.33
-4.0
3.67
1.0
0.67
-0.33
-4.67
-1.33
0.67
1.67
4.67
4.0
2.67
1.33
-3.67
-6.33
9.33
1.33
1.67
4.0
4.67
6.0
3.67
0.67
-1.33
-0.33
-0.33
0.33
-0.33
3.67
4.0
3.33
0.0
-0.33
-0.33
3.0
4.33
7.0
5.33
3.0
-3.67
3.0
1.67
9.33
8.0
6.0
0.0
4.67
-2.0
-0.33
3.33
-1.33
5.33
-2.0
-5.67
0.33
4.33
5.33
-3.33
4.33
0.67
1.67
1.33
5.67
3.67
8.67
6.0
2.33
-1.33
2.67
-5.33
6.0
4.0
3.0
-1.0
0.67
-1.67
1.67
3.33
2.67
-5.0
-2.33
-0.67
-0.67
-1.33
-1.67
6.33
6.33
-2.33
2.0
1.33
-4.67
-1.0
1.67
-2.0
-0.67
-4.0
0.33
-2.0
0.33
4.0
3.33
1.33
3.67
3.0
0.0
1.67
3.33
6.0
2.33
-0.33
2.0
0.67
3.0
-1.33
0.33
-0.67
0.33
-4.0
-1.0
4.33
-1.33
1.67
-1.0
5.33
6.33
4.33
2.0
-1.0
0.67
6.67
2.33
-3.0
6.33
2.33
-3.67
-1.67
-4.33
0.0
-1.0
-2.33
-5.67
-5.0
-0.67
-5.67
5.33
-1.33
-0.67
1.0
1.0
0.33
1.67
2.67
-1.33
2.0
-2.67
4.33
-2.0
-1.33
4.67
-1.33
1.67
1.33
-2.67
-0.67
-4.0
3.33
3.0
-3.67
1.67
-4.0
7.67
-2.0
0.33
-5.0
5.67
0.67
2.33
-2.0
-3.67
5.0
-1.33
0.67
-2.67
0.67
1.67
1.0
0.67
-1.33
-0.33
6.33
1.0
5.0
1.67
0.67
-4.67
2.0
2.33
-3.0
0.67
-2.67
6.67
0.0
-1.33
-3.67
3.67
-1.67
-3.0
2.67
5.0
-4.0
-0.67
0.33
-4.33
-1.0
-1.0
1.33
8.33
2.0
-4.33
-5.0
-1.0
2.33
-3.67
5.33
-1.67
3.0
3.0
2.0
2.33
-4.67
0.67
-0.33
-3.0
0.67
1.33
0.0
0.0
4.33
1.0
-1.67
1.33
-0.33
7.67
2.67
-0.67
-5.33
-1.67
0.33
2.0
4.33
0.67
0.67
-3.0
0.67
1.33
-3.67
0.67
-0.33
-4.67
6.67
4.0
-2.0
-0.67
7.0
-2.0
2.33
-3.67
-0.33
2.67
-2.67
4.67
-2.33
-0.67
1.33
2.33
-1.33
-1.67
0.0
-0.33
3.67
-4.33
-1.33
-0.67
-0.67
-1.0
-7.67
4.33
-0.33
3.67
-3.67
-2.0
-2.0
-1.67
4.33
-2.0
1.33
-4.0
1.67
0.67
0.33
1.33
-1.33
-0.33
-2.0
0.67
-1.67
-2.33
-2.33
1.67
-2.67
0.0
3.33
2.33
0.33
-0.67
-2.67
1.33
-3.33
3.0
-1.33
-2.33
-0.33
-2.67
0.67
-1.67
2.0
2.33
-6.0
3.33
0.0
-1.33
0.33
-1.0
-0.33
2.0
0.0
3.33
1.33
-1.0
1.0
1.33
-1.0
-1.0
2.33
-4.0
-1.67
0.33
5.33
-3.33
-0.67
-3.0
3.67
3.33
0.33
-3.33
1.67
-1.33
1.33
5.0
-3.33
-4.33
-0.67
5.0
3.33
0.33
4.0
1.0
-4.0
0.33
0.0
-0.33
-2.0
0.67
-3.0
5.0
-1.33
-1.0
1.0
-3.33
-1.67
0.33
0.33
2.0
1.0
1.33
-2.0
0.33
0.0
1.67
-0.33
-0.67
2.33
6.67
3.33
9.33
-2.33
3.33
-2.67
-3.0
2.33
2.0
-3.67
-1.33
3.33
0.67
4.0
2.33
-1.33
3.33
0.0
4.67
-2.67
-2.0
1.67
-3.33
-0.33
-3.33
-2.33
0.0
0.67
-2.0
-0.67
-4.0
-4.0
-0.33
-7.0
4.67
4.0
-1.33
5.33
3.33
0.0
-1.33
3.67
6.33
3.67
4.33
3.33
1.67
2.67
-0.33
5.33
0.33
1.67
-0.67
-3.67
4.67
2.0
-3.67
-2.33
0.67
2.33
1.33
2.67
1.67
-1.33
3.33
1.0
2.33
-7.0
-0.67
1.67
-1.0
2.0
-2.0
5.0
-4.33
-1.67
-0.33
3.0
2.67
1.0
-2.0
0.33
9.33
-3.33
5.33
-1.33
3.33
3.67
7.33
3.33
-4.33
4.0
0.33
-1.67
-1.33
-1.67
2.0
0.67
5.0
-3.67
1.0
-1.33
-4.0
-1.0
-1.33
-0.67
3.0
3.33
4.33
1.33
-0.33
0.67
-1.33
-1.67
5.33
7.0
-2.67
-1.33
3.0
-1.33
4.33
-4.33
2.67
-6.33
0.33
-3.0
-4.0
1.33
-0.67
-1.0
2.33
-0.33
-1.0
-0.33
0.67
-5.0
-0.33
-2.33
-3.0
0.0
3.0
2.33
1.67
-3.33
-4.0
5.33
-0.33
0.0
2.67
-1.0
4.33
-5.33
-5.33
-6.0
-2.33
3.33
7.0
2.67
1.33
1.0
-0.33
2.67
3.33
6.0
0.0
4.0
0.67
3.0
6.67
2.33
6.0
-0.33
-8.67
-1.67
0.33
1.33
2.67
3.0
13.0
0.33
-0.33
-0.33
3.67
1.33
11.33
6.0
-1.67
4.33
1.0
2.0
-1.67
-1.67
5.0
9.33
1.33
-1.0
3.0
5.33
0.0
-1.33
2.33
3.33
-1.0
2.67
12.33
12.33
-1.33
10.0
14.67
5.33
10.67
2.67
6.33
13.67
7.0
9.67
8.33
13.0
0.0
5.33
2.67
10.0
0.33
9.67
1.33
-0.67
5.67
5.0
3.0
-1.0
8.67
-5.0
-2.33
2.67
4.33
-2.0
0.33
7.67
2.67
3.0
3.0
2.33
10.67
-1.0
-0.67
1.33
3.0
16.0
6.33
2.33
15.67
-1.0
5.67
6.0
14.67
5.67
0.0
1.33
1.67
7.0
2.67
7.33
0.67
3.0
1.33
0.33
12.33
2.33
7.0
13.67
5.33
0.0
-0.33
3.33
13.0
8.67
9.0
6.33
3.0
7.67
4.67
7.33
7.33
3.0
0.33
7.67
5.67
1.67
1.0
7.33
-0.33
14.33
13.33
1.0
5.67
4.0
12.33
8.0
7.67
11.0
19.67
10.67
28.33
24.33
26.0
31.33
28.0
36.33
59.0
58.67
71.0
88.67
89.67
101.0
98.67
134.67
106.33
159.0
130.33
121.67
96.0
105.0
94.33
76.0
54.33
48.33
49.33
27.33
30.67
17.0
4.67
19.67
7.67
6.67
6.0
16.33
4.0
13.33
10.0
8.67
0.67
10.0
16.33
8.67
16.67
11.0
11.33
29.0
16.67
14.0
22.0
17.33
14.67
28.0
35.33
28.33
19.67
21.0
34.0
24.0
27.67
27.33
23.0
23.0
23.33
20.0
24.33
25.0
39.0
38.33
27.33
25.67
15.0
24.67
19.0
12.0
11.33
17.67
7.33
11.33
3.67
14.33
6.67
9.33
10.33
11.67
9.33
14.0
7.0
2.33
0.0
3.33
8.33
7.0
20.67
7.33
11.0
13.0
10.33
5.0
21.33
7.33
5.67
24.67
13.33
18.0
12.67
24.33
25.33
16.0
25.33
42.33
17.0
28.67
29.33
42.67
24.0
19.67
27.67
18.67
21.67
23.33
21.33
23.33
16.0
18.33
22.33
15.0
21.0
11.33
16.33
16.33
29.67
16.33
32.0
26.67
31.67
34.67
55.33
50.67
52.0
43.0
47.67
34.33
61.0
43.67
71.33
59.33
69.33
51.33
63.33
47.0
64.67
52.67
67.67
55.33
49.0
49.33
60.33
67.0
42.33
47.33
52.0
67.0
41.33
36.33
55.33
50.33
56.67
46.0
39.0
41.33
36.0
37.0
20.67
18.67
11.67
17.0
14.33
7.0
11.67
1.33
10.33
12.67
17.33
11.0
8.0
7.0
17.33
19.0
13.67
14.67
14.0
16.0
20.33
21.67
10.0
14.67
10.0
10.33
6.67
16.0
16.0
11.0
20.67
18.33
26.33
27.0
20.33
19.33
17.33
21.0
18.67
31.33
37.67
37.67
23.67
23.33
15.0
3.33
14.33
24.33
8.67
16.0
15.67
18.67
16.67
7.67
15.67
8.0
11.67
8.67
14.33
14.0
6.67
4.0
9.0
9.33
13.0
8.33
3.33
10.67
10.0
6.0
14.33
12.67
11.33
3.33
22.0
24.0
26.33
31.0
29.0
48.0
51.67
55.67
50.33
84.67
88.33
115.67
125.33
147.33
150.33
157.33
171.0
218.33
210.67
228.67
180.33
199.33
212.67
203.33
190.33
221.33
174.33
147.33
141.0
125.33
114.67
86.33
84.0
70.67
77.67
51.67
46.33
44.0
30.0
33.67
27.0
39.0
19.33
26.0
23.67
36.67
36.0
40.33
58.0
48.33
27.67
48.67
54.0
60.67
60.67
41.0
39.33
62.0
57.0
58.0
56.33
67.33
52.0
45.67
55.0
49.33
48.33
46.33
33.67
52.0
40.33
55.0
54.33
44.0
49.67
54.33
69.0
64.33
57.0
53.67
52.33
57.67
52.33
64.0
59.33
48.0
55.0
55.33
43.33
59.67
29.0
54.0
47.33
50.67
33.67
30.67
32.0
21.67
28.0
36.67
28.0
27.0
11.33
15.0
12.67
14.67
25.67
5.0
17.33
12.33
9.67
4.67
19.33
5.67
6.33
9.67
-3.67
-2.33
9.33
16.33
13.67
7.67
18.67
20.0
-1.33
21.0
6.33
12.67
12.67
24.0
4.33
11.0
11.33
9.0
22.33
17.0
23.0
15.67
25.67
31.0
26.33
22.67
19.67
22.67
25.0
27.0
18.33
8.33
18.33
7.67
9.67
5.67
7.67
19.0
11.67
22.33
16.0
16.67
24.67
11.0
19.33
8.67
15.67
18.33
6.33
-2.33
13.0
2.33
6.0
16.33
13.33
6.0
2.67
14.67
16.0
-2.0
14.33
10.33
15.67
15.0
10.0
9.33
5.67
14.0
8.67
8.33
8.0
16.0
8.33
14.33
11.0
7.67
10.0
27.67
8.33
15.33
19.0
12.67
13.0
11.0
8.33
7.0
19.67
13.0
14.33
7.0
12.0
11.33
12.33
6.0
13.67
10.67
2.33
13.0
6.33
11.0
19.33
4.67
-0.67
3.0
4.33
9.67
4.33
3.0
3.67
8.33
7.0
7.33
1.0
15.33
11.33
3.33
8.33
8.0
4.33
9.33
14.67
2.33
8.0
12.0
19.67
9.33
6.0
9.67
-3.0
14.33
5.0
11.0
11.33
9.0
2.33
-5.67
3.0
7.33
-0.67
0.33
14.67
16.0
5.0
-1.0
9.33
5.67
13.0
3.0
8.67
8.33
10.0
-2.33
0.67
9.33
2.67
6.67
7.67
13.67
6.67
8.0
4.0
9.67
11.33
5.33
10.33
6.0
8.33
-2.0
4.33
5.33
-0.33
9.67
14.67
14.67
10.0
-9.0
5.33
0.67
7.67
14.67
14.67
6.67
-2.0
3.67
-6.33
-2.0
7.67
4.0
-0.33
-2.33
5.67
4.0
-8.0
4.67
5.33
-3.0
6.0
-7.33
3.33
-0.33
7.0
11.0
9.0
0.33
13.67
16.33
15.0
2.33
13.0
4.0
11.0
10.33
17.67
4.67
3.0
13.33
18.67
3.0
7.0
3.67
-1.0
8.67
6.67
8.0
-7.33
4.33
20.0
-0.67
-1.33
16.67
-2.33
11.33
5.67
11.67
-1.33
-1.33
4.67
1.0
5.0
0.0
4.33
-3.67
5.33
10.67
-3.33
4.0
1.33
4.33
10.67
7.67
0.67
12.67
1.67
-5.67
9.0
9.0
5.67
3.0
-4.67
4.33
17.0
7.33
7.33
16.67
21.67
11.67
6.33
21.0
18.67
32.67
18.67
21.0
12.0
28.67
3.33
21.33
27.0
30.0
23.67
7.0
27.0
21.67
13.33
14.0
10.67
13.67
14.0
6.67
8.33
14.67
11.33
9.33
9.33
6.33
7.67
9.67
1.67
10.67
2.67
10.67
8.67
6.33
10.67
4.67
3.33
7.33
5.67
24.33
20.0
5.0
-5.33
0.33
-3.67
5.0
-0.67
16.67
4.67
10.67
1.67
2.0
-0.67
15.0
-3.33
13.0
3.67
16.0
11.33
-2.67
18.0
19.0
12.0
5.33
10.0
1.33
-1.33
2.0
4.0
6.67
0.0
-0.67
6.33
-6.67
-2.67
0.67
-3.67
12.67
0.0
1.0
7.0
3.33
-0.33
9.0
0.67
-6.33
1.33
-2.0
1.33
-8.0
-3.33
6.33
0.67
1.0
-2.33
3.67
4.67
-2.0
4.0
-0.33
7.33
2.0
-1.67
-3.0
-7.33
-2.67
5.0
-1.67
0.0
-1.0
9.0
9.33
3.67
8.33
4.33
4.0
-0.33
5.0
12.67
-7.0
-2.0
0.33
-6.33
9.0
0.0
6.67
3.67
-9.0
1.0
6.67
6.67
9.33
3.33
0.0
4.33
9.33
-12.0
-7.67
5.67
-7.0
6.33
4.33
6.33
5.67
-1.0
1.33
-14.33
-2.0
0.67
-1.0
-2.67
2.33
-0.33
-6.33
4.0
-2.67
-4.67
-1.33
-7.33
9.33
-9.67
-3.33
4.33
-1.0
3.0
-5.0
-0.33
9.0
11.67
0.33
-9.33
-2.33
-3.67
2.33
0.0
2.67
-5.33
10.67
2.67
2.67
-0.67
2.33
-6.67
-3.0
16.67
5.33
-3.33
-3.33
0.67
4.0
3.0
-1.0
0.0
7.67
2.67
0.33
-3.67
1.33
7.0
4.33
7.33
4.67
4.67
-1.33
2.33
4.33
-2.33
-4.33
-0.33
3.33
0.0
4.0
10.0
-1.0
0.33
6.0
-4.33
4.67
-5.67
9.33
8.0
4.0
-6.0
-6.33
-2.0
4.67
7.0
-8.67
-6.33
-1.67
8.33
0.67
9.67
4.33
-2.67
4.33
-1.0
3.67
2.33
-1.0
-5.67
1.0
0.0
1.33
3.33
0.33
1.67
2.67
7.0
0.0
-3.33
0.67
11.0
-0.33
1.33
-0.67
-13.67
1.0
1.67
3.0
-3.67
0.0
1.0
-4.33
3.67
0.67
0.67
5.67
7.33
-2.0
-4.0
3.67
-1.0
8.33
2.67
-4.0
5.0
-1.33
-2.67
-3.0
5.33
0.0
0.33
-7.67
10.67
-0.67
1.67
0.67
7.67
1.33
0.0
-0.67
-2.67
1.67
4.67
-1.33
-9.0
-1.0
2.0
-2.67
1.0
9.0
-4.33
0.33
-1.33
8.0
-2.0
-0.67
6.67
-6.0
-1.33
0.67
0.33
4.0
9.33
1.67
6.33
1.0
-3.33
-1.33
2.67
5.0
-4.33
-0.67
-2.33
-0.33
-0.67
3.0
9.33
16.67
5.67
-6.67
0.0
-0.67
3.67
-5.0
3.67
-1.0
6.33
8.33
4.33
-4.67
0.0
0.67
3.0
6.0
5.67
9.33
14.0
3.0
2.67
2.67
-1.33
5.0
5.67
9.0
3.67
1.33
5.33
-3.0
-1.33
-4.0
0.67
4.0
0.33
0.67
4.33
2.0
3.33
-0.33
2.33
-2.0
0.67
1.67
1.33
-6.0
-2.33
3.67
-2.33
-1.67
7.67
3.33
5.0
0.67
-1.0
-3.0
0.67
2.0
2.0
1.33
8.0
-1.33
-6.33
-1.0
-0.33
2.67
-1.33
8.33
6.0
0.67
-1.33
4.33
6.67
1.67
-0.67
2.67
1.67
-0.33
3.0
5.33
3.33
0.0
4.67
0.0
2.0
9.0
0.67
5.67
0.67
2.0
0.67
2.67
-0.33
2.0
0.33
12.0
3.67
3.33
-0.67
-1.0
3.67
-1.33
0.67
-3.0
-1.33
2.33
3.0
6.67
0.0
0.0
2.33
-3.0
-1.67
-4.67
-1.0
9.33
-3.67
-3.0
-3.33
-1.33
-4.0
3.33
1.0
-1.0
-2.33
1.0
-1.33
5.0
-5.33
3.0
4.67
-2.33
5.67
0.33
-3.33
-0.67
-2.33
0.67
4.67
-2.67
-2.0
2.67
5.0
-0.67
0.67
1.0
3.67
2.0
-3.0
1.0
2.0
5.67
-2.67
3.67
8.0
-4.0
0.0
-1.33
-2.0
