0.0
0.67
-7.67
-1.0
-61.33
-39.0
-29.33
-20.67
59.67
-32.33
-33.67
19.33
60.33
-37.67
39.33
7.0
7.0
-19.33
71.67
16.33
-64.67
-19.67
-19.67
-6.33
4.67
16.0
-15.0
-5.0
9.33
5.33
-7.0
4.0
-1.33
-0.67
0.33
-1.0
3.33
2.67
0.33
-1.0
0.0
-1.0
0.33
-0.33
-1.33
1.0
1.0
0.0
0.0
-0.33
0.0
0.67
0.0
-0.67
0.0
0.0
0.0
0.0
-0.33
0.0
-0.33
-0.67
0.67
0.0
-0.33
0.0
0.67
0.67
0.0
-0.33
2.0
1.0
-0.67
1.0
-0.67
0.0
-1.0
-0.67
-0.67
-1.67
0.0
-2.0
1.0
1.0
-1.0
-0.67
0.33
0.67
0.0
0.0
0.33
-0.33
-0.67
-0.33
0.0
0.0
0.67
0.67
0.33
0.33
-0.33
1.0
-0.67
-1.33
-1.0
-0.33
-1.0
-0.33
-1.0
-0.33
0.67
2.0
0.67
2.67
-2.0
0.0
1.67
1.33
1.0
-2.0
1.0
-0.67
0.33
-0.67
-1.33
4.0
-0.67
3.33
3.67
2.0
-1.0
2.33
0.33
-2.33
-1.0
-1.0
1.0
-1.67
-1.0
2.0
-1.67
1.0
-2.0
0.67
-0.67
-1.33
3.33
3.33
-10.33
3.0
2.0
-1.0
0.33
5.0
2.67
-0.67
3.67
2.33
4.67
1.33
-2.67
2.67
4.0
1.67
3.67
0.33
-2.0
3.33
1.33
-1.67
8.33
-1.33
-1.0
-4.67
-2.0
0.33
2.0
-4.0
3.67
4.33
0.0
-5.0
-5.33
-4.67
6.0
1.67
7.33
0.67
2.0
3.0
3.67
-2.33
-0.33
-1.67
4.0
-3.0
-1.0
6.0
2.67
11.67
4.33
5.33
-2.67
-1.0
-1.67
-5.0
-5.0
5.33
1.33
-2.67
5.0
-2.0
-2.33
1.0
-0.67
-5.0
3.67
-5.33
5.67
-2.0
1.67
1.33
2.33
-2.67
5.33
-2.33
0.67
5.0
8.0
-0.33
6.67
0.0
2.0
5.67
-0.67
-1.0
1.67
3.0
2.67
0.67
-1.67
0.67
-4.33
-1.33
3.67
0.0
5.67
5.33
-4.67
0.67
4.33
-0.67
2.67
1.0
3.67
2.0
0.67
-0.33
0.67
6.67
4.67
1.33
-3.33
-4.33
2.0
-0.67
3.0
-2.33
1.67
2.0
6.33
3.0
0.33
0.0
0.33
4.0
-3.33
9.33
0.0
-1.0
-1.0
1.67
-1.0
2.67
3.33
-3.33
9.33
1.0
-0.67
9.33
3.33
-1.67
0.67
4.33
-2.33
-5.33
-3.67
4.67
-3.33
2.67
4.0
1.33
-3.33
-1.33
-5.33
-5.0
4.0
1.0
6.0
0.67
3.33
-2.33
7.33
-1.33
-3.0
4.67
-1.67
3.33
-3.33
3.33
0.33
5.33
5.67
1.0
-3.67
-3.67
3.0
4.67
1.0
-5.67
-3.0
-4.67
1.0
-3.67
5.0
-0.67
-2.67
1.67
2.0
3.0
3.67
3.33
-4.0
-0.67
-6.33
7.0
-4.33
2.0
-2.33
0.33
-3.67
-0.67
-2.0
-2.0
6.33
-2.33
0.67
0.0
-4.67
0.33
3.33
6.0
6.0
-1.33
-0.33
-2.67
-3.0
3.33
1.33
-1.67
0.33
-1.33
2.0
-3.0
1.67
0.33
-3.0
0.33
1.33
2.33
0.67
-1.67
1.0
-2.0
1.33
1.67
5.67
-0.33
0.0
-1.67
-3.67
-3.0
0.67
-2.33
-1.33
-0.33
2.33
-1.67
-1.67
4.0
-0.67
-4.0
2.33
3.67
-2.0
-1.33
1.0
0.33
-4.0
1.67
-0.33
2.33
4.0
-3.67
6.0
-2.33
7.67
-2.67
-2.33
2.67
0.0
-5.33
3.67
-0.33
1.33
-4.0
6.0
2.67
0.67
-1.67
1.0
4.33
0.0
-1.33
-1.67
6.67
2.0
1.67
-0.67
-0.33
4.33
-2.0
-3.33
2.0
-4.0
1.33
-1.67
-6.33
6.0
2.0
1.33
2.33
-1.0
-3.33
-5.0
1.0
2.33
-4.67
1.33
4.33
0.0
1.0
0.0
-0.67
-5.67
0.67
-1.33
-1.0
2.67
5.33
1.0
0.0
0.33
6.0
0.33
-1.67
-2.33
7.67
1.67
-0.67
-3.33
-0.67
-3.67
2.0
-0.67
1.67
0.67
-3.0
-3.33
-3.67
2.33
2.67
-2.33
-5.67
0.67
0.0
4.0
2.33
3.0
0.0
-0.67
-2.67
4.67
5.67
0.33
3.67
-2.33
0.33
1.33
1.33
4.67
3.33
2.0
-4.33
-2.33
1.67
-0.33
-1.67
-1.67
3.0
-4.67
0.33
-4.33
-1.33
-4.67
2.0
4.0
-2.67
0.33
5.0
-1.67
-4.0
-4.33
-2.33
2.33
-0.67
-2.33
-0.33
-2.0
-0.33
-1.67
-1.33
1.67
-0.33
2.33
4.0
3.33
3.33
-0.67
1.33
2.33
-0.67
-2.33
-1.0
1.67
-2.33
1.67
1.33
-0.33
0.33
-4.0
4.33
-1.0
-3.67
0.0
0.67
-2.67
-2.0
-0.33
-4.0
-1.0
2.33
-0.67
-1.0
2.0
-2.67
4.0
4.0
1.33
5.0
2.33
2.33
-0.67
-3.33
3.33
2.0
-1.33
0.33
1.33
2.67
-2.33
-0.33
1.33
3.0
3.67
-4.33
-0.67
4.0
2.33
-1.67
3.0
4.0
-1.0
-2.67
-2.0
-1.33
-1.0
1.67
-2.0
3.0
-0.33
1.0
2.0
-2.33
-2.67
-0.67
-1.67
0.0
5.0
-1.67
-1.0
-2.67
-3.0
1.67
-0.33
-0.67
1.33
-1.33
1.33
0.33
1.67
4.33
0.33
-2.0
2.33
-1.0
-2.67
3.67
1.33
1.67
4.0
-1.67
-8.33
2.33
1.0
-1.33
-1.67
-1.0
-1.33
-1.33
4.67
0.67
-1.33
-1.0
-1.33
4.0
2.33
2.0
0.0
1.67
-1.0
-0.33
1.0
1.67
-1.67
3.33
1.0
-1.33
-2.33
-1.67
0.67
3.33
-3.67
1.67
8.67
-2.33
1.33
-0.67
0.67
5.33
-3.67
3.67
3.0
0.33
-1.33
1.67
-1.67
-0.67
2.67
-2.33
-5.33
0.33
7.0
-0.67
-5.0
1.33
-1.33
0.0
2.0
9.0
-1.0
-0.33
-2.67
0.67
1.0
-3.33
0.0
-1.0
-3.67
5.33
0.67
1.33
0.67
8.33
0.67
9.33
2.33
-2.33
-1.0
-4.67
6.33
3.67
2.33
0.0
-2.33
3.0
3.33
-3.0
3.67
-1.0
3.0
0.67
-0.67
-2.0
-2.67
3.33
-2.67
0.67
-2.33
3.67
-2.67
-2.67
6.0
-2.67
3.67
-1.0
-4.33
0.33
-3.33
3.67
-3.33
2.33
1.0
3.0
-0.67
4.33
2.0
-0.67
-4.33
-2.0
-1.33
3.67
-4.0
-0.33
1.67
0.0
-1.0
2.0
6.33
-6.33
-0.33
1.0
2.33
0.67
-2.0
1.67
-3.0
-0.67
-1.33
-5.33
-5.0
-0.33
-0.67
-1.0
9.67
-1.67
8.0
0.67
1.67
4.33
0.0
5.0
0.0
0.67
0.0
2.67
-2.67
1.0
5.67
1.33
4.33
1.33
-0.67
1.67
4.0
-1.0
-1.67
-2.33
4.67
3.67
5.33
-0.67
2.0
-0.67
4.33
-2.0
3.0
0.33
5.33
-3.0
-1.67
-1.67
1.0
1.0
1.33
-3.0
2.67
-1.67
1.33
3.0
9.67
4.33
5.33
-2.33
6.0
6.67
5.33
7.67
0.67
1.33
4.67
1.0
7.67
3.33
6.0
2.0
2.33
1.67
8.0
-4.67
2.67
4.33
-4.67
4.67
-5.0
4.0
4.0
-0.33
-10.0
4.67
1.67
-2.67
-6.0
-4.67
5.67
-5.33
1.0
3.0
2.33
6.67
0.0
4.33
-1.67
1.0
2.0
0.33
-4.67
8.67
3.0
-4.33
7.0
-1.33
7.67
1.0
5.33
0.67
1.0
-5.33
-3.67
-2.33
3.0
5.33
4.33
-0.67
-3.67
4.0
4.67
7.33
-1.0
-3.33
3.33
1.0
-0.33
-3.0
3.33
-2.0
2.67
5.67
7.33
7.33
3.0
1.33
14.67
7.67
11.67
-4.0
1.33
-5.33
5.33
6.33
-2.0
0.67
14.0
4.33
7.0
6.67
11.0
7.67
18.67
22.33
15.33
14.0
15.33
19.0
33.33
23.0
27.67
35.0
43.67
45.67
44.0
39.67
52.67
58.33
57.0
57.33
41.67
41.0
46.0
26.33
16.0
35.33
16.33
22.33
11.33
14.67
7.0
4.67
4.67
7.67
13.67
-3.0
2.33
-1.0
0.33
3.0
4.67
7.67
7.0
0.33
4.67
3.67
15.0
3.33
11.0
8.67
11.0
13.0
5.33
6.67
12.0
6.33
14.33
8.67
11.0
15.0
19.0
14.67
9.33
8.0
19.0
4.33
11.0
14.33
14.0
15.0
8.33
9.33
7.67
6.0
1.67
3.0
5.0
6.33
-7.33
3.33
3.33
3.67
5.33
-1.33
7.33
5.33
-3.33
5.33
3.0
4.0
0.33
-5.0
6.33
9.33
6.0
5.67
9.33
6.0
9.0
1.33
2.0
4.33
3.33
9.67
8.67
9.33
-3.0
26.67
7.33
0.33
6.0
7.33
11.33
11.0
20.67
9.33
5.67
17.0
12.67
21.67
9.67
23.67
11.33
5.33
10.33
17.0
4.33
15.33
13.0
10.0
9.33
20.33
22.33
17.67
22.33
6.0
12.67
20.67
12.67
20.33
16.67
15.0
14.0
32.67
24.33
16.0
28.67
42.33
26.33
29.33
31.33
47.33
38.0
33.67
39.67
32.67
37.33
39.0
25.33
42.33
44.0
34.33
32.33
30.0
40.0
23.33
34.33
27.33
30.33
23.67
25.0
20.0
18.33
23.0
22.0
13.67
15.67
5.67
15.0
13.33
10.0
17.67
11.33
3.33
11.67
7.33
9.0
7.0
8.0
12.33
21.0
3.67
8.67
10.0
8.0
8.33
9.67
6.0
10.67
3.0
10.33
6.67
7.0
13.0
12.0
12.67
13.33
16.33
18.0
20.33
16.33
5.33
20.0
20.67
15.33
19.67
10.67
20.67
17.33
14.0
19.33
17.33
16.33
3.67
14.0
7.67
8.67
1.67
18.67
14.67
6.0
0.67
-3.33
10.33
8.0
12.67
0.0
1.0
4.33
0.0
5.33
13.33
0.67
-1.0
-2.0
6.33
11.67
5.33
9.33
7.0
11.0
2.33
5.0
25.0
19.0
26.67
29.67
38.33
35.67
54.33
56.67
47.33
86.33
83.33
104.33
102.0
105.33
123.67
115.67
95.33
102.33
95.67
94.33
95.33
96.33
81.33
76.33
59.0
49.33
53.67
35.33
34.0
28.67
34.67
35.67
39.33
34.0
40.0
32.67
49.0
45.0
31.33
61.0
75.67
65.67
56.0
67.33
53.0
57.33
51.67
47.67
48.0
36.67
29.67
36.0
21.33
23.0
19.0
23.0
32.33
20.33
8.0
22.67
30.0
7.33
23.33
23.33
22.67
19.0
34.33
24.0
20.33
28.0
21.67
27.33
24.0
28.33
22.0
30.67
35.33
29.67
17.33
23.0
30.33
14.0
20.0
10.33
34.33
13.67
18.0
14.0
16.33
18.67
17.67
8.67
3.0
11.67
3.0
15.67
9.0
9.0
-0.67
0.0
4.67
4.67
-0.33
-10.0
12.33
3.33
8.67
5.67
4.33
-3.33
7.33
14.67
-1.67
1.67
12.33
-0.67
4.67
10.67
15.67
3.0
-1.33
1.0
5.33
11.67
10.67
10.0
13.33
5.0
15.33
6.0
17.33
19.0
7.0
10.67
18.67
12.0
18.33
23.67
17.67
20.67
31.0
17.0
8.33
13.33
21.33
18.67
5.67
0.67
2.67
9.0
17.67
13.33
2.0
8.67
6.67
7.0
7.33
6.67
20.67
18.33
6.33
3.67
11.0
-4.67
0.0
-6.67
-1.67
-4.0
9.67
0.67
5.0
9.0
9.33
8.33
6.67
8.0
9.0
7.33
-0.33
12.0
5.67
-4.67
7.0
7.0
-1.67
3.33
2.0
-8.33
0.0
13.67
4.33
5.33
11.0
-0.33
10.0
-1.0
-0.67
11.0
12.67
-6.0
5.33
1.0
7.0
3.33
-3.67
2.0
9.67
-0.33
7.33
4.0
11.33
-2.0
14.33
-0.33
3.33
-1.0
8.33
-3.33
5.33
-3.0
8.67
4.33
15.0
3.33
-1.0
-0.67
8.33
4.33
10.33
3.0
7.33
-0.67
11.67
-3.67
2.0
7.0
13.67
2.33
-1.0
10.67
14.0
15.33
7.0
-4.0
4.33
-2.0
8.33
9.33
-9.0
9.33
-1.67
6.33
17.67
9.0
-10.0
6.0
-3.67
5.67
6.0
6.0
-0.33
-0.67
8.0
0.67
-4.33
6.33
7.67
8.67
2.67
4.67
5.67
0.0
5.0
-1.33
9.33
2.33
-0.67
-2.0
5.33
-3.0
12.33
6.33
14.67
2.67
-9.33
9.67
-1.0
3.0
-3.67
-2.33
-6.33
4.67
0.67
10.67
-11.0
3.67
-3.33
-3.0
7.67
-1.0
-8.33
-2.33
-1.33
10.0
-4.0
-2.33
-0.67
-1.0
-4.0
-0.33
3.33
-0.33
13.0
1.0
0.0
11.33
4.67
3.33
2.0
-10.67
5.0
8.0
3.0
5.33
8.67
11.67
-1.0
27.33
8.67
4.0
3.0
6.67
5.0
-4.33
1.67
9.0
-10.33
18.33
2.0
13.33
-1.33
10.67
6.67
3.33
-6.33
0.67
5.67
-1.33
-0.33
10.0
12.0
-5.0
1.33
4.33
6.33
4.67
4.67
3.0
2.33
9.33
3.67
8.67
2.67
0.67
8.67
-4.67
13.0
7.0
3.67
6.0
-0.67
2.33
6.0
-0.67
-0.67
18.67
12.67
5.67
5.33
3.0
6.67
26.67
7.67
10.0
2.0
15.67
1.33
16.33
-1.0
28.0
9.67
14.0
9.0
11.67
14.33
14.0
11.67
6.67
11.0
12.67
13.33
-0.33
9.33
10.33
8.33
-9.67
4.67
6.67
2.67
1.67
-5.33
-2.33
9.67
15.33
9.67
-1.33
7.33
3.33
-4.33
2.33
1.0
-3.0
-10.33
8.33
2.33
9.0
5.33
-0.33
9.67
-1.33
0.67
5.0
3.33
15.0
7.67
18.0
6.67
8.0
10.33
0.33
13.0
9.0
9.0
9.33
3.0
-1.67
-1.33
8.0
5.0
-5.33
-5.0
-10.67
5.33
5.33
-1.67
1.67
-8.67
3.67
4.0
-1.0
-1.0
7.33
4.67
9.0
2.67
-8.33
1.33
8.0
0.33
5.0
-6.33
6.33
-0.33
0.0
2.67
0.67
5.67
7.0
6.0
3.67
1.33
-3.0
5.33
12.0
15.67
7.33
0.0
-2.67
2.0
3.0
8.0
6.33
10.67
0.33
4.33
0.0
9.67
-8.0
-7.33
5.0
-9.0
-2.67
-7.33
3.0
-4.0
3.67
9.67
4.0
-1.0
2.67
4.67
11.33
-4.67
-9.0
-7.67
-6.67
-4.0
-2.67
8.67
3.0
9.33
-2.67
-3.67
2.67
-3.0
2.33
2.67
-1.0
-1.33
6.0
-2.67
5.33
-6.33
-0.33
6.0
4.33
-1.67
-6.33
0.67
-3.67
2.33
5.67
0.33
-1.0
-2.0
1.0
4.67
20.0
-2.33
7.33
-6.33
-1.33
7.33
-3.67
8.0
6.67
3.67
5.67
1.67
-4.33
-4.67
4.33
0.33
5.0
4.67
-6.67
7.67
-8.33
-0.33
3.0
8.0
-10.0
9.0
4.67
6.67
-0.67
-0.67
4.33
7.0
11.33
-0.67
6.67
0.67
-1.33
4.33
1.33
19.67
-7.33
6.67
-0.67
-4.0
1.0
2.0
0.0
4.33
4.0
-0.33
-2.33
1.33
7.33
-4.0
-6.0
3.0
-2.33
13.0
3.67
4.0
-0.67
4.67
-3.67
-2.67
3.67
7.67
2.33
-1.67
1.33
-1.0
6.67
0.33
-2.0
5.33
8.0
4.0
7.33
4.33
10.33
6.67
-4.33
3.0
-2.0
-6.33
2.67
7.0
4.67
-2.67
-4.67
0.33
1.0
-0.33
2.0
-1.67
-4.0
2.0
-8.33
3.67
5.67
-2.33
3.67
7.33
-1.0
0.0
4.67
3.0
4.33
-2.33
-6.0
0.0
4.67
0.33
0.0
-0.67
-1.0
1.33
-6.67
9.67
5.33
-3.33
0.67
3.67
5.33
-3.0
-0.67
-3.67
-1.33
1.67
-6.33
1.0
-6.0
3.0
-1.67
-2.0
5.0
2.67
-0.67
-6.33
4.0
-1.0
-3.67
6.67
-1.0
0.67
6.67
7.33
4.0
7.33
0.67
-0.67
-2.0
4.67
7.67
4.67
2.0
-3.33
1.33
-4.33
-0.33
1.33
4.0
-2.67
-2.33
2.67
-2.67
5.0
5.33
-1.33
2.0
12.67
2.0
-1.67
7.33
-0.67
-0.67
-1.0
-0.33
0.0
13.0
2.67
5.33
10.0
1.0
0.67
0.67
6.67
1.0
0.67
8.0
3.67
6.33
-2.67
-1.0
-6.33
-2.0
-3.33
2.0
3.33
1.67
1.33
-2.0
5.33
-1.33
3.33
-1.0
-2.33
-1.33
3.33
-1.0
2.67
-3.33
-5.33
-1.67
-3.33
-2.67
11.0
6.67
-2.0
8.0
0.67
4.0
-1.0
4.33
2.0
1.67
-1.33
-3.0
0.67
4.67
4.67
-1.67
8.0
-2.33
-0.33
0.33
7.67
-1.33
0.33
3.67
-0.33
-0.33
-4.0
1.33
2.33
2.0
4.67
0.0
10.0
4.0
-3.33
4.67
1.67
-2.0
3.67
6.67
-2.33
-6.0
4.33
-2.0
6.67
-1.67
0.33
5.0
1.67
6.67
-3.33
-2.0
-2.33
10.33
0.0
-4.33
6.0
0.0
-4.67
1.0
2.33
3.33
-7.0
-6.67
-0.67
-3.0
-0.33
2.67
5.0
-2.67
-1.0
-2.0
-1.33
-1.0
0.67
7.0
-1.33
3.0
4.67
-1.33
2.67
2.33
-6.33
0.33
3.67
-1.33
-2.33
4.33
0.0
-2.33
0.0
0.33
-3.33
1.0
-0.33
0.0
-2.0
2.0
-6.0
-3.33
-2.67
-1.33
4.0
-4.0
3.0
-1.33
1.0
