0.0
-19.33
-21.67
-64.0
-104.33
76.0
-52.33
-95.67
-85.33
-115.33
-42.67
-30.67
16.33
9.33
-9.67
11.0
42.0
5.67
15.67
-6.67
-4.67
8.33
-21.67
-21.33
-0.33
15.0
-13.0
-2.0
-12.67
3.33
3.0
2.0
6.67
-1.67
1.33
3.0
4.33
-1.33
4.33
0.0
3.0
0.0
2.33
0.67
1.67
1.0
0.0
1.0
0.0
0.67
0.0
-0.33
1.0
0.33
2.0
1.0
1.0
0.0
0.67
0.0
0.67
0.33
0.67
0.0
-0.33
0.0
0.67
-0.33
1.0
0.67
0.0
1.0
-0.67
0.0
0.33
1.0
-1.0
-0.67
-0.67
-0.67
3.0
-2.0
0.0
1.0
-1.0
1.33
-0.67
-1.33
0.0
0.0
0.33
-0.33
-0.67
-0.33
3.0
1.0
-0.33
-0.33
0.33
0.33
-0.33
0.0
-0.67
0.67
-2.0
-1.33
-1.0
-0.33
0.0
-1.33
-1.33
4.0
-0.33
-0.33
4.0
-2.0
2.67
1.33
0.0
3.0
2.0
0.33
1.33
0.33
0.67
-1.0
2.33
2.33
7.67
13.0
-2.0
-3.67
2.33
-6.33
2.0
5.0
3.0
4.33
-4.0
2.0
1.33
2.0
0.0
10.67
6.33
11.67
1.33
3.33
0.67
3.0
3.0
5.0
3.33
6.0
7.67
-4.67
0.67
8.33
-1.33
4.33
6.33
4.67
10.0
3.67
6.67
6.33
1.0
3.33
3.33
0.33
-5.67
9.67
5.0
-3.67
1.0
0.33
2.0
0.0
9.67
-3.67
4.0
-4.0
4.67
-3.67
8.0
3.67
1.33
7.67
8.0
6.0
4.67
-2.33
4.67
2.33
6.0
4.0
2.0
8.0
7.67
7.67
9.33
4.33
4.33
11.0
-0.67
4.0
5.0
-1.67
11.33
5.33
4.0
2.0
8.67
3.0
9.33
-1.0
8.67
-5.33
9.67
-7.0
0.67
3.33
6.33
7.33
2.33
1.67
12.67
2.0
7.0
13.67
3.67
7.0
7.0
-0.33
11.33
7.0
6.67
10.0
7.67
5.67
2.33
2.67
5.67
2.67
10.67
-1.0
7.67
9.33
-4.67
2.67
5.33
1.33
1.67
10.0
6.67
4.0
1.67
4.67
-5.33
2.67
1.67
3.33
5.67
2.67
3.0
8.33
2.0
0.67
0.67
-1.0
4.33
0.0
5.33
10.0
4.33
4.0
2.67
14.33
2.0
8.0
-4.0
7.67
4.0
3.67
9.33
6.67
-1.67
4.0
0.33
5.33
10.33
3.33
-1.33
0.33
7.67
4.67
8.33
-0.33
8.67
8.67
1.0
2.33
-2.33
0.67
1.67
9.0
2.0
5.0
5.0
-0.33
-0.67
-4.33
3.33
4.67
-7.0
2.67
5.33
4.33
4.67
-1.67
2.33
9.33
1.67
7.0
2.33
7.33
0.0
3.67
2.0
-1.67
8.0
4.33
-4.0
-3.67
3.0
2.33
-0.67
3.67
2.0
10.0
4.67
1.33
5.0
3.33
7.67
4.0
0.67
10.0
4.67
1.33
1.33
5.33
3.0
-4.0
10.33
-1.33
3.67
3.0
5.33
3.33
6.33
9.0
6.0
2.67
11.67
11.33
3.0
9.33
4.33
1.33
3.33
10.67
1.0
9.0
-0.33
-2.67
-2.0
1.33
-1.67
-2.67
3.67
7.33
-1.0
2.0
4.33
-0.33
9.67
-0.33
7.0
5.33
5.33
-2.0
2.67
3.67
2.67
2.67
-1.67
7.33
0.33
1.0
3.33
2.0
-0.67
4.67
-5.0
5.67
-1.0
5.33
4.0
6.67
-4.33
2.33
2.0
8.33
5.0
4.67
4.67
2.33
2.67
-0.33
4.0
8.67
2.67
5.67
6.33
0.0
1.0
4.67
-1.33
-4.67
5.0
0.33
-2.0
4.67
1.33
2.67
-5.0
4.67
-1.67
-0.33
7.33
3.0
5.67
1.0
-1.0
1.33
-1.67
-6.33
12.0
5.0
-1.67
3.33
-2.0
5.67
-4.0
2.0
5.33
-3.67
1.33
-3.67
-1.0
1.0
-1.0
1.33
-0.67
2.67
-2.33
0.0
-1.33
5.33
0.0
5.0
3.33
1.0
3.33
1.33
4.67
3.67
4.67
7.33
-2.33
-1.67
2.33
6.0
0.33
-1.33
6.67
2.0
-1.33
3.33
-0.67
-0.33
-1.33
1.33
6.67
4.0
4.0
1.33
7.0
1.0
1.33
-6.67
1.67
-0.33
-3.67
2.67
2.67
1.33
0.33
1.33
-3.33
3.33
0.0
-2.33
2.67
-2.33
3.67
5.33
2.33
1.0
-0.67
4.33
-1.33
-0.33
2.33
4.0
3.0
-1.67
6.33
0.0
0.33
-1.0
2.67
5.67
1.33
2.33
-1.33
2.67
1.0
0.67
1.33
0.67
1.67
1.67
2.33
3.0
2.33
1.33
0.33
1.33
2.33
0.33
1.67
0.0
5.67
-2.33
-2.33
0.33
2.67
-1.67
0.0
4.33
1.0
0.33
3.0
-1.33
2.33
2.0
4.67
9.0
5.0
2.33
3.33
-2.0
4.0
1.33
2.0
2.0
-0.67
2.0
-2.67
2.33
2.33
-0.33
1.33
-2.0
1.67
0.33
8.33
-0.33
0.67
0.67
-3.67
-1.0
0.67
-0.33
5.33
-3.0
1.33
-0.67
3.0
0.0
0.0
-1.67
-2.0
0.67
0.0
-1.33
4.0
3.0
7.67
2.0
0.0
0.67
-2.67
1.33
2.33
1.0
9.0
-0.67
0.0
-1.67
-4.0
2.67
3.67
0.33
0.33
2.67
4.33
0.33
1.67
5.33
1.33
-4.0
1.33
-4.0
-0.67
-2.33
3.33
1.67
6.0
5.33
-2.33
1.33
6.0
3.67
1.33
2.0
0.67
0.67
0.67
-0.33
-1.33
5.0
0.67
-3.0
-1.67
-1.0
-4.0
3.67
3.0
-0.33
2.0
0.67
9.33
5.33
7.0
-4.33
1.67
6.33
2.67
7.33
-3.67
2.67
2.67
-0.33
3.33
-0.67
0.67
-0.67
0.33
2.67
3.0
0.33
-0.33
6.67
0.33
1.33
1.67
5.67
-0.33
0.33
5.0
7.33
-1.0
-0.67
4.67
3.0
-1.0
-3.0
1.0
0.67
3.33
5.67
0.0
-2.33
-2.0
-3.0
-2.67
-0.67
0.67
-1.67
0.67
-1.67
2.67
-0.67
6.33
-4.33
0.0
3.33
-1.67
-0.33
-2.67
6.0
-1.33
5.0
-0.67
-3.0
-1.33
-2.0
-2.0
5.67
-3.67
4.0
0.33
0.33
-1.67
-0.33
3.67
2.67
0.33
0.33
1.0
-3.67
5.67
-4.0
-4.33
3.33
-3.33
6.67
-0.33
3.33
-3.0
0.0
2.33
2.33
2.0
0.33
1.67
-3.0
1.67
3.67
-3.0
-0.33
4.67
2.0
-1.0
7.0
6.33
-2.33
3.67
1.0
6.33
-5.33
1.0
-0.33
-2.0
3.33
-4.33
-5.33
-2.0
-4.33
-1.67
-1.0
1.67
-0.67
2.0
3.67
0.67
-3.67
4.0
0.0
-1.0
2.67
0.0
2.67
-0.67
-3.0
-2.33
5.33
-3.67
0.33
5.33
5.67
8.0
5.0
-0.67
2.67
-4.33
6.67
6.33
8.33
2.0
1.33
5.33
2.0
1.0
2.33
6.33
0.0
-1.67
-0.67
1.0
1.0
1.33
-3.0
9.67
0.33
0.33
-1.0
-0.33
7.33
-6.67
-5.33
0.0
-2.33
1.33
1.67
-0.33
2.33
-3.33
1.0
6.67
0.33
3.0
4.0
-5.67
5.67
4.0
4.33
4.67
2.33
-3.67
9.67
1.0
4.0
5.0
3.67
-9.0
-1.33
-0.33
5.33
3.0
1.33
9.67
5.67
5.0
1.0
4.33
6.67
6.0
9.33
3.33
-2.0
-3.0
3.33
3.33
4.67
1.0
3.67
4.0
4.67
10.67
4.0
7.33
5.67
6.0
0.67
2.33
0.67
7.0
-0.67
6.33
5.33
5.33
2.0
5.67
5.33
3.0
-0.33
-0.67
6.0
9.67
-1.0
2.33
0.0
7.67
11.67
11.33
9.33
10.0
-1.67
10.67
12.67
13.67
6.0
0.33
1.67
3.33
0.33
5.0
10.67
5.0
7.33
5.0
10.67
8.0
8.67
14.67
4.33
17.33
10.0
7.33
6.0
21.33
10.0
21.67
10.0
9.67
18.67
17.0
14.67
10.67
6.33
6.0
0.33
5.67
6.0
12.0
11.33
12.0
13.33
14.33
10.33
5.33
8.67
7.0
11.67
6.67
5.67
7.67
3.0
4.33
22.0
6.33
6.0
5.67
-2.33
12.0
10.33
6.67
-1.33
15.0
10.33
19.0
12.67
11.0
17.0
13.33
10.67
20.0
27.33
13.33
15.67
14.0
20.0
25.0
22.67
38.33
41.0
38.0
37.33
48.0
43.33
38.0
40.0
47.33
44.33
44.67
43.0
27.67
26.0
31.0
24.33
12.67
-1.67
18.33
8.67
12.33
9.67
6.33
14.33
8.67
19.33
4.0
15.0
10.33
5.0
9.33
9.33
6.0
15.67
12.33
10.0
16.0
15.33
4.0
12.33
13.33
16.67
12.67
16.33
8.0
14.67
21.33
15.33
18.0
3.33
17.33
10.0
14.67
26.33
9.67
9.0
10.67
9.67
12.67
16.67
8.33
6.33
22.33
18.0
15.33
24.33
17.0
22.0
13.33
18.33
33.33
22.67
24.33
15.0
32.67
17.67
23.67
18.33
33.67
32.0
27.0
27.67
27.33
28.0
33.67
30.33
24.33
17.33
24.33
19.33
17.0
22.67
10.67
15.67
21.33
25.0
10.33
13.33
20.0
24.33
24.33
26.0
20.0
21.33
15.33
23.33
28.33
22.67
27.0
26.0
19.33
18.0
20.0
9.67
9.67
11.67
13.0
15.33
6.0
13.67
1.33
4.33
12.67
4.33
10.0
7.0
8.0
11.33
8.0
12.67
6.67
12.0
8.0
19.33
9.67
10.0
9.67
7.0
-1.67
0.67
12.0
12.0
6.0
15.67
13.33
3.33
14.0
7.33
19.33
1.33
13.0
13.67
25.33
11.67
10.67
3.67
8.33
23.0
33.33
13.33
26.33
2.67
8.0
15.67
12.67
7.67
9.67
17.67
6.0
11.67
10.67
6.33
9.0
18.67
7.0
10.0
20.33
11.0
15.33
19.33
8.67
8.0
20.0
15.33
28.67
15.33
29.33
19.0
33.0
24.33
43.0
62.0
45.0
72.67
109.67
100.33
109.67
108.33
145.67
149.33
167.33
186.33
158.33
172.0
143.33
165.67
169.67
130.33
164.33
126.67
164.33
112.33
132.33
124.33
121.33
114.0
92.33
107.67
69.33
72.0
73.67
46.67
38.67
36.33
33.0
26.0
23.67
24.0
23.0
24.33
24.0
14.67
12.67
17.0
23.33
14.0
24.33
15.67
21.67
23.0
34.67
30.67
26.0
25.33
54.0
45.0
45.0
40.33
66.33
49.0
48.67
65.0
73.33
73.33
61.33
68.67
82.0
72.33
69.0
72.33
73.0
78.67
82.33
64.0
58.33
42.0
54.67
47.33
44.67
49.33
54.0
54.33
45.0
44.0
32.33
25.33
42.67
41.0
44.0
32.33
26.67
33.67
27.67
19.0
34.67
27.0
27.67
17.0
30.0
16.33
10.0
14.67
0.67
14.67
20.0
14.33
19.33
15.67
0.67
10.33
-0.33
11.33
12.67
14.33
1.67
12.33
7.33
6.67
2.67
18.67
10.0
10.67
14.0
9.33
16.67
13.67
13.0
7.33
17.0
14.33
11.0
14.33
14.0
25.0
18.67
19.67
18.0
27.33
12.67
33.67
22.67
30.0
21.0
31.33
35.33
16.33
29.67
37.67
14.67
29.67
35.0
24.67
20.33
18.0
37.67
33.67
12.0
22.33
19.67
27.67
23.33
19.33
18.67
20.0
20.33
7.0
13.33
28.33
13.0
23.67
20.67
27.0
15.0
13.33
21.33
35.67
12.0
22.0
14.33
21.67
11.0
21.67
20.33
15.0
20.0
18.33
18.33
13.0
20.67
20.0
26.67
20.33
8.33
14.0
23.67
18.0
19.0
14.33
19.0
20.67
8.0
21.33
6.0
7.0
6.33
17.33
14.0
5.67
19.67
11.33
23.0
7.33
7.0
9.33
11.67
4.33
6.0
11.33
7.67
-2.67
0.0
9.67
4.33
14.0
4.33
7.0
14.33
16.33
10.33
20.33
13.0
11.33
5.33
10.67
6.33
4.0
17.0
5.67
19.33
11.0
20.67
7.0
21.33
13.0
10.0
9.33
14.0
1.33
3.33
2.0
14.33
15.33
5.33
18.67
16.0
-3.0
24.0
2.33
20.67
10.0
17.0
11.67
-0.67
2.0
10.67
-3.33
13.33
-2.33
16.67
11.67
13.67
0.67
1.0
11.0
16.67
9.33
6.33
9.33
13.0
5.33
5.0
9.33
3.33
7.67
1.67
1.67
20.67
12.0
2.0
12.33
3.67
5.67
14.67
7.67
13.67
15.0
6.67
-1.33
9.0
4.67
10.0
0.67
0.67
6.67
5.0
6.0
5.67
13.33
12.0
6.0
11.67
10.33
-3.33
3.0
7.0
9.0
6.33
18.67
15.33
2.0
-5.67
3.0
12.0
-7.0
25.33
4.67
13.67
-3.0
17.33
14.67
9.0
10.0
2.67
3.0
14.67
14.67
14.0
14.67
7.33
10.0
9.33
14.67
4.67
3.67
7.33
7.67
16.67
6.67
-8.33
10.67
13.0
9.0
10.0
2.33
0.33
10.33
19.67
11.67
15.0
8.33
12.33
7.67
11.67
-1.33
-4.33
3.67
11.33
5.0
9.0
21.67
11.0
4.33
5.33
8.0
-0.67
5.33
10.67
1.67
13.67
5.33
7.0
11.67
22.67
11.67
14.0
13.0
4.67
11.33
18.33
17.0
22.0
15.67
4.0
-3.0
6.67
3.33
1.0
17.67
13.67
13.0
10.67
20.33
7.67
12.33
-3.67
16.33
11.33
32.67
4.67
15.67
22.67
12.67
19.67
15.67
23.33
15.67
19.67
9.33
15.33
-0.33
2.33
6.0
3.0
7.67
7.33
2.33
12.0
1.33
7.67
13.67
7.67
-3.33
10.0
4.33
12.0
9.67
14.0
17.67
7.0
7.33
13.33
12.0
8.0
6.0
-12.67
-1.0
10.33
3.67
5.0
9.0
1.67
11.0
3.33
14.33
3.33
3.33
6.67
-0.67
10.67
6.0
3.0
10.0
3.33
2.67
10.0
-1.33
-3.33
5.33
3.0
0.33
0.0
-0.33
-8.67
7.67
15.0
10.67
2.67
17.67
3.0
5.0
1.67
9.33
10.0
2.33
7.0
-2.33
-7.67
14.0
0.33
7.0
10.0
11.0
23.33
-1.33
12.33
-2.67
-3.0
4.67
4.0
7.67
0.0
6.0
0.33
-1.33
15.0
10.0
3.67
3.67
-2.0
9.0
7.67
21.67
14.33
0.33
-3.0
5.33
7.33
-3.0
4.33
7.67
8.0
12.33
-0.67
1.33
5.67
4.0
1.33
-4.33
15.0
-5.33
-2.0
-0.67
6.33
7.67
5.67
-3.0
8.33
16.33
6.67
6.67
4.33
0.33
1.67
0.33
1.0
9.0
5.0
0.67
16.0
12.67
-0.67
-2.33
-3.33
8.33
8.33
4.0
7.67
4.67
3.67
-0.33
3.67
0.33
3.33
9.33
8.0
13.67
3.33
-6.33
-7.33
-3.33
3.0
15.0
7.0
13.0
3.67
-7.33
-3.67
5.33
12.33
8.0
4.33
-5.67
-2.33
1.67
0.67
8.33
5.33
9.67
-1.33
13.67
7.33
-9.0
2.0
9.0
6.0
5.33
10.0
-2.33
6.67
1.33
8.33
3.0
1.0
-4.0
1.67
3.0
1.67
-3.0
5.33
2.67
2.33
-0.67
5.67
4.67
16.33
2.33
6.33
2.0
-2.33
9.33
3.0
10.33
13.0
8.0
1.33
11.33
1.33
15.67
-2.33
-4.0
8.0
3.67
6.67
11.0
1.67
-2.67
6.33
3.33
2.0
3.67
1.0
3.33
6.0
4.0
2.67
-5.33
7.67
4.67
5.67
12.33
4.0
5.0
5.67
1.0
11.33
2.67
7.0
4.0
4.67
11.33
12.0
5.33
14.0
5.33
4.33
8.67
8.33
-0.33
6.67
-3.33
10.33
6.0
0.33
2.33
7.67
0.67
7.67
1.0
2.0
5.0
3.33
4.0
5.0
14.67
2.33
1.67
8.0
6.0
0.33
2.67
0.0
3.67
11.67
8.33
3.0
10.33
5.67
-3.67
7.0
0.67
5.67
12.67
0.0
0.67
-0.67
-2.33
7.67
1.33
2.0
2.33
9.67
-2.33
2.33
13.0
8.33
-0.33
2.0
10.67
10.0
8.33
1.33
0.33
6.33
19.0
-0.33
1.0
8.0
0.67
11.33
9.0
8.0
5.67
2.67
4.67
2.0
0.67
6.0
14.67
5.33
5.33
8.0
-2.33
-1.0
-1.33
5.0
5.33
4.67
6.33
4.0
4.33
7.67
14.33
1.0
3.67
7.67
3.33
8.0
-0.33
-2.33
-3.33
5.33
0.67
2.33
11.0
-3.33
4.0
-4.0
4.67
10.0
-1.0
3.33
8.0
-3.33
-1.33
2.0
2.67
6.67
8.67
1.33
8.0
0.67
9.67
1.33
9.67
1.67
-0.67
-1.33
4.67
4.67
2.0
2.33
2.33
8.0
12.67
5.0
8.0
8.0
-3.33
7.67
1.67
-1.0
1.67
8.67
-0.33
4.0
4.33
-5.0
1.67
4.33
2.33
5.0
5.67
5.67
-2.33
4.0
5.67
8.33
5.0
-6.33
-4.0
12.0
0.33
1.0
7.33
-3.67
3.0
4.33
-1.67
-7.0
-3.33
1.67
5.0
11.33
5.0
4.0
10.67
9.0
9.67
-3.0
8.67
2.0
3.67
3.67
4.67
-4.67
-3.33
12.33
5.67
2.67
5.67
-0.67
2.0
-1.33
0.0
1.33
0.67
5.0
1.67
6.0
3.0
1.0
1.0
4.67
1.33
-0.33
5.0
4.0
3.0
1.67
3.0
