0.0
18.67
-23.67
-129.0
-132.33
29.0
-50.33
-62.67
-65.33
-39.33
-4.67
62.33
41.33
-6.67
46.33
54.0
-13.0
-16.33
4.67
-17.67
-13.67
-0.67
-5.67
-21.33
-1.33
1.0
-11.0
12.0
-0.67
11.33
-4.0
3.0
2.67
0.33
4.33
0.0
4.33
-0.33
2.33
1.0
0.0
-1.0
-0.67
-0.33
-1.33
1.0
1.0
1.0
0.0
-0.33
1.0
-0.33
0.0
0.33
1.0
0.0
1.0
1.0
-0.33
0.0
-0.33
2.33
-0.33
0.0
-0.33
0.0
-0.33
-0.33
0.0
-0.33
1.0
0.0
-0.67
-1.0
1.33
-1.0
-1.0
0.33
-0.67
-0.67
0.0
-1.0
0.0
0.0
-1.0
0.33
0.33
0.67
1.0
-1.0
1.33
1.67
0.33
0.67
0.0
0.0
-0.33
1.67
2.33
0.33
2.67
-1.0
0.33
1.67
0.0
1.67
2.0
1.67
0.0
-0.33
-0.33
1.0
2.67
-0.33
3.0
0.0
0.67
-0.67
-1.0
-2.0
1.0
-2.67
-2.67
-1.67
7.67
3.0
4.33
1.33
2.67
3.0
0.0
4.33
5.33
-2.33
0.0
-3.0
6.0
1.33
3.0
1.0
2.33
1.0
2.0
-0.33
1.33
0.67
11.33
5.33
-10.33
2.0
1.0
-1.0
3.33
10.0
7.67
3.33
-2.33
2.33
-0.33
-2.67
-0.67
8.67
9.0
2.67
0.67
6.33
3.0
6.33
6.33
-0.67
5.33
1.67
-1.0
4.33
-1.0
2.33
-4.0
-2.0
2.67
8.33
6.0
-6.0
1.67
4.33
3.0
-2.33
1.33
3.67
-1.0
2.0
8.67
-1.33
5.67
4.33
0.0
1.0
8.0
7.0
7.67
1.67
3.33
8.33
2.33
7.0
5.33
0.0
-1.0
6.33
11.33
0.33
9.0
5.0
7.67
4.0
2.33
3.0
5.67
0.67
-3.33
1.0
4.67
7.33
8.33
-0.67
0.33
1.67
3.67
2.0
0.0
3.67
3.67
5.0
-3.0
9.67
2.33
3.0
-2.33
1.0
1.67
4.67
3.33
3.67
-1.33
-0.33
2.67
5.0
9.67
8.33
3.33
-1.33
8.33
1.33
5.67
3.0
-1.33
3.0
1.67
8.67
5.67
-0.33
1.67
0.33
7.67
9.67
9.0
0.33
7.0
3.67
5.67
2.0
2.33
11.0
2.33
8.0
7.33
-1.0
1.67
1.33
2.0
7.0
-1.0
7.67
1.0
3.67
4.33
6.67
8.33
1.0
-4.67
3.33
12.33
4.33
0.67
1.33
-3.33
1.67
1.33
5.67
6.67
10.67
1.0
0.33
-0.33
6.67
6.67
4.0
4.0
3.0
-1.0
4.67
4.33
-3.33
4.33
7.67
-3.0
4.67
7.33
-0.67
-2.33
-4.67
1.33
0.33
11.67
2.0
-1.67
-3.67
8.0
1.67
-1.0
5.33
4.0
1.33
5.0
3.33
11.0
4.33
0.33
1.67
-2.0
4.0
9.67
3.33
2.0
3.33
-0.33
7.0
7.67
2.0
1.67
-0.67
-3.67
5.33
-1.0
-3.0
4.33
2.67
0.67
6.0
-1.67
4.33
6.33
5.0
5.0
10.67
3.67
0.33
1.0
8.33
9.33
1.33
2.33
-2.33
-2.0
10.0
-0.33
-3.67
0.0
-2.67
1.33
5.33
2.67
1.33
-5.0
7.0
5.33
0.67
8.67
-1.33
2.0
1.33
-1.67
-1.0
-0.33
-2.33
-2.33
4.67
4.33
-0.67
2.33
2.0
4.33
3.0
3.33
7.67
-4.0
2.67
1.0
3.33
1.0
-0.33
-0.33
2.33
1.0
1.33
4.0
3.67
8.67
-1.67
3.67
7.67
-4.0
-1.33
-1.33
2.67
2.33
-4.0
4.0
-2.33
1.67
2.33
6.0
4.33
0.0
1.67
-1.67
-0.33
-3.0
7.67
-1.67
-3.33
8.33
-2.0
-0.33
5.0
1.0
0.33
-3.67
0.67
2.0
2.0
-0.67
8.33
-5.0
-2.33
0.0
4.0
6.33
-1.67
1.33
4.33
3.0
6.0
5.0
-2.67
-0.67
2.67
0.67
-1.0
-1.33
2.33
1.0
-3.0
8.33
4.0
1.33
2.33
1.67
5.67
2.67
2.33
0.67
0.33
-0.67
0.0
-1.67
-3.33
1.67
2.0
6.67
-0.67
4.33
1.67
3.67
1.33
3.67
2.0
2.0
6.33
6.0
0.0
2.33
4.33
4.67
1.67
-2.67
0.67
-2.33
6.33
4.33
2.33
1.67
-2.67
4.0
-1.33
-0.33
2.67
-3.33
5.33
-0.67
4.0
-0.67
-1.67
-3.33
0.67
-1.67
3.0
5.0
1.33
0.33
-1.0
2.33
-3.0
0.67
-1.33
2.33
1.33
-1.33
1.67
-1.0
8.67
-1.67
-4.33
-0.33
1.67
2.33
4.0
7.33
-3.67
2.33
3.33
-1.67
0.33
-5.33
2.0
0.67
3.67
2.67
3.33
2.67
-3.67
9.0
0.33
-1.0
3.33
6.0
-0.33
-0.67
1.0
-0.33
4.0
-3.0
1.33
3.33
-1.0
2.0
4.33
7.0
-2.0
3.33
-2.0
-1.67
6.33
4.33
-3.33
2.33
-1.0
-0.33
0.33
4.33
-2.33
0.67
2.67
-4.67
-4.0
1.67
2.67
2.33
2.0
0.33
-0.67
-1.0
5.0
-7.0
-1.67
-3.0
-1.33
1.0
0.67
0.0
2.0
2.67
1.0
3.0
1.67
1.33
-0.67
0.33
-1.0
2.0
-1.67
3.0
0.33
-1.0
1.67
3.67
-2.67
-0.67
-1.33
0.33
-2.67
-1.33
0.33
6.33
0.0
-1.67
0.0
-0.67
-2.33
-0.67
3.67
1.0
1.33
-5.33
2.33
-2.0
4.67
0.33
-3.0
5.67
-0.33
2.67
0.67
2.67
5.0
-0.33
0.0
2.33
-2.0
2.0
3.67
1.0
3.67
-1.0
1.67
-3.67
4.33
2.0
-0.33
0.67
4.33
2.67
1.33
0.33
0.67
-4.33
-1.33
3.33
-3.67
6.67
3.33
3.33
2.67
2.0
-3.67
-3.33
2.67
2.33
2.33
3.67
2.67
0.67
4.33
3.0
-0.67
-2.0
-0.67
1.67
-1.0
-2.0
-2.0
-2.0
-1.33
-2.67
5.67
2.0
1.67
-5.0
-2.0
-0.67
2.33
-3.33
-0.67
3.67
-1.67
0.67
0.33
1.33
1.67
4.0
-1.67
-0.67
0.67
6.33
1.0
4.67
-3.0
4.33
0.0
0.67
-2.0
-3.0
1.67
-4.67
2.0
-2.67
3.33
1.33
2.67
1.67
0.67
2.33
2.33
-6.0
0.33
-2.33
-1.0
4.67
2.33
-2.33
-0.33
-1.33
-0.67
-4.0
3.0
0.33
2.33
4.0
-2.67
0.67
-5.0
1.67
-1.33
-3.0
8.67
2.67
-2.0
-5.0
11.0
1.33
-1.33
-0.33
-5.0
3.33
-1.33
2.0
-1.33
-4.0
0.33
-4.33
-4.33
3.0
-1.33
-2.67
2.0
2.67
0.33
4.0
6.67
1.67
0.33
-3.0
0.0
2.0
3.67
1.0
9.67
-0.67
2.0
2.67
1.33
2.33
4.33
0.33
1.67
0.0
4.0
-0.67
4.67
8.67
2.67
-1.67
7.33
-2.0
-3.67
8.33
-3.0
4.0
6.33
4.33
0.0
1.33
3.33
1.0
6.0
7.33
-1.0
0.67
0.33
-4.67
3.0
3.67
8.33
-1.67
-3.33
1.0
2.67
3.33
2.67
-1.33
0.33
1.67
4.0
-0.33
1.33
14.0
4.0
2.33
2.67
8.0
-2.67
1.67
-1.67
3.33
8.67
12.0
2.0
3.0
5.67
-2.0
-3.33
1.67
11.33
-1.0
1.33
1.67
14.67
1.0
8.0
3.33
-0.33
4.0
12.33
3.33
8.0
19.0
8.33
-0.67
8.67
4.0
1.67
3.0
2.67
9.67
8.0
7.33
3.67
8.0
-7.33
11.33
7.67
14.0
9.33
-0.67
6.33
-0.67
11.0
14.67
1.33
15.0
7.67
0.33
13.0
0.67
10.0
1.33
-4.0
2.67
3.67
5.33
4.33
6.0
9.33
14.67
7.67
14.67
-4.0
12.33
3.67
18.33
7.33
3.0
6.67
2.0
8.33
9.0
-3.33
8.0
19.67
4.67
9.33
13.33
10.0
12.33
18.0
10.33
0.0
8.67
15.0
20.67
20.67
14.0
21.67
9.67
11.33
19.0
11.33
24.67
23.0
31.0
22.33
29.0
27.33
20.33
29.33
26.33
23.67
35.0
28.67
17.67
24.67
16.67
8.0
10.33
14.0
4.33
8.0
3.67
8.67
8.0
5.33
5.67
8.67
21.0
-0.67
11.0
12.67
6.0
20.0
14.33
16.67
12.0
9.33
16.33
17.67
12.0
14.0
9.0
9.67
18.33
13.0
26.0
14.33
25.0
13.33
13.0
14.0
19.33
9.33
9.67
13.0
4.67
14.0
17.0
14.33
4.67
9.33
3.33
16.67
1.33
8.67
13.33
1.33
10.67
13.33
14.0
14.0
12.33
14.0
20.33
16.33
11.0
23.67
10.33
17.0
23.0
19.33
11.0
17.33
2.33
14.67
21.67
19.33
26.0
22.67
25.33
6.33
13.0
34.33
29.33
27.0
31.67
47.33
45.67
41.0
40.67
36.67
38.67
43.67
39.33
36.33
38.33
44.0
37.33
42.33
37.0
34.0
38.33
41.33
46.33
42.67
44.33
47.0
43.67
38.67
45.67
62.33
74.67
50.0
64.0
82.67
60.33
50.0
50.67
42.33
45.33
39.33
34.33
31.33
27.0
20.67
31.67
27.67
19.33
12.0
17.33
23.33
17.0
11.33
18.33
15.0
16.0
23.33
21.33
28.33
23.33
28.67
21.0
12.0
22.33
33.0
23.0
13.67
14.67
14.67
28.0
14.33
19.0
15.67
15.33
11.33
8.67
7.33
23.0
9.0
8.0
17.33
12.0
10.67
3.67
12.0
12.0
8.33
10.67
18.0
9.67
5.0
3.33
3.67
15.0
13.0
3.0
18.67
-1.67
6.33
11.0
14.33
10.33
7.33
12.0
15.67
18.33
7.67
13.67
-0.33
15.33
6.0
21.33
11.33
19.33
5.67
11.0
22.67
16.67
12.67
13.67
24.67
23.0
6.67
7.67
13.33
13.0
6.67
11.0
13.0
17.33
7.0
8.33
11.33
10.67
9.0
6.0
11.33
24.67
18.33
15.33
30.0
36.0
15.33
50.0
42.0
62.0
88.67
84.67
71.33
84.67
68.33
102.67
94.33
115.33
116.33
100.33
99.0
126.33
117.67
90.67
89.33
96.33
105.67
100.33
90.33
94.33
71.33
60.33
70.0
46.33
58.67
55.33
45.0
40.67
34.67
34.67
32.33
27.0
26.0
22.67
21.0
16.0
13.33
27.0
18.67
14.67
12.0
18.33
18.0
24.33
11.67
24.67
27.0
31.67
33.67
28.0
14.33
39.0
43.0
54.0
48.33
43.33
29.0
74.67
60.0
60.33
80.33
61.33
72.67
88.0
60.33
69.0
65.33
75.0
53.67
69.33
66.0
76.33
72.0
74.67
81.33
80.67
62.33
88.0
68.33
70.0
50.0
52.33
52.33
49.67
47.0
46.0
25.33
33.67
28.67
11.67
28.0
28.67
18.0
28.67
24.0
16.0
24.33
19.0
21.67
19.67
24.67
9.0
21.33
19.33
12.67
22.67
18.33
4.67
8.33
18.67
3.33
16.67
12.33
10.33
7.67
1.67
6.67
20.0
1.67
9.0
22.33
13.67
12.67
9.0
8.33
6.0
14.33
20.0
24.33
18.0
8.0
6.67
14.67
16.0
18.33
11.67
15.67
16.67
19.0
16.0
23.33
34.33
34.33
25.67
20.67
4.67
24.67
29.0
24.67
18.33
20.0
23.67
25.67
19.0
24.33
17.67
28.67
11.33
23.33
7.67
20.0
18.33
10.0
17.33
12.33
13.0
12.67
21.67
18.0
14.0
22.33
12.33
14.67
18.0
11.0
20.33
16.67
15.0
6.67
12.33
12.0
16.0
14.33
22.33
9.0
20.67
24.0
24.67
5.33
20.33
16.0
18.67
14.0
15.0
14.33
10.0
19.67
14.0
6.33
24.0
9.0
21.33
6.33
5.0
23.67
13.67
3.33
9.0
2.33
16.0
8.33
3.67
-0.67
13.0
4.33
5.67
10.33
-1.0
14.67
4.33
26.0
21.33
9.0
18.33
11.33
7.33
14.33
13.0
7.33
10.33
10.67
2.33
17.0
8.0
12.67
9.33
4.0
5.67
8.0
7.33
8.0
2.0
2.33
-5.0
1.33
-0.67
8.0
7.33
13.33
14.33
9.67
16.0
18.0
1.0
1.33
4.67
6.0
16.0
6.67
-1.67
11.0
12.67
2.67
7.33
7.67
6.67
5.67
3.67
18.67
13.0
18.0
15.67
14.33
21.33
19.33
11.0
8.33
5.0
12.33
-0.67
21.67
19.67
5.67
22.67
25.0
10.0
4.33
21.67
2.67
4.67
18.67
15.67
-7.0
-2.33
2.67
1.0
5.67
15.0
7.67
-0.33
9.67
4.0
5.0
3.67
1.33
-4.0
3.0
0.67
13.33
3.67
10.0
9.0
8.0
-2.67
3.67
12.33
15.0
4.33
3.0
8.0
8.0
5.33
18.67
1.67
9.0
7.33
8.67
9.0
2.0
8.67
4.0
8.67
25.67
24.0
0.67
10.33
-6.0
9.33
9.67
7.67
3.67
0.33
-6.33
9.67
15.67
-6.33
-4.33
9.0
1.0
8.0
8.33
7.33
9.33
15.67
20.67
0.0
-0.67
6.33
14.67
8.67
-3.33
-0.33
20.67
11.33
2.0
13.0
8.67
1.0
4.33
15.33
15.0
-1.67
19.33
6.67
19.67
13.67
11.33
6.0
8.67
9.67
1.67
25.0
1.0
19.67
4.33
10.33
22.0
20.0
1.67
0.0
17.0
11.67
13.33
17.0
15.67
3.67
-6.0
19.67
10.33
23.67
17.33
0.33
18.33
12.33
11.67
10.67
-2.33
11.67
9.67
7.67
3.67
26.33
10.67
9.67
15.33
12.33
11.67
14.33
1.0
-2.0
5.67
11.33
9.33
22.0
2.33
7.67
15.67
5.67
-1.33
5.0
-0.67
10.0
-2.33
8.0
5.67
6.0
12.33
-1.67
11.0
16.0
12.0
2.33
3.0
-4.67
3.67
10.0
10.0
12.67
5.0
3.33
20.33
2.33
4.33
7.67
-2.67
2.67
4.0
11.0
3.0
-0.67
0.67
2.0
2.67
2.67
4.33
6.0
10.33
2.0
2.67
6.33
10.67
20.0
5.67
3.67
1.67
-4.0
2.0
10.67
-3.67
13.0
3.33
7.0
1.67
6.33
9.0
9.33
4.0
-1.0
15.0
9.33
0.67
8.33
5.33
7.0
10.67
8.0
1.67
4.0
-4.0
3.33
-6.33
4.0
8.0
10.67
8.67
12.0
3.0
7.67
5.67
5.33
8.33
1.0
-5.67
5.33
-2.0
9.33
12.67
5.0
5.33
6.33
7.33
10.67
9.0
-1.67
3.67
3.0
-3.33
10.0
3.33
0.33
1.67
-6.33
5.0
-1.67
5.33
1.67
4.67
10.33
-0.67
9.67
0.33
14.0
-3.0
-3.0
6.67
11.0
-4.33
3.33
-1.33
13.67
9.33
-3.67
3.0
2.67
5.67
-8.33
7.67
5.67
3.33
4.33
4.33
11.0
6.67
6.33
1.67
0.67
-4.33
-3.0
3.0
-5.0
-1.0
2.67
3.67
-1.67
3.33
0.33
8.0
14.33
6.33
5.67
-3.33
1.67
10.33
0.33
6.67
-0.33
7.67
-0.67
9.0
0.0
1.0
13.0
2.33
13.0
11.67
3.67
11.33
5.33
3.0
0.0
0.0
5.67
2.0
1.67
-1.0
3.33
-0.33
5.33
2.33
9.67
2.67
8.33
7.33
1.33
1.0
9.67
9.33
5.0
6.33
6.0
3.0
-3.67
-2.67
4.33
4.67
2.67
4.0
4.0
9.67
10.67
14.0
3.67
-0.67
-3.67
-4.67
-1.0
0.67
3.0
7.33
0.0
-2.0
10.67
3.67
-1.33
-0.33
-1.33
0.33
0.0
-4.0
9.67
11.0
0.33
-3.33
3.0
-3.0
4.67
1.33
-1.0
7.33
10.0
13.33
-3.67
5.67
8.33
-8.33
9.67
5.67
2.33
-1.0
5.33
0.33
7.67
4.67
-1.33
3.0
10.0
-3.0
-1.67
5.0
4.0
0.67
-1.67
4.67
6.0
0.0
3.33
3.67
2.0
11.67
8.67
13.33
5.0
4.33
4.67
3.33
-3.0
8.67
-0.33
3.67
9.0
-3.33
3.33
-3.33
-0.33
0.33
8.0
6.33
-1.33
3.67
-2.67
-1.0
0.33
5.67
0.0
6.67
5.0
1.33
5.33
3.33
5.33
1.0
10.67
-1.0
9.0
3.67
1.33
1.0
9.0
11.67
1.67
5.67
-3.0
2.67
4.0
5.67
4.33
4.33
3.0
-0.33
2.0
1.67
3.0
-0.67
-0.33
7.33
6.0
7.33
5.67
9.33
1.0
3.67
-4.33
0.33
-1.0
3.67
0.67
-3.33
1.33
2.67
8.33
7.0
2.67
0.0
0.0
0.67
2.0
3.0
2.33
6.0
3.67
-1.33
-2.0
0.67
3.67
4.67
-0.67
12.0
-3.33
4.67
0.33
10.67
0.67
4.33
2.67
2.67
4.67
2.0
0.33
6.33
7.0
7.67
3.0
10.0
3.0
1.67
-0.33
8.67
0.0
10.67
2.67
0.67
1.0
2.33
0.0
0.67
0.33
5.33
4.0
2.67
1.67
3.67
0.0
0.67
4.33
4.0
-2.33
3.0
0.0
4.33
-1.0
3.33
-1.67
-5.0
-1.67
-3.67
-1.0
-4.33
-3.33
3.0
1.33
3.0
4.0
-0.33
3.0
0.67
3.0
1.67
1.0
6.67
-0.33
3.67
-4.67
2.67
3.33
1.67
5.67
1.67
-4.67
3.0
-0.33
4.0
-1.67
-2.33
6.0
0.67
-2.0
-2.0
4.0
-1.0
-2.33
-5.67
5.67
4.0
2.0
5.0
-0.33
2.0
