0.0
-9.33
-25.67
-93.0
-49.33
-74.0
-62.33
-51.67
-56.33
-38.33
-69.67
-22.67
-10.67
8.33
37.33
-17.0
-44.0
12.67
5.67
-16.67
-16.67
20.33
19.33
-23.33
-12.33
6.0
-9.0
0.0
-3.67
-1.67
5.0
-1.0
4.67
-1.67
0.33
-2.0
0.33
-0.33
0.33
1.0
-1.0
0.0
-0.67
-0.33
-1.33
0.0
3.0
0.0
0.0
-0.33
0.0
-0.33
0.0
-0.67
0.0
0.0
1.0
1.0
-0.33
0.0
0.67
1.33
-0.33
1.0
1.67
0.0
0.67
0.67
1.0
-0.33
1.0
1.0
-0.67
-1.0
0.33
-1.0
0.0
-0.67
-0.67
-0.67
0.0
-2.0
0.0
0.0
-1.0
0.33
-0.67
-1.33
1.0
0.0
-0.67
-0.33
-0.67
0.67
0.0
2.0
0.67
1.67
0.33
2.33
-0.33
0.0
1.33
-0.33
-2.0
-1.33
3.0
0.67
-2.0
-1.33
-2.33
2.0
2.67
-0.33
3.0
-1.0
1.67
-2.67
1.0
1.0
0.0
4.33
1.33
0.33
-1.33
-1.0
-0.67
1.33
5.67
2.0
-2.0
1.33
0.33
2.67
-1.0
3.0
6.0
1.33
0.0
-1.0
6.33
5.0
0.0
1.67
1.33
-1.33
6.33
3.33
-8.33
-1.0
5.0
5.0
-1.67
-1.0
2.67
-2.67
3.67
5.33
1.67
1.33
-2.67
10.67
-1.0
5.67
3.67
4.33
1.0
-0.67
6.33
1.33
8.33
-0.33
3.0
4.33
-3.0
2.33
-4.0
5.0
0.67
1.33
6.0
-10.0
0.67
3.33
2.0
5.67
-2.67
-0.33
7.0
0.0
8.67
-2.33
12.67
4.33
5.0
6.0
1.0
4.0
3.67
13.67
6.33
10.33
0.33
7.0
4.33
-2.0
0.0
-3.67
0.33
1.33
2.0
1.0
2.67
-2.0
10.33
1.0
2.67
-2.33
-1.33
3.0
9.67
5.33
3.33
0.33
10.33
7.67
10.67
10.0
10.0
5.67
4.67
3.0
1.0
5.67
10.33
2.0
7.67
12.0
6.67
4.67
-0.67
6.67
-2.33
-4.33
1.67
5.0
0.67
7.33
4.33
8.67
9.33
4.33
3.67
2.0
1.67
4.0
11.67
2.67
2.67
9.67
-0.33
1.33
7.67
3.67
0.0
3.33
6.0
1.67
4.67
0.0
0.33
-2.0
-2.67
5.0
7.33
13.0
0.67
8.33
-1.0
5.0
3.0
-2.33
10.0
7.67
9.33
0.67
2.33
0.0
4.33
-0.67
7.33
9.33
-1.33
2.33
-0.33
9.67
-0.67
6.67
3.67
1.67
4.0
-1.67
-3.33
2.67
-5.33
1.0
0.0
0.0
2.0
4.67
-2.67
-1.33
5.33
4.67
-3.0
3.67
1.33
0.33
-0.33
-4.67
4.33
5.33
4.67
8.0
0.33
-0.67
6.0
1.67
4.0
-2.67
8.0
4.33
-3.0
2.33
3.0
4.33
1.33
-0.33
5.0
2.0
0.67
7.33
4.0
-0.67
2.67
1.0
10.67
0.0
-0.33
3.33
-1.67
6.33
1.0
-4.0
10.33
4.67
4.67
1.0
-1.67
1.33
2.33
0.0
0.0
1.67
5.67
-0.67
3.0
4.33
0.33
3.33
-0.67
-4.33
6.0
4.0
0.67
-0.67
0.0
4.33
-2.67
-0.67
3.67
9.33
8.0
4.0
4.33
4.67
7.67
0.67
8.0
0.33
-2.67
-2.0
0.67
1.67
-3.33
2.67
1.33
4.33
3.33
5.0
0.33
-1.0
2.33
-2.33
-2.0
3.67
2.0
3.33
7.0
-2.33
0.67
-1.67
0.0
1.33
7.0
5.67
1.67
2.33
-1.33
0.67
-3.0
-1.33
12.67
2.67
3.33
2.0
10.0
-2.33
4.67
0.33
1.0
8.33
-4.0
0.67
1.33
4.67
2.0
1.67
-0.67
0.67
0.33
0.0
3.67
2.0
1.0
-0.67
4.33
-3.33
3.0
4.0
-2.67
10.33
-3.0
1.67
-7.0
2.0
0.33
0.33
5.33
5.33
2.0
6.0
2.0
10.33
-3.67
-1.33
4.67
4.0
1.67
4.33
-3.0
1.0
2.33
2.0
3.33
6.33
-0.33
1.67
3.67
3.33
-0.33
-2.67
1.33
6.0
5.33
-2.33
5.67
-2.0
6.67
-4.67
1.33
5.67
0.67
-0.67
0.67
5.0
2.0
1.33
1.0
1.0
-1.67
-4.67
3.67
4.67
1.33
0.67
3.67
-1.67
0.33
-0.67
-0.33
4.33
7.0
1.67
0.67
-3.33
-2.33
2.33
3.33
1.0
0.33
6.33
-3.33
-2.33
1.33
2.0
1.0
5.33
2.33
-2.0
-0.67
0.0
6.67
-0.33
1.33
-0.67
0.67
1.67
1.0
4.67
0.33
-2.33
-2.33
-0.33
1.33
1.0
1.33
3.33
1.33
2.33
-1.67
2.33
-2.33
-2.0
1.67
-2.33
-0.33
-2.67
1.67
1.33
-2.0
1.33
-5.0
4.33
1.0
1.67
0.33
-3.0
1.67
3.0
0.0
-1.67
8.33
-4.0
-3.0
0.33
4.0
1.0
-1.67
1.0
1.33
5.33
0.33
-4.33
-2.67
0.0
1.67
0.33
7.33
0.67
1.67
-0.33
1.33
2.0
-1.33
1.67
1.33
2.0
-2.67
-0.67
-2.0
2.0
-2.0
-0.67
3.0
4.67
0.0
-1.33
0.0
0.0
1.67
3.0
9.0
1.67
-3.67
0.33
1.33
-1.0
9.0
0.33
3.0
-2.67
2.0
2.67
3.67
1.33
0.33
0.67
3.33
1.33
2.67
0.33
4.33
-1.0
-0.67
-2.0
2.33
-2.33
-0.67
-1.33
2.0
1.33
-2.33
-1.67
0.0
3.67
4.33
-1.0
-0.33
4.67
3.67
-2.33
2.67
0.0
2.67
3.0
0.33
-3.0
-2.0
4.67
-4.0
4.67
-2.0
1.67
2.33
4.33
2.0
-3.33
0.67
-1.67
1.67
4.33
-0.67
0.67
-0.33
-1.33
2.33
-1.67
-1.33
-0.67
3.33
1.67
4.0
-1.67
0.67
3.67
0.33
2.33
-1.33
1.67
1.67
4.33
1.0
1.33
3.0
0.33
4.67
4.0
-2.0
-2.0
0.0
2.67
-0.67
5.67
3.0
0.67
4.0
4.0
1.33
4.33
-0.33
3.33
1.67
0.33
4.67
-0.67
4.33
-5.33
-1.0
4.33
1.33
0.67
2.33
7.0
-1.33
-3.0
-4.67
-5.0
0.67
-3.0
-2.0
5.67
-1.67
-4.0
-2.67
5.33
-1.67
1.67
4.67
-3.33
2.33
1.33
-2.0
-5.67
4.67
-2.0
1.67
5.33
5.67
2.67
-0.33
-0.67
1.0
3.0
-2.67
0.33
6.0
3.33
0.67
2.0
1.67
0.67
-7.0
-3.33
0.67
-5.0
-1.0
3.0
9.33
-3.33
2.67
0.0
-2.67
4.67
0.0
0.67
-1.0
2.33
-2.33
-5.33
-3.0
0.67
-5.67
2.0
3.67
5.33
4.0
5.67
-1.33
-3.67
8.0
8.0
5.0
2.67
-1.0
0.67
2.33
0.0
-2.33
-0.67
4.33
-3.67
-1.67
0.67
1.0
0.0
-0.67
-1.33
3.67
0.67
6.33
2.33
4.0
4.33
6.33
-1.0
3.0
-3.67
1.33
11.0
5.33
4.33
1.0
4.0
7.33
-2.0
-0.33
0.33
-1.67
3.0
0.67
3.33
3.33
-3.33
4.0
-0.33
-0.67
6.67
6.67
-1.67
3.67
0.0
-2.33
11.33
8.0
1.0
2.33
6.67
8.0
-1.67
11.67
1.33
4.33
7.67
1.0
-4.0
7.0
4.67
-7.0
-0.33
3.67
6.33
4.0
11.33
5.67
13.67
3.0
5.0
9.33
11.67
1.0
9.33
6.33
2.0
7.0
0.33
2.33
-1.33
2.0
9.67
2.0
9.67
10.67
7.0
10.33
2.67
9.0
-4.33
0.33
5.67
7.0
3.33
4.33
7.33
7.33
5.0
4.67
5.33
4.0
4.67
4.33
7.0
5.67
0.0
2.33
-5.0
4.67
17.67
10.33
11.33
11.0
2.33
8.67
6.67
5.67
8.0
8.33
9.67
-0.67
13.33
3.0
1.67
5.0
3.33
3.0
9.67
10.0
6.67
9.67
6.33
22.33
13.0
14.33
14.0
22.33
12.0
18.67
13.0
25.67
18.67
26.0
14.67
13.67
9.33
14.0
17.33
10.67
11.0
10.0
14.33
9.0
14.33
4.33
7.33
6.33
10.67
12.0
7.67
11.67
7.67
9.67
10.0
8.33
6.0
1.33
7.0
8.67
5.67
5.0
9.33
6.67
13.67
11.0
2.33
8.0
4.67
9.0
8.0
22.33
15.67
10.0
17.33
14.33
7.67
19.0
25.0
21.0
14.67
35.33
24.0
18.0
12.33
15.0
25.33
20.0
10.0
13.33
19.33
16.67
11.0
6.67
14.0
15.0
7.33
0.67
3.33
9.33
9.67
6.33
1.67
6.33
4.33
1.67
3.33
6.0
8.0
6.33
17.0
15.33
9.33
7.0
4.67
11.33
1.0
19.0
15.33
16.0
12.33
9.33
11.67
13.67
23.33
15.0
6.67
15.33
18.33
9.0
19.33
11.33
25.0
14.67
26.33
17.67
24.0
16.67
35.67
14.67
19.67
24.33
23.33
27.33
28.0
34.33
25.33
20.0
32.0
18.33
33.33
36.33
39.67
44.33
35.0
44.67
48.67
39.67
46.33
58.67
54.0
48.0
36.67
33.33
54.0
50.67
48.33
59.33
50.33
39.33
40.33
30.0
29.67
14.67
50.67
15.33
25.0
24.33
29.33
30.0
26.33
36.33
19.0
27.0
19.33
13.33
12.33
26.33
13.67
21.0
29.0
19.33
25.0
31.0
26.67
28.67
21.67
12.0
22.33
28.0
14.67
22.33
15.33
21.67
4.33
10.0
18.0
19.0
11.33
14.0
6.67
11.67
6.0
10.0
14.33
5.67
8.0
8.67
6.0
6.33
14.67
12.0
14.0
3.0
14.67
17.33
9.33
6.0
15.33
13.33
5.33
13.0
10.67
2.33
3.67
14.67
15.67
16.33
20.0
12.33
15.33
16.33
-1.33
10.0
6.67
12.67
5.67
8.67
14.67
18.0
14.67
13.67
9.33
7.0
19.67
13.0
9.0
9.33
3.0
12.33
11.33
13.67
14.0
12.0
3.33
12.67
18.33
27.33
17.0
22.0
26.33
25.0
45.0
49.0
55.67
54.67
40.33
65.67
80.33
89.67
76.33
91.33
104.33
95.33
130.0
87.33
127.67
107.67
93.33
84.33
71.67
80.33
68.33
51.33
59.33
36.33
39.0
30.33
26.67
29.33
25.0
25.67
20.67
17.67
36.33
28.0
20.0
19.67
26.0
14.0
7.33
12.0
18.67
20.67
23.0
28.33
22.0
37.33
18.67
42.67
31.0
24.67
26.67
57.0
33.33
48.0
42.0
71.0
44.33
58.33
61.0
91.67
91.0
82.33
97.33
108.33
135.67
122.0
117.33
147.0
143.33
99.0
139.67
133.33
142.0
111.33
110.0
96.67
108.33
83.67
70.33
75.0
66.33
63.0
39.0
51.33
35.33
29.67
25.0
25.0
14.33
35.67
19.67
10.67
22.0
13.67
24.0
30.67
16.0
16.0
21.33
21.0
14.67
15.67
29.67
13.0
23.33
23.33
20.67
25.67
15.33
10.67
12.33
19.67
10.33
5.67
9.33
4.33
3.67
10.67
17.67
17.0
6.67
9.0
11.33
13.67
13.67
8.0
7.33
3.0
12.33
16.0
10.33
15.0
7.0
2.67
15.67
17.0
2.33
24.67
15.67
15.67
27.0
14.0
13.33
24.33
6.33
18.67
6.67
5.67
12.67
25.0
24.67
24.33
22.0
17.67
18.67
25.0
26.33
33.67
27.67
21.33
21.33
8.67
25.0
20.33
19.0
6.33
4.33
20.0
21.67
25.67
9.0
3.0
31.33
7.33
28.67
22.0
24.0
15.33
16.67
27.0
21.67
13.33
8.0
17.0
18.33
15.33
17.0
22.67
8.0
17.67
14.33
9.33
18.0
9.67
27.0
13.0
13.33
24.0
12.67
13.0
12.33
5.0
8.0
2.33
10.33
11.0
13.67
7.67
4.33
12.0
9.33
7.0
11.33
13.67
2.33
0.0
5.33
6.67
5.33
5.0
5.67
14.33
9.0
9.33
6.0
12.33
13.33
12.33
16.33
14.0
2.33
13.33
30.67
15.33
16.0
16.0
12.67
10.33
2.0
17.67
6.0
11.33
3.0
3.0
12.33
11.0
3.33
1.33
2.0
11.33
6.33
-8.67
18.67
24.0
5.0
6.0
9.33
15.67
14.0
9.0
9.67
9.33
11.0
7.67
11.67
8.33
15.67
13.67
18.67
23.67
18.67
11.0
14.0
7.67
16.33
12.33
19.33
15.0
24.33
11.0
22.33
12.33
32.67
18.67
16.67
6.67
-1.0
8.0
25.33
17.67
14.67
9.67
29.67
7.67
3.0
8.67
3.67
9.0
-7.33
20.0
11.67
5.67
-1.33
9.0
-2.0
0.67
10.33
11.0
2.0
0.67
9.33
8.67
8.0
12.0
-3.0
15.33
1.67
5.33
7.0
7.33
7.0
-1.0
-1.0
8.33
9.67
1.67
4.0
14.33
4.67
1.0
0.0
8.67
15.0
3.67
3.67
11.0
-2.33
10.33
11.0
13.33
2.67
7.67
0.67
0.33
11.67
4.67
3.67
7.67
-0.33
0.0
5.0
-6.0
12.33
5.33
14.33
18.67
12.67
15.0
10.33
3.33
16.67
5.67
-3.33
3.67
17.67
-1.67
2.0
15.0
5.67
9.0
10.33
3.33
5.0
-3.67
5.33
8.67
13.67
13.67
9.33
2.0
3.67
8.67
3.67
14.0
17.0
22.67
0.33
11.33
13.0
25.0
0.67
-7.0
1.0
4.67
10.33
-4.0
3.67
12.67
1.0
13.67
17.33
3.67
-0.67
1.33
9.33
12.33
30.67
-2.33
1.67
13.67
11.67
25.67
17.67
31.33
6.67
1.67
11.33
10.33
9.67
11.33
2.0
-4.0
7.67
21.33
2.33
19.0
-0.67
10.67
-1.33
-5.33
4.67
8.0
13.33
6.0
7.67
19.0
22.67
6.0
7.33
5.33
11.0
8.0
17.0
7.33
2.0
12.33
11.67
17.0
5.0
10.67
0.0
19.33
5.33
19.33
4.33
7.67
5.33
11.67
0.0
2.0
14.0
2.33
-1.33
13.0
1.67
10.67
9.33
4.0
6.33
4.0
13.67
-1.67
11.67
1.0
13.67
1.67
8.67
5.0
7.0
5.67
10.33
10.0
8.33
0.0
2.67
9.33
8.0
-1.67
7.0
3.0
6.0
8.33
25.67
-0.67
7.33
2.0
7.67
2.0
3.67
2.0
9.0
13.33
5.67
8.0
2.0
8.67
7.67
-3.0
16.0
7.67
3.67
6.33
6.33
-10.0
-7.67
2.33
0.0
-2.67
10.67
-1.0
7.33
1.33
-2.67
2.67
10.0
-4.67
2.67
9.0
-10.33
8.0
-3.67
-7.67
-3.33
1.67
2.0
6.33
6.33
-5.33
0.67
19.33
-0.67
-5.33
11.33
11.0
11.0
4.0
0.67
19.0
-2.33
4.33
2.67
1.67
19.33
-1.67
-3.0
-1.33
6.67
3.67
-4.33
-2.33
0.33
-0.67
0.33
12.0
10.67
0.33
-6.33
-2.33
4.67
0.0
8.0
3.0
6.0
11.67
-4.33
-0.67
-5.67
0.33
2.0
10.33
0.33
-2.33
5.67
-0.33
9.33
6.33
14.67
-4.33
10.67
0.33
-2.0
2.0
11.0
2.0
1.33
14.0
2.67
-3.33
8.33
10.33
3.0
3.0
-5.0
-6.33
-5.0
-0.33
2.0
-2.67
4.67
7.33
3.33
1.67
4.67
9.33
3.33
6.33
2.0
5.67
9.33
8.0
7.33
3.0
0.0
-1.67
6.33
5.33
3.67
-3.33
0.0
4.0
5.67
6.67
6.0
8.67
2.33
-3.67
-3.67
-3.0
2.67
1.0
5.33
7.0
1.0
3.67
-1.33
7.67
4.67
-2.33
7.33
0.0
1.0
15.67
14.0
6.33
8.67
3.0
-4.0
-1.33
3.33
10.0
9.33
5.0
1.33
9.33
0.67
5.33
1.67
4.67
5.67
7.33
-2.0
1.33
9.33
5.67
7.67
6.67
0.0
-1.0
2.0
2.33
2.0
9.0
7.67
3.33
9.67
5.0
1.0
1.33
8.67
-6.0
1.67
3.67
9.33
4.0
5.33
2.67
3.33
1.0
8.67
7.67
1.67
2.0
-0.33
4.33
-8.33
-0.33
18.33
0.0
6.33
-0.33
6.67
4.33
5.0
0.33
4.67
1.0
9.67
4.0
8.33
9.33
-3.67
1.33
2.0
7.67
6.0
10.0
3.67
2.33
2.0
4.0
15.67
5.67
2.67
-2.0
-0.33
12.0
6.67
7.33
1.33
3.0
-5.33
1.0
4.67
5.0
2.33
-1.33
7.33
7.0
12.33
-0.33
0.33
0.0
8.67
2.67
-2.67
4.0
-2.33
-3.33
-1.33
0.33
5.67
-0.67
2.0
0.67
2.0
1.0
4.67
2.0
1.0
-2.67
1.0
0.67
0.67
-1.0
5.67
5.67
0.67
7.33
11.0
1.67
6.67
1.33
6.67
3.67
7.33
0.67
0.67
2.67
4.0
6.33
3.33
0.0
5.67
7.0
5.0
3.0
8.67
0.67
3.67
2.0
4.67
3.67
-2.33
-3.0
8.33
-2.0
1.67
-3.67
-2.67
9.0
4.67
6.67
-1.33
4.0
5.67
7.33
4.0
-2.33
2.0
-1.0
-1.67
6.0
-2.67
4.33
-2.0
-1.67
-3.67
-5.0
1.67
0.67
-3.0
0.33
4.0
2.0
2.67
6.0
4.67
5.0
0.67
5.0
-0.33
0.67
-1.33
2.33
-0.33
0.33
-1.33
0.67
0.67
-2.67
-1.0
-2.33
8.0
-6.67
1.67
3.0
-1.33
5.0
-2.0
0.0
-4.0
3.67
-4.67
8.67
1.0
0.0
2.0
1.67
7.0
