0.0
-2.33
17.33
-69.0
25.67
-32.0
-98.33
-140.67
-44.33
-62.33
-1.67
-1.67
-4.67
6.33
-7.67
53.0
-57.0
-55.33
-9.33
-4.67
-42.67
11.33
-23.67
9.67
9.67
12.0
-17.0
8.0
9.33
-0.67
-6.0
8.0
8.67
-1.67
6.33
0.0
-0.67
-1.33
-1.67
1.0
-1.0
0.0
-0.67
0.67
-0.33
0.0
0.0
1.0
1.0
-0.33
0.0
-0.33
0.0
0.33
0.0
1.0
1.0
1.0
-0.33
0.0
-0.33
0.33
-0.33
0.0
0.67
0.0
0.67
-0.33
0.0
0.67
1.0
0.0
0.33
0.0
-0.67
-1.0
-1.0
0.33
-0.67
-1.67
0.0
-2.0
0.0
0.0
-1.0
-0.67
-0.67
-1.33
1.0
-1.0
0.33
-0.33
-0.67
0.67
0.0
1.0
0.67
0.67
-0.67
-0.67
0.67
0.0
0.33
1.67
0.0
-0.33
-1.0
0.67
1.0
0.67
-0.33
2.0
1.67
-1.33
-1.0
-2.0
2.67
1.33
-3.0
1.0
2.0
-0.67
-1.67
-4.67
1.67
0.0
1.33
6.33
0.67
1.0
4.0
-0.67
7.33
-0.33
0.0
2.0
-2.0
-0.67
5.0
3.0
4.33
2.0
1.0
9.67
-4.67
1.67
1.33
1.33
-6.33
0.0
6.0
9.0
-4.67
-1.0
3.67
-2.67
-1.33
10.33
-5.33
3.33
5.33
1.67
-3.0
2.67
1.67
2.33
-3.0
5.33
6.33
8.33
2.33
0.67
5.0
-3.67
-1.0
1.33
2.0
-3.0
3.67
4.33
-2.0
-4.0
-5.33
2.33
6.0
0.67
2.33
1.67
5.0
0.0
8.67
-0.33
8.67
0.33
8.0
1.0
8.0
2.0
1.67
2.67
3.33
7.33
-1.67
11.0
-0.67
6.0
-2.0
-0.67
1.33
5.33
5.0
4.0
-2.33
7.0
10.33
3.0
3.67
2.67
5.67
0.0
4.67
5.33
7.33
1.33
8.33
6.67
5.67
3.0
2.0
4.67
2.67
2.0
7.0
0.67
6.33
-1.0
-2.33
2.0
-2.33
0.67
2.33
3.67
4.67
-2.33
5.67
9.0
4.67
9.33
3.33
1.67
0.33
11.33
2.67
8.0
5.67
8.0
1.67
1.67
4.67
1.67
-5.33
1.33
10.67
2.67
-1.0
8.33
2.0
4.67
2.67
1.0
-1.67
3.0
2.33
7.0
1.33
1.0
0.67
5.33
8.0
9.0
0.0
-5.33
4.0
4.67
3.33
2.67
3.33
5.0
-3.67
3.33
7.33
3.33
2.67
-2.67
1.67
4.67
-2.67
3.67
5.67
8.67
-5.0
-5.67
8.67
-1.33
-1.33
1.0
3.0
2.0
1.0
7.67
5.33
2.67
0.33
12.67
0.0
2.67
2.33
7.33
-2.33
-0.67
5.33
5.33
3.67
9.0
1.33
1.33
1.0
2.67
4.0
-1.67
8.0
5.33
7.0
-3.67
1.0
2.33
4.33
2.67
5.0
3.0
2.67
5.33
2.0
3.33
4.67
4.0
1.67
3.0
2.67
3.33
-2.67
11.33
1.0
-3.0
5.33
-0.33
8.67
3.0
-2.67
-2.67
2.33
4.0
6.0
-0.33
2.67
6.33
8.0
0.33
2.33
-1.67
0.33
2.67
0.0
5.0
1.67
-5.67
-5.0
3.33
-2.67
4.33
4.67
4.33
1.0
3.0
8.33
3.67
4.67
3.67
11.0
0.33
-0.67
9.0
-0.33
3.67
-3.33
0.67
0.33
3.33
-0.67
7.0
-0.67
-1.0
0.33
5.67
-1.0
3.67
-1.0
2.33
2.0
5.67
-3.33
0.33
2.0
-0.67
4.0
1.67
5.67
-1.67
1.67
2.67
-2.0
1.67
6.67
0.67
2.33
-2.0
2.0
5.67
-0.33
-2.67
1.0
4.33
1.0
-1.33
-0.67
-2.33
0.0
-0.33
-1.67
-0.33
4.33
3.0
-1.33
0.0
-1.0
6.33
4.33
-1.33
5.0
0.0
3.33
3.33
2.0
-2.33
-1.0
1.0
-0.67
-5.67
6.33
-0.67
2.0
2.0
0.0
10.33
-1.67
-2.33
-0.33
-1.0
-0.33
-0.67
1.0
6.0
1.33
2.0
6.33
-1.67
-1.33
3.67
3.67
1.33
-4.33
4.33
1.33
1.0
2.33
-3.33
-2.33
-2.0
4.67
1.33
2.33
2.67
3.67
0.33
3.67
4.0
3.0
0.33
1.0
-4.0
0.33
-6.67
-3.33
3.67
-0.67
5.67
0.67
-1.67
2.33
-0.67
0.67
-2.67
-1.0
-2.33
-0.33
-0.33
0.67
2.33
0.33
3.0
-5.67
4.33
0.67
-1.33
2.33
1.0
4.0
0.33
-1.67
1.0
-2.67
2.0
-3.33
1.67
0.33
3.33
-1.33
0.67
6.0
2.67
0.33
-1.33
1.67
-2.33
0.33
2.0
3.33
2.33
0.33
7.33
3.33
-2.67
-1.33
3.0
1.67
2.67
-0.33
3.33
0.67
-2.67
-2.0
4.33
0.0
0.33
-2.0
0.67
4.33
-4.0
-1.33
2.0
0.0
2.33
4.33
-5.0
0.0
2.33
4.0
3.0
0.33
-3.0
2.33
-1.67
1.33
1.67
-0.67
3.0
-3.33
-0.67
-0.67
-0.33
-1.33
-3.33
2.33
0.0
-0.33
1.67
2.33
1.0
4.33
-0.67
-1.0
1.0
-2.0
-0.67
-2.0
-0.33
-1.0
3.67
-1.0
4.0
-0.33
0.0
1.0
-3.33
-1.67
8.33
0.33
-1.0
0.0
-1.67
0.0
-0.67
-5.0
5.67
-2.33
3.33
-1.67
5.67
2.33
4.33
2.67
5.33
0.33
-1.0
-3.67
5.0
-4.67
-1.33
-2.67
0.67
4.0
1.33
-0.33
-1.67
-1.0
4.67
0.33
2.0
0.67
-1.33
5.67
1.67
-0.33
0.0
-3.33
-3.0
-0.67
-2.0
1.0
4.67
-3.0
2.67
5.0
-1.33
-0.67
3.33
1.0
-0.33
-3.33
-3.67
3.67
3.33
-0.67
7.67
-1.33
1.67
5.33
-3.67
0.67
-1.67
0.33
-1.33
0.0
3.33
-0.33
5.67
2.33
0.33
0.67
-2.33
0.67
-3.67
3.0
2.33
-2.0
1.33
3.67
-2.0
2.0
3.0
2.0
0.67
1.33
-0.33
3.0
0.67
0.0
-2.0
2.33
1.33
0.67
-0.67
0.67
2.33
2.67
-0.67
4.33
-5.33
-3.0
-6.67
-3.67
2.67
4.33
3.0
1.67
-3.0
-4.67
2.0
1.67
-5.0
-1.0
4.67
1.33
-6.0
5.33
0.33
0.33
3.67
-0.33
3.67
-0.67
-4.67
1.0
-7.67
0.67
1.0
-0.33
4.33
-2.33
-1.33
-3.33
1.33
-2.0
-1.0
1.33
1.33
-1.0
0.33
8.67
-2.0
1.67
8.67
-5.0
-0.33
10.67
3.0
5.0
-1.0
2.33
-2.33
0.67
6.0
2.33
1.67
-2.0
-0.33
-6.0
-0.67
-6.33
-7.33
-3.0
0.67
2.33
2.0
4.67
0.33
4.0
-2.33
2.67
-1.67
1.0
1.0
-1.0
4.67
-2.0
1.67
1.33
5.0
7.67
-2.67
-2.67
6.33
6.33
5.67
5.0
17.0
4.33
-2.33
1.67
13.67
5.33
2.33
6.0
-4.67
2.33
2.0
7.0
0.33
-2.67
-1.0
-0.67
3.33
4.0
10.0
3.33
-4.0
5.67
6.33
1.33
6.0
2.67
2.33
0.33
-0.33
4.0
6.67
-3.67
2.67
5.67
4.33
4.67
9.0
-1.33
6.33
6.0
-1.0
-0.67
4.67
8.0
4.33
9.67
8.33
2.33
7.67
-1.0
0.0
2.0
2.67
-3.0
3.67
8.67
7.33
4.0
4.33
7.67
-1.33
2.0
0.0
1.33
-0.33
3.0
9.33
3.33
10.0
5.0
6.33
0.33
2.67
10.0
-0.33
5.0
-3.33
11.67
2.0
7.33
9.67
8.0
0.67
7.33
8.67
7.0
3.33
7.33
1.33
3.33
3.0
4.67
6.33
3.0
14.67
2.33
5.0
12.67
4.0
7.33
1.0
4.67
0.67
7.33
11.33
4.0
2.33
13.67
9.67
2.67
8.0
2.33
3.67
3.33
8.33
8.0
3.67
-2.0
6.33
11.0
9.67
5.0
11.67
4.67
8.33
13.33
6.0
3.33
12.0
20.33
10.0
19.67
23.0
21.67
18.67
20.0
28.67
16.67
13.33
24.0
18.33
20.67
22.0
20.0
20.33
21.0
12.33
6.33
10.33
10.33
13.67
14.0
7.67
8.67
13.67
5.67
12.0
12.33
12.0
9.33
3.0
6.67
2.67
1.0
11.33
2.67
10.67
12.0
3.33
6.0
25.67
8.0
10.0
14.33
12.67
12.0
15.33
14.33
15.67
17.0
21.0
16.0
21.67
22.33
17.0
21.0
17.33
16.0
16.33
9.0
21.0
15.33
21.33
14.67
19.0
12.67
5.0
6.0
18.33
14.67
3.33
9.33
4.67
2.33
9.67
7.33
10.33
6.67
19.33
5.0
6.0
9.33
4.0
15.33
8.33
10.0
6.67
8.33
14.0
6.0
22.33
6.0
22.33
10.33
11.67
14.67
18.33
12.0
22.67
23.33
14.33
17.0
18.33
23.33
33.0
19.67
14.33
17.67
6.0
7.67
8.67
7.67
9.67
11.33
7.33
12.33
12.0
14.33
18.33
12.0
14.0
11.33
22.33
22.33
34.67
28.33
22.0
16.67
15.67
24.67
26.33
33.67
27.0
21.0
21.67
17.33
16.0
18.67
24.33
25.33
13.33
11.33
30.33
5.0
21.67
12.67
13.67
14.33
17.0
16.33
14.33
21.0
27.33
10.33
13.0
11.0
9.33
15.33
19.33
17.33
16.67
17.0
26.0
24.33
16.0
20.0
18.67
17.67
12.67
12.0
13.33
20.0
15.67
9.33
15.33
5.67
23.33
3.0
12.0
11.0
13.33
14.0
9.67
4.67
12.0
11.0
12.33
5.67
7.0
9.67
4.0
13.33
14.67
7.0
17.0
7.0
15.67
8.33
16.33
8.0
11.33
21.33
13.33
19.0
30.67
16.33
25.67
35.67
37.67
35.33
62.0
51.33
44.33
56.33
36.67
44.0
42.67
26.67
29.67
21.67
11.67
19.0
15.67
16.67
2.33
13.0
10.67
4.0
8.0
14.33
3.0
13.33
13.33
5.67
1.0
4.0
11.33
9.67
11.33
23.33
16.0
22.0
8.33
17.0
35.0
26.0
39.67
23.67
50.33
43.67
32.33
45.67
41.33
55.33
52.33
55.33
36.0
64.33
67.67
39.67
45.33
61.33
55.67
49.33
48.33
52.33
61.33
49.33
53.0
38.33
44.67
40.33
34.0
36.67
28.67
26.67
28.33
30.0
18.0
20.67
35.0
25.0
15.33
28.0
26.67
16.67
32.0
28.33
32.0
38.33
32.67
30.67
38.0
42.67
36.67
38.0
40.33
45.0
32.0
39.0
42.33
42.33
41.0
46.67
44.0
40.33
34.33
35.33
57.67
48.0
53.33
53.0
65.33
76.0
53.67
63.33
54.0
57.33
67.0
63.67
52.33
55.67
54.33
44.0
49.33
44.0
37.0
44.33
28.33
25.67
27.0
21.0
21.33
11.67
23.67
16.67
18.0
16.67
17.0
21.67
10.0
25.0
14.33
15.0
14.67
15.67
4.67
7.0
8.33
10.33
11.67
15.67
11.33
-4.33
13.33
7.67
1.33
6.67
12.33
-1.67
12.67
10.67
9.67
8.0
5.67
14.0
6.33
7.67
10.67
6.0
6.33
7.0
4.33
6.0
15.33
12.0
11.0
16.67
15.67
23.0
17.33
23.67
11.67
1.67
17.0
18.0
11.33
16.33
20.33
16.67
18.67
-4.33
19.67
14.0
18.67
8.33
8.0
29.67
16.67
12.0
29.33
15.67
29.67
16.33
12.33
19.67
26.0
19.33
19.0
5.33
10.33
19.0
28.67
22.67
34.0
22.0
22.33
22.33
42.67
22.0
26.0
34.33
33.67
44.0
34.67
30.33
29.0
32.0
60.33
27.33
28.0
23.67
27.0
31.67
15.33
12.33
18.0
3.67
17.0
14.0
0.33
22.0
18.67
2.0
5.33
1.0
4.0
10.33
0.33
5.0
10.67
-1.33
15.33
15.0
-3.67
0.0
7.33
13.67
7.33
4.0
10.33
8.67
7.33
8.0
2.67
1.33
5.0
-3.67
2.0
11.33
7.33
21.33
1.33
4.0
9.33
9.33
12.67
0.33
3.0
14.0
10.67
16.33
-1.0
9.67
4.0
21.33
1.0
5.0
12.33
9.0
3.33
2.33
-5.0
10.33
6.33
5.33
-1.33
20.0
4.0
7.0
3.33
6.67
7.0
10.0
-4.33
4.33
3.0
14.67
-1.33
13.33
17.67
-0.33
11.67
7.67
-0.33
6.0
16.0
13.67
10.33
21.33
3.33
11.0
8.33
19.0
7.33
26.33
18.67
14.67
15.67
10.67
16.0
6.0
5.33
8.67
-0.33
13.67
10.67
3.67
0.0
3.67
-0.33
20.0
6.67
4.0
8.67
2.67
7.67
6.0
0.0
-9.33
16.33
3.0
-6.0
-3.33
13.33
-3.33
14.0
2.0
7.0
13.33
23.67
16.33
10.0
-1.67
10.0
20.0
14.0
4.33
10.67
-5.33
11.0
14.33
17.67
2.0
11.0
9.67
-3.0
15.67
17.67
15.0
-2.33
13.33
1.0
17.33
2.67
0.67
11.67
13.33
-4.33
-3.33
16.67
8.67
1.67
17.0
5.0
2.0
13.33
6.33
15.33
8.67
2.67
-4.0
9.33
19.33
-10.33
17.67
5.67
7.67
15.67
7.33
19.0
10.0
9.67
14.0
-0.67
21.33
8.0
15.33
4.33
24.67
18.67
14.67
8.33
5.0
9.67
22.67
12.67
10.0
14.0
30.67
3.33
9.33
13.0
8.0
1.67
4.0
19.0
11.67
17.33
17.0
8.67
23.67
5.0
17.67
20.33
6.67
8.33
10.33
3.33
5.33
17.67
21.67
-2.33
9.67
7.67
21.67
11.67
7.33
19.67
17.67
3.33
12.33
4.67
16.33
-2.0
2.0
4.67
18.33
0.33
10.0
14.33
11.67
5.67
6.67
2.67
20.0
11.33
13.0
3.67
25.0
7.67
1.0
7.33
-1.67
8.0
11.0
4.0
11.33
7.0
3.33
10.67
15.0
3.0
4.67
6.0
1.33
10.33
0.33
-0.67
7.67
9.33
8.67
10.0
9.0
8.0
4.33
2.67
-3.0
6.67
2.67
-3.67
1.0
-4.67
-3.0
-4.33
0.33
9.67
8.0
3.67
-0.33
3.67
15.0
5.0
-0.33
4.33
11.0
4.33
6.0
-0.33
3.33
1.0
12.33
12.0
-1.0
3.0
9.33
3.67
3.33
3.33
14.0
4.67
-2.0
10.67
-7.0
-9.0
-6.67
1.67
11.0
1.0
-1.33
-1.33
12.0
4.0
9.67
8.67
1.33
4.33
5.0
-1.67
2.33
7.0
0.33
2.67
8.0
2.33
11.33
2.33
2.67
8.0
1.33
-1.33
9.0
-0.33
3.0
0.33
1.33
4.67
2.67
1.0
-1.67
-2.67
1.67
5.67
2.33
-0.67
4.67
0.33
12.0
-3.0
0.0
2.67
10.0
1.67
4.33
-3.33
-0.33
1.33
7.33
7.0
6.67
5.67
-1.33
-3.33
0.67
4.33
11.33
7.33
3.0
6.67
-0.67
4.67
0.67
17.67
4.0
0.0
1.0
2.0
8.67
12.67
-8.67
-1.67
8.33
3.0
12.33
-4.67
-0.33
-4.33
-1.33
-1.67
-6.67
5.67
-8.33
4.67
9.33
4.0
-2.0
4.0
12.0
-0.67
12.0
-6.33
-4.33
4.33
11.33
6.0
9.0
3.0
5.67
5.0
-5.33
4.0
-2.67
4.67
8.33
2.33
6.67
7.67
14.33
-6.67
-0.67
0.0
-4.33
3.33
-5.0
1.33
2.0
0.0
9.33
2.33
2.33
8.67
2.67
4.0
-1.0
5.67
6.67
10.0
3.67
-3.67
-0.67
0.33
6.0
-5.33
7.0
-5.67
0.0
1.0
-1.33
5.67
4.67
2.67
3.67
-0.67
4.0
4.0
10.67
3.0
7.33
-2.33
4.0
9.0
14.67
9.33
2.0
7.33
4.0
4.33
2.33
5.67
6.33
1.67
-1.33
3.67
4.33
5.0
6.33
1.33
2.67
4.67
2.67
1.0
2.0
-4.0
2.33
4.0
6.0
10.67
2.33
-2.33
2.0
3.0
-0.67
-0.33
0.0
-1.33
9.67
5.33
2.0
5.33
0.67
8.33
-3.0
2.67
3.67
10.67
2.0
-4.33
-0.67
-0.33
5.67
4.33
0.0
5.33
2.67
6.67
-0.67
2.0
-1.67
0.67
3.0
5.67
1.0
4.33
6.33
-2.67
1.33
-2.0
-0.33
4.0
4.0
7.67
8.33
7.0
4.0
1.67
-0.33
4.67
-6.0
8.67
10.0
4.67
2.33
3.33
-1.0
-0.33
0.0
3.67
7.0
1.33
0.67
2.33
8.0
3.33
5.67
7.33
2.0
3.67
7.67
2.33
1.0
3.67
0.67
-6.33
-0.67
4.67
3.33
-1.0
0.67
3.0
2.0
0.67
2.0
1.0
7.33
3.0
-2.33
2.67
0.0
-0.33
3.67
2.67
5.33
8.0
2.67
-1.33
0.33
6.67
1.67
-0.67
-1.33
-0.33
-1.33
5.0
2.33
1.33
4.0
0.67
-1.0
7.0
2.0
-5.33
1.67
-1.33
3.0
8.67
3.67
-1.33
-6.0
3.33
10.0
3.67
-1.67
-0.67
1.0
-3.33
-1.33
-1.33
3.0
-2.33
-1.67
2.0
2.67
0.0
6.0
-6.67
0.0
3.33
7.33
-2.0
2.33
-2.67
-8.0
-2.33
-5.33
-2.0
1.33
3.0
4.0
1.67
5.0
4.67
2.0
4.67
6.0
3.67
-1.33
5.67
-1.67
0.67
-0.67
-4.33
-2.33
5.67
1.33
-1.0
-2.33
5.0
-5.67
-1.33
2.0
-0.33
-2.0
-2.0
1.0
3.0
2.67
-2.67
5.67
1.0
-6.0
-3.0
7.67
-3.0
