0.0
62.67
35.33
-63.0
-29.33
-11.0
-41.33
-14.67
22.67
-50.33
-36.67
-21.67
30.33
34.33
36.33
-29.0
-27.0
-13.33
29.67
-22.67
-53.67
3.33
37.33
4.67
31.67
-1.0
-11.0
2.0
-2.67
3.33
0.0
6.0
6.67
-0.67
-1.67
4.0
0.33
-1.33
-0.67
0.0
0.0
3.0
-0.67
0.67
-1.33
2.0
0.0
1.0
0.0
-0.33
0.0
-0.33
0.0
-0.67
2.0
0.0
0.0
0.0
-0.33
1.0
0.67
-0.67
1.67
1.0
1.67
0.0
1.67
-0.33
2.0
-0.33
0.0
0.0
-0.67
-1.0
-0.67
-1.0
-1.0
0.33
0.33
-1.67
0.0
-2.0
0.0
1.0
2.0
-0.67
0.33
-0.33
2.0
0.0
1.33
0.67
-0.67
-0.33
1.0
1.0
2.67
0.67
1.33
0.33
-0.33
0.0
-0.67
0.67
-1.0
2.67
0.0
-1.33
3.0
1.67
0.67
0.0
1.67
-0.33
0.0
-2.0
-0.33
-2.67
-3.0
1.0
0.0
4.33
-0.67
1.33
-1.33
0.0
-1.67
-0.67
1.67
1.0
-1.0
3.33
5.33
1.67
1.0
-1.0
-1.0
1.33
-1.0
6.0
5.33
1.0
4.0
0.67
-3.67
-4.33
4.33
7.33
-1.33
0.0
14.0
-3.0
-4.67
4.0
-0.33
2.33
-0.33
5.33
0.67
5.33
3.33
7.67
2.0
5.67
7.67
2.33
-1.0
5.33
8.33
-1.67
-4.67
5.67
4.0
-6.67
-2.0
2.33
3.0
-2.0
5.67
7.33
1.0
-5.0
7.67
-2.67
1.0
2.67
-2.67
-1.33
4.0
5.0
5.67
-0.33
7.67
4.33
0.0
-4.0
4.0
0.0
2.67
-1.33
10.33
-3.67
-1.67
-2.0
-2.67
3.0
5.0
1.33
1.33
3.33
11.0
1.0
3.67
1.0
-2.67
-1.0
3.67
-0.33
4.67
1.0
3.67
6.33
3.33
-0.67
11.33
0.67
1.67
0.0
6.0
1.67
7.67
2.0
-4.0
6.67
4.33
6.0
7.67
7.0
-0.33
7.67
-2.67
5.67
-5.33
-5.33
3.67
2.0
13.67
3.33
0.33
-2.33
2.33
2.33
7.67
2.0
3.67
4.0
1.67
4.67
2.67
5.67
-2.33
4.33
-1.33
3.67
6.0
3.33
-2.0
-4.33
1.67
3.0
6.33
0.0
5.33
1.0
3.33
-1.0
3.67
5.33
1.0
10.0
-1.0
-1.33
2.0
-0.33
0.33
6.67
0.33
0.0
1.33
4.33
2.33
3.33
-3.33
0.33
7.67
4.67
-2.67
2.67
6.67
3.67
2.0
1.33
1.67
6.67
-1.33
7.0
0.0
3.0
1.0
4.67
-1.67
0.67
4.33
3.67
1.0
8.67
0.33
1.33
0.67
-7.67
1.33
5.33
-1.33
2.0
-2.67
-0.67
2.0
2.67
-4.0
-5.67
7.0
1.33
0.0
-0.67
3.0
3.33
-0.67
3.67
4.0
-1.0
2.67
6.33
2.0
2.33
-1.33
12.0
3.67
7.0
-5.33
-1.67
1.33
5.33
-5.0
0.0
1.33
-2.33
0.67
6.0
3.33
0.33
9.33
3.0
-1.0
1.67
10.67
4.33
3.0
0.33
6.33
-1.67
6.33
-1.33
-1.0
3.0
-4.33
-5.67
-4.0
0.33
2.33
-0.67
3.67
8.33
-6.0
8.0
-0.67
3.67
7.67
2.67
2.0
2.33
-4.67
1.0
0.67
-2.33
0.67
-2.33
3.33
-3.67
-0.67
2.0
3.33
0.0
0.33
0.67
-2.0
0.67
4.0
-0.67
2.0
-0.33
-1.33
2.33
3.0
0.33
1.0
1.67
-1.33
4.33
-0.33
4.67
-1.0
-1.33
3.67
2.67
6.33
-8.0
0.0
7.67
1.67
0.33
6.0
-4.67
1.0
3.67
2.33
-2.33
1.0
1.67
-2.67
3.67
10.33
1.0
0.67
-1.0
-3.0
2.33
1.33
0.67
2.0
1.0
-4.67
4.33
-3.0
1.67
3.0
0.0
-3.67
-1.67
2.33
2.33
1.0
0.0
1.0
4.33
-1.67
0.67
-0.33
7.0
-2.33
3.33
-1.0
-1.0
5.33
2.0
1.33
-3.67
-1.33
5.67
0.67
-0.67
-0.33
3.33
-2.67
1.0
3.33
2.67
2.67
1.0
-0.33
-2.67
1.33
3.67
1.67
-1.67
3.67
2.0
2.0
1.33
2.0
1.0
-1.67
-1.67
-0.33
-3.33
-4.67
-1.33
1.67
0.33
4.33
-1.67
-1.33
-1.67
5.0
-0.33
-2.33
-0.33
1.67
-3.67
6.33
1.0
-2.67
0.33
-0.33
1.67
3.33
4.0
1.0
2.33
0.33
0.0
-0.67
-4.0
-0.33
5.67
1.33
-0.67
-2.33
5.67
-1.0
-1.33
0.33
-2.33
-1.33
2.67
-3.67
3.0
0.33
-1.67
5.33
0.33
2.33
-0.67
4.67
-1.0
-2.33
-0.33
2.67
5.33
-1.33
-1.67
-2.0
-0.67
2.0
4.33
3.0
3.67
-0.67
-2.0
-0.33
1.0
2.0
-1.67
-2.67
2.0
1.0
5.33
5.0
1.0
1.33
-3.0
-2.67
6.33
5.33
4.67
-2.67
-2.0
-0.33
0.33
6.33
0.67
4.67
1.67
5.33
-3.0
1.67
2.67
3.33
-1.0
4.33
-1.67
1.0
3.0
-3.0
-2.67
-3.0
0.67
-1.0
0.67
0.0
8.0
1.67
3.0
4.0
-2.33
-1.67
0.33
-1.67
-3.0
3.0
1.33
1.0
2.33
0.0
6.67
-0.33
-3.67
-0.67
1.67
-0.67
0.33
-0.33
2.33
1.33
-4.0
2.33
-1.0
-1.67
2.67
-1.67
0.67
0.0
1.33
-3.33
-1.67
-2.0
1.67
4.33
-2.0
3.67
-2.33
-3.33
-1.33
-1.33
1.0
-1.33
-4.0
0.33
-1.0
0.0
1.67
0.0
0.67
0.0
-1.33
1.33
2.33
5.0
1.67
-1.33
-2.67
-0.33
6.33
0.33
1.67
-1.33
-2.33
0.33
2.33
0.67
-2.67
0.33
1.67
0.0
-2.67
-0.33
1.67
4.33
-1.67
1.67
-1.33
-4.33
6.33
5.0
1.33
-5.0
-3.67
1.67
6.0
0.0
2.0
3.0
-1.33
1.33
5.67
2.0
4.67
0.0
0.0
2.33
3.33
3.67
-3.67
-1.33
2.33
0.67
2.33
6.33
-3.33
0.0
-0.67
-3.67
3.67
0.33
0.0
-0.33
-2.0
1.33
2.0
-5.33
2.0
1.0
2.67
-4.67
1.0
0.33
10.33
-2.67
5.67
-0.33
-0.33
-3.67
-0.67
5.0
-5.67
-2.33
-1.0
-0.33
5.33
1.67
4.67
-0.33
0.33
3.0
1.0
6.33
7.33
0.0
0.33
1.67
1.0
-1.33
4.67
-7.0
1.67
3.67
0.0
-4.0
0.0
10.33
-5.33
-1.33
2.0
5.33
-1.33
0.0
4.67
3.0
8.33
-2.33
-3.33
-2.0
-1.33
-0.67
4.0
8.67
4.33
6.0
9.67
1.67
-4.67
-4.0
0.0
3.0
0.67
1.0
0.67
4.33
1.0
3.67
-2.67
2.33
2.33
4.33
3.67
4.0
11.0
-5.67
-0.33
4.67
0.67
3.33
7.33
5.0
-2.67
10.33
6.0
5.0
3.33
2.33
12.0
0.33
1.33
2.0
4.0
0.33
2.0
1.67
6.33
0.33
-1.0
8.67
9.33
-1.67
1.67
2.0
1.67
2.33
0.67
3.67
7.33
0.67
3.0
-0.33
9.33
12.0
0.0
1.33
6.67
9.0
1.33
8.67
1.33
-0.67
7.67
4.0
1.0
9.0
7.67
-1.0
3.67
0.67
5.33
-3.0
8.33
4.67
0.67
1.0
10.0
6.33
6.67
9.0
8.33
-1.67
-3.0
4.0
2.33
2.33
9.67
3.0
5.67
6.0
2.67
4.67
2.0
5.33
2.67
6.0
-1.33
3.33
3.67
0.0
3.33
11.33
3.33
6.33
9.0
6.67
-1.67
-3.0
8.67
9.33
5.0
8.67
1.0
11.33
4.0
4.67
11.67
6.33
8.33
0.0
3.33
15.67
13.67
-3.33
8.0
5.33
4.67
21.33
8.33
-2.0
2.67
8.0
8.33
10.0
3.67
9.0
6.67
19.67
27.33
24.33
26.0
24.33
17.0
37.33
25.0
34.67
26.0
20.67
33.67
21.0
19.67
25.67
33.33
12.0
15.33
19.67
21.0
20.0
10.33
19.0
15.33
23.33
15.33
9.33
8.67
9.0
19.67
8.67
12.67
4.67
10.0
14.33
10.0
11.33
10.0
3.67
4.67
5.0
10.33
10.67
9.67
8.0
4.33
11.0
3.67
15.0
11.0
16.33
16.67
5.0
15.33
14.33
18.67
17.0
22.0
17.0
14.67
11.33
14.0
20.0
31.33
18.0
13.33
9.0
15.0
16.33
8.33
11.67
14.0
5.67
4.0
10.0
8.33
10.67
9.33
9.33
5.67
6.33
8.67
12.33
14.33
12.67
10.33
4.0
14.0
2.33
6.0
14.33
16.33
15.0
10.67
13.33
17.0
13.0
18.33
14.0
19.33
12.33
15.67
35.67
21.33
18.0
17.67
10.33
22.33
8.0
7.33
19.33
21.0
10.67
23.33
8.67
13.0
5.67
10.67
8.67
13.67
21.33
7.33
11.33
21.0
12.33
24.33
24.0
31.0
8.33
28.33
34.33
24.67
32.33
53.0
24.67
35.67
37.67
22.33
25.67
36.0
33.0
22.67
14.33
25.0
21.67
24.33
29.33
19.33
19.33
19.33
25.0
16.67
27.67
19.67
16.33
18.0
11.33
11.33
13.0
17.33
25.33
13.0
17.0
13.33
4.33
17.33
24.33
11.67
6.0
10.0
13.33
15.0
17.0
10.67
17.67
13.67
11.0
11.33
-1.0
14.67
2.33
7.33
11.67
6.33
9.0
14.0
13.0
9.33
13.0
11.67
12.67
12.0
12.0
9.33
18.67
8.0
10.67
7.0
16.33
11.67
6.0
13.0
8.0
7.67
6.33
9.33
19.0
16.33
19.33
10.33
20.0
30.67
23.33
33.67
31.67
42.67
52.33
35.0
47.33
33.33
52.33
36.67
37.0
46.67
36.67
34.67
17.67
25.67
22.0
16.67
20.67
13.33
17.0
11.67
6.0
10.0
7.33
5.0
20.33
13.33
2.67
23.0
5.0
17.33
11.67
4.33
31.33
31.0
30.0
14.33
28.0
30.0
18.0
42.67
47.67
56.33
34.67
53.33
44.67
56.33
46.33
49.33
53.33
30.0
66.33
55.67
57.67
32.33
43.33
48.67
53.33
49.33
43.33
34.33
52.33
24.0
31.33
41.67
25.33
18.0
19.67
13.67
19.67
19.33
16.0
8.0
7.67
14.0
16.0
6.33
21.0
16.67
22.67
31.0
22.33
30.0
22.33
26.67
30.67
27.0
30.67
18.67
30.0
34.33
36.0
33.0
29.0
33.33
31.33
20.0
33.67
30.0
23.33
37.33
24.33
23.67
18.0
28.33
38.0
15.33
25.0
24.67
27.33
28.0
36.33
34.0
27.67
24.33
24.67
26.33
24.0
24.33
23.0
21.0
16.33
27.33
14.67
22.0
17.0
7.33
13.67
16.67
20.67
10.0
14.67
15.0
10.67
8.0
16.0
11.33
2.0
0.67
8.67
12.67
5.0
9.33
8.33
23.67
8.67
7.33
-1.33
10.33
6.67
5.33
12.67
9.33
6.33
10.67
4.67
11.67
18.0
0.67
12.0
13.33
9.67
6.67
18.0
15.33
9.0
15.33
10.0
15.33
13.0
10.0
13.67
14.67
27.0
28.33
19.67
22.67
16.67
23.0
10.0
33.33
29.33
25.33
23.67
27.67
18.67
15.67
36.0
26.67
20.33
19.0
9.67
29.67
4.0
30.33
13.67
20.67
30.33
9.33
3.67
27.0
7.33
25.0
9.33
16.33
15.0
19.67
37.67
36.0
17.0
27.33
24.33
34.67
28.0
23.0
26.33
35.67
33.0
27.67
39.33
30.0
43.0
48.33
40.33
41.0
44.67
24.0
40.67
30.33
32.33
25.0
20.67
18.0
15.0
12.33
19.0
27.67
18.0
16.33
10.0
10.0
13.33
13.33
18.0
19.67
13.67
9.33
16.0
16.33
13.0
13.33
3.67
7.33
12.0
8.33
9.67
-0.67
-2.0
6.67
1.33
9.0
10.33
4.0
8.33
-1.67
3.33
15.33
11.0
17.33
5.33
1.67
8.33
16.0
10.0
10.67
9.33
-3.0
23.67
9.0
17.33
7.0
7.0
20.33
-2.0
7.33
-6.67
7.0
23.33
6.33
-1.67
10.67
29.0
1.0
9.0
11.33
19.67
16.0
3.0
10.67
7.33
1.0
1.67
-1.33
6.33
17.67
4.67
12.67
7.67
8.67
15.0
-1.0
-2.33
4.33
17.33
12.33
12.0
11.33
10.0
12.33
13.33
11.67
4.67
4.67
18.67
8.0
10.0
0.33
-0.33
4.67
12.67
13.67
14.67
-2.0
7.67
-6.33
7.0
8.67
2.0
0.67
0.67
7.67
15.0
-4.0
17.67
15.33
5.0
2.0
8.67
10.33
-1.33
4.0
5.0
-2.0
6.33
1.67
15.33
13.0
0.33
12.0
8.0
9.0
3.33
4.67
-8.33
13.0
5.33
7.67
5.0
11.0
-3.33
15.0
6.67
3.67
20.0
2.67
4.33
6.0
2.33
-0.33
13.67
5.67
11.33
6.67
2.67
4.67
10.67
6.67
6.0
6.0
6.0
0.33
-8.67
6.33
19.67
11.67
11.0
8.33
9.33
-5.33
17.67
-6.33
2.67
12.67
12.33
0.0
13.0
13.67
-6.0
9.33
8.33
8.0
10.33
5.33
15.67
16.67
16.67
0.33
10.0
15.67
16.67
13.67
6.0
27.0
14.67
-7.67
15.33
9.0
11.0
2.67
0.0
11.0
11.67
21.33
19.0
12.67
13.67
11.0
8.67
10.33
8.67
9.33
12.33
20.33
-0.67
11.67
11.67
-0.33
12.67
6.67
2.67
8.67
13.33
3.67
16.67
16.33
6.33
12.67
5.33
9.0
2.0
-7.33
12.33
6.33
2.0
2.33
7.67
-0.33
3.67
15.67
13.0
15.33
14.0
7.67
5.0
15.67
14.0
7.33
2.33
12.0
10.0
7.0
-0.67
3.0
3.33
-10.33
3.0
1.0
-5.33
1.0
9.33
19.33
6.33
2.33
5.67
-1.67
12.67
7.0
0.0
-4.0
0.33
-3.33
8.0
6.67
-0.33
5.33
0.0
2.33
4.0
8.67
3.33
1.67
5.0
13.67
2.67
-3.33
11.0
6.0
5.67
2.33
1.0
9.33
5.0
-3.33
3.33
-2.0
4.33
0.0
-3.0
3.0
-4.67
2.67
5.33
2.33
4.0
-3.33
-2.0
5.67
-5.0
-3.0
5.33
1.67
4.0
2.0
2.67
0.67
-3.0
5.0
9.67
6.67
14.33
2.33
-4.0
-10.67
0.33
-2.0
9.33
7.67
-3.0
4.33
10.33
10.33
3.67
4.0
-2.67
1.67
3.0
3.67
-3.0
8.33
2.33
4.67
-1.33
-7.0
5.33
9.33
-0.33
6.67
5.33
-9.67
13.67
3.33
-4.0
1.0
-4.0
4.67
12.0
7.67
7.33
6.67
6.67
7.33
8.33
0.0
-1.33
9.67
8.67
4.67
7.67
9.33
7.33
2.33
-3.0
9.67
0.33
-2.33
-5.33
-2.33
5.0
9.0
1.0
2.0
7.67
2.67
3.33
7.33
5.33
14.0
11.33
11.33
10.67
6.67
6.67
12.33
9.33
14.67
4.67
-2.33
3.33
-2.0
0.0
5.0
12.0
-2.67
11.0
5.67
-6.33
-6.67
5.33
-1.0
11.0
8.0
-6.33
7.0
1.67
2.0
-2.67
2.67
-3.67
-1.67
6.67
2.67
6.33
2.33
6.33
-1.0
2.67
8.33
6.0
-3.67
8.0
5.0
-1.67
-3.67
3.33
4.67
1.67
3.0
3.0
3.67
0.67
6.0
3.67
2.33
-6.67
3.33
-4.0
2.67
1.0
-3.67
3.0
3.0
-0.33
3.67
5.67
-3.33
6.67
2.33
7.0
5.0
4.67
2.0
4.33
-4.33
8.0
-5.0
4.67
4.33
10.0
4.33
11.0
7.33
-1.67
11.67
4.33
7.67
10.67
0.67
5.33
7.0
6.33
1.33
-1.33
-0.33
2.67
-6.0
-2.0
9.0
4.33
1.0
5.0
3.67
4.33
-0.33
-4.0
3.0
6.33
10.67
-2.0
1.67
5.67
4.33
6.0
-0.67
1.67
2.33
-1.0
6.67
6.67
8.67
4.0
10.67
6.33
-3.33
1.67
-0.67
0.0
3.33
5.67
7.67
1.33
10.0
2.33
6.67
-7.0
6.67
9.0
-2.67
1.33
1.33
3.33
-1.0
-0.33
2.0
7.0
-1.33
0.33
5.0
0.0
3.67
2.67
0.67
2.0
2.67
2.0
0.67
8.33
0.33
6.0
-0.33
0.0
-3.33
4.0
10.33
1.67
1.33
4.0
-3.67
0.67
1.33
3.0
8.67
0.67
-0.67
6.0
1.67
1.67
0.67
3.33
-3.33
1.33
6.0
-3.33
1.0
-4.0
-4.33
-2.0
-4.0
0.33
1.0
-2.33
-0.33
2.0
-0.33
6.67
3.67
0.33
7.0
0.67
0.67
-0.67
9.67
2.67
-6.67
4.67
-1.33
0.67
5.0
-0.67
10.33
2.0
1.67
8.0
5.0
2.0
-2.33
1.67
0.67
5.0
-0.33
7.67
0.67
-1.0
13.33
-1.0
6.67
1.33
9.33
-4.0
4.67
0.67
-2.33
-1.0
5.67
-2.67
-4.0
0.67
8.0
-2.0
5.33
1.0
-2.67
2.33
-5.0
1.33
0.33
0.0
1.67
3.67
10.0
-1.67
5.0
1.0
-0.33
1.0
-2.33
9.0
3.67
-3.0
0.67
-3.33
1.67
-1.67
-0.33
0.33
-0.33
-3.33
-2.33
-2.67
0.0
0.67
2.0
-5.67
9.67
-2.0
7.67
0.0
-5.0
-2.0
-3.0
-1.33
-1.67
2.67
-1.0
-1.0
1.0
2.67
4.0
