0.0
28.67
37.33
20.0
-70.33
98.0
-80.33
-26.67
2.67
-123.33
45.33
-23.67
7.33
29.33
-35.67
-30.0
-54.0
43.67
22.67
12.33
-38.67
12.33
-26.67
-0.33
-5.33
1.0
-16.0
-10.0
8.33
-1.67
-13.0
2.0
2.67
0.33
1.33
-1.0
-0.67
-0.33
-0.67
0.0
1.0
0.0
1.33
-0.33
0.67
0.0
1.0
1.0
2.0
0.67
1.0
-0.33
1.0
-0.67
2.0
0.0
0.0
0.0
-0.33
0.0
0.67
-0.67
-0.33
1.0
-0.33
1.0
-0.33
-0.33
0.0
-0.33
3.0
2.0
-0.67
-1.0
-0.67
-1.0
-1.0
0.33
0.33
-0.67
0.0
-1.0
0.0
0.0
-1.0
-0.67
0.33
-0.33
1.0
-1.0
-0.67
-0.33
-0.67
1.67
3.0
1.0
2.67
1.67
0.33
-0.67
1.67
1.0
-0.67
-0.33
0.0
1.67
0.0
-1.33
-2.0
-0.33
-2.33
0.0
2.67
3.67
2.0
-3.0
-0.33
-0.67
2.0
1.0
1.0
1.33
0.33
-0.67
3.67
3.0
1.33
-0.67
4.67
4.0
0.0
-0.67
0.33
-0.33
3.0
2.0
6.0
7.33
6.0
2.0
2.33
3.0
2.0
3.67
4.33
-0.33
2.33
5.33
-8.33
1.0
1.0
6.0
0.33
1.0
6.67
3.33
2.67
5.33
-0.33
2.33
-0.67
-0.33
7.0
5.67
6.67
1.33
0.0
-0.67
2.33
5.33
-0.67
1.67
5.0
7.33
2.0
0.33
4.0
-5.0
8.67
7.33
-1.0
1.0
-0.33
-0.67
0.0
4.67
-6.67
-0.33
2.0
2.0
-2.33
3.67
4.67
-0.67
1.0
7.0
2.0
5.0
3.67
1.67
7.33
2.33
1.33
7.0
-0.67
2.0
4.0
0.33
2.33
5.33
4.0
5.0
-0.33
1.0
5.33
3.0
5.67
-2.33
1.67
0.0
2.67
1.33
7.33
-2.67
2.33
-0.33
1.67
4.0
1.0
1.67
10.67
-1.0
3.0
-1.33
3.33
4.0
3.67
1.0
1.67
4.67
2.33
2.67
4.67
2.67
-1.33
7.0
9.67
7.33
-6.67
2.67
5.33
9.33
1.67
10.0
6.67
0.0
5.67
0.67
-6.33
0.67
-0.33
-1.67
1.67
6.67
-5.0
1.33
6.0
-0.33
2.67
0.0
1.33
-2.0
0.33
2.0
-5.67
8.0
4.67
2.33
7.0
4.0
1.0
4.67
4.0
5.67
3.33
0.67
0.33
2.0
-1.67
3.33
2.33
3.33
4.67
2.33
-2.33
2.67
2.33
5.67
3.67
9.67
0.0
6.33
-0.33
1.67
0.67
4.0
3.0
-5.0
4.0
3.67
3.33
-1.33
4.33
1.67
-2.0
4.67
5.33
-0.67
-1.33
-2.67
0.33
-0.67
7.67
8.0
4.33
0.33
4.0
-3.33
0.0
1.33
7.0
-1.67
0.0
-2.67
7.0
4.33
3.33
-0.33
1.0
2.0
1.67
4.33
-2.0
3.33
-0.33
3.0
0.67
1.0
-3.33
1.33
1.33
5.33
8.0
-4.0
3.33
1.67
1.67
5.0
2.33
8.33
0.33
1.0
-2.0
-1.33
1.67
-3.67
3.0
3.33
-1.67
3.33
3.33
0.67
0.0
0.0
4.67
-1.67
1.0
1.33
1.33
-2.67
3.67
-0.67
5.0
3.0
4.33
2.67
7.67
0.67
6.0
0.33
-1.67
4.0
3.67
-0.33
2.67
3.67
1.33
1.33
1.33
-4.0
2.33
1.0
8.33
0.67
-2.0
1.67
-1.0
1.33
-3.0
4.67
3.67
3.33
2.0
2.33
1.0
3.67
3.67
0.33
-2.33
9.67
-4.0
-0.33
0.67
5.67
0.33
-2.0
3.0
2.67
4.67
-6.67
3.0
5.33
-4.0
4.67
0.33
-4.33
-1.0
3.67
0.33
0.67
5.33
-3.0
1.67
4.0
-2.0
1.33
2.33
0.67
3.0
6.0
4.33
7.33
0.0
-3.33
1.0
4.0
2.33
-3.67
-1.67
4.33
-3.0
0.0
4.0
7.33
-2.67
0.67
4.67
-1.0
2.67
1.33
-5.0
0.0
3.33
-2.0
-0.67
3.33
-0.33
8.67
0.67
2.33
-0.33
-1.67
1.33
0.0
2.33
-0.33
-2.33
1.0
5.67
-0.67
-0.67
1.67
3.67
-2.67
3.67
5.0
3.0
-0.67
8.0
-4.0
2.33
-1.67
-2.33
2.67
0.33
0.67
1.67
0.33
3.33
-2.67
4.67
3.33
-3.0
-6.33
2.67
3.67
-1.33
1.33
3.33
3.0
-2.67
5.33
-5.33
-1.33
-0.67
8.0
4.0
-1.67
1.33
2.0
3.33
-3.0
-0.33
2.67
0.33
-1.67
-2.33
-1.33
-1.0
5.67
0.33
-2.33
0.67
-2.33
-0.67
5.0
4.33
0.33
-0.67
1.33
-1.67
0.33
-2.33
2.0
2.67
-3.33
1.67
1.33
-2.33
-1.67
4.0
3.33
-2.0
0.33
-2.0
-0.33
0.33
-2.0
0.67
3.0
-1.0
2.33
4.33
-1.0
1.0
-0.67
3.0
6.0
5.33
1.0
-2.67
3.33
-0.67
0.67
-2.67
-1.0
0.67
2.33
-2.67
1.67
-0.33
-1.33
-3.67
-1.0
-2.33
-1.33
2.33
2.0
-1.67
-1.67
3.0
-1.0
-1.0
-1.67
3.0
1.67
-1.0
-2.33
-1.0
4.0
-0.33
2.0
2.0
-1.33
-1.67
0.33
-1.67
2.0
1.0
-0.67
0.0
-0.67
0.0
2.67
1.67
1.33
-0.67
-1.33
3.33
-2.67
1.67
2.33
1.33
3.0
-1.67
1.0
1.33
-1.33
-0.67
2.67
3.0
2.33
-1.33
5.33
5.0
-2.33
-0.67
-4.0
2.67
-2.33
-3.33
-1.33
-0.33
0.0
0.67
0.0
-0.67
-5.0
-2.0
5.67
-7.0
3.67
5.0
-1.33
-2.67
2.33
-2.0
-3.33
5.67
0.33
-2.33
0.33
6.33
5.67
0.67
0.67
0.33
-1.67
1.67
-5.67
1.33
1.67
2.0
-2.67
1.67
-3.33
2.33
1.33
9.67
2.67
-6.33
-1.67
-4.0
-1.67
-1.0
-4.67
2.67
6.0
0.0
2.0
0.0
3.67
4.33
1.67
5.0
-0.33
-1.0
2.0
-0.67
-0.67
1.67
3.33
2.67
2.33
7.67
0.33
2.33
-3.33
-3.0
-1.67
3.33
-1.33
5.33
2.0
-2.33
-1.0
-3.67
2.0
2.67
3.0
0.0
0.67
0.33
-2.0
-2.67
11.33
-1.67
0.67
-0.33
-3.33
1.33
1.33
0.0
-3.67
1.67
1.0
3.67
0.33
-3.33
3.67
-4.33
2.33
-2.0
-1.0
-0.67
5.33
5.0
-3.67
1.67
-1.0
5.67
8.67
-4.0
-3.33
3.67
4.0
-3.0
6.0
4.33
3.67
4.67
-4.0
1.33
1.67
6.0
-6.33
0.0
3.33
-5.33
-4.33
-6.0
-1.33
0.33
-1.0
2.67
2.33
1.0
1.67
2.67
-4.67
1.0
3.0
-6.0
1.67
2.0
-1.33
7.33
-2.0
-0.33
-1.67
-4.67
2.33
6.33
2.67
3.0
-1.0
-1.67
9.67
9.67
0.67
7.33
5.33
2.0
-4.67
7.33
5.0
5.0
-3.67
6.33
10.0
-1.67
0.33
0.0
-4.0
1.33
0.0
3.67
0.33
-3.67
3.0
5.67
-0.67
-0.67
-2.33
4.0
6.67
4.33
2.67
5.67
-0.67
2.67
1.0
2.67
5.33
17.0
3.0
-5.67
-0.33
11.0
-0.67
2.67
5.33
7.33
4.67
6.0
9.0
7.0
7.67
-2.0
4.67
-0.33
10.33
4.0
1.33
5.67
1.67
7.0
10.0
11.33
6.67
1.0
7.33
6.33
-5.0
7.0
3.33
5.33
8.67
1.0
2.67
3.0
0.67
3.67
6.0
8.33
3.67
17.0
-1.33
8.33
2.67
6.0
9.33
2.33
5.33
3.33
3.0
13.67
5.33
7.0
-0.33
4.33
5.0
-0.33
10.0
9.33
1.0
3.67
3.67
2.33
9.33
3.0
1.33
10.67
8.67
8.67
-1.0
8.33
10.67
3.33
3.33
4.0
8.67
3.0
3.33
10.0
17.67
15.0
21.67
26.67
21.33
38.33
20.0
15.33
35.0
36.33
50.0
51.67
47.0
67.67
42.67
76.0
64.67
61.67
52.33
63.0
48.33
46.67
49.0
48.0
36.33
16.0
23.33
17.33
19.33
17.33
14.67
14.0
10.67
1.67
19.67
13.67
5.0
0.33
7.0
11.33
5.0
5.67
13.67
9.0
12.33
3.67
9.67
18.0
7.33
10.0
13.67
12.0
8.0
3.33
9.67
14.0
12.33
19.33
21.67
17.0
19.0
20.0
17.67
29.33
15.0
17.0
15.33
21.0
26.33
14.0
12.0
22.33
18.33
5.67
12.0
8.67
15.0
8.0
13.33
13.67
8.33
6.33
5.67
7.33
5.67
9.33
-1.67
3.67
5.33
1.0
10.0
9.33
9.0
8.33
10.33
7.0
11.67
8.33
5.0
17.0
13.33
3.0
8.33
19.33
13.67
18.67
12.33
9.0
21.67
14.33
13.33
14.0
12.33
18.33
18.0
16.67
31.33
14.67
16.0
7.67
11.67
20.67
27.67
23.33
17.33
27.33
36.0
34.33
26.33
25.0
33.0
37.33
40.33
42.33
39.67
49.33
41.0
45.67
40.67
48.67
54.33
39.67
59.0
42.0
44.67
35.33
46.0
30.67
25.33
37.33
30.33
13.33
30.33
27.0
25.67
36.67
26.67
19.33
19.0
19.33
22.33
28.0
24.33
13.33
16.0
15.0
16.33
18.33
13.33
19.33
14.67
6.0
13.0
11.33
15.0
18.0
28.67
9.67
14.67
16.0
11.33
15.0
3.67
2.33
4.33
6.67
4.33
13.0
11.0
8.0
11.33
9.0
3.67
3.67
4.0
5.0
14.33
10.67
8.0
13.67
13.0
6.33
11.67
2.0
18.0
5.0
5.67
10.33
12.33
11.0
19.33
15.33
21.33
33.0
26.67
25.33
37.67
37.67
32.67
33.33
53.0
43.33
35.33
52.33
36.67
36.0
37.67
39.67
33.67
28.67
25.67
28.0
14.67
20.67
19.33
6.0
13.67
6.0
15.0
16.33
8.0
16.33
18.33
8.67
11.0
9.0
6.33
23.67
18.33
25.33
14.0
35.0
29.33
27.0
41.0
34.0
31.67
61.67
50.33
50.67
62.33
68.67
45.33
51.33
52.33
56.33
73.0
52.33
73.67
67.67
50.33
59.33
54.67
37.33
47.33
48.33
49.33
50.33
39.0
30.33
34.67
21.33
26.0
34.67
31.67
21.67
16.33
14.0
16.0
17.67
10.0
9.0
18.33
23.0
5.67
8.67
12.0
11.33
13.0
19.33
17.67
13.67
17.0
19.67
28.67
26.0
22.33
29.0
26.0
33.0
39.33
37.33
31.0
48.67
43.0
44.33
43.33
41.33
38.67
45.0
48.33
33.0
67.33
58.0
62.67
45.33
48.0
69.33
62.0
62.67
34.33
51.67
54.33
44.0
55.33
22.0
36.0
37.33
35.33
43.67
15.0
23.0
23.33
18.67
22.67
19.67
18.0
23.67
28.0
16.67
9.0
24.0
7.33
5.0
8.67
13.67
6.67
12.0
11.33
19.33
8.67
-0.33
7.33
-3.33
18.33
14.67
7.33
8.67
14.33
9.33
6.67
2.67
16.67
14.0
6.67
7.0
18.33
14.67
9.67
18.0
12.33
11.0
4.33
12.0
9.33
19.0
17.0
15.67
21.67
20.0
18.33
8.67
5.67
5.67
29.0
8.0
11.33
18.33
13.33
15.67
16.67
6.67
9.67
14.0
12.67
36.33
2.0
0.67
12.67
27.0
27.33
30.67
22.67
17.33
3.33
14.67
27.0
20.33
14.0
19.33
-0.67
4.0
32.67
28.67
19.0
22.0
21.33
35.33
33.67
32.0
36.0
42.33
24.67
31.0
26.67
24.33
33.0
42.0
46.33
51.33
34.0
36.67
33.0
38.67
27.33
23.33
33.0
26.67
30.0
27.0
18.33
20.0
22.67
22.0
17.33
11.0
14.0
15.33
-0.67
-1.0
15.67
12.67
5.33
18.0
6.33
20.0
6.33
9.67
13.33
20.0
6.33
5.67
11.33
-1.0
21.67
11.33
10.0
3.33
4.0
5.33
1.33
9.33
11.33
12.0
5.33
3.33
7.67
0.33
15.0
8.0
10.67
12.33
1.0
13.67
15.0
10.33
0.0
9.0
7.33
-1.0
9.33
9.33
5.0
11.33
2.33
12.33
4.67
22.0
2.0
8.0
2.33
13.67
16.0
9.0
8.67
4.33
11.0
7.67
5.67
15.33
5.67
-0.33
13.67
16.67
6.67
-1.0
7.0
11.67
7.33
4.33
4.33
6.0
13.33
1.0
7.33
19.33
6.67
3.67
-1.33
10.67
8.0
4.0
8.33
13.67
1.67
9.67
5.67
17.67
-1.0
-7.33
0.67
6.0
-4.33
6.0
5.67
6.67
8.67
4.0
9.0
-1.33
13.33
5.0
7.0
3.67
10.33
0.67
6.0
14.0
-5.0
3.33
3.67
25.33
8.0
4.33
13.0
9.0
0.0
16.33
5.67
-3.33
8.0
7.33
12.67
6.0
7.0
2.67
10.0
-3.33
2.67
21.0
-7.33
7.33
13.0
-3.67
16.67
20.67
-3.33
10.33
2.67
14.67
3.67
-1.33
8.67
12.0
13.0
11.0
8.33
1.33
20.33
8.67
4.67
22.0
14.33
3.33
3.67
12.67
9.67
4.67
10.67
6.33
10.0
9.0
8.67
9.0
13.33
3.33
8.0
0.33
6.33
10.67
8.67
10.67
-5.67
-4.0
14.67
15.67
12.67
15.0
17.0
16.67
8.33
34.33
14.0
30.0
19.67
11.0
12.0
15.67
14.33
14.0
18.67
17.67
11.0
11.67
12.33
7.67
14.33
8.33
9.33
11.33
16.67
13.67
17.67
13.67
-0.33
7.67
15.67
11.33
8.67
2.67
0.33
8.33
-1.33
15.33
26.0
13.0
10.67
10.33
4.33
3.0
10.33
8.67
4.67
8.67
5.67
15.0
14.33
10.0
14.67
23.0
7.67
7.0
22.33
9.33
21.0
14.0
29.0
0.33
5.0
7.33
4.67
12.0
5.0
-1.33
4.0
10.33
3.33
3.33
-0.67
2.67
8.33
-5.33
3.0
1.0
-5.0
-2.67
-10.33
10.0
6.67
1.67
7.33
10.0
-0.67
-6.0
-11.33
6.33
-2.33
17.0
12.67
-2.33
7.67
4.0
15.0
6.67
4.33
9.0
8.33
-3.0
6.67
0.33
9.0
6.33
3.0
5.0
7.0
3.33
3.67
2.33
-3.67
6.0
2.67
0.0
2.67
-2.0
-3.0
-5.67
-0.33
10.0
4.0
-0.33
8.67
3.0
17.0
1.67
6.67
6.33
14.33
-5.0
2.33
3.33
-1.0
1.33
4.67
-7.0
8.33
5.33
0.33
12.67
2.0
4.33
-0.33
12.0
-6.33
-1.0
6.33
-1.67
-2.33
7.67
1.0
6.33
-0.67
2.67
8.67
3.33
-1.67
-5.33
12.33
-5.0
12.0
-2.0
0.67
12.0
-1.33
2.33
5.67
2.67
5.33
6.33
0.0
-3.33
10.67
2.67
5.67
5.67
3.33
2.33
3.33
2.0
14.67
5.33
-14.33
-5.33
2.67
2.0
5.0
6.0
2.0
5.67
-6.33
8.33
9.33
7.33
6.0
13.33
-0.67
0.67
1.67
5.67
-0.67
0.33
7.67
-2.33
13.67
3.33
-2.0
10.0
4.0
4.0
13.33
7.0
-1.33
0.67
-0.67
6.33
5.0
-3.0
-5.0
7.67
-1.0
-0.33
-4.0
9.33
0.67
5.33
-0.67
6.67
6.67
4.33
-7.67
-1.67
-1.0
3.67
7.33
1.0
1.33
6.0
-6.0
4.33
-0.67
-0.67
6.67
2.67
1.0
-4.0
2.67
9.67
7.0
7.67
4.33
1.33
-0.67
3.0
0.67
6.0
1.33
4.0
8.0
0.67
8.67
6.67
-3.33
-3.33
8.33
3.0
6.0
7.67
2.0
3.33
-4.33
4.0
-1.0
1.67
9.33
5.0
10.33
-2.0
-0.67
-4.67
2.67
5.33
-6.33
6.67
2.67
5.33
9.0
2.33
1.33
4.67
14.67
-3.33
-5.0
6.0
2.0
-2.67
-3.0
5.0
7.67
1.33
1.67
-3.0
-2.0
5.33
5.67
-7.0
-0.33
3.67
8.33
10.0
4.33
-4.33
15.33
1.0
2.67
1.67
6.67
3.0
0.67
-1.67
-0.33
1.67
6.33
4.0
1.33
4.67
0.67
-4.67
2.0
6.33
-1.33
3.0
7.67
8.0
5.33
8.33
1.33
-3.67
1.0
5.67
2.0
6.0
-3.33
6.33
-1.0
-2.0
4.67
0.67
5.67
-1.0
2.67
5.0
7.67
15.33
-3.67
-5.0
-7.33
2.0
-2.33
11.0
-1.67
1.67
10.33
-5.0
-2.67
1.67
-1.67
-2.0
-1.33
2.67
5.33
1.0
3.67
-2.33
-1.33
2.33
0.67
3.33
0.0
-3.33
-1.0
0.0
0.67
11.0
4.0
1.33
-2.0
-2.33
3.67
2.0
-2.33
2.67
5.67
3.33
1.0
-2.33
2.67
2.33
1.67
0.67
3.33
2.67
0.67
1.67
7.0
6.33
3.33
-3.0
1.67
-3.0
7.0
6.0
0.67
0.67
3.67
-2.0
3.67
3.67
-2.33
-7.0
1.33
9.0
2.67
9.33
3.33
3.0
2.67
10.67
2.67
0.0
0.67
-2.67
-1.0
1.67
-3.0
-1.0
-0.67
8.0
-3.67
-3.67
-2.0
-5.67
-3.67
3.0
5.67
-0.33
2.0
1.33
9.0
0.0
-1.33
8.0
-0.33
0.0
1.67
0.0
2.67
-0.33
4.67
-3.67
-2.33
6.33
-0.33
6.67
7.67
-0.67
5.0
0.67
9.0
-1.67
-4.33
1.0
1.67
0.0
0.0
-3.0
-4.0
-0.33
-0.67
0.67
4.0
3.0
0.0
-2.33
1.0
