0.0
23.67
36.33
-39.0
-28.33
-67.0
-102.33
-96.67
-124.33
-84.33
-9.67
-19.67
-60.67
3.33
-19.67
-28.0
-48.0
48.67
10.67
-44.67
-23.67
-17.67
-30.67
-3.33
-1.33
-7.0
-9.0
-7.0
1.33
5.33
-8.0
-2.0
0.67
0.33
-1.67
-3.0
-0.67
-0.33
0.33
1.0
1.0
3.0
-0.67
-0.33
-1.33
0.0
0.0
0.0
0.0
-0.33
0.0
0.67
1.0
-0.67
0.0
1.0
0.0
0.0
-0.33
0.0
0.67
-0.67
-0.33
0.0
-0.33
0.0
-0.33
-0.33
0.0
-0.33
0.0
0.0
-0.67
-1.0
0.33
-1.0
-1.0
-0.67
0.33
-0.67
1.0
-2.0
0.0
0.0
-1.0
0.33
0.33
0.67
0.0
-1.0
-0.67
-0.33
-0.67
-0.33
0.0
1.0
-0.33
1.67
0.33
-0.67
-0.33
0.0
-1.67
0.67
-2.0
-0.33
0.0
-0.33
2.0
-0.33
-0.33
2.0
2.67
1.67
-1.0
0.0
3.67
0.33
-1.0
1.0
2.0
1.33
2.33
2.33
1.67
2.0
3.33
0.33
6.67
3.0
0.0
2.33
1.33
-3.33
-4.0
0.0
-1.0
4.33
3.0
2.0
2.33
7.0
3.0
3.67
-2.67
5.67
2.33
6.33
-3.33
-2.0
4.0
4.0
-5.67
3.0
4.67
-4.67
0.67
8.33
0.67
2.33
-3.67
3.67
5.0
3.67
11.67
3.33
6.0
0.33
1.33
4.33
-0.67
1.67
1.0
3.33
-3.0
5.33
4.0
-4.0
3.67
4.33
4.0
-7.0
1.67
0.33
0.0
0.67
7.33
3.67
1.0
-2.0
1.67
-7.33
5.67
-1.67
1.0
0.0
4.0
3.0
3.67
-0.33
1.33
5.33
3.33
3.0
0.33
1.0
4.0
-0.67
4.33
2.33
7.0
1.0
3.67
7.0
1.33
4.0
9.67
-8.33
4.67
6.0
3.67
2.33
7.33
0.33
7.33
0.67
6.67
5.0
3.0
1.67
-0.33
4.0
-1.0
3.67
14.33
1.0
0.67
4.0
2.67
4.67
9.33
4.67
0.67
-0.33
10.67
7.0
4.67
7.33
1.33
1.67
7.33
7.33
7.67
1.0
1.67
6.0
6.67
3.67
3.67
-0.33
2.67
0.33
-3.33
6.67
2.0
6.33
-4.0
-5.33
-1.33
6.0
1.33
4.0
4.33
1.0
-3.67
1.0
3.67
-3.67
11.0
3.0
0.0
0.67
3.0
3.67
1.33
1.67
4.33
10.0
-4.67
-1.67
4.33
9.33
3.67
2.33
3.67
5.67
-1.67
-2.33
-0.33
1.67
5.0
-3.67
-1.33
3.67
-1.33
7.0
7.0
8.0
-2.0
2.67
-1.67
0.67
-0.67
4.67
4.0
-1.33
6.33
2.33
1.67
2.33
-0.67
-1.67
4.67
7.0
7.33
3.33
-3.0
1.67
8.0
1.33
8.0
9.33
2.0
4.33
0.0
-2.67
1.33
0.67
4.0
3.0
0.67
0.33
0.0
3.33
-2.33
5.0
8.67
-3.0
-0.33
2.33
2.33
-2.67
2.0
-5.0
0.33
-4.33
1.67
4.0
0.33
3.33
4.33
5.0
-4.0
6.67
0.67
4.33
-3.0
2.33
-1.67
2.33
0.33
-0.33
2.0
-3.0
0.67
1.33
-1.0
7.33
-1.67
1.33
8.67
8.33
2.0
-3.0
4.33
4.67
4.67
-1.33
2.0
2.33
4.33
-1.0
2.67
-2.33
1.67
3.67
0.33
-3.67
-1.67
3.0
-2.67
10.0
5.33
1.67
-1.0
7.67
-2.0
2.33
-1.0
4.67
3.67
8.33
9.0
6.33
8.0
1.67
4.67
5.33
5.67
3.67
-2.0
-0.33
7.67
2.67
1.33
-4.0
1.0
5.67
0.67
0.33
1.0
2.33
-4.0
-3.33
0.33
2.67
-4.0
6.67
2.33
1.67
4.33
-2.0
-0.33
3.0
0.0
2.33
3.33
-4.33
1.0
-1.0
-1.67
3.33
-2.0
5.67
5.0
7.0
-4.67
1.33
1.33
0.33
-5.0
0.0
1.0
9.33
0.33
-1.33
-3.33
-3.0
-1.33
2.33
-2.0
1.0
-1.67
2.0
-1.67
4.33
-3.33
2.67
0.67
1.33
-1.33
1.33
-0.67
0.0
1.33
-3.33
3.67
1.0
6.67
1.33
0.33
2.67
-0.33
-1.67
1.67
0.0
5.0
-0.67
4.0
0.0
-1.67
-3.67
-0.33
-3.33
-1.67
0.67
2.67
-1.67
6.33
2.33
-3.33
-2.67
3.0
-2.33
1.67
4.67
-3.33
1.33
2.33
6.0
-6.67
0.33
-1.33
-2.33
3.33
2.0
3.0
3.33
2.33
-1.0
6.33
4.0
-0.33
-3.33
-1.67
2.33
-0.33
-0.33
2.0
2.67
1.33
-1.33
-0.33
1.67
-1.67
5.0
5.33
0.33
1.33
1.33
3.33
3.33
-2.33
-1.0
1.67
1.67
-2.33
-1.67
5.67
0.33
-4.0
3.33
-3.0
-1.67
1.0
5.67
-1.67
1.0
2.67
0.0
1.0
-0.67
-2.67
-4.0
0.0
1.33
-1.0
3.0
2.33
1.0
-5.67
-0.67
2.33
-3.33
-1.67
1.0
1.67
-2.67
1.33
3.67
-0.33
-3.33
-1.67
1.0
-0.33
-1.33
0.33
2.0
-1.67
3.33
-1.0
8.0
0.0
0.33
-3.0
-1.33
-1.0
0.67
0.0
5.0
1.67
1.0
3.0
2.67
-0.67
0.33
-1.67
1.0
2.0
-0.67
3.0
-0.67
-4.0
6.67
2.67
-1.67
2.33
1.67
3.33
2.33
0.67
-0.67
5.33
-3.0
0.33
-1.0
-6.67
-1.33
-0.67
2.67
3.0
4.33
-0.33
-0.67
2.0
-1.33
0.33
0.0
1.67
0.67
-3.33
-1.33
1.67
1.0
-1.33
-5.0
0.33
-3.0
-2.0
7.67
-3.0
4.67
3.0
1.67
-1.67
2.33
4.0
-1.33
1.67
-4.67
-2.33
7.33
2.33
1.67
-2.33
-0.33
-0.67
-1.67
-2.33
1.33
0.33
-1.33
3.0
0.33
2.67
1.67
-1.67
1.33
3.67
-0.33
1.67
2.33
3.0
0.33
-3.0
0.33
1.67
-1.0
0.0
0.0
5.0
-3.33
-2.67
1.67
-1.0
2.67
1.0
0.0
-2.67
7.33
2.67
0.33
0.67
-1.67
5.67
-2.67
3.33
-5.33
-4.0
-0.67
7.33
4.67
2.33
6.0
4.67
2.0
0.33
-1.0
-0.33
-7.0
-3.0
2.67
-4.67
-2.0
-2.67
2.33
-0.67
-0.33
-5.33
2.67
-2.67
0.33
0.0
-0.67
1.67
0.0
-2.33
4.33
5.67
7.67
-0.33
3.33
-7.0
-1.0
1.33
-0.67
3.0
2.33
1.67
-2.0
1.67
8.67
-2.0
0.67
2.67
-2.0
-2.0
5.0
2.33
0.67
4.67
1.0
0.33
-1.33
-2.0
0.67
-2.0
8.33
0.67
-5.33
-5.0
-0.33
-1.67
0.0
-2.33
1.33
8.0
0.67
0.67
-1.67
2.0
5.0
2.0
1.67
2.0
-3.33
0.33
1.0
0.67
-2.67
9.33
4.33
1.33
-1.33
9.0
1.0
-2.67
2.67
5.67
3.67
7.33
10.33
2.0
0.33
10.33
-2.0
8.0
3.33
4.33
1.0
0.33
4.33
-1.0
1.0
5.33
-3.0
8.67
-0.67
5.33
3.0
2.67
9.33
5.33
3.67
4.0
3.67
4.33
0.67
3.67
1.33
0.67
4.0
7.67
4.33
1.0
-1.0
3.33
5.67
0.0
1.33
2.67
4.33
5.33
3.67
-1.0
3.0
6.0
2.67
-6.0
-2.33
8.67
0.33
-4.0
8.33
5.67
7.67
5.0
3.0
-1.67
3.67
1.0
7.33
6.33
7.0
5.0
1.33
6.33
3.67
6.0
1.67
15.0
7.67
5.67
0.0
0.33
2.67
0.0
-0.33
11.33
4.67
19.0
6.33
15.33
1.33
8.33
7.0
11.67
5.33
12.0
8.67
9.33
2.0
4.67
2.0
1.33
-2.0
4.67
9.67
8.33
17.33
9.0
-2.67
4.67
12.67
5.67
6.0
11.33
5.67
15.33
11.33
2.0
1.67
10.0
3.33
13.0
13.67
16.0
13.67
15.67
25.33
32.33
29.0
42.33
54.0
53.33
54.0
75.67
97.0
69.67
80.67
90.0
71.67
77.67
87.33
67.0
58.33
46.67
43.0
47.0
36.33
49.0
37.33
21.33
13.33
16.33
11.67
19.0
6.67
10.67
15.67
7.67
7.0
11.33
8.0
12.33
-3.0
-2.33
5.67
9.0
10.33
15.67
13.67
18.0
9.33
17.0
11.67
14.0
10.0
13.33
6.67
18.0
22.33
24.33
24.67
25.0
25.0
37.0
15.67
32.33
25.0
14.0
31.33
18.0
24.33
15.0
16.0
9.33
13.33
19.67
6.0
25.67
14.0
11.0
11.33
11.67
9.33
6.33
8.67
11.33
5.67
9.33
12.33
7.67
16.33
1.0
10.0
12.33
7.0
14.33
7.33
12.0
15.67
-0.67
14.0
24.0
15.33
16.0
17.33
0.33
9.67
19.67
17.33
11.0
18.67
23.33
12.33
15.0
13.33
14.33
13.0
15.67
21.33
15.67
17.0
14.67
15.67
19.67
30.67
36.33
28.33
33.33
34.0
27.33
26.33
45.0
40.0
40.33
48.33
40.33
58.67
59.33
52.0
55.67
58.67
53.67
56.33
54.67
42.0
49.0
31.67
41.33
38.0
25.67
40.33
45.33
22.33
25.33
20.33
16.0
30.67
28.67
34.67
29.33
34.0
34.33
43.33
43.0
45.33
36.33
46.0
49.0
47.33
36.33
36.33
63.33
30.67
27.0
22.0
12.33
26.0
32.0
19.67
5.67
8.67
16.0
18.33
7.0
11.67
8.33
1.33
12.67
12.33
15.0
15.0
9.0
2.33
18.0
4.67
4.67
14.0
3.0
9.33
19.67
10.0
2.67
11.0
3.33
7.67
9.0
8.0
1.0
9.67
7.33
15.33
18.0
16.33
14.33
10.33
12.0
20.67
29.33
24.67
31.67
27.67
43.33
46.0
32.33
32.33
26.33
37.67
45.0
32.67
28.67
23.67
26.67
29.67
27.0
15.67
23.67
16.33
18.0
8.67
8.0
10.0
10.33
9.0
14.33
22.33
16.67
11.0
7.0
22.33
18.67
6.33
29.33
27.0
24.0
28.33
43.0
35.0
47.0
45.67
60.67
50.33
54.67
84.33
69.67
58.33
71.33
105.33
89.33
80.0
96.33
101.67
116.67
89.33
112.33
83.67
77.33
69.33
79.33
54.33
58.33
53.0
48.33
55.67
41.33
30.0
39.67
28.67
29.67
28.33
17.0
21.0
22.67
21.0
12.0
10.33
16.0
8.67
12.67
15.0
23.33
13.0
17.33
12.67
23.67
27.0
17.67
24.67
27.0
30.33
34.0
31.0
32.0
40.33
27.33
28.0
32.67
34.0
45.33
32.33
50.33
40.67
43.0
47.33
49.0
59.33
57.0
44.67
58.33
65.0
50.33
45.0
42.67
59.33
62.67
38.33
52.0
51.33
45.0
47.0
40.33
51.33
41.67
40.0
45.0
28.33
31.67
23.67
23.67
21.0
15.67
22.0
19.67
-2.0
24.0
16.33
13.0
4.67
7.67
12.67
16.0
13.33
12.33
18.67
9.67
10.33
0.67
16.33
9.67
11.33
7.67
1.33
2.33
11.67
13.67
8.67
18.0
6.67
7.0
7.33
7.67
10.67
20.0
13.33
7.0
8.33
4.0
11.33
23.0
14.0
15.67
21.67
23.0
14.33
23.67
30.67
19.67
18.0
21.0
13.33
11.33
16.33
20.67
8.67
12.67
14.67
18.0
24.67
21.33
17.0
18.67
25.67
30.0
22.33
8.67
33.67
18.33
25.33
12.67
25.0
13.33
9.0
24.33
22.33
9.0
9.67
27.67
17.0
21.0
13.33
29.33
27.67
12.0
16.0
18.33
24.67
25.0
24.67
31.33
22.0
22.0
15.33
27.33
21.0
29.67
18.0
30.67
13.33
21.33
25.0
33.67
32.0
18.0
11.33
19.0
25.67
14.0
29.33
6.0
21.0
14.33
3.33
9.0
13.67
8.67
-0.67
1.0
-1.67
13.0
13.33
15.67
6.33
9.0
21.33
4.67
9.33
5.0
14.67
2.33
12.0
12.33
4.0
23.33
19.33
23.33
11.33
13.0
4.33
5.33
11.67
6.33
21.0
16.0
20.67
6.33
6.0
15.67
5.0
11.33
5.0
-1.0
2.33
5.0
-4.67
2.33
-2.0
8.33
16.33
14.33
18.67
5.0
9.0
14.0
9.33
8.67
16.0
5.0
14.67
1.33
17.0
2.67
3.67
14.33
16.67
12.67
8.67
14.67
-5.33
10.0
9.0
12.67
7.33
7.33
15.33
4.0
17.33
12.0
11.33
12.33
13.67
3.67
15.67
20.67
12.0
-2.0
4.33
2.67
15.67
1.67
4.67
9.67
2.0
-5.33
-4.33
9.0
3.67
10.0
3.67
9.67
-3.33
10.0
-11.0
3.67
23.33
16.0
-3.0
-0.33
8.33
0.67
3.0
8.0
6.0
-3.67
14.67
4.33
5.0
5.33
7.0
1.0
-6.0
13.33
6.67
3.67
5.0
11.33
6.67
21.0
9.0
0.67
1.0
15.67
14.67
16.0
8.67
9.33
12.0
14.33
8.67
5.67
4.67
3.33
1.67
16.67
6.67
4.67
3.67
8.0
7.0
10.0
4.33
9.33
12.33
12.67
11.67
18.0
5.33
1.33
8.67
4.67
3.67
-1.33
11.67
5.33
11.0
6.0
9.67
11.0
16.33
6.33
14.0
0.33
8.33
5.67
10.67
0.67
7.33
9.0
23.67
16.67
11.67
17.0
11.0
14.67
12.33
11.33
3.0
24.0
16.67
4.0
4.0
0.67
8.33
15.0
9.67
11.67
4.0
6.67
5.33
9.67
10.33
14.33
15.33
11.33
20.67
4.67
1.67
8.67
0.67
10.67
16.67
22.33
-1.33
16.67
-1.67
11.33
8.67
15.33
-2.0
-1.0
1.67
13.33
6.33
6.0
9.33
16.67
5.67
1.67
3.67
5.0
5.33
20.0
7.67
2.0
18.67
10.0
22.33
14.33
12.0
4.0
7.0
2.33
11.0
11.33
3.67
16.0
7.0
5.67
3.0
7.33
8.33
8.33
8.33
4.67
5.33
8.67
14.0
8.0
1.0
13.33
-1.33
1.0
2.67
-13.33
11.33
-6.0
-7.67
14.0
1.67
18.33
2.67
4.0
11.67
18.67
2.67
-5.0
0.0
-0.33
3.33
11.0
3.33
0.0
-8.33
-5.67
3.0
3.33
0.0
15.0
11.0
9.33
14.67
6.33
8.33
2.0
6.67
-5.0
3.67
2.0
-1.0
-4.67
-3.33
-1.0
12.0
-1.33
4.67
-8.0
13.0
6.67
3.67
6.33
7.33
-3.0
-1.67
6.33
4.0
6.33
2.67
-1.0
6.33
5.33
6.33
1.67
4.0
4.33
4.67
8.0
0.67
-4.0
8.33
4.33
7.67
9.67
0.0
12.33
2.33
3.67
5.67
5.33
3.33
0.67
7.33
3.0
3.0
-3.0
0.67
9.0
-1.33
9.33
-1.33
-2.33
4.33
7.33
4.0
-2.33
11.67
5.67
4.67
6.67
3.33
4.33
-3.67
16.0
1.67
9.33
-2.33
-2.33
-2.33
3.0
9.0
-5.0
0.0
12.67
2.67
3.33
2.33
9.33
8.0
8.33
9.33
-1.33
0.67
-4.33
7.33
8.33
5.67
0.67
6.67
1.33
-3.0
7.0
0.0
4.0
5.33
9.0
2.67
12.67
4.33
12.33
9.0
-5.0
1.0
-3.33
0.0
-1.33
-8.0
-4.67
4.67
-0.67
3.33
7.67
12.67
3.33
2.33
2.33
6.0
4.67
10.33
5.0
14.33
14.0
-1.0
6.33
3.33
-1.67
-0.33
-1.33
-4.0
1.0
-1.33
-0.33
9.0
5.67
-0.67
1.33
2.33
5.0
0.67
3.0
0.33
6.0
7.0
-5.33
3.67
8.67
-1.33
-3.33
10.33
-2.0
0.0
9.67
13.0
11.33
-0.33
-2.0
5.0
2.67
10.33
8.0
3.33
13.0
-4.67
4.33
8.67
2.33
-6.33
8.67
-6.33
2.33
5.0
2.33
-0.67
-0.33
-0.33
4.67
7.0
0.0
0.0
4.33
4.0
8.0
-0.33
4.33
-0.33
9.0
12.0
2.33
1.67
-4.0
3.67
8.67
7.33
-2.0
13.33
3.67
7.33
6.0
5.67
4.67
11.67
3.0
-7.33
1.33
-3.33
0.67
1.33
2.0
8.33
0.67
9.67
-2.67
4.0
4.33
1.67
4.0
5.67
6.0
1.33
9.33
5.33
2.33
6.0
5.67
6.0
5.0
4.67
1.33
1.0
8.0
7.67
3.67
6.67
-2.0
-0.33
7.0
-0.33
2.33
4.33
9.0
-3.33
14.0
4.67
5.0
7.33
3.67
0.33
0.0
4.33
-4.33
-0.67
-4.0
6.67
2.67
1.33
3.0
7.67
5.67
-4.33
0.33
0.67
1.33
5.0
3.67
-2.0
-3.0
6.67
-4.0
1.0
4.33
0.0
-4.33
-1.33
5.0
1.67
0.67
0.67
2.33
0.0
0.67
-2.33
1.33
7.67
-6.33
-3.67
4.67
0.67
0.67
3.0
7.33
1.33
-2.0
-1.33
0.0
9.0
2.0
-2.33
3.67
-3.33
2.0
-2.33
1.67
0.67
-3.0
-1.67
2.0
5.67
2.33
-0.67
4.0
0.67
3.67
-2.33
2.0
5.67
-1.67
0.0
2.67
1.0
2.0
-1.67
4.0
-3.67
-1.67
-5.0
-2.67
-2.67
-8.0
0.67
1.67
-3.0
3.33
5.0
4.0
1.67
4.0
0.67
-2.0
0.67
0.0
0.67
-1.33
5.67
5.33
1.67
1.33
0.67
0.67
1.67
2.33
3.0
-0.33
6.0
-6.67
0.67
-5.0
-1.33
-3.0
0.0
5.0
-4.0
1.67
-0.67
-2.33
2.0
-1.0
0.0
3.67
3.0
