0.0
-3.33
-14.67
-107.0
-49.33
-36.0
42.67
-63.67
-110.33
-44.33
18.33
-6.67
-42.67
-33.67
-57.67
-75.0
-63.0
-48.33
-5.33
-29.67
-33.67
11.33
-27.67
-3.33
-2.33
-6.0
-23.0
2.0
4.33
1.33
-3.0
1.0
2.67
-1.67
0.33
-1.0
3.33
-2.33
3.33
-1.0
-1.0
0.0
0.33
0.67
-0.33
0.0
0.0
1.0
0.0
1.67
0.0
-0.33
1.0
-0.67
0.0
1.0
0.0
0.0
0.67
0.0
-0.33
0.33
-0.33
1.0
-0.33
0.0
-0.33
-0.33
0.0
-0.33
0.0
0.0
-0.67
0.0
-0.67
-1.0
0.0
0.33
-0.67
0.33
0.0
-2.0
0.0
0.0
-1.0
1.33
-0.67
-0.33
0.0
0.0
0.33
-0.33
1.33
0.67
1.0
0.0
0.67
0.67
1.33
-0.67
-0.33
0.0
1.33
-1.33
-2.0
-0.33
3.0
-0.33
0.0
4.67
0.67
1.0
0.67
-0.33
2.0
3.0
0.67
-3.67
2.0
0.0
-1.0
0.33
-2.67
-3.67
-0.33
3.0
-1.67
6.33
4.67
1.0
-2.0
2.33
2.33
3.67
0.0
-2.0
-3.0
-2.67
-3.0
1.0
-2.67
4.0
-1.0
4.67
-2.67
1.67
3.33
13.33
-6.33
-4.0
4.0
1.0
0.33
1.0
-4.33
2.33
8.67
5.33
0.67
10.33
-0.67
8.67
-2.0
7.67
9.67
-4.67
-1.0
0.33
3.33
0.33
-0.67
0.67
4.0
3.33
3.0
4.33
9.0
-2.0
1.67
4.33
0.0
-3.0
3.67
0.33
5.0
1.67
1.33
1.67
-2.0
2.0
3.67
-1.33
8.67
4.33
0.0
-1.0
5.0
2.0
3.67
-0.33
4.33
9.33
-0.67
1.0
0.33
-2.0
-3.0
4.33
3.33
5.33
7.0
1.0
6.67
3.0
3.33
6.0
3.67
-1.33
5.67
2.0
12.67
3.33
1.33
-4.67
-0.67
4.67
4.67
1.0
4.0
2.67
4.67
1.0
3.0
0.67
8.33
9.0
-1.33
0.0
2.67
3.67
5.33
2.67
2.67
1.67
5.67
-1.0
4.67
5.33
0.33
-4.33
-1.67
4.33
5.67
1.0
4.67
2.0
3.67
-1.33
5.67
6.67
1.67
-1.67
1.67
4.67
5.0
0.33
0.0
-0.33
3.67
-1.0
3.33
4.0
-3.67
3.0
4.33
1.0
3.67
6.33
5.0
4.0
2.0
6.67
3.0
-3.33
1.33
4.67
3.33
1.0
-5.67
2.33
4.33
4.33
-1.33
8.33
1.67
1.67
-3.67
2.67
4.67
2.67
3.0
1.33
4.67
8.67
-5.33
6.0
0.0
-3.0
5.0
1.67
1.33
2.67
2.33
-0.33
1.0
8.67
0.33
-1.67
1.67
0.33
2.33
-1.67
-1.33
4.0
-0.67
1.33
5.0
0.67
-3.0
0.33
1.0
4.33
3.0
2.33
4.0
6.33
1.33
-1.33
2.0
6.0
-2.33
1.33
2.0
6.33
0.67
10.0
4.67
1.0
1.67
0.33
-1.67
2.33
5.0
4.0
3.33
-3.33
2.67
4.0
4.33
-0.67
-0.67
3.0
3.0
3.67
0.67
2.33
0.0
0.33
7.33
-1.67
4.33
-3.33
0.0
2.0
0.67
-1.67
4.0
-2.67
7.33
3.33
0.67
0.33
3.0
1.0
3.33
-1.33
6.67
4.67
4.0
-0.67
1.33
2.0
-1.33
1.67
0.67
2.67
5.33
-4.67
-1.67
2.0
5.33
2.0
1.33
3.67
-4.0
2.67
4.0
3.33
0.0
-0.33
0.67
3.33
-3.0
2.33
5.0
-1.33
5.67
-4.67
3.67
10.67
-1.0
-1.33
-0.33
0.67
-1.67
-2.0
-1.0
2.67
-0.33
-0.67
2.0
-0.67
-1.0
0.67
4.33
-1.33
-4.0
-0.33
2.33
2.67
1.33
1.0
2.67
6.0
-4.0
5.33
1.33
1.67
0.0
2.0
-1.67
1.33
1.0
-1.33
0.0
7.0
2.33
0.33
5.33
-1.67
1.0
2.0
1.0
4.33
2.33
-0.33
2.67
0.0
7.67
1.33
-2.0
0.0
1.33
3.0
3.33
1.33
-4.33
5.67
4.67
-1.67
-1.33
1.33
-2.67
5.0
6.33
1.67
3.67
-1.0
4.67
-0.67
-2.67
2.67
0.67
-4.67
0.67
3.0
0.0
6.33
6.0
0.0
2.33
1.33
3.67
0.67
-3.67
0.67
-2.33
5.33
1.33
-0.67
0.67
2.33
2.0
-0.33
-1.33
2.67
-0.33
1.33
-2.67
5.0
0.33
-0.67
5.67
-0.33
-4.67
3.0
5.0
-2.67
2.33
3.0
-2.67
4.0
-1.33
1.67
3.33
-1.67
-1.33
7.67
-2.0
-3.33
2.33
-4.33
-1.33
0.67
2.33
0.0
0.33
1.33
-0.67
2.33
0.33
2.33
0.67
2.0
-0.33
0.67
-2.33
-0.67
1.67
-0.67
-2.0
2.33
0.0
6.33
6.0
1.67
2.33
1.0
5.67
2.0
3.0
2.33
-1.67
-1.0
3.0
-1.67
-1.0
2.0
3.33
3.0
1.33
3.33
1.33
-3.33
2.33
-4.0
2.67
-0.67
-0.67
2.67
-1.33
-3.33
-2.67
-1.0
0.67
0.67
-1.67
-1.0
0.33
-0.67
-3.0
0.0
2.0
-0.67
3.0
-0.33
0.0
1.67
0.0
2.0
-2.33
5.0
-1.0
-1.33
-4.67
2.33
1.33
1.0
0.0
-2.67
1.0
0.33
-3.0
-3.33
0.67
-1.67
0.33
0.67
3.33
8.33
2.67
3.33
-3.67
-3.0
0.33
1.0
0.33
-2.33
0.33
1.67
3.0
0.33
-8.33
3.33
0.0
2.67
1.33
2.0
-0.33
-1.33
3.67
2.67
-1.33
3.0
-0.33
-2.0
8.33
-5.0
-4.0
1.67
-7.0
8.67
0.0
-0.33
2.33
5.33
3.0
-3.33
0.67
-0.67
2.67
1.33
-0.67
3.67
5.67
2.67
5.33
4.33
0.67
1.33
-2.67
4.67
3.0
-3.67
2.67
-1.33
4.33
1.33
1.67
-1.33
-1.33
-0.67
0.0
1.33
-4.0
3.33
-1.33
-1.0
-2.0
-3.0
4.0
2.67
-1.67
5.67
3.0
3.67
0.0
5.0
-1.67
0.33
3.67
1.33
3.67
-1.67
-0.33
-0.67
5.33
-2.33
-3.0
-3.67
-1.67
-2.33
-4.67
2.0
0.67
-1.0
-2.67
-2.0
-1.33
-7.0
-3.0
-1.33
-0.67
-2.0
1.33
-2.67
-4.67
1.67
4.67
-0.33
0.33
-0.67
0.0
-1.67
-3.33
-1.0
-4.33
5.33
1.67
11.67
-3.33
6.33
-3.0
2.0
-1.67
1.33
1.0
4.33
2.67
4.0
0.67
1.67
-1.0
-1.33
-1.33
-3.0
4.0
6.0
3.33
0.67
2.67
2.0
0.33
0.67
6.0
0.67
6.0
5.33
-6.33
-4.33
-3.0
-4.33
-2.67
7.0
0.67
2.33
5.0
1.67
5.67
-4.67
-1.0
4.0
0.0
1.67
9.0
7.67
0.33
0.0
-1.33
1.33
8.33
-2.67
4.33
8.67
4.0
2.0
0.33
-0.33
3.67
9.67
3.33
3.33
3.0
2.33
7.33
3.0
6.0
1.33
-0.67
0.0
-2.67
10.33
-1.0
-2.0
-1.67
-3.0
-0.33
5.33
4.33
-3.0
3.67
2.33
3.33
-2.33
7.0
9.67
0.33
-1.33
4.67
2.33
0.67
12.0
3.67
13.33
5.0
7.0
2.33
4.67
3.0
12.33
12.67
-1.67
0.33
12.67
5.0
6.0
20.0
10.67
-3.0
9.67
15.67
4.33
0.0
7.33
4.67
0.67
4.0
12.0
-0.67
9.67
6.0
5.33
4.33
8.0
12.0
3.33
7.33
13.67
4.0
0.67
7.0
6.67
4.67
7.0
8.33
4.67
7.0
1.67
4.33
2.67
7.0
3.33
9.33
9.33
11.33
10.0
15.67
-0.67
3.0
7.67
7.33
2.0
-0.33
17.0
6.33
8.0
8.67
11.67
1.33
9.33
9.0
5.33
15.67
1.67
5.67
3.0
5.33
5.67
9.33
15.33
-4.0
13.67
15.0
7.33
6.0
4.67
13.0
24.67
6.67
7.33
22.33
15.0
16.33
11.0
29.33
32.0
34.67
19.0
41.67
30.67
25.0
30.67
34.67
28.33
33.0
21.33
20.67
23.0
20.0
19.33
9.0
5.33
17.33
12.33
4.33
8.67
3.0
14.67
5.67
5.67
7.67
5.0
13.33
19.0
3.33
4.0
9.67
5.67
1.0
12.33
15.67
5.67
22.0
14.33
14.0
16.67
25.0
27.0
31.33
26.67
40.0
33.33
54.33
56.67
51.0
58.0
74.0
70.67
74.33
88.0
57.0
72.33
62.0
40.33
44.0
39.0
34.33
34.33
27.67
23.0
15.67
17.0
20.0
17.33
6.67
7.33
12.33
15.67
16.33
10.67
13.33
13.33
14.67
13.33
15.0
31.0
20.33
11.0
13.33
15.33
10.0
14.67
9.33
12.0
22.0
18.33
23.0
30.33
21.33
20.67
23.67
28.33
19.0
23.67
17.33
6.33
14.0
21.33
28.33
14.0
20.67
14.33
17.67
8.0
21.67
27.67
14.67
18.67
18.33
17.33
22.33
42.0
26.33
22.33
32.0
39.0
45.33
41.33
54.33
59.67
55.33
57.0
68.67
54.67
60.67
54.33
47.67
52.0
53.0
48.67
36.33
39.0
26.67
42.33
42.33
40.33
31.33
29.33
32.0
24.67
24.67
43.67
26.33
40.0
39.33
35.33
39.0
59.33
49.33
43.0
40.0
45.33
40.33
32.33
41.33
36.67
25.0
27.0
34.33
35.0
35.0
19.67
22.67
19.67
18.0
19.33
26.0
15.67
27.33
12.33
16.67
20.33
14.0
22.0
28.0
16.33
16.0
8.67
12.67
13.0
15.0
16.33
18.67
9.0
4.67
14.0
6.33
21.67
11.0
12.0
20.0
19.67
14.33
12.33
7.0
5.33
12.33
17.33
14.0
21.67
11.33
4.67
17.67
16.67
28.33
7.0
21.33
15.33
20.33
10.67
29.0
13.67
13.67
13.67
23.67
20.67
27.0
17.67
11.67
13.33
18.0
20.67
7.0
7.0
12.33
11.0
6.33
10.33
11.67
12.0
22.0
18.33
25.67
23.33
32.33
34.0
34.0
24.33
40.0
51.0
46.0
54.67
44.67
50.33
58.67
70.33
49.67
55.33
60.33
80.33
72.33
70.0
66.33
75.67
73.67
52.33
51.33
59.67
56.33
57.33
65.33
51.33
49.33
35.0
57.33
32.67
36.33
33.0
26.67
25.67
17.67
16.33
16.0
22.0
13.67
24.0
24.0
16.33
24.0
24.67
21.67
25.0
27.33
30.0
31.33
23.67
19.67
29.0
20.67
28.67
31.0
29.33
36.0
30.0
33.0
34.33
44.33
48.0
53.67
39.0
46.33
42.33
54.33
39.67
50.0
57.33
57.0
50.33
59.0
56.67
70.33
63.0
50.33
54.0
48.67
47.33
36.67
46.33
36.0
39.33
44.0
22.0
40.33
34.33
30.67
28.0
27.0
23.33
27.67
19.67
19.67
22.0
16.67
19.0
15.67
4.0
17.0
15.33
4.0
11.67
5.67
9.67
7.0
12.33
12.33
13.67
14.67
10.33
4.67
6.33
15.67
12.33
0.67
4.33
4.33
4.67
10.67
15.67
18.0
13.67
10.0
22.33
17.67
7.67
23.0
11.33
20.0
8.33
15.0
15.33
15.0
24.0
17.67
28.67
18.0
12.33
16.67
23.67
17.67
27.0
25.0
27.33
25.33
20.33
33.67
25.67
11.67
17.67
35.0
26.67
33.33
19.0
15.67
18.67
32.0
20.33
27.67
27.67
33.33
26.33
19.67
24.0
16.33
13.0
18.33
20.33
13.0
15.67
21.67
26.0
13.0
17.33
26.33
29.67
20.0
28.0
27.33
17.67
29.0
13.67
12.33
28.0
37.0
20.33
26.33
29.0
33.67
25.0
40.67
26.33
31.33
25.0
35.67
36.0
14.0
34.33
28.0
14.67
19.0
21.33
15.0
27.0
27.33
13.33
23.0
14.67
10.67
31.33
4.0
-3.67
17.0
17.33
5.67
9.33
15.0
7.33
11.67
9.33
6.0
12.67
4.33
16.0
-1.67
-5.0
13.33
24.33
17.33
5.33
8.0
9.33
10.33
-1.33
15.33
10.0
19.0
19.67
11.33
1.0
0.67
11.0
12.33
15.0
3.0
11.33
10.0
8.33
2.33
2.0
7.33
1.33
2.33
21.67
15.0
3.0
2.0
7.33
18.67
10.0
14.0
12.67
3.33
4.0
4.67
-6.33
16.33
14.67
21.67
6.67
13.67
22.67
6.0
19.0
20.67
6.33
24.33
22.33
14.0
16.33
12.0
10.33
13.33
8.67
11.67
3.67
26.67
9.0
4.0
13.33
10.67
2.67
13.67
9.67
11.67
5.0
-4.33
9.67
7.0
3.67
-7.0
10.67
-5.33
0.67
8.0
-12.0
-4.33
11.33
12.0
4.0
-3.33
3.33
1.67
0.0
13.0
11.0
3.33
6.67
2.33
18.0
-5.67
5.0
5.0
13.0
13.33
6.67
-0.33
10.0
7.33
6.67
4.0
12.0
14.67
15.0
7.67
11.67
8.0
10.67
6.33
4.0
16.33
5.67
17.67
16.67
3.33
2.67
1.67
13.67
2.67
7.67
19.0
15.0
2.0
2.33
10.33
10.33
20.67
6.67
7.0
8.33
4.33
3.67
14.67
-1.33
3.67
14.67
7.33
8.0
8.0
7.67
11.0
-1.67
5.33
12.0
8.33
22.33
18.67
13.67
19.67
16.33
14.0
10.67
25.67
12.67
16.0
7.0
23.67
9.33
12.33
19.0
27.0
27.67
9.0
26.0
17.67
6.33
7.0
19.67
13.67
5.0
33.67
3.33
22.67
23.33
5.33
19.33
0.33
23.67
6.67
11.67
12.67
14.67
4.67
8.67
10.33
20.67
7.67
6.33
15.33
8.67
20.33
15.0
15.0
0.67
22.33
3.33
9.0
6.33
3.67
3.67
0.67
5.67
17.0
7.33
10.0
9.67
2.0
3.67
3.0
11.33
2.33
5.0
6.0
6.0
0.33
0.0
6.33
1.67
0.0
8.0
17.67
0.0
1.33
2.33
2.33
8.33
7.67
-0.67
17.67
4.0
-3.0
9.0
2.33
0.67
-6.0
7.67
-1.33
18.33
-3.0
-3.67
8.0
-7.33
0.33
-0.33
19.0
0.67
3.67
1.67
5.0
0.0
8.67
15.33
7.0
-2.67
15.0
-1.33
-1.67
0.0
-0.67
1.0
-3.0
13.0
10.33
1.67
2.33
5.33
7.0
14.67
6.0
6.67
-4.0
2.0
-4.67
-1.33
10.0
2.0
8.67
9.67
-1.0
7.0
7.67
11.67
0.33
7.33
-5.0
-3.67
-1.67
-7.0
-0.67
8.67
0.0
8.33
6.33
12.33
4.67
7.0
4.33
3.67
12.0
0.67
8.0
1.33
0.33
-6.33
1.67
2.0
4.33
1.33
1.67
3.67
-1.67
2.33
-7.33
1.33
-2.0
-2.0
-8.0
-1.33
20.0
3.67
9.33
3.67
-2.33
6.33
10.33
-4.0
-7.33
6.67
-4.33
2.67
1.67
3.33
9.33
0.33
1.0
13.67
7.33
-5.33
0.67
-0.33
2.0
12.0
3.0
8.0
11.67
-1.33
-6.67
1.33
-1.67
14.0
8.33
2.33
-3.33
-1.33
-1.33
8.33
5.33
-3.33
-2.33
6.67
9.33
-4.0
8.0
9.0
1.0
4.33
5.0
4.67
3.67
5.33
3.33
-1.0
3.0
4.0
-0.33
9.0
-6.33
5.0
6.33
6.67
3.33
10.33
5.67
9.67
10.33
0.33
10.33
-7.0
6.67
3.33
3.0
2.33
4.0
8.0
2.33
4.33
-2.67
-0.33
-4.33
1.0
8.0
3.67
-2.33
9.0
4.67
-4.67
0.33
-5.67
6.0
-2.33
-3.0
2.33
4.0
-1.0
-3.33
1.67
7.67
3.67
2.67
1.33
-4.0
4.0
3.67
2.0
11.33
3.67
4.0
0.0
2.67
5.33
2.0
7.33
3.0
-0.67
-3.67
11.67
3.33
-3.33
2.67
7.67
5.33
5.0
8.33
8.33
0.67
2.67
4.67
-1.0
-2.0
4.0
0.33
-4.0
4.0
7.67
5.33
8.67
2.0
7.0
-0.67
4.67
-2.0
5.67
-0.33
8.33
5.0
-3.67
8.67
12.33
-8.0
1.67
0.67
3.67
-1.0
0.67
-3.67
-2.33
2.67
3.33
10.0
4.33
0.67
-1.33
12.33
12.0
3.33
1.67
2.0
11.67
3.0
2.33
7.33
7.33
1.33
8.0
12.67
4.0
11.0
4.67
11.33
1.0
2.0
6.67
6.67
-0.33
4.0
2.67
12.0
2.67
0.33
4.33
-2.0
2.67
1.0
6.67
5.0
-0.67
0.67
2.33
0.0
7.33
3.67
5.33
-6.0
2.67
-0.33
1.33
-1.0
3.67
-2.33
-7.33
-0.67
1.67
4.33
1.0
-2.33
1.0
1.0
6.67
-3.0
2.0
3.33
2.0
-3.33
3.67
-3.0
1.67
9.67
-0.33
-0.67
8.0
0.67
2.67
-5.67
2.67
-7.33
4.33
-0.33
3.67
-3.33
2.0
4.33
7.33
5.0
8.67
1.0
7.0
8.0
-1.33
5.67
2.67
-2.0
7.67
-0.33
-2.33
-5.0
5.33
-2.0
3.67
-1.67
1.33
1.0
-1.33
2.67
-2.33
5.0
3.67
4.33
-3.0
1.67
2.0
-3.0
-1.67
1.0
-2.67
-2.67
2.0
-4.67
4.33
2.0
4.67
1.67
1.0
1.33
5.0
-1.0
0.67
2.0
3.67
6.0
1.67
0.0
2.67
3.67
3.67
-4.67
2.67
4.33
-0.33
1.67
0.67
0.33
9.0
1.67
-1.0
-2.67
3.67
6.0
-3.33
-2.0
0.0
7.0
-6.0
-1.33
2.33
5.67
4.0
2.0
-2.0
6.67
6.0
