0.0
10.33
17.67
-10.0
-21.67
80.33
-65.67
40.33
-29.0
15.0
7.67
-83.0
-68.33
34.33
41.0
13.0
15.67
-2.67
-22.0
24.67
17.0
-15.0
11.0
24.33
34.0
5.33
4.33
6.67
13.67
5.33
5.0
-0.67
-3.0
0.33
2.0
2.33
-1.33
2.0
2.0
-0.33
-0.33
1.0
0.67
-1.0
0.0
-1.33
0.0
0.0
-1.33
-0.67
0.33
-0.33
-0.33
0.33
-0.33
-0.33
1.67
1.0
0.0
2.0
1.67
0.67
-0.67
-0.33
-0.33
0.0
0.0
0.67
0.33
0.0
-0.33
-0.33
0.67
-0.67
0.33
0.0
0.33
0.0
-0.33
-0.33
-0.67
-0.67
-0.33
-1.0
1.67
-0.33
0.0
-1.0
0.33
-0.67
0.67
-0.67
0.0
1.0
0.67
-0.33
-0.67
-1.0
-1.0
0.0
1.0
-0.67
0.0
2.0
-0.33
-1.0
2.0
-1.0
1.0
2.0
0.0
0.67
2.33
-0.33
2.0
-2.67
-0.33
-0.33
-3.67
2.33
-0.67
-1.33
-1.67
-0.67
5.33
1.67
5.67
4.33
4.0
-0.67
3.0
0.67
-1.67
-2.67
2.33
2.67
-1.67
2.67
0.67
-3.67
3.0
4.67
-0.67
-2.0
3.0
-1.0
1.33
-1.67
-1.67
4.0
2.33
-3.33
-1.0
1.0
7.67
2.67
4.0
4.67
3.0
7.0
-3.0
6.67
-4.0
2.67
-4.0
2.33
1.33
2.67
-3.33
-5.33
-0.67
7.0
4.67
-3.0
0.67
1.67
5.67
0.67
8.0
-1.67
1.33
1.33
-1.67
-0.67
4.33
-1.67
6.33
12.33
9.33
2.33
8.33
-1.0
-6.67
-1.67
-0.67
1.67
4.33
1.33
-2.67
1.0
1.0
1.0
1.33
4.33
2.0
3.33
2.33
12.33
5.67
1.0
-2.0
-4.0
1.33
1.0
-2.0
7.0
1.67
-4.67
0.67
5.33
3.33
6.67
11.33
1.0
5.0
7.33
-2.0
11.67
0.0
1.67
2.33
5.67
6.33
4.33
5.0
1.33
-6.33
4.67
5.0
-0.33
0.67
-1.0
-0.33
4.0
-3.0
-3.0
1.0
-0.67
1.0
-2.67
2.0
5.67
6.33
-1.0
4.0
-4.0
9.0
10.0
-1.33
5.0
-3.33
2.67
0.0
6.67
1.67
-3.0
0.67
3.67
4.0
6.0
1.67
5.33
-0.67
3.33
1.33
2.0
1.67
1.33
0.67
5.0
5.67
-1.0
-4.67
-0.33
8.33
4.33
6.33
-2.0
4.33
3.0
5.67
6.33
-0.33
0.0
2.33
-1.67
2.0
0.67
-4.33
2.67
0.33
2.67
-0.67
10.67
0.0
-3.0
8.0
-3.67
10.0
-0.67
5.0
5.67
2.33
-2.33
0.33
-5.33
0.0
2.0
8.67
2.0
-3.0
2.0
6.33
-1.33
3.33
0.67
-2.67
2.33
1.33
0.0
2.67
-1.33
4.67
-1.0
-0.67
-5.33
2.67
0.67
3.0
0.67
3.33
-4.67
0.67
-5.33
0.67
3.0
-0.33
7.33
2.0
-2.67
0.0
0.0
-1.33
11.33
7.67
-0.67
1.0
7.67
2.0
-1.33
2.33
-5.0
0.67
3.67
4.67
-1.33
-2.33
3.67
2.67
-1.67
0.33
0.33
-2.33
6.0
-1.67
-7.0
10.0
7.0
8.33
-0.67
7.33
3.33
-0.33
3.33
0.0
1.67
1.33
0.0
0.33
1.67
0.0
4.67
-2.0
-5.0
2.0
1.33
-5.33
1.0
0.33
-4.0
3.67
-1.33
-0.33
6.33
4.0
-4.33
5.33
-1.33
3.67
1.33
-5.0
-0.67
7.33
3.67
1.33
-0.33
2.33
-3.0
-1.33
4.33
6.33
0.0
4.67
3.0
1.0
2.67
2.33
-3.67
2.33
0.0
-3.33
3.0
2.33
1.67
1.67
3.67
-3.0
5.67
3.0
-5.67
-0.67
-1.0
4.67
-1.33
1.33
-1.67
0.33
1.67
-1.0
5.67
-1.0
-1.67
3.0
-2.67
3.67
-3.0
1.67
4.33
4.33
-1.0
-2.67
3.33
2.67
6.33
-2.0
2.67
1.0
-0.33
-4.0
-3.33
3.33
-4.67
-3.67
-1.33
-2.0
7.0
3.33
0.0
0.33
-1.33
1.0
4.0
-2.33
-4.33
-1.67
-0.67
9.0
0.67
3.0
1.0
-1.67
-0.33
-2.67
3.33
6.0
-1.0
3.67
3.33
-1.0
1.0
-4.33
0.0
2.67
1.67
1.0
2.0
2.67
1.33
0.33
0.0
2.67
0.0
3.33
-0.33
-0.33
6.33
4.33
-1.33
3.0
-0.33
-2.0
2.0
-2.67
-2.0
4.33
0.33
3.33
-0.33
-0.33
-3.67
5.0
0.67
-1.33
1.0
1.0
-0.67
4.33
-3.33
4.0
0.33
3.0
-4.0
1.33
1.67
-1.33
1.0
0.0
4.67
3.67
1.0
1.33
1.0
-6.0
-2.33
-1.0
5.33
-1.33
-1.33
1.33
5.0
3.33
-3.67
-1.33
-1.67
0.0
2.67
-1.67
0.67
-4.33
0.33
0.67
-2.67
4.33
7.67
1.67
1.0
-0.67
2.33
-3.33
2.67
0.0
0.0
3.67
-1.0
6.0
-3.0
-1.33
2.0
1.67
3.33
-1.0
-3.33
-3.67
0.67
-0.67
-3.67
1.67
-1.33
-1.0
-0.33
2.33
1.0
1.33
9.0
5.67
-0.33
-1.67
0.33
0.67
2.0
-2.33
2.33
-1.0
2.67
0.0
-4.0
0.67
0.67
-1.67
-3.67
2.67
0.33
1.67
0.33
3.33
0.67
1.67
1.67
-0.67
-2.67
0.67
0.33
0.0
0.33
-0.33
0.0
-2.0
2.0
0.33
-0.67
2.33
-3.0
0.0
4.67
5.67
-3.0
-1.0
0.33
-2.33
-2.33
0.33
0.33
2.67
0.67
-0.67
-5.33
1.0
0.67
0.33
6.0
1.0
-1.67
1.33
-1.67
-3.33
2.0
-0.67
1.0
1.67
-0.67
0.67
-0.67
2.0
3.67
1.67
5.0
2.67
-0.33
0.33
-6.0
-2.0
0.0
-1.67
-2.33
-0.33
-3.0
0.33
-0.33
-3.67
-0.33
-2.33
-0.33
2.67
1.67
1.0
2.33
-1.33
0.67
-2.67
8.33
0.67
3.67
-0.67
1.67
4.0
-2.67
-4.67
2.0
-2.0
3.33
0.67
-1.0
0.67
0.33
-1.33
-1.0
-0.67
0.33
0.67
1.0
-3.0
6.0
-3.67
-0.67
0.33
-1.33
-1.67
-2.0
5.67
4.0
-3.0
3.33
1.67
2.33
-3.33
3.0
-0.67
0.33
-5.33
1.0
-1.33
-4.0
2.67
-1.0
2.0
-4.33
2.0
0.67
3.33
-4.33
2.0
1.33
-1.0
3.33
10.33
1.0
4.67
-3.67
0.33
-4.67
-3.33
2.0
4.33
-1.33
2.0
2.0
-2.33
4.0
3.33
3.33
0.0
1.33
4.67
-0.33
0.67
-2.33
5.33
4.0
1.67
4.33
0.33
-3.0
0.67
5.67
2.33
3.33
5.0
-2.33
5.0
1.0
10.67
-2.0
3.67
3.0
1.0
1.33
2.67
6.0
0.0
5.0
4.67
5.0
6.67
0.0
1.0
11.0
15.67
6.0
6.0
6.33
10.33
13.67
4.67
7.67
11.33
13.33
5.33
16.33
11.67
6.33
6.67
-1.67
1.0
2.33
4.33
2.67
-1.0
0.0
4.67
4.0
-2.0
7.0
8.33
2.0
6.0
6.0
5.0
2.0
2.0
3.0
13.67
5.33
3.0
2.67
7.33
6.0
0.0
3.33
4.67
12.67
3.67
2.67
4.67
4.33
1.33
6.67
5.33
2.33
3.67
9.33
7.0
0.33
7.33
5.67
2.0
-0.67
2.0
4.0
7.67
0.67
-0.33
7.0
4.67
2.33
5.33
4.0
3.33
5.67
6.33
3.67
5.67
1.0
1.0
11.0
4.67
-3.33
7.67
4.0
2.33
6.67
9.0
4.67
-6.0
3.67
8.67
2.33
1.67
1.33
1.67
8.67
5.67
10.0
-0.67
4.0
7.67
3.33
11.67
2.33
1.67
11.33
4.0
-4.67
8.67
8.67
8.67
12.0
4.67
3.33
7.67
-3.0
4.0
-1.67
2.67
9.33
8.0
3.33
12.67
7.67
6.0
9.33
15.0
-1.33
10.33
7.67
1.0
-2.0
3.33
4.33
5.67
2.67
11.33
1.0
0.33
11.33
-2.0
5.33
7.0
1.33
0.0
10.33
2.0
7.33
5.0
-2.0
7.33
-0.67
2.67
5.67
3.0
8.0
3.33
1.33
-4.0
7.67
9.67
6.67
8.0
8.67
-3.33
7.33
7.0
5.33
7.33
1.33
-4.33
10.33
5.0
3.0
3.67
10.67
9.67
1.67
10.33
-1.0
11.33
-1.0
2.33
6.67
14.67
9.33
1.67
9.67
3.33
12.67
13.67
-4.0
4.33
11.67
6.33
5.67
7.67
8.33
4.67
1.67
5.67
7.0
5.0
7.67
8.67
13.0
9.67
17.67
14.0
8.0
7.0
7.33
9.0
6.33
5.0
22.0
14.67
8.67
12.67
24.67
25.67
19.33
29.33
20.67
24.33
21.33
30.33
31.67
27.0
28.67
30.67
32.0
34.33
31.0
35.0
36.33
26.67
30.67
10.67
24.67
26.0
35.33
21.33
18.0
17.67
26.0
9.0
12.33
14.33
11.33
9.33
7.0
4.67
3.67
6.0
7.67
12.0
6.67
8.67
6.33
7.33
10.33
15.33
14.33
6.33
13.0
2.67
5.33
7.0
7.33
17.67
9.0
6.67
6.67
5.67
5.67
14.33
5.67
8.33
7.0
6.0
8.0
1.67
11.67
11.67
11.33
9.67
12.67
6.0
10.33
12.0
6.33
10.67
2.0
10.33
7.67
0.67
3.33
15.0
8.67
6.0
10.33
12.33
2.67
6.33
6.67
15.33
10.67
8.67
10.33
14.33
2.67
6.0
5.33
10.33
14.33
10.0
12.33
4.0
12.33
16.67
7.33
10.67
3.67
6.0
6.0
15.67
10.67
11.33
7.0
-2.0
12.67
4.0
10.67
5.33
8.0
4.33
4.0
4.67
6.67
1.33
17.33
10.0
16.0
8.67
5.67
14.67
-1.67
11.67
-1.33
2.0
1.0
22.0
16.0
9.33
17.33
4.67
11.0
6.67
12.67
2.0
10.0
5.33
9.33
6.0
8.0
8.0
7.0
2.67
-3.33
3.67
14.33
11.0
-2.33
17.33
9.67
4.67
2.67
17.0
-9.0
4.67
22.67
13.33
8.67
4.67
14.67
14.33
15.67
2.0
-0.33
9.67
6.33
20.33
4.67
12.0
7.33
1.33
6.33
14.33
4.33
8.67
10.67
7.0
0.33
6.67
12.0
6.67
8.33
1.0
4.67
13.67
5.33
4.0
15.67
2.0
10.67
13.0
8.0
11.67
15.33
14.0
5.0
11.0
7.33
7.67
2.67
10.33
7.0
20.67
5.67
5.33
10.67
12.67
14.0
11.33
5.0
10.0
10.33
2.33
2.33
10.67
13.67
12.0
7.0
17.67
3.33
4.33
-2.33
13.33
4.67
15.67
4.0
5.67
4.67
23.33
12.67
18.67
6.0
11.33
2.33
1.67
11.0
8.0
20.67
7.33
12.0
19.67
9.33
12.67
5.0
4.33
25.67
17.67
21.0
12.0
2.0
12.33
22.33
22.0
22.33
20.67
9.67
10.0
15.67
17.67
17.67
27.33
31.67
33.67
22.0
45.67
43.67
49.67
49.33
34.67
53.67
62.0
66.33
77.0
97.0
101.33
95.0
118.33
129.33
132.33
138.67
167.0
159.33
184.0
187.0
166.33
158.33
173.33
165.0
182.0
162.67
140.33
155.0
143.67
125.33
159.67
143.67
103.67
123.33
81.33
83.33
65.33
60.67
39.67
50.67
38.33
35.0
32.67
19.67
26.0
24.0
28.33
23.0
20.0
13.67
17.67
16.67
11.33
6.67
9.67
19.67
8.33
9.67
20.67
14.67
12.0
10.33
19.67
22.0
6.33
-0.33
7.33
6.33
16.33
18.67
15.33
18.67
15.67
1.33
2.0
4.33
11.67
8.67
4.33
19.67
14.0
15.0
5.0
21.33
29.0
20.0
5.0
12.67
7.67
13.0
7.67
6.33
10.0
8.67
2.0
7.67
3.67
11.67
15.0
10.67
8.67
17.0
11.33
10.67
23.67
11.0
8.33
-1.67
5.0
-1.0
14.33
11.0
-2.33
9.33
17.0
12.67
10.33
7.33
6.0
7.0
12.0
8.0
21.0
25.0
5.0
20.0
0.0
9.0
5.67
20.33
1.67
20.67
6.33
12.0
8.0
7.0
2.67
9.0
22.0
4.67
6.33
1.0
-2.67
19.67
21.0
-1.67
-2.33
5.67
14.0
8.67
20.67
8.0
16.67
7.33
4.67
10.0
3.33
-3.0
18.0
3.33
6.0
16.67
18.33
14.0
9.33
15.67
5.0
4.0
6.67
10.67
5.33
4.33
3.0
8.67
0.67
0.67
14.0
15.0
8.67
0.0
14.33
5.0
15.33
7.0
4.0
1.0
-6.67
1.67
1.33
-4.0
9.67
13.67
-8.33
-1.0
6.67
0.67
6.0
14.0
6.0
-1.33
6.0
20.67
-1.67
5.67
10.0
10.67
16.67
14.0
7.0
11.33
9.67
0.67
4.0
15.67
2.0
9.33
10.33
6.0
1.67
5.33
10.67
19.0
13.33
15.0
7.0
13.67
38.0
12.0
2.33
1.67
20.33
7.33
4.67
12.67
6.0
15.33
22.0
15.33
26.33
13.67
1.0
1.33
8.0
3.67
3.33
11.0
5.33
6.67
-8.0
7.33
6.33
10.33
17.33
-8.0
15.0
-3.0
4.0
4.33
8.33
2.33
0.67
3.33
8.33
9.0
9.33
10.33
3.33
3.0
10.67
32.67
9.33
-5.67
9.0
2.67
2.33
5.33
23.33
5.33
9.67
11.67
8.33
10.67
-4.0
19.33
10.0
8.0
10.33
0.67
2.0
6.33
4.67
10.0
5.33
23.0
-9.33
4.0
8.33
16.33
4.33
21.0
-2.67
17.33
15.67
17.33
7.67
19.33
-2.33
1.0
7.67
19.67
11.0
9.67
18.33
2.67
19.33
6.67
0.67
13.33
-2.0
19.33
-2.33
13.67
10.0
0.0
13.67
-4.33
12.0
7.33
7.33
-5.33
4.67
-1.33
16.33
5.67
10.0
7.33
8.33
16.33
21.0
11.67
12.67
-3.67
7.0
-2.0
-6.67
-10.67
7.0
3.67
5.67
6.33
4.0
4.33
-0.67
6.33
5.33
-5.67
-0.33
1.0
0.0
-0.33
13.67
10.0
1.33
4.33
1.33
-5.0
-3.0
-8.33
3.67
8.33
5.67
2.67
8.67
1.33
-1.0
9.0
5.67
7.0
8.0
7.33
13.33
2.67
14.0
10.67
-5.67
8.33
9.33
-2.0
8.67
-1.67
0.33
-5.33
5.0
6.67
3.33
-1.33
-4.0
0.0
2.0
1.67
7.67
7.0
-5.33
1.33
0.67
-6.33
2.33
0.0
7.0
-3.0
6.0
7.33
-2.67
3.67
10.67
5.0
6.33
3.67
1.0
2.33
-1.67
8.33
8.67
5.67
2.0
5.67
11.67
4.67
7.0
4.33
1.33
5.0
7.33
1.33
9.33
7.0
1.33
3.0
-4.33
4.33
10.33
12.0
15.67
12.33
11.67
-0.33
7.33
9.33
6.67
15.33
11.67
13.67
10.0
14.33
6.0
6.33
4.0
12.0
2.67
9.0
13.0
6.0
9.0
16.67
7.67
-5.33
-8.0
0.67
2.33
11.0
9.33
8.0
2.67
7.33
3.67
-12.33
4.0
-3.67
9.67
3.67
-5.0
0.33
-6.33
4.0
3.0
7.67
10.67
7.67
4.33
11.33
-4.67
2.67
3.33
4.67
-1.67
1.67
-0.33
-1.0
0.67
-1.67
7.0
4.0
4.0
-9.33
-2.33
-2.33
-2.67
-9.67
10.33
-1.0
5.67
0.0
5.67
1.0
0.67
0.0
-2.0
-0.33
0.67
11.67
6.33
4.33
7.0
6.0
-6.33
9.33
3.67
7.67
-2.33
-1.67
-2.0
5.0
6.0
8.67
5.67
3.67
1.67
-6.33
4.67
-2.67
5.33
9.0
-2.33
1.67
5.33
6.33
8.0
7.33
3.0
16.0
0.67
-5.67
-2.0
-3.67
3.33
-2.0
-3.33
-2.0
9.67
1.67
7.67
-2.33
5.67
4.67
-4.0
5.67
6.67
6.0
0.0
7.0
-6.33
6.33
5.33
0.0
-0.67
2.67
-2.67
-4.0
1.33
1.0
6.33
4.33
-0.33
-1.0
-1.67
4.0
6.33
4.0
2.33
2.33
13.33
0.33
-1.0
-2.0
9.33
0.67
4.67
7.0
6.67
3.33
8.67
1.0
-1.33
7.67
-4.33
6.67
1.0
-4.67
-3.0
3.67
6.33
8.0
5.33
0.67
-0.33
0.67
6.33
-4.0
6.67
5.33
3.67
0.33
-2.67
-1.33
1.33
4.33
1.33
4.67
10.0
2.0
1.67
-3.0
-2.33
3.67
3.33
4.67
2.67
1.0
-5.33
-3.0
-5.33
0.33
-1.67
7.67
-0.33
4.67
7.0
4.33
4.67
-4.67
6.33
-1.0
-1.33
-5.67
10.0
4.33
-0.33
5.0
5.67
7.33
-1.67
3.33
-1.0
6.33
2.67
-1.67
2.67
3.67
0.67
0.33
3.0
-0.67
-6.0
-3.0
-3.33
-6.67
3.33
8.33
5.67
3.33
-2.33
5.33
1.0
-1.0
3.67
4.67
-2.67
2.33
9.0
-1.33
1.33
1.0
8.67
-3.67
1.67
-4.33
0.33
0.0
1.33
3.0
-0.67
-8.0
1.33
5.33
-5.0
0.33
5.67
1.67
-1.0
15.33
0.0
-2.33
-0.67
-3.0
-0.67
-3.33
6.67
-0.67
-0.67
-1.33
-3.33
0.33
-4.33
1.0
-1.67
-2.0
2.33
3.33
-4.33
-1.0
0.0
-1.0
-3.33
1.67
0.33
6.0
-6.67
0.33
0.33
-3.33
-1.67
-2.0
1.67
-0.67
1.0
3.67
-6.33
6.0
3.67
0.33
4.33
3.0
1.33
4.33
