0.0
22.33
-56.33
-2.0
7.33
23.33
34.33
45.33
-31.0
-70.0
31.67
-84.0
-2.33
-14.67
-59.0
-55.0
-19.33
-82.67
-67.0
9.67
-1.0
-27.0
-1.0
0.33
-7.0
0.33
4.33
-9.33
-10.33
-10.67
-1.0
-3.67
-2.0
-2.67
2.0
-3.67
2.67
0.0
3.0
0.67
0.67
-1.0
0.67
0.0
2.0
-1.33
0.0
1.0
-0.33
-0.67
0.33
-0.33
-0.33
-0.67
0.67
-0.33
-0.33
0.0
0.0
0.0
-0.33
-0.33
-0.67
-0.33
-0.33
1.0
0.0
-0.33
-0.67
1.0
-0.33
-0.33
-0.33
-0.67
-0.67
0.0
-0.67
0.0
-0.33
1.67
-0.67
0.33
-0.33
-1.0
-0.33
0.67
1.0
1.0
-0.67
-0.67
-0.33
-0.67
0.0
1.0
-0.33
0.67
-0.67
0.0
0.0
1.0
0.0
-0.67
-1.0
2.0
0.67
1.0
0.0
-1.0
0.0
0.0
1.0
5.67
-0.67
2.67
0.0
-2.67
-2.33
-1.33
-2.67
-1.67
-0.67
1.67
-2.67
0.33
3.33
1.67
-3.33
0.33
7.0
4.33
-1.0
-1.33
3.33
6.33
2.33
0.67
-1.67
1.67
-3.33
-5.67
0.0
1.67
-0.67
-2.0
1.0
0.0
4.33
5.33
8.33
0.0
1.33
1.67
-3.0
-4.0
9.67
-2.33
1.0
-1.33
-2.0
-1.0
2.0
3.67
-1.0
2.67
1.0
-1.67
-3.67
-8.33
2.67
0.67
-3.67
1.0
2.67
-1.0
10.67
2.67
4.67
6.67
6.0
3.33
2.33
6.33
1.33
6.33
2.33
-1.67
3.33
4.33
4.33
2.33
3.33
6.0
1.33
1.33
-5.67
2.67
1.33
7.33
3.33
5.0
4.0
1.0
7.33
6.33
-5.0
-2.67
-1.67
3.33
10.67
-4.0
5.0
-6.0
0.33
-1.0
1.0
0.0
-2.33
2.33
6.67
2.33
2.33
0.67
-0.67
5.0
2.0
1.33
-1.0
-3.33
1.0
-1.33
-1.67
0.67
-0.67
1.33
7.0
3.33
1.67
1.67
4.0
-4.33
3.67
4.0
0.67
1.0
1.0
-1.0
-1.0
9.33
-2.0
-3.67
2.0
1.67
11.33
2.0
-6.0
-2.0
5.0
-5.0
4.67
5.0
11.67
1.67
2.0
11.67
8.67
3.0
14.67
11.67
2.0
10.0
5.67
-3.67
-6.67
5.33
3.33
-6.0
3.67
-0.67
-1.33
-5.0
8.67
-1.0
0.33
-2.33
3.33
-4.67
2.33
1.0
4.33
1.0
5.67
7.33
-5.33
2.0
1.33
0.33
1.0
-1.33
2.67
5.67
5.33
0.67
-0.67
6.67
-3.0
1.0
7.0
6.33
9.0
2.33
2.0
1.67
0.33
0.67
2.33
-4.33
5.0
6.0
1.67
2.0
1.0
2.0
7.33
3.67
-4.67
0.67
-3.67
5.33
5.33
-3.0
7.67
1.67
1.67
-7.0
8.33
0.67
5.67
9.67
4.0
-1.33
-1.67
-2.67
5.67
-1.33
-10.33
-2.0
-3.33
2.33
2.0
3.33
-1.0
5.0
-0.33
4.33
10.67
3.33
1.0
6.67
4.0
-1.33
6.33
5.0
-1.33
4.67
0.67
-0.33
-2.33
3.67
7.67
5.33
-3.67
-2.67
0.67
4.0
-3.67
2.0
6.0
2.0
-2.67
5.33
-0.67
3.33
3.67
2.33
-2.0
6.67
1.33
-2.0
8.33
-1.33
6.0
-1.33
2.0
3.0
-3.0
2.33
-3.33
8.0
7.33
-3.0
4.67
-4.33
-3.33
3.33
2.0
-0.33
-4.67
0.67
-1.33
1.33
0.0
5.33
-2.67
-4.33
5.33
6.67
0.33
0.0
-3.33
-0.67
1.33
1.0
0.67
2.0
-1.0
2.67
5.33
-2.67
0.33
6.0
-2.33
-3.0
-0.67
6.67
-5.33
1.67
5.0
2.67
3.0
-0.67
0.33
5.0
2.67
0.67
0.33
-4.67
2.33
-3.33
-4.0
2.67
-2.0
5.33
1.0
-4.67
2.67
-4.0
-1.33
-5.67
8.33
-1.0
0.33
-0.67
-0.33
3.33
6.0
2.67
-5.0
4.67
-2.0
-1.33
0.33
1.33
-2.67
3.67
0.0
9.0
4.33
4.0
0.33
0.67
0.0
5.0
5.67
3.67
0.33
-0.67
2.0
2.67
-2.0
0.0
-0.67
4.67
2.33
2.33
4.0
2.0
3.67
0.33
0.0
-1.0
-0.33
1.0
2.67
1.67
7.0
-1.0
0.67
1.33
2.33
4.0
1.67
1.0
0.33
1.67
2.67
2.33
3.33
-3.33
3.0
-3.33
0.0
8.0
2.33
3.0
1.33
-1.67
2.33
2.67
1.67
6.33
6.0
0.67
-0.33
4.0
1.0
2.33
1.33
-0.33
-5.0
-1.67
2.0
-6.0
-1.67
4.67
0.67
0.0
-1.0
-0.33
2.67
-2.0
-1.67
-4.0
-2.0
-0.33
0.0
2.33
-1.33
-2.33
-2.67
4.0
-3.67
7.33
0.67
1.33
2.0
1.67
-4.67
0.67
2.67
-0.67
-2.33
1.33
3.33
2.67
-1.33
-3.0
1.33
4.33
-1.33
0.67
-1.0
-1.0
0.67
3.0
3.0
0.0
2.67
-2.0
5.67
-1.67
3.0
-0.33
3.33
2.67
1.33
-1.67
2.67
2.67
-4.0
3.67
5.33
1.0
2.33
4.0
-2.33
0.67
-0.67
5.33
-0.33
-2.0
8.67
6.33
0.0
-3.33
3.0
-2.0
8.67
2.67
5.33
-2.67
0.67
2.33
-2.33
-0.67
-1.67
-0.33
-3.33
0.67
0.33
5.33
2.67
-0.67
2.0
-0.67
3.67
4.0
1.0
0.0
2.33
4.33
-2.67
1.0
3.0
-0.33
0.67
1.0
-3.0
-2.67
-3.33
3.67
3.33
0.33
1.67
1.67
3.33
-2.33
0.0
-0.33
4.33
0.0
0.0
-1.67
3.33
-4.67
-0.33
5.0
0.33
0.0
0.67
-1.67
2.67
-0.67
5.0
2.67
0.67
7.0
1.67
-2.33
-1.67
-4.0
2.0
-4.0
-0.67
-0.33
0.67
-2.0
4.33
2.67
4.33
-0.33
1.67
2.67
2.67
0.67
-2.0
4.33
0.67
1.67
7.33
0.33
3.67
0.67
0.33
1.67
6.0
1.33
-0.67
-1.0
0.0
6.33
4.67
1.0
-1.33
-0.67
2.67
3.0
-0.67
-0.67
8.67
-1.0
4.0
-1.0
-1.67
-2.67
3.33
-0.33
1.33
-4.0
0.67
2.0
5.0
-0.67
3.67
2.33
2.67
2.0
1.33
7.33
-2.33
2.0
2.67
-2.0
-3.33
-1.0
4.0
-0.33
-3.0
-4.33
3.33
-1.33
-3.0
1.33
5.0
8.33
5.33
3.0
9.67
6.33
-0.67
-2.67
1.67
13.0
0.33
4.67
3.0
2.0
-0.33
4.0
-2.67
-0.67
1.0
8.33
3.67
2.67
4.67
-4.33
5.33
-1.0
0.67
2.33
-2.67
2.0
-1.33
-0.33
1.33
0.33
4.0
-0.33
10.0
2.0
7.67
3.0
5.67
4.0
7.0
3.33
1.67
1.0
5.0
2.0
10.67
4.0
-1.33
-2.0
1.0
6.0
3.67
-3.0
4.0
7.33
1.33
4.67
-0.33
2.67
1.33
7.33
1.33
8.33
1.67
0.33
4.67
3.33
3.0
11.33
-0.67
3.67
10.0
-2.0
4.67
6.0
5.0
-2.0
7.33
0.0
2.0
-1.0
10.0
3.0
0.0
8.0
7.67
2.33
-2.0
2.67
6.33
8.0
6.0
7.33
2.67
4.67
4.67
2.67
9.67
-2.67
-0.67
4.67
-1.67
-1.67
1.67
-1.67
7.0
1.33
7.33
0.67
-1.0
3.33
0.0
4.0
0.67
0.67
-4.33
3.0
-1.33
5.33
-1.67
7.0
-0.67
4.67
2.33
3.67
7.67
6.0
2.0
0.0
4.67
-0.33
9.67
9.0
-1.67
2.67
6.0
1.67
-4.0
10.67
-0.33
-3.67
6.67
0.33
2.67
8.67
3.67
6.0
6.33
3.0
4.67
4.33
10.67
9.33
9.67
3.33
-1.0
12.33
16.67
2.67
9.67
13.0
2.67
1.33
11.67
-1.0
-2.0
-0.67
2.67
0.33
12.0
4.33
4.67
4.67
2.0
-2.67
1.0
3.67
11.33
-3.33
5.0
4.0
16.33
8.33
9.67
0.67
-1.67
2.0
10.33
6.33
-2.0
1.33
8.0
1.33
8.0
13.33
3.0
6.33
6.0
5.0
4.33
-1.67
5.67
0.67
0.0
7.0
6.33
3.33
7.0
3.67
1.67
5.67
9.0
7.67
0.67
0.33
13.0
8.33
0.33
7.33
9.67
5.33
5.0
6.0
4.67
4.67
8.67
3.67
14.33
11.0
3.33
7.0
7.33
4.67
12.67
7.33
3.67
10.67
-4.67
11.67
10.67
0.0
7.33
13.67
9.33
6.67
16.67
15.33
2.67
8.67
6.67
7.0
4.0
7.67
7.67
15.0
-1.33
5.67
5.0
19.0
7.0
6.33
13.0
3.33
8.0
20.0
13.67
8.67
17.67
23.67
21.67
27.33
31.33
31.67
34.33
26.33
38.33
30.67
49.0
36.67
35.67
51.0
30.33
27.0
39.0
34.33
36.67
28.67
29.67
31.67
25.0
33.33
28.33
26.0
12.67
9.0
12.0
9.33
16.33
9.33
14.33
19.0
24.67
10.67
20.0
4.67
3.0
16.67
9.67
3.33
9.33
8.33
11.33
11.33
5.33
13.0
16.67
4.33
8.0
7.33
7.67
7.0
0.67
5.67
16.67
16.67
13.33
10.67
8.33
12.0
-1.0
7.0
4.67
7.67
16.67
13.33
7.67
10.67
10.0
10.33
3.0
15.33
9.67
5.0
17.33
6.67
9.67
4.33
6.0
8.67
7.0
2.33
14.33
15.67
5.33
11.67
12.33
-0.33
18.67
13.33
16.33
12.67
4.0
11.33
7.33
7.33
3.0
4.33
8.0
19.33
7.67
7.33
10.67
3.67
-2.0
12.0
4.67
8.67
12.33
5.0
14.0
13.67
4.0
8.67
7.33
1.0
0.33
-1.0
6.67
5.67
7.33
7.33
2.0
10.0
12.67
4.67
12.67
17.33
5.67
13.67
11.0
11.0
17.0
11.0
10.33
4.33
2.67
22.0
11.67
11.67
14.0
14.0
9.33
13.33
16.0
6.0
12.0
4.0
13.67
9.67
17.67
8.33
12.0
9.67
21.33
0.67
-2.33
-0.33
0.0
12.0
4.67
17.67
-2.67
17.67
6.67
7.67
2.33
7.67
4.0
3.67
-1.33
8.33
14.33
10.67
13.0
12.33
17.33
15.33
16.33
5.33
12.67
3.67
18.0
9.33
9.67
7.0
18.67
10.33
6.0
13.67
6.67
13.33
15.0
11.67
7.0
7.67
12.0
3.0
5.67
4.33
9.0
13.0
25.0
9.33
11.67
-1.33
18.33
14.0
7.67
18.67
7.33
20.67
14.67
12.0
6.33
11.0
6.0
10.33
18.33
2.33
4.67
16.67
10.0
1.0
14.67
4.33
6.33
5.67
14.33
8.67
4.67
7.0
13.67
16.67
24.33
5.67
13.67
20.0
19.33
6.33
5.67
7.0
8.0
11.67
16.33
5.0
11.67
11.33
3.67
17.0
6.33
12.67
13.67
9.0
14.0
-1.0
13.33
17.33
9.0
20.33
17.67
21.67
20.0
25.67
15.67
27.67
34.33
33.67
28.67
40.0
38.67
45.67
59.67
57.33
84.67
83.67
65.0
132.33
107.0
142.0
147.33
163.0
182.33
192.33
214.33
195.67
224.0
214.33
239.0
234.0
226.33
266.33
270.33
264.0
285.0
244.67
234.33
220.0
236.67
194.33
193.67
211.67
157.67
162.33
129.33
128.33
90.33
99.67
64.67
51.67
46.33
45.0
39.67
33.67
31.0
31.0
17.33
26.0
15.0
8.67
8.67
0.67
22.33
11.67
11.67
8.67
19.33
10.67
17.67
20.67
3.0
3.33
12.67
12.0
25.33
-1.33
6.33
7.33
13.33
11.67
12.33
6.67
16.67
11.33
14.0
-3.67
6.67
6.67
7.33
0.67
10.0
19.0
12.0
17.33
19.0
-8.0
-1.0
8.67
10.67
11.0
13.67
19.33
7.0
2.67
21.0
2.67
1.67
13.67
4.0
9.67
8.67
7.0
14.33
2.67
7.67
5.0
13.33
14.33
6.0
12.0
8.33
8.0
5.67
12.33
14.0
14.67
21.33
9.33
15.0
14.0
8.0
6.0
9.0
14.0
9.0
21.0
0.0
18.0
12.67
16.33
10.67
5.67
7.33
3.0
25.0
5.0
-0.33
19.0
18.0
8.67
10.33
0.0
6.33
3.67
10.0
1.33
1.67
6.67
14.0
-2.33
2.67
18.0
8.67
5.33
3.67
19.0
0.33
-4.0
16.0
0.33
7.0
13.67
2.33
-5.0
12.33
18.67
9.0
-12.0
2.67
17.67
-3.67
9.33
13.0
1.67
7.67
-14.33
12.0
4.0
-0.33
10.0
2.33
2.0
15.33
7.0
2.0
11.0
-8.67
6.67
-4.67
-7.0
-2.33
24.67
-0.33
-1.0
0.67
7.67
2.0
18.0
18.0
3.67
2.0
-6.33
1.33
7.67
8.0
-1.33
2.67
11.0
9.0
9.33
6.67
20.67
9.0
9.67
3.0
13.33
2.33
6.0
4.67
20.33
7.67
5.0
6.33
-4.0
12.0
2.67
9.0
8.0
14.33
-0.33
-2.67
3.33
15.67
10.67
-2.0
7.33
18.0
2.33
8.33
9.67
16.0
3.33
3.0
12.67
-4.67
6.0
2.33
-10.33
5.0
-0.67
19.33
-0.67
20.33
1.0
9.0
1.0
12.0
7.33
4.33
-0.67
-6.33
-3.67
11.33
15.0
12.33
1.33
13.33
13.0
6.67
12.67
6.33
-9.67
2.0
-1.33
17.33
0.33
6.33
-4.67
6.67
17.67
7.33
10.67
10.0
0.33
14.0
17.0
11.33
13.67
6.0
1.33
14.67
6.0
21.33
-1.0
-0.33
4.0
10.33
5.33
21.33
16.0
-11.67
13.33
6.67
15.33
-1.33
17.33
2.67
17.0
14.67
25.67
15.0
7.67
17.33
-2.33
13.33
15.67
17.67
15.33
-1.0
24.33
10.67
2.67
7.0
6.0
0.67
10.67
16.0
-3.67
-2.67
2.67
2.67
-7.33
7.33
9.67
18.0
2.33
18.33
4.33
1.0
6.67
13.67
-12.67
-4.0
14.0
0.33
2.33
10.0
-5.33
15.67
2.33
2.0
12.33
4.33
20.33
-1.67
-1.67
0.67
17.0
-11.0
5.67
0.67
6.0
5.33
0.33
2.33
-3.0
0.0
-8.33
-8.33
2.33
-4.33
-6.33
8.67
0.33
-8.0
7.0
9.67
0.0
2.0
2.33
12.33
-8.33
11.0
-9.33
-3.67
-2.67
12.33
5.0
2.67
1.33
5.33
-10.33
-7.0
0.67
11.33
1.67
-9.0
13.0
-7.0
-2.33
15.67
7.0
-1.33
2.33
3.67
-0.33
3.33
11.0
14.0
0.0
-4.0
3.33
11.33
-0.33
5.67
17.0
4.33
5.67
-5.0
1.33
14.33
7.33
6.67
11.67
13.0
-2.33
6.67
-4.33
5.0
-10.67
1.33
4.0
-5.67
-0.67
0.33
5.0
6.33
5.0
6.67
-3.67
8.33
-3.0
6.67
18.33
16.67
16.67
21.33
12.33
16.67
4.33
0.67
7.67
10.0
11.33
12.0
2.33
11.0
5.0
-0.33
5.0
10.0
14.0
7.0
7.67
8.67
-0.33
4.0
9.67
7.33
11.0
6.33
2.0
2.67
-1.67
5.67
1.67
-2.0
-3.67
3.67
-2.33
1.0
5.33
-7.33
-2.0
-3.0
3.67
2.67
6.67
-9.67
-0.67
1.33
1.67
-3.67
6.67
2.33
-4.33
2.67
4.0
2.67
5.33
-4.0
-4.0
4.0
2.67
5.67
-2.33
0.33
0.33
6.33
0.0
2.67
4.0
8.67
8.0
7.67
-5.0
-2.0
0.67
-3.33
6.67
2.33
9.33
1.0
8.0
1.67
-0.67
-8.33
8.67
9.67
3.33
-3.0
0.0
6.0
1.67
-5.33
-2.33
7.67
-0.33
-1.33
7.33
7.33
8.0
7.67
-2.33
1.33
0.33
8.0
-0.67
-1.0
5.0
-4.33
-4.67
-1.0
4.33
6.33
12.0
-4.33
4.0
4.67
2.67
1.67
-0.33
-4.33
2.67
-8.0
-5.33
-3.33
1.0
-3.0
5.0
8.67
3.33
-5.67
0.0
-2.67
9.67
6.33
2.0
2.33
-2.0
-4.67
0.33
-0.33
6.0
-5.67
8.0
11.33
-3.0
3.33
6.33
3.33
3.33
4.0
-2.0
2.33
-2.33
2.67
6.0
3.67
0.33
-2.33
2.0
-0.33
6.67
-3.33
2.67
3.0
1.33
5.0
7.67
-2.67
2.0
5.33
-0.33
3.67
4.67
16.33
10.0
1.67
3.33
9.67
2.33
10.33
4.67
3.33
6.33
14.33
15.67
3.0
8.0
-4.33
2.0
-2.33
13.67
0.33
6.67
4.67
3.0
-1.33
9.0
-3.33
-2.67
-1.67
-0.33
7.67
3.67
-1.0
7.33
6.67
-2.67
4.33
-1.0
2.67
1.33
2.0
4.33
0.67
-2.0
-1.33
0.33
0.33
5.33
-5.0
2.33
-7.33
-3.67
8.67
3.67
-3.33
8.33
10.0
3.33
-3.0
-2.0
0.67
-7.67
0.33
2.33
0.67
1.33
0.67
2.33
8.0
0.0
-0.33
5.67
3.33
6.33
1.0
2.67
-7.67
1.0
0.67
1.33
0.67
2.67
4.33
0.0
-0.67
6.0
5.33
-1.0
4.33
-0.67
-3.0
-2.67
-0.33
3.67
-6.0
2.33
-1.0
-2.33
5.33
4.0
-1.67
-0.33
-1.33
-4.67
2.33
-4.33
-1.33
4.33
0.67
0.0
2.33
-1.0
1.33
-4.67
4.67
4.0
5.0
-2.0
-1.33
0.67
-0.67
3.0
0.33
-1.67
5.33
-0.33
-0.67
5.0
-1.33
0.33
5.0
0.67
1.67
4.0
1.67
-0.67
-5.67
1.0
2.33
-2.67
