0.0
-0.67
-77.33
6.0
-53.67
-96.67
-84.67
-38.67
-86.0
-137.0
-115.33
-180.0
-7.33
-81.67
-90.0
-119.0
-15.33
-48.67
-45.0
-24.33
-18.0
-34.0
-8.0
-3.67
-6.0
-7.67
-12.67
-3.33
-3.33
-3.67
8.0
-2.67
4.0
-5.67
-4.0
-2.67
1.67
1.0
0.0
-0.33
-1.33
0.0
-0.33
1.0
0.0
-1.33
1.0
0.0
-0.33
-0.67
0.33
-0.33
0.67
-0.67
-0.33
-0.33
-0.33
0.0
1.0
0.0
1.67
1.67
-0.67
0.67
-0.33
0.0
0.0
0.67
-0.67
0.0
-0.33
-0.33
-0.33
-0.67
-0.67
0.0
0.33
1.0
-0.33
-0.33
0.33
-0.67
-0.33
-1.0
-0.33
1.67
-1.0
-1.0
-0.67
-0.67
1.67
-0.67
1.0
-1.0
1.67
-0.33
0.33
3.0
0.0
0.0
-1.0
-0.67
1.0
-1.0
-0.33
0.0
-1.0
-1.0
1.0
0.0
-1.0
0.67
0.33
0.67
2.0
-1.67
-2.33
-0.33
-1.67
-0.67
-1.67
-1.33
4.33
-3.67
4.33
2.67
0.67
1.33
1.0
4.33
1.0
-0.33
3.33
2.33
0.33
1.67
1.33
-1.33
-1.33
-2.67
-1.0
4.67
-3.67
4.0
-3.0
1.0
-0.67
-0.67
2.33
3.0
3.33
-3.33
2.0
-7.0
-3.33
-1.33
4.0
-0.33
6.0
-3.0
-5.0
-0.33
-3.0
-0.33
0.0
4.33
-4.67
-3.33
-2.33
3.67
2.33
-3.0
-0.33
0.0
-5.33
3.67
-3.33
2.67
3.0
5.33
1.33
-3.67
1.33
-1.67
5.33
-2.67
-3.67
6.33
6.33
2.33
4.33
-2.0
-1.67
1.33
3.33
-2.33
5.33
5.33
1.33
-4.0
9.0
8.0
5.33
1.33
2.0
-3.67
-5.67
1.33
5.67
-4.0
-3.0
-6.0
-0.67
3.0
-2.0
-1.0
1.67
4.33
-0.33
4.33
-3.67
3.67
2.33
4.0
-4.0
-1.67
0.0
-3.33
-2.0
1.67
-0.67
2.67
3.33
4.33
2.0
12.33
-0.33
2.67
0.0
-3.33
-3.33
-7.0
6.67
3.0
-6.0
3.0
1.0
4.33
4.0
4.33
3.0
-1.33
12.33
0.0
-1.0
-4.0
0.0
-7.0
4.67
2.0
-3.33
1.67
2.0
-2.33
-6.33
-1.0
7.67
4.67
8.0
5.0
7.67
0.33
-4.67
-2.67
0.33
0.0
5.67
2.33
1.67
-3.0
-2.33
-3.0
0.33
-1.33
1.33
-4.67
-0.67
1.0
10.33
1.0
0.67
0.33
-5.33
0.0
6.33
-1.67
7.0
0.67
0.67
7.67
1.33
1.67
5.33
7.67
-2.0
1.0
-2.0
-0.67
6.0
3.33
0.0
-0.33
1.33
-2.33
5.33
-0.33
8.0
2.0
3.67
-5.0
0.0
4.0
1.33
0.67
-1.67
4.67
-2.67
2.33
2.33
-4.0
-0.33
7.67
6.67
-10.0
4.33
-5.33
4.67
8.67
2.0
0.67
5.33
0.33
6.67
-0.33
2.67
-4.0
3.67
3.33
-1.0
1.33
0.0
4.0
-4.33
6.33
5.67
-1.67
-4.0
4.67
1.0
-0.33
3.33
-4.0
-2.33
3.67
3.67
3.67
-1.33
3.67
1.67
-2.67
9.33
-1.67
-0.33
1.0
-3.67
2.0
1.0
-1.0
-0.67
-1.67
1.33
2.33
1.67
-0.67
-6.0
4.67
-2.67
-1.0
1.33
-4.33
-1.0
4.67
1.0
0.0
5.0
0.33
-0.33
0.0
-2.67
0.0
-3.33
6.67
-6.33
6.33
2.0
-1.33
3.33
-5.33
0.67
2.33
-2.0
0.33
-1.67
-4.33
2.33
5.67
-2.67
-3.0
-5.33
-0.67
1.33
1.0
-0.33
3.0
1.0
-0.33
-0.67
-3.67
4.33
-1.0
0.67
2.0
1.33
-0.33
1.67
3.67
-1.0
1.67
3.0
0.33
-0.67
2.0
1.67
1.67
2.33
-0.67
-1.67
-6.33
-5.0
10.67
-3.0
1.33
3.0
-5.67
-1.33
-3.0
2.67
0.33
2.33
2.0
-1.67
0.33
0.67
0.33
1.0
1.67
2.0
3.67
0.0
-0.33
0.33
-2.67
-3.67
-1.33
0.0
2.0
3.33
0.0
1.33
-4.33
-3.0
-1.0
2.67
-0.33
2.33
-1.67
5.0
-0.33
0.0
-3.0
4.33
-0.33
-5.67
-1.67
7.0
2.0
3.67
-1.67
7.0
2.0
-1.33
0.0
1.67
0.67
2.0
-2.0
1.67
3.33
-3.67
1.0
4.67
2.0
-3.67
2.67
5.67
4.33
0.33
4.67
3.0
3.67
-1.0
0.0
2.33
1.0
0.33
2.33
1.33
4.67
3.67
0.33
3.0
-0.33
-5.33
3.0
1.0
-2.67
1.33
-0.33
0.0
0.33
2.0
-2.0
-0.67
1.67
0.67
5.0
-2.0
4.67
2.67
0.0
-1.67
-1.0
-4.0
-4.33
-1.0
-1.67
-2.33
0.67
-0.67
6.0
2.33
5.33
3.67
-3.67
-2.0
3.67
-2.67
1.67
-1.33
0.33
2.67
-0.67
0.33
1.67
-0.33
0.0
0.33
3.33
-1.33
-1.33
-1.0
0.0
2.67
0.0
3.0
-1.0
0.67
0.0
0.67
4.33
2.0
-1.33
-5.67
0.67
-2.67
-0.67
2.67
-2.33
-3.0
3.67
2.33
-2.0
-0.67
1.0
5.67
-1.33
-0.67
4.33
-2.33
-3.0
1.67
1.33
-5.0
3.67
-3.0
2.0
0.67
3.67
2.33
-1.67
1.67
1.33
1.67
0.33
2.33
1.67
-0.33
-0.33
0.33
-0.67
0.67
0.33
0.0
4.33
2.67
0.0
-1.0
1.0
0.33
-1.67
2.33
2.0
2.0
0.67
-1.33
2.0
1.0
0.33
2.67
-2.33
1.33
3.33
0.67
1.67
-0.67
-0.33
-1.0
2.67
2.33
-1.0
1.0
1.33
3.33
-2.67
-1.33
0.0
-0.67
-2.0
-2.33
0.33
0.67
-4.67
0.0
-4.33
-6.33
2.0
-4.33
0.67
-0.67
5.0
0.0
1.0
-2.67
-4.33
-0.33
-5.0
-0.67
1.67
-0.67
-1.33
-0.33
-1.33
0.67
-1.33
-5.0
4.33
-3.33
0.67
0.33
-0.67
1.67
1.67
3.33
1.67
4.0
-2.67
-3.67
5.0
-1.0
2.33
-2.33
1.0
2.67
3.33
1.67
-5.0
4.33
4.33
-2.33
4.0
-1.0
-1.0
-0.67
-2.67
4.33
3.67
-0.67
-3.0
2.67
6.0
2.0
-0.67
4.67
-1.67
3.67
3.0
-0.67
3.33
-7.33
8.0
3.67
4.0
-0.33
-2.0
-1.0
-0.33
0.0
1.67
3.33
-2.33
-1.0
3.33
-3.0
4.33
5.33
2.0
7.67
0.33
5.33
-2.67
1.67
1.0
3.33
3.67
-7.0
1.0
4.67
4.0
4.33
4.33
-3.0
-0.67
0.67
5.67
0.67
2.67
0.33
4.0
2.67
0.33
-0.67
1.0
-4.33
5.67
-0.67
1.33
0.0
4.67
7.0
1.0
1.67
1.0
5.67
-2.0
-1.0
2.33
3.67
3.0
10.0
6.0
-1.33
0.0
-1.33
4.0
5.0
6.0
7.67
-3.0
4.0
5.33
4.33
8.67
1.67
4.67
6.33
2.33
-2.67
10.33
1.67
5.33
6.67
7.33
3.0
9.33
-0.67
3.67
13.0
2.0
9.67
7.0
-2.0
13.0
0.33
-7.0
-1.0
1.0
7.0
5.0
4.0
7.0
6.67
0.33
0.0
0.67
1.33
4.0
1.0
2.33
-0.33
-0.33
7.67
7.67
7.67
4.33
2.33
-1.33
2.33
3.33
2.67
-1.67
5.0
4.33
10.33
5.67
-4.0
6.33
-2.0
8.0
0.67
2.67
0.67
6.0
7.67
1.33
-0.67
10.0
-0.67
1.67
4.33
3.67
9.67
-2.0
8.0
2.0
4.67
-4.33
0.67
5.0
10.33
5.67
8.0
9.67
-4.0
-0.33
-0.33
-1.67
-1.33
3.33
3.67
-0.33
3.67
3.0
-0.67
3.0
3.67
3.33
5.67
8.33
4.67
6.33
12.0
-3.67
8.67
8.67
1.67
9.0
4.67
4.33
10.67
0.0
-2.0
2.33
4.67
10.33
6.0
11.33
-3.33
-1.33
8.0
6.33
13.0
4.67
9.33
-2.33
-5.0
2.0
10.33
2.33
0.67
0.67
3.33
4.0
1.33
5.33
1.0
1.33
10.0
1.33
4.0
15.33
5.0
12.33
2.0
6.0
9.33
1.33
3.67
10.67
-4.0
0.0
4.33
2.33
8.0
5.67
2.67
8.67
9.0
0.67
0.67
8.33
6.0
10.33
3.33
6.33
5.67
5.33
1.0
5.0
1.67
16.67
5.67
2.67
4.33
10.0
5.33
3.0
6.33
2.67
10.67
1.33
8.67
-1.33
3.33
3.67
4.67
4.0
-0.67
3.67
0.33
4.67
2.67
9.33
6.67
10.67
6.67
5.0
5.0
9.67
11.67
4.0
8.67
8.67
8.0
13.0
14.0
5.33
8.0
2.33
15.0
10.0
9.67
12.67
19.67
13.67
15.67
16.33
23.33
18.67
22.33
41.33
32.33
45.67
35.0
36.67
33.67
49.0
33.33
35.0
47.0
35.33
41.67
37.67
31.67
35.67
39.0
27.33
25.33
33.0
10.67
21.0
19.0
11.33
21.33
16.33
10.33
17.0
12.67
0.67
0.0
12.67
5.0
12.67
7.67
7.33
11.33
13.33
9.33
11.33
8.33
6.0
7.67
9.33
6.0
4.33
16.67
-1.0
9.67
7.67
9.67
14.67
11.33
9.67
7.33
0.0
0.0
2.0
7.67
2.67
6.67
10.33
2.67
12.67
3.0
15.33
14.0
5.33
12.67
-1.0
7.33
2.67
4.67
5.33
10.0
2.67
9.0
20.33
14.33
9.67
6.33
1.67
9.33
11.67
7.67
5.33
15.33
6.67
5.0
16.33
0.33
6.33
4.0
9.33
0.0
1.33
7.67
6.33
10.67
13.67
11.0
16.0
10.67
12.67
19.33
5.0
17.0
1.67
7.0
4.67
2.33
15.0
4.33
9.0
-2.33
0.67
3.33
14.33
0.0
6.0
6.67
-2.33
-0.33
8.33
-1.33
5.67
10.0
9.0
17.0
17.0
12.33
3.33
14.67
5.0
5.67
12.67
7.0
11.0
-2.67
14.33
7.0
11.0
0.0
-1.0
16.67
0.67
-3.33
-4.67
22.0
15.67
8.33
5.67
13.67
-2.33
4.0
-3.0
2.67
14.67
4.33
5.67
10.67
9.67
15.33
4.67
7.0
15.67
6.67
-2.67
8.33
0.67
13.0
6.33
10.33
-1.67
1.33
14.33
10.67
7.67
1.0
8.33
6.67
7.0
13.67
13.33
5.0
7.67
12.67
6.33
13.0
14.67
13.0
6.67
17.0
16.0
12.67
10.33
16.0
7.0
8.0
6.33
13.67
1.67
16.33
3.0
9.67
8.67
-0.67
0.67
5.67
20.0
8.33
8.0
10.0
10.33
9.33
2.33
0.67
10.67
20.0
14.0
12.67
21.33
6.33
5.67
10.33
11.67
-4.33
9.0
17.67
7.67
21.33
4.67
1.67
10.0
18.33
6.33
7.67
19.0
12.0
12.67
8.33
16.0
2.67
8.33
8.67
10.0
12.33
15.67
14.67
13.0
10.0
2.0
19.33
16.33
8.0
20.33
14.67
20.67
13.0
12.67
29.67
18.67
14.33
35.67
34.67
45.0
42.67
45.67
42.67
61.33
83.67
74.67
86.0
116.33
108.0
155.0
166.33
165.0
171.33
194.33
190.33
211.67
256.0
255.33
250.0
262.0
264.33
237.33
264.33
257.0
290.0
306.67
270.33
228.0
249.67
231.33
216.67
257.67
180.67
196.33
177.33
158.33
120.33
105.67
71.67
63.67
57.33
49.0
45.67
41.67
32.0
34.0
26.33
24.0
13.0
20.67
6.67
24.67
16.33
10.67
6.67
3.67
13.33
10.67
14.67
1.67
6.0
7.33
13.67
12.0
8.33
-1.33
7.33
7.33
13.33
15.67
20.33
10.67
8.67
-5.67
12.0
-5.67
14.67
-4.33
3.33
11.67
8.0
20.0
4.0
10.33
11.0
10.0
-4.0
9.67
10.67
12.0
4.67
13.33
17.0
6.67
12.0
10.67
3.67
15.67
6.0
14.67
3.67
12.0
-0.67
7.67
18.67
2.0
-1.67
12.33
12.0
21.0
1.33
4.0
12.67
12.33
19.0
9.67
13.33
3.33
12.0
15.0
8.0
12.0
4.0
16.0
8.0
17.0
-6.0
13.0
16.67
7.33
4.67
7.67
5.33
5.0
7.0
7.0
-0.33
14.0
17.0
5.67
4.33
14.0
0.33
7.67
11.0
0.33
17.67
-1.33
9.0
6.67
18.67
14.0
3.67
5.33
-0.33
9.0
-1.67
-1.0
23.0
-1.67
16.0
13.67
4.33
-5.0
16.33
10.67
17.0
8.0
0.67
1.67
0.33
14.33
7.0
4.67
8.67
-0.33
8.0
-8.0
2.67
-1.0
-1.67
12.0
12.33
13.0
5.0
4.0
-3.67
7.67
4.33
11.0
-1.33
8.67
-6.33
0.0
8.67
0.67
4.0
9.0
1.0
0.67
-7.0
-1.33
14.33
14.67
7.0
-4.33
3.67
3.0
8.0
12.33
8.67
8.67
8.0
4.67
6.0
5.33
5.33
4.0
6.67
19.33
3.67
17.0
13.33
6.0
16.0
7.67
2.0
-1.0
4.33
-5.33
10.33
7.33
12.67
4.67
-1.0
-12.67
-5.0
25.33
5.33
-11.33
-13.0
-6.67
9.0
2.67
-9.67
11.0
-3.67
-2.33
-4.0
8.33
-5.67
3.33
16.33
9.0
-13.0
-5.0
3.0
-1.67
4.33
13.33
4.67
7.33
2.33
10.0
3.33
8.33
4.33
0.0
8.67
2.67
16.33
-6.67
4.0
2.67
7.33
-0.67
15.33
-10.67
2.67
2.67
8.33
10.67
0.0
10.33
8.0
-2.0
12.33
-1.33
16.0
-10.67
4.67
9.0
12.33
4.0
-5.33
10.0
18.33
14.33
-2.67
16.0
8.33
10.33
20.67
17.33
14.67
10.33
0.67
10.0
13.67
0.67
8.0
7.67
16.33
7.67
33.33
11.67
8.67
9.33
-11.0
0.33
0.67
-1.33
10.0
8.0
12.67
1.67
7.0
-5.67
6.33
13.67
-2.33
6.67
3.33
9.67
1.0
3.33
2.33
2.33
1.0
19.67
13.67
-4.67
8.0
-4.0
10.33
-0.67
-1.0
-0.33
-2.33
-0.67
7.0
-10.67
-3.67
3.33
-0.67
3.33
4.67
9.0
-4.0
-2.33
6.67
9.0
9.33
5.33
11.33
-11.0
3.0
-6.33
-0.33
2.33
3.67
-7.33
6.67
-2.67
-3.0
2.0
5.67
0.0
-5.0
5.33
-8.67
-3.33
12.0
3.67
-5.67
-0.67
9.33
9.0
0.67
-6.67
11.33
-2.33
-8.0
5.67
-3.67
-0.33
-12.0
3.0
7.0
3.67
20.67
-4.0
4.67
2.33
-3.33
5.67
10.33
-7.0
-5.0
0.0
-1.0
4.33
-0.67
-5.33
8.67
13.0
8.33
-5.33
-3.0
4.33
6.33
7.33
-5.33
-0.33
2.0
9.67
2.67
5.67
5.0
-7.67
-1.67
17.0
10.33
0.33
2.33
5.0
-4.67
9.0
4.67
2.33
3.33
5.0
14.67
-9.67
2.67
5.67
14.33
1.33
13.67
12.33
0.67
2.67
15.0
14.33
10.0
10.33
7.0
23.0
3.67
4.0
9.0
9.0
20.0
15.67
14.67
-0.33
4.0
0.67
13.33
16.0
0.33
-5.0
8.67
9.33
9.67
10.67
0.0
1.33
-3.33
-2.33
13.0
-1.67
-8.33
-3.0
4.0
4.67
3.67
3.67
-7.67
5.33
-0.67
-4.33
-6.67
4.67
4.33
8.67
8.67
0.0
0.67
-1.67
-2.0
8.0
-2.0
-4.33
3.67
-4.33
2.33
-0.67
-0.67
1.0
-5.33
-4.0
9.67
9.0
3.67
-7.0
1.0
-0.33
-2.33
-1.33
-0.67
2.33
1.0
-1.0
-6.33
-0.67
2.67
2.67
1.67
3.33
-2.0
2.0
-3.0
9.67
4.67
3.67
7.67
-2.33
5.67
9.33
7.33
2.0
4.67
-11.33
2.33
7.33
9.0
0.33
-1.0
2.0
-3.33
2.33
2.0
-0.67
-0.67
-8.0
-0.33
3.0
1.67
-4.33
-5.33
-1.33
-0.33
6.67
-3.0
0.67
-0.33
-2.0
1.0
7.0
6.67
1.33
2.33
9.0
1.33
0.67
2.33
-3.0
-2.67
4.0
-5.67
-1.67
-0.33
2.0
5.33
-6.0
4.33
5.0
16.33
3.33
1.33
-3.67
4.0
-1.0
-0.67
6.67
5.67
7.0
7.67
-0.67
0.67
1.0
6.67
13.67
1.67
13.67
1.0
0.33
5.0
2.67
6.33
2.0
5.33
10.67
2.67
8.67
9.33
8.0
8.67
-0.67
0.67
1.33
-3.67
8.67
5.33
1.33
6.33
-3.33
4.0
12.0
1.67
-4.0
-3.33
-0.33
3.33
11.67
2.67
1.0
-3.33
-1.0
-5.33
-1.67
-3.67
-1.33
-0.33
3.67
1.0
1.33
8.67
-0.67
9.33
-7.0
-4.33
-3.67
4.0
2.33
1.67
10.0
-1.33
3.33
2.33
4.33
-2.0
1.33
-5.33
-0.67
1.67
2.67
11.67
-2.67
5.0
2.33
-4.0
-6.0
-1.33
-2.67
-6.67
0.33
4.67
4.33
0.67
2.33
-2.0
-3.0
-1.33
3.67
5.33
-0.67
5.0
-1.33
4.33
1.0
-1.33
-0.67
5.67
-0.33
2.33
-3.0
-1.67
0.0
-4.67
-1.0
1.33
6.33
-9.0
1.33
1.67
3.67
2.0
1.33
3.0
0.67
-3.67
2.0
2.33
4.67
0.67
-0.67
3.33
-2.33
-1.33
-0.67
3.67
5.0
-2.67
0.0
4.33
0.33
-2.33
-2.0
3.0
-3.0
-2.33
3.67
1.33
6.0
-3.67
1.33
1.33
0.67
1.33
2.0
-1.33
-3.67
0.0
-1.33
-0.33
6.0
2.67
3.33
0.33
0.0
7.33
2.33
