0.0
13.33
-8.33
70.0
23.33
-22.67
85.33
80.33
50.0
47.0
-41.33
-40.0
101.67
-0.67
-8.0
-35.0
38.67
-27.67
12.0
23.67
24.0
-25.0
5.0
3.33
-9.0
4.33
1.33
-2.33
-8.33
-0.67
7.0
-3.67
-4.0
-7.67
4.0
3.33
-1.33
0.0
1.0
-0.33
-1.33
-1.0
1.67
0.0
1.0
-0.33
0.0
0.0
-1.33
0.33
-0.67
-0.33
-0.33
0.33
0.67
-0.33
-0.33
0.0
0.0
1.0
-0.33
-0.33
-0.67
0.67
-0.33
1.0
1.0
0.67
0.33
0.0
-0.33
-0.33
-0.33
0.33
-0.67
-1.0
-0.67
1.0
0.67
1.67
-0.67
1.33
-0.33
-1.0
0.67
-0.33
0.0
-1.0
2.33
-0.67
0.67
0.33
0.0
-1.0
2.67
1.67
-0.67
-1.0
1.0
0.0
0.0
-1.67
0.0
1.0
-1.33
2.0
3.0
-1.0
3.0
1.0
0.0
0.67
-0.67
-1.33
0.0
-0.67
4.67
-0.33
-0.67
-0.67
1.33
1.67
-0.67
-2.67
1.33
-2.33
1.67
4.33
3.0
3.33
1.0
-0.33
4.33
2.33
2.33
3.67
3.33
-1.33
-2.33
-1.67
2.0
0.67
-0.67
3.0
3.0
10.0
2.33
13.33
-1.67
8.0
4.33
-1.33
4.0
-1.0
2.67
-5.33
4.0
2.67
4.0
1.0
6.0
4.67
5.0
-0.33
2.0
5.33
2.33
1.67
7.67
-4.33
3.33
6.0
3.67
13.0
-3.33
4.67
0.67
-0.33
8.0
1.33
5.33
0.33
-4.67
-3.67
1.33
2.33
-1.67
3.33
6.33
2.33
5.33
7.0
0.33
-2.67
-3.67
5.67
6.33
5.33
-2.67
-2.0
1.0
-1.0
7.33
9.33
5.0
7.33
4.33
3.33
5.67
-3.0
4.0
-7.0
-3.67
1.0
6.0
1.0
-1.33
-1.67
2.67
6.33
0.33
-1.33
4.33
3.0
-1.0
0.33
-9.0
0.67
1.0
4.67
2.33
2.67
5.33
10.33
2.0
0.33
-0.33
-1.33
2.0
4.67
2.67
3.0
-0.33
-2.0
-1.0
3.0
4.0
9.33
2.0
3.33
4.0
3.67
2.33
8.0
6.0
-2.0
3.0
5.0
3.67
10.0
6.67
1.67
5.0
2.67
9.67
0.0
9.67
-1.33
6.0
11.0
7.67
3.33
-0.67
2.33
5.33
-4.0
1.67
4.33
3.67
1.0
3.67
4.0
-2.67
2.67
4.33
4.33
3.33
1.0
7.33
13.0
-0.33
3.33
1.67
2.0
4.33
8.33
1.0
6.67
-0.33
-0.33
5.33
4.67
1.33
8.67
-2.0
0.0
-2.0
2.33
10.0
5.33
-4.0
0.67
-3.67
1.67
-0.67
2.67
3.0
6.0
5.67
2.0
2.0
4.0
7.33
12.67
6.33
-4.33
1.33
4.33
0.33
1.0
4.67
-4.33
6.67
0.0
2.33
-2.33
3.67
6.67
3.0
5.67
4.33
-1.67
5.67
3.67
-4.33
4.0
-1.33
3.33
5.0
1.33
-2.0
9.0
-2.33
3.33
1.67
0.33
-2.0
2.67
-3.0
1.67
4.33
5.0
-0.33
5.67
0.67
0.67
3.67
3.67
3.67
2.33
4.33
1.33
5.67
1.0
-4.67
3.0
6.0
-1.0
1.33
5.33
1.33
8.33
10.67
-2.67
3.0
-1.33
-1.67
-2.0
-1.67
-1.33
8.0
-3.33
1.0
3.0
5.0
3.33
4.67
4.0
3.33
4.0
-1.33
0.67
-1.33
-3.67
-3.0
-1.33
6.33
-3.33
5.67
6.33
-4.0
5.33
3.33
-0.33
9.33
7.67
2.33
4.0
1.67
2.33
6.33
3.0
1.67
-4.0
-1.0
5.67
3.33
-2.67
1.33
0.0
-2.33
6.0
6.33
9.67
-3.33
1.67
4.0
-0.33
3.0
-0.67
0.33
4.0
-1.33
4.67
-4.67
5.33
4.33
-0.33
-2.0
4.67
7.0
4.33
2.0
-0.67
3.67
-4.0
5.67
1.33
5.33
2.0
1.33
1.33
3.67
-0.67
0.0
2.67
-2.0
1.67
-2.0
-0.33
-1.67
-3.67
4.33
5.67
0.0
2.0
-1.67
-1.0
0.33
3.67
0.0
0.0
4.67
1.67
0.33
-1.67
4.0
-0.33
4.0
0.0
2.33
-0.33
-1.67
4.33
6.0
-1.0
-4.33
-1.67
9.0
-1.0
4.67
4.0
-3.33
4.67
1.0
3.0
0.67
4.33
0.33
-1.0
2.67
0.0
-4.67
1.67
-2.33
-1.67
5.33
-2.33
6.0
-0.33
2.0
4.0
-1.67
4.0
1.33
1.33
2.33
0.67
2.67
4.33
3.0
0.67
6.67
5.0
-1.0
0.33
1.33
1.67
1.0
0.33
-1.0
-8.0
-1.67
6.67
4.67
1.0
0.0
4.67
-0.33
0.0
3.33
-4.0
-3.0
5.67
4.0
0.33
4.67
-1.33
-1.67
2.0
2.33
2.33
4.67
-0.67
0.0
3.67
2.33
-0.33
-0.33
1.33
2.67
1.33
2.33
0.67
1.67
2.0
1.33
4.33
2.67
6.67
5.0
1.0
-1.33
1.0
5.0
2.0
0.67
2.0
-0.33
0.33
5.0
3.67
-3.67
3.67
2.33
2.33
4.67
-0.33
-1.0
1.67
1.33
0.0
5.33
0.0
-0.33
0.67
0.33
2.33
-0.33
0.0
-0.33
1.33
3.0
0.67
-2.0
2.0
2.67
2.67
3.33
0.33
-3.33
-1.67
8.67
0.33
2.33
2.67
-1.33
-0.33
3.33
-0.67
0.67
2.33
0.0
0.33
5.67
-2.0
4.0
2.0
-0.67
0.33
-0.67
1.0
5.0
2.67
0.67
5.0
-3.0
-0.67
3.67
-3.33
2.33
3.33
6.67
4.67
-0.67
-3.33
-1.0
0.67
0.33
1.0
2.0
-0.67
4.33
0.33
-1.33
6.0
-4.67
7.0
-2.33
3.33
3.67
3.33
4.0
-0.33
-5.33
1.0
1.67
1.67
0.33
2.0
-1.0
-1.0
1.33
-0.33
0.67
0.0
-1.67
4.67
-4.67
-1.33
-2.33
1.67
1.67
0.67
-1.0
1.33
5.67
-0.33
3.33
-0.67
7.67
-3.33
-1.67
1.67
2.0
0.33
-6.67
-2.0
1.0
7.33
0.67
-1.0
3.67
-3.67
0.67
4.0
-2.67
2.33
3.67
2.0
2.0
0.0
-2.67
-0.67
1.33
-1.33
1.33
1.0
0.67
2.0
0.0
-1.67
3.67
0.33
-0.33
2.0
-6.67
6.33
-10.33
7.0
2.67
5.0
2.67
-4.0
0.0
2.67
5.0
1.67
4.33
-0.33
2.0
-0.67
-1.0
6.33
-2.67
-3.0
3.67
4.33
4.33
0.33
6.67
9.0
1.33
-1.33
5.0
1.0
1.67
4.0
0.33
-2.67
-2.0
3.33
-0.33
2.67
-6.33
1.67
8.33
11.0
5.67
3.33
1.33
6.0
-1.33
3.67
6.33
5.33
5.0
6.67
8.0
5.0
3.67
4.0
4.67
7.0
11.0
6.33
9.67
5.0
3.0
14.0
8.67
-1.0
10.67
4.0
16.0
14.0
18.67
19.0
13.0
21.33
33.33
28.67
26.67
46.67
21.33
23.33
21.33
22.33
17.67
19.33
13.67
17.33
15.0
17.33
6.33
15.67
10.0
2.0
11.67
10.0
12.0
3.0
3.33
3.0
-1.0
3.0
5.0
7.0
6.0
8.0
5.67
6.33
6.0
4.67
4.33
-2.0
6.0
8.33
5.67
0.67
0.67
5.67
1.67
9.33
1.33
2.67
2.33
6.33
5.67
11.33
3.0
5.33
-1.67
2.67
2.0
2.33
3.0
8.0
2.67
2.67
-6.33
6.0
0.67
3.33
2.33
1.0
0.33
6.67
5.33
-2.33
3.67
1.0
4.0
2.0
3.67
10.67
2.67
16.0
8.33
1.67
3.0
9.67
0.0
1.67
13.67
0.33
4.67
-0.67
1.67
-1.33
4.67
4.0
0.33
-1.0
1.67
16.33
3.67
7.33
6.67
3.33
1.0
3.33
12.67
3.67
14.67
4.0
11.67
10.33
9.67
-3.0
1.0
1.33
0.67
7.33
4.0
-0.67
4.67
3.67
-2.0
-5.67
-2.0
5.67
5.33
3.67
2.0
-2.0
7.33
1.33
-2.33
-1.33
8.33
5.0
4.33
-0.67
6.0
11.33
4.0
6.33
-2.0
12.33
1.0
4.33
9.0
5.0
5.33
-0.67
-1.33
6.67
1.0
4.0
2.33
5.33
-1.0
1.67
-3.33
1.67
6.0
7.67
-0.33
1.33
9.0
7.33
13.33
9.33
2.67
-0.67
5.0
3.0
8.67
3.67
3.67
7.67
9.33
4.0
6.33
4.0
7.33
-1.33
9.67
9.33
4.67
14.67
-5.67
11.67
15.67
1.0
1.33
9.67
9.33
9.67
3.67
7.33
-3.33
3.67
9.67
9.0
5.0
11.67
-3.33
6.0
0.67
6.67
7.0
6.0
7.0
6.33
12.0
5.33
13.0
12.0
13.67
11.67
3.67
12.67
7.67
16.33
8.33
14.67
20.33
9.33
18.33
18.67
20.0
17.67
16.67
27.0
23.33
19.0
24.0
28.33
17.67
16.67
10.67
13.67
18.0
12.33
24.33
7.0
-5.33
8.0
8.0
8.33
14.33
10.33
-0.67
4.0
17.67
5.67
17.0
1.67
2.0
15.67
2.67
13.33
12.33
10.33
-1.67
8.33
6.33
8.0
7.67
7.33
10.0
5.33
-0.33
1.0
10.67
10.67
11.67
9.67
13.33
10.67
13.33
11.0
8.0
-1.0
4.67
4.67
3.67
9.33
10.67
11.67
9.0
13.33
4.0
2.33
16.67
6.0
13.33
-0.33
5.67
12.33
10.0
12.67
9.0
3.33
10.33
2.67
2.33
3.67
21.33
6.67
9.67
13.33
16.33
9.67
6.0
6.33
8.33
7.33
4.0
-1.67
2.0
5.33
7.67
3.33
5.67
9.67
-3.0
1.0
18.67
2.67
10.33
2.0
6.0
6.67
10.0
8.67
11.33
-3.0
4.33
1.0
4.67
1.67
19.33
7.33
5.0
8.0
7.67
12.67
-1.33
5.33
-0.33
0.67
17.0
-1.0
10.0
13.0
10.33
10.33
4.67
13.0
5.67
11.67
7.0
6.0
4.33
3.33
16.0
8.0
11.0
2.0
1.67
0.67
16.67
9.33
9.0
5.67
24.33
15.67
20.67
-2.33
5.0
-11.0
7.67
8.67
20.33
8.67
2.67
16.67
4.33
9.67
19.0
12.67
4.67
16.33
12.33
5.67
6.0
10.33
0.33
9.33
7.33
3.33
6.67
15.67
6.0
13.33
4.67
3.0
9.67
7.33
3.0
4.67
8.67
7.33
13.0
14.67
10.0
8.67
2.0
15.0
5.67
7.33
9.0
10.0
11.0
4.33
5.67
14.67
13.33
1.0
8.67
12.67
13.33
17.67
9.67
8.0
12.33
0.0
22.0
4.33
15.33
13.33
9.67
9.67
13.0
16.0
10.67
6.33
4.33
8.67
16.33
4.67
7.67
10.0
11.67
6.67
24.33
11.67
9.67
9.0
17.33
8.33
10.67
10.0
6.0
11.67
9.33
5.0
6.67
17.33
8.67
11.0
18.33
14.67
14.67
13.0
16.0
13.0
14.33
15.33
14.0
20.33
20.67
28.67
28.0
10.67
21.67
31.67
19.33
19.67
20.67
25.0
31.67
22.67
38.67
21.33
16.67
42.67
32.0
36.33
30.0
55.0
52.33
50.0
59.33
82.33
76.33
77.67
70.0
96.33
99.0
104.0
117.33
93.33
86.33
100.0
95.0
106.67
100.33
88.0
101.67
86.33
58.67
69.67
67.67
70.33
60.33
45.33
32.33
45.67
42.67
46.67
23.33
30.0
24.67
20.67
25.0
23.0
27.33
25.0
13.0
19.67
13.67
11.67
13.33
5.67
9.67
5.67
5.33
2.67
13.67
10.67
10.0
6.33
13.67
22.0
7.33
11.67
17.33
6.33
16.33
16.67
15.33
7.67
8.67
3.33
22.0
-0.67
6.67
6.67
8.33
-0.33
6.0
13.0
0.0
17.33
20.0
13.0
13.0
6.67
10.67
13.0
2.67
15.33
-5.0
2.67
21.0
6.67
-1.33
1.67
13.0
7.67
8.67
14.0
2.33
-0.33
5.67
10.0
8.33
10.33
14.0
6.0
-4.67
-7.0
14.67
6.33
21.0
9.67
10.33
9.33
13.0
9.0
4.0
8.0
2.0
19.0
4.0
12.0
3.0
11.0
6.67
9.33
12.67
14.67
8.33
14.0
19.0
16.0
12.67
20.0
2.0
5.67
17.33
-1.0
7.33
10.67
16.0
9.33
16.67
18.67
19.0
-5.33
6.67
18.0
2.67
14.33
-0.33
15.0
8.33
2.0
9.0
7.33
17.0
11.67
5.33
-4.0
18.33
3.67
16.0
7.0
-5.33
11.67
6.33
1.33
3.0
14.67
-7.33
4.67
16.0
13.0
0.67
1.0
5.33
7.0
6.33
14.0
15.0
-3.0
-4.67
7.67
6.33
-12.0
11.67
14.67
6.67
4.0
4.67
3.67
11.0
6.0
13.0
10.67
1.0
3.67
14.33
6.67
22.0
2.67
13.67
6.0
20.0
23.33
25.67
5.67
18.0
11.67
26.0
17.33
12.33
23.0
31.67
22.33
17.67
31.0
26.33
31.0
33.0
26.67
27.0
9.0
42.33
34.67
29.33
34.33
21.67
32.67
32.0
18.33
33.0
23.33
25.33
24.67
13.0
19.33
18.0
18.67
20.33
17.0
11.33
15.67
13.0
-2.67
-2.67
2.33
16.33
6.0
-6.0
-2.0
9.0
-6.67
9.33
14.33
-5.33
7.33
9.33
10.0
10.33
13.33
17.33
0.0
7.67
6.67
16.33
-2.67
3.0
-2.33
12.33
11.33
12.33
3.33
18.67
-4.33
1.33
10.67
6.0
6.33
24.0
8.0
1.33
-9.33
13.0
1.33
4.67
11.0
24.33
13.0
-2.33
2.0
-9.67
17.33
10.33
25.0
3.33
2.33
5.67
23.33
18.67
14.33
7.67
13.0
6.67
9.67
9.0
16.67
15.33
9.67
13.33
5.67
2.67
17.33
8.0
13.33
-10.33
9.67
14.0
0.0
-1.33
-6.33
8.0
3.33
-5.67
8.67
12.67
-14.33
5.33
11.67
-6.0
-1.67
11.33
17.33
8.0
25.67
11.67
-7.67
4.0
-1.0
-0.67
6.33
13.0
-4.33
7.67
2.33
-3.0
2.33
6.33
5.33
28.33
6.33
19.67
2.0
10.0
-6.33
16.67
9.0
1.33
3.33
9.33
-11.0
4.0
-2.33
5.67
-2.67
10.67
4.67
3.67
4.33
-10.0
5.0
8.67
-2.0
-4.0
-1.67
8.33
9.67
12.0
-0.33
-2.67
-2.67
2.33
0.0
7.67
0.33
1.33
-2.33
0.0
1.67
6.33
-0.33
-7.0
-7.0
-4.0
-3.33
5.67
2.0
2.67
1.33
2.67
1.67
4.33
4.0
-3.0
12.0
6.0
-8.67
11.33
4.67
6.67
17.0
7.33
-1.33
4.0
1.33
-1.67
10.33
9.67
9.67
3.0
6.67
9.67
5.67
8.0
-8.67
-6.67
-1.0
4.33
-4.67
-6.67
2.0
2.33
0.0
-2.33
-8.67
3.33
10.0
5.67
3.33
6.67
3.67
10.33
1.33
6.67
6.33
8.67
14.67
9.0
10.33
-1.0
-0.67
0.0
9.0
1.67
4.0
2.0
3.0
10.0
1.67
18.67
-0.33
10.0
3.67
14.33
10.0
-0.67
6.0
6.67
1.33
5.67
14.67
-13.0
-0.67
1.67
-1.33
2.0
-0.67
-5.33
-3.0
2.0
-0.33
9.67
-1.33
3.33
-1.67
1.33
3.67
-2.67
9.67
0.33
8.67
-4.33
5.0
-6.33
6.33
0.0
0.0
1.0
2.67
2.67
-6.33
1.33
2.33
7.33
1.0
-9.33
-2.0
0.67
13.0
8.67
-1.0
-1.0
7.67
-1.33
3.67
-2.67
5.33
5.0
1.0
-0.33
2.33
7.67
3.67
1.67
5.33
4.0
2.0
9.0
-0.33
3.67
8.67
1.67
7.67
5.67
0.33
5.33
4.0
1.67
0.67
0.33
16.33
5.0
8.33
3.0
0.0
-1.33
5.33
-3.0
1.33
-0.67
1.0
0.67
8.0
0.67
1.67
0.67
4.67
-1.33
1.67
1.0
9.67
0.67
-3.0
0.0
5.0
7.67
4.33
9.33
9.0
7.33
6.67
6.33
5.0
-1.67
-1.0
5.33
10.33
2.67
-1.0
7.33
-3.0
4.33
4.0
9.33
4.33
-4.67
-2.67
1.0
-1.0
4.33
0.67
8.67
2.0
7.67
4.33
-2.33
5.0
5.67
3.67
0.67
5.67
1.0
-0.67
11.0
3.67
1.33
5.0
9.33
4.67
-0.33
8.67
10.33
11.0
-2.33
-0.67
9.67
0.33
-0.67
5.67
3.33
1.33
0.33
13.67
5.0
4.0
6.67
0.0
-0.33
2.67
2.33
9.67
3.67
3.0
3.67
6.0
-1.33
5.33
-1.67
5.67
4.67
0.67
12.0
6.33
4.67
0.33
10.33
1.0
0.67
1.33
9.0
2.33
4.67
5.0
1.67
1.33
0.33
12.33
4.0
2.33
-4.33
-2.67
-0.33
1.67
1.67
3.33
-2.0
9.33
1.0
-5.0
2.67
-1.67
-0.67
9.33
3.67
9.33
0.67
4.33
-5.0
-9.0
6.67
8.67
1.33
-1.67
5.0
1.67
0.33
7.0
5.67
0.33
14.67
-8.33
5.33
4.0
1.33
6.0
-3.67
-4.0
1.33
0.33
-3.0
-0.67
-1.33
-1.33
8.0
7.33
3.0
0.67
2.33
0.0
-2.67
0.67
3.67
-1.67
3.33
2.67
-4.33
5.33
0.67
0.0
10.33
5.0
1.33
2.33
-1.33
3.0
5.0
1.0
-0.33
4.67
-0.67
3.0
2.33
4.33
4.33
-1.33
1.33
-1.0
2.67
6.33
3.0
0.67
5.67
0.0
0.67
6.33
0.33
2.0
-2.67
0.33
