0.0
-11.67
38.67
-37.0
-48.67
-37.67
40.33
43.33
-37.0
-81.0
-51.33
-72.0
26.67
-52.67
-12.0
-8.0
-15.33
-41.67
-2.0
-1.33
-41.0
-29.0
4.0
9.33
8.0
-19.67
-9.67
2.67
1.67
-12.67
8.0
16.33
-3.0
0.33
3.0
-0.67
-2.33
1.0
1.0
-0.33
-0.33
3.0
-0.33
-1.0
1.0
-0.33
0.0
4.0
-1.33
-0.67
0.33
0.67
-0.33
-0.67
-0.33
-0.33
0.67
0.0
1.0
1.0
-0.33
0.67
0.33
-0.33
-0.33
1.0
0.0
0.67
-0.67
0.0
0.67
-0.33
-0.33
-0.67
-0.67
-1.0
1.33
0.0
-0.33
1.67
-0.67
-0.67
-0.33
0.0
1.67
0.67
1.0
0.0
0.33
-0.67
-1.33
0.33
0.0
1.0
0.67
0.67
-0.67
1.0
0.0
0.0
2.0
1.33
-1.0
-1.0
-0.33
-1.0
1.0
-1.0
1.0
2.0
0.0
0.67
2.33
1.67
1.0
0.33
0.67
3.67
0.33
1.33
-0.67
1.67
3.33
1.33
4.33
1.67
0.67
2.33
7.0
7.33
3.0
0.67
4.33
0.33
2.33
0.67
-1.67
2.67
-4.33
-6.67
0.0
3.67
4.33
-1.0
9.0
3.0
0.33
4.33
-1.67
2.0
5.33
-2.33
8.0
-4.0
4.67
-0.33
7.0
-0.33
-2.0
0.0
-4.0
-4.33
-2.0
3.67
1.0
6.33
-2.67
3.67
-0.33
0.67
4.33
6.0
0.67
9.0
-2.33
3.67
-0.33
3.67
9.0
10.33
5.33
5.33
3.33
-1.67
2.33
-0.67
-0.67
-5.67
6.33
4.33
6.33
1.0
1.33
-1.67
3.33
4.67
6.33
2.33
-2.67
-1.0
7.0
-4.0
2.33
6.33
-3.0
-2.67
1.33
2.33
1.67
-6.0
3.0
-4.0
-2.67
7.0
6.0
5.0
4.67
1.33
5.67
-2.67
3.33
4.67
8.33
2.0
5.0
9.33
2.0
-1.33
0.0
6.67
3.33
5.67
5.33
9.33
6.0
-3.67
1.67
4.67
2.0
9.67
5.67
9.0
1.67
5.0
2.0
4.0
6.0
5.33
10.0
-0.67
4.0
2.67
-0.67
0.0
4.0
-4.0
0.0
8.0
2.67
10.0
0.67
1.67
0.0
4.67
5.67
3.0
5.67
0.67
10.0
-3.0
3.67
1.33
-2.67
2.33
3.33
-2.0
4.67
3.33
-2.33
-3.0
4.67
0.0
3.33
4.67
4.33
3.33
0.33
-3.0
1.33
3.0
1.67
0.33
3.67
11.0
9.33
-3.67
5.0
-0.33
-3.33
13.67
8.33
5.67
6.33
6.67
2.0
0.0
7.0
1.33
13.0
6.33
3.0
3.67
-0.67
0.67
2.33
1.67
8.0
1.0
2.67
-1.0
4.0
-3.0
0.33
9.67
-2.67
2.67
0.33
5.33
3.33
2.0
10.67
3.67
6.67
0.0
3.33
-1.33
8.67
8.67
9.0
4.67
5.33
-3.67
4.67
0.67
-6.33
3.0
2.67
5.33
4.0
1.33
7.0
3.0
-5.33
7.33
5.67
1.33
3.0
2.67
-4.0
2.67
5.33
-1.0
-1.33
5.67
4.67
5.67
-2.33
3.67
0.67
4.33
2.33
-1.67
4.67
-1.0
-0.67
-2.0
1.0
6.0
-0.67
5.33
4.33
7.33
-0.33
-3.67
1.0
-0.33
0.33
-2.0
4.33
-0.33
-3.0
0.67
-1.0
-6.0
1.0
1.33
-1.33
5.0
-5.67
-4.0
4.67
0.67
10.67
0.33
2.0
-3.33
1.33
-8.33
6.67
4.33
4.0
1.33
1.33
-1.33
4.33
-0.33
-0.67
1.0
-3.33
1.33
7.33
0.0
-1.33
6.0
-3.0
6.67
-0.67
-1.67
-2.67
4.0
-1.33
3.0
7.33
2.67
-1.33
1.67
-2.0
5.67
2.0
-1.67
8.33
2.0
4.67
2.67
0.33
-2.67
-1.67
-4.33
4.0
7.67
2.0
3.33
2.0
3.33
-0.33
-5.0
3.67
-5.67
3.33
4.0
1.33
1.33
-1.33
0.33
2.0
7.67
5.0
3.67
2.0
1.67
3.33
0.33
0.33
1.67
-1.0
4.0
-0.67
0.0
1.33
0.67
3.0
-3.0
0.67
-0.33
2.33
-4.67
-1.0
-0.33
2.0
2.0
-2.67
-2.33
-0.67
-2.67
6.0
4.0
4.67
-3.67
4.0
7.0
3.67
4.0
-2.33
-0.33
2.0
-4.0
-1.33
4.33
4.33
0.0
4.67
2.0
-3.67
0.67
-0.33
0.33
8.33
2.67
1.0
0.67
1.0
2.0
-2.67
-4.0
-0.67
1.33
1.33
-0.33
0.67
-0.67
-1.0
1.67
1.67
2.0
0.0
-0.67
1.33
-1.33
-3.0
2.33
6.0
-6.0
-2.67
2.67
3.67
0.0
0.0
1.67
1.67
-5.0
-0.67
-1.0
-2.0
0.67
2.0
-1.67
-1.33
-2.33
4.33
4.0
4.33
-1.67
2.67
1.33
6.0
2.67
0.33
-1.33
-5.33
0.33
1.67
2.33
4.33
2.67
1.67
-2.0
-2.67
1.33
-0.33
4.67
2.0
3.0
2.67
-1.0
-2.0
-4.0
0.67
0.0
-2.33
5.33
3.0
-3.33
4.33
-0.33
0.33
2.33
5.67
-1.33
-6.0
-0.33
1.33
-6.0
-1.67
0.0
0.67
-0.33
3.33
1.33
-3.33
1.0
-2.33
3.33
0.0
-0.33
1.0
2.0
4.67
2.67
4.33
-1.67
-2.33
1.33
4.67
1.33
-0.67
4.67
2.67
2.67
8.33
-0.67
3.67
-0.67
3.0
3.33
0.67
4.0
2.0
-2.0
-0.67
5.33
-1.67
-1.0
4.0
1.67
0.67
1.0
1.0
-0.67
1.67
-0.33
2.33
-1.67
1.67
1.67
-3.67
-2.33
5.0
-0.33
-2.67
-1.0
2.0
3.33
-0.67
-2.67
0.67
3.0
2.33
-2.0
2.67
2.33
-0.33
-2.67
0.0
1.67
-1.33
7.0
4.67
5.67
6.33
1.0
0.0
-1.0
7.33
3.67
-1.33
2.0
6.33
-0.33
3.33
7.67
2.67
-2.33
1.67
-2.33
0.0
1.33
0.67
-1.33
3.33
-3.67
5.67
5.67
1.33
0.67
0.0
-0.67
-3.67
3.0
1.0
6.33
0.67
-2.0
1.67
1.33
1.67
3.0
4.33
-1.67
8.67
2.0
0.0
2.0
-0.67
0.33
-0.67
3.67
-3.67
-4.0
1.67
-2.0
-1.0
1.33
1.67
1.33
-2.33
1.0
-2.67
5.33
-1.33
1.0
-2.33
6.0
0.67
1.0
0.0
-1.33
2.0
-2.33
5.33
-3.33
-2.0
2.33
0.0
6.33
-1.67
4.0
2.67
0.33
6.33
1.33
2.67
2.0
-1.67
1.67
3.0
4.0
5.67
4.0
0.33
6.33
-1.0
4.33
6.67
4.67
-3.33
-1.33
2.33
1.0
1.67
4.33
3.33
4.0
-0.33
1.67
3.33
0.33
6.0
1.67
3.0
2.0
5.67
2.0
0.67
4.0
4.0
5.33
4.67
5.0
7.0
7.0
10.67
8.0
6.67
10.0
13.0
20.0
16.67
24.0
25.0
23.33
22.33
29.67
29.67
37.67
20.33
26.33
31.33
26.33
29.67
19.33
20.67
10.33
15.0
12.33
5.33
7.67
8.0
8.0
12.67
8.0
8.0
2.0
5.33
-3.0
3.0
3.0
-2.0
14.0
8.0
8.0
-1.33
6.33
5.0
0.67
9.33
2.0
2.0
8.33
10.67
4.67
6.67
9.67
-4.33
4.33
6.33
4.67
11.33
-1.67
7.67
4.33
6.0
6.33
4.33
0.67
3.0
6.33
10.0
6.0
8.67
1.67
-0.33
-2.0
2.67
5.33
-2.67
2.0
10.33
5.67
4.33
4.67
10.67
0.0
4.0
5.0
2.67
1.67
-4.33
7.0
6.33
1.67
12.0
5.67
0.0
5.67
2.67
2.33
3.67
3.33
5.67
8.67
2.67
4.0
6.33
13.0
8.67
4.33
1.67
8.33
5.67
2.33
1.0
6.33
9.67
9.67
4.67
6.0
1.67
9.33
8.67
10.0
-1.0
-3.67
2.67
6.33
4.0
3.33
6.67
10.67
8.0
3.33
8.0
4.67
9.33
11.67
11.0
3.0
1.33
-6.67
1.67
-3.33
-0.67
10.0
4.33
9.33
-1.0
6.33
5.0
7.33
0.0
6.33
5.0
4.33
16.0
1.0
15.33
4.33
-0.33
-2.33
-1.0
-1.0
-2.67
8.33
4.0
-2.33
0.67
1.67
4.0
13.67
-0.33
7.33
6.0
6.33
6.33
4.33
1.67
4.33
5.0
4.0
6.67
1.67
10.67
0.67
6.33
13.0
1.33
11.0
1.33
5.67
8.67
4.33
-0.33
5.67
-2.67
7.67
7.67
2.0
10.33
14.67
9.33
2.67
11.67
8.33
8.67
12.67
16.67
14.0
10.0
4.67
9.67
12.0
11.67
16.67
-3.0
11.0
11.0
7.33
8.0
-2.67
15.0
6.0
0.67
7.67
12.67
-2.33
14.67
12.33
15.33
1.67
16.33
7.33
19.33
16.67
27.0
11.67
23.67
19.0
14.33
19.0
23.0
19.33
6.67
17.67
7.67
20.67
12.0
19.33
11.33
12.0
5.67
17.0
10.0
8.33
13.33
7.33
6.33
3.0
9.67
8.67
6.0
5.67
14.0
9.67
3.67
10.33
6.33
12.33
10.33
10.33
15.33
10.0
0.67
-0.67
3.0
5.33
8.67
8.0
0.67
1.67
12.67
14.67
-0.67
9.67
6.33
5.0
2.0
5.0
8.67
4.67
11.67
19.33
-0.33
10.67
8.0
4.33
7.0
10.33
3.67
4.0
9.33
2.67
1.67
6.33
12.0
5.67
8.0
13.33
10.33
5.67
19.33
8.67
12.33
8.67
10.67
5.33
18.33
8.67
5.0
1.33
-1.67
4.33
-1.0
13.33
6.0
2.33
4.67
1.33
6.67
6.67
5.0
10.0
4.67
0.67
12.33
-1.0
6.0
8.67
9.0
3.67
12.33
11.0
13.33
6.0
10.67
10.67
8.33
3.33
0.0
6.0
11.67
8.67
9.67
12.33
8.67
11.67
10.0
6.0
14.0
7.0
4.33
6.33
6.67
7.0
9.67
9.67
7.0
6.0
5.33
12.33
15.0
8.0
12.0
1.0
9.67
2.67
20.67
4.33
7.0
5.67
7.33
19.67
19.67
9.67
32.0
11.0
18.67
11.67
0.33
6.67
2.67
19.67
21.33
9.67
4.0
13.67
10.67
8.33
14.33
2.67
9.0
16.33
9.33
7.33
6.33
6.33
12.67
2.67
9.0
2.33
9.67
7.0
15.67
11.33
8.0
10.67
11.67
0.33
7.0
12.67
13.0
9.67
21.0
12.0
11.67
4.33
12.0
10.0
16.0
6.33
12.67
7.67
11.33
8.0
10.67
4.67
8.33
17.67
15.67
9.0
14.33
5.0
12.0
5.33
5.33
6.33
3.67
18.67
5.0
4.0
5.67
13.33
9.33
13.67
18.33
9.67
2.67
8.0
13.67
5.67
4.33
5.67
15.67
11.0
16.33
8.33
10.67
10.0
8.0
11.67
9.33
15.0
24.67
7.33
5.67
14.0
9.33
8.67
22.67
16.0
13.0
23.0
8.33
17.33
13.0
21.33
13.67
18.67
27.0
12.67
13.67
18.67
11.33
23.67
25.67
16.0
27.67
30.67
23.67
29.33
34.67
31.67
26.0
51.33
47.0
52.0
47.33
53.0
65.33
57.33
65.33
70.67
86.0
75.33
89.0
96.0
101.33
72.33
85.33
100.0
92.0
88.67
103.33
80.0
61.67
94.33
64.67
60.67
47.67
49.33
41.33
58.33
46.33
42.67
41.67
33.67
33.33
19.0
20.67
11.67
18.0
15.0
5.33
19.0
13.0
-1.33
6.67
7.67
12.33
16.67
10.67
6.67
4.33
1.67
15.67
21.67
7.0
0.33
11.67
11.0
10.33
4.67
3.33
14.33
18.33
18.67
5.33
15.67
11.67
0.33
13.0
-1.67
2.67
5.67
15.33
12.67
16.0
13.0
13.0
9.33
3.0
-2.0
6.0
11.67
20.67
14.0
5.67
9.33
5.0
4.67
5.0
5.67
3.67
5.67
12.0
6.67
2.67
13.0
7.33
7.67
5.67
20.0
-2.67
10.33
20.0
-1.0
11.33
-4.0
3.67
20.33
13.0
14.67
1.33
6.33
11.0
15.0
13.0
13.0
20.0
22.0
6.0
20.0
12.0
26.0
10.67
11.33
9.67
8.67
-3.67
8.0
2.0
12.0
13.67
22.0
18.0
0.67
4.33
15.0
-2.67
4.67
9.0
11.33
10.67
10.67
20.0
11.67
2.67
14.0
9.67
4.33
10.67
12.0
9.33
-10.0
19.0
6.33
14.0
20.67
14.33
8.0
12.33
9.67
16.0
14.0
1.67
-3.33
2.33
14.33
-3.0
1.67
9.67
-5.33
6.0
2.0
-8.33
2.0
8.33
3.0
9.33
16.0
6.0
2.0
4.33
13.67
1.33
7.0
7.67
3.67
14.67
13.0
2.67
4.67
23.0
8.0
8.0
-2.33
10.0
3.67
9.33
8.67
13.0
5.67
16.67
26.0
13.0
33.33
19.67
14.67
14.0
18.67
17.0
13.33
30.33
34.0
24.67
28.33
33.67
21.0
27.33
23.0
26.0
32.67
39.0
20.0
20.33
31.67
32.33
34.33
17.67
30.67
18.0
19.33
26.0
33.33
24.33
21.67
17.0
8.33
6.0
26.67
16.33
7.0
6.33
6.67
14.0
-1.67
10.33
10.33
13.33
-5.0
15.0
4.0
-4.0
-6.67
19.33
19.33
0.67
-5.67
19.33
12.0
6.33
16.33
6.33
15.0
6.67
-2.33
6.33
-5.67
5.0
24.67
16.33
7.33
6.33
9.33
9.67
1.67
11.33
0.67
13.0
4.33
20.0
5.0
12.33
0.67
15.0
-3.67
6.67
-1.0
17.33
4.0
16.67
0.0
4.33
13.33
-0.67
6.0
-11.67
-0.67
4.67
19.33
-0.33
13.33
7.67
10.0
-0.33
-1.33
12.0
2.67
0.33
10.67
18.33
8.67
5.67
14.33
5.0
13.33
-1.33
2.67
11.0
-5.0
5.67
-6.33
5.0
0.33
4.33
13.67
9.67
3.67
13.33
-3.33
3.0
8.33
-0.67
8.33
7.0
21.67
12.67
-6.67
-2.0
4.0
-5.67
-5.67
16.0
11.67
7.67
4.33
-6.0
-7.67
2.33
3.33
16.33
6.33
5.67
2.0
1.0
3.67
14.67
7.0
15.33
2.33
4.33
-5.0
4.0
3.67
1.67
14.33
4.67
0.67
-0.33
-3.67
-4.0
8.0
4.67
-1.0
12.0
-9.67
9.33
4.67
4.0
4.67
2.33
8.33
0.33
-6.0
8.67
3.33
7.33
5.67
1.0
-4.33
3.33
2.67
-9.0
13.0
-2.0
-4.33
6.67
10.0
8.67
2.33
11.67
10.67
7.33
9.0
5.0
-1.0
4.0
16.33
4.33
2.67
9.67
2.0
9.33
7.67
-1.0
0.33
0.33
7.33
-3.33
11.67
1.0
8.67
8.67
4.67
6.0
-2.67
3.33
0.0
2.33
2.33
-2.67
3.0
0.33
-7.0
4.67
1.33
2.33
2.0
0.67
7.33
5.67
4.67
11.33
5.33
8.67
12.33
-1.33
2.67
21.0
7.33
10.0
5.33
15.0
18.0
2.67
10.0
6.0
15.0
1.0
5.67
14.67
-2.33
10.0
1.67
6.33
15.0
8.33
1.0
8.67
0.33
3.67
5.67
-4.0
-10.67
3.67
1.67
9.0
0.33
-6.33
1.0
-1.0
-1.33
4.67
5.67
-6.67
1.33
2.33
3.67
3.33
2.67
1.33
7.67
-2.33
-3.0
-2.33
4.33
6.0
2.0
6.0
1.67
0.67
1.67
-1.67
14.33
8.33
0.0
-14.33
-2.0
4.67
10.0
-4.33
0.0
-6.0
0.67
0.67
1.67
6.33
3.33
15.0
-1.0
0.67
2.33
3.67
2.67
19.67
7.33
-8.0
4.0
3.0
4.67
-1.33
18.67
9.67
-4.33
8.67
4.33
2.33
4.0
1.67
-1.33
-0.67
13.33
3.0
10.33
-3.0
7.0
3.67
7.33
4.0
2.33
5.33
0.0
0.67
0.0
-0.33
2.67
6.67
-4.33
-0.33
2.67
-5.0
6.67
4.67
5.0
-1.0
9.0
6.67
0.33
1.33
-2.0
-6.67
2.67
2.33
4.0
4.33
10.0
-3.67
4.33
6.67
0.0
4.33
2.0
5.33
-7.0
8.33
5.33
4.33
3.33
1.0
-5.0
5.33
6.67
5.67
1.0
3.67
3.33
-0.33
-4.0
-0.33
-0.33
6.67
10.67
6.0
7.33
3.0
-3.33
4.33
8.0
9.33
6.67
4.67
10.67
4.33
-4.0
6.67
-3.67
8.67
8.33
-0.67
7.67
0.33
8.33
-2.67
1.67
10.0
5.0
5.67
6.0
-1.33
4.67
-3.67
2.67
1.67
3.0
-7.33
6.0
3.67
1.33
2.33
7.67
0.67
4.67
3.0
1.33
1.67
-5.67
0.33
5.0
11.67
-5.67
12.0
10.33
2.67
3.0
-0.33
0.33
0.33
-1.67
4.0
0.33
10.67
-2.67
1.67
0.67
-2.33
6.33
3.0
6.33
-3.0
5.0
-4.33
-4.67
5.33
-0.67
-2.33
-3.67
6.67
4.33
-2.0
-2.0
3.67
5.67
3.33
11.33
-2.0
4.67
4.33
0.0
-0.33
-1.67
0.67
-4.33
7.33
3.0
-3.67
7.0
-1.67
-2.0
-0.67
2.33
-7.0
2.33
2.67
8.67
0.0
6.33
4.0
-3.33
5.33
0.0
6.33
5.67
0.67
0.33
-1.67
-3.33
2.67
-1.67
-1.33
0.0
6.33
6.0
3.33
0.33
-4.33
0.0
6.0
-4.0
0.67
-1.33
1.33
4.0
-3.67
2.33
4.33
-3.33
-1.67
2.0
0.67
7.33
-3.0
4.67
1.67
2.0
-1.33
2.33
3.33
2.0
6.33
1.33
