0.0
4.33
-7.33
62.0
13.33
10.33
50.33
2.33
-12.0
76.0
-13.33
-60.0
-42.33
8.33
12.0
-38.0
48.67
5.33
24.0
-11.33
8.0
-1.0
10.0
16.33
19.0
17.33
-2.67
5.67
-6.33
2.33
3.0
1.33
3.0
1.33
-1.0
3.33
-1.33
2.0
0.0
1.67
0.67
1.0
1.67
0.0
1.0
-0.33
1.0
0.0
0.67
0.33
-0.67
-0.33
-0.33
-0.67
-0.33
0.67
-0.33
0.0
1.0
1.0
-0.33
1.67
-0.67
1.67
-0.33
0.0
0.0
-0.33
0.33
2.0
-0.33
-0.33
-0.33
-0.67
-0.67
-1.0
-0.67
1.0
-0.33
-0.33
-0.67
-0.67
-0.33
-1.0
-0.33
0.67
0.0
-1.0
0.33
-0.67
-1.33
0.33
0.0
-1.0
-0.33
2.67
-0.67
-1.0
1.0
1.0
-1.0
2.33
0.0
0.0
-1.33
0.0
2.0
-1.0
2.0
0.0
1.0
-1.33
0.33
0.67
1.0
-1.67
-0.33
-2.33
-2.67
0.33
-1.67
0.67
3.33
0.33
4.33
1.67
-0.33
1.33
1.0
1.33
5.0
-2.33
1.33
5.33
9.33
0.67
3.33
1.67
2.67
-2.67
3.0
-1.33
-0.67
1.0
0.0
6.0
1.33
11.33
1.33
6.0
-1.67
2.67
0.0
0.0
-0.33
2.67
2.0
-5.33
-2.0
5.0
0.0
-4.33
-1.0
0.67
-3.0
5.33
4.33
5.67
0.67
-2.33
-1.67
-1.0
-0.33
11.0
1.67
9.67
6.67
3.67
4.0
-2.67
5.33
5.33
1.33
6.33
6.33
-3.67
-2.67
-0.67
9.33
1.33
6.33
7.0
3.33
2.33
12.33
-2.33
3.33
2.33
0.33
6.0
4.0
9.0
-6.67
6.33
3.0
3.33
4.33
1.33
11.67
2.0
4.0
2.0
-2.67
10.0
2.0
1.0
2.67
-1.67
2.67
3.33
4.33
-0.33
2.33
5.0
2.0
4.33
5.0
3.67
-6.0
5.67
-2.67
3.67
7.33
-0.67
3.0
5.33
0.67
5.67
2.0
2.67
1.67
8.0
0.67
10.0
-1.0
6.0
7.0
-0.67
1.0
6.33
3.0
0.67
6.33
6.0
-1.0
-3.0
-2.0
3.0
-0.33
4.0
0.67
-2.33
5.0
-0.33
3.67
-1.0
8.67
3.67
2.0
3.0
6.67
-4.67
-3.67
1.33
3.33
3.0
2.67
6.33
9.67
-2.0
3.67
6.0
3.33
6.67
2.33
8.33
5.33
-1.0
2.33
2.0
-0.33
6.33
-0.33
0.0
3.33
4.33
1.0
1.67
-1.33
4.67
10.33
3.67
5.33
11.67
6.0
5.0
11.0
4.33
2.0
-1.67
4.0
-1.33
5.33
9.67
10.33
-2.33
7.0
1.0
7.67
2.0
2.0
-1.0
4.33
3.67
6.33
-2.33
-1.67
5.33
0.33
7.0
4.67
5.67
3.67
-4.0
4.33
0.67
-3.33
3.67
2.0
3.67
1.33
2.33
5.67
-3.33
-2.33
2.0
2.67
2.33
5.0
-0.67
4.0
3.0
-1.33
4.33
2.67
1.33
0.0
5.67
-4.0
7.67
6.33
-3.0
-4.33
6.67
7.67
-2.33
-0.33
-1.33
-1.33
6.33
9.33
-2.67
0.67
1.0
1.33
1.0
1.0
-2.0
3.33
8.33
11.33
1.33
3.67
-3.67
2.0
1.67
0.33
-5.0
4.33
-0.33
4.0
3.67
3.0
3.0
-2.0
2.33
-0.33
4.0
-1.67
0.0
3.67
1.67
4.67
3.33
3.0
2.67
-0.67
5.67
-2.33
4.33
-1.0
4.33
-0.67
3.67
-0.67
0.67
7.33
7.0
-3.33
-0.67
2.33
-1.0
7.67
3.0
-1.0
7.67
2.33
4.33
1.33
3.0
-2.33
-3.0
2.33
1.67
4.67
2.67
4.0
0.67
6.0
0.33
1.33
4.0
3.67
5.67
3.33
0.33
3.33
1.67
-2.0
2.67
2.0
3.33
4.0
-1.67
6.67
0.0
3.67
-0.67
3.33
3.0
2.33
-0.67
-0.33
4.33
11.0
6.67
0.0
1.67
-2.0
5.67
2.33
0.33
0.33
2.67
0.0
-2.0
3.33
7.0
1.33
4.67
-4.0
-2.0
1.67
6.67
0.33
1.33
3.0
6.67
0.0
1.0
4.33
2.67
-3.67
-0.67
4.0
4.0
3.67
2.33
3.0
5.0
-1.33
1.0
0.67
4.67
2.0
3.0
2.67
-3.67
-2.67
4.0
3.67
4.0
0.33
2.67
2.67
6.33
-0.67
0.67
6.0
-0.33
1.0
2.0
0.33
2.0
-0.67
2.33
6.33
6.67
4.67
3.33
6.0
2.67
-0.33
4.0
7.0
1.33
0.33
2.67
1.0
-0.67
-1.0
-1.0
4.33
2.67
2.67
0.0
1.0
0.67
1.67
-1.0
4.33
-4.0
-1.0
-0.33
-2.0
-2.67
-3.33
1.67
-1.67
1.0
4.33
3.33
4.67
1.33
-3.0
5.67
-1.67
3.67
1.67
1.33
0.67
-3.67
0.33
2.67
2.67
0.0
-3.67
3.33
-1.33
-4.33
1.0
5.0
-0.33
0.0
-1.0
0.0
-2.33
0.0
0.67
1.33
4.0
-1.33
-4.67
5.67
1.33
-2.67
1.67
-1.33
1.0
-4.33
0.33
0.0
2.33
4.0
-0.33
1.67
7.33
3.33
-1.33
2.0
0.67
0.33
-2.0
-1.33
1.0
0.0
3.67
5.67
-2.67
-2.67
-0.33
3.33
7.67
-2.67
1.33
-0.33
5.67
0.67
-1.67
-3.67
-0.33
-1.67
4.0
6.33
3.67
1.0
4.0
0.0
-2.67
3.33
1.33
-4.0
2.0
0.67
0.67
5.0
-2.0
8.33
-0.33
-3.33
1.33
1.33
-0.33
0.67
-0.67
-1.33
0.0
0.67
2.33
5.0
-1.0
-0.67
5.33
-4.67
3.67
-2.0
-2.67
-3.0
0.67
3.33
-1.33
-3.67
-2.0
1.67
-2.33
5.0
-0.33
-3.33
-0.67
-4.0
-2.0
3.0
-1.67
2.67
4.67
6.0
3.33
2.67
-2.67
5.67
-0.33
-2.33
0.67
-0.33
2.0
-3.67
-0.33
3.67
-1.67
-2.67
9.67
4.67
3.33
2.67
-6.0
3.33
0.33
-1.0
0.0
-0.67
-1.33
3.0
6.67
-2.67
0.67
1.0
2.33
6.33
1.67
2.0
3.0
2.0
3.33
3.33
0.33
-0.33
6.33
-5.0
4.67
1.0
7.0
-0.67
3.67
1.33
5.67
0.0
0.33
5.33
-0.33
-2.0
1.67
4.0
1.67
-2.0
0.0
1.67
-3.0
5.67
0.33
2.67
-3.0
0.33
1.0
6.33
3.33
3.0
1.67
-0.67
1.33
-4.67
2.67
3.0
11.33
-2.33
-2.0
5.0
-0.33
8.0
3.33
5.33
-2.0
4.33
0.67
1.67
-2.33
8.67
6.33
0.0
3.67
4.33
5.33
6.0
-2.33
5.67
5.33
3.33
1.0
1.67
4.0
4.0
7.67
4.0
3.67
9.0
1.0
5.33
10.67
9.0
6.0
11.0
7.67
18.0
6.67
15.0
15.0
11.0
20.67
17.0
20.0
25.33
19.33
31.67
19.67
20.67
31.33
19.33
27.33
23.33
26.67
27.33
13.67
11.33
22.0
15.33
3.33
17.67
11.0
9.0
15.67
11.0
10.0
2.0
3.33
2.0
9.0
4.0
10.0
9.0
5.0
4.0
7.67
3.33
5.0
4.67
7.33
-3.0
5.0
15.33
4.67
18.67
1.67
-1.33
4.67
7.33
-1.67
3.67
2.33
4.33
2.67
-1.67
5.0
9.33
3.33
1.67
-4.0
7.33
1.0
9.0
4.67
5.67
-4.33
8.0
0.67
5.33
4.33
2.0
-4.67
5.67
5.33
-2.33
7.67
-1.0
-1.0
4.0
5.67
-1.33
-5.33
10.0
4.33
3.67
4.0
-2.33
-6.0
0.67
2.67
5.33
1.67
3.33
4.67
1.67
8.67
1.0
-0.67
7.0
-0.33
4.33
2.67
15.33
10.67
6.33
3.0
3.33
15.67
4.67
5.67
4.0
10.67
4.33
10.67
3.0
4.0
3.33
4.67
2.33
13.0
1.33
2.67
7.67
4.0
-2.67
8.0
12.67
6.33
5.67
2.0
-8.0
10.33
2.33
0.67
-0.33
4.33
8.0
-2.67
3.33
-1.0
-0.67
2.0
7.33
-4.0
9.33
-1.0
3.33
3.0
-1.0
6.33
-2.67
2.67
0.67
-1.0
-2.0
7.33
-0.67
4.0
0.67
0.67
6.67
2.0
5.67
2.67
6.33
4.0
6.33
2.33
-1.67
6.67
5.33
9.0
2.0
5.67
2.67
6.67
11.67
1.33
3.0
8.33
10.0
1.33
-0.33
6.67
12.33
4.67
4.67
-0.67
4.67
2.67
-1.0
3.33
8.67
4.33
2.67
14.67
10.33
3.67
6.67
12.67
6.0
8.0
15.67
2.67
7.0
0.67
6.67
5.0
10.0
8.0
16.33
5.0
10.33
9.0
2.0
10.67
11.67
11.67
7.67
12.67
12.33
22.33
10.67
19.33
17.33
15.33
11.67
12.0
26.67
18.67
28.0
16.33
16.0
25.0
31.33
27.67
19.67
4.67
7.67
17.0
11.33
14.33
16.0
9.67
15.0
0.0
17.33
14.33
12.33
10.33
6.0
10.67
9.67
10.0
10.67
8.0
10.67
2.67
10.33
12.33
-1.67
3.33
15.33
11.33
18.0
14.67
1.33
4.0
10.33
7.67
2.0
13.67
11.67
14.67
7.67
13.33
6.67
2.33
8.0
-1.0
0.0
5.67
9.67
12.67
9.33
17.67
6.67
9.0
6.33
8.0
12.33
13.67
9.0
-0.67
9.67
12.67
5.33
12.0
6.67
7.0
8.33
11.33
4.67
14.33
3.67
6.33
9.67
8.67
6.33
10.33
13.67
9.0
11.33
10.33
8.33
4.0
5.33
4.0
13.33
14.67
6.33
14.67
8.67
3.0
12.0
8.67
5.67
19.33
2.0
7.0
11.67
6.0
3.67
3.33
7.0
12.33
17.0
5.67
5.67
6.33
8.33
7.0
9.0
10.67
2.67
11.67
14.33
-2.33
6.67
4.0
10.0
3.0
9.0
11.33
5.33
5.67
6.0
4.67
9.67
10.0
1.0
4.33
7.33
10.0
13.0
4.0
4.0
11.67
-0.33
12.67
2.33
13.0
6.67
7.33
10.67
26.67
5.67
35.0
18.0
18.67
23.67
-4.67
11.67
3.67
23.67
7.33
9.67
7.0
2.67
9.67
5.33
17.33
6.67
2.0
14.33
10.33
6.33
7.33
11.33
10.67
11.67
6.0
9.33
9.67
8.0
3.67
8.33
2.0
3.67
6.67
4.33
7.0
5.67
7.0
3.67
7.0
1.0
16.67
11.33
9.0
-2.0
17.0
12.33
14.67
9.67
9.33
10.0
9.67
15.67
12.33
3.67
0.67
4.0
7.33
3.0
11.0
8.33
16.33
8.33
1.67
7.67
5.0
7.0
6.67
15.33
6.33
16.67
17.33
17.67
12.67
16.0
7.67
7.67
12.33
14.67
19.67
10.0
10.33
3.33
16.67
6.0
9.0
15.67
15.33
9.0
17.67
0.33
4.67
9.0
8.33
21.67
20.67
12.0
17.0
16.0
9.33
17.33
17.0
16.33
20.67
20.67
21.0
11.67
17.67
16.67
15.33
23.67
23.67
29.0
14.67
24.67
34.67
32.33
30.67
39.67
45.0
44.33
45.0
36.0
67.33
59.0
63.33
62.33
87.33
84.67
96.0
98.33
75.0
86.0
76.33
88.33
77.33
115.0
113.0
97.67
99.33
99.0
90.67
76.33
73.67
71.67
44.67
63.33
50.33
36.33
40.33
45.67
39.67
33.67
10.33
24.0
19.67
20.67
29.0
25.0
25.33
6.0
15.0
15.67
11.67
15.67
23.33
20.67
9.67
3.67
5.33
7.67
21.67
19.67
11.0
-1.67
23.67
5.0
10.33
7.67
4.33
8.33
10.33
21.67
7.33
2.67
9.67
1.33
14.0
2.33
16.67
13.67
7.33
12.67
10.0
10.0
13.0
17.33
19.0
4.0
1.0
15.67
19.67
12.0
4.67
3.33
9.0
4.67
21.0
1.67
-2.33
12.67
16.0
4.67
5.67
9.0
2.33
11.67
9.67
8.0
16.33
17.33
20.0
8.0
8.33
3.0
-0.33
4.33
5.0
16.67
4.33
10.33
3.0
15.0
17.0
6.0
3.0
0.0
8.0
18.0
11.0
15.0
11.67
12.33
17.67
16.67
-1.67
19.0
17.0
7.0
12.67
13.0
6.0
16.67
11.33
16.0
-0.67
7.67
20.0
10.33
7.67
12.67
15.0
14.67
5.67
14.0
-0.33
4.33
10.67
9.0
-0.67
3.0
21.0
16.33
1.0
10.67
3.33
10.0
15.33
6.67
9.0
10.0
-4.33
5.67
1.33
7.33
-2.0
8.67
-6.33
2.67
18.0
16.0
-1.33
7.0
-0.67
8.0
19.33
20.0
22.0
11.0
0.33
3.67
20.33
-2.0
15.67
16.67
6.67
6.0
3.67
-2.33
3.0
4.0
9.0
10.67
19.0
5.67
11.33
12.67
15.0
-2.33
17.67
20.0
21.0
8.33
26.67
15.67
16.0
5.67
13.0
16.33
14.33
19.0
9.67
12.33
12.67
29.0
22.33
40.0
25.0
17.67
29.0
29.0
15.33
27.67
21.33
24.33
23.67
35.67
26.0
45.33
30.0
24.33
12.33
26.67
7.0
16.33
12.0
12.67
7.33
23.0
-2.67
7.67
9.0
2.33
-4.67
6.33
14.33
1.0
10.0
-3.0
4.0
1.33
10.33
15.33
6.67
4.33
11.33
11.0
12.33
24.33
12.33
9.0
13.67
5.67
11.33
-13.67
0.0
19.67
6.33
10.33
7.33
2.33
14.67
16.67
4.33
-0.33
6.0
-1.67
11.0
-8.0
12.33
8.67
7.0
0.33
10.67
-3.0
21.33
0.0
-1.33
10.0
8.33
-2.67
-1.67
11.0
-4.67
11.33
10.67
13.33
0.67
19.33
3.67
3.0
7.67
5.67
13.0
11.67
-0.67
-3.33
31.33
2.67
6.67
8.33
19.0
0.33
-5.33
0.67
7.0
5.0
-1.33
-4.33
8.0
-9.67
10.33
-2.33
4.67
-1.33
8.33
8.67
0.0
12.33
1.33
14.33
-4.0
23.67
-4.33
-4.67
5.0
9.0
10.33
0.33
2.0
0.67
2.67
6.33
-8.0
-1.67
7.33
4.33
5.33
2.33
4.67
11.0
-4.0
-1.33
10.67
9.0
0.33
-6.67
10.33
4.0
-3.0
3.67
0.67
9.33
1.67
6.67
1.67
5.33
3.0
7.0
9.67
-1.0
-2.0
-3.67
5.33
-3.33
21.0
1.67
-6.67
-4.67
2.33
3.0
1.67
8.33
6.33
11.67
6.0
3.67
-7.67
7.67
-4.0
-5.0
-11.0
-2.33
6.67
-1.0
5.67
1.33
5.67
-0.33
5.33
0.0
2.0
1.0
6.0
7.33
-2.67
6.67
8.67
-1.0
5.33
8.67
-2.0
3.33
5.33
10.33
-2.33
5.67
14.0
-3.33
10.67
-7.33
8.0
-12.67
-0.67
12.0
0.33
11.33
6.33
0.0
0.33
5.0
6.67
-11.67
11.33
1.0
-0.33
1.33
11.67
2.67
8.33
9.33
10.67
2.33
6.67
7.67
7.0
10.33
5.0
10.33
12.0
0.0
4.67
-6.0
12.0
18.0
10.0
2.67
11.67
-2.33
14.0
-4.33
17.33
3.0
5.33
1.0
8.67
9.33
1.67
8.67
0.0
-2.67
1.67
-2.33
-1.0
-7.67
0.67
5.0
-3.0
-4.33
6.67
1.67
-3.67
3.33
-4.67
0.67
1.33
8.67
-0.67
2.67
-2.33
-2.0
-2.33
-0.67
-1.0
1.0
0.0
-4.33
0.67
2.67
-2.67
9.33
11.33
-1.0
-8.33
3.0
6.67
0.0
-0.33
-2.0
-2.0
-3.33
-6.33
2.67
9.33
9.33
14.0
1.0
2.67
-5.67
-1.33
7.67
-1.33
-0.67
4.0
0.0
8.0
2.67
3.67
0.67
3.67
-2.33
0.67
1.33
8.33
5.0
0.67
-1.33
-2.67
4.33
-2.0
5.33
-3.0
13.0
-9.33
5.33
8.0
-2.67
-8.67
2.0
0.67
6.0
1.67
1.67
-3.33
-6.33
-2.33
2.67
0.0
1.67
5.67
6.0
-3.0
-2.0
-0.33
10.33
-0.67
1.0
0.33
2.67
-1.67
-8.0
-1.67
3.0
2.33
3.33
0.67
4.0
3.33
-7.0
1.33
4.0
4.33
1.33
-1.67
6.33
1.0
-2.0
9.33
0.67
5.67
1.0
4.67
-2.67
5.67
0.0
8.67
8.67
-1.33
6.67
5.0
-0.67
8.0
3.67
1.33
4.0
-0.67
3.67
6.67
-1.33
4.33
5.0
4.67
3.33
4.67
-4.67
3.33
0.67
6.33
2.33
5.33
5.67
11.0
4.0
5.67
-2.0
-0.33
-3.33
-1.67
12.67
-0.33
2.0
2.67
0.0
-2.33
8.33
-2.67
5.67
5.67
2.67
1.0
5.33
4.67
3.33
7.33
3.0
1.67
-2.67
4.0
7.33
-2.33
-1.0
6.67
3.33
1.33
-1.67
0.0
0.33
-0.33
2.33
8.67
1.67
4.67
4.33
0.0
6.33
-6.0
-2.0
-3.33
-3.67
1.33
4.33
-3.33
-2.67
1.67
-1.67
-2.0
-2.0
2.67
5.67
2.33
3.33
4.0
5.67
0.33
8.0
5.67
7.33
4.67
2.67
-3.67
2.0
1.33
8.0
2.33
2.0
9.33
1.33
-2.0
-2.67
2.67
4.67
4.0
7.33
10.0
-4.33
6.33
6.0
-4.67
8.67
-0.33
5.33
1.33
-1.33
-1.33
0.33
-0.33
4.0
-2.67
3.0
9.33
-4.67
1.67
-3.0
3.0
-1.0
0.67
-3.33
0.33
5.0
0.33
-1.67
-0.67
0.67
-0.67
-1.0
-3.33
-0.67
6.0
-1.33
3.67
3.0
7.67
4.33
1.33
1.0
9.33
7.33
