0.0
-1.67
-3.33
61.0
34.33
-23.67
135.33
143.33
59.0
39.0
46.67
-19.0
39.67
9.33
4.0
-48.0
65.67
19.33
23.0
27.67
-10.0
-26.0
-1.0
13.33
16.0
12.33
4.33
5.67
-1.33
-9.67
9.0
-3.67
3.0
-5.67
0.0
3.33
2.67
2.0
1.0
1.67
-0.33
0.0
1.67
0.0
0.0
-1.33
0.0
1.0
-0.33
-0.67
-0.67
0.67
0.67
-0.67
-0.33
-0.33
-0.33
0.0
0.0
1.0
0.67
-0.33
-0.67
-0.33
-0.33
0.0
1.0
-0.33
-0.67
0.0
-0.33
-0.33
0.67
-0.67
1.33
0.0
-0.67
1.0
-0.33
-0.33
0.33
0.33
0.67
-1.0
-0.33
-0.33
-1.0
-1.0
-0.67
1.33
-0.33
-0.67
2.0
-1.0
0.67
1.67
0.33
-1.0
-1.0
1.0
0.0
2.33
0.0
5.0
-1.33
-2.0
2.0
-1.0
-2.0
2.0
2.0
-0.33
-1.67
-0.33
-1.0
-0.67
0.67
-0.33
-1.67
1.33
-2.67
-2.33
-0.67
0.33
0.33
2.67
0.67
-3.67
5.0
2.33
4.0
7.67
-0.67
-1.67
4.33
-1.33
1.33
1.67
2.67
-3.67
7.0
1.67
0.33
2.0
2.0
3.0
0.33
1.33
-0.67
7.0
4.33
2.67
9.0
3.0
1.67
-2.33
4.0
4.67
3.0
6.0
2.0
-0.33
3.0
0.67
0.0
5.33
4.33
0.67
1.67
-0.33
6.33
-1.0
1.67
6.0
4.67
4.67
3.67
2.67
0.0
-0.67
0.33
-0.67
-1.67
3.33
-4.67
0.33
2.33
9.33
3.33
6.33
0.33
4.0
2.33
-3.67
1.33
-2.33
12.33
3.33
0.33
0.0
1.0
3.0
1.33
7.33
-9.0
-1.67
6.33
-1.67
0.67
2.0
-2.0
3.0
-7.67
4.0
-2.0
2.0
8.67
5.33
2.67
8.33
3.33
0.67
5.33
5.0
9.0
-0.67
0.0
5.67
1.0
5.67
1.33
0.67
1.33
7.33
4.0
1.33
-5.33
14.67
0.0
1.67
2.67
8.0
-0.33
7.0
1.0
-4.0
-3.0
4.33
3.0
-2.67
9.0
5.67
1.33
2.0
-2.0
0.0
2.0
5.0
4.67
2.0
2.67
-2.33
5.0
9.67
3.67
5.0
4.67
3.67
11.0
6.0
2.67
5.33
-3.67
-5.67
6.33
-1.0
-3.33
3.33
0.67
1.0
13.67
7.0
1.33
5.67
9.33
7.33
8.33
2.0
-0.67
7.0
2.67
7.33
3.67
2.0
11.33
2.33
1.0
-1.33
4.67
-0.33
-1.67
-1.33
4.33
10.67
-1.0
5.0
8.0
4.33
2.0
5.33
2.0
3.67
1.33
-0.33
0.33
-2.33
6.0
0.0
3.67
-3.0
-2.0
-1.0
5.33
7.67
5.33
3.67
0.33
3.33
-0.67
6.0
6.67
1.67
6.67
-3.0
0.33
-4.33
10.67
0.67
-1.0
3.67
1.33
0.33
1.67
2.67
-8.33
5.0
3.67
10.33
3.0
1.33
1.0
4.0
4.67
-1.67
0.67
5.33
4.0
8.67
1.0
5.67
0.33
4.0
-3.33
3.67
0.67
2.67
8.67
2.67
4.67
6.33
3.33
0.33
8.67
3.0
-2.67
-6.0
13.0
-1.0
1.33
3.33
-1.67
-0.67
2.67
-0.67
2.0
0.67
0.33
2.0
9.33
-1.33
8.0
1.67
-4.0
1.0
0.0
-0.67
2.67
7.0
-3.67
-4.0
8.67
3.67
-3.33
6.33
-6.0
-3.33
0.33
-4.33
2.67
8.33
1.0
2.33
3.33
-4.33
0.33
3.67
1.33
1.0
-1.33
0.33
-0.67
5.0
1.67
2.0
-1.0
2.67
4.33
5.33
-2.67
3.0
0.67
0.0
10.33
4.67
3.67
0.67
1.0
3.67
6.0
0.33
2.33
-2.0
0.67
-0.33
6.33
-0.67
4.33
-4.33
2.0
5.67
0.0
1.33
2.0
0.33
2.67
-7.0
5.67
-1.67
7.33
2.0
4.33
1.33
2.67
-1.67
2.0
5.67
-2.0
1.67
-2.0
1.67
-1.67
-0.67
4.33
-0.33
-1.0
4.0
4.33
6.0
-0.67
0.67
-2.0
4.0
3.67
0.67
4.33
-4.67
5.0
2.67
6.0
-2.0
-0.67
3.67
-0.67
-0.67
2.0
3.0
3.67
1.33
5.0
-1.0
5.67
1.0
0.67
1.67
-5.0
5.0
3.67
0.33
-1.67
4.0
1.67
0.0
-3.67
-0.33
0.67
-3.67
4.33
0.67
-1.0
2.67
0.0
7.0
-0.67
0.0
3.33
1.33
1.33
-0.33
4.67
2.33
3.0
2.67
-1.33
6.0
-2.0
0.33
5.33
1.67
-1.0
4.33
2.0
-5.0
3.33
1.67
-2.33
-1.0
4.0
7.67
-0.33
0.0
-0.67
0.0
-6.0
4.67
4.0
-0.67
1.67
0.67
6.33
2.0
1.33
0.33
6.67
4.33
2.0
1.67
3.33
1.67
-2.33
0.33
5.67
-0.67
3.33
0.67
-1.33
0.0
2.33
3.33
0.67
1.67
0.0
0.0
0.67
-3.0
1.0
4.0
0.67
3.0
4.67
-1.67
8.0
1.67
-0.67
0.67
-0.67
-4.67
-2.33
0.67
3.0
-2.33
5.33
3.0
5.33
1.0
1.67
-3.33
-1.67
2.33
-1.33
-5.0
-1.33
3.33
1.0
0.67
2.0
5.0
2.67
4.67
2.33
-1.67
2.67
0.33
2.67
-3.67
0.33
-0.33
-3.33
0.67
3.33
-3.67
1.67
-1.67
3.0
1.33
6.67
1.0
0.0
0.0
0.33
2.33
-3.67
-3.0
4.0
4.67
-4.33
6.0
-3.0
2.33
0.67
-4.33
0.33
-1.67
2.67
0.67
0.33
-2.33
-2.0
5.67
2.33
-1.0
2.0
7.33
6.33
0.33
-1.33
1.0
3.33
-3.0
3.67
6.33
-0.33
-4.67
-1.0
4.67
-0.33
6.0
4.67
3.67
-0.67
-3.0
-2.0
1.0
5.33
1.67
-5.33
2.0
-1.67
6.67
1.33
0.67
-2.33
-1.33
2.67
-1.33
0.0
3.33
3.67
-0.33
-0.67
2.33
2.67
2.67
4.33
3.67
0.0
0.33
-3.67
6.0
3.0
4.33
-0.33
-1.0
11.67
0.33
0.67
-2.0
0.33
-0.67
-1.33
11.0
2.0
1.0
-3.67
0.33
5.33
-5.33
-2.67
-3.0
0.67
3.0
-3.0
-0.67
4.67
1.33
3.67
-2.0
-0.67
1.33
-2.33
-2.0
-0.33
1.0
0.67
-1.0
-1.0
3.67
0.0
-3.33
4.33
1.67
3.0
-0.67
1.0
3.33
0.33
0.0
-0.33
2.33
2.33
-4.67
-2.33
5.0
-0.67
2.67
-1.0
5.0
1.67
-1.0
2.33
2.33
0.0
4.33
2.67
0.67
6.67
0.67
0.33
4.0
0.67
5.33
3.33
1.0
1.67
7.67
-0.67
5.33
7.0
3.67
11.0
5.0
-0.33
6.0
6.67
5.0
6.0
7.33
5.67
7.0
15.0
14.0
19.67
5.0
11.67
8.0
17.0
16.0
14.67
20.0
23.0
29.33
22.33
16.67
15.67
23.67
23.33
29.33
20.33
24.33
11.67
7.33
22.67
18.33
7.0
15.33
20.33
11.67
16.0
5.0
7.67
1.0
2.0
3.0
3.33
-2.0
2.0
7.0
8.0
7.0
6.0
2.0
4.67
9.33
-1.0
2.67
-0.67
1.0
8.0
9.33
0.67
0.67
-1.33
6.67
8.67
0.33
1.33
-3.33
-2.67
3.33
4.67
-0.67
9.0
-1.67
10.33
1.67
-4.0
1.33
6.0
14.0
5.67
11.67
4.67
2.0
7.67
9.33
1.33
3.0
0.33
9.67
4.33
5.67
0.67
8.0
4.0
9.0
0.67
7.67
-4.33
4.0
1.33
5.67
9.0
3.67
5.0
-2.33
2.67
0.33
0.67
0.33
-1.33
1.67
2.67
0.0
0.33
0.0
9.67
1.33
-0.33
6.33
2.67
9.33
15.0
2.33
2.67
3.67
4.67
0.0
5.67
7.33
11.67
5.0
-5.0
-6.67
2.67
4.33
13.0
0.33
10.67
-3.33
6.0
8.33
5.0
7.67
3.33
1.67
10.0
12.0
14.33
4.33
4.67
-3.33
6.33
0.0
-1.67
-2.67
-1.0
7.33
-1.0
2.33
3.0
4.33
6.0
7.33
12.0
6.0
10.33
-2.67
6.67
4.67
1.0
0.0
-0.67
0.33
7.0
8.67
3.67
7.67
3.0
-0.33
2.67
-2.67
3.0
4.33
8.33
9.33
2.67
9.33
12.0
0.0
6.67
6.67
1.67
2.67
6.33
9.0
0.33
5.0
0.33
5.67
15.67
7.33
2.67
4.67
-0.67
3.67
6.67
4.0
14.33
6.67
10.33
3.67
2.67
7.33
4.67
7.67
6.67
9.0
6.0
6.67
2.67
8.0
11.67
4.67
4.0
6.0
8.0
2.33
7.0
2.33
14.0
9.0
6.67
-2.33
9.67
1.67
1.67
24.33
12.33
8.67
22.33
6.33
18.33
20.67
19.0
18.67
11.67
18.0
11.33
21.0
23.0
14.33
16.67
13.67
15.67
19.67
20.0
22.33
15.33
13.0
9.67
10.0
8.0
8.33
5.33
14.33
11.33
8.0
4.67
4.67
5.0
12.67
4.0
16.67
2.67
4.33
7.33
5.33
15.33
8.33
6.33
10.0
8.67
6.33
12.0
7.33
13.67
-3.0
10.67
7.67
10.67
7.67
5.33
9.67
4.33
10.0
2.0
10.0
5.67
11.67
13.67
15.33
7.67
7.67
5.0
10.33
7.0
3.33
4.67
-1.0
11.33
5.67
5.67
5.33
11.0
5.67
9.0
3.33
11.33
5.67
22.33
6.67
8.33
0.67
6.67
11.33
19.33
6.67
0.0
5.33
4.33
1.33
9.0
6.33
7.0
17.33
18.67
5.33
3.67
7.67
4.0
10.0
8.67
1.67
9.33
10.0
8.0
4.67
8.0
10.67
-2.67
10.0
13.33
18.0
2.67
9.67
8.33
12.33
11.0
-3.0
11.67
2.67
-0.33
21.33
11.67
10.67
6.0
11.0
16.0
16.0
18.33
6.33
7.67
6.0
0.67
2.67
9.0
1.0
18.33
4.33
12.0
4.0
9.0
10.0
6.67
6.67
20.67
-3.67
8.0
8.67
10.33
38.67
13.67
6.67
27.0
14.0
-4.33
20.67
7.33
0.67
0.67
10.67
-3.67
6.67
0.0
-0.33
11.67
1.33
13.33
4.67
6.0
11.33
-2.67
12.33
1.33
5.33
8.67
4.67
2.0
0.33
9.67
4.0
14.67
5.33
6.0
7.67
9.67
3.33
17.0
17.67
7.0
18.67
6.0
17.0
11.67
9.33
8.0
-2.0
16.0
4.33
11.67
8.67
11.33
12.0
13.67
16.67
8.33
9.67
5.67
15.0
10.33
4.0
11.0
3.33
9.33
4.33
7.67
13.67
6.0
7.0
12.67
5.33
-1.67
17.67
13.33
10.67
9.67
3.0
16.67
0.67
10.33
5.67
17.67
17.0
17.33
6.33
7.67
18.0
16.0
12.67
13.33
8.0
13.67
-0.67
16.67
17.0
17.33
25.67
13.67
6.0
20.0
12.0
16.33
21.33
27.0
13.33
20.67
16.67
30.0
19.67
20.67
19.67
28.33
19.67
26.67
14.0
28.67
22.67
40.67
22.33
14.67
30.67
36.0
63.33
45.0
63.0
52.33
47.0
88.33
75.33
74.33
86.67
101.0
96.33
83.0
86.0
108.33
90.33
90.33
95.0
99.0
102.67
89.33
90.0
80.67
70.33
41.67
75.67
62.67
66.33
52.33
38.33
42.33
45.67
28.67
27.67
24.33
32.0
32.67
17.67
21.0
23.0
14.33
13.0
6.0
14.67
7.67
7.67
21.33
8.67
14.67
7.67
13.33
2.67
7.67
4.67
8.0
11.33
17.67
8.0
12.33
19.67
3.33
9.33
11.33
11.67
3.33
8.67
2.67
-2.67
11.0
8.33
3.67
17.67
12.33
4.67
20.0
5.0
7.0
15.33
17.0
-1.0
21.0
7.67
17.67
19.0
18.67
14.33
-1.0
5.67
17.0
7.67
1.67
23.67
14.0
12.67
15.67
10.0
12.33
20.67
17.67
12.0
3.33
1.33
24.0
-4.0
7.33
-1.0
9.67
15.33
12.0
8.67
12.33
18.33
11.0
12.0
5.0
15.0
8.0
34.0
7.0
19.0
12.0
10.0
4.67
-2.67
12.67
10.67
-0.67
15.0
14.0
1.0
3.67
28.0
22.0
7.67
1.33
9.0
1.33
14.67
9.0
4.33
3.67
14.67
22.0
4.67
3.67
8.0
0.67
10.33
2.67
19.0
9.33
-5.0
15.0
7.33
23.0
6.67
10.33
8.0
8.33
12.67
5.0
1.0
-1.33
11.67
-0.67
11.33
-3.0
17.67
7.67
10.67
0.0
0.0
-2.33
5.0
2.33
7.0
10.33
15.0
1.0
4.0
0.33
5.67
1.33
-4.0
6.67
13.67
16.67
0.0
3.67
12.67
7.0
3.0
22.0
4.67
9.0
3.67
24.33
18.67
19.0
16.67
15.67
17.0
12.0
19.33
15.67
17.67
13.0
31.67
27.0
22.33
33.33
21.0
29.67
32.33
23.67
33.0
25.33
41.0
29.0
36.67
21.0
16.0
26.33
28.67
25.33
24.33
28.67
17.67
29.0
15.33
34.0
26.33
10.33
13.67
15.0
19.33
23.0
12.67
10.33
15.0
0.33
-6.33
3.0
8.33
20.33
24.33
8.33
11.0
8.0
0.0
4.0
3.33
8.33
4.33
2.67
-1.67
7.33
4.0
14.33
6.33
7.33
12.0
6.67
10.67
9.33
-2.67
11.0
3.67
14.33
18.33
4.33
6.33
9.67
7.67
11.33
6.67
7.0
-1.67
10.0
3.0
-1.67
-4.33
21.0
3.33
14.67
15.0
5.33
0.0
4.67
5.0
8.33
7.33
14.33
6.0
10.33
16.33
15.67
3.33
21.67
19.33
-0.33
12.0
-6.33
9.67
10.0
10.67
0.33
5.67
-1.67
6.67
17.67
18.33
6.0
10.33
8.67
5.67
6.0
8.0
12.67
-0.33
14.0
0.33
-8.67
5.67
5.67
-2.33
1.33
17.67
5.0
-9.67
6.33
8.33
6.0
11.67
11.67
-4.67
3.0
0.0
8.33
-2.67
4.0
-1.33
1.67
1.33
-1.0
-1.67
11.33
11.33
-3.67
9.33
1.67
9.0
10.0
-9.33
-4.33
5.0
14.33
-1.67
9.33
-16.0
0.0
4.67
-2.33
10.33
9.67
5.67
5.67
0.33
-2.0
2.0
7.67
-1.0
16.0
-4.67
-3.67
8.67
2.0
0.67
6.33
-1.67
8.33
-2.0
2.67
3.33
13.33
2.67
7.0
3.67
12.33
5.67
0.0
6.0
-4.0
4.67
5.67
-6.0
0.67
21.33
2.67
0.67
12.33
-3.0
-2.0
9.0
-1.0
9.33
0.33
3.67
-1.33
-3.0
8.33
-1.33
0.0
2.33
3.33
4.33
4.67
2.67
2.0
2.67
11.67
4.67
16.0
-5.67
1.33
12.0
1.33
-3.67
9.33
5.0
-6.67
-2.0
9.67
2.33
13.33
9.0
-5.33
4.33
16.67
9.67
0.33
7.33
9.67
4.33
-10.33
16.67
6.0
-0.67
0.0
9.33
10.0
8.0
0.67
5.0
2.0
8.0
15.0
10.67
8.67
1.67
2.0
-1.33
5.33
1.0
4.33
0.0
8.67
1.33
2.67
-2.33
-1.0
-4.67
-3.33
1.67
1.0
-5.67
1.67
9.0
5.0
-9.33
9.67
4.67
-3.67
4.33
3.33
8.67
5.33
5.67
-6.67
4.67
5.67
-1.0
-7.33
2.33
2.0
4.0
6.0
-2.33
2.67
-3.33
-0.67
1.33
-0.67
-1.0
-0.33
-6.0
3.67
13.0
-0.33
-3.0
8.0
2.67
-0.33
6.67
10.33
-1.67
2.0
18.0
2.67
6.33
4.67
7.67
2.67
11.33
7.0
4.0
7.0
4.67
-4.33
2.67
-0.33
-6.33
2.67
5.33
9.33
2.0
2.67
-4.33
1.33
13.33
15.0
5.33
3.0
0.0
-4.33
0.33
5.0
6.33
0.33
2.0
-2.33
6.0
4.67
2.67
3.67
-3.33
1.67
11.67
-6.0
0.67
3.67
-3.0
-2.0
9.0
4.67
4.33
6.33
12.0
6.33
-3.33
11.33
-2.0
7.33
-1.0
2.33
-1.67
3.67
6.0
5.33
-3.0
5.33
0.0
5.33
2.33
1.33
7.33
3.0
2.0
0.33
11.67
5.67
3.0
9.67
2.33
1.67
0.0
8.67
-1.33
4.67
1.67
2.0
7.33
-5.0
1.67
6.33
7.0
8.33
-0.33
-2.33
2.67
8.33
-2.0
4.67
-6.67
9.67
2.33
-2.67
-1.33
7.33
7.33
-2.67
5.67
4.0
7.0
-0.33
3.0
5.67
12.67
5.33
1.67
2.67
2.0
2.67
0.0
1.67
7.33
0.33
9.67
6.67
-1.33
-2.0
-3.67
2.67
-7.67
8.33
-1.0
4.67
-8.67
4.0
5.33
0.67
4.0
-3.33
2.33
0.33
3.33
-3.0
1.33
4.67
2.33
-0.33
-1.33
3.67
5.33
-2.0
2.33
0.0
-7.0
-5.33
-3.67
-2.67
5.33
4.67
4.33
-0.33
2.33
-2.0
-1.0
0.67
3.67
6.33
4.33
3.0
-0.33
1.33
5.0
3.67
-0.67
4.67
2.67
-0.67
4.0
0.33
3.0
4.33
-1.0
8.33
3.33
-6.0
0.33
-0.33
10.67
4.0
4.33
0.0
0.67
2.33
2.0
0.33
3.67
-4.33
4.33
0.33
-2.33
-1.33
4.33
2.67
-2.0
-3.67
3.0
2.33
-4.67
-1.33
-1.0
0.0
1.0
-3.33
0.67
0.33
5.0
3.33
1.33
-1.67
-4.33
7.33
-1.0
-1.33
6.33
2.0
0.67
-3.33
5.0
5.67
2.33
2.33
6.0
2.33
2.33
