0.0
8.33
-30.33
106.0
25.33
65.33
4.33
6.33
-36.0
47.0
22.67
-20.0
-5.33
-72.67
-11.0
-22.0
-19.33
-45.67
-12.0
-0.33
0.0
-5.0
-13.0
7.33
16.0
-4.67
4.33
-2.33
-1.33
-3.67
4.0
1.33
-4.0
0.33
-1.0
-0.67
0.67
-1.0
1.0
1.67
-0.33
0.0
1.67
0.0
0.0
-1.33
0.0
0.0
-0.33
1.33
-0.67
0.67
-0.33
-0.67
-0.33
-0.33
0.67
0.0
2.0
0.0
-0.33
-0.33
-0.67
-0.33
0.67
0.0
2.0
-0.33
-0.67
0.0
-0.33
0.67
0.67
0.33
-0.67
-1.0
0.33
2.0
-0.33
-0.33
-0.67
-0.67
-0.33
-1.0
-0.33
-0.33
-1.0
1.0
0.33
-0.67
-0.33
0.33
2.0
1.0
-0.33
1.67
0.33
0.0
1.0
1.0
0.0
-0.67
1.0
-1.0
0.67
1.0
0.0
2.0
1.0
0.0
0.0
4.67
1.33
0.67
1.0
-1.67
0.67
-1.33
-3.67
2.33
1.33
-1.33
-1.67
-2.67
3.33
-1.33
0.67
5.33
2.0
-0.67
5.0
4.67
4.33
1.33
3.33
3.67
4.33
-1.33
-1.33
8.33
1.0
4.67
-3.67
0.0
6.0
2.0
-4.67
7.33
3.33
8.0
3.33
-1.33
-1.0
2.0
3.67
-5.33
2.0
6.67
0.0
-2.0
5.0
1.67
4.0
2.67
-5.0
6.33
-0.67
-1.33
0.67
5.67
1.33
1.0
-0.33
-1.0
6.67
4.67
0.67
3.67
-3.0
7.33
8.33
4.33
3.33
-1.67
-1.67
-0.67
3.33
2.33
11.33
5.33
9.33
-1.0
-5.67
1.33
2.33
-5.33
7.33
3.33
-0.67
0.0
2.0
6.0
1.33
8.33
-2.0
1.33
3.33
2.33
4.67
-2.0
2.0
-5.0
-2.67
3.0
3.0
9.0
-0.33
-0.67
3.67
1.33
5.33
-2.33
10.33
8.0
-1.0
6.33
-4.0
3.67
9.0
-3.33
-2.67
-3.33
-2.67
-2.67
2.0
1.33
-3.33
3.67
-4.0
12.67
0.67
0.0
0.67
8.0
3.0
-3.0
7.0
-3.67
2.0
6.33
5.0
6.67
10.33
3.0
1.0
-3.0
7.0
4.0
2.67
13.0
3.67
0.67
3.0
3.67
1.67
3.0
2.67
-5.33
4.0
8.0
1.67
-0.67
0.33
0.33
3.33
5.0
5.67
-0.67
-3.33
-3.0
2.67
1.0
-0.67
4.67
-1.67
5.33
8.33
-3.0
12.33
7.0
8.67
10.33
-3.33
6.0
4.33
1.33
3.0
1.67
-2.33
1.67
5.33
9.67
3.33
11.67
-1.0
-4.0
1.0
2.33
8.0
0.33
4.0
2.67
2.33
0.67
-2.67
0.67
3.0
0.0
5.67
1.0
5.0
-3.0
4.33
4.67
2.33
0.67
5.33
5.33
-0.67
7.0
4.67
-1.33
1.67
-2.0
5.33
-0.33
0.67
5.67
4.0
-5.33
6.33
-0.67
0.67
-0.33
0.67
-1.0
-3.33
5.33
6.0
-2.67
4.0
6.0
-6.33
3.33
4.67
-5.67
-3.0
3.67
3.0
2.67
2.33
0.0
-0.33
4.67
-2.33
4.67
-5.33
10.67
8.67
-0.67
2.33
1.33
0.67
0.0
-1.67
5.0
3.0
4.0
-0.67
6.33
2.33
1.33
1.67
1.33
4.0
1.67
4.33
0.0
3.33
3.67
4.0
3.67
-3.0
7.0
0.0
1.33
0.67
8.0
-7.67
-1.0
0.67
-1.33
-1.33
4.33
-2.0
2.67
2.33
-9.33
6.67
-2.67
8.0
4.33
-3.67
3.67
0.33
-2.33
2.33
-1.0
-2.33
-3.67
2.33
1.0
2.67
7.0
-4.0
-0.33
0.33
-3.67
-3.67
0.0
3.67
1.0
4.33
-1.33
3.67
7.67
-1.0
-2.33
7.0
-2.67
-2.67
3.0
2.67
-2.33
3.33
4.33
-3.67
-1.33
5.0
1.67
-4.0
2.33
1.0
-3.67
2.67
-5.0
4.67
-1.67
4.33
2.0
-2.67
-2.67
1.67
0.33
8.0
3.67
-4.0
2.67
-4.0
-5.33
-2.67
2.33
-2.67
-4.33
2.0
1.0
0.33
9.0
-2.67
-4.33
-5.0
3.0
4.67
-0.33
1.33
2.33
0.0
2.67
-2.0
0.0
0.33
1.67
2.33
2.33
12.0
0.0
0.67
-0.67
2.0
-3.0
1.67
-1.0
-4.33
-0.33
1.0
7.0
2.67
0.33
3.33
3.0
1.67
2.0
-0.67
-0.33
1.67
1.33
-3.67
-2.33
2.0
4.67
0.0
0.0
-5.67
1.0
-2.67
1.33
5.33
2.67
2.67
-1.67
0.0
0.67
-1.33
-3.0
0.0
-0.67
0.33
2.67
2.0
5.33
9.0
-5.0
-2.67
6.67
-4.33
2.0
0.0
0.67
1.67
-3.0
0.33
3.0
-6.0
-0.33
-3.0
3.33
-4.33
-0.33
-3.67
2.0
0.33
3.33
1.67
0.33
0.0
4.67
-1.67
-0.33
-1.33
2.33
5.67
0.33
3.33
-1.33
2.67
-2.0
2.33
4.33
1.67
-4.33
3.0
2.0
-3.33
1.0
1.0
4.0
-0.33
-2.0
3.67
-0.67
4.0
3.67
-0.67
-0.33
1.33
-5.67
-4.33
1.67
-1.0
2.67
0.33
3.0
3.33
-1.0
4.67
-1.33
1.33
5.33
-1.33
-4.0
0.67
5.33
-3.0
2.67
3.0
-3.0
-1.33
3.67
3.33
-0.67
2.67
0.33
3.67
-2.67
-0.67
-0.33
-1.33
1.67
1.33
3.33
-2.33
3.33
3.0
-0.67
-1.33
5.0
-1.0
1.0
3.33
-1.67
-0.67
2.0
1.0
6.67
-0.33
-3.0
-1.0
2.33
-2.33
-1.33
-2.67
3.33
-0.33
0.67
3.33
-4.33
0.0
1.67
-0.67
0.0
1.0
0.33
-1.67
-3.67
7.67
4.0
2.33
2.0
3.67
2.33
0.67
-0.67
5.0
-2.33
-1.33
5.0
-2.33
-0.33
-1.67
1.0
2.0
3.0
0.33
-3.33
-0.33
1.0
-1.67
-2.33
-1.67
0.67
-0.33
-2.33
6.67
-0.33
6.0
-1.67
0.67
-3.33
2.33
1.33
8.67
0.67
1.33
1.67
-2.0
1.33
-2.67
1.0
5.0
0.33
-0.33
5.0
6.67
7.33
-1.33
4.0
0.33
-0.67
-1.33
-1.0
-1.0
1.0
-5.67
-3.67
-0.67
1.67
3.33
-4.0
1.67
5.0
0.0
2.33
-1.33
-1.67
-3.33
-1.0
2.33
0.33
-4.33
1.0
2.67
0.0
4.67
4.0
2.0
1.67
8.0
3.67
-0.67
6.67
0.0
2.33
-3.0
7.33
-0.67
2.0
-0.33
4.33
10.33
-1.67
-6.33
8.0
0.33
6.67
0.0
1.0
-0.33
-2.0
4.33
-0.67
2.0
11.33
-2.33
5.67
-1.33
0.67
3.33
3.0
7.67
11.33
6.33
1.0
-3.33
3.67
8.33
5.33
-1.0
4.67
4.0
4.0
3.67
5.0
3.67
3.0
9.0
1.33
4.67
13.0
9.0
14.0
10.67
10.0
6.67
14.0
19.0
30.0
14.67
25.0
32.0
20.33
26.33
24.67
31.67
26.67
24.33
36.33
30.33
25.33
18.67
28.33
10.67
12.33
19.0
21.33
12.33
5.67
16.0
9.0
7.67
10.0
3.0
10.0
3.33
9.0
2.0
4.0
3.0
9.0
10.0
5.0
3.67
7.33
7.0
-0.33
3.33
3.0
5.0
9.33
5.67
12.67
6.67
3.67
3.67
0.33
2.33
8.67
2.33
11.33
5.67
2.33
6.0
0.33
10.33
1.67
-5.0
8.33
3.0
1.0
0.67
2.67
2.67
8.0
3.67
4.33
2.33
6.0
8.33
2.67
9.33
8.67
4.67
0.0
3.0
3.0
2.67
0.67
-2.33
5.0
-2.67
11.67
5.0
-2.33
4.0
5.67
12.67
0.33
-0.33
0.33
1.67
-1.33
7.67
1.0
6.33
6.0
2.67
2.33
5.67
8.33
11.67
1.33
7.0
7.33
7.67
12.67
0.67
11.0
5.67
0.33
8.67
2.0
3.0
5.33
5.67
8.33
11.0
-3.67
11.67
-0.33
5.0
-1.67
6.0
-0.33
-1.67
6.67
5.0
3.0
4.33
5.33
3.67
-0.33
1.33
1.0
8.33
-1.67
0.0
13.33
4.0
4.33
-2.0
4.33
2.0
-0.67
5.0
5.0
6.33
1.33
9.67
5.67
-1.0
-1.0
1.33
6.33
4.0
5.67
2.67
-0.33
5.0
6.67
2.67
5.33
9.0
8.33
10.33
14.33
4.67
9.33
4.0
10.0
10.67
7.67
6.67
4.67
-2.67
11.0
8.33
-2.0
4.33
0.67
1.67
-0.67
6.67
12.67
-0.67
2.67
6.67
7.0
0.33
3.67
7.33
-1.33
7.67
14.33
5.67
0.67
3.67
20.0
8.0
6.67
8.67
6.0
5.67
9.67
8.0
1.0
15.0
3.33
12.0
6.33
5.0
7.0
13.67
1.67
10.67
5.67
9.67
16.33
15.33
7.67
21.33
18.33
25.33
12.67
27.0
14.67
12.67
29.0
21.33
31.0
20.0
14.33
33.67
14.67
19.67
23.67
16.0
13.33
14.33
11.0
25.67
11.0
10.0
5.33
10.33
9.33
5.33
11.0
6.67
1.67
7.0
8.67
8.0
19.67
-0.33
3.33
8.33
9.33
11.33
11.33
11.33
4.0
6.67
4.33
9.0
7.33
10.67
8.0
17.67
12.67
12.67
14.67
-0.67
11.67
3.33
8.0
3.0
15.0
11.67
9.67
4.67
19.33
8.67
0.67
1.0
13.33
8.0
-1.67
15.67
7.0
9.33
5.67
9.67
1.33
12.0
1.67
5.0
13.33
12.33
9.67
10.33
12.67
3.33
-1.33
18.67
8.33
7.33
12.67
1.0
7.33
4.33
17.33
0.0
6.33
1.0
3.33
10.67
6.33
10.67
-0.33
9.0
17.0
13.67
5.67
11.33
8.0
4.0
9.67
14.0
3.67
8.33
13.0
11.33
7.0
-1.33
4.67
4.33
2.33
9.0
3.0
8.67
-2.33
2.67
6.33
8.67
6.67
6.0
14.0
13.0
15.0
17.33
13.33
1.67
17.0
3.67
9.67
6.0
9.0
4.33
5.33
7.0
14.0
8.0
9.0
9.67
12.67
16.67
2.33
12.0
-5.33
14.33
8.67
13.67
13.67
5.0
-3.0
-3.33
24.67
7.33
28.67
16.67
6.67
4.33
12.67
5.0
12.67
8.67
5.33
10.33
3.67
15.0
16.33
11.33
5.33
1.33
11.33
7.67
6.67
14.0
15.33
4.67
3.0
7.67
9.33
11.0
12.67
0.67
14.33
13.0
12.67
14.0
7.67
10.0
17.0
12.67
3.33
16.0
12.0
6.0
15.33
11.67
0.67
25.33
14.0
-2.33
7.67
16.33
3.67
10.67
8.0
3.33
10.0
5.0
16.33
5.33
8.33
8.67
13.67
14.0
14.0
3.67
5.33
9.33
19.67
9.33
4.67
7.67
11.0
4.67
-2.33
7.33
14.67
9.67
15.0
16.33
8.33
-0.33
8.0
12.0
5.67
13.33
11.0
17.67
12.33
23.67
8.0
14.33
24.67
12.67
11.0
18.0
23.0
25.33
15.33
13.0
20.33
20.67
26.67
22.0
10.67
17.67
17.67
32.33
30.67
16.67
19.0
34.67
23.67
18.67
26.33
28.67
38.67
39.0
49.33
45.0
53.0
61.33
79.0
68.33
87.33
97.33
81.67
96.0
105.33
84.0
118.0
95.33
106.33
111.33
112.0
121.0
90.67
101.33
124.0
87.67
88.33
65.67
87.67
65.67
64.33
54.33
65.33
51.33
38.67
37.67
24.67
21.33
26.0
23.67
15.67
30.0
12.0
37.33
26.0
26.0
0.67
8.67
20.67
7.33
7.67
8.67
10.67
3.33
-0.33
11.67
-1.33
8.0
12.33
23.67
23.0
19.33
5.67
6.33
20.33
9.33
17.67
37.33
6.67
-0.33
11.33
16.0
11.33
8.67
6.67
10.33
0.67
15.0
15.0
7.0
15.33
13.0
-4.0
15.0
8.67
6.67
18.0
10.67
13.33
2.0
9.67
20.0
11.67
7.67
16.67
11.0
17.67
1.67
6.0
0.33
12.67
17.67
8.0
8.33
8.33
3.0
11.0
16.33
-5.0
11.67
1.33
21.0
15.67
10.33
2.33
9.0
1.0
2.0
13.0
3.0
11.0
12.0
22.0
4.0
6.0
0.67
5.33
12.67
6.67
6.33
17.0
19.0
9.0
13.67
11.0
3.0
17.67
-2.67
10.0
17.33
18.67
12.0
0.33
8.67
2.67
9.0
19.67
2.67
0.0
2.67
-3.67
-2.33
20.0
7.33
1.0
15.0
0.33
13.0
17.67
16.33
8.0
8.33
5.67
9.0
-10.0
2.67
2.67
7.33
4.33
12.0
8.67
-6.33
-1.33
7.0
13.0
-9.33
12.0
4.33
15.0
2.33
11.0
8.0
9.0
8.33
15.67
5.33
-5.0
-2.33
11.67
-0.33
6.0
-0.33
6.67
5.0
4.0
5.0
3.67
12.0
9.67
6.33
9.67
14.0
15.67
16.67
8.0
9.0
22.33
19.67
20.67
18.0
18.67
26.0
40.33
29.33
21.0
17.67
30.33
15.67
37.0
29.33
21.0
28.0
30.67
33.0
30.0
38.33
30.67
25.33
29.33
30.67
24.67
20.0
32.33
3.0
25.33
13.33
8.67
21.0
21.33
12.0
4.67
6.33
6.0
5.33
-5.33
4.0
6.33
5.33
15.33
10.33
17.0
-1.0
3.0
4.0
5.33
18.33
14.33
10.67
14.33
-0.67
10.0
1.33
6.33
20.33
-5.0
9.67
4.67
10.33
-5.67
9.0
-5.33
-2.67
14.33
15.33
-6.67
13.67
21.67
9.33
5.67
-1.0
5.33
11.0
10.0
13.33
4.67
4.0
10.33
11.67
0.0
14.33
1.0
6.67
3.0
-3.67
10.33
7.33
6.0
6.33
11.33
13.67
5.33
10.67
-0.67
10.67
13.0
-1.33
12.67
7.0
14.67
-0.67
-2.33
28.33
4.67
8.67
13.33
1.0
9.33
1.67
2.67
12.0
4.0
13.67
-8.33
5.0
-4.67
6.33
12.67
-0.33
-12.33
13.33
3.67
0.0
3.33
12.33
7.33
5.0
19.67
13.67
-10.67
-8.0
15.0
2.33
3.33
5.0
17.67
6.67
0.33
12.0
-2.67
4.33
8.33
6.33
11.33
4.67
6.0
14.0
4.67
12.67
12.0
8.33
-0.67
14.33
-4.0
3.0
0.67
9.67
1.33
-1.33
-3.33
4.67
3.33
-10.0
10.0
6.67
7.0
5.0
0.33
9.33
2.67
7.0
11.67
-0.67
13.33
3.33
9.0
0.67
-6.67
-5.67
4.67
-7.0
-3.33
3.33
5.67
-6.0
5.0
-4.0
7.67
10.67
5.0
-1.33
0.33
4.67
11.67
7.33
8.0
14.0
-6.0
1.0
2.33
1.33
-1.33
5.67
11.0
4.33
-3.33
13.0
5.33
8.33
14.33
-5.33
3.67
0.0
-8.33
4.67
-5.33
2.0
-8.67
2.33
1.0
1.33
0.33
0.33
8.0
1.33
4.0
-0.33
-2.67
8.33
2.0
-1.33
15.33
10.67
2.67
22.33
2.33
13.67
4.33
2.67
12.67
17.0
6.33
8.0
1.33
8.0
8.0
0.67
9.0
0.0
12.0
10.0
13.67
11.67
-4.33
6.0
7.67
8.33
6.0
-3.67
9.0
18.67
17.33
9.67
-2.33
-1.0
-7.67
0.67
-1.33
5.0
4.33
-4.33
8.0
6.0
3.67
2.67
-0.33
-3.67
4.33
0.33
2.67
-0.67
14.67
-2.67
-3.33
1.67
-5.0
-11.33
-6.67
0.0
-5.0
7.0
7.67
-2.33
2.67
1.33
2.33
2.33
-1.0
-7.33
4.0
6.67
13.0
2.67
0.0
3.0
-4.33
-0.33
7.67
2.33
0.33
3.0
2.0
4.67
-3.67
-0.33
6.67
4.67
4.33
8.0
6.0
-3.0
2.67
1.67
7.67
0.67
1.67
0.67
1.33
5.33
-1.0
-1.33
-0.33
2.33
2.33
3.0
-0.67
-5.0
4.0
2.67
1.33
-3.0
-2.67
4.33
2.0
-3.33
0.0
3.67
-5.33
8.67
5.67
-2.33
8.67
-2.0
-2.33
0.67
2.0
8.0
1.0
-0.33
-0.67
1.33
-3.0
4.33
6.67
8.33
2.0
0.33
-1.0
3.33
4.33
8.67
4.0
-0.67
0.0
3.33
5.0
4.33
1.33
-4.67
0.33
0.0
6.0
-0.67
-4.33
1.67
9.0
-0.33
7.33
-3.33
8.0
-3.33
-1.33
-1.33
7.67
-1.0
1.33
1.0
3.67
2.33
4.0
5.33
11.67
0.67
8.67
11.33
10.0
-2.33
6.33
0.67
3.33
4.33
2.67
5.33
6.33
2.33
7.67
3.0
6.0
-6.33
8.0
-5.33
-0.33
1.33
6.67
0.67
2.0
-2.33
1.0
8.67
1.33
-0.67
-4.33
1.67
-0.33
1.0
3.33
2.67
-0.67
2.33
2.0
-6.33
-0.67
7.0
4.33
-1.33
-1.0
-0.33
1.33
1.33
-0.67
-8.0
0.33
2.67
3.33
0.67
2.67
-2.33
0.33
5.0
7.33
5.0
-6.0
-0.33
4.33
3.33
0.33
-2.33
-0.67
-1.33
3.33
-3.0
-2.0
4.67
6.67
4.33
-2.67
6.0
6.67
1.33
4.0
6.67
-0.67
5.67
-9.33
5.33
-2.0
6.33
12.0
-2.67
-4.0
5.33
1.33
-2.0
-5.67
4.67
-0.33
1.0
4.33
-2.0
-4.33
0.33
4.0
0.33
2.67
-3.33
3.33
-1.67
-4.33
-0.33
-0.67
0.67
1.0
-1.67
-2.0
0.33
-3.67
-3.33
4.0
0.0
-3.0
-2.33
-1.33
-0.67
2.0
-1.67
1.33
0.33
-2.33
0.33
-1.0
4.67
7.33
0.0
3.67
-2.33
-2.0
3.67
0.33
-1.67
1.0
10.33
4.33
