0.0
32.33
-15.33
24.0
86.33
62.33
104.33
59.33
8.0
66.0
36.67
-20.0
47.67
-1.67
-14.0
46.0
50.67
-16.67
15.0
0.67
7.0
-31.0
-10.0
9.33
15.0
-2.67
3.33
-4.33
4.67
-6.67
-3.0
0.33
-2.0
0.33
-1.0
2.33
-1.33
1.0
1.0
3.67
1.67
-1.0
-0.33
-1.0
0.0
-0.33
0.0
1.0
-1.33
-0.67
1.33
-0.33
-0.33
-0.67
-0.33
0.67
-0.33
1.0
1.0
0.0
-0.33
-0.33
-0.67
0.67
0.67
2.0
0.0
0.67
-0.67
0.0
-0.33
-0.33
0.67
-0.67
-0.67
-1.0
-0.67
1.0
-0.33
0.67
0.33
-0.67
-0.33
1.0
1.67
-0.33
-1.0
-1.0
0.33
0.33
-1.33
0.33
0.0
-1.0
-0.33
0.67
-0.67
0.0
0.0
0.0
0.0
0.33
2.0
1.0
2.67
2.0
4.0
3.0
0.0
-1.0
-2.0
-1.33
2.33
0.67
2.0
-1.67
-1.33
-0.33
-1.67
0.33
-2.67
0.67
2.33
-0.67
6.33
1.67
-2.33
-1.67
2.0
0.33
5.0
4.67
3.33
0.33
5.33
0.67
0.33
3.67
-1.33
0.33
2.0
0.67
0.33
2.0
5.0
1.0
3.33
3.33
1.33
4.0
6.33
-3.33
2.0
-2.0
-2.33
1.67
5.0
1.67
-4.0
0.0
-2.0
2.67
0.0
4.67
1.0
4.33
2.33
-2.33
1.67
-4.33
6.33
-6.0
-0.33
8.0
-2.33
3.67
2.67
4.67
5.0
5.33
4.33
1.33
-2.67
0.33
1.33
-0.67
-4.67
-3.67
5.33
1.33
-1.67
1.0
4.33
-1.67
3.33
4.67
9.33
3.33
-4.67
-4.0
1.0
2.0
2.33
7.33
-2.0
3.33
-0.67
-3.67
4.67
2.0
2.0
-9.0
-5.67
1.0
-6.0
5.0
5.67
-1.67
5.67
3.33
7.33
6.67
7.33
4.0
-4.0
3.33
4.0
6.67
5.0
1.67
-3.67
0.67
2.33
2.33
4.0
1.33
-2.33
5.67
-2.0
2.67
-0.33
4.0
-0.33
7.0
-3.0
6.0
0.0
5.33
0.0
0.33
3.0
3.67
9.33
3.0
-2.0
-5.0
-2.0
3.0
0.67
6.0
3.67
-3.33
0.0
9.67
5.67
-4.0
1.67
-1.33
1.0
6.0
7.67
-4.67
-5.67
-2.67
-1.67
-9.0
-1.33
5.33
-1.33
0.0
11.67
1.0
4.33
1.67
9.33
-0.67
3.33
-2.0
3.33
10.0
-0.33
7.33
-3.33
6.0
1.33
1.33
-1.0
-1.33
-4.33
4.67
2.33
-4.33
0.33
6.67
2.0
3.0
14.0
-0.67
6.0
4.33
4.0
-1.33
-0.67
6.67
7.33
-7.33
4.0
-1.0
5.67
10.0
-2.0
0.0
2.33
4.67
-5.67
8.67
-0.67
-0.67
4.33
-3.0
0.67
6.67
5.67
0.0
7.33
-3.33
15.67
10.67
3.0
-1.33
4.33
3.33
5.67
-0.33
-1.33
2.0
2.67
-0.67
4.0
1.33
3.0
1.0
4.67
-0.67
3.67
3.33
0.0
0.67
-1.0
2.67
7.33
3.0
0.67
1.67
10.67
1.67
-2.33
3.67
3.67
2.33
0.33
-0.67
-1.33
3.0
-2.67
0.0
5.0
4.0
-1.67
0.33
6.33
0.33
3.67
5.33
1.0
0.67
10.33
-5.0
5.33
-2.33
-1.0
4.67
0.0
-2.0
-4.0
6.33
0.67
7.0
2.33
2.0
1.67
-3.33
-2.33
-1.67
0.0
2.67
0.33
0.67
2.67
3.33
1.0
-0.67
3.33
-1.33
3.33
1.67
2.33
7.0
-8.33
0.33
12.33
-9.0
-1.33
0.0
-3.0
0.67
2.33
-4.67
2.33
2.0
1.67
2.0
2.33
-1.33
0.67
0.67
-1.0
5.67
6.0
11.33
0.33
2.0
2.67
-1.33
5.33
-3.67
4.33
3.67
-2.0
5.67
-2.0
6.33
2.0
-2.67
6.67
-2.0
-0.33
1.33
4.33
-1.0
-2.67
1.33
1.67
1.33
3.0
1.67
1.0
2.67
0.0
5.67
-1.67
2.33
3.33
-1.33
-3.0
4.0
-0.67
3.0
2.33
3.67
1.0
3.0
-0.33
8.67
0.33
-1.67
2.0
5.67
1.0
0.0
-1.67
-1.33
-5.67
-0.67
5.0
1.0
0.67
-0.67
2.0
0.0
-1.33
3.0
0.67
-1.33
3.0
0.0
1.67
0.33
-1.67
3.0
4.67
-2.0
1.33
2.67
5.67
2.33
2.33
-1.33
2.0
2.67
-3.0
3.0
-3.67
-1.0
-1.67
2.33
7.33
2.67
5.67
3.33
9.0
3.67
-1.33
1.0
2.0
-0.67
3.33
2.67
-3.0
2.33
-2.0
-5.0
7.33
2.67
-0.33
1.0
2.0
8.67
-1.33
-2.0
0.33
-1.0
-3.0
-2.33
2.0
0.33
1.67
-1.33
-0.67
4.0
-0.67
3.33
4.67
-0.67
4.0
3.67
-3.67
-1.33
-0.33
2.33
-1.33
0.33
1.33
0.67
3.67
4.0
4.33
0.33
0.67
1.67
1.0
2.0
-0.33
1.0
-2.0
-1.0
-1.33
-2.0
-1.33
0.33
4.0
-4.33
-3.67
1.67
-1.67
1.33
5.67
-2.33
4.0
1.67
3.33
3.0
6.33
3.0
0.67
-0.33
3.33
1.33
1.67
1.0
-2.33
2.33
0.0
1.67
-1.0
-1.0
-1.33
4.67
6.33
-2.67
0.67
0.33
9.67
4.33
-0.67
1.67
-4.33
2.67
4.33
4.33
-0.33
4.33
6.0
1.33
-1.33
-1.0
8.0
-2.0
0.33
6.33
0.33
0.0
9.0
5.67
-3.33
2.0
-1.0
-0.67
0.67
-0.33
2.33
0.33
-1.33
1.67
-2.67
-2.33
3.0
-1.33
0.33
-5.0
-1.0
1.33
0.33
-5.67
1.67
-2.0
-0.67
4.0
0.67
2.33
3.67
-3.67
2.0
-2.33
-0.33
5.0
1.67
-1.33
1.33
2.0
-2.0
6.0
3.33
-3.33
-1.33
0.0
-0.67
1.67
-0.67
-0.33
-0.33
4.67
2.67
0.67
1.0
2.33
2.67
-0.33
-0.67
-2.67
6.67
4.67
0.33
1.67
4.0
2.33
0.33
4.0
1.0
3.33
-0.33
3.0
6.67
2.33
1.67
0.0
1.33
2.33
2.67
1.0
0.0
-1.0
10.33
-7.67
3.33
0.67
5.33
0.0
2.67
1.0
-2.0
-1.67
2.67
-3.67
3.67
2.0
0.33
4.33
-2.33
-1.0
-0.33
3.0
-2.33
1.0
-1.0
0.67
3.0
0.67
-1.67
-2.33
0.0
0.33
-1.0
0.33
-4.67
-5.0
-0.33
-2.67
-0.67
-0.67
-0.33
2.0
3.33
2.67
-1.0
5.0
0.67
5.0
-0.67
2.33
0.0
9.33
2.67
6.67
-2.33
0.67
11.33
1.0
7.67
2.33
4.33
1.0
-1.33
4.67
0.33
3.33
4.0
7.67
6.0
5.0
7.67
10.0
12.67
4.0
7.0
4.33
8.67
8.0
8.0
4.0
6.67
13.0
2.67
22.0
24.0
25.0
26.67
26.0
26.0
18.33
27.33
27.67
34.67
22.67
20.33
45.33
29.33
31.33
19.67
22.33
17.67
8.33
27.0
17.33
6.33
13.67
11.0
8.0
6.67
6.0
-2.0
3.0
10.33
6.0
9.0
-3.0
-2.0
8.0
6.0
6.0
4.67
7.33
9.0
6.67
4.33
-1.0
4.0
3.33
4.67
0.67
0.67
0.67
4.67
4.33
1.33
7.67
9.33
9.33
11.67
2.33
2.0
7.33
3.33
2.67
2.0
0.33
0.0
6.0
3.67
4.67
-3.33
5.0
-0.33
1.33
-0.67
-2.0
0.33
4.67
13.33
1.67
5.67
3.0
5.0
5.0
1.67
2.67
5.67
7.0
1.33
2.67
7.0
2.67
-2.0
-0.33
2.67
14.33
4.67
2.33
2.67
8.67
3.67
4.0
3.33
7.0
1.67
-1.67
3.67
6.33
3.67
2.33
4.0
3.33
16.67
9.67
5.67
5.0
6.67
6.33
3.67
3.0
3.0
2.33
5.67
8.33
15.0
7.33
-0.33
2.67
12.0
-0.67
8.0
-2.33
8.33
9.67
3.0
-2.0
12.33
-6.67
6.67
-1.33
-0.67
2.0
3.33
-2.67
-2.0
2.33
0.0
2.33
-1.0
9.33
8.0
9.33
6.0
4.0
4.33
-1.67
-0.33
5.67
-1.0
6.0
7.33
2.33
5.0
0.67
-1.33
1.67
10.0
7.67
-1.33
3.33
5.0
3.33
13.33
3.33
8.67
9.33
9.0
8.0
12.67
1.67
6.67
6.67
-2.67
6.0
5.33
4.0
2.33
7.67
6.67
11.33
3.67
14.67
5.33
8.67
1.67
-1.0
3.33
4.67
6.33
3.67
5.67
14.33
7.67
3.67
-0.33
12.0
9.0
11.67
1.67
12.0
10.67
4.67
4.0
3.0
10.0
7.33
8.0
8.33
13.0
12.0
11.67
9.67
14.67
6.67
12.67
33.33
15.33
14.67
25.33
17.33
24.33
30.67
24.0
20.67
6.67
28.0
13.33
24.0
23.0
22.33
14.67
25.67
13.67
26.67
23.0
24.33
14.33
7.0
21.67
26.0
7.0
21.33
10.33
12.33
8.33
7.0
12.67
8.67
13.0
12.67
6.0
12.67
10.67
-5.67
19.33
7.33
7.33
8.33
13.33
8.0
8.67
2.33
9.0
-3.67
5.67
12.0
17.67
7.67
12.67
11.67
8.33
7.67
10.33
11.0
-2.0
4.0
12.67
9.67
10.67
8.33
-1.33
14.67
5.0
11.33
3.0
0.33
3.67
0.0
9.33
4.67
8.67
9.33
4.0
6.67
7.0
7.33
16.33
5.67
14.33
7.67
17.33
8.67
17.67
15.33
5.33
6.67
5.0
6.33
7.33
7.33
10.0
4.33
6.0
10.33
14.67
2.33
9.67
1.67
0.0
6.0
8.67
6.67
7.33
9.0
11.0
5.67
6.0
7.67
8.33
19.0
9.33
15.0
9.67
12.67
-4.67
5.33
7.0
2.0
10.67
17.67
-4.33
11.33
2.67
12.67
16.0
14.0
36.0
15.0
16.33
6.33
12.67
10.0
0.67
5.67
9.0
-2.0
10.33
15.33
8.0
15.0
9.0
1.0
11.67
8.67
9.67
10.33
13.0
1.67
10.33
19.67
20.67
16.67
13.0
19.0
19.67
15.67
0.33
20.67
-4.33
16.67
8.33
6.67
6.0
4.67
0.67
11.33
14.33
12.67
9.0
12.33
6.33
4.33
10.33
16.33
5.67
2.67
5.0
13.33
6.67
2.0
2.67
9.33
15.0
3.67
8.67
2.33
17.0
15.67
15.0
4.67
17.0
12.0
9.67
11.33
5.0
9.0
11.0
7.33
10.67
9.67
10.33
8.0
13.67
8.67
10.33
17.67
7.67
9.0
7.33
10.0
16.0
0.33
9.33
7.33
5.67
11.67
12.0
13.0
13.67
7.33
11.33
9.67
6.33
5.67
5.67
5.0
8.67
1.67
7.33
8.67
6.67
18.0
9.33
10.33
8.67
18.0
19.0
17.67
14.33
11.0
20.67
10.33
-1.33
11.0
14.33
26.67
20.67
16.0
22.0
21.0
21.33
17.33
12.0
19.33
24.67
22.67
18.0
5.67
35.67
17.67
11.33
6.67
29.67
31.0
27.67
27.67
38.67
32.33
29.67
34.67
34.0
48.33
51.0
48.0
63.33
70.0
78.33
81.33
92.33
111.67
72.0
94.33
82.0
116.0
110.33
116.33
91.33
119.0
115.0
108.67
73.33
91.0
81.67
88.33
92.67
83.67
71.67
71.33
51.33
48.33
51.33
52.67
29.67
42.67
22.33
16.0
23.67
32.67
31.0
23.0
20.33
17.0
16.0
1.67
9.67
5.67
13.33
1.67
8.67
10.67
6.33
15.67
18.67
11.67
8.0
4.33
11.67
15.0
18.33
0.67
12.33
3.33
13.33
25.67
16.33
2.67
7.67
3.33
3.0
1.33
9.67
-1.33
13.33
3.67
3.0
19.0
0.0
9.33
7.0
10.0
2.0
6.67
14.67
16.0
7.67
13.33
7.0
2.67
20.0
-0.33
-0.33
7.67
10.0
2.67
3.67
24.0
11.33
4.67
19.67
10.0
3.33
4.33
9.0
2.0
20.33
9.0
4.67
16.33
10.0
18.67
14.33
8.33
5.0
23.0
14.0
10.0
13.0
13.0
19.0
11.0
8.0
12.0
4.67
3.33
-2.33
17.67
2.33
12.0
2.0
11.0
3.67
9.0
2.0
10.67
4.33
10.0
5.33
8.67
5.0
0.33
9.67
4.67
8.0
8.67
14.67
8.0
7.67
3.33
4.67
13.0
5.33
-1.0
19.0
13.33
7.0
9.67
8.33
1.0
10.33
10.67
4.0
9.0
-6.33
5.67
15.33
6.33
-2.0
13.67
11.67
15.67
8.0
7.0
-5.33
8.0
9.33
10.0
13.33
4.0
9.0
8.0
1.33
4.67
15.33
8.0
4.67
15.67
-2.33
-11.0
-6.33
-1.33
1.0
6.0
4.0
5.67
6.0
7.67
23.33
1.67
21.0
18.67
6.67
23.0
13.0
22.33
14.67
26.67
12.0
21.67
35.0
11.33
14.33
26.0
19.67
25.33
21.67
28.0
20.33
19.0
30.0
32.67
20.0
14.0
32.33
35.67
26.33
36.33
7.67
27.67
28.0
16.33
32.0
20.33
35.33
17.67
19.0
12.33
15.0
8.67
29.33
18.0
-0.67
8.67
1.0
16.33
7.33
10.33
11.33
6.0
22.0
6.0
8.0
2.33
2.33
15.33
5.67
2.33
5.33
4.0
17.33
8.33
14.33
11.0
6.67
8.67
12.33
5.33
10.0
-1.33
3.33
3.33
3.33
1.33
7.67
9.67
10.33
13.67
6.0
0.33
4.0
13.0
4.33
6.67
-2.0
7.33
7.67
22.0
18.33
-1.0
11.67
18.0
-0.67
11.33
1.33
8.0
0.33
18.33
15.67
8.33
11.67
15.33
27.67
8.0
13.67
1.67
5.0
5.67
12.33
4.67
6.33
9.67
21.67
9.33
6.0
9.33
2.67
6.67
8.0
-2.0
4.67
-4.33
13.0
-3.67
-0.67
-0.33
-2.33
1.67
5.33
6.67
6.0
-2.67
8.33
10.33
1.0
1.67
11.67
-10.67
-6.0
3.0
5.33
3.33
11.0
0.67
-3.33
3.33
9.0
-1.67
14.33
12.33
2.33
10.33
-0.33
-2.0
5.0
-0.33
-4.33
9.0
1.33
-1.67
15.33
3.0
5.0
5.67
-7.33
8.33
2.67
14.67
3.67
4.33
2.0
1.0
0.67
-3.0
6.0
7.33
1.33
1.67
11.0
5.67
4.33
10.33
4.33
5.0
0.67
-5.67
0.33
2.67
2.0
3.67
2.33
7.67
-11.0
10.0
9.0
-3.33
12.67
5.0
0.67
9.33
11.67
13.67
5.33
0.0
9.0
3.0
5.0
-10.67
8.33
12.67
2.67
6.0
3.33
-1.33
-5.0
1.33
10.33
9.33
1.67
12.67
-3.0
8.67
2.67
-7.33
2.0
-2.67
-2.67
9.0
1.33
6.33
-5.67
-2.0
-1.67
4.0
-0.33
1.33
9.33
0.0
6.67
6.33
3.67
-4.33
11.33
-2.67
14.67
6.33
4.67
-6.33
17.0
4.33
3.0
5.33
-1.0
0.0
4.67
9.0
10.0
4.0
8.0
14.67
9.67
7.67
-4.0
12.67
-5.67
12.0
15.33
-3.0
-0.33
5.33
2.67
-4.33
-1.0
0.33
-2.33
3.67
2.0
-7.67
-3.33
2.0
-1.0
2.67
-6.33
3.67
0.33
2.33
0.33
4.67
2.33
-5.33
-3.67
7.67
3.67
6.0
1.67
3.33
3.0
5.0
9.0
-0.33
0.67
2.67
8.33
6.33
1.33
-5.0
-1.33
5.0
1.67
3.0
12.67
-3.0
-3.0
0.67
-0.33
15.67
0.33
-4.67
9.0
-3.0
-4.33
0.33
0.67
7.67
-1.33
6.33
0.0
1.0
0.0
2.67
6.67
0.67
-1.33
-0.33
5.67
9.33
2.33
1.0
8.67
2.67
6.33
8.33
11.0
3.33
11.0
5.0
-1.33
2.33
8.0
2.33
-1.67
-2.0
-2.33
3.0
-4.33
-3.33
4.67
-5.33
0.67
-3.33
-5.0
0.67
-6.33
0.0
-1.0
1.0
-0.33
4.33
4.33
5.0
1.33
5.67
5.33
1.0
3.33
4.0
3.33
-1.67
-3.33
-2.0
-2.67
-4.0
1.33
-5.0
3.33
6.33
7.33
5.33
4.0
2.0
4.33
3.67
0.67
3.0
3.67
0.33
5.67
8.0
-1.33
-0.33
6.67
4.67
5.0
-6.67
1.0
5.67
5.33
11.0
6.33
8.67
1.67
9.67
5.33
6.0
8.67
2.33
10.67
-5.67
0.33
5.67
-5.67
2.33
-3.67
3.67
4.0
9.0
0.67
1.0
-3.33
5.67
1.33
5.67
4.67
0.0
1.67
-2.0
-5.33
0.33
-2.67
1.67
1.67
7.67
5.0
2.33
3.67
-1.67
5.33
-4.0
-4.33
3.33
7.0
-1.67
-1.33
3.0
9.67
2.33
2.33
-0.67
1.0
-0.67
0.67
3.33
3.67
3.67
-0.33
5.33
3.0
8.33
-1.0
-3.0
-5.33
-4.67
-1.67
5.33
5.67
-0.67
4.67
-2.67
-4.0
0.0
0.67
5.67
6.33
0.33
-1.0
7.67
4.33
2.0
7.67
2.33
3.67
-9.33
2.33
-3.0
0.33
-2.0
3.33
-4.0
-0.67
-1.67
-1.0
-3.67
3.67
-1.33
3.0
0.33
0.0
-4.33
1.33
-2.0
-0.67
-0.33
5.67
7.33
-1.67
0.67
-3.33
0.33
-0.33
1.0
0.33
-3.0
-1.67
-4.67
-5.33
0.0
-2.0
5.0
-5.33
1.67
0.33
0.0
-4.67
7.33
5.33
-3.33
4.33
1.0
4.67
1.33
-2.0
-0.33
3.67
4.0
1.67
2.33
5.33
3.0
-1.67
6.33
