0.0
-28.67
-54.33
-16.0
-90.67
-58.67
-115.67
-11.67
-97.0
-97.0
-104.33
-154.0
-7.33
-75.67
-44.0
-65.0
-58.33
-35.67
-24.0
-4.33
-14.0
-30.0
-36.0
-9.67
-11.0
-18.67
-11.67
-3.33
-8.33
-4.67
1.0
-0.67
0.0
-2.67
2.0
1.33
-0.33
0.0
-1.0
0.67
-0.33
-1.0
0.67
-1.0
0.0
-1.33
1.0
0.0
-1.33
-0.67
-0.67
0.67
-0.33
-0.67
-0.33
-0.33
-0.33
0.0
0.0
2.0
-0.33
-0.33
0.33
-0.33
0.67
0.0
0.0
-0.33
-0.67
0.0
-0.33
-0.33
1.67
0.33
-0.67
0.0
0.33
0.0
-0.33
-0.33
-0.67
-0.67
-0.33
0.0
0.67
-0.33
-1.0
0.0
-0.67
0.33
-1.33
1.33
1.0
-1.0
-0.33
-0.33
-0.67
0.0
1.0
1.0
-1.0
-1.67
-1.0
-1.0
0.67
-1.0
1.0
0.0
1.0
1.0
1.0
5.67
1.33
-1.33
1.0
-1.67
0.67
-1.33
-0.67
-0.67
2.33
-2.33
-0.67
-0.67
4.33
0.67
1.67
1.33
2.0
0.33
0.0
-2.33
0.33
0.33
10.33
0.67
0.33
1.67
-0.33
0.33
-2.0
2.67
-1.67
1.0
-3.0
-1.0
0.33
6.33
5.33
8.0
1.33
-4.33
-3.0
-1.0
3.67
-0.33
-1.0
5.67
-3.0
-5.0
1.0
5.67
-1.0
4.67
-2.0
4.33
-1.67
-2.33
-5.33
-5.33
6.33
-1.0
1.67
6.0
8.67
-3.33
4.67
1.67
-1.0
0.33
4.33
5.33
-1.67
1.33
-4.67
1.33
-1.67
-1.67
4.33
-0.67
6.33
4.0
5.33
7.33
4.33
8.67
1.33
3.33
-2.67
2.0
-2.0
4.0
-1.67
2.33
-3.0
9.33
0.33
5.33
5.67
0.0
6.0
-11.0
1.33
7.0
3.0
1.0
-0.33
0.33
1.67
10.33
1.33
4.67
3.33
2.0
-1.0
-3.67
-2.0
-5.33
-1.0
4.67
-1.67
1.67
5.33
10.33
0.0
3.33
-1.33
0.67
-2.0
4.67
0.67
-3.0
1.67
1.0
0.0
1.0
9.0
2.33
-4.0
3.33
2.0
3.67
0.33
7.0
2.0
3.0
1.0
4.0
3.67
10.0
2.67
-1.33
6.0
3.67
5.67
4.0
1.67
-4.33
6.0
2.0
5.67
-2.67
3.33
0.33
2.33
1.0
4.67
5.33
2.67
7.0
6.67
2.0
5.33
0.67
3.33
6.33
7.33
2.0
3.33
9.0
-1.33
-0.67
-5.33
7.0
2.33
0.33
5.0
-0.33
-4.33
3.67
7.33
6.67
1.33
4.67
-1.0
4.0
10.0
3.33
9.0
0.33
0.0
10.67
2.33
3.67
2.33
-1.33
1.0
-4.0
3.67
1.0
2.0
-3.0
1.33
0.67
1.33
1.67
0.33
3.33
2.33
5.0
-2.33
4.67
2.67
-4.0
-0.67
-7.33
-0.33
-3.33
3.0
7.67
2.33
-2.67
4.67
-0.33
-4.33
6.0
4.67
0.33
5.0
3.33
0.0
5.0
-1.33
1.33
-1.33
3.33
-4.0
1.67
-3.0
0.67
6.33
-1.0
-2.33
4.67
2.67
4.67
-0.33
7.67
-4.33
-0.67
-0.67
3.33
-4.33
7.0
0.33
3.0
1.0
4.0
6.33
3.33
-0.67
-2.67
1.67
-0.67
-3.0
0.67
4.33
-3.0
2.33
-0.33
3.0
6.67
-1.0
-4.0
6.0
7.33
0.67
2.0
-1.67
0.0
4.67
4.67
-3.33
-1.67
-4.0
-1.33
2.33
-2.33
0.67
-2.67
5.0
2.33
4.33
3.67
-0.67
0.67
0.33
-1.0
-5.33
1.33
1.33
2.0
-4.33
3.0
-4.0
1.67
2.33
5.33
-2.67
5.0
-2.33
0.0
5.33
5.67
-2.33
1.67
-2.0
-0.33
2.0
-4.67
-1.67
4.0
0.67
-0.33
-1.67
-2.67
4.33
-2.33
5.0
7.67
0.0
-0.67
3.0
-4.67
5.67
-3.0
0.67
-3.67
0.33
2.0
-4.67
-0.67
8.67
-3.67
2.0
5.67
-5.0
-0.33
1.0
4.67
-2.67
-0.67
1.33
3.67
4.0
1.0
-1.67
0.0
4.33
2.67
-1.0
1.0
-0.33
0.67
4.33
-2.67
6.0
0.67
2.0
-1.0
1.33
-2.33
-2.67
7.33
7.0
1.0
-5.33
-0.67
7.0
-2.0
-2.33
2.0
-1.33
0.67
-5.0
0.0
0.67
-2.67
1.33
0.0
4.67
-1.0
-0.67
6.67
0.67
4.33
0.33
-3.33
4.0
2.67
-4.0
-1.0
-1.67
0.0
-1.67
3.33
2.33
-0.33
1.67
4.33
2.0
-2.33
-1.33
6.0
1.0
2.33
-0.67
0.67
0.0
2.33
-1.0
-1.0
-2.67
3.67
-1.33
4.0
1.0
3.67
-2.33
0.0
0.33
2.0
-3.0
2.67
1.0
4.33
-4.33
-0.33
0.33
0.0
0.33
0.33
-1.33
2.33
1.0
2.67
-2.67
-0.33
-2.33
1.33
-2.33
0.33
1.33
1.67
3.67
11.0
-2.67
3.33
0.67
-3.33
0.0
1.0
0.67
5.0
-1.0
-3.0
-2.33
0.0
-1.33
1.33
5.0
-4.33
-6.67
1.67
-2.67
-1.67
-3.33
2.67
-1.0
-0.33
1.33
0.0
-0.67
3.0
-1.33
-0.33
2.33
7.33
-4.33
-1.0
-1.33
3.33
-1.0
-2.33
1.0
1.0
4.67
1.67
3.33
2.33
-2.33
0.33
2.67
5.33
-0.67
-2.33
2.67
-1.33
-3.67
3.33
-2.33
1.33
4.0
1.33
4.67
-1.0
-2.0
-2.0
5.33
-1.67
-3.67
-1.0
4.0
3.67
-0.33
0.0
-2.0
-4.67
-0.33
3.67
-0.67
1.33
0.67
7.67
0.33
-1.33
2.0
-0.33
-1.67
2.0
3.0
3.33
-0.67
2.33
3.67
2.0
-2.67
-2.0
-3.33
-1.67
-1.33
2.33
0.0
-1.33
0.67
2.0
-2.33
-2.33
2.33
3.0
0.0
0.0
-1.67
-1.33
7.67
0.0
0.33
-3.33
-2.67
4.67
-0.33
-1.33
-0.33
1.67
-2.0
4.33
-4.33
-0.33
-3.67
1.33
7.67
-0.33
5.33
-0.33
6.0
0.33
-0.67
3.0
2.0
-1.67
-0.33
0.0
5.67
-4.67
2.67
0.0
1.33
-0.67
4.67
3.0
4.0
7.0
-1.67
-4.67
0.33
-3.33
-1.67
-5.0
6.67
2.0
1.0
3.33
5.67
-2.67
4.67
2.0
3.33
4.33
-3.33
1.0
0.67
4.0
-2.33
-3.0
3.0
8.67
4.0
1.67
8.33
4.67
1.0
-0.67
2.0
4.33
-3.67
0.0
-3.33
-3.67
-1.67
-6.67
-0.33
5.0
4.33
0.67
2.0
4.0
4.67
-1.0
0.33
1.33
-4.0
2.33
-2.33
1.67
0.67
1.67
-0.67
4.0
0.67
0.33
7.33
0.0
-3.33
4.67
6.33
0.33
6.0
4.67
7.0
3.0
7.67
5.0
3.67
3.0
10.0
4.33
4.67
10.0
6.0
12.0
16.67
14.0
14.67
6.0
17.0
18.0
15.67
16.0
28.0
22.33
24.33
32.67
26.67
32.67
10.33
37.33
17.33
32.33
33.67
29.33
21.67
16.33
22.0
20.33
19.33
11.67
12.0
3.0
14.67
11.0
7.0
4.0
5.33
12.0
12.0
-2.0
5.0
9.0
-1.0
5.0
1.67
2.33
9.0
4.67
11.33
2.0
7.0
11.33
2.67
0.67
7.67
6.67
6.67
5.33
-1.67
6.67
5.33
9.33
10.67
6.33
4.0
1.33
14.33
4.67
-1.0
2.33
5.0
5.0
-0.33
3.67
0.67
6.0
10.67
3.33
1.33
3.0
-0.67
-2.33
10.33
2.67
9.67
-3.0
7.0
3.0
-0.33
-4.33
1.67
7.0
4.33
5.67
2.0
-4.33
2.0
3.67
1.67
2.33
2.67
-0.67
2.67
7.67
5.67
6.0
10.33
7.0
6.67
7.33
8.67
6.33
4.67
5.33
8.0
1.33
8.67
7.67
0.67
6.0
7.67
10.33
6.67
18.0
2.0
2.33
-2.33
9.33
-1.0
12.33
6.67
16.67
10.0
-0.67
4.0
0.67
5.33
2.67
3.0
4.0
13.33
-1.67
-0.33
5.67
4.33
5.0
-3.67
5.33
1.0
3.33
4.0
1.33
1.0
12.33
4.0
3.33
10.0
3.0
5.33
-5.67
6.67
2.67
0.0
0.0
2.33
-0.67
6.0
4.67
-4.33
7.67
1.0
0.67
0.67
3.33
8.0
4.33
6.33
0.33
-0.33
9.33
5.0
1.0
7.67
4.67
1.67
10.67
7.33
22.0
5.33
5.0
8.33
5.67
12.67
8.33
-0.33
15.67
-1.67
3.67
6.67
14.0
-7.67
5.67
5.33
-0.33
7.67
13.33
0.67
14.67
10.67
13.0
5.0
12.67
6.67
0.0
6.67
4.67
7.0
11.0
12.0
8.33
11.0
15.33
15.0
14.0
3.67
11.67
12.67
6.67
13.67
15.33
24.33
15.67
19.33
17.33
18.33
19.67
27.0
19.67
25.67
25.0
25.33
25.0
36.0
23.33
22.67
30.67
20.67
15.67
16.0
12.33
10.33
23.0
17.67
10.0
9.0
12.33
17.33
12.33
1.33
26.0
15.67
5.67
2.0
5.67
9.0
16.67
3.67
-1.67
14.33
7.33
13.33
6.33
12.33
6.0
13.67
6.33
4.0
10.33
7.67
7.0
8.67
8.67
14.67
11.67
3.33
11.67
8.33
10.0
-3.0
1.0
10.67
9.67
7.67
17.33
5.67
4.67
-1.0
7.33
4.0
5.33
8.67
6.0
3.33
6.67
8.67
1.33
11.0
2.67
7.0
8.33
5.33
9.67
16.33
15.67
8.33
3.67
15.67
12.33
16.33
1.67
3.0
6.33
5.33
7.33
12.0
11.33
6.0
8.33
10.67
5.33
12.67
3.67
13.0
7.0
5.67
3.67
5.33
-5.0
9.0
12.67
5.0
8.67
5.33
7.0
9.33
3.0
5.67
9.67
2.33
5.33
12.0
10.0
4.67
-2.33
17.67
3.33
10.67
12.67
19.0
9.0
18.0
21.0
0.33
5.33
7.67
2.0
11.67
14.67
-2.0
9.0
1.33
10.33
12.0
7.0
7.0
-2.0
22.67
6.67
10.67
1.33
12.0
0.67
16.33
15.67
2.67
3.67
25.0
2.0
10.67
10.67
2.33
15.67
1.67
16.67
13.33
13.67
10.0
10.67
7.67
3.33
6.33
5.67
11.0
12.33
14.33
1.33
17.33
12.33
7.67
10.67
11.0
6.33
9.67
13.0
5.67
10.33
9.0
12.67
5.67
3.33
10.0
14.67
6.0
9.67
20.0
10.0
9.67
8.33
8.0
4.0
24.0
12.33
11.67
6.67
11.33
14.0
5.67
4.67
8.33
5.67
11.67
7.0
7.33
4.0
6.0
13.33
12.33
12.33
4.67
8.67
11.0
14.0
9.67
13.33
-5.67
27.67
9.33
13.67
4.67
22.0
21.67
12.67
15.33
7.67
10.67
12.0
18.33
10.33
8.67
11.0
5.0
11.67
7.33
16.0
12.67
6.33
5.67
16.0
15.33
29.67
21.67
23.0
21.0
10.0
23.33
25.33
17.0
13.33
19.67
13.67
20.0
22.67
19.67
15.67
24.33
22.67
23.67
23.0
18.67
30.67
37.67
44.33
27.67
45.67
36.0
50.33
55.0
86.0
72.33
88.0
98.33
100.33
97.33
94.67
118.0
127.33
103.0
114.0
128.33
129.33
135.33
107.0
160.0
126.67
151.33
134.0
129.67
119.33
95.67
102.67
89.67
95.33
76.33
50.33
59.33
48.67
44.67
29.67
43.33
17.0
25.67
11.67
24.0
34.0
24.33
18.0
16.0
7.67
19.67
19.67
18.33
3.67
7.67
-3.33
12.33
14.67
8.67
12.67
10.0
9.33
14.67
24.0
11.33
2.67
9.33
9.33
9.33
12.67
9.33
14.67
7.67
-1.67
12.0
5.33
10.67
12.67
4.33
5.67
9.0
21.0
17.0
25.33
23.0
14.0
21.0
12.67
16.67
8.0
18.67
12.33
0.0
12.67
9.0
10.67
11.67
6.67
1.0
15.67
13.67
13.0
6.33
9.67
12.67
9.0
8.33
11.33
20.0
11.0
15.33
4.0
-1.33
6.33
15.0
5.67
23.33
15.33
5.0
2.0
13.0
20.0
6.0
19.0
10.0
13.0
2.0
2.0
11.67
13.33
9.67
19.67
-6.67
11.0
15.0
0.0
7.67
8.0
16.0
20.67
8.33
8.0
11.33
9.67
15.0
5.33
8.67
5.67
18.0
13.67
21.67
7.0
-3.33
16.33
6.67
9.0
19.33
-2.0
7.0
5.33
3.0
7.67
10.33
-5.0
16.33
10.67
20.0
4.0
0.67
15.67
-2.67
13.33
5.0
1.67
9.67
11.67
-7.0
14.0
3.67
3.0
15.33
8.0
15.33
1.0
6.0
4.0
-7.67
14.67
19.33
5.0
6.67
21.67
8.67
5.0
-1.33
3.67
7.0
15.0
12.0
10.67
11.0
16.67
16.33
7.67
29.0
18.67
19.67
10.0
11.0
8.33
24.67
31.67
18.0
6.67
19.0
23.33
18.33
27.0
27.67
25.33
37.67
31.0
26.33
4.0
30.0
16.67
29.0
34.0
22.33
27.67
10.33
20.33
18.67
33.67
13.0
26.33
17.0
19.33
20.33
16.67
20.0
3.33
27.0
12.67
-2.67
32.0
8.33
-1.33
17.0
22.33
0.33
11.33
17.33
2.0
11.0
2.0
-6.0
-1.67
11.33
17.33
8.67
11.33
-4.67
14.0
5.33
5.33
5.33
16.0
-2.33
12.67
8.33
1.33
2.0
-3.33
9.33
8.33
9.33
-2.67
8.67
8.67
2.33
-9.33
-2.0
-0.67
11.0
5.0
3.33
-0.33
19.0
5.33
7.67
8.0
24.33
7.0
-2.33
13.0
2.33
18.33
7.33
6.0
-0.67
4.33
1.67
8.33
18.67
19.33
9.67
8.0
15.67
19.67
3.0
11.67
24.33
17.67
6.33
16.67
13.67
-4.67
4.0
3.33
11.67
-1.33
2.0
4.0
5.67
1.67
14.0
-9.67
9.33
14.67
10.67
7.67
14.33
11.67
8.0
0.33
-1.67
18.33
6.0
12.67
8.67
-3.67
-1.0
1.0
5.33
-0.67
3.0
-2.33
4.67
-7.67
5.0
-0.67
9.33
5.33
-2.67
9.33
9.67
12.0
-2.0
-12.33
10.67
4.0
-1.67
3.33
6.33
-6.0
0.0
5.67
0.67
1.33
3.67
2.67
6.67
-4.67
7.0
6.0
-0.33
-2.0
16.0
1.33
-4.67
10.67
4.0
1.67
2.33
4.33
11.33
11.0
1.67
-1.67
1.33
1.67
2.0
-9.33
6.33
-4.33
-7.0
4.0
3.0
0.67
3.67
2.0
-13.33
3.33
-0.33
10.67
7.33
-5.0
3.0
3.0
5.0
7.33
6.33
-1.33
5.67
9.0
-6.67
-7.33
-7.0
11.33
11.33
15.33
4.67
6.67
8.0
15.67
7.67
0.67
10.0
-0.67
-4.67
6.0
12.33
-2.67
-3.67
5.0
13.33
11.0
7.67
-2.67
2.33
-1.0
4.67
8.33
12.67
1.67
14.33
9.33
0.67
9.33
9.67
6.67
-1.0
6.33
5.0
12.33
7.0
0.0
2.67
5.0
-4.0
10.0
6.0
16.67
4.67
1.67
7.0
4.67
8.33
7.0
5.33
4.0
2.67
6.33
6.67
-2.33
-6.0
1.33
-6.33
-3.33
6.0
4.33
2.67
10.0
-2.0
3.67
6.67
5.67
5.33
-1.67
4.33
9.67
-5.67
-2.33
-4.67
4.67
7.67
0.0
-4.33
-1.67
-5.0
-2.0
-1.0
2.67
-2.33
0.67
3.33
-0.67
9.33
0.0
-0.33
-2.0
16.67
10.0
5.67
-4.0
2.0
7.67
-7.33
-0.33
10.33
5.33
14.0
-5.0
3.67
-1.67
-0.33
8.67
6.67
6.33
-2.0
3.0
1.0
2.67
4.67
2.67
-0.33
-1.33
15.67
5.33
8.33
2.0
4.67
0.67
11.33
5.33
7.0
6.33
9.0
2.0
4.67
4.33
2.0
-3.67
-0.67
-5.0
0.67
7.0
-2.33
3.67
5.67
-1.33
1.67
9.67
-1.0
0.67
-3.33
6.0
-1.0
5.0
1.67
1.33
0.33
3.0
-0.67
7.67
0.33
-4.0
3.33
5.0
-0.67
-2.67
1.67
4.0
-0.67
-3.0
11.33
3.0
7.33
10.33
12.33
4.33
1.0
1.0
1.33
11.67
6.67
12.0
1.67
1.33
4.67
3.0
-4.33
4.67
0.67
1.67
6.0
10.33
1.0
5.67
3.33
-2.0
4.33
9.67
4.67
6.67
11.33
5.0
8.67
5.33
7.67
-6.67
4.33
4.67
4.33
11.33
-0.67
3.67
6.0
5.0
0.67
5.0
-1.33
5.67
5.33
1.67
-1.33
-3.0
-2.33
1.0
-0.33
1.33
-2.67
6.67
1.67
1.67
0.0
7.33
-0.33
-0.67
7.33
-9.0
-3.33
-3.67
2.0
1.33
2.67
4.0
-0.33
-1.67
2.33
5.33
-3.0
-0.67
-6.33
0.33
2.67
5.67
2.67
1.33
7.0
4.33
0.0
3.0
-7.33
5.33
-0.67
0.33
0.67
6.33
4.67
7.33
-2.0
3.0
-1.33
2.67
2.33
-1.67
5.0
4.67
0.33
9.0
1.67
8.33
4.67
-3.33
1.33
1.0
-0.67
3.0
7.33
-7.0
7.33
2.33
-7.0
-2.67
3.67
4.67
2.0
7.33
4.0
-3.33
1.33
3.0
-2.67
5.67
8.67
6.33
7.33
10.67
-4.33
-4.67
-0.33
4.0
5.33
1.0
2.33
-3.67
-6.33
1.0
6.0
-4.0
-5.33
-1.33
4.33
6.0
3.33
2.33
-2.67
-6.33
-2.67
-2.0
3.67
-1.67
0.0
-4.33
1.67
7.0
2.67
-3.67
-5.67
0.0
0.33
5.33
