0.0
51.33
-11.67
2.0
36.33
-8.67
-100.0
-44.0
35.0
-60.0
-71.33
13.0
-76.67
43.33
-44.67
16.67
6.67
-34.67
-4.67
-32.67
28.67
-2.33
35.33
31.67
14.33
11.33
7.0
1.0
9.0
-3.0
0.33
-8.0
0.0
1.67
1.0
1.67
-0.33
0.0
-0.67
1.0
1.67
0.67
1.67
-0.33
0.67
-0.33
0.0
0.0
0.0
0.67
-0.33
0.0
-0.67
0.33
0.0
0.0
0.0
0.0
2.0
0.0
-0.67
0.67
2.0
-0.33
-0.33
-0.33
1.0
-0.67
-0.33
0.67
0.67
0.0
-0.33
-0.33
0.0
0.0
-0.33
0.0
0.0
-1.0
0.0
-1.67
-0.33
0.67
0.0
-0.67
0.67
-0.33
0.67
0.67
1.0
-0.67
-0.33
0.0
1.0
1.0
1.0
-0.67
0.33
0.33
-0.67
-1.67
-0.67
-1.33
0.0
-0.33
0.33
-0.67
2.0
1.33
-1.33
-2.33
0.33
1.0
0.0
3.0
-0.33
0.67
0.67
-0.67
1.33
0.33
-1.0
6.67
2.33
-2.0
-0.33
-2.0
-0.67
-1.67
2.0
-1.67
2.33
1.33
-2.0
1.0
-0.67
-0.33
-2.67
0.33
3.0
5.0
-1.33
0.0
3.33
4.0
4.0
-0.67
3.0
-1.67
4.0
-3.0
-2.0
-3.0
1.67
1.33
2.33
3.33
-1.33
0.67
0.33
0.33
0.67
5.67
0.33
3.33
3.33
2.0
-0.67
2.67
-1.33
2.67
-0.67
2.33
4.0
-1.67
4.33
0.33
-0.33
2.0
5.33
1.0
3.33
2.67
1.0
4.67
0.33
1.33
-2.33
2.67
-2.67
4.33
1.67
0.0
12.0
5.0
0.33
2.33
0.33
-2.0
-2.33
0.0
5.33
1.67
3.33
1.0
3.0
2.33
-0.67
-1.33
0.67
1.0
2.33
5.67
-2.33
5.67
-3.33
1.0
5.33
-1.0
4.67
-0.33
-3.33
2.67
8.67
1.67
9.0
2.33
1.67
5.33
0.0
6.0
3.67
-2.33
2.33
4.0
-1.67
-2.67
-2.67
7.33
4.0
9.67
3.33
-1.33
0.33
5.0
-1.0
-1.33
4.33
1.33
-2.33
5.33
3.67
2.0
0.33
-2.67
0.0
8.0
1.33
2.0
1.67
3.67
1.33
-3.0
5.33
-0.67
3.0
0.33
1.0
-4.0
-2.33
0.33
-2.33
5.0
0.67
6.0
2.33
11.67
-4.33
6.67
7.67
8.0
8.67
-2.67
0.33
2.33
-0.33
8.0
7.33
-0.67
1.33
4.0
9.67
1.33
5.33
14.0
1.0
2.33
0.33
3.0
9.67
-5.0
2.33
2.33
0.0
0.0
-4.0
3.33
6.0
0.0
-2.33
-3.0
0.0
-0.33
2.67
5.0
-3.67
-5.0
-2.33
3.33
1.67
9.0
6.33
-5.33
1.0
3.0
7.33
2.0
5.0
1.0
-3.33
3.33
3.0
-1.67
-0.67
-1.67
-3.33
-4.0
5.33
-5.67
1.67
3.33
1.33
10.33
-5.0
0.67
3.0
7.67
-1.33
2.33
5.0
2.0
-5.33
3.67
1.67
5.0
2.67
1.67
-1.33
1.33
0.33
6.0
-3.33
0.67
4.67
-1.67
-0.67
7.33
2.33
1.0
-1.33
3.0
0.0
-4.33
4.0
1.33
5.0
6.0
1.0
1.0
4.67
-0.67
-1.33
-0.33
2.0
0.0
-1.33
2.0
1.67
-3.33
7.0
2.67
5.33
1.67
-0.33
-1.0
4.33
5.67
6.0
0.33
1.0
-5.0
1.67
7.33
-0.67
2.67
-3.0
1.67
-4.0
8.0
-3.67
5.0
-3.67
5.0
-1.0
-1.67
-5.67
4.0
2.33
-2.67
-1.0
4.0
-0.67
-1.67
3.67
3.33
-0.33
-1.0
0.33
-4.33
8.33
-0.33
0.33
-2.33
1.33
5.33
2.0
8.33
3.67
-0.67
1.33
-3.33
6.67
2.0
-2.33
-0.67
3.67
-0.33
1.33
4.67
-1.33
-2.67
9.0
6.33
-1.33
2.33
-6.0
-3.67
2.33
-1.0
3.0
0.67
-2.0
0.0
-8.33
0.33
-1.67
0.33
-0.33
-0.33
-1.33
-1.67
-3.0
-3.33
-2.0
2.67
4.0
0.0
4.67
-2.33
8.67
1.0
-2.67
-0.33
4.67
1.33
-0.33
3.0
-0.67
7.67
3.67
2.33
2.0
-3.0
3.0
5.67
1.33
-1.67
1.67
-0.33
-3.0
3.33
-4.33
0.33
-2.0
1.33
-1.67
-0.67
6.0
1.33
3.0
-1.33
2.33
6.67
0.33
0.67
3.33
-2.67
6.67
0.33
1.33
-1.0
-4.0
-2.33
0.0
-4.0
-3.0
-1.0
0.67
0.33
-0.67
2.67
-6.33
-1.67
2.67
-1.0
2.67
0.0
0.33
-2.0
2.67
8.0
-1.67
2.0
-2.67
5.67
-0.33
-2.33
-1.0
3.0
-1.33
-1.67
-0.67
0.67
-1.67
-2.67
0.0
-1.67
4.33
0.0
-3.33
0.33
-0.33
1.33
-1.67
7.0
1.33
-1.67
0.0
0.67
-2.0
1.0
3.67
2.0
-1.67
-1.0
-3.0
-0.33
-2.67
1.0
1.67
-1.67
0.33
-3.33
0.67
1.0
1.33
-2.0
-6.33
3.67
-0.67
0.33
5.0
1.33
2.33
4.67
4.0
-1.33
-0.67
2.67
5.0
-1.33
-0.33
0.33
2.67
-4.33
0.33
-1.0
-5.67
-2.33
0.33
-1.33
-1.67
0.67
0.33
1.33
-0.33
3.0
2.67
-0.67
-2.0
3.33
3.0
0.0
-3.33
-1.0
-6.0
-0.33
-0.67
-0.33
1.0
1.33
1.67
-1.67
-2.33
0.33
-1.0
-0.67
6.67
3.33
-1.67
-5.67
-0.33
-4.0
2.0
1.0
-4.67
5.67
-1.67
-1.33
-0.67
-1.33
-2.0
-0.67
-4.33
4.0
-1.0
-0.33
1.67
-2.0
-2.33
0.67
0.0
-0.33
-4.33
-1.0
-6.67
1.67
1.67
-5.33
-3.67
-5.67
2.0
-1.67
-7.0
-2.0
-0.67
-0.67
-2.0
-2.0
5.33
0.0
-3.0
-1.67
-3.67
-1.33
-4.0
-2.33
-1.67
-2.33
-3.0
-6.33
-0.67
1.0
-1.0
0.0
0.0
2.67
-2.67
-5.33
-1.33
-0.67
-0.33
-3.33
-2.67
1.0
-1.33
5.0
6.0
-0.33
-2.33
-0.67
-3.33
0.33
-2.33
2.33
-1.67
-1.33
0.67
-2.33
-1.33
-3.0
-1.33
-5.0
-0.67
3.33
-1.0
4.33
3.0
-7.67
-0.67
-5.0
2.67
-8.0
-5.0
-3.33
1.67
0.33
-6.0
-2.67
0.67
-4.0
-10.0
-2.0
-10.0
1.33
-1.0
-7.0
0.0
-11.0
-4.0
-2.67
-5.0
0.67
3.33
-1.67
-1.67
-5.67
-6.0
-6.33
-6.67
-7.33
-7.0
-3.33
-0.33
-3.0
-4.33
-8.0
-9.0
-4.33
-5.0
-5.0
0.67
-6.67
-4.33
-1.0
-2.33
-5.33
-6.0
-5.67
2.67
2.33
-1.0
-2.33
-1.33
-7.0
-3.33
-1.0
-4.0
1.67
-0.33
3.67
-2.0
7.33
0.33
0.0
1.33
7.0
6.67
13.67
6.67
10.67
24.67
21.0
21.0
25.33
26.0
26.0
29.67
45.0
48.33
40.33
41.0
48.33
30.33
37.33
43.67
32.0
33.67
32.0
30.33
20.67
27.33
8.67
28.33
8.33
7.67
12.0
9.67
0.0
9.33
3.67
-6.0
2.67
1.0
7.0
-1.33
-0.33
-2.67
3.0
7.67
8.33
-6.33
-7.0
-6.0
-5.0
-2.0
-1.0
-2.0
6.33
3.0
4.67
4.67
2.0
0.33
0.33
2.67
-3.67
-0.33
-8.0
-3.67
-8.33
1.0
5.33
-6.33
0.0
-11.67
4.33
1.67
-5.33
-1.67
1.33
-6.0
-1.33
-5.33
-2.67
6.0
2.67
-5.67
-4.67
-5.67
-4.0
0.0
-1.67
8.33
-7.33
4.0
3.0
-4.0
-2.33
-3.0
0.67
3.0
4.67
-1.67
-1.67
3.67
-6.0
-2.33
-5.0
4.0
-12.33
0.67
-7.67
-6.33
1.33
1.0
-0.67
-5.67
1.67
-1.33
0.33
2.33
3.33
-2.67
-2.67
-8.67
-7.67
-4.67
0.33
0.67
2.67
5.67
-1.67
2.67
-12.67
-1.67
5.67
-8.0
-0.67
3.67
4.33
-9.0
2.0
-0.67
0.33
2.33
-5.0
6.0
0.33
5.0
-7.0
2.0
-2.67
-9.0
2.33
6.67
-5.0
2.67
-9.67
-0.33
-4.67
1.67
-0.67
-0.33
-6.0
3.67
-12.0
-5.0
0.33
-6.0
6.33
-1.33
0.33
2.33
7.0
6.0
-0.67
-1.33
2.0
-1.33
-4.67
-5.0
-2.0
5.0
-1.67
-2.0
1.33
2.33
2.67
-2.0
1.33
-4.67
5.0
2.67
4.0
4.67
-2.33
10.67
3.0
-1.33
0.33
-2.33
6.33
1.0
7.33
3.67
0.0
1.0
-1.0
-4.0
9.67
-1.0
-3.67
-1.33
-7.0
4.67
1.33
4.67
7.67
1.67
5.33
-8.67
1.33
-4.33
-5.67
14.0
12.33
2.33
1.33
0.67
14.67
8.67
12.33
20.67
17.0
25.33
12.0
17.0
18.33
6.0
19.33
28.67
33.0
21.67
27.33
28.67
21.67
14.33
21.67
26.33
13.67
10.33
24.67
13.0
23.67
17.0
18.33
3.0
7.67
10.33
3.33
10.67
-2.0
10.67
2.0
1.33
7.67
-6.67
10.67
9.67
6.0
0.67
6.33
5.0
8.0
-5.67
4.0
7.67
-3.0
19.0
5.67
2.33
-1.67
2.0
9.33
13.0
9.0
4.67
3.33
2.0
11.67
3.67
0.0
-2.0
12.33
7.33
5.67
4.0
11.67
4.0
3.33
8.0
-0.33
3.0
6.67
5.67
3.0
-4.67
11.33
14.33
3.0
3.33
8.33
6.33
3.0
1.0
7.0
-1.0
6.67
13.33
6.67
0.0
7.67
10.33
9.67
10.0
3.0
9.67
12.33
12.67
6.67
7.33
6.67
1.33
8.67
8.0
6.33
3.33
2.0
5.67
13.67
3.0
9.33
10.67
3.67
13.0
18.0
3.0
8.0
9.0
12.33
8.33
13.67
15.0
7.33
11.33
13.67
5.33
3.33
-1.0
2.33
3.33
5.33
7.0
11.33
3.0
8.0
18.33
14.67
21.67
9.0
4.0
10.67
24.67
7.67
4.67
4.33
3.67
7.0
5.67
17.0
3.33
3.33
10.33
16.0
-2.0
3.33
10.67
-1.67
11.0
3.0
-4.33
1.0
5.33
13.0
22.0
6.0
6.33
2.33
17.67
2.33
9.0
13.33
10.0
14.0
7.0
7.0
13.67
0.67
12.0
11.0
1.67
5.67
3.67
12.0
6.0
3.33
5.67
12.33
11.67
11.33
2.67
4.67
4.33
5.33
14.0
7.67
9.33
1.67
6.33
15.0
14.67
16.67
1.0
7.0
19.33
-4.0
12.0
8.0
3.67
8.33
12.33
10.67
8.67
-4.33
4.0
-0.67
4.33
14.33
11.67
2.67
9.0
7.33
7.33
6.33
5.67
6.0
7.0
10.67
7.33
6.67
0.67
-1.0
5.67
14.33
4.33
4.0
14.33
9.33
5.0
7.0
12.33
10.0
9.0
17.33
22.33
14.0
13.67
5.67
10.33
10.0
21.33
23.67
7.33
14.67
24.33
19.33
23.33
20.67
24.67
20.67
17.67
16.67
12.0
20.0
24.0
32.67
31.33
27.67
24.33
11.67
28.33
23.33
25.0
40.0
31.0
33.0
41.67
48.0
43.67
43.33
53.67
90.67
64.33
96.67
111.0
92.33
102.33
115.67
115.0
128.0
140.67
134.0
126.33
157.0
127.67
148.0
121.0
118.33
103.0
122.0
118.0
101.0
104.33
78.0
109.0
91.33
64.0
57.33
54.33
30.67
47.67
25.33
16.0
21.67
27.67
35.67
20.0
10.67
10.33
21.33
15.67
17.67
6.0
2.67
-2.67
15.0
28.33
6.0
7.67
-7.33
11.67
6.0
0.0
9.0
3.0
10.67
14.33
10.33
2.0
6.0
10.0
6.67
8.67
17.0
1.0
15.33
8.33
15.33
10.33
-7.0
16.0
-2.67
8.0
18.67
7.67
12.33
15.0
9.33
12.33
9.0
14.33
2.33
16.67
12.67
9.67
6.0
4.33
9.0
3.67
7.0
12.67
7.67
11.0
7.33
10.0
3.33
12.33
10.67
6.33
8.0
13.0
11.33
6.33
8.33
-7.0
15.33
1.33
5.67
9.0
7.33
2.67
14.0
-1.33
16.67
-1.0
4.67
10.67
0.67
11.33
17.0
6.0
8.67
15.0
17.33
3.0
18.33
4.33
-0.33
1.0
9.0
9.0
7.33
10.33
4.0
-0.33
17.0
13.67
10.67
-4.0
6.33
11.33
12.67
-1.0
6.0
26.33
9.33
1.0
2.0
14.0
4.67
20.67
1.0
-0.33
3.0
8.67
9.0
14.67
7.0
-1.67
20.67
1.67
22.33
7.67
1.0
-1.0
17.67
3.33
1.33
6.67
9.33
11.67
11.33
13.67
0.67
9.33
9.33
2.67
-1.33
-3.33
19.33
13.0
-0.33
-2.33
9.0
13.33
8.67
11.0
2.33
19.0
2.33
15.33
7.67
12.33
8.33
11.0
4.67
-7.0
-0.67
19.0
18.67
5.67
13.33
22.0
20.67
13.67
8.67
8.33
21.67
16.0
7.33
24.0
32.33
22.33
54.0
33.67
22.33
31.33
20.0
23.67
33.33
34.0
39.67
48.33
24.67
23.0
36.33
23.33
29.0
31.33
23.33
14.33
23.0
24.33
19.33
30.0
12.67
11.0
8.67
18.0
8.0
8.33
9.67
5.33
20.33
0.33
2.0
-1.0
6.67
7.0
1.67
14.0
4.33
0.33
-4.0
1.33
10.0
-0.67
13.33
14.0
14.0
-2.0
7.67
-2.0
4.67
5.0
16.33
-0.67
0.33
9.33
0.33
12.33
13.0
11.33
-5.33
12.67
-11.33
7.33
7.0
14.0
-1.67
12.33
5.0
1.67
8.0
1.67
4.67
3.33
4.33
5.67
13.67
7.33
3.0
6.0
8.0
7.67
2.0
12.33
2.67
1.0
7.0
18.33
18.0
12.67
9.0
8.0
2.33
12.0
-1.0
5.67
1.67
11.0
-0.33
9.0
-3.0
7.67
13.0
4.67
3.67
1.33
16.33
9.0
4.0
-6.67
-0.67
10.33
1.0
-7.0
8.67
2.67
-7.0
-2.0
0.67
-5.67
8.67
4.33
3.67
8.0
14.0
4.0
1.0
1.33
2.0
10.33
-2.0
-2.67
5.33
6.67
-6.0
-0.67
9.33
-11.33
1.0
1.33
-2.67
-6.0
8.33
5.0
10.67
5.0
2.67
-5.33
14.33
10.33
10.67
-5.33
-4.0
3.0
7.67
2.67
14.33
5.0
0.67
-0.67
6.0
0.0
4.33
0.0
6.33
-7.0
4.0
-0.33
-5.0
-1.33
-4.0
2.33
-8.67
8.0
4.33
4.0
7.33
4.33
5.67
0.33
-3.0
3.0
0.33
-0.67
3.67
6.33
4.0
-2.0
6.0
10.33
-1.33
0.33
-8.67
0.0
2.33
-5.67
2.0
-2.33
3.33
7.33
-4.67
4.0
2.67
4.67
0.0
-4.0
4.0
10.0
7.33
1.33
3.67
-0.67
8.0
4.67
12.33
-10.67
0.33
6.0
8.67
4.0
2.67
6.67
-6.33
4.67
-2.67
8.33
12.0
4.67
7.33
12.67
-5.0
7.33
10.0
-3.33
6.67
3.67
11.33
7.33
3.33
9.67
10.67
6.67
7.33
-1.0
4.67
11.0
9.0
4.33
9.33
13.33
-6.0
-5.67
9.0
0.67
0.67
4.67
5.67
-2.67
2.33
-1.0
5.33
11.67
7.0
0.33
1.33
2.33
-2.67
-4.67
-1.67
-0.67
0.33
3.0
3.67
2.67
0.67
2.0
-1.0
10.0
-3.67
3.33
3.33
-4.0
3.0
2.67
2.33
5.67
0.0
4.67
7.0
-8.0
9.0
8.0
8.0
-0.33
1.67
-2.0
4.67
7.67
-5.0
-1.33
-1.0
2.67
9.67
5.0
1.33
4.0
6.67
5.0
-6.0
-1.67
1.67
-1.0
9.67
0.67
3.67
6.0
10.33
6.67
3.67
0.33
-4.0
3.67
-0.67
0.67
7.0
-2.67
10.67
3.67
5.33
4.0
0.33
-7.33
8.33
2.0
10.33
-2.67
-1.33
5.0
7.0
0.67
-2.67
0.0
4.33
-6.0
-4.33
-1.67
6.33
0.0
-0.33
-0.67
2.33
-2.0
6.67
1.0
-2.0
1.67
3.33
3.33
-5.33
4.0
0.0
3.33
-5.67
5.67
-2.67
4.0
1.67
12.67
-3.33
-1.0
-1.67
6.33
-2.33
9.0
-2.0
4.67
4.0
5.0
1.0
4.67
-3.0
2.0
-1.33
-1.33
2.67
4.67
-0.67
2.67
3.33
-0.33
-2.0
5.0
4.0
4.67
3.33
0.0
1.0
3.67
-3.0
5.0
3.0
6.33
-2.0
5.33
6.67
-3.33
1.0
-0.67
2.33
-1.0
6.67
3.67
4.0
-0.33
-4.33
0.67
-1.0
4.67
0.0
3.33
7.0
-5.33
-0.33
3.33
-2.0
1.0
-4.33
1.67
2.67
4.33
7.0
-1.67
-2.0
3.33
-1.33
-3.33
-2.33
-1.67
0.33
-6.0
3.67
10.0
-2.33
2.33
0.67
2.67
3.33
2.33
0.33
4.67
-0.33
4.67
3.67
-3.0
6.67
2.0
-5.0
-2.33
-1.67
-4.0
-1.0
2.0
-6.67
-1.33
-1.33
1.33
-8.67
5.0
0.67
-4.0
-1.67
-1.0
2.67
5.33
2.67
0.33
-3.33
-1.67
-5.33
10.0
0.0
-2.33
3.33
0.67
-8.0
-4.0
-1.33
-1.0
3.67
0.0
1.0
3.33
-5.67
-4.0
-0.67
0.33
12.67
2.67
-0.67
-0.67
1.33
-0.67
-1.33
0.0
-0.67
4.33
-6.33
2.33
0.33
4.67
0.0
3.67
-0.67
-1.33
5.67
-6.33
-4.0
-1.0
1.0
-2.33
-6.0
-2.0
1.33
-3.67
-5.33
5.67
3.0
10.0
3.0
5.67
-3.0
-2.0
1.67
