0.0
-13.67
68.33
44.0
-10.67
67.33
-47.0
-82.0
-62.0
-26.0
-109.33
25.0
-56.67
5.33
-39.67
-2.33
6.67
-5.67
-43.67
-39.67
10.67
4.67
8.33
5.67
-22.67
-13.67
13.0
-9.0
-6.0
-3.0
-5.67
2.0
1.0
0.67
-4.0
-1.33
0.67
0.0
0.33
0.0
0.67
0.67
1.67
-0.33
-0.33
0.67
-1.0
1.0
0.0
-0.33
1.67
2.0
1.33
-0.67
0.0
0.0
0.0
0.0
0.0
1.0
-0.67
1.67
2.0
-0.33
0.67
-0.33
0.0
0.33
-0.33
-0.33
-0.33
1.0
1.67
-0.33
3.0
2.0
-0.33
0.0
0.0
-1.0
0.0
-1.67
0.67
-1.33
1.0
-0.67
-0.33
0.67
0.67
2.67
2.0
0.33
0.67
-1.0
0.0
0.0
0.0
1.33
-0.67
0.33
0.33
-0.67
0.33
-2.33
1.0
-1.33
0.33
1.33
3.0
2.33
-1.33
-3.33
1.33
2.0
-1.0
-2.0
0.67
-0.33
0.67
-0.67
0.33
-1.67
-2.0
2.67
-0.67
-1.0
-2.33
-1.0
-1.67
0.33
-1.0
3.33
1.33
-1.67
-3.0
-2.0
-3.67
-2.33
2.33
0.33
5.0
-1.0
0.67
-4.0
1.33
7.0
4.0
-2.67
0.0
-3.67
0.0
-3.0
-2.0
3.0
-0.33
1.33
-1.67
4.33
-0.33
-0.33
-1.67
-5.67
4.67
1.67
-0.67
7.33
0.33
-2.0
0.33
5.67
-0.33
-0.33
4.33
6.33
2.0
0.33
1.33
-3.67
-3.33
0.0
3.33
0.0
-0.67
3.67
-1.0
-3.33
10.33
-2.67
4.67
4.67
0.33
3.33
-4.33
-4.0
2.0
5.0
-0.67
1.33
-1.67
-3.0
-3.33
3.0
2.33
5.67
0.33
5.0
-2.0
-1.67
3.33
2.67
3.67
7.0
-4.67
2.67
-0.33
8.67
1.67
-2.0
7.33
-2.0
3.67
-0.33
-1.33
-2.33
-1.33
3.67
2.0
-0.67
-4.33
4.33
1.0
2.0
11.67
0.67
-3.67
3.0
-2.67
-5.67
-1.67
-0.67
4.0
5.67
3.33
-2.33
3.33
1.0
-1.0
-2.33
0.33
0.33
3.67
3.33
-3.33
2.0
0.33
4.33
-2.0
4.0
3.33
0.0
2.67
-5.33
2.33
4.0
5.33
4.33
0.0
-9.67
5.0
-3.0
4.67
0.33
-0.33
-1.0
6.67
6.0
11.33
-0.33
3.67
4.67
-0.33
1.0
4.67
-4.67
-3.67
2.33
-2.33
2.0
6.33
-3.67
-5.67
2.0
8.67
-3.67
5.33
2.0
3.0
-3.67
-2.67
-5.0
2.67
6.0
1.33
1.33
-4.0
1.0
0.0
-0.67
9.0
5.0
6.67
1.0
-2.0
5.67
4.67
-1.0
3.33
-1.0
4.67
1.33
8.67
11.0
-0.67
-0.33
0.0
-2.0
-0.67
1.0
7.0
6.0
-1.33
-3.67
2.0
0.33
2.33
-3.67
-0.33
-3.0
0.33
3.33
8.67
0.33
-2.67
3.33
1.0
1.67
2.0
4.67
0.67
-2.67
-4.0
7.0
-0.33
-0.33
-3.33
-5.0
-1.33
0.67
2.67
9.33
1.33
7.0
-2.33
3.67
2.67
-1.67
-4.67
4.33
5.33
2.0
3.67
2.0
-2.0
-0.33
5.0
2.33
-1.0
4.0
-3.0
-3.0
2.67
2.33
-1.33
-1.33
3.0
1.0
4.67
4.0
1.67
1.67
6.0
0.67
5.33
0.67
-1.33
3.0
3.33
-1.33
6.0
-0.67
4.0
-4.0
2.67
0.33
-3.67
-1.33
4.0
-1.33
-2.0
-2.0
10.33
1.0
-1.67
0.0
1.0
-3.67
-1.67
-1.0
4.33
-4.67
1.0
-2.0
4.33
-1.67
1.67
6.33
1.67
-2.0
-1.67
-5.33
-0.67
0.67
2.33
-2.33
0.33
3.33
-4.0
-1.67
2.67
4.33
-1.67
-2.33
-1.33
8.0
-2.33
1.33
-0.33
0.67
1.33
1.67
0.67
-2.67
4.0
-0.67
2.67
6.33
-2.0
5.33
3.33
-2.0
6.0
3.67
0.0
2.0
-6.33
0.33
-1.67
-0.67
-0.33
-3.33
-1.33
-2.67
1.0
-0.33
-1.0
-2.33
1.0
-2.0
1.67
-2.33
0.67
3.0
-1.67
2.67
2.67
5.33
0.67
2.0
-0.67
4.67
-0.33
7.33
2.0
-2.0
-1.0
1.67
0.33
1.33
6.67
-1.33
2.0
-0.67
-5.33
-4.67
-5.0
1.33
2.33
-0.67
1.0
-0.67
-1.0
-2.33
3.33
5.67
5.33
0.67
0.33
2.33
3.67
-5.67
-3.67
5.0
-3.0
0.67
0.0
0.0
-2.0
4.0
1.67
-3.67
1.33
-3.33
-3.33
-0.67
-5.33
-1.0
-1.33
2.0
2.33
-3.0
-1.33
2.0
7.33
-1.0
2.33
3.67
-1.33
-0.33
4.0
2.0
0.67
-0.67
-4.67
0.67
1.33
-4.67
0.0
5.33
3.33
11.0
3.67
-1.67
0.67
1.33
-1.67
1.0
1.33
3.33
-1.0
-0.33
-3.0
-1.0
1.67
1.0
-3.67
-4.0
0.0
-3.33
-0.67
3.0
1.67
0.33
-4.67
0.67
-4.33
0.0
-0.67
-1.0
-3.33
-2.33
-1.67
-6.67
-2.0
-0.67
7.33
0.67
5.0
-1.33
1.33
0.67
3.0
-0.33
-0.33
0.33
3.67
-0.33
3.33
-4.0
-5.67
0.67
-0.67
-1.33
-0.67
-2.33
-1.67
-0.67
-0.33
1.0
4.67
-0.67
-1.0
-2.67
0.0
-2.0
-2.33
-3.0
-3.0
-2.33
0.33
1.67
0.0
-1.67
2.67
-1.67
-1.33
1.33
-4.0
-2.67
1.67
0.33
-3.67
-4.67
1.67
-3.0
-3.0
2.0
-4.67
3.67
5.33
-4.33
-5.67
-1.33
-1.0
0.33
2.67
7.0
0.0
0.67
-1.33
2.0
-1.33
1.67
2.0
2.67
-0.33
3.0
-4.67
-0.33
0.67
-4.33
-4.67
-1.67
8.0
-5.67
-6.0
0.0
-0.67
-0.67
2.0
2.0
-2.67
-5.0
1.0
1.33
-3.67
-2.33
1.0
-3.33
-4.67
-3.33
-5.0
-4.33
5.33
-1.0
2.0
-2.0
-2.0
-6.33
-3.67
-2.33
-4.33
0.33
-6.33
-4.33
-3.67
0.0
6.67
0.0
4.0
-0.33
0.67
-2.67
-3.33
-8.67
5.67
3.33
0.33
-8.33
-0.33
-0.33
-3.33
-6.0
-1.33
-6.0
-0.67
-4.67
0.0
-0.67
-1.0
1.33
4.33
-4.0
-3.33
-1.0
-2.0
-3.33
-4.33
-3.67
-8.0
-0.67
-5.33
-1.0
-6.0
-1.0
-1.0
5.33
-3.0
-5.0
-1.0
-8.0
4.0
5.33
-8.0
-4.33
4.33
-2.67
-2.67
-3.67
-3.0
-8.33
-2.67
-2.33
6.0
-0.33
-1.33
-1.0
-4.33
-4.0
-6.0
-1.33
1.0
-3.0
2.67
-6.67
-0.33
6.0
-2.33
-4.33
2.0
-2.67
-2.33
-6.67
-2.0
5.67
7.67
0.0
-9.33
-3.0
-9.0
-1.33
4.67
8.67
1.0
14.33
0.33
2.0
7.33
12.0
7.67
21.67
17.67
6.67
29.67
20.0
36.0
18.33
18.0
31.0
30.67
37.0
43.33
50.33
38.0
46.33
42.33
37.33
41.67
40.0
45.67
46.0
39.33
24.67
23.33
19.67
22.33
10.33
12.67
-3.0
8.67
10.0
11.33
5.67
-6.0
4.67
5.0
-3.0
2.67
-6.33
0.33
4.0
6.67
9.33
2.67
-2.0
0.0
3.0
8.0
2.0
4.0
0.33
3.0
14.67
13.67
-4.0
1.33
-3.67
7.67
-2.67
10.67
-7.0
-3.67
-2.33
-1.0
6.33
1.67
-6.0
-3.67
0.33
-6.33
-7.33
0.33
-1.67
-2.0
-3.33
1.67
-8.67
0.0
4.67
-6.67
1.33
-5.67
-3.0
-5.0
-4.67
-4.67
-6.33
5.0
-4.0
1.0
-8.33
-4.0
-0.33
-1.0
3.67
-1.67
5.33
-0.33
-7.0
1.67
-8.0
1.0
-3.33
-1.33
-7.67
-0.33
-4.67
0.0
1.33
-0.67
1.67
-1.33
-5.67
-4.67
-6.67
-1.67
-2.67
-5.67
-1.67
-2.67
1.33
-0.33
-6.33
3.67
2.33
-4.33
-2.67
-1.67
0.67
-11.0
1.33
4.67
7.33
-3.0
4.0
13.33
-0.67
-5.67
-2.0
1.0
1.33
-8.0
-4.0
0.0
-4.67
-6.0
-3.67
3.67
1.0
-1.33
-0.67
-3.33
-7.67
1.67
1.33
-3.33
2.0
0.67
-2.0
-7.0
-1.67
1.0
6.33
2.67
-2.67
0.33
2.0
-3.0
3.33
3.67
-8.0
-2.33
-0.67
3.0
-3.0
2.0
-3.67
-1.0
-4.67
-1.67
5.67
20.0
-2.67
-0.67
4.0
-8.33
-2.0
-6.33
5.67
6.67
-2.0
-1.33
7.33
5.67
7.33
2.0
6.33
2.67
-6.0
3.0
1.0
-4.0
2.67
7.0
-7.67
8.67
2.0
1.67
4.33
5.67
-1.33
-7.33
-0.67
-9.67
4.33
-4.33
-1.67
-5.0
0.33
4.33
-2.67
4.67
10.67
7.67
19.33
12.67
15.0
7.33
23.0
20.0
21.33
26.0
21.33
19.67
15.0
34.67
23.33
24.67
16.67
24.33
23.67
16.33
24.67
13.33
17.67
22.0
24.67
16.0
12.33
-7.0
11.67
7.33
2.33
10.67
8.0
9.67
10.0
19.33
4.67
3.33
10.67
5.67
-3.0
-0.33
3.33
5.0
4.0
4.33
5.0
2.67
6.0
14.0
7.67
6.33
8.33
-6.0
7.33
5.0
5.0
3.67
-3.67
3.0
14.67
1.67
16.0
1.0
8.33
5.33
14.67
5.0
8.67
4.0
8.33
14.0
9.67
13.0
5.67
-0.33
7.0
1.33
-2.67
1.33
-2.0
6.33
7.33
8.33
8.0
1.0
4.0
7.0
10.67
11.33
-0.33
16.0
3.67
3.33
18.67
17.0
2.0
0.67
3.33
4.67
2.67
6.33
11.67
11.33
10.67
8.0
12.33
8.33
9.0
6.67
8.67
-1.0
11.33
1.67
5.67
10.0
5.0
2.0
8.0
8.0
8.33
-0.67
8.67
15.0
13.33
-0.67
8.67
5.33
-0.67
19.0
2.33
12.33
15.33
12.0
15.33
5.0
19.0
5.33
10.67
6.67
2.0
-5.0
-0.33
9.67
8.67
5.67
8.33
19.67
5.0
8.67
11.0
7.33
-3.67
7.33
18.0
5.0
0.33
10.67
2.33
17.0
4.0
9.67
18.0
1.33
12.0
17.0
15.0
11.33
5.33
10.67
10.33
12.0
8.33
9.0
16.0
9.0
5.0
5.67
11.67
16.0
6.0
2.67
8.67
11.67
13.0
-1.0
3.33
9.67
20.33
7.67
5.33
11.67
13.67
9.33
3.33
7.0
8.67
12.33
7.67
3.33
10.0
14.67
22.67
7.0
4.0
6.33
6.0
-1.0
18.0
15.67
-3.67
10.33
19.67
3.67
10.67
10.0
1.33
10.33
11.33
4.67
3.67
11.0
9.33
3.33
2.33
-3.33
8.0
5.0
16.67
12.33
17.67
7.67
7.0
11.67
6.33
11.33
13.0
14.33
9.33
11.0
5.0
5.33
0.0
16.0
12.33
10.33
15.0
15.67
6.67
5.33
10.0
16.33
18.67
7.33
4.67
13.33
16.33
9.33
27.67
13.67
29.67
13.67
30.67
18.0
23.0
23.0
15.67
20.33
20.67
26.33
9.67
26.33
19.33
38.0
25.0
29.0
38.0
37.67
45.0
53.67
56.33
70.67
83.67
94.33
84.67
103.0
100.33
110.33
110.67
141.0
136.0
152.67
133.0
140.33
153.0
127.67
143.0
138.0
125.33
137.0
133.0
102.0
125.0
108.33
120.0
95.0
90.33
81.0
77.33
80.33
47.67
47.67
41.33
37.0
34.67
19.67
34.67
35.0
11.67
19.33
12.33
12.67
14.67
15.0
9.67
-6.67
19.0
9.33
7.0
0.67
12.67
12.67
7.0
6.0
-5.0
3.0
10.67
6.33
8.33
11.0
8.0
17.0
-2.33
3.67
15.0
5.0
12.33
21.33
2.33
15.33
10.0
15.0
0.33
0.0
8.67
8.67
14.33
5.0
22.33
13.33
-8.0
11.33
4.33
9.67
10.67
6.67
0.0
9.33
15.0
12.67
2.0
14.67
20.67
24.0
10.33
22.0
2.33
8.33
6.67
1.33
9.0
1.0
13.33
10.33
9.33
8.0
8.33
5.33
10.67
19.0
3.33
11.67
1.0
2.67
13.67
9.0
10.67
11.67
0.67
7.33
12.0
12.0
18.67
5.0
14.33
4.0
13.33
17.33
5.67
6.0
9.0
12.0
9.33
15.33
8.0
-8.33
10.0
12.67
11.67
-5.0
13.33
13.33
10.67
-1.0
14.0
3.33
14.33
5.0
3.0
28.0
10.67
8.67
9.0
7.67
2.0
6.67
10.0
11.67
12.0
4.33
8.67
-1.33
1.33
3.67
10.0
9.0
0.67
7.33
12.33
2.67
12.33
10.67
6.33
22.67
8.67
3.33
3.33
-3.33
11.67
-2.33
10.33
24.0
7.67
6.67
10.0
-9.67
15.67
3.0
15.33
9.0
7.33
7.33
7.67
11.33
0.33
6.0
9.67
5.0
6.33
16.0
2.67
8.67
29.33
4.0
16.67
9.67
16.67
20.33
28.67
11.0
30.33
24.0
19.33
28.33
41.0
41.67
30.33
43.33
42.0
39.67
29.33
42.0
28.67
21.33
44.67
22.0
33.33
20.33
35.0
22.33
11.33
16.33
23.0
11.33
24.33
15.0
18.67
6.0
14.67
0.0
4.0
5.33
23.67
10.33
13.33
8.33
19.0
-2.0
-4.33
5.0
5.67
6.0
16.33
7.33
17.0
-8.67
5.0
5.33
13.33
8.0
16.0
11.0
6.67
1.0
22.67
11.0
1.33
6.33
-3.67
5.33
10.33
3.33
7.0
6.33
5.67
3.67
2.67
9.33
2.0
15.0
18.33
4.33
10.0
-7.33
6.0
-1.33
0.67
-1.67
15.33
1.67
-0.33
5.33
4.0
7.0
3.0
12.67
14.0
22.33
-2.33
2.0
8.0
9.33
6.0
6.67
15.0
20.0
3.33
7.0
14.0
6.67
12.67
13.0
13.67
-1.0
-4.0
12.67
4.0
-2.33
13.67
1.33
6.33
3.0
11.0
-0.67
6.33
5.33
5.0
5.0
0.67
10.67
10.0
-2.0
7.67
-9.67
1.67
-8.67
-6.33
6.0
3.0
12.0
0.0
5.33
2.0
5.33
3.0
-12.67
-4.67
6.67
4.0
-4.67
-9.67
-7.33
2.0
3.33
15.33
-11.0
11.33
6.0
2.67
11.0
2.67
5.67
5.33
2.33
-6.33
-15.33
-7.0
5.0
6.67
4.67
1.33
7.0
-5.33
1.33
8.0
11.0
3.33
2.0
5.33
0.0
-1.0
-6.33
2.0
-7.33
-7.0
-7.67
11.33
11.0
2.33
3.0
11.33
4.33
-0.33
6.33
-2.0
3.0
-5.67
5.33
5.67
0.33
20.0
7.0
-4.0
12.33
-3.33
7.33
6.33
1.0
0.33
0.33
11.0
2.67
-4.67
7.33
-6.67
0.0
6.67
6.67
1.0
-1.0
10.0
6.0
-5.67
-1.67
0.67
3.33
0.0
-7.33
-0.67
-5.67
-0.67
10.0
9.67
7.0
9.67
4.67
2.67
0.67
10.33
2.33
10.0
0.67
-2.67
8.67
-4.0
-0.67
-5.0
12.67
20.67
2.67
6.33
12.33
0.33
2.67
3.67
5.67
3.33
0.0
3.67
2.0
-2.0
11.33
8.33
-1.67
6.0
1.33
7.0
-3.33
-1.33
-3.33
8.67
-2.67
2.33
-2.0
-0.67
9.67
3.0
3.33
-4.67
2.33
0.33
6.33
-1.67
3.33
9.33
9.0
-6.33
2.67
-7.33
1.0
0.0
9.0
-0.67
7.33
1.33
-7.0
1.0
0.67
7.33
4.67
-1.0
8.67
-1.0
-1.0
3.0
9.0
2.0
-0.33
0.67
-4.0
8.67
11.67
-3.0
-3.33
7.0
7.67
-4.33
1.0
5.33
7.0
-3.33
10.0
-2.0
-3.67
4.67
3.0
2.67
3.67
2.67
-1.0
7.33
4.67
1.67
1.33
-3.0
-0.33
3.33
-4.33
9.0
0.33
-1.33
8.67
-2.67
0.0
6.33
2.67
4.33
5.0
-0.67
4.33
5.67
3.0
-3.0
1.67
4.33
2.0
-0.67
-1.0
-5.33
-5.67
0.33
5.0
0.67
-4.67
5.33
3.0
-2.33
7.0
-5.0
3.67
2.33
3.33
0.67
7.0
-4.0
8.33
7.33
2.67
2.33
2.0
-3.33
3.67
1.67
6.0
2.33
3.33
2.67
-3.0
3.0
6.67
3.0
4.0
7.0
4.67
-4.0
-2.0
-1.33
5.67
-3.33
0.67
11.33
5.67
9.33
5.67
-1.0
3.0
7.0
5.67
3.33
2.0
0.0
4.67
1.0
7.0
-1.0
13.33
6.0
3.33
-1.33
-5.33
7.0
-2.67
6.33
-1.0
7.67
-0.33
0.0
-2.33
-3.33
-2.33
5.0
4.67
-2.0
2.33
3.0
-5.33
2.67
0.33
-7.0
-3.0
3.67
1.67
1.67
2.33
7.0
8.33
-1.0
1.33
-5.33
5.67
-1.33
4.33
-1.67
-8.0
6.67
5.0
-4.33
-4.67
6.67
5.67
-2.67
-1.67
1.33
2.67
-1.33
4.67
4.67
3.0
5.67
0.0
-6.0
-1.33
-4.67
-4.0
-3.0
2.0
-0.67
2.67
-1.33
1.33
-1.67
0.0
1.67
4.0
-1.67
-2.0
2.67
4.33
-0.33
0.33
5.67
-5.67
-1.33
-6.0
7.0
8.67
2.33
4.67
-4.0
2.0
1.67
4.0
3.67
2.0
4.0
4.33
3.33
-4.0
1.33
-0.67
4.67
0.67
0.33
-0.67
-2.67
5.33
0.67
-1.0
-3.67
4.33
0.67
-0.67
-3.67
-3.33
-3.0
1.67
-0.67
0.67
-1.33
0.67
-6.0
5.0
3.0
1.67
-1.0
0.0
3.33
-2.67
-1.33
2.67
1.0
-2.0
2.0
1.67
-1.0
-4.0
-0.33
