0.0
43.33
36.33
44.0
12.33
77.33
52.0
71.0
10.0
-92.0
6.67
55.0
55.33
9.33
-14.67
78.67
8.67
30.33
1.33
-8.67
7.67
-17.33
-15.67
16.67
-11.67
-20.67
-6.0
-4.0
-3.0
1.0
-6.67
7.0
1.0
-4.33
-3.0
-0.33
1.67
1.0
-0.67
0.0
-0.33
0.67
-0.33
-0.33
0.67
-0.33
1.0
0.0
0.0
-0.33
-0.33
0.0
-0.67
0.33
0.0
-1.0
0.0
0.0
0.0
0.0
-0.67
-0.33
0.0
0.67
-0.33
-0.33
0.0
0.33
0.67
-0.33
-0.33
0.0
-0.33
0.67
1.0
1.0
-0.33
0.0
0.0
0.0
1.0
-1.67
0.67
-0.33
1.0
0.33
-0.33
-0.33
0.67
0.67
1.0
1.33
0.67
-1.0
-1.0
0.0
0.0
-0.67
-0.67
1.33
-0.67
-1.67
1.33
-2.33
-1.0
-0.33
0.33
0.33
1.0
1.33
-0.33
-1.33
1.33
-1.0
-1.0
0.0
1.67
-2.33
2.67
-0.67
2.33
-0.67
0.0
2.67
5.33
1.0
1.67
3.0
3.33
-2.67
-3.0
-0.67
0.33
1.33
-4.0
0.0
5.33
-2.33
-0.67
1.33
0.0
1.0
2.67
2.0
4.33
-3.0
6.0
-0.67
2.0
-0.67
-1.0
-3.0
1.0
5.0
-1.33
0.33
-0.67
2.33
-0.33
6.67
0.33
3.33
-4.33
1.67
-2.67
0.33
1.33
-2.0
1.33
-1.33
2.67
-0.33
-6.67
3.33
6.0
-1.67
-1.67
-0.67
-3.33
2.0
0.33
-2.0
5.33
-1.33
0.0
1.67
7.33
2.33
-4.33
-1.33
-0.67
0.33
-1.33
0.0
8.0
11.0
6.33
3.33
-1.67
-4.0
-5.33
1.0
3.33
5.67
-2.67
5.0
6.0
0.33
-2.67
-5.33
1.67
6.0
3.33
-3.33
2.67
1.67
-4.33
-4.0
-1.67
-2.0
7.67
-0.33
-2.33
-4.33
2.67
4.67
1.0
5.33
-4.33
2.33
5.0
6.0
2.67
-2.33
-0.67
4.0
-6.67
4.33
-2.67
2.33
1.0
-0.33
-1.67
-5.33
-1.67
-2.0
2.0
2.67
4.33
8.33
3.67
2.33
4.67
0.0
1.33
-2.67
-1.0
1.0
1.33
0.0
-1.33
-3.33
4.33
1.0
0.33
-0.67
1.0
-1.67
0.0
-4.0
1.67
1.33
-2.33
0.0
8.67
2.0
2.33
4.67
3.67
6.67
-3.33
6.0
1.67
-1.67
1.33
3.33
0.67
-1.0
-2.67
1.33
2.33
3.0
1.67
-3.67
1.33
0.0
3.0
-4.67
0.33
-4.0
3.67
-4.0
-0.67
1.33
3.0
10.0
4.0
5.33
1.0
-2.0
2.67
3.0
5.0
2.67
3.67
-1.0
5.33
-4.0
-1.33
-4.67
-0.33
10.0
6.33
3.67
0.0
0.0
4.33
4.0
-1.0
-1.0
2.67
3.33
4.0
1.33
3.33
-0.67
-1.33
-5.0
1.33
8.33
2.67
-3.67
-0.67
2.33
-2.0
-0.33
2.0
12.67
5.67
-0.67
-6.0
6.0
-2.33
3.67
1.67
0.0
0.67
7.67
1.67
0.33
5.33
3.0
4.67
1.67
3.67
-1.67
-1.67
2.33
0.33
5.0
-4.33
0.0
-3.0
2.67
-2.0
-3.67
4.0
0.0
0.0
-3.0
3.67
-0.67
4.67
-3.33
2.0
3.0
-3.33
-3.0
3.67
1.67
3.0
-0.33
-3.67
2.67
-4.33
0.0
3.33
-1.33
-3.0
-0.67
2.0
2.0
0.67
-2.67
-4.67
-1.33
-2.0
-1.33
0.0
0.0
0.33
7.0
-4.67
2.0
-2.0
-2.67
0.33
-2.0
-6.67
1.33
1.0
-3.0
-2.67
-0.67
3.67
3.33
-1.33
2.0
-2.67
2.67
0.33
1.67
-0.67
-1.33
5.33
0.33
0.0
3.33
1.67
0.33
-2.67
-6.33
3.67
3.0
-5.33
-1.67
-1.33
-0.33
4.33
-2.33
4.67
-4.67
-1.0
-1.67
0.67
6.33
-1.0
2.33
1.33
-4.0
2.0
2.67
-3.0
0.0
-0.33
4.33
-3.67
-1.67
-0.33
-6.33
-3.33
-1.67
5.0
-0.33
-3.0
-2.33
3.0
-3.0
-0.33
-2.33
5.67
0.0
5.33
3.67
1.67
5.33
-2.33
-2.0
-3.67
6.67
-0.33
-1.67
-2.0
-1.0
-5.0
-1.33
4.33
0.33
7.67
-3.33
0.0
-3.67
0.67
2.33
-5.0
-0.67
-3.67
-2.67
-1.0
0.33
-2.0
-0.33
1.33
1.67
1.33
1.67
-0.67
-1.67
3.67
-3.67
1.33
-1.0
-1.0
-3.33
0.0
-3.0
-2.0
-1.0
0.67
1.33
-1.67
0.67
-2.33
-3.67
-6.33
1.0
-0.33
-5.0
0.33
-3.0
-2.33
3.0
0.33
0.0
0.33
-1.33
-0.33
-0.33
-3.0
1.0
-0.33
-1.67
0.33
-1.33
-1.67
-0.67
0.0
2.33
4.33
0.0
-2.33
0.33
-1.33
1.33
-2.67
0.0
2.33
2.33
-1.0
-1.33
-2.0
-1.0
0.67
-1.0
-2.67
-1.0
-2.0
-0.33
-3.67
0.0
0.67
2.33
-2.67
0.67
0.67
0.0
3.33
-1.0
-7.33
-2.33
3.33
-2.67
-1.0
0.33
1.33
-2.33
1.0
-3.33
0.33
-2.33
2.0
-1.33
3.67
1.33
3.67
-3.33
-1.67
0.0
-5.67
1.67
-0.67
3.67
-1.67
-1.33
1.33
-0.67
-2.33
2.0
1.67
-3.67
0.0
2.33
2.0
3.0
-2.33
2.0
2.0
-4.33
0.33
-2.33
-4.0
0.33
-1.33
-0.67
7.67
-0.67
0.0
-1.67
-0.33
4.33
-3.67
-0.67
0.67
3.0
-4.0
-1.0
-3.67
3.67
-3.67
-1.33
-1.67
3.67
4.0
0.33
2.67
5.0
-4.0
9.67
0.67
-3.0
-0.33
7.67
-4.0
-1.33
6.67
0.0
-0.67
3.67
2.67
-2.33
-2.67
-3.67
0.0
-2.67
-2.0
0.0
1.33
-1.67
2.0
1.0
-2.67
-1.0
1.0
-3.67
-1.67
-5.33
-3.0
4.67
3.33
0.67
-3.0
3.67
2.33
-3.0
1.0
1.0
-1.0
-1.33
-4.67
-5.33
-0.33
10.33
-4.33
-5.33
7.33
1.0
0.67
5.0
-4.0
-0.33
-4.33
-0.67
-2.33
-4.67
0.67
2.33
-3.67
-5.33
-3.33
-1.33
6.67
-2.0
-0.33
-5.0
1.33
1.33
2.0
0.33
0.0
2.33
3.33
-2.0
2.67
-7.0
-2.0
-2.33
-0.33
-1.67
-7.0
5.33
3.67
-3.0
2.0
1.0
-1.0
8.33
1.0
-6.0
1.0
-9.0
2.0
-1.67
1.0
3.67
5.33
-1.67
4.33
5.33
-4.0
3.67
-6.67
-1.33
-3.0
-1.33
4.67
1.0
-3.33
1.0
-5.0
-8.33
2.0
-1.0
-0.33
-6.67
0.67
0.0
-1.33
-0.33
-1.0
7.33
-3.33
-1.67
-1.0
3.67
-0.33
2.0
-1.33
1.0
-11.0
-4.33
4.67
0.67
5.0
4.33
1.33
-9.0
4.33
0.0
-0.33
5.67
7.67
-1.33
3.67
6.0
6.0
10.33
13.0
15.0
16.67
28.0
21.33
15.33
25.0
21.33
30.33
19.33
20.67
32.0
31.67
21.0
22.33
12.67
16.33
16.67
9.33
1.33
10.67
-1.0
1.67
6.0
4.33
-1.33
-10.0
-2.33
0.0
1.0
-3.33
-1.33
-4.67
5.0
7.67
-0.67
-5.33
3.0
8.0
0.0
0.0
-3.0
0.0
4.33
8.0
-3.33
11.67
-3.0
-0.67
0.33
1.67
-2.67
2.67
-5.0
-6.67
2.67
9.0
6.33
-3.33
-3.0
-5.67
-1.67
-5.33
0.67
4.33
-0.67
-2.0
-3.33
-1.33
-0.67
-1.0
-7.33
-1.67
-4.67
-3.67
4.0
-5.0
0.33
-0.67
-2.33
0.0
4.0
-6.0
-8.33
-2.0
-1.33
-1.0
-1.33
4.33
9.33
5.67
0.0
-0.33
0.0
7.0
-12.33
-8.33
7.33
0.67
3.33
3.0
0.33
1.33
7.67
1.67
-0.67
4.33
9.33
1.33
-6.67
5.33
3.33
1.33
-2.67
-0.33
-0.33
5.67
-4.67
1.67
1.33
-1.67
4.67
-8.0
4.33
-4.33
4.33
-9.0
7.0
1.33
-2.67
-1.67
4.0
-1.0
12.33
-5.0
-7.0
8.0
-0.67
2.0
9.33
3.67
1.0
3.67
3.33
1.67
0.33
5.67
8.33
-4.33
1.0
2.67
-4.0
-5.0
1.33
3.0
5.33
5.67
6.33
0.33
6.0
3.0
1.33
10.67
4.0
2.67
2.33
1.0
0.0
10.0
13.33
-1.0
8.33
3.33
4.67
9.0
4.33
7.33
13.0
3.67
1.0
10.67
1.67
10.67
14.0
-0.33
11.33
12.67
18.33
15.0
11.33
5.67
18.0
13.0
4.0
-2.0
7.67
4.0
14.33
11.67
3.0
7.67
18.33
10.67
11.67
5.67
12.33
11.33
4.33
-0.33
8.33
7.0
18.33
9.33
24.33
3.67
22.67
6.67
21.33
19.67
13.0
19.33
22.0
35.0
35.33
28.0
31.33
23.67
22.0
33.67
26.33
46.67
21.67
33.33
23.67
25.33
18.67
16.33
22.67
15.0
33.67
18.0
13.33
6.0
21.67
24.33
9.33
10.67
4.0
21.67
5.0
11.33
9.67
10.33
15.67
10.67
11.0
-5.33
5.33
15.0
2.0
10.33
17.0
2.67
10.0
17.0
12.67
8.33
9.33
3.0
5.33
7.0
1.0
2.67
5.33
5.0
3.67
16.67
9.0
1.0
-0.67
7.33
15.67
5.0
5.67
10.0
5.33
4.0
7.67
8.0
2.67
0.67
-3.0
1.33
4.33
9.33
3.0
2.33
-0.67
-0.67
6.0
0.0
0.0
-2.0
-6.33
8.33
0.67
1.0
-7.33
0.33
-0.33
10.0
11.0
-2.33
5.33
10.67
0.67
4.33
-3.33
3.33
3.67
1.0
1.33
0.33
3.0
0.67
1.67
-2.0
6.33
-3.33
9.67
2.0
8.0
5.0
-1.0
-6.0
1.33
7.33
1.67
-3.0
6.33
7.33
14.67
-4.67
-0.67
6.0
-0.67
-7.67
1.33
1.0
2.33
0.0
6.0
11.33
4.67
4.67
9.0
3.0
0.67
6.67
4.67
6.67
2.33
18.67
7.0
5.67
6.0
4.33
7.33
8.33
-3.0
2.0
3.33
1.67
9.33
-3.0
3.0
-2.33
11.0
16.33
5.0
4.0
8.0
8.33
6.33
13.67
11.33
6.0
-3.67
6.0
9.0
1.0
4.0
11.67
-0.33
-4.0
3.0
8.67
2.67
5.67
12.0
-3.0
-2.67
4.67
-3.67
-3.33
2.33
3.67
0.67
2.33
2.33
1.0
3.67
10.33
4.67
0.33
9.0
5.67
2.67
-3.0
3.0
7.33
-2.0
-3.0
3.0
4.67
5.33
17.33
6.67
-3.33
7.67
14.0
3.33
-0.67
-3.67
6.67
7.67
1.0
-2.67
1.33
-7.67
-0.33
10.0
4.0
6.67
3.33
0.67
11.67
1.0
5.67
0.33
0.33
5.0
8.33
8.33
4.0
11.0
10.33
6.0
-2.0
-0.67
1.33
8.0
4.67
2.67
3.33
-4.0
7.33
10.67
5.33
5.67
13.33
6.33
17.33
10.67
13.67
9.67
11.67
11.67
12.0
-2.0
15.0
5.67
12.33
8.67
19.33
9.67
20.33
-1.67
31.0
33.0
21.0
36.0
32.67
45.0
55.67
73.33
70.67
75.67
80.33
90.67
83.0
110.33
119.33
110.67
121.0
127.0
148.67
120.0
137.33
124.0
148.67
142.0
122.0
149.33
143.0
144.0
147.0
137.0
117.33
112.0
115.0
91.33
78.0
79.33
56.33
66.67
33.67
50.33
46.0
40.67
28.67
35.67
22.0
10.67
14.33
-0.67
11.67
11.67
11.0
14.67
1.33
12.0
7.33
2.0
5.67
9.67
-0.33
4.0
1.0
2.0
6.0
3.67
5.33
13.33
8.0
-5.0
6.0
-3.33
5.67
5.0
-3.0
6.33
-6.67
14.33
2.33
5.0
8.0
0.33
-4.0
6.67
2.67
14.33
14.0
9.33
9.33
6.0
9.33
-7.67
10.67
4.67
-7.33
0.0
19.33
12.0
10.67
12.0
9.67
14.67
7.0
11.33
21.0
4.33
4.33
4.67
18.33
1.0
10.0
-3.67
4.33
7.33
-1.0
12.33
8.33
-5.33
11.0
10.33
0.67
15.0
-1.33
12.67
5.0
6.67
3.67
-3.33
11.33
17.0
-2.0
-1.33
2.0
7.33
2.0
12.33
20.33
-3.33
0.0
11.0
11.0
3.33
12.33
11.0
-8.33
8.0
12.67
1.67
0.0
12.33
10.33
2.67
-6.0
-1.0
4.33
0.33
-4.0
7.0
14.0
0.67
5.67
2.0
6.67
3.0
3.67
8.0
11.67
13.0
4.33
3.67
12.67
-5.67
8.67
4.0
2.0
0.67
-8.67
2.33
-4.33
9.33
2.67
-3.67
11.67
6.67
-2.67
1.33
-3.33
2.67
-5.33
-1.67
3.0
4.67
3.67
7.0
-4.67
0.67
5.0
3.33
1.0
2.33
7.33
-10.33
11.33
2.33
5.0
2.67
-1.0
11.33
3.0
1.67
-1.33
14.33
-9.0
-2.33
-1.33
-0.33
-1.67
6.67
-1.0
5.33
6.0
5.33
11.33
14.0
4.67
12.33
14.33
6.0
11.67
12.33
17.0
9.67
18.33
13.67
14.0
15.33
12.33
20.0
3.33
17.33
19.33
9.0
2.33
14.33
7.0
2.67
6.0
6.67
-12.0
0.0
8.33
-8.33
-4.67
9.33
1.33
7.0
-7.0
7.67
-4.0
-3.33
1.0
-2.67
-5.67
5.0
-12.67
1.0
8.33
7.33
-1.0
5.0
-3.0
7.67
8.0
5.67
1.0
6.33
7.33
-5.67
8.33
4.33
6.33
13.0
2.33
8.67
-5.33
9.67
-1.67
11.0
4.0
5.33
7.33
1.0
2.67
-6.0
7.67
4.67
11.33
4.33
1.67
0.67
8.33
5.0
6.0
2.0
-1.33
9.0
5.33
1.67
-4.0
-1.0
8.33
17.0
-2.33
3.0
3.0
16.33
13.0
-1.0
-0.33
12.67
-4.0
12.67
2.0
4.0
9.67
4.0
2.67
0.67
9.33
1.33
7.0
12.0
7.33
-9.67
-2.67
6.0
7.0
4.67
2.67
4.0
9.0
12.67
-3.67
-2.33
-16.67
1.67
1.0
-4.0
3.0
1.0
1.33
4.0
4.33
12.0
-7.67
-0.67
-4.33
-2.0
8.33
-2.67
8.67
5.0
8.33
-1.67
-1.0
2.33
8.0
-0.33
2.0
9.67
2.67
4.33
4.33
-0.33
3.67
-5.0
6.0
3.67
6.67
2.33
5.0
10.67
6.33
5.0
3.0
7.33
3.0
8.33
-3.0
2.0
-2.33
-8.0
3.67
-3.0
-2.67
9.33
3.0
-1.67
1.0
1.33
1.33
6.67
0.33
-5.0
4.0
5.33
-3.67
10.67
5.33
14.0
-7.0
2.0
-3.67
6.67
-0.67
16.33
-7.0
3.33
2.33
5.0
3.67
10.33
-1.67
-3.67
-9.0
8.67
11.67
2.0
-2.0
3.0
6.0
-1.67
1.33
2.67
-5.67
-2.0
-1.33
7.33
-2.67
-6.67
4.0
-1.33
3.0
8.67
12.67
3.67
-1.33
-0.67
9.33
-2.0
6.67
1.33
17.67
3.0
4.33
-8.0
7.67
10.67
7.67
10.33
0.33
3.33
6.67
3.67
-2.33
2.33
-5.0
9.67
3.0
0.0
13.33
4.33
-1.67
-2.0
-3.67
0.0
12.67
3.67
-9.33
3.67
-4.67
-2.67
1.0
2.33
1.67
-4.0
2.33
0.33
-6.67
2.33
7.33
5.33
3.33
1.33
3.0
-7.33
4.67
-0.33
-3.0
-3.0
0.0
-2.67
7.33
0.33
2.0
-1.0
-2.33
7.33
2.67
-1.0
4.67
2.0
-4.0
1.0
6.0
-3.0
-0.33
4.67
-4.0
9.67
0.67
-5.0
-0.33
2.0
0.67
6.67
2.0
0.33
12.0
-3.33
1.0
-3.0
0.33
4.67
4.0
0.67
1.67
-0.33
4.0
-1.67
-0.33
-0.33
-0.67
-2.0
3.67
-4.67
1.67
0.0
-2.67
2.67
3.67
-8.67
5.0
-0.67
-0.33
-5.67
-2.0
-0.67
2.33
2.67
4.0
-7.0
-1.33
-1.67
1.0
7.33
9.0
-1.33
0.33
-0.67
3.0
5.67
-3.67
0.33
0.0
1.67
8.0
-1.0
-0.33
1.33
-2.67
1.67
4.0
3.0
2.33
1.33
-4.33
-0.67
-1.0
0.67
2.67
4.67
6.0
7.33
6.33
-2.33
-3.0
6.0
-0.33
7.0
8.0
0.0
1.67
0.0
-7.0
0.67
3.67
2.67
1.67
2.33
3.67
6.33
0.67
3.0
-2.0
6.0
8.67
-6.67
8.0
4.0
1.67
-7.0
3.0
-3.0
9.33
8.0
4.33
-3.33
-3.33
2.0
0.33
1.33
3.0
3.67
-1.33
-1.0
6.67
4.67
-6.33
2.0
4.67
-2.0
2.33
2.0
-0.33
2.67
8.33
-1.0
6.0
3.67
-6.33
4.67
2.33
7.0
2.33
3.0
2.33
0.67
-1.33
-2.33
6.33
4.33
1.0
0.67
2.0
-3.33
-0.67
-2.33
-3.33
-4.67
-6.67
-3.67
-3.33
-0.33
1.67
1.67
-3.0
7.67
0.0
0.0
4.67
0.33
-6.0
-5.0
-2.0
-2.67
0.67
-1.33
-0.67
-2.67
3.0
-1.33
5.0
-3.67
-6.0
4.67
5.33
-4.33
-3.67
4.67
3.33
-8.33
-1.0
4.0
-2.33
-1.67
0.67
4.0
1.0
0.67
4.0
3.67
-5.0
-1.0
-3.67
-1.67
-3.0
0.33
5.33
0.67
3.67
-0.67
-1.67
-1.67
1.33
2.67
-6.0
-3.67
4.33
1.67
0.33
-0.67
1.67
-3.0
3.67
-1.67
0.67
3.67
0.67
-4.0
5.0
-5.0
0.67
-3.0
-1.0
-2.67
-5.67
-2.33
-0.33
0.0
6.0
-4.0
0.67
-5.0
0.0
-1.33
