0.0
-35.67
-4.67
28.0
-69.67
14.33
-41.0
-78.0
-41.0
-105.0
-55.33
15.0
-35.67
-48.67
21.33
4.67
39.67
10.33
-53.67
-68.67
17.67
-7.33
-6.67
2.67
0.33
-3.67
2.0
14.0
-8.0
-4.0
-12.67
3.0
1.0
-1.33
-3.0
-2.33
-3.33
-1.0
-0.67
2.0
2.67
1.67
0.67
0.67
0.67
-0.33
-1.0
0.0
0.0
-0.33
-0.33
2.0
0.33
-0.67
0.0
0.0
0.0
0.0
0.0
0.0
0.33
2.67
0.0
-0.33
-0.33
-0.33
1.0
0.33
0.67
1.67
0.67
0.0
-0.33
-0.33
0.0
0.0
0.67
0.0
0.0
-1.0
0.0
-0.67
-0.33
-0.33
0.0
-0.67
-0.33
-0.33
-0.33
-0.33
0.0
1.33
-0.33
-1.0
0.0
0.0
-1.0
-0.67
0.33
0.33
-1.67
-0.67
-0.67
-1.33
-1.0
-1.33
-0.67
1.33
2.0
1.33
2.67
-1.33
0.33
0.0
2.0
-3.0
0.67
-3.33
0.67
-0.67
4.33
2.33
1.0
1.67
3.33
1.0
5.67
-2.0
3.33
7.33
8.0
-1.67
3.33
-0.67
-4.0
7.0
2.33
0.67
1.33
7.33
2.0
0.0
7.67
-4.0
-0.67
-1.0
2.0
2.33
0.0
3.33
0.0
-2.0
3.0
5.0
-3.33
2.33
-2.67
5.33
1.67
1.67
14.33
9.33
6.67
9.67
-0.67
4.33
0.33
2.0
7.33
-1.33
0.67
-3.33
1.33
2.33
4.0
3.33
6.33
0.33
1.67
6.0
1.33
5.0
4.33
0.67
-1.0
7.67
-4.67
-2.67
0.67
-0.33
-0.67
3.33
5.67
-6.0
-3.0
13.0
2.33
5.33
8.33
-1.0
6.67
6.0
8.33
2.67
-1.67
0.0
9.0
0.33
-2.67
1.67
12.67
0.0
-1.67
1.67
-1.33
7.67
4.67
8.0
7.33
5.0
7.67
4.67
-3.33
1.67
0.67
4.67
8.0
5.33
0.67
13.33
12.0
3.0
5.67
6.67
5.33
-1.0
3.33
0.33
1.33
1.33
4.0
0.67
0.33
1.67
1.33
0.0
-3.0
2.67
4.33
0.33
6.67
2.33
9.67
10.0
2.33
-0.67
-2.0
5.0
14.33
5.0
4.67
5.67
-1.67
1.0
2.33
8.33
4.0
5.33
5.0
-2.0
0.67
5.33
-4.33
3.0
6.67
12.0
2.33
-0.33
2.67
5.67
4.67
5.0
5.67
7.33
2.33
2.33
4.67
6.0
-0.67
8.33
2.33
4.0
7.67
8.33
5.33
1.0
5.0
-2.67
0.33
1.0
3.67
2.0
6.33
-2.67
2.0
6.0
6.0
3.33
2.0
9.0
1.67
8.0
2.0
3.67
5.67
0.0
7.33
0.0
1.67
0.33
-4.33
6.0
2.33
4.67
2.0
8.0
7.33
-2.0
3.0
7.0
3.67
2.33
4.0
5.33
2.33
-1.67
5.67
0.0
4.33
6.33
14.67
0.33
2.33
1.33
0.0
3.67
6.0
6.67
-0.33
-5.67
0.0
-1.0
8.67
6.67
0.67
1.0
-0.33
2.67
3.67
0.33
-2.67
4.0
-0.33
1.67
0.67
-3.67
5.33
0.33
7.33
-2.0
1.67
9.0
5.0
-1.33
3.0
0.33
6.0
2.0
3.0
4.0
5.67
0.33
2.67
3.67
0.0
6.0
-2.33
6.0
-1.33
1.67
6.0
-0.33
3.33
7.67
2.67
-2.0
10.33
-1.33
9.0
3.33
-2.0
5.0
5.67
2.33
2.33
0.67
5.0
1.67
5.0
1.0
-0.67
2.0
2.33
-3.0
1.0
3.33
3.33
5.0
-0.67
0.33
7.0
2.0
-0.67
1.33
7.67
2.33
6.67
1.0
7.33
-1.33
0.33
1.67
-1.67
2.67
7.33
4.33
0.0
7.33
1.67
5.33
-1.67
-3.33
7.67
6.0
3.67
1.33
3.67
0.67
-0.67
-4.33
2.67
-1.67
-1.0
4.33
-0.33
5.33
-3.0
-1.67
2.33
2.0
4.0
-2.33
2.0
8.0
-1.33
-0.67
1.33
3.33
1.67
-4.33
-2.33
-1.67
-4.0
-1.33
-1.0
2.67
1.0
-3.0
1.67
3.67
7.67
-2.0
5.33
7.67
5.67
3.33
-1.33
5.0
-1.67
2.67
-0.33
-0.67
7.0
-1.0
-3.0
2.67
0.33
2.33
8.67
-2.33
0.0
4.33
1.67
2.33
2.0
-1.67
5.33
-1.67
-3.0
1.33
2.0
0.67
1.33
-0.33
2.33
2.67
-1.67
5.33
8.67
2.33
-0.67
-1.0
-1.0
4.67
-4.0
0.0
1.0
1.0
-2.33
0.33
8.33
-2.33
1.67
0.33
-4.33
-3.0
0.67
2.0
2.33
2.0
2.67
3.0
0.33
1.0
-4.67
6.67
1.67
-1.33
0.0
7.0
1.67
-2.67
2.33
-1.33
-2.67
2.33
0.0
5.33
3.33
1.0
2.67
1.33
-0.33
0.33
2.33
4.0
7.33
-1.67
4.0
2.67
-1.0
4.0
-1.33
4.0
-1.67
-1.0
-2.0
1.67
-0.67
0.0
-4.33
2.33
3.33
-0.33
-1.33
4.0
-0.67
0.0
-3.33
-4.33
3.33
6.33
0.0
-1.67
6.33
4.67
4.0
-7.33
-2.67
-2.33
4.0
2.67
0.67
0.33
2.67
0.67
1.33
4.0
-0.67
0.67
-0.67
1.67
-1.67
-1.33
-1.67
0.33
1.67
0.0
1.67
-3.67
-2.0
2.33
8.0
4.0
-1.33
-4.0
-2.0
0.67
-1.67
-1.33
0.0
-3.67
-1.33
3.33
1.67
4.33
-2.0
-5.67
1.67
4.33
-4.67
-0.67
3.67
-3.0
1.0
4.0
-3.67
-0.33
5.33
6.67
-3.67
1.67
0.0
1.33
-0.33
6.0
-4.0
-3.33
-0.33
-1.0
-2.33
-1.33
3.0
2.67
-1.33
-3.0
-8.67
2.67
-3.33
-0.33
-2.67
-1.67
0.0
1.33
-3.0
0.0
0.33
-1.67
0.0
-1.0
-1.67
-1.0
0.0
-0.67
-2.67
-2.33
1.0
-3.33
-0.67
-9.33
-3.0
-2.33
0.33
0.0
1.0
-1.0
-2.0
1.67
1.33
-8.33
-6.33
4.33
-2.33
-7.33
-1.67
1.0
-0.33
-1.0
2.0
-2.33
-2.33
2.33
-3.33
-5.67
-0.33
5.33
0.33
-5.33
0.67
-0.33
-2.33
-4.0
-0.33
-4.0
3.33
-0.67
-2.0
0.33
-4.0
-3.67
-3.67
-2.0
-3.33
-6.0
-4.0
-2.33
2.67
-1.67
-2.0
0.33
-4.33
2.0
-4.0
2.0
-4.0
0.33
1.0
-8.0
0.0
-3.0
-2.0
0.33
0.0
-6.33
-3.67
-4.67
-3.67
-2.67
-9.0
-3.33
-9.67
-3.33
-7.0
6.67
-4.33
-7.0
-2.33
-5.0
-3.0
3.67
-1.0
-10.0
-0.33
-4.67
-2.33
0.0
-1.33
-1.33
-5.0
0.33
-3.33
-3.67
-2.0
-3.33
-1.33
0.0
-5.33
-2.0
-11.0
-0.33
-0.33
-1.33
6.0
6.33
0.33
-6.0
-4.67
1.0
-3.33
6.67
5.67
-1.33
3.67
4.0
13.0
-0.67
8.0
13.0
20.67
13.0
16.33
12.33
18.0
14.33
19.33
9.33
15.67
17.0
15.67
8.0
29.33
7.67
6.33
3.67
4.33
4.33
1.67
1.0
0.67
-5.0
4.33
-2.33
-6.0
0.67
0.0
-5.0
-1.33
-5.33
3.33
-1.0
-1.33
4.33
-2.33
0.0
-2.0
4.0
0.0
-1.0
0.0
0.33
-3.0
1.67
6.67
-12.0
-4.67
-3.67
2.67
-1.67
-0.33
-4.0
-4.67
-6.33
-1.0
2.33
-10.33
-7.0
-2.67
-5.67
-8.33
-11.33
3.33
-5.67
-2.0
-5.33
1.67
-10.67
-1.0
-2.33
-7.67
-5.67
-8.67
0.0
-5.0
-2.67
1.33
-11.33
4.0
-8.0
-7.0
-4.33
8.0
0.67
2.0
4.67
-0.67
-1.67
3.67
-2.0
-2.33
-4.0
-4.0
-7.33
-5.33
-9.67
0.67
-6.67
2.0
-2.67
-5.67
0.67
-7.33
4.33
4.33
-1.67
-4.67
-2.67
0.33
-2.67
-0.67
-2.67
0.67
-3.33
-1.33
-5.67
0.67
-8.67
0.33
6.67
-10.0
3.33
-2.33
2.33
-2.0
6.0
-3.67
-5.67
-9.67
5.0
-3.0
0.33
-2.0
-7.0
-4.0
-4.67
-1.0
-1.67
5.67
-7.0
-1.33
-4.67
-1.33
-8.67
1.67
4.33
-0.33
-4.0
2.67
2.0
0.0
0.33
-1.0
-3.67
-1.33
8.33
-0.67
-1.0
0.0
0.33
4.67
1.0
1.67
-3.67
-5.0
-6.0
-8.0
1.33
-1.0
2.33
5.33
1.67
0.0
-1.67
1.33
9.0
7.67
6.0
2.67
-5.33
8.67
-2.0
-4.33
-2.67
2.67
11.33
5.0
-4.67
-3.33
-1.0
2.0
-8.0
-13.0
-4.33
-2.0
-4.67
0.67
-6.0
-5.33
-0.67
1.67
4.67
0.67
-2.67
-16.67
3.33
-8.33
-0.67
-8.0
2.33
4.33
2.33
6.67
12.67
4.67
13.33
4.67
4.0
19.33
7.0
20.0
11.33
12.0
22.33
10.67
15.0
21.67
18.33
16.67
22.67
15.33
13.67
17.33
20.67
7.33
8.67
11.0
12.67
4.0
11.33
0.0
4.67
6.33
14.33
9.67
12.0
1.67
2.0
7.33
5.67
1.33
8.67
4.67
12.0
-0.33
-6.67
8.0
1.0
9.33
7.0
1.67
-5.0
0.0
5.67
4.33
-0.67
5.0
0.33
6.0
-6.0
0.67
6.33
-2.0
8.67
0.67
8.0
4.0
9.33
6.33
3.67
-5.0
7.67
4.0
17.33
1.0
-0.33
9.0
4.67
6.67
1.0
-4.67
3.33
3.33
11.0
1.33
7.33
2.33
15.0
6.0
7.0
4.0
7.67
4.33
9.67
13.0
4.67
16.33
3.67
10.0
9.0
2.67
6.33
-3.33
6.67
3.33
5.67
4.33
10.67
7.0
9.33
-0.67
-2.0
0.67
6.67
7.0
5.33
6.67
7.67
9.0
14.0
-2.0
7.0
8.0
7.33
7.33
15.67
20.0
27.33
7.33
5.67
15.33
12.33
14.0
-4.67
5.33
-2.67
6.0
11.33
11.0
1.0
5.33
13.67
10.67
6.0
4.0
3.67
9.67
1.67
5.67
5.33
8.67
2.0
-4.33
10.0
5.33
5.33
2.33
5.0
13.0
9.33
8.67
9.33
6.0
15.0
31.67
3.0
10.33
8.0
7.0
22.0
25.33
4.33
9.67
17.33
9.0
11.33
14.0
13.0
8.0
0.0
7.67
10.67
-2.0
4.0
7.67
11.67
14.67
8.0
6.0
11.33
7.67
-2.67
-3.33
14.33
4.67
8.67
0.33
15.33
6.0
9.67
5.33
13.67
4.33
13.0
3.67
10.67
4.0
8.0
6.33
6.0
9.0
10.0
-0.33
7.33
15.33
14.67
14.67
7.67
12.0
-1.67
6.33
5.33
8.67
-1.33
12.0
-2.67
2.33
2.33
3.67
6.0
3.0
10.67
15.33
9.67
2.67
8.0
16.67
5.33
9.33
11.0
12.33
4.33
15.0
9.0
4.33
20.0
5.0
8.33
7.33
5.0
7.67
-1.33
6.33
2.0
21.33
18.67
18.33
10.67
17.33
13.33
12.33
16.67
16.67
17.67
14.67
14.67
9.0
9.0
8.0
24.67
23.33
19.67
15.33
10.67
27.33
14.33
11.0
29.0
19.0
22.0
35.67
31.0
41.67
32.33
47.67
44.67
38.33
50.67
46.0
58.33
53.33
50.67
63.0
69.0
75.67
90.0
70.33
80.0
66.67
77.0
73.0
72.33
67.0
65.0
57.0
63.0
57.33
68.0
66.0
45.33
52.0
31.33
45.33
27.67
28.67
29.33
15.0
28.67
16.67
32.67
21.0
7.67
15.33
22.33
8.67
15.67
3.0
21.67
4.33
3.0
13.33
5.0
17.67
0.67
15.67
4.0
10.0
-2.0
5.0
3.67
3.33
6.33
9.0
2.0
14.0
2.67
9.67
5.0
16.0
18.33
0.33
19.33
8.33
-1.0
21.0
7.33
7.0
1.67
10.67
25.33
25.0
7.33
7.33
-4.0
5.33
0.33
10.67
-2.33
13.67
6.0
-0.67
14.0
12.67
12.0
7.67
8.67
10.0
-6.67
4.0
10.33
13.33
15.67
10.33
8.0
7.0
3.33
16.33
20.33
2.0
12.33
4.33
3.67
1.0
26.33
11.67
9.0
9.67
2.67
6.0
12.67
-7.33
9.67
17.33
16.0
-2.0
12.67
0.0
14.33
12.0
14.33
16.33
17.67
12.0
19.0
10.0
7.33
4.33
13.0
-6.33
12.0
5.67
4.67
2.0
9.33
8.33
10.67
12.0
8.0
18.33
3.33
5.0
13.0
11.0
6.67
8.67
18.0
8.67
7.0
8.67
5.0
24.67
0.0
-4.67
13.67
-1.33
4.33
1.67
-2.0
9.0
9.67
13.33
11.33
1.67
-4.67
8.67
18.33
14.67
6.67
-2.67
4.33
9.67
4.67
11.67
9.33
19.0
11.67
16.67
-2.0
-5.67
4.67
-2.0
13.33
6.0
10.33
7.33
2.67
12.33
6.33
14.0
0.67
5.0
9.33
13.0
22.67
1.67
19.33
7.0
7.67
22.67
30.67
18.33
14.67
5.0
16.33
23.0
24.33
18.33
33.0
22.67
15.33
35.33
13.0
20.67
19.33
31.0
14.67
25.33
27.67
28.0
22.33
21.33
24.0
56.33
20.33
16.33
11.0
13.33
18.33
14.0
18.67
10.0
16.67
11.0
16.0
11.33
2.67
-1.67
17.33
5.33
21.0
-12.0
11.67
18.0
7.67
-3.0
15.33
5.33
16.0
10.33
2.0
12.33
7.33
12.0
15.0
6.0
8.67
-2.0
22.67
3.0
8.33
-4.67
3.33
14.33
5.33
-2.67
10.0
17.33
-5.33
3.67
0.67
9.33
10.0
15.0
6.33
6.33
-7.0
1.67
15.0
8.67
11.67
3.33
5.33
6.67
8.67
12.33
17.0
9.0
9.0
1.67
3.0
19.33
-9.33
-7.0
-2.0
9.33
23.0
11.67
15.0
12.0
15.33
5.0
0.0
13.67
10.67
11.0
11.67
18.0
13.0
17.67
4.0
4.67
6.67
2.33
16.33
2.0
12.0
3.33
-1.67
0.33
19.0
-1.0
-3.33
8.67
5.0
-4.0
4.67
-4.67
6.67
-3.67
-4.33
12.0
2.0
-5.0
4.0
3.33
-1.0
1.33
-2.0
-2.67
9.33
4.67
0.0
7.33
2.33
-4.33
2.0
13.33
10.33
-3.0
2.33
13.0
6.67
11.0
4.67
-0.33
13.33
7.33
0.67
-12.33
0.0
13.0
-3.33
1.67
2.33
10.0
7.67
5.33
3.0
3.0
12.33
8.0
6.33
-7.0
-2.0
-0.33
5.0
6.67
1.0
12.33
18.33
17.0
10.33
5.0
14.33
5.33
10.67
8.33
2.0
8.0
1.33
-0.67
0.67
6.33
3.0
7.0
4.0
10.33
8.67
-3.67
5.33
7.0
6.33
2.33
4.0
7.67
-8.67
8.33
-5.67
-2.0
15.67
14.67
-1.0
0.0
-3.0
16.0
-6.67
8.33
-1.33
11.33
5.0
1.67
8.33
2.33
11.33
12.0
-2.33
6.0
16.67
12.67
-2.33
12.67
3.33
4.33
-3.0
-1.33
6.33
10.67
3.0
5.33
11.0
2.67
7.67
7.67
1.33
4.33
7.33
4.67
2.67
9.67
8.33
7.0
14.67
-1.0
7.0
14.33
-0.67
11.33
5.0
10.33
12.0
0.67
6.67
-3.33
4.67
4.33
1.33
7.0
13.33
15.67
7.0
1.33
10.33
-4.67
0.33
14.33
4.33
2.33
0.33
4.0
3.67
11.67
-2.33
6.0
1.0
13.0
7.33
2.33
1.33
1.0
9.0
7.67
10.33
-0.33
3.0
5.67
-3.0
-6.0
5.0
4.0
5.0
-0.33
4.67
1.0
14.67
0.67
-4.0
-6.33
4.0
0.67
2.67
0.0
0.33
6.0
0.67
11.0
-1.0
-0.67
5.67
0.0
3.67
9.67
-1.33
6.0
-0.67
1.67
7.67
8.33
13.0
0.67
-0.67
6.67
8.0
12.33
3.67
-5.33
11.33
-2.0
3.33
7.67
1.33
-7.0
-2.67
8.33
0.67
0.0
6.0
7.67
-0.67
-1.0
8.33
5.0
-9.33
1.33
-0.67
1.0
-2.33
2.33
6.33
8.0
0.67
7.0
-1.0
-2.33
5.33
-0.67
-1.33
3.0
-6.0
4.33
-3.67
-0.33
7.33
5.0
5.67
9.67
0.67
7.0
5.33
5.33
4.67
-1.0
0.0
0.67
0.0
6.0
2.0
12.67
1.0
4.0
-2.33
3.67
-5.33
3.67
3.33
1.67
9.33
4.67
0.0
-3.0
5.0
6.67
2.33
6.0
3.0
-1.33
-2.0
-6.0
4.0
12.33
13.0
-2.67
1.67
-0.33
-1.0
1.33
-2.67
1.0
5.67
1.67
7.0
3.67
4.67
-0.33
2.0
0.67
4.0
2.33
7.0
2.67
0.67
6.33
-2.0
7.0
-6.33
-2.33
-2.33
5.33
2.0
5.33
0.0
-3.67
5.67
-1.33
3.67
-1.67
3.33
3.0
9.67
12.0
4.67
-1.67
-0.33
-0.33
-0.67
4.33
3.33
7.67
-0.33
0.67
-1.33
6.0
9.67
8.0
4.0
1.67
4.33
10.0
-1.0
6.0
7.33
4.67
-2.33
1.33
-4.67
4.0
1.67
3.0
-2.67
3.0
2.67
2.33
3.67
-4.67
-1.33
3.33
-5.33
1.0
2.0
-1.33
2.33
2.67
0.0
-2.0
-3.33
4.0
6.67
-4.0
4.0
1.33
2.33
-2.0
10.33
0.33
7.67
0.67
-2.67
8.33
2.33
3.33
4.67
-1.0
5.33
0.33
7.67
-1.67
7.33
1.67
4.0
-3.33
-0.67
-3.33
6.67
3.67
3.0
8.0
5.0
-2.33
-7.0
2.0
3.33
3.33
1.67
4.67
2.0
9.0
3.0
-0.33
-4.0
4.0
-0.33
