0.0
16.33
-0.67
105.0
62.33
4.33
-58.0
20.0
-37.0
-24.0
-17.33
159.0
-45.67
64.33
14.33
62.67
30.67
4.33
11.33
7.33
15.67
31.67
-20.67
53.67
19.33
-16.67
21.0
4.0
12.0
-2.0
-2.67
2.0
2.0
2.67
-2.0
1.67
-2.33
2.0
1.33
-1.0
-0.33
0.67
-0.33
0.67
0.67
0.67
-1.0
0.0
0.0
-0.33
-0.33
2.0
-0.67
-0.67
0.0
-1.0
1.0
1.0
0.0
0.0
-0.67
-0.33
1.0
-0.33
-0.33
-0.33
1.0
-0.67
-0.33
-0.33
-0.33
0.0
0.67
0.67
0.0
2.0
-0.33
2.0
1.0
0.0
0.0
-1.67
-0.33
-1.33
1.0
-0.67
-0.33
1.67
-0.33
0.67
0.0
2.33
1.67
-1.0
1.0
1.0
0.0
0.33
2.33
0.33
-0.67
-0.67
0.33
-1.33
-2.0
-0.33
-0.67
-0.67
-1.0
1.33
0.67
-1.33
-0.67
1.0
0.0
-3.0
-2.33
-2.33
-0.33
-2.67
2.33
-1.67
3.0
2.67
1.33
1.0
0.67
5.0
-1.67
-1.67
4.0
4.33
-1.67
5.33
1.0
3.0
3.33
-4.33
5.33
0.33
4.0
8.0
1.67
1.0
3.33
0.0
2.0
0.33
4.0
-2.67
1.0
-6.0
2.0
7.0
-3.33
2.33
8.33
0.33
5.67
5.67
3.33
0.33
1.67
7.67
2.33
2.33
-3.67
-1.0
1.33
-0.33
1.67
3.67
1.33
5.33
9.0
4.33
-0.67
-1.67
-1.33
2.0
3.33
0.0
0.33
7.67
-1.0
5.67
0.33
-2.67
0.67
-1.33
0.33
-0.67
3.67
-1.0
1.0
3.0
2.33
-0.67
2.33
3.0
-1.33
0.0
4.33
-1.33
-2.67
-1.0
15.0
0.33
4.33
-6.33
1.67
7.0
1.33
0.67
3.67
-4.33
1.67
3.0
1.33
1.0
2.67
3.67
-4.33
5.67
-4.33
9.67
5.0
1.33
4.67
6.33
0.0
5.0
13.67
2.67
8.33
7.0
0.33
-1.67
2.33
4.33
10.0
1.67
2.33
-3.33
3.33
5.0
3.0
-2.33
0.33
7.33
7.67
-0.67
1.67
1.0
7.33
-1.67
7.0
11.0
-1.67
1.0
0.67
3.67
-0.67
2.0
1.33
-1.67
3.0
4.33
2.0
0.0
-1.33
-1.67
1.67
-3.0
0.67
4.0
6.33
9.67
2.67
4.67
2.67
0.0
8.67
1.33
3.33
5.33
0.67
3.0
-0.67
10.33
-0.67
3.0
6.67
3.33
2.33
0.0
2.0
-1.67
0.33
5.0
2.67
-2.0
3.33
1.33
2.0
2.0
5.0
-1.67
2.0
8.0
4.67
8.0
4.0
2.67
3.67
1.0
1.33
-2.0
5.67
1.33
2.67
7.0
4.33
1.67
7.0
5.0
8.33
-1.0
4.0
2.0
-1.33
2.33
2.0
2.33
7.33
-0.67
9.67
-1.0
3.33
4.33
7.67
-2.67
5.33
8.33
2.0
-1.33
2.0
-1.33
3.67
4.33
-3.0
2.0
-1.33
11.67
4.67
12.0
5.67
6.67
-1.33
7.33
4.33
1.0
2.67
0.67
5.67
-0.67
0.33
2.33
-4.67
0.0
2.67
7.0
-7.0
-1.33
-2.0
4.33
4.0
-3.0
-4.0
-3.0
2.67
0.33
-3.33
6.67
5.0
7.0
2.67
6.0
8.67
2.67
1.0
0.67
3.33
1.67
-0.33
3.0
2.33
2.67
8.0
0.33
8.0
-1.0
-2.33
3.33
-5.67
2.67
-1.0
8.67
1.0
5.0
1.33
2.0
-3.67
-2.0
-4.0
-1.67
-2.67
4.0
-3.67
-2.67
1.0
-3.0
-0.67
-2.67
1.67
6.33
3.67
9.0
4.33
-4.33
2.33
-1.33
1.33
2.67
2.33
-0.67
3.0
3.33
-2.33
2.33
2.33
-5.33
0.67
5.0
7.67
-0.67
2.67
2.67
-4.67
4.67
5.67
1.33
-4.0
0.33
0.67
5.33
-1.0
-2.67
2.33
-3.0
5.0
4.67
3.0
3.0
-0.33
-1.67
2.33
4.33
-2.33
3.67
-1.33
-2.67
2.0
3.67
-1.0
3.67
7.0
-5.0
2.67
-0.33
2.67
-2.0
-2.67
-1.33
3.67
8.33
-3.33
2.0
-3.67
6.67
6.67
-3.67
7.0
0.0
0.0
2.67
0.33
0.33
6.67
-3.33
4.0
3.33
3.67
4.33
-1.0
5.33
2.33
1.33
2.0
1.33
8.0
-1.33
-1.67
-0.33
-2.67
5.67
6.33
5.33
1.67
2.33
-3.67
0.0
4.0
-0.33
0.0
0.0
-8.0
1.0
1.67
1.33
1.33
-3.33
0.67
0.33
-4.33
0.0
4.67
-4.0
-0.67
2.0
-1.33
5.0
2.33
3.0
0.33
0.67
0.67
-3.33
1.0
4.0
3.67
-0.67
0.33
3.67
-0.67
-3.67
-3.0
-0.67
-0.67
2.0
-2.33
-1.67
0.67
3.33
5.33
6.0
3.33
-3.67
-2.0
1.67
-1.0
1.0
2.67
4.0
-2.67
2.0
2.0
-3.33
1.33
2.0
-0.33
0.33
-1.67
-2.33
-3.33
-3.0
0.33
-1.0
-4.33
5.67
-0.67
-6.67
1.0
-3.67
4.33
3.67
5.0
-4.33
-0.67
3.67
3.0
4.67
3.67
6.33
-0.33
1.67
3.33
0.0
-1.67
-1.33
-2.67
-2.33
5.33
-2.33
-2.67
0.33
-2.33
0.0
1.67
-2.67
-1.0
3.33
1.0
-3.0
-2.33
-6.0
-1.0
0.67
-0.67
-3.33
-3.0
-0.67
-0.33
-0.67
1.67
-1.67
-4.0
-0.67
0.67
3.33
-4.67
-0.67
8.67
-4.0
-2.0
-1.0
-4.67
4.67
-4.67
1.67
0.33
1.67
0.0
-2.67
0.67
5.0
0.0
1.67
0.67
-1.0
-1.33
-2.33
-3.0
-0.33
1.67
-2.0
-7.67
-1.33
0.67
-0.33
1.33
-6.67
-2.0
6.33
0.0
0.0
2.33
-1.67
2.0
1.0
-2.67
-4.0
2.0
-2.67
-3.67
-5.33
1.0
-3.33
3.33
-5.33
-5.0
0.67
0.33
2.0
-2.0
-2.0
0.0
-4.33
-1.67
-6.33
-4.33
5.33
-4.33
-5.33
-5.67
5.0
4.67
1.0
1.0
1.67
-0.33
-1.67
-2.33
-3.67
-1.33
2.33
-3.67
-5.33
-2.33
-0.33
1.67
-7.0
0.67
0.0
-2.67
-1.67
-2.0
-4.67
-5.0
-1.67
1.33
-2.0
4.67
-8.0
-6.0
-6.33
-1.33
1.33
-5.0
1.33
-2.33
-4.0
0.0
0.0
-3.0
1.33
3.0
-4.0
-3.0
-12.0
-5.0
-1.67
-5.0
-1.33
2.33
-4.67
-2.67
-7.67
-8.0
-6.33
-3.67
-1.33
-8.0
-5.33
-9.33
1.0
-5.33
-1.0
-1.0
2.67
-6.0
-8.0
-4.33
-7.67
1.67
1.0
-5.33
-4.33
-2.0
-6.67
-0.33
-4.67
-1.0
-8.33
-7.33
-5.0
2.67
-4.0
-8.0
-9.33
-4.33
-0.33
5.0
7.33
0.33
-5.0
0.33
5.0
-2.33
7.67
-0.33
2.67
8.67
0.0
6.0
8.33
4.0
9.0
13.67
11.0
15.33
19.33
3.0
14.33
13.33
6.33
15.67
13.0
13.67
22.0
20.33
6.67
15.33
12.67
-3.67
4.33
-0.33
-3.0
2.67
-2.0
-0.67
-3.33
-4.0
1.67
-3.0
-1.0
-0.33
-3.33
-4.67
-4.0
0.67
0.33
4.67
-1.0
5.0
7.0
-2.0
0.0
-1.0
-5.67
-8.0
-6.33
3.67
-5.0
-2.67
1.33
-2.33
-4.67
-0.33
-8.0
-3.67
1.67
-3.0
2.33
-9.33
2.0
-8.67
-0.67
-4.33
-1.33
-6.67
-5.67
-7.0
-1.33
-4.33
-4.67
-2.0
-0.33
-13.67
-0.67
-1.67
2.0
-10.0
-3.67
-2.67
-14.33
-3.0
-4.0
-3.0
-9.33
5.0
-0.33
4.0
-5.33
4.33
0.33
0.67
-3.0
4.67
-10.0
1.0
-10.33
-5.33
3.33
-3.33
-0.67
-1.0
1.33
0.33
2.67
1.67
1.33
4.33
-4.67
5.33
0.33
-2.67
-6.67
-0.67
4.33
-9.33
-0.33
-3.33
-3.67
-2.33
-6.67
-3.67
3.67
-8.0
-0.67
-5.33
2.33
-11.0
-2.0
-0.67
-7.67
-2.67
-1.0
7.0
-1.67
-1.0
0.0
-8.0
2.33
-5.0
-2.67
2.67
-11.0
-0.33
-9.67
-1.33
-1.67
-3.33
2.33
-7.33
1.0
-0.33
-5.0
-10.0
-3.67
-4.0
3.33
-2.33
0.33
-5.67
-2.0
-4.0
2.33
2.67
-6.0
0.67
3.33
-4.0
-2.0
-5.0
-2.67
2.0
0.33
-10.67
7.67
3.0
-4.67
-2.67
2.0
-1.33
5.0
2.67
4.67
5.67
-1.0
1.67
6.33
2.67
3.33
9.0
-0.67
4.67
2.0
-4.0
-8.0
-6.0
-1.33
0.0
-6.67
5.67
4.0
2.67
6.33
2.67
0.67
-9.33
-2.67
-9.67
5.33
-4.33
-2.67
-4.0
1.33
0.33
-0.67
5.67
8.67
4.67
7.33
9.67
11.0
10.33
14.0
8.0
0.33
22.0
10.33
20.67
5.0
24.67
17.33
13.67
24.67
12.33
23.67
21.33
10.67
13.33
8.67
11.0
13.67
9.0
3.33
4.0
-3.33
3.33
9.33
14.67
7.0
12.67
10.0
16.33
-6.33
6.33
0.67
15.67
2.0
-12.33
4.33
-1.0
1.0
-5.67
2.0
6.67
-4.0
7.0
1.67
-1.67
-2.67
5.0
7.33
5.0
-4.0
-0.33
13.33
0.0
5.67
6.67
2.0
2.0
1.33
9.33
10.67
2.0
6.67
16.0
10.33
5.0
-0.33
11.0
5.67
0.67
-1.0
4.33
1.33
0.33
9.0
4.33
5.33
0.33
5.0
6.0
9.0
4.0
1.67
5.33
6.67
3.0
2.67
17.33
7.67
4.0
0.0
0.67
5.33
12.67
8.67
4.33
3.67
2.33
5.67
3.0
1.33
5.33
10.0
8.67
8.67
3.0
1.33
9.67
1.67
5.0
11.0
7.0
10.0
8.0
8.33
1.33
1.67
9.0
15.33
-3.67
9.67
6.33
16.33
18.0
8.33
15.33
6.33
7.0
20.33
8.0
9.0
5.33
17.67
2.67
4.0
3.0
-0.33
9.67
4.67
10.67
10.33
18.67
5.0
4.67
3.0
-1.67
8.33
7.33
6.0
10.0
6.33
21.67
2.33
12.0
29.0
25.67
15.0
24.33
15.0
21.0
28.0
14.33
10.33
10.67
6.33
15.0
8.33
9.0
6.0
2.0
3.0
-3.33
2.67
9.0
5.0
0.67
14.67
8.67
8.0
10.0
4.33
4.67
-1.67
5.67
17.33
10.67
0.67
-0.67
13.33
-2.0
2.67
10.33
9.67
4.33
5.0
9.67
9.67
-1.0
4.0
4.33
4.0
4.0
12.0
9.67
10.33
11.33
6.67
4.67
10.67
13.0
3.33
12.33
10.33
1.67
2.67
11.0
9.33
8.33
-2.67
2.67
3.0
4.0
14.67
4.33
7.67
3.67
2.0
2.67
2.33
5.33
12.0
17.33
4.33
13.0
6.0
4.33
10.0
6.0
14.33
12.33
10.0
10.67
6.67
12.33
13.0
13.33
5.67
12.33
15.67
10.33
19.33
7.33
6.67
20.67
26.67
6.67
18.67
12.0
17.0
21.0
10.67
35.33
12.67
18.33
14.67
24.33
13.33
20.0
28.0
40.0
21.0
14.67
16.0
23.67
47.33
34.67
38.67
32.33
49.67
43.0
53.33
74.33
53.67
72.0
65.0
76.67
81.0
77.33
62.0
74.67
78.0
74.0
68.33
56.0
68.0
56.0
57.0
52.33
81.0
41.0
42.33
30.0
47.33
34.33
35.67
29.67
15.33
25.0
37.67
11.67
14.67
12.0
18.67
19.33
12.33
19.67
18.67
10.0
16.67
3.33
18.0
21.33
20.0
10.67
1.67
14.67
6.0
13.0
-1.0
0.0
8.67
8.33
11.33
7.0
0.0
17.0
12.67
8.67
7.0
8.0
12.33
-2.67
0.33
1.33
14.0
6.0
7.33
4.0
-2.33
2.67
19.33
12.0
-0.67
9.33
12.0
0.33
6.33
13.67
12.67
13.67
18.0
5.33
6.0
8.67
8.0
5.67
9.67
15.0
0.33
5.0
9.33
7.33
4.67
8.33
19.0
-2.0
7.33
10.33
13.33
2.0
-2.67
3.33
7.67
4.0
16.33
7.67
9.0
1.67
12.67
8.0
4.67
-5.33
16.67
12.33
11.0
15.0
10.67
14.0
13.33
15.0
21.33
-2.67
10.67
6.0
13.0
7.0
-1.67
2.33
7.0
9.67
13.0
10.67
20.67
2.0
3.33
13.33
-4.33
14.0
-7.0
17.33
14.33
8.0
-1.0
15.0
2.67
8.67
9.0
10.67
1.0
4.67
10.0
4.67
10.0
10.33
2.67
15.67
16.33
4.67
0.0
6.0
12.67
-0.67
4.33
6.67
11.33
21.67
4.33
20.67
9.67
4.33
3.33
4.67
-1.33
9.67
4.33
8.0
-0.33
0.67
-3.0
3.33
4.67
5.0
8.33
4.0
25.33
7.33
0.67
20.33
4.33
22.0
17.67
1.0
14.33
16.0
12.67
8.67
23.33
18.0
15.67
27.67
11.67
17.33
15.67
19.0
23.33
26.0
14.33
27.33
41.0
25.67
18.33
41.33
34.0
6.67
22.33
31.0
29.67
26.33
30.67
25.0
28.33
26.33
27.0
35.33
23.33
22.33
17.0
31.33
21.33
19.0
13.67
14.0
15.67
9.0
13.0
6.33
2.67
-4.67
14.33
-3.67
19.0
-3.0
2.67
6.0
0.67
12.0
3.33
0.33
15.0
5.33
5.0
3.33
-6.67
15.0
6.0
10.0
-0.33
2.0
9.67
5.0
8.33
-1.67
7.33
8.33
3.33
-0.67
8.0
8.33
4.67
-2.33
5.67
9.33
14.0
6.0
4.33
2.33
10.0
5.67
3.0
-1.33
-2.33
8.33
12.33
5.67
1.67
0.33
5.0
1.0
9.0
13.67
19.0
23.33
9.67
1.0
14.0
12.33
16.0
1.67
6.0
9.0
16.33
7.0
17.0
3.67
12.67
11.0
2.67
15.0
-1.0
22.67
8.0
4.67
7.67
6.33
6.33
5.0
15.0
0.33
-2.67
-3.67
2.0
0.0
-1.33
2.67
10.0
-3.0
7.67
-1.67
0.67
-4.67
2.67
1.0
9.0
9.0
14.0
4.33
8.0
-0.67
-6.0
3.33
0.33
9.67
1.0
4.33
0.33
2.67
-3.0
5.33
7.33
-9.0
7.33
11.0
7.67
6.0
0.67
5.67
2.33
0.33
5.67
12.67
5.0
9.0
3.67
3.67
5.33
8.0
-4.33
6.33
0.0
9.0
4.33
-1.0
0.33
5.0
1.0
13.67
-5.0
-13.33
14.0
-3.67
-4.67
1.0
3.33
-3.0
3.33
6.33
0.67
3.33
6.0
15.0
-0.67
3.33
0.67
7.33
3.0
-6.0
2.0
14.33
-1.33
-3.67
-3.67
10.0
-0.67
6.33
11.0
-0.33
8.33
3.33
6.33
-4.0
7.67
14.67
0.0
-2.0
12.0
15.0
3.33
-1.67
-4.33
6.33
13.0
0.67
13.33
2.33
5.33
8.0
5.67
8.0
4.67
7.67
-3.33
4.67
10.33
10.33
-3.0
9.67
-0.67
10.67
-1.0
17.33
-2.0
-0.33
9.67
0.67
9.33
15.33
-1.67
9.67
11.67
1.67
7.33
-6.0
2.67
19.0
3.0
10.33
5.33
7.33
2.0
5.33
5.0
2.67
-5.33
3.67
2.67
2.33
6.33
3.0
0.33
20.67
9.0
1.33
5.33
-3.67
9.33
1.33
-1.67
10.33
6.33
8.0
-4.33
0.67
-8.33
-7.0
-5.0
5.0
-0.67
1.33
6.33
-4.0
5.0
-5.33
3.33
2.67
13.0
0.67
3.0
4.0
1.0
5.0
8.0
8.67
-1.33
5.0
13.67
1.67
12.0
1.67
1.0
-1.33
2.67
5.0
7.33
8.0
-4.33
10.0
-3.0
-7.67
6.67
0.0
-2.33
5.67
9.67
4.0
0.33
0.67
7.67
10.33
1.0
9.67
4.33
-0.33
10.0
1.33
9.67
2.67
-8.67
1.0
4.33
2.67
4.33
-1.0
7.33
0.33
-3.33
7.0
2.0
4.67
1.33
4.0
-0.67
6.0
-9.33
10.33
-3.67
7.0
3.67
-2.67
4.33
-2.0
2.67
9.0
-3.0
2.67
7.33
5.33
-1.33
16.0
4.0
11.33
-3.67
1.67
3.33
3.0
0.67
3.67
4.67
0.0
-3.67
3.33
-2.33
0.0
3.0
1.67
8.0
4.0
-2.0
6.67
2.0
-5.0
-2.33
12.67
6.67
6.67
3.33
10.67
6.33
-0.33
0.0
1.0
9.0
1.67
-0.67
-1.0
11.0
4.67
-5.0
6.0
3.0
1.33
6.0
-0.67
-3.33
4.67
11.0
5.33
7.33
-1.0
11.67
-0.33
1.0
5.67
-0.33
1.67
3.0
1.67
2.0
-0.67
6.0
-1.33
-4.33
-0.67
1.0
-3.0
-6.33
0.67
3.67
1.33
6.0
0.33
1.0
-1.67
3.67
-5.33
0.67
-0.67
-0.67
-7.0
4.67
4.0
3.67
1.33
9.67
-3.33
6.33
-1.67
-0.67
0.67
2.67
6.67
-0.33
4.0
9.67
4.0
2.0
4.67
-0.67
1.0
-4.0
7.0
-1.67
6.67
-1.33
7.33
0.33
6.0
2.67
4.0
0.33
-6.0
-1.33
-3.67
3.67
-0.67
6.67
0.33
-4.33
7.0
2.0
2.67
0.33
0.67
1.0
0.0
6.67
4.0
3.67
2.0
-2.0
-0.67
5.33
1.0
5.33
-0.67
3.67
-0.33
-1.67
-3.67
-0.67
5.33
2.67
-1.0
-0.67
7.33
-1.33
2.33
-1.67
-1.33
2.0
0.67
-2.67
1.67
0.67
-0.33
0.0
8.0
-6.0
2.67
3.0
-1.0
5.33
4.33
3.67
-0.33
-7.0
-2.0
4.0
-1.33
3.0
-3.0
0.67
