0.0
-10.67
73.33
94.0
30.33
22.33
-4.0
42.0
45.0
9.0
-1.33
86.0
-62.67
62.33
-7.67
75.67
45.67
26.33
69.33
-0.67
38.67
4.67
43.33
11.67
7.33
8.33
-2.0
4.0
4.0
0.0
-3.67
-6.0
8.0
1.67
-1.0
2.67
-3.33
1.0
-0.67
0.0
-0.33
-0.33
1.67
-0.33
-0.33
1.67
-1.0
1.0
0.0
-0.33
-0.33
0.0
-0.67
-0.67
0.0
-1.0
1.0
0.0
0.0
0.0
0.33
-0.33
0.0
-0.33
-0.33
-0.33
0.0
0.33
-0.33
0.67
-0.33
1.0
-0.33
0.67
0.0
0.0
0.67
0.0
1.0
-1.0
0.0
-0.67
-0.33
-1.33
2.0
1.33
-0.33
0.67
-0.33
-0.33
2.0
0.33
-0.33
-1.0
-1.0
0.0
1.0
-0.67
0.33
1.33
-0.67
0.33
0.33
-1.33
1.0
0.67
-0.67
-0.67
1.0
2.33
-0.33
-0.33
1.33
3.0
-2.0
-2.0
-1.33
0.67
1.67
0.33
-0.67
-2.67
-1.0
-2.33
1.33
0.0
0.67
0.0
1.33
-0.67
8.0
-3.67
-2.67
2.33
-4.0
-1.0
2.33
-1.33
4.33
-2.67
8.0
2.0
8.67
-5.0
2.33
2.0
4.0
6.33
1.0
0.33
-5.0
-4.0
0.0
3.0
3.67
5.33
0.33
7.33
1.67
0.67
-0.67
1.33
2.67
0.67
-0.67
1.33
1.33
-2.0
8.33
0.67
4.67
-1.33
1.33
-0.67
6.0
7.33
8.33
-1.67
-0.33
5.0
-0.67
2.0
0.33
3.67
0.0
7.67
0.33
-5.67
13.67
-0.33
-2.67
1.33
2.67
-7.0
-1.0
9.0
-0.67
6.33
-4.67
0.0
5.67
6.0
6.33
2.67
5.33
6.0
3.0
1.33
-4.67
1.67
5.67
-1.0
1.33
3.67
-4.33
9.67
6.67
1.0
0.33
-1.0
8.67
-3.33
0.67
2.67
9.67
5.67
-2.0
-2.67
-2.33
6.33
4.0
7.0
2.67
4.67
5.33
6.0
-7.67
6.33
8.33
6.33
5.0
0.67
1.33
-0.33
5.33
5.0
0.0
6.67
-2.67
0.33
5.67
4.33
-1.33
5.0
4.33
6.33
4.0
8.0
10.33
-1.0
2.67
6.67
4.33
3.0
4.33
10.33
3.0
-0.67
8.0
-5.0
3.67
-0.67
4.67
-5.0
5.67
4.0
-1.67
1.67
2.67
3.67
5.67
2.0
11.67
-4.67
-1.67
-2.67
1.67
0.0
0.33
-0.67
2.33
-6.0
0.67
3.33
2.33
3.0
6.0
-0.67
3.33
-3.0
2.67
-6.0
1.33
-4.67
0.0
6.0
3.0
1.33
2.0
1.0
-2.33
-1.0
1.0
3.67
-3.33
6.0
-0.67
1.0
4.67
3.33
1.67
6.0
5.33
3.67
0.0
-2.0
5.33
6.0
0.0
3.0
-1.33
2.33
6.0
13.33
5.33
-0.67
0.67
-1.0
3.33
-2.67
3.67
3.33
3.33
3.33
0.0
0.67
2.0
2.67
-1.33
1.33
-1.0
12.0
-0.33
3.67
5.67
4.0
1.67
0.67
7.67
6.33
-0.67
2.0
2.67
4.67
-2.33
-6.67
0.33
0.33
-1.67
0.0
-3.33
11.0
1.0
0.67
8.0
8.33
7.0
0.0
2.0
0.0
0.67
3.33
4.67
7.67
0.0
-2.0
3.67
5.0
-4.33
2.67
0.0
8.67
-4.67
0.67
3.67
7.0
1.33
5.67
6.0
4.33
-3.0
0.0
-0.33
4.33
-0.67
2.67
-5.0
1.67
0.0
0.0
7.33
4.0
-0.67
-2.0
0.0
-1.67
0.33
2.0
8.33
-6.67
1.0
-1.0
-0.67
2.33
8.67
3.33
4.67
6.0
2.33
1.67
-0.67
-0.33
3.33
3.67
-0.67
-0.67
-2.0
4.33
5.67
1.33
0.33
-4.33
3.67
1.0
-1.33
3.33
0.67
0.67
-0.67
1.67
3.67
3.33
-1.0
-0.67
-3.33
-2.67
0.0
-2.67
-0.67
-1.0
3.0
-0.33
5.0
0.0
-4.33
-1.67
1.33
1.33
1.67
-1.33
-1.33
-0.67
2.0
0.67
1.0
-0.33
-1.0
1.0
2.67
1.67
2.67
0.0
3.33
-3.33
-1.33
1.33
3.67
2.0
5.33
-0.33
3.67
0.33
2.0
0.0
1.0
2.67
-0.67
-4.67
3.67
-0.33
3.0
0.33
0.67
0.33
-5.0
1.33
-0.67
-3.67
-1.0
-0.67
0.0
0.67
2.33
-0.33
2.33
0.67
0.33
2.33
9.67
0.33
3.33
2.0
1.0
1.67
1.0
-2.0
-1.0
-1.0
-2.33
3.33
3.33
4.67
2.67
-1.67
-1.33
-1.0
1.67
-4.0
1.33
9.0
2.67
3.0
-1.67
0.0
-3.67
1.67
-1.33
-4.33
0.0
3.0
-2.33
1.33
1.33
1.67
0.33
-0.67
1.0
-1.67
0.33
-1.0
-0.33
2.33
0.67
0.33
1.33
-1.0
1.33
4.33
-3.0
-2.33
-2.0
3.0
1.67
0.0
-0.67
-2.0
-3.0
-0.33
-3.67
4.0
-5.33
4.33
6.33
3.67
-0.33
5.0
0.33
-4.0
-2.33
-1.33
4.33
-0.67
0.0
-2.67
1.33
0.67
1.0
0.67
2.33
-0.33
0.0
2.67
2.67
4.33
1.67
-3.33
0.33
-3.0
-5.67
-0.33
-1.67
-1.33
-2.67
1.67
-2.67
1.33
1.67
2.0
2.67
-2.67
0.0
-1.67
2.0
1.0
1.67
-1.0
-5.0
-4.33
5.33
0.67
0.0
2.33
3.67
-0.67
1.67
-0.67
-1.0
-3.67
0.67
-0.67
-1.67
1.33
3.67
3.0
-3.0
2.0
-4.67
4.67
-1.67
-3.33
-3.67
-1.33
1.0
-2.67
-2.33
4.0
-3.0
1.67
-3.33
-4.0
-0.33
-3.33
2.0
-0.33
3.67
-2.0
-1.67
3.67
-2.33
-1.33
-5.67
-1.67
-1.0
-0.67
0.0
-3.0
-1.67
1.33
2.0
0.0
-1.67
-7.0
-1.0
1.33
-4.67
0.67
4.0
1.67
5.33
-3.33
-6.0
-3.33
-3.67
-5.0
-1.0
-4.0
-2.0
-7.33
0.33
-7.33
-3.33
8.33
-5.33
-2.33
-0.67
3.0
-1.33
1.0
-1.0
-0.33
0.67
-6.67
-2.33
-4.67
-0.33
4.33
-4.67
-6.33
-4.33
1.67
-2.33
0.0
-6.33
-7.0
-0.67
-2.67
5.0
-2.67
-3.0
-0.67
1.33
-4.0
-1.33
-6.0
-8.0
-0.33
-1.33
0.33
-6.0
6.33
6.67
-2.0
0.0
-2.0
-3.0
-6.67
3.0
-11.0
-1.0
-9.0
-2.0
-2.67
-6.0
-4.33
4.33
-4.67
-5.67
-4.67
-10.0
-5.33
-5.67
-2.33
-3.0
-5.33
0.67
-1.0
-7.33
-5.0
-4.0
-3.33
-2.0
-9.0
5.67
-7.67
-4.33
2.0
-6.33
-3.33
2.0
-1.67
-3.33
-1.67
-8.0
2.67
-1.33
-5.0
-0.33
-4.0
-11.0
-8.33
-6.33
-5.33
4.0
-3.67
0.33
-8.0
5.33
8.0
0.67
14.67
7.67
-0.33
1.67
1.0
2.0
5.33
12.0
17.0
17.67
20.0
17.33
31.33
29.0
16.33
23.33
7.33
20.67
15.0
26.67
15.0
17.33
13.67
13.33
5.67
3.33
0.33
4.67
0.0
8.67
1.0
3.33
-0.33
-8.0
-2.33
-3.0
-3.0
-5.33
-4.33
-2.67
-3.0
4.67
-4.67
-3.33
2.0
-4.0
-4.0
-6.0
-8.0
3.0
3.33
0.0
-0.33
0.67
-4.0
2.33
1.33
-0.33
-0.67
-3.33
-8.0
-8.67
-0.33
-2.0
1.33
-8.33
0.0
-6.67
-1.67
3.67
-7.33
-1.67
-8.67
-10.0
-4.33
-2.33
-7.67
-7.0
-1.33
-10.67
-1.67
-7.67
-2.0
-12.0
1.33
1.33
-8.33
-1.0
1.0
-2.0
1.67
-5.0
-5.33
-3.0
-1.33
-5.67
4.33
-2.33
-1.0
1.67
-5.0
6.0
-9.33
-7.33
-4.67
-3.33
-1.67
5.0
5.33
-4.67
3.67
-2.33
-1.67
2.33
-5.67
-0.67
-2.67
-2.67
-0.67
-1.67
-2.67
-6.33
4.67
-1.33
-2.67
1.67
-6.67
3.33
-2.33
-5.0
-5.67
-5.33
-0.67
-11.0
-1.0
-3.67
-5.67
-3.67
-2.0
-2.0
5.33
-4.0
2.0
3.0
-7.67
-8.0
-4.67
2.67
-3.0
3.67
-3.67
-4.33
-0.67
-1.33
4.33
-6.33
-5.0
-6.33
-6.0
-7.0
-14.67
-4.0
5.33
-10.33
1.33
2.33
8.0
-3.0
-1.67
0.67
3.0
2.67
-1.67
-3.0
-7.0
0.0
4.33
-1.0
5.33
-2.67
10.67
5.0
-5.67
6.33
-2.0
-2.33
-3.0
-0.33
7.67
2.67
4.0
-5.33
8.33
-2.33
0.33
1.0
-5.67
3.67
-1.0
-6.0
6.0
-7.0
11.67
0.0
-2.67
0.67
0.0
1.67
-1.67
1.67
-4.33
-12.33
4.33
-8.67
4.33
-7.33
-4.67
10.0
2.33
11.33
-0.67
-2.33
-1.33
2.67
0.33
6.67
12.0
14.33
16.0
11.0
20.33
15.0
27.33
12.67
22.0
20.67
12.33
19.67
8.67
16.33
23.67
28.33
25.67
17.33
4.67
21.0
24.67
10.0
14.33
8.0
2.67
9.33
9.33
3.67
15.0
13.67
4.0
5.33
-7.33
5.33
13.67
15.67
13.0
2.67
4.33
4.0
-2.0
-3.67
0.0
6.67
2.0
-3.0
-0.33
11.33
-1.67
16.0
5.33
1.0
5.0
0.67
9.33
-4.0
8.67
5.67
4.0
-2.0
14.33
6.33
7.67
-1.0
-0.33
6.0
8.33
-4.0
3.67
4.0
0.67
3.67
4.0
0.33
0.33
4.33
5.0
1.33
4.33
6.33
13.0
13.0
6.0
0.0
4.67
5.33
4.67
1.0
-0.33
1.33
2.67
18.0
11.0
-2.33
10.33
12.67
3.67
4.33
5.67
9.33
2.67
7.0
1.33
9.33
14.0
5.67
12.67
5.0
6.33
15.67
0.67
3.0
16.0
7.0
6.0
9.0
10.33
7.33
1.67
9.0
8.33
20.33
12.67
-5.67
4.33
15.0
0.33
9.33
14.33
7.0
13.33
13.0
7.0
6.33
8.67
4.67
5.0
1.0
9.67
8.67
7.67
-1.33
9.33
2.67
7.0
0.67
9.0
6.33
5.33
7.33
7.0
7.0
8.33
10.67
0.33
-3.0
2.0
14.67
-1.0
5.33
4.0
10.0
11.0
9.33
2.33
10.67
15.33
17.0
6.33
3.0
15.0
5.0
3.0
21.67
10.67
13.0
14.0
5.67
16.67
7.67
2.0
12.0
13.33
9.67
14.33
-0.33
9.33
6.67
10.67
0.33
6.33
-4.0
10.67
13.33
14.67
1.33
18.0
14.67
3.67
4.0
6.0
4.33
11.0
-1.0
9.0
1.67
-3.67
21.33
9.67
5.67
6.67
9.0
3.33
12.33
10.33
16.67
6.67
8.0
10.33
6.33
9.33
-0.33
7.0
14.0
10.67
10.33
13.67
13.67
8.0
2.67
8.33
5.33
12.0
10.33
-2.67
13.0
13.0
11.33
7.0
4.0
8.33
14.33
14.0
8.67
10.67
11.33
3.0
11.33
14.67
0.33
8.67
12.33
15.33
23.33
4.67
13.67
14.67
15.67
11.67
11.0
11.0
17.0
22.67
22.33
20.67
9.33
19.67
13.33
7.33
28.0
21.0
26.0
28.0
19.67
32.0
12.67
47.33
37.67
46.67
55.33
47.67
63.0
53.33
42.33
67.67
75.0
77.0
83.67
98.0
95.33
97.0
78.67
81.0
78.0
75.33
72.0
65.0
72.0
65.0
69.33
61.0
57.0
51.33
35.0
51.33
44.33
27.67
20.67
18.33
24.0
22.67
29.67
11.67
18.0
18.67
10.33
8.33
9.67
13.67
7.0
12.67
9.33
7.0
-0.67
10.0
14.67
2.67
2.67
2.0
8.0
-12.0
6.0
17.67
13.33
9.33
4.0
-2.0
14.0
8.67
-0.33
11.0
12.0
6.33
8.33
1.33
2.33
7.0
8.0
4.33
8.0
13.67
3.67
12.33
13.0
18.33
14.33
7.0
9.33
0.33
12.67
15.67
13.67
1.0
11.33
16.0
1.67
0.0
6.67
7.67
8.0
11.33
4.0
13.33
9.33
7.67
10.33
3.0
9.0
17.33
18.33
18.33
-1.0
15.33
9.33
-3.33
16.0
14.33
1.67
12.0
7.67
7.67
0.0
4.67
-5.33
-3.33
9.33
15.0
6.0
3.67
6.0
10.33
16.0
6.33
-0.67
11.67
8.0
19.0
18.0
8.33
2.33
13.0
2.67
3.0
15.67
17.67
1.0
1.33
24.33
23.67
17.0
2.0
9.33
11.33
4.0
15.0
10.0
13.67
21.67
-2.0
3.67
0.0
8.67
18.0
10.67
4.0
17.33
-1.33
12.67
7.33
15.67
2.0
7.0
18.67
12.33
16.33
1.67
6.33
3.67
-2.67
17.67
13.67
10.33
10.33
2.67
5.67
17.67
12.33
7.0
8.67
10.67
6.0
3.33
4.67
12.0
8.33
5.0
3.33
21.33
-1.33
11.33
1.33
7.0
7.67
8.0
13.33
6.0
18.67
19.67
25.33
15.0
10.67
13.67
19.67
12.33
22.67
15.0
21.33
22.0
7.33
16.33
43.0
35.67
28.33
37.33
23.0
25.67
33.33
23.0
42.67
28.33
22.67
19.0
31.33
24.33
31.0
18.33
21.33
20.33
23.0
19.33
10.33
15.0
10.67
16.0
5.67
15.0
23.0
7.33
15.67
3.33
21.33
0.33
18.0
1.0
7.67
4.0
6.67
15.0
1.33
-1.67
5.0
5.33
12.0
3.33
8.33
6.0
11.0
1.0
12.67
9.0
7.67
11.0
10.33
7.33
5.33
-2.67
-6.67
11.33
24.0
11.33
-2.33
3.67
-0.33
0.33
-1.0
4.0
15.33
3.33
-2.0
10.67
14.0
3.67
17.67
5.33
-0.67
15.67
4.67
21.33
10.0
7.0
8.0
14.67
4.0
18.33
9.67
14.0
3.0
3.33
10.0
6.67
16.0
6.0
-6.67
12.0
16.0
2.67
2.67
3.0
3.67
20.0
-2.0
3.67
15.0
5.67
2.67
16.33
-4.67
5.0
2.0
3.33
10.33
11.33
8.0
3.0
2.67
5.67
2.0
10.0
-0.33
-3.67
9.67
-9.67
1.67
-1.0
3.0
0.0
2.0
2.33
-3.0
11.33
3.0
-0.67
-5.67
-3.33
-1.0
1.33
-3.67
7.67
0.0
8.33
-2.67
-9.0
3.33
12.0
-1.33
1.0
9.67
-2.33
-0.67
15.33
12.67
-1.33
0.0
12.0
-3.33
4.67
2.33
5.0
4.67
1.33
9.0
2.0
10.33
-5.0
-0.67
2.0
8.0
-0.33
0.0
-3.33
4.0
4.33
-4.67
1.0
2.33
9.0
16.33
2.33
2.67
2.33
3.0
16.0
11.33
11.33
10.67
7.33
12.0
-4.0
2.0
7.33
3.67
6.33
2.33
8.0
4.33
6.33
6.0
9.67
2.33
2.33
9.33
3.0
1.67
14.67
6.0
8.0
5.0
6.0
-0.67
5.33
2.67
-2.67
-2.0
-3.33
-0.67
7.33
4.33
14.0
1.67
11.0
11.67
5.67
-4.33
8.67
6.33
-4.67
-4.0
5.67
5.33
10.67
1.0
4.33
0.0
-5.33
2.67
10.67
4.33
-0.67
0.33
4.67
3.67
10.67
5.33
3.0
1.67
10.0
-1.0
3.33
-1.67
9.33
1.0
10.33
13.0
-2.33
4.67
-10.33
11.67
6.33
1.33
12.0
1.33
6.67
0.0
1.33
0.33
-6.67
6.33
-2.67
-0.67
10.33
1.33
-2.0
-0.33
8.67
7.67
3.0
8.0
7.0
4.33
7.33
-5.67
1.0
-1.0
-1.33
-1.67
5.67
5.0
2.67
1.0
2.0
2.0
6.0
1.0
1.67
3.67
5.0
6.67
-2.33
5.0
7.67
1.0
4.67
2.67
9.0
3.33
6.0
-3.33
4.0
-4.0
-8.67
9.67
-2.0
9.67
9.67
0.67
8.0
6.33
-1.33
5.67
9.33
5.0
4.67
2.33
-7.33
6.0
-1.67
14.67
-1.33
-3.67
6.0
5.33
10.67
-4.67
-6.0
-1.67
9.33
-7.33
-2.0
-2.0
12.67
-5.67
1.0
5.33
-7.0
-0.33
8.33
4.33
3.0
2.67
-5.67
0.33
2.0
6.67
3.0
-2.0
3.67
7.33
-0.67
1.67
1.0
-3.0
0.33
-3.67
-1.33
11.33
-1.0
-1.33
-1.33
9.67
6.0
-5.67
2.33
1.67
-4.0
5.0
10.67
8.0
10.0
1.0
11.67
-1.0
5.0
-3.33
7.67
4.67
-4.33
2.33
0.67
0.33
0.67
2.0
-3.0
0.0
3.67
4.33
0.0
-5.0
4.67
4.0
0.0
1.0
5.33
-2.0
8.33
-2.33
-0.33
0.0
4.33
3.33
3.0
5.67
-3.33
2.0
1.67
6.67
4.67
5.0
3.67
-1.0
6.33
1.0
-0.33
1.67
4.33
-4.0
3.0
1.67
0.67
6.67
9.33
-3.0
12.33
-6.0
-4.67
-0.33
0.67
-0.33
4.33
0.33
4.0
5.67
0.0
1.67
0.33
-3.33
1.67
5.33
0.33
1.33
9.67
3.67
2.67
0.67
1.0
1.67
-6.0
-2.0
0.67
1.33
0.0
7.0
9.0
-0.67
2.67
-3.33
2.33
-1.67
1.0
-0.33
3.0
-1.67
-5.0
-0.33
4.33
-1.33
-5.67
-3.33
-1.67
-0.33
5.0
2.0
3.67
-0.67
-3.33
-4.0
7.0
-4.33
3.0
2.67
0.0
2.0
0.33
2.33
1.0
2.33
0.33
2.67
1.67
-0.67
-4.67
2.33
0.33
6.67
-2.0
-5.67
-0.67
3.67
-3.67
0.33
2.67
4.0
-0.33
-1.67
-0.33
3.67
-2.33
-1.0
4.0
2.0
2.67
3.0
0.0
-0.67
-1.67
1.67
1.67
-3.0
1.0
2.0
1.67
-7.0
-3.0
-0.33
