0.0
10.33
3.33
48.0
66.33
7.33
19.0
27.0
88.0
72.0
6.67
15.0
91.33
35.33
-11.67
15.67
23.67
43.33
35.33
-11.67
-19.33
29.67
16.33
-6.33
-4.67
7.33
-4.0
-3.0
-5.0
-1.0
-11.67
-3.0
1.0
4.67
-2.0
8.67
1.67
0.0
-0.67
0.0
2.67
-0.33
-0.33
1.67
0.67
0.67
-1.0
1.0
0.0
-0.33
-0.33
0.0
-0.67
-0.67
0.0
-1.0
0.0
1.0
0.0
0.0
0.33
-0.33
0.0
-0.33
-0.33
-0.33
0.0
0.33
-0.33
-0.33
-0.33
1.0
-0.33
0.67
0.0
0.0
-0.33
1.0
0.0
-1.0
2.0
-1.67
-0.33
-0.33
1.0
-0.67
-0.33
2.67
-0.33
-0.33
0.0
1.33
0.67
-1.0
0.0
1.0
-1.0
0.33
0.33
-0.67
0.33
0.33
-0.67
-1.33
-1.0
0.67
0.33
1.33
4.0
3.33
-1.33
-2.33
-1.67
2.0
-1.0
-1.0
2.67
-1.33
2.67
3.33
-0.67
0.33
-3.0
-0.33
1.33
-1.0
2.67
5.0
-2.67
-0.67
0.0
-3.67
3.33
-1.67
-2.0
1.0
-1.67
0.67
2.33
3.33
15.0
4.0
7.67
-1.0
1.33
-1.0
7.0
2.33
0.0
5.33
2.0
3.0
-3.0
0.0
-0.33
6.33
1.33
-0.67
-3.33
2.67
6.33
6.33
2.67
4.67
4.33
1.33
0.33
-2.0
0.33
3.67
5.67
-1.33
-0.67
4.33
20.0
-5.67
1.33
-0.67
-4.33
-6.0
0.33
-4.0
3.33
0.67
-5.0
-1.33
0.33
-1.67
-0.33
7.67
3.33
-2.67
2.67
0.0
2.0
5.0
4.33
5.33
0.33
-1.0
-2.33
5.0
5.33
2.67
-0.67
0.0
5.0
11.33
3.33
-3.33
0.67
-4.0
-2.67
6.67
4.67
-1.33
-1.33
-3.0
6.33
1.0
3.67
3.67
2.67
5.67
3.67
-1.33
8.0
-0.67
-2.33
2.33
0.0
10.0
1.67
5.67
1.33
1.0
6.33
7.33
-0.67
4.33
7.0
5.67
4.33
1.67
-3.67
5.0
4.0
9.67
-1.67
3.33
0.67
3.33
3.67
4.0
11.33
0.33
7.0
4.0
3.33
1.0
1.67
5.67
0.33
-5.0
14.33
1.33
8.0
4.33
1.0
-4.0
0.67
0.33
0.67
4.0
10.67
11.0
6.33
7.67
2.67
4.67
-2.33
0.0
-2.33
-3.67
0.33
-2.67
-0.33
2.0
2.33
-4.67
-3.67
7.0
6.67
7.33
2.33
6.0
3.0
-2.67
1.33
3.0
6.67
-5.0
-0.67
-5.67
-1.0
1.0
7.0
0.33
5.0
-3.0
-1.33
3.0
0.0
7.67
3.67
3.0
4.33
-3.0
3.67
0.33
1.67
4.0
6.33
2.67
0.0
0.0
14.33
3.0
-3.0
5.0
-6.33
1.33
2.0
-3.67
7.33
-3.67
-0.33
1.0
4.33
-2.67
8.67
5.33
5.33
6.33
2.0
4.67
3.0
6.67
-0.33
2.33
-5.0
4.0
-1.33
1.67
-0.33
-3.0
2.67
2.67
-3.33
2.33
0.33
4.0
9.67
-1.33
0.67
4.33
-3.67
4.33
-0.67
-2.0
-3.33
8.0
-1.0
3.67
5.0
2.33
5.0
8.0
0.0
-1.0
3.67
3.33
0.67
0.67
2.0
3.0
-0.33
5.0
6.67
4.67
5.0
2.67
2.33
2.67
2.67
3.0
6.33
-1.33
4.0
1.33
0.0
0.0
-1.33
4.33
-1.67
5.67
1.0
-1.33
-1.0
1.0
1.33
7.0
1.33
0.0
6.0
6.33
2.33
0.0
-0.67
5.33
1.0
0.0
0.33
0.33
7.67
8.33
4.67
5.0
2.33
1.67
4.33
1.67
-0.67
4.67
3.33
1.33
3.0
-1.67
-1.33
1.33
1.33
-3.33
1.67
3.0
5.67
3.33
3.67
5.67
0.33
3.67
2.67
-2.67
-1.0
8.33
4.67
1.33
-1.0
0.33
1.33
-4.0
1.0
-0.33
0.0
-1.0
-6.33
-2.67
0.33
0.33
7.67
-0.33
2.67
1.33
-1.0
0.67
-1.0
2.67
2.0
-4.0
2.67
-0.33
6.67
1.0
-0.67
2.67
2.67
6.33
0.67
2.0
-2.67
3.67
-1.33
1.33
6.0
4.0
-2.0
1.67
2.33
3.33
-0.33
-0.33
0.0
-0.67
2.67
-0.67
-4.0
2.33
1.33
3.33
0.0
0.33
3.0
1.67
-1.67
0.67
-3.67
1.67
3.33
-2.67
3.67
-3.67
1.33
1.0
-2.0
-3.33
3.0
5.0
-6.0
-2.0
1.67
4.33
4.33
3.67
-2.33
-1.67
-4.33
-4.0
0.67
-3.0
-1.67
1.0
2.67
4.0
3.33
0.0
-1.67
6.67
1.67
-2.33
0.0
6.0
4.67
-0.67
0.33
-0.33
0.33
-3.67
-1.0
0.33
3.33
0.0
0.67
-3.67
0.67
-1.67
3.33
0.0
4.33
3.33
2.0
1.67
-3.0
-1.0
-0.33
6.0
-3.67
0.0
2.0
-0.33
-3.67
3.0
0.67
0.33
-1.67
3.67
0.67
-1.0
-2.67
-3.0
-0.33
-0.33
2.33
0.33
-3.0
-1.67
1.33
2.67
7.0
-3.33
-2.67
-3.33
3.0
3.67
3.67
4.33
0.67
0.67
-3.67
-1.0
-3.67
-0.33
-3.67
1.67
2.33
-0.33
-3.67
3.33
1.67
0.0
1.67
2.33
-2.0
-2.67
-2.0
-2.0
-2.33
-4.0
-5.0
0.67
0.33
-0.33
-1.0
0.33
-1.33
-0.67
-1.33
1.33
3.0
-2.67
1.67
-1.67
-7.67
-4.67
4.67
-4.0
-4.0
3.0
-2.67
4.67
-0.67
-2.33
1.33
-0.33
-5.0
-2.67
-4.33
7.0
-7.0
2.67
-3.33
-4.0
0.67
0.67
-4.0
-4.33
-2.33
-1.0
-7.67
1.67
-0.33
-5.33
-2.67
-1.67
0.0
-0.67
-1.0
-3.0
0.33
0.33
2.0
-1.0
4.33
0.0
-1.0
0.33
-5.67
0.67
0.0
-1.33
0.33
-6.33
-3.0
-5.33
-0.67
-1.0
-1.0
-1.0
-1.0
0.67
5.33
-5.33
-4.33
-0.67
-0.33
-5.33
-1.67
1.0
2.67
-2.0
-2.0
-2.33
-1.33
-0.67
-3.33
0.33
-2.33
5.33
-1.67
-8.33
-2.33
-6.33
4.67
-2.0
-6.33
-6.0
-6.67
-3.67
1.0
0.33
2.0
-2.67
-1.67
0.0
-2.33
-5.0
-1.0
-4.33
1.67
-1.67
-7.0
-0.67
-5.33
0.0
-7.0
2.0
-3.0
-6.67
-3.0
-7.0
-1.0
-7.0
0.0
2.33
-3.0
-3.33
-1.67
-5.67
-1.67
-1.67
-5.0
-3.33
-2.67
-2.33
-5.0
-2.33
-6.33
1.0
-8.33
4.0
-7.0
-1.33
-4.0
-6.0
-6.33
-6.67
-3.33
1.0
-4.33
-3.33
-6.0
-0.67
-3.33
-4.67
-5.0
-0.33
-0.33
-6.0
-6.33
-7.0
-7.0
-4.33
-2.33
-3.33
-1.0
5.33
-3.67
-5.0
-1.67
1.0
-0.33
7.67
13.67
3.67
2.67
14.0
7.0
11.33
12.0
7.0
7.67
16.0
29.33
13.33
33.0
26.33
21.33
18.33
21.67
12.0
28.67
9.0
19.33
6.67
9.33
0.67
12.33
0.33
-5.33
2.0
2.67
-9.0
0.33
2.67
-6.0
3.67
4.0
6.0
-0.33
-8.33
-1.67
2.0
5.67
9.33
-1.33
3.0
-5.0
-1.0
-2.0
5.0
0.0
-3.67
-2.0
0.67
1.67
-5.0
-1.67
-3.67
-5.33
-7.67
2.67
-9.0
-2.67
1.67
-6.0
3.33
-7.33
0.0
-7.67
-4.67
-6.33
2.67
-3.67
-6.67
-9.0
-1.33
-3.33
-5.67
-2.0
-3.33
-1.67
-4.67
-4.67
-6.0
-5.0
-4.67
6.33
-5.33
1.0
-2.0
-8.0
-6.33
-3.0
-4.33
-1.0
-0.33
-3.67
1.33
2.67
-4.0
2.67
-11.0
2.0
-6.33
-0.33
2.33
-1.33
-2.67
2.0
1.33
-1.67
1.67
-6.33
0.33
4.33
-1.67
0.33
-3.67
-1.67
-6.67
-2.67
0.33
-5.33
-0.33
0.67
-3.67
-3.33
-1.67
-4.67
-0.33
-15.0
5.33
1.67
13.33
-13.0
-1.0
7.33
-3.67
2.33
-2.0
1.0
-10.67
-4.0
-3.0
-4.0
-6.67
2.0
-1.67
6.67
-8.0
-0.33
-2.67
-5.33
-8.67
-2.33
5.33
-6.33
-6.0
3.67
0.0
-9.0
-4.67
-9.0
-3.67
0.67
3.33
-4.67
8.0
-10.0
6.33
1.67
3.0
-5.33
-1.67
0.0
-2.0
-5.0
-3.67
1.0
-0.67
-2.67
0.67
1.0
-0.67
-1.67
7.0
0.67
-4.0
-6.33
-1.33
1.67
-6.0
-5.33
5.33
-3.33
3.33
0.0
2.33
2.67
8.0
-8.0
-5.0
-8.0
7.67
-1.0
-5.67
-4.33
-1.0
-7.33
6.33
2.67
1.67
-7.33
-1.67
-9.67
10.33
-6.33
-0.67
11.0
5.33
2.33
4.33
8.67
10.67
9.67
8.33
8.67
16.0
16.33
5.0
12.0
16.33
28.0
15.33
18.67
16.0
17.67
17.33
16.67
11.67
15.33
18.67
16.33
16.67
12.33
19.67
18.0
7.67
12.0
11.33
-1.0
9.67
7.33
1.33
16.67
5.0
3.67
0.0
10.33
6.67
5.33
8.67
5.67
2.0
0.67
0.33
12.0
7.0
0.33
-1.0
0.67
-2.0
8.0
9.67
7.33
1.33
-1.0
2.33
-2.0
4.0
5.67
8.33
1.0
4.67
0.67
-2.0
1.0
0.33
1.33
3.67
2.0
7.67
8.0
3.33
6.0
7.67
8.0
3.67
1.67
9.0
3.33
8.33
6.33
3.0
-0.67
8.33
2.33
8.0
5.0
6.0
2.0
15.67
-0.67
4.67
7.0
5.67
3.33
5.67
9.0
11.0
-1.33
4.33
8.67
5.67
5.33
10.67
11.33
3.67
6.0
0.33
-0.67
4.0
0.67
11.67
-1.0
7.33
5.67
5.67
8.0
8.0
-3.0
3.0
-1.0
6.33
6.33
15.67
2.0
8.33
5.33
-2.33
0.33
2.33
17.0
9.33
-2.67
2.33
-1.0
19.33
16.0
2.0
1.33
6.67
10.67
10.0
13.0
13.67
9.67
4.67
7.67
8.33
8.67
4.0
18.67
6.0
6.33
2.33
13.33
11.0
11.0
4.33
2.67
-2.67
8.0
-4.0
17.67
7.0
20.33
14.0
20.0
7.0
10.33
0.33
6.67
9.33
10.0
0.33
10.0
0.0
3.0
2.0
11.67
8.67
9.0
10.0
1.67
9.67
4.67
20.0
-1.0
9.33
17.67
0.33
1.67
-1.67
11.67
14.67
7.33
3.33
-3.0
6.67
10.33
9.67
9.33
12.0
16.67
10.67
4.0
2.0
13.33
8.0
4.0
7.0
3.67
13.33
12.33
14.67
10.67
5.67
11.0
7.33
13.33
7.33
8.67
4.67
7.0
12.33
15.33
-1.67
3.67
9.0
11.0
1.67
6.33
3.67
18.67
6.0
6.67
-0.67
6.33
5.0
7.33
7.33
7.0
15.0
16.33
14.0
4.0
10.33
13.33
10.0
14.67
3.67
4.33
12.0
19.33
17.67
4.33
13.67
13.33
15.33
13.33
17.67
23.67
9.67
20.67
21.67
19.0
15.0
13.0
12.67
23.33
23.67
8.33
26.67
20.33
19.33
27.0
30.0
29.0
27.0
13.67
33.0
18.67
40.33
23.67
50.67
42.33
39.67
62.0
57.33
60.33
74.67
59.0
74.0
72.67
94.0
96.33
90.0
88.67
80.0
77.0
69.33
86.0
72.0
73.0
78.0
52.33
67.0
64.0
52.33
41.0
37.33
62.33
37.67
17.67
29.33
17.0
21.67
10.67
22.67
15.0
15.67
8.33
16.33
17.67
8.67
6.0
15.67
8.33
5.0
1.33
13.0
11.67
4.67
7.67
4.0
2.0
8.0
7.0
3.67
2.33
17.33
14.0
-1.0
13.0
4.67
12.67
14.0
14.0
14.33
9.33
21.33
5.33
-7.0
13.0
2.33
6.0
3.67
-1.33
23.33
13.0
-2.67
9.33
8.0
14.33
7.33
2.67
-2.33
9.67
9.0
11.33
5.0
16.67
11.0
4.67
23.67
15.0
6.33
4.0
5.33
14.33
3.67
5.33
7.0
4.0
14.33
3.33
8.33
4.0
12.33
2.33
1.67
18.0
13.33
10.67
10.0
2.67
14.67
7.0
8.67
3.67
-2.33
18.33
8.0
11.0
4.67
19.0
18.33
15.0
9.33
11.33
-2.33
4.0
19.0
11.0
11.33
8.33
10.0
2.67
11.0
13.67
13.67
-6.0
9.33
19.33
-1.33
14.0
5.0
14.33
4.33
4.0
-2.0
11.0
11.67
5.67
8.0
9.67
12.0
13.67
7.0
25.67
11.0
6.33
9.67
5.67
-2.67
9.67
6.0
8.0
13.67
16.33
2.33
10.67
8.33
13.67
9.33
2.67
0.67
2.33
17.33
8.67
-0.33
12.67
1.33
16.0
-0.33
7.67
4.0
3.33
4.67
-5.0
5.33
3.0
11.33
5.33
0.67
11.33
13.33
16.0
17.67
-1.0
13.33
10.0
15.67
7.67
26.33
8.0
7.67
37.67
15.67
16.33
15.67
25.0
22.33
9.0
14.33
21.33
29.0
47.67
27.33
21.33
30.0
18.67
21.33
43.0
21.67
23.33
26.67
17.0
41.33
16.33
25.0
13.33
17.33
15.33
23.0
25.33
31.33
18.0
15.67
8.0
17.67
7.0
24.0
8.33
4.67
14.33
10.33
8.33
17.0
2.0
1.67
5.0
23.67
10.0
-4.67
2.33
6.0
1.33
12.0
2.33
-0.67
6.0
17.0
-2.0
-3.33
6.0
2.67
19.0
12.33
8.33
5.33
7.33
8.33
3.33
6.0
10.33
7.67
6.67
3.67
16.33
12.0
8.0
15.33
10.33
0.0
8.67
5.0
1.67
7.67
13.33
8.33
17.67
7.67
9.33
10.0
3.0
10.0
6.67
-1.0
13.33
5.67
12.0
6.0
5.33
19.0
8.67
-4.0
6.0
14.33
12.0
7.0
11.67
14.67
21.0
4.67
15.0
3.0
11.67
8.0
3.67
6.67
1.33
0.33
6.0
10.0
7.33
-8.67
5.33
11.0
7.0
3.67
10.67
12.0
6.0
2.67
-0.67
3.67
-2.67
-13.33
7.0
10.0
-7.0
-7.0
13.33
3.0
0.33
2.0
-9.67
1.33
2.67
7.0
-1.67
-0.67
-6.33
-4.0
0.33
2.33
-7.0
5.33
5.0
8.67
-1.0
0.67
-2.33
3.33
14.33
3.67
-1.33
6.0
2.0
-0.33
1.67
6.33
5.0
-2.33
8.33
2.0
6.0
15.33
-12.0
2.33
0.0
-2.0
-1.33
-8.0
-2.33
6.0
2.33
1.33
4.0
4.33
8.0
3.33
3.33
-8.33
2.33
3.0
8.0
-5.67
0.33
4.67
-1.67
9.0
-5.0
2.0
6.33
-0.33
-2.67
13.33
-9.0
7.33
-0.67
1.0
5.67
1.33
8.33
-3.67
-5.0
4.67
1.67
6.0
-10.0
-3.0
3.0
2.33
9.33
-4.33
-0.67
-2.0
13.67
4.33
2.33
1.33
11.0
9.67
2.0
9.67
-3.33
-4.33
7.67
8.33
11.33
11.0
9.67
3.33
8.67
1.0
5.33
0.0
4.67
17.67
18.67
11.33
22.33
6.33
0.67
-3.33
-1.33
19.33
-5.0
-1.33
13.0
0.0
1.33
2.33
4.33
12.0
4.33
1.0
1.67
3.67
5.67
3.67
-3.67
4.33
-3.0
5.33
9.67
9.0
-2.67
-1.67
-0.67
3.33
6.33
0.33
8.33
0.33
4.0
-5.33
1.67
6.67
-5.0
2.0
0.0
-8.67
0.33
3.33
3.0
1.0
10.67
18.33
2.67
-1.0
12.67
2.0
2.0
2.0
18.0
7.0
6.67
2.67
3.0
3.67
1.67
-1.0
-0.33
7.0
-3.33
-3.33
2.0
-2.67
4.0
7.67
3.0
0.0
0.33
3.67
4.0
4.67
8.67
0.67
2.0
3.33
0.67
9.67
6.33
0.0
4.67
2.33
-4.33
6.0
0.33
4.67
4.67
3.33
5.0
1.33
2.67
-2.67
-1.0
8.33
-0.67
2.67
4.0
1.0
6.67
3.33
10.0
8.33
9.0
3.67
8.33
-3.67
7.0
6.67
0.33
4.33
1.0
-1.33
7.0
-2.0
-1.33
3.33
2.33
-4.33
14.0
5.0
6.33
-7.67
1.67
1.33
7.0
-2.33
-3.33
8.67
3.0
2.33
6.33
3.67
3.0
-1.0
6.67
-1.0
8.0
0.0
0.67
-1.0
2.0
0.67
0.67
-1.33
4.67
4.33
9.67
3.33
9.67
1.0
-1.0
7.0
9.67
4.33
9.0
14.0
3.67
-3.0
-2.0
2.0
4.33
3.0
-0.67
4.67
6.67
1.0
1.33
-0.67
0.0
9.67
1.67
0.0
1.67
-0.33
3.67
1.0
-2.33
2.0
1.33
1.0
-1.33
3.67
-0.67
-3.0
3.0
1.67
1.67
-2.33
3.33
5.0
3.33
-3.0
2.33
4.67
2.67
-1.33
7.33
-5.67
0.0
9.67
-1.0
-6.33
-3.67
-2.33
-2.33
6.33
3.33
7.33
2.67
3.67
4.67
0.67
-2.0
3.67
4.0
0.0
0.67
4.33
2.0
-1.0
0.0
4.33
4.67
2.67
4.33
1.33
2.0
0.67
-2.0
4.33
0.0
4.67
4.33
-3.33
-1.67
3.67
-1.67
-5.33
2.0
8.0
-3.33
-0.67
2.67
1.0
-1.0
6.67
6.0
0.67
-6.0
3.0
6.33
-1.67
0.0
6.33
-1.67
4.67
-3.33
-4.67
3.33
1.33
2.33
2.67
0.0
-4.67
1.33
-2.33
-1.67
-2.67
-1.33
10.0
1.67
-5.67
4.67
2.67
6.67
3.0
5.0
-1.0
7.67
-5.0
2.0
5.33
3.33
4.67
2.67
5.0
6.0
-3.0
3.67
-5.0
-2.0
0.67
