0.0
20.33
27.33
-38.0
37.33
55.33
-44.0
-9.0
58.0
-92.0
-153.33
-51.0
-64.67
40.33
-70.67
39.67
48.67
-12.67
-6.67
-41.67
-8.33
-28.33
2.33
7.67
15.33
-11.67
2.0
-6.0
-11.0
1.0
-3.67
-3.0
8.0
-2.33
-1.0
-1.33
-3.33
2.0
1.33
0.0
-0.33
1.67
1.67
-0.33
-0.33
1.67
0.0
1.0
0.0
-0.33
-0.33
0.0
-0.67
-0.67
1.0
-1.0
1.0
0.0
0.0
1.0
-0.67
2.67
0.0
-0.33
-0.33
-0.33
1.0
0.33
-0.33
0.67
-0.33
0.0
-0.33
0.67
1.0
0.0
-0.33
0.0
0.0
0.0
0.0
-1.67
-0.33
-0.33
0.0
-0.67
1.67
-0.33
2.67
1.67
0.0
-0.67
-0.33
0.0
0.0
0.0
-1.0
-0.67
1.33
2.33
-0.67
-0.67
1.33
-0.33
-1.0
1.67
0.33
3.33
0.0
0.33
-0.33
1.67
1.33
1.0
-1.0
-2.0
-0.33
-1.33
-0.33
4.33
0.33
-1.67
4.0
-1.33
1.33
-3.0
3.67
-2.0
1.33
0.33
1.0
0.33
0.33
0.33
-5.0
1.0
0.33
-7.33
1.33
0.33
1.0
7.0
8.67
2.0
7.33
0.0
1.0
2.33
4.0
-2.67
6.0
-6.0
4.0
2.0
-2.33
11.33
6.33
7.33
1.67
-0.33
1.33
3.33
2.67
3.67
6.33
4.33
1.33
-2.0
0.33
1.67
3.67
-0.33
0.33
4.33
2.0
-1.67
0.33
5.33
-0.33
-3.0
-3.67
2.0
2.33
1.67
-3.0
0.67
2.33
-2.67
-1.33
6.67
-0.67
3.33
10.67
5.0
10.0
6.0
9.33
1.33
-2.67
2.0
-1.33
2.0
4.33
-1.33
1.33
4.0
6.0
-0.67
-1.67
-0.33
-2.33
0.0
3.33
1.67
4.67
5.67
0.67
6.0
11.33
-2.0
3.67
3.67
5.67
0.67
3.67
11.67
1.0
2.33
-1.33
1.33
0.0
6.0
-2.33
5.67
-2.67
4.0
2.33
2.33
2.33
5.33
6.0
3.67
-3.67
-2.33
-2.67
0.0
0.0
10.67
0.33
-2.67
-4.33
1.33
1.67
12.0
2.33
0.33
-1.0
8.0
1.33
3.0
-1.33
6.67
6.33
-3.0
3.33
2.33
-2.0
-7.67
5.0
-6.0
2.67
7.33
1.67
1.0
11.67
9.0
10.33
-0.33
0.67
0.67
3.67
5.0
1.67
-3.67
-0.67
2.33
-2.33
2.0
1.33
9.33
1.33
-2.0
4.67
-0.67
5.33
7.0
4.0
-0.67
6.33
1.0
1.67
-1.0
-0.67
0.33
3.0
3.0
4.0
6.33
1.0
4.0
1.67
4.0
2.0
5.67
6.67
4.0
4.33
0.0
6.67
11.33
2.67
3.0
7.33
4.67
-3.0
-1.0
0.33
5.0
3.0
4.0
0.67
6.33
-1.0
1.33
5.33
-0.67
1.67
2.0
-2.67
-0.67
-0.33
-0.67
7.33
0.33
-1.0
-1.33
-2.0
0.67
0.67
-1.67
5.0
0.0
-0.33
6.67
2.67
0.0
-1.33
-0.33
1.67
6.33
3.33
7.0
5.67
0.67
2.67
-2.67
-4.67
1.33
6.33
7.0
-3.33
0.0
-3.0
-0.33
3.0
4.33
6.0
3.0
-4.0
-2.0
2.67
-2.67
-0.33
8.67
-1.0
5.0
3.67
4.0
5.67
-2.33
-2.0
0.67
6.33
0.67
-2.33
1.0
1.33
2.67
4.0
7.33
3.0
-3.0
4.67
2.33
-4.67
2.67
-1.0
0.67
3.0
6.0
0.33
4.0
-5.67
6.0
2.0
-1.67
1.33
0.0
0.33
-6.67
3.0
2.0
2.33
1.33
3.67
9.33
0.67
4.0
-1.67
2.67
-1.67
-2.33
0.33
-0.33
0.33
1.33
-3.0
1.33
10.67
5.33
-2.67
-5.33
2.67
0.0
-2.33
3.33
4.67
0.67
-2.67
0.67
3.67
-2.67
1.0
-0.67
-4.33
-1.67
-3.0
-1.67
5.33
2.0
3.0
0.67
0.0
0.0
-2.33
-0.67
-2.67
0.33
0.67
1.67
0.67
-1.67
0.0
-2.33
-2.0
-1.33
-3.0
-5.0
-0.33
-4.33
1.67
1.0
2.33
-0.33
-1.33
2.33
-0.33
-3.0
-1.67
-0.33
-0.33
0.33
3.0
-4.0
-1.0
0.67
1.33
1.33
3.67
-1.33
-5.0
1.33
0.67
0.33
0.0
4.33
-3.67
2.33
-4.0
-0.67
-2.0
-0.33
1.33
-2.33
3.33
0.67
-1.67
0.33
1.67
-2.67
2.33
-2.0
-3.0
-3.33
2.0
-1.0
-6.0
0.0
0.67
0.33
1.33
0.67
-3.33
2.33
-2.33
-3.0
-2.33
-3.0
5.33
3.0
-2.33
3.0
-2.67
0.0
3.33
3.67
0.67
3.67
2.0
1.0
-0.33
2.33
-4.67
-1.33
1.33
0.33
6.0
-1.67
-0.67
0.0
-0.33
-1.67
-3.33
-4.67
2.33
-2.0
3.33
-3.67
1.0
-4.33
-1.0
-1.0
0.67
3.0
0.33
-1.0
5.0
-3.33
-4.67
-3.0
-0.33
-0.67
-3.67
0.67
-1.33
0.0
-0.67
-3.0
-6.33
-1.33
-0.67
-0.67
-2.0
-1.67
1.33
5.67
0.0
1.67
-1.67
1.67
-1.0
1.67
-0.33
5.33
2.67
-1.33
-1.67
-4.0
-5.67
-1.33
0.33
-4.33
-3.67
-2.33
3.33
2.33
0.67
3.0
1.67
-3.67
-1.0
2.33
3.0
-5.0
-1.33
-5.0
2.0
-2.33
0.33
-3.33
-1.0
1.33
3.67
-0.67
5.67
3.33
-1.0
-1.67
0.67
-0.67
-5.67
-4.67
2.67
0.0
0.0
-2.0
1.33
3.67
-0.67
-0.33
0.33
0.67
0.0
2.33
-3.33
1.0
-2.0
-0.33
2.67
-2.0
-1.33
-1.33
-5.0
2.67
2.67
-3.0
-3.67
-0.33
2.67
-1.33
-1.67
-5.67
0.0
-1.67
-3.0
1.0
0.33
-1.67
0.0
-1.0
-2.67
-2.0
-3.0
-2.67
-0.67
-1.33
-2.0
-2.33
2.33
-4.33
-4.0
-6.33
-2.67
-3.0
1.0
-3.0
-4.0
-4.33
-3.67
-3.33
-7.33
-2.67
-0.33
-3.33
-3.67
1.0
-2.33
0.0
2.0
0.67
-1.33
-3.67
-3.33
-5.67
2.67
4.33
-1.67
-5.33
0.67
3.67
-2.33
-6.0
3.67
-3.0
0.33
0.33
-6.0
-0.67
-3.0
-6.67
3.33
4.0
3.67
-2.0
3.0
-8.33
0.67
3.33
-9.0
-0.67
0.67
-4.0
-4.0
0.0
-1.0
-0.67
0.0
-6.0
-2.0
-4.0
-2.0
-0.67
-6.0
-6.33
-4.67
-5.67
-5.67
-0.67
-6.0
-3.33
-2.67
-9.33
-8.0
-5.33
-2.33
2.0
-7.33
-6.0
-3.0
-2.33
-5.0
-12.0
-2.33
-10.67
-1.33
5.0
-1.33
-0.33
-3.0
-2.67
-2.33
-5.67
-7.0
-2.33
-2.33
-1.0
-9.33
-2.0
8.0
1.67
-3.33
-2.33
1.0
5.33
-4.67
-6.0
4.33
-2.0
-1.33
8.67
7.67
-1.33
11.67
8.0
7.0
9.33
8.0
13.0
19.67
15.0
21.33
30.33
23.0
18.33
26.33
15.33
23.67
16.0
11.67
18.0
16.33
11.67
9.33
21.67
1.33
3.33
6.67
1.0
-0.33
-4.0
3.33
4.67
-4.0
0.67
5.0
-2.0
-6.33
-7.33
-5.67
1.0
-0.33
4.33
-8.33
1.0
-6.0
-3.0
-4.0
-7.0
-4.0
3.33
-2.0
0.67
2.67
-9.0
10.33
0.33
-3.33
-5.67
-2.33
-9.0
-2.67
-2.33
3.0
0.33
6.67
-10.0
-5.67
-6.67
-6.33
-5.33
2.33
-3.67
-3.0
-0.33
-4.33
-2.67
7.0
-7.33
-5.67
-2.67
-1.67
-2.0
-12.0
-3.67
-5.67
-8.33
-6.0
1.0
5.0
-5.33
-4.0
-3.33
2.0
-0.33
-2.67
0.33
-4.33
-7.0
0.67
-4.0
-1.0
-7.33
-5.33
-4.67
5.67
3.33
-2.0
-7.67
-0.67
-0.33
-0.33
-0.67
4.33
-8.67
-1.67
1.33
-3.67
-3.67
0.33
-6.67
-5.33
-6.33
-1.33
-6.67
-7.33
-4.67
-3.67
1.67
-1.0
-4.67
1.67
2.33
-19.0
2.0
2.33
-7.67
-3.67
-3.0
4.0
-2.67
-6.0
-4.0
10.0
-0.67
0.0
-0.67
-0.33
-12.0
7.67
1.33
-6.33
-1.67
-4.33
-2.67
-3.33
0.0
-3.33
-8.0
-4.0
3.33
-7.0
-0.67
-2.33
6.33
1.33
2.0
-4.0
-3.67
3.67
1.0
7.67
-0.67
-3.0
0.0
5.0
-3.67
-7.0
0.33
-3.67
-1.33
6.0
0.33
2.33
3.0
-5.33
0.0
-1.33
0.67
6.67
-10.0
-1.33
1.33
2.67
0.33
-7.0
3.33
3.67
0.0
0.0
-6.0
-12.0
-2.33
-5.0
-6.67
7.67
-4.0
-1.33
6.33
6.67
-7.33
-4.33
2.33
1.33
4.33
-4.33
-4.67
-4.0
0.33
-1.67
2.33
5.67
2.67
-1.33
4.33
14.67
10.0
8.33
7.0
18.0
29.33
9.0
12.33
12.67
18.0
23.67
13.33
23.67
17.67
12.33
14.67
18.33
18.67
9.33
11.67
13.0
23.67
7.0
8.33
8.0
4.67
0.33
5.33
13.67
4.0
-5.33
7.0
12.33
-0.33
2.33
7.67
8.67
-1.0
-0.33
6.33
6.0
-1.0
8.33
-4.0
10.67
-3.0
6.0
10.67
1.33
0.33
3.0
10.33
7.0
2.0
3.67
-2.67
-2.0
6.67
13.67
9.0
-5.0
2.33
-4.67
11.67
-2.0
5.67
13.0
-0.67
6.0
-3.33
1.0
-3.33
4.67
4.0
2.33
-2.67
2.33
2.0
4.33
5.33
7.33
10.0
1.0
2.0
6.0
-0.33
11.33
4.67
9.0
0.67
2.33
0.67
5.0
8.0
2.67
3.33
0.67
4.67
7.33
-1.33
2.33
7.67
5.0
2.33
2.33
10.0
8.67
12.67
2.0
8.33
0.67
-0.33
2.0
8.0
9.0
4.0
6.0
11.33
2.33
1.67
18.0
14.33
3.33
4.67
-0.67
-6.67
18.0
0.33
2.33
9.33
10.0
7.33
13.0
4.0
0.33
8.67
10.67
4.0
11.0
6.67
3.67
9.67
5.67
13.33
12.67
9.0
9.67
10.0
5.33
9.33
7.33
12.0
7.0
9.33
28.67
3.33
20.0
2.0
5.67
0.0
2.33
13.0
21.0
10.0
15.33
15.33
11.67
5.33
12.0
2.33
8.0
14.0
7.0
8.0
2.67
2.67
6.0
6.0
6.67
4.67
14.67
4.0
7.0
1.33
3.67
10.33
0.67
12.33
2.67
9.67
21.33
3.33
7.0
3.67
8.33
9.67
8.33
13.0
16.67
15.67
7.0
0.0
10.33
5.0
4.0
10.0
10.67
1.33
11.33
6.67
4.67
3.67
12.0
12.33
6.33
9.33
0.67
7.67
12.0
15.33
9.33
5.33
16.67
9.0
11.0
7.67
1.33
10.67
2.67
4.0
14.67
7.33
12.33
12.0
8.33
10.33
9.0
12.0
5.33
12.0
6.0
8.33
-2.67
11.0
13.67
8.67
10.33
5.0
23.33
17.67
18.33
10.67
16.33
7.33
11.33
22.67
21.67
19.67
18.67
13.67
11.0
17.0
21.0
14.67
25.33
26.67
16.33
28.67
16.33
14.33
16.0
31.0
27.0
43.0
30.67
39.0
32.67
51.33
57.67
58.67
52.33
56.67
36.0
65.33
65.33
69.67
75.0
90.0
100.67
77.0
83.33
62.0
92.67
104.0
98.0
88.33
78.0
91.0
67.0
80.0
70.33
68.0
76.0
51.33
37.0
45.33
47.33
26.67
28.67
25.33
25.0
27.67
12.67
19.67
11.0
14.67
10.33
19.33
16.67
13.67
11.0
6.67
7.33
16.0
13.33
6.0
9.67
8.67
10.67
10.0
10.0
4.0
2.0
3.67
0.33
6.33
1.0
7.0
14.0
-5.33
0.67
4.0
11.0
10.33
8.33
0.33
14.33
-4.0
18.0
6.33
6.0
0.67
9.67
18.33
18.0
8.33
12.33
6.0
7.33
19.33
9.67
-1.33
1.67
7.0
5.33
14.0
1.67
0.0
9.67
11.67
14.0
8.33
3.0
1.33
13.33
0.67
5.33
0.0
11.0
7.33
19.33
9.33
-4.0
6.33
12.33
6.67
8.0
20.33
0.67
20.0
11.67
5.67
3.0
14.67
3.67
3.67
12.33
7.0
-7.0
9.67
9.0
13.33
4.0
14.33
9.33
-2.33
-8.0
2.0
13.0
15.33
13.33
10.0
5.67
14.0
4.67
18.67
3.0
12.33
5.33
11.67
-5.0
4.0
11.33
8.33
8.0
2.0
17.0
7.67
9.67
3.0
10.67
5.0
-4.33
9.0
11.67
7.0
-2.67
8.67
6.67
8.33
2.67
5.0
11.0
-1.33
6.33
8.33
11.67
-2.67
14.67
3.33
8.67
1.67
9.33
7.33
5.67
3.67
3.67
8.33
15.0
2.67
14.67
13.0
17.33
6.67
17.0
1.33
4.0
6.33
7.33
0.67
22.33
3.33
12.0
13.67
11.0
19.33
20.0
5.67
9.67
20.33
6.0
20.67
20.67
9.67
22.33
22.67
8.0
23.33
13.0
18.33
17.33
35.0
42.67
47.33
41.33
20.0
29.67
23.33
34.0
21.67
25.33
29.67
22.0
33.33
32.33
42.0
20.33
19.33
26.33
12.0
22.33
18.33
24.0
0.67
9.0
13.67
-1.0
11.0
5.33
3.67
8.33
15.33
7.33
25.0
4.0
-1.33
12.0
5.67
9.0
-0.67
4.33
22.0
13.33
-2.0
6.33
5.33
10.0
7.0
3.0
-2.33
5.0
6.67
14.0
1.33
19.33
0.33
4.33
-4.67
0.33
10.0
11.33
9.67
11.67
-4.33
2.33
14.0
7.0
12.33
10.33
2.0
-1.33
-6.0
12.67
1.67
16.33
4.33
12.67
-3.33
18.33
7.0
17.0
13.0
3.67
3.0
17.33
-7.33
15.0
11.0
6.33
17.0
13.67
11.0
10.0
11.33
8.0
5.0
16.67
13.67
11.0
17.67
-5.0
4.0
12.67
5.0
2.67
9.67
12.33
11.33
-3.0
10.0
1.33
-11.67
6.33
19.0
4.0
3.67
13.67
3.0
7.0
-9.33
1.33
0.67
-5.67
0.67
11.0
0.0
9.0
8.0
0.33
-3.0
12.33
7.0
-1.67
3.33
-3.33
3.0
-4.67
2.33
2.67
-4.0
7.33
0.33
10.0
-6.67
3.0
0.67
10.0
10.67
2.67
14.33
4.33
7.67
0.67
2.0
6.0
-2.33
-0.33
13.33
18.0
-7.33
4.33
4.0
7.0
11.33
-1.0
8.33
-8.0
1.0
-0.33
-9.0
2.67
-14.0
3.33
12.33
3.0
-2.67
2.0
5.33
-1.67
2.67
4.33
3.0
5.0
-0.67
-0.67
-5.33
0.33
3.0
9.0
-5.0
1.33
-4.33
-4.67
6.33
2.0
10.33
5.33
-5.0
5.67
3.33
9.33
8.33
0.0
2.67
12.67
-7.0
8.0
3.0
14.0
3.33
3.33
0.67
-0.67
1.0
-2.33
-1.67
5.33
3.33
2.0
8.67
6.0
9.67
1.67
-0.33
-3.33
3.33
5.33
6.0
0.67
1.33
-0.33
-5.0
-2.67
8.0
12.67
4.67
6.67
13.33
-1.67
7.33
-12.33
5.67
9.67
7.33
2.0
5.67
6.0
8.0
12.33
8.33
0.33
1.0
4.33
7.0
12.67
0.67
-9.33
-4.33
-6.67
-1.67
-5.0
6.33
16.67
7.0
2.33
6.33
-2.67
-1.67
1.33
2.33
3.33
3.33
7.0
-9.33
2.67
12.67
0.0
-2.0
11.0
2.33
1.33
-11.67
0.0
5.0
11.67
3.33
3.67
7.0
3.67
-6.0
7.0
-1.0
17.0
9.0
-1.33
-5.33
3.0
5.67
5.67
1.0
0.67
4.0
4.67
5.67
2.0
1.33
11.0
-2.33
2.0
0.0
-0.67
1.67
3.0
0.67
10.67
3.67
0.0
-0.67
-1.33
9.67
4.33
3.0
3.67
5.33
7.67
6.0
0.33
-0.33
2.67
-0.67
-1.0
-2.67
-0.33
1.33
-3.0
8.33
4.33
4.67
-1.0
-5.0
7.67
-2.67
0.0
5.33
-5.0
-1.33
4.33
1.33
3.0
-1.33
-4.67
-0.67
4.0
0.67
-2.0
3.0
-0.33
5.33
9.33
-0.33
3.0
-1.0
8.33
-1.67
5.67
-2.67
-1.0
-2.33
14.67
2.67
8.0
3.33
9.33
2.67
1.0
-3.0
5.67
2.0
5.0
8.0
10.67
2.0
-2.0
-6.33
6.67
-2.33
3.67
6.33
2.67
6.33
4.67
0.0
4.0
-1.0
-0.33
6.33
3.0
5.0
3.67
-3.0
0.0
-6.0
1.33
1.0
0.33
2.67
-4.33
10.0
-0.67
10.33
-2.0
4.67
2.67
-3.0
-0.33
-2.33
-3.33
1.0
1.67
1.0
-0.67
3.0
-1.33
-1.33
-0.67
4.0
1.0
-3.33
3.67
2.67
4.33
4.0
5.33
0.0
2.33
4.67
0.67
3.67
0.33
1.33
-3.0
1.67
8.0
2.67
0.33
7.67
-2.33
4.33
1.33
0.33
4.67
2.67
3.67
4.67
-2.0
1.67
4.0
2.0
-1.33
-1.67
4.0
4.0
-1.0
-3.67
3.67
4.67
-1.67
4.33
3.0
-0.33
4.0
0.33
-1.0
5.67
-2.67
2.67
-2.67
-0.33
1.33
-7.33
2.0
3.0
-0.33
4.33
1.67
3.0
2.0
0.67
3.0
0.67
-2.0
4.0
-2.67
3.33
-1.0
4.33
3.33
3.67
-3.33
-4.67
2.33
-3.67
1.33
1.67
-5.0
-2.67
-0.67
3.67
-3.67
-2.67
0.67
1.0
-2.33
-1.67
-1.33
3.67
-0.33
6.0
9.0
5.0
7.67
0.0
-4.0
1.33
-1.67
6.67
-1.33
-5.0
3.0
-2.0
6.67
-1.0
1.0
-5.33
