0.0
5150.0
6166.0
7062.0
7600.0
8218.0
8565.0
8722.0
8447.0
8012.0
7591.0
7022.0
6313.0
5582.0
4696.0
3982.0
3346.0
2721.0
2181.0
1783.0
1484.0
1097.0
933.0
714.0
531.0
426.0
316.0
238.0
196.0
151.0
121.0
79.0
59.0
44.0
27.0
31.0
20.0
16.0
8.0
7.0
9.0
2.0
4.0
4.0
1.0
1.0
1.0
2.0
1.0
1.0
2.0
0.0
2.0
0.0
0.0
3.0
2.0
0.0
1.0
0.0
0.0
1.0
0.0
1.0
0.0
3.0
1.0
0.0
0.0
2.0
2.0
1.0
1.0
3.0
6.0
1.0
3.0
2.0
2.0
1.0
1.0
2.0
3.0
1.0
2.0
0.0
1.0
5.0
3.0
5.0
3.0
2.0
3.0
8.0
3.0
3.0
9.0
3.0
6.0
4.0
7.0
8.0
6.0
5.0
9.0
6.0
11.0
9.0
11.0
9.0
8.0
6.0
12.0
14.0
7.0
13.0
14.0
17.0
22.0
18.0
10.0
10.0
28.0
11.0
15.0
21.0
18.0
16.0
33.0
18.0
35.0
19.0
23.0
23.0
24.0
31.0
27.0
26.0
27.0
44.0
38.0
37.0
29.0
24.0
32.0
32.0
36.0
41.0
39.0
36.0
42.0
36.0
31.0
45.0
30.0
43.0
37.0
41.0
44.0
38.0
38.0
46.0
42.0
41.0
40.0
53.0
39.0
34.0
37.0
58.0
34.0
42.0
48.0
31.0
30.0
49.0
55.0
53.0
48.0
43.0
40.0
50.0
38.0
46.0
49.0
49.0
35.0
36.0
46.0
49.0
40.0
43.0
44.0
44.0
46.0
39.0
46.0
46.0
41.0
28.0
47.0
52.0
55.0
40.0
37.0
38.0
56.0
46.0
43.0
46.0
28.0
49.0
27.0
46.0
43.0
46.0
39.0
62.0
42.0
46.0
45.0
47.0
52.0
48.0
44.0
55.0
46.0
44.0
43.0
34.0
54.0
46.0
43.0
42.0
48.0
34.0
50.0
56.0
39.0
49.0
38.0
43.0
43.0
44.0
42.0
48.0
42.0
39.0
44.0
42.0
36.0
35.0
46.0
43.0
44.0
35.0
46.0
46.0
45.0
39.0
49.0
42.0
38.0
45.0
38.0
41.0
47.0
26.0
37.0
38.0
55.0
38.0
38.0
42.0
42.0
37.0
38.0
51.0
44.0
40.0
45.0
44.0
51.0
60.0
39.0
38.0
43.0
44.0
43.0
43.0
40.0
49.0
46.0
24.0
49.0
56.0
49.0
30.0
35.0
40.0
45.0
39.0
40.0
39.0
36.0
36.0
35.0
51.0
39.0
36.0
39.0
43.0
45.0
46.0
36.0
30.0
42.0
39.0
27.0
47.0
44.0
43.0
44.0
38.0
39.0
37.0
33.0
35.0
24.0
41.0
36.0
31.0
42.0
30.0
29.0
30.0
43.0
38.0
46.0
49.0
32.0
42.0
25.0
36.0
43.0
37.0
44.0
38.0
39.0
43.0
28.0
30.0
34.0
32.0
35.0
51.0
39.0
44.0
42.0
37.0
34.0
30.0
38.0
51.0
29.0
32.0
42.0
25.0
32.0
34.0
32.0
38.0
38.0
35.0
40.0
43.0
24.0
29.0
35.0
43.0
30.0
26.0
39.0
39.0
34.0
41.0
43.0
22.0
35.0
42.0
26.0
28.0
31.0
29.0
27.0
16.0
27.0
25.0
30.0
38.0
36.0
37.0
27.0
30.0
34.0
26.0
31.0
21.0
28.0
27.0
32.0
41.0
27.0
26.0
27.0
33.0
27.0
31.0
22.0
35.0
29.0
38.0
28.0
23.0
32.0
22.0
30.0
23.0
37.0
32.0
30.0
33.0
25.0
21.0
32.0
22.0
29.0
28.0
20.0
35.0
37.0
33.0
25.0
28.0
38.0
22.0
24.0
30.0
30.0
32.0
23.0
29.0
18.0
26.0
29.0
27.0
23.0
27.0
30.0
28.0
22.0
29.0
26.0
31.0
34.0
27.0
35.0
27.0
33.0
25.0
21.0
24.0
26.0
24.0
22.0
26.0
16.0
44.0
31.0
29.0
24.0
28.0
27.0
28.0
32.0
32.0
25.0
31.0
25.0
20.0
23.0
28.0
22.0
24.0
22.0
22.0
21.0
19.0
23.0
15.0
31.0
19.0
33.0
23.0
16.0
29.0
22.0
9.0
20.0
22.0
22.0
27.0
21.0
17.0
21.0
22.0
18.0
18.0
21.0
18.0
21.0
25.0
18.0
25.0
28.0
19.0
20.0
18.0
28.0
19.0
20.0
28.0
17.0
29.0
15.0
19.0
23.0
22.0
22.0
32.0
18.0
26.0
15.0
26.0
14.0
24.0
24.0
26.0
23.0
11.0
17.0
14.0
18.0
16.0
30.0
16.0
18.0
22.0
12.0
20.0
19.0
18.0
15.0
15.0
17.0
10.0
19.0
18.0
26.0
26.0
21.0
23.0
20.0
18.0
24.0
18.0
32.0
12.0
20.0
28.0
18.0
17.0
20.0
20.0
25.0
20.0
26.0
25.0
17.0
16.0
10.0
27.0
22.0
17.0
21.0
24.0
16.0
17.0
14.0
25.0
22.0
16.0
22.0
16.0
23.0
19.0
21.0
15.0
31.0
22.0
19.0
18.0
19.0
19.0
21.0
13.0
26.0
17.0
21.0
17.0
27.0
29.0
19.0
33.0
25.0
18.0
21.0
17.0
20.0
18.0
19.0
24.0
25.0
18.0
25.0
23.0
22.0
40.0
23.0
28.0
21.0
12.0
24.0
20.0
35.0
18.0
18.0
21.0
25.0
26.0
26.0
22.0
27.0
23.0
20.0
19.0
27.0
18.0
20.0
19.0
35.0
32.0
23.0
24.0
32.0
21.0
28.0
25.0
27.0
19.0
25.0
35.0
25.0
32.0
24.0
35.0
29.0
28.0
35.0
34.0
22.0
32.0
25.0
24.0
39.0
35.0
25.0
38.0
29.0
30.0
30.0
27.0
34.0
28.0
38.0
29.0
30.0
29.0
41.0
35.0
43.0
32.0
38.0
40.0
39.0
40.0
31.0
34.0
51.0
50.0
35.0
46.0
37.0
41.0
28.0
39.0
32.0
37.0
30.0
36.0
33.0
35.0
40.0
30.0
45.0
44.0
50.0
41.0
50.0
43.0
48.0
40.0
34.0
37.0
51.0
43.0
60.0
37.0
56.0
54.0
49.0
38.0
45.0
54.0
50.0
50.0
35.0
48.0
33.0
42.0
42.0
44.0
49.0
55.0
46.0
44.0
33.0
50.0
41.0
54.0
47.0
61.0
37.0
50.0
46.0
45.0
45.0
52.0
48.0
50.0
48.0
54.0
48.0
46.0
46.0
45.0
49.0
40.0
44.0
56.0
64.0
51.0
41.0
54.0
51.0
55.0
38.0
54.0
62.0
36.0
79.0
48.0
70.0
57.0
51.0
60.0
55.0
53.0
65.0
55.0
60.0
59.0
49.0
69.0
64.0
39.0
56.0
53.0
59.0
50.0
64.0
60.0
54.0
53.0
49.0
60.0
48.0
52.0
53.0
51.0
80.0
55.0
58.0
71.0
58.0
52.0
58.0
47.0
62.0
64.0
75.0
53.0
81.0
78.0
67.0
79.0
59.0
71.0
57.0
71.0
57.0
54.0
69.0
66.0
70.0
59.0
61.0
49.0
77.0
58.0
70.0
76.0
68.0
66.0
66.0
71.0
82.0
69.0
60.0
54.0
68.0
57.0
69.0
61.0
71.0
73.0
52.0
47.0
66.0
66.0
56.0
73.0
63.0
64.0
74.0
64.0
58.0
72.0
78.0
66.0
63.0
78.0
61.0
65.0
58.0
71.0
60.0
85.0
64.0
81.0
64.0
54.0
63.0
67.0
78.0
62.0
65.0
68.0
56.0
76.0
76.0
53.0
72.0
75.0
74.0
71.0
83.0
62.0
71.0
87.0
80.0
78.0
88.0
69.0
81.0
90.0
79.0
70.0
80.0
64.0
69.0
68.0
93.0
85.0
71.0
75.0
69.0
87.0
78.0
66.0
107.0
90.0
91.0
76.0
83.0
94.0
92.0
91.0
77.0
80.0
72.0
72.0
69.0
80.0
60.0
80.0
74.0
80.0
73.0
73.0
84.0
74.0
72.0
73.0
69.0
74.0
76.0
74.0
95.0
80.0
77.0
78.0
75.0
84.0
77.0
69.0
81.0
82.0
68.0
81.0
76.0
75.0
74.0
87.0
71.0
68.0
77.0
71.0
67.0
72.0
76.0
65.0
65.0
66.0
81.0
64.0
74.0
73.0
77.0
79.0
65.0
75.0
69.0
75.0
68.0
67.0
81.0
75.0
71.0
83.0
73.0
89.0
63.0
72.0
80.0
81.0
80.0
90.0
78.0
65.0
86.0
64.0
84.0
73.0
64.0
66.0
61.0
59.0
76.0
92.0
67.0
78.0
84.0
80.0
73.0
70.0
65.0
66.0
80.0
73.0
80.0
91.0
68.0
62.0
74.0
87.0
76.0
75.0
69.0
66.0
83.0
71.0
66.0
90.0
91.0
82.0
85.0
72.0
75.0
77.0
83.0
107.0
82.0
80.0
75.0
68.0
88.0
79.0
83.0
105.0
93.0
71.0
72.0
69.0
65.0
68.0
77.0
73.0
68.0
80.0
74.0
87.0
68.0
79.0
67.0
72.0
83.0
66.0
64.0
71.0
84.0
93.0
75.0
70.0
59.0
81.0
92.0
55.0
79.0
60.0
71.0
67.0
79.0
65.0
83.0
55.0
81.0
72.0
69.0
68.0
65.0
61.0
87.0
73.0
71.0
65.0
78.0
63.0
77.0
58.0
72.0
78.0
64.0
72.0
75.0
82.0
78.0
70.0
68.0
85.0
72.0
77.0
72.0
63.0
63.0
64.0
85.0
79.0
65.0
69.0
67.0
64.0
54.0
79.0
66.0
82.0
79.0
84.0
81.0
75.0
90.0
98.0
84.0
97.0
112.0
127.0
119.0
114.0
135.0
98.0
117.0
115.0
110.0
96.0
88.0
94.0
69.0
80.0
79.0
103.0
80.0
63.0
75.0
62.0
69.0
81.0
60.0
75.0
90.0
74.0
83.0
92.0
95.0
92.0
111.0
120.0
106.0
115.0
133.0
133.0
159.0
133.0
184.0
155.0
158.0
137.0
166.0
126.0
124.0
105.0
98.0
88.0
93.0
94.0
74.0
81.0
79.0
82.0
78.0
72.0
92.0
79.0
89.0
75.0
89.0
91.0
73.0
81.0
72.0
93.0
74.0
106.0
85.0
82.0
90.0
87.0
84.0
89.0
87.0
81.0
77.0
85.0
77.0
69.0
84.0
74.0
70.0
67.0
74.0
67.0
78.0
76.0
60.0
64.0
61.0
69.0
81.0
76.0
91.0
59.0
72.0
51.0
81.0
77.0
66.0
79.0
74.0
56.0
66.0
71.0
53.0
77.0
57.0
65.0
72.0
85.0
68.0
55.0
74.0
68.0
68.0
69.0
78.0
64.0
76.0
76.0
63.0
72.0
67.0
62.0
57.0
73.0
66.0
63.0
70.0
77.0
83.0
77.0
83.0
79.0
79.0
66.0
86.0
86.0
74.0
81.0
70.0
67.0
74.0
75.0
71.0
76.0
86.0
84.0
68.0
85.0
79.0
54.0
76.0
63.0
64.0
90.0
81.0
74.0
58.0
89.0
65.0
70.0
76.0
89.0
94.0
67.0
66.0
76.0
80.0
63.0
62.0
81.0
70.0
84.0
82.0
93.0
80.0
82.0
92.0
80.0
99.0
94.0
90.0
112.0
99.0
106.0
110.0
134.0
103.0
112.0
124.0
115.0
97.0
113.0
123.0
118.0
109.0
105.0
90.0
93.0
101.0
70.0
101.0
87.0
84.0
97.0
91.0
78.0
71.0
72.0
99.0
85.0
96.0
81.0
85.0
77.0
93.0
87.0
93.0
90.0
80.0
86.0
69.0
87.0
80.0
83.0
96.0
118.0
97.0
118.0
86.0
90.0
100.0
88.0
110.0
91.0
87.0
111.0
98.0
100.0
85.0
88.0
79.0
80.0
83.0
88.0
80.0
84.0
102.0
86.0
90.0
72.0
75.0
89.0
96.0
72.0
87.0
80.0
75.0
83.0
96.0
101.0
76.0
83.0
83.0
85.0
81.0
90.0
101.0
84.0
88.0
80.0
83.0
84.0
88.0
94.0
73.0
75.0
78.0
85.0
71.0
99.0
91.0
70.0
83.0
93.0
77.0
77.0
95.0
76.0
90.0
100.0
74.0
84.0
64.0
73.0
81.0
78.0
88.0
97.0
91.0
82.0
82.0
83.0
95.0
73.0
82.0
92.0
73.0
79.0
91.0
101.0
88.0
81.0
79.0
81.0
87.0
82.0
101.0
87.0
105.0
89.0
101.0
103.0
84.0
78.0
84.0
100.0
73.0
89.0
87.0
92.0
102.0
102.0
89.0
69.0
96.0
92.0
111.0
79.0
93.0
106.0
89.0
95.0
107.0
89.0
71.0
77.0
97.0
113.0
86.0
98.0
107.0
105.0
115.0
94.0
104.0
101.0
116.0
108.0
97.0
112.0
113.0
112.0
104.0
108.0
126.0
123.0
135.0
122.0
125.0
121.0
152.0
134.0
148.0
135.0
144.0
169.0
147.0
170.0
161.0
157.0
176.0
163.0
170.0
153.0
158.0
173.0
155.0
183.0
168.0
161.0
149.0
144.0
182.0
152.0
177.0
160.0
176.0
129.0
149.0
137.0
139.0
154.0
133.0
138.0
139.0
135.0
141.0
119.0
113.0
108.0
120.0
112.0
109.0
89.0
115.0
102.0
103.0
114.0
94.0
95.0
112.0
98.0
99.0
111.0
91.0
101.0
118.0
95.0
110.0
100.0
95.0
89.0
88.0
88.0
102.0
91.0
84.0
94.0
100.0
83.0
97.0
90.0
101.0
89.0
90.0
89.0
84.0
92.0
84.0
87.0
104.0
117.0
90.0
94.0
96.0
98.0
88.0
98.0
96.0
88.0
109.0
103.0
80.0
93.0
102.0
96.0
97.0
97.0
92.0
86.0
84.0
90.0
98.0
85.0
77.0
91.0
72.0
92.0
105.0
76.0
103.0
74.0
83.0
90.0
84.0
77.0
98.0
88.0
92.0
96.0
71.0
82.0
90.0
72.0
82.0
97.0
91.0
96.0
83.0
84.0
72.0
71.0
99.0
77.0
77.0
92.0
81.0
94.0
67.0
86.0
100.0
84.0
76.0
90.0
78.0
64.0
95.0
64.0
85.0
86.0
87.0
70.0
79.0
93.0
95.0
75.0
93.0
79.0
78.0
76.0
73.0
82.0
72.0
78.0
79.0
86.0
94.0
77.0
75.0
77.0
81.0
69.0
89.0
65.0
100.0
91.0
78.0
77.0
79.0
72.0
67.0
71.0
78.0
56.0
62.0
65.0
60.0
66.0
64.0
68.0
76.0
62.0
67.0
70.0
86.0
77.0
66.0
70.0
66.0
64.0
67.0
76.0
82.0
74.0
71.0
60.0
55.0
65.0
62.0
65.0
72.0
72.0
68.0
66.0
66.0
63.0
61.0
76.0
57.0
54.0
60.0
75.0
56.0
67.0
67.0
56.0
59.0
54.0
64.0
58.0
71.0
71.0
68.0
64.0
55.0
61.0
60.0
55.0
61.0
59.0
48.0
64.0
68.0
45.0
57.0
62.0
47.0
59.0
69.0
67.0
62.0
73.0
54.0
69.0
66.0
59.0
60.0
63.0
53.0
49.0
48.0
52.0
51.0
63.0
50.0
64.0
55.0
43.0
58.0
40.0
57.0
48.0
56.0
53.0
54.0
56.0
48.0
40.0
57.0
57.0
53.0
53.0
42.0
55.0
44.0
42.0
51.0
61.0
53.0
68.0
59.0
55.0
54.0
49.0
54.0
58.0
50.0
68.0
57.0
58.0
50.0
55.0
40.0
45.0
58.0
55.0
50.0
47.0
44.0
48.0
52.0
51.0
66.0
46.0
50.0
44.0
33.0
51.0
51.0
59.0
38.0
50.0
62.0
53.0
57.0
43.0
51.0
53.0
53.0
43.0
54.0
43.0
49.0
51.0
47.0
40.0
42.0
54.0
54.0
48.0
43.0
39.0
59.0
40.0
46.0
62.0
45.0
50.0
48.0
55.0
46.0
42.0
39.0
48.0
45.0
33.0
54.0
35.0
32.0
39.0
37.0
45.0
42.0
41.0
60.0
41.0
41.0
50.0
37.0
41.0
43.0
42.0
44.0
41.0
41.0
43.0
39.0
53.0
30.0
37.0
31.0
37.0
34.0
37.0
42.0
41.0
30.0
44.0
37.0
35.0
38.0
43.0
32.0
48.0
46.0
31.0
31.0
41.0
41.0
52.0
37.0
28.0
47.0
34.0
25.0
32.0
44.0
40.0
41.0
34.0
44.0
38.0
50.0
34.0
33.0
42.0
42.0
43.0
46.0
37.0
37.0
43.0
23.0
46.0
24.0
34.0
46.0
38.0
38.0
27.0
47.0
46.0
35.0
37.0
43.0
41.0
43.0
37.0
42.0
33.0
25.0
40.0
36.0
20.0
34.0
39.0
34.0
27.0
37.0
24.0
27.0
29.0
30.0
47.0
28.0
38.0
36.0
27.0
28.0
33.0
36.0
38.0
30.0
42.0
35.0
27.0
28.0
26.0
19.0
39.0
30.0
27.0
26.0
30.0
28.0
35.0
30.0
30.0
27.0
28.0
37.0
19.0
27.0
25.0
37.0
31.0
28.0
37.0
23.0
24.0
28.0
28.0
28.0
38.0
29.0
23.0
36.0
34.0
26.0
30.0
34.0
31.0
25.0
25.0
25.0
27.0
31.0
38.0
25.0
31.0
33.0
36.0
26.0
33.0
25.0
24.0
29.0
33.0
33.0
31.0
22.0
26.0
26.0
36.0
33.0
25.0
31.0
37.0
32.0
29.0
