0.0
-18.33
22.67
-36.33
49.33
-88.67
-149.33
-45.67
-30.67
21.33
-130.67
-17.67
-5.67
14.67
-2.33
-3.33
-35.0
42.67
-5.67
7.33
14.0
9.67
20.67
-15.67
-11.0
13.33
6.67
-8.67
-6.0
-1.0
-1.33
4.67
1.67
-2.33
-6.67
1.67
-2.33
0.33
0.33
-1.33
0.0
-1.0
1.33
-0.33
-0.67
1.0
-0.67
0.67
-0.67
0.0
-1.0
-0.33
1.67
0.0
0.0
0.67
0.0
0.0
0.67
1.0
0.33
0.33
0.0
1.33
-0.33
0.67
0.67
-0.33
-1.0
-0.33
0.0
1.0
-0.33
0.33
0.0
-0.67
0.0
0.33
0.67
-0.33
0.0
-1.0
0.0
-0.67
0.0
-0.67
-1.33
-1.0
0.0
0.33
0.33
-1.33
-0.67
1.67
-1.0
-3.33
0.67
-1.0
-1.33
-1.33
0.33
3.0
-1.67
1.67
-0.33
-0.33
-1.0
1.67
-0.67
0.33
2.0
-2.0
1.33
4.67
-0.67
2.33
0.67
0.67
-1.67
0.0
-0.33
-3.0
-3.67
-1.33
0.33
2.33
-2.0
0.0
-2.0
0.33
4.0
1.33
6.67
-1.0
0.33
-2.0
-0.67
2.0
2.67
4.67
-2.0
1.33
6.33
-1.67
3.33
-2.67
0.0
1.33
1.67
0.67
3.0
9.67
1.33
-2.0
-0.33
-2.0
3.33
-2.0
2.67
1.33
-1.33
-0.33
2.33
2.33
-0.67
0.33
4.0
8.0
-1.33
-2.0
0.67
5.33
-2.33
-1.67
-5.33
1.67
3.33
1.0
6.0
3.0
-1.0
0.67
-1.0
2.67
4.33
0.67
0.0
-4.33
4.67
-2.33
-2.67
-0.33
12.33
-1.33
-3.0
-2.33
-4.33
14.0
-3.33
-1.0
6.33
-3.0
4.33
7.67
6.33
4.0
0.33
3.0
4.0
3.67
1.33
-4.0
0.33
-2.33
-2.0
0.67
1.33
0.67
-1.33
-2.67
2.33
5.33
1.0
4.67
-0.33
3.0
-0.33
2.67
4.0
6.0
-1.0
-2.0
1.67
0.33
7.33
4.33
1.33
3.33
-3.33
6.67
2.33
2.33
5.33
-1.33
6.0
3.33
-4.0
-2.0
4.33
1.33
2.33
6.0
-1.67
6.0
3.0
3.33
1.0
3.0
-5.0
1.0
5.67
4.33
0.33
3.0
0.33
-0.33
5.67
6.67
5.67
3.0
3.67
-2.33
-2.67
1.67
-0.33
0.33
6.33
2.0
7.0
12.67
8.33
-4.33
1.67
2.33
5.0
3.0
1.33
2.0
-2.0
-0.67
4.33
-1.67
6.33
1.67
4.33
1.33
6.0
7.33
2.0
8.33
-2.0
9.0
6.0
-5.0
3.33
8.33
5.0
3.67
9.0
0.0
-1.33
5.67
7.0
2.0
6.67
12.0
7.33
3.33
8.0
0.67
0.0
0.0
4.33
4.0
1.33
3.33
-1.0
-2.0
-1.33
6.67
1.33
5.67
-2.33
8.0
-1.33
-2.67
4.0
-1.0
-2.0
9.0
-1.0
3.67
3.33
3.33
-3.0
-1.0
-0.33
0.0
-0.33
3.0
1.33
-2.0
7.0
0.67
11.0
-2.67
0.33
0.33
6.33
-4.33
5.0
1.0
-1.33
0.67
-2.67
4.0
6.0
-3.33
7.0
0.0
3.67
4.0
1.0
0.67
4.67
-5.33
9.67
-2.33
7.67
10.67
8.67
-1.33
3.33
-5.0
-0.33
1.67
4.33
3.67
0.33
0.67
2.0
-1.33
2.33
-0.33
1.33
-2.0
7.33
5.33
0.0
8.67
2.67
1.67
4.33
2.0
-1.0
2.67
-2.0
4.33
5.33
-3.67
-1.33
0.67
-6.33
4.33
6.0
2.67
5.0
0.33
3.0
0.0
1.67
5.0
-4.0
1.0
0.33
-3.0
5.33
1.0
-8.67
-1.67
2.33
1.0
2.67
0.33
-1.0
-4.33
-0.67
7.0
-2.33
5.67
3.0
1.67
0.33
-2.67
2.33
-0.67
-5.33
-1.67
-3.33
0.67
-3.33
3.0
1.67
-1.33
0.67
0.0
0.0
-2.67
-3.33
-2.67
2.67
2.67
5.33
0.67
8.33
9.67
0.33
0.0
4.67
7.67
-0.67
1.0
4.33
-2.33
-1.67
1.33
3.67
4.0
3.33
-3.67
-2.0
-0.67
2.67
1.0
-0.67
-0.33
3.0
0.0
7.0
-3.33
1.0
-1.33
-0.33
-1.0
2.67
1.0
3.33
2.0
2.67
-2.33
2.33
-4.33
0.0
-3.0
-2.67
-1.0
-1.33
-1.67
2.33
0.67
0.67
-1.33
3.33
3.0
-0.67
0.33
-4.33
-3.0
-1.33
-1.0
0.0
5.33
-2.0
-5.0
-1.67
0.67
2.33
-3.33
3.67
-1.0
-3.0
2.67
-2.33
-4.0
0.67
2.33
1.67
2.33
1.33
0.33
2.67
0.67
-1.33
0.67
2.0
0.67
0.0
0.67
0.0
-1.33
2.0
1.0
-0.67
0.67
1.33
2.0
5.33
2.33
-1.0
2.0
3.33
4.67
-1.33
-0.67
0.0
1.33
4.0
-1.33
-4.33
1.0
-1.67
2.0
2.0
-3.0
1.0
2.0
7.33
-1.0
-1.33
-0.67
2.0
-2.0
-4.33
0.67
2.33
5.33
-1.0
0.33
0.67
6.33
2.33
-2.0
1.67
0.33
0.67
1.0
-1.67
5.0
-3.0
0.0
0.0
-2.0
7.0
-2.33
-3.33
0.0
0.33
-1.33
0.0
1.67
3.67
-3.0
-2.0
-0.67
2.67
-1.0
-1.0
-3.33
0.33
-1.33
0.0
-1.33
0.33
2.33
-3.0
2.0
0.67
4.67
2.0
2.0
2.0
-2.67
1.67
3.0
5.0
-3.33
5.0
1.67
1.67
-2.33
1.0
2.67
-3.33
0.33
-1.67
1.0
-2.0
-0.33
-1.0
-3.67
4.0
-1.67
0.33
1.33
-5.67
-1.33
-8.0
5.67
-6.0
-6.33
1.33
2.67
-1.33
-5.33
-2.33
1.33
4.33
-5.0
-4.33
-0.33
-0.67
0.67
2.33
-1.33
-4.67
-2.67
1.0
0.0
1.67
2.67
-1.67
-5.67
2.67
-5.33
-6.0
-1.67
-0.67
-1.0
1.33
-3.33
1.0
1.0
-3.33
5.0
-3.33
-0.67
2.67
1.67
-1.33
5.33
-1.0
-3.67
-4.0
4.0
-5.33
-4.67
0.0
-0.33
-1.67
-6.0
4.67
-2.0
-2.33
5.33
-1.0
-2.0
1.33
-1.67
0.0
1.33
4.67
-8.0
-0.67
0.0
1.0
-4.33
3.0
5.0
-0.33
-0.67
7.33
-1.0
0.33
-5.0
1.67
0.0
11.33
-2.33
-1.0
2.67
1.33
-6.67
-7.33
-4.0
-3.0
-3.33
1.0
-2.33
-1.33
-7.67
-5.33
-2.33
-4.33
-3.0
-2.0
1.67
-4.0
-2.33
-5.67
0.67
1.33
-8.0
-4.33
-2.67
0.67
0.33
-5.33
-4.67
-2.0
-4.0
-6.67
-9.33
1.0
-8.33
1.0
-5.33
0.0
-1.33
-5.0
3.33
8.33
-5.67
-1.0
2.0
-3.0
0.33
-1.67
10.33
-8.0
-1.0
0.67
1.33
2.67
7.0
1.33
8.67
-2.33
-0.67
0.0
6.67
4.33
8.0
12.67
14.0
12.67
11.67
17.33
11.0
15.33
20.0
20.33
18.0
18.33
24.0
38.67
18.33
19.33
20.0
14.67
16.33
13.33
12.33
6.0
12.0
9.67
14.33
12.33
-3.33
3.67
0.33
1.33
-2.67
1.67
-1.33
-1.33
6.67
-2.0
-2.67
0.0
2.0
-1.33
-9.0
1.0
-5.67
-0.67
-2.0
6.33
8.0
2.0
6.0
-1.67
-2.33
-3.33
0.67
-1.33
1.0
-2.33
-1.67
-9.67
-10.0
2.33
2.0
-4.0
-3.0
-10.0
-10.33
-3.33
-1.33
6.0
-4.67
-6.67
-6.0
-3.33
6.33
-4.67
1.67
-1.33
4.67
0.67
-3.67
-1.33
8.67
-1.67
2.67
-4.33
-2.0
4.0
4.67
-4.0
-2.33
3.0
10.0
4.0
-1.0
7.33
-4.67
0.67
-3.67
0.33
-9.33
3.67
-2.33
-3.0
-0.67
-5.33
-1.0
4.33
-5.0
2.67
-4.0
-1.0
-1.0
-7.0
0.0
-5.33
14.67
3.67
-1.67
-5.33
-2.0
-1.67
2.0
-2.33
7.0
-3.0
-1.67
0.33
-8.0
5.33
2.0
-4.33
1.67
0.33
-0.33
-13.0
-7.67
-6.0
-2.67
-5.67
-6.33
5.33
2.67
-4.0
3.67
12.0
5.0
2.33
-3.33
-10.33
-2.0
2.0
3.67
-4.33
-7.33
4.33
0.67
3.33
2.0
4.33
4.33
-1.0
-1.67
-2.67
5.33
8.67
-8.67
4.67
2.33
-2.67
-1.0
0.0
-1.0
-2.33
2.67
0.67
3.67
-2.0
-5.33
-0.33
-1.33
-1.67
-1.67
-7.0
-1.0
12.33
-3.67
5.33
2.33
-1.67
1.67
1.67
0.67
-0.67
-1.67
10.33
1.33
5.0
0.33
0.33
2.33
4.0
-0.33
-3.0
-1.33
6.0
-1.67
-2.0
7.0
-7.67
3.67
-6.67
-3.0
13.0
-2.33
1.33
7.67
0.67
6.67
5.0
4.67
19.67
11.67
11.33
8.0
17.33
16.67
14.0
18.33
18.67
18.0
28.0
31.67
17.33
11.67
16.0
20.0
19.0
11.33
23.33
20.33
15.67
19.0
17.0
18.33
13.67
18.67
18.67
6.0
16.67
8.0
5.67
7.33
-2.0
6.67
1.33
0.33
11.0
6.67
3.0
-1.33
11.33
-2.0
0.33
8.67
6.33
10.67
-0.67
2.0
-0.33
4.0
6.0
11.0
4.0
5.0
7.67
7.0
9.33
-1.33
7.33
12.0
4.0
11.67
3.33
9.67
13.33
16.0
-0.67
7.67
4.67
7.0
-1.33
7.0
10.0
4.0
-0.67
0.0
7.33
12.33
4.67
1.0
1.67
6.67
13.0
13.33
8.0
2.33
2.33
2.0
0.33
6.33
10.33
8.33
6.33
17.33
10.0
9.0
2.67
11.0
16.0
3.0
-4.0
8.67
0.67
11.33
1.0
-2.0
4.0
13.0
5.67
12.33
2.33
0.0
12.0
10.33
2.67
5.33
5.0
2.0
3.67
3.33
7.67
0.33
4.0
12.67
1.33
4.67
8.33
8.0
13.33
1.33
16.33
10.67
17.33
14.0
7.67
3.33
6.67
8.67
5.33
17.33
8.0
14.33
0.67
8.33
2.0
5.0
3.67
10.0
6.0
4.33
11.33
9.67
14.67
4.67
6.33
17.0
2.67
3.33
16.0
0.0
11.67
-2.0
10.0
8.0
14.0
6.67
4.67
-7.67
14.33
9.33
2.67
22.67
12.33
-2.33
7.67
1.67
10.33
-2.33
5.33
4.33
8.33
-1.33
-8.33
5.67
2.0
12.0
18.33
14.67
3.33
8.0
-2.0
14.67
10.0
4.0
11.33
10.67
11.0
6.33
7.67
3.67
11.33
13.33
17.33
11.33
6.33
20.0
16.67
8.33
9.67
4.33
11.67
4.33
12.67
8.0
6.67
0.0
15.33
6.33
-0.33
7.67
10.67
12.0
9.33
1.33
1.33
11.0
12.0
1.0
13.33
9.33
10.67
10.67
1.33
3.0
2.33
5.67
5.33
5.0
5.33
13.0
26.67
12.0
14.67
3.67
17.0
16.33
3.0
13.67
10.33
11.0
13.33
14.0
28.0
19.67
16.33
13.67
25.0
14.0
16.0
24.0
8.67
28.33
30.0
19.33
11.33
16.33
18.67
24.33
22.33
17.67
11.67
32.0
15.0
24.67
25.0
38.67
28.67
36.67
34.0
47.33
52.33
41.33
55.0
65.33
68.67
63.0
91.67
83.33
113.0
108.33
115.0
109.0
136.0
103.0
135.67
151.0
134.0
143.0
131.0
170.0
121.67
119.67
147.33
121.0
93.33
79.0
104.67
84.0
74.33
65.67
47.33
66.0
32.0
41.67
37.67
18.67
38.67
31.33
22.33
13.67
23.33
37.33
19.33
22.67
15.33
-0.67
1.0
15.67
21.0
-3.33
12.67
-7.0
10.67
9.0
17.67
10.0
15.33
14.67
7.33
3.33
6.67
11.67
7.33
14.33
12.33
10.33
16.0
9.0
6.67
12.0
3.33
13.0
8.33
20.67
5.0
1.0
7.0
-3.0
8.0
-1.67
15.33
7.33
7.33
12.33
4.67
1.33
13.67
18.0
9.0
7.67
23.0
0.33
11.33
14.67
2.0
9.67
-2.33
16.67
4.33
4.0
9.0
4.0
15.33
5.67
24.0
1.33
9.33
6.0
4.33
15.33
6.0
5.67
0.33
20.33
13.33
20.33
9.67
21.67
13.33
10.33
20.33
15.67
10.0
7.67
1.67
7.0
12.0
8.0
6.67
19.33
10.0
6.33
4.67
9.33
10.0
20.67
-1.67
7.67
6.67
12.0
-2.67
-5.33
2.0
11.0
1.0
25.33
5.67
5.0
15.33
12.33
-3.0
11.33
4.0
19.0
11.67
4.0
5.33
6.0
10.0
7.67
-2.67
2.67
10.33
-1.0
1.0
14.0
9.33
23.67
0.33
1.67
1.67
-4.33
23.33
11.67
5.0
7.0
14.67
9.33
10.67
11.33
10.67
9.33
15.33
9.67
6.33
9.0
-2.0
7.67
9.0
11.0
1.33
5.33
13.0
5.33
3.67
15.67
12.0
11.67
15.33
11.33
17.33
16.67
2.0
18.33
8.0
16.0
6.67
9.0
5.67
10.33
20.33
21.33
18.0
16.0
30.0
27.67
9.33
24.67
29.0
24.67
16.33
18.67
26.33
30.0
17.33
35.67
27.0
35.0
31.0
29.0
25.0
23.33
8.67
28.67
20.0
5.67
13.0
10.33
7.67
3.67
17.33
-0.67
10.67
1.33
11.33
6.0
15.67
3.67
0.0
17.0
2.33
3.33
-2.0
-2.0
8.33
18.33
-1.67
15.0
12.0
3.67
-7.33
12.0
-3.67
16.0
-2.0
3.33
17.33
11.33
4.0
4.33
10.67
9.67
7.33
11.67
9.67
7.0
7.67
-3.0
8.0
-1.0
6.0
-6.67
2.0
2.0
8.67
12.0
14.33
1.33
4.33
3.33
21.67
-2.33
8.33
11.0
14.0
-2.67
0.0
8.67
10.0
12.33
4.67
10.33
5.33
18.67
9.67
19.0
7.67
-1.67
7.0
7.0
-4.0
10.67
12.67
5.67
9.33
24.33
0.0
4.67
-4.67
2.67
8.67
3.33
2.0
0.33
9.67
8.0
3.67
5.33
-2.33
14.33
4.33
1.67
-0.33
-6.33
-3.33
8.0
-7.67
9.67
0.33
5.33
8.33
10.0
9.0
2.0
6.67
11.0
-0.33
9.67
-3.67
0.33
-1.67
6.33
-8.33
3.67
2.0
3.0
10.0
-0.67
1.0
9.67
-0.67
2.67
7.67
3.33
-5.33
7.33
2.0
1.0
8.0
4.0
0.0
1.33
-9.0
-0.33
-4.67
3.67
-2.0
8.67
-4.0
-0.33
-7.0
4.67
5.33
-4.67
0.67
-4.0
2.0
-0.67
-5.67
-2.33
2.67
-1.33
15.0
7.67
-0.33
1.0
-3.33
0.0
7.0
-3.67
0.0
2.33
10.67
-2.67
2.33
-0.67
-4.0
8.67
-9.0
10.0
0.0
-2.0
0.33
2.67
-7.33
-13.0
1.67
2.67
1.67
3.67
5.67
3.67
-5.0
10.67
5.33
0.67
13.67
10.33
5.0
6.67
-0.67
4.0
8.67
15.33
12.67
5.67
4.33
11.0
-2.33
-5.0
7.0
16.33
3.0
3.67
2.67
8.33
4.67
-1.33
0.0
9.0
1.33
-0.33
4.33
-2.67
11.0
5.67
2.0
10.33
-3.67
4.33
5.0
0.67
-12.33
1.33
12.67
6.0
-1.33
-2.33
5.67
2.33
3.33
0.33
6.33
8.0
5.33
-2.0
-3.67
-3.0
3.0
4.0
13.67
4.67
2.0
-4.67
8.33
-2.0
-2.33
1.33
5.33
-0.33
-2.0
1.0
0.0
-4.0
4.0
-1.0
-1.67
1.33
-2.0
5.0
6.33
13.67
-10.0
2.67
2.33
-0.67
3.33
7.67
5.0
-4.33
1.33
1.67
0.33
10.0
1.33
2.67
10.33
4.67
-2.33
0.0
13.33
-5.33
-1.67
1.33
-1.33
16.33
-2.0
2.0
7.0
3.67
-6.0
3.33
3.67
5.33
8.0
4.67
2.67
6.33
1.0
1.67
-1.0
-1.67
6.67
7.33
-2.33
1.67
5.67
10.0
-1.0
-2.67
-4.67
-3.33
-7.33
4.33
2.0
-1.67
0.33
10.33
1.0
3.67
7.0
0.0
-2.0
8.0
-2.0
2.67
-0.33
0.67
1.33
4.67
0.33
0.33
5.0
-1.0
4.67
-4.33
4.33
2.33
-1.67
6.33
-0.67
4.33
-5.33
-5.33
1.67
10.33
7.33
1.0
-0.67
1.33
-8.33
0.0
3.0
2.67
6.0
2.33
8.67
9.33
11.67
7.0
5.0
1.0
8.33
4.0
0.67
4.0
4.67
5.33
3.33
-4.33
6.33
9.67
-5.67
7.0
1.33
5.0
3.0
11.0
-3.33
6.0
1.67
-1.67
-0.67
8.0
9.33
-2.0
-0.33
-7.0
5.0
3.67
-1.33
5.33
5.33
0.0
6.67
2.67
7.67
1.67
0.67
-5.33
0.33
-2.0
0.67
6.33
6.33
-1.67
2.0
1.67
-3.67
2.67
2.33
2.67
4.33
11.0
-4.0
-7.0
0.33
2.33
-4.0
-4.0
6.67
1.33
7.33
-0.33
6.67
-4.0
1.67
1.0
0.67
0.33
4.67
11.0
0.67
4.33
-1.0
4.33
-0.67
3.0
-1.33
-4.33
-3.67
3.0
6.33
5.67
1.67
6.33
0.33
-0.33
0.33
-1.33
5.33
3.0
2.0
2.67
-0.67
-1.33
1.0
3.67
0.67
1.33
5.67
4.0
-1.67
-2.0
2.0
2.33
-1.0
-8.0
-0.33
3.33
6.0
5.33
3.33
-1.0
3.33
-5.0
-1.33
0.33
9.0
3.33
-3.0
2.33
-4.67
4.33
0.67
-0.67
-0.33
-0.33
5.33
-6.33
-3.0
0.67
-4.0
2.0
3.0
2.67
0.33
-3.67
-0.33
1.67
1.0
1.33
2.67
-2.33
1.33
2.67
1.33
-6.0
