0.0
-9.33
30.67
-51.33
64.33
15.33
-125.33
-15.67
25.33
71.33
-113.67
18.33
3.33
-22.33
14.67
3.67
13.0
-18.33
-0.67
3.33
2.0
-12.33
-30.33
0.33
-4.0
-8.67
-7.33
-4.67
10.0
-2.0
4.67
-2.33
-3.33
-7.33
-7.67
-0.33
-3.33
1.33
-2.67
-0.33
-1.0
1.0
-0.67
0.67
-0.67
2.0
1.33
1.67
0.33
1.0
-1.0
-0.33
-0.33
0.0
1.0
-0.33
0.0
0.0
-0.33
0.0
-0.67
-0.67
0.0
-0.67
0.67
0.67
-0.33
-0.33
-1.0
-0.33
1.0
0.0
0.67
0.33
0.0
0.33
-1.0
-0.67
-0.33
-0.33
0.0
-1.0
1.0
-0.67
0.0
-0.67
-1.33
0.0
0.0
-0.67
0.33
-0.33
0.33
0.67
-1.0
-1.33
-0.33
-1.0
-0.33
-0.33
-1.67
1.0
-0.67
0.67
1.67
-1.33
-1.0
0.67
1.33
2.33
2.0
-1.0
1.33
1.67
1.33
2.33
1.67
1.67
-2.67
1.0
1.67
1.0
-1.67
-0.33
2.33
1.33
0.0
1.0
-3.0
1.33
2.0
-0.67
-1.33
1.0
3.33
-3.0
3.33
-1.0
-7.33
-4.33
1.0
-0.67
-0.67
-1.67
-0.67
-0.67
1.0
-0.67
-2.33
0.67
9.0
12.67
-2.67
8.0
4.67
-7.0
4.33
1.0
-3.33
2.33
-7.33
0.67
4.33
2.33
-2.67
1.33
-2.0
-2.0
3.67
-1.0
-1.33
2.33
1.67
1.33
5.67
7.67
8.33
4.0
-2.0
4.0
-2.0
-0.33
3.0
1.67
2.33
-3.33
-1.0
-6.33
7.67
-1.33
-1.67
-3.33
-2.67
-0.33
-1.0
-0.33
1.67
6.0
-2.33
-3.0
3.33
-5.0
-2.67
2.67
5.33
2.0
-0.67
1.0
2.0
-4.33
-3.67
2.0
0.33
-2.33
6.0
5.67
0.33
4.67
6.67
-3.67
-0.67
8.33
-1.0
6.67
0.67
2.0
-3.33
-5.33
1.0
-2.0
2.0
-1.0
3.67
-3.67
5.33
2.33
1.33
-0.67
1.67
-1.33
1.33
5.33
4.33
-3.33
7.0
1.33
-5.0
-3.0
0.33
-5.67
5.33
2.0
5.33
1.0
5.0
2.33
0.0
4.0
2.0
-2.0
-0.33
8.33
2.33
3.0
1.33
3.67
1.67
1.67
2.67
3.0
-4.33
1.67
1.33
2.67
3.67
0.33
7.33
3.0
3.0
-0.33
7.33
-3.33
4.67
-2.67
7.0
3.0
-1.67
0.0
-2.0
4.33
-0.67
7.33
-0.67
3.67
-0.67
3.33
-2.0
-0.67
0.0
1.33
1.0
3.0
0.0
-5.0
0.33
4.33
1.0
-3.33
9.0
-4.0
0.67
2.67
10.0
-1.0
1.67
0.0
4.33
1.33
7.0
1.67
5.0
1.0
-2.67
-3.0
-0.67
0.33
-2.0
5.0
1.67
4.67
8.33
1.67
-1.33
9.0
1.67
0.33
1.0
-4.0
2.0
1.0
-4.0
4.67
-2.67
-3.67
2.0
4.0
4.67
7.0
6.67
-4.0
-1.67
-1.0
-2.0
2.67
-3.0
0.33
-8.67
4.33
5.33
1.67
-1.0
2.0
-1.33
-0.33
5.33
4.0
1.0
-7.33
0.0
-3.0
3.67
2.0
1.0
4.67
10.67
1.67
-1.33
2.67
0.67
-2.33
0.67
0.67
-0.67
-6.0
-1.33
0.67
2.33
-1.33
3.33
-3.33
-1.0
-6.33
2.33
-3.33
5.33
0.0
0.33
6.33
0.0
0.67
-1.33
-1.33
2.33
2.0
0.0
2.67
2.0
3.33
4.33
-1.67
-4.33
1.67
1.67
-0.67
2.0
3.67
0.0
-2.67
-2.0
0.0
-2.33
0.0
-2.0
0.0
-3.67
0.0
3.33
1.0
-7.67
0.33
1.33
3.0
0.67
2.33
0.0
0.67
-1.67
1.0
7.67
2.67
5.0
7.67
-1.67
-1.67
-2.67
0.33
-3.33
-2.67
-1.33
-4.33
-2.33
1.0
0.67
-7.33
0.67
5.0
-4.0
4.33
-1.33
3.33
-1.33
-6.33
-3.67
-1.33
0.33
6.67
-0.67
-1.0
3.67
6.67
0.33
2.0
0.33
-1.33
-4.67
0.33
0.67
-2.0
0.33
-4.67
1.0
-2.67
-2.33
-1.0
2.33
0.67
0.0
2.0
4.0
1.67
5.0
0.67
-6.33
-4.0
-2.33
-3.0
-2.67
2.0
3.67
3.67
1.33
-2.33
-3.0
-4.0
0.33
0.0
-1.33
-1.67
-2.67
-1.33
-2.33
4.67
1.33
0.0
-0.67
0.33
-4.33
1.0
4.67
-4.0
3.0
3.33
-2.0
-4.0
1.33
-3.33
-1.67
5.67
1.67
-3.0
-2.0
2.67
5.67
0.0
-2.33
1.33
0.67
3.33
0.33
-1.67
3.67
7.67
0.67
2.67
5.0
4.67
-6.0
-2.33
-2.0
3.67
3.0
-1.0
-2.67
0.67
0.33
1.0
1.33
2.33
-1.0
-1.0
1.33
2.67
0.67
4.33
2.0
0.33
2.0
2.67
-1.33
4.0
1.33
-1.0
-1.0
-1.0
0.0
-5.0
1.33
-5.0
-0.33
-1.67
2.0
-3.0
-2.33
0.67
6.33
-1.67
-5.0
-3.67
-1.33
0.33
3.33
0.0
-1.33
5.33
-3.33
-2.0
-0.67
-1.0
-4.0
2.0
1.0
-2.0
5.0
1.67
-1.33
3.0
0.33
1.67
-4.0
0.67
3.67
-5.0
-4.0
0.33
0.67
0.0
0.0
0.67
0.33
0.67
-3.0
0.67
2.33
1.33
-1.0
-4.0
-2.33
-1.33
-3.0
0.0
-3.0
0.33
0.67
1.0
1.0
3.67
-1.0
4.67
-3.33
-1.33
-3.0
0.67
-0.33
1.33
-3.67
4.0
2.0
-6.33
-2.0
-6.67
-2.0
-3.67
3.33
0.33
-1.67
-3.33
-1.0
4.67
-1.0
-3.33
-1.67
5.67
7.67
-5.33
-1.33
6.33
-2.67
-2.0
-0.33
-0.33
-1.67
-1.33
2.33
-0.33
-2.67
-1.67
-2.0
6.0
2.67
0.67
-1.67
0.33
-5.33
-0.33
0.0
-2.67
-5.67
-3.0
-0.67
-3.33
-3.0
-2.0
-7.33
0.0
-2.33
0.33
-0.33
2.67
-1.33
-1.67
2.0
-3.67
0.0
0.0
1.67
-3.67
-1.0
-0.33
-5.67
-6.0
1.67
0.0
1.67
-0.67
-5.0
-4.0
-2.67
0.33
-5.0
2.33
-5.33
-9.0
2.33
3.0
-3.0
-4.33
-1.0
0.0
1.67
-1.67
3.33
-1.0
1.33
-5.0
1.67
0.0
0.33
-3.33
-2.0
-3.33
-0.67
-5.67
-5.33
4.0
-4.0
-1.33
-2.0
-6.33
2.67
-0.67
-3.33
-5.33
-1.33
-6.0
1.0
2.67
5.0
-2.33
-1.67
-3.33
-0.67
-7.0
-4.33
-2.67
5.67
3.33
-4.33
-6.67
2.0
-4.0
-5.67
-6.33
-2.0
-7.33
3.0
2.67
-1.0
-4.33
-1.0
0.33
4.33
-1.67
-1.0
5.0
-2.0
-3.67
-2.67
-3.67
-10.0
1.0
-0.33
-7.67
-0.33
0.0
1.33
-1.33
-6.33
-3.67
-4.0
-1.33
-5.67
-3.0
-0.33
-2.0
-1.33
-7.33
-1.67
-6.0
2.33
-1.0
1.33
0.0
-6.67
1.0
0.67
2.33
-5.67
5.0
-0.33
-2.67
2.33
2.33
-4.0
-1.0
-8.33
3.33
-4.67
-8.33
-3.33
1.33
-4.67
-7.67
-9.33
-1.33
-0.33
-2.33
-8.0
-1.67
6.0
-5.0
0.67
-8.0
-4.0
-3.67
-0.67
-3.0
3.33
2.0
-3.0
2.0
-0.67
-2.33
3.67
-2.33
-4.33
-4.0
-5.33
-0.67
1.33
1.0
-5.67
6.0
-2.0
-7.0
-9.0
-6.33
0.67
2.67
1.0
1.33
-9.67
1.0
-5.33
3.33
-1.67
-3.33
-2.33
-1.33
-4.33
-1.67
-4.33
1.67
1.33
3.67
-1.33
-4.0
0.0
-5.33
-1.0
0.67
2.0
2.0
-2.0
-2.0
2.33
-3.67
1.67
-0.67
1.33
-3.33
-6.33
-4.33
4.0
-0.67
-3.33
-5.0
3.33
0.0
1.67
-3.0
1.0
2.0
1.0
-5.0
-5.33
-0.33
-1.33
-1.67
2.67
1.0
5.33
-3.0
-2.33
4.0
-1.0
-0.67
-1.67
-4.0
5.33
2.0
-3.33
2.67
5.33
2.67
-6.0
0.33
-2.0
2.33
-0.67
-1.33
2.33
9.67
-5.0
1.67
6.0
1.0
3.33
-2.33
-3.33
1.0
0.0
-5.33
2.67
5.67
-1.67
1.67
-1.67
0.0
2.33
0.33
4.0
9.33
5.33
4.33
-2.33
10.33
5.67
2.33
-5.67
-4.0
1.0
-6.0
4.67
0.67
4.67
3.67
8.0
-4.33
-3.33
-3.33
-1.67
0.33
0.0
1.0
-2.67
2.33
-5.67
11.33
-1.67
8.67
3.67
0.67
-1.67
-5.67
-2.67
0.33
1.0
1.33
2.33
5.33
1.0
1.67
-7.0
4.67
1.0
-0.67
1.0
0.0
1.33
14.67
6.33
3.0
6.0
-7.33
3.33
-0.33
5.67
-1.33
6.0
5.67
12.67
4.67
26.33
21.0
12.33
21.67
19.0
23.33
29.67
19.0
27.0
20.67
35.33
28.67
25.0
26.0
25.0
35.33
26.33
34.33
30.67
46.0
39.0
21.33
19.67
30.67
26.67
24.0
13.67
17.0
27.67
3.33
8.0
5.67
2.33
-0.67
1.0
-0.33
7.0
5.67
13.33
5.0
4.33
9.67
7.33
5.67
0.33
8.0
3.67
9.0
8.0
6.0
5.0
0.0
-4.33
0.0
-4.67
1.67
6.33
1.0
4.0
3.67
2.33
12.67
7.33
2.0
4.33
8.67
8.67
12.0
8.67
10.0
11.0
6.0
3.33
7.0
-4.67
10.33
5.67
9.0
10.67
-2.33
6.0
7.33
16.0
1.33
-0.67
0.0
6.33
10.33
8.33
2.33
5.33
5.33
7.0
2.0
5.67
4.0
10.0
-2.0
1.0
1.67
10.67
11.33
10.0
-1.0
2.0
11.0
10.67
11.33
1.33
11.0
6.0
12.33
-2.33
3.33
4.0
7.0
7.67
4.33
2.67
8.33
6.0
-4.33
4.33
6.67
0.33
1.0
-1.67
8.33
5.33
11.67
5.33
8.0
2.67
9.33
12.67
2.67
14.33
10.33
9.0
6.33
3.67
12.33
6.0
9.0
5.67
-1.0
10.0
12.33
3.33
0.67
8.67
8.67
-5.67
15.0
2.67
8.33
8.0
14.0
3.67
-1.0
14.0
0.0
-3.0
10.67
14.67
16.33
8.33
-2.67
8.67
13.67
-7.67
3.67
5.67
-1.33
10.33
2.67
10.33
-2.67
5.33
12.67
1.67
10.67
2.0
6.0
9.33
9.67
11.33
10.0
0.0
10.67
18.0
15.0
3.33
10.67
1.0
5.33
2.67
7.67
3.33
11.33
3.33
7.33
4.33
7.0
10.67
5.33
4.67
3.33
10.67
2.33
12.67
4.0
16.67
6.0
-1.67
8.33
10.67
12.67
10.67
2.0
2.33
7.33
11.33
10.0
23.0
13.0
9.33
14.33
18.67
7.67
11.33
4.0
6.33
11.67
9.33
-4.0
2.33
5.0
-1.33
-2.0
3.67
7.67
7.0
8.33
9.0
-0.33
7.33
14.0
10.33
8.0
5.0
16.67
9.33
11.67
10.0
7.0
20.0
8.0
13.67
10.33
16.0
21.33
9.33
8.33
12.67
2.33
23.33
20.67
21.67
26.0
18.0
15.67
54.0
43.67
52.67
49.67
46.0
87.33
88.33
108.33
117.0
131.33
162.67
157.0
160.67
203.33
200.0
217.33
224.0
253.0
252.0
289.0
294.67
261.0
304.0
247.0
299.0
306.0
259.67
255.67
285.33
263.0
238.33
225.0
208.67
177.0
143.33
125.67
125.33
89.0
91.0
76.67
54.67
60.67
45.67
42.33
32.33
16.67
30.33
33.33
18.33
15.67
1.33
8.33
19.0
1.67
6.0
7.67
13.67
7.0
-3.33
13.0
3.67
19.0
13.33
4.67
7.33
13.33
3.67
6.67
9.33
7.33
24.33
17.33
9.0
16.0
-0.33
11.0
3.33
10.0
6.33
9.67
2.0
17.0
3.0
-5.0
0.0
17.33
0.33
5.33
9.33
5.33
7.67
6.33
1.67
10.0
-2.0
-4.33
23.0
7.33
8.33
14.67
4.0
7.67
10.67
14.67
-4.67
6.0
9.0
15.0
10.33
8.67
9.0
6.33
16.33
4.0
3.33
0.33
9.0
8.67
6.33
5.33
6.33
13.33
-6.33
14.67
12.33
15.33
-1.67
4.67
8.0
1.67
-1.33
7.0
2.0
2.0
-0.33
7.33
-5.0
-7.67
10.67
-3.67
7.0
16.67
8.33
-4.33
8.67
2.0
3.33
14.67
1.0
-3.0
12.0
7.33
1.67
-2.0
6.33
1.33
1.0
5.33
10.0
7.0
8.67
7.0
10.33
5.0
1.0
11.67
-1.67
3.67
3.33
-2.0
4.0
0.0
0.33
10.67
4.33
0.67
6.67
-2.33
3.33
-8.33
0.0
1.0
0.67
9.33
7.67
-0.67
1.67
10.33
17.33
15.67
0.33
-2.0
7.0
2.67
2.0
13.0
-6.67
-3.67
12.0
1.33
8.67
-1.33
5.0
0.67
6.33
-2.67
13.33
8.67
-4.0
4.33
10.0
6.0
8.67
7.0
0.67
10.33
2.33
6.33
3.0
-5.0
13.0
-2.33
-2.67
6.67
-1.0
-5.33
-0.67
-1.33
17.33
-1.0
1.33
2.67
5.0
3.0
2.0
6.0
1.0
10.33
12.67
3.67
-8.0
3.67
4.0
4.33
6.67
-3.33
-7.67
-7.67
7.67
-3.67
-2.67
13.0
1.67
0.67
-5.0
2.0
6.33
5.33
-5.0
-8.0
11.33
-0.67
1.33
4.0
-7.0
-0.33
-6.33
-1.0
-6.67
5.0
0.0
-5.67
13.33
-7.67
5.0
12.33
0.67
5.67
10.33
-3.33
3.67
4.0
-2.33
1.0
12.0
4.0
4.0
7.33
12.0
6.0
4.67
9.0
10.33
7.33
-0.67
9.33
17.67
5.67
12.33
12.0
3.0
6.33
6.0
12.67
4.0
3.33
29.67
16.33
12.33
22.67
9.67
22.0
8.67
-6.67
11.0
17.0
-3.0
15.67
10.67
7.67
11.33
12.33
7.0
5.67
2.33
7.67
3.67
10.33
3.0
5.33
-4.33
7.0
-0.33
2.33
-1.33
3.33
-4.67
7.67
-0.33
6.67
0.67
-1.0
4.33
-3.33
6.33
11.33
0.33
2.0
2.0
-4.0
1.67
3.0
7.67
-4.33
0.33
-0.67
-6.67
-1.67
-5.33
5.67
-5.0
-5.0
10.0
-0.67
7.0
11.67
-2.67
1.67
-0.33
16.33
-9.33
4.33
9.0
0.0
11.0
-4.0
0.0
-5.67
-5.0
2.67
-5.67
0.67
0.0
15.67
-6.0
3.67
-2.0
3.67
7.33
3.33
2.67
2.0
11.0
-1.67
4.33
-0.33
8.67
-10.33
11.0
1.67
-0.33
5.0
2.67
10.0
-4.0
3.33
-3.0
11.33
8.67
2.33
0.33
4.33
-1.0
2.67
2.0
10.0
-5.0
-1.0
-0.67
3.67
3.67
2.0
7.67
-4.33
5.67
-4.33
1.67
1.67
0.0
-7.33
0.33
1.67
11.67
3.33
5.0
7.67
-2.67
3.0
5.67
3.33
7.67
9.67
0.33
18.0
6.67
14.0
5.0
11.33
0.0
8.67
6.67
16.33
4.67
-1.33
7.0
15.0
16.33
14.67
10.33
17.33
11.0
7.67
9.0
3.33
14.33
14.33
4.0
5.67
-1.33
6.33
4.67
14.0
3.67
0.67
2.67
4.33
2.33
1.33
4.33
3.0
1.33
3.0
-2.67
3.0
-4.0
0.0
1.67
11.67
3.0
-1.67
9.33
6.0
3.67
-9.67
-1.67
-3.33
-3.0
1.0
14.0
1.0
4.0
-1.0
5.33
-2.67
7.0
3.0
-4.67
1.67
-3.0
5.67
-4.67
-1.67
-2.67
3.67
5.0
0.67
2.33
0.67
-4.67
5.0
-3.67
3.67
5.33
5.67
-0.33
6.0
-1.67
-2.33
-10.67
-4.67
-0.33
7.33
0.0
7.0
5.0
0.67
-1.0
5.33
-1.33
0.33
6.0
1.67
0.67
11.33
4.0
-4.33
2.0
3.33
10.67
1.33
3.67
-4.33
1.67
12.0
-9.0
3.33
1.33
-3.33
-8.33
7.33
-4.0
5.33
-0.67
-4.67
1.0
0.67
2.0
2.0
1.0
7.0
2.0
1.67
8.67
0.67
1.33
-3.33
-0.67
-3.67
2.0
-6.0
1.67
4.67
5.33
4.33
-5.67
7.33
-4.67
7.33
-3.33
-4.33
9.67
-0.67
-3.67
-10.0
3.33
5.33
5.67
8.0
1.0
-0.33
3.0
4.33
8.67
7.33
4.67
3.0
3.0
-3.0
8.33
7.0
1.67
1.0
4.67
12.33
0.33
-6.33
5.33
8.67
6.33
10.0
2.33
-4.0
7.0
7.0
3.67
8.0
7.67
2.33
6.33
5.0
2.33
-1.0
-1.33
0.0
1.0
2.67
1.67
-1.67
-6.67
-2.0
1.67
-0.33
7.67
0.67
-2.33
2.67
-3.67
5.0
0.67
11.33
0.33
2.33
0.0
-0.33
0.33
2.67
3.33
9.67
-1.67
4.0
-9.0
-3.0
3.33
2.33
-1.0
-7.0
1.67
7.33
-0.67
-1.33
-0.33
0.0
2.67
2.0
10.67
0.33
-2.33
2.0
1.67
-1.67
-3.0
2.33
2.33
6.0
2.67
-4.33
1.33
10.0
-0.67
1.67
2.67
4.33
4.33
-1.33
5.33
-2.33
5.33
7.0
-2.0
-1.33
-1.67
-0.33
-2.0
-2.33
3.67
1.33
2.67
6.0
1.33
-4.0
2.0
1.33
0.0
-2.0
1.67
1.33
-2.0
0.33
0.33
5.0
2.33
-5.0
0.67
-1.67
1.0
3.33
6.0
6.33
0.33
7.33
1.67
-0.67
1.67
2.67
5.33
-1.33
0.0
2.67
2.0
4.0
7.0
-2.33
-2.67
1.33
-0.33
-3.33
8.0
2.33
2.67
-3.33
-1.67
6.67
-0.67
2.0
