0.0
55.67
36.67
55.67
-21.67
-67.67
-76.33
32.33
-41.67
17.33
103.33
24.33
22.33
29.67
-35.33
6.67
49.0
6.67
9.33
16.33
-13.0
-2.33
3.67
22.33
11.0
7.33
7.67
9.33
0.0
6.0
-1.33
11.67
0.67
-2.33
-1.67
0.67
-0.33
-1.67
-1.67
-1.33
0.0
1.0
-0.67
1.67
1.33
0.0
0.33
0.67
2.33
1.0
-1.0
-0.33
-0.33
0.0
1.0
0.67
0.0
0.0
-0.33
2.0
-0.67
0.33
0.0
-0.67
-0.33
-1.33
-0.33
-0.33
-1.0
-0.33
1.0
1.0
0.67
0.33
0.0
-0.67
-1.0
0.33
-0.33
0.67
3.0
0.0
2.0
0.33
0.0
-0.67
0.67
0.0
-1.0
0.33
-0.67
-0.33
0.33
-0.33
0.0
-2.33
0.67
4.0
-1.33
-1.33
-1.67
1.0
-1.67
-0.33
1.67
-0.33
-2.0
-1.33
-0.67
0.33
0.0
1.0
-0.67
-2.33
-0.67
1.33
-0.33
3.67
-4.67
1.0
1.67
-2.0
1.33
-0.33
3.33
0.33
1.0
0.0
0.0
5.33
2.0
0.33
2.67
-1.0
4.33
-2.0
-0.67
4.0
6.67
0.67
-1.0
3.33
5.33
8.33
-0.67
3.33
6.0
6.33
6.67
0.67
5.0
8.67
-0.67
3.0
9.67
-6.0
5.33
9.0
-0.33
8.33
-6.33
3.67
1.33
2.33
3.33
2.33
2.0
8.0
0.67
1.0
1.67
0.33
-1.33
-3.67
3.67
1.67
10.33
0.0
4.0
2.0
-3.0
1.67
2.0
0.67
7.33
-4.33
6.0
11.67
4.67
-1.33
1.33
0.67
2.33
8.67
-2.0
-2.33
3.67
6.0
5.67
-2.0
1.33
3.0
0.33
2.67
10.33
3.0
-1.67
7.0
4.0
-0.33
1.33
12.0
8.33
2.67
5.0
5.67
2.33
5.67
3.67
0.33
4.33
5.33
10.0
-0.33
0.67
-2.0
5.67
5.67
2.0
10.0
-1.0
-7.0
2.67
9.33
6.33
-2.67
-0.67
3.33
0.67
-4.33
4.33
7.33
-5.67
3.67
17.0
3.33
-1.0
0.0
-3.67
1.33
-0.67
13.0
10.33
4.0
5.0
8.33
-6.0
1.0
3.0
8.0
-3.33
9.33
5.33
1.0
0.33
4.67
-3.33
0.67
0.67
-1.0
-4.33
1.67
2.33
-0.33
-3.33
0.33
6.33
4.0
4.0
2.67
0.33
-2.33
0.67
5.33
1.0
2.0
2.33
6.0
2.0
-1.67
-3.67
1.33
-3.67
1.67
7.33
7.33
1.0
0.33
2.0
-0.67
-4.0
3.0
12.0
5.0
8.33
1.33
0.0
5.67
6.0
12.0
6.67
5.67
3.0
7.0
4.67
-2.0
-0.67
4.33
11.0
2.67
10.0
6.0
-3.67
8.0
4.33
4.33
4.0
-2.0
5.67
-2.33
3.33
3.67
1.67
8.0
5.67
-1.67
3.0
3.0
9.0
5.0
8.0
1.67
1.33
1.33
11.0
5.0
2.67
4.0
8.67
6.0
-0.67
-1.0
-1.0
3.67
5.0
9.33
5.33
-4.67
2.33
1.67
3.0
-2.0
4.67
7.67
4.33
-1.0
9.0
-3.33
5.0
4.0
1.67
6.0
0.0
1.67
-0.33
-3.33
2.67
-3.33
0.67
6.67
0.67
4.67
8.33
-1.0
-2.33
6.67
4.33
6.67
4.33
-0.33
5.0
-1.33
-0.67
1.67
1.33
4.0
3.33
1.33
4.0
7.67
-3.33
3.67
-1.67
10.0
8.0
3.67
3.0
7.33
-1.67
4.33
6.67
5.67
2.67
1.33
-3.0
2.67
3.0
0.33
3.0
1.0
-0.33
5.0
0.0
-2.0
5.33
3.0
6.33
6.0
-1.67
1.33
4.33
4.0
2.67
-0.67
1.0
-0.33
7.33
-1.0
3.67
1.67
1.0
-0.33
0.33
-2.67
9.33
0.33
-3.33
-0.67
-3.33
-3.33
-4.33
2.0
4.67
0.67
0.67
8.0
2.0
-0.67
-0.33
1.33
4.67
5.67
0.33
1.67
3.33
3.67
4.33
-1.0
7.67
4.67
-1.67
2.0
0.33
-1.33
-1.67
2.33
-0.33
5.0
3.33
2.33
3.0
1.33
5.67
6.0
0.33
1.67
-6.0
-3.0
3.0
0.67
-1.0
4.67
-0.33
-5.0
2.67
2.0
-2.67
2.0
-1.33
-1.33
4.33
0.67
-5.0
-2.0
2.33
2.0
0.67
-2.67
2.33
0.67
1.67
5.67
1.33
0.0
3.33
9.33
-3.33
1.0
3.67
-6.0
6.0
2.33
2.0
2.0
2.33
3.67
0.33
-2.33
3.67
-1.0
3.0
1.67
0.67
-4.0
0.67
-2.67
-0.33
2.33
3.33
3.33
-0.33
1.67
0.67
6.67
-1.0
2.67
1.0
3.67
-1.0
0.67
4.0
2.0
3.33
2.67
0.33
1.0
1.33
4.33
1.0
2.0
-2.67
-1.33
5.67
3.33
3.0
-1.67
-2.0
0.67
3.67
0.0
3.33
0.0
0.0
3.0
-3.0
3.0
1.33
-6.0
0.67
-3.67
3.0
-4.0
-1.33
1.67
2.33
6.33
-2.0
3.33
-2.33
-0.67
-0.67
6.0
-0.33
9.33
1.67
0.0
-0.67
3.0
-2.0
0.0
-1.0
-4.0
3.0
-0.33
3.67
2.0
0.33
4.67
2.0
3.67
2.67
-3.0
-2.0
-4.67
-0.33
-2.0
-1.0
-2.33
1.33
0.67
2.0
-1.33
-3.67
3.33
1.0
-1.0
2.67
3.67
-1.0
4.0
6.0
3.33
4.67
1.0
4.0
0.67
-2.0
3.67
0.67
3.67
-2.0
-3.33
-0.33
0.33
-1.67
0.0
3.0
-2.33
-1.0
2.33
-1.0
-1.67
3.33
-2.67
5.33
-3.33
-6.0
-3.33
-1.0
-5.33
3.33
6.67
2.67
-4.33
-1.33
-1.67
-3.67
1.0
6.67
-5.33
-2.67
9.67
1.33
-4.33
-4.67
-4.67
-2.0
-3.0
0.67
-1.33
1.33
-2.67
-2.33
-4.33
-1.0
-6.67
-1.67
1.0
-0.67
3.67
3.0
-3.0
-5.33
6.0
-4.33
-3.67
-2.33
3.67
-0.33
-1.67
0.0
-5.67
-5.0
0.0
-1.33
-4.67
4.0
2.67
-2.67
-6.0
-1.33
3.0
0.67
5.33
-1.0
-3.0
-5.67
-2.67
-2.0
-1.67
-2.33
-6.0
-3.67
-4.0
-4.0
-7.33
-2.0
-2.0
-3.33
4.33
-2.67
-1.0
0.33
-1.0
2.67
1.0
0.33
-2.33
-3.0
-0.33
-2.67
-5.67
-3.33
0.0
-4.0
-4.33
2.0
-5.33
-5.33
0.33
-3.33
-3.33
2.67
-6.0
2.0
1.67
-4.0
1.67
-1.67
-2.33
-5.67
-7.0
-5.33
-1.67
3.67
2.33
-4.33
-5.67
5.0
-7.0
0.33
-6.33
-1.0
-6.33
-3.0
0.67
-7.0
-3.33
-3.0
-4.67
1.33
-2.67
-3.0
-2.0
-3.0
-3.67
-5.67
-3.67
3.0
4.0
1.67
-4.67
0.67
2.0
3.33
3.67
3.67
-4.67
0.0
1.67
-3.67
3.0
3.67
9.0
8.67
11.67
19.33
20.0
14.33
4.0
18.33
24.0
15.33
8.0
20.67
11.33
22.33
13.0
15.67
9.33
16.33
11.33
6.0
10.0
1.67
14.33
-0.67
-4.33
1.67
6.33
4.33
-3.67
-8.33
-2.33
-0.33
2.67
-2.0
0.33
-1.0
2.0
0.67
-5.0
-4.0
-4.67
-2.67
1.0
7.33
-2.0
-3.0
2.0
-0.67
-1.33
2.67
3.67
4.67
0.0
-6.33
-0.67
-7.67
-1.0
-2.67
1.0
3.0
-5.0
2.0
-5.33
-4.33
0.67
8.0
2.33
-2.67
-2.0
-8.33
-1.67
-0.67
-3.33
-5.33
-0.33
-7.33
-3.67
0.67
1.67
0.33
1.67
-8.33
-9.0
-1.0
-5.33
-4.0
-7.33
-2.0
12.0
-4.0
-7.0
0.33
-0.67
1.67
4.33
6.33
-0.33
-6.33
0.67
-6.0
-4.67
-2.33
0.0
6.33
4.0
4.67
2.0
0.0
3.0
-6.0
3.0
7.67
-0.33
-10.33
2.33
-1.33
-7.0
-1.67
-5.0
9.67
-5.0
-2.0
-2.67
-3.67
-2.0
2.33
-1.0
5.67
11.67
-6.67
3.67
0.0
-2.67
-4.0
-5.67
-4.67
0.67
3.33
1.67
2.0
0.67
-5.0
-4.0
-2.67
-9.33
6.67
5.0
-2.0
-2.33
-0.33
10.67
-0.67
-2.33
-1.67
-1.0
-0.67
-4.67
-8.0
-2.67
-1.67
-8.67
2.67
-0.67
0.67
-8.67
-2.67
-7.0
1.0
1.0
3.67
-5.33
1.67
2.67
-2.0
-9.33
-2.33
-9.33
-2.67
0.33
4.0
4.0
-0.67
1.33
-8.67
9.33
-3.67
2.67
-2.33
-0.33
-6.67
-4.67
2.33
-7.67
-4.0
3.33
-1.67
3.33
3.0
8.67
-9.0
6.67
-1.0
-6.67
-5.0
4.0
4.33
6.67
-0.67
1.0
-2.0
1.67
1.33
-0.33
-2.33
6.67
3.0
1.67
5.67
5.67
5.33
5.0
5.33
5.67
7.0
2.33
3.67
9.0
7.0
5.67
14.33
13.67
19.0
23.0
17.0
18.33
7.33
16.33
10.67
7.0
7.0
10.33
10.67
19.67
5.67
8.0
14.67
14.0
3.67
13.33
3.0
8.67
2.33
4.33
5.0
0.67
6.0
0.67
4.33
7.0
11.33
8.67
11.33
3.67
4.33
2.0
0.67
6.0
6.0
0.0
4.0
8.0
-4.33
6.0
-2.67
0.67
2.33
4.0
7.0
4.67
2.33
3.67
19.33
3.0
-2.67
8.67
7.67
1.0
9.67
0.0
10.0
10.0
6.33
11.0
-2.67
9.33
12.67
11.0
6.67
5.67
-2.0
2.33
12.0
-1.67
4.33
4.0
10.33
6.33
3.33
0.33
8.33
4.33
11.0
6.0
5.67
7.0
4.0
9.0
10.0
-0.33
6.67
5.33
9.0
1.0
10.0
8.0
7.67
-1.67
-2.67
4.0
7.0
6.33
5.67
4.33
4.0
12.0
17.67
0.33
8.67
-9.67
0.0
12.67
-1.67
5.67
12.33
5.0
10.33
4.33
18.33
24.67
5.33
16.0
12.67
16.33
4.67
-1.33
6.33
9.33
4.0
7.33
8.67
13.33
-3.0
5.0
8.67
6.0
8.0
-0.67
8.33
9.67
-2.33
9.67
14.33
3.0
1.67
1.33
18.0
5.0
2.67
8.0
11.0
1.0
5.0
6.67
25.67
3.33
12.33
1.33
-0.33
11.67
1.33
3.67
1.67
10.67
1.33
-1.33
11.33
6.33
5.33
7.67
5.67
3.67
6.0
3.0
7.33
5.67
1.33
21.0
-4.0
11.67
8.0
15.0
11.33
6.67
4.0
7.33
23.67
2.67
10.33
3.33
11.33
9.33
6.33
2.0
14.67
6.33
-1.33
7.33
10.67
10.33
8.67
7.0
7.67
7.0
1.33
10.33
9.67
10.67
4.67
9.0
20.33
11.33
9.33
8.0
14.0
12.0
8.33
16.33
1.67
16.67
1.33
1.0
-2.67
2.67
3.33
6.0
14.33
3.0
-1.33
15.0
1.67
6.67
0.0
9.33
11.0
5.67
6.33
16.0
16.33
11.0
6.0
23.67
12.33
8.67
11.0
20.0
12.0
27.0
21.67
25.33
12.0
14.33
20.33
9.33
27.67
15.33
17.33
11.67
8.67
28.0
19.0
12.67
18.0
18.67
16.67
25.67
24.0
24.33
54.33
43.33
47.0
47.33
51.67
42.0
77.67
64.33
64.0
75.33
91.0
85.0
86.0
97.0
93.67
83.0
98.0
107.0
104.0
104.0
99.67
77.67
63.33
91.0
85.33
87.0
85.67
46.0
61.33
38.67
38.33
39.0
37.0
43.67
16.67
19.67
10.67
9.33
28.33
19.67
14.33
10.33
12.33
13.67
16.33
-2.67
27.0
11.67
21.0
-5.33
14.67
2.0
6.67
5.0
7.67
4.0
19.33
12.67
-0.67
9.33
5.67
10.67
8.33
4.33
19.33
6.33
-6.0
5.0
17.67
11.0
13.33
2.0
1.33
6.67
7.0
6.0
12.0
-6.0
12.0
3.33
12.33
5.33
8.33
10.33
11.67
10.33
20.67
7.0
10.0
18.67
10.0
8.33
9.33
6.67
5.0
-1.33
0.67
4.67
4.33
10.0
15.0
21.0
6.33
6.67
12.0
5.33
9.33
21.0
0.33
2.33
16.0
5.67
6.33
-2.67
11.33
9.33
0.67
1.67
14.33
10.33
11.33
8.67
7.0
3.67
12.67
4.0
5.0
25.0
0.67
21.33
20.0
19.33
5.67
10.33
13.0
9.67
-0.67
11.67
12.67
6.0
4.33
9.67
13.0
17.0
6.0
8.33
3.67
11.0
14.33
18.33
6.0
3.33
16.0
8.0
15.67
3.0
8.33
16.0
3.0
9.67
1.33
6.67
9.33
5.0
9.0
7.0
24.33
10.67
12.33
18.67
5.67
1.67
17.33
17.67
4.0
9.0
11.67
13.33
7.67
1.33
13.67
7.33
8.33
10.67
6.33
6.0
21.0
-0.33
14.0
11.0
7.33
5.33
6.0
14.33
14.67
20.67
20.0
7.67
15.33
1.33
23.33
13.67
9.0
6.33
23.0
12.0
21.67
11.0
15.67
20.33
10.33
23.33
27.0
13.0
46.0
18.67
27.33
34.67
30.0
29.67
25.33
17.67
28.33
25.0
25.33
13.67
43.0
36.0
21.0
19.0
16.0
19.33
22.67
33.67
19.0
11.67
19.0
17.33
11.67
18.67
6.33
20.33
12.67
4.33
7.33
11.0
2.67
1.67
-2.0
18.0
7.33
8.33
9.0
7.0
5.33
11.33
8.33
19.0
12.0
6.67
4.67
-6.0
6.33
14.0
10.0
12.33
10.33
1.33
19.0
1.33
12.67
8.67
-1.67
7.67
3.67
12.0
5.67
5.0
2.0
0.0
8.0
4.33
4.0
11.0
5.67
8.0
7.33
-1.67
1.33
-5.67
9.67
5.67
10.33
12.0
8.0
-7.67
3.0
-4.33
14.0
13.33
6.67
-1.67
-0.67
14.67
13.67
14.0
3.67
-4.67
6.0
5.0
5.0
-1.33
20.67
5.67
11.33
-0.67
9.0
5.67
1.33
-8.33
7.67
0.33
3.0
9.33
4.67
2.0
6.67
-4.67
1.67
-2.67
-7.67
13.67
13.67
4.67
2.67
13.0
4.33
-2.33
1.33
2.33
6.33
8.0
9.0
-4.0
6.67
2.0
-3.33
6.67
2.33
5.33
1.33
3.33
-2.33
2.67
9.0
11.0
0.0
-7.67
2.0
9.67
6.33
-1.33
5.67
2.33
4.67
5.33
10.0
13.0
12.0
8.0
4.0
10.33
4.0
-1.33
0.33
2.67
-6.0
15.67
3.0
-4.33
-6.0
7.67
1.33
3.33
3.67
8.0
5.0
-3.67
-7.67
-1.33
9.67
7.67
0.0
8.67
0.67
3.0
-2.33
9.0
7.0
0.33
-1.0
6.33
14.67
-5.67
8.33
3.33
13.0
-1.33
2.0
3.0
-9.0
-2.0
5.33
6.67
10.67
8.0
-1.33
-2.33
7.67
-0.33
9.67
9.67
-4.0
-3.33
-0.67
10.67
7.67
4.33
10.0
2.67
6.33
10.0
-2.33
5.33
9.67
3.67
4.33
7.0
0.67
3.0
-1.0
13.33
1.0
-2.33
-0.33
-4.67
5.67
-2.33
-6.0
3.0
11.33
-0.33
10.33
7.33
4.0
4.67
11.0
2.33
-0.67
12.33
3.0
15.67
-2.33
-3.67
6.67
6.0
4.67
-2.33
5.67
4.33
1.33
0.33
6.33
2.0
-0.67
8.0
5.33
-9.0
1.0
4.0
2.67
4.67
-1.0
-2.67
13.33
1.0
4.67
3.33
1.33
5.67
-4.0
6.0
-1.0
-3.0
14.0
-5.0
-3.67
4.33
-2.0
7.0
-1.67
1.67
-6.0
6.67
1.33
-6.67
-0.67
4.67
16.0
4.67
8.33
4.67
5.33
11.0
5.33
0.67
4.33
-2.33
8.67
3.0
-2.67
-8.33
-6.67
2.33
1.67
2.33
6.0
5.0
8.0
4.67
3.0
4.33
9.67
4.33
2.0
0.67
-4.33
2.33
7.0
-0.33
-6.0
1.33
0.67
9.33
5.67
-1.33
-0.33
10.0
1.0
6.33
1.33
-3.33
-5.33
10.33
2.0
9.33
8.33
-1.67
4.0
11.67
0.0
6.0
3.0
9.0
1.0
8.67
-3.33
-1.33
0.33
1.67
3.33
1.33
0.0
6.0
-5.33
-1.33
4.33
2.33
1.33
10.33
4.33
3.33
6.67
3.67
5.67
2.33
3.33
-3.0
-0.67
3.33
-1.33
5.0
8.0
-3.33
5.0
6.33
7.67
6.33
-4.33
7.0
8.0
3.0
6.33
11.0
9.67
6.0
-3.33
10.33
0.33
-4.33
-0.67
-0.33
5.33
4.0
1.33
4.0
0.0
8.0
2.67
4.0
1.67
3.33
-0.67
6.0
-4.67
4.0
3.67
1.0
3.0
-2.33
5.67
0.33
-3.67
6.0
3.67
5.67
10.67
1.67
-2.33
-0.33
0.33
2.0
-0.33
9.33
-1.67
-0.67
10.0
7.67
-3.67
-0.33
2.33
-2.33
-1.67
6.0
4.0
-3.0
1.33
2.33
5.0
1.0
7.67
2.33
2.33
-6.33
-2.33
5.0
6.67
-8.0
4.67
0.33
0.67
5.0
0.67
-2.67
3.0
6.33
3.33
2.0
6.67
-1.33
8.33
5.0
2.33
-2.33
5.67
3.33
-1.67
-0.33
2.33
1.67
7.33
-2.0
-1.0
0.67
-0.67
2.67
7.0
3.67
2.67
0.33
8.67
5.0
6.33
0.0
2.0
1.33
-2.0
-6.0
0.67
9.33
-2.0
2.33
1.33
1.0
3.33
-4.0
6.67
0.33
0.0
3.33
2.0
1.33
5.33
-0.67
-2.33
-4.67
0.67
2.67
6.33
-2.33
0.0
3.67
0.0
9.0
1.0
-0.33
-0.67
-3.67
-1.33
0.67
0.0
1.33
-0.33
0.67
6.33
-0.33
5.33
0.0
