0.0
-58.33
60.67
75.67
6.33
19.33
-72.33
6.33
58.33
14.33
-17.67
143.33
65.33
7.67
63.67
-0.33
29.0
24.67
-16.67
-11.67
32.0
23.67
28.67
20.33
8.0
0.33
0.67
12.33
5.0
4.0
-4.33
5.67
0.67
-5.33
-1.67
1.67
2.67
3.33
1.33
-1.33
-1.0
2.0
0.33
-1.33
0.33
0.0
-0.67
-0.33
0.33
0.0
1.0
-0.33
0.67
0.0
2.0
-0.33
0.0
0.0
-0.33
1.0
-0.67
-0.67
0.0
-0.67
-0.33
-1.33
-0.33
0.67
-1.0
-0.33
0.0
0.0
-0.33
-0.67
2.0
0.33
0.0
-0.67
-0.33
-0.33
2.0
-1.0
0.0
-0.67
-1.0
-0.67
-0.33
1.0
0.0
-0.67
-0.67
-1.33
0.33
-0.33
0.0
-2.33
2.67
0.0
0.67
1.67
0.33
0.0
-1.67
2.67
2.67
0.67
2.0
1.67
-1.67
3.33
-1.0
-1.0
0.33
2.67
-1.67
2.33
0.67
-0.33
-2.67
0.0
-0.33
1.0
-1.67
-1.33
3.33
-1.67
4.0
6.0
2.0
3.33
2.0
3.33
3.67
9.0
-0.67
-2.0
-2.67
3.0
5.67
1.67
3.0
1.33
2.33
5.33
-1.67
-4.67
8.0
-5.67
-0.33
2.67
1.0
2.67
4.33
5.0
1.67
1.0
1.33
5.0
-1.33
-2.67
-1.33
6.67
3.33
5.33
-3.67
2.33
0.0
4.0
13.67
2.0
6.67
5.33
10.67
4.33
3.67
0.67
8.33
7.0
5.0
0.0
4.0
3.67
1.0
-2.33
2.33
1.67
0.0
-2.33
0.67
4.67
3.33
4.67
7.33
10.67
9.0
3.67
3.67
6.0
-0.33
-2.0
3.33
-2.0
5.33
8.67
0.33
2.0
2.33
2.0
0.0
-1.33
6.33
2.0
-0.67
5.67
6.0
1.67
10.33
2.67
-0.33
-2.67
1.33
3.33
1.0
2.67
4.67
2.0
5.67
7.67
-2.0
6.0
0.0
-2.0
2.67
2.33
1.33
4.33
1.33
4.33
4.67
1.67
1.33
6.33
4.33
2.67
11.0
3.33
3.0
1.0
-1.67
2.33
4.33
8.0
11.33
1.0
7.0
7.33
-5.0
0.0
8.0
2.0
2.67
4.33
3.33
6.0
9.33
11.67
-6.33
1.67
-1.33
4.0
-0.33
-4.33
3.33
-3.33
1.67
2.33
7.33
3.0
4.0
8.67
3.33
-4.33
-2.33
2.33
4.0
-2.0
3.33
2.0
-2.0
5.33
0.33
10.33
8.33
1.67
6.33
7.33
-2.0
12.33
6.0
6.33
-1.0
-2.0
2.0
0.0
4.33
8.33
4.0
5.67
3.0
2.0
3.67
8.67
5.0
-1.0
0.67
8.0
6.33
-1.67
10.0
-1.33
9.0
-1.0
2.33
4.0
2.33
7.33
7.0
2.0
-1.33
4.67
1.33
-0.33
7.67
6.0
0.67
4.33
-2.0
8.0
1.0
11.0
-1.0
7.67
-0.67
5.33
-3.0
6.0
-4.33
0.0
8.67
1.0
-3.67
-5.0
5.0
-2.33
-1.0
3.33
1.33
11.33
1.33
2.67
4.0
-3.0
9.67
1.67
7.33
4.0
1.0
-4.33
0.0
-2.0
3.67
9.0
-2.0
7.67
6.67
3.67
-1.33
-4.33
7.67
9.67
10.67
2.67
4.33
-2.0
1.67
2.67
5.33
7.67
-0.67
0.67
9.0
-4.33
1.33
1.67
-1.67
0.0
1.33
-0.67
2.0
12.67
-0.33
6.67
2.33
1.0
-1.0
4.67
3.0
7.33
3.33
4.33
-0.33
4.67
1.67
6.33
4.0
-2.33
-1.0
0.33
4.0
1.0
6.67
2.0
-3.0
-2.0
1.33
-1.0
4.33
3.0
-2.67
-2.67
0.33
4.0
2.67
-0.67
1.0
-3.33
3.33
3.0
1.67
4.67
3.0
-1.33
0.33
0.33
6.33
-1.67
-7.33
-1.67
-2.33
-0.33
-0.33
6.0
2.67
0.67
2.67
3.0
2.0
3.33
-3.33
-1.67
2.67
3.67
3.33
3.67
6.33
2.67
6.33
5.0
1.67
5.67
4.33
0.0
6.33
-1.33
2.33
0.33
2.67
3.0
1.33
0.33
3.0
4.33
4.67
2.0
4.33
6.67
-3.0
6.0
-1.0
1.67
1.0
2.67
-2.33
-5.0
-1.33
2.0
0.33
1.0
6.67
3.67
6.33
-2.33
-6.0
-1.0
-0.67
1.0
-3.33
0.33
-6.67
0.67
4.67
-3.33
3.33
2.0
2.33
1.33
-0.33
4.0
-1.33
5.0
1.0
-2.67
-2.0
-4.0
-4.67
0.67
1.33
-1.33
4.67
0.0
3.0
0.67
0.67
-4.0
-2.33
3.33
-1.33
-0.67
0.33
2.33
5.67
1.67
-3.33
1.67
0.0
2.67
-4.0
-0.33
-4.0
4.67
2.0
3.0
3.33
3.67
0.33
3.0
1.33
1.33
6.0
0.0
0.33
0.67
3.67
-2.67
-2.0
-0.67
2.0
0.67
1.67
-2.0
6.33
0.0
2.0
0.0
3.0
1.0
1.33
-3.0
-1.33
3.33
4.0
-1.0
0.67
2.67
2.33
3.33
-2.0
0.33
0.67
5.33
3.33
2.0
-2.33
1.33
-0.33
8.0
-1.67
1.0
0.0
3.0
4.0
-4.0
5.0
-1.33
-2.33
3.0
-1.67
0.67
2.0
3.67
-0.33
-2.0
1.0
2.33
-2.33
1.0
1.0
-0.33
4.33
-2.33
3.0
-2.33
3.33
3.33
-1.0
-4.0
0.67
2.67
3.0
0.0
3.0
1.33
4.67
3.0
5.0
-1.33
1.0
2.67
5.67
-3.33
-3.0
7.67
2.67
2.33
2.33
4.0
4.0
-1.33
-2.0
-3.67
-1.0
-0.67
1.33
-2.67
-2.67
-6.33
0.0
-2.33
-1.0
-2.33
-3.67
3.67
1.67
-0.33
2.67
-1.67
-1.67
-1.0
1.67
-2.33
-0.67
-1.33
4.33
-0.33
-2.67
-1.67
1.0
-2.0
5.67
-0.33
5.33
0.33
-5.33
-2.33
-7.0
-1.67
-7.67
-3.0
-1.67
2.67
-1.0
1.0
-3.33
1.0
-7.33
3.33
1.67
0.67
-1.33
4.33
-1.0
-3.67
0.0
5.0
7.67
-1.67
-2.0
3.67
1.33
0.0
-0.33
-2.0
-4.33
8.33
-2.0
-1.0
1.33
2.33
-2.0
-4.67
-0.33
-7.0
-0.67
-3.0
-2.0
-2.33
-2.0
-3.0
-7.33
-4.67
-0.67
1.0
-3.67
-2.0
1.67
9.0
4.33
-3.33
3.0
-0.33
-3.67
-0.67
-5.33
-1.0
-6.0
-2.33
-1.0
-0.33
-0.33
-1.67
-3.33
-4.33
-0.33
0.0
-4.0
2.67
-4.0
3.67
-1.67
-5.33
-0.67
0.0
-5.33
0.33
-1.33
2.33
-6.33
-7.67
2.0
-4.0
-3.67
-6.33
-3.0
-9.33
1.0
1.67
-1.0
2.67
1.0
2.33
4.33
3.33
5.0
3.0
-6.0
-2.67
-2.67
2.33
-3.0
2.0
2.67
-8.67
0.67
2.0
0.33
-2.33
-0.33
-4.67
0.0
7.67
9.33
10.0
7.67
3.0
11.67
11.67
11.33
3.0
19.33
13.0
21.33
16.0
15.33
16.0
23.67
11.33
14.33
19.0
15.67
15.33
2.33
9.33
14.0
12.0
7.67
10.33
1.33
0.67
-0.33
1.33
6.33
-3.67
-6.33
-2.33
2.67
1.67
-3.0
2.33
2.0
9.0
2.67
-9.0
-1.0
0.33
3.33
-3.0
4.33
-4.0
-1.0
-1.0
-2.67
0.67
0.67
1.67
-3.33
-2.0
-0.33
-4.67
-6.67
-5.0
-1.67
9.0
-4.0
-4.0
-3.0
-3.33
-0.33
-2.33
0.0
2.33
-4.67
-7.0
-6.33
4.33
-2.67
-6.33
-2.33
-0.33
-3.33
1.33
-2.33
1.67
-3.67
0.67
3.67
-5.0
5.0
-0.33
-1.0
-3.33
4.0
4.0
0.0
-1.0
1.33
6.33
-4.33
-2.67
2.33
3.67
4.67
0.67
-5.0
-9.67
2.67
-1.0
-0.67
3.0
0.67
3.0
5.0
-1.0
-6.0
3.0
-2.33
3.67
-6.33
-7.67
-3.33
-3.0
0.33
-3.0
-7.33
3.0
2.0
7.33
-4.67
-5.0
12.33
10.0
-5.33
5.67
-4.67
-6.33
-4.0
2.33
-1.0
1.33
0.33
-7.33
4.33
0.67
-2.0
-2.33
4.0
3.0
-0.67
-11.33
9.67
1.0
0.0
3.67
-5.33
-1.33
-6.67
-5.33
-4.67
2.0
-5.67
2.33
1.0
1.33
-1.67
-9.67
-3.33
-7.67
0.67
-3.67
-3.67
-3.0
0.0
-5.0
-3.33
-3.33
9.67
-2.33
2.0
-1.33
-0.33
-0.33
-3.67
-4.67
-1.0
1.0
2.33
-1.67
-1.67
-2.67
-4.67
3.67
-0.33
3.67
4.33
-2.67
1.33
-4.67
-2.0
5.33
-5.67
0.33
5.0
2.67
0.0
2.67
-2.0
2.33
0.0
-1.0
-0.67
-0.33
-1.67
6.0
1.0
-4.33
3.33
-0.33
2.67
4.67
9.0
6.67
3.67
10.67
9.33
8.0
5.33
4.67
17.0
11.33
6.67
5.0
14.0
10.67
6.33
12.67
7.0
11.0
7.0
27.33
3.33
18.33
13.67
16.0
13.0
5.33
12.67
15.67
17.67
9.0
6.67
3.0
14.67
7.33
-1.0
-1.33
11.33
-0.67
1.0
12.67
2.0
7.67
5.33
6.0
9.33
-2.33
3.33
10.67
6.33
0.0
1.67
2.0
4.0
4.0
2.0
10.0
-2.33
1.0
-0.67
6.67
4.33
1.0
8.0
5.67
7.33
-0.33
14.33
0.0
3.33
12.67
13.67
14.0
0.67
4.0
8.0
8.0
6.33
8.0
1.33
2.33
7.67
8.0
4.67
6.67
2.0
8.33
11.0
2.33
8.33
0.0
3.33
3.33
3.33
3.33
-1.67
-0.67
13.0
4.0
3.67
3.0
-1.0
11.0
-2.0
0.67
5.67
11.33
4.0
-3.0
6.0
14.0
4.67
2.33
2.33
10.0
6.0
3.33
9.67
6.33
-1.0
14.0
10.67
0.33
11.67
-0.67
5.0
15.67
-0.67
6.67
11.33
3.0
5.33
21.33
26.33
11.67
4.33
11.0
17.67
11.33
14.67
9.67
14.33
6.33
11.0
10.33
9.67
11.33
6.0
4.0
3.67
7.0
26.0
7.33
4.33
4.67
12.67
14.67
-0.67
8.0
6.67
10.33
16.0
16.0
27.67
8.0
-3.0
15.0
7.0
29.67
14.67
6.33
10.33
-0.67
-7.33
18.67
2.33
2.67
8.67
5.67
11.33
0.67
4.33
10.33
9.33
2.67
1.67
15.67
15.0
12.0
14.33
9.67
4.33
8.0
5.0
11.67
5.0
15.0
-1.67
8.67
16.0
4.33
9.67
11.67
2.33
9.33
7.33
8.33
-1.67
13.0
6.67
17.33
6.67
1.33
14.67
-4.67
6.67
5.0
9.67
4.0
-2.67
7.33
8.67
9.67
6.67
4.0
12.33
6.33
0.33
12.0
13.0
1.0
6.33
14.33
6.67
14.67
7.33
9.0
6.33
3.67
11.33
3.0
9.33
10.0
2.67
15.0
10.67
0.67
12.0
15.33
13.0
9.67
3.33
11.0
14.33
4.0
22.0
22.67
14.33
8.67
12.0
17.0
21.0
25.0
16.67
26.33
17.0
11.33
14.33
12.33
16.67
4.33
31.33
23.67
12.67
15.0
16.0
11.67
21.0
31.67
32.67
29.67
33.0
24.33
29.33
55.33
41.0
43.33
63.67
54.0
58.67
70.33
82.0
67.33
75.0
85.0
106.0
100.0
79.67
104.0
114.0
114.0
86.0
101.0
91.67
81.67
64.33
95.0
70.33
67.0
57.67
57.0
46.33
51.67
31.33
36.0
35.0
27.67
20.67
34.67
19.67
9.33
13.33
3.67
17.33
12.33
13.33
4.67
15.33
17.33
18.0
8.67
8.0
0.67
14.67
2.0
14.67
2.0
3.67
16.0
12.33
4.67
9.33
20.33
-4.33
8.67
-0.67
17.33
15.33
7.33
10.0
13.0
11.67
7.0
8.33
23.0
10.33
9.67
3.0
22.0
7.0
8.0
2.0
14.33
9.33
17.33
4.33
16.33
3.67
15.33
11.67
4.0
12.0
11.67
3.0
2.33
10.33
4.67
10.0
-0.33
7.67
18.67
-1.67
7.0
2.0
14.0
4.33
19.67
13.0
-3.67
-3.67
6.0
13.33
6.33
10.0
10.67
11.33
12.33
11.33
9.33
8.67
13.67
19.33
28.33
2.33
13.67
9.0
6.67
-1.33
7.0
3.0
27.0
1.67
16.33
1.0
-1.67
0.67
4.33
5.0
15.67
12.33
12.67
7.67
5.0
2.33
2.67
15.0
13.0
6.0
9.33
0.67
3.0
6.33
11.33
-3.0
12.33
8.0
0.0
4.67
6.0
8.33
-2.0
12.0
3.67
4.33
7.67
11.33
12.0
11.0
9.0
8.33
4.67
9.33
9.67
0.67
5.67
11.33
9.67
15.0
0.0
9.67
11.33
-2.33
2.33
3.67
8.33
10.33
19.67
7.33
3.0
-4.0
2.67
8.0
24.0
-1.67
11.33
5.0
9.33
9.67
15.67
2.0
7.67
11.33
8.33
9.33
11.67
0.0
13.33
17.0
15.0
30.67
19.0
21.67
12.33
18.33
18.33
18.0
23.0
31.0
17.67
28.33
17.67
30.0
19.67
36.33
16.67
26.33
15.0
34.33
19.67
15.0
36.0
23.0
10.0
20.0
18.33
9.67
28.67
13.0
18.67
31.0
8.33
17.67
4.67
9.33
13.33
4.67
9.33
12.33
10.0
5.67
-1.33
-4.0
7.0
16.33
4.33
8.0
-1.0
1.33
7.33
13.33
13.0
14.0
6.67
1.67
0.0
8.33
8.0
0.0
5.33
11.33
1.33
18.0
5.33
10.67
2.67
13.33
11.67
2.67
10.0
8.67
-5.0
8.0
3.0
2.0
17.33
1.0
5.0
9.67
5.0
11.33
13.33
15.33
6.33
6.67
8.67
13.33
14.0
4.0
12.33
8.0
8.67
7.0
15.33
13.67
8.33
5.33
12.67
5.67
2.0
15.67
12.33
7.0
11.0
5.0
14.67
4.67
3.67
10.33
15.33
0.0
-2.33
3.33
-2.33
-4.33
-15.67
4.0
3.33
3.67
10.0
1.67
9.33
6.67
6.33
8.33
3.67
15.67
5.67
12.67
15.0
11.33
3.67
5.33
10.33
12.33
12.0
13.0
13.0
5.67
8.0
2.67
-2.33
-1.67
-0.67
-6.67
8.33
-1.33
5.67
3.0
1.0
6.0
5.33
6.0
0.67
-1.67
5.67
3.67
6.33
6.67
18.33
-2.0
-3.0
10.0
-2.0
1.0
6.33
10.0
9.67
-1.67
-5.33
1.0
14.67
4.0
6.67
-7.0
7.67
2.33
5.33
-1.33
1.0
5.0
2.33
-2.67
-0.33
8.67
-1.33
6.0
-3.33
-1.33
1.0
13.67
8.0
7.0
-2.67
-2.0
3.33
1.67
3.33
1.33
-2.67
6.0
3.67
8.0
2.0
-4.0
-2.0
7.33
2.67
5.67
12.0
5.67
4.67
-0.33
-9.33
11.67
-1.33
8.0
1.67
2.33
7.67
5.67
6.33
11.0
6.67
1.33
0.0
4.67
6.33
9.67
7.67
7.33
8.0
6.67
4.0
3.0
19.33
8.0
12.67
-0.33
11.33
3.67
6.67
-1.0
8.0
12.33
1.67
2.33
7.33
2.0
-5.33
11.0
3.33
6.33
13.33
8.0
15.67
-1.33
1.33
16.67
10.0
4.67
6.67
-3.33
1.33
3.33
1.33
3.33
-3.0
3.33
3.0
0.33
4.0
10.0
1.0
-7.33
2.67
5.0
12.33
5.33
26.0
13.67
2.33
6.33
0.67
0.0
5.0
3.0
1.0
9.0
2.0
4.33
0.33
1.0
-6.0
-1.67
0.67
-8.0
3.67
3.33
0.33
-6.67
10.67
6.0
3.67
1.33
4.67
1.33
2.0
5.33
5.67
9.33
-5.33
4.67
5.0
7.33
-3.33
-3.67
7.33
-2.33
4.33
2.0
9.0
4.0
4.67
-5.0
2.33
1.67
4.33
11.0
5.67
5.67
10.33
4.0
4.67
1.0
9.33
-2.33
7.33
-0.33
10.67
10.67
13.0
-4.0
4.33
-1.67
2.67
-3.33
2.33
3.0
1.33
12.33
3.33
-1.0
12.67
8.0
5.0
5.0
4.0
-2.0
12.67
-2.33
2.67
7.33
-2.33
4.33
-1.67
9.0
4.0
3.67
-3.33
10.33
8.33
-2.67
10.33
-6.67
-2.67
1.67
-9.33
2.67
4.33
2.33
-3.0
-6.67
3.33
1.67
4.0
2.0
6.67
10.0
1.33
-1.33
9.33
-2.33
-3.0
8.0
2.0
7.33
4.0
1.67
6.0
6.67
5.33
-3.67
-5.33
3.33
9.67
1.33
9.0
9.33
2.0
-2.0
7.0
2.67
2.0
-5.33
7.33
-1.67
1.0
7.33
0.0
3.67
0.0
9.0
4.67
-0.33
1.33
6.33
6.0
2.67
0.67
14.67
6.67
-1.33
0.67
8.33
-2.0
4.67
9.33
2.33
5.33
0.0
0.67
-6.67
10.67
1.33
-3.33
-1.67
1.0
-1.0
-1.0
1.33
5.33
2.0
-3.0
5.67
-0.67
4.33
-2.33
6.67
0.0
4.67
-6.0
10.67
-2.67
-3.33
4.0
1.67
5.33
-5.0
3.33
2.33
-1.0
6.67
1.67
0.33
4.0
4.33
5.67
2.67
2.33
2.33
1.67
6.33
-1.33
0.33
8.0
7.0
-5.33
5.33
3.67
-2.0
-0.33
5.67
-2.67
-1.33
1.0
2.33
-2.0
3.0
2.33
2.0
-1.0
5.67
-0.67
4.0
7.33
0.33
0.0
-1.67
-2.0
1.67
-1.67
8.0
-0.67
0.0
1.33
-5.67
6.33
3.67
-2.67
-1.33
3.67
1.33
-3.33
6.0
-0.33
3.0
4.0
5.0
-0.33
-0.67
0.33
4.67
-1.33
9.0
1.33
4.67
-0.33
4.33
-0.33
2.33
1.0
