0.0
-7.33
11.67
39.67
80.33
44.33
3.67
27.33
42.33
64.33
-95.67
45.33
11.33
58.67
92.67
29.67
-5.0
42.67
34.33
16.33
19.0
6.67
20.67
-4.67
18.0
-7.67
-4.33
-2.67
-3.0
-4.0
1.67
4.67
0.67
1.67
-1.67
0.67
-0.33
0.33
0.33
-0.33
-1.0
-1.0
-0.67
-0.33
-0.67
0.0
0.33
0.67
-0.67
0.0
0.0
0.67
-0.33
1.0
0.0
-0.33
1.0
0.0
0.67
2.0
-0.67
0.33
0.0
-0.67
0.67
-0.33
-0.33
-0.33
0.0
-0.33
0.0
0.0
-0.33
-0.67
0.0
0.33
-1.0
-0.67
0.67
-0.33
0.0
1.0
0.0
-0.67
-1.0
-0.67
-1.33
-1.0
-1.0
1.33
-0.67
-1.33
-0.67
1.67
-1.0
-1.33
-0.33
1.0
3.67
1.67
0.33
2.0
-0.67
-0.33
-0.33
-1.33
-1.0
0.67
-0.67
-0.67
1.0
2.0
3.33
2.67
-2.67
2.33
2.67
-0.33
-1.67
4.0
3.67
-3.0
2.33
0.67
1.33
1.33
4.0
3.0
3.0
-0.67
3.0
2.33
1.67
0.0
5.33
-3.0
2.33
1.0
-3.33
2.67
0.0
-0.67
-0.67
4.33
-3.67
-4.67
2.0
-6.67
2.67
11.67
-1.0
4.67
-2.67
-2.0
1.67
-1.0
3.33
4.0
0.67
6.33
0.67
0.67
-4.67
2.33
-4.67
0.33
2.0
-1.0
2.67
4.0
2.67
0.33
3.67
-0.67
-1.33
1.67
4.33
10.0
-2.0
-3.0
-1.0
0.67
4.0
-3.33
-0.67
-3.33
4.0
1.67
-0.33
3.67
-2.67
-0.33
4.33
-0.33
-1.0
3.67
1.67
6.0
-2.33
5.0
-0.67
2.0
-3.67
0.67
1.33
3.0
3.33
8.0
0.0
-3.33
2.33
-2.0
5.33
2.67
1.0
5.67
-2.67
5.67
-1.33
0.33
9.33
3.33
3.0
3.67
-1.33
0.0
1.67
6.67
5.0
-1.0
7.0
2.0
0.67
0.33
6.33
-4.67
1.33
3.33
-1.33
4.67
-2.67
7.33
1.33
0.67
6.0
3.33
-2.0
5.0
4.33
2.33
3.33
4.0
6.33
3.0
14.0
6.33
-6.0
7.0
0.0
7.0
1.67
5.33
3.33
4.0
5.33
5.67
-2.33
8.67
6.67
2.0
-1.33
6.67
-0.67
0.67
-0.33
2.33
8.33
8.0
-3.0
6.67
4.33
-0.33
-0.33
5.33
5.0
8.0
-1.67
5.0
-1.0
1.33
-0.67
9.33
7.33
2.67
5.33
5.33
2.0
3.33
6.0
-4.67
-1.0
-2.0
0.0
5.0
0.33
2.33
-1.0
-5.33
0.0
2.0
-0.33
8.67
10.0
2.0
6.67
4.0
2.33
0.33
6.0
-2.33
10.0
6.0
0.33
0.0
5.33
-0.67
3.0
10.0
5.67
2.67
-2.67
-2.33
-0.33
4.0
-1.33
9.33
1.0
0.0
1.0
-2.0
-4.0
10.67
-5.67
-0.67
9.0
4.0
-2.33
1.0
4.67
3.0
-4.67
2.0
-1.0
0.67
2.0
2.33
-0.67
2.33
1.33
6.67
0.0
0.0
0.67
3.67
2.33
-1.0
4.0
-2.33
3.0
2.0
6.67
1.0
1.0
0.67
4.67
-2.33
5.67
-8.33
3.67
6.67
1.67
1.67
3.33
-3.0
1.67
6.67
5.33
0.67
9.33
5.67
3.0
-1.33
4.33
4.67
0.33
4.0
3.33
4.33
1.0
4.67
-0.33
6.67
3.33
6.0
3.0
1.67
1.0
7.33
5.33
1.33
-1.33
7.67
-2.33
2.33
4.0
-2.33
4.0
-4.67
3.0
0.0
3.67
9.0
2.0
-3.0
5.33
-1.0
2.33
4.0
0.33
4.33
0.33
-1.0
0.67
3.33
2.0
-1.33
-0.67
-2.0
-1.33
5.67
1.0
-5.33
3.33
5.33
1.33
4.33
-7.33
-0.67
4.67
-3.33
-4.33
6.0
-2.33
0.67
3.67
6.0
2.0
5.33
-1.33
2.33
-3.33
-0.33
-0.67
-3.33
-3.67
6.67
3.33
2.0
-0.33
7.67
-1.67
4.0
-4.67
1.67
-0.67
0.33
-2.33
-2.0
1.33
-2.67
2.0
-1.67
2.67
-2.0
0.33
1.67
4.0
-5.0
0.0
10.67
0.0
-3.33
1.67
-3.0
1.67
1.0
0.33
-1.0
0.67
3.67
7.33
-2.33
2.0
-1.0
2.33
0.0
-0.33
1.33
-3.67
2.67
3.67
1.67
-1.67
-2.0
1.33
6.33
-2.33
0.0
0.67
1.0
3.0
7.33
1.0
-6.0
0.33
-1.33
-1.67
1.67
1.67
-1.0
-3.0
1.67
4.67
-6.0
2.67
-0.67
-2.33
2.33
6.33
0.33
2.67
4.67
-3.33
1.67
0.0
4.67
3.0
0.67
-3.0
3.67
4.0
2.0
3.33
2.67
0.33
0.0
1.33
3.33
5.0
-1.0
0.33
-2.33
2.67
-1.67
1.0
0.33
-5.0
-0.33
6.67
2.0
1.33
0.0
-2.0
2.0
-1.0
3.0
-0.67
-1.0
-1.33
4.33
-1.0
-1.0
2.67
-1.33
-0.67
1.33
-2.0
-1.67
1.67
0.33
7.33
1.0
0.67
4.33
1.67
2.0
-0.67
5.0
-3.0
5.0
4.0
-2.0
1.0
-2.33
-2.33
2.0
-0.67
0.67
1.0
1.67
-1.33
-4.0
-3.0
-2.67
-2.33
0.0
2.0
0.67
2.33
-1.33
-3.0
-4.33
1.33
2.33
5.0
-2.0
-1.33
3.67
3.0
5.0
0.0
0.33
-2.33
7.0
3.0
-0.33
-2.0
-0.33
-2.33
5.67
1.0
-4.33
-4.33
-1.67
-3.67
1.0
7.0
-4.33
6.0
-3.67
4.0
-0.67
1.33
-0.67
-1.67
-0.33
-4.0
-0.33
1.0
-3.33
-1.67
6.67
1.67
-1.33
2.67
1.33
-3.67
1.0
-0.33
-8.33
3.33
1.67
0.33
1.67
-1.67
1.33
-1.0
-1.0
3.67
-3.33
1.33
-2.67
-3.33
-0.33
-3.0
-1.67
0.33
-1.0
2.33
0.67
-1.0
-1.0
-1.33
4.0
-1.33
1.33
0.67
-0.33
3.67
5.33
4.0
2.33
-3.0
4.0
3.67
-5.67
-1.0
0.67
-3.67
-2.0
-1.33
-2.0
-0.33
2.33
0.0
-6.0
-1.67
2.33
-2.0
-2.67
4.67
-3.0
-6.67
-3.0
0.0
-5.33
0.0
2.0
-2.33
-2.67
2.33
-6.0
-0.67
-6.0
-3.33
-1.0
-1.67
-6.33
-4.0
-3.33
-0.67
-5.67
-9.33
-1.0
0.0
-2.33
-5.0
-0.33
-3.33
-8.67
-7.33
-8.33
-4.33
-3.0
-2.0
5.67
-2.0
-3.33
0.33
-0.33
-5.67
-4.0
-8.33
0.33
-0.33
-2.67
-2.33
-8.67
-1.0
-4.0
-5.67
-6.33
-4.0
-8.33
-4.0
0.67
-2.0
-1.33
-3.0
-1.67
4.33
-4.67
3.0
2.0
-4.0
-3.67
0.33
-0.67
-3.0
-5.0
9.67
-3.67
-0.33
3.0
-6.67
-1.33
-3.33
0.33
-1.0
2.67
3.33
14.0
-0.33
13.0
15.67
12.67
18.33
17.0
20.33
22.0
21.33
20.0
17.33
29.0
25.67
25.33
13.33
16.0
15.67
14.33
12.33
15.33
20.0
7.0
6.67
10.33
4.33
0.67
8.67
1.33
4.33
3.33
-6.33
6.67
-2.33
0.67
-8.0
-1.67
1.0
-5.0
-3.33
-6.0
-5.0
-3.67
5.33
-9.0
8.33
0.0
-8.0
1.0
2.33
0.67
4.67
-0.33
7.67
-5.0
0.67
-2.67
-0.67
3.0
4.33
7.0
-2.0
-6.0
-11.0
0.67
-6.33
-4.33
3.0
-8.67
-5.67
-1.0
0.67
1.33
1.33
-0.33
-5.33
-1.33
2.67
-5.67
-6.33
0.67
0.33
3.67
-10.33
-1.0
1.0
-2.33
2.0
-3.33
4.0
0.0
3.0
-1.0
-4.67
-3.67
-2.33
5.33
-1.67
3.67
-1.33
1.67
-7.0
-1.67
-8.33
-3.0
-3.67
-12.0
0.67
-2.0
6.0
-2.0
-5.0
-3.0
0.67
11.67
-6.33
-2.67
0.67
2.0
2.33
-5.0
2.67
-2.0
1.0
-7.67
-4.67
3.0
-4.67
2.0
5.67
2.67
-2.67
3.67
-10.0
-12.67
2.0
6.33
4.33
-5.33
3.33
1.67
-4.0
-0.33
10.0
-1.0
8.33
-8.33
-0.33
10.0
-1.0
-5.33
-0.33
-0.33
-2.67
-9.33
2.33
-7.0
1.33
0.33
-3.0
-0.67
1.33
0.33
1.67
-1.67
0.67
1.33
-8.67
-2.0
-2.0
-7.0
-3.33
2.67
2.67
5.67
9.0
-12.33
8.67
-8.33
0.33
-1.67
-5.0
0.0
7.33
6.33
-5.67
6.33
6.33
3.67
0.67
-3.33
-4.67
-4.67
0.33
1.33
1.0
0.33
-2.67
3.33
2.0
-2.33
7.0
-3.33
1.0
-2.67
-3.0
-2.0
-5.67
10.67
4.33
2.0
-2.0
-4.33
3.33
0.67
-0.33
4.67
4.0
-2.33
6.67
5.67
7.33
9.0
10.33
9.67
7.0
6.33
19.67
7.0
16.0
21.67
16.33
21.67
15.0
15.0
21.0
13.33
13.33
14.33
5.67
8.0
12.0
11.33
0.67
20.67
10.67
14.0
-1.33
0.0
-0.33
10.33
5.0
8.67
5.33
10.33
4.0
2.67
-5.0
4.67
6.33
2.0
3.33
12.67
3.33
-3.33
5.33
2.0
2.67
7.0
6.0
2.0
-6.0
4.0
-7.33
-1.0
-0.67
6.67
6.33
9.0
7.0
8.67
5.33
9.67
11.33
2.0
5.33
7.67
-0.33
7.0
0.67
5.0
6.0
14.0
-3.67
2.0
7.33
8.33
5.67
3.0
7.67
-0.33
6.0
3.33
7.0
4.33
4.33
1.0
9.33
12.33
2.33
10.33
1.33
4.33
4.0
8.0
3.67
8.0
7.0
-3.0
5.0
3.67
3.67
9.33
10.0
4.0
8.0
1.0
5.67
12.33
3.33
7.0
5.0
9.33
1.67
0.33
5.0
5.0
12.67
0.33
11.67
6.33
21.0
14.67
4.33
9.67
13.33
15.0
3.33
4.33
20.33
22.67
13.33
10.0
19.67
11.33
9.67
9.67
16.33
3.33
4.0
1.33
1.67
7.33
2.0
14.0
5.67
11.0
13.0
11.33
11.33
4.67
-0.33
1.67
5.33
10.0
-0.33
10.33
16.0
3.0
2.67
6.0
19.0
1.0
-5.0
9.67
15.67
0.33
19.33
1.33
7.67
10.67
11.33
5.67
10.67
-0.33
11.33
2.67
-0.67
8.33
11.33
-0.33
3.67
9.67
1.0
4.0
13.33
6.67
10.33
6.0
-2.0
6.67
10.0
10.0
10.33
13.67
5.0
8.33
5.67
9.67
3.33
3.33
11.33
13.33
4.33
9.0
7.67
6.33
1.67
9.33
4.67
-2.67
2.67
7.0
15.67
11.0
5.33
3.33
7.67
11.67
0.67
6.0
2.33
9.33
10.33
12.0
14.0
7.0
6.33
12.33
9.67
-1.33
12.33
1.0
5.33
1.67
7.33
12.0
6.33
1.0
8.67
4.0
5.67
9.67
8.0
5.33
13.0
1.67
1.33
11.0
7.33
5.0
20.0
12.67
9.33
22.67
13.0
5.0
15.0
32.0
4.67
23.33
17.0
20.33
26.33
21.33
35.67
14.33
26.33
19.67
10.67
13.0
16.0
27.67
20.0
32.67
18.67
20.67
19.0
32.33
36.33
49.33
36.0
45.33
62.67
47.0
72.67
79.33
51.0
72.33
87.0
75.0
83.0
110.0
100.67
105.0
109.0
99.0
99.0
106.0
99.67
103.67
81.33
95.0
93.33
64.0
68.67
56.0
61.33
49.67
34.33
42.0
30.0
37.67
18.67
35.67
29.67
10.33
21.33
33.67
5.33
26.33
16.33
9.67
21.33
6.33
17.0
10.67
18.0
3.67
8.67
6.0
5.67
13.0
9.67
17.0
10.33
16.67
2.33
2.33
-3.33
2.67
4.33
17.33
6.33
-0.67
8.0
11.0
4.67
0.0
-0.67
23.0
9.33
4.67
6.0
14.0
0.0
13.0
-1.0
9.33
5.33
3.33
19.33
5.33
5.67
1.33
2.67
13.0
6.0
14.67
2.0
3.33
3.33
6.67
-4.0
3.67
0.67
3.67
-3.67
19.0
9.0
11.0
5.33
19.67
4.0
1.33
-0.67
12.0
9.33
7.33
6.0
14.67
8.33
3.33
1.33
16.33
4.67
8.67
6.33
11.33
2.33
7.67
11.0
11.67
13.67
2.0
15.0
17.0
9.67
29.33
16.0
16.33
3.67
4.33
27.0
10.67
6.33
9.67
23.67
4.0
7.33
1.67
7.0
6.0
3.0
7.33
11.67
10.0
11.33
-0.67
2.0
-0.67
6.0
-4.0
7.67
0.0
1.33
16.0
5.0
14.67
-0.67
9.67
-1.67
-8.0
2.0
7.0
10.33
9.67
7.33
8.67
12.67
7.67
15.33
11.67
0.0
1.0
12.67
17.33
3.67
8.33
5.67
18.33
21.33
11.67
1.33
8.0
-4.0
2.67
16.0
17.0
1.33
15.33
8.0
1.33
17.67
24.67
12.0
7.67
6.33
5.33
18.33
13.67
14.0
10.33
14.0
5.0
19.67
15.0
30.67
19.33
25.33
29.33
19.0
14.0
27.0
15.67
21.33
21.67
23.0
34.67
38.33
14.67
23.33
29.0
21.33
33.67
42.0
42.0
30.0
26.0
15.0
25.33
16.67
16.67
8.0
21.67
16.0
4.33
18.67
11.67
15.33
4.33
19.67
11.33
21.33
9.0
18.67
-3.33
1.0
11.0
7.33
10.33
8.0
2.0
14.33
-6.67
9.33
10.0
13.0
9.67
15.67
8.0
5.33
8.0
-5.0
11.33
5.33
1.33
21.0
11.33
12.67
18.67
5.33
-1.33
14.67
12.0
4.67
-2.0
14.0
-1.0
2.0
17.33
-1.0
0.0
1.67
3.0
3.33
1.33
-12.67
27.33
11.67
-5.33
15.33
11.0
5.0
3.33
-5.0
-0.33
14.0
9.33
6.67
14.33
3.33
10.67
20.67
22.0
12.67
-5.67
11.0
-2.0
1.0
16.67
-0.33
5.67
7.33
3.33
19.0
6.67
2.33
-10.33
0.67
1.33
4.0
-0.67
3.67
7.0
-3.33
12.33
-4.33
12.33
2.33
7.67
6.67
4.67
7.67
1.0
8.33
-5.33
1.33
7.33
10.33
8.0
9.0
19.0
7.67
17.0
5.67
-3.33
-6.67
6.33
-4.67
2.33
3.67
1.67
1.0
0.0
0.0
-0.67
9.0
-7.33
1.33
5.67
2.67
-7.67
8.67
15.33
0.0
-2.0
4.0
0.0
14.0
4.33
1.0
19.67
0.33
4.67
-2.0
7.67
-3.0
4.67
5.0
9.67
7.33
-1.67
-1.33
-1.0
10.0
-1.67
1.33
-3.33
6.67
-5.33
3.0
-3.33
1.67
-1.0
1.67
5.0
8.0
-3.67
-5.0
19.33
5.67
4.33
10.33
-4.67
3.0
12.67
5.0
6.0
3.0
6.0
5.33
-2.33
1.67
-1.0
12.67
7.67
-7.33
-4.33
1.67
-0.33
0.0
2.67
0.33
-1.33
3.67
7.33
10.0
-0.33
5.33
4.0
-9.33
1.33
2.67
18.67
6.33
3.0
2.67
10.0
5.0
0.33
-1.0
1.67
1.67
7.33
5.67
-1.33
5.0
3.0
13.33
3.67
4.33
11.33
9.0
-0.33
5.0
-3.67
3.33
6.33
8.0
14.67
-12.33
-0.67
5.67
17.0
-5.33
-1.33
5.67
-1.67
2.33
-0.67
12.33
-4.0
-0.67
3.0
-0.67
2.0
1.0
-5.0
1.67
6.67
-8.0
-3.67
-3.67
1.0
7.67
8.33
3.33
6.67
-5.0
-2.0
4.0
0.0
6.0
3.0
-2.67
6.33
-4.0
0.0
5.33
11.67
-9.0
6.67
2.33
2.33
3.33
1.67
3.0
0.67
0.33
5.67
-6.67
-3.0
-0.67
-0.33
7.33
7.67
-1.33
2.0
-0.67
-0.33
-3.67
7.33
-3.33
4.33
4.0
8.0
11.0
3.67
4.0
6.33
0.67
0.33
11.0
0.67
-5.33
2.33
8.0
2.67
-1.0
4.33
7.67
3.33
-2.33
11.67
9.67
6.0
-3.0
4.33
-7.67
2.67
-7.33
2.33
3.0
12.33
6.33
-3.67
0.0
1.67
4.0
-3.0
1.0
10.0
8.0
5.67
2.67
0.67
3.33
-0.33
9.33
1.33
-1.0
4.0
5.67
-4.33
14.33
0.33
5.33
6.33
5.33
-1.67
2.67
-3.33
0.67
0.33
1.33
-3.0
6.33
-3.67
2.67
4.0
3.0
-1.33
7.0
15.33
2.67
9.33
1.67
7.0
2.0
8.0
-1.67
5.0
6.67
2.0
3.67
3.33
5.33
-8.33
13.33
1.67
15.33
3.0
7.33
5.0
4.0
3.0
2.67
1.0
-2.33
-0.67
3.33
4.0
7.33
-2.0
0.67
-2.0
5.0
-1.33
4.67
-0.67
4.33
6.0
6.67
-2.33
3.67
6.67
0.67
10.67
7.33
4.0
0.67
8.33
6.33
-4.67
5.0
-1.33
-4.67
-4.33
9.33
4.67
-5.67
-1.0
-1.0
-3.0
2.33
0.33
4.0
0.0
12.67
4.33
1.33
1.67
0.67
8.0
7.67
1.0
-1.33
-0.67
1.67
5.0
2.67
1.33
5.0
1.33
1.33
9.0
2.67
3.67
-0.67
4.0
2.33
1.67
1.67
7.33
-0.67
8.67
0.33
-1.33
-0.67
5.0
5.0
-2.33
1.33
-1.33
-2.0
-6.33
9.67
7.33
7.67
6.0
2.33
4.0
-2.0
-1.67
6.0
2.0
3.67
4.33
6.0
-0.67
7.33
1.0
-1.67
-1.0
4.67
0.33
8.0
0.33
2.0
3.33
-7.67
2.33
-0.33
2.33
0.67
-1.33
2.33
2.67
0.0
-1.33
3.0
11.0
-1.0
-4.33
2.33
0.33
-1.33
2.67
8.0
-0.67
8.67
1.67
2.33
-4.33
0.33
-1.0
