0.0
-15.33
29.67
67.67
-3.67
2.33
44.67
12.33
132.33
-29.67
-53.67
94.33
34.33
-12.33
-21.33
9.67
-2.0
31.67
10.33
-6.67
2.0
7.67
13.67
4.33
12.0
3.33
-9.33
-12.67
-7.0
7.0
1.67
-3.33
0.67
-8.33
-3.67
3.67
-1.33
3.33
0.33
0.67
0.0
0.0
-0.67
0.67
0.33
1.0
-0.67
-0.33
-0.67
1.0
2.0
-0.33
-0.33
0.0
0.0
-0.33
0.0
0.0
0.67
0.0
-0.67
-0.67
0.0
0.33
-0.33
-1.33
-0.33
-0.33
-1.0
1.67
0.0
1.0
0.67
-0.67
0.0
-0.67
0.0
0.33
0.67
-0.33
1.0
0.0
2.0
2.33
1.0
-0.67
-1.33
-1.0
-1.0
-0.67
0.33
0.67
1.33
0.67
-1.0
-1.33
0.67
-1.0
-0.33
1.67
-1.67
0.0
-2.67
0.67
-0.33
-1.33
-2.0
1.67
1.33
0.33
2.0
-1.0
-2.67
0.67
0.33
2.33
0.67
1.67
0.33
-3.0
-1.33
3.0
-3.67
-2.33
0.33
-0.67
-2.0
-3.0
-3.0
1.33
4.0
3.33
5.67
1.0
1.33
3.0
-3.67
8.0
2.67
-2.33
3.0
7.33
1.33
4.33
-0.67
-0.67
0.0
-2.67
-1.33
2.67
8.0
1.67
-0.67
3.0
1.67
-1.0
-4.67
-1.0
2.67
8.33
-1.33
-3.33
0.33
-2.67
-4.67
0.33
-1.0
3.0
8.67
-1.0
-0.33
3.33
-1.33
-2.67
-2.33
10.67
7.33
8.0
6.0
-2.0
6.0
0.67
4.0
0.67
10.33
-5.33
1.0
1.67
13.67
0.67
1.33
4.67
5.33
2.67
2.0
-1.33
2.67
6.0
2.67
-2.0
7.33
0.0
-2.67
6.67
2.33
1.0
6.33
5.0
-7.0
-0.33
4.33
3.0
8.33
2.67
1.0
1.67
4.33
2.67
6.67
-0.67
3.33
0.33
7.0
-0.33
2.67
5.0
1.67
8.67
3.0
-1.0
-1.0
-2.0
6.67
-2.67
2.33
2.33
-1.67
-1.67
-1.33
2.67
3.33
3.33
4.33
7.67
9.0
7.33
6.0
3.0
4.33
-0.67
8.33
-1.0
3.33
7.0
2.0
0.33
-3.0
-1.0
-5.0
-2.0
4.67
11.33
-3.67
8.0
2.33
5.67
-0.33
1.67
7.67
0.0
4.67
-4.33
1.33
-2.33
-0.33
0.33
7.33
6.0
0.0
6.67
-0.67
3.67
2.67
1.33
7.0
-2.0
6.33
0.0
2.0
-0.67
1.33
3.33
-4.67
-0.33
2.33
6.33
1.0
7.33
10.0
1.33
2.0
2.0
6.0
1.0
-4.67
6.33
-5.0
3.67
5.0
1.0
0.67
6.67
11.0
5.0
1.67
4.0
7.33
-1.67
3.0
0.67
-3.0
-3.0
-2.67
-4.0
3.33
9.33
0.0
2.0
-1.33
2.67
0.33
-1.33
4.67
7.0
3.67
-0.67
7.0
4.0
0.0
7.0
-1.0
2.67
2.33
0.33
-2.0
6.0
3.67
2.0
4.67
7.0
-0.67
1.0
7.0
-0.33
-1.0
4.33
1.33
-0.67
-0.67
-1.33
1.0
0.0
8.67
-2.33
2.33
4.0
4.0
4.67
1.0
0.0
7.67
6.0
5.0
-1.33
-0.33
-3.33
-1.33
-3.33
2.67
2.67
3.67
2.67
2.33
2.0
0.67
6.67
1.33
7.67
11.33
2.67
11.0
1.67
3.33
-1.33
-0.67
2.0
7.33
0.33
-2.0
2.67
-1.33
4.67
-3.67
2.0
2.0
-1.33
6.0
5.33
5.33
0.33
-2.33
1.67
3.67
2.33
9.0
0.67
1.0
7.33
-1.0
3.0
-2.33
5.0
-3.0
3.0
-2.67
-5.0
1.33
4.0
-2.67
1.33
0.33
2.0
-2.33
-0.67
-2.0
-1.33
2.33
6.0
1.67
3.67
3.0
6.67
3.33
-1.67
1.33
0.33
-2.33
8.33
4.67
-1.33
1.67
1.0
0.67
4.67
6.67
3.0
2.0
2.33
5.67
3.33
-0.33
-0.33
3.33
1.67
-0.67
4.67
0.33
-3.0
0.67
2.67
2.33
8.0
0.33
-0.33
0.33
1.33
2.67
6.0
2.33
7.33
-3.0
-3.67
1.67
-3.0
2.33
3.67
-3.0
1.0
-2.0
1.67
3.0
-3.33
-2.33
0.0
2.67
4.0
-4.67
3.0
2.67
0.67
4.33
0.67
-1.0
-6.0
4.33
2.0
-4.33
-0.67
-2.67
-1.33
-1.33
10.67
0.33
1.0
2.33
-1.67
-5.33
6.0
1.67
1.0
0.0
2.33
-4.0
1.0
1.33
6.67
-4.67
-2.33
5.67
0.0
-2.0
1.67
1.67
-5.0
-2.33
2.33
-3.33
0.33
-0.67
0.33
1.67
0.67
0.67
-3.33
1.0
2.67
1.0
1.67
-3.0
-0.33
-1.0
-3.0
-0.67
-1.33
1.33
2.0
2.33
1.33
2.0
0.0
2.33
1.67
1.67
2.33
-3.0
1.33
3.0
2.67
-1.33
-2.0
4.33
2.0
4.0
1.0
1.0
2.0
1.33
-3.0
2.67
4.33
3.0
0.0
3.67
0.67
-0.67
1.33
2.0
-4.67
-1.33
3.33
1.33
-1.0
1.67
4.33
2.67
0.0
-1.67
1.0
1.0
-2.0
1.0
-7.0
3.0
-2.33
-2.33
3.0
5.33
0.67
0.0
6.67
0.67
-2.0
1.0
-0.67
-1.33
5.0
1.0
6.67
-0.67
-1.33
-2.0
0.67
1.33
3.33
2.0
-7.0
1.67
-0.33
4.0
0.0
3.0
2.33
-2.33
-2.0
-2.0
-1.33
2.0
1.67
1.67
-2.33
-4.0
-3.33
0.67
-0.67
-1.67
2.0
8.0
-3.33
-2.0
-3.67
-5.0
-2.67
-2.67
-4.67
-2.67
-0.33
-7.0
0.67
-1.0
-5.33
-4.67
-1.33
-1.33
-7.33
-2.33
-3.67
0.33
4.0
-0.33
-7.33
1.33
-4.33
-1.67
0.67
-0.67
-3.67
-1.0
-3.0
-0.33
-0.33
-1.67
-0.67
1.67
0.67
-1.0
-0.67
-0.67
-3.0
-0.67
1.67
2.0
0.0
-0.33
5.0
-2.33
-0.67
3.67
-0.33
-0.33
2.33
4.0
-5.67
-5.0
1.0
-1.33
-6.67
-2.0
1.67
0.33
-2.0
2.67
-1.0
-6.33
6.33
0.0
4.0
-2.67
-1.67
2.0
-2.67
-2.33
-8.0
-5.67
-1.0
-5.0
-6.33
-4.0
-3.0
-1.33
-3.67
1.33
-2.0
0.33
-5.0
1.67
1.0
3.33
-4.33
-6.0
-0.33
-1.67
-5.67
-0.33
0.0
-6.0
-4.33
-1.0
-4.33
-5.33
-6.67
-3.33
-5.33
-5.33
-2.0
1.0
1.67
-2.0
-2.33
-2.67
-5.33
-2.67
0.0
-1.33
2.33
8.67
-0.67
-7.33
-12.67
4.0
1.0
-2.67
-6.33
0.0
-9.33
-3.0
-3.33
-1.0
-4.33
-3.0
3.33
-1.67
-2.67
-4.0
-3.0
0.0
-6.67
-5.67
0.33
-6.0
-2.0
4.67
4.33
-2.33
2.0
0.33
2.67
3.67
0.33
1.0
11.67
5.33
6.0
10.67
15.0
14.67
7.67
20.33
17.0
19.33
15.0
35.33
11.0
13.33
37.0
18.67
21.33
14.33
13.0
18.67
9.33
19.33
23.33
16.0
11.0
8.67
0.33
-1.67
2.67
1.67
6.33
1.33
-2.67
-8.33
-0.33
-1.33
-1.33
0.0
0.33
1.0
-1.0
1.67
-5.0
1.0
-7.67
-3.67
-2.0
2.33
3.0
-5.0
0.0
5.33
-0.33
0.67
-1.33
5.67
0.0
-0.33
-3.67
-3.67
1.0
-0.67
13.0
-7.0
-6.0
-4.0
-2.33
-5.33
3.67
0.0
2.33
-4.67
-3.0
-7.33
0.33
-0.67
1.67
-3.33
0.67
-3.33
-7.67
-3.33
6.67
-5.67
-1.33
-2.33
1.0
3.0
-0.33
-1.0
-2.33
6.0
4.0
-10.0
1.0
0.33
0.33
4.67
-0.67
-0.67
3.67
-11.33
1.67
-9.0
-4.67
-6.33
6.0
1.33
-8.0
-1.33
0.0
-5.0
-6.0
-5.0
-3.0
-1.33
0.67
-4.33
5.33
-5.33
-3.0
2.33
-1.0
8.67
4.0
-2.0
7.33
-4.67
0.0
0.33
2.0
-0.33
-5.33
-5.67
0.67
-2.0
3.33
-6.0
-4.67
-6.67
-5.33
0.33
-2.33
8.0
1.67
3.0
-1.0
9.33
-5.33
-2.33
1.0
0.0
-2.33
2.67
-2.33
0.33
-4.33
-3.67
-2.0
0.33
-4.67
-10.0
-3.67
4.33
3.33
-4.33
9.33
3.67
-1.67
-4.67
-4.0
-7.0
-3.0
-0.33
-6.33
0.67
-1.33
-2.0
-6.33
-6.33
-0.33
3.33
0.33
-6.0
-5.0
9.33
6.33
-1.67
5.33
-7.67
-2.33
-0.33
1.67
3.33
2.33
-0.67
-0.67
4.0
6.33
-6.67
2.33
3.0
-0.33
9.0
1.67
-2.0
-1.67
-2.0
2.0
1.33
2.67
4.33
-1.0
-2.0
-6.33
9.33
3.67
6.67
0.67
-2.0
-4.33
12.67
11.67
7.33
2.0
4.33
5.67
15.0
17.33
11.67
2.0
17.0
22.67
8.33
15.67
10.0
9.0
10.0
5.33
12.33
23.33
2.67
17.0
12.0
12.33
12.67
11.67
9.67
12.0
-1.33
10.0
11.67
3.33
-3.0
7.67
9.33
0.33
1.0
2.67
-4.0
1.67
8.33
8.0
13.33
11.67
2.33
13.67
6.33
1.0
11.67
-1.0
4.0
15.0
0.0
-1.0
-0.33
-2.0
-1.67
8.67
3.33
7.0
12.0
14.67
9.33
10.67
14.33
3.0
4.33
13.67
2.67
9.0
6.67
-7.0
16.0
4.0
-0.67
9.0
-0.67
4.33
6.67
4.0
6.67
8.67
5.0
8.33
7.0
2.33
-0.67
0.0
1.33
0.33
4.33
8.33
9.33
7.33
6.0
2.0
6.67
5.0
7.0
-2.0
-4.0
-1.33
3.67
2.33
4.0
3.0
0.0
7.0
8.67
3.33
11.33
15.0
4.0
6.33
-0.33
4.33
5.0
14.0
13.67
6.33
7.67
2.33
13.0
5.67
6.33
6.67
8.33
14.0
8.33
-0.67
2.33
6.67
9.33
8.0
10.67
13.33
2.67
3.67
14.33
3.33
7.0
6.33
10.67
11.33
9.0
7.0
4.67
15.0
20.0
4.33
3.33
9.67
14.67
9.67
10.33
8.0
10.67
14.33
6.0
2.0
8.67
-2.0
16.0
4.0
-5.0
1.67
3.67
14.33
4.33
8.33
12.67
13.67
2.33
-2.33
-2.33
-1.33
0.33
-3.33
3.33
6.33
4.33
10.67
-0.33
8.67
4.0
0.0
12.33
14.67
9.33
10.0
3.0
10.67
5.0
11.0
4.33
6.67
5.0
7.33
14.67
9.67
-3.67
12.33
9.33
13.33
4.33
12.0
6.67
5.33
4.67
11.33
5.67
0.33
4.67
0.0
11.67
7.0
10.33
11.33
3.67
2.67
15.67
-1.0
14.33
5.33
2.33
9.0
6.0
6.0
-1.67
18.33
3.67
14.67
2.33
9.0
7.33
3.67
9.33
11.0
3.33
6.0
0.67
2.0
5.67
13.67
3.0
7.33
3.0
3.67
10.33
10.0
10.33
6.0
5.0
9.67
11.33
15.67
29.0
9.0
4.0
14.0
14.67
22.33
16.0
5.33
16.33
9.33
24.67
8.33
7.33
10.67
29.67
16.0
15.0
8.67
28.0
32.67
18.67
23.67
26.0
27.33
19.33
49.33
34.0
45.33
60.67
63.0
68.67
82.33
57.0
92.33
105.0
100.0
113.0
119.0
83.67
85.0
99.0
98.0
85.0
86.0
93.67
79.67
108.33
74.0
77.33
69.0
100.67
64.0
68.33
53.67
44.33
47.0
26.0
20.67
28.67
27.67
29.67
24.33
13.33
10.67
14.33
18.33
7.33
5.67
1.33
19.33
1.0
4.67
16.0
-1.33
17.67
10.0
13.67
6.0
13.67
12.0
14.33
11.67
6.33
6.33
-2.33
15.67
2.33
13.33
15.33
14.33
10.0
13.0
10.67
15.0
7.33
3.0
9.33
14.67
6.0
23.0
9.0
6.0
11.0
10.33
15.33
12.33
8.33
6.33
10.67
-3.67
7.67
12.0
7.0
8.67
13.0
-2.67
9.33
10.67
4.0
2.67
4.67
5.67
12.33
9.0
15.0
11.0
19.33
10.67
17.0
5.33
8.33
5.0
2.33
3.33
9.0
11.67
10.33
6.33
12.33
-1.67
12.67
10.67
6.33
21.33
2.33
8.67
15.0
5.67
13.67
18.0
5.0
12.0
13.67
17.33
11.0
3.33
4.67
5.33
17.0
10.67
9.33
15.67
16.67
8.0
11.33
-0.33
17.0
5.0
4.0
13.33
-1.33
10.0
0.33
10.33
6.0
6.33
10.0
13.0
4.67
12.0
-1.67
12.0
7.0
-1.33
7.33
-0.33
6.33
7.0
7.0
18.0
11.33
7.67
4.33
0.67
5.67
10.67
4.33
14.67
-7.0
11.0
8.67
11.33
-0.33
9.33
13.67
7.33
16.33
13.67
0.33
7.0
10.0
7.67
16.0
14.0
15.33
10.33
4.0
5.33
3.67
16.67
5.0
16.67
7.33
11.33
18.33
9.67
0.0
12.33
25.0
6.0
14.67
12.0
20.67
23.33
21.33
21.33
20.0
26.0
27.0
25.67
24.33
34.67
15.0
31.67
14.33
24.67
52.33
24.0
19.33
35.67
46.0
30.0
10.0
17.0
22.0
33.33
16.67
29.67
8.0
18.67
19.0
8.33
2.67
6.67
6.33
12.33
13.67
19.33
5.33
25.0
7.67
0.67
7.0
8.0
2.33
13.33
9.0
-4.0
9.33
4.33
13.33
9.0
11.0
9.67
2.67
-8.0
12.33
7.0
-1.0
4.33
1.33
0.33
3.0
2.33
6.67
7.67
6.33
14.67
5.67
4.0
10.67
-5.0
14.0
4.0
8.0
4.33
4.0
12.0
7.67
-2.0
21.33
16.33
12.33
13.33
10.67
-5.33
8.33
15.0
3.0
6.33
5.0
2.67
13.0
9.33
3.67
6.33
-7.67
16.67
10.67
16.0
1.67
0.33
6.0
10.0
0.0
6.67
6.67
3.67
4.33
5.33
14.0
2.67
0.33
10.67
8.67
-1.67
1.0
15.33
-3.33
16.0
10.67
4.33
-5.33
20.33
2.33
7.67
2.67
3.67
-4.33
4.0
0.33
1.67
5.33
7.33
5.33
-2.0
6.0
9.0
14.67
4.0
2.67
-3.33
8.33
8.33
3.33
6.33
-1.33
-3.33
-3.0
2.0
10.0
-2.67
6.0
2.67
0.33
6.67
7.67
4.33
1.67
11.33
17.0
9.0
13.0
3.0
4.0
-1.67
-2.0
-1.33
4.33
8.67
-3.0
4.67
5.0
-0.33
16.0
2.67
-3.67
7.33
6.67
4.0
10.0
10.33
8.33
4.67
5.67
-2.33
-1.0
3.67
-4.33
8.0
13.67
11.0
5.0
-0.67
2.0
7.33
10.67
-2.67
-5.67
7.33
-2.0
-2.33
0.0
7.0
-5.0
12.0
-2.67
5.67
-2.33
6.0
-5.33
4.67
-2.33
6.67
0.67
16.67
4.0
-0.33
0.33
1.67
3.67
6.33
-5.0
-2.33
0.33
-4.0
-0.33
7.33
7.67
10.67
17.33
5.0
1.67
12.0
12.0
11.33
6.0
5.67
0.67
13.33
-0.33
4.67
0.0
9.0
10.33
8.67
13.33
-2.67
1.0
3.67
8.0
5.33
1.33
3.33
11.0
0.67
0.67
0.33
11.67
7.0
2.67
14.67
-3.33
3.33
10.33
1.33
5.33
7.0
7.33
10.0
-0.67
-1.0
3.0
4.0
-6.33
1.67
10.0
2.33
4.33
7.0
-2.33
2.33
10.33
-3.33
-12.0
4.0
3.0
7.0
5.0
2.0
3.33
-7.67
3.0
5.0
-3.67
1.67
-3.0
0.67
-0.67
2.33
3.33
5.67
9.0
8.67
3.33
0.67
-7.67
12.0
10.33
-2.33
9.33
4.67
-3.33
4.0
-4.67
-3.33
0.33
5.33
4.67
3.33
9.0
1.0
8.0
-0.33
-4.0
5.33
10.67
-4.67
1.0
7.67
4.67
3.33
7.0
2.67
-5.0
6.33
-1.33
8.33
3.67
-3.33
-3.33
7.0
0.0
3.33
-5.67
-9.33
-4.33
10.33
4.0
6.33
6.33
-4.67
1.0
4.67
-3.0
9.0
0.0
5.0
-2.0
4.67
4.67
4.67
6.33
0.67
8.33
6.33
0.0
-4.0
1.67
0.67
4.33
-1.67
7.33
7.33
3.33
2.33
0.67
-9.33
2.67
7.33
-0.67
-4.0
-1.67
0.33
0.67
7.0
-2.0
5.67
2.0
-2.67
3.67
2.33
-2.33
6.0
5.0
4.0
-0.67
8.0
5.67
6.0
5.67
6.33
6.33
-6.33
9.33
-2.33
-2.67
7.0
-4.67
-1.0
-2.0
5.0
0.67
3.0
-1.33
2.33
1.33
5.0
-1.67
4.0
3.67
2.0
3.0
12.67
5.67
-1.67
4.33
2.0
5.67
4.67
7.67
5.67
2.67
3.67
2.33
2.0
0.67
5.33
1.33
-1.67
0.0
6.67
2.33
1.67
9.33
5.67
4.33
1.0
0.0
-1.0
-0.67
5.33
2.0
-1.0
6.67
3.33
0.33
-7.33
-0.33
0.0
6.67
-3.0
4.67
-0.67
5.67
4.0
3.67
-1.67
1.0
4.33
-0.67
3.0
0.67
0.67
0.33
2.0
0.33
3.67
-4.33
-1.67
1.33
0.67
2.33
7.67
0.33
-5.0
2.0
-5.33
4.33
-3.33
-1.0
2.67
-3.33
-3.67
5.67
5.0
-2.67
-3.0
-2.0
3.33
5.0
-1.0
3.67
6.33
6.0
4.33
2.33
2.0
0.33
1.0
5.67
1.33
-1.0
1.33
3.0
3.33
0.33
7.33
-1.33
-1.67
-3.33
-0.33
11.33
-0.33
4.0
-0.33
-3.0
5.0
3.0
-1.33
-5.67
-2.67
0.67
-1.33
1.0
-3.67
-0.33
-2.33
5.33
0.67
3.33
-2.0
