0.0
-50.33
48.67
82.67
53.33
35.33
-27.33
53.33
39.33
113.33
-37.67
41.33
85.33
-7.33
16.67
25.67
12.0
32.67
2.33
36.33
-16.0
-20.33
-23.33
3.33
-10.0
4.33
17.67
-2.67
-5.0
2.0
7.67
1.67
-2.33
-6.33
0.33
2.67
-2.33
-1.67
-0.67
0.67
-1.0
1.0
1.33
-1.33
-0.67
2.0
0.33
-0.33
0.33
0.0
1.0
-0.33
-0.33
0.0
0.0
-0.33
1.0
0.0
-0.33
0.0
-0.67
-0.67
1.0
-0.67
2.67
-1.33
-0.33
-0.33
-1.0
-0.33
0.0
0.0
-0.33
0.33
2.0
-0.67
-1.0
-0.67
-0.33
-0.33
0.0
0.0
0.0
-0.67
0.0
-0.67
-1.33
-1.0
0.0
1.33
0.33
-0.33
-0.67
2.67
1.0
-3.33
0.67
0.0
0.67
-1.33
-0.67
0.0
-1.67
-0.33
-0.33
0.67
1.0
3.67
1.33
1.33
4.0
0.0
-0.67
4.67
-2.67
2.33
-2.33
0.67
-1.67
0.0
-0.33
0.0
-0.67
-2.33
-2.67
5.33
5.0
2.0
-1.0
1.33
2.0
-0.67
7.67
0.0
-0.67
-2.0
-1.67
11.0
-5.33
7.67
0.0
6.33
1.33
4.33
-3.67
1.33
6.0
-3.67
1.67
5.67
1.0
7.67
-0.67
1.0
4.67
-2.0
5.33
5.0
4.67
2.33
-0.33
2.67
-0.67
-1.67
-1.67
0.33
4.0
5.0
2.67
0.0
-1.33
-0.67
3.67
-0.67
-2.33
6.67
3.33
5.0
4.0
4.0
3.0
0.67
1.0
1.67
10.33
-2.33
0.0
4.67
4.67
1.67
0.33
-2.33
7.33
6.67
-1.0
0.67
6.67
3.0
-0.33
8.0
1.33
-3.0
-1.67
3.67
3.33
1.0
-1.67
6.0
4.0
2.67
6.33
0.0
6.33
3.67
5.0
-1.33
3.33
-2.33
7.67
-5.67
-2.67
4.33
2.0
6.67
3.67
2.0
6.67
-1.33
5.0
4.0
6.0
3.0
-0.33
0.33
10.33
-0.67
-0.67
8.33
3.67
10.67
2.33
3.33
-0.67
-0.33
-3.0
3.33
-2.0
1.0
7.33
8.33
0.33
-1.0
7.33
6.0
6.0
-0.67
-4.0
5.0
1.0
-1.0
1.67
3.33
-0.67
4.0
-1.67
4.67
-2.33
-0.33
1.67
0.0
1.67
-3.33
4.33
0.67
-0.33
2.33
8.33
2.0
-2.0
4.67
-0.67
-1.33
1.67
1.33
7.0
4.0
3.33
1.0
2.0
-1.67
0.33
2.33
-0.67
2.67
4.33
0.33
4.0
3.33
-2.0
-0.67
2.0
6.0
-2.0
-4.0
5.33
6.33
-1.0
-3.33
-1.0
-4.0
4.67
3.67
6.0
2.0
3.67
1.0
0.33
2.33
2.0
2.67
9.0
5.0
0.33
1.0
1.33
0.33
0.0
9.0
-1.33
6.67
-3.67
-0.33
-0.33
10.0
-1.33
-0.67
1.0
4.0
0.0
3.0
2.0
8.67
3.33
2.33
3.0
2.0
2.67
7.0
3.67
2.0
-2.67
-4.0
5.0
3.67
-1.0
7.33
1.33
3.33
4.33
5.67
1.0
1.0
8.67
4.67
8.33
-4.0
10.0
-4.33
1.0
1.0
3.67
3.0
1.0
0.67
-3.33
4.67
4.67
-3.33
1.67
-5.33
2.67
-0.33
3.33
1.0
-4.33
-0.33
4.33
3.67
7.33
4.67
2.0
-5.33
-2.67
-5.33
2.33
-4.0
10.33
2.33
2.0
1.67
7.67
3.67
5.33
4.0
2.0
3.67
5.0
-1.67
2.33
2.33
-1.33
4.67
1.67
5.33
-1.0
0.67
2.0
-0.67
11.0
2.0
0.67
4.0
3.0
-1.0
0.33
0.0
2.33
4.0
-2.67
0.33
1.33
-2.0
1.67
1.33
-2.0
0.67
7.33
0.0
0.67
-1.33
5.0
-0.33
1.33
-0.67
-0.67
-2.67
-4.33
-2.67
1.67
0.67
0.67
6.0
0.67
-2.33
1.67
1.0
2.0
-3.67
0.67
-0.67
2.67
-4.33
1.33
-0.33
3.33
3.67
3.33
2.0
3.67
4.67
2.33
9.0
4.33
-1.33
2.33
1.33
3.67
3.0
2.33
-4.67
-4.0
-0.67
6.67
3.0
1.33
4.67
-2.0
-3.0
3.0
2.67
-2.0
2.67
-6.33
-2.0
1.67
3.0
-3.67
0.0
-0.33
6.67
3.33
-1.33
0.0
-5.0
2.33
1.0
-2.33
1.33
-6.67
0.67
-1.33
1.67
5.33
1.0
-1.67
2.33
-7.33
-4.0
0.67
-5.0
3.0
0.33
-2.0
-4.0
-0.67
-3.33
0.33
-0.33
-0.33
2.0
2.0
-2.33
3.67
1.0
1.67
0.33
4.67
1.33
0.33
-3.67
6.67
-1.33
-0.33
-0.33
-2.0
2.67
1.0
1.67
-1.0
0.67
0.0
7.0
2.33
3.67
4.33
3.0
3.33
2.33
1.0
2.0
1.33
-2.33
-3.33
-0.67
3.0
5.33
1.0
1.67
1.67
1.0
-0.67
-4.0
1.0
3.0
3.0
0.0
1.33
-1.0
0.67
3.33
1.0
0.0
0.67
-0.33
3.33
1.33
-2.0
-4.67
1.67
0.33
6.33
-2.0
1.67
1.33
-0.33
5.0
5.33
-3.0
-5.0
1.0
1.0
4.0
4.0
-0.33
1.67
4.0
2.33
1.67
-1.0
2.67
-2.33
0.0
0.0
-5.67
-3.33
5.0
4.0
5.67
0.33
-0.33
2.0
-1.33
1.33
2.33
-1.0
-8.0
-0.33
-1.33
2.0
-1.0
-1.0
5.33
2.67
3.0
-2.0
0.67
1.0
-2.33
-0.33
-0.33
-4.0
3.67
-1.33
2.33
2.33
0.0
7.0
-5.33
0.0
-0.67
-4.0
-3.67
7.33
-0.67
-1.67
-1.33
-6.0
3.67
-3.0
-2.33
-3.67
6.67
-0.33
-5.33
1.67
-4.67
-1.67
0.0
-3.33
-4.33
-0.67
-5.33
-2.67
-1.33
-3.67
-0.67
1.0
3.0
0.67
2.67
2.33
-2.67
-0.33
-4.33
-4.0
-5.67
3.33
-2.0
3.33
3.67
3.0
-5.0
-0.33
1.0
-4.33
1.33
-1.33
-0.33
-3.33
0.33
2.0
-5.67
0.0
-3.0
0.67
-6.67
2.0
-1.33
-3.67
-4.0
3.67
0.0
0.67
2.33
2.0
-7.0
-1.67
4.33
-5.0
-4.67
-3.33
-5.0
-0.67
-1.0
-2.0
-6.33
-3.0
-1.0
-1.33
-3.67
-5.67
-5.0
-4.67
-1.0
1.67
3.0
0.33
-5.33
-4.0
-3.33
4.33
-7.67
-6.33
7.0
-4.0
0.67
-4.0
-4.33
-5.33
-5.67
-5.33
-3.33
-1.33
-2.0
0.0
0.67
0.0
-2.33
5.33
-4.33
0.33
1.0
-2.33
-3.67
1.67
-1.67
-5.33
-6.67
-5.0
3.0
-7.67
-4.33
-3.0
-8.33
-1.0
3.67
-4.0
-2.33
1.0
3.33
-4.67
1.33
-6.0
-3.0
-4.0
-2.67
-0.67
-2.67
-6.0
6.0
-1.33
-1.67
3.67
2.0
0.33
5.67
-2.33
-1.67
8.0
1.67
6.33
8.0
8.67
13.0
11.67
15.67
23.33
20.0
15.33
29.0
17.33
32.0
28.33
18.0
14.67
27.33
22.33
24.0
17.67
8.33
12.33
17.33
13.0
10.0
10.67
-1.67
2.33
6.67
1.67
0.33
2.33
-0.67
-4.33
0.67
3.67
-3.33
-5.0
-0.67
1.0
-1.0
6.67
-3.0
4.0
-2.67
-3.67
-1.0
3.33
3.0
3.0
-2.0
5.33
-6.33
-0.33
-1.33
-7.33
-2.0
-1.33
-0.67
-6.67
0.0
-6.67
2.0
1.0
0.0
-4.0
-5.33
-3.33
-5.33
1.0
-0.67
-9.67
3.0
-6.33
5.33
-8.67
1.67
2.67
0.67
-10.33
-4.67
-3.33
0.67
1.33
0.67
-3.33
-4.0
0.0
-2.33
-7.0
0.67
-5.0
8.0
-6.0
0.0
-0.67
-6.67
2.67
-7.67
6.33
6.67
-7.33
-3.33
-6.0
-9.67
-2.33
-2.0
0.33
-4.0
4.67
-6.0
4.0
-9.0
-5.0
0.0
-9.33
-0.33
-4.33
-4.67
-5.33
-4.0
-1.67
-7.0
-0.33
2.0
2.0
-8.67
-2.67
1.0
1.33
1.0
-1.33
0.67
-0.67
5.67
-10.0
-6.67
5.0
-0.67
-2.67
-8.33
-4.67
-3.33
-6.0
1.67
2.0
-1.0
0.33
-5.33
0.67
0.0
-4.0
0.67
-0.33
-3.33
-1.67
-4.33
3.33
5.0
2.33
-0.67
-11.0
1.33
0.33
-2.67
2.67
3.33
0.67
0.33
-2.67
-2.0
-1.0
6.0
-0.33
3.67
6.67
-0.33
-3.0
-1.33
3.67
-4.33
-1.67
-0.67
-8.0
10.0
-3.67
0.33
3.33
8.33
0.33
-1.33
1.67
-1.33
-3.67
4.33
3.33
-1.67
0.0
6.33
-1.67
6.33
5.0
2.67
-3.0
-1.33
-9.0
3.33
-3.0
2.0
1.33
5.67
-4.67
5.0
3.0
-0.33
0.33
-1.33
7.67
3.67
5.0
-6.33
6.67
6.67
9.33
2.0
10.33
8.67
7.0
16.33
5.67
7.0
12.0
22.67
2.33
20.67
8.0
13.0
11.0
16.33
5.33
6.33
7.67
11.0
7.0
20.33
10.67
5.67
4.67
3.0
5.67
15.0
12.67
3.33
8.0
10.67
1.33
0.33
2.0
6.67
1.0
7.67
12.33
6.0
8.33
14.67
1.33
0.67
6.33
8.0
2.67
4.0
6.0
10.0
1.0
11.0
-6.33
4.0
-1.67
11.67
-0.67
8.0
-1.0
7.67
0.33
10.67
6.33
-1.0
-0.67
6.67
-0.33
8.0
4.67
4.0
9.0
17.0
-2.67
6.0
3.33
7.33
-0.33
6.0
7.67
4.67
14.0
6.33
11.0
10.33
4.33
2.0
7.33
7.33
0.33
10.33
3.33
1.33
6.0
11.0
13.67
5.0
4.0
7.0
-3.0
1.67
3.67
1.33
7.0
0.0
14.0
13.0
1.67
6.33
8.33
8.0
9.0
8.33
4.67
3.33
4.0
-1.0
6.67
11.33
2.67
0.33
13.0
2.67
6.33
-1.33
3.33
10.0
2.33
2.33
27.33
6.67
3.33
9.0
10.67
2.33
0.67
19.67
10.33
-0.67
6.0
6.33
0.67
14.33
7.0
10.0
-1.33
3.0
11.0
13.33
5.33
2.67
6.67
16.67
-0.67
15.0
-6.33
9.33
11.0
8.0
8.67
15.0
-2.0
5.0
10.0
12.67
4.67
13.33
-4.67
5.33
9.67
6.67
8.33
-6.33
3.67
11.67
1.33
-7.33
7.33
5.33
9.33
11.67
6.67
4.67
10.0
3.0
5.33
18.67
-0.67
6.0
3.0
4.67
6.0
2.0
4.33
7.67
3.0
3.33
11.67
9.67
17.33
7.33
4.33
6.33
11.33
7.0
3.67
8.33
2.67
8.33
5.67
-3.67
8.67
4.0
10.67
6.0
11.33
8.33
-0.33
9.67
4.67
19.0
-0.67
14.33
5.33
15.0
22.0
11.0
7.33
6.33
7.67
8.67
7.33
5.0
12.33
4.67
9.33
9.0
9.33
0.0
7.67
9.0
9.67
11.67
6.0
7.33
8.0
11.67
10.33
10.0
20.33
3.0
17.0
5.67
18.33
16.67
12.0
22.0
14.0
15.0
20.67
22.33
16.0
15.33
10.33
18.33
14.67
14.33
16.33
22.67
17.67
28.0
17.0
24.67
30.0
23.67
31.67
21.67
22.0
41.33
42.33
47.33
49.0
64.33
46.67
58.0
59.67
80.33
85.0
74.33
100.0
95.0
83.0
92.0
96.67
85.0
102.0
108.0
100.0
100.0
99.67
86.67
103.33
84.0
79.33
78.0
75.67
63.0
60.33
42.67
46.33
34.0
24.0
33.67
25.67
23.67
11.67
8.33
11.33
9.67
14.33
12.33
18.33
10.67
4.33
10.33
11.0
8.67
1.0
-2.33
9.67
1.0
15.67
-3.0
-1.33
-6.0
14.33
-1.33
12.33
10.33
4.67
2.67
9.33
12.33
19.33
0.33
12.0
11.0
8.67
16.0
3.33
2.0
5.33
8.67
-7.0
13.0
15.0
8.0
15.0
16.33
7.33
10.33
11.33
7.33
1.67
6.33
9.67
19.0
-2.0
1.67
10.0
6.33
0.33
-2.33
4.0
0.67
7.67
6.67
5.33
1.0
-2.0
20.0
14.33
10.67
18.0
11.33
5.33
14.0
0.33
-5.67
16.0
18.67
12.33
17.33
15.33
8.33
11.67
14.67
6.33
18.33
10.33
3.67
15.0
10.67
7.67
5.0
10.0
12.0
5.67
18.33
3.0
2.33
8.67
4.33
19.0
14.67
5.33
14.67
4.67
8.0
12.33
7.67
17.0
4.0
27.0
11.33
-2.33
8.0
9.33
4.33
-1.0
2.33
4.0
9.0
7.67
2.0
10.33
9.0
3.0
6.67
-5.67
-2.33
14.33
11.0
-1.0
7.0
16.33
3.67
3.33
9.67
19.67
4.67
5.33
18.67
18.0
10.0
5.67
14.33
8.67
4.33
5.67
0.33
9.33
21.67
7.33
12.0
9.0
8.67
14.0
17.0
5.33
9.33
12.0
17.33
8.67
3.67
6.0
6.67
5.33
7.33
19.33
28.67
11.0
14.33
14.0
18.0
13.67
14.0
13.67
29.33
13.33
32.33
30.0
18.0
30.0
19.67
33.33
29.67
21.0
24.67
28.33
13.67
30.33
13.0
31.33
26.67
20.0
38.0
13.0
30.0
9.0
13.33
22.67
19.67
22.0
10.67
14.0
9.33
14.67
15.67
11.33
13.33
17.67
7.33
16.33
20.0
13.67
-14.33
-3.0
10.0
26.33
11.33
-10.0
8.0
14.33
3.33
15.33
10.0
0.0
2.67
0.67
20.0
9.33
3.0
0.0
-6.67
0.33
-5.67
17.0
15.33
4.67
17.67
8.33
12.67
4.67
13.0
-3.33
1.0
2.0
-7.0
7.0
7.33
11.0
7.0
3.67
9.0
15.33
-1.67
5.33
-2.67
8.67
3.67
5.33
10.0
6.0
3.33
-1.0
9.67
6.0
6.33
2.67
0.33
12.33
17.67
9.67
6.0
9.67
3.33
9.0
-1.0
0.0
5.67
-1.33
0.67
5.33
16.33
5.0
0.67
-3.67
4.67
-1.33
-8.67
8.0
6.33
3.67
-2.0
-2.33
-0.67
-6.33
15.33
3.33
-2.33
18.67
8.67
1.67
-5.0
-3.67
8.67
4.33
11.33
3.33
2.0
12.0
11.0
-7.33
9.0
1.67
-0.33
-2.67
7.33
-2.67
-1.67
7.67
6.67
-2.0
5.0
12.0
-4.67
-2.0
-0.33
0.33
1.67
9.67
-3.67
-3.33
5.33
6.0
7.0
9.0
3.0
8.0
4.33
-3.0
-5.33
-4.67
7.67
4.0
10.67
-1.0
-1.33
7.0
14.67
12.33
-2.67
1.67
1.0
3.0
4.33
7.33
-3.33
-1.33
1.67
0.0
0.67
-1.33
-4.0
13.67
4.0
6.0
-1.67
-6.0
-1.67
0.67
-1.67
5.33
2.33
7.0
12.67
1.0
2.0
2.0
-6.0
2.33
-1.33
5.67
-1.0
7.67
-2.33
2.67
-1.33
3.67
8.67
2.0
-0.33
1.33
6.67
0.67
-1.67
4.0
2.67
6.33
2.0
-6.33
-3.67
12.67
13.67
10.33
11.0
5.67
1.0
-5.0
14.33
9.0
10.67
6.67
7.33
1.67
-0.33
1.0
6.0
15.33
7.67
-0.67
-3.67
1.0
4.67
0.0
-2.67
7.33
2.33
0.0
3.67
-10.33
4.33
8.67
3.0
1.67
4.67
5.67
-1.67
-6.67
1.33
5.33
1.0
7.33
5.0
5.33
-1.0
4.0
6.0
9.67
5.67
10.0
4.33
4.33
5.0
9.67
-2.67
14.33
-2.33
3.0
5.0
0.0
0.0
9.0
2.0
-1.67
-6.67
1.0
-2.0
-3.67
4.67
-8.0
5.67
-0.67
-5.67
9.33
8.67
5.0
-6.33
5.33
9.67
3.33
14.0
6.33
10.67
10.33
12.67
5.67
7.0
-0.67
-6.33
-4.67
4.33
-4.33
4.33
5.0
-1.0
1.0
10.67
-2.0
2.33
2.67
-1.67
10.0
-4.33
6.67
4.33
10.0
-1.33
0.0
2.33
2.67
5.33
-2.33
0.67
7.67
8.0
-5.0
4.33
1.33
4.67
-7.33
4.33
2.0
3.33
-2.67
-3.67
-1.0
11.67
5.0
5.0
2.0
2.0
0.0
3.67
1.67
-2.33
-3.67
7.67
3.33
-1.67
-1.0
1.0
10.67
-1.33
13.33
3.33
-1.67
12.33
3.33
1.33
-4.33
3.67
-2.33
-0.67
-3.67
-3.0
2.33
-0.67
1.67
2.0
3.0
5.67
9.0
5.33
0.67
3.33
3.67
8.0
9.0
14.0
1.33
14.0
10.67
7.0
3.67
1.33
3.33
-5.33
4.33
-0.33
4.33
5.0
8.33
6.0
-1.0
11.0
-3.33
6.0
1.67
5.33
2.33
5.0
15.33
-2.0
6.67
1.0
4.0
0.67
3.67
-1.67
-2.67
-2.0
-2.33
3.67
10.67
1.67
0.67
1.67
2.33
2.0
-5.33
7.33
3.33
0.33
3.0
-0.33
2.33
4.67
2.33
9.67
-1.67
4.0
0.0
0.0
-1.67
5.33
1.0
-1.0
5.67
3.33
-1.67
-0.33
0.67
0.0
4.67
6.0
-0.33
-2.67
-0.33
2.0
-1.33
-0.67
-1.0
2.33
1.33
-2.0
-1.33
0.67
6.33
6.0
-6.67
3.67
8.67
-1.67
1.33
1.67
1.33
8.67
0.33
4.0
0.0
-1.33
4.33
-0.33
0.0
-7.33
-3.33
2.33
0.67
3.0
6.33
5.0
2.0
2.33
5.0
0.0
1.67
5.33
-3.0
0.33
2.33
4.0
-3.67
-1.0
3.67
3.33
0.0
3.33
9.0
1.33
1.33
2.33
-2.33
-0.67
-0.33
-4.33
1.33
-1.33
-1.0
5.67
4.0
8.0
6.0
5.67
3.33
-1.67
-7.33
8.67
-1.0
6.33
2.67
1.67
-0.67
-3.33
-1.67
-2.0
