0.0
-61.33
18.67
-2.33
-24.67
-20.67
-78.33
-31.67
-45.67
-0.67
-106.67
-4.67
5.33
-11.33
77.67
49.67
25.0
-9.33
-22.67
3.33
-18.0
-4.33
-11.33
-4.67
-2.0
8.33
6.67
-7.67
2.0
4.0
1.67
-2.33
-0.33
-4.33
-1.67
-0.33
-0.33
-0.67
-1.67
-0.33
3.0
0.0
0.33
0.67
2.33
0.0
-0.67
-0.33
-0.67
0.0
-1.0
-0.33
-0.33
0.0
0.0
-0.33
0.0
1.0
-0.33
0.0
0.33
1.33
0.0
-0.67
0.67
-0.33
0.67
-0.33
-1.0
-0.33
2.0
0.0
-0.33
-0.67
0.0
-0.67
-1.0
0.33
-0.33
-0.33
0.0
-1.0
1.0
-0.67
-1.0
0.33
-0.33
-1.0
-1.0
1.33
0.33
1.67
1.33
0.67
1.0
-0.33
-0.33
0.0
0.67
-0.33
-1.67
0.0
-2.67
-0.33
-1.33
-0.33
0.0
0.67
0.33
0.33
1.0
-1.0
-0.67
-2.33
-1.67
5.33
-1.33
-1.33
-1.67
6.0
-0.33
4.0
-2.67
0.67
2.33
0.33
3.0
3.0
-1.0
-1.67
3.0
-0.67
4.67
2.0
3.33
0.0
3.33
2.0
-2.33
2.67
0.0
-1.67
-0.67
2.33
-3.67
-0.67
2.0
5.33
1.67
0.67
0.0
5.67
-3.67
8.0
-0.33
1.0
-2.67
0.0
9.67
5.33
2.67
7.67
2.33
-0.67
-1.67
2.33
11.0
8.0
8.67
-1.0
1.67
2.33
3.67
-1.67
0.67
3.67
2.33
6.0
3.0
-3.0
2.0
0.67
3.0
0.67
6.33
4.67
5.0
4.67
7.67
3.67
6.33
-3.33
3.33
4.67
-4.0
5.67
5.67
10.0
1.67
-2.0
2.33
-4.0
-1.67
2.67
6.33
0.0
-0.67
2.0
-4.0
0.67
4.33
1.0
5.33
1.67
6.0
7.67
-1.67
0.67
-1.33
4.33
1.33
6.33
2.0
-1.33
1.67
0.0
0.67
1.67
1.0
-2.0
3.0
11.0
-1.33
-1.67
2.33
4.33
-1.67
3.33
7.67
2.67
1.33
1.33
5.33
-3.33
11.0
4.33
-2.0
-1.0
-1.67
-1.67
11.33
5.0
6.33
0.0
6.0
0.33
-2.0
-3.0
0.0
1.0
0.67
5.33
-3.67
10.0
-2.67
2.67
3.67
-0.33
-0.33
5.0
0.67
3.67
4.33
-7.33
4.67
0.33
8.33
9.0
8.0
2.67
2.33
-0.33
5.67
9.33
5.0
0.0
2.33
6.0
1.0
-2.67
4.33
2.33
4.33
7.67
2.33
-3.67
-1.0
2.33
12.0
2.33
-1.0
4.0
4.0
1.0
3.33
-2.67
2.0
5.67
-2.0
-4.0
8.67
3.67
7.0
1.0
3.67
1.0
1.33
5.33
7.0
6.67
5.0
4.0
1.33
5.0
1.33
4.33
4.0
-4.0
4.67
2.67
0.33
-2.33
0.67
3.0
-1.33
7.33
6.0
1.0
1.0
0.0
0.0
8.67
0.33
2.33
3.0
1.0
1.67
2.0
2.67
5.0
-5.67
0.0
4.0
-1.33
2.0
6.33
-3.67
2.33
8.33
1.67
2.0
3.0
1.67
3.67
0.33
1.0
7.0
-2.33
1.0
3.0
2.67
1.0
-1.0
2.67
6.67
1.67
2.67
-4.33
-3.33
-1.33
5.67
2.67
5.33
-1.0
1.67
4.67
-0.67
4.67
6.33
-0.33
6.0
-3.33
9.33
-1.33
7.33
2.0
4.33
4.33
-1.0
9.67
-0.33
2.67
9.33
0.0
-2.0
3.67
3.0
2.33
5.33
3.33
1.67
-0.33
-1.33
1.33
-2.0
-1.33
8.0
-0.67
4.0
2.0
0.67
4.0
-3.0
9.0
5.33
-4.0
1.33
6.0
-3.67
2.33
0.33
-2.0
8.67
5.33
-1.0
4.67
4.33
6.0
2.67
3.67
-1.0
0.67
1.33
0.33
3.33
0.33
-3.33
4.33
-2.33
0.67
-0.33
2.0
-0.33
2.67
-1.33
1.0
3.0
-0.67
-3.33
2.33
4.67
-0.33
-6.67
5.67
8.33
2.67
5.33
0.0
0.67
3.67
2.33
6.0
1.33
-0.33
-1.67
5.33
1.67
4.0
0.33
1.33
1.0
-4.67
-0.33
2.0
-2.67
0.67
1.0
0.0
0.0
1.67
1.0
1.67
0.67
-2.0
0.67
3.0
1.33
0.0
-0.33
0.67
1.33
-3.33
4.0
2.0
3.33
3.0
-1.33
-1.67
-3.67
1.67
3.67
-2.33
0.33
2.0
7.33
2.33
-2.33
-3.0
5.67
-2.0
3.0
0.33
1.0
-2.0
7.33
-2.33
2.33
-5.33
0.67
-2.0
1.0
1.67
-1.33
3.0
-1.33
-2.67
-1.33
-1.67
1.33
-3.67
3.67
5.67
-0.33
7.67
-2.0
1.67
-4.0
7.67
-5.0
4.67
3.0
4.0
1.33
1.67
-2.67
1.0
1.33
-1.67
4.0
0.0
3.33
-1.33
2.67
-0.67
1.0
2.33
2.0
6.67
0.67
3.0
-0.67
-1.0
-4.0
-2.0
1.0
1.0
-1.67
1.0
1.67
4.33
1.0
-3.0
0.67
0.67
-0.67
1.33
-5.0
-1.67
0.67
5.33
-0.67
5.0
-2.33
3.33
-0.33
3.0
1.33
2.0
-2.0
2.0
0.0
2.0
8.0
-1.33
3.67
-1.0
-1.67
-1.33
1.0
4.67
0.67
-6.0
-4.0
1.33
-2.33
1.0
0.0
2.67
-0.67
-4.33
-1.0
-1.33
4.33
2.33
1.0
-2.0
5.67
3.67
1.0
-1.0
5.0
2.33
-2.33
2.0
-2.0
0.67
2.0
-0.33
-1.33
-2.33
-4.0
0.67
-1.33
2.33
1.33
-1.0
0.0
2.67
-1.0
-2.67
2.0
-2.67
-0.67
-0.67
-3.67
-2.33
-2.0
0.67
-2.0
-5.33
-3.67
1.67
-0.33
-4.33
1.67
-0.67
-3.67
5.0
2.67
-4.33
0.33
-4.33
-2.67
-1.33
-6.67
-1.67
-1.0
-2.0
-1.33
6.67
1.33
-2.67
-3.33
-5.33
-2.0
1.33
-2.67
-3.0
0.33
-0.33
2.0
1.0
-1.33
-1.0
-0.33
0.33
2.67
2.67
-1.33
1.33
-4.0
-5.67
3.0
-2.0
1.67
-6.67
1.0
0.67
-0.67
0.0
6.67
2.0
-1.33
1.33
-7.0
2.0
-1.67
4.33
-3.0
-2.67
-1.33
0.0
-7.67
-3.0
-1.0
0.67
-3.0
4.0
2.67
-2.67
-1.67
-6.0
0.33
-7.0
-0.33
2.0
-1.67
4.67
-1.0
3.67
-2.67
-3.67
-1.33
4.0
-3.0
-1.33
5.0
-2.33
6.67
-5.67
-2.33
2.67
-2.33
-5.0
-3.0
1.67
-2.0
-4.33
3.33
-1.33
2.33
-1.0
-5.33
4.33
5.67
4.33
-1.33
-4.67
0.0
1.0
-0.67
-7.33
-6.0
-4.33
2.0
-0.33
-8.0
-7.33
-3.0
2.33
0.33
5.33
2.0
5.0
-6.0
1.33
-2.67
1.33
-3.0
0.0
7.67
-2.67
1.67
5.0
1.33
-3.33
0.67
0.33
1.0
10.67
0.33
9.0
18.67
10.0
15.67
17.67
31.33
12.0
25.33
18.0
19.33
14.0
23.33
20.0
23.67
27.33
13.33
27.0
35.67
22.33
3.33
13.33
2.0
15.0
5.67
2.33
9.33
9.67
-0.33
0.33
4.33
-3.67
-6.33
1.67
2.67
-2.33
-6.0
3.33
-1.0
9.0
-0.33
1.0
-3.0
-0.67
2.33
3.0
1.33
1.0
-1.0
-1.0
-6.67
-1.33
-3.33
-5.33
-1.33
-2.0
-0.33
0.33
-1.67
-2.0
-0.67
9.0
2.0
-4.0
4.0
-3.33
-4.33
6.67
3.0
-1.67
-5.67
-3.0
0.67
0.33
-0.67
0.67
-1.33
-0.33
-3.33
4.33
-4.33
-3.33
-5.67
10.67
0.67
-4.0
6.0
-4.33
-4.0
-6.33
-8.0
9.0
-2.0
-2.0
6.33
-4.67
-2.33
-4.67
5.33
-0.33
0.67
-1.33
0.0
-4.67
2.67
0.0
5.33
-3.0
3.67
1.0
3.0
-1.0
-9.0
-3.0
2.67
1.67
-1.33
2.33
-11.33
-3.0
-3.67
0.0
6.67
-7.0
0.0
-3.67
-1.67
-1.0
3.33
6.0
-0.33
-4.33
-3.67
2.67
-4.0
-11.67
8.0
0.33
2.33
8.67
0.33
-2.33
7.0
1.67
-2.0
-6.0
5.33
-9.33
-3.33
0.0
-6.0
-8.33
-3.33
-2.33
-0.67
-5.33
2.33
-4.0
1.33
3.33
-3.0
-2.67
-1.67
-0.67
5.67
2.33
1.67
-4.67
0.33
-5.0
-6.0
-2.0
-2.33
-4.33
8.67
2.67
3.0
0.67
-7.33
5.67
0.33
-0.67
-5.0
2.0
1.33
2.33
-2.67
3.33
-8.67
3.67
3.67
-4.33
-5.67
-1.67
1.33
-7.67
-8.0
0.33
-0.67
6.33
9.0
0.67
-2.0
-4.33
2.0
-0.67
1.0
-3.0
2.33
-0.33
-3.67
3.0
-1.0
-4.33
-0.67
1.67
3.67
3.67
1.0
-0.33
7.67
5.67
9.33
1.0
15.33
7.67
17.0
15.33
1.67
25.0
15.0
10.67
13.33
8.67
17.0
17.0
12.0
20.33
17.33
11.33
15.67
17.0
15.0
15.33
21.67
11.67
8.67
10.0
-0.33
2.0
2.67
5.33
11.0
6.67
5.33
2.33
4.0
12.67
5.0
7.67
6.33
14.0
7.33
-0.33
8.33
2.67
6.33
2.0
4.67
8.0
3.0
-2.0
1.0
6.0
0.67
-3.0
6.33
2.67
2.33
0.0
-1.0
10.67
7.33
6.67
13.33
12.0
-3.67
21.67
9.67
6.0
-2.33
2.0
6.0
14.0
6.33
6.0
1.33
7.33
5.67
3.0
1.67
3.67
3.0
10.33
10.0
2.33
1.33
9.0
10.33
7.33
6.33
7.33
2.33
8.33
2.0
8.0
8.67
3.0
7.0
-1.0
8.0
4.67
3.67
2.33
1.0
6.0
8.0
4.0
4.67
0.33
11.33
2.0
10.0
8.33
0.67
5.33
11.0
6.0
13.67
-0.67
18.67
1.33
3.0
10.67
-5.67
5.67
9.33
13.0
7.33
11.33
14.33
3.67
11.33
11.0
10.67
7.33
5.67
4.67
4.33
7.33
-4.0
2.33
12.67
7.33
6.0
8.0
11.67
7.0
12.0
6.33
9.33
-0.33
7.67
16.67
8.33
13.0
0.67
9.33
15.0
13.0
7.67
-11.0
0.0
-1.0
0.0
16.67
10.67
13.33
-5.67
6.33
6.67
15.67
-0.67
1.67
0.67
3.67
7.33
-1.33
9.33
9.33
5.33
3.67
2.67
7.67
4.0
5.0
13.33
5.67
3.33
3.0
1.0
2.67
12.0
9.0
3.33
3.67
8.0
14.33
6.67
6.67
9.33
2.33
14.33
12.33
5.33
9.0
3.67
8.33
6.67
13.33
4.67
-4.67
9.67
8.0
13.67
12.0
5.33
8.33
-0.33
9.67
0.67
11.0
14.33
4.33
8.33
14.0
11.0
-1.0
9.33
10.33
19.67
27.67
8.33
-1.0
-2.67
1.67
9.33
7.0
8.33
10.0
2.67
9.0
4.67
15.67
10.0
14.33
-2.0
-0.33
0.33
20.0
11.33
11.0
16.0
13.67
6.33
22.67
10.0
11.0
14.0
12.0
13.67
12.33
24.0
22.33
24.33
25.33
19.67
15.33
14.33
20.67
23.67
19.0
15.0
14.67
27.0
12.67
21.67
27.67
23.0
53.33
37.33
53.33
45.0
45.33
58.67
74.0
90.67
77.33
77.0
84.33
85.0
112.0
83.0
95.0
107.67
97.0
117.0
94.0
107.0
114.0
112.67
120.67
74.33
86.0
78.33
68.0
97.67
68.0
58.33
50.67
45.33
46.0
44.0
22.67
27.67
26.67
28.67
15.33
10.33
14.67
22.33
6.33
5.33
5.67
15.33
15.33
9.0
12.67
16.0
9.67
17.67
-2.0
9.67
5.0
4.67
14.0
12.33
15.67
0.33
11.33
1.67
5.67
3.33
4.33
5.33
12.33
1.0
4.0
13.67
11.0
7.33
7.0
-0.67
5.67
14.0
23.0
8.0
3.0
0.0
11.33
1.33
4.33
16.33
-5.67
14.67
6.33
-1.33
1.0
-1.0
9.67
14.0
-5.67
6.33
16.67
8.0
4.67
5.67
7.67
-0.67
12.0
6.0
18.0
12.33
7.67
18.0
14.33
12.33
16.0
5.33
13.33
8.0
11.67
10.33
8.33
0.33
16.33
9.67
7.67
11.33
7.33
8.33
10.67
8.0
14.67
-11.33
9.0
0.0
9.0
7.67
9.33
15.0
2.33
13.67
1.33
11.0
1.67
7.33
4.67
16.67
9.0
8.33
4.67
11.0
9.0
8.0
3.33
6.67
-1.0
13.33
12.33
10.0
1.33
13.0
7.0
10.67
-4.0
-0.67
6.0
14.0
2.67
5.33
4.67
5.33
10.0
4.0
0.0
11.33
8.67
13.33
12.67
10.67
-5.33
9.33
6.67
8.0
-1.0
15.67
13.33
7.67
9.33
14.67
14.33
9.33
10.67
8.33
11.0
-1.0
10.67
11.0
26.0
1.33
10.33
14.0
1.33
13.67
18.67
7.0
-1.33
14.33
-5.67
22.33
0.67
-2.0
21.33
11.0
14.0
22.67
21.0
19.67
22.33
25.33
24.33
17.0
32.0
43.0
15.67
37.33
32.67
30.0
27.67
30.33
21.67
39.33
37.0
20.33
22.67
23.0
40.0
33.0
24.0
20.0
23.33
11.67
28.67
9.0
14.67
22.0
9.33
15.67
3.67
16.33
5.33
8.67
21.33
18.33
23.0
20.67
-8.33
5.0
14.0
2.33
14.33
-1.0
12.0
16.33
10.33
6.33
23.0
21.0
8.67
3.67
10.0
0.33
12.0
10.0
3.33
11.33
0.33
9.0
8.33
14.67
0.67
3.33
10.67
-0.33
27.0
2.67
4.0
18.0
-1.0
1.0
10.33
-1.0
18.0
-4.33
4.0
6.33
8.33
1.33
2.33
12.67
4.67
7.33
15.0
14.0
4.33
16.0
10.67
4.0
11.33
-1.33
14.33
1.33
8.67
10.67
17.0
9.67
-3.67
1.0
7.0
-10.0
-6.33
15.67
5.67
7.33
6.33
3.0
2.67
2.33
-1.33
-4.33
-8.67
6.0
-0.67
11.67
9.0
-0.33
5.33
9.67
-11.67
-1.67
4.67
9.67
1.67
-1.33
4.0
10.33
-1.33
4.33
12.33
4.33
-10.0
5.0
-4.0
0.67
15.0
4.67
2.67
1.33
10.33
-9.67
8.33
-2.33
12.67
5.0
5.0
4.0
-4.67
9.0
13.67
1.33
2.67
7.67
-6.67
11.67
17.33
5.0
4.0
11.0
12.0
3.0
4.33
15.0
5.67
-6.67
-5.33
5.0
14.67
1.0
-0.33
6.0
0.67
-2.67
-1.67
13.67
7.0
7.0
9.33
1.33
-7.33
9.67
-10.33
3.0
5.67
2.67
2.0
5.67
3.0
6.0
-1.67
-5.0
1.33
11.67
-0.67
8.33
1.33
5.0
9.67
-6.0
2.0
-6.0
2.0
3.33
5.67
3.67
-6.0
1.67
3.67
-0.33
-2.33
7.67
4.67
-3.0
-3.33
4.33
1.67
6.67
4.33
-2.0
13.67
4.33
-1.0
4.67
6.33
11.67
13.67
5.33
6.0
7.67
-2.0
-3.0
13.33
-4.0
1.67
9.67
5.33
1.67
4.67
2.0
5.0
9.33
2.67
10.33
-1.67
2.0
6.67
2.0
3.33
6.33
1.33
2.0
9.67
-0.33
8.33
10.67
1.0
-3.33
-6.33
-1.33
7.33
5.33
9.33
0.33
-6.0
10.33
5.0
-2.67
2.0
2.0
6.0
8.67
6.67
0.0
2.33
4.33
2.0
3.67
5.33
2.33
-0.33
-1.0
10.0
7.0
-5.0
6.0
0.0
2.33
-1.67
-2.0
-4.0
-1.67
2.67
2.0
7.67
0.33
-6.67
-1.67
8.67
4.0
2.67
6.33
3.67
3.33
8.0
2.33
10.67
6.33
8.67
0.67
3.0
-0.67
-5.33
-0.67
17.33
1.67
-2.67
5.0
-3.0
11.0
8.67
-1.0
1.33
4.67
5.33
2.0
-1.33
-0.33
3.33
3.0
-2.33
1.0
-5.67
0.67
2.33
-1.33
2.67
3.67
8.0
-7.0
5.33
-5.67
-5.33
-7.33
3.33
1.0
5.33
-0.67
-0.67
4.0
10.67
4.0
2.0
-4.0
11.0
1.0
2.67
1.67
-1.33
1.33
4.67
5.33
3.33
4.0
3.0
5.67
-3.33
8.33
1.33
9.33
4.33
-3.67
0.33
-3.33
-6.33
6.67
1.33
-0.67
3.0
-0.67
9.33
-0.33
3.0
6.0
6.67
5.0
3.33
9.67
4.33
4.67
3.0
11.0
10.0
1.33
2.0
1.67
0.0
1.67
4.33
3.33
-3.33
6.33
12.67
-1.67
6.0
6.33
3.0
9.0
13.0
-0.33
4.0
-1.33
5.33
3.33
6.0
0.33
5.0
4.67
-2.0
3.0
7.67
8.67
6.33
-7.67
2.0
1.67
-4.33
3.67
-4.33
-2.33
4.67
1.33
7.0
-1.33
9.33
3.33
-1.67
1.0
-0.33
-3.67
0.67
2.33
-3.33
1.33
8.0
3.0
4.0
-1.67
2.33
4.0
-7.0
-1.33
-0.67
-0.67
-0.33
2.67
4.0
1.67
0.0
6.67
-3.67
-1.33
-1.0
1.67
-2.67
-2.0
5.33
1.33
2.0
6.67
-1.33
-1.67
2.0
2.33
1.67
0.67
2.33
0.33
-2.33
3.33
-0.33
2.33
0.0
3.0
1.67
8.33
-2.33
2.0
1.67
0.67
-2.67
1.67
-1.0
6.33
-4.0
-2.0
3.33
2.0
-8.0
-3.33
5.33
1.0
-0.67
2.33
1.0
-4.67
1.0
-1.33
-3.67
2.0
2.33
3.0
6.33
-0.67
1.33
-1.33
0.33
-2.33
-3.33
5.33
-4.33
1.0
-0.33
-3.0
5.0
4.0
1.67
-3.67
1.33
0.67
0.67
2.0
3.33
1.67
-0.33
-4.67
0.67
0.33
1.0
