0.0
-28.33
10.67
43.67
42.33
-80.67
-21.33
52.33
-7.67
-31.67
-61.67
78.33
5.33
17.67
46.67
73.67
3.0
61.67
-9.67
7.33
18.0
-6.33
13.67
15.33
-4.0
-0.67
-0.33
3.33
3.0
8.0
0.67
7.67
-4.33
2.67
0.33
-0.33
-2.33
-1.67
-1.67
-1.33
0.0
0.0
0.33
-1.33
-0.67
0.0
0.33
0.67
-0.67
1.0
1.0
-0.33
-0.33
0.0
1.0
0.67
1.0
1.0
-0.33
0.0
0.33
-0.67
1.0
1.33
0.67
-1.33
-0.33
2.67
-1.0
-0.33
1.0
0.0
-0.33
0.33
0.0
-0.67
-1.0
0.33
-0.33
0.67
1.0
-1.0
0.0
0.33
-1.0
-0.67
-0.33
-1.0
-1.0
-0.67
0.33
-1.33
-0.67
1.67
1.0
-3.33
0.67
2.0
-0.33
3.67
-1.67
3.0
1.33
-0.33
-1.33
0.67
0.0
0.67
-1.67
-0.67
2.0
0.0
-0.67
-1.33
-2.67
4.33
-0.33
1.67
-2.67
0.0
-3.33
-2.0
0.33
1.67
6.33
0.33
0.0
0.0
-1.0
-0.67
0.0
-0.67
0.67
-1.0
1.33
-4.0
2.33
4.0
-3.33
3.67
0.0
-0.67
0.33
5.33
3.33
2.33
5.0
0.33
7.67
0.67
0.0
2.67
-3.67
-1.0
0.67
-5.0
-0.67
8.0
6.67
5.33
-4.33
4.67
2.33
-1.67
2.33
0.33
0.0
3.0
5.67
-5.0
-2.33
11.33
-0.33
-0.67
-0.33
9.67
11.33
5.0
0.0
-4.0
-1.0
-0.33
4.0
-1.33
4.33
4.67
8.0
9.67
8.67
9.67
2.33
-3.33
1.33
1.67
-4.0
6.67
1.67
2.0
3.67
5.0
1.33
0.0
2.33
8.67
5.33
1.0
5.33
1.0
-4.0
2.67
1.33
5.0
6.33
10.67
10.0
6.67
3.33
0.67
6.67
-3.67
0.33
3.33
8.0
3.67
0.67
5.0
2.67
4.67
-3.0
5.0
2.0
-2.0
1.67
-5.67
6.33
6.33
-1.67
3.33
0.67
-1.33
6.33
4.33
-0.67
-3.33
8.0
3.33
-4.0
5.0
-6.67
4.33
3.33
10.0
0.33
3.0
2.0
7.33
-8.0
-6.0
0.0
9.0
3.67
6.33
-4.67
5.0
4.33
2.67
0.67
2.67
-2.33
5.0
-4.33
3.67
6.33
-3.33
2.67
4.33
5.33
2.0
7.0
3.67
9.33
-4.33
-0.33
4.33
1.0
7.0
-1.67
1.0
0.0
-0.67
-0.67
1.33
8.33
4.67
1.33
2.33
6.0
6.33
3.0
-1.67
-5.0
5.0
5.0
1.0
6.33
7.33
4.0
-2.33
-2.0
-1.0
-4.33
2.67
7.0
3.0
3.67
4.0
1.33
3.33
8.0
1.67
8.0
-2.0
-2.67
4.0
2.33
3.33
-2.0
4.0
-1.33
4.67
0.33
0.67
-1.33
7.0
7.67
2.33
0.0
4.0
2.0
3.0
0.0
4.67
-0.67
-5.67
14.0
-3.0
-0.33
1.0
3.67
0.0
3.33
0.0
6.0
-3.33
4.0
3.33
-3.67
7.33
1.33
3.67
6.0
4.0
8.67
6.67
-3.67
1.0
3.0
-2.33
-1.0
8.0
4.67
2.0
7.0
-0.33
-0.33
-1.33
-1.33
-0.33
0.67
0.67
1.67
-2.33
0.33
-1.0
0.67
6.67
4.33
1.67
2.33
-0.33
4.0
-0.33
9.33
5.67
0.33
1.0
9.33
2.33
2.0
1.67
0.67
-0.33
-0.67
1.0
-1.0
-3.33
6.0
3.33
1.33
-0.67
2.67
-1.33
-3.33
-0.67
7.0
-1.33
1.0
2.33
2.0
-3.0
-0.33
4.0
0.0
-2.0
-2.67
-3.0
-0.67
3.0
-7.67
-1.67
2.33
1.0
-1.33
4.33
0.0
1.67
0.33
1.0
-0.33
2.67
1.0
1.67
8.33
3.33
-3.67
7.33
-6.33
0.33
1.67
-2.33
4.67
3.0
2.67
-4.33
3.67
4.0
-2.0
1.33
-1.33
1.33
4.67
-5.33
-2.67
-2.33
1.33
5.67
4.33
4.0
2.67
2.67
-2.67
0.0
0.33
-0.33
-3.67
3.33
2.67
4.0
-3.67
6.33
-6.0
-1.67
2.67
1.0
-0.67
5.67
-7.0
-1.0
-1.0
3.67
4.0
0.67
-2.33
1.0
4.67
-1.0
2.33
0.0
-1.33
-4.33
6.33
-5.33
2.0
-2.0
2.33
7.0
-1.33
0.33
-4.67
-0.33
-2.33
-2.33
-0.67
-4.0
-0.67
5.33
-5.33
-2.0
2.67
2.0
3.0
2.33
3.0
-2.0
-1.67
-0.33
-2.67
-2.33
4.67
1.0
-1.0
-2.33
2.67
1.0
0.67
0.33
0.67
-1.67
-1.67
0.33
0.67
2.67
1.67
1.67
0.0
5.67
-1.0
-1.33
1.0
1.67
2.0
2.0
2.33
-0.33
6.33
0.0
0.33
3.33
-1.0
0.0
1.33
4.67
2.67
-1.67
-1.0
2.33
-4.0
-0.33
-0.33
2.0
0.33
-1.0
-1.0
2.0
0.0
3.0
0.33
-1.0
-0.33
1.33
-1.0
0.0
-2.33
0.67
2.33
5.33
-1.0
-2.67
-0.33
3.33
-2.67
0.0
1.67
5.33
1.67
0.0
3.33
3.0
-3.0
-1.0
4.0
-1.0
3.0
5.67
-2.33
0.0
-1.67
1.67
-1.0
0.67
0.67
0.0
-2.0
-1.67
1.67
1.0
1.0
-0.33
3.33
-0.33
-1.0
-0.33
-2.67
1.33
-2.0
-2.0
1.67
-0.33
4.0
-4.0
1.0
2.33
3.67
1.0
0.0
0.67
4.0
1.67
-0.33
-0.33
7.0
-2.33
-2.33
2.33
-0.67
0.0
1.0
-2.33
-1.0
-4.67
-4.0
-0.67
0.33
2.33
-2.67
-6.33
-5.0
-0.33
-1.0
-2.33
0.33
2.67
8.67
-0.33
-0.33
1.33
-3.67
0.0
1.67
-1.33
0.33
0.67
2.33
-4.33
-2.67
-3.67
-3.0
0.0
4.67
0.67
-1.67
0.33
-3.33
-3.33
-10.0
-4.67
-1.67
2.0
3.33
0.67
0.0
-3.0
-2.33
-3.0
-2.33
-3.67
-0.33
-1.33
3.67
0.33
-4.0
-3.67
3.0
-2.0
-4.33
-6.67
-2.0
3.67
-2.67
-4.0
8.67
5.0
6.67
3.33
-1.0
-2.0
-0.67
1.33
-3.0
3.33
-2.33
-6.0
-2.67
-2.0
-1.0
-8.33
4.0
1.0
-2.33
-1.67
-1.67
1.0
1.33
-6.0
-2.33
0.0
-3.67
-3.33
1.0
-2.33
-2.67
-0.67
-7.33
-2.0
-5.0
-4.33
-1.0
-3.33
-4.33
0.33
-7.33
-2.33
-6.33
-3.0
-2.0
3.67
-2.0
-1.33
0.33
-3.33
-1.67
3.0
-6.33
-1.67
3.67
0.33
-5.33
-8.67
-3.0
-1.0
-3.67
-6.33
-5.0
0.67
-1.0
-2.33
-1.0
-2.33
2.0
-1.67
4.33
0.33
2.0
-3.0
-2.0
-1.67
-0.67
3.33
-4.0
-1.0
-2.33
-0.67
-3.33
-4.0
-2.67
3.67
-0.33
-3.67
12.0
10.67
3.33
10.0
14.67
19.0
15.67
16.67
22.33
22.0
30.33
15.0
23.33
22.0
25.33
26.0
30.67
25.33
25.33
33.0
13.67
5.33
26.33
17.33
15.0
11.0
5.67
0.33
4.33
1.67
5.67
3.33
2.33
9.33
-2.33
-3.33
3.67
0.67
-4.0
-0.67
0.0
-1.0
-6.33
-7.0
-1.0
-1.67
1.33
-7.0
-4.67
-1.0
4.0
-7.0
6.33
-9.33
-0.33
-0.33
-4.33
-7.0
0.67
-2.67
-10.67
-4.0
0.33
7.0
5.0
-3.0
-1.0
-2.33
-4.33
-2.33
-2.0
1.33
-2.67
-2.0
-2.33
4.33
4.33
-0.33
-5.33
-4.33
-9.33
-2.67
1.67
2.67
-2.67
2.67
-1.33
-2.0
-2.0
-4.33
-6.0
0.67
3.0
4.0
1.0
-5.0
-3.67
-6.67
-2.33
-2.67
-0.67
6.67
-1.33
-4.33
-2.0
-3.67
-3.33
-5.0
2.33
0.0
4.67
-1.0
-7.0
-5.0
-9.0
-2.0
-2.33
-1.33
-4.33
0.33
0.67
4.0
-5.67
-2.0
-7.33
0.0
1.0
0.33
-1.67
3.0
9.33
0.0
-8.33
6.67
5.33
-8.33
-4.0
-15.67
-2.0
5.33
-5.67
-5.33
-0.67
-0.33
-3.0
8.67
2.0
5.0
4.33
-8.33
1.67
0.0
-1.0
-5.33
-1.33
5.67
3.33
-0.33
-2.67
-5.0
-1.67
-0.67
-8.0
3.33
1.33
0.33
0.67
6.33
5.67
-5.67
-4.67
-8.0
-3.0
0.0
-1.33
6.67
0.67
-1.33
2.0
-10.33
-0.33
-4.33
3.33
1.33
-4.0
3.0
4.33
-6.67
1.33
20.33
-9.67
4.67
14.67
4.67
0.33
-8.67
4.33
2.33
0.0
2.33
-2.67
5.33
1.0
3.67
6.0
-0.33
12.0
-3.67
-6.0
5.0
-5.67
1.67
-5.67
5.0
3.0
-2.33
2.33
3.67
8.67
-3.33
1.0
3.67
4.67
12.67
8.33
5.0
15.33
11.67
12.0
16.33
14.67
12.0
13.0
14.67
22.33
9.67
10.0
23.0
26.0
7.33
15.33
4.33
11.67
15.0
9.0
26.33
16.67
14.67
18.67
10.0
3.67
7.0
9.67
4.33
3.0
3.67
7.33
3.33
-6.0
-0.33
11.0
3.67
9.33
10.0
9.33
6.67
5.33
7.67
7.33
4.0
6.67
8.0
11.0
6.0
0.0
0.0
0.67
-3.0
2.33
1.67
5.33
3.0
3.0
7.67
12.33
6.67
11.33
-6.0
-5.67
10.67
4.67
2.0
7.67
-1.0
2.0
7.0
5.33
0.0
4.33
10.33
12.67
0.0
10.67
0.67
5.0
9.33
3.0
5.33
-0.67
-1.0
5.33
8.33
8.33
0.33
-0.67
9.33
8.0
10.0
-1.33
10.0
6.0
7.0
5.0
3.67
17.67
18.33
6.0
4.0
13.0
5.0
16.67
10.33
2.33
9.0
10.0
5.33
-5.33
1.33
6.0
12.0
9.67
-5.67
11.67
-1.67
9.0
7.67
7.33
4.67
6.33
4.0
13.33
0.33
14.33
16.67
13.33
18.0
12.67
9.33
11.67
10.67
-1.67
7.33
12.0
4.33
-0.33
10.33
7.0
9.0
4.67
4.0
12.0
14.33
11.33
20.67
0.67
10.67
6.33
5.0
5.67
0.33
1.0
1.0
5.67
4.0
-3.0
0.0
12.0
1.67
7.67
6.33
5.33
2.33
6.67
13.67
16.33
2.67
-2.33
7.67
13.33
1.67
0.33
7.33
3.33
6.67
-2.33
7.67
6.0
10.0
10.33
4.67
6.33
6.0
9.0
11.67
3.0
10.0
-4.67
11.67
15.0
1.33
5.67
7.67
4.33
12.33
14.33
-2.67
14.33
8.0
4.67
7.33
10.67
5.33
15.67
6.33
11.67
2.0
-2.33
0.0
7.33
18.33
17.67
3.67
-0.33
8.0
4.33
14.33
11.33
14.0
16.0
6.0
5.33
3.33
11.67
4.67
9.33
7.0
1.33
9.67
7.33
6.0
-0.67
16.0
-2.33
7.0
14.67
7.67
1.0
7.33
15.0
-0.33
13.33
11.0
14.33
-5.0
15.0
7.67
15.33
28.67
6.0
6.0
17.0
15.0
19.67
14.33
29.0
22.33
33.33
22.33
21.67
16.33
31.33
17.67
12.67
23.0
6.0
16.67
20.0
36.67
22.67
14.67
22.0
45.33
28.33
41.33
34.0
51.33
59.67
62.0
76.67
83.33
99.0
83.33
107.0
94.0
97.0
106.0
109.67
119.0
109.0
117.0
113.0
115.0
97.67
120.67
99.33
94.0
91.33
75.0
77.67
69.0
49.33
70.67
33.33
56.0
33.0
26.67
22.67
13.67
16.67
12.33
15.33
12.67
19.33
21.33
10.33
3.67
0.33
7.33
11.0
8.67
27.0
7.67
7.67
0.0
8.67
-1.0
11.67
17.0
9.33
16.67
3.33
11.33
6.67
10.67
9.33
7.33
15.33
14.33
3.0
11.0
7.67
10.0
1.33
3.0
0.33
16.67
14.0
13.0
4.0
0.0
7.0
8.33
8.33
9.33
10.33
6.33
12.67
1.33
13.67
12.0
15.0
10.67
15.0
-2.67
14.33
-0.33
-2.0
1.67
19.67
9.67
1.33
1.0
14.0
17.0
8.33
12.67
17.0
7.33
5.33
5.0
3.33
16.33
7.0
13.67
16.33
10.33
0.33
9.33
12.67
13.67
4.33
14.33
11.33
7.67
-6.0
24.67
8.67
13.0
9.0
15.0
4.67
8.33
21.0
0.33
10.67
-2.67
21.0
11.67
2.33
17.67
6.67
4.0
-3.67
4.67
5.0
11.0
6.0
7.33
-5.33
0.0
7.33
10.33
-3.0
11.33
5.0
10.0
15.67
3.0
3.33
1.0
14.0
5.67
-7.67
4.67
1.33
2.0
6.0
0.0
8.33
1.67
5.33
12.67
5.67
-5.33
12.33
11.67
7.0
8.0
14.67
4.33
-8.33
-2.67
8.67
12.33
10.33
20.67
16.33
1.0
15.0
7.67
15.0
13.0
8.33
4.33
14.0
9.33
4.67
3.67
-6.0
4.67
11.33
9.33
16.33
14.67
7.0
9.33
10.0
18.0
24.67
18.0
31.67
22.33
15.33
32.33
14.0
26.0
45.0
27.67
11.33
44.67
41.0
21.67
39.33
8.67
38.33
28.0
33.33
37.67
32.0
41.0
26.0
10.0
26.0
24.33
24.67
32.67
18.0
20.67
15.0
-4.67
13.67
3.67
6.33
10.33
11.67
4.33
17.33
19.0
9.67
4.67
2.0
12.0
1.33
1.33
-1.0
7.0
12.33
5.33
17.33
22.0
4.0
4.67
-6.33
11.0
2.33
5.0
5.0
3.33
10.33
-1.67
6.0
4.33
5.67
6.67
8.33
17.67
6.67
8.0
3.67
11.0
12.0
-6.0
1.0
3.33
0.0
-2.0
14.67
1.0
5.33
-0.67
12.33
9.33
9.67
4.67
9.33
2.0
6.0
-2.67
4.0
16.67
8.0
17.33
6.67
5.33
5.33
12.67
21.67
14.0
8.67
4.33
15.0
8.0
7.0
5.67
10.67
4.67
0.33
26.33
-1.0
7.67
0.33
6.67
8.67
-5.67
4.0
5.33
-8.33
4.0
2.67
9.33
-6.33
2.33
-3.67
8.67
12.67
2.67
7.67
4.0
-4.67
-1.33
13.33
12.33
4.33
13.0
14.0
3.0
8.67
0.0
-2.33
-1.33
12.33
3.33
4.33
1.33
-4.33
8.67
-6.0
8.0
7.0
-2.67
3.0
-2.33
6.33
6.67
5.67
6.33
-2.33
7.33
-4.0
2.0
15.0
8.0
3.0
5.33
-5.0
-0.33
-2.67
0.67
2.0
5.67
-2.0
-1.33
-2.0
5.67
5.33
1.33
-0.33
-1.0
6.0
3.33
-0.67
-8.33
0.67
-2.33
-2.0
4.67
-6.33
-2.0
3.67
-2.0
0.0
6.33
-2.0
-1.67
7.67
-0.67
4.33
1.33
6.0
7.67
5.0
0.0
-10.0
2.0
3.33
-5.33
-0.33
8.0
5.67
8.67
-3.33
-6.33
2.67
2.67
2.0
-1.33
-2.67
7.67
9.67
8.33
4.0
3.67
5.33
1.0
-3.33
3.33
3.67
9.67
11.33
1.0
7.67
8.0
10.0
4.33
7.0
5.67
0.67
7.33
0.67
1.67
3.0
9.0
11.33
5.67
5.33
4.33
4.0
3.67
-3.0
7.33
0.33
1.33
2.0
10.67
-6.33
-1.67
2.67
9.0
5.67
11.67
2.67
1.33
3.33
5.33
3.33
6.0
-1.67
-1.0
5.33
-1.0
9.0
0.0
1.67
0.67
2.0
5.33
2.33
5.0
-2.33
-1.67
5.33
5.67
1.0
-3.0
9.0
-9.0
3.0
-1.0
-0.67
-1.67
-3.0
9.0
4.33
7.67
-4.0
0.67
0.33
1.33
-1.67
3.67
4.0
-4.33
9.33
4.67
-0.67
5.0
2.33
6.67
2.33
-0.33
-2.33
2.0
5.33
-5.33
-5.67
2.33
2.67
9.33
3.0
1.0
4.0
10.67
1.0
3.33
-5.33
-1.67
10.0
-0.33
1.67
12.33
6.0
-1.33
1.0
-0.67
4.67
2.33
2.67
15.67
1.67
5.0
6.0
1.33
-3.67
-1.33
-11.33
9.33
8.0
2.33
1.33
-0.67
-6.0
5.67
7.0
4.0
1.0
4.0
1.0
2.67
8.67
0.67
0.33
2.67
2.33
1.33
5.0
-1.0
8.67
1.67
5.33
-4.67
2.33
8.33
0.33
2.33
-3.33
0.67
8.67
-1.67
2.33
-2.0
-1.67
7.33
-0.33
1.0
4.0
0.67
0.0
4.33
10.67
5.33
-1.33
6.0
9.0
1.0
0.33
5.0
-5.33
3.0
-2.33
7.33
2.33
-10.33
-0.67
-3.33
-0.67
8.0
-1.67
1.0
6.0
7.0
1.67
3.0
-5.33
2.33
-0.67
3.0
7.33
0.0
-0.33
-1.0
4.0
5.67
11.67
0.33
-6.67
4.0
3.67
-1.33
6.67
-0.33
6.67
-4.33
7.33
-1.0
2.67
8.33
2.33
4.33
-1.0
0.67
-5.67
6.67
-1.67
-1.33
8.33
-1.0
-5.0
-3.0
1.33
2.33
4.0
0.0
1.67
4.33
3.33
-4.33
0.67
1.0
2.67
-6.0
-0.33
-5.67
0.67
0.0
-1.33
-1.67
-5.0
2.33
6.33
0.0
0.67
5.67
13.33
4.0
2.33
4.67
4.67
-1.67
4.33
-5.33
-1.67
-1.33
3.33
5.0
0.0
2.67
5.33
-0.33
6.0
-0.33
0.67
-0.67
1.67
1.0
-3.67
6.0
-2.0
0.33
-5.0
-2.0
5.67
3.33
3.0
1.33
6.33
9.0
-0.67
-1.0
1.67
6.33
7.0
3.33
3.0
1.33
-2.67
3.33
-3.33
-4.67
2.67
-0.33
5.33
2.67
-1.0
-1.33
2.0
4.0
8.0
1.67
2.33
1.33
-3.33
1.67
5.0
2.33
6.67
-3.33
2.33
2.67
0.33
-3.0
