0.0
8.0
41.33
38.33
-32.0
42.67
32.0
25.67
33.33
-103.0
-56.67
-48.0
27.0
24.67
-77.0
-18.33
-64.67
-13.67
8.33
-11.33
-29.33
9.0
-10.33
-38.0
-9.67
-18.33
10.0
3.0
-9.33
-3.33
0.67
-2.67
-3.33
-3.33
-2.33
-3.67
2.67
-2.0
1.33
-0.67
0.0
-2.0
-0.67
-1.33
-0.33
-0.67
1.0
0.33
0.0
-1.67
-0.33
-0.33
-0.33
0.0
-0.33
0.0
-0.67
0.0
-0.33
0.0
0.33
0.67
0.67
0.67
0.0
0.0
0.0
-0.67
0.0
-0.67
1.0
-0.67
0.33
-0.33
0.0
0.0
-1.0
0.67
0.33
0.33
0.33
0.0
0.0
-0.33
-0.67
0.33
-0.33
-0.33
-0.33
-0.33
0.33
0.0
-0.33
-1.0
0.33
-0.33
-0.33
1.67
0.67
1.33
-1.33
2.0
-0.67
2.33
1.67
1.33
3.0
1.0
0.67
-1.0
2.0
1.0
1.0
-1.0
0.0
0.33
6.33
-2.0
-2.0
2.0
0.67
0.0
5.67
-1.33
-1.33
-1.67
0.33
1.67
5.67
3.67
0.67
-4.0
-6.0
1.67
-4.67
-3.67
1.33
-3.33
2.33
7.33
-2.33
3.0
2.0
-3.67
7.0
3.33
0.0
3.33
3.0
-1.0
1.33
2.67
0.0
1.0
6.0
-2.0
-1.33
1.0
-3.33
-4.67
0.67
5.67
-1.67
3.67
4.67
3.33
7.33
-1.33
3.67
5.0
-2.33
-0.33
5.33
-0.33
-6.33
-4.0
-4.33
3.0
-1.33
-1.33
5.67
-1.0
0.67
0.0
-6.0
0.0
-1.0
3.67
-4.0
-5.33
-2.67
-1.67
2.0
4.33
-2.67
2.67
-3.33
6.33
-2.33
3.33
4.0
3.0
9.67
0.67
5.67
-2.33
0.0
1.67
-1.33
1.33
3.67
4.0
6.67
-3.33
2.0
8.33
-2.0
-1.67
2.33
-6.67
-3.0
3.33
-1.33
-4.0
8.0
-0.33
-1.0
1.67
-1.67
2.33
0.0
7.67
0.67
-2.33
5.33
-1.0
-0.67
-4.67
-1.67
1.33
-3.0
1.33
6.0
-0.33
6.0
5.33
3.33
-0.67
-1.67
2.0
-3.33
3.67
4.33
11.67
-1.33
-6.33
1.33
-10.0
2.67
0.67
0.67
-2.0
-4.67
-1.67
-3.0
-7.0
2.67
1.67
5.67
0.33
1.67
-3.0
3.67
-4.33
0.33
-2.33
4.67
4.67
3.33
2.0
5.67
-6.0
8.67
1.67
-0.67
0.0
5.0
-5.67
2.67
4.33
-0.33
-1.33
-6.33
8.67
2.0
0.33
5.0
-1.33
-2.0
1.0
-0.33
10.67
-3.67
4.33
3.33
-4.0
-1.67
-2.67
9.0
-2.0
7.0
3.0
-1.67
5.0
7.33
-0.67
3.33
7.67
-3.0
-5.67
1.67
-3.0
8.33
6.67
3.67
4.0
-1.67
9.0
0.0
-2.0
2.33
-1.33
3.33
9.0
3.67
3.0
-3.0
-1.33
4.67
0.33
-3.0
-1.0
-3.0
4.0
-1.67
7.67
-0.67
5.67
6.0
-2.67
4.0
5.33
-0.33
2.0
-2.0
2.0
1.0
2.67
4.33
3.0
3.33
-0.67
1.33
3.33
-2.67
-3.0
-3.67
1.0
7.67
6.0
5.0
-5.33
-3.33
2.67
-3.33
3.67
-6.0
-2.0
-0.67
1.0
2.0
-0.67
-1.33
-0.33
3.0
-0.67
-0.67
2.0
2.67
6.0
2.0
4.0
-1.0
-1.67
-0.67
-1.0
-4.0
6.33
2.0
-0.33
1.67
5.67
9.0
-0.67
0.33
-5.0
-3.0
0.0
4.33
-1.0
3.0
1.67
4.67
-0.33
2.33
0.0
-2.0
0.33
5.33
0.33
-0.33
0.0
-0.67
1.67
3.67
-0.67
-4.67
-1.0
2.0
-2.33
-4.33
0.33
-1.33
-1.67
2.67
1.33
-0.67
0.0
-1.67
2.67
-4.33
1.33
0.33
-4.33
2.0
0.67
-3.0
5.33
0.0
-2.0
0.33
-1.67
0.0
2.0
-2.33
0.33
8.33
-2.0
3.0
2.33
0.67
3.33
-2.67
-2.33
1.0
-1.0
-5.33
-5.33
6.0
0.33
-0.33
-1.0
2.0
-1.33
0.0
2.67
0.0
-4.0
7.0
-0.33
0.33
1.67
3.0
3.0
1.33
0.67
-4.33
0.67
3.33
-0.33
1.0
-2.33
-3.67
-0.33
2.33
7.0
-6.0
-2.67
-3.0
-4.33
0.0
2.33
-4.0
-3.0
-2.33
-3.33
3.67
-4.33
-1.33
5.33
-0.33
-3.67
-5.67
-1.67
0.67
0.0
2.33
1.67
0.67
0.67
0.33
0.33
-3.0
-1.67
0.0
8.0
0.0
0.0
0.67
-5.0
1.67
2.0
-3.33
-1.33
-1.33
5.67
-0.67
4.67
3.67
3.0
3.33
2.67
0.67
-1.0
-1.67
1.33
3.33
-4.0
0.33
2.0
1.33
-0.33
0.67
-2.0
-4.67
-3.67
1.67
2.0
-0.33
0.0
-0.67
2.0
-2.67
0.67
4.67
0.33
-2.33
-4.0
-1.0
1.33
-0.67
-0.33
-1.0
1.67
0.67
-1.0
1.0
-2.0
1.67
0.33
0.0
8.33
3.67
1.67
4.0
-0.67
4.0
-1.67
-0.33
6.33
-2.0
1.33
-3.0
0.0
-3.67
3.67
-4.33
-2.33
-0.67
3.67
-5.67
-0.67
-2.0
1.0
-6.0
3.33
-0.67
-4.33
5.0
-2.67
0.67
-3.33
0.0
-2.33
-3.33
-5.33
7.33
1.0
1.0
3.0
-0.33
3.33
-4.67
-4.33
2.0
2.33
1.67
1.0
0.0
-2.0
-8.0
0.67
1.33
-4.33
0.67
3.0
-1.33
-2.0
-0.33
-2.67
-4.0
-3.33
2.33
-2.0
-3.33
-2.33
-2.67
-5.0
-2.0
1.33
-2.67
-1.67
1.67
-2.33
-1.33
-2.67
-4.0
-2.67
1.67
-10.0
-1.33
-5.67
-2.0
-1.0
-5.33
-4.33
-5.33
0.67
-4.67
-2.0
-3.33
1.67
-2.33
-1.67
0.33
-5.0
-4.67
-2.33
-3.67
-4.0
-8.33
-5.33
-5.0
-3.0
-7.33
-1.33
-5.33
0.67
-1.0
-6.0
-2.0
-4.33
-2.67
-4.67
-3.33
-2.33
2.33
-6.0
-8.33
-3.33
-1.0
-5.67
0.67
3.0
-2.67
-3.67
-3.67
-3.0
-1.67
-2.67
-5.67
-2.0
-0.67
1.67
-4.33
3.0
-4.67
-10.67
-5.33
-9.67
-6.67
-4.67
-6.33
-0.33
-5.33
-4.67
2.67
-2.67
-4.0
-7.33
1.67
-8.33
-2.67
-7.67
-3.67
-0.67
-8.0
-6.0
-6.0
-6.33
-8.0
-4.0
-3.33
1.0
-3.67
-8.33
-2.33
-6.0
-3.0
4.33
-3.67
-8.67
-7.33
-0.67
-8.33
-3.0
-4.33
-3.67
-7.33
-3.0
-3.33
-9.67
-5.0
-7.0
-8.0
-14.67
-6.33
-6.33
-5.33
-4.33
-8.33
-5.0
-6.0
1.33
-6.67
-3.67
-6.0
-6.33
-2.33
-4.33
-14.33
-5.67
-1.67
-7.33
-6.33
-6.67
-6.33
-0.67
-3.0
-8.67
-5.33
-5.0
-8.67
-7.0
7.0
1.33
-7.67
-9.0
-3.33
-4.0
-0.67
-10.0
-8.0
-1.33
-9.33
-10.0
-5.0
-11.67
-6.67
-10.67
-2.67
3.0
-8.67
-7.67
-5.33
-5.33
-11.33
-8.67
-4.33
-8.0
-6.33
-11.0
-6.33
-6.33
-6.0
-6.0
-14.67
-8.0
-1.0
-6.33
-5.67
-12.33
-11.33
-6.0
-5.67
-5.33
-3.67
-9.0
-3.67
-10.0
1.67
-0.67
-8.67
-10.67
1.0
-5.67
2.67
-4.67
-5.33
-5.33
-6.67
4.0
-5.0
-3.0
-4.67
-12.0
-6.67
-4.67
3.33
-3.0
-8.0
-3.0
-2.33
-6.33
-11.33
1.33
-17.0
-11.33
-1.33
-5.0
-0.33
-8.0
-9.33
-6.0
-6.0
-13.67
-10.67
-8.33
-6.0
-10.0
-3.67
-8.0
-16.0
-1.0
-10.33
-10.33
-5.67
-3.67
-2.0
-5.0
-0.67
-2.0
-11.33
-7.67
-9.0
1.0
-2.0
-12.0
-8.0
-2.33
-7.0
-4.33
-4.67
-10.33
-11.33
-10.67
-10.33
-15.0
-4.67
3.0
-8.67
-1.0
-2.0
-9.33
-2.67
1.33
-3.0
-7.0
-5.0
-1.67
-12.33
-5.33
0.0
-7.33
-9.33
3.33
-2.67
-4.67
-6.67
-2.67
-6.67
-1.67
-13.67
2.0
2.33
-3.0
5.67
-7.67
-3.67
-4.33
2.67
-3.33
-11.33
3.0
1.67
-7.33
-10.33
-6.0
-9.0
-2.67
-4.67
-2.67
-8.33
-2.0
-11.67
1.0
-6.0
-0.67
-16.33
-3.67
-3.67
1.33
-6.33
-12.0
-11.33
-7.33
-10.0
-5.67
-8.67
-0.33
-6.33
-6.0
-8.33
0.67
-2.0
2.0
-1.33
5.33
-4.33
-3.67
-2.67
-6.33
-10.0
-6.33
3.33
-11.0
-1.67
-5.67
-9.0
-1.67
-5.0
-4.0
3.0
-2.33
-6.0
2.67
-4.33
-11.33
3.0
-1.33
-2.0
0.33
-8.67
-1.67
-6.0
3.67
2.67
3.67
-6.67
-1.67
-2.0
5.67
0.0
0.0
-3.33
7.67
1.0
-0.33
2.67
5.0
1.67
-3.33
5.0
11.67
23.0
11.67
21.33
20.33
14.33
21.0
18.33
11.67
15.0
43.67
29.67
27.67
36.67
31.33
38.67
30.67
28.67
28.67
19.67
29.0
20.0
23.33
22.67
12.0
12.33
13.0
13.33
8.67
1.0
10.33
6.0
-1.0
0.33
0.0
9.0
7.0
-1.67
-2.33
13.0
1.67
5.33
2.33
12.67
6.33
-4.67
-0.33
-1.0
4.33
-3.0
16.33
-2.67
-7.67
6.33
0.0
-4.33
6.67
-3.67
0.0
3.33
-1.0
-8.0
-2.0
3.67
9.33
2.0
3.33
-4.67
-1.67
-0.67
8.0
5.0
2.0
0.33
0.0
2.33
-1.0
3.67
-4.0
-3.0
1.0
-2.33
6.33
-2.0
2.67
-8.0
4.0
3.33
5.33
-0.67
-4.33
5.0
-7.0
-2.33
1.33
0.33
3.33
2.0
8.67
1.67
7.0
-0.67
5.67
3.0
5.33
1.33
5.0
6.0
1.0
8.67
0.33
8.67
-6.33
-4.67
-2.33
4.33
4.33
3.0
-1.67
1.0
9.33
-8.33
-0.67
2.67
1.0
6.0
8.33
-0.33
14.0
7.0
7.67
-2.33
5.0
8.0
6.0
0.67
3.0
12.67
0.33
9.33
4.33
2.67
10.67
-2.0
8.33
11.0
9.67
4.33
-2.67
3.33
6.67
6.0
5.33
4.33
9.33
-3.33
8.67
24.0
22.0
12.67
-14.0
6.33
1.67
2.33
3.67
2.67
-4.67
2.0
10.67
4.33
11.67
3.0
11.0
11.33
6.67
3.67
4.33
-3.0
4.33
1.33
-3.0
-1.33
-3.33
5.67
1.0
-1.0
-3.67
-4.33
6.67
8.0
4.33
15.67
10.33
1.67
16.0
2.67
7.0
-0.33
3.0
2.67
6.67
5.67
4.33
-5.67
-2.33
1.0
5.0
-3.0
-1.33
5.33
5.67
10.67
-1.67
8.67
0.67
1.67
-1.33
1.0
0.67
17.67
1.0
11.33
-3.67
12.33
3.33
4.0
5.33
12.33
2.67
1.0
13.0
0.0
1.33
4.67
0.33
-0.33
10.33
6.33
13.67
4.33
16.0
3.33
11.0
1.0
8.67
3.33
14.67
-0.33
10.33
11.33
11.33
6.67
9.33
5.0
1.0
2.33
13.67
7.67
4.33
1.33
8.0
2.0
10.67
5.0
9.0
7.67
15.67
26.67
12.67
24.0
24.0
20.67
33.67
44.33
68.33
63.0
77.33
89.33
91.67
108.67
132.0
144.33
176.0
171.0
208.33
223.33
198.0
202.0
245.67
260.0
251.0
250.67
268.33
274.0
309.0
254.67
269.67
292.33
258.33
281.0
237.33
214.67
223.0
209.33
189.0
172.0
170.0
111.67
116.0
81.67
77.33
52.67
55.67
36.33
39.33
41.0
17.33
24.0
14.33
10.0
24.67
13.67
11.67
7.67
6.33
4.33
8.33
4.0
-1.67
10.33
4.33
14.67
7.33
2.33
10.67
10.0
3.0
11.67
-1.33
6.67
4.0
11.0
3.33
1.0
12.33
2.0
7.67
5.0
14.0
-0.67
8.67
-3.33
-3.67
9.0
0.67
-3.0
16.0
-4.33
10.0
-2.67
9.33
10.33
14.0
7.33
1.67
3.33
-9.0
-0.33
6.67
-4.33
-5.33
17.0
5.67
1.33
12.67
10.0
3.0
8.0
0.33
8.67
8.0
11.67
10.67
13.67
5.33
4.0
5.33
5.33
5.0
10.67
13.33
11.33
-2.67
2.0
0.33
12.0
1.33
0.0
11.0
11.33
0.0
14.33
4.67
4.67
7.0
4.33
-4.67
-8.33
6.0
11.67
4.0
1.33
1.33
-1.33
13.0
5.67
7.33
-7.67
12.0
1.33
5.67
5.67
5.33
-0.33
-0.67
-5.67
16.67
2.67
1.67
10.67
-1.33
3.0
4.33
20.0
-2.67
-7.33
-15.0
9.33
-7.67
-6.67
3.67
-6.67
-6.0
13.67
4.67
5.0
4.33
-3.0
4.0
-7.33
4.0
5.0
-6.67
17.0
-2.33
11.0
-1.0
8.67
4.67
8.67
-1.33
15.67
0.0
-2.33
5.67
-4.67
6.33
-1.33
-7.67
-7.67
13.0
1.67
-8.0
13.33
-1.0
11.67
0.33
4.67
13.0
-2.33
-1.33
4.67
-7.33
8.67
2.67
3.0
6.33
-2.0
-2.33
1.33
-2.0
4.33
-4.33
-8.0
4.33
-9.33
7.67
9.67
-2.0
-2.67
7.67
4.67
9.0
9.0
7.0
7.67
6.67
-2.0
-2.0
-6.33
3.67
0.67
1.0
0.67
22.0
0.0
-6.0
-10.67
4.67
0.0
7.0
10.67
14.33
1.67
2.67
-1.33
-7.0
-2.33
-7.0
10.33
-2.33
9.33
7.33
15.67
13.67
1.67
2.67
8.0
2.0
-8.0
-0.67
21.0
1.33
18.33
0.67
-15.67
4.0
6.33
9.67
7.0
1.67
-3.67
2.33
-0.67
-6.67
3.0
-0.67
1.67
-0.67
3.67
15.33
11.0
3.33
14.0
13.0
6.0
1.67
0.67
4.33
21.67
7.67
8.0
9.33
22.33
12.0
16.67
9.33
26.67
-6.67
13.67
6.0
14.67
21.67
8.33
-3.67
9.0
10.67
7.0
16.67
17.0
13.33
16.67
-5.0
7.0
7.33
7.67
13.0
5.67
8.67
2.0
3.0
-2.67
23.0
-1.67
-4.33
-17.33
10.33
-0.67
0.67
-2.0
7.0
0.0
1.67
9.0
9.33
8.0
0.67
-16.0
4.67
4.33
-1.67
-4.0
-9.0
-8.67
1.33
0.33
-2.0
0.0
-1.0
-8.0
-2.67
-0.33
-6.0
7.0
5.67
5.0
4.0
1.33
6.0
-0.67
4.0
3.67
3.67
2.0
-5.67
3.67
0.67
-0.33
-2.0
1.33
7.33
-5.33
0.67
-3.67
-17.33
-9.67
-4.0
1.33
5.67
6.33
-6.33
-0.33
-0.33
4.67
1.67
4.0
1.67
-1.67
-4.67
7.67
1.67
5.0
7.67
-1.33
2.67
5.67
-3.0
7.0
10.67
0.0
-9.33
-1.0
1.33
-3.67
3.33
-3.33
8.67
3.33
1.67
2.33
10.0
7.33
10.0
3.67
10.0
-3.0
-5.33
-7.33
-1.0
11.0
-4.0
3.33
5.0
8.33
0.0
-4.0
11.33
8.67
12.33
3.33
14.67
-4.0
4.33
7.33
11.33
10.33
6.67
13.67
4.33
5.67
15.67
14.0
16.33
7.67
17.33
0.0
19.0
20.0
13.33
2.0
18.33
15.0
2.33
13.33
2.0
16.33
10.67
9.33
8.0
-2.0
4.33
2.0
2.33
9.33
9.33
2.0
-0.67
1.33
-4.33
4.0
4.67
-6.33
-2.67
8.33
-5.33
-3.33
1.0
-1.67
1.33
11.0
4.0
3.33
4.67
-6.0
-1.33
0.67
0.0
9.67
-5.0
2.67
-1.67
1.67
3.33
1.33
-4.67
-5.33
9.0
-3.33
8.33
4.0
10.0
6.0
10.67
4.0
-0.67
1.33
2.67
2.33
3.0
4.67
1.33
-9.33
0.0
2.67
1.67
0.67
-2.67
-1.33
3.33
-2.0
2.33
0.67
1.67
8.67
-5.0
0.67
2.33
-2.67
-4.0
-3.67
0.33
-8.0
-1.33
0.33
11.0
-2.0
-13.0
1.33
-5.33
0.0
4.67
0.67
-3.33
4.0
3.0
2.0
3.33
-3.33
-1.33
4.0
7.0
-0.33
5.67
-1.33
-2.0
-2.67
1.67
5.33
-1.0
-6.33
1.33
3.33
-7.0
1.67
-4.67
2.0
-9.0
1.33
-1.33
1.0
0.67
3.33
6.67
-2.67
5.67
2.0
-7.33
0.67
3.0
11.67
-2.0
4.0
0.33
-1.33
5.0
9.67
4.33
-3.67
3.0
4.0
2.0
1.67
3.33
-2.33
7.67
0.33
4.0
4.0
6.33
8.67
-1.33
7.0
9.0
-2.67
3.33
4.67
2.33
2.33
-2.33
9.67
7.67
1.0
5.67
2.0
4.0
8.67
16.67
9.0
-4.0
4.0
5.67
4.0
11.67
10.0
0.67
1.33
-4.33
-2.33
-1.0
12.33
0.33
7.0
1.0
-2.33
11.0
1.67
4.0
10.33
0.67
4.33
0.67
4.67
3.0
-1.33
1.0
-1.33
-1.0
-0.33
-2.67
-6.0
-1.33
-1.67
5.0
0.67
-2.67
-0.33
-3.33
4.67
4.0
-6.0
-2.33
-2.67
0.67
3.67
-4.0
-5.0
3.33
3.0
-1.33
-1.0
4.0
1.67
-1.33
4.33
1.33
-1.33
4.33
-0.33
7.0
-2.67
-0.33
-7.33
-2.67
-7.33
2.67
-4.0
-1.33
-0.67
-4.0
7.0
2.33
6.33
-3.67
3.33
0.67
7.67
-2.67
-0.33
2.67
-6.67
-1.67
3.0
-3.33
-3.67
3.0
3.67
5.0
-4.0
-0.33
1.67
-0.33
-7.0
1.33
2.33
-1.67
-4.0
-1.67
7.33
3.33
5.0
-2.33
-0.67
-0.33
8.67
-3.67
-1.67
8.67
-2.67
0.67
-2.67
11.0
1.0
0.67
3.67
7.67
4.33
-0.33
7.0
6.67
-0.67
-4.67
0.0
0.67
1.0
1.67
