0.0
-21.0
34.33
51.33
-51.0
-19.33
16.0
25.67
2.33
-42.0
-70.67
11.0
-67.0
40.67
-46.0
-31.33
8.33
19.33
11.33
-17.33
-14.33
8.0
-21.33
-10.0
-5.67
-9.33
7.0
5.0
-2.33
-5.33
-7.33
5.33
-0.33
-4.33
0.67
4.33
1.67
4.0
3.33
0.33
0.0
1.0
0.33
-0.33
0.67
-0.67
1.0
-0.67
0.0
-0.67
-0.33
-0.33
-0.33
0.0
-0.33
1.0
1.33
0.0
-1.33
0.0
0.33
-0.33
0.67
0.67
0.0
0.0
0.0
1.33
1.0
-0.67
2.0
-0.67
-0.67
-0.33
1.0
1.0
0.0
-0.33
0.33
-0.67
-0.67
2.0
0.0
-0.33
-0.67
0.33
-0.33
0.67
-1.33
-1.33
0.33
2.0
1.67
-1.0
-0.67
-1.33
0.67
-0.33
1.67
1.33
0.67
0.0
1.33
2.33
0.67
1.33
-3.0
0.0
1.67
0.0
-2.0
5.0
2.0
-2.0
3.0
-0.67
-3.67
1.0
0.0
1.0
6.67
-1.0
-2.33
2.67
1.67
0.33
9.33
1.67
3.67
1.67
-0.33
0.0
0.0
5.67
-3.67
-0.67
1.33
-0.33
2.33
3.33
-3.33
2.0
-1.0
-2.67
3.0
4.33
0.0
2.33
5.0
7.0
-0.67
4.67
3.0
3.0
9.0
12.0
8.67
6.0
2.67
0.33
2.67
-0.33
2.33
8.67
1.67
-5.67
2.33
-1.33
-0.33
5.0
0.67
-2.33
3.33
0.67
-3.33
-8.0
-2.33
-4.0
-3.33
-1.33
6.67
5.0
0.67
1.0
0.0
-2.0
-1.0
4.67
-1.0
-2.33
2.33
0.33
-2.0
8.33
2.33
-0.33
2.67
-4.67
5.67
4.33
7.0
1.0
10.67
6.67
5.67
1.67
0.0
8.67
2.67
7.33
-1.33
2.0
2.67
1.67
-2.0
8.33
2.0
1.33
5.33
4.33
10.0
2.33
2.67
-5.0
8.0
3.67
1.0
-3.33
6.33
-0.67
7.0
-2.33
2.67
-1.33
6.33
3.0
1.33
3.33
3.33
3.33
5.0
1.33
9.0
-1.33
5.0
6.33
9.33
4.33
-2.67
-4.0
-0.33
3.67
11.33
7.67
3.67
-1.33
2.33
-4.0
1.67
11.67
14.67
8.0
3.33
1.33
-7.0
-1.0
3.67
5.67
7.67
-1.67
2.67
0.0
4.67
-1.33
2.33
3.67
6.67
5.67
1.33
-1.0
7.67
0.0
2.67
0.67
7.33
2.0
1.0
5.33
1.67
5.33
-2.33
5.67
-2.33
5.67
0.0
3.33
-1.0
-5.33
-2.0
7.0
-2.33
5.67
4.33
1.33
6.33
-3.0
1.33
-2.67
3.0
1.0
9.0
1.0
0.33
4.0
6.33
6.33
6.33
8.67
-5.0
-0.67
3.67
3.0
8.33
0.67
2.67
7.0
3.33
5.0
0.0
-1.0
10.33
12.67
3.33
0.0
-1.33
8.0
-1.0
0.67
4.67
-1.67
-5.0
2.0
1.0
7.0
7.33
7.67
7.33
-0.33
9.0
0.33
9.0
7.33
3.67
5.0
3.0
0.0
1.0
1.67
2.33
-2.0
-0.67
2.33
-4.67
5.33
6.33
1.0
-1.67
-5.0
8.67
7.0
3.0
-2.33
4.67
5.67
2.67
0.67
-3.0
4.0
1.33
3.0
7.0
9.33
2.67
-3.33
6.0
4.33
3.33
6.0
4.67
-1.0
0.0
5.0
2.0
7.33
5.33
0.0
3.0
1.33
9.0
1.67
2.67
1.67
12.0
5.33
6.33
1.0
3.0
3.0
3.33
2.0
5.0
-0.33
5.67
-0.33
6.33
4.0
1.0
4.33
3.33
2.33
-2.33
5.0
-0.67
2.67
-4.33
6.33
-0.67
4.0
9.0
2.67
0.67
2.33
0.67
-0.67
-0.33
5.33
6.33
-4.0
1.33
-2.33
-3.33
-1.67
-1.67
-6.33
-1.0
0.67
0.0
1.33
-3.0
-2.0
3.33
4.33
1.0
3.0
-0.33
4.33
5.33
1.0
-2.0
5.33
5.67
10.33
-1.67
-0.33
2.0
2.0
-6.33
4.67
3.0
-1.67
-4.33
0.0
2.0
-0.33
4.0
4.67
2.0
-1.0
0.0
1.67
-0.67
-1.33
2.0
4.0
3.33
7.67
-1.33
0.67
2.33
-3.33
-1.0
-0.33
0.33
2.67
-2.67
-1.0
4.0
-2.67
1.0
1.67
-2.0
-3.67
3.0
-4.0
-6.33
-4.33
-3.33
1.67
-2.33
0.33
1.67
2.33
-0.67
0.33
-2.33
-4.0
-0.67
4.67
-2.33
0.67
-3.67
-3.67
0.0
2.33
3.0
-1.0
4.0
0.0
-1.33
-4.0
-2.33
5.0
0.67
-2.33
3.67
0.67
0.33
2.67
-0.33
2.0
2.33
3.67
2.67
4.0
-2.67
2.33
3.33
-2.0
2.33
3.0
1.33
-0.33
2.67
-4.0
0.33
-0.67
0.67
0.0
3.67
1.0
-1.67
9.0
1.33
6.67
-4.33
2.33
3.67
-2.0
7.0
0.33
2.33
-0.33
-1.0
-2.33
6.67
0.0
-3.0
2.0
2.67
3.33
-1.0
3.33
3.67
-3.33
3.0
0.33
1.0
-0.67
1.67
4.33
-2.0
0.33
1.0
1.0
2.33
2.67
-3.33
-1.33
3.33
-0.33
-0.67
0.33
3.0
-2.0
0.0
3.33
-0.67
3.67
1.0
-1.67
3.67
3.67
0.0
2.67
0.67
-2.33
1.33
5.0
0.0
-2.0
-2.33
7.33
3.33
-1.33
0.0
-3.67
1.67
-2.0
4.0
3.0
-2.0
-2.33
2.33
-2.33
0.67
-1.0
-1.33
-7.0
1.67
-4.67
3.0
-3.33
2.33
-6.0
-3.33
-3.33
-0.67
2.0
7.0
3.33
-0.67
-4.67
-0.33
-2.33
0.67
-1.67
0.0
-0.67
0.67
-1.0
-1.33
-5.67
0.0
0.0
-5.33
2.67
-2.33
-1.33
-2.67
-2.0
-2.33
-2.33
4.67
0.33
-1.67
-3.0
-0.67
-3.33
2.33
-2.0
-2.33
0.67
1.0
-5.0
-3.33
3.67
5.67
-3.33
0.0
-8.0
-8.0
-3.33
-3.67
4.33
-0.33
-4.33
-4.67
-8.0
-6.33
-0.33
-3.0
-7.67
-3.33
3.0
-4.67
-1.67
-9.67
-5.0
3.33
1.33
-4.67
-6.0
1.33
2.67
-0.33
4.0
-2.67
-6.67
-6.33
0.33
-9.67
-6.67
-4.33
-2.33
-6.33
-5.67
-1.33
1.33
-8.0
-8.33
-2.33
-10.33
-1.67
-7.67
-6.67
1.33
-7.0
-4.0
-8.0
-11.33
-7.0
-2.0
-1.33
-2.0
2.33
-6.33
-1.33
-8.0
2.0
-5.67
-4.67
-5.67
-3.33
-10.67
-1.33
-3.0
2.67
-5.67
-5.33
-2.0
-1.33
-5.67
-1.0
-6.0
1.0
-9.67
-4.33
-4.33
-1.33
-6.33
-2.33
-5.0
-6.0
-0.67
-3.67
3.33
-4.0
-7.33
6.67
-6.33
-9.33
-1.67
-2.67
-3.33
-6.33
9.33
-6.33
-0.67
-5.0
-8.67
1.67
-5.0
-4.67
-6.0
-2.0
-3.67
-4.67
-3.0
-4.33
5.0
3.33
-3.0
14.0
2.67
-0.33
1.0
11.0
10.33
19.33
12.33
16.33
13.0
11.33
8.33
6.67
16.67
7.67
10.33
12.67
5.0
13.67
0.0
6.67
5.67
1.0
-6.0
-4.67
-2.0
7.0
-4.33
1.33
-7.33
-10.33
-12.0
-11.67
-3.33
-4.67
-2.0
-7.67
-1.0
-6.33
-4.67
-8.67
-7.67
-4.0
-6.67
-3.33
-0.67
-3.33
-2.33
-7.67
0.0
-13.0
-6.0
-5.67
-4.0
-8.67
-9.67
-3.67
-3.0
-3.0
-12.0
-4.33
-13.33
-9.33
-9.67
-10.0
-6.33
-0.33
1.0
-11.33
-9.0
-12.33
-6.0
-6.0
-4.67
-8.67
-3.33
-7.0
-6.0
-0.67
-7.0
-14.0
-6.0
-13.33
-6.33
-8.67
-6.67
-2.0
-8.0
-2.67
-7.0
-5.33
-5.67
-7.0
-6.0
-3.0
-6.0
4.0
-5.33
-9.0
-11.33
-11.67
-3.33
-8.33
-8.67
-3.33
-6.0
-6.67
-5.0
-5.67
-8.0
-5.0
-8.33
-1.67
-7.67
-10.0
-7.0
7.0
-5.67
-13.33
-6.33
-1.0
-1.33
-12.33
0.33
-3.67
-4.67
-6.67
-10.67
-6.67
-12.67
-5.67
-5.0
4.33
-8.0
-1.33
-9.67
0.33
1.67
-1.33
1.67
-12.33
-1.0
-2.33
-8.33
-9.33
-6.0
-7.0
-6.67
-1.67
-4.67
-8.33
-2.0
-11.67
-5.0
2.0
3.33
-9.33
2.33
-3.67
-5.67
-11.33
-9.0
-5.33
-1.33
-18.0
-10.67
-4.67
-8.33
-5.33
-12.0
1.67
-0.33
-6.0
-4.0
-3.33
2.33
-5.33
-4.67
-9.67
-7.33
-7.0
2.67
-6.67
-4.0
4.33
-10.67
9.0
-8.67
-12.0
-2.0
0.0
-1.33
-7.0
8.67
-1.33
4.67
-5.0
13.67
-1.0
-4.67
-3.67
-4.67
-1.0
-7.33
-0.33
0.67
5.33
0.33
0.0
-6.33
-4.0
0.0
4.67
-0.33
-3.0
-0.33
-6.33
3.0
2.67
-4.33
11.0
7.67
9.0
11.67
1.33
5.33
3.33
5.0
10.33
1.67
2.0
13.67
19.67
2.67
9.67
28.33
4.67
6.67
8.67
13.67
9.67
13.0
3.0
17.33
7.67
7.0
4.33
9.0
2.33
-2.33
1.0
9.33
8.0
-6.0
2.33
-6.0
-1.0
-5.0
-2.67
-0.33
-4.0
0.67
2.33
0.33
4.67
7.33
1.33
-2.33
-7.0
-1.67
-1.0
-0.67
10.33
-3.67
2.33
2.0
9.67
6.67
-4.67
8.0
-4.67
11.0
-1.0
7.0
5.67
4.33
2.0
16.33
-4.67
3.33
10.33
2.0
0.0
-1.0
2.33
6.0
1.33
0.0
-1.33
-1.0
13.0
5.0
0.67
4.33
-7.0
4.67
5.0
-1.0
2.33
10.33
-2.67
-5.33
5.0
1.0
-3.33
6.33
2.33
3.33
0.0
-7.33
-3.33
10.0
-6.67
17.67
8.0
1.33
2.33
2.0
5.0
1.0
3.67
2.33
-1.33
9.67
9.33
10.67
2.33
3.33
7.0
7.33
14.0
6.33
-3.33
18.33
19.67
13.0
21.0
7.33
2.67
12.0
14.0
8.67
4.67
13.0
3.0
7.0
-2.33
3.0
3.67
4.33
4.33
1.33
3.67
-0.33
-2.0
10.33
13.0
9.67
12.33
-2.67
4.33
0.67
4.0
1.33
7.33
9.33
3.67
12.67
2.0
28.0
6.67
-1.0
3.33
-10.33
5.33
9.67
4.67
2.33
11.0
3.67
3.33
6.67
6.0
-2.0
5.33
7.67
5.67
8.33
7.0
6.33
14.33
-2.0
8.67
0.67
1.67
9.0
-2.0
0.33
3.67
3.67
14.0
16.33
-0.33
7.33
9.67
5.0
8.67
5.0
2.67
1.0
4.67
4.67
6.67
-0.67
7.33
10.67
7.0
9.0
2.0
8.67
7.33
4.67
6.67
0.33
1.67
17.67
3.67
9.67
6.0
13.67
6.67
10.0
7.33
4.33
6.33
1.33
8.0
4.33
6.33
-1.33
13.0
6.0
11.0
-0.67
12.67
10.33
9.67
6.33
13.33
4.67
-2.67
14.0
3.33
1.0
16.0
11.67
6.33
8.67
17.67
11.33
5.33
5.33
15.67
7.33
10.0
9.0
10.33
7.67
14.67
4.33
15.33
20.0
4.0
8.67
13.0
16.0
10.67
19.67
16.67
7.67
13.0
11.0
12.67
14.67
16.33
23.33
25.0
39.33
29.33
29.67
31.67
37.0
47.33
58.0
34.0
61.33
76.33
85.0
78.0
86.67
83.0
76.0
101.67
101.33
81.0
103.0
86.67
95.67
73.33
87.33
79.0
100.33
62.67
51.0
54.33
64.0
57.0
51.0
32.67
42.0
33.67
41.33
19.67
14.67
13.33
16.33
12.0
7.33
12.0
5.33
8.0
15.67
10.67
16.67
4.67
-0.67
-1.67
9.33
3.0
6.33
1.33
11.33
18.67
0.33
9.33
6.67
2.0
10.0
7.67
5.67
5.67
4.0
-1.0
-0.67
4.0
7.33
14.0
0.67
7.0
6.0
1.33
18.67
0.67
4.33
16.0
7.67
-1.0
8.0
2.67
11.0
-3.67
0.33
5.33
9.0
0.33
2.67
16.33
-2.0
6.67
8.67
-5.33
-8.33
11.0
-5.33
1.33
3.67
7.0
6.0
2.0
4.33
1.67
3.0
-3.33
6.67
9.67
17.33
13.0
12.33
13.33
15.0
11.67
7.33
14.33
14.33
10.0
3.33
2.0
2.33
2.0
8.0
20.33
3.0
7.33
-2.33
3.67
8.0
-2.67
5.33
20.67
-3.0
15.67
17.0
14.33
15.33
10.67
-6.0
18.67
9.33
-2.67
11.0
10.33
-1.33
7.67
8.33
-0.33
-1.67
4.33
10.67
6.67
10.67
7.67
-3.33
11.0
-0.67
4.0
7.33
-7.33
12.0
3.33
4.33
-5.67
13.67
-0.67
-2.0
4.67
2.67
-4.0
4.33
2.0
14.0
-10.33
3.0
14.0
-1.67
19.0
2.67
10.0
9.0
13.67
1.67
7.67
17.67
8.67
0.0
13.67
-5.33
15.33
5.33
18.67
1.33
-6.67
8.0
-2.33
13.0
14.33
7.0
7.67
14.33
6.67
13.0
8.67
2.67
13.67
17.67
4.67
14.67
19.0
25.33
20.0
14.67
10.33
20.0
29.33
15.67
20.0
14.33
23.67
17.67
23.67
24.0
22.33
34.67
31.67
34.0
17.0
25.0
30.67
13.67
11.0
25.0
12.67
15.67
7.67
33.0
10.67
12.0
2.0
4.0
-0.67
2.67
13.0
13.0
9.67
15.33
4.67
4.67
8.67
10.0
6.67
21.0
-0.67
14.67
25.33
14.33
8.67
5.67
-6.33
11.67
5.0
5.0
6.0
0.33
5.0
10.33
-0.67
-1.33
2.33
-11.0
13.33
15.67
11.0
14.67
2.33
8.33
5.33
3.33
3.0
4.33
-0.33
-0.67
16.67
2.33
8.0
-1.67
2.0
8.0
10.0
1.67
4.67
-6.67
23.67
7.67
11.0
20.33
5.33
13.0
7.67
12.33
6.67
10.33
13.67
5.0
11.67
10.67
7.33
13.33
15.0
10.67
12.0
1.67
10.0
0.33
27.67
-4.0
2.0
9.33
0.67
4.0
-9.33
7.67
0.0
1.0
0.33
14.0
6.33
8.67
-6.33
6.33
-5.67
5.67
-7.0
9.0
3.0
7.67
2.0
5.33
5.0
-9.33
4.0
-8.33
14.33
14.33
13.0
-5.0
-8.67
7.33
2.33
-1.0
21.0
-4.0
14.0
-4.67
5.67
-4.0
7.0
6.67
12.0
2.0
13.33
-4.0
-3.67
1.0
2.67
-0.33
19.0
9.33
-0.33
10.67
8.67
2.0
10.33
-0.67
1.67
-5.33
4.33
4.67
8.33
8.0
-3.67
3.67
-0.67
-0.33
-8.33
4.67
4.67
5.67
3.0
8.67
0.33
-11.67
-2.33
-0.33
4.0
-4.33
-2.33
4.67
-2.33
7.0
-3.0
-0.33
-11.0
-5.33
-2.0
2.33
-2.67
-5.67
7.67
3.67
-2.67
6.67
-0.67
5.0
8.33
6.0
0.67
4.0
4.0
-15.33
-0.33
1.0
-2.0
-3.0
-8.67
2.0
11.33
-6.0
10.0
8.33
3.67
15.33
5.33
2.67
10.0
8.33
6.33
4.33
-2.67
-2.33
-2.33
5.33
3.67
11.67
14.0
10.33
1.67
5.33
0.0
6.0
9.0
14.33
0.0
13.33
1.0
9.33
-3.67
5.0
7.33
9.67
4.33
0.0
12.0
2.33
7.0
-3.67
6.33
-1.67
8.0
6.33
2.33
3.67
3.0
7.67
0.67
-4.67
8.33
2.67
-8.33
2.0
4.33
-0.67
6.0
2.0
-1.67
-0.33
3.0
6.67
0.67
0.0
3.67
2.0
0.67
9.33
8.67
8.33
0.33
-5.67
7.67
11.0
5.67
0.33
-1.0
5.0
10.0
8.67
11.0
15.33
2.33
3.67
3.33
10.0
-2.33
9.33
-0.33
7.0
4.67
3.67
0.67
-0.67
0.67
-0.67
1.0
-2.67
7.67
4.67
-4.33
-5.0
6.67
-3.67
6.33
-5.0
-3.67
9.33
-4.0
-8.33
-1.67
13.0
-6.0
-8.0
0.33
-6.33
3.0
1.67
-3.33
0.67
7.0
-1.0
0.0
2.33
0.67
3.67
10.0
7.0
10.67
10.67
4.67
-1.0
-0.67
3.67
6.33
0.0
-1.33
3.33
-1.67
3.0
1.67
-0.67
-3.0
-3.0
-2.67
-5.33
-4.0
-1.33
11.33
4.67
9.33
9.67
-2.0
3.67
11.67
8.0
0.67
5.0
0.0
-5.67
1.67
3.0
1.67
-1.67
9.33
-6.0
3.0
2.0
3.67
6.33
6.67
6.67
5.33
1.0
6.0
10.33
-1.33
3.67
1.0
5.0
11.33
-3.67
5.67
5.33
-1.67
-4.33
3.67
4.67
12.0
0.67
-2.0
4.0
-0.33
3.67
8.0
7.0
1.0
4.67
-1.0
4.67
4.0
-0.33
-3.67
0.67
-3.33
4.0
0.33
-1.67
-4.0
-4.0
-0.33
4.0
11.67
7.0
-0.67
-2.33
0.33
0.67
1.67
1.0
-1.33
-6.0
1.67
-4.0
-0.33
2.33
0.0
2.67
0.33
8.0
4.67
-3.67
7.67
6.67
5.67
5.0
0.0
6.67
-3.67
-0.33
4.67
3.0
6.0
3.33
0.0
5.67
-1.0
7.0
3.67
3.67
8.33
8.33
-4.33
-0.67
-0.33
3.0
7.33
-0.33
-2.33
3.33
3.67
2.67
-3.0
-1.33
4.33
-2.0
4.0
9.33
1.33
-3.67
1.33
-0.33
5.67
0.33
5.67
1.67
1.33
-2.67
2.0
4.67
1.33
-5.0
-0.33
1.0
3.0
0.67
1.67
-1.33
-1.0
0.33
-4.67
1.33
1.0
2.33
-0.67
5.33
1.0
1.67
1.33
-0.33
3.67
0.33
-3.67
5.67
-2.67
-1.33
3.33
10.0
1.0
1.67
3.67
6.67
-1.67
2.67
-1.0
-1.33
-1.67
1.33
11.0
3.67
-1.0
3.67
