0.0
-3.0
-22.67
40.33
-5.0
-5.33
24.0
2.67
10.33
-80.0
-95.67
-48.0
-39.0
10.67
-62.0
-22.33
-23.67
-2.67
-21.67
-26.33
-5.33
17.0
8.67
-4.0
-4.67
-0.33
0.0
-6.0
-1.33
-2.33
-6.33
0.33
-6.33
-5.33
0.67
-2.67
2.67
3.0
0.33
-0.67
3.0
-2.0
-0.67
-0.33
-0.33
1.33
1.0
0.33
0.0
-1.67
-0.33
-0.33
-0.33
-1.0
0.67
0.0
-0.67
0.0
-0.33
2.0
-0.67
-0.33
0.67
-0.33
1.0
0.0
0.0
0.33
0.0
1.33
1.0
0.33
0.33
0.67
0.0
0.0
0.0
-0.33
0.33
-0.67
-0.67
0.0
0.0
-0.33
-0.67
-0.67
-0.33
-0.33
-0.33
0.67
-0.67
2.0
0.67
-1.0
0.33
0.67
0.67
-1.33
-0.33
-1.67
-0.33
2.0
0.33
0.33
0.67
1.33
-2.0
2.0
-0.33
0.0
2.0
0.0
-3.0
1.0
2.0
-1.67
-2.67
1.0
-1.0
-1.0
3.67
4.0
0.67
-1.33
1.67
-1.67
0.33
3.67
4.67
-0.33
3.67
3.0
-1.0
9.67
-1.67
-2.67
-1.67
3.67
1.33
5.33
-3.33
2.0
1.0
0.33
4.0
3.33
4.0
-1.67
1.0
1.0
4.33
-0.33
-1.0
0.0
1.0
3.0
-1.33
0.0
1.67
-4.67
-1.33
1.67
-1.67
8.67
0.67
3.33
1.33
3.67
2.67
6.0
-4.33
3.67
2.33
5.67
-6.33
-5.0
1.67
1.0
0.67
7.67
7.67
5.0
5.67
4.0
-2.0
0.0
3.0
6.67
-3.0
15.67
4.33
1.33
3.0
2.33
-2.67
10.67
-0.33
-0.67
6.67
4.33
5.0
-2.0
4.67
4.67
3.67
-0.33
2.0
2.67
-6.33
5.33
0.67
-3.0
-1.33
-1.33
1.0
5.33
-5.0
-2.67
-0.67
4.33
-1.0
-1.67
8.67
-8.0
-1.0
6.67
2.0
0.67
-4.67
7.33
2.0
-0.33
15.67
4.67
-4.67
8.0
-3.67
0.33
3.33
12.33
8.0
-0.67
0.0
3.67
3.0
4.33
1.33
4.33
-6.67
7.0
-5.33
0.67
4.33
5.67
5.67
6.67
6.33
-2.0
-2.33
-3.33
-1.33
4.0
-2.67
1.33
-2.0
-1.0
-1.33
5.67
0.67
7.33
-2.33
-5.0
0.67
-4.33
7.33
2.67
5.67
2.67
5.33
0.0
0.67
-12.0
3.67
7.67
4.33
2.0
5.0
5.33
0.67
2.33
5.67
-0.33
-0.33
-0.33
7.0
7.33
7.0
1.67
2.0
-1.0
8.67
0.67
-0.67
2.33
2.33
-6.0
-2.67
5.33
4.0
-1.0
1.0
4.0
6.33
0.0
0.33
6.33
10.33
3.67
0.0
-3.67
-1.33
-1.0
6.33
0.67
4.67
1.0
2.33
1.0
-4.0
0.0
8.33
7.67
6.33
6.0
6.67
2.0
1.0
4.67
2.67
9.33
1.0
9.0
5.0
5.0
4.33
11.67
13.33
8.67
5.0
-2.67
4.0
3.33
3.67
3.0
1.0
2.0
6.0
4.67
5.33
1.0
4.33
-0.67
-1.67
4.33
5.33
2.0
1.33
-5.0
-5.33
5.0
3.0
-0.33
3.67
10.67
-1.33
-1.33
-1.0
-1.0
4.33
3.0
-1.0
1.33
-0.33
0.67
-4.0
4.33
1.33
0.0
3.67
-4.0
4.0
7.0
1.0
-0.67
1.33
-1.0
0.0
5.33
2.0
-6.33
3.67
7.67
5.0
1.33
2.33
-1.0
2.0
1.0
4.33
2.0
3.0
4.67
5.67
7.67
1.33
6.0
-4.0
0.33
2.33
-1.67
-5.33
1.0
2.33
2.67
-2.33
4.33
0.33
3.0
5.0
2.67
-3.33
-0.67
3.67
8.33
-0.33
-1.67
10.33
0.0
-3.67
-2.33
-4.33
0.33
-1.67
-4.33
1.0
-0.33
3.0
-2.67
-1.0
4.0
0.33
-2.67
-5.0
0.0
1.67
4.33
2.33
5.0
5.0
2.33
6.67
7.33
5.33
2.67
3.0
2.0
-3.33
-2.33
1.0
-4.67
-1.33
4.0
-1.0
1.67
-1.0
0.67
0.0
1.0
3.0
-1.33
-3.67
-1.33
7.0
3.0
0.33
-1.33
2.67
4.67
-2.67
-0.33
2.0
-0.33
2.33
3.67
1.33
2.0
-1.0
-0.67
-2.0
-6.33
3.0
0.33
-2.0
-8.0
-3.33
-2.33
0.67
2.67
-1.33
2.33
0.67
-4.67
-2.67
-3.67
-3.33
-3.0
0.33
6.67
5.67
5.67
-1.67
1.33
2.0
-2.67
1.0
7.0
-2.0
1.0
-1.33
-3.0
-1.33
-3.0
0.67
-1.33
4.67
2.67
2.33
-0.33
1.67
-6.0
2.33
6.67
-1.33
3.0
-1.67
3.33
0.33
-1.0
-0.67
3.0
-1.67
-1.33
-1.33
1.0
6.33
-5.67
3.67
-1.0
6.67
2.0
5.33
1.0
-3.67
1.67
-2.33
-0.67
-4.33
-1.0
0.0
-5.67
-3.67
-0.33
2.0
-1.33
-5.33
2.0
1.0
-1.0
-0.33
-1.67
-4.0
2.33
1.67
-0.33
-2.0
-2.67
0.0
5.33
0.67
1.33
-3.0
-3.67
-2.0
1.0
3.33
1.67
-4.33
-0.33
1.33
0.67
-4.67
1.33
2.0
-3.0
-7.0
0.33
2.33
2.67
-2.0
-1.67
-3.33
-2.33
-3.0
2.67
-4.33
0.67
4.33
5.0
0.0
1.0
-0.33
-0.67
0.33
-7.33
-1.0
0.33
5.67
-3.0
2.0
5.0
0.0
1.67
-2.67
0.67
0.67
1.0
3.67
-5.0
3.67
-3.67
-1.0
1.67
-0.67
1.0
-2.33
-5.33
-3.67
-4.0
-6.0
-0.67
7.33
0.33
2.67
-2.33
1.67
0.33
-5.0
3.33
-1.33
-7.0
-1.33
-3.67
-3.0
-2.0
-5.33
-2.33
-2.33
4.67
4.33
-2.0
-0.33
-1.33
-5.33
-0.67
1.33
-3.0
1.33
-4.33
0.33
0.0
-5.33
1.67
-5.0
-4.0
0.67
-0.33
-3.33
-5.33
-2.0
-3.0
-1.0
-1.33
-2.67
-1.67
-1.33
-3.33
-7.67
-2.0
-4.33
1.67
-2.0
-6.67
-1.33
0.0
-4.67
-0.67
-7.67
-2.0
0.33
-3.67
-4.67
-4.0
-2.67
-2.33
0.67
2.0
-7.67
-2.67
-2.33
-8.67
-2.67
0.33
-8.33
-5.33
-8.33
-5.67
3.67
-0.67
-10.0
-7.33
-7.33
-3.33
0.33
-14.67
-3.67
1.33
-6.0
-1.0
-8.0
-3.33
-6.0
-6.0
0.67
-3.0
-3.67
-5.33
1.67
-3.0
-3.0
-0.67
-4.67
-5.67
-3.33
-8.67
-7.33
-3.0
0.67
-4.67
-7.33
-4.0
-4.33
-0.67
-7.0
-6.0
1.0
-9.67
-11.33
-3.33
-5.33
-9.33
-3.33
-9.0
-1.0
-6.67
-4.67
-4.67
3.0
-4.33
-6.33
-3.33
-3.33
-3.67
-2.67
-5.33
-2.33
-9.67
-3.33
0.33
-7.0
-7.67
1.67
1.0
-9.67
-1.0
3.0
0.33
-3.67
9.0
-5.33
3.0
0.33
11.0
-1.0
11.67
2.67
-3.0
5.0
9.33
13.33
0.33
18.33
28.0
10.33
16.33
17.67
22.67
18.67
21.33
1.67
3.0
1.67
11.0
3.67
12.67
5.0
4.0
-3.67
3.0
7.0
-3.33
1.33
-5.33
-12.33
-6.0
-2.67
-3.33
-6.67
-7.0
5.33
-9.0
-8.33
0.33
5.33
-13.67
-8.0
-7.67
-5.33
3.33
-2.33
-4.33
-4.67
0.0
-7.0
-4.0
-3.67
-5.0
-4.67
-2.67
-3.67
-5.0
-3.0
-5.0
-3.33
-9.33
-1.33
-10.67
-13.0
-14.33
-3.33
-4.0
-8.33
-9.0
-6.33
0.0
-10.0
-10.67
-6.67
-5.33
-9.0
-11.0
-3.67
-6.0
-22.0
0.0
-9.33
-3.33
-2.67
-4.67
-11.0
-3.0
-5.67
-1.0
-4.33
-11.67
-5.0
-10.0
3.0
-8.0
-6.0
-6.33
-8.0
-10.33
-2.67
-7.33
-11.33
-6.67
-5.33
-10.0
-3.67
-4.0
-2.67
5.0
-5.0
-10.33
2.33
-0.67
-6.0
-5.0
-2.0
-5.67
-9.33
-1.33
-4.0
-4.33
-5.33
2.33
-12.67
-8.67
-9.67
-7.67
-6.67
-15.67
-4.67
-7.0
0.33
-13.0
-1.33
-8.67
-4.67
-7.33
-7.33
-5.33
-8.33
-9.0
-9.33
-7.33
-8.33
-6.0
-13.0
-4.67
-6.67
1.33
-18.33
3.0
-10.67
-8.0
1.0
-0.67
-13.33
-3.67
-3.67
3.33
-9.33
-11.0
-1.33
0.67
-2.0
-10.67
-6.67
1.67
-2.33
-6.0
-9.33
1.67
-8.0
-1.0
-9.33
-0.67
-3.33
2.33
-2.67
-4.33
-4.0
-6.33
12.33
-11.0
-5.67
-10.67
-9.0
3.33
-7.0
-3.0
-1.0
-1.33
-5.0
-1.33
1.67
1.67
4.0
1.67
-2.0
-2.67
-8.67
2.33
-4.0
-0.33
-2.33
-6.33
-5.67
1.33
-8.0
-0.33
2.0
-7.0
-3.33
0.67
1.0
1.67
-2.33
13.0
-4.33
10.67
4.0
0.67
8.0
11.67
5.33
8.33
10.33
12.0
12.33
8.67
23.0
6.67
13.67
12.67
17.67
11.33
22.67
-1.33
26.67
7.67
14.67
14.0
-2.0
11.33
16.67
5.0
-1.67
6.0
1.33
-0.33
-8.0
-1.67
-5.0
7.0
3.33
5.0
7.0
0.0
-8.67
5.67
-2.0
-0.33
8.33
-4.67
-0.33
6.33
0.33
11.67
-3.0
1.33
2.0
-1.67
-4.67
4.33
4.33
-5.0
-3.33
4.67
0.33
-7.0
-0.67
7.0
-3.0
3.0
5.67
10.33
2.0
3.33
4.33
-2.67
2.33
-2.0
6.0
-7.0
7.33
10.0
-1.67
2.0
1.67
7.0
10.0
4.0
-0.33
-4.67
-4.0
1.67
-3.0
1.0
4.33
4.33
3.33
6.67
0.0
4.0
9.67
-2.67
4.33
1.33
-5.0
0.67
1.67
6.0
-0.67
9.67
1.0
1.33
4.33
7.0
9.0
3.0
10.67
8.33
-1.33
-8.33
-2.67
-0.33
6.33
0.33
-2.0
6.33
12.0
4.33
4.67
-3.67
-0.33
3.0
13.0
14.33
0.67
9.0
5.0
1.67
-7.33
4.0
3.0
1.0
4.67
12.0
2.67
2.33
2.33
5.33
2.67
-3.33
4.0
3.33
10.0
5.67
2.33
-5.67
2.33
0.67
2.0
7.33
0.33
2.33
23.67
1.67
6.0
3.0
-0.33
9.0
-2.67
-0.33
-0.67
4.67
15.67
-0.67
11.0
-0.33
3.33
4.67
9.0
2.0
10.33
8.67
1.67
5.33
4.0
9.33
7.33
-2.0
4.67
1.67
11.67
-2.0
9.0
-3.67
5.67
-0.33
13.0
6.33
6.67
6.33
-7.33
10.0
9.67
3.0
13.67
9.0
6.67
8.67
4.67
11.33
7.33
11.67
5.0
-3.0
6.0
6.67
10.33
6.67
1.67
9.33
10.67
11.67
0.67
3.67
3.0
4.67
5.67
6.0
3.33
0.33
4.33
1.33
11.0
4.33
-2.67
4.67
4.0
5.0
-2.0
7.33
19.67
3.33
8.67
8.33
4.33
2.67
5.33
14.0
2.33
6.0
-3.0
5.67
-0.67
5.67
11.67
8.33
16.33
11.33
22.67
15.33
4.0
11.0
13.33
29.67
3.67
10.33
14.33
21.0
5.0
18.67
18.0
16.0
14.67
15.67
10.67
5.67
9.0
28.0
22.67
25.67
19.33
25.33
25.0
41.33
41.33
45.67
54.67
50.0
65.33
56.0
62.0
68.33
59.33
93.0
89.0
77.67
76.0
89.0
95.67
78.33
105.0
113.0
104.67
92.67
97.33
89.33
74.0
85.33
92.67
71.0
75.33
76.0
60.0
47.0
30.67
31.0
25.67
18.33
27.67
15.67
2.33
12.33
26.0
16.33
15.0
12.33
13.0
3.67
10.67
6.67
1.67
3.33
2.33
14.33
9.0
1.33
5.33
3.33
13.67
-0.67
-0.67
8.67
7.0
13.0
13.67
10.67
7.67
14.0
11.0
2.33
-6.0
3.33
6.0
-0.33
7.0
5.0
1.33
14.67
7.67
14.33
14.0
0.67
-2.0
14.0
3.67
4.0
3.33
3.33
2.33
14.0
-1.67
6.67
10.33
-6.0
6.67
4.67
13.67
-1.33
14.0
7.67
4.33
4.67
-6.0
12.0
3.0
0.33
-2.33
8.0
12.67
2.67
2.67
4.33
1.0
5.33
-0.67
1.0
12.67
13.33
17.33
13.33
6.0
0.33
15.0
6.33
8.0
0.0
4.33
14.0
8.33
7.67
9.67
11.0
20.33
11.33
2.67
2.0
6.67
19.0
13.33
2.33
17.67
4.0
9.67
7.33
15.33
21.0
9.33
0.67
6.67
14.33
-5.33
0.33
3.33
5.67
2.67
3.67
14.67
0.67
-4.0
7.33
20.0
6.33
-4.33
0.0
7.33
-0.67
2.33
6.67
-3.67
-9.0
5.67
4.67
14.0
0.33
9.0
-2.0
-3.33
8.0
2.0
6.33
5.0
-2.33
6.0
3.0
15.67
0.67
6.67
7.67
4.67
-2.0
-1.33
1.67
9.33
19.33
14.67
-1.67
7.33
17.0
-2.33
11.0
6.33
7.0
11.67
22.33
9.67
15.0
-1.33
17.67
21.67
7.67
7.67
13.67
5.0
20.33
24.0
18.67
21.33
18.0
21.33
17.67
18.0
27.33
19.67
23.67
29.67
34.0
35.33
20.67
22.67
19.0
14.0
22.0
30.67
16.67
28.0
12.0
20.67
26.67
-4.33
24.0
15.67
10.0
13.0
14.0
-13.67
14.67
-1.0
3.0
22.67
4.33
12.67
22.67
-2.33
16.0
-5.33
11.0
7.33
9.67
8.33
10.33
16.67
3.67
6.67
11.67
3.0
15.0
-5.0
7.33
2.0
5.33
-1.67
-1.33
-2.67
-10.0
-1.67
13.67
9.0
1.67
5.33
5.33
10.33
-1.67
9.0
8.33
11.67
11.33
0.67
-5.67
-3.0
6.33
-2.0
-5.0
2.0
-1.33
10.67
0.33
22.67
4.67
10.0
11.33
8.33
7.0
5.67
7.33
9.67
-0.67
4.67
-7.0
3.67
10.67
5.33
10.33
3.0
11.67
4.0
16.67
11.0
7.33
12.67
-2.0
11.0
10.33
-8.33
14.0
5.67
4.67
-3.0
5.0
-0.67
12.0
4.33
-6.33
0.67
6.33
-2.67
-0.33
-1.0
-8.0
-4.0
-2.33
1.0
14.33
-4.0
3.67
-5.0
9.67
11.33
-3.67
5.0
-6.0
-10.67
-2.67
21.33
12.0
9.0
-9.0
8.0
6.33
0.67
1.0
15.0
-0.33
2.0
4.0
13.33
-10.0
1.33
4.0
8.67
-2.33
15.0
6.33
6.67
0.67
5.67
7.0
-5.67
4.33
-4.33
-2.33
-1.67
-2.33
-0.67
-2.0
-1.67
5.67
-1.67
5.67
-7.33
5.67
-0.33
6.67
2.0
3.67
-1.67
-1.67
1.67
-7.33
4.0
7.67
13.67
2.67
-1.33
8.0
2.0
15.67
1.0
-3.33
5.0
5.33
2.33
-2.67
5.67
0.67
1.33
1.67
3.33
7.0
17.33
-2.0
-4.33
5.0
1.0
-3.33
1.67
3.0
-2.0
-3.0
1.33
2.0
1.33
3.0
1.0
1.33
10.67
6.33
14.33
5.67
9.0
10.33
10.33
4.33
13.33
-7.33
-2.33
6.33
6.67
11.67
2.0
7.33
2.67
9.33
11.0
3.0
7.0
15.33
9.0
6.33
6.0
6.33
-8.67
-3.0
6.33
2.67
7.33
-1.0
1.0
2.33
0.0
-1.67
5.33
-5.67
1.0
11.33
-6.67
9.67
10.0
-6.33
-2.33
-1.67
4.33
2.67
4.67
4.0
7.33
6.33
8.0
0.0
-2.67
-0.33
2.0
-1.33
0.67
3.0
-2.33
-5.0
1.67
-4.67
7.67
0.33
-0.67
5.33
9.67
6.0
-1.33
4.33
-6.0
10.0
-5.0
3.67
0.0
7.33
12.33
12.67
-3.67
2.0
6.67
1.33
-7.33
-4.0
7.67
-1.33
-3.33
-3.67
2.67
1.33
5.0
-1.67
5.67
-2.33
-0.33
1.0
7.67
-1.67
-0.67
8.0
4.33
10.33
-1.0
-3.33
12.33
5.0
1.0
-8.0
2.33
-5.33
-8.0
6.67
-2.33
4.67
9.0
7.0
7.0
-2.67
-3.33
1.67
3.0
9.0
3.67
2.67
7.67
10.0
1.33
8.67
0.33
7.0
2.67
-3.67
-0.67
2.0
3.67
6.33
-3.0
-7.0
1.33
5.67
2.0
-3.33
7.33
4.67
11.33
2.67
-3.0
-3.33
5.67
6.0
9.67
3.0
6.0
-6.67
-0.33
0.0
8.67
-0.67
2.33
-5.0
6.0
11.0
2.67
1.33
3.67
0.67
2.33
-3.0
5.0
7.33
4.67
-1.33
4.0
1.0
3.33
2.33
0.67
0.33
12.33
-2.33
7.67
8.67
-3.0
1.67
-4.0
-1.0
2.67
-3.33
15.0
-4.0
2.0
3.67
-3.0
2.67
-4.0
-2.33
5.33
-8.33
1.67
4.0
1.33
13.33
-4.0
-2.0
-3.33
3.0
0.67
3.0
1.33
3.67
-0.67
9.67
8.67
5.0
3.67
5.0
2.67
-7.0
1.67
-3.67
-1.0
4.67
0.33
8.0
2.67
-1.67
6.67
0.67
2.67
3.0
-3.0
3.67
-1.67
2.67
7.67
1.0
-5.0
10.33
6.0
2.67
1.0
7.0
-3.33
6.67
0.33
11.33
0.67
6.33
-1.33
4.0
2.33
3.67
6.67
4.33
1.67
5.67
4.0
-2.33
3.33
-1.0
-1.0
3.33
1.33
2.33
5.33
-2.33
-3.33
1.33
-4.33
-1.33
0.33
-0.67
13.0
6.67
-1.67
2.0
-5.33
0.0
3.0
-5.33
-4.33
3.67
2.0
-1.67
-4.67
-2.67
1.0
0.33
-0.67
-3.67
-1.0
7.67
-1.67
-1.33
3.67
-0.67
2.33
4.67
-3.67
7.67
-6.67
3.0
2.0
10.67
7.67
1.67
0.33
2.67
2.0
4.67
3.33
-0.67
0.0
3.67
9.0
5.67
