0.0
22.0
35.33
59.33
28.0
-3.33
35.0
58.67
101.33
-43.0
-20.67
10.0
12.0
49.67
-42.0
35.67
17.33
-12.67
-2.67
38.67
-42.33
12.0
-7.33
-30.0
-16.67
2.67
8.0
6.0
2.67
0.67
-1.33
-0.67
1.67
2.67
-2.33
0.33
4.67
0.0
0.33
0.33
0.0
-2.0
-0.67
-1.33
0.67
-0.67
0.0
0.33
2.0
-1.67
-0.33
-0.33
1.67
-1.0
0.67
0.0
0.33
0.0
-1.33
0.0
0.33
-0.33
-0.33
-0.33
0.0
1.0
0.0
0.33
0.0
-0.67
0.0
-0.67
0.33
-0.33
1.0
1.0
0.0
-0.33
-0.67
-0.67
-0.67
0.0
0.0
2.67
0.33
1.33
-0.33
0.67
-1.33
-1.33
0.33
0.0
0.67
0.0
-0.67
-1.33
1.67
-0.33
-0.33
-0.67
-1.33
0.0
0.33
-1.67
0.67
-0.67
-1.0
-1.0
0.67
1.0
1.0
2.0
2.0
0.0
3.0
1.33
-0.67
-1.0
4.0
1.0
1.67
-4.0
1.67
-4.33
1.67
0.33
2.33
-0.33
6.67
3.67
-0.33
1.0
-8.0
0.67
-0.67
0.33
-2.67
3.67
-0.67
0.33
5.67
8.0
-1.0
-4.67
3.0
3.33
-4.0
2.33
-4.0
3.0
1.33
10.67
2.0
3.0
4.0
6.0
-4.33
0.0
2.67
0.33
1.67
-0.33
-3.67
10.67
4.67
3.33
2.33
1.67
6.67
5.0
-0.33
-6.33
2.33
2.67
4.67
1.0
0.67
-1.0
-0.33
-4.33
-0.33
4.0
3.67
10.0
0.0
-7.0
-2.0
-0.33
-3.0
4.67
-0.67
5.33
10.0
-1.67
-4.67
-0.33
9.67
2.33
6.67
2.33
3.0
3.0
3.67
1.67
7.67
-4.33
-3.0
1.67
3.67
6.33
2.67
8.0
-7.33
-0.33
6.0
7.33
-6.0
2.33
-3.67
4.33
1.0
5.33
5.67
-10.0
2.0
3.67
0.0
-3.33
2.33
5.33
7.0
-2.33
4.67
1.67
3.33
2.0
5.33
1.33
8.33
2.33
3.0
1.33
0.0
0.67
-5.0
1.33
0.33
3.33
4.33
3.0
-0.33
8.67
5.33
8.67
0.67
1.67
10.33
-2.0
-0.33
1.67
6.67
1.0
1.33
4.33
-7.0
-7.0
8.67
-0.33
-4.33
0.33
6.67
0.0
-2.33
-5.33
5.33
2.67
8.67
7.67
5.33
11.0
10.67
-7.0
6.67
0.67
-1.67
5.0
2.0
7.33
2.67
5.33
1.67
-0.33
0.67
-3.33
10.0
-0.67
-6.0
-1.33
1.0
-2.0
7.67
9.67
-0.67
-0.67
9.33
-5.0
0.33
-2.67
8.0
4.0
2.0
6.0
0.33
3.0
5.33
4.33
4.33
11.67
0.0
0.33
7.67
-2.0
7.33
0.67
8.67
5.0
8.33
5.0
3.0
0.0
7.33
0.67
2.33
5.0
-3.33
4.0
-3.0
5.67
6.67
-0.67
-1.0
3.0
1.0
8.0
0.33
5.67
1.33
-0.33
3.0
3.33
5.0
3.33
0.67
3.0
-1.0
-5.0
3.0
7.67
-0.67
3.0
4.33
-2.67
-2.67
7.33
-0.67
6.0
2.33
-1.0
1.67
4.0
4.0
-4.33
-0.33
-0.33
-1.33
-1.33
-2.0
2.0
0.33
2.0
3.0
2.33
2.67
0.67
4.0
2.33
-0.67
-1.0
0.67
2.0
4.0
5.0
-1.0
0.33
0.33
3.0
-1.0
2.33
3.0
3.67
2.67
5.67
1.0
5.33
0.33
-4.0
0.0
1.0
3.33
-3.0
2.0
6.67
3.67
1.67
4.33
-1.0
1.0
1.33
-0.67
-1.67
1.67
0.0
5.33
-0.33
-3.33
-1.67
-4.67
3.0
-2.0
-2.33
-1.33
-1.67
-2.33
3.33
-0.33
3.33
2.33
-6.0
5.33
-2.33
-5.33
-3.67
-4.67
-3.33
1.0
0.67
-2.0
0.33
1.0
5.0
-1.67
4.33
-6.0
0.0
0.67
-1.67
-1.67
-3.0
0.0
4.33
0.67
2.33
-0.67
-2.33
6.0
0.0
-3.33
0.67
0.0
-2.67
3.67
-4.0
2.0
0.67
0.0
2.67
1.0
-3.0
1.0
4.67
0.33
0.67
0.0
5.0
7.33
8.67
2.67
0.67
-2.67
-4.33
7.0
-1.33
-2.67
-0.33
5.33
2.0
-4.0
-1.67
-1.0
-1.33
-3.0
-4.67
-1.0
-4.0
-3.33
-0.33
0.67
-1.33
2.67
-2.67
1.67
1.33
-2.67
4.33
3.67
3.0
5.33
4.67
-3.33
6.67
-2.67
-0.67
4.0
-1.67
2.0
2.0
2.0
0.0
0.67
-1.0
0.67
-2.0
-2.33
-1.33
-0.33
-0.33
4.33
-1.33
3.67
-5.0
-1.67
3.67
-3.33
-1.0
0.33
1.33
-0.67
-4.0
-0.67
2.0
2.33
-2.33
0.67
1.0
0.33
1.33
4.67
-2.0
0.67
2.0
1.33
3.0
0.33
4.67
-2.33
9.33
-0.33
-1.0
7.0
2.33
1.33
6.67
-1.0
2.67
-2.33
1.0
4.0
4.0
-1.33
-1.67
8.0
-1.67
3.67
-3.33
4.0
-0.67
2.0
-1.67
1.67
1.33
-1.0
1.33
1.0
-2.0
2.33
2.67
-0.33
-2.33
0.33
-2.33
0.33
0.33
0.0
-1.0
-4.0
3.33
2.33
-4.33
-1.0
-4.67
-5.33
-4.33
-4.0
2.67
-0.33
-2.33
-1.67
4.0
1.0
0.0
-2.33
1.33
0.33
-4.33
2.0
2.33
0.67
2.0
1.0
2.0
-3.0
2.67
-0.67
-5.33
-0.33
-3.0
-3.33
0.0
0.67
-2.67
-4.0
-1.33
4.33
1.0
-1.33
-1.33
-3.67
1.0
-1.0
0.33
4.33
3.33
3.67
-4.33
2.67
-0.67
3.0
-1.67
-1.33
-10.0
-0.33
-7.67
0.0
-1.0
-3.33
-0.33
-2.33
1.67
-2.67
-1.0
-4.33
-1.33
-4.33
-3.67
-0.67
-9.0
-1.67
2.67
-1.67
-5.0
-6.33
-1.33
-5.0
-1.0
-1.33
-1.33
-0.33
-6.33
-4.0
-4.0
-5.0
-2.33
-6.67
-2.67
-0.33
-2.33
1.33
-2.0
-1.33
-4.33
-4.0
-1.67
-4.33
-1.0
-4.67
-6.67
-7.67
-3.0
3.33
2.33
-2.67
1.0
-2.67
9.67
-1.33
-3.0
-6.67
-2.67
2.67
-8.67
-3.67
-8.67
-8.33
0.67
-6.33
-3.67
1.67
1.33
-11.0
-3.33
-0.33
-7.33
-5.67
-10.67
-7.67
-0.67
-9.0
-3.0
-5.0
-6.33
-9.0
-3.0
-2.33
-3.0
-3.67
-6.33
-3.33
-3.0
-1.0
-3.67
-4.67
-1.67
-4.33
-8.67
-4.33
0.0
-2.33
-5.67
-7.33
-5.0
-1.33
-1.67
-7.0
-9.0
-3.0
-10.67
-4.33
-4.33
-1.33
-5.33
-3.33
-3.0
-7.0
3.33
-4.67
6.33
-6.0
-2.33
-4.33
-5.33
-9.33
-3.67
-4.67
1.67
-0.33
-5.67
-2.33
-2.67
-6.0
-10.67
-2.33
-4.0
-5.67
-4.0
0.0
0.33
-0.67
-5.0
1.67
4.0
4.33
-1.0
4.0
9.67
-3.33
10.0
8.0
15.33
7.33
9.33
12.33
21.0
17.33
29.33
21.67
19.67
13.67
12.33
20.67
2.0
6.67
8.0
15.67
10.67
1.0
0.0
-6.67
4.0
-3.0
-5.33
0.33
-8.33
3.67
-1.0
-2.67
-2.33
-4.67
-4.0
-6.67
-4.0
-9.33
-7.67
-1.67
-4.67
-1.0
-6.67
-5.33
4.33
-6.33
-4.33
-9.67
-2.0
-7.0
-11.0
-7.67
3.0
-11.67
0.33
-0.67
-9.0
0.0
-8.0
-3.33
-12.33
-6.33
-7.67
-7.0
0.67
-2.33
-1.0
-9.33
8.0
-7.33
-3.0
-4.0
-10.67
-8.67
-5.33
-1.0
-6.0
-2.67
-13.0
-14.0
2.0
-7.33
-2.33
-6.67
3.33
-11.0
-12.0
-2.67
-1.0
-7.33
-9.67
-1.0
-8.0
-5.0
-6.0
-4.0
-2.33
-6.0
-2.33
-14.67
-4.33
-6.33
5.33
-4.33
-2.0
-5.67
0.0
-5.67
-8.0
-8.0
-1.33
2.33
-0.67
-6.0
-9.0
-8.0
-0.67
-6.33
2.67
-5.0
-7.33
-10.33
5.33
-12.67
-1.67
-4.67
4.33
-5.67
-10.67
-10.67
-7.0
-5.67
-14.0
2.67
-2.67
-4.67
-9.33
-4.33
-5.33
-17.33
-8.0
-7.33
-1.33
-11.33
0.0
-12.0
-6.67
-0.67
-7.67
-2.33
5.0
-8.67
5.0
-5.0
5.33
-9.33
-2.67
-5.67
-6.67
-4.33
-8.0
-6.33
-8.33
-11.0
3.33
-3.67
-9.33
-5.33
-8.0
-8.33
-5.33
-6.0
-5.0
-0.33
5.33
-9.33
-8.67
-1.67
-4.33
-7.0
-5.33
6.33
-4.0
-2.67
-7.67
-5.0
-7.67
-13.0
5.0
6.0
-4.33
-12.0
10.67
4.67
-4.33
-2.0
-0.33
2.0
-7.67
-1.67
-6.67
-6.0
0.67
-5.33
1.67
-0.67
0.33
-4.0
-0.33
3.0
0.0
-9.33
-1.33
-2.0
3.67
-2.33
1.0
6.67
6.67
4.0
-1.33
15.0
10.67
19.33
5.33
16.33
13.0
16.33
12.67
17.0
19.67
7.67
13.67
24.67
18.33
14.67
3.67
16.67
15.67
9.67
12.0
11.0
10.33
9.67
-5.0
7.33
1.0
2.33
-6.33
-1.0
9.33
-2.0
3.0
-11.67
6.0
-3.0
-12.0
7.33
2.67
5.0
1.67
12.33
5.33
-0.33
4.33
-1.67
-3.33
-4.0
-1.67
4.0
2.33
-1.67
-3.67
8.33
-2.0
-2.33
-1.33
-4.67
-3.0
-0.67
0.0
-3.0
0.0
3.67
0.33
1.0
13.33
-3.67
2.33
14.33
12.0
5.0
10.0
3.33
0.0
3.33
3.0
-7.33
18.0
-1.0
4.0
6.67
1.33
-5.0
-1.33
1.0
4.0
3.33
6.33
8.33
-2.33
3.0
-1.0
2.67
1.33
-0.67
-1.67
-4.0
-0.33
4.67
0.0
-6.67
8.67
11.0
3.33
0.33
5.0
4.0
0.0
6.67
3.33
4.67
-2.33
-4.67
2.67
10.33
5.33
7.0
12.33
12.0
3.33
-2.33
5.33
0.67
13.0
7.0
13.33
7.67
11.0
14.0
7.67
-5.33
1.0
2.0
1.0
-1.33
8.0
-2.33
9.33
2.33
7.33
7.67
9.67
7.0
5.33
1.0
5.67
-0.67
2.33
2.33
7.67
0.0
4.33
-4.67
13.33
8.67
13.67
13.0
6.0
13.67
13.0
16.33
-16.33
0.33
6.67
-6.33
-2.67
18.0
4.67
5.33
-0.33
7.0
-3.0
7.33
10.67
4.67
4.33
-6.0
8.33
-9.67
4.0
0.67
0.67
7.67
5.0
0.0
4.33
-0.33
3.67
7.0
3.33
-2.33
-3.67
10.67
14.0
14.67
2.0
-3.33
12.0
12.67
6.67
2.67
3.33
10.33
1.67
8.0
-3.0
2.0
1.67
10.33
8.67
7.67
10.33
3.67
10.67
2.67
4.67
0.0
8.67
13.67
1.0
7.33
4.33
13.33
6.33
10.0
-2.67
8.33
6.67
14.0
3.0
3.0
1.33
7.67
13.33
11.67
14.33
-3.67
10.67
7.33
6.0
2.33
4.0
12.0
7.67
5.33
16.67
10.67
6.33
22.33
16.33
19.67
15.33
5.0
15.0
10.33
12.67
16.67
19.33
14.33
18.0
14.0
7.67
20.0
18.0
13.67
25.67
20.67
6.67
9.0
27.0
13.67
15.67
19.33
22.33
36.0
33.33
33.33
43.67
54.67
39.0
55.33
52.0
57.0
72.33
98.33
74.0
86.0
107.67
105.0
79.0
92.67
92.33
100.0
98.0
92.67
91.67
98.33
98.33
85.0
100.33
90.67
80.0
77.33
72.0
60.0
62.0
38.67
49.0
40.67
23.33
18.67
24.67
12.33
27.33
19.0
22.33
14.0
13.33
13.0
5.67
13.67
4.67
10.67
4.33
5.33
5.33
8.0
8.33
7.33
0.33
-6.33
3.33
4.33
9.67
10.0
-3.0
-0.33
-5.33
6.67
6.0
16.0
17.33
9.0
6.33
5.0
8.67
2.0
11.0
14.33
18.67
-1.33
8.33
9.0
7.67
2.0
12.0
3.67
15.0
-2.67
-10.67
15.33
5.0
2.33
1.67
15.33
-1.0
8.67
12.67
14.67
8.67
10.0
12.67
9.33
0.67
-8.0
1.0
-1.0
5.33
4.67
1.0
6.67
1.67
-2.33
4.33
4.0
12.33
4.33
9.0
9.67
15.33
9.33
3.33
9.0
-9.67
11.0
3.33
11.0
2.0
10.33
11.0
27.33
-4.33
16.67
8.0
-0.67
-4.67
5.67
7.0
9.67
-1.0
-0.67
8.33
8.67
7.0
10.67
3.33
9.33
9.0
6.33
7.67
-4.33
6.33
9.67
10.33
12.33
5.67
7.67
11.67
6.67
4.67
12.0
18.33
19.0
16.33
-0.33
24.0
9.33
-0.67
3.33
5.67
15.33
1.0
8.67
-7.33
-8.0
5.33
-4.0
14.0
8.67
3.0
7.0
0.33
12.0
-8.33
7.0
17.0
7.67
-0.33
7.67
0.67
12.67
4.0
-2.33
8.67
1.33
3.33
8.67
-0.67
2.33
8.0
12.67
5.0
9.33
7.0
14.67
1.33
-1.33
12.0
7.67
16.67
6.67
25.67
18.67
7.67
18.0
14.33
24.0
27.67
22.33
12.0
40.33
19.67
17.0
21.33
28.67
30.67
23.67
21.0
20.33
37.67
24.67
16.0
25.0
35.0
21.67
16.67
18.0
10.0
8.67
18.67
2.67
19.0
21.67
8.0
5.0
5.0
6.33
22.67
1.0
-3.0
16.67
15.33
14.67
4.67
0.67
2.0
5.67
19.0
3.33
0.67
2.33
7.33
13.67
0.67
5.67
-1.33
0.0
2.0
11.0
3.33
9.0
-3.67
16.33
10.67
18.33
-1.0
21.33
5.67
3.0
1.67
3.33
7.33
7.33
-14.67
2.0
8.33
-2.33
0.33
4.67
13.33
4.0
-5.67
3.0
10.0
5.0
-6.33
14.67
-12.67
4.67
12.67
12.0
17.33
6.33
20.0
2.67
19.33
8.67
-3.67
16.67
6.0
12.67
10.67
7.33
12.33
5.0
11.67
-4.0
-0.33
11.0
4.33
2.67
7.0
3.0
2.33
-2.33
9.0
3.67
0.67
6.0
7.0
11.33
19.0
5.33
12.67
-6.33
11.33
0.33
15.67
-11.0
8.0
1.0
5.67
2.0
5.33
2.0
3.67
19.0
8.67
7.33
-0.67
5.0
5.0
-7.67
7.33
0.33
8.0
7.0
4.0
-3.0
4.33
-3.33
6.0
8.0
-5.33
-5.0
10.0
-1.67
6.0
0.33
2.0
0.67
2.67
4.0
-5.67
5.67
4.67
5.67
-1.0
3.33
2.33
-4.33
-11.33
-3.67
-4.33
1.33
-1.0
-3.67
-2.33
-0.67
-2.33
-1.33
9.67
5.67
1.67
-2.0
7.67
-9.67
-8.67
-1.33
-4.33
3.0
10.67
-1.33
-4.33
-4.33
1.0
8.0
5.67
-3.0
-2.33
-4.0
3.33
1.33
-1.67
-1.33
10.67
4.33
3.67
-0.67
6.0
10.33
9.0
-0.33
2.0
1.0
-9.33
-6.33
0.0
0.0
2.0
-1.67
2.0
6.33
6.0
2.0
-5.67
2.67
11.33
5.33
0.67
-3.0
0.33
1.33
0.33
4.33
7.67
-2.33
6.33
6.67
11.67
10.0
4.33
-5.33
1.33
6.0
13.0
13.0
11.33
4.0
10.33
5.0
3.33
-3.67
-3.0
17.33
10.67
14.33
5.0
7.0
0.33
3.0
-0.67
6.33
5.33
0.0
10.33
-0.67
5.67
-2.0
4.67
-1.33
-0.67
7.33
-1.33
-3.33
4.0
5.33
4.33
15.0
10.0
6.33
1.67
-6.0
7.67
1.67
2.0
1.67
-1.0
0.67
0.33
10.67
6.33
-0.67
-2.67
-1.33
-3.0
4.67
6.33
-4.0
1.0
6.0
-6.33
4.0
0.33
7.33
6.67
-3.67
-5.0
6.67
3.33
3.67
-5.0
2.67
9.67
-1.33
-1.67
9.67
0.33
5.0
-5.67
7.67
4.67
3.67
12.0
2.67
-4.67
1.33
2.0
-0.67
8.33
-2.0
5.67
4.33
4.0
-5.0
-5.0
2.33
-9.33
-3.0
-1.33
3.67
7.67
9.0
4.0
-4.0
-6.67
-4.33
3.67
5.0
1.0
2.67
8.67
-0.33
1.0
6.33
0.67
0.33
-2.0
-4.33
-3.67
-4.67
1.0
1.67
-3.67
4.0
-5.0
6.33
1.67
7.0
0.67
6.33
5.67
6.33
5.67
-3.0
5.67
7.67
4.0
4.67
-1.0
1.0
4.33
-0.33
2.0
5.67
-4.67
5.33
-11.0
0.0
2.0
-2.33
2.33
-1.33
-0.33
-3.67
3.0
5.0
4.33
1.67
-2.33
13.0
0.0
2.33
5.33
2.67
6.33
5.33
0.67
0.67
9.67
-1.0
0.67
3.0
5.0
1.67
-2.33
5.0
-2.0
-4.0
8.67
0.0
2.67
2.0
-1.33
1.33
-5.33
0.67
8.0
-4.67
3.33
-3.0
-3.0
3.67
3.0
-0.33
-2.0
10.33
6.67
-0.67
-3.33
-0.33
3.0
-3.33
1.0
-3.33
-1.0
2.67
5.33
-2.0
1.67
-1.67
-1.0
6.67
-4.67
-0.33
1.67
0.67
-3.0
5.0
5.67
-6.67
-5.33
6.67
3.0
0.0
7.33
-4.0
-1.33
8.0
-1.0
-0.33
5.67
6.33
3.33
-1.33
3.33
-1.33
8.0
0.33
4.67
-2.33
-0.67
0.67
3.67
-4.0
-0.33
-0.67
-1.0
4.0
-3.67
2.33
-1.67
6.33
1.67
-0.33
2.33
4.67
1.67
-1.67
1.33
3.0
2.67
-0.67
4.0
6.67
6.0
-2.0
1.67
11.67
0.67
4.0
4.33
-1.67
1.33
4.0
-2.67
1.33
7.33
9.0
-5.33
1.33
0.67
3.67
2.33
-6.67
3.67
3.33
9.67
-1.67
5.0
-2.0
-0.33
6.67
5.67
-2.67
-0.33
-1.0
2.67
0.33
4.33
1.0
-2.33
-3.0
2.67
