0.0
-6.0
55.33
109.33
73.0
91.67
74.0
130.67
95.33
-2.0
2.33
51.0
52.0
72.67
23.0
70.67
-8.67
31.33
-17.67
-14.33
-29.33
-15.0
16.67
2.0
-2.67
-6.33
14.0
10.0
-10.33
6.67
1.67
-2.67
-0.33
-3.33
0.67
-0.67
3.67
2.0
2.33
1.33
1.0
-1.0
-1.67
-1.33
-0.33
-0.67
2.0
1.33
0.0
-0.67
0.67
0.67
-0.33
0.0
0.67
0.0
-0.67
0.0
-0.33
1.0
1.33
-0.33
-0.33
0.67
1.0
0.0
1.0
-0.67
0.0
0.33
2.0
-0.67
-0.67
-0.33
0.0
0.0
0.0
-0.33
1.33
0.33
-0.67
1.0
0.0
-0.33
-0.67
0.33
1.67
0.67
-1.33
-1.33
-0.67
0.0
0.67
-1.0
0.33
-1.33
-0.33
0.67
0.67
-1.67
-1.33
1.0
0.33
-1.67
-0.33
1.33
1.0
0.0
-1.33
-2.0
-2.0
0.0
-2.0
-2.0
3.0
-0.67
2.33
0.0
1.0
3.0
1.67
1.0
-1.33
-0.33
-2.33
-2.67
1.33
-2.33
1.67
7.67
2.67
-1.0
-3.0
-4.33
-1.67
0.33
6.33
-2.33
0.33
0.33
-1.33
0.0
4.0
7.33
1.0
-1.67
-1.0
-0.67
4.0
5.0
4.33
-3.33
6.0
4.0
0.0
6.0
-4.33
2.0
2.67
-4.67
5.67
-0.33
-2.67
4.67
1.67
-0.67
1.33
3.67
-0.33
6.0
2.67
-0.33
0.33
-0.33
-7.33
-7.0
2.67
-2.0
-4.33
-5.33
2.67
6.0
-0.33
1.0
-2.0
1.0
0.0
2.67
0.0
5.67
-2.67
-1.67
7.0
-3.67
-2.67
8.67
2.67
0.33
4.67
11.33
0.0
-3.0
8.67
-0.33
1.67
3.67
2.0
5.67
7.67
10.33
2.67
-1.0
1.67
-1.33
2.0
9.33
-3.0
-0.67
-0.67
-0.67
3.0
-0.67
2.67
-6.0
3.0
1.67
-4.0
2.67
1.33
3.33
6.0
0.67
2.67
9.67
3.33
3.0
-1.67
5.33
1.33
2.33
-1.0
-0.67
8.0
11.67
8.0
4.33
4.33
3.33
-5.67
-4.0
-3.33
0.67
3.33
4.67
-4.33
6.67
10.33
1.0
0.67
-0.33
5.67
1.0
1.33
7.33
-4.0
-7.0
-0.33
1.67
6.67
3.33
-0.33
2.0
8.67
1.67
15.33
10.67
4.67
4.67
0.33
13.0
10.67
-5.0
5.67
5.67
2.33
6.0
0.0
-2.67
-3.33
3.33
2.67
2.67
1.67
1.67
7.0
7.33
-3.0
-2.33
2.0
2.0
1.67
0.67
3.33
0.33
6.33
3.0
5.33
-5.67
11.0
5.0
4.0
2.0
5.33
0.0
3.33
2.33
3.33
1.67
-1.0
-3.67
-4.33
-7.0
5.33
4.67
1.67
8.0
5.33
12.0
4.0
1.0
6.33
7.67
-2.67
13.0
2.67
-5.0
-4.0
18.67
5.67
0.33
-2.0
0.0
6.0
10.0
2.33
1.67
10.33
-0.33
8.0
-2.67
7.0
8.33
11.67
5.0
-3.0
4.0
2.0
1.67
-1.67
1.0
-1.67
1.33
5.33
5.33
7.33
0.0
-2.67
0.0
2.67
2.0
-3.0
-1.33
2.67
-0.33
-1.33
2.67
-5.0
1.0
3.33
-1.0
-3.0
0.33
4.67
3.67
4.0
2.33
-5.67
-1.0
-0.33
0.0
4.0
4.0
3.0
1.33
1.33
3.0
-1.0
3.33
9.0
-0.33
4.67
-0.33
4.0
3.33
3.33
1.0
11.0
1.0
7.33
-4.0
-4.0
-0.33
-1.33
4.67
-0.67
7.0
-1.0
0.33
5.33
-0.67
-1.33
-2.0
0.33
-4.33
2.67
0.33
-0.67
-3.0
2.0
6.67
-1.33
-1.67
-0.33
4.33
2.67
-3.67
-2.67
-4.0
5.33
-4.33
-0.33
-4.67
-3.67
-5.33
-1.0
-1.33
0.0
0.33
8.0
-3.0
0.33
2.33
0.0
-3.0
-4.33
1.33
-2.67
-5.0
2.0
4.33
2.67
8.33
-4.67
1.67
3.0
-2.0
-1.33
2.67
1.0
-5.67
-2.33
7.0
5.0
1.67
0.0
3.67
1.0
-3.0
2.0
6.67
0.33
1.67
-1.0
5.0
2.33
1.67
0.67
4.67
0.33
-1.33
2.0
-0.33
6.33
-2.33
-2.67
0.0
-3.0
3.33
-3.0
0.67
-2.0
2.33
3.0
1.0
-0.33
-0.33
-3.33
6.67
0.67
-2.67
1.67
-3.67
5.33
1.33
-2.33
1.0
-1.67
5.67
-2.33
2.67
1.33
0.33
-3.0
0.33
6.0
6.0
-5.0
0.0
-1.33
2.0
1.67
6.0
-1.33
5.67
1.67
1.67
6.33
2.67
0.67
-1.0
-0.67
-1.33
-0.33
3.0
-0.67
4.33
0.33
-2.0
3.33
5.0
-0.67
-0.33
1.67
6.0
0.33
-2.67
5.67
5.0
2.67
0.0
0.33
10.0
-0.67
-2.33
-1.33
4.33
-1.33
-3.0
-1.0
-5.67
0.33
1.67
1.0
-1.33
0.67
1.0
0.0
2.0
3.67
0.33
0.0
1.33
-2.33
-0.33
-1.0
1.33
2.0
-2.67
0.67
3.33
-4.0
1.33
3.0
-5.0
0.33
0.67
-1.33
-3.33
4.33
-1.33
0.33
5.33
5.0
0.0
-5.0
1.33
4.33
-1.33
1.0
-2.67
0.67
1.67
1.0
1.67
-1.33
-4.33
1.33
0.0
-4.0
-3.0
-1.33
4.33
-1.67
-6.33
5.0
-0.67
2.67
2.0
0.0
-3.0
-6.0
-1.33
-2.67
-2.33
0.67
2.0
-1.33
-2.0
0.67
-3.67
-1.0
-0.33
-3.67
-4.0
-2.33
-4.33
-2.67
-4.0
2.0
0.33
-0.67
2.33
-6.33
-1.33
3.67
-3.67
-1.0
-0.67
1.67
-9.0
1.67
-5.67
0.0
-4.0
-5.33
-0.33
-8.33
4.67
0.33
-1.0
-1.33
-2.33
-2.33
1.33
-1.67
-6.0
-5.67
-1.33
-1.67
-4.0
-7.33
-1.33
-3.0
-3.0
-0.33
4.67
-0.33
-5.33
-4.0
-7.0
-5.0
-1.33
-7.67
0.33
-5.33
-1.33
5.33
-1.0
-5.33
-1.33
-3.0
-0.67
-0.33
2.0
-2.67
-4.67
-2.67
-4.0
2.33
-2.67
-4.67
-5.0
1.33
1.67
-0.33
1.0
-3.67
-2.67
-1.33
-12.67
-6.67
-3.67
-3.33
-3.33
0.67
-6.67
-0.33
3.33
-9.0
-1.33
-1.33
-2.33
3.33
-10.67
-6.67
-3.67
-3.0
-2.0
-7.0
-6.33
-8.0
1.0
-2.33
-5.0
-1.67
-6.33
-5.33
-4.0
-5.0
3.33
-7.67
-5.67
-0.33
0.33
-4.33
-7.0
-1.33
-4.67
-2.33
-3.0
-5.33
-6.67
1.0
-10.0
-2.0
-9.67
-5.33
-6.33
-9.33
-4.33
-5.33
-5.0
-7.0
-0.67
-5.67
-7.67
-4.0
-5.33
-5.33
-6.33
-6.33
5.33
-4.67
-4.33
-10.33
-4.67
0.67
2.33
-4.0
-10.67
-0.33
-2.0
-3.67
-5.0
10.0
-3.67
-2.67
-4.0
-9.33
0.0
12.33
9.0
-1.0
0.67
0.67
10.0
5.0
19.33
17.33
18.33
23.33
12.0
14.33
5.33
23.67
13.67
13.67
13.33
7.67
15.0
13.67
9.0
-1.33
5.67
4.0
-2.0
-6.67
7.0
2.0
-4.33
3.33
-1.33
-10.33
-4.0
-9.67
-7.33
1.33
-4.0
-4.67
-3.0
-6.33
-5.67
-2.67
-11.67
-10.0
-3.67
-7.33
3.33
-5.33
-3.33
-8.67
0.0
-9.0
-2.0
-11.67
-7.0
-5.67
-6.67
-1.67
-9.0
2.0
-6.0
-2.33
-12.33
-16.33
-9.67
-10.0
-6.33
-1.33
-7.0
-7.33
2.0
-10.33
-8.0
-10.0
-7.67
-13.67
-7.33
-10.0
-9.0
-7.67
-6.0
-12.0
-4.0
-14.33
-13.33
-5.67
-4.67
-12.0
-12.0
-4.67
0.0
2.67
-13.67
-4.0
-4.0
2.0
-2.0
-4.0
-6.33
-9.0
0.67
0.33
-9.33
-12.33
-4.67
-1.33
1.0
-8.67
-8.0
-8.67
-2.0
-7.0
-8.33
1.33
-2.67
1.0
-2.0
-6.0
-2.67
-6.33
-3.33
-2.0
-1.33
-4.33
0.33
-1.67
-7.67
-3.67
-5.67
4.33
-13.67
-7.67
-8.0
-0.67
2.0
-0.33
-7.67
5.33
6.67
-2.33
-2.33
-5.33
-9.0
-6.33
-5.33
-0.33
-4.0
-8.0
-6.67
-4.67
-7.67
-13.33
-4.0
-11.67
-1.0
-4.0
-6.67
-4.33
2.33
-1.67
-12.67
-5.33
-12.0
-7.33
-3.33
-10.0
-2.67
-7.67
-3.33
-3.33
-5.0
-5.33
-3.33
0.0
-8.0
5.67
1.33
0.67
-1.67
-1.67
-8.33
-7.0
2.67
1.33
-1.0
0.33
-10.67
-7.0
-1.67
-7.0
-3.0
3.0
-3.33
-2.0
0.67
-1.33
-0.33
5.0
1.67
0.0
5.33
-5.67
-3.67
-3.0
-3.33
5.67
-0.33
-1.67
3.33
-1.0
-0.33
-5.0
4.0
-3.33
-1.33
-6.0
9.67
2.67
9.0
2.67
3.67
3.0
4.67
9.0
5.67
9.33
4.33
9.33
14.0
15.33
8.67
3.0
4.67
20.67
17.67
17.67
28.33
18.67
6.67
21.67
7.67
13.67
18.0
3.0
17.33
1.67
-6.0
7.33
4.0
7.33
1.67
-5.0
7.33
-11.0
2.0
-2.67
5.0
-2.0
-8.0
-10.67
0.67
-3.0
-3.33
0.33
3.33
0.67
5.33
-9.67
-2.33
4.0
3.33
-5.0
10.33
-3.67
4.33
2.33
3.0
-4.33
-0.33
-1.67
-3.0
-0.67
4.0
9.0
10.0
3.67
4.33
11.0
5.33
9.33
-5.67
6.33
1.0
2.0
-6.0
9.33
12.0
-0.67
1.0
0.67
-2.0
1.0
5.0
6.67
2.33
8.0
-0.33
2.0
5.0
4.33
-2.67
2.33
-0.33
3.0
2.0
1.67
-1.67
4.33
7.33
3.0
-1.33
-4.33
-1.0
0.33
3.67
5.0
2.33
4.33
2.0
4.0
2.0
5.67
6.33
3.67
-8.33
8.33
-5.33
2.33
-0.67
1.0
10.33
20.0
8.33
9.67
1.33
0.67
11.0
-1.0
6.33
6.67
6.0
2.0
-0.33
6.67
8.0
9.0
6.0
4.67
4.0
11.67
14.33
3.33
8.33
13.67
10.67
9.0
5.33
12.0
5.67
10.33
-3.67
11.33
-0.33
11.0
9.33
15.33
13.33
12.67
-5.33
11.0
12.0
9.67
1.0
2.33
-8.33
9.33
9.67
8.67
1.33
13.0
2.67
6.33
-0.33
14.0
2.0
11.33
2.67
-3.33
3.33
6.0
10.33
-5.67
-3.0
0.67
-8.33
1.67
1.0
7.0
4.33
10.67
1.67
0.0
8.33
11.67
-0.67
12.67
5.0
1.67
9.0
9.67
6.0
10.67
3.67
12.67
2.33
12.33
-1.33
3.0
6.0
1.0
-0.33
1.33
14.67
7.67
2.33
14.67
5.67
-1.33
19.67
5.0
14.67
2.67
-5.0
14.33
6.33
11.33
7.33
8.0
4.33
8.33
9.67
10.0
15.0
2.0
3.33
11.67
6.33
3.67
5.33
-0.67
3.67
9.33
-2.0
13.33
7.0
6.0
3.67
2.33
14.67
9.67
22.33
9.33
9.33
11.67
26.33
2.0
9.0
2.33
11.67
6.67
11.33
10.33
7.0
12.0
0.67
16.0
14.0
16.67
22.67
13.67
12.67
25.0
28.0
8.67
26.67
27.33
31.33
44.0
43.33
37.33
30.67
55.67
44.0
63.33
61.0
78.0
77.33
76.33
88.0
83.0
102.67
82.0
89.0
92.67
119.33
113.0
118.0
93.67
107.67
99.33
81.33
95.0
97.33
77.67
93.0
69.33
73.0
68.0
68.0
47.67
60.0
36.67
55.33
22.67
17.67
28.33
27.33
15.0
12.33
11.0
7.33
22.0
8.67
19.67
5.67
0.67
8.33
-1.67
1.33
14.0
2.33
1.33
-0.67
8.67
9.33
10.33
1.67
2.0
-1.0
-1.33
10.67
4.67
16.0
4.0
5.33
16.0
4.33
3.0
12.67
16.0
15.0
0.33
15.67
-5.33
8.33
17.0
12.67
1.0
2.0
-3.33
8.0
-6.67
1.33
12.33
11.0
3.33
20.67
12.33
0.0
5.67
2.67
5.67
3.67
13.0
7.67
12.33
7.67
0.0
2.0
3.0
4.33
-4.33
3.0
5.67
5.67
8.67
15.33
12.0
3.33
1.33
13.0
6.67
12.33
10.33
16.33
7.0
-1.67
5.0
10.33
7.0
3.0
9.33
5.0
15.33
-3.33
-1.33
7.0
8.33
9.33
3.67
21.0
11.67
6.0
10.33
1.33
8.67
0.0
-2.33
10.33
7.33
-7.0
16.33
-8.33
2.67
16.33
8.67
12.33
7.33
3.67
13.67
23.67
21.67
7.67
7.0
7.33
5.0
13.33
1.67
-3.0
5.33
-0.67
5.33
12.67
-4.67
-3.0
5.67
9.67
13.0
16.33
-3.0
4.0
-3.33
-6.0
2.0
-1.67
18.0
-5.33
6.0
17.0
11.67
5.67
8.67
-2.33
2.67
7.0
3.67
6.67
10.33
9.33
-0.33
-8.67
2.33
26.0
4.67
7.0
13.33
-2.0
11.67
5.33
-1.33
24.0
2.67
11.67
23.67
11.67
15.67
8.67
29.0
21.33
16.0
13.67
20.33
24.0
33.33
25.67
23.0
29.33
3.67
24.67
20.67
36.0
20.33
27.67
29.67
23.0
29.0
24.0
19.67
21.67
18.0
38.0
32.67
11.67
26.67
27.0
8.67
15.0
13.0
15.0
9.33
15.67
24.0
-6.0
8.67
9.33
11.67
2.67
3.67
11.0
7.67
8.0
9.33
-2.33
11.33
12.33
4.67
4.67
5.67
-4.33
9.0
12.0
6.0
8.33
-3.0
2.33
18.33
-9.33
-0.67
-5.0
0.33
18.67
13.0
5.67
7.33
17.33
5.33
2.33
4.0
9.33
9.67
1.33
-6.33
2.33
-4.0
17.33
7.0
4.0
7.0
2.67
11.67
-1.67
3.67
10.67
6.0
15.33
0.33
12.0
9.67
6.33
4.67
-2.67
14.67
-1.0
14.67
6.67
11.33
15.33
15.0
8.67
0.0
7.67
14.0
1.33
20.67
-1.0
2.0
4.33
-4.33
19.0
12.67
4.67
4.0
7.0
-9.67
5.0
0.33
-4.33
6.67
4.33
0.33
-1.33
0.0
12.0
2.0
9.67
-7.0
12.33
4.0
4.67
-1.0
-6.33
-2.67
7.33
7.0
-6.0
-3.67
-3.67
0.33
7.0
10.0
3.0
-3.0
1.33
3.67
-4.0
0.0
-2.33
0.0
5.0
-5.67
7.0
1.33
7.0
-0.33
-2.33
10.0
-0.67
1.67
8.67
8.67
1.0
0.33
5.33
0.67
-11.33
5.33
-2.33
-8.67
5.0
3.33
4.67
2.33
-2.33
-1.33
4.67
8.67
1.67
4.0
5.67
-5.67
6.33
-1.33
-3.33
0.0
18.67
-7.33
4.67
-4.33
5.0
-5.0
4.67
10.0
-6.33
11.0
5.33
5.33
-6.67
0.67
5.67
4.33
9.67
7.33
0.0
4.33
11.0
0.67
0.0
0.0
2.67
1.67
0.0
-3.0
0.0
-4.67
1.0
11.33
6.0
5.0
-1.67
-0.33
8.33
13.33
4.67
2.0
0.33
0.33
13.33
11.33
7.67
-2.33
6.33
-3.33
5.67
3.0
8.33
7.67
3.33
2.0
13.0
8.0
0.33
8.0
9.33
4.0
0.33
0.33
-6.0
11.33
16.67
7.33
-6.0
-4.0
-0.67
-5.0
2.33
2.33
3.33
2.0
7.33
5.33
4.67
11.0
1.67
9.67
4.33
3.33
5.67
2.67
-1.0
7.33
11.33
4.0
6.0
6.33
4.67
5.0
4.67
-4.33
9.0
4.67
-1.0
3.67
-3.67
-1.33
-1.67
11.33
0.33
1.67
5.0
2.67
-0.67
4.0
4.0
4.0
-1.33
-7.0
15.33
-2.67
-2.33
0.33
4.0
8.67
2.33
0.67
7.0
1.67
-10.33
1.67
-0.67
2.67
2.33
-5.0
-2.67
8.67
0.67
6.67
-2.0
8.67
-3.67
-4.67
1.0
0.33
5.33
-4.0
-0.33
-1.67
0.0
5.0
-3.0
6.33
-6.33
-2.0
-2.33
-7.33
1.67
0.0
2.0
8.0
6.33
-1.33
3.67
0.0
0.0
4.67
3.67
0.67
0.0
1.33
10.67
-4.67
-2.0
2.67
5.33
0.33
-2.0
-0.33
-5.67
0.0
-2.0
-1.67
-5.33
6.0
-4.33
5.33
-5.33
5.33
2.67
2.0
-8.33
4.67
0.0
-1.33
5.0
0.0
2.33
8.67
3.0
-0.33
-1.67
7.33
-4.0
7.0
5.0
-6.33
4.33
-0.33
0.67
-0.67
11.0
9.0
3.33
9.67
2.67
10.0
6.0
3.33
-4.67
5.67
5.33
7.33
9.67
8.67
2.67
7.0
7.67
1.0
3.0
3.67
1.67
14.0
4.0
-4.0
-1.33
8.0
-0.33
3.0
0.67
-1.67
-2.33
3.67
1.0
2.33
-4.67
0.0
-2.0
-0.33
2.0
-1.33
-1.0
2.33
1.67
4.33
1.67
2.67
0.0
-2.33
-4.0
3.67
0.0
5.67
0.33
2.0
1.67
-3.67
11.0
3.67
1.33
4.67
-1.33
1.67
1.0
5.0
1.67
1.33
3.67
11.67
1.0
0.0
0.33
1.0
-3.33
3.0
4.0
0.67
0.67
-1.67
6.33
1.67
2.33
5.67
-2.0
-3.67
3.67
-4.33
0.33
0.67
-0.33
2.0
1.67
0.33
-3.0
0.0
-1.67
3.33
1.33
1.33
-2.33
2.67
-0.67
3.67
-1.33
-3.67
2.33
4.0
0.67
1.33
1.0
-1.33
3.0
-4.0
1.67
5.67
-2.33
-2.0
0.33
2.33
-3.67
-3.0
6.33
-0.67
4.33
0.0
2.67
2.33
5.67
7.67
-3.67
0.33
4.67
3.33
2.67
-1.67
3.0
-3.0
0.67
3.67
4.67
-6.67
-4.33
6.0
-1.33
-0.67
-0.67
2.0
-1.33
0.0
2.67
