0.0
-51.0
6.33
38.33
26.0
-74.33
26.0
33.67
54.33
-90.0
-59.67
14.0
-126.0
71.67
-86.0
15.67
-53.67
-25.67
-17.67
-28.33
-18.33
-12.0
-32.33
-16.0
-6.67
-4.33
5.0
5.0
16.67
1.67
0.67
4.33
1.67
-2.33
-6.33
-2.67
0.67
1.0
2.33
0.33
-1.0
-2.0
0.33
-1.33
-0.33
-0.67
0.0
0.33
0.0
0.33
0.67
-0.33
1.67
-1.0
0.67
0.0
0.33
0.0
-1.33
0.0
-0.67
0.67
-0.33
1.67
0.0
0.0
1.0
-0.67
0.0
1.33
0.0
0.33
0.33
0.67
0.0
0.0
0.0
0.67
0.33
-0.67
-0.67
1.0
1.0
0.67
-0.67
0.33
0.67
0.67
-1.33
-1.33
1.33
0.0
1.67
-1.0
1.33
-1.33
-0.33
0.67
1.67
2.33
-1.33
2.0
3.33
-0.67
2.67
-1.67
-3.0
0.0
2.67
0.0
-1.0
-1.0
-1.0
-1.0
0.0
2.33
0.33
0.0
-2.0
3.0
3.67
-3.0
-0.33
-4.33
3.67
-2.67
5.33
2.67
-1.33
1.67
4.67
-2.0
-2.0
1.67
-0.67
2.33
1.33
-2.33
5.33
0.33
-3.33
1.0
-1.0
-4.67
8.0
2.33
0.0
0.33
-1.0
-1.0
-0.67
-1.33
-5.0
-2.0
-1.0
-1.0
2.67
3.0
-1.33
2.33
0.67
-0.33
-4.67
-0.33
0.67
-1.67
1.33
-2.33
5.67
4.0
5.67
-3.33
-2.67
1.67
5.67
-3.0
-2.33
1.0
-4.33
4.67
-1.33
4.0
5.67
8.0
-2.0
0.0
5.0
3.67
0.0
10.67
7.33
-5.67
0.0
-2.67
2.33
2.67
1.67
4.33
9.67
3.33
-2.0
5.0
7.67
-1.33
5.67
2.67
-2.0
-1.33
1.67
2.33
-1.33
-1.0
2.67
-2.33
-1.0
4.33
4.0
1.33
3.33
-2.67
1.0
3.33
8.67
-2.0
-3.0
-5.33
-1.0
-3.33
-3.67
5.33
8.0
5.67
-1.33
6.67
-6.67
5.0
5.33
-0.67
2.33
6.33
2.0
-0.67
8.0
2.67
1.0
5.33
10.33
-0.67
1.33
8.0
2.67
0.67
7.33
7.67
7.67
1.67
5.33
0.0
2.67
7.67
4.67
-2.0
2.33
2.33
-8.0
-4.0
3.67
5.67
10.67
-5.67
-7.33
-7.0
10.67
-0.33
7.33
3.67
1.67
3.67
7.33
5.0
5.67
-8.0
8.67
-1.33
10.33
2.0
2.0
-1.67
5.67
4.33
-3.33
-4.33
3.67
1.67
0.0
6.33
-3.0
3.67
1.0
1.0
0.67
3.67
6.33
1.33
2.33
-1.0
-3.67
1.33
9.0
3.0
3.0
-3.0
2.33
6.0
1.33
13.33
1.33
4.67
-3.0
-4.67
3.67
1.0
10.33
-1.33
4.67
6.0
0.33
6.0
3.0
4.0
7.33
8.67
5.33
-1.0
-5.33
9.0
4.0
5.67
-0.33
3.33
-3.0
-5.0
4.0
3.0
-0.67
9.67
4.33
-1.33
2.0
1.33
6.0
4.33
3.67
3.0
2.0
7.0
1.0
6.67
9.33
2.0
0.33
3.33
-7.67
1.33
0.33
2.0
-1.67
-1.0
5.67
4.0
2.0
5.67
1.67
8.67
2.67
-2.33
0.0
5.0
2.33
3.0
3.0
-3.67
0.67
0.67
4.0
-3.67
-3.67
4.0
-2.33
10.0
6.0
4.0
-2.0
0.33
2.33
-4.0
-2.0
2.33
8.0
0.67
0.67
5.67
2.0
2.33
-3.67
-3.0
4.0
6.0
5.33
-1.0
1.0
-1.33
4.67
6.67
-1.67
3.0
-3.0
-0.67
2.33
2.33
-4.33
-2.0
11.33
-1.33
0.67
4.33
-5.67
-1.0
0.0
5.67
-5.33
-3.67
3.67
0.33
0.67
-1.67
5.33
-2.0
-1.67
0.67
-0.33
-0.67
-2.67
-4.33
0.0
0.67
-1.0
-0.67
-1.0
-4.0
-0.67
9.33
1.0
9.0
-2.33
2.33
6.33
-4.0
-1.0
-1.67
1.67
4.33
-3.67
0.67
3.0
-2.0
-2.33
-1.33
-2.0
-2.67
-2.33
4.0
8.0
2.67
0.0
2.67
8.0
1.0
1.0
-0.33
3.33
1.67
0.0
5.0
3.33
-1.33
-4.33
2.67
0.33
2.67
-1.0
1.67
2.33
1.67
-0.67
4.0
-5.0
1.33
-1.0
1.67
-1.0
0.33
-2.0
-5.0
-2.33
-4.33
-2.33
-0.33
2.67
0.33
0.67
-4.67
-0.67
-5.67
0.67
1.0
2.33
4.67
-4.33
4.67
-1.67
-1.67
-1.0
-1.67
2.0
3.0
2.0
8.0
-3.33
1.0
-1.33
-3.0
-1.33
-2.33
3.67
-0.33
-0.67
-3.33
0.67
0.0
1.33
5.67
-1.33
1.0
1.33
-0.67
1.33
4.0
0.33
7.0
1.33
-0.33
-1.33
4.0
0.33
-1.67
5.67
0.0
-2.33
1.0
2.33
3.0
-0.67
-0.33
1.67
1.33
2.67
-2.0
-1.0
-3.67
-0.67
3.67
1.0
0.67
-2.33
4.0
-3.0
-3.0
2.67
2.33
0.0
1.33
1.67
-2.33
5.0
-1.67
1.0
-0.67
-0.33
0.33
2.0
-0.67
-2.0
-3.0
-0.67
0.67
2.67
-3.33
2.33
3.67
-3.67
2.33
0.0
-1.0
1.0
-2.67
-0.67
-3.33
-1.0
-2.67
-1.33
-3.33
-1.0
-2.33
-1.33
-3.33
1.33
3.0
-1.0
0.0
2.67
-0.67
-1.67
-0.33
7.0
-0.67
-3.33
4.0
2.0
-1.0
0.0
-1.33
-2.67
-2.33
-0.33
2.0
-2.33
-7.0
-1.33
-2.67
-4.0
-2.33
1.33
-4.0
-5.33
-5.33
-1.67
-7.0
-1.0
-0.67
0.33
-5.67
-2.33
-4.33
-0.33
1.33
2.0
-1.67
-2.33
-5.0
-5.33
-4.67
-1.0
-2.0
-3.33
1.67
-6.33
0.67
-2.67
-4.0
-3.33
-7.33
1.67
2.33
0.33
-1.0
0.33
-1.33
0.33
4.0
-0.33
-0.33
-1.0
-3.0
-3.33
2.67
-3.33
-4.33
2.0
-5.0
0.0
-5.33
-3.67
2.33
-4.33
-1.33
-0.67
-2.0
-3.33
1.67
-1.0
-3.67
1.67
8.0
2.33
-6.67
-11.67
1.0
4.33
1.33
-7.67
0.0
3.33
-1.33
-0.33
-3.0
-7.67
-2.67
-2.33
-8.67
-5.67
-6.67
-7.33
-4.33
-5.33
-8.67
2.67
-1.67
-8.0
-2.33
-0.33
-2.33
-1.67
-9.67
-7.67
3.33
-5.0
-5.0
-12.0
-5.33
-10.0
-3.0
-3.33
-3.0
-3.67
-6.33
-0.33
-5.0
1.0
1.33
-8.67
-7.67
-2.33
-3.67
-2.33
-1.0
-1.33
-4.67
-6.33
2.0
2.67
-5.67
-3.0
-6.0
-1.0
-7.67
-9.33
-6.33
-0.33
-5.33
-6.33
2.0
-7.0
-2.67
-7.67
-3.67
2.0
-8.33
1.67
-7.33
-8.33
-3.67
-3.67
0.67
-6.33
-5.67
1.67
-2.67
-3.0
-13.67
-4.33
-6.0
-0.67
-8.0
-1.0
-0.67
-3.67
-4.0
0.67
0.0
-3.67
10.0
9.0
-2.33
5.67
9.0
11.0
10.33
17.33
13.33
8.33
14.0
7.33
13.33
25.67
15.67
12.67
24.33
5.67
8.0
10.67
7.0
3.67
10.67
0.0
0.0
5.33
-4.0
4.0
-4.33
4.33
-6.33
-12.33
-3.0
-11.67
-0.33
1.33
-9.0
0.33
0.0
-9.33
-5.67
3.33
-6.67
-8.0
-3.67
-2.33
6.33
-8.33
-6.33
-14.67
5.0
-10.0
-8.0
-7.67
-4.0
0.33
-5.67
-3.67
0.0
-1.0
-9.0
-4.33
-6.33
-7.33
-6.67
-12.0
-10.33
-12.33
-8.0
-5.33
-6.0
-8.33
-12.0
-6.0
-3.67
-10.67
-0.33
-11.0
-12.0
-5.67
-15.0
-18.0
-2.0
-4.33
-2.33
-10.67
-6.67
-9.0
-8.0
-1.67
-7.0
-14.33
-3.67
-4.0
-8.0
-8.0
-7.0
-8.0
-1.33
-5.0
-4.33
-4.67
-3.33
-5.33
-13.67
-11.33
-2.0
-8.67
4.0
-10.67
0.0
-9.0
-15.33
-8.67
-6.67
-6.0
5.0
-1.0
-6.67
-8.33
-1.33
-6.0
-6.33
-4.33
6.33
0.33
-3.67
-8.67
-9.67
-10.67
0.33
-8.67
-6.0
-0.67
-13.0
-2.33
-0.67
-5.67
-9.33
-4.33
-7.33
-16.33
0.0
-4.33
-3.33
-8.33
1.0
3.0
-9.67
-5.67
-1.67
-17.33
-6.0
-18.67
-3.0
5.0
-6.67
-6.33
2.33
-6.67
-1.67
-6.33
-10.0
-2.33
-0.33
-6.0
-8.67
0.33
-0.33
-3.33
-4.0
-9.33
-1.33
-9.0
-5.0
-2.33
10.33
-10.33
-7.67
-0.67
-9.33
0.0
0.67
12.33
-6.0
-9.67
-6.67
-4.0
-6.67
-1.0
3.0
-1.0
-10.33
-2.0
-6.33
-10.33
-5.33
1.0
5.67
2.0
2.33
-4.67
-3.67
-9.0
-2.33
-0.33
15.67
6.33
-4.67
6.0
2.67
2.0
1.0
1.67
4.67
-2.0
-3.33
4.67
7.0
-2.33
3.67
5.0
-1.33
9.0
12.67
9.33
5.33
8.33
10.0
11.33
18.67
25.0
33.67
22.67
12.67
21.67
30.33
23.67
8.67
25.67
18.67
27.67
16.0
9.0
4.33
4.67
2.0
-5.67
5.0
5.33
-0.33
5.0
1.33
6.0
-2.0
1.33
-7.0
4.0
-2.0
3.33
2.67
-8.0
-5.33
0.33
0.33
-0.33
10.33
-0.67
-9.33
-3.0
0.33
-2.0
7.33
-4.67
-2.67
10.33
-5.0
6.67
2.67
-7.67
3.0
4.33
2.0
-3.0
0.0
9.67
4.33
7.0
1.33
-3.67
-2.67
4.33
3.0
-2.0
5.0
9.33
-1.0
-3.67
-1.0
6.67
4.0
5.0
11.0
3.67
0.33
-1.0
5.67
2.0
8.0
14.33
12.33
5.33
-0.33
8.0
-4.0
6.67
1.33
4.33
6.33
10.0
0.67
5.67
-4.0
-2.67
4.67
11.0
1.33
-3.67
1.0
1.0
9.0
2.67
2.33
-3.33
-3.33
1.33
7.67
-0.67
-5.67
10.0
6.33
10.0
1.33
-3.33
15.33
1.67
-3.0
0.0
22.33
3.67
1.0
4.0
-5.33
-3.33
1.0
6.0
-1.0
-3.33
17.0
6.67
7.33
2.33
-2.67
5.67
6.67
12.0
10.33
6.0
6.67
9.33
1.33
-0.67
8.67
19.0
5.33
9.33
18.33
11.67
8.67
4.0
7.0
8.67
-3.0
-7.67
2.67
3.33
10.67
2.67
0.33
6.0
11.67
11.33
-2.33
9.0
8.0
11.33
4.67
1.67
2.33
1.0
-5.67
-0.67
1.0
5.67
4.67
4.67
6.0
-5.0
-3.67
-3.33
8.67
4.0
12.33
15.67
3.33
0.67
15.0
8.67
10.0
10.67
6.0
10.67
6.67
5.67
-0.67
1.33
1.67
13.0
5.0
1.0
-0.33
10.33
4.67
10.67
8.33
9.67
2.67
7.67
14.67
8.0
-6.33
12.67
6.0
10.33
0.33
4.33
0.33
9.0
22.33
5.33
8.67
1.0
6.0
5.0
-5.67
0.67
2.33
12.67
9.33
3.33
18.67
-0.67
4.0
6.33
4.0
9.0
12.67
11.33
6.67
8.67
12.33
11.33
6.33
10.67
21.33
9.0
6.0
-0.67
9.67
12.67
20.33
12.33
18.0
8.0
13.67
14.0
24.0
12.67
10.67
13.67
25.67
8.0
17.0
25.67
39.67
29.33
31.33
34.0
39.33
33.33
34.67
45.67
51.0
57.33
72.0
81.0
74.33
96.33
85.0
99.0
98.67
77.0
114.0
110.67
118.33
87.0
115.0
121.67
121.67
101.33
136.33
118.0
90.33
81.67
68.0
85.33
71.0
79.0
69.0
40.67
36.0
38.67
29.33
36.67
25.67
8.33
25.33
20.0
1.33
16.0
2.33
8.0
0.67
4.67
5.67
18.67
17.33
12.33
19.33
8.0
9.33
3.33
0.33
17.67
0.33
6.33
21.67
14.0
14.0
0.67
-7.33
12.67
11.0
23.0
1.33
-1.0
7.33
1.0
6.67
4.0
1.0
10.33
13.67
3.67
0.33
7.0
1.67
5.0
9.0
20.67
9.0
6.33
-5.67
5.33
13.0
4.33
8.67
15.33
-13.0
2.67
3.67
4.67
-8.33
16.0
10.67
7.33
-1.33
0.0
7.0
0.0
6.33
1.67
12.0
3.67
-0.33
2.67
4.33
3.0
3.33
1.33
7.0
-5.33
8.33
12.33
1.33
5.0
-3.67
8.0
10.33
-1.0
6.0
10.33
15.0
10.33
9.67
1.67
-1.0
-6.67
11.33
1.67
13.0
11.67
10.0
14.33
2.33
8.67
11.0
8.67
1.33
11.33
21.0
16.33
3.67
4.67
11.33
7.67
7.33
13.33
14.67
2.67
9.67
0.67
4.67
1.0
3.33
13.0
6.33
-2.33
9.0
-0.67
-0.67
0.33
-5.33
-4.67
-5.0
10.67
7.67
2.0
18.33
6.0
6.0
-8.33
5.0
15.0
-4.67
7.0
1.67
10.0
13.0
6.67
9.67
3.67
4.67
3.67
3.0
2.67
4.67
4.33
11.33
3.67
9.33
4.33
8.0
2.67
4.0
10.33
-1.0
6.67
12.33
11.67
11.0
4.67
14.67
7.67
13.67
18.67
11.67
15.0
16.33
14.0
21.67
12.33
23.0
5.33
19.67
13.0
11.33
25.67
24.67
25.67
25.0
30.33
18.67
9.67
26.0
20.0
21.0
27.67
25.67
22.0
16.0
36.67
13.67
11.67
19.0
8.67
6.0
11.0
0.0
0.33
-4.33
13.0
-3.0
17.67
2.33
9.67
6.67
8.67
3.0
5.67
6.0
7.33
6.67
2.33
1.33
5.67
6.67
3.67
0.67
2.0
8.0
-1.0
2.33
0.0
1.33
23.33
0.67
3.33
6.0
7.33
0.67
-4.0
-0.33
10.33
4.33
11.33
0.33
7.0
17.33
-8.33
7.33
9.67
-0.67
3.0
7.33
5.0
8.0
4.0
9.67
7.67
3.33
5.67
14.67
9.0
2.33
5.33
5.0
4.67
19.33
7.67
1.33
11.67
2.0
1.67
14.67
7.33
4.33
6.0
7.67
15.0
-6.33
6.0
12.33
3.67
1.0
7.0
1.33
-3.33
10.0
-3.33
14.67
6.0
0.0
3.33
16.0
3.33
-7.33
-13.33
3.33
-6.67
0.67
-5.0
3.0
7.0
0.67
-2.0
10.33
5.0
-8.33
5.0
1.67
5.33
2.33
11.0
-8.0
3.33
-1.67
-1.67
4.0
5.0
8.0
-6.0
2.33
8.67
0.0
7.0
-9.33
0.0
12.0
0.33
3.0
-4.67
1.0
6.67
1.67
11.0
3.33
-2.33
0.67
2.67
-3.0
4.33
5.33
1.67
-0.33
0.33
2.67
-3.67
-3.0
1.33
7.67
-10.67
0.67
4.67
-5.33
5.67
-5.33
-5.0
4.67
-6.67
-1.67
2.67
-5.33
5.0
12.67
-6.33
3.67
1.67
3.0
-1.0
1.67
-1.0
-5.33
7.0
4.33
-15.67
-0.67
4.67
2.67
6.33
5.67
16.33
9.0
3.33
5.0
7.67
5.0
5.0
0.67
4.67
-2.0
10.0
11.0
2.33
2.0
-0.67
2.0
0.0
-0.67
1.67
12.33
9.33
0.67
-1.0
1.33
13.33
1.33
5.33
8.67
1.67
-2.67
3.67
2.67
3.0
0.33
3.67
13.33
11.0
1.0
22.0
4.33
6.0
0.33
11.0
9.33
1.33
12.0
10.33
8.67
2.33
-3.0
-3.0
-5.67
5.0
1.33
-1.67
7.33
-4.0
2.33
9.33
-6.33
-1.0
-0.33
13.67
-2.67
8.33
3.67
-5.33
-5.0
1.33
2.33
3.0
6.0
-0.67
-0.33
-4.0
-0.33
-3.33
0.0
5.67
0.0
-2.33
2.33
-4.33
-2.67
-5.67
-5.67
6.67
1.0
7.67
11.33
-4.0
12.0
1.0
7.67
6.0
1.33
11.33
4.67
4.33
8.0
3.67
3.33
-4.33
3.0
9.67
0.67
-6.33
-1.67
-4.33
4.33
1.0
0.33
7.67
5.67
6.67
-7.0
1.67
1.33
3.33
-6.0
3.33
3.33
-2.0
0.67
1.33
12.0
1.0
-7.0
-4.67
-2.33
-9.0
6.67
-5.33
2.67
-4.0
3.0
3.0
5.33
-4.33
7.67
13.0
9.0
9.67
-0.33
0.67
5.0
2.33
5.67
-0.67
-6.0
0.67
-1.67
2.33
1.0
2.67
-0.67
2.0
1.0
1.33
2.67
0.0
-3.33
3.33
3.67
4.33
7.67
-3.0
0.67
1.67
2.0
-3.33
-4.0
6.0
5.33
-1.33
6.0
2.67
-5.67
3.33
1.0
14.0
5.0
-0.33
3.33
-6.33
11.67
2.33
4.0
8.0
7.33
1.67
6.67
10.0
12.0
5.33
2.33
0.67
0.33
4.33
-2.33
2.67
3.67
3.0
15.67
6.0
5.0
6.67
5.67
5.0
8.0
0.0
11.67
-5.0
8.67
0.0
-7.33
-0.67
-2.33
-4.33
0.0
3.33
-0.67
-8.0
-3.0
-3.33
0.0
6.67
-2.0
5.33
1.67
3.33
4.67
-1.33
7.0
0.67
5.0
1.67
3.0
0.67
10.33
4.0
-0.33
-1.67
7.0
4.67
2.33
10.67
0.67
-1.33
5.0
3.0
5.67
-2.67
4.67
8.67
-4.0
-3.0
5.33
7.0
0.67
3.0
3.0
1.67
-3.33
1.33
9.33
1.67
0.33
-4.33
-3.0
-2.67
5.67
1.67
9.33
-0.33
6.67
-5.0
-3.33
3.33
-3.0
6.0
0.33
6.33
-1.67
-1.67
1.67
0.67
1.33
0.67
-3.33
-4.67
-4.67
8.0
1.67
-3.67
3.0
4.67
1.0
-5.0
2.67
7.67
-3.33
-4.0
2.33
4.33
-3.67
5.0
1.33
-1.67
2.33
5.0
3.67
1.33
3.67
5.67
-1.67
-4.67
4.67
6.33
4.67
-2.67
1.0
-4.0
-1.33
5.67
0.67
1.33
9.67
2.0
0.67
3.33
2.33
7.0
2.67
5.0
-1.33
