0.0
-35.0
-13.67
34.33
-9.0
-58.33
21.0
14.67
-28.67
-147.0
-37.67
16.0
-43.0
48.67
-90.0
-66.33
-63.67
50.33
55.33
2.67
-37.33
17.0
-16.33
-11.0
-6.67
-4.33
10.0
2.0
-4.33
3.67
3.67
-7.67
-4.33
3.67
-1.33
-2.67
0.67
1.0
1.33
-0.67
2.0
0.0
-1.67
-1.33
-0.33
1.33
0.0
-0.67
0.0
-0.67
-0.33
-0.33
-0.33
-1.0
-0.33
0.0
-0.67
1.0
-0.33
0.0
-0.67
-0.33
1.67
-0.33
1.0
0.0
2.0
-0.67
0.0
-0.67
1.0
-0.67
0.33
0.67
1.0
0.0
-1.0
1.67
-0.67
0.33
-0.67
1.0
0.0
-0.33
2.33
0.33
-0.33
0.67
-1.33
-1.33
0.33
2.0
1.67
-1.0
0.33
-1.33
1.67
-1.33
-0.33
-0.67
-0.33
1.0
-0.67
1.33
3.67
-1.67
-3.0
-2.0
0.67
2.0
2.0
1.0
1.0
-1.0
4.0
-0.67
1.33
-1.0
-1.0
8.0
4.67
2.0
0.67
-2.33
0.67
-3.67
-2.67
-1.33
-0.33
3.67
-0.33
-2.0
1.0
0.67
3.33
2.33
0.33
1.67
4.33
6.33
-1.33
4.0
1.0
0.33
3.0
6.33
-5.0
6.33
2.0
2.0
4.33
-1.33
-3.0
1.0
3.0
2.0
-0.33
7.0
-1.33
0.33
2.67
-3.33
1.33
1.67
0.67
3.33
-0.67
-3.33
4.67
1.0
4.67
1.67
-1.67
-2.33
-6.33
-6.0
0.67
-6.0
1.67
7.67
8.67
4.0
5.67
3.0
5.0
-4.0
1.0
2.67
-1.0
5.67
-0.67
1.33
3.0
4.33
2.33
5.67
0.67
1.33
3.67
4.33
5.0
-3.0
4.67
1.67
5.67
-1.33
2.0
4.67
0.67
-1.67
0.67
6.0
-8.33
-1.33
7.0
6.33
-4.0
-1.67
2.33
2.33
0.0
3.33
2.67
-4.0
-5.0
5.67
3.0
1.67
0.33
10.33
1.0
2.67
4.67
4.67
-2.67
10.0
-5.67
-0.67
3.33
-0.67
5.0
-0.67
-2.0
6.67
-1.0
8.33
12.33
-3.67
-3.67
0.0
6.67
5.67
-2.67
6.67
-4.33
11.67
1.33
-4.0
3.67
1.67
1.67
4.0
5.33
-0.67
1.0
-8.0
0.67
6.67
4.67
-6.67
-3.33
1.0
-2.33
-0.33
-2.67
0.67
1.67
10.67
3.33
9.0
8.67
-3.0
0.67
-2.33
6.33
0.0
-2.0
-0.67
8.67
2.33
-1.33
5.67
-0.33
1.67
2.0
7.33
3.0
-3.33
0.0
3.0
-0.33
-2.33
0.33
-2.67
-0.67
0.0
4.33
5.33
-1.0
8.0
5.0
-1.0
6.33
9.0
10.33
11.33
-2.67
4.67
-4.0
-1.67
0.67
-1.0
9.33
-0.33
7.67
-2.0
4.33
9.0
0.0
1.0
5.33
0.67
0.33
5.0
3.67
7.0
-1.0
2.67
-0.33
0.33
2.0
5.0
2.0
-2.0
5.33
6.67
0.33
5.67
5.0
-2.67
3.0
-1.67
1.67
3.0
3.0
-1.0
3.0
-0.33
1.33
1.0
-1.67
0.33
2.33
3.33
-2.67
0.0
0.33
3.0
0.67
0.0
8.0
2.67
1.67
-1.33
5.67
5.67
-6.0
7.0
0.33
-1.0
6.0
0.33
5.67
-1.33
5.0
-5.67
0.33
4.0
2.67
5.0
0.0
11.0
-4.0
8.33
3.33
1.0
-1.0
2.33
6.0
1.67
-2.33
4.67
-2.0
8.33
3.33
0.0
-1.0
5.0
3.33
-1.0
0.0
0.67
4.67
4.67
-0.67
8.0
4.0
-1.67
0.33
6.33
-0.33
2.0
2.33
1.67
-0.33
-1.67
0.33
-6.0
4.0
1.67
2.67
-2.67
0.67
4.33
2.67
4.33
2.33
1.0
2.33
-2.33
-7.33
-0.67
-1.67
-0.33
1.0
-1.33
2.0
0.33
0.0
-2.0
2.33
3.33
-2.0
6.0
-6.33
-0.67
0.33
-2.0
4.0
8.33
-1.33
9.33
3.33
-2.33
4.0
-3.0
-2.33
-3.33
0.0
1.33
-2.33
-3.0
7.0
4.67
2.0
3.67
3.0
-3.0
5.0
-1.33
1.33
-4.33
6.0
4.0
-1.67
-1.33
0.67
0.67
4.33
-2.33
4.0
-3.33
-4.67
0.67
4.33
1.0
2.0
1.33
-3.0
-4.33
-2.0
7.33
-4.0
-3.0
-0.33
0.67
-5.33
1.67
-2.33
0.33
1.67
-3.67
2.33
0.33
-0.33
2.0
4.33
-0.33
-2.33
-0.33
-2.67
0.33
3.0
-4.67
-1.0
4.0
-1.0
3.0
-3.33
-1.0
2.67
-2.0
-0.33
3.67
4.67
5.67
2.33
-2.33
4.67
-2.0
2.33
3.67
0.67
3.0
-2.67
1.33
-0.67
0.0
1.33
3.0
0.33
1.67
4.67
-4.0
-1.67
-0.67
1.67
-1.0
-0.33
-3.0
2.33
0.0
0.33
-2.33
0.67
2.33
-1.33
-1.0
-1.0
-5.67
-2.67
-2.33
2.0
0.67
0.67
3.0
1.0
1.0
-1.33
-0.67
4.0
-1.67
1.67
1.67
-2.0
-3.67
3.0
-2.67
3.67
6.33
2.0
1.33
-3.0
-3.0
-1.67
-1.33
-3.33
4.67
1.33
-1.33
-2.67
-1.67
2.0
-1.0
-4.0
6.33
2.33
0.67
1.0
-3.67
3.67
1.67
3.0
-2.33
-3.33
-5.33
3.33
1.0
0.0
-1.0
2.67
3.33
1.33
-0.33
0.0
-0.67
-0.33
-4.0
4.0
2.0
-1.0
-0.33
-5.67
-2.33
-1.33
-1.0
3.67
-2.0
3.67
1.33
-3.0
-1.33
-2.67
-6.0
-1.33
4.67
-4.67
2.0
-1.0
1.33
3.33
-1.67
-6.33
-1.33
2.67
-3.67
0.0
-0.67
-2.33
-11.0
-3.33
-5.67
-4.0
-3.0
0.67
-3.33
0.67
-0.33
-5.67
-4.0
-1.33
-4.33
2.67
0.33
-2.67
-6.0
-2.67
-2.33
2.33
0.0
-8.33
1.67
-2.0
-4.0
-1.33
2.67
-1.33
-5.33
1.0
-2.0
-4.0
-2.33
-3.67
-2.67
-3.33
-6.33
-1.67
2.0
-1.33
0.67
1.0
-2.67
-2.33
3.0
0.33
-1.67
-8.67
6.0
-0.67
1.33
-1.67
-6.0
-2.67
-0.33
5.67
-3.0
1.33
-2.67
-1.33
-4.67
-4.67
-1.67
-3.33
-5.33
-7.33
-6.67
-3.33
-0.67
-12.0
-2.33
-0.33
-7.33
-2.67
-12.67
-6.67
2.33
-10.0
-3.0
-13.0
-2.33
-1.0
-1.0
-8.33
2.0
-2.67
-10.33
-3.33
-8.0
-3.0
-5.67
-5.67
-3.67
-1.33
-3.67
-2.33
-2.0
-2.33
-7.67
-4.33
-5.0
-0.33
-9.67
-11.0
-3.0
-2.0
-6.67
-7.33
-4.33
-5.33
-7.33
-9.33
-9.0
-8.0
0.33
-1.67
-3.67
-6.0
0.67
-0.33
-5.33
-9.33
-6.67
-2.67
-3.33
-0.33
-7.67
4.67
-0.67
-4.0
-8.67
-0.33
-8.0
-2.67
-9.0
3.0
-5.67
-6.67
1.0
3.67
3.0
3.33
2.0
1.0
-0.33
-6.33
11.0
11.0
9.33
7.33
13.33
14.33
17.0
27.33
6.33
23.67
20.67
4.67
20.33
16.67
4.0
6.67
8.0
-0.33
17.67
-2.0
9.0
0.33
-1.0
5.0
3.67
-5.67
-7.33
-9.33
-3.0
-11.67
0.67
-5.67
-2.0
2.33
-3.0
-9.33
4.33
0.33
-7.67
-4.0
-6.67
-11.33
3.33
-2.33
-4.33
-0.67
-4.0
-2.0
-4.0
-6.67
-13.0
-5.67
-7.67
1.33
-6.0
-2.0
-5.0
-0.33
-3.33
-7.33
-3.67
-13.0
-10.33
-6.33
-10.0
-0.33
-6.0
-7.33
-5.0
-8.0
-6.67
-14.67
-5.33
-10.0
-12.0
-0.67
-11.0
-13.0
-7.0
-6.33
-6.33
-5.67
-1.67
-4.0
-10.0
-5.67
-9.0
-2.33
-7.67
-6.0
-7.0
4.0
-9.0
-2.0
-6.33
-11.0
-2.33
-8.67
-4.33
-15.33
-6.67
-8.33
-9.0
-3.67
1.0
-6.67
-5.0
-10.0
0.67
-0.67
-1.67
6.0
4.0
-4.0
-2.67
-3.33
-9.33
-9.0
-8.33
-10.33
-4.67
-7.67
-1.67
-5.67
-13.67
-2.67
-17.67
-4.67
-13.0
-5.67
1.0
2.67
-5.67
7.33
8.67
-5.33
-3.33
-11.33
-9.0
-0.33
-10.33
-2.33
9.0
-7.0
-2.67
-6.67
0.33
-5.33
-2.0
-11.67
-7.0
-3.0
0.33
-5.33
0.33
-2.67
-10.67
-4.33
-12.0
-0.33
-5.33
-13.0
-6.67
-5.67
-5.33
-3.33
-10.0
-8.33
-6.33
-4.0
4.0
-1.33
1.33
-7.33
-0.67
-1.67
-10.33
-9.0
-4.33
4.33
-9.0
-1.67
-0.67
-11.0
-2.67
-4.0
7.0
3.0
-3.33
-9.0
0.67
0.67
0.67
2.0
-4.33
3.0
9.33
-12.67
-3.67
3.0
5.67
-5.33
-0.33
-1.67
-3.67
-10.0
-3.33
-3.0
7.0
-2.33
2.67
-7.0
0.67
-2.33
8.0
-6.33
0.67
3.0
9.67
2.0
10.67
10.33
13.33
13.33
14.0
6.33
12.67
19.0
28.67
13.67
29.67
8.67
14.33
18.67
10.67
14.67
18.67
14.67
10.0
7.0
5.33
10.67
2.0
2.33
12.0
-0.67
-0.33
-7.0
9.33
3.0
0.0
2.33
5.0
1.0
2.0
-0.67
7.67
-7.0
0.67
3.33
0.33
9.67
7.33
7.33
-0.33
1.0
-2.67
-9.0
2.33
-3.67
-1.67
4.33
-2.0
3.67
6.67
-5.67
-2.0
6.33
-4.0
-5.0
5.0
7.67
-0.67
1.0
4.33
-1.67
8.33
2.33
9.0
1.0
-2.0
-0.67
2.0
-5.67
4.0
-4.33
-1.0
3.0
8.0
-4.33
12.33
-3.0
10.67
4.0
6.0
-0.67
-3.67
7.33
2.67
-1.0
-2.0
2.67
12.33
8.33
-0.67
2.0
-3.33
4.67
4.0
-0.67
3.67
8.0
3.33
5.33
2.0
18.0
2.0
5.67
3.33
-0.33
-11.33
6.33
2.67
6.33
-5.67
-1.0
1.33
0.0
3.33
-1.33
-4.67
1.67
-6.0
12.0
18.33
-0.33
-1.0
3.0
4.67
9.67
6.0
14.0
1.0
8.67
6.0
6.67
-0.67
16.33
4.33
4.67
14.67
7.0
14.33
1.0
5.67
8.33
3.33
2.33
7.67
7.0
12.33
2.33
17.33
18.67
4.67
10.0
4.0
-7.33
20.0
10.33
-8.33
2.33
2.67
10.67
-3.67
5.0
7.67
5.33
3.67
2.0
9.0
6.33
7.67
-3.33
9.33
1.0
4.33
-2.67
5.0
5.67
-4.33
10.67
-4.0
12.0
-8.67
-1.33
-3.33
3.0
15.33
14.67
21.33
-1.33
8.0
9.67
10.0
6.67
7.0
5.67
19.67
-1.33
-1.67
-2.67
10.67
4.0
4.0
4.0
7.67
11.33
-0.33
7.67
13.33
14.67
9.67
13.67
13.67
6.0
7.67
7.67
9.0
12.33
4.33
8.33
0.33
10.0
5.33
-4.67
11.67
11.0
5.0
7.0
11.33
11.67
1.33
14.67
11.33
0.33
1.67
5.33
10.0
10.33
-2.0
8.0
4.67
12.33
13.67
5.67
11.33
2.33
7.33
11.67
11.33
8.0
5.0
6.33
7.67
10.67
20.33
7.33
18.0
7.0
7.67
15.0
19.0
16.67
24.67
18.67
11.67
10.0
22.0
34.67
29.67
28.33
29.33
32.0
43.33
37.33
32.67
47.67
39.0
83.33
75.0
66.0
81.33
93.33
76.0
95.0
111.67
98.0
108.0
83.67
120.33
104.0
112.0
120.67
116.67
106.33
124.33
86.0
97.33
83.67
72.0
92.33
78.0
57.0
66.0
49.67
35.0
35.67
42.33
23.67
17.67
25.33
12.33
18.0
17.33
12.0
15.33
24.0
8.67
-0.33
9.67
10.67
-2.67
4.33
11.33
11.0
3.33
17.33
12.33
7.67
-5.67
15.33
4.67
3.0
9.0
8.67
3.67
10.67
8.0
-6.0
-6.67
2.0
13.33
0.0
2.67
0.0
3.0
-0.67
8.67
3.67
-4.67
3.0
12.67
6.0
3.0
7.67
13.0
4.33
6.33
-0.67
7.0
11.33
-3.33
5.33
10.0
10.67
5.67
2.67
-1.33
2.0
-2.33
2.33
10.67
-7.0
4.0
6.0
-0.67
16.67
12.0
-1.33
9.67
14.67
2.33
8.0
7.33
5.33
18.0
6.67
14.33
6.33
0.33
4.0
10.33
14.0
1.33
13.0
1.0
11.33
12.0
1.33
16.67
7.67
8.0
7.33
9.33
4.67
7.0
4.67
11.0
9.33
6.33
15.67
9.0
10.67
7.33
11.33
12.0
0.33
1.67
15.67
12.33
10.67
-1.67
7.33
4.67
0.67
8.67
0.67
1.67
0.0
8.33
2.0
2.33
-4.33
13.0
9.33
11.33
6.33
7.67
5.33
3.0
-0.33
11.67
-1.0
4.33
19.0
1.0
10.67
-4.0
8.0
-1.67
23.0
3.67
3.0
2.0
14.67
-4.33
7.67
-11.33
-6.33
-3.0
12.67
3.67
12.33
2.33
16.67
4.33
2.33
28.0
7.67
9.0
-1.67
1.0
3.67
8.33
4.67
10.0
2.67
9.67
7.67
13.67
15.67
6.67
18.0
26.33
13.0
3.67
21.33
30.0
19.33
23.67
19.0
7.33
32.67
19.67
30.67
44.0
18.33
18.67
26.67
26.0
18.0
32.0
10.67
16.67
36.0
5.0
14.67
10.67
0.67
17.0
-0.33
13.0
11.0
2.0
-12.67
8.67
12.0
7.0
15.67
15.33
13.67
12.67
6.67
1.0
-0.33
8.0
-3.67
-12.33
16.33
11.33
13.67
13.67
5.67
-6.33
4.0
6.0
0.0
5.33
-3.0
-10.67
-3.67
-16.33
-1.67
1.0
-5.67
4.67
-1.0
6.67
-0.67
10.33
7.33
-10.67
8.0
10.33
1.67
2.33
11.67
22.33
8.0
8.33
5.0
8.0
9.0
6.67
8.67
0.33
18.67
16.67
4.0
5.33
10.33
6.0
1.67
17.33
5.67
2.33
13.67
13.0
11.67
11.67
1.33
-9.67
23.0
8.67
10.0
10.67
9.0
6.33
12.67
3.0
13.0
11.33
3.67
10.0
2.67
2.67
1.0
-1.0
1.33
5.0
0.33
-3.33
-5.33
11.33
-0.67
0.67
-11.0
9.0
-9.0
-4.33
-3.0
2.33
2.0
5.67
3.0
12.67
1.33
-5.67
-1.0
-6.0
3.33
1.33
7.33
4.0
0.0
5.0
-3.0
2.33
-6.33
6.0
4.0
-2.33
-2.0
0.0
6.33
3.0
-1.67
-7.0
0.67
-2.33
1.0
9.33
4.67
9.67
10.67
-1.0
9.33
10.33
-3.33
0.67
4.33
5.67
-9.67
-1.0
0.33
4.67
4.33
3.67
2.67
4.67
5.67
4.67
2.0
6.67
12.33
-5.67
6.67
-11.33
0.0
5.67
-0.33
0.67
6.67
-3.0
10.0
10.67
-9.0
-1.33
0.0
8.33
-6.67
-1.67
1.67
4.67
-1.67
0.67
6.33
9.0
9.33
4.0
-2.33
7.0
4.0
-2.33
-3.33
3.0
4.0
5.0
4.33
-1.0
5.33
-4.0
-8.0
0.33
4.67
15.33
6.33
6.67
10.0
5.33
8.33
4.33
14.33
-5.33
2.67
0.33
8.67
11.67
-3.0
-0.67
2.67
19.33
-3.0
8.0
4.0
-0.67
15.0
3.33
16.0
8.33
-2.67
-9.0
14.33
8.67
9.33
6.0
-3.0
2.33
11.0
1.33
8.33
2.33
3.0
8.33
-1.67
3.67
4.0
1.67
-2.33
-0.67
2.33
-0.33
-3.33
-2.0
12.33
8.33
2.0
2.0
0.33
-6.33
12.0
-5.33
5.67
1.0
10.67
3.0
-1.33
8.33
-6.33
7.33
0.33
5.33
3.67
6.0
2.67
8.33
6.0
6.0
6.0
-0.33
2.0
2.33
10.33
1.67
6.33
-3.0
0.67
9.33
-2.33
5.0
1.67
-3.33
9.67
-2.67
-5.33
0.33
7.0
-2.67
6.67
4.67
2.67
-1.0
0.67
-0.67
5.33
-2.0
1.33
6.33
-4.0
-2.33
-5.67
8.0
-5.0
-6.0
2.33
-9.33
-4.0
-2.33
-6.33
8.67
-1.0
5.0
-2.0
1.33
-3.33
-5.33
2.0
-1.0
5.67
3.67
-1.33
1.0
1.33
8.67
10.33
5.0
-2.33
-0.67
-0.67
0.0
1.67
-4.67
-4.0
1.0
-1.67
-7.33
3.0
0.67
2.33
1.67
3.33
5.67
-1.0
4.67
8.67
-5.0
5.67
1.0
3.0
6.33
-2.33
7.0
6.67
2.33
9.33
1.0
3.0
0.0
-0.33
6.33
3.67
5.67
3.33
-5.0
1.0
9.33
7.67
0.67
8.0
4.0
-1.67
2.33
0.67
8.33
6.33
9.67
1.67
5.67
-2.0
6.67
-2.0
11.0
5.67
1.67
0.0
-3.0
-1.0
-2.33
-3.0
2.67
-2.0
-2.33
-1.67
0.67
3.67
0.0
1.33
4.33
1.0
1.0
-3.33
4.0
-2.33
-3.0
8.33
5.67
5.33
4.67
4.67
4.0
2.67
2.0
7.67
-1.0
5.67
1.33
-1.0
-3.33
-4.67
3.0
4.67
4.33
-0.33
1.67
1.67
2.0
5.0
0.67
-7.67
2.67
5.67
-1.0
4.0
2.33
2.0
1.67
3.0
8.0
0.67
4.67
4.33
8.33
1.67
1.33
-4.33
4.0
-1.67
3.67
-5.33
3.33
-2.33
-0.33
2.0
-3.33
5.33
-4.0
4.0
-2.67
4.33
-1.67
-1.67
2.67
-1.33
-1.67
2.67
-1.33
-0.67
-0.67
8.0
-1.33
1.33
2.0
4.67
1.0
0.0
-5.33
7.67
-1.33
-6.0
0.33
1.33
-0.67
-4.0
-3.67
-2.67
0.33
5.0
-0.33
7.33
4.67
6.67
3.33
1.33
-1.33
2.33
4.67
2.33
9.0
4.0
1.67
1.67
-1.33
7.33
-4.33
4.0
-1.33
0.33
5.33
0.0
-1.33
4.0
0.67
