0.0
45.0
70.33
27.33
33.0
-10.33
148.0
52.67
124.33
-14.0
42.33
33.0
49.0
88.67
14.0
-51.33
-52.67
11.33
-21.67
-6.33
-42.33
6.0
11.67
-30.0
-10.67
4.67
23.0
3.0
6.67
1.67
8.67
-4.67
4.67
-0.33
3.67
0.33
-0.33
2.0
2.33
0.33
2.0
0.0
-1.67
-1.33
-0.33
-0.67
1.0
0.33
1.0
-1.67
-0.33
-0.33
0.67
-1.0
-0.33
0.0
1.33
2.0
-1.33
0.0
0.33
-0.33
-0.33
0.67
1.0
0.0
0.0
-0.67
0.0
-0.67
0.0
0.33
-0.67
2.67
0.0
2.0
0.0
-0.33
0.33
0.33
0.33
2.0
1.0
-0.33
-0.67
-0.67
0.67
0.67
-1.33
-0.33
1.33
0.0
0.67
-1.0
0.33
-0.33
0.67
-0.33
0.67
0.33
-0.33
0.0
2.33
-1.67
0.67
1.33
-2.0
-1.0
-0.33
0.0
-2.0
-1.0
-1.0
-1.0
7.0
0.33
-0.67
0.0
1.0
2.0
0.67
0.0
0.67
-3.33
3.67
6.33
1.33
2.67
1.67
1.67
0.67
-4.0
-6.0
5.67
0.33
1.33
2.33
-3.33
-1.67
0.33
5.67
5.0
1.0
0.33
6.0
4.33
3.0
-0.67
0.0
4.0
7.33
1.67
-1.0
0.0
6.0
6.0
1.67
8.0
-2.33
0.33
-1.33
-0.33
-0.67
3.67
0.67
0.33
3.33
-5.33
4.67
4.0
0.67
-5.33
1.33
-2.33
-0.33
-2.0
-2.33
-1.0
-2.33
-3.33
1.67
1.0
4.67
-1.0
-1.0
-3.0
-1.0
-1.33
-3.0
3.67
3.33
-11.67
-3.0
1.33
1.33
1.67
2.67
2.33
0.67
0.33
4.0
-5.0
2.67
-4.33
0.67
5.67
-1.0
4.67
1.67
-0.67
-1.33
8.0
5.67
-1.33
-1.0
2.33
-2.0
-3.67
5.33
-1.67
1.0
-2.67
0.67
-5.0
2.0
6.67
-7.0
4.67
-1.67
10.33
5.0
3.67
0.67
-1.33
-8.67
-3.0
-1.67
-2.67
2.33
-0.67
-1.0
-5.67
13.0
1.67
7.0
2.33
5.33
2.33
0.33
3.0
8.67
-1.33
6.33
-0.33
0.67
6.67
0.33
0.0
3.67
-0.33
8.67
1.0
3.33
-2.67
-5.0
3.0
3.67
3.67
-1.33
-0.67
-4.33
-2.0
-0.33
1.67
-1.67
1.67
1.67
10.67
7.33
-3.0
6.67
-8.0
5.67
12.67
1.33
5.0
-3.0
-0.67
6.67
10.33
-1.33
0.67
-1.33
-0.33
7.0
4.33
-4.0
1.67
3.0
5.0
2.67
1.67
2.33
-3.67
9.33
-1.0
1.33
4.33
3.0
2.0
1.0
-1.0
-3.67
-1.0
3.33
1.33
0.33
5.67
-5.0
0.33
0.67
2.0
11.33
3.67
8.67
-4.0
3.33
9.0
0.0
0.0
10.33
-0.33
2.33
1.0
0.67
5.0
5.0
5.67
-0.33
3.33
6.0
0.0
2.0
2.0
2.33
0.67
9.33
2.67
2.0
-0.67
9.0
5.33
4.67
2.0
-1.0
-2.0
2.0
7.67
-0.67
1.0
-1.67
-3.67
0.33
-3.67
1.33
1.0
-3.67
-6.0
3.67
5.0
0.0
-3.33
2.67
0.67
2.67
-0.33
-4.0
3.0
-2.67
1.0
5.0
-2.67
6.67
-2.33
4.0
-3.67
4.33
1.0
-0.33
-1.0
7.0
7.0
5.0
9.33
10.33
-5.0
-3.0
5.33
4.0
4.67
2.67
-0.33
3.0
11.33
1.33
9.0
0.0
4.0
7.33
-2.0
2.0
-1.33
3.67
-2.33
-1.67
3.0
1.0
-0.67
2.33
0.33
-2.33
5.0
1.33
2.67
-3.33
4.33
-3.67
-3.0
1.0
-1.33
-2.33
2.33
-0.33
5.33
-1.33
-0.67
1.33
-2.0
-0.67
-0.33
-2.33
-0.67
-0.67
-5.33
2.0
-1.33
1.0
-0.67
2.0
-6.0
2.33
3.33
-2.0
4.0
-3.33
-0.67
2.33
0.0
0.0
1.33
-0.33
5.33
-0.67
1.67
3.0
5.0
1.67
1.67
6.0
-3.67
0.67
2.0
-1.0
1.67
-1.0
1.67
-1.0
-2.0
2.0
7.67
-2.67
-2.33
6.0
6.0
1.33
2.67
-2.33
1.67
3.33
0.67
1.0
3.67
1.33
-0.33
-1.67
5.0
-1.0
0.33
0.0
0.67
0.0
2.33
4.0
-5.0
3.67
-0.33
-1.33
0.67
-0.33
-0.67
2.67
-3.67
-2.67
-2.67
2.67
3.0
3.33
-0.33
-1.33
1.67
-0.67
5.33
0.0
3.33
0.0
5.0
1.0
4.0
-0.33
-3.0
-2.33
0.0
2.67
-0.33
1.67
2.67
3.33
2.67
2.67
-2.0
2.33
0.67
-3.33
6.0
-6.67
1.33
-0.67
0.0
-2.67
-2.0
3.33
1.67
1.67
0.0
3.33
0.33
1.67
0.0
-0.33
0.0
2.33
4.0
-0.67
0.67
-1.33
-1.67
0.67
-3.0
3.0
0.33
0.33
1.67
2.0
3.67
0.67
2.0
-3.0
0.0
-2.33
2.33
-2.0
1.33
1.67
-5.33
-1.0
-0.67
3.0
0.33
1.67
-0.67
-1.0
0.33
-2.0
-5.0
5.33
0.67
-0.33
1.67
3.33
0.67
-3.67
-0.67
3.0
2.0
-3.0
2.33
-0.67
-1.33
-2.0
-5.67
-4.33
-0.33
-3.0
2.67
-5.33
-4.33
3.33
3.0
0.0
1.0
-1.33
1.33
0.33
-6.33
1.0
-1.67
3.67
-2.0
3.0
-2.0
-2.0
0.67
-3.67
3.67
6.67
0.0
-0.33
-2.0
0.67
-2.67
-4.0
-1.33
-0.67
-5.0
-1.33
-2.33
-1.67
3.0
0.0
6.33
1.33
-6.67
-3.33
-5.33
2.67
-6.67
-2.0
-1.67
-2.33
-8.0
-2.33
-3.67
2.0
2.0
-4.33
-1.33
-3.33
2.67
-0.67
0.0
-0.33
-2.33
-1.33
4.33
3.33
-2.0
0.33
-1.33
-3.67
-3.0
-7.33
-0.33
-5.0
-2.0
3.67
-3.33
-4.33
-2.33
-3.0
-7.0
-3.0
-5.33
-4.67
-0.67
-0.33
-3.33
-0.67
-6.0
-2.33
0.67
-2.0
-1.67
-4.33
6.0
-4.67
-0.67
-4.67
-3.0
3.33
1.33
0.33
-5.0
-5.67
1.67
-0.33
-7.0
-3.67
-6.67
-4.33
-7.67
-5.67
-7.67
-6.33
-2.33
-6.33
-7.67
8.67
0.33
-9.0
-8.33
-4.33
-6.33
-7.67
-13.67
0.33
-4.67
-8.0
-7.0
-7.0
-4.33
-8.0
-8.0
0.67
-2.0
-2.67
-6.33
-2.33
-2.0
-1.0
-5.67
-2.67
-5.67
1.67
-6.67
-1.33
-2.0
-5.33
-4.67
-7.33
0.0
-3.33
3.33
-6.0
-3.0
-1.0
-8.67
-9.33
-7.33
-10.33
-11.33
-1.33
-7.0
-12.0
-0.67
-4.67
-1.67
-3.0
-4.33
0.67
-5.33
-8.33
-1.67
-7.67
-4.33
-7.33
-3.67
-4.33
1.33
-3.0
-9.67
-2.33
-9.0
-0.67
-7.0
6.0
-1.67
-3.67
-5.0
-5.33
4.0
-2.67
9.0
1.0
0.67
-0.33
2.0
8.0
9.33
13.33
11.33
17.33
16.0
14.33
5.33
2.67
26.67
20.67
17.33
5.67
4.0
7.67
9.0
8.67
1.67
-2.0
-4.0
0.33
-4.0
5.0
-2.33
-3.67
-0.33
-13.33
1.0
-7.67
-6.33
1.33
-1.0
-3.67
-4.0
-5.33
-11.67
-5.67
-5.67
-2.0
-4.67
-4.33
4.33
-5.33
2.67
-1.67
-5.0
-8.0
-2.0
-5.67
1.0
-2.67
-8.67
-3.67
9.0
-2.0
-2.0
2.67
-11.33
-10.33
-6.67
-5.0
-2.33
-2.33
-9.0
1.67
-4.0
-12.33
-5.0
-6.0
-0.67
-12.67
-6.33
-16.0
-3.0
-2.67
-9.0
-15.0
-5.0
-8.33
-10.33
-7.67
1.33
-7.0
-7.0
-5.67
6.0
-3.33
-8.67
-6.0
-8.0
2.0
-8.0
-6.0
-8.33
-5.0
-8.33
-11.67
-0.33
-8.33
-15.67
-6.33
-5.0
-7.67
0.0
-1.67
4.0
-7.0
-3.33
-4.67
0.33
0.0
0.0
-4.0
-3.67
-5.33
-7.33
-6.0
-5.33
-15.33
4.33
-0.67
-0.67
-0.67
5.33
-9.67
-9.67
-4.67
1.0
1.33
-8.0
-4.33
-1.67
7.33
-2.33
-2.33
-8.33
-8.33
-9.0
-0.33
-3.33
-11.33
-2.0
1.0
-5.67
1.33
-4.67
-12.33
1.0
-5.67
1.0
0.0
-0.67
-15.33
-5.67
1.33
-8.67
-9.33
-12.0
-3.33
-8.33
-6.0
-6.67
-7.67
0.67
-0.33
-5.0
-7.33
4.67
-1.0
-5.0
-3.33
4.33
-6.33
0.33
-0.67
-9.33
-5.0
-1.33
4.33
-8.0
-5.67
-11.67
-7.0
-3.67
-5.0
-2.0
5.0
-0.33
0.0
-1.33
-5.33
-4.33
6.0
4.67
-1.0
-4.67
-7.67
-6.67
-2.0
-1.33
1.67
-4.33
-4.67
-1.67
-1.0
-3.33
6.0
-1.0
4.67
7.67
-2.0
8.67
-5.33
7.0
-7.33
0.67
12.0
12.67
3.0
22.67
3.33
11.33
10.33
19.0
15.33
16.67
18.0
22.67
13.67
14.67
18.67
24.33
11.67
17.67
12.67
12.67
11.67
26.0
15.0
17.33
2.67
1.0
3.33
10.0
3.33
-0.33
8.0
9.33
-2.0
5.0
3.33
1.0
1.0
-7.0
-6.67
9.67
-5.0
-0.33
5.33
3.33
8.67
9.33
8.33
8.67
-4.0
0.33
0.0
3.33
2.33
2.33
-3.67
-3.0
-0.33
-1.33
0.33
6.0
5.33
0.0
-1.0
4.0
-0.33
6.33
-9.0
5.33
-3.67
10.33
3.33
9.0
4.0
2.0
1.33
0.0
-3.67
1.0
-6.33
1.0
5.0
7.0
-2.33
2.33
0.0
5.67
-5.0
3.0
10.33
4.33
3.33
2.67
-3.0
3.0
5.67
17.33
1.33
-1.67
-1.0
-1.33
-2.33
8.0
-4.67
1.67
0.0
13.33
1.33
1.0
2.0
6.0
2.67
-0.67
-3.33
-4.33
6.33
2.67
10.33
4.33
4.0
-3.67
1.0
7.33
-8.33
12.33
13.67
-4.0
-3.0
4.33
0.67
16.0
18.0
-0.33
-4.33
3.0
5.0
1.0
-1.33
1.0
2.67
5.33
1.33
3.33
11.67
-4.33
0.0
2.33
6.0
1.67
2.33
5.33
7.33
2.67
12.0
-9.67
16.33
2.33
10.67
6.67
8.0
16.0
5.67
5.0
6.33
-5.33
7.33
9.67
6.67
5.33
11.0
5.67
7.33
-4.33
4.0
1.0
7.33
1.67
14.67
-2.67
9.0
12.33
4.33
2.0
6.67
4.67
7.67
0.0
2.0
-3.67
4.67
-1.33
12.0
-0.67
13.67
9.33
5.67
10.0
0.67
1.0
1.67
12.0
6.67
15.67
11.67
7.33
-1.67
8.67
1.0
0.0
3.0
9.67
9.33
17.67
6.67
11.33
5.67
1.67
8.67
-0.33
6.0
0.67
15.67
9.0
14.33
-3.67
20.33
7.33
3.0
18.33
4.33
9.67
9.0
1.0
10.0
11.33
10.67
10.33
4.67
12.33
6.33
4.67
5.33
6.0
5.33
17.0
12.0
3.67
-1.67
9.67
13.67
16.33
15.33
17.33
22.67
9.33
6.0
12.0
14.33
8.67
7.67
10.33
9.33
25.0
-6.0
17.67
-4.0
18.0
10.67
18.67
19.67
8.67
24.0
27.0
10.67
16.67
14.33
21.33
25.0
40.33
38.33
34.67
54.67
56.0
77.33
82.0
91.0
81.33
83.33
81.0
111.0
116.67
109.0
121.0
113.67
102.33
114.0
119.0
114.67
114.67
137.33
99.33
115.0
109.33
100.67
95.0
80.33
84.0
73.0
75.0
58.67
51.0
30.67
33.33
27.67
27.67
23.33
15.33
19.0
14.33
13.0
15.33
24.0
8.67
9.67
9.67
5.67
-2.67
1.33
13.33
7.0
15.33
2.33
9.33
14.67
8.33
10.33
6.67
2.0
7.0
7.67
-2.33
10.67
15.0
13.0
-12.67
-4.0
13.33
1.0
0.67
-4.0
9.0
2.33
23.67
4.67
0.33
3.0
16.67
-6.0
10.0
-1.33
7.0
2.33
-4.67
16.33
16.0
1.33
4.67
12.33
3.0
9.67
2.67
2.67
13.67
7.0
1.67
-0.67
1.67
-9.0
7.0
5.0
5.33
3.67
7.0
-1.33
10.67
-4.33
1.33
19.0
12.33
24.33
-1.0
-3.33
10.33
10.33
2.33
4.0
0.33
11.0
1.33
14.0
-2.0
9.33
10.0
10.33
-6.33
10.67
0.0
-3.67
14.33
7.67
13.0
9.67
8.0
11.33
15.33
10.67
8.0
9.67
3.33
5.33
6.0
12.33
1.67
9.67
5.33
2.67
6.33
14.33
5.67
12.67
14.67
7.67
15.67
4.0
9.33
7.0
9.33
13.67
0.0
12.33
17.33
2.33
6.67
8.33
4.0
4.67
2.67
0.0
5.33
-6.0
14.0
1.67
6.0
7.0
4.33
14.0
-7.33
17.0
9.0
17.67
4.67
10.67
1.67
4.67
-16.0
2.67
8.67
0.33
6.33
11.67
-4.67
-0.67
10.0
4.67
1.0
4.33
-6.0
-0.33
2.33
4.67
6.0
4.67
2.67
11.67
17.67
20.67
14.67
22.0
6.33
13.0
13.67
9.33
26.0
28.33
18.67
8.0
15.33
19.67
19.67
24.67
25.0
22.33
31.67
31.67
25.0
37.0
18.0
3.67
9.67
37.0
13.0
21.67
20.67
7.67
11.0
11.67
14.0
11.0
5.0
4.33
-1.33
3.0
-4.0
6.67
17.33
0.67
9.67
-2.33
1.0
3.67
-4.0
17.33
8.67
7.33
17.33
14.67
-1.33
-6.33
-7.33
-7.0
1.0
16.0
-9.67
5.0
-1.67
21.33
-5.33
-0.67
-4.0
-3.67
14.67
10.0
10.67
9.33
-1.67
5.33
-1.67
5.0
-4.67
2.67
-0.67
2.67
4.33
12.0
4.33
8.0
-7.0
3.0
3.67
4.67
3.33
4.67
10.67
17.0
25.33
13.33
1.0
23.67
5.33
13.67
11.33
16.67
-4.0
15.67
3.67
11.33
11.33
11.0
9.67
13.0
7.67
10.0
5.33
9.67
2.0
15.0
14.33
2.67
17.0
-3.33
19.67
-3.0
0.0
8.33
2.0
13.33
-6.33
-1.33
8.33
2.33
6.67
-7.0
3.0
9.0
-0.33
-11.0
-0.67
-6.0
-3.33
5.0
-3.33
-1.67
-3.67
7.0
-5.0
-2.67
-1.67
-2.67
3.0
-1.0
12.0
7.0
7.33
-0.33
4.0
0.0
-0.33
3.0
2.0
-2.67
-2.0
-4.67
6.0
3.67
-1.33
17.0
2.33
-0.33
5.67
2.67
2.0
-1.67
7.33
-10.33
-8.33
-5.67
1.67
1.33
-4.0
-9.67
12.67
7.33
-0.33
-4.33
5.67
0.67
-5.33
2.0
4.67
-9.67
-2.67
-3.33
-7.33
4.0
-3.33
-2.33
-0.33
1.67
3.0
1.0
14.67
3.0
-4.33
2.0
2.33
-0.67
5.33
0.67
-5.33
0.33
2.67
5.33
6.0
3.33
0.0
-0.33
0.0
4.0
-2.33
-12.33
-10.0
1.0
-3.0
5.33
-4.0
2.33
0.0
11.0
-0.67
1.67
7.33
2.33
11.67
2.0
7.33
4.33
3.33
11.33
7.67
-6.33
3.33
1.67
0.67
2.0
3.33
10.67
25.33
1.0
12.0
6.0
6.33
-4.0
11.33
4.0
-0.67
2.33
1.0
7.33
6.67
12.33
11.0
0.0
-1.67
8.0
4.33
5.33
7.33
5.0
10.33
-0.67
4.67
1.0
-1.33
-8.33
3.33
9.33
3.67
-7.33
-1.0
1.33
4.33
5.0
5.0
5.33
6.67
-4.0
0.67
-3.33
10.0
-1.33
-2.0
2.67
3.33
2.67
3.33
5.33
-0.67
1.67
2.0
-3.33
10.33
-5.0
3.0
10.0
7.67
1.0
1.33
-6.67
-0.33
7.33
7.0
9.67
2.33
-6.33
0.0
10.67
3.67
-7.33
-2.67
-0.33
9.33
-2.0
-7.67
-3.33
0.67
11.67
1.0
-0.33
-4.67
6.33
1.0
12.33
8.33
-3.0
-5.33
-2.67
-2.0
-2.0
-8.0
2.33
-0.33
3.0
2.67
-1.33
10.67
3.0
-2.0
3.0
9.33
-7.33
-0.33
6.0
6.0
0.67
6.67
3.67
5.0
6.33
3.67
-3.67
12.0
-6.33
6.33
-2.67
4.0
9.67
2.33
-4.0
-9.0
-0.67
-2.33
1.0
-7.33
3.33
1.67
-2.67
1.67
-2.0
4.67
5.67
-1.0
9.67
-1.0
3.0
-3.67
8.67
1.0
3.67
3.33
2.33
-6.0
8.0
3.0
1.67
0.33
3.67
2.67
6.33
-4.0
-2.0
1.33
3.67
3.67
8.0
7.0
9.33
4.33
1.67
6.33
7.33
1.67
4.67
4.67
-2.0
-1.33
-1.0
7.0
-1.33
-1.33
0.0
1.0
2.0
-2.33
-2.0
2.67
-1.0
0.67
-1.67
-2.33
-2.33
1.0
0.33
0.33
0.0
0.0
4.67
9.0
5.67
1.0
4.33
-3.33
4.33
-2.33
-6.33
2.0
0.67
-4.0
-4.33
-2.0
5.67
2.33
-2.0
4.67
-2.67
-1.0
0.67
3.33
2.67
-0.33
2.67
8.0
-2.0
-6.33
2.33
-2.33
2.67
-1.0
-4.0
3.33
2.0
-1.33
1.0
0.0
7.67
2.67
4.33
5.33
2.67
0.33
4.67
1.0
-5.67
-0.33
-1.33
7.33
-2.33
-0.33
2.0
1.67
2.33
-1.0
4.0
3.33
4.33
-2.67
4.33
8.67
-2.33
4.33
-2.33
1.67
-8.67
-0.67
1.0
4.67
-3.67
-2.0
-2.33
0.0
6.0
-0.33
4.67
4.67
-1.0
5.33
0.33
3.33
1.0
0.33
-0.67
8.33
0.0
-2.33
-1.67
3.67
8.67
-1.67
-1.67
0.67
-2.67
6.67
-6.67
8.0
-1.0
6.67
10.67
1.67
-1.67
0.67
-2.0
-1.33
4.33
-1.67
3.0
-1.33
4.0
-0.33
