0.0
56.0
1.0
3.67
-1.0
11.67
63.33
-46.33
-0.33
-6.33
-21.0
107.0
23.0
-45.0
-6.67
29.33
28.33
-52.33
-34.67
13.33
13.33
-11.67
46.0
-10.0
-11.67
5.67
5.33
6.0
6.33
0.33
0.0
-2.33
-2.33
2.33
0.33
-5.0
1.33
-1.33
-1.67
-0.33
0.33
1.67
3.33
-0.67
-1.0
0.33
0.0
-0.67
-0.33
0.0
0.67
0.33
-0.67
-0.33
2.0
0.0
0.0
0.0
0.67
0.0
-1.0
0.0
-0.67
-0.33
0.67
0.33
-0.33
-0.33
0.0
-0.67
0.0
0.0
-1.0
-1.0
3.0
1.33
1.67
0.0
1.33
0.67
0.67
-0.33
-0.33
-0.67
-0.33
-0.33
0.33
-0.33
0.67
0.33
0.67
-0.33
-1.33
-1.33
-0.67
-0.67
-1.0
0.0
1.67
-0.67
-1.0
-1.0
-0.67
-2.0
-1.33
2.0
-2.33
-0.33
-0.67
-3.33
-0.67
-0.33
0.0
2.33
1.0
-0.33
-1.33
1.0
2.33
1.33
-2.0
1.33
-0.67
2.33
0.0
-4.33
-3.33
2.0
0.67
3.0
-0.67
0.67
0.0
-1.67
-2.0
1.67
0.0
3.33
-0.33
-0.67
2.0
0.67
-3.67
-0.67
-1.33
1.67
0.67
5.0
-1.67
1.33
-2.0
2.0
-2.33
-1.0
-0.67
4.67
-0.33
8.33
2.33
-3.0
1.0
0.33
-1.33
-1.0
-3.0
-6.0
2.0
-4.0
6.67
3.0
-1.0
-3.67
-0.67
4.33
-1.67
3.0
-3.67
1.33
-5.67
8.67
-1.33
9.67
5.67
-0.33
3.0
1.0
-3.67
0.0
2.33
1.33
-3.0
0.67
2.0
-4.0
2.67
3.33
-3.0
5.67
1.33
0.67
6.67
1.33
0.33
2.33
5.0
-4.67
4.67
-1.0
-4.0
1.33
1.33
2.33
-0.67
2.33
-4.33
3.33
0.0
6.0
7.33
1.67
-3.67
-0.67
-3.33
-2.33
-1.33
4.33
1.67
-1.0
0.67
-1.33
0.33
4.33
-4.33
2.0
-3.0
4.67
3.67
3.67
1.0
-0.33
5.0
2.0
0.0
-3.67
-3.67
3.0
2.67
3.0
8.0
-2.33
-1.67
11.33
-1.33
1.33
-3.0
4.0
7.0
-1.0
-5.33
-5.0
-1.33
1.33
3.67
-1.0
0.0
-1.67
-3.67
1.0
-1.67
1.0
0.0
0.33
2.33
5.0
1.33
4.67
-0.67
2.0
15.67
3.0
4.67
3.0
-0.33
-2.67
4.33
9.0
-2.33
2.67
1.67
3.33
-1.33
9.33
-3.0
1.67
-2.0
-4.33
-5.0
3.0
0.33
8.33
2.67
1.0
4.0
-4.33
1.0
5.67
5.33
4.0
-3.0
-0.67
-4.33
2.67
2.67
6.33
1.33
4.67
3.0
2.33
-0.67
0.33
2.33
-1.33
2.0
-8.33
4.0
0.0
0.67
-0.33
-0.67
4.33
-1.0
1.0
2.67
-3.0
0.0
0.0
5.33
3.33
1.0
1.0
4.33
0.0
0.0
10.33
1.67
4.67
-5.33
-2.33
-2.67
2.0
0.33
1.67
5.0
1.33
2.67
-3.33
5.33
0.0
-1.67
-7.0
2.0
2.33
-4.0
4.0
0.33
1.33
-2.0
-0.33
-1.33
0.67
0.0
2.0
-6.0
5.67
4.33
0.67
7.0
3.0
4.67
0.67
-4.0
3.33
2.0
0.33
5.0
4.33
3.0
7.0
1.67
0.33
0.0
-3.67
-7.0
-3.67
4.0
0.33
-3.0
-2.33
1.0
2.67
0.67
-2.0
-3.33
5.67
-5.33
-2.67
3.0
0.0
-2.67
1.33
5.33
2.33
1.0
5.0
-1.33
-2.33
-0.33
-0.33
4.33
-2.67
-0.33
-6.33
3.67
0.0
-3.33
1.33
4.0
6.33
1.33
-0.33
-1.0
4.33
-4.67
2.0
1.0
-1.67
-0.67
-1.67
-2.67
2.33
4.67
-2.67
1.67
-2.0
2.67
5.33
-0.33
0.0
1.33
3.33
-3.0
-5.33
2.0
3.67
3.33
0.33
1.33
0.67
-3.33
-1.33
-3.33
1.67
0.33
-0.67
0.67
-5.33
-1.0
0.33
8.0
1.0
-1.67
0.0
-4.67
-5.33
4.67
-2.33
6.0
-1.67
6.67
-1.33
1.33
-1.0
3.67
-6.33
-0.67
0.67
-1.33
-3.67
0.33
1.33
-3.67
1.0
-0.33
-1.67
5.0
-3.67
-0.33
4.33
-0.67
-5.33
0.67
-6.33
3.67
0.0
-2.0
0.0
-1.67
-5.0
-5.33
0.67
-3.33
-2.33
-1.67
2.0
1.67
-2.67
2.67
-0.33
-1.67
1.0
-1.67
4.33
0.0
-5.33
-0.33
4.67
-1.33
-0.33
0.33
-0.33
2.67
1.33
-0.67
0.33
0.0
4.0
-2.67
0.67
-4.67
0.67
1.33
0.67
-3.67
2.33
3.33
1.33
1.0
-0.33
-3.67
1.0
0.33
-3.33
-1.33
5.0
2.33
2.33
-0.33
2.33
6.33
-1.33
3.0
-0.33
-2.67
0.33
0.0
-2.67
-2.0
1.33
4.0
-0.33
-1.0
-5.0
2.33
-2.33
3.0
-2.33
6.33
3.0
-0.33
1.67
2.0
-2.67
1.33
-3.33
0.0
1.33
2.33
-7.67
-1.0
-1.0
1.0
1.0
-2.0
-4.33
-2.0
1.67
-1.33
-1.33
2.33
2.67
6.0
-0.67
0.0
-1.33
-1.0
0.33
1.0
3.0
-1.67
0.0
0.0
-8.33
3.0
4.0
2.0
3.0
-2.67
4.67
-3.0
-2.33
2.33
2.0
-5.33
-1.33
-0.33
-0.67
-3.0
0.67
-3.0
0.67
-1.0
-2.0
-1.0
-1.0
-1.67
-1.33
-3.0
-2.33
-4.0
-3.67
-2.33
-2.67
0.0
-1.67
-0.33
-2.33
1.33
0.67
-3.67
3.0
-1.0
1.67
-7.67
-2.33
-3.0
1.33
-7.0
-3.33
3.33
-4.67
-6.33
-1.33
-5.0
0.33
-5.0
-1.67
-2.0
-0.33
-1.67
1.33
-5.0
-3.0
-4.0
2.0
0.67
0.0
0.33
-2.33
-3.67
-0.67
-0.33
3.67
0.0
-1.33
0.0
-4.67
-1.67
-5.33
2.33
-8.0
-1.67
-6.0
-2.67
-0.67
-3.67
-2.67
0.0
-4.33
1.33
-0.33
-6.33
-1.67
0.0
-1.0
-5.67
0.0
-1.0
-4.0
1.33
-5.33
-4.0
0.0
-6.67
-4.0
0.0
-0.67
-2.67
-4.0
0.0
-1.33
-7.0
-0.67
-0.33
-8.33
-1.67
-6.0
0.33
-2.67
-5.67
-6.0
-6.67
-1.33
3.33
0.33
0.0
1.0
-1.33
-0.33
-4.33
-8.0
-6.33
-4.0
-5.0
-1.33
-3.67
1.0
-0.33
-3.67
-8.33
3.0
0.67
0.67
-5.33
2.33
-1.33
-7.0
-0.67
0.33
-2.0
-1.67
-6.67
2.0
-0.67
0.67
3.0
-4.0
-8.0
0.33
-8.0
6.67
-5.0
-4.33
-1.0
0.67
-4.33
-2.0
-5.0
-6.67
-2.67
-5.0
0.33
-8.0
-6.0
-4.33
-4.33
-4.0
-3.33
-6.33
-8.33
-3.33
-7.0
-7.0
-5.33
-6.33
-7.33
3.33
-7.0
-3.33
0.0
-0.33
-6.0
-7.0
-9.33
-1.67
-8.0
1.67
-3.33
4.67
5.0
-3.33
-9.0
-3.33
-3.0
-1.33
1.0
-10.67
0.33
-5.33
-6.0
-1.0
-6.0
0.33
-7.33
-7.33
-3.67
-5.67
-6.33
0.67
2.0
1.0
-2.33
-4.67
-5.33
-3.67
0.0
0.67
2.67
-3.0
-4.33
-3.33
-8.0
0.0
-6.67
-4.33
-3.0
0.0
2.0
-2.67
-7.67
-5.67
-7.67
4.33
-1.67
-7.33
-4.33
0.33
1.0
1.0
-0.67
2.0
-5.33
-7.33
-2.33
-9.0
-1.0
-15.0
2.0
0.0
-6.33
0.67
-13.0
-2.0
-3.33
-14.33
-6.67
-3.0
-7.0
2.33
3.33
3.67
-0.33
-9.0
-7.0
-6.0
-7.33
1.67
-9.67
-4.33
-1.33
4.33
-3.0
-3.33
-5.67
-7.33
-3.67
-7.67
-7.0
-12.67
-2.0
-5.67
-11.33
-9.33
-6.67
-6.0
0.67
-2.67
-1.0
-15.0
-4.33
-10.0
-3.67
0.67
2.33
-3.0
2.0
-4.33
-4.67
-1.67
-11.33
-0.33
-6.0
-2.0
-9.33
-5.33
3.67
2.33
-10.67
-7.0
-8.0
0.33
-8.0
-11.67
1.33
0.0
-3.67
0.33
1.0
-12.0
-11.33
-9.0
-3.0
-4.33
-4.0
0.67
0.67
-1.33
-5.33
-4.67
-11.0
-10.67
-8.67
-9.67
0.33
3.0
-4.67
-5.67
-7.0
-1.33
-4.67
5.67
1.33
1.67
-3.67
-3.33
-5.0
-7.0
-2.67
-4.0
-5.33
4.33
-2.67
-10.67
-12.0
-6.67
-3.67
-5.0
-7.67
-1.33
4.33
-1.33
-4.0
-2.67
-3.33
4.67
0.0
-7.33
-0.67
-8.0
-4.67
-7.67
-3.33
-7.67
-2.67
-2.0
1.67
-3.67
6.0
-12.0
-9.67
-5.33
-8.67
-8.0
-5.67
3.33
-5.0
-6.0
-6.0
1.33
-2.67
-6.67
1.0
2.33
-1.0
-3.0
-2.33
-4.67
0.67
4.67
16.0
2.33
21.0
-0.67
4.67
17.67
7.0
26.0
17.67
9.67
26.67
19.33
13.67
22.0
37.33
22.67
30.33
39.33
31.67
16.0
23.33
37.33
17.67
28.0
16.67
25.33
18.0
10.67
11.33
11.67
18.67
8.67
5.67
5.67
-1.33
4.33
8.0
-1.67
2.67
3.0
-7.33
-7.33
14.0
-0.67
1.0
3.0
6.0
-6.67
-1.0
2.33
-5.67
-5.33
2.0
10.0
4.67
-0.67
5.33
8.0
5.33
-0.67
-0.33
15.67
7.33
2.33
-2.33
-0.33
12.0
7.0
-2.0
-0.67
-4.33
0.33
2.67
6.33
3.67
2.0
1.33
10.0
-2.0
1.67
1.33
-0.33
3.67
0.33
2.67
8.67
-1.0
2.33
4.33
6.33
7.0
0.33
8.0
3.33
4.33
-0.33
4.0
-4.67
2.33
1.0
4.0
3.67
-6.67
2.67
12.33
-3.33
1.0
1.67
-1.0
2.33
1.67
-10.0
-8.0
1.33
4.0
5.33
-4.67
2.33
-1.67
3.33
13.0
-3.33
12.0
1.0
-1.67
-6.0
2.0
2.33
2.33
-8.0
1.33
0.0
9.33
6.67
7.0
7.33
6.33
6.0
-2.67
-1.0
8.67
0.33
5.67
0.67
1.0
4.33
-0.33
7.33
1.67
-3.33
4.33
0.33
-5.0
7.33
-3.67
5.0
-4.67
13.33
2.33
3.0
4.67
10.67
11.67
9.33
7.0
6.0
15.0
7.33
6.33
9.67
13.33
6.33
7.33
-12.67
10.33
-10.33
-6.0
9.33
6.33
11.67
1.33
-2.67
9.33
-7.33
7.67
13.67
9.0
9.33
1.67
4.67
0.67
8.67
4.33
2.0
2.67
5.0
7.0
-1.67
15.33
2.0
0.67
-1.33
2.0
3.33
2.33
3.67
-1.33
-7.33
3.33
20.67
4.0
1.0
-2.67
5.0
0.33
7.67
10.67
-4.33
4.0
2.0
2.33
-2.0
3.0
-1.67
-0.33
-1.33
5.33
7.33
-0.33
-0.67
15.0
-2.0
4.0
10.67
0.33
2.33
3.33
8.67
-8.0
10.67
4.67
3.67
7.67
5.67
6.33
7.33
4.33
13.67
17.67
0.67
-0.33
3.0
3.67
5.67
1.33
-0.67
4.0
7.33
6.33
-0.67
10.0
10.67
2.67
15.0
4.33
4.33
-1.0
7.33
8.33
6.0
19.33
6.0
18.0
16.67
25.0
31.0
35.33
54.33
42.67
50.0
60.0
68.67
73.0
113.33
87.33
116.0
130.67
166.33
174.67
185.0
225.0
212.0
238.33
205.67
247.0
232.33
261.0
288.0
271.0
268.33
277.67
282.33
260.33
267.33
253.0
250.33
251.67
223.33
207.0
175.67
167.33
141.33
106.67
121.67
85.67
61.33
57.67
37.0
48.33
38.33
16.0
34.67
19.67
10.33
2.0
12.0
8.67
1.33
-3.0
4.33
8.0
1.0
4.33
18.33
-5.0
-2.0
19.67
9.67
1.33
11.67
6.0
10.0
11.0
16.67
10.67
1.0
-6.0
1.0
17.33
-4.0
2.67
3.67
-1.0
-3.0
-3.33
9.67
19.67
-2.0
4.33
6.67
13.67
5.33
6.0
-2.0
9.33
4.0
14.33
0.67
20.0
7.67
13.0
4.67
5.0
3.67
11.67
2.33
6.33
16.67
8.33
-3.67
1.33
13.33
3.0
14.33
4.33
15.67
-1.67
7.0
1.0
2.67
2.67
8.67
-1.67
-0.33
-0.67
10.33
3.67
5.67
9.0
7.0
11.0
23.67
7.67
2.0
7.33
-1.33
10.67
9.0
5.67
1.0
4.0
-8.33
7.33
1.0
4.33
-1.33
8.0
1.0
13.67
-4.0
5.33
3.67
6.33
8.0
7.67
3.0
9.0
5.67
-1.67
-3.0
-5.0
-5.0
2.33
4.33
2.67
5.67
7.67
0.0
7.67
-3.0
3.33
9.0
5.33
1.0
6.0
4.33
-2.0
-5.33
2.33
6.33
-2.0
9.67
-2.67
-2.67
5.67
-8.67
-6.33
2.67
-1.33
-1.33
-0.67
-3.0
5.67
2.0
4.0
7.67
5.0
13.33
-8.67
-1.0
3.67
-5.33
-1.67
7.33
0.33
-1.67
-3.0
-2.33
3.33
3.67
1.0
6.33
-6.0
-0.33
4.0
-5.0
0.33
-1.33
4.0
-1.67
3.0
6.67
-2.0
7.0
7.67
10.67
-4.67
8.67
-7.67
-2.67
1.33
0.33
0.33
9.33
-5.33
-5.67
-3.0
-3.33
1.67
4.67
-2.33
3.33
1.33
7.67
-3.0
11.0
5.33
-2.67
14.0
1.0
2.33
-4.67
5.33
5.0
-7.67
10.33
-1.0
6.67
2.0
7.0
5.67
-0.67
-7.33
-8.0
4.33
2.0
4.0
8.33
6.33
2.0
9.0
3.67
-4.0
-12.0
-1.33
1.67
-4.67
-6.67
2.67
10.0
13.0
10.33
0.67
0.33
-0.67
1.0
1.33
-5.67
-1.67
2.0
-11.33
1.67
10.67
4.33
6.33
5.67
3.33
4.33
2.0
12.67
-2.0
4.67
7.33
15.67
-2.0
10.33
8.0
3.33
12.0
13.67
9.0
-4.33
9.0
14.67
-3.0
23.67
13.0
0.67
13.33
0.0
13.67
6.0
13.33
5.67
-5.0
7.33
12.67
3.33
7.0
6.0
2.33
7.67
0.33
7.33
8.67
1.0
8.0
3.33
2.67
-5.33
1.67
5.33
8.33
2.67
-0.67
6.67
5.0
16.33
4.67
-0.67
1.0
8.0
4.67
-0.67
10.67
0.67
2.33
3.33
1.67
9.0
7.67
-10.33
3.33
3.0
9.33
-2.67
-9.33
6.0
8.33
-7.67
-9.0
13.0
5.33
-1.0
-4.0
-2.67
-4.33
-11.0
1.67
-3.33
1.33
-1.0
8.0
-2.33
1.67
-4.67
3.0
-6.0
-4.67
-3.67
-1.0
-4.0
2.33
2.67
8.67
-3.33
1.67
-7.33
0.0
-3.33
3.0
-10.33
2.0
-2.0
-7.67
-3.67
-1.67
3.0
6.33
-8.0
-8.0
-2.33
1.0
8.33
3.0
-2.33
8.67
-4.67
1.0
-3.0
-6.67
-5.0
2.33
3.67
1.33
5.0
5.33
1.67
0.67
2.33
2.0
-9.33
1.33
3.0
4.67
-1.33
-4.33
-0.67
6.67
10.67
1.33
7.67
6.33
-2.0
-0.33
7.0
9.33
3.67
11.67
1.0
2.33
5.0
17.33
5.33
7.67
16.67
6.0
12.67
11.33
11.33
9.0
7.0
4.33
0.33
6.33
-4.33
6.33
7.67
8.33
14.33
7.33
2.33
1.67
17.67
4.0
6.67
10.67
0.0
5.0
3.0
6.0
-3.67
3.33
7.0
-2.67
4.67
13.0
-1.0
7.0
0.67
8.67
-13.0
-1.0
2.0
2.67
-0.33
-3.33
-7.67
0.67
-6.0
10.33
-3.33
-2.0
1.33
-2.67
-8.0
6.33
0.67
1.33
-2.67
-4.33
0.67
-1.0
-0.67
-0.67
-3.67
0.67
10.67
-1.67
-3.33
0.67
-4.33
-8.0
1.33
3.0
-1.33
0.0
-5.67
1.67
-8.33
-1.0
3.0
1.33
5.0
-0.33
4.33
4.0
-3.33
-5.33
5.33
-1.0
7.33
2.0
1.67
-1.33
6.0
1.33
8.0
-3.33
9.67
6.67
5.67
-6.67
-4.67
-2.0
-5.0
-5.67
2.33
-2.0
-2.0
-3.0
2.67
-6.33
0.33
-4.33
-0.33
-5.67
8.33
-2.0
5.0
-10.67
-5.67
-5.67
1.33
-2.67
-1.0
-6.0
1.0
-6.0
-1.67
1.0
0.0
4.33
-0.33
-3.0
-2.67
0.0
3.67
4.0
-4.0
0.67
-4.0
3.67
4.67
-4.33
2.0
1.33
0.67
2.67
-3.67
-0.33
0.33
10.0
7.0
8.0
8.67
1.67
6.33
1.0
-1.33
5.33
10.0
0.33
10.0
7.33
13.0
-2.0
5.67
8.0
7.67
5.67
6.0
3.67
-1.0
-1.0
11.33
3.33
9.0
4.0
4.67
8.67
-2.0
8.33
1.0
3.0
3.0
-1.67
3.33
1.33
-1.0
5.0
1.67
5.67
-5.33
-5.0
0.33
2.0
-4.33
-0.67
1.33
6.67
4.67
0.0
1.33
-0.33
-3.67
4.67
5.33
-2.33
0.0
4.67
3.0
5.0
6.0
4.67
6.33
-5.67
3.67
2.33
2.67
0.33
5.67
1.0
8.33
-4.33
2.0
3.67
-0.67
-2.33
-1.0
-3.33
-1.67
3.67
1.67
1.67
1.67
-4.33
-4.0
2.67
-3.33
-0.33
-3.67
-1.0
8.0
-6.33
0.33
3.67
3.0
-4.67
9.0
-0.33
-3.67
4.67
3.67
2.67
2.67
-0.33
-6.67
-7.33
7.67
4.33
-1.33
-7.33
0.0
-1.0
-3.67
-0.67
3.0
2.33
1.67
-1.33
0.67
0.67
0.33
-1.67
-4.0
-5.0
1.67
-2.33
1.0
5.67
-1.33
2.67
-4.33
6.67
-0.33
4.33
4.67
3.67
3.0
1.0
0.67
-2.67
-6.0
2.67
2.0
-2.33
2.0
-3.33
0.67
2.0
-2.0
5.33
1.67
-5.0
2.33
-3.0
-0.33
1.67
2.67
