0.0
-56.0
30.0
-34.33
51.0
-22.33
58.33
46.67
37.67
-16.33
37.0
54.0
-3.0
51.0
-55.67
26.33
70.33
22.67
32.33
18.33
16.33
21.33
20.0
9.0
12.33
-22.33
-0.67
15.0
-4.67
-1.67
3.0
1.67
-7.33
11.33
-3.67
-5.0
1.33
-1.33
-0.67
2.67
-0.67
0.67
0.33
0.33
0.0
-0.67
-1.0
-0.67
-0.33
1.0
0.67
-0.67
-0.67
-0.33
0.0
0.0
1.0
1.0
-0.33
0.0
-1.0
0.0
-0.67
-0.33
-0.33
0.33
-0.33
-0.33
0.0
-0.67
0.0
1.0
-1.0
0.0
0.0
1.33
-0.33
0.0
0.33
-0.33
0.67
0.67
-0.33
-0.67
0.67
-0.33
0.33
-0.33
-0.33
0.33
-0.33
-1.33
-1.33
-0.33
-0.67
0.33
0.0
-1.0
-0.33
1.33
1.0
2.0
-0.67
-1.0
-0.33
1.0
-2.33
1.67
3.33
-3.33
2.33
-1.33
2.0
0.33
0.0
-1.33
3.67
6.0
2.33
2.33
-1.0
2.33
1.33
8.33
3.0
-6.33
0.67
0.0
2.67
0.0
2.33
2.67
0.0
-2.67
-4.0
-0.33
-2.0
6.33
-4.33
-0.67
-2.0
-0.33
-0.67
-1.67
1.67
-0.33
-4.33
-2.0
0.33
-6.67
1.0
2.0
-3.33
1.0
1.33
-1.33
-3.33
1.33
1.33
-1.0
1.0
-0.67
-5.33
0.0
-1.0
-4.0
-2.0
0.0
0.67
3.0
-3.0
3.33
-4.67
-8.67
-2.67
-1.0
-0.67
-6.67
-2.67
3.67
-0.33
2.67
1.67
-1.33
-1.0
-6.0
-2.67
9.0
-4.67
-6.67
5.0
3.67
5.0
1.0
1.67
1.33
-1.0
5.67
-0.67
-2.33
13.67
-3.67
1.33
-0.67
4.0
0.33
-1.33
6.0
-4.0
8.33
0.33
-2.67
7.33
-3.67
0.67
3.33
3.0
1.0
3.33
4.67
-0.67
0.33
4.67
-1.33
2.67
-0.67
-6.33
6.0
2.67
-0.33
1.33
3.33
0.67
2.0
6.0
0.67
-5.33
1.67
-4.0
-5.33
2.0
-2.0
9.0
-2.67
-0.67
-1.0
11.67
3.0
5.0
0.67
0.33
4.33
1.67
6.33
-1.0
-5.0
0.0
-6.0
2.67
-8.0
-5.33
7.33
-5.33
-2.0
7.0
-5.67
3.33
2.0
-2.67
-2.0
-1.0
-0.67
3.33
2.0
1.33
0.67
12.33
2.0
8.67
-7.0
2.67
-1.0
-1.33
-1.67
2.33
1.0
-3.33
2.67
-4.33
-6.67
-3.33
-2.67
0.0
1.67
1.0
1.67
-5.0
-2.0
-0.67
-1.67
-4.33
-1.0
2.0
13.67
1.0
1.67
1.33
-3.0
3.0
-6.67
-2.33
5.67
0.67
2.33
0.33
4.67
-3.0
0.33
-0.67
3.33
0.33
-0.33
7.0
-6.33
-4.0
-5.0
4.67
2.67
2.33
-0.67
3.0
7.0
-4.33
-5.0
0.0
9.0
-2.67
0.33
-2.0
1.0
1.33
2.0
-4.0
6.33
0.67
0.67
2.67
-1.33
0.33
3.0
1.33
-2.33
4.0
-1.67
1.67
-0.33
-3.67
4.0
0.33
-2.0
1.0
-2.67
-1.0
0.0
2.33
-3.67
-1.0
-1.33
-3.33
-0.33
5.0
-2.0
-1.0
2.67
0.33
7.67
2.0
0.0
-0.33
-1.33
-1.0
0.33
-2.0
5.33
0.0
1.33
9.0
-2.0
-0.33
5.33
-7.0
-4.67
-3.0
-0.67
-2.0
-1.67
-5.0
-4.33
-1.0
1.67
-2.33
1.0
0.67
8.67
4.67
-0.67
0.0
-1.0
3.33
-0.67
-1.67
-3.67
1.0
2.0
0.67
2.67
1.67
3.67
0.33
4.33
-1.33
-4.33
3.67
-2.0
-0.33
-4.67
1.0
-1.67
1.33
-3.33
0.0
-0.67
-3.67
-6.0
-1.0
0.33
4.33
-4.67
-3.67
3.33
-1.33
-3.67
3.67
1.0
-0.33
1.33
1.67
3.0
7.33
-1.67
-2.0
-2.33
2.0
-2.33
3.33
0.33
-1.67
1.67
-2.33
-0.33
4.67
-1.33
3.33
-4.67
-2.33
-1.33
1.0
2.33
8.0
-1.0
-5.67
-2.0
-3.67
-4.33
-1.33
-1.33
5.0
-2.67
-0.33
-3.33
-0.67
5.0
-1.33
-3.33
1.33
-1.33
-0.33
4.33
2.33
2.33
-3.67
5.0
-1.33
2.33
-2.0
-1.67
0.67
-1.67
-1.67
-4.33
-0.33
3.67
-0.33
0.0
-2.0
-1.0
-2.67
-4.0
-7.33
-3.33
0.67
7.67
-2.67
0.0
-2.33
-4.67
-1.33
-0.33
-4.67
2.0
-0.67
6.33
0.0
2.67
2.67
3.67
1.67
-0.33
-0.67
-3.33
4.67
2.33
-2.67
-1.67
5.0
0.0
-0.67
-3.33
1.33
3.67
-2.67
2.67
0.33
1.33
5.33
4.33
0.0
-1.33
1.33
4.0
-0.67
-2.33
0.67
0.0
-2.67
-2.67
-1.33
-2.67
0.33
-3.33
3.0
-4.33
-1.67
1.33
0.0
-1.67
2.0
5.33
1.0
-0.33
1.0
-8.0
-1.67
-2.33
5.0
-1.33
-0.67
-2.0
-2.33
-2.33
-1.0
-0.67
0.33
-2.33
3.0
-2.67
0.33
-4.67
-3.0
-3.0
-1.0
0.0
-5.0
-1.33
3.0
0.67
-1.33
1.67
-3.67
0.67
1.0
-2.67
3.0
-0.33
0.0
0.33
0.0
2.0
5.33
2.0
1.0
-5.33
-1.0
0.0
1.0
-4.0
-2.67
-0.33
0.0
-0.33
1.33
-2.0
-1.33
-1.33
-5.33
1.33
-1.0
-0.33
-7.0
-1.33
3.0
-1.0
-6.0
1.0
-1.67
1.67
-6.0
-2.33
-1.0
-0.67
-2.33
-3.67
-4.0
-6.67
-3.33
-3.33
1.33
3.67
-2.67
-5.0
-1.0
-0.33
-4.67
1.67
0.0
-3.67
-3.0
-4.33
0.33
-4.67
0.67
-3.33
-1.0
-1.67
-2.0
-0.67
0.0
-2.33
-2.67
-0.67
-2.0
-3.0
-3.0
0.0
-4.33
-6.0
-3.67
-2.33
2.33
-1.67
-0.33
2.67
-4.0
-4.33
-1.0
-5.67
-1.67
-5.33
-0.67
-8.0
-10.67
-1.0
-5.67
1.33
-3.67
0.33
-4.0
-1.33
-2.67
-5.33
-1.33
4.33
-5.0
1.0
-2.67
-1.0
-2.0
0.0
-0.67
-6.33
-6.0
1.0
-3.67
-3.0
-4.0
-3.67
-2.67
-3.0
1.0
3.67
-8.0
-2.67
-2.33
2.67
-4.67
-3.0
-0.67
5.33
-4.67
-1.0
-6.67
-1.33
-6.67
0.33
-7.0
-1.0
2.67
-6.33
-2.33
-2.0
-5.33
-1.0
-5.0
-1.33
-0.67
-2.0
-5.33
6.33
-3.33
-1.0
-1.33
-3.33
-4.33
4.33
2.67
-7.0
-1.67
-3.67
-9.0
-0.67
-9.67
-2.0
5.33
-1.33
0.0
1.0
-3.0
4.33
-1.0
0.67
1.0
-6.33
-2.0
1.67
0.67
-4.0
2.0
2.33
-0.67
-5.0
-5.67
-8.0
-3.0
3.67
-6.33
1.0
5.67
-7.33
-7.33
-3.33
5.0
-3.0
-6.33
3.67
-5.33
-1.67
-7.0
-3.33
2.0
-1.33
-6.0
-4.0
-8.33
-2.67
0.0
12.67
9.67
7.67
4.0
5.67
5.0
5.67
-3.0
7.67
13.0
0.33
6.33
-0.33
-3.0
-3.0
1.0
1.33
-5.33
-3.33
-4.67
-9.67
-0.33
-2.33
-1.0
0.0
0.67
-2.67
-0.33
1.33
-10.0
-1.33
-3.33
-13.0
-7.33
-8.33
-6.0
-9.0
-7.67
-5.33
-5.0
-12.0
-1.0
-0.67
-1.67
-0.67
-2.67
-0.67
-7.67
-9.33
-1.33
2.33
-4.0
-3.0
0.33
-6.0
-10.33
-4.33
-7.33
-7.0
5.0
-9.0
-7.0
-5.0
4.67
-1.33
-11.0
-2.0
-7.33
-7.33
0.33
-10.0
-7.0
-1.67
-7.67
8.67
-1.33
-13.0
-2.0
-2.0
-6.33
4.67
-8.67
-2.33
0.67
-6.67
6.0
-12.33
-5.67
-4.33
3.33
-6.67
-1.0
-8.67
2.0
-1.67
-4.33
-5.33
-6.67
-10.0
-3.33
-3.67
-4.0
-3.0
-4.33
-5.0
-1.67
1.67
0.33
2.0
-4.0
-2.33
-6.67
-3.67
-5.33
2.67
-8.0
-3.0
-11.33
-6.33
-12.33
-1.67
-3.67
5.0
0.0
-12.67
-22.0
-14.67
-4.67
-7.0
1.33
0.33
0.0
-16.0
-7.33
-1.0
1.0
-4.33
-6.0
-1.33
4.67
-3.33
-0.33
-7.67
-9.0
-10.67
0.33
-11.67
4.33
7.0
-0.67
-10.67
-4.0
-7.33
1.33
-3.33
-3.67
-1.33
-2.67
-0.33
-6.0
4.0
-6.67
-9.0
-3.33
-0.67
-5.67
-9.67
-5.0
-0.67
5.33
0.0
-0.67
-4.33
-1.67
-5.33
3.0
2.33
5.67
-7.33
-10.0
4.67
14.33
-5.0
-0.67
-3.67
-2.33
5.33
-0.67
1.0
6.67
1.33
7.0
-5.0
-2.67
-3.33
8.33
6.0
-2.67
5.33
3.0
-9.0
-1.0
-1.67
0.33
1.33
0.0
-2.67
-8.0
-2.0
3.67
1.33
0.67
5.67
8.0
-0.67
7.0
12.33
-6.33
0.67
3.0
5.0
9.67
6.67
5.67
16.33
10.67
6.0
13.33
0.67
14.33
18.33
11.67
3.0
13.33
7.33
12.67
8.0
13.67
5.33
18.0
12.67
5.33
4.67
11.67
5.67
1.67
-1.33
-2.33
2.33
-4.0
-5.67
0.67
5.0
1.67
-1.33
-1.0
3.33
-4.0
6.0
11.0
4.33
3.0
-4.67
4.33
-1.33
4.0
-2.0
-6.33
-1.67
-7.67
-5.0
4.33
0.33
4.67
3.67
-2.67
11.33
-4.33
-0.33
8.0
3.0
-3.0
-0.67
1.67
-2.67
-3.33
12.33
-3.33
-7.0
-1.67
2.0
-3.0
-1.33
0.33
1.67
-2.33
0.33
4.67
12.67
4.0
0.33
4.33
-2.67
5.0
-0.67
-4.0
3.33
-4.67
-2.33
7.0
-1.67
3.33
5.0
-1.0
4.67
4.33
0.67
5.33
0.67
0.0
4.67
-2.0
0.33
10.67
-5.0
-5.0
1.33
2.0
1.33
-5.67
6.33
0.33
2.33
3.0
-8.33
-2.0
-7.0
-3.67
-3.0
1.0
-5.67
6.33
1.0
-13.67
-9.0
3.33
-12.33
-6.0
6.33
2.33
3.0
-3.67
-2.0
1.67
-4.67
1.67
-7.33
-8.0
0.33
1.67
9.33
-0.33
-3.33
-5.67
-7.67
-8.0
-2.67
4.33
1.0
-9.67
1.33
8.33
-7.0
-4.33
9.67
2.67
1.33
-5.0
1.0
5.0
-3.67
7.33
-3.33
2.33
5.33
-0.67
-7.67
-5.67
-9.33
3.0
4.33
1.33
0.67
3.33
-5.67
-4.67
2.67
2.67
10.67
-3.0
1.33
-4.33
-0.33
-9.33
-0.33
3.33
-5.0
-0.33
-2.0
0.0
5.33
8.33
-4.0
4.67
4.67
0.0
-0.67
9.33
-1.33
3.67
-1.33
0.33
0.67
3.0
-1.0
-3.67
-2.0
3.33
5.67
-3.33
3.67
2.0
4.0
-4.67
6.0
0.0
-1.67
0.67
-15.33
0.33
0.33
-0.33
-1.67
1.0
-7.0
7.0
10.67
-6.67
-0.67
2.33
2.67
-1.0
3.67
0.67
5.67
20.67
11.67
6.33
-6.67
4.33
-2.33
1.67
-0.33
-3.33
0.0
3.67
-0.33
2.33
2.33
2.0
-2.67
0.33
-0.67
3.0
5.67
-1.33
2.0
0.33
-6.67
4.0
3.33
-0.67
7.0
-3.67
4.0
7.0
6.67
5.0
8.0
23.33
32.33
17.67
32.0
34.0
31.67
27.0
39.33
53.33
56.0
53.67
62.33
48.67
73.0
79.0
103.0
84.33
100.67
103.0
115.33
111.0
76.0
90.0
95.33
97.67
103.33
99.33
94.33
80.0
84.33
86.67
81.33
66.0
71.67
60.33
58.33
50.67
44.67
30.67
25.33
27.67
22.0
17.33
23.33
7.0
25.67
0.67
25.33
2.0
6.0
4.67
12.33
-5.0
-5.67
3.0
2.0
0.33
8.33
-6.0
6.0
2.67
-1.33
-6.67
0.67
5.0
4.0
4.0
-4.33
9.67
1.0
-4.0
-17.0
-0.67
2.0
-4.33
6.67
7.0
-6.0
-8.33
4.67
11.67
3.0
1.33
10.67
7.67
-1.67
0.0
-8.0
1.33
3.0
10.33
1.67
0.0
-7.33
5.0
3.67
8.0
-0.33
-3.33
2.33
-3.67
4.67
-0.67
-3.67
-4.67
11.33
3.0
1.33
3.33
-3.33
-3.67
-1.0
-6.0
3.67
6.67
3.67
-12.67
1.67
-8.67
-5.67
4.67
2.67
0.0
-1.0
1.0
-5.33
5.67
2.0
0.33
-1.33
4.67
3.0
12.67
0.0
10.0
-9.33
-0.67
7.0
7.33
6.67
8.0
1.0
7.67
0.0
1.33
2.67
2.33
5.0
6.67
2.0
7.0
-7.33
-5.67
-14.0
3.0
-4.0
-6.67
0.33
-0.33
-3.33
-0.33
-2.0
-6.33
0.0
-5.67
9.0
-2.67
6.0
-4.0
13.33
-3.0
-3.33
1.33
-5.67
-7.0
10.67
4.33
-2.67
3.67
5.33
-10.33
13.67
-7.33
0.67
-3.67
-9.0
13.67
6.0
-6.0
-1.33
8.0
7.33
-0.67
-5.0
1.67
-2.33
8.33
11.33
2.33
7.33
8.0
-8.33
-1.67
-0.33
1.0
-0.67
-12.0
8.67
-1.0
-7.0
9.33
-1.33
1.0
4.33
-7.0
13.67
2.0
-4.0
-1.33
0.67
13.33
11.67
-17.67
7.33
-0.67
-2.67
-2.67
-7.67
-6.33
1.33
-3.0
3.67
-6.33
12.67
-1.33
-2.67
-5.67
11.67
14.0
14.0
7.33
-10.67
6.0
0.0
0.33
-5.67
11.33
8.0
-4.67
0.33
-3.0
-1.33
-8.0
4.0
-1.33
0.33
1.67
-8.0
-6.67
2.0
2.0
-0.67
-0.67
6.0
11.0
-6.33
-7.0
-8.0
-10.33
3.67
-3.67
-12.67
0.67
5.0
19.0
11.33
-4.33
-10.67
-13.67
-4.0
-7.67
-4.67
-0.67
-4.0
-5.33
2.67
3.67
-8.67
-7.67
7.67
-2.67
-5.67
12.0
5.67
2.0
3.67
-6.67
-3.33
-7.0
17.33
0.0
-1.67
10.0
10.67
7.0
-1.33
-1.0
1.67
-6.0
14.67
-4.0
5.67
5.33
0.0
-6.33
-6.0
7.33
-5.33
-7.0
4.33
-3.33
11.33
-4.0
-5.0
5.33
9.67
9.33
7.33
3.67
-3.0
-7.0
-13.67
0.67
-7.33
8.67
4.33
5.33
-6.33
9.33
-5.33
5.0
0.33
-4.33
-3.67
-1.0
-10.0
14.67
-6.67
-5.33
2.67
-4.67
1.33
7.67
1.0
0.67
6.67
4.33
0.0
2.33
0.33
4.67
-4.0
0.33
3.33
-7.0
0.0
4.33
3.0
-4.0
0.33
-5.33
2.0
0.67
0.67
-6.67
4.0
4.0
-8.33
0.67
-1.67
-12.0
-2.0
-3.67
-5.67
-1.0
-2.0
-2.67
-3.33
-11.33
-6.33
-1.33
-4.33
-2.0
3.67
0.0
-4.33
6.0
5.0
-7.67
-11.67
4.33
-8.0
0.33
-1.0
8.0
-9.33
3.0
-1.67
0.0
-4.33
-7.33
-8.67
-2.0
-12.0
7.33
2.0
2.33
2.67
-2.67
4.0
13.33
0.67
1.67
-7.67
4.0
-2.33
-8.67
1.0
3.67
0.67
4.67
4.33
1.67
0.67
-4.67
-2.33
10.33
-1.0
-0.33
3.0
4.33
7.67
1.67
-7.0
6.33
-3.0
3.33
6.33
-2.33
6.67
5.0
0.67
-0.67
3.33
8.0
0.0
-7.67
5.33
8.33
1.67
1.33
1.67
-1.67
-4.67
4.33
6.33
-6.33
-1.33
2.0
4.67
3.67
10.0
-4.0
2.0
-3.0
5.33
-3.67
-1.0
3.33
0.67
-2.0
2.0
2.0
-3.33
-0.33
-1.0
-2.0
0.0
-2.33
-4.33
0.67
5.33
4.67
-2.0
-6.67
0.67
1.0
6.33
-5.67
-2.0
1.33
-4.33
1.33
-8.67
1.67
5.67
-2.0
-2.67
-5.67
1.33
-1.33
6.67
-0.67
-2.33
6.67
0.67
-4.0
-0.67
1.0
8.67
-7.0
-2.67
-0.33
-3.33
6.0
6.0
0.33
3.0
-4.33
6.33
-1.0
-4.33
-3.33
-6.67
-5.0
4.33
1.0
5.67
4.67
0.0
-0.67
5.0
-5.33
5.67
2.67
-0.33
-2.67
-3.67
0.0
-2.0
6.33
-2.67
2.0
-6.0
1.0
5.67
11.67
-0.67
-2.33
1.67
2.33
1.33
-2.0
-6.0
-0.67
-0.67
-1.67
-0.67
-0.67
5.0
0.0
-6.0
-9.0
0.33
-6.0
-6.0
-3.67
-0.33
5.0
-0.67
0.0
1.67
0.0
2.0
4.67
-8.0
0.67
6.67
-9.33
2.0
-1.67
-1.33
2.67
-5.67
-7.33
-2.67
4.0
5.0
2.0
11.67
-0.33
-1.67
1.0
2.67
-0.67
8.0
4.33
8.0
2.33
0.0
-2.0
-0.33
6.0
-0.33
-3.33
4.0
5.67
-1.0
2.0
2.33
1.33
4.0
0.0
-1.33
0.67
0.0
-1.67
-1.0
1.0
5.0
-0.67
-0.67
4.33
8.0
2.0
1.67
-4.33
-4.33
1.0
-4.67
-5.0
11.67
-1.67
-2.67
-1.33
-4.33
2.0
1.33
-4.33
1.33
1.67
-4.67
0.67
0.0
0.67
-1.0
7.0
4.0
-0.33
1.33
-4.67
-2.33
-1.67
0.67
-0.67
-0.33
-3.0
-0.67
2.67
5.0
-1.33
2.33
-2.33
9.0
-5.33
-1.67
6.67
6.67
-0.33
-0.33
2.67
4.0
0.67
-3.33
-1.33
2.33
-2.0
4.0
-8.33
5.33
-4.33
2.0
-0.67
4.0
0.67
1.33
1.67
-1.33
0.67
1.67
-5.33
-1.67
-3.33
4.67
-4.67
-3.33
2.67
4.0
3.0
5.33
4.33
-1.0
8.33
0.67
-1.33
-1.33
-1.33
-3.67
-3.67
-1.0
1.0
-4.33
1.67
-1.0
1.67
-1.33
-1.33
1.67
4.67
1.67
3.33
2.67
-0.33
-1.0
0.0
-0.33
-2.67
-3.0
-0.33
3.0
-3.33
1.0
-3.33
-2.33
-5.0
0.0
5.33
-1.33
2.0
-2.67
8.0
-2.33
-1.33
8.67
