0.0
-13.0
-40.0
-56.33
37.0
-137.33
-118.67
-82.33
-30.33
-89.33
22.0
22.0
36.0
-13.0
-34.67
34.33
-43.67
-33.33
7.33
46.33
2.33
10.33
2.0
-13.0
-10.67
15.67
-4.67
-3.0
-3.67
-7.67
7.0
-0.33
6.67
3.33
5.33
-4.0
5.33
-2.33
1.33
0.67
2.33
1.67
0.33
1.33
1.0
-0.67
-1.0
0.33
-0.33
0.0
-0.33
-0.67
-0.67
-0.33
2.0
0.0
1.0
1.0
1.67
1.0
-1.0
0.0
-0.67
-0.33
0.67
-0.67
-0.33
-0.33
1.0
-0.67
0.0
0.0
0.0
-1.0
0.0
-0.67
-0.33
0.0
2.33
-0.33
-0.33
0.67
1.67
-0.67
-0.33
-0.33
1.33
0.67
-0.33
0.33
-0.33
-0.33
-1.33
-1.33
0.33
-0.67
1.0
2.0
1.67
1.33
0.0
0.0
1.33
-2.0
1.67
-2.0
-1.33
-0.33
-0.67
1.67
-0.67
0.67
0.0
0.33
0.0
1.67
-1.33
5.0
4.33
-0.67
-1.0
3.33
1.33
3.33
4.0
-1.33
1.67
2.0
-2.33
-1.0
1.33
7.67
3.0
4.33
-1.0
0.67
-1.0
-1.67
1.67
1.33
2.0
2.67
6.33
2.33
1.67
1.67
-3.33
7.0
1.33
-2.67
9.0
3.0
1.67
2.0
2.33
8.67
5.67
6.33
-0.67
10.0
2.0
10.33
-2.33
2.0
-2.0
0.0
4.0
3.0
1.67
-1.0
6.0
4.33
7.33
6.33
-6.67
10.0
0.33
2.33
-0.67
4.67
2.67
5.67
9.67
-4.33
5.0
-2.0
9.33
5.0
-6.67
5.33
7.0
6.67
-3.0
7.0
3.67
1.33
-4.0
11.67
4.33
-3.33
5.67
1.33
-6.67
7.33
8.0
3.33
-2.33
2.0
1.0
3.33
3.33
0.33
2.33
2.33
-2.33
5.33
11.0
10.0
-0.67
1.67
3.33
1.33
-2.33
0.67
2.67
2.33
-2.33
-2.0
-2.33
3.67
8.33
-0.67
0.67
-1.0
-5.0
5.67
1.67
3.67
7.0
-3.33
5.0
5.0
2.0
5.33
-3.67
-3.0
1.67
8.0
3.0
-2.33
-1.67
3.33
2.67
2.33
2.0
-2.0
4.0
1.0
-0.33
-4.0
4.67
7.33
-0.33
-4.0
8.0
2.33
3.33
5.0
-0.67
-5.0
-2.0
3.33
8.33
13.0
-0.67
3.67
3.33
-5.0
10.67
5.0
4.67
-2.0
-2.33
3.33
3.33
4.0
-5.33
3.67
-2.33
3.33
-4.33
2.33
0.0
0.67
0.0
-2.33
7.0
2.0
7.33
1.33
-0.33
7.0
7.0
2.67
5.0
3.67
4.33
1.0
3.0
4.33
-3.33
6.67
2.67
2.33
2.33
5.67
3.0
3.33
-4.67
4.33
1.33
-0.33
6.0
0.67
5.0
3.0
4.67
5.67
3.33
1.33
3.0
0.0
6.67
5.0
0.0
3.0
3.33
3.33
2.0
4.0
-0.67
3.0
1.0
7.33
5.67
6.67
-1.33
1.67
6.33
3.0
2.33
7.67
1.0
-4.67
5.67
1.67
6.33
3.0
3.33
0.0
6.0
2.33
3.0
3.0
2.33
-2.67
-1.0
2.67
3.67
-1.33
3.0
4.0
-6.0
2.67
2.33
5.67
6.0
1.0
0.67
3.67
1.0
-2.67
-4.0
1.33
-2.0
-2.67
2.0
1.0
2.67
10.33
2.0
1.33
6.0
0.33
3.0
2.33
0.0
-6.33
-2.0
0.67
4.67
-6.0
1.67
3.67
-2.33
4.33
1.0
5.0
-0.67
7.33
0.33
-0.67
6.0
8.0
0.67
0.67
2.67
-0.33
5.33
-0.67
9.67
-7.33
1.67
-1.0
-0.33
0.33
4.0
10.33
-4.67
-0.33
1.0
-0.67
6.33
3.0
0.0
-1.67
1.33
5.33
3.33
1.33
0.67
-8.67
0.67
-4.0
-2.33
0.33
0.67
1.0
0.33
1.33
1.0
1.67
4.0
-0.33
3.33
3.33
0.33
-3.33
2.67
0.67
2.67
4.67
2.33
3.33
2.67
-5.33
-2.0
7.33
6.0
0.0
-1.67
0.0
2.33
2.67
3.67
1.67
0.0
0.33
2.67
0.67
5.33
4.0
9.67
-0.33
-3.67
2.67
1.67
0.33
9.33
4.33
0.33
2.0
0.67
0.33
-3.0
-0.67
0.67
0.33
-0.67
-2.33
2.67
-2.33
10.67
5.0
-4.0
1.0
-0.67
-1.0
3.67
-3.33
-4.33
-1.33
-1.67
1.0
2.67
-1.67
3.67
1.67
0.33
8.0
-1.67
3.33
4.0
1.67
-1.33
-1.33
-2.33
4.67
1.33
4.67
4.67
6.33
3.33
-3.67
2.0
2.0
5.33
-1.33
3.33
1.67
0.33
1.67
3.33
4.33
-0.67
7.33
1.0
1.67
0.33
2.0
3.33
1.67
-0.33
1.0
-3.67
-0.67
-1.33
2.33
0.33
0.67
-2.0
-4.33
-2.67
5.33
0.0
0.33
-1.0
-1.67
5.0
3.67
8.0
-7.0
0.33
-1.33
7.0
-2.33
3.33
0.0
2.67
0.67
0.0
-2.67
-1.67
2.67
5.0
0.33
3.33
-3.67
1.0
0.0
1.0
6.0
7.0
-4.33
-2.0
1.67
2.67
-3.33
-0.67
2.67
2.0
-1.67
1.0
-1.33
-1.0
3.33
0.0
4.0
0.33
4.0
-3.0
-4.33
0.0
2.0
0.0
1.0
1.33
1.67
1.0
0.67
-2.67
-5.0
3.67
2.67
0.67
-4.67
-4.0
0.67
-2.0
-0.33
3.0
-3.0
-4.0
5.0
-0.67
-1.33
-1.0
-2.33
-5.0
-5.67
-5.33
2.33
-2.0
-3.67
0.67
0.67
3.33
-1.33
1.33
-3.0
4.0
-4.33
-5.67
-1.33
-1.0
0.33
-6.0
-4.33
1.33
-3.67
-5.33
0.67
-1.0
-0.67
-2.0
-3.67
-5.0
-4.33
-3.67
3.33
-4.0
2.0
-4.0
0.0
-0.33
-1.0
-1.67
-2.33
-0.67
1.33
-0.33
4.67
-7.0
-4.33
1.0
-3.67
-1.67
-2.33
-1.67
-6.0
-6.67
-2.0
-6.67
1.33
-3.67
-2.67
-3.0
-4.33
-2.67
-5.33
-5.33
-6.67
1.0
-3.0
-1.67
3.0
0.0
4.0
-2.67
-7.33
-5.0
-3.0
-2.67
0.0
-4.0
-8.67
-4.67
-5.0
-2.0
-3.33
-13.0
1.33
-3.33
-0.33
-4.67
-5.0
-5.67
-1.67
-10.67
-7.0
-6.67
-6.33
-2.67
2.33
-10.0
-2.0
-5.33
-4.33
-6.33
-3.0
-6.33
-6.0
-6.0
-5.33
-1.67
5.0
-6.33
-1.67
-5.33
-8.0
-0.33
-3.33
-7.33
1.33
-0.33
-2.0
-5.67
-8.67
-10.0
-1.67
-5.67
-2.0
-0.67
4.67
-3.0
-3.0
-4.0
3.33
-2.0
-5.33
-2.0
-7.33
-6.0
-2.33
2.67
-3.0
-5.0
-8.67
-1.67
-2.0
-3.67
-3.0
-2.0
-2.33
-8.33
-5.0
2.67
-1.33
1.67
-4.33
0.0
-3.0
0.67
1.67
-3.33
3.33
-1.0
3.67
-1.0
7.67
-7.0
8.0
6.67
10.33
4.0
12.67
21.67
8.67
17.0
21.67
16.0
14.67
30.0
22.67
14.0
16.33
17.33
20.67
17.0
2.0
23.0
9.33
0.67
8.67
7.33
-3.67
5.67
-0.33
9.0
0.0
1.67
-2.67
5.67
5.33
-3.0
2.67
2.67
-1.0
-8.33
4.67
-5.0
0.0
-6.67
-9.33
-8.0
0.0
-2.0
-1.67
-11.67
-2.67
1.33
-1.67
-4.67
-7.33
-4.33
3.33
-1.0
-7.0
-5.67
-8.0
-11.33
-4.33
-1.33
-5.0
-5.0
-5.0
-7.0
-6.0
-6.33
1.67
-2.0
-6.0
-4.33
-10.33
-4.67
-2.0
-7.0
-7.67
-5.67
-4.33
-11.33
-7.0
1.0
-6.0
-3.33
-6.33
-7.67
-2.33
-5.33
-3.67
4.0
-11.33
-1.67
-9.33
-8.67
-3.67
-1.0
-2.67
4.0
-9.67
-11.33
-7.33
-4.67
-10.0
2.67
0.33
-3.0
2.0
-5.33
-1.0
-3.67
-6.33
2.33
-2.0
-1.0
-3.33
-8.67
1.33
-8.33
-4.33
-13.0
-6.0
-5.33
-5.33
-11.33
-4.67
-11.67
-6.0
-11.0
-7.67
-18.0
-12.67
-8.67
9.0
-3.67
1.33
7.0
-2.0
-2.33
-9.0
-6.0
-2.33
-2.0
-4.33
-5.33
-5.33
-2.33
-2.67
-4.0
-10.67
-7.67
-9.67
0.33
-3.0
-2.67
-7.67
-9.0
-5.33
-5.67
-3.33
2.33
-3.33
-3.67
-5.33
-4.0
-9.0
-13.67
-6.0
2.67
-8.67
-2.67
-6.67
-8.0
-0.67
-5.67
-5.0
-4.67
-3.33
2.33
-1.33
-13.0
1.33
-2.33
-6.33
-8.0
3.67
-2.67
-3.0
-2.67
-13.67
-6.33
0.33
-2.67
-5.0
2.67
-6.67
-2.0
-12.0
-5.67
-3.33
1.33
-3.0
-4.67
4.33
-4.0
-7.0
-3.0
-7.67
0.33
-1.67
2.0
-0.67
2.0
0.0
4.67
0.33
-2.33
-1.33
1.0
-5.67
1.0
-3.67
-2.33
7.67
2.0
7.0
1.67
5.67
4.67
1.33
5.67
10.0
1.33
8.67
9.33
7.33
16.67
8.0
14.33
9.33
19.67
15.0
7.67
6.33
10.0
11.67
-2.67
1.67
4.67
2.67
8.67
1.67
-4.33
4.33
2.0
2.33
-5.33
5.0
-3.33
-4.33
2.0
5.33
7.0
-2.0
4.0
8.33
-3.0
2.33
-6.67
2.67
1.0
-3.0
-6.33
0.33
-3.67
-2.0
10.33
7.33
3.67
3.67
-4.67
0.33
-4.33
0.67
10.0
2.0
-3.0
6.33
6.67
9.33
-1.33
2.33
3.67
4.0
-2.67
2.0
0.0
-6.33
3.33
1.67
6.67
1.33
-2.33
-0.33
4.0
-1.67
4.33
8.33
2.0
3.33
1.0
-0.67
1.33
5.67
-2.0
2.33
11.33
2.0
1.0
10.67
-2.67
11.67
0.33
-2.33
0.0
6.67
0.0
7.33
0.67
-6.0
-2.0
9.33
-4.0
-2.67
4.33
1.33
3.33
-0.67
4.0
-2.33
6.0
4.0
0.33
-6.0
7.0
4.33
4.33
7.0
-13.67
-10.0
10.33
6.67
9.0
2.33
7.33
4.0
7.33
17.0
5.67
4.33
12.67
3.67
0.0
-4.67
5.67
10.33
-0.33
1.67
8.33
-0.67
-4.0
7.33
9.33
-1.0
-3.67
17.33
7.33
1.0
4.67
16.67
4.67
19.33
14.0
10.0
12.0
4.33
16.33
6.67
20.33
8.33
5.33
15.33
5.33
3.67
3.0
5.33
3.33
2.67
12.33
-4.67
-2.67
6.67
2.67
11.67
3.0
5.33
6.67
1.67
-2.33
2.67
-1.67
5.0
4.67
5.0
1.0
1.33
8.33
0.0
-0.33
3.67
1.0
6.33
9.33
-1.33
2.67
3.67
5.33
2.67
5.0
1.0
1.33
-4.0
10.33
11.67
4.67
9.67
-1.0
4.0
7.33
2.0
13.0
6.33
0.67
2.67
4.33
11.33
3.67
8.33
5.0
-7.0
11.0
6.67
1.33
6.33
4.33
15.67
8.0
2.67
0.67
-1.33
2.67
11.67
10.33
3.33
13.33
12.67
7.67
10.67
8.67
8.0
7.67
-2.33
8.33
8.33
14.0
11.33
17.33
8.33
18.0
7.67
14.67
14.0
18.33
19.33
5.0
23.33
14.33
21.0
13.33
10.0
14.0
15.67
18.0
26.0
14.33
30.33
20.67
29.0
21.0
23.67
19.0
38.33
33.33
38.0
51.67
57.33
54.67
50.0
70.0
87.0
55.33
69.67
84.0
84.33
90.0
82.0
84.0
73.33
73.67
91.33
85.33
67.33
71.0
76.33
72.67
73.33
52.0
61.67
57.33
48.33
37.67
33.67
18.67
17.33
12.67
10.0
28.33
10.33
9.0
14.67
2.67
14.33
13.0
3.0
14.67
12.33
0.0
6.33
7.0
6.0
-2.67
16.33
4.0
0.0
11.67
20.67
13.33
8.67
8.0
5.0
7.0
13.67
3.67
0.0
8.0
1.0
6.33
5.0
9.67
8.67
-8.0
4.0
4.67
23.67
14.67
8.0
6.33
18.67
7.67
6.33
7.0
15.0
9.33
3.0
1.33
13.67
13.0
7.67
16.0
3.67
6.0
2.67
7.67
6.33
9.33
13.67
8.33
1.33
7.33
20.33
1.0
10.33
19.33
-0.33
4.33
15.0
5.0
12.67
4.67
7.67
-10.67
1.67
6.33
-5.67
9.67
12.67
12.0
7.0
5.0
16.67
7.67
9.0
8.33
10.67
9.67
11.0
11.67
-6.0
-3.0
-1.33
13.33
13.0
4.33
0.67
10.0
10.0
9.67
6.0
-1.67
8.67
5.33
-1.0
3.67
-4.0
13.0
3.67
6.33
3.0
15.0
-7.0
8.33
9.33
3.67
7.67
14.67
6.0
-5.33
7.0
5.33
20.0
11.33
9.0
8.0
10.33
15.0
-1.33
3.33
1.33
0.0
16.67
-0.67
19.33
18.67
9.33
-5.33
13.67
11.67
0.67
3.33
9.0
1.67
15.0
6.0
2.67
12.0
2.33
6.33
16.0
-1.33
-8.33
-0.67
6.33
11.33
5.33
0.0
1.67
4.33
20.67
14.0
7.33
17.0
9.67
19.0
10.0
8.33
10.67
11.0
14.33
27.0
17.67
19.0
28.0
25.67
14.67
25.33
24.67
22.33
12.33
32.33
29.33
10.33
42.33
30.67
25.33
9.0
29.67
27.67
16.67
35.67
34.33
30.33
18.67
30.0
27.0
10.33
15.33
20.0
35.0
25.33
10.33
15.33
9.0
3.33
10.33
11.0
14.67
-9.0
14.0
5.67
12.33
5.67
-5.0
10.33
8.0
0.0
8.33
9.33
2.0
-4.0
-5.33
-3.0
12.0
-6.33
7.67
-6.67
1.33
15.67
14.0
10.0
12.33
-1.33
13.33
6.33
-1.0
-1.67
20.33
5.33
-1.0
-0.33
6.67
6.67
7.33
6.33
4.67
-1.67
14.33
1.0
6.67
13.0
10.67
-5.67
15.67
7.0
9.33
7.0
6.33
4.0
0.67
24.0
11.67
12.0
16.67
-3.0
13.67
15.0
8.67
-0.67
8.0
12.67
12.0
15.33
5.67
11.0
11.33
7.67
21.33
3.0
6.0
1.33
6.67
11.33
6.33
0.67
8.0
4.0
-4.67
-2.33
-0.33
10.67
6.33
3.33
8.67
4.33
1.67
11.0
-1.67
8.67
4.33
1.0
2.0
3.67
0.33
-3.33
12.67
5.33
0.33
3.67
-2.0
-1.33
-2.33
-4.67
-3.0
9.33
-5.67
8.67
6.0
-1.67
-2.67
-2.0
9.0
6.33
-4.0
6.0
4.33
-4.33
12.0
1.67
10.67
7.33
1.0
5.0
-1.33
0.67
-3.67
-6.0
3.0
7.33
2.33
7.0
-1.0
1.33
7.67
5.67
2.67
3.67
-6.33
4.0
3.67
-2.0
-8.33
3.0
4.0
-2.67
6.33
-0.67
8.0
-4.67
-7.0
11.0
-7.33
-5.0
4.33
-3.0
-4.33
9.67
-3.67
-9.0
-2.0
-6.67
-2.0
-4.67
3.67
2.33
3.0
7.33
-6.33
-9.33
14.33
4.0
-6.33
-2.67
-1.0
8.67
0.67
4.67
6.33
4.67
5.67
-7.67
-1.33
7.33
8.0
5.67
2.0
-1.67
9.67
8.67
6.0
3.33
10.0
1.33
-3.67
-0.33
13.67
5.0
11.67
11.33
9.33
6.0
3.0
-0.67
1.33
8.33
-2.33
-4.67
4.67
7.33
1.33
14.33
2.33
0.67
24.67
2.0
9.67
15.67
5.0
-1.0
4.0
7.0
7.33
4.33
7.0
0.33
4.67
4.0
0.0
9.0
4.67
9.67
7.0
0.0
-3.0
-1.33
-4.33
3.67
2.33
0.67
1.0
3.33
-4.33
1.0
-3.67
2.33
-4.0
6.33
-0.33
1.33
-5.67
-5.33
4.67
-6.0
3.33
-2.67
3.33
-5.33
1.67
-3.67
4.67
-3.33
-2.33
5.0
1.33
6.0
10.67
1.0
-1.67
-3.33
-5.33
-1.0
4.0
7.33
2.0
-1.33
-2.67
1.0
-0.33
-7.33
1.33
3.0
5.33
2.0
11.67
8.67
-3.0
1.33
6.0
-1.33
2.67
4.67
-0.33
-4.67
-1.67
-3.0
-4.0
0.33
8.33
3.0
2.0
7.0
1.67
-0.33
-2.67
1.67
5.67
-2.67
-0.67
3.0
2.0
-7.67
4.33
-2.67
2.33
4.33
2.0
2.0
4.0
-15.0
-4.67
-7.0
-7.0
1.33
-4.33
8.0
-7.67
5.0
0.67
-1.0
4.0
0.67
4.0
-2.33
5.67
1.67
-6.0
-2.67
2.67
-1.33
3.33
8.67
5.33
-2.0
1.0
-2.0
4.67
2.67
3.33
4.0
0.67
-0.67
2.0
13.33
9.0
-0.67
-2.0
2.0
0.67
0.0
-3.33
-0.33
3.0
1.67
12.0
-5.0
-1.67
-1.67
2.0
2.0
-2.33
1.67
4.0
9.33
-3.0
-3.0
8.0
6.33
3.33
-0.67
1.0
3.0
3.67
4.67
3.67
10.0
-1.67
-1.0
6.67
7.33
8.33
3.67
0.67
4.0
8.33
-2.33
0.33
3.67
3.33
4.67
0.0
2.67
2.0
-1.0
6.0
6.67
1.33
-0.67
-3.33
2.33
3.67
1.33
4.67
2.0
4.33
0.67
0.0
-3.33
9.33
4.67
-2.0
-0.33
4.33
-2.33
0.67
1.67
3.67
-0.33
8.0
-0.33
1.67
0.67
0.33
-3.0
5.0
4.67
0.33
5.67
2.0
1.33
7.0
6.67
-2.67
0.67
-0.33
6.67
0.67
-2.33
-1.67
-3.33
8.67
4.33
-0.33
1.67
4.0
0.0
-1.67
1.33
4.0
2.33
1.67
2.67
2.67
7.67
0.33
2.33
-3.0
2.0
1.67
-7.33
11.0
0.67
-3.33
6.67
-6.33
0.67
0.67
4.33
3.67
1.67
7.0
1.0
4.67
1.33
-5.0
-0.33
-2.0
5.67
3.0
1.67
0.67
4.0
-2.0
4.33
7.67
4.0
0.33
5.0
-4.33
3.67
7.67
