0.0
4.0
25.0
-10.33
-38.0
-36.33
-36.67
-34.33
-51.33
-14.33
5.0
59.0
17.0
-40.0
-5.67
15.33
10.33
3.67
-17.67
6.33
-29.67
3.33
9.0
2.0
-1.67
-10.33
-1.67
7.0
0.33
5.33
-2.0
4.67
4.67
1.33
4.33
-2.0
2.33
4.67
1.33
2.67
1.33
-0.33
0.33
-0.67
-1.0
-0.67
-1.0
-0.67
-0.33
1.0
-0.33
-0.67
-0.67
-0.33
0.0
0.0
0.0
0.0
-0.33
0.0
-1.0
1.0
-0.67
-0.33
-0.33
-0.67
-0.33
0.67
1.0
-0.67
1.0
1.0
-1.0
0.0
0.0
-0.67
-0.33
2.0
-0.67
0.67
0.67
-0.33
0.67
0.33
-0.33
0.67
-0.67
-0.33
-0.33
0.33
-0.33
-1.33
-0.33
-0.33
0.33
3.33
2.0
-1.0
-0.33
2.33
-2.0
1.0
1.33
-2.0
-1.33
-1.0
-0.33
0.67
1.33
-3.33
-0.67
-0.33
0.0
2.33
-2.0
-0.33
4.67
2.0
0.33
1.33
1.0
2.33
0.33
1.33
9.0
-4.33
0.67
0.0
0.67
-2.0
0.33
6.67
0.0
-1.67
4.0
1.67
0.0
-0.67
6.67
0.33
3.0
5.67
1.33
10.33
1.67
3.67
-3.33
-2.0
-2.67
-3.67
4.0
5.0
7.67
2.0
4.33
-0.33
5.67
5.33
3.33
-2.0
1.0
0.33
-1.33
-4.0
-3.0
2.0
6.0
0.0
-1.33
0.0
3.0
3.33
1.33
0.33
0.33
9.0
-0.67
-4.67
3.33
6.67
13.67
2.67
6.67
-5.33
0.0
-4.0
9.33
-1.0
-3.67
-5.67
2.0
-0.33
-1.0
2.0
0.67
1.33
0.0
5.67
0.33
-6.33
6.67
1.33
1.33
10.33
9.0
0.33
4.67
-1.0
3.0
3.33
9.33
1.33
8.33
5.33
-0.33
9.33
1.0
9.0
-0.67
7.67
-1.67
-0.67
-4.33
7.67
3.67
2.33
6.67
-1.0
-1.33
-0.33
2.33
1.33
-0.33
3.0
4.0
3.67
-2.33
4.67
1.0
-4.33
4.0
-3.0
4.0
0.33
3.33
-4.0
4.67
2.0
11.0
-1.33
-1.67
4.33
7.67
6.33
1.0
-1.0
11.0
4.0
-1.33
-1.0
-1.33
-0.67
-5.33
-4.0
4.0
5.33
2.33
0.0
-3.67
-3.0
5.0
4.33
6.33
3.0
4.33
5.67
2.33
4.0
1.67
-3.0
5.67
10.0
-0.33
2.33
0.33
4.0
3.67
4.67
-4.33
2.33
-4.33
2.33
-3.0
6.67
0.0
6.67
3.0
-1.0
-0.67
2.33
8.67
-1.0
9.0
1.67
4.0
2.67
8.33
4.0
3.0
0.33
1.67
3.67
4.67
0.33
10.33
5.67
-1.0
2.33
7.33
-2.67
1.33
1.67
6.0
0.67
6.0
2.0
1.67
6.67
1.33
5.33
0.0
3.0
2.67
3.0
0.0
4.0
1.33
8.33
4.0
1.0
0.33
0.0
5.0
8.33
0.67
8.67
-0.33
-1.33
-0.67
5.0
-0.67
3.67
4.0
5.33
5.67
-7.33
-0.67
1.0
1.33
-1.0
1.0
2.33
-1.0
0.0
7.33
2.33
-3.0
3.67
-3.33
1.67
2.0
10.0
-3.0
2.67
-3.67
-1.33
8.0
0.0
3.67
4.67
8.0
1.33
-2.0
1.33
0.0
5.33
5.0
0.0
5.67
9.33
0.0
-1.67
0.0
3.33
1.0
-4.67
2.0
-6.33
3.0
-3.33
-0.33
-2.0
3.67
5.67
-0.33
4.33
-4.0
-2.0
-2.67
8.33
5.33
5.33
0.0
2.0
-0.33
3.67
-2.33
4.67
-1.67
-2.67
-1.33
-2.33
6.67
-1.0
-0.33
4.33
2.0
-1.67
-5.67
5.67
5.0
-2.67
-0.67
0.0
9.0
4.33
4.33
0.33
5.33
4.33
-4.33
-4.67
-0.33
2.0
-5.33
0.33
1.67
5.0
-0.67
0.33
0.0
1.67
7.0
-1.33
4.33
3.33
1.33
-2.33
0.67
0.67
3.67
4.67
7.33
4.33
0.67
-0.33
-7.0
-0.67
1.0
3.0
1.33
4.0
2.33
-3.33
0.67
2.67
1.0
-4.67
-0.33
1.67
1.33
4.0
0.67
4.67
1.33
-0.33
-0.33
3.33
0.33
3.33
-2.67
4.0
5.67
3.33
-1.0
1.33
0.67
0.33
-2.67
-1.33
2.67
-2.33
6.67
4.0
0.0
3.0
3.33
-4.0
-1.33
-2.33
4.67
0.67
1.33
1.0
-4.33
2.33
0.67
3.67
-2.67
7.0
0.33
5.33
7.0
-5.33
2.67
0.67
2.67
3.67
1.33
0.67
2.67
2.33
-1.67
-0.67
0.0
1.0
-0.67
0.67
5.33
1.67
-1.67
3.67
-1.67
0.33
-0.67
1.33
-3.0
-3.33
2.33
0.0
3.33
-0.33
-1.33
3.0
-0.67
1.33
-0.33
2.33
3.33
-0.33
0.0
-3.33
-1.67
1.33
-1.0
2.33
-1.0
0.33
2.0
3.67
0.0
-7.0
-2.67
-4.33
5.0
-1.33
1.33
3.0
0.67
-0.33
-2.0
1.33
-0.67
-0.33
2.0
9.33
5.33
-4.67
-4.0
0.0
-4.0
2.0
0.0
-2.33
1.0
2.67
1.67
-1.33
4.33
0.67
7.0
-3.67
-1.0
3.67
-1.0
-3.67
4.0
5.0
-0.67
0.0
1.0
-4.33
4.0
3.0
4.0
-5.0
-2.67
-2.33
4.0
4.67
1.33
-6.0
-0.33
-2.33
-2.33
-0.67
-1.0
-1.33
-7.0
6.67
-1.0
-1.0
-7.0
0.0
0.33
-0.33
1.0
-2.33
-3.0
-2.67
-0.33
0.33
1.0
0.33
2.67
1.67
-0.67
-1.33
5.33
-8.0
-1.0
-2.33
-6.67
2.67
2.0
-6.67
1.0
-4.33
2.33
0.33
0.67
-3.33
-2.0
0.33
-2.0
0.33
-5.0
-4.33
-2.67
0.33
-1.0
-2.0
3.0
-4.0
-5.33
-5.0
2.33
-1.33
2.33
-3.67
6.67
-0.33
-3.0
-6.33
-5.0
-2.67
-3.67
-2.33
-0.67
-3.0
-6.67
-3.0
-5.67
-2.67
-3.67
-2.67
-8.0
-1.33
0.33
0.67
-5.33
-0.67
-3.0
-4.0
-6.67
0.0
0.0
-2.0
-2.67
-1.33
-2.0
1.0
-2.67
-3.0
-5.0
-4.67
-1.67
-3.0
-5.0
-0.33
-8.0
4.33
1.67
-4.33
-4.67
1.0
-0.67
-0.67
-6.67
-4.0
-10.67
-3.33
1.33
-2.67
-3.0
-2.0
-7.33
-7.33
-2.33
-2.0
-2.33
-5.0
-7.0
-7.33
-0.67
-3.0
-0.33
-1.67
-4.33
0.0
-3.33
-8.33
-5.33
2.33
-2.33
-2.0
-2.67
-0.67
2.0
-5.67
-7.67
-4.0
-1.67
-2.33
0.0
-1.0
-8.0
-3.67
-7.0
-0.33
-5.0
-4.33
-2.0
2.67
-1.33
-4.0
3.0
-4.67
-4.67
-1.0
-6.67
-7.0
-2.0
-5.33
-5.33
-4.0
6.67
-4.33
-10.33
1.67
-4.0
-10.0
-3.33
-2.33
-1.33
1.33
1.0
-2.33
-1.0
10.67
-3.0
0.0
9.67
1.33
5.0
13.67
6.67
14.67
15.0
7.67
10.0
18.67
25.0
14.67
36.0
7.33
13.33
17.67
18.0
9.0
6.0
9.33
7.67
16.67
4.33
-6.67
6.67
-1.33
5.0
-2.0
-0.33
2.33
0.67
-2.67
-1.0
-2.33
2.67
-5.0
-3.33
2.67
-5.0
-8.0
-10.67
0.67
-9.0
-10.0
7.0
0.33
-4.67
-1.67
-1.67
-3.67
-7.67
-9.33
-6.33
1.33
-8.0
-5.0
-2.67
-4.0
-6.33
-14.33
-4.33
-12.0
1.0
-7.0
-1.0
-3.0
-3.33
-7.33
-12.0
-1.0
1.67
-5.33
-1.67
-7.0
-7.0
-4.67
-3.67
-5.33
-8.33
-15.0
-9.0
-12.0
-4.33
-4.33
-5.67
-2.33
-0.33
3.33
1.0
-3.33
-2.67
-9.33
-2.67
-4.67
-2.0
-6.67
2.0
-3.67
-4.33
-7.33
-4.67
-8.0
-1.33
-3.67
-3.0
-6.0
-10.33
-5.0
-4.67
3.67
-10.67
2.0
-2.0
-3.33
-13.67
-1.67
-11.33
-3.33
-10.0
-4.0
-12.33
-8.33
4.67
-6.67
-9.67
-2.0
-12.0
-6.67
-14.0
-11.67
-10.67
-4.0
-3.67
-1.67
5.0
-4.0
-2.33
-9.0
-5.0
-4.33
-5.0
-6.33
-6.33
-5.33
0.67
-4.67
-8.0
-15.67
-5.67
-5.67
-4.67
2.0
-10.67
-5.67
-5.0
-3.33
3.33
-4.33
-3.67
1.67
-8.67
-6.33
-8.0
-9.0
1.33
-14.0
-6.33
-6.67
-2.67
-9.67
-7.0
-0.67
-7.67
-2.0
3.33
-4.33
0.33
2.67
0.0
-4.67
-6.33
-5.33
-9.0
-7.33
-0.67
-10.0
-5.67
-8.67
-5.33
2.33
-2.67
-8.0
-3.33
-4.67
3.0
-10.0
-15.67
-5.33
-6.67
-8.0
-7.67
-2.67
-9.0
-6.0
-4.0
-3.67
-6.67
-7.67
0.0
-6.67
-8.0
0.0
-3.33
-4.67
-2.33
-4.33
0.0
-4.67
3.0
7.33
0.67
-1.33
8.0
2.0
8.67
6.67
2.67
10.33
9.67
9.0
13.33
12.67
20.33
2.33
19.67
1.0
9.33
12.33
17.67
7.0
0.67
13.33
17.0
6.67
-9.67
-0.33
7.67
-6.33
-3.33
-2.33
-4.33
-0.67
6.0
-9.67
-2.33
0.0
5.67
-0.33
6.0
-0.67
-3.0
5.0
-3.0
-1.67
2.0
8.33
-1.67
2.67
5.0
-3.0
3.67
-4.67
-0.67
-2.0
2.33
-1.67
7.67
8.67
-1.67
3.33
-5.33
3.67
2.0
12.0
3.0
-2.67
-7.33
8.33
-1.33
-0.67
-0.33
-2.0
6.33
4.0
-2.0
-1.33
4.33
-2.33
8.67
8.33
-2.33
6.67
3.0
2.33
3.33
7.33
4.0
-3.67
-7.0
1.33
2.33
-0.33
3.0
4.33
13.33
5.0
4.0
1.67
-3.67
2.67
6.33
-8.33
0.0
6.67
3.0
11.33
9.67
-4.0
4.0
2.33
5.0
2.33
3.33
3.33
5.33
6.33
3.0
-5.33
13.0
9.0
5.33
-10.0
-1.0
3.33
5.33
-2.0
-9.67
-7.0
6.33
4.67
1.0
6.33
1.33
4.0
3.33
3.0
3.67
4.33
9.67
3.67
-4.0
-0.67
5.67
6.33
10.67
6.67
6.33
-1.67
2.0
1.33
8.33
2.0
-3.67
8.33
-0.67
4.0
-1.33
7.67
13.67
-0.67
12.0
7.0
16.0
2.33
2.33
-3.33
15.33
9.33
4.33
3.33
0.33
-12.33
6.0
10.33
1.33
4.67
2.33
4.33
3.33
-2.33
2.67
12.67
5.0
6.33
-3.33
7.67
0.67
7.67
-6.67
-11.0
2.67
-2.0
6.0
0.33
-2.67
2.0
6.67
-0.33
4.0
6.33
11.33
3.67
2.67
11.67
14.33
10.67
1.0
6.0
3.33
-2.0
3.33
4.67
7.67
6.67
8.0
5.0
-6.67
2.0
9.0
6.33
-2.33
4.67
1.33
-3.67
5.67
1.33
4.0
6.0
14.0
8.67
6.33
11.33
11.33
5.67
8.0
7.67
7.67
13.67
2.67
8.67
11.33
8.33
17.33
14.67
10.67
5.67
8.67
7.0
6.67
10.67
9.33
5.33
4.0
4.33
23.33
11.33
22.0
16.67
8.67
23.0
12.33
4.33
12.0
14.33
21.33
26.0
10.33
4.0
16.0
10.67
14.0
15.0
26.33
25.33
11.67
18.0
29.0
28.67
26.0
36.33
33.33
40.0
53.67
61.33
61.67
64.0
70.0
57.0
71.33
71.67
70.0
79.33
66.0
75.0
93.0
95.33
71.67
77.33
87.33
88.33
66.0
89.33
70.67
79.33
59.0
68.67
38.33
55.33
45.67
36.67
31.67
17.33
26.67
11.0
28.33
19.33
4.0
5.67
8.67
9.33
-5.0
12.0
12.67
13.33
-3.0
19.33
13.0
10.0
8.33
12.33
7.0
9.0
3.67
8.67
2.33
11.67
12.0
7.0
-2.0
-1.33
6.67
9.0
-2.0
0.0
10.33
2.0
4.67
17.67
0.0
1.0
-6.33
14.67
4.67
5.0
-1.67
5.67
25.67
14.33
-1.0
7.0
5.33
8.0
-0.67
-4.33
14.0
0.67
4.0
5.67
9.0
-1.33
17.67
9.33
12.33
0.67
23.33
10.33
19.33
18.33
7.0
9.33
7.33
-2.33
9.33
3.0
3.0
1.67
7.67
7.67
-1.67
13.67
-3.67
7.33
10.67
9.67
11.0
8.0
13.0
11.67
11.67
0.0
8.33
-9.33
9.67
-1.0
12.67
8.0
11.0
6.67
4.33
3.0
7.33
-0.33
5.0
0.0
19.67
12.0
11.33
6.67
8.33
4.0
7.67
-5.0
10.0
1.67
0.33
14.0
-3.0
18.0
2.33
6.33
17.67
9.67
0.67
18.0
4.67
4.0
-0.67
12.0
3.33
16.0
12.0
10.33
-5.0
1.67
-3.67
5.33
-3.0
0.67
8.33
5.33
8.67
6.33
1.67
8.67
-7.33
8.67
11.33
6.0
8.67
-6.0
15.0
2.67
9.0
14.33
-1.67
11.0
1.67
5.67
3.33
8.33
9.33
12.33
-1.0
-4.33
11.33
4.67
10.0
3.33
15.0
10.67
17.0
11.0
14.33
14.67
20.0
12.33
16.0
38.67
16.0
15.0
9.67
12.67
38.33
27.67
19.33
32.33
42.33
28.33
27.33
37.33
41.67
21.33
15.0
33.67
17.67
39.67
35.67
24.33
20.33
21.67
36.0
18.0
14.33
8.33
7.0
16.0
18.33
14.33
8.33
5.0
6.33
23.33
3.0
9.67
-5.0
10.0
4.67
7.33
-3.33
1.0
-14.67
3.0
9.0
10.33
11.33
10.0
11.0
-2.33
5.0
-7.0
-0.33
6.67
0.33
0.33
9.67
5.0
6.0
2.33
-3.33
11.33
10.33
3.0
1.33
1.33
13.33
5.0
-8.33
10.67
10.67
4.33
9.33
12.67
3.33
-1.67
9.0
18.67
-1.0
-0.33
1.33
11.67
11.0
21.33
4.0
3.33
-8.0
10.67
11.0
-3.33
12.0
-0.33
6.0
14.67
5.0
9.67
-0.67
9.0
13.67
10.0
12.33
19.67
14.0
13.33
1.67
21.33
9.0
19.0
6.33
4.67
5.33
5.33
-1.33
6.0
1.0
-2.67
-1.33
-2.33
12.67
-2.67
13.33
9.67
10.33
-4.33
1.0
6.33
-6.33
4.33
11.0
-3.0
-6.33
-6.67
-0.33
9.67
4.33
2.33
4.67
1.0
10.67
-1.33
2.33
-3.0
13.33
2.33
-0.33
5.0
9.33
-7.67
0.0
12.0
-0.67
3.0
-8.0
4.33
1.67
4.0
-8.33
-0.33
6.33
6.0
6.0
10.67
3.67
2.33
1.0
1.0
-8.67
10.33
-3.0
1.0
2.33
4.67
10.67
-4.33
2.67
-3.33
1.0
0.67
-1.0
-8.33
5.0
6.0
3.33
14.33
-9.67
-2.0
-1.67
-6.0
1.0
-3.33
5.0
7.33
-7.0
9.67
12.67
6.33
5.0
16.0
0.33
2.0
0.33
4.67
-4.67
3.0
8.33
-4.33
2.67
-5.67
3.0
-1.33
3.33
6.0
-2.33
6.67
1.67
5.33
8.67
5.67
-2.67
3.67
9.33
-4.0
6.67
7.0
-5.67
8.67
6.67
2.0
3.33
6.0
4.33
3.33
5.67
6.67
1.0
11.67
10.33
3.33
4.0
4.0
2.33
-5.67
10.33
-6.33
5.33
9.67
2.33
-3.67
13.33
2.33
-2.33
14.67
12.0
14.67
17.67
-5.0
0.0
-1.0
10.0
11.33
4.33
6.0
-6.67
-4.33
1.0
1.0
7.0
9.67
1.67
0.0
7.0
-6.0
5.67
0.67
6.67
7.33
1.67
5.0
7.33
-1.33
0.0
-4.67
1.33
-9.0
-0.67
-0.33
4.33
0.33
8.67
-2.33
3.0
5.33
3.33
4.33
5.67
0.67
6.33
1.67
5.67
2.67
-1.0
1.33
-1.0
5.67
0.0
10.33
3.67
-1.33
3.0
10.0
8.33
-1.0
-3.33
-3.67
6.0
-8.33
1.67
5.33
0.0
11.33
3.0
3.67
4.67
2.0
4.33
11.0
-6.33
7.67
11.67
9.67
-3.67
1.33
6.0
0.0
-3.67
3.33
-4.0
-7.0
0.0
3.67
-7.33
6.33
-3.33
-3.33
-3.67
8.33
4.0
0.0
-9.67
2.33
1.33
1.33
3.33
3.0
0.0
-3.0
-4.0
-4.67
-4.0
6.0
1.33
-0.33
9.0
-2.67
12.0
6.67
1.0
1.0
2.67
3.0
2.67
0.67
-5.33
5.0
-5.67
13.67
5.67
-0.67
0.67
0.33
4.0
-1.0
-3.0
0.67
-3.33
-5.67
1.0
-0.33
6.33
4.0
0.33
3.0
4.33
-2.0
4.0
1.67
-3.0
13.67
-2.33
-1.0
2.67
1.0
-2.0
-2.67
8.33
1.0
4.0
3.67
4.67
9.0
5.33
-9.0
4.0
5.0
4.33
2.33
-0.67
4.0
3.0
6.67
1.67
-2.33
-1.0
-5.67
4.0
9.67
1.33
8.33
0.67
5.67
3.0
-5.67
0.67
5.33
-0.33
-4.67
-4.33
-1.0
2.67
1.0
6.0
4.0
-0.33
1.33
1.33
2.67
1.33
3.67
4.33
5.67
5.0
1.33
2.67
3.0
-2.33
1.33
-3.33
7.0
-4.33
3.33
2.67
3.67
0.67
4.67
-3.33
6.0
-0.33
-5.33
2.67
1.33
3.0
3.0
-1.33
-0.67
0.67
3.0
2.33
2.0
-4.33
-4.67
2.67
1.67
0.67
0.67
-0.33
-3.67
-1.33
8.67
-0.67
-3.33
3.67
4.0
-6.0
3.33
1.33
5.0
1.33
2.67
-5.33
9.67
2.67
-0.67
3.33
3.0
3.0
3.67
-2.33
-3.0
-1.33
2.67
1.67
-4.33
2.67
6.67
7.33
4.67
0.67
4.0
6.0
-0.33
3.33
-5.0
2.67
0.0
3.67
5.0
-5.33
1.67
2.0
-2.0
3.33
3.67
2.0
0.33
4.0
0.67
8.67
7.67
