0.0
-144.0
-34.0
-67.33
9.0
-62.33
-17.67
-0.33
-32.33
-12.33
49.0
56.0
18.0
31.0
57.33
71.33
42.33
68.67
38.33
26.33
13.33
12.33
37.0
17.0
30.33
11.67
-0.67
24.0
1.33
-0.67
10.0
11.67
0.67
0.33
-4.67
-3.0
1.33
-0.33
-0.67
1.67
2.33
0.67
-0.67
0.33
-1.0
-0.67
-1.0
1.33
-0.33
0.0
0.67
-0.67
0.33
-0.33
1.0
0.0
0.0
3.0
-0.33
1.0
-1.0
1.0
-0.67
-0.33
-0.33
0.33
-0.33
-0.33
0.0
-0.67
0.0
0.0
-1.0
-1.0
1.0
-0.67
-0.33
3.0
0.33
0.67
0.67
-0.33
-0.33
0.33
0.67
1.67
1.33
0.67
-0.33
-0.67
1.67
-1.33
-0.33
-0.33
-0.67
1.33
-1.0
1.0
0.67
-0.67
-2.0
0.0
1.33
1.0
-0.33
-2.0
-1.33
-1.33
0.33
-1.33
2.33
0.67
2.0
-0.67
2.0
2.67
0.67
2.0
2.33
0.33
0.0
3.33
1.33
0.33
3.0
-0.33
-0.33
2.0
6.67
-2.0
-0.67
-3.33
8.0
1.33
-4.0
6.67
1.0
1.33
4.67
-1.67
2.0
3.67
-4.67
4.33
3.67
4.67
1.67
-1.0
3.33
-3.67
5.0
4.0
-2.33
10.0
-1.67
6.67
-0.33
-0.67
-1.67
6.0
4.0
5.33
0.67
-1.0
2.0
-5.0
4.0
1.0
4.67
-2.0
4.0
-0.67
-0.67
4.33
0.33
2.0
0.33
1.33
2.33
9.67
5.67
3.67
5.67
1.67
-2.0
-7.0
11.33
6.0
2.33
1.33
7.0
8.67
1.0
1.0
5.67
5.33
0.0
-1.33
5.33
-2.33
-1.33
0.33
4.33
3.33
13.0
1.33
-5.33
0.0
2.0
3.33
8.33
1.33
9.33
6.33
0.67
2.33
-3.0
2.0
2.33
7.67
-3.67
6.33
8.67
0.67
-0.33
-0.67
-2.33
3.0
0.67
-0.33
0.33
7.33
5.67
4.0
1.0
0.67
7.67
1.67
1.0
-0.33
0.0
5.0
8.0
3.33
1.33
3.0
8.67
3.0
8.0
3.67
-2.67
2.33
-4.33
2.33
4.0
-5.0
0.0
-2.0
-1.33
2.0
4.67
9.33
-1.33
-2.0
4.0
0.33
3.33
4.0
-4.67
5.0
3.0
-1.67
-1.67
5.0
5.33
-4.33
-0.67
5.0
4.67
-1.0
0.67
2.0
-3.33
8.33
2.33
2.0
4.67
3.67
-0.33
0.33
2.67
11.33
2.0
7.67
-3.0
2.67
-2.0
12.0
-1.67
3.33
2.67
3.0
3.0
1.67
-4.0
5.67
5.33
7.0
-1.0
4.33
-4.33
9.67
-3.33
7.33
0.33
0.67
-3.0
-3.67
2.33
-1.67
4.33
-0.33
8.0
-0.33
-1.0
5.0
2.67
5.67
-1.67
4.33
-6.0
4.0
4.67
-1.0
3.0
-2.0
0.33
-0.67
-1.0
-1.0
9.33
1.0
3.0
0.33
4.67
5.67
-2.33
0.67
1.33
3.0
-3.67
6.67
6.0
-1.67
1.67
2.67
-6.67
7.0
-2.67
-2.0
5.0
7.33
3.0
4.0
4.33
-3.67
0.0
-5.33
-1.33
-3.33
3.0
4.0
-9.0
9.67
9.33
-1.33
-1.0
8.0
4.67
2.67
0.0
4.33
3.0
-0.67
4.0
4.33
4.0
2.0
3.67
8.33
0.0
5.33
3.0
4.33
0.0
3.33
5.0
0.67
-1.0
2.67
-0.33
-1.0
-0.33
2.67
2.67
0.33
-7.0
0.0
-1.67
3.33
6.33
6.33
-1.0
0.0
1.67
-1.33
-4.33
-1.33
4.33
1.33
-0.33
-3.33
2.67
-1.0
2.67
2.33
-3.0
2.33
0.33
1.67
6.0
2.33
-2.67
-1.0
-1.0
1.33
4.33
4.33
0.33
1.33
-3.33
-2.67
10.67
-4.0
-1.33
4.33
1.67
4.0
-1.67
6.33
1.0
-1.33
-2.0
7.67
9.33
-0.67
1.33
0.67
-4.33
0.67
2.67
-3.33
0.33
5.33
6.67
-0.33
-5.0
-0.67
6.0
2.0
-0.67
-6.0
7.33
-3.33
2.67
-1.33
-4.0
-0.67
3.67
0.67
3.33
0.0
0.67
-3.33
1.33
0.67
-2.33
-0.67
3.33
2.33
-1.67
1.0
-1.33
2.33
3.0
-3.67
0.67
3.33
-3.67
-0.33
3.67
-0.33
2.67
3.0
-5.0
-3.0
-1.67
1.0
-4.33
-2.33
8.67
3.67
-2.67
-3.0
-3.33
-1.67
4.67
-1.33
-0.67
3.0
0.33
5.33
2.0
2.67
1.67
-0.33
-0.33
0.67
3.33
-1.33
2.67
2.33
3.33
-3.67
3.0
0.0
0.33
0.67
-0.67
3.67
0.33
0.67
-0.67
1.33
0.33
5.33
-1.0
-2.33
-4.67
5.0
-0.67
-3.33
-2.33
4.0
-0.67
1.33
-2.33
-0.67
2.33
1.67
0.0
-1.33
-0.67
-1.67
-1.0
-3.67
-1.0
0.33
3.0
-0.33
1.0
-4.0
0.33
8.67
-2.0
2.67
3.33
0.0
-1.33
-1.33
2.0
1.33
0.33
-1.33
5.0
1.33
4.33
-3.67
-4.0
-2.0
0.0
0.0
7.0
-6.33
-1.0
-1.33
0.67
-1.33
3.33
1.67
1.0
2.33
0.0
-3.33
2.0
-0.67
3.0
4.0
2.33
1.0
0.0
-2.33
2.0
4.0
0.0
2.0
-2.67
5.67
5.0
-2.33
-0.67
0.0
-5.33
-2.33
-3.33
-2.67
-1.0
-1.33
-5.0
0.67
1.0
4.0
-5.0
3.0
-2.67
-3.33
-4.0
-2.33
-5.0
-5.67
4.67
-5.67
-2.0
-0.67
2.67
0.67
3.33
-1.33
-0.67
-4.0
-5.0
-2.33
-2.67
-2.33
0.0
-4.67
-5.0
-1.33
-0.67
-3.67
-1.33
-1.33
5.0
-3.67
0.0
0.33
-4.0
-5.33
1.33
2.33
-1.0
-4.0
0.0
-3.0
-3.33
3.0
1.33
0.67
0.33
-4.67
-5.33
0.67
1.0
-2.33
-3.0
-5.67
-5.67
0.67
-1.67
-9.0
2.33
-5.0
-6.67
-2.67
-0.67
-0.67
-2.0
-1.33
-2.67
-5.33
-5.33
0.33
-3.0
-2.0
-4.67
-2.0
-3.0
1.0
-6.67
-1.33
0.0
-2.0
0.33
1.0
3.0
-3.67
-5.67
-7.0
2.0
0.67
-6.0
3.33
-5.33
-8.33
-6.67
-1.0
-7.67
-4.67
-4.67
1.0
-4.67
-3.33
-3.67
-4.67
-4.0
-3.0
-3.33
-3.33
-3.33
-4.0
-4.33
-2.0
-2.0
-4.33
-0.67
1.0
-3.33
4.33
-7.33
-3.0
-1.33
-2.33
-4.33
0.33
-1.33
-2.0
0.33
-2.67
-8.0
-4.67
-5.67
2.0
-4.67
3.67
-3.0
-3.0
-6.0
-2.67
0.0
-1.33
-1.0
-0.33
-4.0
-4.33
-3.33
0.0
-3.0
-5.67
-6.67
-6.0
-4.67
-5.0
-4.0
2.67
-6.33
-1.0
8.67
-2.33
-7.33
-0.33
-7.0
-5.0
-3.33
5.67
-0.33
-0.67
5.0
5.67
5.0
4.67
-2.0
11.0
8.67
6.33
5.0
14.67
17.67
14.67
17.0
13.67
25.0
14.67
30.0
25.67
19.0
20.33
18.33
19.67
10.0
9.0
13.0
15.33
8.67
10.67
9.33
-3.67
-0.33
0.67
4.0
9.0
-0.33
-0.67
-2.33
5.33
-11.0
6.67
-2.33
-3.0
-5.33
-9.33
-1.0
-1.0
-3.67
-6.33
-7.0
1.0
-3.0
1.33
-8.67
2.33
-3.67
-5.67
-7.67
-6.33
-2.33
-1.67
-3.0
-5.0
-0.67
-10.0
-0.33
-1.33
-4.33
-2.0
-1.0
-4.0
-6.0
-4.0
-7.33
-9.33
-14.0
-7.0
-12.33
-12.33
-6.67
-10.0
-10.0
-6.67
-6.67
-4.33
-2.33
-10.0
1.0
-9.0
-8.33
0.67
-4.67
-6.33
-2.33
4.33
6.0
-5.33
-4.67
-11.33
3.33
4.33
-3.0
-7.67
-1.0
-3.67
-12.33
-7.33
-9.67
-17.0
0.67
0.33
3.0
-9.0
-1.33
-3.0
-6.67
-1.33
-1.67
-3.0
1.0
-7.33
-3.67
1.33
-2.33
2.67
-7.0
-5.0
-3.33
-8.33
-6.33
-10.67
-12.67
-8.0
-9.0
-11.67
-9.0
-3.67
-2.67
-3.0
-7.67
7.33
-2.0
-6.0
-1.33
-14.0
3.0
-2.33
-9.0
0.67
-0.33
-7.33
-3.33
-8.67
-3.0
-9.67
-5.67
-16.67
1.33
1.0
-4.67
-0.67
-8.0
-11.33
-5.67
-2.33
-1.67
2.67
-1.67
-6.33
-8.0
-7.0
-1.67
-8.0
-4.33
-7.67
-6.67
-12.67
-9.0
-2.67
0.33
-4.0
-7.67
-9.33
-4.67
-0.33
-5.0
6.33
-0.33
-1.33
-3.0
-7.33
1.33
-7.0
1.33
-14.67
-1.33
3.33
-1.67
-6.0
-5.33
2.33
5.0
-5.0
-7.67
-8.33
-2.67
-8.0
-10.67
2.33
-3.0
-5.0
-4.0
-2.67
1.33
2.33
-1.0
-4.67
-8.0
-4.0
3.67
2.33
-0.33
-1.33
-8.0
-8.67
7.0
-1.67
-4.33
-2.33
-6.0
2.0
1.67
1.67
-1.33
24.33
7.67
1.0
12.33
7.67
9.33
15.33
12.67
18.0
6.33
16.33
13.67
7.0
6.67
10.33
13.0
6.67
5.33
2.67
11.67
3.67
3.67
0.67
-3.33
0.33
3.0
-6.67
-9.33
4.0
3.67
6.67
5.0
-1.67
-8.0
0.0
-7.0
11.33
6.0
1.33
-7.67
1.67
7.0
1.0
1.67
-1.67
-0.67
-6.0
2.33
-3.67
-1.33
4.67
-1.67
3.33
-1.33
-0.33
-2.0
-6.0
-3.0
-7.67
-4.33
6.33
-1.33
6.33
0.67
-2.0
3.33
4.0
0.0
8.67
2.33
-2.33
1.67
-0.67
1.67
7.67
3.0
0.33
5.33
0.33
6.0
-2.67
1.0
9.33
5.33
6.67
2.0
12.33
2.33
1.0
0.0
0.67
-3.67
1.67
5.33
-5.33
1.0
7.67
1.0
5.33
3.67
0.0
-2.0
5.33
-2.0
13.33
-4.67
3.33
0.33
-3.67
7.0
-0.33
8.0
1.0
3.33
-9.0
2.0
7.33
2.33
5.0
2.33
-6.0
6.33
10.67
4.0
2.33
-7.67
11.0
3.33
-3.0
-1.33
5.33
-1.33
-3.33
-2.0
1.33
4.67
4.33
7.67
14.67
2.33
3.33
-7.0
2.33
7.33
4.0
4.33
3.33
12.33
2.0
7.67
6.67
8.67
3.33
2.0
18.0
1.0
5.33
8.33
7.67
0.33
8.33
5.33
-8.67
7.33
4.67
-5.0
6.33
11.33
7.67
3.33
0.33
-0.67
2.67
5.67
8.67
13.0
8.33
-1.33
-1.33
1.67
6.67
0.33
3.0
0.67
-2.0
-1.0
0.33
9.33
1.0
2.67
-1.33
1.0
6.33
7.33
1.67
6.67
7.67
5.33
11.67
3.0
12.0
-1.67
3.0
4.33
3.67
2.67
9.67
-5.0
20.0
5.33
1.0
10.0
1.33
-2.33
6.67
0.33
2.33
9.67
5.33
3.0
0.0
15.0
15.67
7.33
2.33
6.33
-0.33
-6.0
6.67
4.67
11.67
10.67
13.67
9.33
12.33
5.33
16.67
6.67
18.67
15.67
11.0
6.67
1.67
-2.67
2.33
7.0
5.33
9.33
20.33
15.0
23.67
7.67
18.0
13.33
19.33
26.0
17.33
20.33
17.0
3.33
20.0
20.0
13.67
8.0
19.0
20.33
23.33
26.67
36.0
31.0
19.67
25.0
40.33
33.33
43.0
47.67
55.33
60.67
57.0
66.0
76.0
96.33
76.67
86.0
70.33
90.0
98.0
87.0
94.33
85.67
89.33
89.33
63.33
66.0
72.33
61.67
84.33
65.0
52.67
60.33
42.33
46.67
39.67
13.67
36.33
30.67
29.0
30.33
14.33
21.0
20.67
12.67
9.33
-4.0
8.0
18.67
7.33
-4.0
10.33
11.0
9.0
0.33
22.33
7.0
3.0
12.67
16.67
5.33
1.67
13.0
12.0
4.0
6.67
8.67
-4.0
4.0
11.0
19.33
4.0
-7.33
5.67
3.0
1.0
1.67
12.67
7.67
-1.0
9.33
12.67
1.67
8.33
12.0
15.0
10.33
0.0
10.33
7.67
23.0
6.67
15.0
5.67
-3.0
0.67
3.67
-1.67
26.33
15.67
19.33
5.33
5.33
11.33
-8.0
8.33
4.33
3.67
12.33
10.0
4.0
10.67
10.67
14.67
-4.67
7.67
-2.67
5.33
7.67
1.67
6.0
5.0
9.0
6.67
5.67
9.0
0.33
8.67
0.67
15.0
7.67
2.0
3.0
9.67
4.33
9.0
0.33
-0.33
16.0
17.0
10.67
4.0
3.33
-14.33
12.33
-4.0
3.67
-1.0
7.0
-1.33
-3.67
-2.0
2.0
-3.0
4.33
3.33
3.67
6.67
5.67
11.0
-1.33
3.0
2.33
14.0
6.33
10.0
7.0
11.33
4.0
8.67
5.33
8.33
-3.0
18.67
3.33
2.33
14.67
11.33
-3.33
10.67
-6.33
1.67
11.33
-3.0
11.67
7.0
7.0
8.67
7.0
3.33
4.33
15.0
1.67
2.67
2.33
14.33
3.33
15.33
6.0
4.67
12.33
15.67
8.0
9.33
0.0
15.67
14.0
26.0
23.33
4.67
5.0
23.33
19.0
20.67
20.0
24.0
36.67
19.67
32.33
21.67
21.33
16.33
46.33
19.33
31.33
28.33
30.67
15.33
16.0
34.67
21.67
35.67
42.67
39.33
22.33
30.67
3.0
31.0
19.33
15.33
12.0
12.0
29.33
5.33
4.33
14.0
14.33
7.33
3.0
-5.33
3.0
12.0
0.67
13.33
4.67
7.0
5.33
6.0
-6.0
18.33
18.33
3.0
11.0
-13.33
0.0
-2.0
8.67
15.67
-7.67
8.33
12.67
5.0
11.0
7.33
-0.33
-4.67
5.33
1.0
12.33
4.33
7.33
-7.0
-4.33
6.67
6.67
3.33
15.33
7.67
13.33
0.33
-1.0
8.67
3.0
9.67
7.33
-5.33
12.0
12.33
0.0
1.33
17.0
1.67
5.0
5.67
1.0
4.67
-1.0
23.67
7.0
6.67
-7.67
12.0
2.67
3.0
8.33
17.67
-1.0
8.33
-2.33
10.33
-7.0
7.0
9.33
0.67
11.33
1.33
0.67
-6.0
4.0
0.33
0.67
-7.33
7.67
-4.67
12.33
-3.33
13.33
-5.33
0.0
1.33
6.67
6.33
1.0
-7.0
-0.33
-5.67
10.67
1.67
9.33
0.33
9.67
-8.0
9.67
10.67
5.33
12.0
5.33
0.33
7.67
4.0
0.33
-0.67
5.0
8.0
-0.67
1.0
-14.0
-3.67
0.67
-2.0
-12.33
2.67
5.33
3.0
2.0
4.67
1.67
-4.67
-4.0
-1.0
14.33
-7.67
-3.0
0.0
-5.67
10.67
13.67
1.67
1.67
0.67
-2.0
1.67
7.0
3.67
-2.0
3.0
-4.67
-1.67
-0.67
7.0
6.33
-2.0
-4.0
-4.33
8.0
3.33
-4.0
-0.33
7.67
-3.67
2.0
2.0
1.33
-4.0
-0.67
-1.33
-2.67
6.0
-6.67
-1.33
1.67
2.33
7.0
-1.33
6.33
6.0
5.67
5.67
7.67
-0.67
-0.33
-4.33
-0.67
3.67
0.33
-4.0
5.67
9.0
-1.67
-4.33
8.67
-1.0
2.33
-3.0
7.33
-1.67
6.67
7.67
-6.0
2.67
-0.67
5.33
-1.0
2.0
7.33
0.33
7.33
3.67
0.33
9.67
2.33
-6.67
15.33
5.33
1.67
12.67
10.0
14.67
8.67
-3.0
-1.0
-1.0
7.0
-5.67
3.33
-1.0
7.33
-0.33
9.0
9.0
10.0
-3.33
5.67
-4.0
1.0
-5.0
-5.33
0.67
3.67
-2.67
-6.33
15.0
4.33
-3.33
-1.0
0.33
0.33
2.0
-0.67
1.67
-1.67
7.33
1.67
0.67
4.0
3.33
-7.67
5.33
1.67
-0.33
-5.67
9.67
6.67
-3.33
-8.0
2.33
5.0
3.67
7.0
11.33
2.67
-0.33
5.0
3.0
7.33
4.0
-6.33
4.33
8.0
10.67
-1.33
-4.67
0.0
4.33
3.0
5.67
-0.33
-4.0
1.33
5.0
-0.33
8.67
-1.33
8.67
-4.67
-1.67
-3.0
5.0
3.33
-0.67
3.0
5.0
-3.0
10.67
-1.33
7.33
5.67
2.67
-4.67
5.33
1.0
1.0
-4.67
-7.67
3.33
1.33
-0.67
2.0
11.0
1.0
-5.0
2.33
3.0
-6.0
4.33
-0.33
6.0
-4.67
6.0
2.67
3.0
7.0
-0.33
3.0
-2.33
9.67
-1.33
-7.0
2.33
4.67
-5.33
-0.67
6.67
3.33
11.0
0.0
-2.0
-1.33
0.67
-1.67
2.0
-0.33
1.33
3.0
7.33
3.0
1.33
-1.0
6.0
0.67
-1.0
4.67
-0.33
3.0
0.67
6.0
0.0
9.33
2.33
1.0
4.0
-6.33
3.67
1.0
2.33
-6.0
0.0
7.0
4.33
5.33
5.33
3.0
2.0
0.67
3.67
1.67
3.0
-6.67
3.0
-0.33
-1.67
-1.67
4.67
-1.33
3.0
3.33
2.67
-1.67
5.67
-5.67
-1.33
-1.0
-1.33
-3.0
1.0
1.0
6.67
8.33
-0.67
-3.33
-4.67
-0.33
2.33
-1.33
5.0
7.33
-2.33
10.0
-6.33
0.33
8.67
5.0
-3.33
-1.67
0.67
2.67
-2.33
2.67
2.67
2.0
2.67
7.67
0.67
-0.67
7.0
10.0
-9.33
3.33
5.67
1.0
3.33
12.0
-0.33
-1.67
0.67
0.67
5.67
-2.33
-0.33
1.33
0.67
3.67
1.33
-1.33
-1.33
7.0
-2.0
3.33
0.33
2.0
3.33
-0.33
-1.33
8.67
-2.33
2.33
0.33
-1.0
-7.0
0.67
-0.33
-2.0
4.67
-3.33
1.67
-3.33
6.67
2.67
-1.67
-0.33
-3.33
-3.0
4.0
1.67
-2.67
-3.0
4.67
7.0
-0.33
1.0
-2.33
0.67
2.0
-4.0
0.33
0.67
2.0
2.33
2.0
-1.33
8.67
2.67
