0.0
-13.0
25.0
-84.33
55.0
-114.33
18.33
-97.33
-74.33
-86.33
-74.0
-31.0
7.0
-78.0
-26.67
7.33
-30.67
26.67
7.33
4.33
-5.67
-17.67
27.0
-7.0
3.33
2.67
-1.67
6.0
-12.67
0.33
2.0
11.67
0.67
3.33
-1.67
2.0
2.33
-2.33
-0.67
0.67
0.33
-0.33
-0.67
0.33
-1.0
-0.67
-1.0
0.33
0.67
0.0
0.67
-0.67
-0.67
-0.33
0.0
0.0
0.0
0.0
1.67
0.0
-1.0
1.0
-0.67
-0.33
-0.33
-0.67
-0.33
0.67
1.0
3.33
0.0
0.0
1.0
-1.0
0.0
0.33
-0.33
1.0
-0.67
-0.33
0.67
0.67
-0.33
-0.67
1.67
0.67
-0.67
-0.33
0.67
1.33
1.67
-1.33
-0.33
-1.33
-0.67
0.33
0.0
3.0
0.67
1.33
-2.0
1.0
-1.67
-1.0
2.67
0.0
-0.33
-1.33
0.33
-1.33
-0.67
0.67
1.0
3.33
-1.0
-2.33
-0.33
3.0
0.33
1.33
1.0
2.33
4.33
1.33
2.0
-3.33
-3.33
4.0
2.67
3.0
4.33
-0.33
5.0
-2.67
3.0
5.67
4.0
4.33
-1.33
1.33
-4.0
6.67
1.33
-1.67
0.67
-1.33
3.67
1.0
1.33
-2.67
1.0
5.0
1.67
-2.0
3.33
0.67
-3.33
1.33
4.33
-3.0
13.0
0.33
1.67
3.0
3.0
0.0
3.0
-4.0
0.67
1.0
4.0
6.33
-2.67
-5.67
2.33
3.0
-1.67
0.33
-0.67
4.67
6.67
3.67
4.67
3.67
9.0
-8.0
-0.67
2.0
4.33
10.33
3.0
0.67
-2.0
4.0
-2.33
7.33
2.0
3.67
4.33
0.67
8.67
-1.67
9.33
1.33
6.0
8.33
-2.33
1.0
2.0
-0.67
5.33
5.33
9.33
-1.67
-2.33
6.33
7.0
11.0
-0.67
4.67
0.33
4.33
-3.33
6.67
2.67
7.33
5.67
6.0
-2.33
-0.33
-0.67
6.33
6.67
-5.0
4.0
0.67
1.67
5.67
0.0
10.67
6.0
2.0
8.0
0.33
2.33
-3.0
0.67
1.0
3.0
2.67
-3.67
9.33
-2.33
3.33
1.0
8.0
8.0
3.0
-6.33
-7.0
-2.33
5.33
-0.33
-2.0
12.0
-1.67
5.33
2.0
-2.67
-1.0
-2.0
3.33
1.33
11.0
1.33
1.67
2.33
2.0
1.67
3.0
4.67
8.0
-0.33
6.33
4.33
12.0
5.67
1.67
-0.33
0.33
1.67
-0.67
-4.0
6.67
-2.0
8.67
3.0
4.0
0.33
2.33
-2.33
3.0
3.0
0.67
8.0
3.67
0.33
0.0
12.0
-1.67
-8.33
5.67
-0.33
2.33
1.33
2.67
1.0
-1.67
8.33
2.33
6.33
2.67
9.0
-0.33
1.0
6.0
8.67
1.67
2.33
6.33
0.0
1.0
0.67
1.0
5.0
1.0
1.33
4.33
-1.0
3.0
0.33
3.0
1.0
5.33
3.67
5.67
-2.33
2.67
2.33
3.0
0.33
8.67
4.0
6.33
-1.33
7.67
1.33
9.0
-0.67
3.0
4.0
4.33
1.0
3.0
6.33
3.33
-1.0
5.67
1.67
3.67
-2.0
3.0
-6.0
3.67
8.33
-1.33
6.0
5.0
6.67
4.67
2.0
3.33
0.0
5.33
4.0
2.33
4.0
2.0
7.67
0.33
1.0
7.33
-2.0
3.33
0.0
2.33
2.0
0.67
2.0
10.67
-4.33
-4.0
-0.33
4.67
0.67
3.33
5.0
0.0
-4.67
5.33
8.33
-0.67
2.0
3.0
-1.33
3.67
0.67
-3.33
-1.67
-0.67
0.67
0.67
10.67
-1.0
1.67
1.33
-3.0
1.33
4.33
-1.33
1.0
-4.67
-0.67
-6.0
0.0
-0.67
-0.67
4.33
-1.67
0.33
2.67
2.33
4.67
2.0
0.67
-0.67
-3.33
1.0
-1.67
0.33
-7.0
-1.33
2.0
2.67
5.33
1.33
-2.67
3.67
-0.33
1.67
1.67
1.67
3.33
-4.67
2.67
-0.33
-5.0
2.33
6.0
3.0
-0.67
0.0
-0.67
2.67
-1.33
-2.33
-3.0
-0.67
0.67
-3.33
4.33
4.0
-0.33
-2.33
2.33
2.67
-2.33
3.33
0.33
5.33
0.33
3.0
0.67
0.33
-5.0
-3.67
0.67
-3.67
-5.67
-3.33
0.67
-6.33
3.67
4.0
-1.0
-1.0
-2.67
-1.0
-7.33
-5.33
-1.33
-0.33
4.33
1.0
0.67
0.33
2.67
0.67
-2.67
0.0
4.33
2.33
2.0
-1.33
-3.33
-0.33
1.67
1.67
3.33
-4.33
4.67
8.33
-3.67
-1.67
0.0
-1.0
3.33
-1.33
0.33
0.67
1.33
0.67
6.33
6.33
-0.67
0.33
3.0
-4.33
-2.67
-3.0
-1.67
-2.33
-2.33
2.0
6.33
0.33
1.67
1.33
-1.67
-2.33
4.0
-0.33
1.33
-0.67
6.0
2.33
-1.0
3.33
3.0
0.67
-1.0
-3.0
3.33
-0.33
-2.0
1.67
4.33
1.0
-0.33
5.67
7.0
-1.67
-0.67
-0.33
2.0
0.33
3.33
-3.67
-4.0
-2.0
0.0
1.0
2.0
-2.33
-1.0
3.67
-1.33
0.67
-1.67
-2.33
-2.0
-3.67
-2.0
-2.33
-1.0
4.33
4.0
5.0
5.33
-1.0
-1.0
-6.33
0.0
2.0
2.0
9.0
1.33
3.67
-3.0
-1.33
-0.67
-7.0
-1.33
-2.33
-3.33
0.33
-1.0
-5.33
-4.0
-3.33
5.0
9.0
-4.0
-1.0
0.33
4.67
-2.0
2.67
-5.0
-3.67
-0.33
-1.67
0.0
-4.67
0.67
4.67
-2.67
1.67
-4.67
-1.0
2.0
1.67
-3.67
-0.33
4.0
-0.67
-1.0
-2.33
-0.67
-6.67
3.67
-2.33
-1.0
0.33
1.0
1.33
0.0
-3.33
0.33
3.33
-4.0
-2.0
-3.0
-3.0
-2.33
-5.0
-2.67
-4.33
-2.67
-1.67
2.67
2.67
-1.0
-5.33
-3.0
-5.67
-1.67
-4.33
-1.67
-6.0
-1.67
1.0
-5.67
-0.67
-1.67
-3.67
-4.0
-9.33
-2.67
-3.33
-0.33
-2.67
-6.0
1.0
2.33
-2.0
1.0
3.0
-0.67
-7.33
-4.0
-5.0
-5.67
-3.0
-3.0
-6.67
-5.67
-5.0
-2.0
2.67
-2.0
0.33
-1.33
-4.33
1.33
-5.0
5.33
0.33
-5.67
1.0
-4.67
-1.33
0.33
-1.67
-3.0
-4.0
-5.33
-6.33
-4.33
2.0
-6.33
-2.0
-7.0
0.67
3.33
-2.0
-7.33
-0.67
-7.33
-3.0
-0.33
-6.33
-5.33
-3.67
-2.33
-4.0
0.33
-0.67
-6.0
-3.67
0.33
1.0
0.33
2.67
-4.0
-2.0
-8.0
-4.67
-6.0
-6.33
0.0
-7.33
-4.0
7.67
-0.33
-5.0
0.0
-1.67
-3.67
4.0
-8.67
-4.0
-8.0
-5.33
-5.33
3.0
-3.33
-5.33
-4.33
7.67
4.0
-5.0
-0.33
-3.33
-0.33
6.33
-3.0
0.67
4.0
2.67
0.0
5.0
10.67
6.33
14.0
10.67
6.67
22.67
27.0
19.67
20.0
20.67
17.0
18.67
14.0
27.33
29.33
19.67
20.0
13.0
16.0
8.33
12.67
2.67
-2.67
-0.67
-4.33
-5.33
5.0
7.0
-4.33
1.33
3.67
-0.67
-4.0
0.67
10.67
-7.0
-3.33
-0.33
-2.0
-6.0
-7.67
-13.33
-3.0
-1.0
-7.0
-1.67
-7.67
2.33
4.33
-3.67
-3.67
-8.33
-7.33
4.33
-5.0
-4.0
-4.67
-1.0
-3.33
-7.33
-9.33
-10.0
-4.0
-6.0
0.0
-2.0
-4.33
-9.33
-12.0
-6.0
-9.33
-9.33
-6.67
-5.0
-9.0
0.33
0.33
-9.33
-7.33
-8.0
-1.0
-4.0
-3.33
1.67
1.33
1.67
-3.33
-0.67
-8.0
-4.33
-1.67
-11.33
-0.67
-5.67
-11.0
-11.67
2.0
-2.67
-1.33
-7.33
-2.67
-5.0
1.67
-0.67
4.0
-1.0
-7.33
-5.0
0.33
3.67
-8.67
0.0
-1.0
-9.33
-10.67
-10.67
-9.33
0.67
-2.0
-7.0
-8.33
-13.33
-12.33
-4.67
-12.67
0.0
-7.0
-9.67
-10.0
-12.67
-5.67
3.0
3.33
-6.67
-8.0
-7.0
-3.33
-8.0
0.0
-4.33
-1.0
1.67
-5.33
-0.33
-0.33
1.33
-6.0
-9.67
-8.67
-6.67
2.33
-6.0
-9.67
-8.67
-3.0
-6.33
-1.67
-3.33
-4.67
-5.33
-9.67
-2.33
0.0
-12.0
0.33
-9.0
-1.33
-6.67
-7.67
-10.67
-2.0
-5.67
-2.67
0.0
2.33
-0.33
-2.67
3.67
-7.0
-2.67
-5.33
-2.33
-8.0
-5.33
9.33
-9.0
6.33
-9.67
2.67
-7.67
-3.67
-5.0
-7.33
-1.67
5.0
-12.0
-6.67
-7.33
-6.67
-6.0
-8.67
0.33
-1.0
-9.0
-4.0
-5.67
-5.67
-2.67
4.0
-1.67
0.0
5.0
-3.33
-5.67
-2.33
-4.33
1.0
-8.67
4.0
-2.67
3.67
2.67
-2.0
10.0
5.67
-3.33
12.67
22.33
11.67
2.0
11.33
3.67
5.33
14.33
3.67
0.0
11.33
3.33
8.67
13.0
8.67
1.33
8.0
8.67
7.33
-0.33
3.67
-10.33
3.67
-1.33
-3.33
1.33
11.0
-7.67
-1.33
7.0
1.67
-8.33
4.0
-9.67
-5.0
-1.0
-4.0
1.33
10.0
-6.67
-3.67
-2.33
0.0
0.0
-1.33
3.33
-2.67
-1.0
10.33
8.33
4.67
6.67
3.33
-0.67
-6.33
-8.33
-1.0
4.0
-3.0
-1.67
-0.33
8.33
3.67
12.33
2.67
-3.0
4.33
4.0
-4.0
1.67
2.33
-2.33
-1.33
8.33
1.67
11.67
6.0
6.33
-4.67
4.33
-2.0
-5.67
-4.0
4.33
-0.67
2.67
1.0
-0.67
-3.67
2.0
1.0
3.67
8.33
9.67
7.33
4.67
7.0
9.67
-3.0
8.33
5.67
-6.0
-3.0
-2.67
5.0
4.33
-2.67
4.33
1.33
6.33
5.0
-0.33
10.0
-2.0
-0.67
-5.0
14.0
-0.67
9.33
10.0
-1.67
1.0
5.33
0.67
-5.0
-5.67
10.33
1.0
3.33
-3.0
1.67
-4.67
7.67
-0.33
-3.0
6.33
-3.33
4.33
8.67
2.67
-0.67
-1.67
7.0
3.33
8.33
6.0
-6.67
8.33
12.33
5.0
-6.33
8.67
-0.33
9.33
4.0
8.0
11.0
2.33
8.33
-3.33
8.33
0.33
-1.67
-1.67
3.33
-3.33
4.0
7.33
7.33
4.67
7.33
0.33
-1.67
0.67
3.67
3.67
9.0
0.33
4.67
1.67
0.67
-4.33
2.33
-2.0
11.67
4.0
-1.0
0.33
-3.67
4.0
13.67
8.67
0.0
1.33
3.33
-2.33
8.67
11.67
1.33
15.67
5.0
4.0
1.33
16.0
3.33
2.67
10.67
3.67
-1.0
9.0
0.33
4.0
8.0
-2.67
-1.33
7.67
5.33
2.33
0.67
6.33
6.0
-2.0
10.0
9.67
8.33
4.33
12.33
19.67
2.0
-0.33
9.67
7.67
9.67
8.67
5.33
11.33
3.33
16.67
15.67
-0.33
9.67
13.0
15.67
3.67
3.33
6.33
8.0
4.33
10.33
8.33
17.0
24.67
14.67
22.0
12.33
15.33
35.0
20.33
19.33
21.0
4.33
14.0
12.0
15.67
5.0
17.0
22.33
34.33
20.67
22.0
24.0
16.67
50.0
29.33
39.33
33.0
39.67
48.33
55.67
63.0
88.0
64.0
77.33
76.67
94.0
78.33
80.0
100.0
97.0
85.33
87.67
96.33
69.33
84.33
67.0
76.33
73.67
65.33
67.0
57.67
50.33
54.33
42.67
23.67
11.67
29.33
22.67
14.0
27.33
24.33
15.0
12.67
1.67
21.33
18.0
14.0
10.67
8.33
4.0
8.33
4.0
0.0
-2.67
8.33
2.0
20.0
10.67
16.67
-1.67
7.67
1.0
14.0
5.0
11.67
-2.33
3.0
1.0
6.0
3.33
8.0
1.67
8.67
-4.0
9.0
3.67
11.67
14.67
-7.0
-1.67
7.67
10.67
10.33
-2.0
9.0
13.33
-3.0
2.33
4.67
20.0
2.67
12.0
4.67
3.0
20.67
10.67
11.33
10.33
13.67
15.33
-0.67
8.33
12.33
10.0
15.33
8.33
8.67
13.33
7.0
-5.0
22.67
1.67
5.67
-12.67
8.67
8.33
14.33
8.67
8.67
8.0
6.0
5.0
1.67
11.67
2.0
5.33
7.67
5.67
10.0
9.67
0.0
10.0
6.67
6.33
14.0
1.33
4.67
15.0
6.0
1.67
5.0
1.33
-2.33
3.33
10.0
2.67
-4.0
13.0
2.67
13.33
-3.0
3.0
5.0
-0.67
6.33
5.67
4.67
8.67
12.0
1.67
12.0
5.33
12.0
12.33
5.0
7.0
15.33
-11.0
4.67
-7.67
0.33
-4.0
8.67
0.33
2.33
5.67
-3.67
4.67
12.67
-4.33
12.67
10.33
-4.0
1.67
6.0
-1.0
-0.33
3.0
3.33
5.33
8.0
7.67
5.67
7.33
8.33
3.33
5.33
10.0
0.67
14.33
12.67
8.0
18.33
8.0
28.67
11.0
12.0
10.33
15.67
18.0
19.33
21.0
34.67
15.0
23.0
24.67
13.67
39.33
29.67
22.33
22.33
15.33
34.33
16.33
29.33
23.67
23.33
18.0
32.67
17.67
30.67
17.67
33.33
24.33
24.67
22.0
34.0
25.33
0.33
20.0
27.0
16.33
8.33
2.33
12.0
7.33
6.33
4.0
3.67
-5.0
18.0
1.67
7.33
3.67
2.0
5.33
-4.0
8.0
9.33
-0.67
28.0
-3.0
-2.33
0.0
-2.0
-9.33
3.67
-1.67
4.33
16.67
18.0
16.0
4.33
7.67
1.33
9.33
7.0
-2.67
2.33
3.33
-2.0
-0.33
-0.33
9.67
1.33
10.33
12.67
3.33
3.33
19.0
7.67
-7.0
-2.33
-8.67
5.67
7.0
16.33
0.0
3.33
-2.0
13.67
5.0
-2.33
20.0
8.67
7.0
6.67
2.0
22.67
9.33
4.0
-0.33
3.0
22.33
1.67
0.0
12.33
3.67
14.33
8.0
12.0
7.33
-1.33
21.33
8.33
5.67
3.0
0.0
5.33
-7.33
-4.33
4.67
4.33
1.33
0.67
-6.67
-0.33
5.0
5.33
-3.33
6.33
1.0
-11.0
2.67
-5.67
1.67
-3.33
2.33
5.33
17.67
2.0
4.67
0.67
4.33
1.0
3.33
3.33
-11.33
-2.0
0.33
6.33
2.0
10.0
0.33
11.0
-12.0
9.33
-1.33
7.0
0.67
2.67
9.33
4.0
2.0
1.67
7.67
5.33
10.0
-5.0
2.33
0.33
4.0
5.0
-0.67
4.67
2.67
-7.33
0.67
0.67
9.0
4.67
12.0
1.67
2.0
-5.0
-5.67
2.33
-11.67
-7.0
0.33
-3.0
14.0
13.67
10.0
-1.67
-4.0
3.67
3.67
-4.67
-1.0
-5.0
6.33
-7.0
2.33
6.67
-7.67
6.0
5.33
0.67
3.67
-2.67
16.0
-1.33
1.33
8.0
2.67
-2.33
5.67
5.33
9.67
6.67
0.33
9.67
-5.67
-7.0
-4.33
10.0
-5.67
1.67
6.67
9.0
20.33
6.0
4.33
9.33
6.67
3.67
-11.0
8.67
3.33
5.33
11.0
4.0
-3.67
1.33
3.33
-2.33
3.33
3.67
14.33
2.33
3.33
-0.67
0.67
7.67
5.0
5.67
11.67
2.0
0.0
2.0
12.0
-0.67
15.33
-4.0
-0.67
1.67
1.0
3.0
0.0
1.67
6.67
-5.0
2.0
2.0
-5.33
-0.33
2.67
-5.67
-6.33
2.0
0.33
1.67
-7.0
-2.67
4.33
5.0
-5.67
0.67
-1.67
-7.67
-1.33
7.67
4.0
12.33
3.33
-1.67
1.67
13.67
-0.67
-0.33
3.67
1.67
-3.0
7.33
3.0
10.67
1.0
-2.67
1.67
-2.33
11.0
11.0
0.33
-1.0
3.67
7.33
2.0
-8.33
-2.33
5.33
4.0
2.33
-7.0
4.67
2.67
3.0
6.33
5.0
2.67
3.67
2.67
2.67
-10.67
0.33
1.0
5.0
15.33
-2.67
4.0
0.0
-2.0
-0.33
6.67
1.33
-1.33
5.67
-5.67
5.33
4.0
5.0
0.33
-0.67
4.33
-4.67
-5.67
1.0
-4.0
6.0
0.0
2.33
-1.0
3.0
0.33
-3.33
-2.0
-0.67
1.0
0.67
1.0
-5.0
2.67
-4.0
-0.33
5.67
-2.33
-5.0
3.33
-0.33
0.67
-0.67
7.67
0.33
12.0
4.0
3.0
2.67
2.67
-1.67
4.0
-0.33
7.33
6.0
3.33
1.0
6.33
9.0
3.0
4.67
7.0
5.67
3.67
-4.0
1.67
4.0
2.0
12.33
1.33
5.0
-5.0
-1.33
5.67
-5.0
8.33
-2.0
-3.0
0.0
5.33
-2.67
-2.67
5.0
2.0
-0.33
9.67
-4.33
-3.0
-6.67
5.0
-3.33
10.33
-2.67
-2.33
-2.33
-4.0
3.33
-1.33
3.33
-2.33
-1.67
0.67
3.0
6.67
1.0
3.0
2.0
10.67
3.33
-1.67
1.67
-0.67
1.67
9.33
5.67
1.0
2.33
5.67
3.0
-8.33
1.33
2.67
1.0
-5.33
-3.67
-3.33
0.67
2.67
-2.33
-7.33
3.0
-5.33
-2.33
4.67
6.33
-1.0
6.0
-2.33
5.33
-2.33
5.0
1.33
7.0
0.67
2.33
8.67
-3.33
-3.33
2.67
-1.33
7.33
-2.33
9.67
3.33
0.67
-4.33
2.0
2.0
-0.67
4.33
-3.0
-3.67
-0.33
1.67
2.67
0.67
2.33
2.33
2.0
0.0
4.67
-5.33
1.0
-2.33
-0.33
5.67
-3.33
-0.33
0.67
-3.67
1.67
0.67
5.0
2.0
1.67
-3.67
-2.0
10.67
3.0
4.67
4.0
-0.33
1.67
2.0
-7.0
5.33
2.67
-3.0
2.33
2.0
3.67
3.67
1.67
