0.0
-63.0
-27.0
-67.33
91.0
-96.33
-92.67
-124.33
-29.33
-26.33
-13.0
61.0
69.0
-5.0
29.33
58.33
-4.67
-33.33
-43.67
34.33
-16.67
-25.67
29.0
7.0
-1.67
5.67
-3.67
8.0
6.33
-4.67
-6.0
0.67
0.67
0.33
-1.67
-1.0
-1.67
-3.33
0.33
1.67
1.33
-0.33
-0.67
-0.67
0.0
-0.67
0.0
-0.67
-0.33
0.0
-0.33
0.33
-0.67
-0.33
1.0
0.0
0.0
0.0
0.67
1.0
-1.0
0.0
-0.67
-0.33
-0.33
-0.67
-0.33
0.67
0.0
1.33
1.0
0.0
-1.0
-1.0
0.0
-0.67
1.67
0.0
0.33
-0.33
0.67
-0.33
0.67
0.33
0.67
1.67
0.33
-0.33
1.67
0.33
0.67
-1.33
-0.33
0.67
-0.67
2.33
0.0
0.0
1.67
-0.67
-2.0
2.0
-0.67
0.0
0.67
-1.0
-0.33
-0.33
4.33
-2.33
0.33
-2.33
0.0
0.33
-1.0
0.67
-1.33
4.0
-1.67
-2.67
1.0
-0.67
4.33
1.33
6.0
-4.33
0.67
3.0
4.67
0.0
3.33
3.67
4.0
-1.67
-1.0
3.67
3.0
1.33
-0.33
2.33
4.0
3.67
8.33
-4.67
0.67
-1.33
-1.33
-2.0
11.33
-5.67
10.0
1.0
-2.33
-2.0
8.33
0.67
4.67
3.33
7.33
3.0
2.0
-0.67
-2.33
-2.0
-7.0
3.0
1.0
2.0
0.67
-1.0
3.0
0.33
-4.67
-3.67
2.33
8.0
1.33
0.33
1.33
-2.33
-0.33
-3.33
5.67
-2.33
2.0
-8.0
3.33
-2.0
1.33
0.33
2.0
1.67
-1.0
9.0
6.67
6.33
0.0
2.67
0.33
-2.33
1.67
3.33
-0.67
2.33
2.0
-0.67
-0.33
4.0
2.0
-0.67
3.33
7.33
3.33
3.33
-4.33
13.33
2.0
1.0
0.33
0.67
-3.67
2.33
-0.33
-0.33
4.67
-2.67
1.67
5.0
4.67
2.67
7.33
11.33
-3.33
3.0
1.0
4.67
-3.33
1.67
-1.0
5.67
5.0
3.0
3.0
-0.67
-1.67
-5.0
-3.33
1.0
3.0
4.67
-6.67
-0.67
4.67
3.33
2.0
3.0
7.0
2.0
3.67
-2.0
-1.33
0.33
-1.33
-2.0
0.0
-0.67
0.33
1.0
-0.67
-7.0
-1.0
1.33
4.33
0.0
5.33
-1.33
0.33
1.0
5.67
2.0
3.67
3.0
-2.33
-0.67
8.33
6.0
0.67
6.67
-5.33
-1.67
-0.33
-3.67
-3.0
4.67
0.0
-2.33
4.0
1.0
-0.67
6.33
0.67
-6.0
5.0
-1.33
6.0
0.67
4.33
1.0
-4.0
1.33
-3.33
8.67
-4.33
4.33
2.33
1.67
-3.0
-0.67
2.33
5.33
3.33
-6.33
3.0
-2.33
1.0
5.0
4.67
0.67
2.33
3.33
4.0
0.0
-2.33
5.0
1.0
0.0
0.33
12.33
-2.0
1.0
-4.67
-3.0
2.0
5.33
1.67
3.67
-2.33
-4.33
2.33
6.0
5.33
2.67
4.0
2.33
1.67
7.67
-0.67
9.0
-5.67
-9.0
5.0
6.33
-1.0
1.0
5.33
1.33
1.0
0.67
-3.33
1.67
0.0
5.0
-3.0
4.67
7.33
4.67
3.0
6.0
3.67
-4.33
-3.0
1.33
4.0
0.33
2.0
7.33
-2.0
3.0
3.67
2.33
2.0
-2.67
-6.0
-1.67
1.0
-0.67
-6.0
-5.33
1.0
5.67
-1.33
-1.0
-3.33
5.67
-0.33
-2.67
-3.0
1.0
-2.67
-5.67
3.33
2.33
6.0
4.0
-0.33
-1.33
-4.33
8.67
13.33
2.33
5.67
-0.33
-3.33
1.0
3.67
4.33
1.0
0.33
1.33
1.67
-1.0
-0.67
-0.67
2.0
4.0
4.33
0.33
4.33
5.33
-2.67
0.67
-1.67
-0.33
-1.0
-0.33
-3.67
-2.33
1.0
0.33
12.33
-4.0
-6.33
2.0
2.67
6.33
0.33
2.33
1.67
-3.33
1.67
4.67
-3.33
3.33
0.33
-0.33
3.67
-1.0
-0.67
3.0
-3.0
-1.67
-4.0
-1.67
-0.33
-0.33
-0.33
1.0
2.33
2.67
-1.33
0.33
4.0
2.67
0.67
5.33
2.67
-3.33
4.33
8.33
-1.67
0.33
3.0
-1.33
-1.67
0.0
-4.67
0.67
-1.67
-2.67
-1.33
1.67
-1.33
-0.33
1.0
-1.0
-5.0
-0.67
2.0
-5.33
-2.33
2.67
2.67
0.33
-1.0
3.67
-0.67
2.67
1.67
-0.67
3.0
-2.67
1.33
0.0
-3.33
0.67
-0.33
-0.33
1.67
4.33
1.67
4.67
1.33
-0.67
0.33
6.0
0.0
0.33
2.67
-3.67
4.67
-1.67
0.67
1.33
2.33
2.33
0.33
1.0
-5.33
-4.67
-1.0
6.33
-0.33
0.67
-1.0
5.33
-0.67
1.67
-1.67
4.33
-0.33
1.0
-1.33
1.33
-0.67
1.0
0.33
0.0
-1.67
1.0
-3.33
4.0
-6.0
-2.67
-4.33
1.0
-4.33
-0.67
-2.0
1.67
0.67
0.0
-0.67
-5.67
1.67
2.0
5.33
3.33
4.33
0.0
-1.0
-1.0
0.0
-1.0
-2.33
-3.0
0.67
-2.33
-1.33
-0.67
8.67
-3.0
-0.67
-1.0
4.67
5.0
-2.67
1.0
3.0
2.33
2.0
-1.0
-0.33
11.0
1.0
1.0
-2.0
-2.67
1.67
-1.0
-1.33
-0.67
-5.0
-1.33
-3.33
-3.33
-0.67
-2.0
1.67
-4.0
2.67
0.0
-6.0
-4.0
-3.0
1.33
-1.33
-5.0
2.67
-2.0
-0.67
1.67
-2.67
2.0
2.33
-4.33
-2.33
5.33
-0.33
-6.67
0.0
1.0
-0.33
-0.67
0.67
-1.0
-5.67
-2.0
-0.33
4.33
-3.67
2.67
1.67
-1.0
-4.67
-1.0
0.33
-3.0
-2.33
-1.67
-2.67
-4.0
1.0
-3.0
-2.0
-3.33
-4.0
-2.67
-5.33
-3.67
-1.67
1.67
0.67
-8.0
-2.33
-1.0
-6.67
-3.67
-3.33
-1.67
-7.0
-1.67
-6.0
-4.67
-3.67
-1.67
-3.67
-6.0
-6.33
-0.67
-3.33
-4.33
-5.67
-3.0
-3.0
-3.67
-4.0
-1.0
-4.0
2.33
-0.33
-9.0
-3.0
-7.67
-7.0
-4.0
0.33
-5.67
0.0
-5.0
0.67
-9.0
-2.67
1.67
0.67
-2.67
0.0
-2.67
-1.67
-3.67
-1.0
-1.67
-0.33
-4.67
-3.67
-3.0
1.0
-0.33
-4.33
1.67
-2.0
-9.33
-6.0
-7.0
-1.33
0.33
1.0
-1.33
3.33
-9.33
-3.0
-2.33
1.67
-0.33
-0.67
-3.33
-5.0
-3.67
-3.67
-5.0
1.33
-4.67
-3.0
-1.67
3.67
-5.0
-7.0
-7.0
-4.67
-7.0
-6.33
-2.0
-3.33
0.0
-2.33
-0.33
0.0
-4.0
-4.67
0.33
-5.0
-4.67
-7.0
2.0
-3.33
-2.33
-2.0
-0.33
-6.33
-2.33
-3.33
0.0
-4.0
-4.33
2.67
-4.33
4.33
1.0
-4.33
15.0
13.67
0.0
6.0
-1.33
6.33
7.0
6.67
15.67
6.67
39.0
27.67
26.0
19.67
39.0
32.67
27.0
18.33
16.33
19.67
12.0
15.0
15.0
4.33
5.67
3.67
2.33
1.33
9.67
1.67
6.0
2.0
1.67
1.33
2.67
5.33
-9.0
-3.33
2.67
-3.0
-4.33
-10.33
-5.0
-4.0
5.33
-11.33
0.0
-8.0
-1.0
2.33
-10.67
-5.67
-2.67
-3.67
-1.67
-1.33
-4.33
-2.67
-7.0
4.0
4.33
-9.0
-8.33
-9.33
-3.33
-6.0
-2.0
-7.0
2.0
-4.0
-4.33
-3.33
-9.0
-1.0
-6.33
-6.33
-2.67
0.0
-4.0
-3.67
2.33
-9.33
-2.33
-18.0
-6.0
-7.0
-2.33
-6.33
-9.67
-2.33
-6.33
-5.67
10.0
-8.33
0.33
-13.33
-3.67
-6.67
-5.0
-10.67
1.0
-1.67
-2.33
-2.33
-2.67
-3.0
-0.33
-5.67
1.0
-9.0
-8.33
3.0
-0.67
4.67
-9.67
-4.0
2.0
-6.33
-11.67
0.33
-8.33
-5.33
-7.0
-5.0
-7.33
-2.33
-3.33
-3.67
-1.67
-8.0
-9.0
-8.67
-9.0
0.33
-7.67
11.0
-10.67
4.33
-2.0
-3.0
-1.33
-9.0
1.0
-3.33
-7.0
-9.33
-5.33
-16.33
-2.33
-2.67
-7.0
-8.67
-6.67
-8.67
-4.67
-6.0
-3.67
-1.67
-3.0
-10.33
-1.67
-5.33
-3.67
-5.33
-3.67
-7.33
-1.0
0.0
3.33
-7.0
-5.33
-10.67
-6.67
-6.67
-10.0
1.33
-2.67
-10.0
-3.67
-5.33
-2.67
-1.33
-10.0
-1.67
2.67
-5.33
-15.0
0.67
-2.67
-10.0
1.33
-5.67
-3.33
-7.67
1.33
0.0
-5.33
-4.67
1.0
-10.0
-9.67
0.67
1.33
-1.0
2.33
-2.67
-9.0
-1.0
-1.0
-4.67
2.33
-3.67
2.0
4.33
3.0
-3.0
-1.33
-3.67
-0.33
-4.33
-9.0
-1.67
1.0
-2.67
15.67
6.67
-8.0
8.0
11.67
12.67
1.67
18.33
7.67
11.0
8.33
15.67
9.33
11.33
14.67
14.0
15.33
18.33
9.67
8.0
2.67
10.33
9.0
9.67
3.33
1.67
0.67
-8.33
7.67
5.67
-4.33
-0.67
1.0
1.33
-7.33
-1.0
-0.33
-1.33
-1.0
4.33
2.0
1.0
3.0
0.33
4.0
-1.67
4.33
-4.33
0.0
0.0
-2.33
0.33
-3.67
2.0
0.33
0.33
-4.33
2.67
6.33
6.33
-3.33
6.67
4.0
-2.0
-8.0
-1.67
2.67
11.33
-3.33
13.33
5.67
-3.0
0.33
3.0
-1.0
-7.33
5.33
4.67
-3.33
2.33
2.67
8.67
1.0
9.33
13.33
10.33
9.0
0.33
-2.0
6.33
11.33
7.67
2.0
-1.67
1.33
-2.0
3.0
5.67
-0.67
5.67
6.33
-0.33
-1.0
2.67
-3.0
-2.67
5.67
-7.0
5.0
-3.67
0.0
7.33
1.33
0.33
3.33
9.33
11.0
1.67
5.0
8.0
4.33
-1.0
-1.0
0.33
15.33
4.0
6.33
-2.0
7.33
7.67
3.0
-3.67
-2.67
3.0
3.33
-5.0
3.67
5.33
7.67
6.67
3.0
-0.67
-0.33
4.33
14.67
9.67
0.33
3.33
-3.0
2.33
0.33
6.0
-2.67
9.33
10.33
11.0
3.67
-2.33
-8.33
13.33
9.0
6.0
2.0
-2.67
5.33
17.67
14.33
11.33
-4.67
2.33
-2.67
1.67
16.0
3.33
6.33
3.67
-3.67
3.33
1.33
-3.33
9.67
16.67
3.0
-0.67
0.67
13.67
3.67
5.67
5.33
-3.0
12.67
7.0
3.0
2.33
5.33
2.0
10.67
-2.33
8.0
1.33
7.33
1.67
15.67
0.67
14.33
9.67
11.0
7.0
0.33
-1.0
3.33
15.67
9.67
3.67
0.0
7.0
1.33
11.0
8.0
-2.67
3.67
-0.33
10.33
5.33
-2.33
8.33
1.0
1.0
6.0
3.67
-4.67
6.33
2.33
-3.33
-3.0
-1.33
6.67
4.67
11.67
1.67
8.33
9.33
8.33
12.67
20.67
0.67
3.67
7.0
5.67
-1.33
-1.67
4.33
1.0
5.33
9.33
5.33
21.0
11.67
11.67
20.0
2.33
11.33
17.0
18.33
6.33
22.0
16.33
20.0
13.0
22.67
23.0
15.0
38.33
23.33
20.67
26.0
17.0
27.67
28.0
46.33
40.33
37.0
34.67
72.33
54.67
54.0
91.0
67.0
81.33
77.67
93.0
99.33
84.0
86.0
106.0
104.33
90.67
104.33
89.33
102.33
80.0
98.33
79.67
66.33
59.0
69.67
58.33
43.33
44.67
60.67
36.67
26.33
17.67
26.0
25.33
15.33
4.0
7.67
28.67
14.33
0.0
5.0
18.67
21.33
-2.0
2.33
12.0
17.0
0.33
13.33
-2.0
8.0
19.67
11.67
5.33
4.67
2.0
3.0
7.0
17.67
1.67
9.0
2.0
-2.0
-2.67
3.0
7.67
17.67
0.0
-4.0
-5.33
5.67
7.67
7.0
15.33
4.67
17.67
7.33
-5.0
12.0
4.33
-2.0
14.33
8.67
15.0
7.67
9.0
13.67
-1.0
12.67
12.67
2.33
8.33
15.67
1.33
2.33
14.33
10.33
2.0
7.33
12.33
11.67
3.33
4.0
-6.0
5.67
3.67
8.67
-4.67
7.67
2.33
11.33
19.67
16.67
5.0
15.0
11.0
9.67
16.67
8.0
11.33
12.67
-2.33
-1.0
0.67
-2.0
4.0
11.67
4.33
-1.0
8.33
9.67
3.0
9.0
0.67
-3.0
6.33
14.67
4.33
17.0
2.67
11.0
-6.0
0.67
-0.67
10.0
-6.0
4.0
2.33
4.33
11.67
12.67
1.67
10.0
0.67
-1.0
11.33
17.0
13.33
9.0
4.0
2.33
-12.0
4.67
5.33
23.33
7.0
10.67
0.33
-2.67
5.67
6.33
-0.33
15.67
-6.33
1.67
17.33
7.0
0.67
-5.0
3.0
9.67
-2.0
13.33
0.33
12.0
-4.33
0.67
2.33
16.33
18.33
9.33
1.0
7.67
17.33
19.67
10.0
8.33
5.0
7.67
17.0
6.0
16.33
27.67
7.0
27.33
32.0
18.67
23.0
25.0
5.67
29.67
7.33
30.67
19.33
22.33
41.33
29.33
16.33
39.33
35.67
10.33
32.0
22.67
25.67
37.67
36.67
39.33
27.33
16.67
13.0
37.0
18.33
19.33
21.0
1.0
7.33
4.33
16.33
22.0
6.33
4.33
13.0
29.67
6.0
8.0
-6.33
16.33
1.67
0.0
6.33
-11.0
-4.0
10.33
3.33
0.0
12.0
2.67
-1.0
-13.0
4.67
2.67
-3.67
-5.67
9.67
-1.0
15.0
-1.67
1.67
-2.67
9.33
2.0
4.33
-5.67
6.33
2.0
-2.33
3.67
7.67
11.33
10.33
1.67
-3.67
8.33
1.0
10.67
10.0
2.67
2.33
-6.33
2.0
2.33
5.0
4.33
-3.0
16.67
11.0
2.67
8.0
14.67
9.0
6.67
-5.0
-7.33
4.33
5.0
6.67
-2.0
13.33
-0.33
3.0
1.33
19.67
24.33
5.0
14.0
7.33
0.67
10.33
2.33
13.67
4.0
5.0
6.33
-2.33
-10.33
-1.33
-0.67
10.33
5.67
6.33
1.67
15.0
12.33
-1.33
1.33
1.0
6.0
2.67
3.33
2.67
15.67
-2.67
4.33
9.67
4.0
6.67
1.67
5.33
3.0
6.33
-5.67
-4.33
11.0
7.33
12.33
-6.0
16.0
6.33
-8.0
-2.0
-6.67
-1.33
-6.0
2.67
6.67
-0.67
3.0
5.0
3.67
9.67
2.33
-6.0
-7.0
-5.67
-5.67
0.0
-2.0
-0.67
0.67
6.67
-1.33
1.67
-10.33
3.0
-9.33
1.0
-12.33
4.0
4.0
6.33
6.33
4.33
2.0
-3.67
-5.0
3.0
-12.33
-7.0
4.33
3.0
0.67
10.67
4.33
0.0
-4.0
1.33
-6.0
-3.67
5.67
0.33
4.0
-1.67
4.67
7.67
10.33
10.0
1.67
7.33
-1.0
7.67
0.67
-7.33
14.33
1.67
-5.33
-3.67
2.67
-4.67
4.0
-6.33
-1.0
-0.67
4.67
3.67
-6.0
0.33
5.0
0.33
2.33
9.67
4.67
8.0
1.67
6.33
7.33
6.0
-1.0
0.33
1.33
2.33
-2.33
2.33
8.67
-1.67
-5.67
16.33
6.33
2.67
19.67
13.0
13.67
6.67
19.0
2.0
-1.0
12.0
3.33
7.33
-1.0
1.33
-1.33
5.0
14.0
1.0
1.67
2.67
-4.0
3.0
-1.0
6.67
-2.33
4.67
1.33
-6.33
0.0
10.33
-6.33
-3.0
-5.67
4.33
-4.0
5.33
5.67
5.33
-3.67
10.67
0.67
3.0
1.33
1.33
7.33
5.67
3.67
0.33
2.67
-3.33
-1.33
0.0
10.33
8.0
13.67
-1.0
-6.67
0.67
-0.33
-5.0
5.0
0.33
-1.0
-9.33
1.33
-2.0
-3.33
6.67
2.33
-3.0
3.33
5.0
9.67
1.67
-1.0
-3.67
10.0
-0.33
13.67
5.67
6.67
-0.67
1.33
-5.0
-2.0
-2.67
2.33
0.0
-6.0
3.0
3.67
-6.33
1.33
-0.33
3.67
-7.67
1.33
5.0
-2.0
-3.67
4.33
3.33
3.33
3.33
-5.0
2.0
-5.0
-3.0
-4.67
0.0
1.0
-2.67
1.67
2.0
-12.67
0.0
3.67
4.0
2.0
3.67
-8.0
4.67
-6.33
0.67
-3.0
4.33
6.67
3.67
-4.67
3.67
-3.67
0.0
0.0
1.0
-0.33
5.67
-0.67
2.0
-0.33
6.33
5.0
4.33
-2.0
8.33
3.0
4.0
1.67
4.0
-1.33
4.67
0.0
-2.33
6.0
-1.0
1.33
3.33
-1.0
-4.0
-0.33
6.67
-1.0
13.33
-2.0
8.0
8.0
9.33
2.33
1.33
3.0
0.0
2.67
-1.33
-4.33
-2.0
3.33
3.0
8.67
0.33
-4.67
6.67
1.67
0.0
-2.67
2.67
-1.67
7.67
-5.67
0.67
5.0
2.67
6.0
0.0
3.0
-0.33
-0.67
1.33
-6.33
7.33
3.67
3.33
0.67
6.0
7.33
0.67
3.0
-5.33
0.33
4.67
3.0
-1.33
-1.67
-1.33
0.67
-0.33
-1.33
-1.33
-3.0
-4.33
-2.33
0.67
-4.67
1.0
5.0
-2.33
8.33
-4.33
0.0
-1.67
2.0
1.67
-2.67
-1.33
-1.33
3.67
2.67
-4.33
1.33
-2.33
-2.33
0.33
-1.33
-2.33
2.0
-2.0
-0.67
-2.67
1.0
-0.67
3.67
-3.33
6.67
-3.33
-2.67
2.33
-1.0
0.0
3.67
-0.33
2.0
5.67
-1.33
-2.33
-6.33
8.67
1.67
-5.67
-1.33
-6.33
4.0
6.0
2.67
-4.67
-6.0
-0.33
0.0
4.67
-1.0
-2.33
0.67
1.0
0.0
-0.67
7.67
2.0
-1.67
0.0
-1.33
1.67
0.67
