0.0
-63.0
-37.0
-57.33
-68.0
-86.33
-31.67
-131.33
-105.33
-119.33
-32.0
-11.0
-5.0
-16.0
-74.67
-5.67
5.33
-47.33
24.33
24.33
-20.67
-5.67
-3.0
17.0
-2.67
22.67
-14.67
13.0
-17.67
-7.67
0.0
1.67
1.67
0.33
-4.67
2.0
1.33
0.67
-1.67
0.67
0.33
0.67
-0.67
-0.67
-1.0
0.33
-1.0
0.33
-0.33
0.0
0.67
-0.67
2.33
-0.33
0.0
1.0
1.0
0.0
0.67
0.0
-1.0
0.0
-0.67
-0.33
-0.33
-0.67
-0.33
-0.33
2.0
-0.67
0.0
0.0
0.0
0.0
0.0
-0.67
0.67
0.0
-0.67
-0.33
-0.33
-0.33
-0.33
0.33
-0.33
0.67
-0.67
1.67
0.67
0.33
0.67
-0.33
-1.33
0.67
-0.67
0.33
-1.0
-1.0
0.67
1.33
2.0
-1.0
-0.67
0.0
1.67
1.0
0.67
-0.33
-0.67
-1.33
0.33
-1.33
-1.0
-0.67
2.0
0.67
0.67
1.0
4.33
3.33
2.0
0.33
5.33
4.33
4.0
-0.33
0.67
1.0
-1.33
-1.0
3.33
3.67
1.0
0.33
-3.0
8.67
5.0
-2.67
1.67
1.33
-2.0
-2.33
2.33
-0.67
-2.33
-0.33
-1.33
-2.0
-1.67
-1.67
1.0
8.0
-1.33
1.0
-2.67
7.67
6.67
7.33
1.33
3.0
-4.0
0.33
3.67
-4.0
-3.0
-2.0
2.0
-2.0
3.67
4.0
1.0
2.33
3.33
0.33
6.33
-5.0
-2.67
-2.67
-9.67
6.67
-3.33
0.67
2.67
2.67
10.0
0.0
5.33
2.0
2.33
-1.67
-2.0
8.67
-3.0
5.0
1.67
5.33
-3.0
-1.33
2.33
5.67
1.67
1.33
-3.67
5.33
4.0
3.33
-1.33
5.0
-5.0
0.33
6.33
2.33
2.33
-2.67
-2.33
-1.67
3.0
5.0
5.33
6.67
0.33
1.33
-7.33
1.67
-1.33
0.33
-1.33
-3.0
-5.33
2.67
2.33
1.33
5.67
3.0
3.0
-2.33
-1.33
2.67
3.0
5.67
6.0
3.0
1.0
5.33
2.33
-4.0
2.67
7.0
-1.0
6.67
-0.67
1.33
-0.33
8.33
2.0
0.0
5.0
-1.0
0.67
0.0
8.67
1.33
1.67
-4.0
9.0
4.33
1.33
6.0
4.33
9.0
0.0
-0.67
3.33
1.0
-1.67
1.67
3.33
-2.0
4.67
3.0
-1.33
-1.0
-4.33
7.33
5.33
9.0
-3.33
3.67
-2.33
1.33
-2.33
8.33
-6.0
3.67
-7.0
0.67
-2.0
-2.0
9.33
1.33
1.67
1.0
7.0
-2.33
1.0
0.67
6.33
-3.0
6.0
-0.67
0.67
1.67
9.67
0.33
3.33
2.67
4.0
-2.67
-1.67
0.33
0.33
-0.33
10.0
-2.33
1.0
5.0
6.67
2.67
-2.67
1.33
2.0
0.0
0.67
1.0
4.0
-1.0
-2.67
9.33
3.0
3.0
9.33
-3.0
-1.0
7.33
1.67
-0.33
-0.33
1.67
0.33
6.0
8.33
0.67
5.0
-2.67
-2.33
0.67
6.33
1.0
0.33
-6.0
2.0
0.33
3.0
2.0
3.33
3.33
-2.0
2.67
-3.33
-0.33
2.0
4.0
-4.0
6.67
0.33
2.67
-2.0
2.0
3.67
1.67
4.0
0.33
5.0
4.33
3.0
-6.67
3.0
-1.0
7.67
5.33
-3.0
-0.67
3.0
1.33
1.0
-6.67
-6.0
-0.33
4.0
3.67
1.67
2.0
-0.33
3.67
2.67
3.33
-1.0
-1.0
4.33
-0.67
7.33
-0.67
1.0
1.0
1.67
3.67
-3.33
3.67
1.33
4.33
2.67
0.67
-2.33
-5.0
5.67
-5.67
5.0
7.33
3.33
0.67
3.0
-4.67
1.33
-2.0
1.0
-0.67
2.33
3.33
0.33
2.33
0.67
-1.67
3.67
-2.0
-3.33
1.33
2.67
-1.0
3.33
4.33
-5.0
-1.33
4.0
0.67
0.33
0.33
0.33
0.67
2.67
-3.33
4.67
2.67
5.33
2.33
5.67
-4.33
-1.0
3.33
4.0
-1.0
0.33
-3.0
-1.67
-6.33
3.67
-4.33
0.0
1.33
-2.33
3.67
-1.67
0.0
-2.33
-0.33
11.33
0.67
-4.33
-1.67
-0.67
8.33
-2.67
5.0
2.67
-2.67
-4.0
-2.67
2.67
-0.67
4.33
-3.33
1.67
-3.33
4.67
-3.0
-3.0
1.0
2.33
2.0
-4.33
-6.33
-2.33
-0.33
3.33
2.0
2.67
-2.67
2.67
0.67
-1.67
-3.0
2.33
2.33
-2.0
0.67
-1.33
0.67
0.67
-2.33
-1.67
-0.33
4.67
3.33
-2.67
-4.67
6.0
2.0
0.33
-2.33
-0.67
0.67
-1.67
3.67
-1.67
4.33
2.33
2.33
-2.0
-5.33
-1.67
0.0
-3.67
-0.33
4.67
2.0
0.33
0.33
-3.33
5.33
-0.67
-5.33
-2.0
-2.33
0.33
-2.67
2.0
-0.67
-4.0
-1.67
-3.0
2.67
-1.0
-1.0
1.33
-3.33
-1.0
-5.33
-0.67
0.0
-5.33
6.67
-1.0
1.33
-0.67
-0.33
2.0
2.33
0.33
-3.67
-1.0
0.0
-3.0
-3.0
2.0
0.67
4.0
-1.33
0.67
-1.33
-0.67
-0.33
3.0
-0.67
-5.0
2.67
0.0
0.33
3.0
5.0
0.33
-2.0
2.0
4.67
2.0
3.0
0.0
-2.0
2.33
0.67
-5.0
-4.33
-3.67
-4.0
-2.33
2.67
-5.33
-4.67
0.0
1.67
-2.0
0.67
1.0
-2.0
-2.0
6.0
0.33
-3.33
-5.0
-3.33
1.0
-3.67
-2.33
1.33
-1.0
-0.67
-1.33
-1.33
1.33
4.67
-4.67
-2.0
-1.0
-3.33
-1.67
-0.33
-3.0
-5.67
-3.0
-5.33
-2.67
-1.67
-5.33
0.67
1.0
0.33
-1.0
-1.67
-1.0
0.67
4.33
-0.67
-4.0
-3.0
-2.0
-3.0
-4.33
-7.0
-4.67
-3.33
-1.67
-2.67
0.67
-2.33
-1.0
-6.33
2.0
-3.67
-1.67
-2.33
-2.67
-4.0
-7.67
-5.0
-4.67
1.33
0.33
-3.67
-3.0
-8.33
2.33
-8.33
0.67
-4.67
-5.0
-5.0
0.33
-6.0
-1.0
0.0
-1.67
-5.33
-6.0
-2.0
-7.67
0.0
3.0
-0.67
-2.67
-4.0
-6.0
-2.33
-4.0
1.33
-4.33
-6.33
-6.67
-3.0
-3.67
0.33
-8.67
-5.0
-2.67
0.67
-1.67
-5.67
-5.0
-3.0
-4.33
-4.33
-6.33
-4.0
-1.33
-1.0
1.0
-3.33
3.33
1.0
-4.33
-1.67
-2.33
0.0
0.67
-6.33
-4.33
-0.67
-0.33
-5.0
-4.67
1.33
0.0
-1.67
-7.67
-6.0
-1.67
2.67
-5.0
-2.0
-8.0
-0.67
-9.0
-2.33
-2.0
-0.33
-2.0
0.67
-5.33
-3.0
1.0
-1.67
-1.67
-7.0
-3.67
-10.0
-2.0
-8.33
2.67
-3.0
-3.33
-2.33
-5.33
5.67
-4.0
0.0
-3.33
-1.33
-2.33
-0.67
1.0
-3.33
9.0
6.67
1.0
2.0
2.67
15.33
12.0
14.67
6.67
21.67
22.0
21.67
16.0
26.67
31.0
16.67
23.0
17.33
22.33
21.67
15.0
17.0
17.0
14.33
15.67
4.67
4.33
3.33
4.67
1.67
1.0
0.0
2.67
0.33
-2.33
-1.67
-2.0
-0.33
2.67
-4.0
-5.33
-9.33
-4.0
-5.0
-8.67
-10.33
-3.0
-4.0
-1.0
-1.67
-1.67
-0.67
3.33
-2.67
1.33
-7.33
-0.33
1.33
0.0
-1.0
-5.67
-3.0
-10.33
-10.33
-4.33
-1.0
6.0
-1.0
0.0
0.0
-7.33
-1.33
0.0
-6.0
-5.33
-11.33
-9.67
-3.0
-4.0
3.33
-2.67
-9.33
-8.33
-12.0
-2.0
2.0
-5.33
0.67
-6.67
-5.33
-2.33
-8.67
0.0
0.67
-11.67
-10.33
-2.67
-9.67
-3.0
-3.67
-7.0
-4.67
-7.33
-9.33
-1.67
-7.0
-3.33
-4.67
-9.0
-6.0
-2.33
-8.0
-8.67
-2.33
-6.67
-2.0
-2.0
-5.33
-2.67
-2.67
-8.33
-10.33
-7.0
-7.0
-10.33
-7.33
-9.33
-4.67
-1.67
-3.0
-1.0
-0.67
-11.0
-8.67
-2.67
-6.0
-5.67
-0.67
3.0
-4.0
-6.33
-7.0
5.0
3.67
-11.0
-0.33
1.67
-6.33
-0.33
-3.67
-7.0
-13.67
-8.67
-7.67
-4.67
-1.0
-8.67
1.33
-6.0
-11.33
-1.67
-8.33
-6.67
-7.33
-6.67
-3.33
-5.0
-6.0
-2.67
-9.0
-5.33
-8.67
-5.67
-8.67
-7.0
1.33
-4.67
-6.0
8.33
-10.33
-3.67
0.67
-1.0
0.33
-7.33
-4.33
-5.0
-11.33
-1.67
-5.0
-2.67
-5.67
-3.33
0.33
0.33
-4.0
-8.33
-7.67
1.0
-14.0
-5.67
-5.33
-4.67
-3.0
-8.67
-0.67
-6.0
-7.0
1.0
0.33
1.33
-8.67
1.0
-5.67
3.0
-6.0
4.67
-5.67
-3.33
6.67
-9.0
3.33
5.0
9.33
-3.33
-5.33
2.0
7.0
5.67
-0.33
1.67
12.33
3.67
11.0
3.33
13.67
11.33
25.33
12.67
12.0
9.33
12.33
15.67
8.0
14.67
20.33
8.0
7.67
0.33
-1.33
4.67
-1.33
2.67
2.67
-10.33
-1.67
7.0
-3.67
-7.33
14.0
7.67
-6.33
2.0
7.33
-3.0
-5.0
-3.0
1.33
1.0
7.33
-6.67
1.67
-4.0
0.0
5.67
-3.67
4.33
6.0
4.33
9.33
-1.33
7.67
-0.67
9.33
2.67
-0.33
-1.0
0.0
-5.0
-1.67
1.67
0.33
-0.33
6.33
8.67
-8.0
6.33
4.0
4.0
-0.33
1.33
1.67
3.67
-7.67
4.67
5.67
-2.0
-0.67
-3.67
5.33
3.0
-3.67
4.0
0.33
2.33
-1.33
5.0
-1.67
2.33
-4.0
4.0
9.67
-5.67
4.67
2.33
1.67
6.0
3.67
4.0
7.33
7.67
-3.0
-3.0
-3.67
6.0
12.33
6.33
2.33
0.33
-0.67
5.0
7.67
1.0
4.0
-3.67
-5.0
10.0
1.33
11.33
-10.0
-1.67
-2.0
10.33
10.67
4.0
-0.67
2.33
4.0
0.33
-6.0
6.67
0.33
14.67
-0.33
2.0
0.33
6.67
3.33
8.67
7.67
1.33
-3.67
-2.0
5.33
4.33
9.0
6.33
7.33
19.33
3.0
10.67
-3.33
2.67
0.33
9.0
4.0
20.0
2.33
3.33
6.67
9.33
-1.67
2.33
-5.67
4.33
-2.33
4.0
15.33
-0.67
5.67
7.33
-2.67
-1.67
5.67
-1.33
10.67
5.0
8.33
-4.33
2.67
17.67
10.67
0.33
-5.0
4.67
11.0
13.0
3.33
6.33
8.0
8.67
-2.33
8.0
11.33
11.33
4.67
7.67
4.67
8.33
9.67
10.0
3.0
-0.67
-3.0
6.33
7.67
2.67
5.67
-2.0
12.0
1.33
6.0
9.0
5.33
-7.33
-1.33
3.33
3.33
1.67
5.33
6.0
-1.0
4.0
13.67
7.33
2.33
7.33
7.67
5.0
3.67
10.67
3.67
4.67
2.67
8.33
-2.67
9.33
6.67
13.67
5.67
10.67
6.0
15.67
5.67
2.33
8.33
15.0
14.33
-2.67
7.33
18.0
11.67
7.67
5.0
12.33
4.33
19.0
5.33
10.33
24.0
14.33
11.0
18.0
16.67
19.0
15.0
22.33
37.33
27.67
18.0
26.0
23.67
32.0
44.33
41.33
49.0
53.67
79.33
63.67
73.0
87.0
92.0
99.33
82.67
90.0
85.33
88.0
96.0
102.0
98.33
111.67
87.33
63.33
104.33
79.0
97.33
87.67
84.33
80.0
56.67
68.33
61.33
52.67
53.67
26.67
17.33
18.67
14.0
17.33
14.33
3.0
16.67
5.67
13.33
5.0
9.0
22.67
3.33
-2.0
8.33
-1.0
6.0
-5.67
10.33
1.0
-1.0
7.67
6.67
16.33
1.67
9.0
16.0
5.0
6.67
11.67
-5.0
9.0
0.0
9.33
3.0
-0.33
2.67
9.0
-3.0
2.67
8.67
3.67
-4.0
8.33
3.67
15.67
-1.67
4.0
11.0
6.33
1.0
-2.67
10.67
7.0
13.67
3.0
9.67
5.0
18.67
9.67
7.33
8.33
5.67
12.33
-0.67
15.33
11.33
7.0
0.33
18.33
1.67
5.33
4.0
5.0
10.67
4.67
5.67
-2.67
0.67
9.33
-1.67
-0.33
6.67
12.0
-1.0
9.0
6.67
5.67
5.0
10.33
5.67
6.67
6.0
13.67
11.0
14.0
12.67
8.33
10.0
9.33
-1.33
1.0
-1.0
7.67
1.0
1.33
12.67
-1.67
0.0
6.67
0.0
4.0
11.67
3.33
2.0
2.0
4.0
3.33
10.33
3.67
15.67
4.67
-2.0
1.67
-4.0
5.33
6.0
7.33
7.0
11.0
6.33
-2.0
-10.33
1.33
2.33
3.0
14.67
3.33
1.33
8.67
5.33
4.67
3.67
-4.33
4.67
12.33
-2.0
0.67
-4.0
-5.0
2.67
8.0
10.33
5.33
9.0
3.67
1.67
-3.67
15.33
12.33
16.33
4.0
0.67
15.33
19.67
13.0
-1.67
13.0
7.67
0.0
-3.0
10.33
8.67
12.0
36.33
18.0
17.67
28.0
16.0
20.67
22.67
30.33
21.67
9.33
23.33
33.33
28.33
15.33
39.33
13.67
20.33
21.0
17.67
26.67
41.67
15.67
19.33
17.33
30.67
19.0
7.0
14.33
17.33
29.0
9.0
23.33
6.33
11.33
4.0
10.33
7.33
8.0
2.67
6.0
0.0
-2.33
3.33
5.67
-7.0
10.33
5.0
-3.0
2.33
10.33
12.0
7.0
-4.33
-3.0
-1.0
-4.33
13.67
1.33
10.33
-1.33
9.0
6.0
1.33
-1.33
5.33
3.33
6.0
11.33
0.33
2.33
-1.0
5.67
11.67
13.67
-1.67
6.33
2.67
7.33
7.33
9.0
8.67
7.0
10.67
5.33
12.67
1.0
26.33
5.0
15.33
-2.0
-0.33
4.0
13.67
-3.0
14.67
-6.0
10.67
2.0
4.67
10.33
13.0
0.67
2.0
10.33
2.67
-3.0
8.33
-5.33
14.33
-3.0
12.0
5.33
7.67
8.33
7.33
-1.33
2.0
1.0
8.33
-12.33
-14.33
1.67
-11.67
8.33
3.67
-3.67
-0.33
9.0
3.33
3.67
0.33
-7.0
1.0
2.67
-2.67
-7.33
12.67
-2.67
15.33
9.67
-10.0
9.67
2.67
3.33
5.0
2.33
-1.67
9.67
7.0
-6.67
-4.67
-1.0
10.0
10.33
-5.0
-2.0
-8.67
5.67
0.0
-0.33
4.67
0.33
-1.0
4.0
-3.33
-1.33
-6.67
-1.0
11.0
9.33
-0.67
8.0
-1.0
-1.67
6.67
-3.33
3.67
5.67
7.67
9.0
-4.33
3.0
-5.33
2.0
7.0
-4.67
-0.67
0.33
2.0
6.33
1.0
-1.0
-1.33
-9.0
7.33
-9.0
-6.33
4.67
-4.67
5.0
10.0
3.33
2.0
1.33
11.67
-2.67
5.0
8.33
0.67
4.67
-1.67
1.0
8.67
1.33
-2.0
9.67
0.67
3.67
7.33
2.67
-5.33
-2.67
2.67
7.33
5.0
2.67
12.0
-2.67
9.67
9.67
6.0
2.33
-6.0
8.33
-1.67
7.67
-3.33
-3.0
6.67
13.33
6.33
11.0
6.0
2.33
3.33
3.33
1.67
1.33
-0.33
-0.67
8.33
4.33
8.33
-1.33
7.67
10.0
6.67
5.67
3.0
1.0
4.0
5.0
9.33
-0.67
17.0
4.33
2.67
6.0
5.0
4.0
6.67
1.67
-2.0
3.0
-1.0
4.67
1.67
1.67
5.33
-1.33
-6.0
-4.67
-0.33
2.0
2.33
-1.67
0.0
2.33
0.67
5.33
-1.67
-2.33
-1.33
5.0
1.33
2.33
9.33
3.67
0.67
-2.67
-2.33
0.67
-2.33
-9.0
13.33
6.0
18.67
-6.0
-0.67
-6.33
-5.33
5.0
9.0
5.33
-3.0
-4.33
0.33
6.0
-0.33
-4.33
6.33
0.0
5.33
-6.0
2.67
0.67
-2.0
1.33
3.0
5.67
-0.33
5.67
5.67
1.33
-5.67
-1.0
0.0
-2.67
-2.67
2.0
-4.0
0.0
-0.33
0.67
1.33
-0.33
6.67
-3.67
-0.67
6.0
1.0
-1.67
4.33
0.33
-3.67
3.33
-3.0
-2.0
6.0
5.0
-2.67
-4.0
1.0
2.33
-0.33
8.0
-4.67
4.0
1.67
-1.0
3.0
0.67
-3.0
-1.33
-2.33
0.67
-8.0
-6.67
-2.33
4.67
2.33
-1.33
3.33
0.0
4.0
6.0
3.67
-1.33
-4.67
-7.0
-0.33
4.33
0.0
1.33
3.0
5.33
0.0
3.0
4.67
-1.0
9.67
-1.33
2.0
2.67
-4.0
-4.0
1.33
5.33
1.0
-2.0
4.67
9.67
8.0
2.33
4.0
5.0
4.0
2.33
-2.67
-3.67
2.0
4.0
1.67
2.67
1.67
-4.0
-0.67
2.0
5.67
6.33
-2.67
6.67
3.67
2.0
-2.67
-3.33
0.33
10.67
1.33
6.67
6.0
7.67
0.0
-4.0
3.0
3.67
6.33
-5.67
-3.33
3.33
-3.33
0.33
1.67
3.0
1.33
-0.33
-2.0
-5.33
1.33
-0.33
4.0
-0.33
-5.67
-2.33
-4.33
1.67
6.67
-0.33
5.0
2.67
2.67
3.67
0.33
3.0
2.0
-4.33
3.33
-1.33
2.0
4.33
2.0
-1.33
-3.67
-0.33
6.67
0.67
2.67
-3.33
1.33
-4.33
3.67
2.33
-1.33
2.67
6.0
0.0
1.33
2.33
0.0
7.33
3.67
-4.33
-2.33
8.67
-3.67
-1.67
-6.0
-2.0
1.67
-1.33
-1.0
-7.33
1.67
2.67
2.67
-1.33
-0.33
6.33
1.67
1.67
6.0
5.0
3.67
1.33
-9.0
-2.33
-1.0
-2.33
-1.0
-6.33
1.67
-3.0
0.0
5.33
0.67
-1.0
6.33
0.0
-0.33
1.67
0.67
