0.0
64.33
62.67
29.33
6.33
49.0
72.67
-134.67
-20.0
-102.67
-42.67
-66.33
21.0
-63.33
-75.67
-83.33
-18.33
-37.67
-35.33
-26.33
3.0
9.33
22.0
14.67
-4.0
-3.67
-9.67
-7.0
9.0
-3.0
2.67
0.0
-1.0
-3.0
-1.67
0.33
0.67
0.0
0.0
1.0
-1.0
-1.0
2.0
0.67
0.0
1.33
-0.67
-0.33
-0.67
0.33
-0.67
-0.33
-0.33
0.33
-0.33
-0.33
-0.67
-0.33
-0.67
2.0
-0.33
-0.33
0.67
-0.33
-0.67
-0.33
1.0
-0.33
1.0
1.33
-0.33
-0.67
0.0
0.33
1.67
0.67
-0.33
-0.33
-0.67
-0.33
0.67
-1.0
1.67
0.67
-0.33
-0.67
0.0
1.0
-0.33
-0.33
0.67
-0.67
0.67
0.0
0.0
0.33
0.0
1.33
0.67
1.33
-0.33
0.33
-0.33
1.33
0.67
-1.33
-1.33
2.0
1.67
-0.67
3.33
0.0
5.33
-1.33
-0.67
5.0
-1.0
-1.0
-1.67
2.0
-0.33
1.33
3.0
3.0
-1.33
-4.0
2.33
-0.33
-5.0
-0.67
-1.67
1.0
-1.0
4.0
-2.33
-0.67
2.67
-4.0
2.0
-3.0
-0.33
-4.0
3.33
2.33
0.0
7.67
-0.33
-1.0
3.33
1.33
0.0
-2.0
6.0
1.67
-6.67
-4.33
-2.67
1.33
3.33
2.33
4.33
-5.33
2.0
1.0
0.33
1.33
-1.33
-3.67
5.67
2.33
4.0
10.0
-4.33
-0.67
-7.33
-5.67
-4.67
2.0
-5.67
4.0
-0.67
-3.67
1.0
3.33
-2.0
-4.0
0.33
-2.0
0.33
0.0
7.33
-4.0
3.0
-2.67
-1.0
-1.0
-3.0
-1.67
-0.33
2.0
5.67
11.33
-1.33
-1.33
0.33
-0.67
8.0
3.33
6.67
-5.0
-3.0
2.67
-5.33
-2.33
0.67
1.67
2.67
8.33
3.33
-2.33
3.33
2.67
-1.67
1.67
-3.0
4.0
-3.0
7.0
-4.0
-2.67
-1.67
-1.0
-1.67
6.67
3.0
2.0
-0.67
4.33
0.33
-4.33
4.0
3.33
2.0
2.33
4.0
4.67
1.67
4.67
-0.33
6.67
2.33
-5.67
2.0
-2.67
3.33
3.33
2.33
-6.0
-3.0
3.0
7.67
2.0
0.0
5.67
-0.67
1.67
13.33
-2.0
0.0
3.33
3.33
-2.0
1.33
6.33
0.67
-5.0
1.33
1.0
6.33
-4.0
1.33
-2.0
2.33
-0.33
3.0
-4.0
-3.0
-2.33
4.0
-9.33
1.67
-6.0
8.67
4.67
-1.67
6.67
-13.67
4.67
4.67
1.0
-2.33
5.0
4.0
3.33
7.33
4.33
-2.67
3.0
2.0
-2.33
8.33
9.67
8.67
6.0
0.0
0.67
4.33
5.67
-1.67
0.67
2.0
5.67
-4.33
6.33
4.67
-2.0
-1.67
1.0
-5.0
-1.0
2.33
2.67
3.33
4.0
6.33
-6.0
6.67
1.0
0.0
-3.33
-0.33
0.0
-1.67
3.67
0.67
0.67
5.33
-2.0
6.0
2.67
-0.33
-1.67
2.0
-1.33
6.33
1.0
-6.0
-2.0
5.0
-4.33
0.0
-6.33
-1.0
-1.0
2.33
3.0
0.67
-4.33
-4.67
2.0
-0.67
1.67
0.67
3.33
-2.0
1.33
2.67
8.0
6.33
-0.67
2.33
-3.33
-1.33
2.33
6.33
2.67
-6.67
2.33
-2.67
-1.33
0.0
0.67
-1.0
2.33
1.67
-2.33
-2.67
8.67
4.67
-2.67
-5.67
-0.33
3.0
-1.67
-0.33
-0.67
-3.33
2.0
0.33
5.0
2.33
1.33
-3.33
0.33
2.33
-1.0
0.67
2.0
1.33
4.33
2.33
-1.33
1.0
3.0
2.0
2.0
2.0
3.0
7.0
0.67
-7.33
0.67
2.33
-1.0
-0.67
-2.67
0.0
7.33
4.33
6.0
1.67
2.67
-2.33
-2.0
0.67
1.33
0.67
1.0
-0.67
-2.33
-1.67
-2.33
1.0
-1.0
0.33
2.33
-1.33
-0.33
-2.33
-1.67
0.67
0.67
1.33
2.33
3.67
3.0
5.67
-0.67
-2.0
2.33
1.33
6.0
0.33
-4.33
-1.67
4.0
-1.33
0.33
2.33
-1.0
7.33
2.0
0.67
7.0
-2.67
0.67
1.67
1.33
0.67
-1.0
1.33
2.67
-1.0
2.0
-0.33
2.67
4.0
-3.0
1.0
-2.67
-2.67
0.33
3.0
0.0
-4.33
-2.0
-1.0
-0.33
-2.0
3.0
1.33
1.33
-1.33
3.67
1.67
-4.67
2.33
6.67
-1.0
-5.33
0.33
-2.33
-1.67
-1.0
-0.67
-3.0
6.0
2.67
0.0
1.0
4.33
0.67
3.33
1.67
-1.67
-1.33
3.0
-4.67
-3.0
2.0
2.33
5.33
-2.33
-0.33
-3.0
0.67
2.0
-0.33
7.33
-1.67
-1.0
4.0
4.33
4.0
1.33
8.67
3.67
-0.33
1.0
6.0
-0.67
1.33
3.0
-3.33
-0.33
0.0
6.0
1.67
-2.67
4.33
-2.67
-2.33
-4.67
6.67
-3.67
-1.67
2.0
0.67
-0.33
-5.67
0.0
-4.0
2.67
5.0
0.33
1.67
0.33
-0.33
4.67
-1.67
4.0
-4.67
-2.33
-1.67
-0.67
1.0
-3.33
1.0
0.67
2.0
-0.33
-1.0
-0.33
-3.67
-5.33
0.0
-1.33
0.33
-1.67
-2.67
1.0
1.0
0.67
-2.0
-3.0
3.67
-4.33
4.33
-2.33
-2.0
4.0
1.67
-2.33
-1.33
1.0
1.67
-0.33
1.0
-3.0
-1.33
-3.67
-3.0
-3.0
-5.67
-2.67
-3.0
-2.67
-3.0
2.0
-1.33
-1.0
0.0
-3.67
-2.67
-3.33
0.67
-1.0
4.33
-2.33
-5.33
-0.67
1.67
-0.67
-5.33
-1.0
4.33
3.33
-0.67
-1.33
-3.33
0.0
0.67
0.0
1.33
-6.0
2.0
-6.0
-2.0
-3.33
7.67
-3.67
-5.0
-2.33
-6.33
-1.67
-9.67
-1.0
4.67
-2.33
1.0
0.67
-2.0
-5.0
-3.0
-6.0
-5.33
-4.0
-2.33
-2.33
-4.67
-3.67
-5.33
-8.0
1.0
-5.67
-8.0
2.0
-6.33
-4.0
-5.33
-4.33
-3.0
-5.33
-2.33
2.33
-2.0
-2.33
-8.67
-6.33
-3.67
-2.67
0.33
-6.0
-1.0
0.0
-5.67
-8.0
-4.0
-1.0
-3.67
-3.0
-1.0
4.67
0.67
-7.67
-4.33
3.0
-5.33
-0.67
-4.33
-5.0
-6.0
-8.33
-2.67
-8.0
-4.67
-7.33
-5.67
-13.0
-7.67
-5.67
-10.67
-0.67
0.67
-8.33
-4.67
-5.33
-4.33
0.0
-8.67
-2.0
-7.0
2.0
-0.33
-4.0
-0.33
-4.33
-4.33
-5.0
-2.0
-2.33
-5.67
-6.33
-7.67
-1.0
-11.33
-6.0
-6.0
-1.0
-8.33
-3.67
-6.0
-8.0
-3.33
-3.33
-11.0
-6.33
1.67
-2.67
-2.33
-4.33
-8.0
-4.33
-3.0
-6.67
-6.33
-3.33
-7.0
-3.0
-2.0
-3.33
6.0
4.67
-3.33
-7.33
4.33
2.0
6.33
12.67
4.33
7.33
7.0
12.0
22.67
10.67
10.33
16.0
29.33
25.0
19.33
33.0
41.67
35.67
32.33
29.0
33.33
28.67
16.0
24.33
35.33
19.33
6.67
18.33
11.0
7.33
4.33
0.0
-8.67
2.0
-4.33
-1.67
-7.67
-6.0
2.33
3.67
0.0
1.67
-5.0
-6.67
0.0
-4.0
-6.67
-6.33
1.33
-4.67
-8.0
-6.0
-6.67
-4.0
-10.33
-5.0
-14.0
-0.67
-2.67
-10.67
-0.33
5.33
-11.33
-3.33
1.33
1.0
-2.67
-10.67
-7.33
-5.67
-6.33
-13.0
-9.33
-5.67
-12.0
-12.67
-4.0
-5.67
-8.67
-19.33
-7.0
-4.33
-11.67
0.67
3.33
-3.0
-11.0
-8.0
-8.67
-12.67
-3.0
-4.0
-14.33
-5.0
-7.0
-6.0
-5.0
-4.33
-8.67
-13.0
-5.33
-8.33
-8.67
-8.33
-0.33
-7.0
-7.33
-8.33
0.67
-12.33
-4.33
-4.67
-2.33
-13.33
-18.33
-1.33
-11.33
-2.33
-2.67
0.33
-1.0
-4.33
-7.0
-11.67
-5.33
-5.33
-10.33
-11.0
-6.0
-3.67
-3.33
-8.33
4.0
-2.33
-12.67
-8.67
0.0
-17.33
2.0
-6.0
-10.67
-6.67
-7.33
-6.33
0.0
-15.67
-4.67
0.67
-13.0
-15.67
-7.33
-11.0
-10.67
-19.67
-2.33
-17.33
-10.0
-4.67
-8.0
-10.67
-2.67
-11.33
-14.67
-11.33
-4.0
-3.67
3.67
-20.0
-6.33
1.67
0.0
-15.67
-6.67
-5.33
-0.67
-9.0
-9.0
-4.0
-8.67
0.67
-6.33
-9.0
-10.0
-10.0
-11.67
-3.33
-11.0
-0.33
-0.67
-9.33
-9.33
-8.33
7.33
-14.0
-0.33
-5.67
-10.0
-5.33
-1.33
-8.33
-4.67
-0.33
-1.0
-7.0
-8.0
-7.33
-13.0
-5.0
-15.33
0.0
-7.33
1.0
-6.67
2.0
8.33
-14.67
-2.33
-0.67
-3.67
-8.33
-7.67
-6.67
1.33
-4.67
8.0
1.67
-4.33
2.67
6.0
3.33
3.67
-5.67
8.0
8.0
11.0
11.33
8.67
4.0
14.67
10.67
11.67
26.0
12.0
14.0
11.33
7.33
20.0
8.67
17.33
7.0
-6.67
10.0
1.0
2.67
3.67
4.67
-0.33
-4.67
15.67
-5.0
-2.0
-0.33
6.0
-11.67
-6.33
-5.0
-10.67
4.0
-4.67
-4.67
0.0
-6.67
-1.0
-10.33
-8.0
-8.33
-0.67
1.67
7.33
1.67
-2.33
-6.33
-5.67
0.0
4.33
-6.67
-5.67
2.67
4.67
3.33
-8.0
1.33
-1.0
-1.33
5.33
10.67
-4.67
-2.33
-3.0
2.33
-1.0
-5.67
5.33
2.33
-3.67
0.0
-3.0
-6.33
2.67
-0.33
-2.67
7.33
-7.67
-1.67
1.33
0.0
9.67
-3.33
-2.0
-1.33
2.67
-3.0
7.33
3.67
4.67
1.67
-2.0
4.33
7.0
-1.33
7.0
6.0
-0.67
-0.33
4.67
0.33
3.33
0.33
3.67
-11.67
-7.67
4.67
-7.67
6.0
-4.33
1.67
14.33
-1.33
3.67
10.67
-3.67
-5.0
4.0
4.33
-0.33
-3.0
4.33
-3.33
6.67
-4.0
3.33
2.33
-2.33
-2.67
12.0
11.0
-2.0
2.33
0.0
2.33
10.33
6.0
2.33
-0.67
3.33
3.33
4.67
-2.0
-3.67
2.67
-8.33
-1.0
3.67
2.0
2.67
8.33
7.0
9.0
0.67
13.0
1.67
-6.33
4.0
4.0
-0.33
7.33
8.67
-0.67
4.33
-0.33
1.33
12.67
10.0
9.33
0.0
3.33
4.33
-0.67
-3.0
9.67
7.67
5.67
1.0
1.33
4.67
-5.33
-1.67
6.33
6.67
2.33
-2.0
-5.67
2.67
5.0
-2.0
4.0
7.67
1.67
0.33
-2.33
2.67
1.0
-0.33
17.0
6.0
0.0
0.0
-1.33
-0.67
4.67
-3.0
-0.67
6.0
-5.33
8.0
-0.33
10.33
3.0
8.67
2.67
13.67
-2.33
9.33
-1.33
7.67
-3.67
1.33
4.67
-2.0
5.67
-12.0
6.33
7.33
5.0
8.33
-5.0
9.67
7.67
6.67
11.0
11.0
6.0
3.67
7.0
2.67
9.67
14.67
6.67
9.67
10.33
0.0
12.0
15.0
13.0
13.33
8.67
24.0
20.67
26.0
26.0
13.67
13.0
31.67
18.67
15.0
13.33
16.67
12.0
27.67
34.0
27.33
42.0
24.0
34.33
39.0
42.33
56.67
52.33
57.0
74.67
72.33
66.33
78.33
96.67
102.67
95.0
89.33
111.0
103.0
130.67
123.0
112.33
128.0
98.0
103.0
107.33
131.67
73.33
95.67
71.33
83.0
70.67
65.67
74.0
45.67
44.0
39.0
30.33
6.33
15.0
14.0
13.33
12.33
9.67
16.67
3.33
-2.0
5.67
-4.0
15.67
7.67
10.33
3.33
10.33
8.0
13.0
6.0
-9.0
9.33
12.33
-0.33
4.33
4.0
8.0
4.0
6.67
7.0
11.0
19.33
0.67
5.67
10.0
13.33
0.0
16.33
15.0
3.67
10.33
6.33
11.67
3.0
-0.33
-2.67
0.33
3.0
15.33
12.67
9.67
-1.0
-1.33
9.33
5.0
1.0
-5.33
14.67
9.0
11.67
5.0
6.67
1.67
14.67
6.33
-2.33
-2.67
7.33
1.0
1.67
6.33
7.0
0.33
6.33
0.67
13.67
5.33
16.0
11.33
2.0
0.67
0.0
6.67
11.0
5.0
11.0
6.67
6.0
8.33
-1.67
13.0
8.0
7.0
6.67
10.0
4.33
5.67
11.0
4.67
3.67
10.67
10.33
13.33
6.67
-3.67
3.67
4.33
0.67
22.0
13.67
9.67
2.33
4.0
-3.0
16.0
14.33
10.33
9.0
1.67
6.33
4.33
-3.0
15.33
-1.33
2.0
-3.67
11.0
-1.67
18.33
9.33
1.33
0.0
-8.33
4.0
-2.33
12.67
8.33
9.67
9.0
-2.33
-0.33
-4.0
6.33
-2.67
-1.67
0.0
3.67
-7.33
13.33
21.0
10.67
-4.67
6.0
8.67
2.67
19.67
9.33
3.0
-0.33
0.67
3.33
1.67
4.0
6.33
-3.33
9.67
2.67
2.67
11.0
16.0
10.0
23.0
17.0
24.67
26.67
14.0
18.0
18.33
33.33
33.0
20.0
27.0
41.67
33.33
27.67
25.33
30.67
20.0
31.67
41.67
27.33
26.33
26.67
35.0
22.67
24.0
17.67
13.0
32.33
39.33
25.67
31.67
17.0
15.67
23.33
12.0
7.33
17.0
14.33
13.0
14.67
9.0
7.0
-2.33
3.67
5.67
16.67
6.67
11.0
0.67
3.33
-4.33
21.67
19.0
14.67
0.0
-9.33
0.67
6.0
6.0
10.0
6.67
2.67
3.67
2.0
-2.67
5.67
5.0
6.67
0.33
3.0
2.33
16.0
-7.33
18.0
6.33
6.0
-10.67
3.67
-3.67
2.33
4.33
15.0
0.33
-10.0
9.67
7.67
14.33
5.33
5.0
6.67
-2.33
9.33
6.33
3.67
1.67
1.0
10.67
5.33
-3.67
5.0
12.0
-0.67
7.33
-5.67
6.67
9.33
5.0
2.67
6.33
4.67
9.0
5.67
2.67
14.0
2.67
-10.0
3.0
-7.0
-1.0
0.67
6.67
3.0
-0.67
-4.0
12.33
2.33
6.0
14.67
1.67
6.33
1.33
11.0
-1.67
-9.67
5.33
5.67
-2.0
9.33
0.33
2.67
6.33
2.67
6.0
-0.67
-11.33
5.0
2.33
5.67
3.33
-1.0
1.33
5.33
6.0
4.33
11.0
9.0
1.33
5.33
0.67
2.67
-1.0
-0.67
-7.33
7.33
8.0
5.33
12.0
3.67
22.0
-3.0
6.33
5.33
3.67
3.67
3.0
-3.67
-1.33
-13.33
-6.33
2.67
-9.0
-2.33
7.67
-6.33
1.0
-1.0
-7.33
5.33
-6.33
4.0
-8.67
3.33
-4.0
8.67
0.67
0.0
4.33
7.0
8.33
-2.0
-1.0
-3.33
3.67
2.33
3.33
-8.33
6.67
0.0
-3.67
1.0
5.0
-1.33
8.67
6.33
1.0
2.0
-1.0
1.0
4.0
3.33
7.0
5.33
-1.33
-4.67
-5.0
3.67
3.67
11.67
-4.33
14.33
10.67
-3.67
1.0
1.0
-1.0
4.0
5.0
1.67
3.67
2.33
-3.67
9.67
5.33
7.67
9.67
-3.67
0.33
4.0
2.67
-1.33
12.33
3.67
6.67
3.0
4.33
4.0
10.0
-0.67
6.67
1.33
17.67
12.33
-4.67
8.0
4.67
-1.33
1.33
4.67
9.0
2.67
5.33
2.33
0.67
4.0
-7.67
4.33
-5.0
-2.33
2.67
-2.33
1.33
-4.67
-6.0
-7.67
5.67
-4.0
4.0
-5.0
-2.0
5.67
2.0
-3.33
0.33
2.33
6.67
-9.0
7.0
0.0
-2.67
-1.0
0.67
-4.0
-0.33
-4.67
5.67
-4.33
-1.33
-2.67
3.33
2.33
-6.67
5.33
-8.0
1.67
-5.0
4.33
3.33
12.0
-2.0
16.67
1.67
3.33
-1.67
2.67
-2.67
2.0
6.67
-0.33
-1.33
-4.67
3.67
6.33
3.33
-2.0
2.0
-7.0
-2.33
0.33
-5.67
-3.0
1.67
-3.67
-3.33
0.67
2.0
-0.67
2.67
11.0
3.0
2.0
3.67
7.33
1.67
1.33
-2.67
-0.67
4.67
4.0
3.0
1.67
-1.0
-0.33
-4.0
-0.33
-1.67
-2.0
-3.33
3.33
8.67
4.67
-4.0
5.0
-5.33
10.33
-3.33
0.0
-2.0
1.33
1.33
12.33
-1.33
1.67
5.33
3.67
-6.67
7.67
-2.0
8.67
4.67
6.33
3.0
5.0
3.0
2.0
4.67
1.33
5.33
1.0
6.0
3.0
-1.33
7.67
2.0
2.33
13.0
2.0
1.67
0.67
0.0
0.67
-2.33
2.67
1.33
4.0
3.0
5.67
10.0
1.33
3.33
1.33
-1.33
-1.33
-3.67
1.0
9.0
5.33
-5.0
6.0
-2.0
-5.0
3.67
-0.33
6.67
14.67
5.0
-0.67
-3.33
6.33
0.0
-3.67
1.33
-5.0
-10.67
-3.67
1.33
-2.33
-6.33
-2.33
4.67
2.67
3.0
-2.0
-0.33
2.0
-0.33
8.33
-3.0
2.33
7.33
3.0
0.0
4.0
-1.67
3.33
-1.67
-3.0
1.0
-0.67
3.67
-1.0
5.0
-0.67
4.67
-2.0
-1.0
2.33
1.33
-2.33
3.67
1.67
-2.33
2.0
-3.0
0.0
-7.0
-1.67
-2.33
0.67
1.0
3.67
0.67
0.0
-1.33
3.33
10.67
1.67
2.33
-2.0
-4.67
9.33
-0.67
7.0
11.0
-1.0
-2.33
1.33
0.33
-5.67
1.0
5.33
2.0
5.67
2.0
-3.33
1.0
-2.0
0.0
1.0
5.67
0.33
0.33
-0.33
-2.33
-3.33
-4.67
-5.0
1.33
0.67
-1.33
0.33
3.0
-1.33
1.0
-0.33
0.0
-0.33
-2.0
-1.0
-3.33
1.0
-2.33
0.67
2.67
-0.67
-6.0
