0.0
37.33
-24.33
-61.67
34.33
102.0
56.67
-7.67
26.0
80.33
20.33
-37.33
52.0
35.67
22.33
-13.33
-35.33
-46.67
-33.33
-4.33
3.0
14.33
7.0
1.67
2.0
10.33
-3.67
-3.0
-10.0
-9.0
-7.33
1.0
1.0
2.0
-1.67
3.33
0.67
0.0
-2.0
0.0
-1.0
0.0
0.0
0.67
1.0
-0.67
1.33
-0.33
-0.67
-0.67
-0.67
0.67
0.67
-0.67
-0.33
-0.33
0.33
0.67
-0.67
0.0
0.67
-0.33
-0.33
0.67
1.33
0.67
0.0
0.67
0.0
0.33
-0.33
-0.67
1.0
-0.67
-0.33
1.67
0.67
-0.33
-0.67
-0.33
0.67
-1.0
-0.33
1.67
-0.33
-0.67
0.0
2.0
0.67
-0.33
-0.33
0.33
0.67
-1.0
0.0
0.33
-1.0
-1.67
0.67
-0.67
0.67
-0.67
-1.33
1.33
0.67
0.67
-0.33
0.0
0.67
-2.67
0.33
0.0
1.33
-1.33
1.33
0.0
1.0
-3.0
-0.67
1.0
3.67
3.33
-1.0
-1.0
-1.33
-2.0
2.33
-2.33
-1.0
-0.67
0.33
-1.0
2.0
1.0
3.67
0.33
4.67
3.0
6.0
-3.0
0.67
1.0
3.33
1.33
4.0
4.67
-0.33
-2.0
-1.67
0.33
0.0
1.0
5.0
-0.33
-2.67
-8.33
1.33
5.33
0.33
5.33
3.33
6.67
8.0
0.0
2.33
3.33
4.67
0.33
3.67
-0.67
-5.0
1.0
-1.33
9.33
-4.33
-3.67
0.33
3.0
-0.67
1.0
0.33
1.33
2.0
3.33
4.0
-4.0
1.33
-3.0
1.33
4.0
-1.67
-5.0
2.0
2.33
-3.0
1.0
1.0
3.33
1.67
-3.0
-2.33
10.33
2.67
-1.33
5.33
7.33
9.0
1.33
5.67
-1.0
1.0
2.67
-5.33
-4.33
0.67
-2.33
4.67
4.33
0.33
1.67
1.33
6.67
-0.67
1.67
-3.0
4.0
1.0
10.0
-6.0
5.33
3.33
5.0
5.33
5.67
6.0
5.0
-1.67
0.33
10.33
-2.33
-1.0
4.33
-1.0
0.33
1.0
4.67
-3.33
0.67
0.67
-0.33
4.33
-3.67
0.0
4.33
3.33
0.33
-4.67
-2.0
-2.0
1.0
0.67
2.0
-3.0
-2.33
-0.67
-1.33
13.33
-1.0
-5.0
-0.67
12.33
4.0
-0.67
0.33
-2.33
-3.0
0.33
-4.0
7.33
-3.0
-3.67
0.0
-0.67
-2.33
-4.0
1.0
-2.0
0.67
3.0
-1.33
7.67
10.0
0.67
5.67
5.33
9.67
-3.67
3.67
0.67
-1.0
3.67
4.0
3.0
3.33
-0.67
3.33
0.33
9.0
5.0
1.67
1.33
1.67
6.67
3.0
5.0
0.67
-0.67
1.67
1.33
0.67
-6.0
6.67
-0.33
3.33
3.67
-1.0
1.33
-1.0
1.0
5.0
7.33
-2.33
-2.67
0.0
-5.67
4.0
3.67
-2.0
-6.0
-2.33
2.67
6.0
1.33
-1.33
3.67
1.67
-3.67
2.0
-4.0
-3.33
1.67
-2.67
-2.0
-4.33
9.33
-4.0
-5.0
1.0
4.0
-3.33
1.0
-2.33
0.0
-1.0
-0.67
-1.0
1.67
1.67
-6.67
1.0
-0.67
4.67
1.67
-1.67
2.0
-4.67
5.67
8.0
4.33
-2.67
1.33
-3.33
4.67
4.33
7.33
-0.33
-0.67
2.33
4.33
-3.33
6.0
0.67
-4.0
0.33
4.67
-0.33
-2.67
1.67
-0.33
2.33
-2.67
2.67
3.0
-2.67
-0.33
3.33
2.67
4.0
-0.67
1.0
3.33
-0.67
4.67
0.33
1.33
-2.0
-0.33
0.0
2.33
4.33
-0.67
2.67
0.0
1.0
4.0
4.0
3.0
2.0
3.0
-0.33
2.67
-3.33
3.33
-2.0
2.33
1.33
-4.0
3.33
2.33
4.0
1.67
-3.33
-1.33
5.0
-0.33
-0.67
0.67
-5.0
-2.67
-3.33
-0.67
-5.33
2.0
3.0
2.33
-2.67
-5.33
-0.33
5.67
-4.67
2.67
0.67
1.33
0.33
5.67
1.0
3.67
-0.67
-3.0
-1.67
-1.67
-2.0
-4.67
-3.33
-4.67
3.0
-3.33
1.33
-2.67
1.0
3.33
-4.0
3.67
6.0
-1.67
-5.33
-0.33
1.33
4.67
1.0
-1.67
2.67
-6.0
2.0
0.67
-1.33
0.0
0.0
8.0
-5.67
3.33
-3.67
-3.0
1.0
0.67
-2.0
4.0
-0.33
-1.0
1.0
-5.67
3.33
-1.33
-1.33
0.67
-3.67
-5.67
-0.33
0.0
-4.33
-0.67
-2.33
0.33
-2.0
-1.67
-1.0
1.0
-1.33
0.0
-1.0
1.33
-2.33
-2.67
-0.33
-0.67
-1.33
-4.0
-0.67
-2.0
3.0
-1.67
-1.67
-4.33
0.67
-1.0
4.67
4.0
-0.33
-0.67
4.33
-1.0
-3.0
3.33
-2.0
4.33
2.67
-1.33
6.67
3.0
1.0
-0.67
0.33
2.0
-0.33
5.67
-2.0
-1.0
4.67
0.33
4.33
-2.67
1.67
2.33
2.67
0.33
-1.67
1.0
-1.33
-0.33
-0.67
1.0
-2.0
4.67
3.0
2.33
2.67
-2.67
-0.33
-2.33
1.33
-4.0
-1.67
-2.33
-1.67
3.33
-4.0
-3.33
2.0
-1.33
0.0
-2.33
1.0
2.67
-1.67
0.67
4.0
0.67
-2.67
-4.67
-1.67
0.0
3.0
6.67
-2.0
-1.0
-2.33
-3.33
-1.67
2.67
-2.0
2.0
-4.33
0.67
-1.33
-2.0
2.67
-4.33
2.0
-2.0
-1.33
0.33
-1.0
-2.0
-4.67
0.33
0.0
-2.67
-2.0
3.0
-2.33
-3.0
-2.0
-0.67
-0.67
-2.33
1.67
-1.0
6.33
1.67
-2.33
-5.67
4.67
-0.67
-3.33
3.0
-6.67
-0.67
-3.67
-3.33
1.67
1.0
-2.33
-4.0
4.33
-8.0
-2.0
-5.0
-5.0
-0.33
-1.33
-5.67
-7.0
-3.33
-1.33
3.33
-7.67
-3.0
0.67
-3.33
-3.0
-3.33
-1.0
-4.0
-3.0
-3.0
-2.33
-1.0
-3.33
2.67
-5.67
-5.67
-7.33
-3.0
-2.0
-6.67
-7.0
-3.0
-5.33
-4.0
-4.33
-3.33
0.0
-8.33
-3.33
-3.67
-4.0
0.67
2.33
-4.33
-1.67
4.33
-6.67
-11.0
-3.0
1.0
-2.67
-4.0
-3.0
-5.0
-4.67
-4.0
-2.0
-2.33
0.67
-5.67
1.67
-3.0
-2.33
-6.67
-3.33
-5.0
-6.0
-6.33
-1.67
-8.0
-7.67
-9.33
-10.67
-8.0
-5.67
-2.67
-5.67
-0.67
-3.33
0.67
-2.67
-9.33
-4.33
-7.0
2.33
-5.0
-5.0
6.0
-7.33
-8.0
-6.33
-7.33
-4.33
1.0
-2.0
-2.33
-8.67
-1.33
-4.67
-1.0
-7.33
-5.0
-4.0
-2.0
-10.33
-11.67
-5.0
-11.0
-6.33
2.67
-9.0
-9.33
-6.33
-5.67
-3.33
-6.33
-9.0
-3.33
2.0
-3.67
-5.33
-6.33
-2.0
-2.0
5.0
-8.33
1.0
-7.33
-8.33
1.67
-0.67
-3.0
2.33
3.67
-0.67
7.33
-4.0
3.0
9.67
7.67
15.33
11.0
7.33
16.0
3.33
14.0
23.67
9.67
10.33
16.0
18.33
26.67
15.0
-2.67
4.33
12.33
-2.33
4.33
12.0
5.33
-1.67
2.0
-6.67
0.0
-11.33
-3.67
-1.67
-7.0
-0.67
-3.33
-5.0
-10.33
-3.0
-6.67
-6.0
-6.0
1.33
-2.33
-4.67
-3.67
-6.0
-7.0
-11.67
-1.0
-2.33
-3.0
-6.0
-2.67
-11.67
-7.67
-8.33
0.33
-5.33
-7.33
-2.67
0.0
-8.67
-12.67
-7.33
-2.67
-8.33
-6.0
-8.33
-0.67
-4.0
-9.67
-6.0
-13.67
-8.67
-13.33
-2.0
-0.33
-10.67
-9.33
-8.67
-3.0
-5.0
-6.0
-16.67
-9.67
-2.0
-8.0
-11.33
-1.0
-6.0
-5.0
-10.0
5.67
3.33
-6.0
1.67
-2.33
-8.67
-17.33
3.67
-1.0
-17.33
-4.33
-0.33
-7.33
-15.33
-8.67
-6.33
-6.33
-4.33
-3.33
-3.33
-0.33
-7.67
-9.67
-1.0
-3.33
-8.0
-7.67
-9.33
-4.33
-7.33
-5.0
-9.0
-2.67
-0.33
-9.33
-5.0
-6.33
-13.67
-4.67
5.0
-4.33
-1.0
-5.0
-2.67
-10.67
-9.33
-8.33
-3.0
-5.67
-0.67
-3.33
-14.0
-8.67
-4.33
-13.0
-10.67
-7.67
-3.33
-12.33
-5.0
4.33
-11.0
-5.67
1.33
-15.33
-2.67
-5.33
-5.0
-4.67
-9.33
-5.0
-14.33
-8.33
-11.0
-14.67
-5.67
-5.33
-0.67
2.0
-6.0
-4.0
-9.67
-8.33
-15.33
-7.0
-6.0
-5.0
-2.67
-9.33
-14.0
-5.33
-4.67
-6.33
-2.33
-15.33
-2.67
4.0
-6.33
-9.67
-9.0
-6.33
-1.33
-2.33
0.33
-6.33
-6.0
1.0
-10.0
-7.33
-12.0
-1.0
-21.33
6.0
-10.33
-6.0
-6.67
-6.0
4.33
-12.67
-6.33
-4.67
1.33
-1.33
-1.67
-3.67
-13.67
1.33
-1.0
0.67
4.67
1.67
9.0
14.33
5.67
15.33
17.0
19.0
10.0
28.33
19.67
12.0
5.67
20.67
36.67
11.0
24.0
28.0
18.33
18.33
21.0
12.67
24.33
10.0
18.33
12.0
3.0
8.67
-3.33
5.67
7.67
3.33
6.67
4.0
3.0
-0.33
-4.0
-7.67
-0.33
-5.0
-5.67
-10.0
-8.67
-5.67
-8.0
-0.67
-1.0
-0.33
6.0
-3.33
11.33
-5.33
7.33
6.67
-1.33
-6.33
0.33
-2.0
-7.67
6.33
2.33
2.67
0.67
-1.67
-4.0
-4.67
8.0
1.67
0.33
1.67
-0.67
10.67
0.0
-3.67
-3.0
-5.67
-6.67
5.33
2.33
-4.0
5.0
-0.33
4.67
2.67
-6.67
-3.67
-3.67
-4.67
-1.67
-2.0
1.67
5.67
-4.0
-1.33
-5.33
-4.0
-5.67
5.67
3.67
-6.33
-4.0
1.33
8.0
3.67
-1.0
7.0
0.33
9.67
-0.33
-3.67
3.33
-0.67
12.67
1.33
2.33
4.67
10.33
-5.0
5.67
5.67
5.33
0.67
8.67
3.67
5.33
-3.0
8.0
-8.67
-2.33
-2.0
4.33
2.67
14.67
-2.0
4.33
14.33
8.67
-2.67
7.0
9.0
0.0
3.33
-3.0
-0.67
4.33
-2.0
1.33
1.33
1.33
4.33
2.67
1.0
2.33
10.67
-4.33
8.0
0.67
-5.0
10.67
10.33
5.0
16.0
-5.33
8.0
1.67
15.67
7.0
-5.0
-3.33
-9.67
1.67
11.33
6.33
5.67
-1.67
7.67
8.0
8.33
0.0
1.33
-0.67
-4.67
1.0
0.67
6.67
2.67
7.0
-3.67
-5.33
5.67
10.33
-7.67
6.67
-7.67
7.0
4.33
7.67
-5.0
3.0
0.0
11.67
-6.33
5.33
5.67
8.67
2.0
-0.33
23.0
-2.0
3.0
5.0
1.67
2.33
7.67
0.0
9.33
10.0
-2.33
2.0
6.67
18.33
9.0
10.67
10.67
2.67
1.67
13.33
-0.33
8.67
-7.67
9.33
-4.33
0.0
-0.33
-4.0
4.33
5.33
1.0
-3.67
6.0
3.67
4.67
2.67
7.0
3.0
7.0
0.67
5.0
2.67
12.67
9.67
0.67
-1.33
11.33
1.0
10.0
3.0
7.0
5.33
21.67
16.0
12.67
13.0
20.0
9.67
8.0
13.67
19.67
20.0
17.33
32.67
11.0
21.67
27.0
17.33
33.0
45.0
44.33
59.0
66.33
64.67
75.33
74.0
94.67
112.33
107.33
115.33
135.67
135.67
174.0
146.33
179.0
157.0
154.67
167.0
170.33
159.0
165.0
149.0
155.33
144.67
125.33
123.67
93.33
108.0
99.67
84.67
79.0
62.67
67.0
58.0
50.33
20.33
30.0
21.0
20.33
4.33
26.67
14.67
-3.67
9.0
4.67
3.0
6.67
-1.33
-3.67
6.33
22.33
8.0
14.0
14.0
7.0
11.33
8.33
3.67
4.33
0.0
-5.0
12.0
6.67
3.0
6.0
8.33
1.67
4.67
-5.0
4.33
4.0
1.33
7.0
12.67
15.33
7.33
2.67
-3.0
12.67
7.33
6.33
7.0
0.33
-1.33
12.67
4.0
3.67
5.33
18.0
0.0
-8.33
9.67
10.0
11.67
15.0
6.67
9.67
5.67
15.33
10.67
0.33
12.33
5.0
10.67
8.33
3.0
-4.67
-2.67
5.67
7.67
8.33
4.0
8.33
8.0
0.67
7.0
3.67
18.0
16.0
1.0
17.67
17.0
7.33
14.33
5.0
7.0
-1.0
2.67
12.0
5.33
8.67
7.0
7.67
-5.33
7.67
8.33
13.33
7.67
2.33
-3.33
8.33
3.67
9.0
5.67
5.67
-0.67
19.0
7.0
3.0
-0.67
6.33
2.0
11.67
5.33
6.33
-2.0
8.33
4.67
-7.0
0.33
5.0
4.33
7.33
11.33
9.33
8.0
-2.33
-7.0
0.67
-4.33
-1.67
0.67
3.0
7.67
3.67
6.0
3.33
-3.67
2.33
5.0
4.67
-1.33
4.33
22.0
4.67
4.33
5.0
8.67
4.67
10.67
3.33
7.0
10.67
7.67
-6.67
10.67
7.0
11.33
8.67
13.67
6.67
5.67
17.0
16.0
-1.0
14.0
19.0
6.67
19.67
7.0
18.0
17.33
31.33
19.0
-1.0
15.0
13.67
20.33
9.67
27.33
19.67
20.0
17.67
24.67
22.33
12.33
7.67
7.0
14.67
6.0
17.67
5.0
13.33
28.33
3.67
5.67
22.0
8.67
19.33
10.0
8.33
6.0
1.33
-3.0
10.67
-3.0
5.0
-4.33
10.67
1.67
7.67
18.67
21.0
-1.33
9.33
5.67
12.67
2.0
9.67
16.0
-5.33
3.67
-3.0
10.0
13.0
3.67
12.67
-0.33
-1.0
7.33
12.67
2.0
11.67
-4.67
2.0
1.33
10.0
-5.33
8.0
-4.67
1.0
-0.67
6.67
20.33
10.33
13.33
-8.0
10.33
3.0
-1.33
17.67
3.33
-3.67
6.0
-4.33
6.67
8.33
13.33
10.67
9.67
20.0
4.67
13.33
4.33
10.0
10.0
3.33
9.33
10.33
4.67
2.33
6.0
12.67
-1.67
11.67
11.0
7.67
9.67
20.0
-3.33
1.0
5.0
-1.0
0.0
13.67
9.67
8.0
-10.67
10.0
15.33
9.33
1.0
-12.33
-1.33
11.33
7.33
-6.0
2.33
-6.67
5.33
10.67
4.0
8.33
-3.67
2.67
-4.67
13.67
12.0
5.33
-8.33
1.0
-0.67
12.67
-3.67
-11.0
7.33
1.33
12.0
4.33
9.0
6.0
-8.67
5.33
-3.33
1.67
8.0
5.33
-7.33
0.33
-2.0
5.33
10.0
-1.33
8.0
-3.0
0.33
12.33
3.67
5.67
-8.0
-1.67
-2.33
3.67
6.67
4.67
9.0
-9.33
3.67
-1.33
-9.0
7.0
2.67
-4.67
-3.33
2.0
4.33
-6.67
2.0
8.67
1.67
6.0
8.33
6.0
7.33
1.0
13.0
-2.33
-0.33
-0.67
9.33
-3.33
-1.33
-1.0
6.33
9.0
5.0
16.67
2.67
3.33
3.0
6.0
3.0
16.0
14.0
-4.67
4.0
2.33
8.67
0.33
2.0
5.67
-1.33
-0.33
-3.33
6.33
10.67
-6.67
4.0
6.0
6.0
2.0
4.0
5.67
3.67
-3.67
-8.67
3.67
4.33
10.67
19.67
12.33
2.33
4.0
10.67
4.67
1.33
12.67
14.67
-6.0
-0.67
9.0
6.0
5.33
2.67
8.33
1.67
6.33
-6.67
-1.0
12.67
-11.33
-5.67
-6.33
-2.0
-3.33
1.33
-5.67
-3.33
6.0
1.33
1.33
3.0
-10.33
-0.33
-5.33
6.33
6.33
1.0
0.33
5.67
1.0
3.0
-1.0
-3.0
-5.33
-5.0
-3.33
16.33
-7.67
-0.33
1.0
6.0
0.0
-0.67
5.0
-1.33
-2.0
1.67
-1.67
15.67
4.67
-3.33
1.33
0.33
2.33
1.33
-1.67
-1.0
-2.33
3.0
5.33
-4.67
1.0
-2.0
3.67
4.67
1.33
-1.67
3.67
3.33
10.0
-5.33
3.67
2.67
3.33
5.67
8.33
1.33
-8.0
2.0
-5.0
-8.33
11.33
-4.67
2.0
0.67
1.33
1.67
13.67
6.0
-10.67
-5.33
4.0
1.0
7.0
-1.33
1.33
0.67
8.33
2.33
-5.67
9.67
3.0
6.0
1.67
2.0
1.67
-5.0
-0.33
-2.67
-2.0
0.67
8.33
-2.33
2.67
0.0
9.0
-4.33
4.33
1.67
-5.0
-5.0
1.33
5.33
0.33
2.67
3.67
4.33
4.67
7.33
1.67
-1.0
4.67
3.67
0.33
0.0
-1.0
2.0
4.0
0.67
0.33
2.33
3.0
3.0
3.0
13.67
9.67
3.0
5.33
1.0
8.0
14.67
4.67
0.0
-1.33
-2.33
5.67
4.33
-2.0
3.0
7.67
8.0
-3.67
6.33
2.33
1.67
-3.33
-1.67
8.0
11.0
-4.67
-2.0
3.0
2.0
0.0
8.67
7.67
6.67
6.67
7.0
1.33
0.67
0.33
10.0
-3.67
1.33
-2.0
0.33
-1.67
-0.67
5.67
0.67
0.67
3.67
4.67
3.0
9.0
0.67
0.0
1.67
0.33
0.0
-0.67
2.33
6.0
3.0
3.0
4.33
-0.67
6.33
3.0
4.0
-4.67
5.67
4.0
7.0
-5.67
5.67
-1.0
3.0
3.33
-1.67
1.67
3.67
3.67
0.67
0.0
1.0
3.0
-1.0
-1.67
0.67
3.67
-7.0
-0.33
1.67
2.0
3.67
1.33
1.67
-3.33
9.33
-1.0
6.33
2.33
-4.67
-3.0
2.0
2.0
-6.33
-3.67
4.33
-4.67
-3.0
2.33
-1.0
1.67
4.0
-3.33
-4.0
4.0
-5.0
6.0
3.67
-6.67
-1.67
-1.33
4.67
-0.33
-5.67
-10.0
0.33
3.67
-2.33
2.33
-1.0
5.67
-3.0
-1.33
-6.0
0.67
-5.0
-6.0
0.67
-1.0
0.67
4.67
-1.33
-0.67
3.0
