0.0
-9.67
-28.33
-118.67
-15.67
-8.0
70.67
-97.67
-39.0
22.33
-47.67
-28.33
-12.0
-33.33
-58.67
-15.33
-63.33
-16.67
-67.33
-36.33
9.0
42.33
1.0
-0.33
1.0
-16.67
0.33
0.0
7.0
4.0
2.67
7.0
2.0
0.0
-2.67
-1.67
-2.33
-1.0
2.0
1.0
-2.0
-1.0
1.0
0.67
0.0
-0.67
-0.67
-0.33
-0.67
-0.67
0.33
-0.33
-0.33
0.33
-0.33
0.67
-0.67
-0.33
1.33
0.0
0.67
0.67
-0.33
1.67
-0.67
0.67
1.0
-0.33
1.0
-0.67
-0.33
0.33
0.0
-0.67
0.67
-0.33
-0.33
0.67
-0.67
-1.33
-0.33
-1.0
0.67
-0.33
-0.33
-1.67
0.0
1.0
-0.33
0.67
0.67
-0.67
-0.33
0.0
1.0
0.33
0.0
-0.67
0.67
0.33
-1.33
0.33
-0.33
0.33
-0.33
1.67
-0.33
1.0
-0.33
-0.67
-0.67
-3.0
-0.67
-0.33
-0.67
1.0
-3.0
-2.0
-0.67
4.0
0.67
1.33
9.0
0.0
5.67
1.0
0.33
-1.33
-1.0
-1.67
-5.67
2.0
3.0
-2.0
5.67
1.33
-0.33
3.0
1.0
-1.0
-0.33
-3.0
-3.67
5.33
-5.0
3.67
-2.33
0.0
2.33
-2.67
-1.0
3.0
6.0
-0.33
-0.67
-1.33
1.33
0.33
4.33
-1.67
1.33
6.67
7.0
5.0
-1.67
0.33
1.67
-2.67
0.67
-4.67
0.0
1.0
0.67
0.33
-1.33
-5.67
4.33
7.0
-0.67
1.0
2.33
6.33
-3.0
1.33
3.0
-4.0
4.33
0.0
-3.67
4.0
-2.67
-2.0
2.0
-1.67
3.0
0.0
0.0
2.33
-0.33
-7.0
-2.33
3.33
4.67
-0.33
5.33
6.33
-1.0
0.33
1.67
4.0
0.0
1.67
-2.33
0.67
3.67
-5.33
-4.33
1.33
0.33
4.67
0.33
4.67
-6.67
1.67
-7.0
1.0
-7.0
6.0
-1.0
6.33
2.33
-1.0
4.33
-1.33
6.0
0.0
2.33
4.33
-2.67
3.67
5.0
1.33
1.0
1.33
2.0
5.67
2.67
4.67
4.67
3.67
2.33
-3.67
0.0
-0.67
7.33
-2.67
1.33
-2.0
-4.0
9.0
3.67
8.0
4.0
1.67
4.33
3.67
0.33
2.0
2.0
2.33
6.33
1.0
-0.67
6.33
-0.33
-2.0
-0.67
-2.0
1.33
0.0
-3.67
-2.0
3.33
3.67
1.0
-8.0
-2.0
1.67
3.0
-0.33
5.67
1.0
4.67
4.67
1.33
1.67
-7.67
-3.33
5.67
-2.0
-2.33
-2.0
0.0
10.33
3.33
-0.67
-2.67
-2.0
-3.0
4.67
0.33
3.67
6.67
1.0
-1.0
-2.33
0.33
4.67
1.33
4.67
0.0
-1.33
-0.33
-0.67
4.67
-4.0
-1.67
-5.0
0.0
2.0
4.33
-2.33
2.33
3.0
-4.67
3.0
-0.33
4.0
-2.0
-0.33
-3.33
3.0
-0.67
4.67
4.67
-3.33
-2.67
-3.0
-1.0
-0.33
-1.33
-6.67
2.0
-3.33
2.33
1.0
-1.0
1.0
0.0
8.67
0.0
-0.33
4.0
0.0
-0.67
8.0
-1.33
2.67
-4.67
3.0
4.33
-0.33
3.67
-0.67
-3.0
0.33
-0.33
-4.0
6.33
-1.67
-2.67
3.67
-0.33
1.33
4.33
-2.33
-2.67
3.33
-0.67
-4.33
-1.0
-5.33
-1.0
5.33
2.67
-0.33
-2.67
-1.33
-3.33
0.33
-3.67
-4.33
1.0
3.33
-1.33
3.33
-1.33
0.0
-3.67
1.0
0.33
-1.67
2.67
3.33
2.33
-1.0
-2.33
4.0
-0.67
6.33
-1.67
-2.33
4.0
3.0
-6.0
1.0
7.0
-1.0
-1.0
-3.33
-1.33
-5.33
7.33
8.0
-3.67
3.33
0.0
-2.67
6.33
4.0
3.67
0.67
2.67
0.0
-1.33
-2.67
-0.33
1.0
-1.67
0.67
5.33
0.67
-3.0
3.0
3.33
-0.67
-4.33
0.67
0.67
0.33
-2.33
-2.33
-0.67
0.33
2.67
6.0
-3.33
1.33
6.0
-5.67
-1.67
2.0
-1.67
4.67
-1.67
2.0
0.67
1.33
-4.67
-2.0
2.33
3.0
-4.33
2.0
-1.67
-3.33
4.67
4.33
-0.33
-4.0
1.33
-0.33
0.0
4.0
-2.33
8.67
-1.0
-5.0
4.0
-4.67
-1.67
0.33
-1.0
-5.0
-2.33
-1.0
2.0
-0.33
-1.0
-3.0
-1.67
-2.67
-2.33
1.67
-0.33
-0.67
0.33
-5.33
-1.0
-4.33
4.33
-1.33
-1.67
0.0
2.33
-4.0
3.0
3.67
4.0
0.0
2.33
-2.33
1.33
3.67
1.33
-2.33
3.0
0.33
1.0
-1.0
3.33
-1.67
0.67
1.67
-4.0
0.67
1.0
-2.33
2.33
1.33
-1.0
0.0
0.33
0.0
6.33
0.67
-3.33
2.67
-1.0
3.0
0.33
1.33
1.0
-2.33
-1.33
-4.0
4.0
-0.33
-0.67
0.33
1.33
0.67
-0.67
4.67
2.33
-1.67
1.0
0.67
-0.33
-0.67
-4.0
-2.0
1.67
-2.0
-0.67
-0.33
-2.67
-1.33
0.67
-1.67
2.0
-3.67
-2.33
-1.67
1.33
-3.0
-3.33
-2.0
-2.33
3.0
1.67
-2.0
-1.33
-3.67
2.67
-1.0
-1.33
5.33
-1.67
-2.67
-3.0
1.0
-1.33
-2.0
0.0
-1.33
2.67
-1.67
-3.33
3.0
-5.0
-3.33
1.67
-0.33
-1.0
1.67
-3.33
0.0
-3.0
0.67
0.33
-3.0
-4.0
0.33
3.33
2.0
0.33
0.0
0.0
-2.33
0.0
0.0
-1.67
-0.67
-0.33
4.67
-1.0
3.33
-3.33
0.67
-3.67
-1.33
1.33
-4.33
0.0
4.33
0.33
-1.67
-3.33
-0.33
1.0
1.67
-5.0
-2.67
-8.0
1.0
-4.0
-2.0
-2.33
2.67
-1.67
-11.0
-3.33
2.67
2.33
-7.67
-3.0
-0.33
-0.33
-1.0
-7.33
0.0
-1.0
-2.0
-3.0
-3.33
-3.0
-0.33
0.67
-2.67
0.33
-6.33
0.0
-4.0
-5.67
-4.0
-2.0
-3.33
-4.0
-5.33
-4.33
-5.0
-10.33
-6.33
-4.67
-9.0
-0.33
-6.67
-3.33
2.33
-6.67
-6.67
-10.0
-3.0
-2.0
-6.67
-10.0
3.0
-3.0
-2.67
-2.0
1.0
-9.33
-4.33
-5.67
-2.33
-1.0
-6.33
-3.67
0.67
-7.0
-5.0
-8.33
-8.67
-10.0
-3.67
-6.33
-5.67
-7.0
-3.67
-7.67
-8.67
3.33
1.67
-8.33
-1.67
-6.33
6.67
-10.0
-3.67
0.0
-9.0
4.0
-4.33
-7.0
-5.33
-2.33
-1.33
-6.0
2.0
-7.33
0.33
3.67
-0.67
-2.0
-12.33
-9.0
-5.0
-1.0
-11.33
-7.67
-7.0
-5.0
-4.33
-2.33
-9.0
-9.33
-2.33
-3.67
-7.33
-4.33
-9.0
-7.33
-2.0
-3.67
-7.33
-0.33
-6.0
-1.0
2.0
-3.33
4.0
-4.33
-4.33
-6.33
-8.67
-7.0
3.33
-3.33
2.33
-5.67
-10.0
-4.0
1.67
-6.33
0.33
-8.0
-11.67
1.0
-5.67
-5.0
2.67
-1.33
-0.67
1.0
-1.67
1.67
-9.0
4.33
-6.67
-12.67
-12.33
-3.67
3.0
-3.67
-0.67
-8.0
-10.67
-3.0
-1.33
-2.67
-2.67
-11.0
-2.67
2.67
-5.0
-11.33
-8.0
-6.67
-6.0
-7.0
3.33
-9.33
-4.67
-14.67
-11.0
-7.0
-4.67
-5.0
-0.33
-7.0
-3.0
-9.67
-5.67
-3.67
-7.33
8.33
-7.33
-13.33
-2.67
-4.0
-7.67
-12.67
-6.33
3.33
-10.33
-13.0
-10.33
-1.67
-8.0
-4.67
-11.0
-13.67
-8.67
-13.33
-3.0
-5.33
-9.67
-9.33
-3.67
-8.0
-12.0
-5.0
-10.67
-10.67
2.0
-12.0
-3.33
-4.0
4.0
-4.0
-5.0
-8.33
-4.67
-5.0
-10.33
-4.33
-7.67
-10.33
-0.33
0.0
-12.33
-10.33
2.67
-4.33
-6.33
-7.67
-5.33
-10.33
-4.33
-7.33
-11.33
-3.33
-15.67
0.33
-2.0
-13.33
-10.0
-6.67
-2.33
-2.33
0.67
-7.0
-9.0
-1.67
-7.33
-8.33
-10.0
-3.33
-10.67
1.33
-1.0
-14.33
3.0
-2.0
-6.67
-4.67
-0.33
-7.33
-2.0
-5.67
-6.67
-4.33
-8.0
-9.67
-3.33
-13.0
-16.67
-8.67
-7.33
-8.33
-7.0
-6.67
-6.0
-12.67
-10.67
-1.33
-7.67
-12.33
-3.0
-7.67
-6.33
-12.0
-7.33
0.67
-8.0
-16.67
-7.67
-7.33
-0.67
-5.0
-2.0
-4.0
-6.67
-7.33
-12.33
-9.0
-5.0
-6.0
-7.67
-4.33
-7.0
-1.33
-3.67
-6.33
-13.33
-5.33
0.33
-11.0
-5.33
-1.67
-8.0
-13.33
-4.33
-4.33
-2.67
-11.33
-5.0
4.0
-11.0
-6.33
-7.0
6.0
-19.33
6.0
-7.33
-7.0
-3.67
-5.0
0.33
-13.67
-4.33
-5.67
0.33
-10.33
-6.67
0.33
-6.67
-4.67
-1.0
-7.33
1.67
0.67
12.0
23.33
15.67
7.33
21.0
8.0
14.0
21.33
24.67
24.0
26.67
11.67
39.67
47.0
16.0
24.0
27.33
13.33
31.0
22.67
25.33
14.0
25.33
16.0
5.0
6.67
6.67
8.67
13.67
-1.67
2.67
-1.0
7.0
-0.33
3.0
-13.67
-5.33
-2.0
-4.67
3.0
1.33
-8.67
-4.0
-1.67
-3.0
-4.33
1.0
-2.33
-9.67
-1.33
1.33
1.67
-2.33
-2.33
4.33
-1.0
-5.67
-0.67
6.33
2.67
-4.33
-6.67
2.0
0.33
-2.0
-8.33
-5.67
2.67
-1.67
6.67
6.0
-3.67
-3.0
2.33
8.33
4.33
-6.67
14.0
-1.0
-4.33
-2.33
15.67
-1.67
-1.67
0.33
-4.67
2.33
-5.0
1.67
-0.33
-7.0
-2.33
-4.33
-1.0
5.33
0.67
2.67
6.67
-10.0
3.33
3.0
-4.33
-1.0
3.0
6.33
5.67
-3.33
-4.67
-0.67
-4.67
2.67
-0.67
-0.67
7.67
-2.67
0.0
1.67
4.67
12.33
-4.33
-3.33
6.67
-7.67
-5.0
5.0
0.33
-4.33
-3.0
9.33
10.67
11.67
-6.0
6.33
8.33
4.67
-2.67
7.0
6.0
-2.0
3.33
-12.0
0.33
-6.67
3.0
5.33
1.33
0.33
1.33
10.67
-1.0
6.33
9.67
-7.33
4.0
5.67
-2.0
-0.33
7.33
1.0
-10.0
-5.33
17.0
-0.33
2.67
1.0
6.0
3.67
-6.67
1.67
0.33
12.33
-3.33
5.33
3.67
2.0
3.33
0.0
3.33
8.33
4.33
1.0
-0.33
6.67
-0.33
11.0
-4.67
3.67
0.67
13.33
-2.67
-4.33
0.33
1.0
6.33
1.67
7.0
1.0
3.0
4.67
-1.33
-0.67
-3.33
10.67
3.0
3.67
8.0
1.0
7.0
5.0
2.67
1.33
5.67
0.0
0.33
5.0
-3.33
4.0
6.67
-3.67
12.0
9.67
-1.33
1.67
5.67
11.33
0.67
5.67
-8.67
3.33
1.67
1.0
-6.33
-9.0
7.33
4.33
8.0
8.33
0.0
1.67
17.67
-10.33
9.0
0.0
4.0
1.67
13.0
-0.33
12.67
20.67
12.67
2.67
6.33
17.0
6.0
8.0
10.0
6.33
10.67
13.0
3.67
6.0
24.0
-3.33
2.0
17.67
17.67
19.0
27.33
32.67
34.0
36.67
51.0
50.33
50.0
50.0
52.33
70.0
88.33
116.67
129.33
114.0
170.67
187.33
169.33
165.33
217.67
216.67
238.0
274.33
248.0
264.0
266.67
275.0
289.33
273.0
277.0
251.0
251.33
216.67
216.33
225.67
192.33
176.0
180.67
132.67
126.0
125.67
89.0
86.0
59.33
51.33
33.0
35.0
19.33
28.33
22.67
21.67
19.33
15.0
6.67
18.0
4.67
11.67
3.33
8.33
9.33
21.0
13.0
11.0
3.0
2.33
16.33
6.67
14.33
2.0
3.0
6.0
2.67
1.0
1.0
4.33
-12.33
6.67
6.0
19.33
1.0
19.33
-1.0
4.67
14.33
0.33
4.67
8.0
14.67
3.33
-2.67
9.0
7.33
-9.33
19.67
1.0
6.67
6.33
3.0
9.0
5.67
3.67
4.0
-3.33
5.0
-4.33
-0.33
1.67
-0.67
3.67
-4.67
17.33
8.0
11.67
4.33
9.0
0.33
2.33
0.67
12.67
-7.67
13.0
-0.67
3.0
10.67
4.0
4.67
15.0
5.0
12.0
1.67
3.0
1.33
-7.67
12.0
3.0
-6.0
3.67
6.0
1.33
7.67
12.0
-4.33
2.67
8.67
5.33
-0.67
1.67
-1.67
6.67
-1.67
-1.33
14.0
13.67
13.67
12.33
2.0
3.0
12.0
-6.67
11.33
11.0
7.67
7.33
5.33
3.0
4.33
-7.33
14.0
5.33
2.0
4.33
9.33
1.33
6.33
23.0
1.67
7.0
3.67
-6.33
2.33
-3.33
8.0
5.67
1.67
10.0
-3.67
11.33
-4.67
5.0
-1.33
4.67
7.33
10.0
-2.33
2.33
2.0
11.67
3.67
0.67
4.33
3.0
-5.33
6.67
5.33
4.67
1.0
3.33
9.67
0.67
-2.33
-5.33
7.0
2.0
2.0
-1.0
8.0
-3.33
7.67
15.0
14.0
5.33
0.33
-2.0
11.0
9.0
4.67
-3.67
7.67
5.33
7.67
6.0
7.67
10.67
7.33
-1.67
0.67
-1.0
-0.33
7.0
11.67
5.0
-0.67
19.33
5.67
5.67
11.0
2.67
8.33
14.0
-0.67
13.0
-0.67
4.0
8.67
-4.0
8.0
-2.33
8.67
-5.33
7.67
12.67
2.0
-0.33
3.33
7.67
4.67
-2.0
2.67
-3.0
6.67
-1.33
17.0
11.0
11.0
13.67
2.67
3.67
5.0
-0.67
9.67
1.0
3.67
7.33
18.0
1.33
13.0
0.67
9.0
-7.67
1.0
15.33
5.67
19.33
8.33
7.33
5.0
9.33
10.0
-0.33
21.67
4.33
12.33
13.0
8.67
-7.33
16.33
16.33
12.67
4.67
9.0
4.67
-4.67
11.33
15.0
9.0
14.33
13.33
8.33
17.67
15.33
7.0
12.67
3.33
7.67
8.0
8.67
0.67
-2.0
13.67
-1.0
3.0
1.0
6.0
-9.33
6.67
3.0
-0.67
1.0
10.33
-1.67
-2.0
1.67
1.67
14.33
-2.67
6.0
5.33
4.33
-1.67
-1.33
0.0
6.33
13.33
8.67
8.33
-0.33
0.0
-11.67
1.67
11.0
13.33
11.67
-7.67
-3.0
4.33
-2.67
1.0
8.33
4.0
-2.0
11.33
15.33
2.67
5.67
7.0
1.33
-2.33
-0.67
-2.0
3.33
11.0
-0.33
12.0
-5.0
-1.67
3.33
12.67
4.67
-2.0
-3.67
-0.33
-9.33
-4.33
4.67
4.0
-4.33
1.67
-0.33
-10.0
-1.0
10.67
2.33
-1.33
3.0
-2.67
-6.67
-7.0
8.67
1.67
2.0
4.33
4.0
8.33
5.0
-2.0
3.67
-7.33
-1.67
1.33
-7.33
7.67
-4.0
1.33
9.0
5.0
-2.33
3.67
7.33
6.0
-2.0
0.0
8.0
-2.0
-5.67
4.0
8.33
-0.33
5.33
5.0
-1.33
16.67
3.67
-7.33
12.33
20.67
-2.67
5.0
10.0
4.0
8.0
3.0
9.67
9.67
5.33
11.33
9.67
3.33
4.67
15.67
8.33
5.33
13.0
8.67
5.67
4.33
-0.33
11.67
3.0
4.33
13.0
3.0
3.33
0.67
2.33
1.67
2.33
5.33
8.0
3.67
-1.33
8.33
-2.33
-1.0
6.67
-1.67
-4.67
-0.33
4.0
3.33
5.33
-6.0
2.67
-0.33
5.67
0.33
1.33
2.0
-1.67
-1.33
1.0
-5.0
2.0
-8.0
-1.33
1.0
-1.33
1.33
-5.67
8.67
5.0
7.0
-3.0
-4.67
-2.0
3.67
-6.0
2.67
-3.67
-0.33
6.67
-10.33
3.33
1.33
-2.67
-5.67
0.33
-1.0
10.67
2.0
-6.67
-0.67
4.0
-4.0
5.67
10.67
3.33
-5.67
-2.33
0.33
2.0
6.67
-6.33
1.67
-6.67
7.67
3.33
-2.67
-8.0
5.0
-3.0
-6.33
7.33
-4.67
-3.0
-2.33
7.33
0.67
-1.33
-11.0
0.33
-7.33
1.0
1.0
1.0
4.67
7.33
3.67
0.33
-3.67
-0.67
5.67
1.0
4.0
-1.33
1.0
-6.33
2.0
-3.33
-0.67
-2.0
3.67
-0.67
1.67
-6.33
-5.0
6.0
-3.33
10.33
6.67
-4.0
-3.0
0.33
14.33
4.33
12.67
-0.33
3.33
-4.33
1.33
-2.33
5.0
9.67
4.67
7.33
6.0
7.0
7.0
6.0
7.67
-0.67
2.33
3.0
-1.0
0.0
5.67
4.67
6.0
4.33
2.0
8.0
7.67
8.67
6.0
-1.33
2.67
13.67
10.33
7.0
4.0
8.67
4.0
5.33
11.33
6.33
7.67
4.67
-5.67
4.0
3.0
-6.67
-5.0
2.0
-6.0
1.0
13.67
3.67
0.67
3.67
4.0
-4.67
-1.33
7.33
3.0
3.33
5.33
-4.0
4.33
-4.67
-1.67
2.67
-2.33
7.67
5.67
-2.33
-2.0
0.0
-0.33
1.0
1.67
5.33
4.0
1.33
4.33
-5.0
5.0
1.0
2.33
2.33
2.33
2.0
1.0
-0.67
2.67
3.0
7.0
6.33
3.67
4.0
-4.0
1.33
3.33
1.67
-0.33
-4.33
-4.33
0.0
-2.0
1.0
3.0
1.33
-2.33
-0.33
-2.0
1.67
2.67
4.0
3.67
2.33
3.67
1.67
-0.67
-5.0
0.33
6.33
-2.67
-1.0
1.0
1.0
-0.33
-1.67
0.33
0.33
4.0
6.33
-1.0
3.67
-3.0
-2.33
-4.0
6.0
5.0
-1.0
2.67
-5.67
5.33
-2.33
0.67
-0.33
0.33
-6.0
2.33
1.67
11.67
0.33
5.0
1.67
4.0
-3.33
-5.0
-0.33
0.0
-1.0
0.67
4.0
-3.33
1.67
1.67
-5.67
2.0
