0.0
28.33
-6.33
45.33
-22.67
69.0
69.67
-70.67
27.0
34.33
77.33
60.67
50.0
53.67
93.33
-55.33
11.67
36.33
-11.33
16.67
9.0
12.33
6.0
16.67
-2.0
-12.67
-0.67
0.0
10.0
3.0
7.67
1.0
1.0
4.0
1.33
4.33
0.67
-1.0
0.0
-1.0
1.0
0.0
-1.0
-0.33
0.0
-0.67
1.33
-0.33
-0.67
-0.67
0.33
-0.33
-0.33
-0.67
-0.33
-0.33
0.33
0.67
-0.67
1.0
-0.33
-0.33
1.67
-0.33
-0.67
-0.33
2.0
1.67
1.0
0.33
-0.33
-0.67
1.0
0.33
-0.33
-0.33
-0.33
-0.33
0.33
-0.33
-0.33
-1.0
0.67
-0.33
0.67
-0.67
2.0
0.0
2.67
0.67
0.67
0.33
2.67
-1.0
0.0
2.33
0.0
-0.67
1.67
-0.67
-1.33
-0.67
-1.33
3.33
0.67
-1.33
0.67
0.0
-1.33
-2.67
-0.67
-2.0
-0.67
-0.33
-1.67
2.0
2.0
-3.0
3.33
3.0
-0.33
1.33
1.0
-1.0
1.67
0.0
-0.67
-2.33
0.0
-1.67
3.33
-2.0
3.0
-1.0
2.67
0.33
0.67
2.0
3.0
-4.0
4.67
1.0
0.33
-0.67
-7.0
2.67
0.67
-4.0
4.33
-1.67
-6.0
0.0
2.0
1.67
-3.67
-5.33
-0.67
-1.67
4.33
-2.67
0.33
2.67
1.0
2.0
-6.67
-0.67
2.67
-3.67
3.67
5.33
1.0
3.0
4.67
-1.67
-8.33
-6.67
0.33
6.0
-3.67
-7.0
-2.67
2.33
3.0
-0.67
2.0
-2.0
-5.67
-1.0
6.33
-2.0
-0.67
0.0
1.0
2.33
-4.0
-2.0
6.0
-3.67
-1.33
-7.0
-0.33
5.33
0.67
-1.33
-0.67
5.33
-1.0
2.33
-1.33
8.0
-5.0
3.67
-4.33
-3.33
-1.33
-6.33
0.67
-2.67
-1.67
0.67
5.33
-0.33
-5.67
2.67
1.0
-1.0
-3.0
11.0
-4.0
-5.67
3.33
2.0
3.33
-2.33
11.0
-4.0
1.33
7.33
-3.67
4.67
5.0
2.33
-1.0
1.33
0.0
-2.33
6.67
-2.33
-1.33
6.67
-4.67
4.33
6.0
-1.67
6.33
1.33
-1.67
-5.0
-1.0
2.0
2.67
1.0
2.0
2.67
2.33
2.67
7.33
-3.0
0.0
-0.67
7.33
2.0
-4.67
0.33
-2.33
-3.0
1.33
4.0
3.33
0.0
-2.67
2.0
0.33
2.67
3.0
-2.0
-8.0
2.67
-6.0
-6.33
2.67
2.0
3.67
-2.33
-2.67
-2.33
-6.67
2.67
2.67
-2.0
0.67
3.0
1.0
6.33
0.33
-2.67
-6.67
-2.0
3.0
-3.33
3.33
-1.33
3.67
-1.0
-3.0
1.67
1.33
4.67
-1.67
1.67
0.0
0.67
-6.33
4.33
10.67
1.0
-1.67
-3.0
3.0
-2.0
2.33
-3.33
-2.67
1.0
-7.67
-4.0
5.67
-5.0
0.0
-0.33
0.67
3.0
-2.67
2.67
-0.33
5.67
0.33
-1.0
-3.0
-2.33
1.67
-5.67
-4.0
-2.33
4.33
3.0
-3.0
5.0
0.0
7.67
4.0
-1.33
-5.0
2.0
-2.67
-6.0
3.67
-0.33
-2.67
-1.0
3.33
-1.33
-0.33
-0.67
1.0
-2.67
-1.33
-1.0
7.33
4.33
3.33
0.67
-2.33
-0.67
1.33
1.67
-2.67
1.33
0.33
-0.33
5.0
2.67
-4.0
0.33
-4.33
2.67
1.33
3.67
-3.33
-1.67
4.33
-1.33
4.0
-1.67
2.67
0.33
-0.33
1.0
-2.67
3.0
0.33
-4.67
3.67
1.33
-1.67
0.0
-4.33
3.0
0.33
4.33
0.33
-0.33
-1.0
1.0
-1.0
1.0
-2.0
2.0
5.0
-0.33
-8.33
-0.33
1.33
-3.0
4.33
4.33
0.0
0.33
2.33
2.0
-2.33
-1.33
-0.33
2.0
-1.33
0.33
2.67
1.0
-5.67
-1.33
4.33
-3.33
-2.0
-2.0
0.33
1.33
-2.33
-1.33
0.67
-2.67
4.67
-3.33
0.33
4.33
0.67
1.0
-0.33
-3.67
-3.0
-2.67
1.33
0.0
-0.67
-4.33
-0.67
3.0
-3.33
-1.67
0.33
-2.0
5.33
4.0
-3.33
3.0
-0.67
-2.33
-0.33
-0.67
2.67
1.0
4.33
-0.33
3.0
-1.0
-3.33
-0.33
2.0
-3.0
1.0
-5.67
4.33
-0.67
-4.0
0.0
-3.33
1.0
-2.0
-3.33
-4.0
-1.0
-3.67
0.33
-4.33
-5.33
6.67
-3.67
-3.67
-0.33
-4.0
1.67
-3.67
0.67
4.33
1.0
1.33
-1.0
5.0
-2.33
3.0
1.0
2.33
-0.33
-1.67
-0.33
1.33
1.67
-3.0
1.33
-1.0
1.0
-3.67
8.33
-3.33
-0.33
-5.0
-3.33
3.0
-0.33
0.33
0.33
-1.0
0.0
1.33
-1.0
3.33
6.67
-2.33
2.67
1.0
0.0
0.33
2.33
1.0
1.67
1.67
-3.0
-2.0
-2.33
-0.67
1.33
-2.67
0.67
-2.67
2.67
4.33
0.33
5.0
2.67
-2.33
-0.67
0.0
-4.0
-0.33
0.0
4.33
0.67
-1.67
0.67
-0.33
2.33
0.0
-6.67
-1.33
-3.67
-1.67
2.0
-0.33
4.0
-0.33
-1.0
2.67
-1.0
2.67
0.33
3.67
-1.0
0.67
3.33
-6.67
-2.67
0.0
-1.0
0.67
-2.0
-4.0
-1.33
2.67
2.33
0.67
1.0
3.0
-2.33
-2.33
-5.33
-2.0
2.67
-0.33
-3.0
0.0
-4.33
-5.67
0.0
-6.0
-6.67
-0.67
-2.0
-1.67
1.0
0.0
1.67
2.0
-2.0
1.33
0.33
-2.33
0.67
0.0
3.33
-1.33
-4.33
-4.67
1.67
1.33
1.67
1.0
3.33
-1.67
1.33
-4.33
-2.33
1.0
-3.33
1.0
-0.67
-5.0
-4.0
-4.0
-3.0
-0.33
-2.33
-3.67
-8.0
-2.33
-4.33
-2.67
-3.67
-3.0
-1.33
-2.33
-2.0
-5.33
-6.0
-6.0
-5.0
-3.0
-0.33
1.0
-3.33
-1.33
-1.67
-1.67
-8.33
-3.0
-2.0
-2.67
-1.0
0.0
-6.33
1.0
-1.33
-6.33
2.0
-9.33
-4.33
-4.67
-6.0
-1.33
-10.67
0.67
-8.67
-1.67
-8.67
-5.0
-1.0
2.0
-0.67
-7.0
-3.0
-4.0
-0.67
0.0
-3.0
-5.33
-4.33
-4.67
-1.33
2.0
-8.33
-5.67
-0.33
-8.0
-8.0
-7.33
-1.67
-12.0
-2.67
-3.33
-7.67
-5.0
-6.67
-4.67
-11.67
-2.67
-2.33
0.67
-5.67
-7.33
1.67
-9.0
-6.67
-9.0
-6.0
-1.0
0.67
-4.0
-8.33
1.67
-0.33
-10.0
-2.0
-3.33
-9.67
-4.33
-6.67
-3.0
-12.33
-6.0
-10.0
-2.0
-3.33
-8.67
-5.0
-10.0
-5.33
-3.33
-8.0
-12.33
-3.33
-4.67
-4.33
-6.33
-5.0
0.67
-3.0
-10.67
-7.33
-6.33
-14.0
-7.0
-4.0
1.67
0.0
-6.33
-10.33
-5.33
-8.67
-7.0
2.33
-1.33
-2.67
-0.67
-10.0
-3.0
-1.33
-0.33
-0.67
-4.0
-5.67
-1.0
-1.67
2.0
9.67
-0.33
9.33
4.0
-0.67
0.67
6.0
2.33
-1.67
-3.67
-4.33
4.33
3.0
-3.67
-6.67
-10.0
-12.67
-4.0
0.67
-4.67
-9.67
-13.0
-3.67
-0.33
-7.0
-10.33
-5.0
-6.67
-7.0
-10.0
0.33
-8.33
-7.67
-10.67
-14.0
-8.0
-5.67
-13.0
-6.33
-11.0
-14.0
-13.67
-10.67
-1.67
-6.33
-9.67
-13.33
-6.33
-0.67
-5.0
-9.67
-15.67
-7.33
-10.67
-2.33
-6.0
-7.33
-6.67
-12.0
-8.67
-7.0
-11.67
-11.67
-16.33
-3.0
-8.33
-14.67
-10.33
-5.67
-9.0
-11.0
-9.0
-15.67
-13.67
-3.0
-7.0
-8.33
-11.0
-16.0
-8.0
-10.0
-2.33
-5.67
0.0
-12.33
-8.33
-5.67
-18.33
1.67
-8.0
-12.33
-7.33
-2.33
-9.33
-11.33
-8.67
-9.33
-18.33
-7.33
-13.33
-3.33
-12.33
-3.67
-6.67
2.0
-12.33
-6.0
-11.67
-1.33
-5.33
-13.33
-7.0
-15.0
-4.67
-7.33
-7.33
-1.0
-7.33
-9.67
-11.67
-2.0
-17.33
-5.0
-7.0
-2.67
-8.67
-5.33
-8.33
-6.0
-10.67
-4.67
-10.33
-1.0
-13.67
-9.33
-11.0
-11.67
-15.67
-0.33
-16.33
-6.0
-5.67
-9.0
-3.67
-10.67
-14.33
-7.67
-7.33
-4.0
-10.67
-8.33
-8.0
-12.33
-4.33
-10.0
-12.67
-4.67
-6.33
-8.67
-3.0
-8.0
-6.0
-3.67
-4.33
-13.33
-10.0
-10.0
-7.0
-8.67
-9.33
-15.0
-10.33
-3.67
-7.33
-11.33
-10.33
-8.67
-14.0
-10.33
0.33
-17.0
-13.33
-14.33
-3.33
-4.67
-0.33
-12.0
-1.0
-5.0
-7.33
-6.0
-12.0
-20.33
-3.0
-10.33
-7.0
-10.67
-2.0
6.33
-6.67
3.67
-2.67
6.33
-5.33
-1.67
-4.67
-17.67
-8.67
1.0
-4.33
6.67
-9.33
9.0
12.33
7.67
-0.67
0.0
-1.0
0.0
11.33
16.67
2.0
8.67
-0.33
7.67
13.0
9.0
17.0
12.33
5.33
16.0
8.67
17.33
3.0
2.33
5.0
-12.0
4.67
-2.33
0.67
-1.33
5.33
6.67
4.0
8.0
5.67
-5.0
-17.67
-4.33
-8.0
1.33
1.0
-5.67
-15.67
-8.0
-8.67
-3.0
-11.33
-2.0
-2.33
-1.67
0.67
-1.67
1.67
-8.33
-9.33
0.33
-7.0
-3.67
-4.67
-0.67
5.67
-4.33
-8.67
-6.0
5.33
-6.0
-9.33
-4.67
3.67
-3.67
-3.33
1.0
-5.67
-7.0
-5.67
-2.67
1.33
-12.67
-2.0
-2.0
-6.33
-2.33
-4.33
-5.67
1.33
2.33
-3.67
-3.67
-9.0
-2.33
-0.33
-13.0
-2.33
-8.33
-6.0
-5.67
-1.33
8.67
-7.33
-5.0
-1.67
-1.0
4.67
2.0
-3.0
0.33
-5.33
-3.33
-2.67
-3.67
-12.67
-4.33
-7.67
-4.67
-3.33
-1.67
-1.0
-9.33
-4.33
8.33
0.67
1.67
-5.33
-8.67
-4.0
2.0
-7.67
-3.33
-3.0
1.33
1.67
-4.33
6.0
3.33
1.33
2.67
1.33
-2.0
-1.0
-1.0
-0.67
-9.0
-6.67
-5.67
4.0
-2.67
-4.67
-2.67
-2.67
5.67
-6.0
-2.67
6.67
-4.33
0.0
6.67
-6.0
-3.33
-0.67
-10.0
-11.0
-7.33
-1.0
-11.33
3.67
-14.0
-6.0
-4.33
-6.67
5.67
-1.67
-2.67
5.67
1.33
1.67
3.0
-4.67
-7.0
-4.67
0.33
-8.67
-1.0
-7.33
1.67
5.67
9.0
-8.67
-5.33
-1.33
0.33
0.33
1.67
-6.67
-1.0
-3.67
5.67
3.0
-5.0
-3.0
-3.33
-3.33
-3.67
-7.33
0.67
0.0
-1.33
-3.0
-1.0
-3.0
0.0
0.67
5.33
-2.33
-11.0
-4.67
-2.0
-3.33
-1.0
-0.33
5.33
0.0
9.67
-1.33
5.67
8.67
2.33
-10.33
-5.33
-3.67
-4.67
1.67
-6.0
-4.33
-3.0
1.33
1.33
4.0
-1.67
-4.0
-2.33
-2.33
-3.33
12.0
-3.0
2.0
3.67
-4.0
0.67
-2.33
4.67
-2.33
6.67
1.33
-3.0
-6.0
-7.0
-6.0
-5.67
13.67
3.0
-4.33
-7.0
8.0
0.67
3.0
2.67
1.67
5.0
10.33
5.67
6.0
12.67
17.0
19.33
22.0
44.0
37.33
33.0
30.33
52.67
51.33
58.0
72.67
85.33
92.33
94.33
80.67
98.67
113.0
121.33
134.0
101.0
109.67
120.0
127.33
110.0
108.0
138.0
117.33
124.67
113.33
88.67
88.33
82.0
88.67
68.67
47.0
60.67
49.0
56.0
34.33
27.33
26.0
20.0
15.33
6.33
21.67
6.67
6.33
11.0
-0.33
-9.0
9.67
4.67
1.33
1.33
3.33
10.0
10.0
13.0
1.0
5.33
13.33
2.67
-1.67
4.0
-10.0
-2.0
-1.33
2.0
-3.0
2.33
-5.33
-6.33
3.0
0.33
0.0
-0.67
0.0
1.67
2.33
1.33
7.67
0.0
-7.33
1.33
-5.67
1.0
7.33
2.67
7.67
-3.0
-1.33
1.33
1.0
0.0
-7.33
7.67
4.0
-9.33
-6.0
2.67
-7.33
-0.33
0.33
-1.33
-1.67
-2.67
2.0
-1.33
2.33
2.0
6.33
-5.67
-1.33
5.67
4.33
0.0
0.33
15.0
7.67
8.0
-1.33
8.0
-1.0
5.0
7.67
7.0
17.33
-7.67
4.0
6.0
-3.0
-0.33
-2.0
-5.67
-4.33
-6.0
-7.33
2.67
10.67
8.33
-1.67
6.67
-7.67
1.67
11.33
-5.33
0.0
9.67
-8.33
-5.67
3.0
-9.0
1.0
-2.67
7.33
1.0
1.67
-7.67
-8.67
-7.0
3.33
-15.33
1.0
-7.67
-1.0
-7.67
3.33
9.33
-3.67
-3.0
-13.33
-8.0
-4.33
-0.33
-1.67
4.67
3.0
-3.33
-4.33
2.0
-9.67
4.33
-3.67
4.0
14.67
3.67
-5.67
2.0
-3.33
0.33
2.0
1.67
4.67
13.67
-3.67
1.0
-2.33
-4.33
0.33
0.67
-1.0
2.33
0.67
-6.33
15.67
-6.33
5.0
4.0
6.0
11.0
-1.0
7.67
8.67
13.0
4.0
-2.67
8.33
12.0
6.0
3.0
10.67
-2.67
6.67
6.33
2.67
14.0
10.67
7.67
-8.67
2.33
-3.33
-3.0
-2.33
-8.0
2.67
-5.0
9.33
6.33
10.67
9.67
7.0
10.67
3.33
3.0
1.33
-4.0
-3.67
-1.0
3.67
5.0
-1.0
-7.33
-7.33
-9.33
20.67
2.67
-10.0
-0.33
-0.67
-5.33
3.67
3.0
5.67
6.0
-2.33
0.67
4.0
5.0
-3.0
-0.33
-4.33
-8.33
9.0
0.33
15.67
-6.0
-2.33
-3.67
-9.0
-9.67
3.0
2.67
6.0
0.33
-1.0
14.33
-5.33
9.33
5.33
11.33
10.0
-5.67
-1.0
-2.33
13.67
8.33
2.33
2.0
0.67
-1.33
16.33
3.33
2.67
12.67
-8.0
5.67
-0.67
-2.67
-1.0
8.0
-2.67
6.33
-8.67
1.67
5.33
1.0
14.67
1.33
6.67
9.0
-1.33
2.67
13.0
-3.33
3.0
6.0
-5.0
2.0
-4.33
-3.33
6.0
1.33
-10.0
3.33
1.33
0.0
-1.33
2.67
1.33
5.33
0.0
3.33
0.33
1.33
2.67
-3.0
-1.67
-3.67
3.67
-3.67
5.67
-9.0
1.33
-4.33
1.0
-0.67
3.67
-9.67
-11.0
5.33
1.33
2.0
-4.67
-7.0
8.0
0.33
4.33
6.67
-0.33
-1.0
-0.67
-7.33
5.33
-3.0
3.33
3.0
8.67
15.0
0.0
-3.67
4.33
6.67
-4.33
-10.0
-4.67
5.67
-6.33
7.67
7.67
5.0
2.67
6.67
-6.33
-10.0
6.0
-4.33
-0.67
1.67
-5.0
-9.67
-2.67
-1.0
5.67
2.67
6.0
1.33
-4.0
-2.67
-2.0
11.0
6.67
0.67
2.33
-2.67
1.67
5.67
5.0
8.33
-3.0
1.0
-5.33
4.67
4.33
7.0
3.0
-6.0
-4.0
-2.0
-2.67
-4.0
5.33
-11.33
-9.67
-3.0
12.67
-0.33
3.67
-6.33
14.33
2.67
3.33
-1.0
7.0
0.0
-1.0
4.0
10.67
0.67
-5.67
4.33
7.67
-1.67
4.67
7.67
2.33
-5.67
9.0
2.67
0.67
1.33
5.67
3.67
-10.0
3.33
12.0
3.0
-5.67
-2.33
5.33
-3.33
0.33
-5.67
-2.0
-0.33
-10.33
3.33
-2.33
3.0
2.67
4.33
5.33
2.67
2.0
-2.67
-1.67
-5.0
-4.33
-1.33
-3.33
0.33
6.33
-7.0
0.33
4.67
1.0
-3.0
-3.0
-6.0
-3.33
-7.0
-4.33
4.33
-4.67
-2.33
5.0
-2.0
6.0
0.33
-2.0
-7.33
-6.0
3.67
1.33
-0.33
2.67
-8.33
-6.67
-3.67
-1.67
-5.67
0.33
-8.0
-1.33
2.0
0.33
4.33
2.0
-4.0
3.67
1.67
-1.67
-0.67
0.67
-5.67
0.0
-2.33
-0.33
6.67
2.33
1.67
4.33
7.33
-5.0
-4.0
-5.0
3.67
-1.67
-1.67
8.0
-1.33
7.33
-2.33
12.67
-2.0
-4.67
11.67
8.0
0.0
2.0
2.67
-3.67
-1.33
-3.67
-3.67
-1.67
-4.33
4.0
-3.0
3.67
-1.0
0.67
7.0
5.67
3.33
-1.0
2.67
6.33
5.67
-7.33
-6.0
0.0
-2.33
-4.67
8.67
-2.0
2.0
-1.67
2.33
-3.67
4.67
1.67
-8.67
2.67
3.33
7.67
-2.0
1.67
2.67
-3.67
13.0
7.0
7.0
-4.0
-0.33
-6.67
7.33
5.0
4.0
2.0
4.67
-2.33
4.0
-0.67
5.0
7.0
1.67
-1.33
1.0
0.67
5.67
4.67
9.33
10.0
3.0
4.67
7.0
-3.67
1.33
0.33
0.67
0.67
2.33
0.0
6.0
-2.67
-2.0
-2.0
-1.0
4.0
-0.33
1.67
2.67
3.67
7.0
-4.67
-2.33
4.33
6.0
-2.67
0.33
-1.0
-5.67
-2.67
2.33
-2.33
1.67
3.67
-1.33
-1.33
-1.0
-3.0
4.67
6.0
-1.33
4.33
2.0
-4.67
2.33
1.0
7.0
5.0
1.33
1.33
0.33
1.0
-1.0
-6.67
2.67
1.0
12.0
-3.67
0.67
-4.0
4.0
0.33
4.33
1.67
-6.33
0.67
-5.33
2.0
0.0
3.0
-3.0
-0.67
-2.33
5.67
-3.0
2.67
2.67
-1.0
3.67
1.33
7.67
-1.33
-7.67
-4.0
0.33
-4.67
-6.67
0.0
6.0
0.0
-2.33
-3.67
-2.67
-2.67
-1.0
5.33
-2.0
1.67
-3.0
-5.33
-2.0
1.0
1.0
-2.0
-1.33
-6.67
2.33
3.67
2.67
-8.33
6.33
-6.0
-0.67
-5.33
2.67
-2.67
7.0
3.67
-3.0
1.67
-3.0
0.67
-1.0
-4.0
-2.33
-1.0
3.67
7.67
-1.33
-1.67
-4.0
