0.0
12.33
84.67
-11.67
37.33
77.0
117.67
4.33
-9.0
-44.67
0.33
61.67
4.0
-8.33
60.33
50.67
30.67
10.33
-62.33
10.67
-3.0
28.33
-7.0
38.67
25.0
-5.67
-8.67
0.0
3.0
-7.0
2.67
9.0
1.0
-2.0
3.33
-0.67
-2.33
-1.0
0.0
1.0
-2.0
0.0
1.0
1.67
0.0
-0.67
0.33
-0.33
-0.67
-0.67
-0.67
-0.33
-0.33
0.33
0.67
-0.33
0.33
-0.33
0.33
0.0
-0.33
-0.33
-0.33
0.67
-0.67
1.67
1.0
0.67
1.0
-0.67
0.67
-0.67
0.0
-0.67
-0.33
-0.33
-0.33
0.67
-0.67
-1.33
0.67
0.0
0.67
1.67
2.67
-1.67
0.0
2.0
-0.33
-0.33
-0.33
0.33
-0.33
0.0
2.0
-0.67
-1.0
0.33
0.67
0.33
-0.33
-1.67
-0.33
1.33
2.67
1.67
0.67
0.0
3.67
1.33
0.33
-2.0
4.33
1.67
1.33
0.0
0.0
-1.0
-1.67
0.0
3.67
1.33
0.0
0.0
-0.33
-3.0
3.33
0.67
2.0
-1.67
-0.67
1.0
2.0
8.0
-1.33
-0.67
-2.33
4.0
2.0
-1.0
1.67
-2.0
-2.67
5.33
9.0
5.67
-1.33
-4.0
5.33
-2.67
-1.0
9.0
1.0
1.67
-0.67
-7.33
-0.67
-1.67
3.33
9.33
-0.67
1.67
-2.0
-3.0
2.33
1.33
-1.33
-5.67
1.67
-0.67
4.0
-1.0
1.67
-3.67
-5.33
-7.67
-1.67
4.0
0.33
3.0
8.33
2.33
-4.0
1.33
-4.0
-3.0
-3.67
3.0
-0.67
8.0
1.33
-2.0
2.0
11.33
-3.0
-4.0
1.0
3.33
-1.33
-2.0
-2.33
7.33
0.67
3.67
4.33
6.33
1.0
-0.67
4.67
7.0
-1.0
1.67
0.67
1.67
-1.33
2.67
-2.33
6.33
-0.67
6.67
3.33
4.67
0.33
8.67
0.0
-3.0
2.0
8.0
1.0
4.33
-1.67
3.0
-0.67
5.67
13.0
-4.0
-2.67
1.33
-3.67
-1.33
-5.0
12.33
4.0
1.33
1.0
0.67
2.67
3.67
-4.33
7.67
12.33
0.33
2.0
5.33
4.33
-0.67
0.33
-3.0
-7.0
0.0
3.67
12.0
3.0
-0.33
8.33
0.67
7.33
-2.0
4.0
5.33
3.33
3.0
-1.67
1.33
6.67
3.0
1.33
2.0
2.33
-4.0
1.33
5.0
3.33
-2.33
4.0
-5.0
-5.0
6.67
0.0
-2.33
11.67
3.0
5.67
4.67
3.33
4.67
-0.67
1.67
5.67
1.0
-6.33
1.0
9.0
3.33
2.33
5.33
1.33
3.0
4.0
3.67
0.33
4.67
7.67
0.0
3.0
7.67
0.33
0.67
4.33
2.67
6.0
7.67
0.67
8.33
7.67
0.0
2.33
-4.0
-3.0
-7.0
11.33
-0.33
-2.67
5.0
1.33
-1.0
5.67
5.0
0.0
-1.33
3.67
6.0
-3.67
9.67
9.67
10.67
0.33
1.0
-6.0
-0.33
0.67
-6.67
1.0
-0.33
9.33
1.0
2.0
3.0
7.0
-3.33
5.0
-2.33
-5.0
0.0
3.33
4.0
1.67
-1.33
2.33
-2.0
0.33
5.67
3.67
2.33
-4.0
-2.67
1.67
0.0
2.33
1.33
-3.67
1.67
4.67
0.33
4.33
2.67
1.33
4.33
3.33
-1.33
7.0
-1.33
0.0
1.33
6.67
8.67
6.33
3.67
2.67
0.33
3.33
-2.33
1.0
-4.67
4.67
4.33
1.67
5.0
-3.67
3.0
2.33
-1.67
-6.33
3.33
4.33
3.0
5.67
5.0
2.33
6.33
2.33
1.67
8.0
7.0
-1.0
2.0
5.0
4.0
3.0
3.67
0.67
-3.33
1.33
2.0
0.33
5.33
-3.0
1.33
-0.67
-2.0
1.67
0.67
1.67
4.0
1.67
-2.67
-0.33
1.0
-0.67
5.67
1.33
-0.33
0.0
6.0
1.33
1.33
-1.33
0.67
0.67
-0.67
6.67
2.67
-2.67
2.33
2.67
3.0
3.67
-2.67
-2.0
-2.67
5.33
-1.0
-0.67
-3.33
2.33
-1.0
7.67
-0.67
1.33
8.0
7.33
-2.0
-0.33
3.0
-2.67
-1.33
3.67
3.33
1.67
-4.0
0.33
1.67
-1.0
-1.0
3.67
-1.33
2.0
2.0
9.0
-2.67
3.33
1.33
-2.0
2.0
-3.33
0.0
3.0
-2.33
-1.0
2.0
2.33
2.33
-2.33
6.67
-0.33
1.33
3.33
2.67
-3.0
0.67
-3.67
-2.33
-0.67
5.0
2.33
0.0
4.0
0.67
5.0
0.0
-3.67
0.67
2.33
0.67
0.33
2.67
0.0
-0.67
-4.0
6.0
-0.67
5.33
2.67
0.67
0.0
0.67
7.0
-2.33
1.33
3.33
-2.0
2.0
4.33
5.0
5.33
3.67
-2.33
3.67
1.0
7.0
1.33
4.33
-1.0
0.67
-0.33
-3.0
1.0
-0.33
1.33
0.33
0.33
-0.33
3.33
1.67
1.33
-4.67
4.0
1.67
0.67
-2.67
4.0
-6.0
-0.33
6.0
-0.67
1.67
-1.67
-3.33
1.67
3.33
1.0
-3.67
-0.33
-3.67
3.33
1.0
1.67
5.0
2.67
-4.0
-0.33
1.0
0.67
6.33
-2.33
-2.0
-3.33
4.33
0.33
-1.67
2.0
1.0
0.67
-1.0
-4.0
-1.33
-4.33
1.33
-5.33
-2.0
1.0
-2.33
3.67
2.67
-1.0
0.67
-3.33
-2.0
0.0
-4.33
-1.67
0.0
-2.0
-3.67
1.33
0.0
-1.67
0.0
0.0
-0.33
-3.0
-2.0
0.33
-2.67
-0.33
-2.33
0.0
3.33
-2.33
-1.33
1.33
-0.33
-1.67
-1.33
2.0
1.33
-0.67
-3.67
-5.33
3.67
0.0
1.67
2.0
-3.67
-2.0
-3.0
-8.0
-3.0
-3.33
0.67
-4.67
-6.0
-7.33
-2.33
-4.67
-4.67
-6.0
-3.33
-1.33
2.0
-0.33
-2.0
-2.0
-2.0
-5.0
-2.33
2.0
-6.33
-5.33
-1.67
-7.67
-6.33
0.0
-4.0
-1.67
-8.0
-4.0
-1.33
-4.0
-5.33
-2.33
-5.0
-5.33
-1.33
-1.67
-4.0
-3.33
-6.67
-7.33
-3.67
-4.67
-3.67
-2.0
-4.0
-3.0
-5.67
-3.0
-8.0
-2.0
-7.67
2.0
3.0
-8.33
-3.33
-3.67
-2.33
-1.0
-4.33
-7.67
6.67
-4.0
-4.0
-8.33
-3.67
-8.0
-5.67
-10.33
-4.67
-8.0
-5.67
-3.67
-6.67
-1.67
-2.33
-3.33
-3.67
-3.33
-4.33
-8.0
-4.67
-7.0
-5.0
-3.0
-5.33
-11.0
-4.33
-2.33
-3.33
-6.0
-7.0
-8.33
-5.67
-5.33
-6.67
-6.0
-4.33
-13.0
-5.0
-4.0
-7.33
-4.67
-6.0
-3.0
-8.33
-5.33
-10.0
-7.33
-6.33
-2.67
-12.33
-5.33
3.0
0.67
-1.0
-4.67
-5.33
-10.33
-9.0
1.0
0.0
-2.33
8.0
-1.33
-9.33
-3.33
-8.67
-7.0
3.33
0.67
1.33
-4.67
0.0
-2.0
2.67
-4.33
14.33
4.0
8.33
11.0
11.33
13.0
25.67
19.67
27.33
20.0
18.33
13.67
14.0
5.33
3.33
3.33
12.67
14.33
0.0
6.33
3.33
-2.0
-4.67
1.0
-4.33
-4.67
-0.67
-10.0
-8.67
-10.33
1.0
-11.33
-10.0
-10.67
-5.0
-5.0
-8.67
-6.33
-6.67
-0.67
-9.0
-5.0
-6.67
-7.0
-6.33
-1.0
-3.0
8.33
-7.67
-6.67
-5.33
-2.67
-9.33
-7.33
-4.67
0.0
-4.67
-15.67
-9.33
-2.67
-5.33
-10.0
-4.33
-7.67
-5.0
-5.67
-3.0
-11.67
-7.67
-13.33
-2.0
0.67
-14.67
-0.33
-5.67
0.0
-8.0
-9.0
-16.67
-11.67
-6.0
-10.0
-6.33
-8.0
-6.0
-8.0
-6.0
-3.33
-4.67
-9.0
-4.33
-6.33
-9.67
-17.33
-3.33
2.0
-19.33
-6.33
-2.33
-9.33
-12.33
-5.67
-13.33
-1.33
-6.33
-4.33
-1.33
-8.33
-7.67
2.33
-3.0
-0.33
-6.0
-9.67
-3.33
-7.33
-6.33
-7.0
-11.0
-0.67
-10.33
-10.33
-7.0
-4.33
-10.67
-6.67
-1.0
-9.33
2.0
-5.0
2.33
-12.67
-7.33
-6.33
-3.0
-8.67
-7.67
-4.33
-11.0
-10.67
-0.33
-9.0
-6.67
-7.67
2.67
-13.33
-9.0
-4.67
-11.0
-9.67
-5.67
-12.33
-3.67
-12.33
-11.0
-10.67
-4.33
-7.0
-6.33
-9.33
-8.0
1.33
-9.67
-6.33
3.33
5.0
-7.0
-7.0
-9.67
-5.33
-7.33
-15.0
-18.0
-8.0
-8.67
-3.33
-14.0
-14.33
-0.67
-3.33
-8.33
-9.33
4.33
-4.0
-6.33
-5.67
-12.0
-9.33
-11.33
-3.33
-11.67
-4.33
-10.0
-2.0
-13.0
-5.33
-12.0
-6.0
-14.33
-13.0
-7.33
-8.0
-4.67
-9.0
-3.67
-8.67
-1.33
-4.67
-9.67
-14.33
-8.67
-4.67
-9.67
0.33
2.0
-1.33
-0.33
-5.33
7.0
3.33
0.67
3.33
17.0
7.0
1.0
15.33
7.67
-1.0
11.67
3.67
13.67
9.0
8.0
14.0
9.33
12.33
9.0
11.67
5.33
8.0
-3.67
-2.0
5.0
6.67
9.67
6.67
3.67
-4.67
4.67
-3.0
7.0
7.67
5.0
-8.67
-3.33
-2.0
0.33
3.0
-5.67
-9.67
-2.0
4.33
2.0
0.67
-11.0
-8.33
-2.67
0.67
-3.67
-5.33
-6.33
1.67
-2.67
-6.0
1.33
2.33
0.33
1.67
2.67
-4.67
-8.0
9.33
2.0
-8.33
8.33
4.67
-2.67
-11.33
2.0
-3.67
-7.0
-0.67
-2.67
-2.67
-7.67
13.0
2.0
-2.33
7.67
-0.33
-0.67
2.33
-8.67
-9.67
1.33
-5.0
-3.33
-3.33
2.0
2.67
-9.33
5.0
4.33
6.67
0.67
3.67
2.0
-0.67
5.0
-5.33
1.0
6.0
0.33
-6.33
-3.33
-1.67
-0.67
-0.67
-0.33
5.33
-4.67
-3.33
0.33
-4.0
11.67
5.67
2.33
-1.33
6.67
11.67
5.33
2.0
13.0
2.33
0.67
2.0
5.33
-3.33
2.67
8.0
7.33
5.33
1.67
1.33
11.0
-4.0
11.0
-4.67
-4.0
-1.67
5.33
5.0
0.33
5.33
1.33
0.33
4.67
2.0
0.33
1.67
0.67
2.0
1.67
4.0
4.67
10.33
3.0
15.0
15.67
16.0
3.67
14.67
2.0
12.0
5.67
-6.67
8.67
10.33
1.33
3.67
1.33
3.67
4.0
-1.67
-3.0
2.33
4.33
-6.67
-1.0
6.67
13.67
10.67
6.0
5.33
-1.33
3.67
6.33
-0.67
0.67
-1.67
3.0
-0.67
2.67
12.0
-5.0
7.0
-2.33
5.67
1.33
3.67
14.67
7.0
2.67
9.0
3.0
8.0
-2.0
-4.33
-5.67
7.67
10.0
3.33
5.0
-1.33
5.0
-2.33
3.33
1.0
1.67
7.67
2.67
0.67
10.33
4.67
8.67
-7.67
8.33
4.67
3.0
11.67
2.0
9.33
4.33
15.0
3.33
-1.0
7.67
1.67
-0.33
7.0
5.0
10.0
-3.33
5.0
2.67
6.67
9.67
-1.33
-1.33
1.33
13.0
7.0
8.0
9.0
13.33
22.67
10.0
6.67
3.0
14.0
11.67
-1.0
22.67
11.67
21.0
21.33
15.67
15.0
17.67
21.0
20.33
19.0
35.0
25.33
33.0
36.33
26.67
24.33
45.0
45.67
52.33
62.33
74.33
64.67
84.67
71.0
82.33
85.0
84.0
87.67
90.0
80.33
94.0
80.0
94.0
80.33
57.67
73.33
49.67
52.33
58.0
68.67
54.67
36.0
48.67
31.0
28.0
37.33
11.33
16.0
15.0
10.33
2.33
15.67
8.67
13.33
7.0
-2.33
10.0
7.67
14.67
-0.67
5.33
3.33
13.0
10.0
10.0
9.0
2.33
3.33
4.67
9.33
1.0
11.0
9.0
3.67
13.0
4.0
14.33
1.67
2.67
8.0
10.33
-2.0
10.33
10.0
1.67
8.33
2.33
-0.33
3.0
6.67
7.33
0.33
1.0
5.33
17.67
14.67
1.0
11.67
12.33
6.0
-1.0
5.67
-1.33
0.0
9.67
-4.0
4.67
4.67
8.67
4.33
0.67
2.33
6.33
-1.0
8.67
1.33
7.0
-6.67
9.33
0.67
5.67
9.33
12.0
9.33
6.0
5.67
0.0
8.67
3.0
1.0
15.0
17.67
5.0
3.33
2.33
14.0
-6.0
5.0
8.67
7.0
5.33
3.67
-2.0
5.67
-2.33
7.67
5.33
12.33
4.67
-2.67
4.67
10.33
1.67
13.0
25.67
7.67
-4.67
10.0
6.0
6.0
-1.67
0.33
8.0
10.67
-1.67
3.33
7.0
11.33
-3.33
6.0
-1.67
-2.0
11.33
8.33
5.33
5.33
14.0
3.67
4.0
6.67
17.67
0.33
-0.33
6.0
6.67
-3.33
-2.0
11.33
-9.67
-4.67
2.0
17.67
-4.33
11.33
11.0
8.67
6.33
12.0
5.67
9.67
3.67
10.33
6.0
4.67
-11.33
1.33
12.67
10.0
7.33
15.67
9.67
20.67
7.67
22.0
8.0
14.0
22.0
27.0
10.67
20.67
25.0
19.0
14.33
29.33
30.0
4.0
22.0
29.67
15.33
20.67
26.33
31.67
22.0
37.67
27.67
32.33
7.33
17.67
24.0
24.67
24.0
16.67
26.0
29.33
27.33
9.67
29.67
23.0
18.67
19.33
19.0
-6.67
13.0
17.33
17.0
2.67
10.0
16.0
2.67
11.67
2.67
8.67
21.67
3.0
11.67
5.33
-2.33
8.67
-11.0
8.67
10.0
-9.33
7.67
7.0
4.0
0.0
23.67
6.67
-5.33
12.0
6.33
-1.33
2.0
-3.33
15.33
1.0
7.33
-1.0
1.67
21.0
-6.67
4.0
17.33
-8.33
4.33
7.33
20.33
5.0
10.33
-1.0
3.67
14.67
-4.67
4.33
10.0
3.67
5.67
17.33
15.33
14.67
9.67
-10.0
4.67
4.33
9.33
11.0
8.0
2.33
5.33
9.33
0.67
12.33
2.0
9.67
8.33
6.67
6.0
2.67
4.67
19.0
-2.33
-3.0
11.0
-1.0
2.0
2.67
5.67
11.0
4.33
2.0
15.33
13.33
-2.0
8.67
-0.33
7.33
8.33
14.0
-5.67
2.33
-0.67
8.67
9.0
3.33
5.33
5.67
6.33
5.67
5.0
-0.67
1.67
11.0
4.33
8.67
-10.67
-2.0
7.33
-0.67
7.0
4.33
3.0
5.0
4.33
11.33
2.67
10.67
10.0
0.33
-3.33
-4.67
-2.0
-2.67
7.0
-1.33
3.0
5.0
-6.67
5.33
4.67
-4.33
-11.0
1.33
-7.33
-2.33
10.67
3.67
-1.0
-1.33
-0.33
4.67
-1.0
4.0
11.67
3.33
-2.33
0.0
13.33
2.33
-1.0
9.67
13.67
6.0
4.33
1.0
11.33
-4.0
-5.0
-4.33
9.67
1.33
7.33
5.67
1.67
1.0
8.33
6.0
7.0
-1.33
6.67
9.33
5.0
7.0
-4.0
11.0
8.0
2.33
1.0
-2.67
-6.33
10.33
12.0
-6.33
-2.33
5.67
-7.33
9.33
6.67
-4.67
4.0
6.0
13.0
24.0
0.0
2.67
0.67
5.33
-0.67
-0.33
11.33
12.67
16.67
8.33
1.33
-2.0
12.67
5.67
6.33
-3.33
15.67
-1.0
3.33
3.0
2.0
6.33
6.67
4.33
8.67
7.33
2.33
0.0
10.67
-11.33
-0.67
0.67
-4.0
2.67
-4.67
5.33
3.67
6.0
3.33
7.33
-10.0
-3.33
2.67
1.67
4.33
7.33
-2.0
-6.67
3.67
9.0
7.0
1.0
3.0
10.67
3.0
1.67
3.33
-3.67
7.67
-2.0
-5.0
2.0
1.33
2.0
5.67
-7.0
12.67
6.33
3.67
5.67
-4.33
7.33
-4.67
3.33
-1.67
0.33
-5.0
12.67
-3.0
-2.67
2.33
10.0
-2.0
11.67
-0.33
-0.67
-2.67
15.67
-9.67
9.0
2.67
-1.33
-2.33
13.33
-2.33
10.33
1.33
0.0
1.0
1.0
-1.33
1.33
-1.67
6.0
8.67
5.33
4.67
8.67
-3.0
-5.67
-5.33
2.0
4.0
7.0
-1.33
3.33
1.67
1.33
3.33
6.33
0.67
7.0
1.0
5.67
8.0
-3.33
5.0
-0.33
2.33
9.0
4.67
10.33
3.67
11.67
3.0
10.0
0.67
9.33
2.67
2.0
1.0
-3.67
8.33
0.33
-1.33
-3.33
8.33
2.67
12.33
7.67
5.0
-0.33
6.67
-0.67
4.0
1.0
2.0
5.0
-0.33
-1.67
-1.67
3.0
1.0
0.0
5.67
10.67
4.0
-6.67
0.0
8.0
9.67
5.67
2.0
4.67
2.67
2.67
3.33
10.0
5.0
-3.33
4.0
4.33
5.33
4.33
5.67
2.67
2.33
16.0
14.0
2.33
-7.0
0.0
3.0
1.0
7.67
3.67
1.67
3.67
3.0
0.33
-3.33
7.33
6.0
-0.67
-0.67
3.0
-3.67
-1.67
2.33
3.67
1.67
0.67
4.67
2.67
-6.0
0.0
0.67
1.0
-1.33
2.33
-5.0
6.33
7.33
0.0
2.0
5.0
3.33
-1.67
4.33
-2.0
-4.0
-2.67
1.67
2.0
8.0
-1.67
0.67
1.0
1.0
4.33
-7.67
1.67
2.67
1.67
-1.33
3.0
0.0
7.0
0.0
3.33
-0.33
0.67
-7.0
2.67
4.67
4.0
0.67
0.33
1.67
4.67
-0.67
1.0
6.33
6.33
-1.67
2.0
6.0
6.0
1.67
-3.67
8.33
-2.67
-2.0
2.33
-1.0
5.67
-2.0
-5.33
4.0
3.0
-5.0
1.0
2.67
0.33
3.33
5.67
-5.33
4.67
8.33
-6.0
-1.67
1.67
-0.33
4.33
2.0
2.67
1.0
7.67
4.0
3.67
-2.0
1.0
2.67
-2.0
-0.33
6.67
0.67
-3.67
5.0
