0.0
52.33
-48.33
-0.67
114.33
90.0
79.67
18.33
15.0
84.33
5.33
34.67
9.0
0.67
45.33
51.67
44.67
-29.67
7.67
-26.33
29.0
13.33
18.0
-2.33
18.0
20.33
7.33
12.0
6.0
-1.0
1.67
7.0
-3.0
3.0
1.33
1.33
-2.33
4.0
0.0
2.0
-2.0
0.0
0.0
-0.33
0.0
0.33
-0.67
0.67
1.33
-0.67
0.33
-0.33
-0.33
0.33
-0.33
-0.33
-0.67
0.67
-0.67
0.0
-0.33
-0.33
1.67
-0.33
0.33
0.67
2.0
-0.33
0.0
-0.67
-0.33
-0.67
1.0
-0.67
0.67
-0.33
-0.33
-0.33
-0.67
-0.33
0.67
0.0
-0.33
0.67
-0.33
-1.67
0.0
0.0
0.67
1.67
-0.33
0.33
0.67
-1.0
2.0
1.33
0.0
-0.67
1.67
1.33
-0.33
-1.67
-1.33
-0.67
-0.33
1.67
1.67
3.0
-0.33
3.33
-0.67
-1.0
2.33
-1.33
1.33
2.0
2.0
-1.0
-2.67
0.0
0.67
-1.67
6.0
2.0
-0.33
3.0
-1.67
-2.33
-2.0
5.33
2.33
3.0
0.0
3.0
3.67
4.33
0.67
3.0
5.0
9.0
-1.33
1.0
2.33
2.33
2.0
2.67
-2.33
-1.0
1.33
1.33
3.0
4.0
-5.0
5.67
0.33
-6.33
-2.67
4.33
3.33
6.33
0.33
3.67
5.0
-4.0
-2.67
1.33
0.67
-3.67
-0.33
-3.67
-4.0
5.0
-3.33
-0.67
-2.33
-4.67
2.33
9.0
4.33
0.0
7.33
8.33
-2.0
-2.67
1.0
2.0
8.33
2.0
-6.67
1.0
-2.67
5.0
0.0
4.33
1.0
7.0
6.0
7.33
5.67
-1.0
-4.33
9.33
-0.33
2.67
3.33
4.33
1.0
1.33
7.67
3.0
-5.0
4.67
-3.33
-0.33
4.67
-3.33
0.67
3.33
-2.67
8.67
5.33
2.67
8.33
12.67
-1.0
-3.0
4.0
6.0
-3.0
7.33
1.33
1.0
1.33
1.67
2.0
3.0
8.33
2.33
-1.67
-2.33
2.0
-6.67
3.0
4.33
0.0
8.67
7.67
7.67
0.67
2.67
2.33
-5.67
4.0
1.33
12.33
-5.67
-3.67
1.0
2.0
4.0
-0.33
4.0
4.0
-3.33
1.33
2.67
3.33
-3.0
-2.0
-0.67
9.33
4.0
-5.67
3.33
0.67
-3.0
5.33
6.0
6.33
7.0
3.33
6.0
-1.67
-0.33
-2.0
-1.0
-1.0
7.67
0.0
-1.33
5.67
-3.0
5.67
0.67
-2.67
4.67
0.33
3.67
1.67
-6.0
-5.33
1.0
4.0
8.33
-3.67
-2.67
-4.67
1.0
-1.0
0.67
-3.67
-4.33
-0.33
9.0
6.0
-2.33
-3.67
2.67
-2.67
9.67
3.0
1.67
-1.33
9.33
7.67
-2.0
5.33
-5.0
4.0
0.0
1.33
3.67
-2.67
1.0
-8.67
-7.0
1.67
2.0
-2.0
0.67
2.67
1.0
-6.67
7.67
7.67
6.67
1.33
0.0
5.0
-0.33
1.67
-1.67
-4.0
0.67
2.33
0.0
-3.0
1.0
0.0
-4.33
6.0
1.67
3.0
-3.0
3.33
0.0
5.67
-2.33
-2.67
-1.0
3.33
7.67
-1.33
8.33
1.0
1.33
3.67
-3.0
-0.67
2.33
2.33
-2.33
3.67
-7.67
0.33
4.67
2.33
-0.67
4.33
0.67
1.0
8.67
5.0
2.33
5.67
3.67
0.33
7.67
6.67
1.33
5.33
6.67
3.0
1.33
7.67
3.33
0.67
6.0
-3.67
1.0
2.33
4.33
-2.33
2.33
-2.67
-3.0
-2.33
6.0
-1.67
3.33
0.33
6.67
7.0
7.0
1.0
6.0
0.0
5.0
4.0
-6.33
-4.33
-4.33
3.33
0.0
-2.67
6.33
-3.0
7.33
5.33
4.0
2.67
2.67
-3.33
1.0
0.67
-1.67
7.67
1.0
5.33
-4.33
1.33
-1.33
-2.0
3.0
-0.67
3.33
-4.33
-1.33
5.67
-0.67
2.67
-2.33
5.33
2.33
3.67
1.0
4.67
1.33
3.0
-3.67
-1.67
1.0
2.33
-3.33
-2.67
-1.0
2.67
-1.67
0.33
-2.0
5.33
4.0
-2.33
-1.0
0.33
0.67
1.67
0.33
0.67
-2.0
-1.67
5.67
-1.0
4.0
5.67
-0.33
0.0
1.0
0.0
-2.67
2.33
1.33
-2.0
2.0
-0.33
2.0
4.0
2.67
0.0
-2.0
-1.67
2.33
-1.33
-2.33
-0.33
-5.67
-1.67
-0.33
4.0
-0.33
-1.67
1.67
0.33
2.0
2.33
-4.0
2.0
3.67
5.0
-3.0
0.33
1.67
0.33
-0.33
0.33
1.67
0.0
-0.67
-5.0
2.0
-0.67
-0.67
4.67
1.67
-2.0
0.67
0.0
-0.33
5.33
3.33
7.0
2.0
3.33
-2.0
1.33
2.67
-2.33
0.67
1.0
6.0
-0.67
-0.67
5.0
3.67
3.67
0.0
5.0
0.67
-2.67
0.33
1.33
-1.33
-2.67
-0.33
0.33
0.33
1.0
-2.33
-3.33
1.33
-2.0
-5.0
-1.33
1.0
0.33
-4.33
-1.67
-1.33
0.67
-0.67
3.0
-5.67
-1.33
-4.67
-0.67
-1.0
-1.33
-4.0
0.67
3.0
-0.33
-2.0
-4.33
0.33
-0.33
-1.0
-2.33
0.33
3.33
1.33
-3.0
3.0
-0.33
2.0
-2.0
0.67
-0.33
1.33
-5.33
-1.0
-4.0
3.67
-1.33
-1.33
-4.0
4.67
-4.33
4.0
-4.0
-2.33
3.33
6.0
-5.0
-2.67
2.33
2.0
-3.67
0.0
2.0
-0.33
0.0
-2.0
-0.67
-0.67
-1.33
5.67
3.0
-0.67
-1.33
-2.33
-2.67
-1.33
3.33
-3.33
3.0
-1.67
-2.67
-2.67
-2.33
-4.33
4.0
-2.33
-1.0
6.33
-5.0
0.0
-3.0
-3.0
-6.33
-0.33
-2.67
-8.0
-1.33
-1.33
-2.67
-5.67
-2.0
-1.33
1.67
2.0
-4.33
-1.0
-3.0
-5.0
-6.0
-0.33
3.0
-3.33
-4.33
-2.67
-0.67
-9.33
-5.0
-1.0
-5.67
-8.0
-5.0
-6.33
-4.0
-7.33
-2.33
-4.0
-2.33
-4.33
-2.67
-2.0
-6.33
-7.67
-3.33
-5.67
1.33
-6.67
-2.0
-4.0
-1.0
1.33
-4.0
-3.0
-4.0
-8.67
4.0
-1.0
-5.33
-1.33
-5.67
-1.33
-3.0
-7.33
-4.67
-3.33
-7.0
-4.0
-5.33
-2.67
-11.0
-6.67
-9.33
-3.67
-10.0
-4.67
-2.67
-9.67
-5.67
-3.33
1.67
-1.67
-8.33
-0.33
-12.0
2.33
-11.0
-5.0
-4.0
-5.33
-10.0
-7.33
-1.33
0.67
-3.0
1.0
-8.33
-6.67
-3.33
0.33
-1.0
-6.33
-9.0
-4.0
-2.0
-8.33
-8.67
-3.0
-8.0
-4.33
-2.33
-9.0
-4.33
-9.33
-3.67
-7.33
-4.33
-8.0
-0.33
-7.0
-7.67
-3.33
-8.33
-6.0
1.0
-1.0
2.67
2.0
-1.33
-8.33
0.67
-1.67
-3.0
4.33
-0.33
6.33
9.33
4.0
8.0
3.67
4.67
2.33
16.0
11.33
13.0
14.33
25.0
17.67
28.67
24.33
26.0
15.33
21.67
21.0
9.33
16.33
6.33
17.67
8.33
10.0
7.33
12.33
-4.0
-8.67
-4.0
-6.33
-0.67
-1.67
-12.0
-7.67
-8.33
-2.0
-3.33
-11.0
-4.67
-4.0
-5.0
-3.67
-9.33
-8.67
-2.67
-9.0
-1.0
-10.67
-6.0
-3.33
-6.0
-8.0
-1.67
0.33
-9.67
-5.33
6.33
-10.33
-4.33
-4.67
2.0
-6.67
-12.67
-4.33
-1.67
-9.33
-7.0
-12.33
-5.67
-5.0
-5.67
-6.0
-10.67
-11.67
-11.33
-3.0
-5.33
-11.67
-5.33
-9.67
-7.0
1.0
-2.0
-10.67
-10.67
-6.0
-10.0
-13.33
-5.0
-7.0
-5.0
-8.0
-8.33
-13.67
-5.0
-6.33
-7.33
-3.67
-11.33
1.67
-7.0
-7.33
-3.33
-3.33
-8.33
-0.33
-7.67
-8.33
-10.33
-9.33
-6.33
-14.33
-7.33
-8.67
-6.67
4.0
-2.33
3.0
5.33
-1.33
-1.33
-10.33
-5.0
-13.0
-0.67
-8.33
-12.33
-11.0
5.67
-12.67
-5.67
-11.0
-14.33
5.0
-4.0
-6.67
-8.67
-4.33
-8.33
2.0
-14.67
-14.67
-7.33
-14.0
-15.67
-5.33
-8.0
-7.67
-11.67
-0.33
-16.33
-9.0
-6.67
-9.0
-9.67
-5.67
-9.33
-2.67
-5.33
-2.0
-7.67
-6.33
-12.0
-5.33
-4.33
-7.0
-14.67
-9.67
6.67
-2.67
-3.0
-8.0
-2.0
-7.67
-12.33
-5.33
-15.0
-8.0
-11.0
-12.67
-11.33
-13.0
0.67
-2.67
-4.33
-8.33
-10.33
-4.67
-7.0
-10.33
-0.67
-13.0
-5.33
-13.33
-8.33
-0.67
-9.33
-3.0
0.0
-10.0
-7.33
-11.0
-4.0
-15.33
-7.0
-11.33
-13.0
-6.67
-8.0
-6.67
-6.67
0.67
-6.67
-3.67
-13.33
1.33
-4.67
-16.67
2.33
1.0
-0.33
-5.33
-1.33
1.0
-1.67
5.67
-1.67
8.0
10.0
15.0
15.33
-0.33
-6.0
6.67
10.67
19.67
19.0
20.0
14.0
22.33
4.33
15.0
11.67
9.33
8.0
3.33
5.0
1.0
6.67
-0.33
4.67
-1.33
-0.67
7.67
-6.0
1.0
3.67
-3.0
-18.67
-2.33
-3.0
-3.67
-5.0
-0.67
-8.67
-5.0
2.33
-2.0
-1.33
8.0
-0.33
0.33
0.67
7.33
4.67
-1.33
-3.33
-6.67
0.0
4.33
-1.67
0.33
0.67
-0.33
-3.67
-2.0
14.33
-1.0
-2.33
3.33
3.67
-4.67
-0.33
3.0
-5.67
0.0
-0.67
-6.67
5.33
4.33
1.0
10.0
-7.33
3.67
1.67
1.33
4.33
-1.67
-1.67
-3.67
-6.0
2.67
-2.33
-3.0
-0.33
-2.33
6.0
-1.67
2.67
7.67
0.67
-6.0
-2.67
0.0
1.67
1.0
0.0
3.33
-1.33
-1.33
-2.67
-1.67
-4.67
6.67
5.33
3.33
-0.33
5.33
-9.0
2.67
2.67
14.33
-5.33
4.67
4.67
6.33
3.0
4.0
-0.67
2.67
2.0
9.33
3.67
1.67
4.0
-3.67
5.33
6.67
-4.67
2.0
15.0
3.0
0.33
1.0
-1.67
-6.67
7.0
2.33
-6.67
-4.67
6.33
13.67
12.0
0.33
5.67
-1.33
-2.0
8.67
10.0
2.67
-0.67
3.0
1.0
1.67
8.0
-7.33
14.67
-5.0
5.0
2.67
-6.67
-3.33
4.33
9.33
-1.33
3.33
-1.33
-7.0
7.33
5.0
6.33
4.33
-3.67
3.0
6.67
5.67
9.67
1.0
0.33
0.67
1.67
7.33
3.33
-0.33
-5.67
9.0
-1.67
1.67
-3.0
9.0
2.0
-2.33
-2.33
0.33
-2.33
12.67
1.0
14.67
7.0
4.0
4.0
-1.0
2.67
6.33
7.67
-7.0
-2.67
11.0
1.67
-5.0
14.67
9.33
-2.0
8.67
-0.33
-1.33
5.67
2.33
0.67
6.67
2.33
5.33
1.67
1.0
6.67
-4.0
2.33
8.33
4.0
8.33
7.0
-2.33
-0.33
4.67
4.0
6.0
-3.0
6.67
9.0
6.67
4.67
6.67
8.67
13.67
7.33
-1.0
13.0
23.0
18.0
16.33
13.67
13.0
17.67
15.0
20.0
17.67
16.0
14.67
30.67
18.0
20.33
8.67
13.0
25.67
28.0
18.33
31.0
21.0
24.33
33.0
21.33
30.67
49.33
41.0
46.67
55.33
56.33
53.33
63.67
67.67
76.0
76.33
80.0
97.0
85.67
98.0
79.33
78.0
90.0
78.0
90.33
90.67
91.33
61.67
88.33
66.0
65.67
44.67
50.0
54.67
53.0
37.0
49.33
28.33
14.0
25.0
16.33
8.33
14.67
-5.33
8.33
10.0
3.67
6.0
13.67
1.67
3.33
6.33
6.33
7.0
9.0
10.0
-3.0
4.33
19.33
2.67
33.33
10.0
-3.0
-3.0
1.67
7.0
13.0
21.33
11.67
-5.33
8.0
16.33
13.0
7.33
5.0
3.67
-1.67
-4.67
5.67
8.0
-2.33
6.33
-0.67
9.0
19.33
9.67
1.67
14.0
4.67
14.33
9.0
3.0
13.67
13.67
16.0
9.67
10.0
10.67
3.67
19.67
-3.67
8.67
2.33
16.33
-4.0
6.67
9.33
5.0
3.33
-2.67
12.67
11.67
11.33
-3.0
6.33
17.0
-2.33
6.0
9.67
2.0
-2.0
-7.0
4.67
26.0
15.33
3.33
18.0
8.0
10.0
6.67
2.0
-5.67
-2.33
9.0
4.67
7.67
8.67
8.33
8.33
24.67
7.33
7.67
5.33
-3.33
0.0
18.67
20.67
-2.67
9.0
-2.0
9.0
-6.67
15.33
5.0
11.67
7.33
10.33
10.0
10.33
-0.33
0.0
10.33
4.0
17.33
12.33
14.33
-0.67
7.0
-3.33
0.0
6.67
4.67
1.33
-5.33
0.0
2.67
10.67
-1.0
-1.67
11.33
-0.67
10.0
13.67
4.67
-0.67
19.0
9.67
10.33
13.0
8.67
1.67
11.67
14.33
-5.0
3.67
11.67
2.33
21.67
20.0
4.33
7.67
17.67
13.67
7.67
5.0
1.0
15.0
10.0
18.0
5.67
29.67
30.0
28.0
29.33
17.33
20.0
0.0
20.0
22.67
23.33
35.67
38.33
30.67
35.0
41.67
38.67
32.33
16.33
16.67
23.0
26.67
24.0
29.67
18.0
11.33
20.33
6.67
26.67
29.0
11.67
31.33
29.0
8.33
13.0
27.33
8.0
9.67
15.0
6.0
3.67
2.67
7.67
10.67
13.67
16.0
1.67
8.33
-0.33
-5.33
0.0
11.67
10.0
8.67
9.67
4.0
4.0
8.0
6.67
-2.33
16.67
1.0
7.33
5.67
17.0
17.67
-0.67
29.0
8.33
6.0
2.67
11.0
5.33
18.0
-0.67
8.67
1.33
4.33
8.33
8.0
2.33
-1.0
1.67
-1.33
1.33
0.33
7.0
9.67
5.67
14.33
12.33
11.67
14.67
4.0
8.67
-1.67
4.33
6.0
7.0
21.33
15.33
1.33
2.67
17.33
10.0
6.67
13.33
12.67
5.0
8.67
6.67
7.0
1.67
-2.0
14.0
0.0
10.0
-0.33
4.67
10.0
-2.67
6.0
15.33
11.33
-5.0
2.67
-3.33
8.33
-1.67
2.0
-7.67
5.33
-5.67
24.67
8.0
-1.67
19.33
6.67
11.33
-1.33
11.0
2.33
-9.33
-6.0
-1.67
3.67
-3.67
6.0
2.33
10.33
0.0
-3.67
9.0
9.0
-2.67
13.33
-3.33
7.67
-3.0
1.33
-3.33
3.33
0.0
-5.67
11.0
2.67
1.0
14.0
1.33
6.33
3.67
-9.33
-10.0
6.33
-5.33
-10.33
-3.33
-1.33
3.0
-4.33
4.67
-9.33
-7.0
2.0
1.67
6.33
-6.33
3.0
3.33
-0.67
-5.0
-0.33
-1.33
4.0
2.33
7.0
-5.67
18.0
6.0
3.67
11.67
4.33
7.33
-5.33
0.67
21.0
7.33
-2.0
6.0
10.67
8.67
13.33
2.0
-2.0
-1.0
6.0
6.0
-2.67
1.0
9.33
1.67
-3.67
3.0
7.67
5.67
2.67
-5.33
6.33
5.67
0.33
4.0
4.0
0.0
11.0
11.0
6.67
0.67
0.33
-2.67
6.67
1.33
5.67
17.67
9.33
11.33
3.0
-0.33
1.67
9.33
12.67
5.67
-8.0
0.33
5.0
11.0
10.33
8.67
1.33
-2.33
0.33
3.33
4.0
-1.33
-1.33
-0.67
10.67
7.0
2.67
1.33
-8.67
10.67
10.0
-0.67
1.33
0.0
0.67
-0.33
6.67
3.33
6.33
4.0
-3.67
3.67
-4.0
9.0
-7.0
-1.0
-4.33
3.0
3.67
2.33
0.33
7.67
-3.0
4.0
3.0
-0.67
-2.0
0.67
1.0
2.67
2.33
2.67
-1.33
-7.33
-4.67
4.33
6.33
0.33
2.33
-5.0
1.67
8.0
6.33
6.33
0.0
1.0
-0.33
6.67
2.33
-5.67
2.67
-7.67
0.0
-0.33
-7.33
0.67
-3.67
-1.33
2.33
11.33
-4.0
4.0
-1.0
-5.33
10.33
3.33
-10.0
2.67
-0.67
1.67
1.67
2.0
0.33
-0.33
11.0
3.0
1.0
-1.33
4.33
-0.33
2.33
-5.67
-0.67
5.67
-2.0
7.0
1.67
3.0
0.67
-2.0
-1.33
1.33
3.0
-0.33
-0.67
1.67
7.67
1.0
-2.0
-6.33
4.33
5.67
-5.0
4.0
5.33
7.33
0.33
-0.33
-3.33
-1.67
2.67
4.33
9.67
5.0
7.67
6.67
6.33
-1.0
-3.0
5.0
8.0
-0.33
-0.67
5.33
0.0
5.0
1.0
5.67
4.67
2.0
-1.67
3.0
-2.0
-1.33
6.67
3.0
0.67
5.67
4.67
5.33
4.0
-4.0
1.67
0.0
3.33
2.33
-2.67
4.67
0.67
1.33
1.0
5.0
-4.67
-1.0
0.0
-1.0
-2.0
2.67
1.67
-2.33
5.67
-2.0
3.33
-0.33
0.33
1.0
6.33
9.33
1.0
4.33
-7.67
-4.67
7.67
0.67
1.67
7.67
-2.33
-1.0
0.0
-1.33
4.0
4.67
-3.67
-2.0
2.33
3.33
-2.0
7.0
5.0
5.33
0.33
3.33
4.0
3.0
-0.67
4.67
-4.0
5.0
0.33
6.67
-2.0
0.0
1.33
-1.67
1.67
2.67
8.67
-6.33
-1.0
5.0
2.0
-3.0
0.33
3.67
1.67
-6.0
-4.33
4.67
0.0
5.67
-0.67
9.67
2.67
5.33
-2.0
-3.67
6.33
-3.67
-1.0
6.0
1.0
-0.33
-1.67
6.33
1.33
2.0
3.33
5.0
-2.33
-1.0
2.67
1.0
4.0
0.0
1.0
0.67
-6.67
2.33
0.67
0.67
0.67
-2.67
-8.0
3.33
0.67
-3.33
0.33
0.0
0.67
-5.0
2.67
-2.0
1.67
-7.0
-2.0
1.67
-1.0
3.67
2.67
0.67
-1.67
3.0
