0.0
49.33
-21.33
10.33
-21.67
84.0
46.67
-55.67
50.0
-16.67
-34.67
-16.33
72.0
10.67
75.33
39.67
-19.33
-4.67
-28.33
11.67
10.0
14.33
-5.0
-4.33
2.0
-3.67
-8.67
4.0
2.0
-4.0
0.67
-5.0
-4.0
1.0
0.33
1.33
-1.33
1.0
1.0
1.0
-2.0
0.0
-1.0
1.67
0.0
0.33
-0.67
0.67
0.33
0.33
-0.67
-0.33
-0.33
0.33
-0.33
-0.33
-0.67
-0.33
-0.67
1.0
-0.33
0.67
0.67
-0.33
-0.67
-0.33
1.0
-0.33
1.0
0.33
-0.33
-0.67
0.0
-0.67
0.67
0.67
-0.33
0.67
-0.67
-1.33
-0.33
1.0
0.67
0.67
-0.33
-1.67
1.0
1.0
-0.33
-0.33
-0.33
-0.67
0.67
-1.0
0.0
0.33
3.0
0.33
2.67
0.33
-1.33
-1.67
-1.33
1.33
1.67
-1.33
-0.33
0.0
0.67
-0.67
2.33
-2.0
0.33
0.67
-2.67
6.0
0.0
-3.0
0.33
0.0
-3.33
-1.67
0.0
0.0
0.67
-1.0
-2.67
2.67
-2.0
3.33
-2.67
8.0
-1.0
0.0
3.67
0.33
1.67
3.0
6.0
-4.0
-0.33
0.0
3.33
6.33
-5.0
4.67
-1.33
0.0
2.33
4.33
-5.0
-2.0
5.0
5.67
-1.67
-3.33
1.33
0.33
0.33
4.33
-1.67
1.67
2.0
1.0
5.33
-2.67
3.67
6.33
5.67
-1.67
1.0
1.0
6.67
2.33
-3.33
2.33
3.33
6.0
1.33
-1.0
1.33
5.33
2.0
7.33
-2.0
2.0
-3.67
4.0
0.33
11.0
10.33
3.0
5.0
6.33
2.0
-1.0
-1.0
-2.67
-0.33
-4.0
-3.33
10.33
5.67
-0.33
2.33
7.33
3.0
0.33
9.67
6.0
2.0
8.67
-5.33
0.67
0.67
-2.33
-0.33
0.33
3.33
6.67
5.33
3.67
0.33
3.67
1.0
8.0
-2.0
6.0
-5.0
1.33
-3.67
-3.0
-2.67
5.67
8.0
4.0
-6.67
5.33
3.33
0.67
0.0
0.33
1.0
3.33
-1.0
-1.33
-6.33
-0.33
-1.33
9.67
3.33
-0.67
3.0
-1.67
1.33
-6.67
-0.67
-6.0
-1.0
6.0
1.67
3.0
2.0
-2.33
1.33
-1.33
5.33
6.0
5.0
1.33
5.33
6.0
-3.67
0.33
9.67
-6.0
8.33
2.0
-5.67
-1.0
1.33
7.0
2.33
-1.33
0.0
5.0
0.0
1.67
10.0
-4.33
4.67
1.0
0.67
9.67
5.33
3.67
-7.67
7.67
0.67
7.0
-1.33
8.0
6.0
4.33
-5.67
2.33
5.33
1.0
1.0
3.67
-2.67
2.67
8.67
3.0
-4.0
3.67
-3.67
1.67
-0.67
6.67
1.0
4.67
-4.33
1.33
10.67
1.0
2.33
-2.0
0.0
6.0
3.33
-6.33
0.33
2.0
-3.67
-7.0
-0.33
3.0
-3.0
1.67
2.67
-1.0
-1.67
3.67
1.67
1.67
-2.67
1.0
-2.0
8.67
4.67
7.33
-4.0
-3.33
10.33
1.0
5.0
6.0
0.0
4.67
-5.0
2.67
-2.0
-3.0
2.33
2.0
-0.33
-2.33
-1.67
0.0
5.33
2.67
0.67
-1.67
-2.0
9.33
0.67
0.0
2.33
-3.67
-1.67
-3.33
9.67
0.33
1.33
2.67
-0.67
4.33
2.33
1.67
-4.0
-1.33
1.0
-1.67
-4.33
1.67
3.33
10.67
1.67
-0.67
-0.67
-1.33
3.0
2.33
6.67
-2.67
-2.33
2.0
-1.67
2.0
0.33
2.33
-0.33
-2.67
1.33
3.0
-2.33
5.0
0.33
10.33
-0.67
2.67
-1.0
4.0
-2.0
-3.0
3.0
3.0
2.0
-1.33
-6.33
-2.33
4.33
-2.0
9.33
4.33
-3.0
4.33
-3.67
6.0
4.67
-0.33
-2.33
2.0
-1.33
1.33
3.67
3.0
-1.67
-3.33
2.33
-2.33
1.0
4.0
1.33
-2.67
-3.33
6.67
1.67
4.33
4.67
-0.33
4.33
3.33
-1.33
1.0
0.67
0.33
4.0
-4.67
0.33
4.0
-0.67
1.67
3.33
-5.0
1.67
-0.67
2.33
-2.0
3.33
-1.0
-1.33
3.0
-2.67
-0.33
-0.33
-1.67
1.67
-3.0
2.33
0.67
0.0
0.0
2.67
3.67
0.0
-1.0
-2.0
-4.67
-2.67
1.33
0.0
-3.0
-2.33
4.0
-1.0
-1.33
5.0
0.0
1.33
-0.67
-1.33
0.67
2.67
-0.67
-0.67
0.67
0.0
-3.33
-4.67
-4.33
-0.67
-2.0
-0.67
-4.0
-1.0
4.67
4.0
1.0
-3.67
-0.33
3.33
7.67
1.33
-2.33
0.0
-2.67
0.0
-1.0
4.33
0.33
0.67
2.67
-4.0
-3.33
1.0
-5.33
0.33
-1.67
0.0
-1.0
0.33
1.0
2.33
0.67
1.67
3.67
4.0
0.0
5.33
-1.67
2.0
4.67
-0.33
-2.0
-3.0
-4.33
-4.67
0.33
-3.67
-3.33
1.33
2.67
3.33
-4.67
1.0
0.67
1.67
-0.67
-2.0
0.0
5.67
4.0
-0.67
-2.33
0.33
1.67
-4.33
6.33
-5.0
-2.67
-4.33
-5.67
-1.67
-3.0
-4.33
-4.0
1.67
2.0
4.67
-4.0
4.67
2.33
-2.33
2.0
-1.33
4.33
-2.67
-4.67
6.0
-3.0
4.67
0.0
2.0
-3.33
-1.33
-1.67
-1.33
-2.0
-3.0
6.67
4.67
-1.33
2.0
4.67
-0.33
0.0
-1.0
-5.33
-1.67
-1.0
-2.0
-4.67
-1.67
-1.0
-4.67
1.0
-1.0
-2.33
-2.0
-1.0
-2.67
-1.67
-3.33
4.67
1.0
6.33
-0.33
-4.33
-4.67
5.67
1.33
1.67
-1.0
-3.67
-1.67
-2.67
-5.33
-4.33
2.0
-2.33
2.0
2.33
3.0
0.0
-2.0
-4.0
-3.33
-3.33
-1.67
-4.0
-3.33
-2.33
0.33
-4.67
-3.0
0.67
3.67
-1.0
-6.33
-2.0
-4.0
2.0
-4.0
-5.33
4.0
-6.33
-2.33
-2.67
-1.67
-8.33
-3.0
-7.0
-1.67
-10.0
-1.0
-4.33
-3.0
-4.33
-2.33
2.0
-4.33
-4.33
-4.67
-7.0
-7.33
-6.67
-4.33
-5.67
-3.67
-7.67
-12.0
-4.0
-2.0
-5.67
-5.0
-7.0
-2.0
-0.67
-6.0
1.0
-8.33
2.67
-6.67
-5.33
2.0
-5.33
-3.67
-4.33
-7.0
-2.0
-1.33
-4.67
-8.0
-3.67
-4.33
-6.67
-7.0
3.33
-1.67
-8.67
-1.67
-0.33
-3.33
-6.67
-3.33
-4.33
-8.0
-4.67
-7.0
-6.0
-4.0
-6.33
-9.0
-7.33
-3.33
0.67
-6.0
0.0
-9.33
-5.67
-3.33
-3.67
-6.0
-10.33
-10.0
-7.0
-7.0
-5.33
-7.67
-7.0
-12.0
-3.33
-2.33
-9.0
-7.33
-5.33
-5.67
-4.33
-0.33
-10.0
-2.33
0.0
-4.67
-3.33
-6.33
-6.0
-5.0
-3.0
3.67
1.0
-0.33
-5.33
3.67
4.33
-3.0
10.33
15.67
10.33
1.33
7.0
7.0
21.67
5.67
11.33
15.0
21.33
31.0
8.33
28.0
34.67
38.67
23.33
23.0
35.33
26.67
26.0
21.33
25.33
0.33
14.67
16.33
14.0
4.33
3.33
-6.0
5.33
1.0
2.67
-0.67
-9.67
-10.0
-6.67
-2.33
4.0
-9.33
-5.0
-3.67
-6.0
-4.0
-5.67
-5.33
-2.67
-1.67
-6.0
1.0
-10.67
-7.0
-13.33
-7.0
-7.0
-1.67
-8.67
-6.67
-4.33
-6.67
-9.33
-4.33
-5.67
-7.0
-12.67
-15.67
-10.33
-6.67
-8.33
-6.0
-7.33
-8.67
-10.0
-5.67
-8.0
-10.67
-10.67
-6.33
-2.0
-6.33
-12.67
-7.33
-7.67
3.0
-4.0
-6.0
-9.67
-15.67
-5.0
-9.0
-4.33
-6.0
-12.0
2.0
-9.0
-6.33
-6.67
-7.0
-8.33
-9.33
-8.67
-13.33
-3.33
-3.0
-16.33
-1.33
-0.33
-1.33
-4.33
-4.67
-0.33
-11.33
-11.33
-1.33
-7.33
-10.33
-8.67
-14.67
3.0
-4.33
-2.0
-11.67
-6.33
-12.33
-6.33
-10.0
-11.0
-3.67
-7.33
-6.33
-8.0
-7.33
-16.67
-11.67
-6.0
-6.33
-3.0
-6.0
-12.67
-5.67
-6.33
0.67
5.0
-9.67
-5.67
-3.33
-12.0
-11.67
-7.33
-2.0
-6.67
-10.67
-1.33
-15.33
-3.0
-11.67
-10.0
-0.67
-4.67
-10.33
-8.67
-11.33
-1.0
-6.67
-5.33
-7.0
-12.33
5.67
-7.0
-12.67
-9.67
-2.33
-2.67
-7.0
-2.0
8.0
-7.67
-7.33
-12.33
-4.0
-9.0
-9.0
-14.67
-10.33
-9.0
-5.33
-3.67
-8.33
-15.33
-14.33
1.33
-5.0
-2.33
-8.67
-17.0
-6.33
-5.33
-10.33
-4.67
-8.33
-5.0
-7.0
-6.0
-5.33
-6.0
-8.0
-18.33
1.0
-14.33
-6.0
-2.67
-1.0
5.33
-9.67
-3.33
-6.67
-4.67
-13.33
-4.67
-4.67
-3.67
-5.67
-1.0
-10.33
-4.33
-5.33
2.0
4.33
1.67
6.33
12.0
4.0
17.0
12.33
10.67
7.0
4.67
3.67
11.67
22.0
16.0
16.0
15.33
15.33
12.0
10.67
12.33
1.0
4.33
10.0
-1.0
8.67
4.67
3.67
5.67
0.33
6.67
0.0
6.0
0.67
1.0
-9.67
1.67
-2.0
-7.67
0.0
-7.67
6.33
-5.0
-7.67
-6.0
-5.33
-7.0
-0.33
2.33
1.67
-1.67
0.67
-5.33
-4.33
7.33
-3.0
-1.67
-3.67
2.33
0.67
-7.33
-3.67
-9.0
8.33
-8.0
-9.33
-1.67
6.67
-7.67
-1.33
-2.0
-7.67
-7.0
-3.67
-7.67
-0.67
-6.67
-2.0
-1.0
-0.33
-2.33
5.67
7.33
-4.67
0.33
-3.67
-1.67
-6.0
-0.33
5.67
-4.0
-2.33
-1.33
3.0
3.33
5.67
6.67
-3.33
-1.0
-3.67
1.0
5.67
0.0
2.0
6.33
6.67
-3.33
4.33
6.33
2.33
-2.33
-3.67
1.33
6.67
-2.67
-2.0
0.67
0.67
4.33
-8.33
6.67
11.67
-8.67
5.0
10.0
6.33
1.67
10.0
9.33
-3.33
10.67
6.0
-1.67
9.33
-3.33
2.33
10.0
5.0
-6.0
0.33
-3.0
-4.67
-8.67
9.0
-11.67
-1.67
-2.67
4.33
0.67
-5.0
4.33
3.67
-12.33
6.0
-0.33
-2.0
1.67
-1.67
6.0
-3.0
3.67
16.0
12.67
4.67
2.0
-3.0
9.67
2.33
0.67
1.33
4.33
-6.33
2.33
3.67
8.0
11.33
-4.0
-2.67
1.33
-5.67
1.0
1.67
12.67
1.67
4.0
1.33
4.67
9.67
6.33
1.33
-7.33
4.33
10.0
-5.67
7.67
1.0
3.0
-3.0
6.67
1.67
-1.67
-0.33
7.67
11.0
7.67
5.0
3.0
3.0
3.0
3.67
10.33
9.67
-3.0
10.33
0.0
9.67
5.0
6.67
9.33
7.0
10.67
-0.33
8.67
11.67
8.33
1.67
11.67
-2.67
2.33
-0.33
8.0
5.67
0.0
13.33
10.33
4.0
1.33
-2.0
1.67
5.67
2.67
7.0
4.0
-7.0
4.67
8.0
6.67
8.67
11.67
2.67
8.67
11.33
18.0
10.0
10.0
4.0
7.33
14.67
2.0
12.67
13.0
23.0
15.67
-4.0
15.67
17.67
21.0
21.33
14.67
10.0
15.67
21.0
27.33
30.0
23.0
32.33
29.0
30.33
27.67
40.33
35.0
60.67
48.33
56.33
60.33
67.67
90.67
76.0
64.33
74.0
91.0
87.67
74.0
97.33
76.0
92.0
61.0
78.33
99.67
81.33
88.67
91.33
65.0
45.67
62.67
41.0
53.67
30.0
26.0
24.33
23.33
19.0
27.0
-6.67
17.33
3.67
6.67
-3.67
10.0
8.67
4.0
7.67
6.67
-0.67
1.33
5.33
10.0
25.0
16.0
-5.0
0.33
14.33
0.67
11.33
7.0
1.0
2.0
-1.33
10.0
7.0
20.33
7.67
5.67
5.0
14.33
7.0
-0.67
11.0
1.67
18.33
-9.67
-2.33
-5.0
13.67
-5.67
11.33
23.0
3.33
3.67
4.67
-10.0
8.67
1.33
14.0
1.0
0.67
7.67
19.0
6.67
0.0
17.67
1.67
-2.33
2.33
7.67
5.33
13.33
6.0
5.67
10.33
5.0
5.33
14.33
4.67
16.67
-1.67
6.0
-0.67
8.0
-6.33
5.0
16.67
8.0
2.0
7.0
10.67
4.0
11.33
8.33
14.0
7.0
-7.0
11.67
5.0
10.33
11.67
7.0
9.67
6.67
4.67
19.33
19.33
2.67
-4.67
3.67
12.33
2.67
15.0
22.67
5.67
3.33
2.0
-9.0
15.0
4.33
23.33
14.0
14.67
3.33
8.33
-5.0
2.33
2.67
4.0
-0.67
2.0
2.33
11.33
4.33
3.33
2.0
3.67
4.0
3.67
2.67
3.33
10.67
9.0
2.67
7.67
-1.0
4.33
-6.67
-0.67
9.0
2.67
13.67
13.33
6.0
12.67
0.33
0.0
12.67
3.67
6.67
12.33
-9.0
4.67
1.67
2.33
10.67
7.0
8.33
9.67
17.67
2.67
11.67
3.0
10.0
6.0
13.0
27.0
10.67
25.67
10.0
17.0
22.33
26.33
25.0
27.0
12.0
19.67
19.33
28.67
30.33
29.67
30.0
29.67
34.67
31.33
21.33
9.67
31.0
42.67
33.0
35.67
9.0
17.33
23.33
19.67
42.67
17.0
17.67
14.33
31.0
9.33
4.0
7.33
10.0
18.67
1.0
6.0
-0.33
5.67
-4.33
3.67
9.67
6.0
6.67
27.33
-2.33
-4.33
13.0
12.67
3.0
14.67
-4.33
9.0
3.0
12.0
2.67
8.67
-1.33
10.0
1.33
16.67
-10.0
-2.33
9.33
10.0
-5.67
1.0
-6.33
3.0
0.33
6.0
3.33
10.67
4.33
10.33
13.33
-10.0
17.33
7.0
7.67
8.67
11.33
6.33
13.0
3.67
1.67
14.33
1.33
-0.33
5.67
6.0
23.67
11.33
9.33
4.0
8.0
-0.67
5.33
17.33
18.67
19.33
12.0
2.67
2.33
4.67
13.0
14.67
9.67
0.0
0.67
6.0
6.0
-4.0
0.0
-3.33
1.67
-8.0
0.33
-2.0
11.33
-6.67
-5.0
11.67
-5.33
3.33
-4.67
14.0
6.33
6.33
-2.67
-6.33
6.0
1.33
1.33
4.67
18.33
-4.33
-2.0
-2.67
9.67
0.0
4.33
4.67
-0.67
-1.0
7.33
-1.67
-6.0
2.33
3.0
-11.0
0.33
14.33
5.67
14.67
10.0
2.33
-7.33
4.33
-5.0
-0.67
11.0
-0.33
8.0
5.0
4.33
1.33
0.67
-4.33
-1.0
7.33
4.67
-15.33
1.67
-4.33
4.0
2.67
0.67
1.67
-8.0
19.0
8.67
10.33
4.67
1.0
1.33
-2.67
-4.0
-4.33
3.67
-5.0
9.33
7.0
6.33
4.0
8.0
2.67
2.67
6.33
3.33
-3.33
12.67
9.0
4.33
3.0
6.0
2.67
10.67
1.33
-1.0
3.0
3.0
7.0
0.0
-2.67
-3.0
5.33
-6.33
0.33
9.0
8.67
-10.33
7.67
0.67
8.33
0.67
-0.67
2.0
-2.0
3.0
4.0
3.0
-6.33
1.67
6.33
-2.67
6.67
9.33
3.67
-0.33
3.33
5.33
6.0
2.67
3.67
1.33
15.67
7.67
4.0
16.33
6.0
3.0
-6.67
1.67
7.33
-1.33
4.33
7.33
2.0
6.67
1.67
0.33
-5.33
5.0
4.67
-3.67
-0.67
4.67
3.0
-3.67
-3.67
-3.0
-5.33
5.67
8.67
-0.67
9.33
-4.0
-0.67
2.67
-1.0
7.0
-7.0
-1.0
7.67
6.0
-2.33
14.33
-6.67
-2.33
1.0
1.0
-4.0
-1.67
2.0
-8.33
-3.0
-0.33
6.33
8.67
2.67
-8.33
8.33
-3.67
4.33
2.33
4.33
-5.0
0.67
0.0
-4.67
3.33
4.0
1.0
7.67
7.67
-0.67
-4.67
5.67
11.33
1.0
-2.33
-9.33
0.67
9.33
-1.33
2.33
-0.67
-10.0
-1.0
4.0
2.67
6.33
1.33
2.0
4.67
9.33
3.67
4.67
-1.0
-7.67
-1.33
2.0
-4.0
4.0
4.67
-0.67
-3.33
-3.67
2.33
3.33
10.67
8.0
2.0
7.67
8.0
-4.33
-5.0
-8.33
-4.67
3.0
1.67
1.33
9.67
-4.33
3.0
3.0
-2.33
6.33
0.67
-1.0
-5.0
-4.67
0.33
5.33
2.67
0.67
1.33
8.67
-3.67
-0.33
6.0
-2.33
6.67
1.33
7.0
-3.0
2.0
5.0
-1.33
-0.67
-2.67
1.0
7.0
-3.0
8.67
8.67
-1.0
13.33
-2.0
1.0
4.67
2.67
-1.0
-6.33
4.67
6.67
6.33
4.0
-1.0
-2.33
0.0
2.33
6.33
-0.67
3.67
3.67
-7.67
1.0
2.0
-5.67
5.0
1.0
1.0
1.0
4.67
5.67
7.67
2.67
3.0
2.33
1.67
9.33
0.0
1.33
1.33
-6.0
3.33
-3.67
2.33
-0.33
1.67
0.67
0.67
-1.33
1.0
-4.0
0.67
1.0
-3.33
8.33
-3.0
-1.67
3.33
2.0
4.0
9.0
2.33
0.33
10.33
2.0
2.0
-6.67
0.67
-1.0
2.0
-3.67
0.67
-2.0
6.0
4.33
2.33
4.67
1.67
6.67
-4.33
5.0
-1.0
0.0
0.0
0.33
1.67
2.67
-1.0
-2.33
1.67
0.0
6.67
-2.67
3.67
-2.33
-6.67
-5.0
-5.67
4.33
-5.67
-5.0
3.0
8.0
3.67
-6.67
4.33
-1.67
-2.0
-1.67
-1.0
-2.33
8.0
-4.33
-3.0
-1.0
1.0
0.0
5.67
-2.67
5.33
-2.33
-3.33
-0.33
1.33
1.0
-1.67
-1.33
0.67
3.33
1.0
-0.33
-3.0
0.67
0.0
0.67
4.0
1.0
4.67
-1.0
-3.33
6.67
0.67
-2.67
-2.0
