0.0
-54.67
3.0
-53.33
-49.33
-71.0
-35.33
9.67
21.0
29.0
97.67
-22.67
87.0
-38.33
40.0
-51.33
5.33
-34.33
-44.33
-14.67
-24.0
-2.33
-4.33
-26.0
18.33
-26.33
-2.33
1.0
9.0
3.33
-0.33
-1.0
-3.67
2.0
-0.67
-1.0
-0.33
1.33
-1.33
-0.67
0.33
0.33
0.0
2.0
0.0
1.0
0.0
0.67
0.0
-0.33
1.33
-0.33
-0.67
1.0
0.0
0.0
-0.33
-0.33
-0.67
-0.33
-0.33
-0.33
-0.33
0.33
0.67
-0.67
-0.67
0.0
-0.33
1.0
-0.33
-1.0
2.0
0.0
-0.67
-0.33
1.67
-0.33
0.0
-0.67
-0.67
0.33
0.67
0.67
-0.33
1.0
-0.33
-0.33
0.0
0.67
0.33
-1.33
0.0
-0.67
1.67
0.0
-0.33
0.0
0.67
0.33
0.67
-2.33
-1.0
-0.67
0.0
0.0
-0.67
2.0
-0.33
0.0
0.0
3.33
-2.0
1.0
-0.67
3.33
-0.67
0.33
-1.33
1.67
-0.67
4.33
6.33
2.33
2.33
2.0
3.33
-2.33
-0.33
-1.67
1.33
-2.67
-0.33
2.33
0.67
-1.0
5.0
-1.67
6.33
2.0
-2.0
-1.0
0.67
4.0
-6.33
3.0
1.0
-3.33
6.67
6.0
-0.33
0.67
2.33
2.33
-2.0
2.0
1.33
1.33
1.0
4.67
0.33
1.67
0.67
-3.67
2.0
3.33
4.33
1.33
-1.33
1.67
-0.67
-0.33
-4.33
3.0
5.0
-0.67
4.0
-5.0
-0.33
1.33
3.33
-3.33
-0.33
2.0
4.33
3.67
4.67
-1.33
4.67
2.67
2.67
-0.33
-1.0
1.67
-0.33
5.33
11.0
-0.33
11.33
-2.67
-0.67
2.0
4.33
5.67
6.0
-0.33
2.67
3.67
5.67
3.67
-4.67
-2.67
0.33
4.0
1.0
-4.0
-0.67
8.0
1.33
2.0
2.0
6.67
-1.33
-1.67
4.33
-4.0
-3.0
1.67
2.33
6.33
9.67
4.67
4.0
-0.67
3.67
3.33
-1.67
6.0
5.67
-0.67
1.33
-1.67
1.0
3.0
1.0
3.67
0.0
-0.67
6.33
3.0
2.0
-2.0
1.33
2.0
-1.67
4.33
-3.33
4.33
8.33
0.0
8.33
3.67
0.67
1.0
5.33
-3.0
-2.33
5.33
2.0
-3.67
-0.67
-1.67
-2.33
3.67
6.0
12.0
7.33
-1.67
1.67
4.33
8.33
2.0
-1.67
6.0
4.33
-2.0
3.33
0.67
2.33
0.33
1.67
4.0
11.67
1.67
1.33
4.67
2.33
2.33
5.0
3.33
7.33
0.67
-1.0
-2.0
-2.67
2.0
0.0
-3.33
1.33
-5.0
-0.33
7.67
-0.33
4.33
-1.0
-3.0
0.0
1.33
1.67
-2.0
4.67
6.33
4.33
-1.67
4.67
1.33
-0.33
8.67
3.33
2.67
1.0
7.33
7.0
-3.33
-6.0
0.0
-0.67
2.33
6.67
-4.0
2.33
2.0
0.33
-0.67
2.33
2.33
2.0
-2.67
2.33
-2.33
2.0
-2.0
-2.33
7.67
-8.33
-1.33
13.0
3.33
0.0
5.33
0.33
3.0
3.67
2.33
1.67
-2.33
-4.33
1.67
3.33
-4.0
1.0
1.0
2.0
3.67
3.67
-2.0
0.33
0.0
-1.67
3.33
-0.33
1.33
4.0
-2.0
9.67
0.33
2.67
3.33
-5.0
7.33
3.33
0.0
-0.67
-0.67
7.0
2.0
2.33
-1.33
-0.33
1.33
2.33
3.67
-2.67
4.33
3.33
-5.67
-3.67
-1.0
-2.0
-0.33
5.0
0.33
1.67
3.0
-2.0
5.0
1.0
-2.67
1.67
3.67
2.33
6.33
3.0
1.0
1.0
-4.0
-4.33
-6.0
2.0
4.33
6.67
-1.0
1.0
0.0
2.33
0.0
2.33
-1.67
2.33
0.67
2.67
4.0
1.0
3.67
-1.33
1.33
3.0
1.33
-0.33
2.67
3.67
-4.33
0.67
3.33
4.33
4.33
-2.33
1.0
-1.0
0.33
-0.67
4.0
-0.67
-1.67
-1.67
0.67
0.33
4.0
1.67
-9.33
-3.33
3.0
1.67
3.0
1.67
-0.67
-0.33
-2.67
1.33
1.67
4.0
7.0
-2.67
-2.33
-1.0
0.33
1.33
-1.33
3.33
-1.0
1.33
3.67
6.67
5.67
0.0
0.33
1.67
-2.33
-3.0
-1.0
1.67
-0.33
0.0
-1.33
3.33
-1.0
0.67
2.67
-0.67
-2.0
-1.67
-1.67
-1.33
1.67
0.33
3.33
-1.33
2.67
-4.67
1.67
1.67
-1.67
0.0
2.33
-2.0
-1.0
5.67
1.0
-1.67
-0.67
0.67
2.0
-2.0
0.33
-2.33
1.0
1.0
0.33
1.33
0.67
6.67
2.67
0.67
-1.67
3.0
-0.33
-2.0
2.0
1.33
-3.0
6.0
3.33
0.67
5.0
-1.0
-1.0
-1.33
-2.33
-1.0
-4.0
-2.67
2.67
5.0
-0.67
4.0
1.0
1.67
1.33
5.33
0.0
3.0
-3.0
2.0
-1.0
-1.0
0.33
0.0
9.67
-1.33
5.0
2.67
0.0
1.33
1.0
-1.67
5.33
-2.33
2.0
-2.0
-1.33
1.0
-3.67
-0.33
7.0
-2.33
-3.33
-3.0
5.0
-0.33
3.33
1.33
-2.0
-0.67
-5.67
1.67
2.0
1.0
0.67
-1.67
0.67
-1.0
4.0
1.33
-5.0
4.67
9.0
0.67
-3.0
4.0
1.0
0.67
0.0
-2.33
-0.33
-2.0
1.67
2.67
-0.67
1.67
3.67
-3.33
2.33
-2.67
1.0
-2.0
-0.33
0.67
-0.67
2.0
3.0
0.0
-1.0
-1.0
0.33
5.67
3.33
2.67
1.33
5.0
-1.0
1.33
2.0
4.67
-1.33
-2.0
-0.33
-0.33
-1.33
1.0
2.33
-0.33
1.33
-0.67
-2.67
5.0
-2.33
-4.67
-1.33
4.33
0.0
0.67
1.0
-2.33
3.33
0.67
-5.0
-3.67
1.67
-2.67
0.67
-3.67
-3.67
2.67
-2.67
2.33
-3.33
0.0
-1.0
2.67
-2.67
1.33
-3.67
-2.67
4.67
2.33
2.0
-3.0
-5.0
6.67
4.67
-2.0
-1.33
-2.0
-4.0
-1.67
0.67
1.0
0.0
8.33
0.33
-6.0
-3.67
0.33
5.0
1.0
3.0
2.67
3.67
3.0
0.33
8.33
2.67
-0.33
0.67
0.0
-4.0
-0.67
-2.67
-7.0
2.67
-3.33
-6.33
-1.33
-8.33
-2.33
0.33
-4.33
0.67
-1.0
-0.33
-2.67
-1.67
0.0
1.0
-0.67
2.33
-3.0
3.0
3.33
4.33
3.33
1.67
-2.33
0.0
0.0
-3.67
0.67
1.33
1.33
1.33
0.33
2.33
1.67
10.0
4.0
-1.0
2.67
0.33
3.67
6.0
3.67
3.33
-3.0
3.33
1.0
6.67
-2.33
-3.33
4.0
0.67
-4.0
-2.33
1.67
1.67
-2.67
0.33
7.0
1.33
1.67
7.33
-1.0
2.67
3.0
7.33
1.0
-0.67
0.67
2.67
7.33
1.33
-1.67
1.0
5.33
14.0
5.0
5.0
9.33
10.33
18.0
7.0
14.67
13.33
19.33
16.33
22.67
18.0
22.0
20.0
8.67
8.67
6.67
11.33
12.67
1.33
7.33
7.33
6.67
-2.33
5.67
0.67
1.0
7.0
0.67
-2.33
9.33
10.0
3.33
5.33
-3.0
-2.67
9.67
2.0
2.0
1.0
4.0
-2.0
7.0
-1.67
3.0
13.0
6.33
3.67
-1.0
7.67
6.33
5.0
1.0
1.67
7.33
4.33
4.0
-0.67
1.0
1.33
-1.67
-1.67
1.0
-3.0
3.67
2.0
2.0
7.67
1.67
1.33
4.0
2.33
2.67
1.0
2.67
2.0
9.0
1.33
7.33
6.67
5.67
-0.33
1.67
2.0
-4.33
3.33
4.67
-6.67
-3.0
6.33
1.0
-2.33
-0.67
1.0
1.67
-2.0
2.67
0.67
5.67
8.33
3.67
3.0
2.0
7.33
-2.33
3.67
17.0
-2.67
6.0
1.33
1.33
6.67
-1.33
16.0
0.0
0.67
10.0
5.0
-2.33
-2.67
5.0
11.33
3.0
0.33
1.0
-0.67
-2.33
4.0
6.67
-1.33
6.67
0.67
2.67
-8.0
9.0
3.33
1.33
4.67
4.33
3.67
-0.67
2.0
2.33
-0.67
0.67
-1.33
3.0
7.33
4.0
5.0
5.0
0.67
1.67
7.33
4.67
2.33
-0.67
7.33
8.0
3.33
2.33
8.0
5.33
14.67
5.0
0.67
5.0
10.33
-2.0
4.33
7.67
5.33
0.0
8.33
0.33
7.67
1.0
5.33
-2.0
4.0
11.33
8.33
2.67
1.67
7.33
0.0
13.67
0.0
-0.33
3.67
2.67
8.67
2.67
11.67
4.67
0.0
-6.0
2.67
1.0
4.0
9.67
5.33
-7.67
3.33
2.33
7.0
10.33
1.33
1.67
9.67
9.67
-1.67
8.0
10.0
18.0
5.33
3.0
16.67
9.0
15.67
9.67
12.0
13.67
13.0
20.0
13.33
28.33
17.0
28.33
20.33
20.0
31.67
37.33
15.67
19.33
34.67
33.67
22.67
23.33
19.0
29.33
21.67
19.33
21.0
18.33
14.33
5.0
15.67
8.67
11.67
13.33
7.67
-1.33
3.33
2.67
9.0
4.33
8.0
4.33
8.67
10.33
3.33
9.67
11.33
0.33
-1.0
0.67
10.33
7.67
9.67
3.33
8.33
4.67
17.0
2.33
12.67
0.67
-2.67
16.0
10.67
4.0
8.67
10.67
13.67
6.0
6.0
1.33
12.0
5.67
4.67
2.33
6.33
8.33
22.67
1.33
12.67
4.67
13.67
8.67
13.0
7.67
6.0
7.33
10.67
9.67
7.0
9.67
6.33
7.0
8.0
4.33
-0.67
10.0
10.0
13.0
0.67
13.67
9.67
9.33
17.67
3.67
6.67
7.33
9.33
15.0
4.0
5.0
3.33
14.67
3.0
7.33
5.33
10.0
12.33
3.0
6.67
8.33
11.0
3.67
8.67
-0.33
13.67
12.0
2.33
8.0
13.67
6.0
4.67
8.0
11.33
15.67
6.67
3.67
2.0
6.33
2.33
12.0
1.33
6.67
12.0
6.67
9.67
6.67
14.0
13.0
7.33
14.67
4.67
-1.67
9.67
6.0
-3.0
19.0
8.33
14.0
-3.0
12.67
9.33
11.33
14.33
11.67
11.33
13.33
2.33
-5.0
19.67
10.67
-1.67
12.33
2.0
-2.0
12.0
3.67
10.33
3.67
11.33
15.67
6.33
7.33
20.67
5.33
9.0
7.33
9.33
4.0
5.33
12.33
15.67
9.0
11.33
8.0
4.0
12.33
18.0
17.0
14.33
12.67
4.0
13.67
5.67
16.0
13.67
1.33
9.33
10.0
12.33
5.33
5.33
9.0
0.67
16.33
15.33
8.0
10.0
2.33
8.67
2.67
16.67
12.33
10.33
5.67
9.0
8.67
13.0
20.33
5.33
15.67
7.33
9.33
8.0
10.33
8.67
13.67
12.33
5.0
7.67
11.67
8.33
4.67
21.33
12.33
25.0
17.33
4.67
12.33
17.33
13.67
13.33
14.67
12.0
13.67
21.33
15.67
12.0
11.0
21.0
4.33
14.0
13.33
20.0
15.67
11.0
18.33
13.33
20.33
18.0
20.33
39.0
27.67
34.33
27.0
42.67
69.33
61.33
64.67
55.0
75.67
99.67
99.33
94.67
103.0
118.0
114.0
143.67
140.33
146.0
192.67
171.33
191.67
203.0
197.0
181.67
190.0
195.0
187.0
172.33
186.0
173.67
172.33
149.0
116.0
113.67
89.33
109.33
116.33
75.33
101.33
68.33
63.67
41.0
38.67
50.0
25.67
18.67
22.0
17.33
28.33
14.0
17.67
25.0
13.0
5.0
11.33
17.33
14.33
11.0
6.33
17.67
-0.33
9.33
2.67
14.67
22.0
7.0
7.0
8.67
15.33
1.67
4.33
14.33
12.33
11.67
18.33
22.33
12.67
-4.0
14.33
17.67
1.67
20.67
1.67
17.33
8.0
21.0
-3.67
22.33
6.33
16.0
18.67
21.67
15.0
16.0
7.33
5.67
13.0
4.0
-7.0
7.67
18.33
10.33
4.67
12.67
10.33
22.33
2.0
14.33
5.0
4.33
13.0
12.67
6.33
13.0
2.0
14.0
11.33
0.0
8.67
6.33
15.67
9.33
12.0
27.0
15.67
13.0
0.67
8.67
24.0
14.67
22.33
11.67
6.33
12.0
3.0
19.0
13.0
7.0
12.0
24.33
13.33
10.0
7.0
20.67
9.67
2.67
17.67
5.33
10.33
3.0
13.33
-2.33
3.0
19.67
14.67
15.67
19.33
11.33
-2.0
7.33
14.0
5.67
2.33
8.0
6.33
7.33
7.0
11.33
-5.0
3.0
-0.67
12.33
6.0
3.0
-1.0
-0.33
15.67
21.0
-8.0
19.33
-2.33
11.33
12.33
0.33
25.0
4.0
7.67
11.0
23.0
10.33
6.67
2.67
-2.0
-5.0
-1.33
7.33
12.0
15.67
15.67
22.67
2.0
-8.0
8.67
3.67
5.33
8.0
18.67
30.33
19.33
0.67
0.67
5.0
8.0
13.67
25.67
9.33
3.67
8.0
11.0
11.0
26.33
13.33
19.0
19.0
21.0
18.67
17.0
11.33
3.0
7.67
26.33
21.33
9.67
12.33
20.33
17.33
5.0
10.0
16.0
22.33
16.0
14.33
18.0
2.33
16.0
5.67
12.33
10.67
27.67
-6.0
-3.0
12.67
0.0
12.0
25.33
12.67
6.67
4.0
7.67
-4.67
6.0
1.0
-3.33
8.33
13.0
1.0
6.0
8.0
3.0
-1.33
-5.33
-6.0
11.0
16.0
21.33
16.0
9.33
-4.0
5.0
3.0
8.0
14.0
10.33
-0.67
12.33
16.0
1.67
-4.33
9.33
8.33
1.67
0.67
11.33
-7.33
14.0
5.33
7.67
6.0
1.67
6.0
2.67
0.33
19.67
10.33
10.67
3.33
10.33
9.0
6.67
20.0
15.33
8.67
0.0
14.33
9.0
5.67
11.67
8.33
20.0
15.33
2.0
13.33
9.67
-8.0
5.33
9.0
8.67
1.0
19.33
-2.0
11.0
16.33
5.67
-5.33
-6.33
3.0
7.67
5.67
4.33
2.67
4.0
0.0
-4.0
-1.33
-0.67
3.33
9.67
-2.33
11.33
2.67
4.67
2.0
-6.0
-10.0
7.67
4.67
-12.67
0.67
-0.33
8.0
0.33
2.67
9.67
-9.33
10.67
12.33
-8.67
14.33
3.0
5.0
0.33
4.0
-5.0
-4.0
5.67
7.0
3.33
-7.0
9.0
4.33
-2.0
-8.33
5.33
12.67
13.67
-2.0
7.0
4.67
2.67
-1.0
6.0
4.33
-3.0
-2.0
10.0
1.67
4.0
4.67
7.33
-4.0
4.0
3.33
0.67
12.0
4.67
5.67
2.33
5.33
10.33
5.0
-3.33
-3.0
7.33
14.67
6.67
-1.33
1.33
3.0
-5.67
2.0
13.33
0.33
0.33
1.67
19.0
6.33
12.33
-2.33
-0.33
-4.33
9.0
12.33
13.33
5.0
-1.33
-5.33
8.0
2.33
12.33
4.67
-0.33
9.0
2.0
10.67
8.67
11.33
4.0
7.33
5.67
14.33
1.33
1.0
12.33
4.67
9.0
4.0
21.0
12.67
-0.33
-0.67
3.33
0.33
12.67
8.67
15.0
12.33
23.33
15.33
14.33
-1.33
14.67
1.0
10.33
12.0
2.0
3.67
1.0
2.0
3.33
7.0
4.67
3.33
-2.67
1.33
-3.0
-1.67
0.33
2.67
2.0
-8.67
1.33
6.67
-4.67
5.0
1.0
2.67
1.67
-3.67
7.0
8.33
-2.0
-2.33
8.67
-3.0
-0.33
13.33
4.33
9.0
1.33
6.0
-3.67
13.67
6.67
4.33
9.33
8.33
0.0
-6.67
1.0
3.0
5.0
-3.0
9.0
0.67
0.67
-2.33
3.33
6.0
7.67
4.0
0.0
-0.67
-1.0
0.33
-4.0
-0.67
-0.67
2.0
-4.0
3.33
-7.67
-1.0
2.67
3.33
3.33
0.0
0.0
6.67
2.33
13.67
1.0
1.67
9.33
-0.33
-0.33
0.67
4.33
0.67
-5.33
8.67
-3.33
-6.67
-3.0
2.0
7.33
9.0
2.33
3.67
4.0
3.67
-4.33
-4.0
-5.0
-1.67
1.0
-2.33
3.67
-1.0
10.0
4.0
2.33
-1.0
9.67
-4.33
-4.67
-6.0
-6.0
2.33
-4.0
-2.0
-0.67
4.33
2.33
4.33
3.67
2.0
12.0
12.0
4.67
1.0
11.33
6.67
3.33
11.33
5.0
1.0
12.33
-2.67
8.33
5.33
4.0
7.67
13.67
8.33
-0.33
1.67
-4.33
8.33
4.33
4.67
3.33
-4.0
-1.33
0.67
1.67
8.0
2.0
12.0
1.33
3.67
8.33
-2.67
13.0
0.33
7.0
6.0
-0.33
-0.33
-0.33
-1.33
-2.0
-1.33
3.33
5.33
0.33
3.67
1.33
1.33
0.0
-3.67
5.0
-1.67
4.67
5.0
4.0
3.0
0.33
-0.33
5.33
2.67
4.0
8.0
1.67
5.67
1.33
3.33
0.67
4.0
-7.33
-0.67
-3.0
-9.33
-3.67
3.33
-3.67
1.0
-1.0
-0.33
-4.33
7.0
2.67
2.0
2.0
3.67
0.33
-1.67
9.0
0.67
2.67
2.67
-1.0
1.67
-2.67
3.0
3.67
-4.33
2.0
-6.33
8.0
-2.0
2.33
4.67
3.67
0.33
-0.67
-0.67
0.0
-2.0
4.0
-7.33
2.33
5.0
0.0
0.67
-1.33
-1.33
-4.0
1.33
5.67
1.33
-2.67
-0.33
2.67
2.33
-7.0
-0.67
-3.67
-4.67
-3.33
9.0
-2.67
-1.33
3.33
8.33
0.67
-0.67
1.33
-1.67
-3.67
-2.33
0.33
1.0
-1.0
4.33
4.67
-1.33
4.67
0.33
2.0
7.0
0.33
2.0
-1.33
-0.33
1.0
4.67
