0.0
68.33
11.0
-14.33
-32.33
47.0
17.67
63.67
22.0
47.0
18.67
20.33
17.0
8.67
-8.0
17.67
-21.67
-32.33
-21.33
-45.67
0.0
-23.33
-22.33
-13.0
18.33
5.67
4.67
13.0
2.0
-1.67
-12.33
2.0
-0.67
-1.0
-0.67
-6.0
-1.33
-0.67
4.67
-0.67
0.33
0.33
-1.0
0.0
0.0
1.0
1.0
0.67
0.0
-0.33
0.33
-1.33
1.33
0.0
0.0
0.0
-0.33
0.67
-0.67
0.67
0.67
-0.33
-0.33
0.33
-0.33
-0.67
0.33
1.0
0.67
0.0
1.67
-1.0
0.0
0.0
-0.67
-0.33
-0.33
-0.33
0.0
-0.67
-0.67
-0.67
-0.33
-0.33
-0.33
2.0
-0.33
-0.33
0.0
0.67
0.33
-0.33
-1.0
-0.67
0.67
0.0
0.67
-1.0
0.67
2.33
1.67
-2.33
1.0
0.33
3.0
0.0
0.33
2.0
1.67
2.0
-1.0
-0.67
-2.0
1.0
1.33
0.33
0.33
2.33
2.67
-2.33
-1.67
0.33
-1.67
0.33
1.33
-1.0
2.33
3.67
1.67
0.33
2.33
1.33
-0.33
4.33
3.67
4.0
1.0
-0.67
2.33
1.0
5.0
0.0
-3.33
-4.0
-5.33
5.0
3.0
-0.33
2.67
7.0
-0.33
-0.33
2.33
-2.67
-4.0
1.0
5.33
4.33
3.0
-7.33
3.33
-1.33
0.67
1.33
5.0
1.33
4.33
10.33
0.67
-3.33
3.33
3.67
-2.33
3.0
1.0
1.33
2.0
4.0
11.67
4.33
9.33
1.67
7.67
-1.0
7.33
-4.33
0.67
1.67
1.67
0.67
3.67
-0.33
-4.0
-0.33
3.67
-5.67
-4.0
1.67
2.33
4.33
0.33
0.0
2.33
1.67
-4.0
-3.33
-0.33
-4.33
0.67
5.67
6.33
-0.67
-0.67
4.0
10.0
1.0
2.33
7.0
7.33
3.0
2.0
2.67
2.67
0.33
4.33
4.0
4.0
4.67
1.33
1.33
9.67
11.67
1.0
2.33
9.67
2.33
-3.67
3.0
1.67
3.33
5.33
4.33
-4.0
5.0
-1.0
9.67
10.0
0.33
5.33
8.0
3.0
3.0
-2.67
-1.0
10.33
5.33
0.67
3.33
-2.67
1.0
1.33
0.67
2.67
0.0
2.33
0.0
-0.33
7.33
-2.0
1.33
2.33
2.33
2.67
0.67
6.0
2.0
2.33
-2.67
8.67
2.33
2.33
4.0
5.33
6.0
0.33
0.0
2.33
-1.33
0.33
0.33
1.67
1.0
8.67
3.67
4.33
7.67
11.33
3.33
0.0
2.33
-0.67
0.67
16.0
2.0
2.33
2.0
-6.0
8.67
1.33
5.0
1.67
4.67
-0.33
-0.67
9.0
-2.0
-1.0
6.33
-1.33
4.0
12.67
6.33
1.33
-3.67
1.67
4.33
-1.33
0.67
3.33
4.67
-1.0
2.33
2.0
-5.33
-3.0
0.0
3.33
1.33
10.67
-1.0
3.33
-2.0
-2.67
-1.67
8.33
3.33
2.0
0.33
-4.67
-0.33
3.0
-3.0
0.67
-0.33
-2.33
4.67
7.0
5.33
0.0
3.33
-0.67
1.0
-0.33
1.33
1.67
2.67
4.67
-0.33
0.33
-3.0
-3.0
1.0
3.0
4.67
2.67
12.0
2.33
-1.0
-1.67
1.33
-5.33
2.33
4.0
-2.0
5.67
3.33
1.67
1.33
5.0
-2.67
0.33
0.0
2.33
2.33
0.0
3.0
-0.67
4.67
-8.33
-4.67
-0.67
4.67
2.33
3.33
0.33
0.33
-0.67
3.0
2.0
0.67
-4.0
1.33
4.67
3.0
-1.0
-1.0
8.0
-3.67
1.67
4.67
-1.67
-5.67
2.0
6.0
8.0
0.0
1.67
-7.0
-6.0
-0.67
5.67
2.0
2.0
2.0
5.33
2.0
0.33
-1.67
-0.67
-4.33
2.67
4.0
5.0
-0.33
-1.33
-1.67
1.0
-4.67
2.67
1.67
2.67
-3.33
-2.33
-3.67
5.33
3.33
-2.33
-1.0
-1.0
1.33
1.33
2.0
1.33
1.33
-0.67
6.67
-3.67
-1.0
1.67
-3.33
-1.33
2.0
2.67
-1.0
-0.33
8.33
2.67
6.33
6.33
3.67
-2.0
4.0
-4.67
-0.33
5.0
-2.67
5.33
3.67
-1.67
-1.0
-2.67
3.67
-1.33
2.67
-1.0
-0.67
1.67
3.67
-8.0
4.0
3.67
-0.33
0.0
3.67
5.33
2.0
2.67
-0.33
-1.67
-3.0
7.33
6.33
2.67
5.67
3.33
4.33
4.67
2.67
2.33
3.67
-1.33
2.33
-1.0
4.33
-2.0
-2.0
1.67
2.0
4.33
-4.67
0.67
1.0
-5.0
2.33
-4.33
0.0
2.0
0.33
-1.67
0.67
1.67
1.67
-0.33
-0.67
-4.0
2.67
1.0
-1.0
2.33
0.0
-2.0
-2.67
-2.33
3.0
1.0
3.0
-3.33
-1.33
-1.0
1.0
2.33
3.67
0.0
-3.67
3.0
2.0
3.67
1.33
3.33
1.0
0.0
-3.0
4.0
0.0
6.0
0.33
3.0
1.67
-1.33
0.0
0.67
5.0
6.33
-3.0
5.33
0.33
-3.33
-2.0
-5.0
-1.33
6.0
0.33
-3.33
2.0
-3.33
-0.33
0.0
3.0
0.67
3.33
4.33
0.0
-1.67
-2.67
-2.33
7.0
0.0
2.67
-2.67
3.67
-3.0
0.0
1.33
-1.0
0.67
4.0
-4.33
2.0
6.0
-2.0
-0.33
5.0
-2.33
-1.33
2.0
-0.33
-0.33
-3.67
-0.33
0.67
2.67
-1.67
0.33
4.0
-4.0
-1.33
0.67
-0.67
-5.0
2.0
-1.0
-2.0
3.0
1.33
-4.33
-0.67
6.67
-2.67
0.0
-3.0
1.33
1.0
0.67
-3.33
-1.0
-0.33
-1.33
0.67
3.0
-2.67
1.67
-0.67
0.33
-4.67
1.0
-2.33
-0.67
-2.33
-2.67
-2.0
4.67
2.0
-3.33
-0.67
-1.33
-3.0
-5.67
3.67
3.33
-0.33
0.33
-2.67
-0.33
1.33
2.33
2.67
2.0
4.0
0.67
0.33
4.33
-3.67
-2.67
0.67
1.33
-5.0
-3.0
1.0
3.67
2.67
1.0
-1.33
0.0
2.0
0.33
-0.33
4.0
-2.0
1.33
-0.67
0.0
-2.67
7.33
3.0
-1.0
-2.0
1.67
0.67
-5.0
0.33
1.33
-2.33
1.67
-2.33
-4.0
-1.0
0.33
-2.67
-4.0
-0.33
-3.33
-2.33
-2.33
2.67
-3.33
1.33
0.67
-4.33
-1.0
-2.33
-8.67
3.33
-1.0
-2.0
-1.67
-5.67
4.0
0.0
2.33
1.33
-1.67
-1.33
-3.33
3.0
2.0
-3.67
-2.33
0.33
4.33
4.33
0.33
-1.67
0.67
6.0
0.0
5.0
2.67
2.33
0.67
1.0
1.67
4.33
-3.0
-2.67
4.0
1.67
-2.33
-2.33
7.0
1.67
2.0
0.67
-2.33
-4.33
-3.67
1.33
-4.0
8.33
5.67
6.33
-3.0
1.67
5.0
7.33
-3.0
7.33
-0.33
0.67
4.33
-3.67
0.33
4.0
0.33
3.0
4.0
9.0
6.33
13.33
11.0
2.0
7.67
12.33
0.33
11.33
24.67
5.0
17.0
17.0
7.67
14.67
15.67
0.33
8.67
-0.67
0.33
6.33
1.67
-3.33
4.67
1.67
2.0
4.0
-2.33
4.67
5.33
7.0
-3.67
9.33
7.0
1.33
3.67
9.0
-1.0
3.0
7.0
2.0
5.0
11.33
-3.0
6.0
-2.67
4.67
8.0
6.67
11.33
5.0
3.0
1.67
1.33
-2.67
5.0
3.33
4.0
4.33
-1.67
2.33
-2.0
-2.0
4.67
7.0
9.0
6.67
6.67
0.33
1.0
1.33
5.67
6.0
-3.33
9.0
-2.0
6.33
6.33
0.67
2.67
2.67
-0.33
0.0
3.67
8.33
11.67
6.33
8.0
1.33
4.0
2.67
3.33
4.0
5.67
6.0
0.67
5.67
8.67
0.33
4.67
4.0
4.0
12.33
-1.33
-2.33
0.0
11.33
4.0
10.33
11.33
7.67
-2.33
-8.0
-8.0
8.67
7.0
8.0
-4.33
1.33
1.0
3.33
2.0
10.33
3.0
4.33
3.67
2.0
6.67
1.67
9.67
1.67
8.67
6.0
4.0
1.33
-7.67
18.67
3.33
-0.33
-1.67
9.0
10.33
5.33
2.67
2.67
4.0
1.33
4.0
-3.0
5.0
3.67
-2.33
1.33
8.67
2.33
8.33
8.33
8.0
1.33
6.33
15.0
0.33
1.67
5.0
6.67
2.0
8.33
3.0
6.33
5.67
-1.67
4.0
6.33
3.33
4.67
3.0
11.33
3.0
4.0
3.33
5.33
6.67
-0.33
4.33
6.0
3.67
4.0
-1.33
4.67
-0.33
2.67
5.67
3.67
-3.33
1.0
5.0
9.67
0.0
10.0
6.67
2.33
-0.67
7.33
-3.67
3.0
5.33
3.33
1.67
-0.33
12.67
5.33
8.0
3.0
9.0
2.33
4.0
16.67
10.0
2.67
6.67
13.0
17.67
22.0
33.0
17.33
29.33
31.0
31.33
35.33
33.0
20.67
28.33
31.67
30.33
40.67
38.67
32.67
33.33
17.0
18.33
16.67
7.33
19.0
24.33
4.33
24.0
12.67
9.67
8.67
17.33
1.67
4.67
12.33
6.67
6.0
17.33
9.0
12.33
6.67
8.33
10.33
6.67
14.33
4.33
13.0
9.67
12.33
3.67
-1.33
2.33
6.33
7.67
19.0
8.33
6.67
9.67
14.33
14.0
5.67
14.0
9.67
4.67
5.67
11.0
4.0
4.33
12.0
9.67
-0.33
13.33
8.33
6.33
9.67
0.33
14.67
10.67
10.67
4.67
18.0
17.67
5.0
9.33
11.67
10.67
13.0
14.67
7.33
19.0
12.0
5.33
4.33
-3.0
7.0
8.0
7.67
5.67
13.67
5.33
12.67
1.67
8.67
2.33
7.33
12.0
4.0
8.0
11.33
3.67
1.0
18.33
6.33
8.0
10.33
16.0
13.67
8.33
7.0
-1.33
-3.33
4.67
9.67
6.0
21.33
4.0
9.67
4.0
8.67
20.0
21.33
10.67
15.67
3.67
0.0
13.33
9.33
12.0
1.33
14.67
8.0
18.67
13.67
11.67
10.0
7.0
10.33
7.67
7.67
2.33
11.67
-2.0
3.0
1.0
21.33
8.0
17.0
3.67
22.33
11.33
16.33
14.67
-2.67
10.33
1.33
13.0
17.67
3.67
6.33
14.33
0.0
15.0
8.0
10.67
10.33
-2.33
12.33
5.67
14.33
7.33
1.67
7.33
13.0
-1.67
16.33
8.0
4.33
7.33
10.67
16.0
3.33
9.0
14.0
8.33
14.0
12.0
15.33
11.67
5.0
19.67
16.67
19.0
11.67
13.33
15.33
10.0
14.33
14.33
1.33
7.0
21.67
10.33
12.33
7.0
-7.0
14.33
7.67
1.67
9.67
9.33
16.33
10.67
20.0
11.67
5.0
9.33
13.33
11.67
12.33
12.33
6.0
9.33
5.67
5.67
10.33
13.0
5.67
13.67
16.33
9.67
0.33
10.33
10.0
6.33
2.67
13.33
13.33
16.67
8.33
16.67
8.0
10.67
19.33
13.67
16.0
20.0
7.0
24.33
21.0
9.33
16.0
11.67
17.0
21.33
20.33
12.33
17.0
22.33
45.0
21.67
32.33
41.0
37.67
50.33
60.33
61.67
61.0
78.67
86.67
119.33
96.67
124.0
117.0
119.0
167.67
148.33
181.0
182.67
191.33
183.67
235.0
225.0
194.67
221.0
211.0
196.0
236.33
217.0
194.67
179.33
127.0
165.0
150.67
103.33
115.33
124.33
111.33
69.33
98.33
49.67
36.0
56.67
40.0
27.67
27.67
28.0
25.33
37.33
10.0
20.67
14.0
6.0
11.0
9.33
17.33
25.33
8.0
9.33
1.67
-0.33
13.33
11.67
15.67
15.0
9.0
26.0
10.67
11.33
7.67
5.33
4.33
15.33
4.67
12.33
12.33
12.67
1.0
6.33
10.67
7.67
9.67
19.67
8.33
14.0
11.0
17.33
17.33
12.33
8.0
7.67
19.67
9.0
17.0
1.33
16.67
16.0
10.0
9.0
12.67
3.33
11.33
11.67
12.67
10.33
8.33
17.0
5.33
6.0
2.33
5.0
20.67
6.33
13.0
22.0
9.0
10.33
3.0
15.67
12.33
6.67
8.33
13.0
21.0
11.67
2.0
5.67
13.67
8.0
18.67
3.33
3.67
4.33
24.0
10.0
11.0
5.0
6.0
-1.0
18.33
13.33
14.0
8.0
9.67
3.67
2.67
1.67
-1.67
4.33
4.0
14.33
4.67
14.0
10.67
4.67
12.67
17.33
10.33
5.0
9.33
8.0
7.67
8.33
10.0
3.33
10.33
-1.0
8.33
10.0
-2.0
12.33
-1.67
16.0
1.0
0.0
-1.33
3.67
17.0
-3.0
14.33
-1.33
5.33
12.33
5.33
14.0
4.0
2.67
2.0
-7.0
-0.67
5.67
2.67
6.0
3.0
4.67
11.33
0.0
4.67
6.67
7.67
4.0
-2.0
14.67
8.67
-2.67
11.0
13.67
7.33
10.33
6.67
6.67
4.0
12.0
-1.33
7.67
14.33
21.67
16.0
4.0
13.0
5.33
28.33
14.0
14.0
10.0
13.67
6.0
11.33
12.0
14.67
13.33
17.33
11.67
14.33
22.33
16.33
16.0
16.0
9.0
11.33
10.0
2.33
9.0
7.33
6.0
1.67
-4.67
10.67
8.67
-4.0
11.0
5.67
16.0
6.0
11.33
13.67
6.67
9.0
9.67
-1.67
16.0
1.0
-4.33
18.33
0.0
-5.0
14.0
5.0
6.0
-1.33
4.67
9.0
3.0
7.0
13.33
23.0
18.33
-5.0
-1.0
10.0
13.0
6.0
9.33
-5.67
10.33
12.0
-0.33
10.67
22.33
7.33
24.67
12.67
11.33
1.67
-2.0
4.33
-2.33
0.0
5.67
13.0
3.67
13.33
7.67
14.33
6.67
9.33
9.33
-1.0
7.67
1.0
20.33
17.67
20.0
9.33
13.0
14.67
11.67
3.33
18.0
12.33
2.0
14.33
6.67
6.0
8.33
5.0
1.67
7.0
-0.67
10.0
-3.0
3.33
4.67
12.67
-4.33
-5.0
2.67
-1.33
-4.67
-2.33
3.0
4.0
15.0
3.67
7.33
-0.67
14.67
8.67
6.33
0.67
1.67
6.0
-10.0
-4.0
14.67
3.67
1.33
-5.33
-0.33
4.0
0.33
-3.33
3.67
-1.33
-5.33
7.33
8.33
13.33
6.0
-2.0
4.33
2.0
8.0
4.0
-6.33
-11.0
6.33
-4.0
-9.0
11.33
7.0
-6.33
3.33
11.67
6.67
3.0
9.0
-0.33
3.67
5.0
-6.0
0.33
-7.0
0.0
10.0
-5.33
-4.0
3.67
8.33
-9.0
3.0
4.33
5.67
6.0
1.67
5.67
8.33
8.33
4.33
5.0
-2.33
8.0
-0.67
3.67
-8.33
12.67
3.33
5.0
3.33
3.0
10.33
5.33
5.33
-2.33
9.0
9.33
3.33
4.67
8.67
3.67
9.0
4.33
2.33
3.0
1.67
14.67
7.0
9.33
7.33
16.67
-4.33
9.0
5.0
-1.33
0.67
17.33
2.0
5.33
6.67
8.33
5.33
4.0
4.33
12.67
10.0
9.0
13.0
15.67
0.67
4.33
-0.67
7.33
-0.33
-1.33
8.0
12.33
21.33
6.33
11.33
12.67
3.67
4.0
0.33
-4.0
9.0
5.67
9.0
0.0
3.33
3.0
11.67
2.33
-7.67
3.33
3.0
2.33
10.33
-2.33
-6.0
-4.67
6.33
-3.33
-2.67
5.0
9.0
0.67
-0.33
6.33
4.0
6.33
3.0
0.67
3.67
7.0
4.67
3.33
0.33
4.0
4.33
6.0
-0.67
-0.33
6.67
10.33
9.33
-5.67
1.0
-3.67
10.0
-3.0
6.0
2.0
2.0
-0.33
3.67
-2.33
4.33
2.0
2.67
3.0
5.0
-1.67
-1.0
3.33
1.0
2.33
-1.67
-2.0
-1.0
-0.67
-1.67
-2.0
-5.33
-1.67
3.33
1.0
-4.0
5.67
7.33
5.67
5.0
-2.33
4.33
3.67
2.67
3.67
8.33
2.67
1.67
-3.33
-5.33
0.33
5.0
1.0
6.33
4.0
3.33
-1.33
-6.0
4.67
1.67
7.0
-4.0
2.33
7.0
7.67
9.67
3.0
0.0
-2.0
13.33
-7.0
1.67
2.67
5.33
0.0
3.0
-2.67
-3.0
-5.0
5.33
4.33
0.33
7.33
0.67
11.0
-3.0
7.0
2.67
-3.0
0.33
12.67
2.33
3.33
2.0
5.0
8.33
6.33
8.33
2.33
3.0
12.67
8.67
-3.67
5.67
1.67
1.67
1.33
-2.67
-1.33
4.33
3.0
10.67
2.67
2.67
5.0
7.0
-2.0
5.33
-2.33
6.33
4.33
1.0
-3.67
-2.0
4.0
4.67
-0.33
-1.33
4.67
0.0
-0.33
9.33
3.33
3.33
4.67
-1.67
1.33
2.0
4.33
7.0
-0.67
6.67
-4.0
3.0
-5.0
-2.67
3.67
7.33
4.67
-2.0
1.0
5.67
5.67
2.33
3.33
4.67
1.0
3.67
4.33
-1.0
0.67
-2.67
2.33
2.33
11.0
6.0
4.67
3.67
-2.0
3.67
4.0
6.0
-1.33
5.33
2.33
3.0
-4.33
-2.33
-4.33
1.0
-4.33
-1.67
2.0
1.67
-1.33
2.0
-3.33
4.0
5.0
4.33
-2.33
4.67
1.33
3.33
-4.67
2.0
4.0
2.0
-1.33
-2.67
2.0
-1.0
0.67
-2.33
-0.33
1.0
-4.67
-0.33
1.33
-0.67
2.67
0.67
-9.67
0.0
-1.67
-3.67
0.33
-2.33
-2.0
5.33
2.67
-0.67
-4.67
-0.33
-2.67
0.33
-2.67
0.33
-3.33
4.33
7.0
0.0
-1.67
0.67
-3.33
4.67
0.33
2.0
-3.0
1.33
1.0
7.67
-4.33
2.0
5.67
