0.0
38.33
69.0
27.67
28.67
46.0
21.67
48.67
44.0
80.0
2.67
-28.67
50.0
-21.33
-39.0
-72.33
-41.67
-85.33
-69.33
16.33
-39.0
-41.33
-27.33
-3.0
-7.67
-25.33
10.67
-12.0
3.0
1.33
-0.33
1.0
-5.67
5.0
-1.67
-4.0
-4.33
1.33
0.67
0.33
-0.67
0.33
0.0
1.0
0.0
1.0
0.0
0.67
1.0
-0.33
-0.67
-0.33
-0.67
1.0
0.0
0.0
0.67
-0.33
0.33
-0.33
-0.33
-0.33
0.67
-0.67
-0.33
-0.67
-0.67
0.0
-0.33
0.0
-0.33
-1.0
1.0
0.0
-0.67
0.67
-0.33
-0.33
1.0
-0.67
-0.67
-0.67
-0.33
-0.33
0.67
0.0
0.67
-0.33
-1.0
1.67
-0.67
-1.33
0.0
-0.67
0.67
-1.0
-0.33
-1.0
1.67
-0.67
-1.33
-0.33
1.0
0.33
1.0
3.0
3.33
-1.0
1.67
1.0
1.0
1.33
1.0
0.0
-0.67
-0.67
3.33
2.33
2.67
-1.33
5.33
6.33
-1.67
2.33
4.33
1.0
-2.67
5.67
3.67
1.33
-2.67
4.33
-0.33
2.33
5.67
3.0
4.0
1.33
2.33
-2.0
1.0
3.0
5.67
3.0
0.67
-2.0
5.0
2.67
4.67
8.0
-2.33
-4.33
-0.67
-0.67
2.0
-3.0
0.33
5.33
1.0
-0.33
0.33
-0.33
-4.33
-4.67
-3.0
2.33
-3.67
3.33
-0.33
0.67
-1.67
7.67
4.67
3.0
0.0
4.33
7.0
-3.0
1.67
9.33
-1.67
-2.33
3.67
3.0
5.33
-2.33
5.67
5.67
4.67
4.67
3.67
4.67
-1.0
2.67
8.67
1.33
6.0
-1.33
2.33
-1.67
-0.67
-1.0
4.33
5.67
-3.0
-3.33
0.67
0.67
-1.33
6.67
5.33
-0.67
1.33
3.0
3.0
2.0
-2.67
3.0
3.33
2.0
7.0
-3.33
-2.33
-1.67
-1.67
-5.0
4.0
-2.33
-0.67
3.33
1.67
9.67
-3.0
1.33
1.67
5.33
1.33
2.0
1.67
6.33
2.33
3.33
-2.0
8.0
0.0
8.67
4.0
10.33
1.33
6.0
-3.0
-4.0
-1.67
-1.0
4.33
2.33
2.67
8.33
3.33
5.0
3.33
-2.33
-2.33
6.0
-1.67
3.0
-2.33
2.33
1.0
-1.67
0.33
0.33
-3.33
-0.33
10.0
1.0
0.33
8.33
-0.33
0.33
5.33
-2.0
1.33
8.0
-4.67
0.0
11.33
-0.33
3.33
0.33
-1.33
2.0
6.67
-2.33
8.33
2.67
-2.67
1.33
5.0
0.33
4.33
7.67
2.0
2.0
1.33
7.0
4.0
0.67
6.33
-3.0
0.67
6.67
2.67
3.33
-1.0
0.0
-5.0
7.33
5.67
5.0
7.67
4.33
-2.67
1.33
1.67
4.33
6.67
0.67
1.33
4.67
5.0
3.33
5.0
-0.33
-4.0
1.0
4.33
-1.67
5.67
-1.0
7.33
4.0
7.33
-3.67
-1.67
0.33
0.0
4.33
1.33
-3.33
7.0
-2.0
-0.33
-2.33
-6.33
2.67
6.0
3.33
6.0
3.33
1.33
-2.0
0.67
1.33
4.67
-2.33
0.67
0.67
-0.67
-2.0
-2.0
1.0
-2.0
2.67
2.67
3.0
4.33
1.0
-0.67
-9.67
-0.33
5.33
0.0
-1.0
8.67
3.33
-2.33
-1.67
1.0
3.33
2.33
5.0
-2.67
-0.67
1.0
6.0
2.33
-1.33
-0.33
2.33
-0.67
0.67
1.33
-2.67
6.33
-3.67
-0.67
1.0
-1.0
4.67
-1.0
3.33
-1.33
9.0
3.0
0.0
-2.0
-2.67
1.67
1.67
-2.67
-1.67
1.0
0.0
5.0
0.0
4.67
1.0
1.0
2.33
0.67
4.0
-2.0
-2.0
3.33
1.0
1.33
2.33
-2.67
-3.33
-3.33
2.0
3.0
-0.33
-4.33
1.33
-6.0
-1.67
-3.33
2.67
11.67
-0.33
2.67
6.33
6.33
1.33
-0.33
4.0
3.0
2.33
-3.67
2.0
2.33
-2.67
-0.67
3.67
1.33
3.0
3.67
0.67
-2.33
1.0
0.67
-1.0
-2.33
2.33
1.67
-4.67
12.33
6.67
3.0
3.0
-0.67
2.67
2.0
-0.67
0.33
0.67
3.33
4.0
-2.67
-2.33
-1.33
-3.33
3.0
-2.67
-0.33
1.67
-1.0
2.0
-4.33
0.67
-2.0
6.67
5.33
4.0
-1.33
3.67
-1.67
-7.0
0.33
-2.67
0.67
1.67
1.33
3.33
0.67
-0.33
-1.67
-1.33
2.67
0.33
9.0
-2.67
-6.0
0.0
2.67
1.0
-0.67
1.33
2.67
2.0
-1.0
-1.67
-3.33
5.0
2.0
-0.67
-1.67
1.67
6.67
-2.33
1.67
-2.67
-2.0
2.67
0.0
-3.0
0.33
1.0
2.0
0.33
-2.33
1.0
-2.0
-1.0
0.67
6.67
-4.0
0.0
2.33
-0.33
2.0
3.33
-3.0
2.0
-1.33
-0.67
3.33
1.0
0.0
-3.0
1.0
3.0
2.0
0.33
-4.0
0.67
1.67
2.0
-3.33
3.0
-1.67
-3.0
1.33
0.33
-0.33
-2.0
-1.0
-0.33
2.0
-1.67
-2.33
1.0
-5.33
-3.33
0.0
1.0
2.67
3.33
-0.67
2.0
3.33
-3.67
-2.33
1.0
2.0
-3.33
-1.67
1.67
-2.0
3.0
-0.67
0.0
-0.33
2.0
-1.33
0.0
1.0
-3.0
-3.33
1.0
-4.33
-1.33
-1.0
4.67
4.67
-2.67
0.67
-1.33
4.67
-1.67
-1.67
1.0
8.0
2.67
-0.33
0.33
0.0
4.0
-2.0
2.0
1.0
0.33
1.67
-0.67
1.67
-2.67
-3.0
-3.0
4.33
2.0
1.67
-1.33
-3.0
1.67
-0.33
-3.33
4.0
-1.67
-1.33
-3.67
1.33
-1.67
0.0
0.67
-1.67
-3.33
1.33
-3.0
2.67
-1.0
-2.33
2.33
0.67
-1.0
-3.67
1.67
2.33
-1.33
0.33
2.33
2.67
0.33
0.33
-0.33
2.0
-1.0
1.67
0.33
2.33
-2.67
-2.67
-1.33
2.33
0.0
3.0
-2.0
8.67
-4.33
-1.0
3.67
-2.0
-2.0
-1.67
-2.33
6.0
1.0
4.33
5.33
7.0
-0.67
0.33
4.0
-2.0
0.0
1.67
3.67
3.0
0.33
1.33
2.67
5.67
-5.33
-2.0
0.0
-2.67
-3.67
-8.0
2.67
-6.33
1.67
-3.33
-3.33
-5.33
-4.67
-2.33
0.67
-3.0
-0.33
-5.67
-1.67
-2.0
-5.0
-1.67
2.33
0.0
-3.0
6.33
3.33
1.33
-1.33
3.67
0.0
4.0
-2.67
-2.33
-3.67
3.33
-0.67
2.33
2.33
2.67
6.0
-1.0
2.0
3.67
-1.67
-1.33
2.0
3.67
6.33
-3.0
-1.67
-1.0
0.67
-0.33
-7.33
0.0
4.67
3.0
1.67
0.67
5.67
-2.67
2.33
-2.0
4.33
1.67
6.33
-2.0
2.67
3.0
1.33
-3.0
1.33
-0.33
3.67
0.33
1.33
2.33
1.0
-4.67
-1.0
2.0
6.0
1.33
12.33
11.0
9.0
8.67
7.33
11.33
9.33
23.67
9.0
13.0
0.0
5.67
7.67
7.67
5.33
3.67
3.33
5.33
5.33
16.67
2.67
1.67
4.67
6.0
8.0
-2.33
1.67
2.33
4.0
-1.67
7.33
4.0
1.33
2.67
4.0
3.0
1.0
9.0
-2.0
6.0
-2.67
-1.0
6.0
-2.67
1.67
3.0
-1.33
10.33
3.0
3.0
2.67
4.33
0.33
-3.0
-1.67
0.0
0.33
0.33
8.33
-4.0
6.0
2.67
5.0
7.0
7.67
1.67
5.33
-1.0
5.33
4.67
3.0
-3.33
12.0
3.0
2.33
6.33
1.67
-0.33
9.67
-1.33
2.0
6.67
8.33
6.67
-2.67
-3.0
2.33
4.0
-0.33
4.33
9.0
6.67
-3.0
10.67
-0.33
6.67
1.33
-1.33
10.0
5.0
5.33
-1.33
-0.33
3.0
1.33
11.0
12.33
5.33
5.67
3.67
1.0
-3.0
1.67
8.0
3.0
3.67
2.33
0.0
18.33
6.0
4.33
2.0
15.33
0.67
13.0
11.67
11.67
13.67
0.67
4.67
-5.0
-5.0
0.33
5.33
12.67
7.33
0.67
-3.67
10.0
13.33
1.33
-4.33
3.67
-1.0
1.33
4.0
-2.0
4.0
-2.33
6.67
6.33
9.67
1.33
3.33
7.33
4.0
-1.67
-5.67
6.0
3.33
7.67
-2.0
-3.33
10.0
6.33
1.0
9.33
7.67
5.33
4.0
-2.67
6.33
9.67
11.0
6.33
8.0
0.0
2.33
9.33
7.67
3.67
7.33
-5.0
-0.33
11.0
-1.33
-4.33
-1.33
3.67
-2.33
2.67
0.67
1.0
-6.0
3.67
0.0
3.0
0.67
2.33
-0.67
1.33
-0.67
9.0
12.33
0.33
5.67
-3.33
9.67
-0.67
8.0
1.0
17.0
4.33
3.0
16.67
11.0
3.67
17.67
24.0
16.67
35.0
26.0
24.33
26.33
23.0
29.33
36.33
30.0
42.67
30.33
26.67
53.33
40.67
38.67
31.67
34.33
24.0
23.33
25.67
18.33
36.0
7.33
6.33
16.0
20.67
20.67
15.67
6.33
9.67
6.67
1.33
7.67
7.0
-0.67
9.0
9.33
-8.33
11.33
4.33
11.67
6.33
2.33
3.0
-0.33
7.33
9.67
1.67
6.33
12.33
7.67
13.0
8.33
6.67
1.67
11.33
8.0
3.67
5.0
3.67
14.67
11.67
10.0
8.0
9.33
7.0
0.67
3.67
2.33
1.33
14.33
10.67
3.33
14.67
8.67
9.67
2.67
8.0
8.67
4.0
6.33
5.67
6.67
15.0
12.67
13.33
14.0
6.0
12.33
14.33
7.0
4.0
1.0
6.67
-2.33
11.67
8.33
-0.33
13.67
12.67
10.33
7.33
14.0
7.0
18.0
4.33
9.67
6.0
7.33
9.33
15.0
17.33
4.0
7.67
9.33
10.0
5.67
10.67
-5.33
9.67
7.0
4.33
15.0
18.67
10.0
2.67
10.0
11.33
12.67
19.67
7.67
5.0
9.33
7.33
14.0
13.33
2.67
7.0
5.67
12.67
7.67
15.0
7.0
0.33
17.67
6.67
17.33
5.67
15.0
3.0
15.0
21.33
1.0
2.0
21.67
11.33
12.33
9.33
10.67
5.33
7.33
2.33
-2.0
18.67
2.67
14.33
10.33
-1.0
11.0
2.0
5.67
9.33
0.67
12.33
8.67
10.33
11.33
4.67
3.33
17.0
8.33
12.33
6.0
4.33
7.33
10.67
10.0
15.33
14.0
10.0
12.33
9.0
7.0
17.33
21.67
14.0
7.67
11.67
8.0
15.67
5.33
11.33
2.0
14.33
10.33
15.33
8.0
8.67
8.33
10.33
11.0
9.0
8.33
4.67
10.67
17.67
16.33
9.33
4.67
13.0
4.67
0.0
11.33
6.33
8.67
4.33
12.33
19.0
7.33
4.67
5.67
11.33
5.0
5.67
9.67
11.33
12.67
11.33
16.33
11.0
12.33
9.67
15.33
14.33
18.67
13.33
11.67
13.0
10.67
11.33
18.67
11.0
25.0
17.0
9.33
22.0
14.33
11.0
19.67
26.0
28.33
14.33
8.33
15.0
24.33
24.0
30.67
32.33
40.0
50.67
39.33
61.33
55.67
62.0
66.67
107.67
120.33
139.67
109.0
142.0
164.0
191.67
185.33
211.0
226.67
202.33
241.67
247.0
242.0
245.67
258.0
236.0
227.0
227.33
231.0
181.67
188.33
186.0
173.0
168.67
148.33
132.33
114.33
103.33
88.33
96.33
78.67
49.0
45.67
41.0
26.67
14.67
22.0
32.33
16.33
15.0
19.67
13.0
8.0
6.0
12.33
15.33
18.33
5.0
6.33
16.67
0.67
8.33
4.67
24.67
19.0
17.0
18.0
15.67
18.33
1.67
-0.67
8.33
16.33
3.67
6.33
11.33
12.67
6.0
15.33
20.67
7.67
5.67
14.67
6.33
16.0
7.0
13.33
16.33
-1.67
16.0
18.67
8.67
-5.0
25.0
15.33
6.67
8.0
-3.0
8.0
14.67
18.33
11.33
11.67
19.67
9.33
13.33
4.0
12.33
9.0
6.33
6.0
10.67
3.33
23.0
8.0
-1.0
16.33
13.0
14.67
5.33
0.67
14.33
16.0
13.0
9.67
9.0
5.67
14.67
8.0
10.67
3.33
1.67
9.33
16.0
9.0
-1.0
9.0
16.0
10.0
18.33
12.33
6.0
4.0
13.67
16.67
8.67
10.67
7.33
7.33
9.0
9.33
1.67
16.0
11.67
1.67
8.67
13.33
0.33
0.0
13.33
14.0
9.67
-6.67
14.0
-3.67
3.33
3.0
12.33
5.0
15.0
8.33
17.33
6.0
10.0
1.0
1.67
16.67
1.0
4.0
-0.67
6.67
7.33
4.33
12.33
7.0
18.0
1.67
7.0
17.0
10.33
8.67
-3.33
3.0
-3.0
12.67
21.33
2.0
8.67
7.67
7.67
1.0
-4.0
9.67
16.67
-4.67
4.0
14.67
4.33
1.33
5.67
6.67
4.0
10.0
2.67
7.67
13.33
5.67
3.0
12.0
18.0
16.33
20.33
19.0
13.0
14.0
20.67
14.0
4.33
3.0
27.67
1.33
16.33
9.67
-0.67
1.33
9.33
4.0
22.0
12.0
6.33
1.0
0.33
5.0
5.33
11.0
11.67
3.33
8.67
5.67
0.0
7.0
8.67
6.0
10.0
16.33
5.67
-1.33
-8.0
-3.33
-2.67
14.0
12.0
4.67
7.33
7.0
7.0
12.0
-7.0
0.0
4.67
-3.33
2.0
5.0
-6.0
19.33
6.0
-5.67
4.0
1.0
1.0
5.0
3.0
10.33
7.33
4.33
11.0
6.67
3.67
8.33
3.33
8.67
12.67
9.33
5.67
12.0
5.33
2.67
1.0
15.67
12.0
12.67
13.33
6.67
15.33
18.67
9.33
17.33
14.0
9.67
15.0
15.33
4.67
2.0
-1.67
7.0
-0.33
-0.33
0.33
14.0
4.33
4.0
10.33
5.67
-6.0
4.33
2.0
-5.33
7.0
-3.67
4.0
-1.0
5.33
3.67
8.67
6.67
-2.0
3.67
15.67
8.33
11.67
12.0
-7.0
-4.0
3.67
3.33
-2.67
-4.33
6.67
5.33
12.67
-2.33
-1.0
-1.0
8.0
13.67
-1.33
2.33
8.67
13.67
4.0
7.33
5.67
-1.33
8.67
5.67
0.33
1.33
15.33
5.0
4.0
1.33
1.0
-2.0
-3.0
1.67
6.0
-0.67
3.0
2.0
2.33
-1.0
-3.33
1.33
5.67
8.67
0.0
6.0
-1.33
4.67
-1.0
0.0
-1.67
-2.0
0.0
11.0
3.67
-4.0
-0.33
10.33
8.0
-1.0
-6.67
7.67
6.0
1.67
1.67
4.33
-3.67
14.33
0.0
-3.33
4.0
2.33
9.67
4.67
11.67
-2.67
8.0
-9.67
3.0
1.33
1.33
3.33
11.67
3.0
16.33
1.33
4.67
0.67
-5.33
2.0
2.33
5.33
13.0
6.67
12.67
0.0
14.33
16.33
7.67
1.67
2.0
8.0
5.67
3.67
6.33
16.0
3.33
6.67
7.33
17.33
6.0
8.33
-0.33
2.0
6.0
11.0
15.67
8.67
11.33
11.33
8.33
6.67
7.67
6.0
1.33
13.33
11.33
17.33
17.67
18.67
6.0
7.33
7.0
9.0
8.67
5.0
-3.0
-5.67
7.0
-2.33
4.33
-4.67
0.33
-2.0
-1.67
7.33
1.67
2.0
-8.67
3.33
10.67
0.33
2.0
4.0
2.67
-5.33
-0.67
3.0
11.33
1.0
3.67
3.67
-2.0
2.67
0.33
4.33
-2.0
5.33
0.0
-9.67
4.67
3.67
11.33
7.33
12.33
-2.0
6.33
8.0
7.0
2.0
-11.0
5.0
-6.33
1.67
12.67
5.33
3.0
-1.33
4.0
-10.0
8.33
-3.0
-4.67
2.0
6.33
-1.67
3.0
-6.0
5.33
-6.67
-1.0
-2.33
-2.67
-0.67
-2.0
2.0
4.67
12.33
11.67
-1.0
0.67
5.33
13.67
0.67
6.67
2.33
7.67
-3.33
3.67
-7.33
-3.67
1.0
4.0
1.33
3.0
9.33
2.67
3.0
-5.33
2.67
6.0
-8.0
8.33
7.0
15.67
9.67
1.0
4.0
0.0
2.33
-2.0
10.67
-1.33
-1.67
0.0
7.0
-4.67
-1.0
-1.0
-3.67
1.33
5.33
10.33
-2.33
4.0
-3.0
6.0
1.67
6.0
0.33
2.67
-0.67
6.33
2.0
-7.0
13.33
1.33
15.33
-1.67
-3.0
13.67
4.67
6.33
14.67
1.67
2.67
1.33
0.33
-0.33
8.33
2.0
9.67
2.67
0.67
5.0
0.0
4.0
10.33
-0.33
1.33
13.33
7.0
8.33
14.0
9.0
0.67
3.67
6.67
7.67
-4.0
6.67
-5.67
3.33
-1.67
-0.33
1.33
1.33
-5.0
8.33
3.0
-0.67
-0.33
1.0
-3.0
-1.0
-2.67
3.67
3.33
2.67
3.0
-3.0
4.67
0.67
5.33
8.33
4.67
-1.0
0.67
1.33
-1.0
0.67
7.33
2.33
0.33
5.0
-1.0
-1.33
-1.33
5.0
8.67
6.0
6.0
-0.33
-5.67
0.33
1.0
-0.33
-0.33
-0.33
-1.0
-2.33
0.33
-4.0
1.67
1.67
-1.0
2.67
1.0
3.0
1.33
-0.33
-4.33
-1.67
2.33
-3.67
8.0
-2.0
6.0
-1.33
-0.67
-2.0
-2.0
0.67
1.67
4.67
0.0
-0.67
4.67
-0.67
1.33
1.67
2.67
-2.67
-1.0
-5.67
1.33
0.33
3.67
-2.0
8.33
-2.33
2.33
1.33
-3.33
0.33
-3.67
1.33
-0.67
-1.33
0.33
2.0
1.0
-3.67
-4.33
-2.33
1.67
-0.67
0.0
0.0
-4.67
-1.0
3.67
-4.33
-1.0
0.67
