0.0
-18.67
19.0
-40.33
-17.33
10.0
-35.33
-9.33
-60.0
32.0
3.67
24.33
-109.0
-17.33
-93.0
-27.33
-43.67
-60.33
-69.33
-35.67
-1.0
-4.33
8.67
-6.0
6.33
-20.33
3.67
10.0
-6.0
-3.67
2.67
6.0
-4.67
-1.0
0.33
-1.0
-0.33
0.33
1.67
-1.67
-0.67
-0.67
-1.0
0.0
0.0
0.0
0.0
0.67
1.0
-0.33
-0.67
-1.33
-0.67
1.0
1.0
0.0
-0.33
1.67
-0.67
1.67
-0.33
-0.33
-0.33
-0.67
0.67
-0.67
-0.67
1.0
-0.33
0.0
-0.33
-1.0
0.0
0.0
-0.67
-0.33
0.67
-0.33
0.0
0.33
-0.67
-0.67
-0.33
-0.33
-0.33
1.0
0.67
1.67
0.0
-0.33
-0.67
-0.33
-1.0
-0.67
1.67
0.0
-0.33
-1.0
-0.33
0.33
-0.33
-0.33
-1.0
-0.67
1.0
-1.0
-0.67
0.0
1.67
-1.0
2.0
0.33
-2.0
-1.0
-0.67
0.33
1.33
0.33
-1.33
-0.33
1.33
-1.67
-2.67
0.33
3.33
3.0
0.33
-3.33
2.67
4.33
-2.67
-0.67
6.67
0.33
0.67
-1.0
6.0
4.33
2.33
3.0
8.0
-1.0
0.67
0.0
-0.33
-2.0
4.0
4.67
-2.33
6.0
2.67
8.67
-1.67
4.33
-2.0
3.0
-2.67
-0.67
2.0
-0.33
-1.67
7.67
3.67
1.33
-1.0
7.33
-1.67
5.33
1.67
5.67
3.33
6.67
-0.33
3.0
1.0
7.33
6.0
-1.0
5.67
5.33
1.33
3.67
3.67
7.0
3.33
4.67
1.67
2.67
0.67
0.67
4.67
-2.33
1.0
1.67
5.67
-1.67
4.0
-5.33
8.33
-6.67
-4.67
3.0
-2.67
0.67
2.0
2.67
0.67
2.67
-0.33
-2.33
0.33
4.33
-1.67
13.0
6.0
-2.0
-3.67
2.0
0.33
7.0
4.0
1.67
-0.33
9.33
0.33
-5.0
-1.0
-1.33
-3.67
-2.67
-0.33
7.67
5.0
4.33
-2.33
-1.67
-1.67
3.0
9.67
1.33
2.33
-1.67
-1.0
13.0
9.0
6.67
4.0
5.33
-1.67
0.0
1.0
0.0
0.33
1.0
-0.67
9.33
4.67
2.33
-2.67
-1.0
3.33
-5.33
-2.33
-2.0
10.33
1.0
4.67
-0.67
5.0
1.33
3.33
1.33
0.67
-2.33
2.0
5.0
2.33
-2.67
1.67
4.33
9.33
0.0
3.33
3.0
0.33
3.0
8.33
1.67
-4.67
6.33
-0.33
5.0
5.67
1.67
2.33
6.67
3.33
2.33
-2.0
-0.67
-2.67
0.67
1.0
7.0
1.33
4.0
-6.0
0.67
6.33
5.0
-3.33
0.67
1.67
5.33
-1.0
-3.0
-2.0
6.33
1.67
2.0
-2.33
7.33
5.33
-1.67
4.67
7.33
0.67
2.67
-1.67
-0.33
-1.0
-3.67
8.0
-3.33
2.0
-6.0
2.33
-2.67
6.67
-3.0
3.33
4.0
2.33
1.33
4.33
1.33
5.0
11.33
-5.67
-5.33
-2.0
-2.0
2.67
-6.33
-5.33
2.67
3.0
2.33
2.0
2.33
-4.67
5.0
-2.33
-5.67
1.67
-1.33
1.67
-3.33
-1.67
-1.0
1.0
0.0
4.0
1.67
6.67
6.0
7.33
1.0
2.33
-2.67
-2.33
-1.67
2.0
1.0
2.67
0.33
1.67
-0.67
-1.0
-3.67
-2.67
6.0
4.33
8.33
-1.0
-1.0
-2.67
3.67
-4.33
-0.67
3.33
7.67
3.33
2.33
-3.67
-3.67
0.33
0.0
2.0
0.67
0.0
3.33
-1.33
6.0
-5.0
-1.0
-5.0
-0.67
4.67
2.67
-0.67
1.33
4.0
1.0
3.0
-2.0
-0.33
-2.0
-3.0
1.33
2.67
0.0
0.0
-3.0
2.33
2.0
0.33
0.33
4.33
-1.33
-1.33
-1.0
6.0
6.67
-0.33
0.33
2.0
-5.67
1.67
-1.33
3.67
-1.33
-0.33
0.33
5.33
5.33
0.67
4.0
1.0
-0.67
0.33
1.0
-0.67
0.33
9.33
0.67
-1.67
2.0
5.67
-2.33
0.67
4.0
1.67
-3.0
-0.33
0.33
-1.33
0.33
1.33
-0.33
1.0
0.0
-1.67
0.67
-3.0
-2.67
5.33
-0.33
1.33
0.0
-2.67
4.67
1.67
1.67
3.0
-0.67
-5.33
1.67
3.0
-4.0
-1.33
1.67
-1.0
0.67
3.33
-1.0
5.67
-0.33
3.33
0.0
0.33
-2.67
2.67
4.67
-1.67
-1.67
2.67
3.67
-1.67
3.67
0.67
-0.67
-1.0
-3.67
1.0
-2.0
0.67
-1.0
-2.67
-1.67
-1.33
5.0
1.0
3.33
-3.33
4.0
0.0
-0.67
0.33
4.67
-0.33
-0.33
6.67
2.33
-2.0
0.67
3.0
2.0
2.33
-4.0
-1.0
-1.67
-2.33
2.0
-1.0
6.0
-1.33
-1.33
-5.0
-4.0
-0.67
4.67
2.0
-6.67
3.0
-3.0
0.67
2.33
1.33
0.0
6.0
0.0
6.0
2.0
-1.0
-2.67
2.0
-0.33
0.67
1.0
-0.33
7.0
-0.67
-3.0
2.33
4.33
-3.33
3.0
-2.0
3.67
5.0
-0.67
-4.33
6.0
-2.33
1.67
0.0
-2.0
-1.33
4.33
1.33
-3.0
3.33
1.33
-2.33
1.0
1.0
1.67
-2.67
-0.33
0.0
-1.0
0.33
-5.0
3.67
5.0
-1.33
-2.0
3.0
-2.0
1.67
0.0
-0.33
-3.33
-4.0
4.67
1.67
2.33
3.67
3.67
-2.33
1.33
-0.67
3.0
-2.0
-1.33
2.67
2.33
6.0
2.0
0.0
-2.0
2.0
0.33
-3.33
0.33
0.67
-5.67
2.0
-2.0
4.33
1.0
3.67
-1.33
1.0
3.67
2.67
-1.33
1.0
2.33
-2.33
-3.67
-4.67
-3.67
1.0
4.67
-2.67
-1.33
1.33
-2.0
6.67
4.0
-2.33
-1.67
-3.33
-3.0
-6.67
-5.33
1.33
-1.33
-1.67
-4.67
0.67
0.33
0.33
-5.33
-2.0
-5.0
2.67
2.33
-0.67
0.33
-1.67
4.67
4.33
2.0
-6.0
2.0
6.67
-2.33
3.0
2.67
-3.0
2.0
-2.67
2.67
2.0
3.0
0.33
2.33
-3.0
-1.67
4.33
-1.0
-4.0
4.0
-0.33
6.67
-4.0
-4.67
3.33
0.67
1.67
-5.33
2.0
-5.0
-4.67
-3.67
-7.0
-2.33
-1.33
-1.33
-2.33
-2.33
2.67
4.33
1.67
-5.33
0.0
0.67
-4.67
4.33
1.0
-4.0
-0.67
-0.67
2.0
0.0
0.33
1.33
2.33
-5.33
1.67
7.0
0.0
-0.67
-4.33
-1.67
-0.67
2.33
3.33
-3.67
-3.33
4.0
2.0
-1.0
5.67
-1.67
0.67
-1.0
-0.33
4.33
0.0
-1.67
4.0
1.67
3.67
4.67
3.0
1.67
-1.0
4.67
-0.33
-0.33
-1.67
-0.67
-4.0
-0.67
6.67
2.33
0.0
0.67
1.0
0.33
-1.0
-3.67
0.67
-4.33
2.33
1.33
1.33
-2.0
-2.67
0.0
0.0
2.0
-1.67
3.33
5.0
5.0
10.67
5.33
0.33
7.33
13.67
2.0
5.0
11.0
3.67
0.67
0.67
1.33
6.67
4.33
-0.67
-4.67
2.67
-4.33
-0.33
1.67
4.0
1.0
-3.33
-3.33
2.33
10.0
-1.67
-2.67
-2.0
0.33
-4.33
0.0
7.0
-1.0
2.0
6.0
1.0
0.33
-1.0
4.0
3.33
2.67
6.0
0.67
2.33
1.0
-1.0
5.67
-2.67
2.33
3.0
0.33
4.0
0.33
10.33
3.33
-3.0
3.0
-2.33
6.0
-1.0
-0.33
-2.33
-1.67
2.0
3.33
4.67
6.0
-2.33
11.0
0.0
4.33
11.33
3.67
2.67
1.67
-5.33
8.0
1.67
5.33
4.67
5.33
1.0
8.33
-2.0
-3.33
12.33
8.0
7.67
0.0
-1.33
-2.33
4.67
-1.67
5.67
12.0
2.0
5.33
8.67
6.67
-1.0
6.33
4.0
12.33
4.33
2.67
5.67
-3.0
-4.0
-0.33
5.0
0.0
8.67
2.33
0.0
8.33
-4.0
5.33
10.0
5.33
4.67
2.0
8.67
10.67
3.67
8.67
5.67
7.0
1.0
-0.67
3.33
8.67
5.33
1.67
1.33
4.0
3.33
-2.67
3.67
6.67
2.0
6.33
11.0
-4.0
6.0
-0.33
3.67
4.33
2.67
-0.67
12.33
8.33
8.0
8.33
10.33
10.0
-1.67
13.67
5.0
5.67
4.0
4.33
1.0
3.33
-0.33
-4.67
-2.0
7.33
-5.67
1.67
2.0
-0.67
-1.0
4.0
7.33
7.33
4.67
10.67
4.33
0.0
2.67
-4.0
11.67
-2.33
6.67
13.67
0.67
6.67
0.67
-2.0
-5.0
0.67
2.0
5.0
4.67
1.33
-1.67
13.33
3.33
-3.0
8.33
-0.67
6.67
-6.33
14.67
-4.67
11.0
-4.0
10.0
8.33
11.0
21.67
14.0
13.67
5.67
21.0
8.67
22.0
35.0
26.33
23.33
23.0
33.33
32.33
32.0
34.67
33.33
38.67
23.33
29.67
38.67
31.67
30.33
25.0
26.33
22.67
20.33
17.0
23.33
15.33
17.0
8.67
4.67
6.67
7.33
4.67
6.67
3.33
9.67
6.0
10.33
14.0
12.33
4.67
13.33
12.33
9.67
9.33
3.33
7.0
5.67
11.33
13.67
7.67
-3.67
11.33
9.67
15.0
6.33
10.67
7.67
-1.67
12.0
22.67
7.0
3.67
8.67
17.67
6.0
5.0
4.33
9.0
9.67
15.67
8.33
1.33
15.33
11.67
3.33
10.67
2.67
19.67
2.67
8.0
4.67
10.0
6.33
1.67
9.67
18.0
16.67
13.33
14.0
0.0
5.33
2.33
0.0
6.0
6.0
9.67
10.67
9.67
8.33
5.67
15.67
12.67
5.33
10.33
8.0
0.0
6.0
3.33
10.67
5.0
12.33
14.33
3.0
7.33
20.0
13.67
13.33
5.0
7.67
7.67
3.67
18.67
14.0
0.33
17.0
11.67
0.0
5.67
19.0
31.33
13.67
9.67
16.67
10.0
15.33
11.33
7.0
3.33
14.67
10.0
10.67
8.67
6.67
17.0
9.0
18.33
11.67
10.67
11.33
12.67
0.0
6.0
6.0
14.33
21.0
5.0
17.67
20.33
4.33
9.33
21.67
16.33
12.33
6.33
5.0
12.67
8.67
1.33
4.33
5.0
9.0
-1.0
11.67
13.33
7.67
18.33
6.67
4.33
13.33
10.67
7.33
7.0
14.33
16.33
0.0
12.33
16.33
13.67
16.0
3.33
5.0
9.0
11.33
12.0
10.0
9.33
12.67
11.0
15.67
14.67
22.0
25.67
8.33
11.33
11.0
11.33
13.33
2.33
3.0
10.67
15.33
6.33
11.0
16.0
3.33
2.67
2.67
17.67
10.33
3.33
10.67
4.0
2.67
5.0
8.33
17.33
5.67
21.33
16.33
11.0
19.33
8.67
14.67
14.33
16.0
8.67
6.67
11.33
12.67
8.33
11.33
2.0
9.33
18.67
9.33
15.33
8.67
22.33
10.67
13.0
9.67
16.33
6.67
12.0
16.0
5.0
14.33
14.0
6.33
7.0
8.67
17.0
31.33
8.33
15.33
31.0
18.33
16.0
38.67
34.33
33.0
36.67
36.33
67.33
61.67
91.0
93.67
101.67
113.33
138.67
141.0
170.0
190.0
201.67
196.33
213.0
238.67
244.33
267.67
273.0
254.0
267.67
301.0
274.0
284.0
291.33
269.0
267.67
230.33
221.0
194.0
198.67
152.33
167.33
147.33
131.33
92.33
100.33
93.67
68.0
55.67
48.0
24.67
37.67
19.0
17.33
31.33
17.0
22.67
20.0
28.0
7.0
17.33
17.33
30.33
15.0
2.33
8.67
21.67
8.33
6.67
14.67
13.0
2.0
15.0
19.67
8.33
-3.33
11.33
10.33
11.33
16.67
23.33
17.33
5.67
9.0
8.33
4.67
-1.33
14.67
19.67
6.33
3.0
10.0
12.33
2.33
2.33
14.0
12.67
12.67
14.0
11.0
8.33
9.67
8.0
11.0
6.0
12.67
12.33
16.33
10.67
12.67
2.33
12.33
13.0
5.33
1.0
-1.67
5.0
12.67
5.33
13.0
12.0
12.0
6.33
5.0
7.67
2.33
0.67
4.33
10.0
20.0
0.67
12.0
3.67
7.67
17.0
13.67
6.33
3.67
7.33
5.0
16.0
3.0
10.0
4.0
4.0
15.33
18.33
15.0
7.0
13.67
13.67
16.67
0.67
-3.67
-3.67
-1.0
1.33
0.67
11.0
4.67
4.67
9.67
15.33
13.33
11.0
12.33
16.0
12.67
1.33
-4.0
10.33
13.33
14.0
1.33
13.0
9.0
-1.67
15.33
12.0
9.0
-5.0
8.67
10.67
-2.0
-5.0
1.33
3.67
3.33
9.33
3.33
1.0
4.0
2.67
3.0
4.0
4.33
-2.33
-0.33
10.0
8.0
6.67
5.33
-2.0
8.67
11.67
9.67
6.0
5.0
4.67
-5.33
4.33
12.0
4.67
16.33
-6.67
12.67
2.67
-2.0
3.0
5.67
4.67
9.33
7.67
-6.0
7.0
7.0
0.33
14.33
14.0
1.0
5.0
9.67
7.0
7.33
4.0
15.67
11.33
5.33
4.67
10.33
2.33
4.33
6.0
2.0
11.0
-1.67
15.0
-9.67
5.0
13.33
-5.0
15.67
-0.67
10.67
10.67
1.0
6.0
10.67
-3.0
16.0
7.33
10.67
11.67
3.0
1.67
-4.67
14.0
-1.0
-4.33
2.33
3.0
-1.0
10.0
9.0
-2.0
5.67
-5.33
14.0
12.0
8.0
9.33
15.0
7.33
-5.0
4.0
6.0
2.0
14.0
8.33
-0.67
-6.67
5.0
-0.33
4.67
14.33
10.33
3.67
3.67
-5.67
5.67
7.0
6.33
11.67
9.0
-8.33
3.0
13.67
4.33
11.67
-4.67
17.67
28.33
10.33
12.0
8.67
32.0
11.33
15.67
11.0
-5.67
17.0
1.67
0.67
17.33
25.0
12.33
19.0
4.33
0.67
-1.0
4.33
20.0
-4.33
9.0
8.33
-3.0
7.0
-2.67
10.67
13.67
5.67
-5.0
8.67
0.67
8.33
-2.33
7.0
0.0
8.0
-4.33
4.33
0.33
5.67
-5.33
7.33
3.67
3.67
-5.0
-2.0
5.0
8.67
7.67
-7.67
-4.33
-1.33
0.0
-1.67
4.67
9.67
2.67
7.67
9.33
-6.67
6.33
0.0
-2.0
-1.67
0.0
5.0
2.0
5.67
-1.0
-2.67
-6.0
-6.0
-1.67
2.0
1.67
-3.67
13.67
1.67
3.0
4.0
6.67
6.67
9.0
7.0
1.33
-7.0
-7.0
9.0
2.67
3.0
-3.33
11.33
0.0
5.0
-1.67
5.67
-5.0
7.67
1.67
1.33
3.33
1.33
10.0
-0.33
-5.0
-0.67
4.67
6.67
9.67
8.33
6.0
1.33
-3.0
0.33
1.33
8.33
-2.33
7.0
5.33
2.33
5.67
8.67
-6.33
-7.0
5.33
8.33
19.0
5.67
18.67
-3.0
-2.67
0.33
5.67
16.67
3.0
14.0
-3.33
2.67
22.33
-1.0
13.33
1.67
4.33
15.33
13.0
7.33
4.67
3.0
13.0
20.0
6.67
-5.33
0.33
2.33
11.33
0.67
10.67
7.0
4.33
8.33
15.33
12.33
11.67
5.67
3.0
14.33
4.0
0.0
8.67
8.0
3.0
-0.67
3.0
-2.33
13.33
2.33
8.33
0.0
-5.67
6.33
-0.33
6.0
1.33
7.33
1.67
-2.67
7.0
4.0
4.67
-3.33
-1.67
12.0
6.33
-3.0
6.67
5.67
2.0
-0.33
10.33
0.33
2.0
5.33
-2.0
-6.67
-3.33
0.67
9.33
6.33
-3.67
0.0
3.33
5.0
-2.0
0.0
-1.0
7.0
4.67
-0.33
-5.33
3.33
2.0
7.67
-6.0
4.0
5.33
-3.0
-3.67
-4.0
5.33
-0.67
2.0
-1.0
8.33
1.33
-3.0
-3.33
4.33
1.33
-3.0
5.0
6.67
8.33
5.67
3.0
-5.33
3.33
2.67
-4.33
6.67
7.33
4.67
1.67
2.67
0.67
0.33
6.0
8.0
1.33
-2.0
6.33
-1.33
-1.0
5.67
1.67
7.0
-4.0
11.33
3.0
0.67
-0.33
-1.0
3.0
0.0
2.33
-5.0
6.67
-1.33
0.33
1.0
-5.0
-1.67
4.0
13.0
0.33
0.33
-0.67
5.33
6.67
1.0
-1.0
6.0
3.67
-9.0
7.33
10.67
1.33
9.33
2.0
5.0
4.33
-1.67
4.33
2.33
1.0
7.67
-2.33
-2.67
-3.33
1.67
1.67
-2.67
-1.67
4.67
9.33
1.0
13.67
3.67
2.67
9.0
7.0
-1.0
-0.67
-2.33
12.33
2.33
10.0
0.33
6.0
7.0
5.67
7.67
3.67
-3.33
7.0
-0.33
8.33
6.33
-0.67
1.67
4.33
-1.67
-1.0
0.33
8.0
2.33
1.67
-4.0
4.0
2.0
-2.67
-2.33
1.33
-0.33
1.0
0.0
4.67
10.67
5.33
-2.67
-1.33
-1.0
3.67
0.33
2.0
2.67
1.33
5.33
-2.67
5.0
-2.0
4.67
-0.33
1.0
2.67
5.0
1.0
3.67
-0.67
2.33
7.0
-1.33
-0.33
1.67
-2.0
6.67
-0.67
0.0
2.67
2.67
5.0
-1.33
-1.0
2.0
5.33
2.67
4.67
1.33
-2.67
-1.67
1.0
-2.0
6.0
-5.33
-0.67
-3.0
-3.0
-4.33
-2.33
-2.33
-3.0
3.33
3.67
2.33
-2.67
-2.33
1.67
0.33
-3.0
-0.67
-0.67
-0.67
0.67
0.0
0.33
7.67
-0.67
0.33
-0.33
-1.67
2.33
7.33
-2.67
-4.33
0.33
0.0
1.0
-3.67
0.67
-1.33
1.67
6.33
0.0
0.0
-2.67
0.0
0.67
-5.33
1.0
-2.33
