0.0
70.33
99.0
16.67
-20.33
94.0
-22.33
66.67
63.0
64.0
134.67
45.33
30.0
23.67
24.0
6.67
32.33
3.67
-41.33
-6.67
26.0
-15.33
0.67
-15.0
7.33
-1.33
1.67
-1.0
-4.0
3.33
-0.33
4.0
-4.67
-2.0
2.33
0.0
2.67
0.33
1.67
1.33
1.33
1.33
-1.0
0.0
0.0
0.0
1.0
-0.33
0.0
-0.33
-0.67
-0.33
0.33
0.0
1.0
0.0
1.67
0.67
-0.67
-0.33
0.67
-0.33
-0.33
0.33
-0.33
0.33
0.33
1.0
-0.33
0.0
0.67
-1.0
1.0
1.0
-0.67
-0.33
0.67
0.67
0.0
-0.67
0.33
0.33
-0.33
0.67
-0.33
2.0
-0.33
-0.33
-1.0
1.67
0.33
-1.33
2.0
1.33
0.67
-1.0
-0.33
0.0
2.67
0.33
-1.33
-0.33
1.0
-1.67
-1.0
2.0
2.33
2.0
-0.33
1.0
0.0
1.33
-2.0
0.0
1.33
-0.67
0.33
1.33
1.67
-0.33
0.33
-2.67
-1.67
5.33
4.33
1.0
-1.67
-2.33
1.67
-0.67
-0.67
3.33
-1.33
-1.67
-1.33
8.0
1.0
2.33
4.33
2.0
-3.0
3.0
-0.33
3.0
0.67
-2.0
1.0
4.67
1.67
6.0
2.67
9.67
3.33
0.33
-2.0
6.0
3.33
4.33
10.0
7.67
7.33
4.67
-2.33
4.33
3.0
0.33
0.33
4.33
-0.33
-0.33
4.33
1.67
0.67
10.0
0.0
4.33
6.0
-1.0
3.67
-0.67
7.33
-4.33
3.67
-1.0
8.33
1.67
-1.33
-1.33
1.67
6.67
2.67
8.67
3.0
-1.33
7.67
5.33
6.0
-1.33
4.33
-7.67
3.33
-1.0
2.33
4.67
2.0
-0.33
4.67
5.67
-3.33
2.67
1.33
6.33
0.33
-3.0
5.0
1.0
-1.67
5.0
3.33
8.0
-1.0
6.67
7.67
3.33
3.33
1.0
6.0
1.67
0.33
5.33
8.67
1.67
-1.0
6.33
1.67
7.33
-1.67
3.0
3.67
12.33
9.33
1.33
-2.0
3.0
3.0
4.67
1.0
-1.67
3.33
2.0
1.0
-4.0
-0.67
2.0
9.33
-0.67
0.67
11.33
11.33
4.0
10.33
9.67
1.67
2.0
9.33
-3.0
-3.33
-6.67
4.0
-2.67
3.33
-0.67
-0.33
-0.33
3.0
10.0
5.33
0.33
7.67
4.33
6.33
2.0
3.33
8.0
3.33
6.0
8.33
-3.33
-0.67
3.33
-2.33
5.0
7.67
-1.33
-1.67
4.67
5.33
-2.67
3.0
-1.67
10.33
-2.33
5.0
11.0
-4.67
3.0
-2.0
10.67
7.33
4.0
12.67
4.67
2.67
6.33
-3.0
-3.0
10.0
5.33
3.67
4.0
5.67
9.33
11.33
3.33
2.67
5.33
8.67
4.67
4.33
-1.33
4.0
2.33
2.0
-0.33
3.0
1.0
-1.67
0.33
6.67
3.0
1.33
4.0
0.33
-2.67
-0.67
3.33
2.0
1.33
1.33
2.67
-2.0
-7.0
1.67
0.67
0.67
3.67
4.0
3.33
0.0
3.33
-5.67
4.0
-3.33
-4.67
0.67
1.67
2.67
-2.33
5.33
3.0
2.0
-1.0
3.0
5.67
1.67
2.0
4.33
-2.0
2.33
-3.67
2.67
7.33
2.0
2.0
-1.33
3.33
0.67
2.33
-4.0
3.33
0.33
-2.0
3.33
7.33
3.0
1.0
-0.67
4.67
-1.33
0.33
10.33
10.67
4.33
-1.67
-0.67
2.33
2.33
0.0
5.0
5.67
5.0
4.33
3.67
2.0
2.0
0.0
4.0
-1.67
4.67
4.67
0.33
-1.67
0.0
0.0
0.0
6.0
2.67
0.0
-3.0
-0.67
2.67
1.0
3.0
0.0
1.33
3.0
2.33
0.33
-4.67
0.67
6.67
3.0
1.0
-1.33
-0.33
4.33
-2.0
-7.67
1.67
0.67
7.67
0.67
4.67
3.33
6.33
8.33
0.67
2.0
-1.0
5.33
-1.67
1.0
5.33
-1.67
3.33
3.67
1.33
0.0
-2.33
1.67
4.67
4.0
6.67
4.0
-0.33
7.33
1.67
-1.67
2.33
-0.33
3.0
4.0
-1.67
-0.33
-3.0
0.33
2.33
-1.33
4.33
-1.0
-3.67
0.67
-1.33
0.67
4.0
2.33
0.67
-1.33
-4.0
-1.0
2.67
-0.33
1.0
3.67
7.33
5.0
4.67
0.67
0.33
1.0
-0.67
0.33
-1.33
2.67
0.33
2.33
1.67
2.67
-2.67
3.67
-1.33
-2.67
7.0
-1.67
-2.0
2.0
2.67
4.0
-0.67
-0.67
3.67
5.0
-4.0
3.33
-1.33
-1.0
-2.0
2.33
-2.67
0.67
3.67
-1.33
4.67
-1.67
5.0
-0.33
1.0
2.0
2.33
-1.0
0.0
-0.67
0.67
6.0
1.0
0.0
3.67
0.67
-1.0
4.0
0.33
1.67
-1.0
-0.67
1.0
-2.0
-0.33
5.33
5.33
3.0
6.0
2.0
0.0
6.0
0.0
3.33
3.0
7.67
6.67
1.0
0.67
4.0
1.33
-1.0
1.33
2.33
-0.33
-1.0
-5.0
3.67
2.0
1.33
-2.33
-1.0
-1.33
-0.33
2.0
6.0
-0.33
7.33
1.33
1.0
2.33
-3.67
-1.33
8.0
4.0
2.67
-3.67
6.67
2.0
-2.0
5.33
0.0
-0.33
1.0
-3.33
-2.0
0.0
-2.0
0.67
0.0
0.67
-3.33
-2.0
1.67
5.67
4.33
3.67
2.67
3.67
0.33
-3.67
4.0
4.0
1.67
-0.33
2.33
1.0
-3.0
-2.0
-1.0
3.0
1.33
-4.33
3.33
5.67
1.33
-3.0
-3.0
0.33
5.0
-2.33
1.67
1.0
-1.33
-2.33
1.67
0.0
2.33
-3.33
-4.67
0.33
-1.67
5.0
0.67
-1.67
-2.33
5.33
1.0
4.67
-1.0
-2.33
1.33
-0.33
1.0
-0.67
1.67
-1.67
-4.33
-1.67
-2.67
-0.33
1.33
-0.67
-2.33
-1.0
-1.0
-4.33
-0.67
1.33
1.33
-4.67
-3.33
1.33
3.0
-4.0
2.0
4.67
-2.33
4.0
0.67
-2.0
-2.0
-2.67
1.67
-1.0
2.0
1.33
-0.67
-5.0
2.33
1.33
-1.0
-5.0
-2.0
-0.33
-0.33
-3.0
0.33
5.33
1.67
2.67
-2.33
-2.0
1.0
0.33
4.33
-1.0
-3.33
-4.33
-2.33
-1.33
-4.33
-1.33
-1.67
-2.33
-2.33
3.0
-0.33
-3.67
3.33
2.0
0.0
3.33
-2.67
0.0
-2.0
-0.67
-2.67
-3.67
-3.33
1.67
2.0
1.0
-0.67
2.67
3.33
3.33
-1.67
-1.67
-2.67
-2.33
2.0
3.0
2.0
1.67
1.33
1.67
2.0
1.67
4.33
-2.0
4.33
5.0
-2.33
6.67
-4.33
2.0
0.67
2.0
-5.33
0.67
2.67
4.33
-2.67
-3.0
2.33
3.67
4.33
6.0
4.67
6.0
11.33
3.0
5.33
4.67
1.67
9.33
12.33
9.33
10.0
10.33
11.0
9.0
16.0
18.33
27.33
19.0
20.0
28.67
24.33
18.33
16.33
21.67
26.0
24.0
27.0
14.67
14.67
16.67
18.33
8.67
18.33
13.33
2.33
7.67
1.67
1.67
1.67
11.0
5.0
6.67
2.67
12.33
13.0
3.33
-0.67
3.0
-0.67
8.67
5.0
4.0
6.0
4.0
-1.0
2.0
12.33
-3.0
12.0
7.33
0.67
1.0
7.67
8.33
3.0
5.0
1.67
-0.67
0.33
4.0
9.33
8.0
4.33
-0.67
1.33
-4.0
5.0
3.67
1.0
0.0
-1.33
0.67
0.33
-2.0
-1.67
13.67
3.0
-4.33
1.0
3.0
7.33
2.33
3.67
-2.33
-0.33
-2.33
0.0
-3.33
-2.67
4.67
-3.67
4.0
2.33
-1.0
0.67
2.33
2.0
7.67
2.0
1.67
4.67
-0.33
-2.67
-0.33
9.0
2.0
0.33
5.67
3.67
12.0
-3.67
4.0
4.33
9.33
2.67
5.67
2.0
5.0
-5.33
9.0
-1.0
-5.33
4.33
-1.0
-1.67
3.0
4.33
6.0
2.33
2.67
3.0
7.67
-1.33
-0.33
2.67
1.67
-1.0
-1.0
0.33
-1.67
-6.33
3.33
3.67
-4.67
7.0
1.33
2.33
1.67
2.67
2.0
-0.67
6.0
8.0
6.0
-0.33
0.67
6.33
2.67
-0.67
-0.67
1.33
9.0
1.33
1.33
8.0
0.33
10.67
4.0
5.67
3.0
4.33
3.0
0.33
6.67
-0.67
-8.0
3.33
-0.67
6.67
5.0
5.33
5.0
7.0
1.33
6.33
6.67
-5.33
2.33
1.0
-5.33
4.0
5.67
-3.33
-7.33
-2.33
-9.33
-3.33
7.67
-3.0
-2.0
-0.33
-7.0
-1.0
4.67
4.33
-5.67
10.33
-2.67
0.0
14.33
3.33
2.67
-5.33
4.67
-5.67
4.0
-10.0
10.0
0.33
3.0
8.67
11.0
6.67
-4.33
12.0
11.67
15.0
15.0
9.33
10.33
13.0
18.33
9.33
12.0
15.67
26.33
14.67
13.33
17.67
21.67
9.67
9.33
6.0
16.33
18.67
10.33
17.0
11.33
10.33
3.0
12.67
-0.33
10.67
6.33
-0.33
-3.33
12.33
4.67
9.0
3.33
4.0
17.33
-0.33
-1.67
4.33
7.67
5.33
3.33
0.0
5.67
11.33
-4.33
18.67
10.33
4.33
-0.33
7.0
8.33
5.67
7.67
10.33
13.0
9.67
7.0
7.67
5.67
12.67
5.0
6.0
6.33
10.0
5.67
3.67
11.33
3.33
11.33
12.67
4.33
10.67
9.67
6.67
10.67
3.0
14.67
10.0
1.33
7.67
3.67
4.0
8.67
6.33
1.0
7.0
7.33
0.33
6.0
9.0
-1.0
2.67
3.67
6.67
18.33
10.67
4.67
4.67
1.33
7.33
11.0
1.0
2.0
14.33
7.67
10.0
8.33
12.33
12.0
13.33
14.0
11.67
14.33
22.0
9.67
13.67
9.67
21.67
14.0
8.33
9.0
19.67
3.0
6.67
11.0
18.33
14.67
26.67
10.67
4.0
2.33
8.33
5.0
-0.67
14.67
2.0
8.67
7.67
0.67
15.0
15.0
6.33
7.67
14.67
8.33
6.67
0.0
11.0
16.0
20.33
28.0
13.0
14.67
11.33
15.33
6.33
14.67
-0.67
6.33
15.33
12.0
13.67
8.67
10.33
8.33
9.0
10.0
-1.0
9.67
3.33
5.67
17.33
6.67
9.33
10.33
11.67
11.33
5.0
7.33
7.33
13.0
9.33
15.33
10.67
10.0
8.33
1.0
11.0
19.33
16.0
7.0
11.33
2.67
1.0
9.67
9.67
6.0
-0.33
5.33
12.33
11.0
6.33
19.33
0.33
6.0
8.67
15.33
7.33
6.0
8.0
6.33
7.67
-0.33
8.67
19.33
8.33
9.67
9.0
13.67
11.0
11.33
2.33
4.67
11.33
11.33
14.0
5.33
8.67
15.67
9.33
16.0
7.67
12.67
11.33
13.67
21.33
15.33
13.0
2.33
5.67
10.33
19.33
11.67
6.33
11.67
12.0
8.67
15.33
8.67
18.0
23.0
12.0
6.33
21.0
22.33
19.0
10.67
24.0
20.33
7.33
19.33
20.0
18.33
17.0
14.67
19.33
28.0
29.67
20.33
47.33
13.67
24.0
24.67
41.67
48.33
46.67
38.0
61.0
43.0
46.67
41.33
74.0
62.67
60.33
59.67
62.0
77.0
64.67
50.0
65.0
71.0
70.33
86.0
54.67
74.33
53.0
51.0
69.67
32.33
44.33
37.33
34.33
37.33
33.33
26.67
21.0
17.67
22.0
11.67
18.67
18.0
13.33
3.33
6.0
2.67
1.0
-2.0
8.0
16.33
9.33
17.33
12.0
15.33
13.67
13.67
9.33
4.67
8.67
11.0
16.0
1.0
6.67
17.33
14.67
8.33
11.33
16.33
8.67
10.33
20.33
5.67
14.0
24.33
22.67
8.67
10.67
9.67
11.33
13.0
17.0
1.33
28.33
10.33
17.0
14.67
17.67
5.0
15.0
9.33
-1.33
18.0
11.0
9.0
18.67
12.33
9.33
7.67
16.67
-1.67
19.33
12.0
15.33
6.0
-1.67
14.0
7.67
-0.67
13.0
0.0
6.0
9.33
-3.0
8.67
2.33
10.67
9.33
18.0
21.0
15.67
10.0
18.67
2.67
25.0
8.67
15.33
15.67
15.33
17.0
8.0
6.0
16.0
8.0
22.0
12.33
11.33
18.0
15.0
4.67
16.67
13.67
7.67
4.33
12.33
17.0
1.33
6.67
8.0
12.67
8.67
9.67
16.33
10.33
5.0
4.33
5.0
4.67
2.33
16.0
8.33
15.33
5.0
9.33
17.0
10.0
3.33
1.33
4.0
17.0
-1.0
-1.33
16.67
16.0
4.0
2.33
-1.33
12.33
20.33
2.33
9.0
-1.0
-4.33
2.0
4.0
-0.67
-6.33
14.67
15.0
-2.0
10.67
13.33
-2.0
0.67
13.67
8.67
-1.0
5.0
10.67
7.67
9.33
0.0
18.67
12.33
5.33
17.67
9.67
11.0
29.0
5.67
6.67
13.33
22.67
21.0
17.0
33.0
14.33
21.33
39.0
28.0
25.0
35.67
26.0
25.33
30.0
20.67
38.33
43.33
31.67
13.33
29.33
31.33
29.0
32.0
29.0
19.33
20.0
20.33
14.0
20.33
5.0
25.67
18.33
20.67
16.67
8.0
7.0
14.67
11.0
9.0
8.33
6.67
-0.33
5.0
-0.33
6.33
9.0
7.0
-0.33
5.33
11.0
7.0
13.0
6.0
2.0
10.67
-1.33
2.0
1.0
13.0
15.33
20.0
7.33
6.0
0.0
8.0
13.0
9.0
5.33
-2.67
0.33
14.0
-2.33
12.67
0.33
10.33
14.67
2.67
5.33
17.67
12.0
11.33
5.67
1.0
-5.33
17.0
8.67
14.33
11.67
12.33
10.67
8.33
11.33
4.0
22.67
20.0
20.33
9.67
-2.0
-0.67
13.0
8.67
-1.33
11.33
20.0
6.33
-3.0
5.33
-2.33
5.0
4.33
12.0
6.67
5.0
14.33
3.0
2.0
17.33
2.67
7.67
-3.33
5.0
11.67
4.67
6.33
18.67
10.0
18.0
-1.0
4.67
-3.67
7.33
15.67
-3.33
8.33
-1.33
12.67
5.0
-3.0
-2.0
9.67
-1.33
4.33
0.67
8.67
4.0
1.33
4.67
4.67
4.67
2.67
8.33
-0.67
16.33
8.0
3.0
6.33
8.0
4.0
1.0
-1.33
-3.0
4.33
0.0
2.0
13.33
0.0
7.67
9.33
2.67
2.67
-5.0
8.0
4.67
8.67
4.0
2.0
5.33
0.0
6.0
11.0
5.67
-1.0
1.67
-0.67
-7.0
-2.0
-2.67
9.67
-1.0
6.67
17.67
4.33
-7.67
2.33
2.0
-2.33
7.0
15.33
5.67
6.67
1.67
8.33
3.0
6.33
0.0
1.33
8.33
11.33
-0.33
6.0
11.33
12.33
9.67
-2.33
-1.33
-1.0
0.33
5.33
5.0
3.67
3.67
-1.0
7.33
1.33
3.67
4.67
-3.0
0.0
13.67
-2.33
-0.67
-1.0
-2.67
1.67
12.33
8.33
1.0
10.33
18.67
2.0
6.0
6.0
3.67
-1.33
19.33
14.33
5.33
6.67
11.67
3.0
8.33
26.33
9.33
16.33
1.67
8.67
0.0
2.33
-2.0
1.0
10.67
7.0
8.0
2.33
10.0
8.67
-1.67
-2.67
6.33
-4.0
-1.67
7.33
5.67
5.0
1.33
5.33
0.67
4.33
11.0
4.0
5.67
9.67
-0.67
12.0
1.33
3.0
7.67
3.67
2.0
12.67
1.33
5.33
6.0
5.33
-2.0
-7.67
-1.33
3.67
9.33
13.33
7.33
5.0
-1.67
0.0
11.0
-3.0
-1.0
5.0
0.67
-3.33
-4.33
5.33
0.0
7.67
-1.0
1.0
6.33
-1.0
-10.67
3.0
8.33
-0.67
-1.0
-2.0
6.33
1.33
5.0
7.67
6.33
-1.67
4.0
5.0
2.67
2.33
-2.33
4.0
-5.33
6.33
3.67
-2.33
3.67
6.33
1.67
-1.33
0.67
0.67
-4.67
5.0
10.0
5.33
1.0
9.33
5.67
5.0
5.67
1.67
7.0
1.0
7.33
-4.0
8.67
9.67
2.0
-3.0
8.0
6.33
-6.0
5.67
-1.33
-1.67
-2.0
5.0
-3.67
-4.0
3.0
-1.67
-3.67
4.33
6.33
5.67
3.0
-1.0
8.0
12.67
0.0
0.33
3.67
-3.67
6.33
-1.0
6.0
1.33
1.33
10.33
-0.67
-1.0
4.67
3.67
3.33
-0.33
5.67
6.67
-1.67
6.33
-1.33
1.33
-2.0
12.67
-6.33
-1.33
-6.0
13.0
6.0
5.33
6.67
-3.67
0.33
7.0
0.33
-1.0
3.0
-2.33
5.67
3.67
4.67
4.0
-0.33
5.33
4.33
2.33
6.67
4.33
2.33
2.0
0.33
17.0
3.33
2.67
-2.0
-1.0
-1.0
-1.67
-0.33
1.33
-1.33
3.0
3.0
10.67
2.67
4.33
2.33
0.67
1.0
-2.33
-2.67
-1.0
-6.33
-0.67
1.33
-2.67
1.0
8.0
7.67
3.67
-2.0
3.67
5.0
8.0
-3.33
0.33
1.33
5.0
0.67
-2.33
1.67
3.0
-0.33
9.33
3.0
6.67
-5.33
5.0
-4.33
5.0
3.0
11.33
0.67
-0.33
6.33
3.33
4.33
2.0
1.0
9.0
5.67
4.33
-3.0
-3.0
-0.33
-1.33
-1.33
-6.0
-3.67
3.67
-2.67
1.33
8.67
-1.33
0.33
7.0
-4.67
-0.67
-1.67
-0.33
1.0
3.33
-2.33
-0.67
2.33
1.67
-0.67
1.33
0.33
2.33
-1.33
7.33
-2.0
1.0
1.33
-7.33
-0.33
-1.33
-2.67
2.0
5.0
-1.67
-1.0
7.67
-4.33
0.0
3.67
