0.0
101.33
-57.0
-9.33
-41.33
-71.0
3.67
-26.33
-10.0
102.0
41.67
78.33
55.0
56.67
-36.0
-41.33
6.33
25.67
-3.33
-30.67
-8.0
-23.33
31.67
-12.0
-25.67
-0.33
-1.33
3.0
7.0
18.33
-0.33
-1.0
-1.67
-1.0
-5.67
-6.0
-1.33
-1.67
-1.33
-1.67
-0.67
0.33
-1.0
1.0
1.0
0.0
0.0
0.67
0.0
0.67
0.33
-1.33
-0.67
0.0
0.0
1.0
-0.33
-0.33
-0.67
-0.33
-0.33
-0.33
0.67
-0.67
-0.33
-0.67
-0.67
0.0
1.67
2.0
-0.33
-1.0
1.0
0.0
-0.67
0.67
-0.33
0.67
0.0
0.33
0.33
-0.67
-0.33
-0.33
-0.33
0.0
0.67
0.67
-1.0
1.67
-0.67
-1.33
0.0
1.33
0.67
1.0
1.67
0.0
0.67
-0.67
0.67
-1.33
1.0
1.33
1.0
0.0
2.33
0.0
-1.33
1.0
0.0
5.33
1.0
-1.0
3.33
-0.67
3.33
3.33
-2.33
0.67
2.33
1.33
-0.67
3.33
5.33
0.0
5.33
-1.33
2.67
0.33
0.33
-2.67
7.67
2.33
4.67
2.0
1.0
1.33
2.33
6.0
2.0
-1.0
4.67
-1.0
0.67
-1.0
2.0
-1.33
-0.33
7.0
1.67
5.67
5.33
-2.67
0.0
0.0
-0.67
-0.67
0.0
-0.33
5.33
0.67
-0.33
3.33
1.0
8.33
-1.67
6.33
4.67
-4.33
1.33
2.67
6.67
2.0
4.0
0.33
11.0
-6.0
-1.33
10.33
4.33
1.67
5.67
2.0
9.33
-1.33
0.67
-4.33
-0.33
4.67
1.67
5.67
0.0
3.67
-1.33
-2.67
4.0
0.67
5.33
1.33
-5.67
-1.0
1.33
6.67
-1.0
4.67
0.67
5.67
-1.33
3.67
3.33
6.33
0.33
6.0
-2.0
-2.0
0.33
1.0
0.33
4.0
3.0
6.67
-1.33
3.33
0.33
0.0
1.0
-0.33
4.33
8.33
7.67
0.67
3.0
2.33
5.67
2.33
2.33
5.0
-1.33
6.33
8.33
1.33
1.0
9.0
6.0
4.67
6.0
3.33
4.33
8.0
-1.0
1.0
2.33
0.0
7.33
4.33
1.67
4.33
-3.67
-1.0
1.33
3.67
-2.33
-4.0
1.33
1.0
1.67
-0.67
2.0
1.33
3.33
2.33
0.67
-3.33
3.0
8.0
5.33
0.33
0.67
3.33
5.33
2.0
-0.67
6.0
2.33
-3.0
6.33
-2.33
1.33
0.33
4.67
1.0
2.67
-4.33
12.33
9.67
4.33
-2.67
2.0
6.33
0.33
-3.33
5.0
-2.0
0.33
4.0
-2.0
5.67
1.33
1.0
-2.33
6.67
-0.33
-0.67
7.0
-3.0
2.0
-1.67
4.67
0.0
5.67
4.33
3.33
0.33
4.67
9.33
1.67
7.67
1.33
-2.33
7.0
3.33
6.0
-0.33
-2.0
-1.0
-0.67
13.33
1.67
1.0
3.33
-4.0
-1.67
10.33
-0.67
1.33
4.0
0.33
-0.67
-0.33
-1.0
0.0
-0.33
0.67
0.67
7.67
10.0
1.33
3.0
5.33
-1.67
6.0
0.67
-2.67
3.67
-1.33
-2.33
-0.33
4.33
-1.0
-5.0
5.0
6.0
7.67
5.67
3.0
-1.67
-1.0
5.33
-3.67
-1.33
-0.67
5.0
2.0
3.67
3.33
1.67
0.33
2.0
4.33
-4.67
4.0
2.33
1.33
-1.0
-1.0
2.33
-0.33
-0.33
-0.67
5.33
4.67
3.33
0.33
5.33
-3.67
1.33
5.0
3.0
3.67
1.0
-3.67
2.67
5.0
1.0
5.0
1.0
3.33
-1.33
0.67
-0.67
1.33
2.0
3.0
8.0
2.0
3.67
-2.0
-1.0
2.33
-1.33
1.0
1.0
1.0
-3.67
-2.0
3.33
-1.67
3.33
-5.33
-0.33
1.0
9.0
1.67
2.67
4.33
-4.0
2.33
-3.33
3.67
1.67
-0.33
8.67
-0.67
7.33
5.33
-1.33
2.0
3.0
2.33
-0.67
-1.0
-1.67
-3.67
1.33
6.67
5.33
-2.0
2.67
-5.33
-3.33
1.0
7.67
-1.0
-1.33
-0.67
-1.33
0.33
2.33
2.67
2.0
3.0
-1.67
2.67
-2.0
4.33
1.33
-3.33
2.33
1.0
-1.67
2.67
0.67
2.67
0.0
4.33
5.67
-1.33
-4.0
-2.0
2.67
0.67
-4.0
-1.33
4.33
2.0
-3.33
-0.33
-0.67
-2.0
0.33
-1.67
0.67
3.67
1.33
1.33
4.67
3.67
-2.67
1.67
1.67
3.33
3.0
2.33
-6.0
-3.0
3.67
1.0
-0.67
2.33
3.67
4.0
-3.0
0.33
0.67
5.0
2.0
4.33
-1.67
-2.33
1.67
-1.33
-3.33
-0.67
-1.0
-0.33
-3.0
5.0
0.33
4.0
0.0
-0.67
-0.33
2.0
-2.0
9.0
1.67
0.67
-1.0
1.0
1.33
-1.33
1.0
-3.67
0.0
-3.0
-0.33
2.33
4.33
0.0
3.0
0.0
0.0
2.0
-1.0
1.33
0.0
5.67
0.67
0.0
4.67
1.0
0.33
4.0
1.33
0.33
0.67
3.0
1.0
-3.33
3.0
1.33
-3.33
0.0
-5.33
-4.33
1.0
-1.0
-0.33
4.33
3.33
-2.0
6.33
-1.67
-4.33
3.0
2.0
2.67
-1.67
-0.33
4.0
-2.0
2.33
1.0
-1.33
0.0
-0.33
-2.0
5.0
-3.0
1.67
2.0
-2.33
0.67
1.0
1.67
-1.33
-0.67
5.67
-1.33
4.67
-4.67
-5.67
2.0
1.0
3.67
5.67
1.33
0.0
-1.0
-1.0
5.0
-4.0
1.33
-3.33
-0.67
1.67
-0.67
-1.0
-1.0
1.33
-3.0
2.67
-2.33
0.0
3.67
2.67
1.67
2.0
2.33
1.67
-3.67
6.33
-2.67
2.0
-2.33
0.33
-4.33
3.33
-1.0
2.67
3.0
-0.33
3.33
3.67
-3.0
-3.67
0.67
-1.67
-6.33
-0.67
-3.67
3.67
-0.67
0.33
1.67
0.0
3.0
2.67
3.33
2.33
-2.67
-5.67
-4.33
2.33
1.0
1.0
2.0
2.67
4.67
0.0
0.67
2.0
0.0
2.33
-0.33
3.0
0.0
2.33
2.33
-1.0
2.33
3.33
5.0
-4.0
2.0
-0.33
4.67
-1.0
3.33
-3.67
6.67
-0.33
-3.33
0.0
-1.0
-1.67
0.33
-2.0
5.67
-4.33
-7.33
-2.33
-1.33
4.67
-2.67
-1.33
-2.33
2.0
0.67
-4.67
5.33
4.0
0.0
4.33
-2.67
1.0
-1.0
3.33
-1.67
1.33
-3.33
1.67
0.0
4.0
3.33
0.67
-1.67
1.33
0.33
2.33
-7.67
1.67
1.0
-5.0
3.0
-0.33
1.33
-1.33
4.0
-2.33
9.33
4.0
4.33
2.0
1.67
-5.33
-2.33
1.0
1.67
3.0
-2.33
1.67
1.67
4.33
1.33
-1.0
-3.67
11.67
4.33
8.0
3.67
3.0
-1.67
4.0
4.33
0.67
2.67
14.33
6.33
13.33
15.0
8.33
20.0
20.0
13.0
14.33
19.33
20.0
21.0
29.67
35.33
25.33
22.33
22.67
30.0
23.0
35.0
24.67
27.67
27.67
17.33
22.67
15.33
18.33
15.33
12.67
2.67
5.67
-1.33
4.0
8.0
1.67
10.67
-0.67
8.0
0.33
1.33
7.0
5.33
3.67
8.0
2.0
6.0
4.0
-4.0
13.0
3.33
2.0
2.0
1.33
6.67
6.0
9.67
1.33
0.0
12.0
3.67
2.33
1.33
8.0
4.33
0.0
-2.67
2.33
1.33
6.0
5.0
7.67
-1.0
3.0
1.67
6.67
8.33
-4.0
2.33
0.67
7.0
-4.33
11.0
8.0
1.33
5.33
9.67
-2.33
-5.33
-1.33
1.0
-8.33
3.33
2.67
4.33
-1.0
-0.67
0.0
-2.33
2.33
5.0
3.67
8.0
6.67
-0.33
1.67
9.33
-0.33
2.0
-3.0
-0.67
-4.33
4.67
1.0
6.33
5.0
7.33
2.33
12.67
4.67
-3.0
-6.0
-4.33
4.0
10.0
4.67
3.33
-2.0
4.33
1.0
3.33
4.0
8.33
2.67
-3.0
4.67
4.67
5.67
2.67
4.67
-7.0
-3.0
-0.67
12.33
-1.33
0.33
8.67
-7.67
5.0
6.33
7.33
-1.33
1.67
5.0
8.33
4.0
8.0
7.0
0.67
-3.33
1.33
0.67
1.33
1.33
8.33
4.0
9.33
-1.67
3.0
3.33
10.67
1.0
4.67
3.0
-1.67
0.0
1.33
3.67
-0.67
-4.0
4.33
1.33
3.67
5.0
5.33
4.0
5.0
2.33
9.33
4.67
2.67
-2.67
-11.0
4.67
2.0
6.67
-2.33
1.67
-1.33
0.67
-0.33
3.67
1.0
1.0
0.67
3.0
1.0
9.67
5.33
-4.67
-0.67
2.33
14.0
7.33
10.33
3.67
-6.33
9.67
0.33
5.0
2.0
10.0
1.33
10.0
8.67
5.0
13.67
13.67
18.0
13.67
19.0
23.0
18.33
21.33
16.0
11.33
22.33
13.0
16.67
15.33
19.67
29.33
21.67
16.67
8.67
14.33
7.0
14.33
8.67
18.33
8.0
11.33
18.33
16.0
13.67
-2.33
12.67
3.33
9.67
6.67
6.33
3.67
7.0
8.33
12.0
4.33
5.67
15.33
2.33
1.67
10.33
0.33
-2.0
2.67
11.33
7.67
4.67
4.33
-0.67
8.67
7.0
6.33
8.67
-0.33
8.33
6.0
5.67
12.0
1.67
5.67
1.67
4.0
16.0
13.33
10.0
16.67
-3.33
9.33
5.33
17.33
12.67
3.33
10.67
2.67
6.67
3.67
11.0
15.67
7.0
5.33
8.67
1.67
6.0
0.67
17.33
13.0
-2.0
5.33
12.33
9.0
4.0
1.0
12.67
12.67
7.67
9.33
11.67
3.67
6.67
12.33
6.33
15.0
4.0
1.0
10.33
12.67
6.0
7.33
11.33
9.0
11.33
19.0
12.67
12.33
20.0
-3.33
2.67
4.67
19.67
9.0
2.33
8.0
13.67
-5.0
2.67
9.0
12.33
15.67
16.67
4.67
6.0
13.33
9.33
13.0
5.33
2.67
9.0
6.67
9.67
8.67
9.0
-1.0
13.33
5.67
-0.33
8.33
10.67
7.0
12.0
17.0
9.33
11.0
1.0
14.67
18.33
8.33
12.33
16.67
8.33
10.33
19.33
3.0
2.67
5.67
16.33
1.33
4.0
12.0
6.0
7.67
12.33
1.67
9.33
14.67
6.33
-0.67
6.67
10.33
10.0
12.33
7.33
7.0
1.33
12.33
7.67
10.0
3.33
-3.0
8.0
7.33
13.0
25.0
17.33
8.67
1.0
16.67
8.67
14.0
7.67
8.33
11.33
7.0
4.33
10.33
7.33
14.0
9.67
7.33
21.33
3.0
7.0
11.33
12.67
5.67
16.67
19.33
13.33
5.67
11.0
6.67
14.0
8.33
2.33
7.67
12.33
10.33
9.0
0.33
6.67
13.67
15.33
4.0
3.67
13.67
12.33
3.67
4.33
10.33
19.0
6.33
7.67
16.33
10.33
9.67
14.33
16.67
3.0
13.67
24.33
13.67
16.0
25.0
23.0
11.33
21.0
17.33
30.0
9.67
19.0
32.33
21.33
21.33
25.0
42.33
30.0
15.67
21.33
21.0
26.67
45.33
31.33
18.67
31.0
38.67
56.67
49.33
44.67
69.0
59.0
59.0
62.67
67.33
64.0
69.67
74.33
74.67
72.0
103.0
77.67
88.0
101.0
78.0
81.33
90.0
80.67
75.33
69.0
77.0
82.67
70.33
56.33
66.33
58.33
42.33
44.33
41.67
26.0
32.67
21.0
14.67
11.67
14.0
13.33
23.33
18.0
17.67
1.0
13.0
4.0
10.33
8.33
20.33
19.0
8.33
11.67
6.67
2.33
7.67
12.67
12.0
10.0
13.0
16.67
24.33
11.67
12.33
12.33
17.33
10.67
14.33
9.33
7.67
3.0
7.33
16.67
10.67
16.67
9.67
14.33
-1.0
10.0
2.33
2.33
4.33
13.0
14.67
3.67
4.0
12.0
-0.67
8.67
12.0
0.0
17.0
5.67
21.33
23.33
16.67
3.67
18.33
13.33
-2.0
5.33
-1.0
11.33
10.0
3.67
-1.67
10.0
9.0
4.0
4.33
2.0
16.67
4.33
5.67
13.33
11.0
13.0
8.67
11.0
7.67
13.67
10.0
14.67
9.33
4.67
9.33
21.0
8.0
19.0
17.0
7.0
8.0
13.33
11.33
8.0
3.0
17.67
17.67
13.67
9.67
8.33
4.33
5.0
7.33
7.67
18.0
17.67
2.67
9.67
15.33
-2.67
9.0
19.33
16.0
1.67
8.33
12.0
-8.67
16.33
4.0
1.33
12.0
4.0
8.33
13.33
14.0
8.0
1.0
6.67
22.67
16.0
0.0
2.33
6.67
13.33
18.33
1.33
15.0
9.0
4.67
13.0
2.0
6.33
1.67
-6.33
-3.0
4.0
18.67
1.33
5.0
13.67
9.67
14.67
3.0
-8.0
10.67
17.67
12.33
12.0
5.67
33.33
21.33
16.67
22.67
7.0
11.0
14.67
17.67
22.33
16.67
16.0
28.0
19.0
31.33
23.33
24.0
26.0
36.0
28.67
37.0
25.33
35.0
35.67
12.33
27.33
23.67
18.33
48.33
18.33
26.0
25.0
26.0
28.33
19.0
14.33
18.0
10.33
14.0
21.67
3.33
17.67
27.67
17.0
5.0
11.67
16.0
17.0
23.33
10.67
8.67
8.0
12.67
0.33
-1.0
11.0
4.67
3.33
6.0
4.0
16.0
5.0
4.0
6.67
-0.33
13.0
9.0
15.0
23.33
11.0
-0.67
4.0
-1.0
14.0
12.0
9.0
14.33
9.33
13.33
14.0
9.67
7.67
12.33
-0.67
3.67
10.67
12.33
11.67
11.0
4.33
-3.33
-8.0
2.67
13.0
8.67
15.33
17.67
16.33
6.67
6.33
10.33
5.0
8.67
7.0
10.33
-4.33
8.0
8.33
16.0
-3.33
8.67
3.33
3.0
14.33
3.0
8.33
-0.33
-1.0
6.33
4.0
-1.33
10.0
6.33
5.0
6.0
4.33
10.67
9.67
-1.33
2.0
13.67
7.67
5.33
-0.33
1.0
3.0
4.0
9.67
1.33
5.33
8.67
0.67
2.33
5.67
2.67
4.0
-2.0
11.0
18.67
3.67
4.33
0.67
-1.33
10.0
6.33
7.67
9.67
-7.33
1.67
9.33
-1.67
20.33
8.0
4.0
11.33
6.0
9.0
3.0
19.67
-1.0
0.33
-8.0
-1.0
-1.67
6.0
6.67
4.33
15.67
4.67
4.0
3.0
-9.33
6.67
8.0
3.0
10.33
-4.0
1.0
10.0
5.67
-3.0
2.67
1.33
2.0
1.0
-0.67
14.67
9.0
2.67
12.67
10.33
0.33
11.33
12.0
-0.33
1.0
8.33
2.67
0.67
3.67
2.33
6.0
3.33
-4.0
3.33
9.33
-8.67
1.67
10.0
11.33
5.33
11.67
5.67
-0.33
10.0
5.33
9.33
2.0
0.67
11.67
3.0
10.33
15.33
4.67
3.67
2.0
9.0
6.67
8.67
10.33
8.0
9.33
10.67
3.33
1.33
15.0
-0.67
11.67
9.0
11.0
8.0
11.67
-1.33
4.33
-0.67
9.33
4.67
7.67
0.0
8.33
8.33
2.33
12.33
8.67
-2.33
1.0
8.33
-6.0
-6.0
9.67
7.0
5.0
1.33
3.0
1.67
3.33
-0.67
-0.67
4.0
9.33
8.33
4.67
4.0
-3.67
3.33
5.67
1.33
7.0
9.0
-1.33
8.67
-0.67
3.0
8.33
-4.0
0.67
1.67
-3.0
2.67
6.33
10.33
-1.0
13.33
3.0
-2.67
1.67
2.67
6.33
8.33
9.33
1.0
5.33
4.0
3.0
0.0
-4.0
1.0
2.67
-2.33
2.67
-5.67
6.0
4.67
-9.0
-2.0
-7.67
-3.0
-4.67
-6.0
8.33
1.33
-3.0
4.0
4.33
0.33
8.0
0.67
-1.67
-4.67
10.0
-4.0
4.67
2.33
1.67
10.0
-0.33
7.33
-0.33
0.67
-2.33
-3.67
7.67
-2.33
7.67
1.67
-3.67
7.0
4.0
0.33
3.0
6.33
3.67
4.0
-0.33
5.67
2.0
-4.0
9.33
6.0
3.67
6.67
-1.0
1.0
1.0
-3.67
-6.0
12.67
1.67
1.33
0.0
-2.0
7.33
5.0
-3.0
-1.67
-2.67
3.33
2.33
-1.33
2.0
-2.0
4.0
-5.33
-1.0
-0.67
4.67
1.33
10.33
4.0
5.0
2.33
9.33
2.33
0.33
9.0
9.67
6.67
3.33
6.67
0.67
5.67
2.33
-0.67
1.67
-1.67
4.0
0.67
4.67
3.67
-3.0
3.0
3.0
-3.67
2.67
6.33
7.33
13.0
5.33
3.0
9.0
1.67
4.67
5.67
0.67
6.0
-3.33
8.33
3.33
4.33
-1.33
2.33
3.33
-1.0
-2.67
4.0
6.33
5.67
-2.0
3.0
1.0
3.33
3.67
1.33
8.67
3.0
1.0
8.67
0.67
0.33
2.33
1.67
4.0
-0.33
-4.67
6.0
-11.33
2.33
-0.67
3.33
8.0
-1.0
-0.33
0.67
5.0
4.67
12.0
8.0
1.67
-3.67
-1.67
8.0
2.67
-3.33
-4.33
2.0
7.67
-1.67
1.0
6.67
0.67
-1.0
1.67
4.0
6.0
6.33
-3.33
-0.33
4.33
-0.67
-2.67
-1.0
-2.0
0.0
-0.33
7.33
4.0
0.0
-3.33
-2.33
-3.33
-5.0
1.33
5.67
2.33
2.33
6.67
-1.33
-2.67
-1.0
-6.67
-2.67
-3.67
2.67
10.0
1.33
0.67
-4.67
1.33
-3.33
10.33
-2.67
6.33
0.33
-2.33
-1.67
0.0
-1.0
-0.67
3.67
-1.33
4.67
8.33
3.0
-1.0
1.33
2.0
2.67
-2.33
-2.0
-0.33
