0.0
40.33
31.0
39.67
-10.33
75.0
-69.33
1.67
17.0
47.0
30.67
4.33
-16.0
-35.33
-25.0
-26.33
-39.67
-44.33
-62.33
-65.67
-23.0
-32.33
-22.33
-8.0
-2.67
-23.33
10.67
0.0
-5.0
-4.67
8.67
2.0
5.33
2.0
1.33
-5.0
0.67
2.33
-1.33
-1.67
0.33
0.33
1.0
0.0
0.0
2.0
0.0
0.67
3.0
0.67
0.33
-1.33
0.33
1.0
0.0
1.0
-0.33
-0.33
0.33
-0.33
-0.33
-0.33
-0.33
0.33
-0.33
0.33
-0.67
0.0
0.67
0.0
-0.33
-1.0
0.0
1.0
-0.67
-0.33
-0.33
0.67
0.0
0.33
-0.67
-0.67
-0.33
0.67
1.67
0.0
0.67
0.67
-1.0
0.67
-0.67
-0.33
0.0
-0.67
0.67
0.0
-0.33
1.0
1.67
0.33
-0.33
-1.33
0.0
0.33
1.0
1.0
1.33
0.0
0.67
0.0
2.0
0.33
1.0
0.0
1.33
-0.67
3.33
6.33
0.67
-2.33
-1.67
2.33
3.33
4.33
1.33
1.0
1.33
-0.33
1.67
1.33
1.33
-1.67
1.67
2.33
1.67
7.0
1.0
4.33
2.33
0.0
-2.0
3.0
-1.33
-1.0
5.67
-4.0
5.0
-0.33
4.67
7.0
-2.33
-3.33
0.33
-3.67
2.0
0.0
3.33
4.33
5.0
-1.33
6.33
0.67
-5.33
-3.67
5.0
-1.67
-0.67
11.33
3.67
4.67
-2.67
5.67
1.67
0.0
2.0
3.33
8.0
1.0
0.67
8.33
9.33
2.67
-1.33
7.0
1.33
-1.33
7.67
1.67
4.67
7.67
0.67
-2.33
1.0
-5.33
-1.33
-0.67
-6.0
2.67
4.33
-2.67
-6.67
0.0
3.33
5.67
-3.0
2.67
1.67
-0.33
-0.33
10.67
-2.67
2.33
0.33
3.0
2.0
0.0
-3.67
2.0
5.33
10.0
-2.0
1.67
3.67
5.33
5.33
2.0
4.0
4.67
-2.67
-1.67
7.67
4.67
-3.0
9.33
2.67
7.33
3.33
4.0
0.67
7.33
6.33
2.33
3.0
-3.0
4.0
7.67
1.0
2.33
7.33
-1.0
2.0
-1.0
0.33
-1.0
-3.67
3.33
6.67
4.33
6.33
0.0
1.33
-2.33
-0.33
2.0
2.33
5.0
0.67
9.33
2.0
0.33
1.33
0.33
0.67
4.67
0.0
6.0
3.33
6.33
7.67
5.33
1.33
9.0
-4.67
7.0
9.33
-4.0
4.33
-0.33
7.33
1.33
-0.33
6.0
3.67
2.67
2.33
3.67
2.33
4.33
3.0
1.33
1.33
-1.33
4.0
3.0
-2.67
3.0
0.0
6.67
3.33
-2.0
-3.33
8.67
0.67
6.33
8.0
-3.0
-2.0
6.33
2.67
1.0
5.67
2.33
5.33
0.33
3.67
4.33
10.67
-1.33
5.33
-1.33
3.0
-0.67
7.0
6.67
-4.0
-4.0
0.33
-5.67
0.67
1.0
0.33
0.0
-3.67
2.33
1.33
7.33
-3.0
4.33
-2.67
-3.33
2.0
-5.0
2.67
-1.33
-0.33
3.67
6.0
6.33
-1.0
0.33
-1.67
6.0
0.67
-2.67
-0.33
2.67
2.67
8.67
4.33
0.0
2.0
-4.0
5.0
4.67
6.67
1.0
3.33
-2.0
2.33
0.33
-4.33
9.33
-1.0
3.0
0.67
-0.67
1.67
3.33
3.0
0.33
4.33
-2.0
2.33
0.33
-2.0
5.0
3.33
3.67
-2.33
0.33
6.33
-0.33
-2.67
0.33
5.33
-1.67
-2.67
0.0
0.0
5.67
-1.0
0.33
-4.33
11.0
3.0
4.0
-1.0
-5.67
13.67
-0.33
2.33
-4.67
1.0
0.0
7.0
3.0
3.67
-4.0
3.0
0.33
0.67
2.0
0.0
-1.0
2.33
7.0
-0.67
-3.67
7.33
-3.33
-1.33
3.0
0.0
3.67
-5.33
1.33
1.0
-2.67
-1.33
-1.33
3.67
1.67
0.67
-4.67
4.33
-0.67
-2.33
4.0
5.0
2.33
0.33
-2.0
0.33
0.33
4.33
5.67
-0.67
5.0
-2.33
-7.33
-1.33
4.0
3.67
-2.0
0.67
5.33
2.67
1.33
2.33
1.67
4.0
3.0
-0.67
-3.33
-1.0
1.33
4.33
-1.33
-3.67
3.0
-0.67
3.67
3.67
-1.33
2.0
4.33
3.67
1.67
0.0
4.0
1.67
3.67
-5.0
1.67
0.33
-2.0
3.67
-0.33
0.33
-5.0
0.33
3.33
7.67
-0.33
-0.67
-0.67
7.67
1.67
2.33
-1.33
-0.33
2.33
0.0
-0.67
2.0
1.0
1.67
3.0
-5.67
5.33
2.67
2.0
-4.0
2.33
-1.33
2.0
-1.0
2.33
1.33
0.67
7.67
2.67
-2.33
-0.67
-1.0
-2.33
3.0
1.0
-0.67
-1.0
7.0
-3.67
-0.33
2.0
-3.0
0.0
-1.33
-0.33
-4.0
3.0
-0.67
4.67
-1.0
-2.67
4.0
-2.0
3.67
5.33
2.33
-2.0
4.0
-2.0
4.0
3.0
-3.0
0.33
-4.0
-0.33
1.67
0.0
2.67
5.0
-2.67
4.0
4.33
1.33
0.67
0.0
-1.0
7.67
1.0
-0.67
-1.33
2.0
4.67
1.67
1.0
-2.0
2.67
3.33
-1.67
-2.0
-1.67
-1.67
-2.33
1.0
-3.0
-0.33
-0.67
-1.33
5.0
1.0
3.33
-3.0
-2.33
9.0
-1.33
-1.0
6.0
-2.0
0.67
1.0
-3.33
-1.33
0.0
-1.33
2.67
1.33
2.67
-0.33
-0.33
-0.67
-4.67
5.0
-3.0
0.67
1.67
0.33
-2.0
1.0
2.0
-1.0
-4.0
3.33
-5.33
0.33
3.67
-3.67
2.0
-5.0
-2.67
1.0
3.67
-1.33
-3.0
-1.33
-0.33
3.67
2.0
0.33
1.67
-2.67
4.33
2.33
3.0
-1.33
1.33
-2.33
0.33
-1.0
-0.33
0.0
-0.33
2.33
-2.33
0.0
-3.67
0.67
0.33
-1.33
-4.67
-0.67
5.67
5.33
6.33
-1.33
0.0
1.0
1.67
7.33
0.33
-0.67
-0.67
-3.33
-2.67
0.0
0.0
-1.0
5.67
4.67
1.0
1.67
-5.0
2.0
2.33
-3.33
0.0
0.0
4.33
1.33
0.0
-0.67
3.33
1.0
2.0
-2.0
0.67
0.67
4.0
1.33
6.33
-0.33
2.67
-5.33
-6.0
0.0
2.33
2.33
-4.0
3.67
-1.33
-5.33
-0.33
-2.33
-3.33
-2.67
-2.33
-1.33
0.0
-1.33
-4.67
-1.67
-2.0
-1.0
-1.67
-5.67
0.0
-5.0
0.33
-0.67
3.33
2.67
-3.33
6.0
0.0
0.33
-2.33
-0.67
4.33
-2.67
4.33
-3.67
-2.33
3.0
-2.0
1.0
5.67
1.33
-1.33
2.0
1.67
1.33
-2.0
1.33
3.0
8.67
4.67
-0.33
1.0
-0.33
0.0
2.67
3.67
2.67
-2.67
-2.67
-2.0
2.33
1.67
11.33
7.0
4.67
4.0
5.33
3.0
3.33
4.67
10.67
8.33
7.33
13.33
14.0
12.33
20.0
11.0
20.0
11.33
11.33
25.0
9.0
21.67
34.33
18.33
36.33
35.67
26.0
33.0
31.0
13.67
18.67
17.67
16.33
14.67
10.33
7.33
9.33
22.67
2.67
11.67
9.67
6.0
4.0
0.67
2.67
3.33
9.0
7.33
3.33
1.0
7.33
3.67
-2.0
1.0
5.0
4.0
6.0
9.0
7.33
5.0
6.0
-1.67
5.67
7.0
11.67
5.33
1.0
3.0
6.67
2.33
1.33
0.0
5.33
7.0
0.33
1.33
3.33
0.0
1.0
0.67
6.0
1.0
13.67
-0.33
9.33
2.0
6.33
4.67
7.0
1.67
11.0
2.0
0.33
5.33
5.67
10.67
2.67
-1.33
0.0
-7.33
-4.67
0.67
-1.67
6.0
2.33
-6.0
-5.33
6.33
13.0
3.67
-1.0
16.67
2.67
0.67
-1.67
0.67
1.0
4.0
1.33
-0.33
-4.33
4.0
6.33
-2.0
5.33
6.33
4.67
5.67
5.0
6.0
-0.33
6.0
11.0
1.67
-5.67
8.0
-0.67
1.0
3.33
0.0
-0.67
1.67
12.0
1.67
-0.33
-3.33
12.67
1.67
7.0
-5.0
7.33
1.33
7.67
6.33
4.67
-2.67
4.0
0.33
7.33
-2.33
3.67
4.0
3.33
4.0
1.0
4.0
0.67
-3.33
3.33
2.67
6.33
-0.67
9.33
2.0
6.33
6.33
7.0
-0.67
8.67
1.0
2.67
7.0
1.33
-3.0
6.33
6.67
-11.67
0.0
2.33
2.33
-5.33
7.0
3.33
7.0
1.0
5.33
5.33
4.67
1.67
-0.67
-1.0
2.67
-4.0
3.67
0.67
-2.33
2.67
-6.33
4.67
-6.33
-5.0
-2.0
4.67
2.0
-4.0
3.67
-1.67
-2.67
1.33
-1.67
10.0
6.33
6.33
-0.33
6.67
10.67
-2.67
4.0
-10.0
12.0
3.33
11.0
7.67
3.0
-0.33
3.67
17.0
13.67
9.0
17.0
25.33
21.33
19.0
13.33
11.33
30.0
37.67
25.33
13.67
24.33
16.67
34.67
21.67
9.33
11.0
17.33
5.67
9.33
10.0
12.33
7.33
4.0
9.67
1.67
13.67
-0.67
6.67
-0.33
6.33
4.67
4.0
8.33
2.0
17.33
7.67
15.33
11.33
7.67
9.33
6.33
-5.0
6.67
5.33
6.67
6.67
10.33
1.33
4.67
5.0
9.33
0.67
10.67
4.33
17.0
4.67
16.0
0.67
11.67
6.67
12.0
6.0
0.33
16.0
13.67
3.67
10.33
18.33
10.33
4.67
9.33
2.67
10.67
14.67
5.67
5.0
10.67
4.0
7.33
14.67
6.67
6.0
9.67
7.33
10.0
9.0
4.33
-0.67
10.0
8.0
8.0
4.67
1.67
4.67
12.33
10.67
2.67
8.67
4.33
14.33
10.0
-2.0
13.0
10.33
0.67
2.0
10.33
16.33
14.0
14.33
2.0
6.67
19.33
15.0
13.67
4.67
-1.33
11.67
15.0
11.33
16.0
24.67
2.0
1.67
16.0
9.33
15.67
14.67
15.67
3.0
15.33
0.33
9.0
2.33
7.67
3.0
13.67
11.67
13.67
9.0
8.0
-1.67
18.67
3.67
6.33
9.67
12.0
8.0
12.0
4.33
-3.0
4.0
7.67
10.33
9.33
15.33
14.67
5.33
8.33
14.33
5.0
17.67
8.67
9.33
13.33
4.0
7.0
6.0
11.67
2.33
10.67
21.33
-1.33
8.33
7.33
9.67
16.33
9.0
6.33
16.33
-1.0
5.33
15.33
11.67
3.0
10.33
9.0
1.0
18.33
13.0
7.0
22.33
6.67
6.0
14.67
7.67
18.0
6.67
4.33
5.33
6.0
9.33
10.33
4.33
2.0
11.67
21.33
21.33
10.0
9.0
3.33
4.67
2.67
4.67
14.33
11.33
12.67
10.0
6.67
13.0
7.33
8.33
-0.33
0.33
18.33
9.0
13.33
5.67
6.67
14.33
12.0
6.67
13.67
12.33
5.67
10.33
17.33
15.0
21.33
8.67
13.33
11.33
8.67
16.33
9.67
10.0
8.67
16.33
16.67
18.0
23.0
16.0
22.33
19.0
11.33
5.0
21.67
16.0
28.33
11.33
27.33
23.0
20.33
31.0
17.67
22.33
25.0
23.67
31.33
32.33
46.67
35.0
28.67
45.67
37.33
58.67
58.0
59.0
60.0
84.67
64.33
85.0
85.67
104.33
97.67
100.0
106.0
123.67
103.0
115.0
107.0
101.33
98.0
89.67
96.33
93.0
80.0
64.67
85.33
63.33
64.33
57.33
59.33
57.33
39.67
48.0
28.67
20.0
8.67
10.67
18.0
13.33
23.33
9.0
7.67
6.0
11.0
30.0
15.33
2.33
7.33
7.0
3.33
11.67
9.67
14.33
1.67
11.67
13.0
14.0
6.0
16.67
4.33
8.67
-0.67
7.33
13.33
14.67
11.33
19.33
11.67
20.0
9.33
11.67
16.67
23.67
20.67
11.33
10.0
6.0
7.33
19.33
10.33
19.0
23.67
5.67
12.0
16.0
14.33
10.67
13.0
14.0
8.0
12.67
7.33
7.33
7.67
15.67
13.33
25.33
11.0
4.33
10.0
1.33
10.0
14.67
8.33
13.0
8.0
4.0
12.33
4.0
5.67
7.33
-4.33
14.33
12.0
24.0
7.67
6.0
6.67
19.67
4.0
9.67
5.33
9.67
16.33
9.0
17.0
10.0
2.0
7.0
-2.0
5.33
8.33
17.0
12.0
11.67
14.67
18.67
8.67
16.33
25.33
5.0
13.33
5.67
14.0
4.67
-0.33
10.67
15.33
11.33
5.0
12.33
8.0
10.67
3.33
1.0
2.33
8.33
1.0
-0.67
10.0
12.0
11.33
4.33
14.0
12.0
13.0
-1.33
18.67
0.0
2.0
-7.67
7.67
7.33
11.33
4.33
12.0
10.0
-1.33
5.0
9.0
10.33
8.67
6.67
7.0
-2.0
4.67
11.33
18.0
2.67
16.67
13.67
4.0
2.0
7.67
4.67
8.33
9.0
4.67
12.33
7.33
10.67
6.67
10.0
12.0
12.67
25.67
13.33
14.67
27.0
33.0
28.0
28.33
26.33
55.0
29.0
32.0
33.67
31.0
27.33
17.0
23.67
44.33
20.33
3.67
29.33
35.33
28.33
40.0
23.0
23.0
33.33
26.0
21.33
4.0
28.33
20.0
17.67
12.33
32.67
16.67
19.0
-3.0
18.67
13.0
10.0
9.33
10.67
9.67
5.0
-8.33
-5.67
4.0
6.0
3.67
-3.67
17.0
1.0
8.0
5.0
2.0
12.67
1.67
15.0
14.0
7.0
22.33
0.0
4.33
-9.0
-1.0
5.0
9.0
11.0
5.33
3.33
7.33
4.0
6.67
11.67
7.33
5.33
12.67
10.67
4.33
10.67
14.0
2.33
5.67
-3.0
5.67
22.0
3.67
6.33
6.67
2.33
20.67
6.33
3.33
1.0
-0.33
10.0
15.33
-3.33
3.0
2.33
6.0
4.67
13.67
0.33
26.0
20.33
-1.0
-3.67
2.67
-8.0
4.33
7.0
0.67
7.0
7.33
-4.0
6.0
16.33
12.67
14.67
-9.33
-12.0
1.67
1.67
-2.67
2.67
16.0
6.0
-7.0
0.67
8.33
-3.67
9.67
-8.33
9.33
3.67
6.67
-7.0
-7.0
-7.0
12.67
-1.33
4.33
1.67
3.67
1.0
-0.67
0.67
-5.33
9.67
-1.33
2.33
-9.67
18.33
8.0
1.0
2.33
21.0
5.0
5.0
8.67
2.0
8.33
-2.0
7.0
-0.67
-5.0
7.67
-1.67
16.67
-0.33
5.0
-6.0
7.67
16.67
4.0
10.0
13.33
10.0
-3.0
12.0
5.67
3.0
3.67
-1.67
0.0
-6.0
7.33
13.67
12.0
4.67
7.67
5.33
3.33
8.33
10.0
-7.33
1.0
5.33
3.67
7.67
7.67
2.33
4.0
0.33
0.0
4.33
2.33
-5.67
-1.33
10.0
5.33
8.33
11.67
5.67
-1.33
3.0
9.33
11.33
0.0
0.67
9.67
-2.0
3.33
4.33
7.67
4.67
4.0
-1.0
-1.33
12.67
13.33
6.0
2.33
-5.33
6.33
5.33
-1.0
2.33
1.67
6.0
6.0
9.0
-0.33
5.67
4.33
11.33
6.33
9.67
1.67
8.0
2.33
13.33
9.33
4.33
9.67
13.67
3.0
8.33
2.0
12.0
-0.33
7.0
2.0
-7.67
8.0
5.67
5.33
4.33
1.33
-8.0
-1.67
1.33
-2.33
-2.0
-6.67
8.33
4.67
-1.67
11.0
19.0
-1.33
4.67
-3.67
7.0
8.33
-2.0
-2.33
1.67
-3.0
12.67
5.33
1.33
2.0
-0.67
3.0
-5.67
1.67
10.67
5.33
1.33
8.33
-3.0
0.33
5.0
-4.0
-7.0
-6.0
6.0
0.67
-4.33
7.67
2.33
4.0
1.67
-1.0
0.0
2.33
-5.0
1.33
-4.0
5.33
6.33
-1.0
4.0
6.33
0.33
0.0
-7.33
8.33
-1.67
1.0
-1.0
7.67
5.33
-0.33
-2.0
1.67
2.33
0.67
9.67
0.67
5.33
5.67
6.67
-0.33
-6.33
4.33
0.0
4.0
8.33
4.0
3.33
5.67
3.0
3.67
4.67
7.0
6.0
2.33
6.0
4.67
3.67
5.0
6.0
3.0
5.33
-1.0
12.67
6.67
-3.67
-6.0
1.0
-1.67
-1.0
4.0
7.33
11.33
-1.67
5.33
3.67
-1.0
-1.0
4.0
7.67
1.0
-3.67
2.67
2.33
0.33
6.0
3.0
6.33
-0.67
9.33
3.33
9.0
7.67
8.67
2.33
5.67
6.67
5.67
4.33
-0.67
-0.33
12.33
-1.0
10.67
3.67
1.67
1.0
4.0
-4.0
2.33
0.67
2.33
5.33
3.0
1.33
5.0
5.0
3.67
5.67
-1.33
2.67
7.0
-5.33
-1.67
-0.67
1.33
5.67
2.33
2.33
-2.0
2.33
1.0
4.33
-0.33
1.0
1.0
-2.0
-3.67
1.67
1.33
-2.33
2.0
4.0
1.67
2.67
1.33
1.33
0.67
5.0
-0.33
-1.67
2.0
-8.33
-0.67
2.33
-0.67
1.0
-2.0
-1.33
0.67
0.0
6.67
3.0
12.0
-3.33
-1.67
2.33
-1.0
1.67
-0.33
-1.33
-1.0
-0.33
2.33
-3.0
1.67
-3.33
1.0
-1.33
1.0
4.0
4.33
-1.33
1.67
4.33
1.33
-1.67
2.0
-4.0
3.0
-5.33
3.33
-2.0
-3.0
-2.33
0.67
-1.33
-7.0
1.33
4.67
0.33
-3.67
1.67
-5.33
-2.67
-2.0
-6.67
-0.67
-5.67
-2.33
4.0
-3.67
1.67
-2.67
0.33
-0.33
2.33
6.33
1.33
-0.67
4.67
1.33
5.0
0.0
-0.67
1.67
-3.33
-1.33
-2.67
1.0
-2.0
-3.67
0.0
3.67
-3.33
0.0
1.67
