0.0
-76.67
40.0
17.33
-42.67
-54.0
-8.33
-18.67
105.67
-73.67
5.33
10.0
-37.33
-12.67
-25.67
-30.33
-10.33
-20.33
49.33
29.0
-23.0
2.0
-15.0
-4.33
7.33
-5.0
-3.33
0.0
-6.0
-12.33
-7.33
0.33
3.0
3.0
-2.33
-0.33
-3.33
-2.67
1.33
0.0
1.0
0.33
1.0
0.0
1.0
2.0
-1.33
-0.67
-0.67
1.0
-1.33
-0.67
-0.33
0.0
0.0
-0.67
1.0
0.33
0.0
0.67
0.0
0.0
-0.33
0.67
0.0
-0.67
0.0
-0.67
1.0
1.0
1.0
0.0
1.0
0.0
-0.33
-0.33
0.0
0.67
0.67
0.0
-0.33
-0.67
0.0
-0.67
0.67
-0.67
0.0
1.33
0.0
0.67
-0.67
-0.67
-1.0
-1.33
-1.33
-0.33
1.0
-1.0
0.0
0.33
-1.67
0.33
0.0
1.0
-1.0
-1.0
0.67
2.0
-1.0
1.0
1.0
2.0
-1.67
-1.33
1.67
-1.67
2.0
-1.33
0.33
2.33
-3.33
2.33
0.0
1.33
-2.0
-4.67
3.0
-1.0
-1.67
0.67
0.0
4.67
2.33
5.33
-0.33
-1.33
1.33
3.67
1.33
2.0
-4.33
2.67
2.0
1.33
1.67
4.33
2.67
2.0
3.33
-4.33
-1.67
5.0
2.67
-2.33
-2.33
-0.33
0.33
0.0
4.0
0.0
2.33
-2.33
6.0
11.0
-4.67
8.33
-2.0
10.33
3.0
8.0
7.67
-4.0
0.33
6.67
4.33
2.33
0.67
5.0
2.67
2.33
-0.33
-2.33
-2.33
5.33
2.0
-4.33
0.67
-6.0
7.33
10.33
-0.67
0.0
11.0
4.67
8.0
5.67
-6.33
3.67
4.0
0.33
-1.67
3.0
-1.0
2.67
-4.67
0.67
2.0
3.67
-1.33
2.33
7.67
1.67
-4.67
4.67
6.33
5.67
7.0
7.33
10.0
-2.67
1.67
-2.0
-2.0
-2.33
2.0
0.33
8.0
2.67
0.67
6.0
2.33
1.0
-1.67
1.67
8.67
7.33
1.33
3.33
2.67
4.67
7.33
4.0
0.33
2.67
0.67
-0.67
2.33
3.0
-1.67
2.33
2.33
10.33
6.67
-6.33
-4.33
4.33
-3.0
1.33
8.67
-1.67
3.67
3.0
1.33
1.33
1.33
-0.33
1.33
-2.33
-2.0
3.67
1.67
5.67
3.33
-3.33
-2.0
3.33
4.33
4.33
-1.0
7.33
6.33
1.67
-0.67
3.33
5.67
-4.67
0.33
4.33
11.33
6.0
3.0
-2.67
-1.0
0.67
4.0
2.0
6.0
-1.67
-3.67
0.67
2.33
-0.67
8.33
4.0
-1.33
5.67
-0.67
1.67
4.33
-0.67
6.67
-0.67
-1.33
-7.33
5.0
-3.33
5.0
0.67
0.67
4.33
9.0
2.0
10.67
0.0
5.0
3.33
-4.67
-4.67
2.0
-5.67
0.0
-2.67
0.67
6.0
-1.33
2.33
-0.33
2.33
1.0
6.67
6.67
-3.33
3.0
-1.33
4.67
-5.67
1.0
-0.67
2.33
-0.67
-6.0
-1.33
-2.33
-0.33
8.33
4.67
-3.67
-1.67
5.0
7.0
6.0
10.67
-4.67
8.0
-6.33
-3.33
-4.0
5.67
-5.33
1.67
0.33
2.0
-2.67
1.0
3.67
4.67
-4.0
4.33
-1.33
3.0
5.67
-1.33
1.33
2.33
5.0
2.33
0.33
4.67
0.33
-5.0
6.67
6.67
0.0
3.33
6.67
0.0
0.33
-1.33
-2.67
7.0
0.67
2.67
-4.33
6.67
8.67
-0.67
1.33
6.33
1.33
3.67
-0.33
5.0
0.67
-0.67
-8.33
1.0
5.0
-2.0
7.33
3.67
1.33
0.33
4.33
-1.33
-1.33
7.0
5.67
3.0
0.33
-4.67
2.33
0.33
1.0
2.67
2.33
3.0
4.0
3.33
2.0
4.33
-4.33
-0.33
1.33
-0.67
1.0
2.67
3.33
6.67
5.33
-5.67
-1.33
0.0
0.0
6.33
5.33
5.33
1.67
-2.33
4.33
0.33
0.33
1.0
1.0
-0.67
-2.0
1.33
3.0
3.67
3.0
0.33
1.67
-1.67
1.67
2.0
1.0
-3.33
2.33
4.0
-1.0
0.67
2.33
-1.67
2.67
2.0
-2.0
-3.33
-2.33
6.0
-1.0
0.67
-5.0
0.0
-2.67
0.0
4.33
3.33
6.67
-0.33
-6.33
-3.33
-0.33
-1.67
2.0
2.0
3.33
5.67
0.67
2.0
2.67
-1.0
3.0
1.67
-2.67
3.33
-1.33
-7.0
-0.33
5.67
-2.0
6.0
3.67
2.33
2.67
0.33
2.33
-3.67
0.67
5.67
-1.0
2.33
-5.33
-2.33
4.67
2.33
3.33
-3.0
-3.0
0.0
-3.0
-2.67
-1.0
1.0
1.0
0.33
2.0
-1.67
2.67
4.33
-2.0
-2.0
7.33
-0.33
-2.67
1.0
0.33
0.67
0.67
5.67
1.0
-0.67
3.67
4.67
0.67
3.33
-1.0
2.0
-1.67
-1.33
1.67
0.33
6.0
0.67
2.67
5.67
2.0
1.33
3.0
1.0
0.0
-2.33
2.0
3.0
-1.0
1.67
-3.33
-1.33
-0.67
2.33
6.33
3.0
-0.33
-3.67
-0.33
-0.33
1.67
3.67
2.33
-3.33
-2.0
-0.33
-0.33
-1.67
-0.33
2.33
-3.67
-2.0
-1.0
6.0
-0.67
1.67
0.67
-0.67
1.0
-1.0
0.67
-1.67
-3.0
-1.33
4.67
9.33
-2.0
1.33
-2.33
2.33
6.67
1.0
-0.67
-0.67
5.33
-0.33
1.67
-2.67
-1.0
-1.33
-2.0
3.0
-0.67
-1.0
-0.67
-3.0
1.33
-2.33
-1.33
0.33
-1.0
-2.67
2.67
1.0
1.0
-1.67
-2.33
-2.33
-2.33
6.33
2.67
-3.67
6.33
-2.0
-1.33
0.67
-2.0
7.0
3.0
-0.33
-2.0
2.67
3.33
-6.0
-0.33
-1.33
7.67
-0.67
-3.67
-3.0
-3.0
-0.67
1.67
-1.67
-1.0
0.33
2.67
3.33
1.0
-5.67
-1.33
-3.33
-2.67
0.67
-2.0
-2.67
-1.0
2.67
2.67
-3.33
1.33
-1.33
0.0
4.0
-5.33
-2.0
-1.33
-0.33
-2.0
3.33
-1.33
0.0
-2.33
-1.33
3.67
-0.33
-2.0
1.33
1.67
2.33
-6.33
6.33
3.0
1.67
5.0
-3.0
5.0
3.0
-0.67
-5.33
0.67
-3.0
-3.33
0.33
7.67
1.0
4.0
-3.67
-0.67
3.67
1.0
4.67
-0.67
2.0
-1.0
6.0
-1.0
-2.67
1.67
2.0
0.67
4.67
0.33
5.0
-5.0
3.0
0.33
3.33
-3.33
2.0
-1.0
3.0
-3.67
3.67
1.0
1.67
1.0
-0.67
-1.33
1.0
-2.0
-5.0
5.0
2.0
-1.0
5.67
2.0
4.67
-1.67
0.67
9.33
-3.33
1.33
4.67
2.0
3.67
-1.67
-0.33
0.33
-2.67
-1.33
-5.33
2.67
0.33
-2.33
2.0
3.0
11.67
1.0
9.0
2.0
2.0
13.0
5.0
2.33
4.67
9.67
15.33
9.67
21.0
17.67
17.0
18.67
21.0
37.67
31.67
15.0
27.33
40.67
18.33
34.67
33.0
27.33
27.33
33.33
30.67
30.0
19.33
17.0
20.0
22.0
11.0
8.0
3.67
5.0
3.67
1.33
8.0
8.33
1.0
2.0
3.67
5.33
-1.0
8.0
1.0
-7.67
4.33
2.0
-4.67
-1.0
6.67
4.33
3.33
8.33
2.67
0.33
2.33
0.0
2.33
-1.67
0.67
8.67
2.0
0.33
3.33
-0.67
-0.67
-2.33
1.0
0.0
4.67
2.33
4.67
3.67
3.67
1.33
-1.0
3.33
-2.0
3.0
-5.0
-3.33
0.67
-1.0
7.33
3.67
0.0
3.67
-3.67
1.0
-1.33
3.67
1.33
-1.33
-6.0
-6.0
4.67
8.0
2.0
-1.67
-2.67
-3.67
1.67
5.67
-1.0
2.67
-4.67
2.33
3.33
9.33
7.33
-3.33
-0.33
9.67
3.67
2.67
5.67
3.33
0.0
-6.33
4.0
5.33
-1.67
-3.33
-5.0
6.33
-2.67
5.33
1.67
1.0
-2.67
4.67
3.0
1.0
3.33
12.67
-8.0
9.67
4.67
3.67
0.0
-1.67
4.0
4.33
10.0
2.33
3.0
-2.33
3.67
-2.0
6.0
-0.67
7.67
4.33
5.67
1.67
5.0
4.67
11.33
12.67
4.67
1.0
0.33
-0.67
1.67
5.33
5.67
4.0
2.33
-1.0
1.67
-1.0
1.33
-2.67
-4.33
-1.33
-4.67
5.67
3.67
0.67
1.0
3.67
3.33
5.33
0.0
-0.33
1.67
3.0
7.33
0.33
-3.0
-2.0
-6.0
5.67
0.0
0.33
1.0
9.67
2.67
5.67
7.0
-4.33
2.33
3.0
1.0
4.0
8.67
-10.33
9.33
-2.67
6.67
6.0
5.0
0.0
-5.33
3.67
9.67
-1.67
6.67
14.0
7.33
9.0
5.0
3.67
7.0
15.0
12.67
21.0
2.33
10.0
11.67
19.0
33.0
16.33
13.33
20.67
22.0
31.33
17.0
15.0
25.67
23.33
26.67
13.33
19.33
23.0
14.0
19.0
24.0
23.33
18.67
6.67
13.33
14.67
10.0
7.33
15.33
8.67
6.67
8.0
7.67
13.0
13.0
12.67
-1.0
4.67
13.67
16.0
8.0
8.0
1.0
10.0
2.0
5.0
14.33
5.0
-1.0
-3.67
7.67
3.0
10.67
0.33
8.33
4.67
7.67
2.67
13.33
6.0
5.67
6.67
5.67
10.33
1.67
2.0
-0.33
17.0
6.67
9.0
13.33
16.33
5.67
5.33
11.33
4.67
14.0
6.67
4.67
4.0
8.67
10.0
14.33
7.0
3.0
10.67
8.33
7.33
5.0
12.0
11.33
19.33
2.33
14.0
14.0
5.33
8.0
3.67
10.0
9.0
12.0
6.0
13.33
-1.0
7.67
7.67
-1.0
16.33
5.67
6.0
12.67
2.67
7.67
15.0
9.0
8.0
4.67
7.33
10.0
10.67
16.67
11.0
-0.33
10.33
12.67
7.0
9.0
3.0
12.67
8.67
-1.0
5.67
15.0
9.0
3.67
14.67
10.0
8.33
9.67
16.33
14.67
3.67
11.0
6.0
7.67
4.33
10.0
4.33
5.0
3.0
6.33
8.33
4.0
11.33
14.67
1.67
3.33
13.0
9.0
12.67
10.67
17.67
21.33
16.0
2.67
4.0
3.33
11.67
13.33
17.67
4.33
-5.67
7.33
7.33
22.33
16.33
9.0
-0.33
9.33
10.33
15.0
5.0
7.67
11.67
3.0
9.33
8.0
4.67
5.0
5.67
-0.67
7.67
-1.67
10.67
5.33
7.0
8.0
9.0
17.67
11.0
13.33
9.0
14.67
6.0
13.0
12.0
12.33
4.67
10.67
15.33
4.67
8.67
9.67
12.67
6.33
5.33
13.33
24.33
17.0
-6.33
16.33
7.33
7.33
7.67
8.67
9.67
2.67
16.67
1.0
4.67
0.67
7.0
10.67
8.67
7.33
8.0
12.33
7.0
10.0
-3.67
18.67
6.67
16.67
12.0
3.0
12.33
22.0
11.0
11.33
13.67
12.33
0.33
14.0
9.33
17.0
28.0
24.0
18.33
16.0
17.0
20.33
12.0
25.33
18.67
21.0
23.33
22.67
23.67
25.67
26.33
27.67
25.33
30.67
23.33
40.0
36.33
64.0
40.67
49.67
52.67
78.33
53.33
60.0
85.33
101.0
103.33
95.0
126.33
132.33
120.33
124.67
114.33
146.33
147.67
122.33
138.0
147.33
118.67
114.67
126.33
125.67
100.33
102.67
87.67
82.0
108.0
58.33
70.33
54.33
47.67
54.67
38.0
30.67
17.0
25.33
14.67
15.67
25.33
18.67
16.67
10.0
5.0
18.0
8.67
2.67
9.67
2.0
-5.67
16.67
9.33
13.67
12.0
1.33
13.0
14.67
14.33
6.0
23.0
6.0
-0.33
7.67
20.0
5.0
9.67
9.67
7.0
11.33
7.33
-4.33
5.67
0.0
24.0
2.33
26.0
-5.0
4.0
-3.33
16.0
12.67
22.0
5.0
19.67
5.0
8.0
17.33
-0.67
11.67
9.67
6.67
13.33
10.67
2.67
7.33
11.33
6.0
7.0
8.67
19.0
13.0
2.33
2.33
17.33
4.0
0.0
5.33
3.33
12.33
1.33
8.67
5.0
-3.0
13.67
0.67
2.33
13.33
15.67
4.0
13.33
10.0
12.33
17.0
3.33
8.33
6.0
3.33
16.33
4.0
19.33
20.0
18.67
17.0
-0.33
2.0
17.67
2.67
-9.0
5.67
4.0
4.33
5.67
19.67
22.67
6.33
15.0
-5.33
10.0
13.33
14.67
4.0
4.67
11.33
2.0
12.33
7.67
9.33
6.0
2.0
15.33
4.33
9.0
8.0
7.0
11.67
12.67
19.0
7.67
21.67
8.0
15.0
-4.33
0.67
4.33
0.67
11.67
5.0
4.0
-3.67
10.33
15.0
24.33
7.33
8.33
-1.33
9.33
7.0
5.67
1.0
14.33
6.0
8.67
-0.67
4.67
12.33
13.33
13.0
2.0
13.0
20.67
3.33
17.33
3.67
4.67
16.33
14.33
20.0
16.67
25.33
25.33
21.67
26.0
22.33
21.33
34.0
27.67
28.0
33.33
16.67
29.0
43.33
30.67
16.67
31.0
22.0
24.67
32.67
44.33
23.33
18.0
31.67
15.33
20.33
22.33
18.67
23.67
-3.33
18.0
17.33
11.33
17.67
5.33
11.33
8.67
10.33
12.0
20.67
14.33
11.67
8.33
5.0
14.67
3.0
3.0
0.33
4.0
0.67
4.0
17.33
4.0
9.67
6.33
14.33
-0.33
0.0
11.33
2.67
13.67
-5.0
10.33
18.33
3.33
0.33
0.0
14.0
1.0
1.33
9.33
-2.33
3.67
2.33
17.0
2.33
1.0
10.33
5.67
5.67
-7.33
9.67
4.67
2.33
6.33
8.0
3.67
9.0
14.0
6.33
15.67
4.33
4.67
-4.33
13.0
-11.0
12.0
0.0
5.0
8.67
19.33
9.33
-4.33
2.33
17.33
5.0
16.67
-6.67
13.33
3.0
14.0
9.67
8.0
-1.33
1.0
6.33
12.0
12.67
-0.33
-3.67
8.0
-1.67
-8.33
9.67
-5.33
9.0
4.0
23.67
2.67
3.33
4.33
-2.67
10.33
5.0
5.33
0.33
-0.33
4.67
9.0
-5.33
0.0
6.0
-4.0
7.0
2.67
-6.33
13.67
14.33
5.0
-10.33
-3.0
6.33
10.0
3.33
11.33
0.33
0.0
22.33
-7.67
-2.0
4.0
-12.33
4.33
5.0
20.67
15.0
15.33
2.67
-8.33
-8.67
7.33
-12.67
15.33
8.33
6.67
5.0
-10.0
3.67
1.67
-4.0
8.33
2.33
-1.33
3.67
-0.33
6.0
14.67
-6.67
10.67
-2.33
0.0
1.33
6.33
3.33
5.67
-3.0
0.0
-6.33
7.67
-1.0
-5.0
2.33
-2.0
-12.0
-8.0
2.67
2.67
1.67
-4.0
8.0
2.33
5.67
7.67
3.33
-1.33
-0.33
-2.67
1.0
0.0
-3.67
3.67
7.67
-1.33
-0.67
8.67
2.67
5.33
-2.67
0.0
-5.67
1.33
10.67
6.33
-1.33
-4.33
9.67
15.0
9.0
15.0
-0.67
1.0
8.67
8.0
2.33
7.33
3.33
6.67
-4.33
15.0
9.0
7.33
-4.0
0.67
-4.67
-3.0
10.0
0.67
11.67
7.0
-5.0
-1.33
-0.33
3.33
4.0
10.0
-0.67
5.33
10.0
6.33
-2.33
2.67
9.67
3.33
1.33
7.33
-1.67
-3.67
2.0
-0.67
-2.33
7.33
0.0
-2.0
7.67
1.33
10.33
5.67
8.33
-5.67
7.67
1.0
-0.67
0.67
6.67
-2.67
2.0
-2.67
2.33
11.0
4.0
2.67
-2.0
-2.33
4.33
7.33
7.33
-8.0
-0.67
1.67
5.33
-0.33
4.0
11.0
-1.33
-3.33
2.67
13.33
-1.33
1.33
2.67
-4.0
1.0
1.33
-1.0
0.33
4.0
4.33
2.67
2.67
-8.33
7.33
-4.0
-6.0
-7.0
0.67
-5.33
4.67
-0.67
4.0
-1.67
5.67
4.33
2.33
2.33
9.0
-2.0
0.67
-3.0
3.0
-3.67
3.67
-5.67
-2.67
3.33
1.33
5.67
2.67
7.33
2.0
-1.0
0.67
0.0
3.67
0.33
1.33
0.33
2.0
6.0
3.0
-3.33
6.33
-0.67
-7.67
-2.33
-0.33
-5.0
-6.33
-0.67
-2.67
0.33
0.0
-1.0
6.33
6.0
12.67
3.67
1.0
2.33
-1.33
0.67
8.0
6.0
5.33
-1.33
13.33
-1.33
0.0
0.33
1.33
-4.67
1.67
-6.0
5.33
-0.33
5.0
-3.33
6.67
8.0
1.0
1.0
2.67
0.33
6.33
0.0
3.67
2.33
-1.67
-3.0
3.67
-1.0
1.67
2.33
1.0
-1.67
-6.67
7.67
2.33
4.33
1.0
7.0
1.33
-4.33
-3.33
1.67
0.0
1.33
3.33
1.67
-3.67
0.0
1.33
-0.67
-3.33
2.0
0.33
3.33
-6.33
0.67
1.67
5.33
-3.0
6.33
-0.33
4.0
-4.33
1.33
5.0
1.0
-0.33
4.33
2.33
0.33
-0.33
-2.67
6.0
9.33
-2.67
6.33
-0.67
7.67
3.67
1.0
2.0
5.33
14.0
7.0
4.33
5.67
3.33
1.33
-5.33
2.0
-3.33
-1.0
-1.67
2.67
0.0
-1.0
-4.67
4.67
1.33
-1.33
2.0
0.67
1.67
2.33
-6.0
9.33
-5.0
3.33
-1.0
0.0
-3.67
0.33
4.0
7.0
0.67
3.0
4.33
-5.67
-6.0
6.0
2.67
12.33
1.33
4.0
6.67
-1.67
0.67
5.33
-2.33
-3.67
4.0
0.67
-0.33
4.0
4.33
-6.0
1.67
3.33
0.67
4.0
0.67
5.33
3.33
5.33
-0.67
1.33
3.33
-6.67
