0.0
1.33
15.0
-2.67
-24.67
-15.0
-26.33
9.33
70.67
50.33
41.33
51.0
81.67
59.33
-11.67
35.67
-1.33
11.67
47.33
17.0
25.0
-2.0
-1.0
-6.33
-1.67
4.0
-19.33
-1.0
5.0
1.67
9.67
-3.67
1.0
1.0
0.67
-1.33
-1.33
-3.67
-1.67
0.0
-1.0
-0.67
1.0
1.0
0.0
1.0
-1.33
-0.67
-0.67
0.0
-1.33
0.33
0.67
0.0
0.0
0.33
1.0
-0.67
1.0
0.67
2.0
0.0
-0.33
-0.33
0.0
-0.67
-1.0
1.33
0.0
0.0
2.0
3.0
1.0
-1.0
-0.33
-0.33
0.0
-0.33
-0.33
0.0
0.67
0.33
1.0
-0.67
-0.33
-0.67
-1.0
-0.67
1.0
-0.33
0.33
-0.67
-1.0
-0.33
-0.33
-0.33
-1.0
1.0
-1.0
1.33
-1.67
0.33
0.0
0.0
1.0
1.0
1.67
-1.0
0.0
1.0
-1.0
0.0
1.33
-0.33
0.67
4.33
4.0
-2.33
-0.67
-0.67
-1.33
-0.67
1.0
-0.67
0.0
-2.67
0.0
0.0
3.33
0.67
-4.0
-0.33
0.33
4.33
6.67
0.67
2.33
0.67
3.33
6.0
-1.33
0.67
7.0
-6.67
1.67
5.33
-0.33
3.0
8.33
3.67
9.33
3.0
5.67
-3.33
-2.33
6.67
2.33
-2.0
5.0
0.0
16.33
1.67
5.0
0.0
-3.67
3.33
0.0
3.33
12.0
1.0
6.67
5.0
8.33
3.67
5.33
0.33
0.67
0.0
4.67
1.33
3.67
4.67
6.67
3.33
6.0
-1.33
-0.33
-5.0
4.33
3.33
3.33
4.0
7.0
5.67
-4.0
11.67
9.67
3.67
1.0
4.33
1.33
-2.0
5.0
6.67
-2.67
1.67
3.0
0.67
8.67
12.33
-1.33
-2.33
-2.67
0.67
5.33
3.67
9.0
4.33
3.0
-1.67
1.67
3.0
-2.0
5.67
0.0
0.33
10.0
9.67
-1.33
6.0
6.33
-2.0
8.33
2.67
4.67
7.33
7.33
4.33
0.67
7.67
6.33
3.0
-0.67
1.67
-2.33
0.33
6.33
1.0
-1.67
-0.67
4.33
3.33
6.67
9.67
0.67
12.33
5.0
0.33
6.67
2.33
5.67
6.0
-1.67
-2.67
2.33
3.67
3.33
-0.33
1.0
6.67
6.67
1.67
-3.67
5.67
-4.0
0.33
-0.67
5.33
-4.0
0.33
9.33
5.67
-0.67
0.33
-1.33
-4.67
6.33
2.33
4.33
5.0
9.0
5.33
7.0
-2.33
2.0
7.0
3.0
-3.67
-8.67
3.67
-6.67
1.33
1.33
4.0
8.67
7.67
2.33
7.67
0.33
4.33
7.67
2.33
-0.33
2.67
5.0
7.67
8.0
3.67
3.67
3.33
3.0
6.0
5.67
5.0
3.0
0.33
1.33
4.33
2.0
-2.67
1.0
-3.67
2.67
1.0
16.67
4.33
8.67
3.33
5.0
-0.33
0.67
5.67
2.0
3.67
-2.33
7.33
4.0
10.33
2.33
-2.67
-1.0
6.67
5.67
-0.33
3.33
10.67
4.33
-1.67
-3.0
6.0
8.0
-3.33
-0.67
5.0
-0.33
-2.33
7.0
3.67
-4.33
-0.33
-3.67
-3.0
-1.67
-1.0
0.67
6.67
6.0
3.33
4.67
2.0
-0.33
-1.33
5.33
1.33
-2.0
3.33
7.33
4.67
-0.67
7.0
4.67
10.67
4.0
3.33
3.67
-1.0
-0.67
4.67
-1.67
6.0
4.67
2.67
-1.33
1.67
-1.33
3.33
-4.67
-4.67
6.33
1.67
0.67
0.0
2.67
-0.67
1.67
1.0
1.0
5.0
1.33
-2.33
8.33
2.33
-0.67
-3.33
0.67
-1.0
5.67
-1.0
1.33
-3.67
0.33
-3.67
0.0
5.67
2.33
7.0
4.0
1.33
3.0
2.33
-2.33
5.67
-2.67
8.33
4.0
0.67
1.33
1.67
3.33
-2.67
3.67
4.0
7.0
-3.67
2.33
0.33
1.67
-2.33
-0.67
1.33
-2.67
0.0
-2.0
1.33
5.0
1.33
3.0
1.67
1.0
-0.67
4.67
-1.67
1.67
1.0
5.0
-2.33
0.33
2.0
6.0
-3.33
7.33
-1.67
4.67
8.0
2.0
0.67
3.67
6.0
2.0
3.67
-6.0
-4.0
4.33
-2.0
-0.67
4.33
5.67
1.67
1.67
-0.33
-3.33
-5.67
1.0
5.0
-3.67
6.67
-1.33
-1.0
-0.33
4.0
2.0
2.67
0.33
4.33
4.67
0.0
1.67
6.67
1.0
1.0
-0.33
3.33
1.67
-1.67
9.33
-5.67
-1.33
0.67
-1.0
1.33
-1.33
3.67
4.67
-1.67
-2.67
4.0
1.0
5.0
5.0
2.33
0.0
-2.0
-3.0
4.33
3.0
1.33
2.67
0.33
7.0
2.0
2.33
0.67
0.33
-2.0
-4.67
1.67
0.67
4.67
3.0
2.33
-0.33
6.67
4.67
-0.67
4.0
3.0
3.33
3.67
-0.33
0.33
3.0
-1.33
1.67
2.67
-4.0
3.33
6.0
-2.0
1.0
-1.33
1.0
0.0
-1.0
-1.33
-3.33
5.67
7.33
4.33
1.33
-2.0
5.67
2.33
1.67
3.67
-3.33
4.67
-2.67
-1.33
-2.0
0.67
0.67
2.33
2.67
-2.67
0.33
3.0
-3.0
4.0
5.33
-3.33
-0.33
-1.67
0.0
4.0
1.67
1.33
-5.0
-4.33
2.67
3.33
2.0
-0.67
-1.33
-3.67
-0.33
2.0
2.33
2.33
0.33
2.67
0.67
-3.67
-1.0
-0.33
-3.0
-1.0
-0.67
-4.0
4.33
-1.0
3.33
1.67
-2.33
0.33
0.0
3.33
2.67
-4.0
1.0
4.33
2.67
8.67
-5.33
6.33
1.67
-3.67
1.33
2.0
-2.33
2.67
3.0
0.0
7.0
-4.33
1.0
1.67
2.33
-1.0
-0.33
2.67
-0.33
5.33
2.33
-3.0
7.0
-1.67
0.67
3.33
-3.0
-4.67
-2.33
-2.67
2.0
3.33
-3.33
5.67
3.33
-1.33
-1.0
1.33
-3.0
1.67
-1.33
-4.33
-2.67
-0.33
2.0
3.0
1.67
0.0
-5.33
3.67
1.0
-2.67
-0.33
-5.0
-0.33
-1.33
3.67
3.67
2.0
-0.67
-0.33
-1.67
-5.33
-2.67
2.0
-3.33
-2.0
-6.0
7.0
-3.0
-2.67
-2.33
-4.33
0.0
-3.33
7.33
-0.33
3.0
1.0
1.33
3.33
-1.33
0.0
5.67
-1.67
-5.0
6.0
7.0
-2.0
4.33
-2.33
5.0
0.67
-3.33
-4.67
1.0
0.0
-1.0
2.33
0.33
-2.33
2.0
-2.0
6.0
-3.67
12.67
-1.0
4.67
-1.0
3.33
2.67
-2.0
-8.0
-5.0
-1.0
0.0
1.0
0.67
1.0
-0.33
-1.67
-0.33
3.33
-0.33
-5.67
4.67
2.0
-1.33
-1.67
-2.33
-4.67
-4.67
1.67
1.67
3.67
8.33
2.67
6.0
2.0
4.67
0.0
0.0
2.0
-3.0
9.0
2.0
7.33
4.67
2.67
12.33
8.67
10.0
1.67
24.0
15.67
23.0
11.67
24.67
14.0
2.33
11.67
13.33
28.67
13.0
15.33
16.33
23.33
14.67
13.0
11.33
13.0
0.0
8.0
13.0
7.0
5.67
2.0
3.67
-3.67
-1.0
2.33
3.0
-2.0
-1.33
5.33
8.0
2.0
3.0
-5.67
5.33
-2.0
0.33
-4.0
0.67
2.33
10.33
0.33
3.67
4.33
5.33
3.0
-1.67
1.33
1.67
1.67
7.0
-2.67
2.33
8.33
-3.67
2.67
10.0
5.0
5.67
-0.67
-4.33
4.67
1.67
3.33
-3.0
1.33
1.0
4.0
-3.0
3.67
5.67
7.0
4.33
3.67
9.0
2.67
2.33
10.0
-1.33
1.67
1.33
0.67
-8.0
0.0
-2.33
5.0
1.0
5.33
3.33
1.33
0.67
3.67
2.0
6.67
-4.67
0.33
1.33
5.33
11.33
-0.33
-0.33
3.67
6.67
-1.33
4.67
5.33
8.0
8.67
6.0
3.33
-0.67
-8.33
-4.0
0.33
-0.67
-3.67
6.67
9.0
4.33
3.67
-1.0
1.0
9.33
7.67
0.0
6.67
3.67
0.67
6.0
-4.67
0.0
9.33
-7.0
7.33
11.0
-2.33
9.67
-4.0
-2.0
-0.67
5.67
5.33
0.67
1.67
4.0
0.67
0.33
2.67
2.67
9.0
3.33
-4.67
1.67
9.33
1.67
8.0
-2.67
11.0
-2.33
-4.0
-3.67
1.33
-0.33
3.67
9.33
1.67
3.67
-5.33
-3.0
3.67
4.33
3.33
3.0
4.67
-4.33
4.0
-0.67
5.33
1.0
-4.0
9.0
-4.33
-1.0
1.33
2.0
10.67
-0.33
6.67
2.0
0.67
4.33
10.0
9.0
7.0
-5.33
-7.33
8.33
-12.67
0.67
15.0
4.0
4.0
-1.33
9.67
8.67
3.33
0.67
2.0
6.33
8.0
1.0
5.67
7.0
9.0
-4.33
5.0
3.33
15.0
19.67
19.0
21.0
12.33
12.33
21.67
22.0
26.33
5.0
19.0
10.67
10.33
30.67
9.33
26.33
13.0
16.0
12.0
7.0
12.33
9.67
8.67
5.33
11.67
9.0
1.33
16.33
10.67
1.67
6.0
8.67
8.0
8.0
13.67
1.0
0.67
5.67
7.0
7.0
9.0
2.0
9.0
-1.0
3.0
6.33
5.0
-1.0
11.33
9.67
9.0
4.67
6.33
5.33
6.67
1.67
6.67
4.33
4.0
7.67
13.67
8.67
13.33
8.67
1.0
6.67
3.0
5.67
1.0
6.33
14.33
13.67
1.33
9.33
5.67
9.0
0.67
8.67
10.0
14.67
9.0
11.33
9.0
5.0
14.67
8.33
7.33
5.0
7.0
-5.67
4.33
5.33
1.0
7.0
16.33
0.0
8.67
10.0
7.0
4.0
9.0
1.33
9.0
6.67
5.67
14.0
7.33
10.67
6.0
7.67
12.67
5.67
10.0
10.0
5.0
10.67
11.33
4.0
18.67
3.67
5.0
9.67
14.33
4.67
4.0
8.0
12.0
10.67
17.67
10.0
9.67
10.0
6.0
12.67
15.67
11.0
12.33
11.67
6.33
12.67
16.67
11.0
16.0
11.67
6.33
8.0
4.33
1.0
4.0
3.33
3.33
-1.0
10.33
7.67
4.67
-1.67
15.0
18.0
13.67
15.67
10.67
18.33
15.0
14.67
12.0
18.33
7.67
0.33
8.67
7.33
9.33
8.33
8.33
4.33
1.33
15.0
1.67
12.33
5.33
5.0
16.0
8.67
5.67
16.0
9.33
-4.0
12.67
-6.0
8.67
-3.67
10.67
2.33
2.67
12.33
3.0
13.0
3.0
8.67
7.0
9.33
14.0
11.67
9.0
9.0
4.0
6.33
1.67
0.67
8.33
8.67
14.67
4.67
5.67
17.33
7.33
19.33
14.33
1.0
5.67
13.33
13.33
3.33
3.67
9.67
18.67
5.67
18.67
4.0
0.67
10.67
7.0
13.67
12.67
0.33
1.0
14.33
16.0
17.0
1.33
13.67
17.67
7.67
20.0
16.0
7.33
13.0
13.0
8.33
9.67
6.33
10.33
11.0
10.33
19.0
13.0
11.0
15.33
12.0
23.0
26.33
15.0
20.33
13.67
17.0
17.33
20.67
13.67
25.67
21.33
20.67
24.33
30.67
25.33
37.0
23.33
36.0
31.67
32.67
28.67
35.33
52.33
59.0
47.33
88.0
54.33
74.0
71.33
69.33
106.33
80.67
91.33
89.33
84.67
77.33
84.0
112.33
78.67
83.67
71.33
85.67
80.33
63.67
51.67
47.0
45.0
44.33
45.33
35.33
33.67
29.67
24.0
31.67
23.0
13.33
12.67
7.67
13.33
11.67
20.67
13.0
7.0
26.0
11.67
6.67
10.67
11.0
5.33
1.67
10.33
0.67
2.0
5.33
19.0
12.67
13.33
10.0
11.0
20.0
21.67
9.67
18.0
1.0
13.67
16.67
7.0
3.33
2.33
11.67
4.67
4.0
6.0
2.33
16.0
7.0
1.0
10.67
3.0
23.67
13.0
2.0
2.67
6.0
7.0
16.33
8.33
15.67
6.67
12.67
12.33
16.67
11.67
17.33
13.33
12.0
9.0
6.67
18.0
-4.0
15.33
11.33
6.33
17.0
11.0
-2.67
0.33
1.33
4.33
15.67
23.0
0.0
7.67
1.67
4.33
19.33
8.67
3.0
22.33
18.0
7.33
30.0
4.33
13.33
-3.0
2.33
13.33
8.0
15.33
6.0
16.67
10.0
18.67
25.0
13.67
10.67
-7.0
-7.33
10.0
18.33
7.67
14.67
5.67
7.33
23.0
3.67
1.0
19.33
13.67
12.0
-1.33
6.33
-12.0
24.33
4.67
18.33
11.0
10.0
17.33
4.33
9.0
11.0
13.0
16.67
12.67
3.0
1.67
15.67
7.0
8.0
10.67
4.67
0.33
5.67
13.67
9.0
-1.0
-8.67
-2.67
8.0
10.33
10.33
10.33
3.67
6.33
-3.0
11.67
8.0
19.33
16.0
18.67
6.33
6.67
12.33
11.33
3.0
8.0
2.0
24.67
17.33
6.33
11.67
17.67
19.33
16.33
13.0
36.67
8.33
8.33
36.67
14.0
41.33
23.33
36.0
27.67
19.0
26.33
21.67
19.0
34.33
27.67
15.67
18.0
32.0
22.67
26.67
17.33
27.33
13.0
17.67
15.33
6.33
13.33
15.67
14.67
-7.33
15.0
12.33
3.33
12.67
0.33
15.33
22.67
3.33
10.0
4.67
11.33
7.67
1.33
1.0
11.67
-9.0
11.0
13.33
1.0
-0.33
15.0
18.33
5.0
14.67
10.33
11.33
5.67
-3.0
12.33
5.67
11.67
8.0
15.33
-3.67
14.33
7.33
16.0
5.0
3.0
-0.67
0.33
6.67
-10.33
-5.67
23.0
5.33
9.0
15.33
0.67
2.67
-5.33
11.67
10.67
14.33
4.33
10.0
10.67
9.0
21.0
5.33
16.67
9.33
-1.33
-1.33
14.0
2.0
13.0
-15.0
23.0
10.67
6.33
0.33
2.67
9.33
5.33
-4.0
2.67
-8.67
4.33
2.0
0.0
20.67
30.0
4.67
4.0
13.33
4.0
-4.33
2.67
9.33
1.0
7.33
1.67
-0.33
-2.33
-2.0
16.0
10.67
3.67
-0.67
10.33
6.33
9.33
19.0
14.33
2.33
14.67
3.67
1.0
-0.33
0.0
4.0
1.0
11.0
-4.33
-0.33
13.67
3.33
-2.0
-3.33
-4.0
5.33
-1.0
-0.67
-2.67
-1.67
0.0
13.33
3.33
6.0
5.0
-7.33
0.33
3.0
18.67
1.0
1.33
11.67
7.67
-0.67
7.33
1.33
9.33
2.33
5.67
2.0
-8.0
-3.33
4.67
1.0
2.33
-4.67
-2.33
4.67
16.67
4.0
16.67
-4.67
6.67
6.67
6.0
0.33
3.33
-7.67
7.67
-3.0
-10.0
0.67
-1.33
15.0
5.0
3.33
7.0
-9.0
1.0
8.67
-1.33
-3.33
6.0
10.0
9.33
4.67
8.67
6.33
4.67
4.67
6.33
-2.0
10.0
3.33
11.67
0.67
1.67
1.33
4.67
3.67
5.33
5.33
6.0
5.33
4.33
3.67
-0.67
2.67
6.67
8.67
1.0
11.0
0.0
11.33
-1.0
5.67
7.0
9.33
-1.67
6.33
4.67
7.67
7.0
7.0
2.33
8.0
2.67
11.33
5.0
-2.0
8.67
2.67
8.0
4.0
-2.33
-2.33
1.33
2.0
5.0
-1.67
5.33
21.0
9.33
2.67
4.67
-3.33
-1.67
1.33
3.33
1.33
1.33
11.0
2.33
1.67
-8.67
-4.0
-6.0
-0.33
3.33
3.33
1.67
2.33
4.33
4.67
5.0
-0.67
-2.33
-3.33
4.33
7.0
6.33
-5.67
12.0
3.0
10.67
3.0
15.67
5.33
9.33
10.33
2.0
4.33
1.67
3.33
11.67
4.0
0.0
-8.33
0.67
6.67
-2.67
1.67
7.33
2.67
3.0
3.0
7.33
7.0
5.33
1.0
4.33
8.67
0.67
4.67
-5.67
-1.0
-8.0
4.0
-2.33
1.67
4.67
5.33
6.0
-1.67
0.67
3.33
5.33
2.33
-4.0
5.0
7.67
-6.0
7.0
-1.67
-3.33
-2.67
6.33
10.33
2.33
5.67
1.67
-4.67
-7.0
-1.0
3.67
-1.0
6.67
7.33
-2.67
-0.67
7.0
3.0
6.0
-2.33
-1.67
4.33
3.33
7.67
-3.33
2.0
9.67
1.33
3.33
2.33
6.0
2.0
4.33
6.0
5.67
1.67
0.0
13.33
4.67
-1.33
-1.0
3.0
7.33
-2.33
5.33
0.67
6.0
4.33
-4.67
3.33
0.67
3.0
0.33
-1.33
0.0
8.67
4.67
7.0
7.0
10.0
3.67
6.33
8.33
1.0
5.67
-0.67
1.33
-7.0
1.67
4.0
12.67
11.33
-1.0
3.33
-1.67
4.67
-1.67
7.33
6.0
2.0
5.33
2.67
-0.33
4.67
1.0
0.33
-1.67
0.67
1.33
0.0
-7.67
5.33
-2.33
3.0
3.33
5.33
-6.33
3.67
4.67
2.33
6.0
5.33
-1.33
-2.0
-4.33
2.33
2.0
2.0
-1.33
7.33
2.33
-1.67
-1.33
0.33
5.0
-1.67
0.33
0.33
-4.67
-2.33
3.67
3.0
8.0
-0.67
3.0
-2.0
6.33
1.67
-0.67
-0.67
1.67
4.0
-0.33
5.0
0.33
8.67
3.0
-2.0
4.33
2.67
2.33
0.67
2.0
4.67
1.67
4.33
-1.0
4.33
4.0
-1.67
1.0
0.0
0.33
0.33
-4.0
0.0
5.67
6.0
6.33
-5.67
0.0
-2.0
2.67
1.33
5.33
10.0
-2.33
4.33
10.67
1.33
-1.33
0.33
5.0
3.67
0.67
-3.0
7.33
-4.0
1.67
3.33
2.67
3.0
-1.33
5.33
2.33
5.33
-1.67
12.33
2.33
-0.67
