0.0
-42.67
-72.0
-18.67
-19.67
-31.0
-20.33
31.33
31.67
44.33
71.33
63.0
5.67
4.33
-27.67
-8.33
-75.33
12.67
-24.67
50.0
-30.0
4.0
9.0
6.67
-15.67
-9.0
8.67
1.0
-14.0
-13.33
1.67
-6.67
-9.0
-3.0
7.67
-3.33
-2.33
0.33
-0.67
-3.0
0.0
-0.67
0.0
0.0
1.0
1.0
-1.33
-0.67
-0.67
0.0
-1.33
0.33
-0.33
0.0
1.0
0.33
1.0
0.33
0.0
-0.33
0.0
0.0
-0.33
-0.33
0.0
0.33
-1.0
0.33
0.0
0.0
0.0
0.0
0.0
-1.0
-0.33
-0.33
0.0
-0.33
-0.33
0.0
1.67
0.33
1.0
-0.67
-0.33
0.33
0.0
0.33
0.0
0.67
-0.67
0.33
-1.0
-1.33
-1.33
0.67
0.0
-1.0
3.0
4.33
-1.67
1.33
1.0
2.0
0.0
-1.0
-1.33
1.0
1.0
-1.0
0.0
0.0
-0.67
-1.33
1.67
4.33
0.0
-1.33
0.33
3.33
-0.33
1.33
1.0
5.33
3.0
-4.67
0.0
4.0
2.33
2.67
-1.0
-2.33
-0.67
0.33
1.67
6.67
7.33
3.67
6.33
3.0
-2.33
-0.33
8.0
-0.67
-1.33
0.33
2.67
0.0
5.33
-0.33
4.33
6.0
7.67
-1.33
1.67
6.67
0.33
5.0
3.0
-4.0
7.33
2.67
0.0
8.0
-2.67
0.33
-2.0
7.33
2.0
5.0
7.67
-2.0
2.33
3.67
3.33
3.33
9.67
-2.0
4.67
-4.67
2.67
-4.33
0.67
2.33
4.0
5.67
5.67
-6.0
-4.67
3.33
3.33
3.0
5.0
-0.33
6.0
1.67
-3.33
2.67
2.0
2.33
6.33
0.0
5.0
4.67
-2.67
-4.33
-1.0
0.67
-1.33
7.33
-1.33
1.67
8.33
3.67
2.33
3.67
5.0
1.33
0.0
6.33
7.67
2.0
-4.0
5.67
1.0
0.33
1.0
3.67
3.67
7.0
-2.67
-3.0
4.33
6.67
-7.33
9.33
4.33
6.33
0.67
5.67
7.33
9.0
1.33
2.67
-4.33
0.33
2.33
-3.0
2.33
9.33
5.33
4.33
2.67
1.67
4.67
2.33
4.0
4.33
4.67
3.33
2.67
4.0
4.33
3.33
2.33
-3.33
3.33
-2.33
2.0
0.67
7.67
1.67
2.33
-1.33
-6.0
1.33
-0.67
3.33
2.0
1.33
-5.67
3.67
9.33
6.33
-2.33
-2.67
8.33
6.33
4.33
10.0
8.0
12.33
10.0
-1.33
5.0
5.0
8.0
-2.67
6.33
7.67
-3.67
-0.67
9.33
4.0
0.67
-1.33
3.33
-3.33
3.33
1.33
4.67
1.33
-2.33
0.67
7.0
3.67
8.0
2.67
1.67
5.33
1.0
1.0
5.67
4.0
0.0
8.33
2.33
-1.67
2.0
-3.67
2.0
1.33
-0.33
0.0
2.67
12.33
-0.33
4.33
-1.0
7.67
3.67
9.67
2.0
7.67
1.67
14.33
2.0
0.33
2.33
-7.67
-1.0
1.67
3.67
2.67
1.33
5.67
5.33
1.33
1.0
4.0
8.0
3.67
7.33
-2.0
3.67
2.67
-6.0
5.67
-2.33
-7.33
-2.67
-1.0
1.33
3.0
-1.33
7.67
-1.0
7.33
1.67
7.0
3.67
-0.33
7.33
2.33
0.0
5.33
7.33
1.67
4.33
1.0
2.67
3.67
9.0
8.33
2.67
1.0
-2.67
5.67
-2.67
0.0
4.67
3.67
4.67
1.67
-1.33
5.33
1.33
3.33
1.33
4.67
-0.33
2.0
-0.33
1.33
-1.33
6.0
4.0
6.0
-1.67
-1.33
2.33
-0.67
10.33
3.67
4.67
-2.0
3.67
2.0
1.33
-0.67
3.33
-1.67
-1.0
1.67
-4.67
1.0
8.0
-6.67
0.0
-1.67
-6.33
-2.33
2.33
0.33
5.0
-5.33
-0.67
0.67
2.33
2.33
-2.33
4.0
3.0
0.33
6.33
5.33
1.67
-3.33
2.33
1.33
1.33
-3.0
-2.0
1.33
7.0
2.33
2.0
3.67
5.0
-2.67
0.67
-1.67
-2.33
2.0
3.0
-2.33
-1.67
1.0
4.0
-0.33
4.33
1.33
4.67
2.0
-4.0
9.67
1.67
4.0
-1.0
0.67
-3.0
-2.0
-0.67
3.0
4.33
-0.67
0.67
-2.33
1.67
0.67
-2.33
3.33
0.0
0.0
2.33
2.67
5.67
0.0
-1.33
7.0
3.0
2.67
2.33
4.33
6.67
1.0
3.67
-0.33
-2.0
0.0
3.67
-7.67
-1.33
6.33
0.33
0.33
2.67
1.67
4.0
4.33
-0.33
-0.33
1.67
-1.67
0.33
-1.0
-2.0
1.0
-1.0
0.33
3.0
5.0
-1.0
1.33
2.0
-0.67
-0.33
2.33
2.0
-1.0
1.33
3.67
-1.67
2.0
0.33
4.67
3.67
3.67
6.0
-0.67
0.67
0.67
-5.33
0.33
5.0
1.0
1.33
1.67
2.67
1.33
6.0
-2.33
-1.33
-2.33
1.0
0.33
4.0
2.0
0.0
-2.33
1.0
-2.0
-3.0
-1.33
1.67
-4.33
0.33
5.33
5.33
-1.0
1.67
-2.67
2.67
0.67
-0.33
-2.33
-0.67
-0.33
0.0
0.67
1.67
-0.67
0.67
8.33
0.33
0.0
1.0
5.0
0.33
-2.33
6.67
-0.67
1.0
1.0
-0.33
-0.67
-3.0
1.67
3.67
-0.67
0.0
-1.67
-3.33
-1.67
0.67
0.0
3.33
0.33
0.33
2.67
0.67
-1.67
1.0
-0.33
-4.0
3.0
-1.67
0.0
2.33
1.0
2.33
0.67
-2.33
-1.67
1.0
-0.67
-1.33
4.0
-1.0
2.33
-1.33
-2.33
-5.33
8.33
1.67
-3.67
1.33
0.0
-2.33
4.67
4.0
-1.0
-2.0
-1.33
0.0
1.67
2.33
-1.0
8.67
0.67
-0.33
2.33
1.33
-4.0
4.0
1.33
2.67
-0.67
2.0
-2.67
-1.33
6.33
-3.0
2.33
-0.33
-0.33
-0.67
0.67
-1.0
1.33
1.0
-0.33
-1.33
-4.33
1.33
-1.33
0.0
-5.0
-4.33
7.0
-2.33
-0.33
1.0
2.33
4.67
-1.0
-6.33
-1.33
2.67
5.67
-2.0
-2.67
-5.33
3.33
-3.33
4.33
-3.0
-0.33
2.0
-1.0
4.0
-3.0
-0.67
-3.33
-1.33
-7.0
-1.33
-1.67
0.67
0.0
2.0
0.33
2.33
1.67
0.0
-1.33
-1.67
-3.0
3.0
4.0
-3.0
4.33
-6.33
-2.0
-0.33
0.67
-0.67
3.0
-5.0
4.0
-2.67
1.33
1.67
0.0
0.0
2.0
1.33
-0.33
-3.0
3.67
0.0
5.33
0.67
-2.0
-4.0
-6.0
4.0
-1.0
3.0
0.67
-5.0
3.67
9.33
-1.33
4.33
0.67
-3.67
3.67
1.0
-2.33
-1.67
-3.33
5.33
-0.67
-3.33
-3.33
0.67
2.33
0.67
0.0
-2.0
-0.33
4.0
2.0
0.0
8.0
-2.0
9.0
5.33
9.67
5.67
12.33
8.67
8.0
12.67
10.0
16.67
27.0
16.67
27.67
31.0
25.33
23.67
22.33
26.67
23.0
29.33
19.33
13.33
13.67
20.0
18.33
15.0
17.0
10.0
12.0
10.0
6.67
9.0
8.67
-3.67
7.0
0.33
3.0
-2.0
2.67
-3.67
7.0
8.0
3.0
-6.67
-1.67
5.0
-3.67
6.0
3.67
0.33
2.33
4.33
0.67
1.33
-1.67
1.0
-3.67
-0.67
-2.33
6.67
-3.0
2.33
-1.67
0.33
6.33
9.67
7.0
4.0
-9.33
-5.67
-5.33
5.67
-4.33
0.33
3.0
6.33
2.0
15.0
-1.0
4.67
-0.33
6.0
-1.67
7.67
-4.0
0.67
-2.67
4.0
-1.33
-5.33
6.33
6.67
-3.0
-6.0
-3.33
4.0
1.0
6.33
0.33
1.33
4.67
-3.33
-1.0
-1.33
1.33
2.33
1.33
7.33
6.33
-1.33
0.67
5.67
1.67
0.67
-1.33
9.33
7.0
2.67
-2.0
-5.67
-2.67
0.67
1.0
0.33
4.33
-1.67
5.67
3.0
5.33
8.67
-3.0
1.0
1.33
8.67
3.0
4.67
2.67
-0.33
-2.0
7.33
9.0
6.33
-8.0
9.33
10.0
-3.33
7.67
0.0
-1.0
2.33
-1.33
2.33
2.67
-0.33
4.0
5.67
6.33
4.67
-0.33
-1.0
6.33
-1.67
0.67
11.33
3.67
5.0
5.33
-3.0
6.67
-1.0
-3.67
2.33
-1.33
-1.33
17.33
-0.33
1.67
7.67
2.0
7.67
2.33
4.33
-1.0
1.67
-0.33
-2.0
8.33
2.33
5.0
-7.0
6.0
0.67
4.0
-5.67
-1.0
8.67
-0.33
-0.33
-1.0
8.67
-1.67
-2.0
1.0
-3.0
-2.33
-3.33
5.33
-10.67
0.67
-2.0
0.0
-1.0
-1.33
13.67
1.67
-0.67
4.67
9.0
-0.67
-2.0
-1.0
7.67
3.0
0.0
0.67
3.0
13.33
7.0
2.67
21.0
15.0
23.33
19.33
20.67
22.0
30.33
14.0
20.0
24.67
13.33
23.67
21.33
19.33
20.0
14.0
15.0
3.0
19.33
10.67
7.67
7.33
6.67
11.0
11.33
6.33
7.67
0.67
6.0
13.67
-1.0
15.0
5.67
1.0
-7.33
10.67
11.0
3.0
3.0
1.0
-1.0
10.0
3.0
3.33
11.0
0.0
0.33
6.67
3.0
7.67
6.33
7.33
6.67
10.67
1.67
3.33
1.0
7.67
3.67
4.67
8.33
7.67
3.0
10.67
1.0
6.67
7.0
16.33
15.33
5.67
15.33
8.33
14.67
9.0
5.67
5.67
10.0
0.67
9.0
9.33
4.0
8.0
3.67
8.33
4.33
13.0
5.0
-0.67
11.33
11.33
7.0
7.0
10.33
11.0
-2.33
13.0
13.0
0.0
0.0
10.33
1.0
6.67
6.67
8.0
9.33
11.67
10.0
10.67
7.67
1.67
16.0
18.0
4.0
8.67
5.33
11.0
16.67
11.67
3.0
1.67
-0.67
8.67
1.0
9.0
2.0
4.67
8.67
1.0
11.67
17.0
12.0
13.67
9.67
13.0
1.33
3.67
18.33
3.67
15.67
18.0
13.0
13.67
17.33
4.0
6.33
0.0
11.0
8.33
12.33
-1.0
-5.67
5.67
-1.33
17.33
14.0
9.0
1.67
2.67
1.67
18.33
11.0
11.67
-5.0
14.33
15.67
1.33
2.67
4.33
13.33
6.33
7.33
10.33
14.33
17.0
4.67
9.33
6.33
3.0
7.0
16.67
11.67
11.0
12.33
6.0
13.67
-3.0
13.67
6.33
15.67
0.33
8.67
5.33
12.0
5.0
14.0
10.67
6.0
8.33
3.0
6.67
8.0
0.0
8.0
11.33
1.67
8.67
13.33
4.67
10.67
11.67
5.67
3.33
10.33
12.33
15.33
10.0
12.67
10.33
11.33
19.33
1.67
10.67
3.67
5.67
10.67
8.0
-2.33
10.67
3.0
11.67
6.67
14.33
14.0
16.33
6.0
11.0
1.33
9.67
9.67
17.67
13.0
9.0
24.33
8.0
12.0
14.33
11.67
7.33
0.33
15.0
16.33
7.0
13.0
11.0
16.33
3.0
22.0
23.33
21.0
18.33
24.67
8.0
25.33
24.67
20.67
28.67
20.33
7.67
25.33
17.67
25.33
28.0
20.33
29.0
26.67
41.67
48.67
52.33
56.33
57.0
62.33
52.0
68.33
86.0
92.33
73.33
89.33
73.67
87.33
102.33
89.67
107.33
82.0
101.33
89.67
89.67
89.33
75.67
91.33
72.67
53.67
67.0
50.0
37.33
50.33
33.33
22.67
26.67
25.0
1.67
14.0
17.33
12.67
14.67
10.33
15.67
11.67
14.0
15.0
5.0
10.67
5.67
4.67
12.0
4.33
2.67
6.33
4.67
13.0
17.33
1.0
21.67
10.33
18.0
10.0
18.0
6.67
8.67
1.0
12.0
0.67
10.67
7.0
23.33
4.33
-0.33
5.67
12.0
15.0
15.33
7.0
7.0
3.0
-4.33
5.0
13.67
3.0
10.0
4.67
8.0
-3.0
4.33
21.33
2.67
8.67
8.67
-1.67
5.67
16.67
8.33
7.33
10.0
2.0
4.67
13.0
12.0
10.33
3.33
8.33
19.0
14.0
7.33
9.33
18.33
9.33
10.67
15.0
-3.0
5.67
-3.33
2.33
5.33
-5.33
5.0
4.33
12.0
14.33
10.0
15.33
12.33
7.0
17.33
19.33
20.0
19.33
22.0
10.67
18.0
9.67
15.0
15.67
3.67
7.0
1.67
-6.0
10.33
16.67
20.67
16.67
3.33
17.0
-3.33
-6.0
4.33
17.67
12.0
16.67
12.33
2.0
27.33
-2.33
13.33
11.0
6.0
1.33
9.33
2.0
12.0
11.0
2.67
4.67
13.0
-1.33
19.67
8.0
12.0
12.67
-3.33
8.33
4.67
14.67
10.0
4.0
9.33
0.33
-3.0
13.33
5.33
10.33
12.67
5.33
9.0
-8.33
3.0
12.33
22.0
25.67
11.33
8.67
18.33
7.33
11.0
4.0
-3.0
15.67
10.33
28.33
-0.33
28.67
15.33
21.33
14.0
21.67
8.33
16.33
27.67
25.0
30.33
31.33
40.0
21.67
19.0
25.33
18.67
38.0
34.33
11.67
18.67
17.0
27.0
27.67
18.67
32.33
25.33
14.0
21.67
24.33
20.33
15.33
16.67
4.67
6.67
28.0
12.33
10.33
9.67
11.33
17.33
5.67
8.33
2.0
5.67
4.33
3.67
8.33
0.0
7.67
0.0
7.0
-2.67
10.0
-0.33
5.0
13.33
10.0
9.67
12.33
20.33
7.67
13.0
4.33
0.67
14.67
8.0
11.33
-2.67
14.33
16.33
9.0
-16.0
12.0
3.33
1.33
-2.33
14.67
13.33
13.0
11.33
12.0
23.33
-1.33
8.67
10.67
15.67
11.67
-0.67
14.33
6.0
16.67
7.0
9.0
9.33
14.67
13.33
12.67
11.67
15.0
-3.0
26.0
5.0
0.0
5.67
21.33
10.33
-4.33
3.33
15.33
2.0
13.67
11.33
14.33
14.0
19.0
4.67
9.0
9.67
1.0
3.33
10.0
7.67
3.67
7.33
-4.0
10.33
-10.33
-0.33
0.67
0.0
10.0
6.67
-3.33
2.33
17.33
-2.67
-3.67
7.0
17.33
3.33
9.67
-0.33
8.0
-4.33
10.0
7.0
-4.0
8.0
-7.33
4.67
2.67
9.33
2.0
-3.33
8.0
-0.67
5.0
-2.67
3.33
2.33
23.0
8.33
-4.67
0.0
8.0
-6.33
2.33
4.0
4.67
5.0
4.33
11.67
-2.33
-1.67
1.33
2.33
8.33
19.33
-1.33
-5.0
-5.0
9.67
-3.33
-10.0
3.33
-0.67
-6.33
10.67
9.67
7.0
5.67
-7.67
18.67
7.67
-5.0
0.33
17.33
-0.67
10.67
-5.0
8.0
-0.33
5.67
-4.0
8.0
5.33
6.0
-7.0
5.0
-2.33
8.67
9.67
-2.0
8.0
9.33
-0.33
4.67
-9.67
0.67
10.67
24.33
6.0
2.0
10.33
8.67
10.67
-0.33
-4.67
6.67
5.67
2.33
-0.67
5.0
-4.67
4.33
9.67
-1.67
9.67
-4.33
13.67
10.0
12.0
7.0
5.33
4.0
17.67
18.0
5.33
5.33
7.33
6.67
2.67
8.0
-1.0
-0.67
9.0
8.67
1.33
6.0
8.0
13.67
-2.33
2.0
-1.0
7.67
3.67
5.33
13.0
9.0
4.33
3.33
-3.0
7.33
-1.33
-4.33
-5.33
-2.67
0.33
0.33
-0.67
4.33
14.0
14.33
-0.33
-1.67
10.0
-6.0
-1.33
3.33
5.33
2.67
1.33
-0.67
8.67
6.0
-1.67
4.67
-1.33
4.33
9.0
6.33
-5.67
4.0
11.0
2.67
2.0
6.67
2.33
4.33
2.33
5.0
4.33
4.67
-1.67
2.67
15.0
-4.0
-3.33
3.67
3.67
0.33
9.67
-1.67
-3.33
-6.0
-4.0
6.33
7.0
8.33
4.0
1.33
-1.33
-1.33
1.67
5.33
1.0
-9.0
-9.0
7.67
8.67
-0.33
0.33
-5.0
-0.67
0.67
-0.67
4.33
10.33
-3.0
1.0
3.67
7.0
0.0
0.33
2.67
8.33
11.33
1.33
1.33
8.67
-0.33
4.33
3.0
1.0
-4.33
3.0
-2.33
9.33
0.33
-7.67
-5.0
3.0
1.0
-6.33
5.33
0.33
-8.67
4.67
7.67
-2.0
-4.33
0.33
10.33
11.33
11.0
0.0
-1.67
12.0
2.67
1.67
3.0
1.33
7.67
-2.33
3.0
3.0
5.33
5.67
5.33
-3.33
0.0
-4.67
6.33
7.33
-3.33
1.0
-3.67
5.67
5.0
12.67
5.67
0.0
0.0
1.0
-0.33
5.33
3.33
11.0
2.67
-2.67
2.33
5.0
1.67
1.0
2.67
2.33
4.0
-0.67
4.33
8.67
-0.67
9.33
5.0
2.0
8.33
1.67
1.67
-3.33
0.0
1.33
1.33
4.67
-3.67
2.0
-1.67
4.33
1.67
12.0
1.33
5.33
7.67
2.67
0.67
1.33
5.0
4.33
8.67
-4.0
-0.33
-2.67
-4.0
7.0
-2.33
4.33
5.33
-0.67
2.67
1.33
3.0
8.33
4.33
-1.67
1.33
4.67
1.67
-3.0
1.0
-2.67
4.0
-1.0
3.33
-4.33
3.33
-0.67
1.67
-2.0
-2.33
3.0
4.33
1.67
-2.0
0.0
-0.67
3.67
3.33
-1.33
-2.0
2.67
4.67
3.33
-3.0
0.33
-2.0
-0.67
-1.0
3.0
-1.67
2.33
0.0
0.0
5.67
-2.0
4.33
2.33
-3.0
5.0
-2.33
3.33
1.33
6.0
-3.33
-2.67
0.67
5.33
0.67
-1.67
3.0
6.67
4.67
-3.0
0.33
-3.0
-0.33
3.33
4.67
2.0
-5.33
2.33
3.33
3.33
-1.67
2.33
-1.67
-1.67
