0.0
65.33
14.0
-2.67
33.33
25.0
-21.33
108.33
55.67
-7.67
124.33
40.0
55.67
33.33
37.33
34.67
-40.33
-28.33
17.33
37.0
-20.0
-25.0
18.0
9.67
-6.67
-12.0
-16.33
1.0
5.0
-8.33
2.67
2.33
-3.0
-3.0
0.67
0.67
-2.33
-1.67
-0.67
-2.0
2.0
-0.67
1.0
2.0
2.0
0.0
-1.33
-0.67
1.33
2.0
-1.33
-0.67
-0.33
1.0
0.0
-0.67
0.0
-0.67
0.0
-0.33
0.0
0.0
-0.33
-0.33
0.0
-0.67
1.0
-0.67
2.0
0.0
0.0
0.0
0.0
1.0
-0.33
-0.33
1.0
0.67
-0.33
0.0
-0.33
-0.67
1.0
-0.67
0.67
0.33
-1.0
-0.67
0.0
0.67
0.33
1.33
-1.0
-1.33
-1.33
-0.33
-1.0
1.0
-1.0
0.33
0.33
-1.67
0.0
0.0
-2.0
1.0
1.67
2.0
6.0
1.0
-1.0
0.0
2.33
1.67
0.67
0.33
2.0
2.67
6.33
-0.67
-2.33
-1.67
1.0
1.33
-3.0
0.33
4.0
2.0
2.33
4.67
5.0
-2.33
4.33
0.33
-2.33
5.67
-2.67
6.67
6.33
6.0
3.67
3.67
-1.0
-2.67
-0.33
-2.67
-3.33
2.0
8.33
6.67
2.33
4.0
7.67
3.67
-6.33
5.67
0.33
-5.0
2.0
-4.0
7.33
7.67
8.0
3.0
0.33
0.33
4.0
0.33
5.0
-2.0
9.67
-3.0
-3.67
1.67
2.33
5.33
10.67
-4.0
2.67
-3.67
6.67
2.67
3.67
-4.67
4.0
1.67
2.67
0.0
4.33
7.33
10.33
3.0
14.0
10.67
17.0
1.67
-1.33
4.67
-8.0
6.33
4.33
2.0
6.0
4.67
3.33
-2.33
6.0
5.67
-1.33
7.33
-1.33
5.67
4.33
-1.33
8.33
0.67
8.0
4.33
6.0
0.33
2.67
5.0
4.0
2.67
-2.0
-1.67
5.0
2.67
4.67
3.0
2.33
1.0
4.33
6.67
-4.33
6.33
9.33
6.33
4.67
2.67
3.33
4.0
-1.67
3.67
4.67
5.33
-1.67
2.0
6.33
2.33
-1.67
-0.67
6.67
6.67
7.67
3.33
-4.0
-1.67
1.67
2.33
-2.33
11.0
7.33
-2.67
2.33
-1.33
3.33
6.67
-3.0
3.67
5.67
2.67
3.33
-2.33
-5.0
4.33
1.33
2.33
-1.0
3.33
0.33
0.67
3.33
-1.67
7.67
2.33
5.33
4.33
12.33
2.0
7.0
6.33
6.0
5.67
1.0
-1.0
6.0
1.33
1.33
5.67
-0.67
1.33
4.33
10.0
11.67
6.67
-4.67
-1.33
2.33
7.33
7.67
-2.67
-1.33
3.67
6.0
0.67
7.0
6.67
7.67
7.33
-2.0
5.0
8.67
9.0
1.0
0.33
1.33
-6.67
0.0
1.33
-1.0
0.33
-1.33
5.0
-1.33
7.33
8.67
0.33
-1.0
0.67
7.67
-5.33
-1.0
-3.33
7.67
4.33
4.0
6.33
-0.67
2.33
2.0
1.67
1.67
1.67
-0.67
0.67
-0.67
5.33
0.0
0.0
5.0
6.67
9.33
8.0
-1.33
1.67
-2.0
0.67
0.67
0.67
2.33
4.0
-6.67
3.0
1.67
4.67
0.0
2.33
9.67
5.0
4.67
1.67
4.33
4.33
2.0
2.33
3.33
1.67
3.33
0.0
4.67
3.67
9.0
1.33
5.67
7.0
0.33
6.67
7.33
2.0
4.67
-3.33
-1.33
2.67
0.67
4.33
2.33
1.33
0.33
-1.33
-1.33
1.0
0.67
-1.67
2.67
5.0
0.0
2.0
5.33
3.67
3.33
1.33
6.33
0.67
-2.33
0.0
0.67
-3.0
7.33
-0.67
3.33
0.33
0.0
1.67
3.33
-1.0
1.0
0.33
0.0
7.33
4.67
-0.33
0.33
1.33
5.0
-2.33
3.33
-5.33
3.33
-2.67
-1.33
0.0
2.0
3.33
4.33
6.33
2.67
1.67
3.33
0.33
0.33
-1.0
3.0
5.33
2.0
8.33
0.0
1.67
3.0
1.33
2.67
0.33
-0.33
3.0
3.0
-4.33
3.33
0.0
6.0
-1.33
-0.67
-3.67
5.67
-3.0
5.0
-1.33
-0.33
6.0
4.0
-1.33
-2.0
-1.0
-2.67
9.0
4.33
1.33
-0.33
5.67
-0.33
-3.33
-0.33
1.33
5.0
1.0
5.33
-2.33
3.67
1.0
-2.33
5.0
-1.0
2.67
4.33
9.33
1.67
0.0
3.67
-0.33
3.0
-1.0
0.67
2.33
3.67
3.33
4.33
1.33
3.67
-1.33
-1.0
6.33
2.67
-0.33
6.67
2.33
-0.67
6.0
1.0
1.0
-4.0
-1.67
1.0
-2.0
1.0
0.33
2.0
-0.67
7.67
1.33
2.0
0.0
1.33
0.67
4.33
2.0
1.33
0.67
-1.33
4.67
3.0
-2.67
-2.33
4.67
1.67
1.33
2.0
1.0
0.33
3.67
-4.33
0.33
5.0
4.67
4.67
0.67
1.0
6.33
4.0
5.0
2.0
-4.33
3.0
3.0
-2.0
5.67
6.67
1.67
8.33
1.33
-1.67
3.0
5.67
2.33
-0.33
-0.33
2.67
-1.33
-1.67
-6.33
2.0
-1.33
-2.33
-0.67
2.67
1.33
0.33
3.0
-1.0
3.0
2.33
-1.33
-3.33
-2.67
-2.0
0.0
-3.33
-2.67
-4.0
3.67
3.67
1.33
2.0
-0.67
-3.33
1.33
-1.33
0.0
0.33
0.33
2.33
1.67
-0.33
-3.67
3.0
-3.33
-2.0
1.0
1.33
-1.0
5.33
3.0
0.33
-1.33
-4.33
-4.67
0.0
1.33
0.67
3.0
-3.0
1.33
0.67
-3.33
-6.33
2.33
3.67
-0.67
2.33
-1.0
2.67
9.67
2.0
3.0
2.0
-5.33
2.0
2.67
3.33
4.0
-0.33
1.67
1.67
3.33
-5.67
1.0
-2.0
-0.67
2.67
2.33
-1.0
-1.67
-1.33
-0.67
4.0
-3.67
-3.33
2.67
2.33
-1.33
0.0
0.33
3.0
-2.33
1.67
-3.33
0.33
3.67
2.0
6.0
-4.33
3.0
-4.33
-3.33
-2.0
2.33
3.67
-3.0
-8.33
0.67
1.67
0.67
-1.0
1.33
-3.33
-2.67
-6.33
6.33
-5.0
-0.33
1.0
0.0
1.0
-2.0
-3.67
0.67
-1.33
0.0
-2.33
1.33
1.67
-3.0
1.0
-5.67
1.33
1.67
-3.0
-0.33
3.33
4.0
6.0
1.0
5.0
4.33
-1.33
3.0
-0.33
-2.33
-3.67
1.0
0.0
4.0
1.33
-1.67
-2.33
-6.0
-2.0
7.0
-2.67
4.67
3.0
2.67
0.0
5.33
0.67
0.0
-3.0
-5.0
6.0
5.0
-2.0
2.67
-4.0
1.67
3.33
-0.33
3.33
2.67
-4.67
3.67
5.0
-3.33
-0.67
-4.33
1.33
3.33
0.67
1.67
0.67
-1.67
4.67
-3.0
1.0
3.67
8.0
7.0
8.0
-1.0
2.0
13.0
1.33
6.67
9.67
23.33
2.67
10.0
18.67
18.0
8.67
10.0
21.67
14.67
20.0
19.33
28.67
28.33
20.67
19.0
13.33
24.33
14.33
14.67
16.0
12.33
14.0
25.0
20.0
15.0
7.0
4.67
6.0
4.67
-0.67
-1.0
4.33
5.0
1.0
-2.33
6.33
-4.0
2.0
1.0
-5.67
-0.67
-3.0
-3.67
1.0
-2.33
7.33
3.33
3.33
2.67
0.33
-1.67
3.0
-6.67
7.33
-3.33
4.67
-3.0
-1.67
7.33
-1.67
-2.67
6.67
0.0
5.0
2.67
-2.67
2.67
7.67
2.67
-3.67
2.0
-1.67
-3.0
5.0
-5.0
-1.33
11.67
0.0
2.33
7.67
0.0
1.67
0.33
5.0
-2.33
-0.33
-2.67
4.67
-9.0
-2.0
2.67
9.0
2.0
2.33
2.33
0.33
2.67
8.67
8.0
1.67
3.33
-3.67
1.33
2.33
4.33
-2.33
6.67
4.67
4.67
8.67
5.67
2.33
-1.0
-0.33
1.0
-2.67
0.33
-7.33
-3.0
-2.67
4.33
-0.67
3.67
6.0
8.33
13.67
2.0
6.0
4.33
3.67
9.0
4.67
5.67
4.67
10.0
7.33
-4.0
8.33
-5.0
5.33
-3.0
3.67
0.67
-4.0
-3.0
0.33
0.67
0.33
6.67
8.67
9.0
3.67
4.33
0.67
-4.33
1.0
7.33
-1.67
-3.33
0.33
5.67
-4.0
1.33
1.0
2.67
1.0
1.33
-3.67
1.67
-1.33
3.33
-0.33
-1.33
2.67
0.0
2.67
3.33
3.33
3.0
-1.33
-0.33
-2.0
0.33
2.33
11.0
-1.0
-1.0
6.67
-1.0
5.33
-3.0
9.67
6.67
4.67
3.0
0.67
0.33
5.0
2.0
3.0
3.67
-7.33
5.33
-3.67
3.67
0.0
1.0
0.0
3.67
14.67
11.67
5.33
-1.33
0.0
4.33
9.0
5.0
-0.33
3.0
6.0
10.67
13.0
9.33
10.0
8.67
17.0
15.0
21.33
15.33
27.67
15.0
24.33
20.0
14.0
22.67
25.33
15.67
19.33
25.33
16.0
11.0
30.0
15.0
14.33
19.67
8.67
4.33
13.67
6.0
8.33
3.33
12.67
-3.33
6.0
14.67
9.0
2.0
3.67
8.0
-7.33
14.67
8.0
11.0
8.0
3.0
18.0
-1.0
-2.0
9.33
8.0
-8.0
-0.67
7.67
9.0
8.67
-2.67
6.33
16.67
7.67
12.67
14.33
6.0
18.67
8.67
5.67
8.33
4.67
7.0
9.67
13.0
1.67
6.0
14.33
14.33
4.67
14.33
-2.67
5.67
9.0
4.67
10.67
13.0
6.67
6.0
6.33
11.0
4.0
4.67
5.33
9.33
7.0
2.0
7.33
12.33
6.33
9.0
6.0
9.33
1.0
-1.33
13.0
6.0
8.0
4.0
8.33
3.0
5.67
8.67
5.0
4.33
3.67
6.0
4.67
-2.33
7.67
7.0
11.0
3.0
6.67
7.33
10.0
13.67
9.67
1.0
-3.33
1.33
4.67
5.0
15.0
-2.0
7.67
9.67
5.0
14.67
15.0
15.0
11.67
9.67
13.0
8.33
13.67
14.33
3.67
16.67
12.0
8.0
12.67
12.33
6.0
6.33
7.0
-4.0
-2.67
1.33
9.0
8.33
6.67
20.67
7.33
9.0
1.0
13.67
0.67
7.67
14.33
3.0
19.67
9.0
12.33
11.67
9.33
4.67
9.33
3.33
4.33
8.33
14.33
17.33
5.0
8.67
7.33
4.33
8.0
11.0
2.67
4.67
11.0
7.33
9.0
8.67
-1.0
5.67
10.33
6.67
12.33
9.67
7.33
-1.0
9.0
9.0
9.67
13.0
8.33
10.0
10.67
8.0
2.0
7.0
14.33
-3.33
8.67
22.33
8.67
2.67
22.67
6.67
5.33
4.33
16.33
16.33
7.0
2.67
12.33
9.33
14.33
-1.33
14.67
7.67
7.67
5.67
6.0
0.67
6.67
5.0
2.67
3.67
3.33
15.0
19.33
12.0
20.0
6.33
24.67
8.67
13.67
5.0
10.0
17.33
21.0
7.0
11.33
19.67
15.33
13.33
4.0
18.33
12.0
23.0
14.0
13.33
21.0
17.0
14.33
22.0
33.33
15.67
19.0
20.33
20.67
16.67
20.67
9.33
40.67
35.33
27.67
28.33
25.0
29.33
32.0
53.67
37.67
57.67
58.33
49.33
60.0
68.33
72.0
65.33
70.0
72.33
96.33
106.33
96.67
72.33
113.33
125.67
96.33
88.0
88.33
90.67
100.67
97.33
74.67
84.33
66.67
73.67
55.0
40.0
58.33
42.33
51.33
30.67
34.67
27.0
28.67
18.0
18.33
22.67
21.67
29.33
13.67
11.67
5.0
18.0
21.0
13.67
19.67
17.67
9.0
10.33
12.67
6.33
12.67
-2.0
7.33
3.0
16.67
18.33
10.0
16.0
12.0
5.67
11.67
11.0
1.0
8.67
16.67
10.0
2.33
9.33
7.67
11.67
10.0
4.0
12.33
20.0
9.0
13.0
1.67
19.0
6.67
7.0
16.0
12.67
14.0
-3.0
7.33
15.33
20.67
17.67
3.67
11.33
7.67
14.67
15.33
17.33
5.0
-3.0
-0.33
12.0
15.0
9.33
-2.67
5.33
14.0
12.0
8.33
3.33
1.33
1.33
4.67
33.0
2.0
-1.33
5.67
10.33
6.33
5.67
19.0
4.33
15.0
4.33
10.0
19.33
0.33
5.0
7.33
15.33
9.0
15.33
6.0
12.67
18.0
5.67
12.0
7.67
20.67
-1.0
14.67
10.0
21.33
7.67
14.67
16.67
0.33
8.0
0.67
2.0
1.33
15.67
16.0
10.67
5.33
-3.0
17.33
-3.33
3.33
10.0
7.0
23.33
4.33
7.0
0.0
1.0
9.67
8.67
13.0
-8.33
3.67
-6.0
7.0
5.67
10.67
-6.67
-0.33
8.67
-6.0
9.0
-2.67
-3.67
4.0
18.33
11.33
13.33
13.67
10.33
-5.0
6.67
-1.0
4.33
12.0
26.67
9.33
6.67
11.33
24.33
1.0
1.0
6.0
23.67
3.33
18.33
17.67
17.67
10.33
14.33
28.0
25.67
22.33
25.33
21.67
37.0
37.33
33.33
38.0
18.67
25.0
19.33
28.67
21.0
32.33
28.67
24.67
22.0
28.0
26.67
20.67
21.33
25.33
19.0
3.67
29.33
15.33
19.33
14.67
2.67
16.67
8.0
15.33
10.33
14.67
2.33
9.33
9.67
6.33
10.0
-2.33
7.33
4.67
8.33
7.0
17.67
3.0
-7.0
18.33
5.0
-2.33
14.0
9.33
14.0
9.67
2.33
5.33
8.67
1.0
5.33
-4.33
9.67
11.0
14.33
1.33
10.33
14.33
-5.0
-2.0
1.0
6.33
18.33
10.67
15.67
8.33
7.0
4.33
1.0
-5.67
3.67
-3.33
8.67
9.67
-0.33
24.33
13.33
12.0
5.67
-1.0
1.0
6.33
16.67
21.33
1.67
24.67
18.0
9.0
12.0
19.0
25.0
12.67
17.33
-2.67
4.67
6.33
6.33
5.0
6.67
7.33
10.33
8.0
6.0
10.67
11.0
4.67
-4.0
3.33
16.0
11.67
-3.33
3.33
4.0
3.33
-2.33
11.67
-3.33
2.0
0.0
8.67
11.67
8.33
14.33
3.33
2.33
12.0
4.33
9.33
11.67
-3.33
8.0
1.67
-7.0
13.0
-3.0
3.0
-11.33
-7.33
-4.33
2.33
4.0
-10.33
9.0
2.33
1.0
2.33
8.33
7.33
4.0
15.33
-3.67
-1.0
12.0
3.67
-3.67
9.0
9.67
6.0
17.33
1.67
6.67
-1.67
10.33
5.33
-0.67
-3.67
5.67
-2.0
-10.0
3.67
-2.33
7.0
5.33
-3.67
8.67
2.67
4.67
-5.0
10.67
0.33
5.67
3.67
7.0
0.33
6.33
6.33
6.67
-2.0
-4.0
-2.33
0.67
9.0
4.0
3.33
14.0
0.0
1.0
-6.33
1.67
1.67
-2.0
8.0
-1.67
7.67
11.67
2.33
-3.33
3.67
1.33
-5.0
5.0
3.33
-1.33
10.67
10.67
5.33
9.67
4.67
7.33
5.33
13.0
3.33
2.33
6.67
-2.67
0.67
2.67
9.67
0.0
1.0
3.0
5.33
-3.0
6.67
11.0
1.33
8.33
13.33
0.67
9.67
13.0
-3.0
-1.67
2.0
5.67
-4.67
1.0
11.0
-3.33
0.67
6.0
-2.0
9.67
1.67
14.33
-3.0
14.0
-0.67
3.33
-1.0
0.33
-3.33
-5.33
4.67
3.33
-3.67
-0.67
2.33
-5.67
7.0
4.33
2.67
-2.67
3.0
-2.0
0.67
2.33
2.33
3.67
2.33
-11.67
0.67
0.0
-3.67
-8.33
4.67
-1.67
8.0
8.33
-6.67
5.0
7.0
5.67
3.0
0.67
6.33
5.33
2.33
-1.0
5.33
2.67
-4.67
12.67
1.0
5.0
1.67
-0.33
8.67
2.33
8.67
2.33
9.67
-1.0
10.0
-1.67
11.0
5.33
4.0
3.33
3.67
5.67
1.67
0.33
1.0
-5.0
-1.0
0.67
-0.33
2.67
0.33
-4.0
-3.67
4.67
0.33
11.33
-0.67
1.0
-1.0
8.67
1.0
2.0
3.33
3.67
3.33
0.33
-3.67
15.33
11.67
-2.33
0.33
0.0
6.0
8.67
1.0
10.67
2.33
7.33
0.33
-1.0
0.0
3.0
-3.33
-1.67
14.33
-2.67
3.67
4.67
-3.0
-4.33
12.33
2.33
3.33
3.0
0.0
2.33
10.0
4.67
-2.33
12.0
2.33
4.67
1.67
8.0
10.0
-2.67
8.67
2.33
-0.33
4.0
6.33
6.33
5.33
3.67
-3.0
0.33
-0.33
1.0
1.67
6.67
-3.0
8.0
4.0
2.67
6.33
0.33
6.0
-0.33
7.33
4.33
-3.0
4.67
-3.0
12.67
0.33
3.0
10.33
-1.67
4.67
-1.67
-1.67
5.0
0.0
4.33
1.67
-3.33
0.67
7.0
-6.67
-0.67
2.67
6.33
-6.0
1.33
-6.67
6.67
-1.0
7.33
-0.67
-0.33
6.67
5.67
-4.67
4.0
6.33
-0.33
-3.0
-2.33
-1.67
1.0
1.0
2.67
-0.67
-2.67
3.33
1.67
1.33
7.0
0.33
7.33
-1.67
-1.67
1.67
3.67
2.0
0.0
4.33
3.0
3.0
0.33
5.67
-0.67
5.33
1.67
5.0
-1.33
0.0
7.33
0.67
-1.0
3.0
-6.67
5.67
1.33
1.67
-4.0
6.67
-0.33
-3.67
5.0
6.33
4.0
6.33
-1.0
1.0
0.33
1.33
2.0
-5.0
3.67
8.0
9.33
3.33
-1.0
2.0
-1.33
6.33
8.33
5.0
-3.33
3.33
2.67
5.33
-0.33
0.33
4.0
2.67
-1.33
2.0
5.33
-1.0
6.67
-1.67
0.67
5.0
-1.33
-0.67
2.33
0.33
0.33
-1.67
1.33
-0.67
