0.0
14.33
-28.0
9.33
61.33
-17.0
-22.33
7.33
33.67
47.33
68.33
72.0
16.67
45.33
37.33
41.67
-12.33
-19.33
-8.67
-17.0
-37.0
3.0
3.0
-6.33
5.33
4.0
-6.33
0.0
-15.0
-6.33
6.67
-0.67
3.0
1.0
-1.33
-2.33
-3.33
-2.67
1.33
-2.0
-1.0
1.33
0.0
0.0
0.0
0.0
-1.33
-0.67
-0.67
0.0
-1.33
-0.67
-0.33
2.0
0.0
-0.67
0.0
0.33
1.0
-0.33
0.0
1.0
1.67
0.67
0.0
-0.67
-1.0
1.33
0.0
0.0
0.0
1.0
0.0
-1.0
0.67
1.67
0.0
-0.33
0.67
1.0
0.67
1.33
1.0
0.33
0.67
-0.67
2.0
0.33
1.0
-0.33
0.33
-0.67
0.0
-1.33
1.67
-0.33
0.0
0.0
-1.0
0.33
1.33
-0.67
-1.0
0.0
-1.0
0.0
0.67
0.0
0.0
2.0
0.0
4.0
-0.67
3.67
3.67
1.33
1.0
1.67
3.33
4.33
0.67
-1.67
-2.0
2.33
2.0
0.33
1.0
3.0
2.33
3.67
-2.0
1.67
-0.67
2.33
0.67
6.67
2.33
1.67
0.33
5.0
2.67
2.67
5.0
-0.67
-4.33
3.33
-7.33
2.0
1.33
2.67
3.33
1.0
4.67
-0.33
-6.33
5.67
0.33
3.0
0.0
0.0
10.33
-2.33
4.0
9.0
-8.67
2.33
4.0
3.33
11.0
1.0
8.67
11.0
3.33
7.67
3.33
3.33
5.67
4.0
2.67
-3.67
1.67
3.67
-2.33
-9.67
3.0
-5.33
0.67
-1.0
2.33
0.33
-1.67
1.0
1.0
1.67
8.0
-2.33
-3.33
7.67
-8.0
0.33
1.33
1.0
4.0
9.67
3.33
5.67
-1.0
1.67
-1.33
4.33
4.67
0.67
-2.67
5.67
2.33
1.67
4.0
0.33
4.0
7.33
4.67
1.0
3.0
8.67
0.0
-2.67
5.0
5.67
0.67
6.0
3.33
1.0
-4.67
-3.33
-0.33
8.33
2.33
-0.67
7.67
5.67
5.33
1.0
-4.67
6.67
4.67
3.33
5.33
0.0
2.33
0.33
-3.67
2.33
2.67
-2.33
-1.33
1.33
9.0
2.33
0.67
3.33
1.67
0.0
1.33
5.33
1.33
2.67
2.33
2.67
0.0
3.67
4.67
6.67
7.33
2.67
-7.0
-0.67
-1.67
7.33
5.0
9.33
1.33
0.67
3.33
1.33
5.67
-2.67
2.33
5.33
1.33
0.0
0.0
0.33
7.0
1.67
-2.0
2.0
12.0
-2.67
-2.67
2.67
-2.67
9.33
9.33
5.0
0.67
-4.33
-2.67
-2.33
2.33
3.33
10.67
-2.67
6.67
1.67
6.0
1.67
1.0
3.67
-1.33
11.33
4.0
1.0
0.67
7.0
1.0
0.33
2.33
0.33
2.0
-1.67
0.0
-4.67
3.67
2.0
13.67
3.33
-0.33
-2.67
-3.0
10.67
3.67
7.67
5.0
1.67
-5.33
3.33
-7.0
11.33
5.33
-3.67
-3.0
-4.33
-3.33
-0.33
5.33
5.67
-2.67
2.33
1.0
4.0
4.0
6.67
5.33
6.0
-0.33
2.67
2.0
6.67
-1.33
-4.33
3.33
3.0
-0.67
3.0
0.67
-1.33
-5.0
5.33
3.67
4.0
0.67
4.67
1.33
2.33
0.0
1.33
4.33
2.67
5.33
-2.0
7.67
5.67
10.0
3.33
6.67
1.0
-0.67
7.67
-3.67
8.0
-0.33
6.67
5.67
7.67
1.67
0.33
-0.67
1.33
2.33
-0.33
-0.33
1.0
2.67
1.33
1.67
6.0
0.0
7.0
1.33
1.67
4.33
2.33
2.33
-2.33
-0.33
1.0
1.67
5.0
-2.67
0.33
3.33
-0.67
4.0
3.67
2.33
-1.0
2.0
-3.67
3.0
0.33
-2.33
1.67
-1.67
3.33
-4.0
4.67
2.33
5.67
-2.67
2.33
-2.33
-1.0
0.0
-1.67
8.33
2.33
7.67
0.67
3.33
1.33
1.33
-1.0
4.0
-1.67
0.0
6.33
-2.0
-1.33
1.0
-0.67
1.67
0.33
-4.33
2.0
4.0
-1.33
-1.67
-2.0
7.0
-4.33
-0.67
2.33
1.67
0.0
-3.0
5.67
4.67
0.0
3.0
-2.33
-5.0
-2.0
1.33
3.0
-2.67
0.33
0.67
1.67
-2.33
5.67
1.67
-0.67
0.0
8.0
1.33
-1.33
4.67
-1.0
-0.33
6.0
0.0
0.67
0.33
6.33
3.67
-2.0
-1.33
2.67
3.0
-2.0
0.67
-5.67
0.67
2.33
3.33
1.33
-2.33
-1.33
-7.0
1.33
-1.33
0.67
5.67
0.33
6.33
6.0
-3.0
2.0
4.0
-6.67
7.0
2.0
0.0
3.33
0.0
1.33
1.67
0.33
-3.0
3.0
1.33
0.67
2.33
-2.0
1.33
5.67
-0.33
3.67
0.0
1.33
2.67
4.67
2.67
-3.67
3.0
-1.0
2.33
-4.33
-3.33
2.33
3.0
-3.33
4.67
0.67
1.0
2.33
1.0
3.0
-3.0
-1.33
0.0
4.0
1.0
5.67
-5.33
3.67
-1.67
8.33
-0.67
0.0
1.67
-2.67
1.67
1.67
1.67
0.67
3.33
-5.33
4.0
4.67
1.67
2.33
3.67
-2.67
-0.67
-4.0
0.0
0.0
2.33
-0.33
-5.33
2.33
2.0
5.0
-1.33
2.33
-1.0
-3.33
1.67
2.33
0.0
-0.67
1.67
1.33
1.67
-1.0
-2.67
3.33
0.33
1.67
0.67
0.33
-3.0
2.67
-2.0
1.0
4.33
2.0
0.33
2.0
1.33
-0.33
-0.33
2.33
7.0
4.33
0.67
4.0
5.0
-1.67
3.67
-2.33
-4.33
3.33
-0.33
4.33
-1.67
0.0
0.67
-2.33
-1.0
4.0
7.0
-4.33
-3.0
-0.33
1.33
-3.0
-1.33
-3.33
0.67
5.33
-2.67
2.0
0.0
1.33
1.67
-1.67
2.0
-2.67
-1.33
6.33
0.0
-1.67
-2.33
-0.33
-1.67
2.67
0.0
-2.67
3.0
2.67
1.67
-3.33
3.33
2.67
0.0
-2.0
-3.33
0.0
1.67
3.67
2.0
-2.67
0.67
4.0
3.67
4.67
1.67
5.67
-2.0
-4.67
-7.33
5.33
-8.33
0.33
-4.0
3.67
0.0
-2.0
0.0
-6.0
-1.67
1.67
-2.33
2.0
-2.33
0.33
3.67
-2.0
1.0
0.33
3.33
-3.33
3.0
9.67
-5.67
-2.0
-2.0
4.0
2.0
-3.67
-0.33
2.0
2.67
0.67
-2.67
3.0
0.0
2.0
-8.67
-7.67
-2.33
3.0
-4.0
4.0
0.33
1.67
-3.0
-3.33
3.0
0.33
2.67
-2.0
-6.0
0.0
0.0
-2.0
1.0
1.67
2.0
2.67
2.33
-5.33
-0.67
-1.33
-2.67
2.67
-2.0
1.67
-3.67
1.67
-1.67
-1.67
3.67
-4.33
6.67
-0.67
2.67
1.0
3.0
2.67
1.0
1.0
0.0
6.0
4.0
9.0
2.33
14.67
2.67
14.33
11.67
9.0
10.67
8.0
13.67
15.0
22.67
24.67
34.0
12.33
26.67
17.33
34.67
23.0
20.33
26.33
25.33
26.67
17.0
18.33
6.0
19.0
18.0
7.0
3.0
1.67
4.0
7.67
1.33
10.0
2.33
1.0
0.0
5.67
4.33
4.0
2.0
-2.0
1.33
1.33
2.0
-2.67
-6.0
-7.33
-6.67
7.33
2.33
3.67
-0.67
-1.67
3.0
5.33
-1.67
-0.33
2.67
2.0
8.33
3.33
2.33
6.33
7.67
5.0
0.0
-4.33
-0.67
0.67
5.67
0.67
-2.67
-2.0
-2.67
1.0
5.0
-2.0
-2.33
-2.33
1.0
-0.67
3.67
-6.0
2.67
-1.67
5.0
3.67
1.67
-2.67
9.67
-6.0
4.0
-0.33
1.0
3.0
0.33
0.33
3.33
9.67
2.67
4.0
2.67
-2.67
0.33
6.33
4.33
5.33
-2.33
-0.33
0.67
2.67
1.67
7.67
5.33
12.0
-2.33
4.0
-4.67
4.33
-3.33
-1.0
2.33
3.33
-1.67
5.67
4.0
-0.67
-1.33
4.0
-5.0
10.33
1.67
7.0
3.67
4.67
2.67
1.0
3.33
1.0
5.33
1.0
6.33
6.0
-6.33
15.67
-1.0
-4.0
-2.67
-1.33
-3.67
0.67
1.67
5.0
-0.33
6.33
-0.33
1.67
4.0
1.33
1.33
-3.33
1.33
-0.33
-2.0
-4.67
4.0
9.67
0.0
-10.67
-1.67
1.67
3.67
4.33
2.67
2.67
1.67
-1.0
0.67
6.33
11.33
0.0
8.67
-7.33
1.0
5.33
-3.67
3.0
-7.0
2.0
4.67
10.0
0.33
0.0
1.67
-2.33
-0.33
6.0
-0.33
-3.67
-1.0
-3.0
-4.0
4.67
2.67
13.33
-8.67
3.67
7.0
-1.0
2.0
9.67
0.67
2.67
-2.67
13.67
0.0
2.33
-1.0
-4.0
8.67
1.0
0.0
8.67
12.0
10.33
12.0
9.67
18.0
20.0
5.33
17.33
18.67
17.0
18.33
14.0
17.0
27.67
20.33
22.67
15.33
15.33
9.0
23.0
20.0
17.0
12.33
18.67
2.67
8.33
11.67
10.0
9.33
12.33
11.67
0.67
6.0
0.67
9.0
10.0
7.67
15.0
-2.33
9.67
15.0
13.0
11.0
1.0
11.0
5.0
-6.0
5.33
8.0
0.0
11.33
3.67
7.0
3.67
0.33
6.33
5.67
1.67
1.67
16.33
4.0
14.67
6.67
4.67
10.33
9.67
3.0
8.67
8.0
-0.33
14.0
10.33
7.33
5.67
-1.67
2.33
5.67
2.0
5.67
12.67
12.0
3.67
12.0
4.33
21.0
7.0
9.67
9.33
10.33
-2.0
3.0
2.33
-0.67
13.33
5.0
1.0
9.33
3.0
3.67
6.0
13.0
7.0
6.0
9.33
11.0
7.67
9.67
3.0
13.33
7.67
6.0
12.67
0.67
2.67
9.0
3.0
14.0
13.67
5.33
9.0
14.67
11.67
4.0
12.67
7.33
4.67
12.0
16.0
2.0
8.67
4.67
2.0
7.67
0.0
11.0
13.67
14.67
8.0
10.33
13.67
20.33
9.67
11.67
3.0
7.0
5.67
1.33
6.0
5.33
0.0
0.0
9.33
-2.67
0.0
10.33
2.67
5.67
19.33
-1.0
21.0
20.67
16.67
12.67
15.33
13.0
15.67
17.0
12.33
12.67
5.33
12.67
7.33
0.33
6.33
9.33
4.33
7.33
11.0
11.67
4.33
11.33
0.0
9.0
17.67
5.67
9.0
5.33
5.0
8.67
4.0
-0.33
7.33
20.67
-3.67
2.67
2.33
11.0
16.0
13.0
9.67
14.0
6.33
17.0
8.67
8.0
11.0
11.0
4.33
-1.33
12.67
9.33
6.67
19.67
13.67
13.67
-4.67
11.33
5.33
7.33
14.0
11.67
17.33
10.33
11.33
2.67
4.67
3.67
0.67
18.67
8.0
7.67
7.67
-5.0
13.67
11.67
12.33
6.0
22.33
8.0
10.0
14.33
8.67
12.67
11.67
2.0
2.0
23.33
24.0
19.0
10.33
15.67
6.33
10.33
26.0
21.33
15.0
30.0
11.0
23.33
16.0
16.0
9.33
16.0
22.33
27.67
12.0
30.33
18.67
28.67
21.67
23.33
16.67
31.33
17.67
38.33
32.0
37.33
33.0
35.67
30.67
52.67
54.33
58.33
55.0
73.33
61.0
73.33
87.0
57.33
98.33
90.33
82.67
68.33
104.33
76.67
104.33
94.0
99.33
81.67
95.67
83.33
79.67
69.33
90.67
58.67
62.0
71.0
56.33
27.33
49.33
14.67
45.67
33.0
17.67
23.0
19.33
25.67
28.67
28.33
3.67
19.67
6.0
3.0
17.0
17.67
-1.33
9.67
6.0
0.33
6.67
4.33
5.67
4.0
11.33
9.0
14.67
0.33
17.0
4.0
10.0
3.67
10.67
11.0
12.0
4.67
7.67
2.0
12.33
-0.67
4.67
-0.33
13.0
10.0
6.33
13.0
7.0
30.0
0.67
17.0
-3.33
5.0
5.0
2.67
1.0
-7.0
-0.67
8.33
16.67
17.67
14.67
-1.67
2.67
8.67
3.33
9.33
1.0
8.0
8.67
22.0
6.0
6.33
5.33
17.33
15.0
20.0
7.33
9.33
6.33
3.33
6.67
17.0
7.0
-0.33
7.67
6.33
20.33
2.67
1.0
12.33
10.0
11.33
17.0
5.33
8.33
3.0
4.33
14.33
12.0
9.33
5.0
19.67
6.0
15.67
0.0
5.67
16.67
8.0
0.67
10.0
16.33
6.67
11.67
11.67
4.33
7.0
7.67
10.0
-3.67
19.67
14.0
9.67
15.33
15.0
13.33
1.67
11.33
5.0
2.0
20.33
5.33
16.0
15.0
13.0
0.67
3.67
8.0
7.67
20.67
7.0
7.0
11.67
10.67
9.33
-6.33
11.67
0.0
10.0
12.33
-1.67
-4.0
5.33
6.33
9.33
11.67
13.33
2.0
5.67
10.0
13.33
12.0
4.67
18.33
18.67
13.33
15.33
12.0
1.0
2.0
14.67
29.33
18.33
14.67
13.67
7.33
19.33
29.0
11.67
20.33
12.33
15.67
34.0
17.33
42.33
35.0
33.67
25.0
21.33
26.67
21.0
29.33
30.67
30.67
34.0
29.0
24.67
15.67
12.33
18.33
21.0
21.67
7.33
22.33
18.33
14.67
9.67
1.67
12.0
15.33
12.33
19.67
5.33
30.33
19.67
17.33
12.0
17.67
25.33
9.67
6.33
15.0
-5.33
8.0
5.0
8.33
15.0
8.67
11.0
16.33
13.0
11.67
6.33
8.33
-0.33
1.0
18.33
8.67
8.67
5.0
8.33
10.33
17.33
8.33
-2.0
3.0
6.0
-7.67
9.33
8.67
9.67
9.33
15.0
5.33
16.0
3.33
8.67
8.67
3.67
2.67
-1.33
5.33
7.33
-2.0
21.67
0.0
2.0
11.33
15.67
18.33
-5.33
7.67
10.0
-1.0
2.0
6.0
4.0
7.67
4.33
15.33
0.67
4.33
5.33
16.0
18.67
5.33
13.33
19.0
-2.0
8.67
20.0
6.67
-9.0
3.33
8.0
2.67
-0.33
2.33
6.0
6.33
-5.33
6.67
-4.33
5.0
3.0
7.67
3.67
1.33
2.33
-7.67
8.33
9.0
3.33
14.33
3.67
-6.33
13.0
-10.33
-2.0
-7.0
6.0
5.0
-5.33
3.67
-0.33
7.33
1.0
-4.33
4.0
5.33
5.0
5.33
3.33
8.33
-1.0
1.33
-0.67
-1.0
7.0
-0.33
2.33
5.0
12.67
3.0
6.33
-1.33
1.67
3.33
9.33
-0.67
10.33
2.33
13.67
1.0
-3.0
5.67
3.67
4.0
-5.67
-2.67
-3.33
11.67
-0.33
-2.0
9.67
1.33
10.67
2.67
-2.0
-0.67
15.33
5.33
9.67
3.0
5.0
-1.33
3.67
8.0
-1.0
2.33
9.0
2.0
-11.0
-4.33
0.67
1.67
3.0
0.0
8.33
-4.33
8.67
2.33
-7.33
12.67
3.33
1.0
5.0
1.33
-5.33
5.67
-9.33
-1.67
2.67
9.67
8.33
5.33
2.0
4.33
6.33
3.67
11.33
4.67
3.67
10.67
3.0
4.0
9.0
6.33
2.0
7.67
19.0
4.33
3.33
16.33
2.67
7.67
6.0
2.0
6.33
1.0
1.67
-0.67
3.0
-1.0
15.67
-3.33
10.0
-1.0
5.67
-4.33
9.33
2.0
-7.0
4.33
0.33
8.0
4.33
0.67
-0.33
-1.33
4.33
7.33
5.33
6.33
2.33
7.0
14.33
-6.33
-2.67
0.0
1.0
-2.33
-5.67
11.33
4.67
12.33
12.33
-3.33
6.0
1.33
-2.33
0.67
2.33
-3.0
2.33
5.33
10.0
0.0
3.67
5.0
6.67
-5.67
14.33
1.33
3.0
1.33
6.67
-2.67
3.67
0.0
3.0
-5.33
7.67
1.67
5.33
-1.33
-2.67
0.67
5.0
5.0
6.33
1.0
5.33
6.0
0.33
7.67
2.67
3.67
12.33
3.0
-4.0
-3.0
6.67
4.67
1.67
1.33
-1.0
5.33
2.67
-0.67
0.33
4.33
-2.0
1.0
4.67
-4.0
-1.0
0.33
-0.33
-0.67
-3.67
-4.67
-3.67
11.67
2.67
1.33
-4.0
-4.0
-0.33
-5.0
0.67
12.33
4.33
-7.67
-2.0
1.0
-4.0
-6.33
-3.67
3.33
8.33
0.67
-1.33
4.0
3.67
4.33
-1.67
-4.67
4.0
0.0
7.33
12.0
4.67
0.67
-2.0
-7.67
6.67
6.67
3.0
3.0
-0.67
2.67
10.33
6.67
5.0
7.33
8.33
-5.67
-1.33
-4.0
4.33
-0.33
4.0
2.67
5.67
0.0
9.0
1.0
1.67
1.33
5.33
1.0
3.67
3.33
3.33
-1.0
5.67
-1.0
5.67
4.33
2.0
-2.67
2.33
10.67
-1.67
6.33
3.0
1.0
10.33
2.67
-3.33
-1.33
6.0
-5.67
5.33
-2.33
1.33
1.0
-2.67
2.33
-0.33
1.0
2.33
6.33
0.67
1.67
0.67
1.33
1.0
0.33
-3.33
0.0
4.67
-0.67
9.0
3.0
-4.33
-0.67
-0.67
1.33
8.67
-0.67
-1.0
0.33
5.33
-5.67
1.33
-5.33
4.67
0.0
0.0
1.33
1.0
-2.0
1.33
7.67
5.33
3.33
-2.33
-3.0
-4.33
2.0
2.33
5.67
4.0
1.0
-9.67
-1.33
-0.67
2.67
0.0
-5.33
-3.33
-4.67
-1.0
-0.67
2.0
0.33
3.0
2.0
8.33
3.33
1.0
4.0
5.67
3.0
-3.67
6.33
-3.0
-3.0
7.67
0.33
6.33
3.0
-0.33
4.33
1.67
2.33
-3.33
0.33
1.0
2.67
-4.33
6.0
4.33
-4.0
-3.33
1.33
-1.33
-3.0
1.67
1.33
4.33
-0.67
2.33
2.33
-5.67
-4.67
