0.0
24.33
39.0
-25.67
8.33
-49.0
-5.33
73.33
-37.33
11.33
78.33
-11.0
-15.33
25.33
77.33
47.67
22.67
-43.33
21.33
-5.0
-15.0
13.0
-9.0
-21.33
-17.67
-15.0
-6.33
-8.0
-4.0
2.67
-3.33
2.33
-3.0
5.0
4.67
-0.33
-1.33
-2.67
0.33
0.0
1.0
-0.67
0.0
0.0
1.0
0.0
-1.33
-0.67
-0.67
1.0
-1.33
-0.67
1.67
1.0
0.0
-0.67
0.0
-0.67
0.0
-0.33
0.0
0.0
-0.33
0.67
0.0
-0.67
-1.0
0.33
1.0
0.0
0.0
1.0
0.0
-1.0
0.67
0.67
0.0
-0.33
1.67
1.0
-0.33
-0.67
0.0
-0.67
0.67
0.33
0.0
0.33
0.0
-0.33
-0.67
0.33
0.0
-0.33
-0.33
1.67
-1.0
0.0
-1.0
0.33
-1.67
-1.67
2.0
0.0
-1.0
0.0
-0.33
2.0
1.0
2.0
1.0
1.0
-1.67
0.67
0.67
3.33
-1.0
-0.33
1.33
-0.67
-4.33
1.33
0.0
0.33
1.0
-2.67
1.0
3.0
-0.67
1.67
5.0
-1.33
-3.67
4.33
4.67
0.67
6.33
3.67
1.33
4.0
-3.33
-1.33
-1.0
-2.67
0.67
2.33
-3.33
3.0
6.33
3.67
1.33
2.0
8.67
-5.33
-4.33
-3.33
1.33
0.0
10.0
-1.0
8.33
-0.33
2.0
4.0
0.33
6.33
1.0
-3.67
14.0
-2.0
8.67
1.0
3.33
1.67
3.33
5.33
0.67
1.0
7.67
-5.67
1.67
5.67
0.67
1.33
14.0
-4.33
2.67
0.0
2.33
8.33
6.33
7.0
10.0
1.67
1.0
-0.33
1.67
2.67
-1.0
2.33
1.33
4.0
7.0
8.67
-0.67
10.67
8.0
2.67
2.67
4.33
-1.33
-4.33
-0.67
0.67
2.33
1.67
5.0
0.33
0.0
4.33
7.67
4.0
0.0
3.67
-3.0
-3.67
9.0
3.67
1.67
-1.0
-0.67
1.0
7.33
9.67
4.67
7.33
-1.67
2.33
-0.33
12.67
6.33
6.0
3.33
5.67
-0.33
7.33
7.33
-5.0
3.33
-1.67
7.33
-1.67
0.67
0.67
0.67
5.33
4.0
-1.67
9.67
-2.67
-3.33
4.0
4.33
6.33
5.33
3.67
4.33
5.67
0.0
3.67
-2.33
7.67
7.33
2.67
-6.0
0.33
5.33
0.33
0.0
4.33
1.33
2.67
-0.67
2.33
1.67
0.33
0.33
6.33
5.33
4.0
-2.0
3.33
3.0
3.67
3.0
2.0
0.0
-1.67
2.33
9.67
1.33
2.33
7.33
4.0
5.67
5.67
1.33
-2.33
-0.67
-0.67
-1.33
4.33
2.67
-0.33
11.0
-2.33
1.0
-2.33
5.67
-1.67
6.0
3.0
9.67
7.0
-2.0
-0.67
6.33
-2.67
-2.0
0.33
9.0
-5.67
6.67
-3.0
3.67
0.33
0.67
1.33
0.0
5.67
5.67
1.67
8.0
-0.33
-1.33
3.33
2.0
2.33
3.33
2.33
-2.0
-4.33
-5.33
-5.33
5.33
-0.33
1.33
0.33
3.0
-1.0
3.0
3.67
-7.67
4.0
0.67
-2.33
-3.0
-0.33
-3.33
-4.33
3.33
8.0
-6.67
0.0
5.67
2.67
3.0
4.33
3.67
5.0
-0.33
-7.33
4.33
7.33
8.0
-0.67
4.33
7.67
-2.67
8.0
3.67
4.67
4.0
1.33
5.67
8.0
-0.67
5.67
5.33
9.0
7.67
4.67
-2.33
0.67
4.67
-4.67
0.33
7.33
2.33
2.67
-0.33
4.0
-2.33
-1.67
-2.33
3.0
2.0
0.0
-0.67
6.67
4.33
1.33
5.33
4.67
-1.33
3.0
-0.33
3.0
5.33
2.33
11.33
-0.67
2.0
2.67
8.33
2.0
4.0
0.33
0.0
-2.67
2.67
1.67
11.33
2.33
2.0
0.67
-3.67
-2.33
0.33
-2.67
-2.33
2.0
-4.0
-5.67
2.33
2.33
5.67
-5.33
3.33
0.33
5.33
1.0
2.0
8.33
2.0
4.33
0.0
-0.33
0.0
-2.67
5.67
2.33
-3.33
2.0
7.0
7.67
0.33
-1.0
7.0
-3.33
2.33
-0.67
3.67
0.0
-1.0
3.67
0.67
-1.0
6.0
-3.33
-1.0
-4.0
-2.67
2.0
3.33
-1.67
0.67
0.67
-2.33
-0.33
-1.33
-4.67
2.0
0.0
3.33
-2.33
0.67
-1.0
2.67
-2.0
1.0
-0.33
2.33
3.33
0.67
-4.0
1.67
7.67
0.0
-2.0
0.67
-1.67
1.67
4.33
1.33
-1.67
1.67
-0.33
0.0
2.33
-0.33
0.67
2.67
-1.67
5.33
1.0
2.0
2.0
0.0
3.33
4.0
1.0
2.0
-1.67
3.0
0.33
3.67
8.33
2.0
4.0
-2.67
1.67
0.33
-5.0
-2.67
2.67
3.67
0.67
-2.0
-0.67
-0.33
-0.33
0.67
-3.67
2.0
1.0
2.33
-1.33
-0.33
1.33
2.0
-2.33
5.67
-1.33
-1.0
2.33
7.0
2.0
-3.0
-0.33
0.0
2.0
-4.0
6.67
-3.33
-0.33
3.33
1.33
3.33
5.0
6.67
-3.67
-1.33
1.67
1.67
3.67
1.33
-2.33
0.0
2.67
-0.33
0.33
0.67
2.33
8.33
2.0
1.0
4.0
0.33
-1.33
-3.33
1.33
0.0
-1.0
0.67
4.33
3.0
0.67
6.67
3.33
4.0
-4.67
-0.33
0.33
-0.33
3.0
0.33
-0.67
3.33
-1.33
2.67
-1.67
0.0
2.67
-2.0
2.0
-0.67
0.0
2.33
-2.0
-0.67
1.67
1.67
5.33
-2.0
0.33
0.67
-3.0
1.0
1.33
-0.33
-0.33
-6.33
-0.67
5.67
-4.67
-0.67
-2.0
-0.33
2.67
-2.0
4.0
0.0
1.67
3.0
-1.33
0.33
-1.0
1.67
2.67
-2.33
2.33
-1.67
-1.0
1.0
-2.67
2.67
2.33
1.0
-0.67
0.67
1.33
3.0
5.33
-4.33
0.67
1.33
1.67
-2.0
2.33
3.0
0.67
0.67
-3.33
-0.67
-1.33
-3.0
2.0
-4.33
2.0
-4.33
0.67
-5.0
0.33
-0.33
-3.0
3.67
-2.33
3.67
1.67
-3.0
-4.67
-1.33
-0.67
-1.33
-1.67
2.0
-0.33
1.0
-2.0
1.0
-2.0
-1.67
-2.33
0.67
-1.0
-2.33
-2.67
1.67
4.0
4.0
-4.67
-1.67
-2.33
0.0
4.67
-2.67
-3.0
5.0
4.0
0.0
1.33
-2.33
-1.0
-0.33
-6.33
-1.67
3.0
2.0
0.0
2.33
-1.67
-5.33
-2.0
-2.0
2.0
4.33
4.67
-5.0
1.67
4.0
-1.67
-2.33
-2.0
0.0
-1.0
4.0
3.0
4.0
2.67
2.0
-4.33
1.33
2.67
-0.67
3.67
-4.67
4.67
0.0
-1.33
-4.67
-7.33
-5.67
-7.67
-0.33
-5.33
0.67
8.33
2.67
0.0
3.0
2.67
1.0
6.0
-5.0
3.0
1.0
11.0
0.33
2.67
0.67
13.33
6.67
11.0
15.67
3.0
24.67
25.0
20.67
20.67
30.0
18.33
26.67
18.33
34.67
17.0
19.33
22.33
15.33
18.67
21.0
17.33
8.0
18.0
15.0
8.0
-1.0
-1.33
-2.0
7.67
-3.67
8.0
9.33
0.0
1.0
1.67
3.33
14.0
8.0
6.0
0.33
8.33
2.0
-2.67
5.0
3.67
0.33
0.33
-1.67
6.67
3.33
9.33
13.0
-0.67
-4.67
9.67
0.67
-2.0
-0.67
-1.67
-1.67
-0.67
-2.33
4.0
1.0
-5.33
-0.67
6.67
-0.33
2.67
-3.67
-4.0
1.33
8.0
13.0
0.0
2.67
-2.33
10.0
10.33
1.67
4.0
-1.33
-4.67
6.0
-3.33
-3.33
9.33
11.67
-2.0
5.0
-2.33
4.0
0.0
2.33
0.33
-3.67
8.67
1.67
11.0
1.67
-2.67
-4.67
0.33
6.33
5.33
5.67
8.67
7.67
1.67
6.67
6.67
1.33
5.0
-0.33
5.0
-3.67
-9.67
2.67
7.0
-4.67
5.33
2.33
4.67
5.0
5.33
0.67
3.0
2.0
1.33
0.67
-5.0
0.67
-1.33
-1.33
9.0
-1.67
13.0
10.33
0.0
5.33
3.0
0.67
-4.33
6.0
-2.0
-4.67
2.67
6.33
3.67
5.67
8.0
3.67
6.33
3.67
-5.33
2.0
0.33
0.33
3.67
4.33
-1.33
7.0
1.33
1.0
3.67
5.0
-3.67
3.33
0.67
2.67
7.33
-0.33
4.67
-4.33
9.0
2.67
2.33
4.33
2.0
4.67
-9.33
-3.0
8.33
5.33
8.0
-1.0
0.0
12.67
9.0
11.33
-5.0
-2.33
-1.33
-1.33
4.0
6.67
-2.67
4.0
3.0
-4.0
-2.33
-11.33
10.33
-4.67
13.67
1.0
11.0
6.0
0.67
6.67
1.67
2.33
4.67
6.0
5.33
2.0
2.0
2.67
5.0
4.0
2.67
9.0
15.33
12.0
10.67
18.0
23.0
14.33
12.33
24.67
21.0
18.33
28.0
15.0
16.67
20.33
18.67
15.33
23.33
17.0
15.0
23.0
11.0
19.33
18.67
6.67
16.33
5.67
10.0
3.33
10.33
8.67
1.67
13.0
2.67
16.0
5.0
3.67
4.0
-4.33
11.67
10.0
10.0
3.0
5.0
9.0
2.0
4.0
5.33
7.0
-6.0
-1.67
10.67
2.0
9.67
9.33
11.33
4.67
7.67
5.67
9.33
9.0
5.67
3.67
3.67
10.33
6.67
7.0
9.67
9.0
5.67
6.0
13.33
12.33
9.67
2.33
0.33
5.67
4.0
6.67
9.67
15.0
12.67
2.0
9.33
6.0
11.0
5.67
10.33
13.33
5.0
-2.0
16.33
-6.67
7.33
11.0
11.0
10.33
3.0
2.67
18.0
9.0
14.0
15.0
-4.67
1.0
4.67
1.67
9.0
10.33
5.67
13.0
11.67
9.67
4.67
17.0
4.0
3.0
13.67
6.33
12.0
6.67
7.67
1.0
-3.33
-0.67
3.67
10.0
1.0
5.0
16.67
6.67
9.0
-1.33
22.0
14.0
9.67
4.67
9.0
9.33
4.67
9.33
9.67
3.67
13.0
11.0
6.67
6.33
15.0
4.33
7.0
-4.0
7.33
18.33
-1.0
7.33
6.67
5.67
7.33
-6.0
12.0
7.67
1.67
6.67
13.33
14.0
6.67
16.0
29.33
2.67
-1.67
13.67
5.33
6.33
1.33
10.33
9.33
11.33
10.0
3.67
8.33
11.33
11.0
18.0
8.67
2.67
14.0
7.33
5.0
10.67
-6.0
7.67
13.33
8.67
1.33
2.67
10.33
5.0
16.0
10.0
11.67
-2.0
11.33
14.0
0.67
13.0
12.0
4.0
4.33
9.67
3.67
9.33
12.67
3.67
13.67
5.67
7.33
14.33
16.33
2.33
11.0
3.67
6.33
7.33
10.33
10.67
6.67
4.67
11.67
2.67
-3.0
8.67
6.67
10.0
8.67
5.67
18.33
5.0
4.33
10.0
4.0
5.33
4.67
8.67
4.67
5.0
6.0
9.33
8.0
17.0
21.33
19.67
8.33
23.33
18.0
12.33
10.0
21.0
10.0
20.33
15.0
14.0
7.33
17.0
25.33
14.67
10.0
28.33
26.67
21.67
15.67
23.33
26.67
24.33
18.67
25.33
26.0
20.33
34.0
38.67
32.67
48.67
47.33
58.33
58.0
64.33
80.0
71.33
93.0
89.33
68.33
101.33
80.67
106.33
107.33
105.67
75.33
107.0
89.33
101.67
118.67
80.33
65.67
76.33
77.67
80.67
58.0
38.0
52.33
67.33
45.33
30.67
27.67
16.0
16.67
11.0
14.33
19.67
17.67
15.33
32.67
-2.33
7.0
24.0
13.0
20.67
7.67
18.67
17.0
6.33
7.67
4.33
7.67
11.0
2.33
13.0
3.67
11.33
4.0
15.0
8.0
12.67
-0.33
4.0
4.0
7.67
9.67
9.0
17.33
13.33
17.67
20.67
4.0
28.0
5.33
16.0
11.0
11.0
7.67
3.0
-3.33
13.0
0.0
14.67
3.0
-4.0
9.33
10.33
10.67
5.67
10.67
1.33
6.67
4.67
13.33
14.33
5.0
-3.0
6.67
13.0
19.0
-0.67
21.33
11.33
10.0
7.0
10.33
1.33
15.33
-2.67
9.67
9.0
0.0
4.67
-2.33
7.33
10.33
7.67
4.0
2.33
11.0
17.33
12.0
12.33
5.33
12.0
12.33
19.33
17.0
8.33
6.0
7.67
10.0
15.67
18.0
19.67
20.67
-8.0
19.67
13.0
13.33
13.67
16.67
0.67
4.33
14.0
2.67
23.0
0.33
15.67
15.0
4.67
1.33
3.0
14.33
1.67
0.33
11.0
24.0
25.33
-5.67
13.0
12.0
9.0
1.67
3.67
8.0
-0.33
11.67
7.0
-5.0
17.67
16.67
-9.67
9.67
10.67
1.0
-2.0
5.33
-0.67
12.0
31.33
13.33
11.33
-3.33
1.33
-3.0
8.67
4.0
2.33
13.0
20.67
5.33
1.67
16.33
23.33
11.0
19.0
9.0
32.67
8.33
8.33
9.67
14.67
20.33
17.33
16.0
18.67
16.33
25.33
20.67
23.0
24.33
28.33
17.0
21.67
27.0
33.33
17.67
36.0
40.33
26.67
27.67
28.0
28.0
18.67
5.67
53.33
27.33
11.0
17.67
18.33
20.33
25.33
10.67
10.67
6.67
24.0
16.33
15.33
14.67
0.33
11.33
10.67
21.33
9.0
11.67
10.33
1.67
-2.67
8.0
4.67
-2.0
1.0
9.33
10.0
3.67
5.0
14.33
2.0
8.67
17.33
11.33
20.67
5.0
12.33
4.67
6.67
3.0
16.33
7.33
9.33
10.33
12.0
-1.0
15.0
17.33
6.33
20.67
0.67
14.33
17.0
2.33
15.0
11.33
9.67
-2.33
25.67
6.67
5.67
1.33
6.33
4.0
20.67
13.0
1.0
14.33
16.67
6.33
-0.33
-2.33
2.0
-2.0
21.0
19.0
4.0
15.67
13.33
18.33
8.67
3.33
2.33
-7.0
7.67
9.33
2.33
4.0
1.0
-0.33
20.0
14.67
5.0
10.33
19.0
-2.33
3.67
0.33
-1.0
9.33
2.67
2.67
1.67
5.0
7.0
-1.33
0.67
-2.67
6.33
3.33
11.33
10.0
6.33
3.33
14.67
2.67
0.0
9.67
0.0
8.0
11.0
10.0
0.67
2.67
6.67
13.33
2.0
-5.33
5.0
6.33
17.0
9.33
11.33
5.33
9.0
4.33
10.33
7.0
-1.0
-5.33
6.33
-5.0
17.67
-4.0
4.33
2.67
11.67
-0.67
14.33
2.33
5.33
10.33
-1.33
1.0
-5.0
12.67
-3.33
5.0
-4.67
-8.67
-2.33
14.67
-2.33
-5.0
-0.33
2.33
10.67
3.67
-5.0
0.33
2.33
9.33
8.67
0.0
4.0
0.67
-4.33
3.0
-5.0
10.33
1.0
4.0
1.0
-2.33
-2.33
5.67
3.0
-1.0
-1.67
0.67
5.67
8.33
-4.33
3.67
9.33
-1.0
3.0
5.33
7.67
10.67
10.67
-2.67
3.67
3.67
16.33
11.33
-2.0
-5.67
-5.67
6.67
11.33
2.67
3.67
9.67
18.0
10.0
8.0
16.33
6.0
13.67
3.0
1.33
3.33
18.33
6.67
3.67
10.0
9.0
0.33
0.0
-6.33
7.33
6.0
5.0
0.67
-2.33
17.0
-7.0
6.67
-7.33
-1.67
9.0
7.0
7.33
5.33
13.0
4.33
-3.33
-1.33
0.67
5.33
-3.67
-8.67
-0.67
-0.67
12.0
5.33
3.67
5.33
0.0
-1.0
3.67
-9.67
8.33
-0.33
-0.67
3.33
6.67
6.0
5.33
1.67
1.67
-1.67
1.0
3.33
-1.67
3.0
0.0
8.67
-2.0
6.67
2.33
2.33
10.33
0.0
2.33
-2.33
1.33
0.67
6.0
1.0
-2.33
2.67
-1.33
0.33
0.67
0.33
2.67
2.0
-6.0
10.33
6.0
2.33
6.0
-5.67
2.67
-3.33
-3.33
-1.67
-4.0
0.0
-7.0
3.67
2.67
0.67
-6.67
-4.0
1.33
-2.33
1.33
5.33
-6.67
3.0
5.0
10.67
8.0
10.0
-1.67
8.67
11.33
-1.67
3.33
4.33
8.67
6.67
1.33
0.0
6.0
-0.33
0.0
-2.33
0.33
0.33
2.33
6.0
1.0
-3.0
-2.33
6.33
5.33
-3.67
9.67
4.67
1.0
-8.33
-0.67
1.33
5.33
-1.0
1.0
5.33
7.0
8.67
9.67
-1.0
1.33
4.67
2.67
-2.0
10.0
5.33
4.67
0.33
-4.33
8.0
-6.67
-0.67
5.33
1.67
-5.0
5.33
2.67
1.0
1.67
4.67
2.0
5.0
7.0
9.67
8.33
11.33
6.0
10.67
-1.67
5.33
-1.0
-3.33
-3.0
2.67
3.33
0.0
4.33
0.33
9.67
12.33
1.33
10.0
8.0
4.33
6.67
-3.33
-4.33
3.0
2.33
-1.67
9.67
-1.67
0.0
0.33
2.33
-3.33
1.0
6.33
5.33
4.67
-0.33
4.67
0.33
4.0
4.33
5.67
0.0
-4.33
-2.67
1.0
-4.0
4.67
1.33
-2.67
-0.67
-1.33
-0.67
0.0
-1.67
-0.67
-3.67
6.33
3.67
4.67
-1.0
-4.0
5.33
1.0
0.0
2.33
3.67
7.33
1.33
-3.33
1.0
2.67
4.0
-0.67
3.67
0.0
5.0
0.33
3.67
6.33
2.67
1.0
4.67
3.67
6.33
-2.0
-0.67
1.0
-0.67
-3.0
-2.0
7.33
-2.67
0.0
1.0
4.67
0.0
1.33
-4.67
-2.0
-5.0
4.67
-0.67
6.33
1.0
6.67
-0.67
-0.33
4.33
-2.33
-8.67
-1.0
1.67
0.67
-1.0
3.33
-4.0
-0.33
7.33
3.67
0.0
-1.33
3.33
2.33
2.33
-3.67
0.33
-3.67
-2.67
