0.0
9.33
-31.0
-16.67
-27.67
-38.0
-33.33
9.33
-10.33
-113.67
16.33
-58.0
-54.33
1.33
3.33
-38.33
6.67
-30.33
40.33
5.0
-1.0
-8.0
-1.0
-12.33
0.33
-18.0
-4.33
1.0
-9.0
-7.33
-4.33
-6.67
-3.0
-4.0
-0.33
-3.33
-0.33
-0.67
-1.67
-2.0
-1.0
0.33
3.0
2.0
1.0
0.0
-1.33
-0.67
-0.67
0.0
-1.33
-0.67
-0.33
0.0
0.0
0.33
0.0
1.33
0.0
-0.33
0.0
0.0
-0.33
-0.33
0.0
-0.67
0.0
-0.67
0.0
0.0
0.0
1.0
0.0
-1.0
0.67
2.67
1.0
-0.33
1.67
0.0
0.67
0.33
0.0
0.33
-0.33
3.33
0.0
0.33
1.0
-0.33
-0.67
0.33
-1.0
-0.33
-2.33
0.67
0.0
1.0
1.0
0.33
-1.67
-0.67
0.0
0.0
-1.0
2.0
2.67
2.0
1.0
-2.0
0.0
0.0
-0.67
1.67
0.67
2.33
1.0
-0.33
1.33
1.33
4.67
-1.67
1.0
-0.67
2.0
-0.67
2.0
1.0
1.33
0.67
-4.0
0.67
1.33
2.33
2.67
-3.33
3.33
8.67
1.33
4.0
-0.33
3.67
-4.0
-2.67
1.67
8.33
-4.33
5.0
8.33
0.67
1.33
6.0
5.67
8.67
-2.33
-1.33
7.33
3.0
6.0
1.0
6.33
-1.33
10.0
8.0
-3.67
7.33
3.0
-5.67
2.0
1.0
3.67
0.0
-0.67
3.67
-1.67
4.33
2.67
-6.0
1.67
-1.67
-6.33
5.67
-0.33
1.33
4.0
3.67
4.67
-6.0
-1.67
1.33
8.33
7.0
11.0
1.67
5.0
2.67
-0.33
7.67
-4.0
0.33
4.33
0.0
3.0
4.67
-5.67
-2.33
2.0
2.67
0.67
7.33
0.67
3.67
0.33
9.67
4.33
4.67
8.0
1.33
-9.0
0.33
1.67
-2.0
-3.0
-4.33
7.0
-3.67
3.0
0.67
-3.33
14.0
3.33
0.0
1.33
8.67
6.67
3.33
9.33
3.33
5.67
8.67
4.33
1.0
-1.67
2.67
-0.33
3.33
5.33
-1.0
-0.67
0.33
5.33
1.33
8.67
1.67
2.67
2.33
2.0
0.33
6.67
3.33
0.67
6.0
6.33
3.33
1.33
1.67
0.33
9.67
4.0
0.67
8.67
-1.33
3.33
-4.33
-6.0
-4.67
3.33
4.33
10.0
3.33
0.33
1.67
-0.67
3.33
0.67
-4.67
1.33
3.33
11.33
5.0
7.0
10.33
6.0
-1.33
7.0
2.0
10.0
-0.67
1.33
6.67
5.33
-0.67
2.33
-2.0
1.67
6.67
-0.67
2.67
-1.67
2.33
11.67
3.33
1.67
2.67
0.0
-1.33
3.0
10.67
3.67
6.33
8.0
3.0
4.67
5.0
2.0
7.33
-2.67
3.33
3.0
4.33
-1.0
3.33
1.67
3.0
-1.33
1.33
4.67
3.33
-3.0
-3.33
8.67
1.67
3.0
3.67
-0.33
6.33
4.0
-1.67
1.33
-0.67
-3.0
-1.33
-0.33
3.67
2.33
2.67
-2.67
-2.67
-1.0
3.0
6.0
-2.33
-1.67
-2.0
6.67
-2.33
1.0
2.67
-6.33
0.67
4.33
0.0
1.33
2.0
6.67
8.67
1.0
1.33
0.67
0.0
-0.33
2.67
3.33
5.33
0.0
3.33
5.33
9.67
5.33
1.0
4.67
1.67
1.0
-2.67
3.67
0.0
-2.67
6.67
-4.67
4.0
1.67
2.67
1.67
-0.33
0.67
-3.67
2.33
0.33
0.33
7.67
5.67
-1.0
0.67
3.33
-4.33
10.0
4.0
8.0
5.33
1.67
4.33
-3.67
-3.67
-3.33
-0.33
-1.0
5.67
2.0
3.33
4.33
5.33
-3.67
3.0
3.67
-1.67
0.0
5.0
-1.67
-2.0
-0.67
1.67
2.67
-1.67
1.33
6.0
0.67
3.33
4.67
-0.67
-1.67
-3.33
2.0
2.0
0.33
5.33
0.33
3.67
-3.33
-2.67
0.33
1.33
1.0
0.0
2.33
1.0
-1.67
4.0
-1.33
4.0
-0.67
0.67
0.33
7.67
0.0
5.0
0.67
-1.67
-2.0
9.0
-3.33
1.33
-1.67
3.67
7.0
1.0
2.67
6.67
5.0
-3.0
-2.33
5.0
1.0
-2.67
1.0
-0.67
7.33
3.67
2.67
1.67
1.67
1.67
2.33
3.0
3.0
0.33
1.67
1.67
-4.0
0.67
6.0
-5.0
0.67
5.33
1.33
0.67
2.0
2.67
-1.33
8.0
-3.0
2.67
-4.67
-0.33
2.33
-0.67
-2.67
-3.33
-1.33
4.0
2.33
-3.33
-1.33
7.67
-2.67
4.33
1.0
-3.0
2.0
1.0
0.33
-1.0
-2.0
-3.0
-1.67
2.0
4.33
-1.33
-0.67
-4.0
2.0
3.33
4.67
4.33
-5.0
-2.67
3.67
2.67
3.67
-1.0
2.33
0.67
3.67
-1.33
-2.67
1.0
1.0
3.33
1.67
-2.33
0.33
1.0
-0.33
-3.33
-1.33
0.0
4.33
6.0
1.0
1.0
0.67
0.0
2.0
3.0
4.67
-3.33
3.67
-0.67
2.33
1.33
7.0
0.67
-2.67
-1.33
-0.33
1.67
2.67
-0.67
-2.33
6.0
1.67
2.67
-1.67
0.67
1.33
0.33
-2.0
-3.0
10.0
3.33
-2.33
-3.33
1.33
3.0
5.0
-1.33
0.33
0.0
-1.33
0.67
4.33
2.0
2.33
-1.33
1.33
0.67
0.0
-3.67
0.33
0.33
0.67
-1.33
-0.67
-3.0
-1.33
0.0
1.0
0.33
3.0
3.33
-1.0
3.33
-5.33
-0.33
4.33
-2.0
1.33
1.67
-4.0
-2.0
0.33
-1.33
-1.33
0.67
3.33
-1.33
-4.67
3.33
-2.0
-1.33
3.67
0.0
-1.0
1.0
-4.33
-2.0
2.67
1.33
0.0
-0.33
-1.33
0.67
1.33
-6.67
-1.0
-1.0
1.33
4.67
-0.67
0.0
-2.67
-0.33
6.33
-1.0
0.33
-0.33
2.67
1.33
-1.33
-6.0
0.33
3.0
5.67
-3.33
-3.33
-1.67
-2.33
0.0
1.0
-2.33
0.0
2.67
2.67
-1.0
-2.67
2.67
-3.0
-2.33
-0.33
7.67
3.67
0.0
-1.67
8.67
2.33
-9.33
6.33
-4.0
-4.33
1.0
0.0
3.0
-2.0
5.33
-0.33
1.67
-5.0
-3.33
-2.67
-2.33
-1.0
-1.0
3.33
2.33
-2.33
-3.0
-5.33
5.33
0.0
0.0
6.0
3.0
4.33
-0.33
4.0
6.67
-2.33
-2.67
8.0
5.0
2.0
0.33
-1.67
-0.33
2.0
-2.0
3.0
-3.67
11.67
-6.0
1.67
3.0
3.33
0.67
5.0
1.0
-5.0
-2.0
-2.0
2.0
4.67
-5.0
-3.33
3.33
6.67
-0.67
-1.33
-4.67
5.67
2.0
8.67
-3.67
0.67
-1.67
0.33
8.67
-6.33
1.67
-0.67
0.67
5.0
-3.0
8.67
6.0
6.0
5.0
4.0
4.0
12.0
6.33
5.67
12.67
8.33
6.67
11.0
9.67
17.0
18.67
26.0
16.67
25.67
22.0
29.33
37.67
46.33
27.67
21.0
25.33
15.33
17.33
21.67
26.0
20.33
19.0
15.0
14.0
10.0
7.0
12.67
1.0
4.67
-1.67
7.0
6.33
1.0
1.0
-5.33
-1.67
0.0
5.0
1.0
1.33
-2.67
6.0
0.33
1.0
-0.33
2.33
2.33
8.33
13.67
1.33
0.33
4.0
-1.67
-0.67
3.67
4.67
9.0
-1.67
0.33
3.33
-1.67
-1.33
2.0
2.0
-0.33
-2.67
-0.33
-4.33
3.67
-2.67
5.0
0.33
10.0
1.0
-7.0
-5.33
-3.33
4.0
-2.67
0.67
-3.0
6.67
-6.67
2.0
6.67
-1.33
0.33
5.67
-1.0
7.0
-4.33
-4.0
4.0
-0.67
-0.67
1.33
1.67
11.67
5.0
1.67
-2.67
0.33
1.33
1.33
8.33
-1.33
4.67
-1.33
4.67
1.67
-4.33
7.33
6.0
2.67
-1.0
-4.67
0.33
-6.33
-6.0
1.33
6.33
-2.67
0.67
8.0
6.33
-0.33
4.0
6.0
-1.67
7.67
3.0
4.67
3.67
0.67
13.0
7.33
1.0
2.33
-8.0
10.33
-3.0
5.67
2.67
-4.0
8.0
-6.67
7.67
5.33
-1.33
4.67
2.0
2.67
-1.67
8.67
-4.33
3.0
3.33
-1.67
-0.33
6.33
5.67
-6.0
1.33
3.0
-0.33
2.0
-7.67
-1.67
5.67
4.67
5.33
1.67
6.67
4.67
6.0
10.67
2.33
2.33
4.0
4.67
-9.33
-5.0
9.33
4.33
12.0
-2.0
6.0
1.67
2.0
5.33
6.0
5.67
3.67
-1.33
6.0
-3.33
-1.67
2.0
2.0
9.0
0.67
-10.33
5.33
-5.67
5.67
11.0
3.0
5.0
0.67
7.67
2.67
1.33
4.67
-2.0
-2.67
1.0
10.0
12.67
8.0
2.0
4.67
12.0
7.33
9.0
12.67
8.0
15.0
1.33
18.33
16.67
18.0
27.33
17.0
24.0
19.67
16.33
23.67
21.33
17.33
12.0
16.0
22.0
7.0
21.33
19.67
19.67
0.33
8.67
7.0
11.33
6.33
12.67
9.67
15.0
8.67
6.0
-1.0
0.67
3.0
-9.33
10.67
11.0
22.0
11.0
4.0
9.0
7.0
6.0
9.33
5.0
3.0
6.33
10.67
4.0
3.67
2.33
12.33
11.67
8.67
4.67
9.33
-4.0
11.67
7.67
11.67
0.33
6.67
5.0
5.67
5.0
-0.33
5.0
7.33
11.33
3.67
4.33
1.33
6.67
7.0
5.67
11.67
11.0
1.67
11.0
11.33
13.0
8.0
8.67
10.33
4.33
5.0
7.0
3.33
9.33
6.33
7.0
10.0
8.33
5.0
6.67
4.0
12.0
11.0
-1.0
10.33
2.0
8.67
3.67
3.0
13.33
7.67
7.0
13.67
3.67
8.67
11.0
11.0
9.0
8.67
2.33
12.0
10.67
10.67
13.0
-1.33
21.33
2.67
5.0
12.0
0.0
15.67
6.67
3.0
9.67
11.0
15.0
7.67
9.67
10.0
5.33
12.67
11.33
5.67
9.67
9.0
-1.0
0.67
15.33
4.0
7.33
7.0
8.0
9.33
12.33
13.0
7.33
5.67
8.67
10.33
3.0
9.0
2.67
-12.33
-0.33
18.33
7.0
12.67
3.0
14.33
13.67
1.33
11.67
8.33
10.33
0.33
16.33
9.33
5.33
13.0
10.67
14.33
5.33
4.0
10.0
5.67
11.67
10.0
8.33
1.0
4.67
4.0
16.67
0.33
11.67
6.33
9.67
7.33
13.0
2.0
11.0
12.67
12.0
1.33
10.0
12.67
4.0
9.0
13.0
7.33
4.67
12.67
13.33
7.67
10.67
12.67
8.67
9.33
11.33
7.33
12.33
19.0
-5.33
3.33
11.33
7.33
4.67
12.67
9.67
1.67
3.67
11.0
5.67
5.67
12.0
9.67
8.67
1.33
2.0
20.33
5.0
13.0
3.33
11.67
10.67
9.67
3.0
2.0
17.33
11.0
16.0
18.33
6.67
3.33
15.33
11.0
8.33
18.0
12.0
17.0
11.33
24.0
17.0
28.33
27.0
29.33
12.67
6.0
10.33
34.67
16.67
20.67
16.33
21.67
36.33
28.67
29.33
26.0
36.33
40.0
52.67
35.67
41.67
58.33
66.33
69.0
74.33
71.0
80.33
87.0
96.33
103.33
77.33
108.67
78.33
129.33
105.67
106.33
105.0
117.33
108.67
111.67
112.33
89.67
99.33
79.67
71.67
66.0
50.0
39.33
51.33
40.33
29.67
19.67
22.0
23.67
28.0
12.33
23.67
2.67
15.33
16.67
7.67
5.0
16.0
23.0
19.67
8.67
9.67
2.0
14.33
4.67
17.33
5.67
3.0
7.33
5.0
11.67
13.33
13.0
17.0
6.0
6.67
2.67
6.0
15.0
6.67
4.67
1.0
9.33
15.33
14.67
9.67
14.0
2.0
8.33
16.0
5.0
15.0
-2.33
5.0
8.67
11.0
-1.0
8.67
9.0
10.0
2.33
9.33
10.67
9.67
12.67
10.33
9.67
5.67
-1.67
21.33
10.0
10.0
16.67
5.0
13.0
19.33
1.33
15.33
-1.0
9.0
7.33
8.33
15.33
9.33
15.67
9.0
18.0
4.67
7.67
8.33
0.33
9.67
2.0
9.33
11.0
-0.67
20.0
12.33
-3.67
16.0
3.33
8.33
2.0
22.33
10.0
16.67
2.0
5.67
15.0
23.67
7.67
7.0
7.67
18.0
9.33
4.67
4.67
13.67
1.33
16.0
-7.33
-1.0
14.33
25.67
14.0
4.67
4.33
-4.0
14.33
9.67
13.33
13.0
7.0
2.33
-0.67
8.0
5.0
13.0
2.67
-2.33
13.0
15.67
11.67
14.0
9.0
17.67
11.67
2.33
1.67
22.67
6.0
0.0
1.33
-7.67
10.0
17.33
20.33
12.33
8.67
7.33
14.0
6.67
-4.0
4.33
17.0
9.67
16.33
3.67
18.33
16.33
15.0
7.0
0.0
19.67
18.33
11.33
10.67
13.67
20.33
14.33
13.0
15.67
21.33
17.33
22.67
38.0
33.33
27.33
34.0
32.67
27.0
27.33
31.67
44.0
30.33
23.67
30.67
31.0
27.0
40.67
8.67
27.33
26.33
14.0
13.67
26.33
17.33
17.33
9.67
23.67
3.67
9.0
6.33
13.33
7.67
7.33
9.33
5.67
14.33
14.0
19.67
9.33
0.67
2.33
12.0
13.67
7.0
4.0
4.33
-5.0
1.67
15.0
17.33
7.0
6.67
7.33
0.33
6.67
14.0
18.33
8.67
18.67
8.0
9.33
0.33
17.33
14.33
-7.0
11.0
-2.0
17.33
0.33
5.67
10.67
4.33
15.0
-13.67
8.0
5.33
8.67
13.67
11.67
5.67
0.67
14.33
-1.67
9.0
3.67
-11.0
10.0
14.33
6.67
-0.67
-8.33
1.67
-1.0
-3.0
13.0
0.0
6.0
16.67
6.33
16.33
1.67
0.33
12.33
1.0
6.67
3.33
7.33
3.0
5.0
8.67
6.0
12.67
4.0
9.33
10.0
6.67
-0.33
-5.67
2.0
4.33
-0.33
2.67
-3.33
0.0
-4.0
10.67
1.67
-2.67
15.33
2.33
4.33
9.0
4.33
9.33
7.67
1.67
3.0
6.67
0.0
-1.0
0.0
10.0
0.67
-1.33
11.67
4.33
-2.0
0.67
-9.0
7.33
3.0
-2.67
7.33
6.33
4.0
6.33
6.33
2.0
5.0
-12.33
0.33
-1.0
6.67
-1.0
9.33
-4.33
1.67
-6.67
9.33
13.33
13.33
7.33
11.67
8.0
-4.0
-3.33
2.67
-4.0
2.33
0.33
0.67
3.67
4.67
-2.0
10.67
1.33
3.67
7.67
-3.0
-0.67
6.33
9.33
9.67
-6.0
-5.0
3.67
-3.33
6.0
-2.0
10.33
3.0
0.0
4.0
4.67
-5.33
5.67
-3.0
5.0
1.33
1.67
-2.33
2.33
11.67
5.67
2.33
0.0
5.0
-1.67
15.67
11.67
-6.33
6.33
7.67
8.67
7.33
1.33
10.0
-5.67
1.33
9.67
7.33
4.67
3.67
7.67
8.0
14.0
14.0
14.33
-2.0
13.67
3.0
-3.67
4.33
12.33
9.67
4.67
21.0
1.0
-1.67
3.0
8.67
0.33
4.0
5.0
1.67
2.67
-3.0
-9.0
6.67
6.67
-0.67
0.0
1.0
6.33
11.33
7.0
11.33
-4.33
-5.33
-2.33
3.33
0.33
-0.67
-1.67
-5.67
6.0
0.33
3.67
-1.67
3.0
-3.0
9.67
-3.67
9.33
-2.33
0.33
0.33
2.67
3.0
-0.67
7.67
-4.33
11.33
9.0
1.33
-1.67
0.0
7.0
-2.33
1.0
5.67
-5.67
4.33
5.33
1.0
2.33
-1.33
-1.67
2.67
-6.0
3.0
-2.33
5.67
2.67
8.33
-1.33
2.33
-0.33
-5.0
3.0
2.33
-3.0
1.33
-4.0
8.33
7.67
6.67
4.67
-3.67
-2.0
-6.0
-5.0
4.67
4.67
0.67
-0.67
0.0
4.33
4.67
-1.67
10.33
-0.67
-4.0
3.0
6.67
-1.0
5.0
0.33
-7.33
0.33
1.33
5.33
4.33
-4.33
3.67
0.33
2.0
11.0
16.67
-7.0
-2.33
0.33
-3.67
-0.67
4.0
-1.0
3.0
-1.33
0.33
3.33
2.33
0.67
1.67
4.0
-3.33
0.33
1.33
1.33
4.0
3.0
9.33
6.0
4.67
5.67
2.0
4.33
5.67
1.67
2.0
5.0
-1.67
-1.33
1.33
3.67
-4.0
6.33
3.33
4.33
-0.33
1.0
-3.67
3.67
5.0
5.67
-7.33
-6.0
7.0
3.0
5.67
0.33
-0.67
2.0
3.67
10.33
-1.67
0.0
3.67
2.0
1.67
3.33
-2.0
-0.67
0.33
1.67
-1.67
5.33
0.0
3.0
0.33
-1.33
-0.33
-0.33
5.0
-3.67
-0.67
2.67
-2.67
-3.0
3.33
-5.67
-3.33
-1.0
0.33
4.33
5.67
-3.33
4.67
5.33
-2.0
-2.67
1.67
-2.0
-7.33
-2.67
3.0
4.0
-4.33
12.33
0.33
-2.67
6.67
3.33
5.0
-2.67
5.33
-3.67
0.33
-0.33
2.67
9.0
4.0
-3.67
-1.0
-6.0
4.33
10.67
4.33
-0.67
-3.33
-2.0
-3.33
2.0
3.33
1.67
-1.0
1.0
-2.67
1.67
-0.67
0.67
2.0
-0.33
3.67
4.33
-2.0
1.33
3.0
-6.67
2.0
1.0
7.33
2.33
0.0
2.0
2.67
1.0
0.33
-2.67
-2.0
-4.0
-0.33
1.33
2.33
3.0
-3.33
5.33
5.67
8.33
0.67
2.33
1.0
0.67
3.67
-2.0
4.33
4.0
0.67
-0.67
-0.33
-2.0
-5.33
4.33
-2.67
6.33
0.33
1.33
-3.67
0.33
