0.0
-2.67
-16.0
-45.67
76.33
46.0
-22.33
31.33
15.67
-30.67
35.33
126.0
3.67
75.33
121.33
47.67
-9.33
43.67
15.33
22.0
-18.0
-8.0
-9.0
-11.33
6.33
-2.0
-14.33
0.0
-2.0
-16.33
6.67
-6.67
-2.0
0.0
-0.33
-1.33
-1.33
-2.67
-0.67
-1.0
-1.0
-0.67
1.0
2.0
2.0
0.0
-0.33
-0.67
-0.67
3.0
0.67
-0.67
-0.33
1.0
0.0
-0.67
0.0
-0.67
1.0
-0.33
0.0
0.0
0.67
-0.33
0.0
-0.67
-1.0
-0.67
1.0
1.0
0.0
0.0
0.0
-1.0
-0.33
-0.33
0.0
-0.33
-0.33
0.0
-0.33
0.33
0.0
0.33
-0.33
-0.67
0.0
-0.67
0.0
-0.33
0.33
-0.67
1.0
-1.33
-1.33
-0.33
-1.0
-1.0
0.0
0.33
-1.67
-0.67
0.0
-1.0
0.0
1.0
2.67
-1.0
5.0
1.0
0.0
-1.0
-1.67
-0.33
-0.33
2.33
2.0
2.67
2.33
1.33
2.67
1.33
0.0
0.33
0.0
1.33
0.0
1.0
1.33
2.67
-3.0
-2.33
-1.67
-0.67
3.67
1.67
-3.67
3.67
2.33
8.0
-1.33
-1.33
5.0
4.33
-2.33
6.33
-0.33
4.0
1.33
0.67
4.33
7.0
-2.33
-5.33
-4.33
-2.33
3.33
-1.0
5.0
-3.0
3.33
-7.33
-2.0
8.0
1.33
3.33
-2.0
0.33
6.0
2.0
5.67
7.0
1.33
2.67
-0.67
-2.67
1.67
-1.0
5.67
-8.67
0.67
1.67
1.67
1.33
7.0
2.67
-0.33
-1.0
-2.67
0.33
-0.67
-3.0
4.0
-2.33
2.0
1.67
-2.33
0.67
2.0
2.33
1.33
0.0
-2.0
-0.33
-4.67
3.67
3.0
3.67
5.67
5.33
-0.33
4.67
2.33
6.67
6.33
-0.33
7.0
-0.67
-3.0
6.33
1.67
4.0
0.0
1.67
9.0
-6.67
2.0
1.67
-4.33
1.0
9.33
0.0
-1.67
1.67
-2.33
5.33
5.33
-3.67
0.67
13.67
1.33
1.0
1.33
0.67
0.67
0.33
-0.67
4.0
-1.67
3.33
9.33
4.33
6.67
5.67
-3.33
5.33
3.0
1.33
2.67
5.33
-1.33
2.0
9.33
-1.67
0.33
-2.33
4.33
2.67
-4.0
-3.33
-2.33
2.67
4.33
-2.33
-4.0
-2.67
5.33
6.33
5.0
0.33
4.33
2.67
4.33
1.33
-2.33
-4.67
0.33
0.33
14.33
4.0
3.0
1.33
-2.0
3.67
3.0
12.0
11.0
0.33
-3.67
0.67
-3.67
10.33
0.33
9.0
1.67
-0.33
-0.67
-0.33
1.33
-1.67
3.67
1.33
0.67
-2.33
3.0
-3.33
-2.0
5.67
-2.33
3.33
9.0
1.0
4.67
9.0
2.0
3.33
4.33
6.33
-3.0
-0.67
-1.0
-3.67
5.67
2.0
0.67
2.33
2.67
6.33
-3.0
1.67
3.67
1.67
6.0
-2.33
-2.33
5.33
-4.0
11.33
2.33
-0.67
2.0
7.67
0.67
7.67
-0.67
6.67
-3.67
-1.67
-4.0
2.0
5.0
7.67
-3.67
7.0
3.67
-1.33
-1.0
3.67
-3.33
-0.33
6.33
4.0
0.33
5.0
2.67
5.67
-2.0
1.33
3.67
0.0
3.67
-1.33
8.33
4.33
1.0
3.33
0.33
1.67
-0.67
2.0
6.67
8.67
6.0
8.33
1.67
-1.0
3.33
10.67
0.33
6.0
3.67
8.67
-4.33
3.67
-0.33
9.33
3.33
-3.67
4.33
5.67
-4.33
2.0
4.67
3.33
-5.33
3.0
0.0
4.0
4.33
0.67
3.33
3.33
2.33
-0.33
3.67
9.0
2.67
4.0
2.33
5.33
4.33
3.33
-4.0
1.67
5.33
-2.0
6.0
2.33
1.0
0.33
-3.33
0.67
6.33
2.33
1.0
4.67
0.33
-1.33
3.33
1.33
0.67
-1.0
2.0
-3.67
9.33
8.33
7.67
-0.33
3.33
3.33
0.33
0.0
0.0
-2.67
2.0
-0.67
2.0
-1.33
2.0
-1.67
-0.33
-2.67
-1.33
-4.0
0.0
0.67
-0.67
9.0
-1.0
3.67
1.33
2.33
2.67
0.0
-1.0
-3.33
-3.33
2.0
0.0
0.67
-3.0
-2.0
-0.67
6.0
2.33
6.33
2.67
4.67
2.67
-4.33
0.67
2.33
3.0
6.0
-2.67
-0.33
0.67
0.0
3.67
3.0
-1.0
3.67
6.33
6.33
0.67
-2.0
-2.33
-3.33
5.0
-3.0
2.67
-2.67
-0.33
2.33
-3.67
-0.67
-0.33
-2.33
0.0
6.33
-6.33
-0.33
2.67
-0.67
0.33
3.0
0.0
4.0
1.0
-3.67
-1.0
-1.0
0.0
-1.67
6.0
0.33
-3.33
1.33
-1.0
2.0
0.33
-1.33
4.33
-2.0
-2.67
2.67
1.67
0.67
-4.0
-0.67
-0.33
0.67
-1.33
3.33
0.0
2.0
-3.67
-3.33
0.67
1.33
0.0
0.67
-1.33
-0.33
2.0
2.33
4.0
3.0
-2.0
-2.33
-2.0
0.0
2.0
5.67
-0.33
1.67
-0.67
-1.67
0.33
2.0
0.67
1.33
1.67
-0.33
-0.33
3.67
-1.67
-4.33
-2.0
-0.33
0.67
-0.67
-4.33
0.33
-3.67
2.0
-2.0
-2.0
1.33
3.67
0.67
1.33
-2.0
1.0
-0.33
1.33
-3.0
-2.33
0.67
1.33
0.0
2.33
-4.33
-0.67
3.67
-1.0
-0.67
-0.67
-0.67
-1.33
4.67
-0.67
1.0
-1.33
-1.0
3.0
4.33
-1.0
-0.67
0.0
0.33
-3.33
-2.33
3.33
1.0
-0.67
7.67
-1.0
0.0
-1.67
1.67
-4.33
0.67
4.33
1.67
-3.67
4.33
-5.0
-1.33
-0.33
-1.0
8.0
4.0
-3.33
4.0
-0.33
1.33
-4.0
0.67
2.67
1.67
0.33
-3.67
-2.0
0.0
-1.67
-0.33
1.33
-1.0
-1.67
-3.33
3.33
2.0
-1.67
-2.33
-1.33
-1.67
2.67
-7.0
2.33
1.0
2.67
-3.33
1.67
0.33
-3.33
4.0
1.0
-4.33
-2.0
-4.33
-5.33
-2.0
-2.67
-1.33
5.0
-2.33
2.67
5.67
3.67
6.0
-1.67
-4.33
1.33
-6.33
-2.67
-3.0
2.67
4.0
9.0
2.0
1.0
0.33
2.67
1.67
-4.0
0.67
3.33
0.67
0.0
1.0
-1.67
-3.67
-1.33
2.0
-1.33
-0.67
-6.0
6.0
6.0
0.0
6.33
-4.33
1.0
7.67
2.67
-0.67
2.0
-3.0
-2.0
-3.67
4.33
3.67
2.0
5.0
4.0
-2.67
3.67
-4.0
-0.33
2.0
-1.67
3.67
-6.0
2.0
-2.0
2.0
5.0
-1.0
5.67
-7.0
5.67
5.33
-1.33
-1.67
-0.33
-4.67
2.67
-4.0
5.67
-2.67
-0.33
-0.67
-2.67
2.67
-7.33
0.67
10.33
9.67
3.0
5.0
-4.33
2.0
6.0
-5.0
4.0
2.0
9.0
5.33
4.67
2.67
13.33
7.67
11.0
5.67
18.0
10.67
14.0
27.67
22.67
29.0
18.33
47.67
35.33
35.67
39.0
31.33
13.33
30.33
27.67
43.0
20.33
17.0
16.0
14.0
15.0
3.0
4.67
7.0
13.67
-2.67
7.0
8.33
0.0
-1.0
6.67
8.33
1.0
6.0
2.0
-3.67
-3.67
1.0
2.33
4.0
3.67
9.33
8.33
-2.67
15.67
-1.67
2.33
4.0
-0.67
-4.67
-8.33
13.67
-5.0
4.33
8.33
1.33
5.33
3.67
6.0
4.0
2.67
-4.67
-1.33
3.67
-3.33
-0.67
3.0
1.33
4.0
7.0
8.0
2.67
-1.33
7.0
2.33
-3.33
-4.0
3.67
-0.67
8.0
3.67
5.67
-3.67
-2.33
-4.0
-1.0
-3.33
3.0
-3.0
-0.67
8.33
-6.67
1.67
5.67
-1.0
2.67
-2.67
11.33
4.33
7.33
3.33
-1.33
7.67
3.67
0.67
0.67
-0.33
-4.67
-4.0
-4.33
8.0
5.33
3.33
2.67
9.0
-1.67
2.33
8.33
8.67
-2.0
0.33
0.67
7.0
2.0
2.33
6.67
4.0
1.67
14.67
5.67
5.0
3.33
5.0
-0.67
0.0
8.33
2.0
-0.33
1.67
-6.0
-4.0
0.33
6.67
-2.67
1.67
4.67
9.0
-0.33
13.33
1.67
2.67
3.0
-0.67
3.33
-0.33
3.33
1.67
1.0
4.33
2.0
5.67
0.0
-6.67
-2.67
1.67
3.67
5.33
0.67
2.67
-8.33
-4.0
-3.33
-0.67
2.33
11.0
3.67
-2.33
8.0
6.33
3.33
9.0
-6.0
8.0
6.67
5.0
-1.67
-1.0
11.67
1.67
5.67
8.0
-5.33
-0.67
2.0
0.0
1.0
-4.33
-0.33
8.33
-8.67
5.67
1.0
6.0
4.0
3.67
2.67
12.67
-0.67
7.67
5.0
6.33
4.0
-5.0
4.67
5.0
4.0
7.67
14.0
11.33
23.0
12.67
21.0
17.0
12.33
28.33
25.67
20.0
35.33
27.0
27.0
17.67
26.33
24.67
13.33
20.33
33.0
19.0
11.0
24.0
14.33
14.67
4.67
14.33
9.67
7.0
8.33
7.33
3.67
-1.33
13.0
11.67
3.0
5.0
13.67
3.0
4.67
5.67
6.0
5.0
5.0
3.0
5.0
4.0
7.0
6.33
13.0
1.0
3.33
8.67
4.0
6.67
-3.67
10.33
0.67
1.67
-1.33
7.33
-2.0
1.67
-1.33
10.67
11.33
8.67
7.0
5.67
12.0
3.67
7.0
9.33
4.33
5.67
4.33
5.33
12.67
0.0
2.67
13.67
13.0
8.67
16.0
13.33
12.0
6.0
1.67
5.33
11.33
2.0
0.0
5.33
12.33
10.33
12.0
9.0
13.33
9.0
-0.33
10.0
7.0
2.0
-1.0
5.33
1.0
14.67
-0.33
9.0
16.33
6.67
5.0
7.67
7.67
7.67
12.0
11.0
1.0
16.67
-2.67
10.0
16.67
8.67
9.0
5.67
2.33
9.67
10.0
4.0
2.0
-0.33
9.67
5.0
8.67
15.0
9.0
12.67
13.67
16.0
10.33
4.67
9.33
3.67
7.67
12.0
12.0
7.67
14.33
10.0
4.33
3.0
3.0
2.33
10.33
9.0
9.33
23.67
9.67
12.33
12.0
13.0
23.67
19.67
4.67
6.33
5.0
5.67
11.0
7.33
16.67
4.33
10.67
3.33
15.33
9.33
6.33
12.33
21.33
7.0
8.67
5.33
13.33
16.0
13.0
-2.33
7.67
18.0
3.33
15.0
6.67
12.0
3.67
-1.67
0.67
8.33
2.67
11.33
9.0
16.0
13.0
7.67
9.0
3.33
20.0
5.67
7.0
5.0
10.0
8.33
-1.33
7.67
18.33
6.67
13.67
7.67
9.67
7.33
1.33
8.33
5.33
0.0
6.67
9.33
4.33
10.33
11.67
7.67
14.67
1.67
0.67
11.0
-0.33
-5.33
7.0
15.67
7.67
-4.67
10.0
16.33
11.0
18.0
8.33
9.67
3.67
15.67
9.0
7.0
12.33
16.0
16.0
20.33
3.67
13.33
14.33
16.0
30.33
20.0
23.0
25.0
20.33
35.0
23.0
25.33
24.0
24.33
19.67
10.0
15.33
26.67
20.67
23.67
23.33
39.67
28.33
30.67
23.33
42.0
28.33
42.0
37.67
37.67
45.67
45.33
55.33
74.0
73.33
82.0
97.33
88.0
98.33
111.33
103.33
116.67
110.33
119.33
114.67
95.33
91.0
121.33
91.67
130.67
99.33
111.67
89.33
92.67
86.67
83.0
86.0
52.33
64.33
45.33
35.67
28.67
32.0
22.67
22.0
21.33
26.67
11.67
16.33
22.67
18.67
0.0
3.0
16.0
12.67
1.67
16.67
7.0
17.33
18.67
7.33
12.67
6.0
14.33
14.0
15.67
9.33
1.0
6.0
6.0
-1.33
12.67
3.0
20.0
-0.33
-2.33
7.0
19.33
7.33
3.67
7.67
3.0
9.0
3.33
18.0
4.0
13.0
-6.33
6.0
8.67
9.0
14.0
8.67
8.0
-1.0
-1.67
10.33
12.67
12.67
11.67
-1.67
-4.33
9.67
11.33
0.33
6.0
14.0
14.67
14.0
7.0
9.33
-4.67
6.33
10.0
15.0
0.33
8.33
6.33
4.33
-1.33
9.0
8.0
-0.33
11.67
12.33
11.33
15.67
-4.0
19.33
6.0
20.33
18.0
-5.67
11.33
0.0
-0.67
7.33
6.0
12.33
17.0
11.67
10.0
12.67
5.0
-6.33
7.67
2.0
1.67
6.0
16.33
3.67
19.67
11.67
7.33
9.0
4.67
1.0
3.33
18.67
13.0
5.67
16.33
2.0
21.33
13.67
13.33
10.0
9.0
21.33
6.33
10.0
-1.0
6.0
-3.33
3.67
8.0
-2.33
3.67
6.0
4.0
11.67
21.67
-6.67
0.67
14.67
10.0
6.0
-10.67
11.33
3.0
17.33
5.33
8.33
0.67
7.33
0.0
2.67
8.0
15.33
11.0
21.67
13.33
8.67
3.33
6.33
12.0
8.0
11.0
33.67
19.33
9.33
5.67
20.67
30.33
14.33
20.0
24.67
13.33
7.33
16.67
26.0
25.33
18.33
35.0
28.67
36.0
24.33
14.67
20.0
30.33
30.67
41.67
17.0
42.0
34.67
24.67
30.33
27.33
19.0
10.67
24.33
28.33
30.33
20.67
24.67
-3.33
11.0
30.33
18.33
16.67
5.33
9.33
4.67
13.33
6.0
11.67
16.33
1.67
24.33
3.0
10.67
-2.0
1.0
11.33
5.0
-2.33
14.0
11.33
8.0
-0.33
11.33
6.33
20.67
4.0
2.33
9.67
21.67
-6.0
7.33
0.33
8.33
8.33
2.0
-3.0
14.0
11.33
9.33
3.67
-11.33
3.33
10.0
4.33
10.0
5.33
3.67
-2.33
6.67
-4.33
-0.33
8.33
10.33
29.0
27.67
8.0
6.0
6.33
11.67
2.33
15.67
3.67
17.0
-10.0
22.0
18.0
-8.0
10.67
8.33
5.33
0.67
7.33
11.33
8.0
9.67
5.33
3.33
24.0
5.0
5.67
8.0
9.67
3.0
-3.67
16.0
2.67
-9.33
9.33
-3.0
14.33
-5.33
4.67
-4.33
0.0
15.0
5.67
-5.33
6.33
9.33
-5.67
6.33
12.0
2.33
10.33
8.67
11.67
14.0
0.67
10.0
7.0
-4.0
2.0
-4.33
-8.33
-1.33
4.33
2.0
-7.33
-1.0
10.33
4.0
6.33
12.33
3.33
5.0
6.33
1.33
11.0
-6.0
-1.33
4.33
8.0
18.67
1.0
9.33
0.67
-2.33
3.33
9.33
6.33
7.33
3.33
6.67
4.0
-7.0
6.67
-5.33
3.0
5.33
0.33
2.67
7.67
2.67
7.0
5.67
-3.67
-6.33
4.67
1.0
-1.67
0.33
4.33
5.67
-1.0
-2.0
-2.33
1.67
1.0
0.0
3.33
0.0
-7.0
-5.0
3.67
-3.33
2.67
-2.0
-5.0
6.33
-6.33
-0.33
7.33
-7.33
11.67
1.33
14.0
-1.0
11.33
-0.33
9.67
7.67
-1.67
7.67
-1.33
-1.67
5.33
11.0
-3.67
1.33
7.67
-0.67
0.67
-8.33
16.67
5.0
12.0
5.0
8.33
2.0
8.67
16.0
3.33
0.33
10.33
0.67
2.67
5.0
0.0
8.33
0.0
-5.33
2.33
2.0
5.0
0.67
10.67
3.0
-10.0
3.67
-0.33
4.33
-2.0
7.0
6.33
16.33
6.0
11.33
0.67
0.67
-3.33
-3.67
4.33
4.33
-4.67
3.33
10.0
8.33
-5.33
-0.67
-2.0
-5.0
-1.33
0.33
7.33
-1.33
-0.67
-4.67
0.67
9.0
-0.67
0.67
1.67
5.33
-3.0
12.33
-2.67
7.0
-1.0
7.67
-1.0
-2.33
-0.67
9.33
1.33
-6.0
0.33
-1.33
-4.67
3.67
1.0
1.0
-2.33
3.67
-3.33
-1.67
6.67
5.33
0.67
4.0
2.0
1.33
4.0
8.33
9.0
-1.67
0.67
1.67
2.67
8.33
-2.0
-5.0
-8.0
-0.33
1.67
11.67
-10.67
5.0
-4.67
-1.33
0.33
10.33
2.33
-5.0
-1.0
1.67
3.0
-3.0
6.33
-2.33
-2.67
-4.67
2.33
3.33
10.67
-6.33
2.33
-7.0
0.0
2.67
-8.0
0.67
4.33
2.33
-1.67
-2.0
-9.0
-1.0
-0.33
-0.67
0.33
-1.67
8.67
-3.33
1.0
-6.33
-3.67
3.33
-0.67
-3.0
-1.0
2.33
4.0
6.67
0.67
-2.0
-0.67
4.67
-0.33
-3.0
-1.0
6.33
-3.33
4.33
1.67
-7.0
-0.67
4.33
3.33
9.67
-1.0
3.33
3.67
0.0
4.67
4.67
1.0
2.0
8.0
0.67
6.33
5.33
5.0
-4.33
6.33
9.33
8.0
-0.33
2.0
17.67
-1.67
-2.0
2.33
2.33
-0.33
-2.67
2.33
4.0
5.0
6.33
0.67
5.67
0.67
6.0
-5.67
9.33
2.67
-5.67
-3.0
1.33
-1.67
1.67
-4.0
1.33
8.33
7.67
8.67
7.67
-2.67
7.0
2.33
2.67
-8.0
-5.33
-0.67
-2.0
8.0
-6.33
-1.67
0.33
-1.67
0.67
0.33
1.0
1.33
2.33
-0.67
-0.67
6.67
-1.33
4.0
4.0
11.33
8.0
6.0
0.33
2.67
5.33
0.33
-1.33
3.0
-4.33
1.0
6.33
3.67
1.0
2.0
-2.67
-1.33
4.33
-0.33
-2.0
5.67
5.67
1.33
1.0
7.33
4.0
1.33
5.0
2.0
1.33
10.33
-1.0
5.0
1.67
-2.0
0.33
-1.67
1.0
0.0
6.67
-1.67
0.33
5.0
-0.33
-1.67
3.67
-2.67
2.67
-7.67
7.0
-0.33
-1.33
3.0
0.33
-3.0
0.67
0.33
-2.33
3.0
-3.33
5.33
-5.67
0.33
1.33
1.33
-6.67
0.33
