-0.144
-0.08
-0.016
0.049
0.113
0.177
0.242
0.306
0.37
0.434
0.499
0.563
0.627
0.691
0.756
0.82
0.884
0.948
1.013
1.077
1.141
1.205
1.27
1.334
1.398
1.462
1.527
1.591
1.655
1.719
1.783
1.848
1.912
1.976
2.04
2.105
2.169
2.233
2.297
2.361
2.425
2.49
2.554
2.618
2.682
2.746
2.811
2.875
2.939
3.003
3.067
3.131
3.196
3.26
3.324
3.388
3.452
3.516
3.58
3.645
3.709
3.773
3.837
3.901
3.965
4.029
4.093
4.158
4.222
4.286
4.35
4.414
4.478
4.542
4.606
4.67
4.734
4.799
4.863
4.927
4.991
5.055
5.119
5.183
5.247
5.311
5.375
5.439
5.503
5.567
5.631
5.695
5.76
5.824
5.888
5.952
6.016
6.08
6.144
6.208
6.272
6.336
6.4
6.464
6.528
6.592
6.656
6.72
6.784
6.848
6.912
6.976
7.04
7.104
7.168
7.232
7.296
7.36
7.424
7.488
7.552
7.616
7.68
7.744
7.808
7.872
7.936
8.0
8.064
8.128
8.192
8.256
8.32
8.384
8.447
8.511
8.575
8.639
8.703
8.767
8.831
8.895
8.959
9.023
9.087
9.151
9.215
9.279
9.343
9.406
9.47
9.534
9.598
9.662
9.726
9.79
9.854
9.918
9.982
10.046
10.109
10.173
10.237
10.301
10.365
10.429
10.493
10.557
10.62
10.684
10.748
10.812
10.876
10.94
11.004
11.068
11.131
11.195
11.259
11.323
11.387
11.451
11.515
11.578
11.642
11.706
11.77
11.834
11.898
11.961
12.025
12.089
12.153
12.217
12.281
12.344
12.408
12.472
12.536
12.6
12.663
12.727
12.791
12.855
12.919
12.982
13.046
13.11
13.174
13.238
13.301
13.365
13.429
13.493
13.557
13.62
13.684
13.748
13.812
13.876
13.939
14.003
14.067
14.131
14.194
14.258
14.322
14.386
14.449
14.513
14.577
14.641
14.704
14.768
14.832
14.896
14.959
15.023
15.087
15.151
15.214
15.278
15.342
15.406
15.469
15.533
15.597
15.661
15.724
15.788
15.852
15.915
15.979
16.043
16.107
16.17
16.234
16.298
16.361
16.425
16.489
16.553
16.616
16.68
16.744
16.807
16.871
16.935
16.998
17.062
17.126
17.189
17.253
17.317
17.38
17.444
17.508
17.572
17.635
17.699
17.763
17.826
17.89
17.954
18.017
18.081
18.145
18.208
18.272
18.336
18.399
18.463
18.527
18.59
18.654
18.717
18.781
18.845
18.908
18.972
19.036
19.099
19.163
19.227
19.29
19.354
19.418
19.481
19.545
19.608
19.672
19.736
19.799
19.863
19.927
19.99
20.054
20.117
20.181
20.245
20.308
20.372
20.436
20.499
20.563
20.626
20.69
20.754
20.817
20.881
20.944
21.008
21.072
21.135
21.199
21.262
21.326
21.39
21.453
21.517
21.58
21.644
21.708
21.771
21.835
21.898
21.962
22.025
22.089
22.153
22.216
22.28
22.343
22.407
22.471
22.534
22.598
22.661
22.725
22.788
22.852
22.915
22.979
23.043
23.106
23.17
23.233
23.297
23.36
23.424
23.488
23.551
23.615
23.678
23.742
23.805
23.869
23.932
23.996
24.06
24.123
24.187
24.25
24.314
24.377
24.441
24.504
24.568
24.631
24.695
24.758
24.822
24.886
24.949
25.013
25.076
25.14
25.203
25.267
25.33
25.394
25.457
25.521
25.584
25.648
25.711
25.775
25.838
25.902
25.966
26.029
26.093
26.156
26.22
26.283
26.347
26.41
26.474
26.537
26.601
26.664
26.728
26.791
26.855
26.918
26.982
27.045
27.109
27.172
27.236
27.299
27.363
27.426
27.49
27.553
27.617
27.68
27.744
27.807
27.871
27.934
27.998
28.061
28.125
28.188
28.252
28.315
28.379
28.442
28.506
28.569
28.633
28.696
28.76
28.823
28.887
28.95
29.014
29.077
29.141
29.204
29.267
29.331
29.394
29.458
29.521
29.585
29.648
29.712
29.775
29.839
29.902
29.966
30.029
30.093
30.156
30.22
30.283
30.347
30.41
30.474
30.537
30.6
30.664
30.727
30.791
30.854
30.918
30.981
31.045
31.108
31.172
31.235
31.299
31.362
31.426
31.489
31.552
31.616
31.679
31.743
31.806
31.87
31.933
31.997
32.06
32.124
32.187
32.251
32.314
32.377
32.441
32.504
32.568
32.631
32.695
32.758
32.822
32.885
32.949
33.012
33.075
33.139
33.202
33.266
33.329
33.393
33.456
33.52
33.583
33.647
33.71
33.773
33.837
33.9
33.964
34.027
34.091
34.154
34.218
34.281
34.345
34.408
34.471
34.535
34.598
34.662
34.725
34.789
34.852
34.916
34.979
35.043
35.106
35.169
35.233
35.296
35.36
35.423
35.487
35.55
35.614
35.677
35.74
35.804
35.867
35.931
35.994
36.058
36.121
36.185
36.248
36.311
36.375
36.438
36.502
36.565
36.629
36.692
36.756
36.819
36.883
36.946
37.009
37.073
37.136
37.2
37.263
37.327
37.39
37.454
37.517
37.58
37.644
37.707
37.771
37.834
37.898
37.961
38.025
38.088
38.152
38.215
38.278
38.342
38.405
38.469
38.532
38.596
38.659
38.723
38.786
38.849
38.913
38.976
39.04
39.103
39.167
39.23
39.294
39.357
39.421
39.484
39.547
39.611
39.674
39.738
39.801
39.865
39.928
39.992
40.055
40.119
40.182
40.245
40.309
40.372
40.436
40.499
40.563
40.626
40.69
40.753
40.817
40.88
40.944
41.007
41.07
41.134
41.197
41.261
41.324
41.388
41.451
41.515
41.578
41.642
41.705
41.769
41.832
41.895
41.959
42.022
42.086
42.149
42.213
42.276
42.34
42.403
42.467
42.53
42.594
42.657
42.721
42.784
42.848
42.911
42.974
43.038
43.101
43.165
43.228
43.292
43.355
43.419
43.482
43.546
43.609
43.673
43.736
43.8
43.863
43.927
43.99
44.054
44.117
44.181
44.244
44.308
44.371
44.435
44.498
44.562
44.625
44.689
44.752
44.815
44.879
44.942
45.006
45.069
45.133
45.196
45.26
45.323
45.387
45.45
45.514
45.577
45.641
45.704
45.768
45.831
45.895
45.958
46.022
46.085
46.149
46.212
46.276
46.34
46.403
46.467
46.53
46.594
46.657
46.721
46.784
46.848
46.911
46.975
47.038
47.102
47.165
47.229
47.292
47.356
47.419
47.483
47.546
47.61
47.673
47.737
47.8
47.864
47.928
47.991
48.055
48.118
48.182
48.245
48.309
48.372
48.436
48.499
48.563
48.626
48.69
48.754
48.817
48.881
48.944
49.008
49.071
49.135
49.198
49.262
49.325
49.389
49.453
49.516
49.58
49.643
49.707
49.77
49.834
49.897
49.961
50.025
50.088
50.152
50.215
50.279
50.342
50.406
50.47
50.533
50.597
50.66
50.724
50.787
50.851
50.915
50.978
51.042
51.105
51.169
51.233
51.296
51.36
51.423
51.487
51.551
51.614
51.678
51.741
51.805
51.868
51.932
51.996
52.059
52.123
52.187
52.25
52.314
52.377
52.441
52.505
52.568
52.632
52.695
52.759
52.823
52.886
52.95
53.013
53.077
53.141
53.204
53.268
53.332
53.395
53.459
53.523
53.586
53.65
53.713
53.777
53.841
53.904
53.968
54.032
54.095
54.159
54.223
54.286
54.35
54.414
54.477
54.541
54.604
54.668
54.732
54.795
54.859
54.923
54.986
55.05
55.114
55.177
55.241
55.305
55.368
55.432
55.496
55.56
55.623
55.687
55.751
55.814
55.878
55.942
56.005
56.069
56.133
56.196
56.26
56.324
56.387
56.451
56.515
56.579
56.642
56.706
56.77
56.833
56.897
56.961
57.025
57.088
57.152
57.216
57.279
57.343
57.407
57.471
57.534
57.598
57.662
57.726
57.789
57.853
57.917
57.981
58.044
58.108
58.172
58.236
58.299
58.363
58.427
58.491
58.554
58.618
58.682
58.746
58.809
58.873
58.937
59.001
59.064
59.128
59.192
59.256
59.32
59.383
59.447
59.511
59.575
59.638
59.702
59.766
59.83
59.894
59.957
60.021
60.085
60.149
60.213
60.276
60.34
60.404
60.468
60.532
60.596
60.659
60.723
60.787
60.851
60.915
60.978
61.042
61.106
61.17
61.234
61.298
61.361
61.425
61.489
61.553
61.617
61.681
61.745
61.808
61.872
61.936
62.0
62.064
62.128
62.192
62.255
62.319
62.383
62.447
62.511
62.575
62.639
62.703
62.767
62.83
62.894
62.958
63.022
63.086
63.15
63.214
63.278
63.342
63.405
63.469
63.533
63.597
63.661
63.725
63.789
63.853
63.917
63.981
64.045
64.109
64.173
64.236
64.3
64.364
64.428
64.492
64.556
64.62
64.684
64.748
64.812
64.876
64.94
65.004
65.068
65.132
65.196
65.26
65.324
65.388
65.452
65.516
65.58
65.644
65.708
65.772
65.836
65.9
65.964
66.028
66.092
66.156
66.22
66.284
66.348
66.412
66.476
66.54
66.604
66.668
66.732
66.796
66.86
66.924
66.988
67.052
67.116
67.18
67.244
67.308
67.372
67.436
67.5
67.564
67.629
67.693
67.757
67.821
67.885
67.949
68.013
68.077
68.141
68.205
68.269
68.333
68.397
68.462
68.526
68.59
68.654
68.718
68.782
68.846
68.91
68.974
69.039
69.103
69.167
69.231
69.295
69.359
69.423
69.487
69.552
69.616
69.68
69.744
69.808
69.872
69.937
70.001
70.065
70.129
70.193
70.257
70.322
70.386
70.45
70.514
70.578
70.642
70.707
70.771
70.835
70.899
70.963
71.028
71.092
71.156
71.22
71.284
71.349
71.413
71.477
71.541
71.606
71.67
71.734
71.798
71.863
71.927
71.991
72.055
72.12
72.184
72.248
72.312
72.377
72.441
72.505
72.569
72.634
72.698
72.762
72.826
72.891
72.955
73.019
73.084
73.148
73.212
73.277
73.341
73.405
73.469
73.534
73.598
73.662
73.727
73.791
73.855
73.92
73.984
74.048
74.113
74.177
74.241
74.306
74.37
74.435
74.499
74.563
74.628
74.692
74.756
74.821
74.885
74.95
75.014
75.078
75.143
75.207
75.272
75.336
75.4
75.465
75.529
75.594
75.658
75.722
75.787
75.851
75.916
75.98
76.045
76.109
76.173
76.238
76.302
76.367
76.431
76.496
76.56
76.625
76.689
76.754
76.818
76.883
76.947
77.011
77.076
77.14
77.205
77.269
77.334
77.398
77.463
77.528
77.592
77.657
77.721
77.786
77.85
77.915
77.979
78.044
78.108
78.173
78.237
78.302
78.366
78.431
78.496
78.56
78.625
78.689
78.754
78.818
78.883
78.948
79.012
79.077
79.141
79.206
79.271
79.335
79.4
79.464
79.529
79.594
79.658
79.723
79.788
79.852
79.917
79.981
80.046
80.111
80.175
80.24
80.305
80.369
80.434
80.499
80.563
80.628
80.693
80.757
80.822
80.887
80.952
81.016
81.081
81.146
81.21
81.275
81.34
81.404
81.469
81.534
81.599
81.663
81.728
81.793
81.858
81.922
81.987
82.052
82.117
82.181
82.246
82.311
82.376
82.441
82.505
82.57
82.635
82.7
82.764
82.829
82.894
82.959
83.024
83.089
83.153
83.218
83.283
83.348
83.413
83.477
83.542
83.607
83.672
83.737
83.802
83.867
83.931
83.996
84.061
84.126
84.191
84.256
84.321
84.386
84.451
84.515
84.58
84.645
84.71
84.775
84.84
84.905
84.97
85.035
85.1
85.165
85.23
85.295
85.359
85.424
85.489
85.554
85.619
85.684
85.749
85.814
85.879
85.944
86.009
86.074
86.139
86.204
86.269
86.334
86.399
86.464
86.529
86.594
86.659
86.724
86.789
86.854
86.92
86.985
87.05
87.115
87.18
87.245
87.31
87.375
87.44
87.505
87.57
87.635
87.7
87.765
87.831
87.896
87.961
88.026
88.091
88.156
88.221
88.286
88.352
88.417
88.482
88.547
88.612
88.677
88.742
88.808
88.873
88.938
89.003
89.068
89.134
89.199
89.264
89.329
89.394
89.46
89.525
89.59
89.655
89.72
89.786
89.851
89.916
89.981
90.047
90.112
90.177
90.242
90.308
90.373
90.438
90.503
90.569
90.634
90.699
90.765
90.83
90.895
90.961
91.026
91.091
91.157
91.222
91.287
91.352
91.418
91.483
91.549
91.614
91.679
91.745
91.81
91.875
91.941
92.006
92.071
92.137
92.202
92.268
92.333
92.398
92.464
92.529
92.595
92.66
92.726
92.791
92.856
92.922
92.987
93.053
93.118
93.184
93.249
93.315
93.38
93.446
93.511
93.577
93.642
93.708
93.773
93.839
93.904
93.97
94.035
94.101
94.166
94.232
94.297
94.363
94.428
94.494
94.559
94.625
94.691
94.756
94.822
94.887
94.953
95.018
95.084
95.15
95.215
95.281
95.346
95.412
95.478
95.543
95.609
95.675
95.74
95.806
95.872
95.937
96.003
96.069
96.134
96.2
96.266
96.331
96.397
96.463
96.528
96.594
96.66
96.725
96.791
96.857
96.923
96.988
97.054
97.12
97.186
97.251
97.317
97.383
97.449
97.514
97.58
97.646
97.712
97.778
97.843
97.909
97.975
98.041
98.107
98.172
98.238
98.304
98.37
98.436
98.502
98.567
98.633
98.699
98.765
98.831
98.897
98.963
99.029
99.094
99.16
99.226
99.292
99.358
99.424
99.49
99.556
99.622
99.688
99.754
99.82
99.885
99.951
100.017
100.083
100.149
100.215
100.281
100.347
100.413
100.479
100.545
100.611
100.677
100.743
100.809
100.875
100.941
101.007
101.073
101.14
101.206
101.272
101.338
101.404
101.47
101.536
101.602
101.668
101.734
101.8
101.866
101.933
101.999
102.065
102.131
102.197
102.263
102.329
102.395
102.462
102.528
102.594
102.66
102.726
102.792
102.859
102.925
102.991
103.057
103.123
103.19
103.256
103.322
103.388
103.455
103.521
103.587
103.653
103.72
103.786
103.852
103.918
103.985
104.051
104.117
104.183
104.25
104.316
104.382
104.449
104.515
104.581
104.648
104.714
104.78
104.847
104.913
104.979
105.046
105.112
105.179
105.245
105.311
105.378
105.444
105.51
105.577
105.643
105.71
105.776
105.843
105.909
105.975
106.042
106.108
106.175
106.241
106.308
106.374
106.441
106.507
106.574
106.64
106.707
106.773
106.84
106.906
106.973
107.039
107.106
107.172
107.239
107.305
107.372
107.439
107.505
107.572
107.638
107.705
107.771
107.838
107.905
107.971
108.038
108.105
108.171
108.238
108.304
108.371
108.438
108.504
108.571
108.638
108.704
108.771
108.838
108.904
108.971
109.038
109.105
109.171
109.238
109.305
109.371
109.438
109.505
109.572
109.638
109.705
109.772
109.839
109.905
109.972
110.039
110.106
110.173
110.239
110.306
110.373
110.44
110.507
110.574
110.64
110.707
110.774
110.841
110.908
110.975
111.042
111.109
111.175
111.242
111.309
111.376
111.443
111.51
111.577
111.644
111.711
111.778
111.845
111.912
111.979
112.046
112.112
112.179
112.246
112.313
112.38
112.447
112.514
112.581
112.648
112.716
112.783
112.85
112.917
112.984
113.051
113.118
113.185
113.252
113.319
113.386
113.453
113.52
113.587
113.655
113.722
113.789
113.856
113.923
113.99
114.057
114.125
114.192
114.259
114.326
114.393
114.46
114.528
114.595
114.662
114.729
114.796
114.864
114.931
114.998
115.065
115.133
115.2
115.267
115.334
115.402
115.469
115.536
115.604
115.671
115.738
115.805
115.873
115.94
116.007
116.075
116.142
116.209
116.277
116.344
116.412
116.479
116.546
116.614
116.681
116.749
116.816
116.883
116.951
117.018
117.086
117.153
117.221
117.288
117.355
117.423
117.49
117.558
117.625
117.693
117.76
117.828
117.895
117.963
118.03
118.098
118.165
118.233
118.301
118.368
118.436
118.503
118.571
118.638
118.706
118.774
118.841
118.909
118.976
119.044
119.112
119.179
119.247
119.315
119.382
119.45
119.518
119.585
119.653
119.721
119.788
119.856
119.924
119.991
120.059
120.127
120.195
120.262
120.33
120.398
120.466
120.533
120.601
120.669
120.737
120.805
120.872
120.94
121.008
121.076
121.144
121.211
121.279
121.347
121.415
121.483
121.551
121.619
121.686
121.754
121.822
121.89
121.958
122.026
122.094
122.162
122.23
122.298
122.366
122.434
122.502
122.57
122.638
122.706
122.773
122.841
122.91
122.978
123.046
123.114
123.182
123.25
123.318
123.386
123.454
123.522
123.59
123.658
123.726
123.794
123.862
123.93
123.999
124.067
124.135
124.203
124.271
124.339
124.407
124.476
124.544
124.612
124.68
124.748
124.816
124.885
124.953
125.021
125.089
125.158
125.226
125.294
125.362
125.431
125.499
125.567
125.635
125.704
125.772
125.84
125.909
125.977
126.045
126.114
126.182
126.25
126.319
126.387
126.455
126.524
126.592
126.66
126.729
126.797
126.866
126.934
127.003
127.071
127.139
127.208
127.276
127.345
127.413
127.482
127.55
127.619
127.687
127.756
127.824
127.893
127.961
128.03
128.098
128.167
128.235
128.304
128.373
128.441
128.51
128.578
128.647
128.715
128.784
128.853
128.921
128.99
129.059
129.127
129.196
129.265
129.333
129.402
129.471
129.539
129.608
129.677
129.745
129.814
129.883
129.952
130.02
130.089
130.158
130.227
130.295
130.364
130.433
130.502
130.571
130.639
130.708
130.777
130.846
130.915
130.984
131.052
131.121
131.19
131.259
131.328
131.397
131.466
131.535
131.604
131.672
131.741
131.81
131.879
131.948
132.017
132.086
132.155
132.224
132.293
132.362
132.431
132.5
132.569
132.638
