0.0
21.0
-28.67
39.67
36.33
13.0
51.67
-21.67
-71.33
110.67
-44.67
-7.0
37.33
-52.33
23.0
-25.33
-12.33
35.67
-2.0
8.67
-5.67
5.67
5.33
-26.33
0.67
-4.67
-14.67
10.0
2.33
-5.67
-0.33
2.33
4.0
0.67
-1.33
0.33
3.0
-1.33
-1.0
-1.67
1.67
0.0
-0.33
0.0
0.33
0.67
1.0
-0.33
1.0
1.0
1.0
0.0
0.33
-0.67
1.0
-0.67
0.67
1.0
0.0
0.67
-0.33
1.0
-0.33
-0.33
1.0
-0.33
0.0
0.0
0.0
0.0
0.0
0.67
0.0
0.0
0.0
-0.33
0.67
1.0
-1.33
1.67
2.33
0.67
-0.33
-0.67
2.67
1.67
-1.0
-1.33
0.33
-1.33
1.67
1.67
1.0
-1.0
1.0
0.33
1.33
-1.0
-0.67
-1.0
0.0
0.33
0.33
2.0
-1.33
-2.67
1.33
0.67
1.33
0.67
1.0
1.33
1.0
1.0
0.0
-0.67
-0.67
-1.67
0.0
0.67
3.33
-1.0
-2.0
-1.67
2.0
1.0
-3.0
-0.67
2.67
2.67
-1.0
3.33
-3.0
3.33
-5.0
-0.67
-1.67
-2.0
7.33
-2.33
1.67
7.0
-0.33
-6.33
-3.33
1.0
3.67
-1.67
-3.67
-1.67
0.33
2.33
-2.67
2.0
5.33
-1.33
-2.67
1.0
2.67
2.33
7.67
4.33
6.33
5.67
4.33
1.33
5.67
1.33
4.67
-0.33
2.67
2.67
-4.0
-3.33
3.33
3.0
1.33
-2.0
-3.67
-2.33
4.67
2.0
10.0
2.33
1.67
0.67
-4.0
-1.0
1.33
-4.0
-2.33
-0.67
5.67
1.33
3.33
3.67
2.33
3.67
-3.0
3.67
1.0
-1.0
-2.0
8.0
6.67
-1.33
2.0
10.0
1.33
1.0
-4.33
1.33
-3.33
-0.33
2.33
-0.33
-2.67
-0.33
0.67
-4.67
3.33
3.67
-4.0
4.33
0.67
3.67
6.67
0.0
1.0
1.0
3.33
4.67
6.33
-1.33
2.67
-2.0
-3.33
-3.0
3.0
-2.0
-4.0
0.0
5.0
0.33
-6.67
-1.33
2.67
0.67
8.0
2.33
2.33
-6.0
6.67
-3.67
3.33
-1.67
-1.0
5.33
4.33
7.0
-1.33
-1.0
-0.67
-2.33
-2.67
3.33
-4.0
3.67
3.33
-1.33
2.67
2.33
-1.67
0.0
2.0
3.0
2.33
-4.0
-0.67
0.0
0.33
6.33
0.67
0.33
-1.33
0.67
-0.67
1.67
2.0
1.33
7.0
-4.33
1.0
6.67
-3.67
-2.33
-1.0
-3.33
7.67
0.33
-1.0
5.67
-1.33
-2.33
2.0
4.0
3.33
-0.33
1.0
14.33
-2.67
-3.0
4.0
4.67
7.0
3.67
4.33
-2.0
0.67
2.0
-4.67
2.0
0.67
-1.0
6.33
-1.0
8.0
-3.33
1.0
5.67
-0.33
3.33
2.0
-1.33
6.67
4.33
0.67
1.67
1.0
5.33
-1.0
-0.33
-0.33
5.0
-0.67
0.67
-1.67
1.33
-0.67
-1.0
-0.67
-1.0
3.33
-4.33
1.0
1.0
0.0
-3.0
3.0
2.67
3.33
-4.0
-1.33
-2.0
6.0
-0.67
3.67
-1.67
9.33
4.0
3.67
0.0
-2.33
7.33
-3.67
5.33
-3.33
9.67
5.0
7.33
3.0
6.0
3.33
-3.0
-5.67
1.33
3.0
4.33
1.67
-3.0
-5.0
-0.67
-3.67
-5.33
6.0
0.0
1.33
3.67
9.0
0.67
0.67
-0.33
7.0
-2.0
-1.33
6.0
0.0
0.33
5.0
0.67
3.33
0.0
2.67
12.0
6.67
-5.33
3.33
3.33
-2.33
9.67
1.33
-0.33
-3.33
-4.0
3.33
0.67
-2.33
2.67
4.67
0.33
8.67
-3.33
1.0
-3.0
-2.33
-0.67
1.33
-1.33
-5.0
0.67
0.0
0.33
5.33
-3.33
5.67
2.67
6.67
-4.33
-5.0
-3.0
-4.0
-4.0
-0.67
1.33
2.67
1.0
0.67
0.67
1.67
-0.67
-3.0
-4.0
-0.67
0.0
4.33
0.0
-0.33
3.67
1.0
0.67
0.0
0.0
2.0
2.0
6.33
0.67
1.0
-0.67
-1.67
-1.33
1.33
2.0
-2.0
-1.33
-2.67
-0.67
-0.33
5.0
7.33
-2.0
0.67
0.0
-5.33
1.0
-5.0
4.67
-1.0
-0.33
-2.0
-3.0
0.67
0.0
-5.0
-0.67
-0.67
-1.67
6.33
0.67
3.0
-4.67
-0.33
-3.67
-4.0
-1.33
-2.0
0.67
-0.33
2.33
-3.33
3.33
-1.67
-1.67
5.33
3.0
-0.33
0.33
-1.67
-2.0
-0.33
-0.33
1.0
1.33
5.0
1.33
-2.0
4.67
1.33
-2.33
3.33
3.67
5.67
2.33
-0.33
-3.0
5.33
0.0
-1.67
-7.67
3.0
1.67
3.67
6.33
-2.33
-1.33
2.67
-2.67
-5.0
1.33
1.33
0.67
1.0
-0.67
1.33
1.67
4.33
-0.33
-2.67
-0.67
0.0
8.67
1.0
1.67
-5.33
5.0
2.0
-1.67
1.33
2.67
-0.33
-0.33
0.0
-4.0
-2.67
-1.67
3.33
3.33
2.0
-3.0
-2.0
-0.33
1.33
-3.0
-3.33
0.0
1.33
0.0
-1.67
0.67
-1.0
0.67
0.33
2.0
3.0
-7.0
0.33
1.0
0.33
1.33
0.0
-2.67
-2.67
0.67
5.33
2.0
-1.33
-5.0
2.67
-1.33
4.67
-1.33
2.33
0.67
-3.33
2.33
-0.33
-0.67
4.67
-1.33
1.67
-2.67
1.0
-0.33
3.67
4.67
-1.33
-0.67
1.33
-2.67
-2.33
1.33
-0.33
0.67
-1.33
0.33
-0.33
0.33
-2.67
1.0
1.67
-0.33
-1.0
-2.67
-5.67
-3.33
1.33
-2.67
1.0
-1.33
-1.0
-4.67
-3.67
-3.33
-4.33
-2.67
-2.33
-0.67
-2.0
-2.0
-2.0
1.67
-4.33
5.0
-6.33
0.67
0.33
-3.33
0.33
-2.67
-3.67
1.0
-1.0
2.33
-4.67
-1.33
4.33
-5.0
-3.0
-3.33
-1.67
-3.67
1.0
-5.67
-2.0
-0.33
-4.67
-1.33
2.0
-3.67
-1.67
-8.67
-4.67
-3.0
-6.67
-8.33
-2.0
0.33
-1.0
-0.67
1.33
-7.67
-2.67
-2.67
-4.0
3.0
-1.33
0.67
1.67
-0.33
-6.0
1.0
1.67
5.33
-4.33
2.33
0.67
-4.33
-0.67
-1.0
-1.33
-4.33
-4.33
3.33
-0.67
-2.0
4.67
-5.0
-0.67
0.33
-4.33
-4.33
-4.33
0.67
-1.33
-1.0
0.67
-7.33
-7.33
-1.67
-0.67
-5.33
-1.33
-3.67
-6.0
-4.33
-2.67
-7.33
-7.0
3.33
-3.33
5.33
0.0
-6.33
-3.67
-7.67
-3.0
2.33
8.0
-5.67
-2.67
-0.67
-3.33
-5.67
3.0
-1.67
-4.0
-5.33
1.0
-7.0
-3.33
6.0
0.0
-2.0
-6.67
-4.33
2.67
-2.0
1.33
-3.67
-3.33
1.0
4.33
0.0
7.67
-1.67
-6.33
1.67
11.33
-2.33
10.67
14.33
10.0
5.0
19.33
17.0
19.67
6.67
29.0
25.67
29.33
34.33
33.67
43.33
37.33
34.67
36.0
24.67
33.0
26.33
18.67
21.0
20.33
25.67
11.33
19.67
16.33
7.33
12.0
11.0
6.67
10.0
4.33
5.33
0.0
9.33
2.67
-6.33
3.0
3.33
0.33
-4.0
-5.33
2.67
2.0
1.33
1.67
0.0
-1.0
2.0
-3.33
0.0
7.0
-2.0
-4.67
5.0
4.67
-1.33
-6.0
1.33
-2.33
-6.0
-2.67
5.0
0.67
-6.67
-2.0
-5.33
6.67
2.0
-4.0
5.33
0.0
-10.67
-2.33
-3.33
-7.0
-5.67
-5.33
-9.33
-4.0
0.33
-2.33
-7.67
-4.67
-3.67
-11.33
3.33
-9.0
-3.0
2.33
-3.33
3.0
-1.67
-1.67
1.0
2.0
-5.67
1.33
14.33
0.33
-8.33
-5.0
-5.33
-5.33
1.67
-3.67
3.67
-6.0
4.67
2.33
-11.67
4.33
-4.67
-9.0
-5.33
2.0
1.67
3.67
-7.0
-4.67
6.0
-0.67
0.67
-10.0
-9.0
7.33
-1.33
-4.33
-2.33
1.67
7.67
-3.67
-0.67
-2.0
-1.0
-1.33
-7.0
4.0
-8.0
0.33
-4.33
-5.33
0.0
10.67
4.0
-7.33
-7.0
-6.67
-9.67
-3.33
-5.67
-5.67
0.33
-11.67
-1.67
-1.33
-6.67
-2.0
-2.33
-4.0
-3.67
4.0
11.67
-7.33
-10.33
0.67
0.0
-5.33
1.33
-6.0
-10.67
0.0
2.67
-1.33
-6.67
-3.67
2.67
0.67
-3.0
-4.67
-1.33
-5.33
0.33
6.0
-4.33
-4.0
1.0
-4.0
-4.67
-0.33
-7.0
9.33
-5.0
-2.33
0.67
-3.0
-3.0
-3.67
-9.0
-4.33
8.67
4.67
2.33
0.0
3.67
0.67
-4.67
0.33
4.67
-2.67
-5.67
2.33
-5.67
1.33
-9.0
3.0
-0.33
13.33
12.0
-1.67
7.0
4.33
3.33
5.0
10.0
5.33
4.33
15.33
9.67
14.33
14.67
14.0
10.33
28.0
19.0
19.0
19.0
19.33
16.67
18.0
19.0
22.0
20.67
15.67
9.67
17.0
21.33
6.33
2.33
8.33
2.67
-3.0
-1.0
5.33
6.33
0.67
-0.67
-2.0
10.67
4.67
-0.33
5.0
6.0
-4.0
2.67
-0.67
2.0
12.33
6.33
1.33
-0.67
-5.0
4.33
-5.67
7.0
2.0
7.0
-2.33
-3.33
4.0
6.0
4.0
7.33
8.0
18.67
1.0
9.33
2.33
-0.33
7.33
4.0
3.0
-1.67
0.0
11.0
10.33
11.67
-1.0
1.67
0.67
3.67
11.33
5.67
4.33
8.33
1.33
1.0
13.0
11.33
2.67
8.33
16.33
7.0
7.33
10.33
0.0
3.0
-1.0
3.67
-2.0
2.67
-3.0
10.33
-1.67
0.0
2.0
6.0
4.67
4.0
3.0
-3.33
-1.0
5.33
5.0
4.67
13.33
4.67
5.33
9.0
1.33
2.33
-4.0
-5.33
4.0
7.67
11.0
12.33
9.67
8.33
-2.0
10.67
7.33
4.0
8.33
5.0
9.0
15.0
13.33
2.67
0.33
9.33
4.33
10.0
-0.67
9.0
4.67
8.0
5.0
4.0
9.0
3.67
0.0
2.67
0.67
8.67
15.67
13.33
5.33
-2.33
-10.33
2.33
18.67
-3.67
-2.0
7.67
7.33
-8.0
-3.67
11.67
3.33
6.67
9.0
7.33
15.0
2.0
-1.0
6.0
10.0
5.33
5.0
9.33
4.33
10.0
12.33
9.33
10.67
4.0
2.67
6.0
4.0
11.67
5.33
8.33
7.67
11.33
4.33
10.33
6.33
17.33
3.33
10.0
-3.67
15.0
10.0
7.0
1.33
2.33
9.67
0.67
5.33
15.67
13.0
7.67
5.0
20.0
11.33
5.33
7.67
4.67
11.67
13.33
9.33
8.0
1.0
9.0
0.33
11.33
3.33
6.67
14.0
1.67
2.33
-2.67
9.67
4.33
16.0
10.0
7.67
1.0
3.33
1.67
12.33
17.33
10.0
5.0
10.0
9.33
7.0
1.67
15.33
8.0
3.33
18.0
3.67
24.67
2.33
20.67
11.33
28.67
35.0
29.33
22.67
13.0
2.33
19.0
17.67
21.67
13.67
29.0
23.67
19.67
24.0
16.33
17.0
23.33
18.67
25.0
32.33
21.67
36.33
33.33
37.0
54.67
71.33
67.33
67.0
71.0
81.33
101.33
105.0
93.33
105.33
127.67
146.0
126.0
123.67
150.33
124.67
154.67
153.33
141.33
139.0
121.0
138.33
110.33
108.33
101.0
110.67
88.33
75.67
80.33
49.33
50.67
31.0
35.67
36.33
34.67
28.33
30.67
18.0
9.33
15.67
8.33
26.33
5.0
7.67
8.33
15.0
13.0
5.33
10.33
19.0
13.33
6.67
12.67
4.33
7.33
10.67
8.33
10.33
10.33
4.67
-8.67
13.67
9.67
9.33
2.67
9.67
19.33
6.67
7.33
2.33
-1.67
13.33
8.67
5.67
10.33
14.0
12.0
5.67
3.33
10.33
8.67
-5.33
-4.33
10.67
8.0
18.0
12.67
3.33
4.67
10.67
3.0
8.0
7.0
2.67
-0.33
14.0
-0.67
7.33
10.0
7.67
9.67
16.33
-10.67
3.0
15.0
15.67
16.67
2.33
4.33
6.67
18.33
26.0
17.33
1.67
6.0
18.67
-4.0
14.33
13.0
8.0
20.67
-0.67
3.33
18.0
12.67
13.0
3.67
11.67
13.33
9.33
5.67
8.0
4.67
19.67
-1.33
3.0
7.67
5.67
8.0
16.67
12.67
9.33
3.0
15.0
18.0
-3.33
4.33
-0.67
4.0
16.33
8.33
5.67
22.67
19.33
5.33
21.33
1.33
8.67
9.67
7.0
10.33
23.0
9.0
0.0
14.0
3.0
15.0
3.67
9.33
-5.67
7.67
16.67
-5.0
-0.67
-4.33
-6.0
8.67
10.33
6.67
10.33
3.33
16.0
-14.33
4.67
2.0
7.67
0.67
10.67
15.33
-3.33
10.0
9.0
6.0
17.0
4.33
2.67
8.67
-5.33
13.0
27.0
16.67
8.67
24.67
12.67
30.33
29.67
22.33
26.0
9.33
15.0
17.67
17.67
17.67
31.0
45.67
20.67
21.33
30.33
25.67
36.0
23.67
32.67
23.33
23.67
32.67
23.0
6.33
52.33
31.33
25.67
14.67
37.33
15.33
24.0
17.0
23.0
30.67
9.0
19.0
4.67
2.33
0.33
1.67
6.33
2.0
15.0
12.33
9.67
7.33
4.0
-3.0
2.67
16.0
5.33
11.33
14.33
6.33
1.33
12.67
0.33
-0.67
-1.0
1.0
2.0
-3.67
6.33
4.0
-13.33
-6.0
6.67
13.0
7.67
5.67
0.67
7.67
7.33
-5.0
13.67
-4.0
6.0
-2.67
0.67
16.0
6.0
15.0
-3.67
2.33
2.33
8.0
11.67
4.33
11.67
4.67
5.67
-2.67
26.67
11.0
21.33
3.33
17.33
8.0
1.0
3.0
4.33
15.67
14.0
12.0
9.0
-6.67
10.33
5.67
0.0
15.33
12.67
1.33
6.0
2.33
4.33
4.33
5.67
2.0
4.33
-1.33
4.67
-2.0
1.67
-3.0
-8.67
-11.33
3.67
-2.33
6.33
1.0
1.67
4.0
-0.67
-1.67
13.67
-5.0
-10.0
4.0
3.0
3.33
11.33
2.0
9.0
-1.67
-10.33
-9.67
-3.0
8.33
6.67
3.67
-0.33
-6.67
1.0
-1.0
13.0
1.67
0.33
9.0
-3.33
5.0
-1.67
-8.33
-4.67
11.67
12.0
1.0
5.33
9.33
-2.0
4.33
2.0
-0.67
4.0
1.67
-2.0
3.33
-2.0
4.67
6.33
4.67
8.33
0.0
3.33
7.0
3.67
6.67
1.0
-1.0
-9.67
2.0
-4.0
-4.0
8.0
5.0
0.33
13.0
11.67
-2.33
5.0
8.0
4.33
9.0
-4.33
2.67
7.67
7.67
8.67
-6.67
9.33
-8.0
5.0
4.33
8.67
3.67
-0.33
-3.33
11.67
8.33
11.0
-3.33
5.0
1.33
2.0
14.33
-2.33
1.67
-0.33
1.33
1.0
4.33
7.0
3.0
2.67
3.33
1.33
-1.0
7.0
-5.0
-2.0
10.0
-1.33
0.0
0.67
1.67
0.33
3.67
14.0
6.0
3.33
-2.0
4.33
10.0
14.33
4.0
7.67
7.33
-0.67
8.33
-1.33
0.67
-1.33
-5.67
-3.33
2.0
-3.33
15.0
-1.33
7.33
4.67
9.0
0.33
8.0
3.33
-8.33
-2.0
3.67
5.33
6.0
4.67
2.67
4.0
2.33
12.67
-2.0
-9.67
1.0
2.33
-6.33
0.67
-2.67
6.0
2.0
4.67
-4.67
-5.67
0.67
-1.33
14.33
5.67
4.0
6.0
-1.67
2.0
3.33
18.0
1.67
3.33
4.33
-5.33
9.67
10.33
-2.67
9.67
-7.0
-6.0
2.33
-6.0
7.67
3.33
7.0
2.33
1.0
-1.0
2.67
6.33
6.33
4.0
4.67
10.0
3.33
0.67
8.0
1.67
8.33
-6.0
4.67
0.0
0.0
5.67
2.33
1.33
3.0
-2.67
9.0
5.0
-4.0
6.33
-4.33
6.0
-4.0
-1.67
1.33
5.0
1.67
5.33
3.67
5.0
8.0
0.0
-2.67
-7.0
9.67
1.0
3.0
4.67
-4.33
-7.33
6.67
-4.67
4.33
3.67
1.67
4.67
-9.0
3.33
9.0
1.33
-1.0
3.33
6.0
-3.33
11.0
2.33
3.33
5.0
3.33
-4.67
5.33
-2.0
-4.33
0.67
1.0
6.33
0.67
2.67
-5.33
7.0
1.0
0.0
-0.67
5.67
-1.67
4.0
5.33
3.67
4.33
1.0
-3.33
1.0
1.0
-2.67
1.0
8.0
2.0
2.67
3.0
-0.33
-4.67
-0.67
-0.67
5.0
4.0
-0.67
5.33
-4.33
-1.67
1.0
-5.67
-2.33
0.33
-3.67
3.0
5.67
8.33
-1.67
-3.67
6.67
4.33
-6.0
-1.33
6.0
-5.33
-5.0
3.67
-2.33
-4.67
-1.33
1.67
3.33
5.67
5.67
6.0
0.67
3.33
-8.33
-2.33
5.67
-0.67
-2.33
-7.33
1.33
-3.33
-4.33
-2.33
7.33
6.33
0.33
2.67
-1.0
3.67
1.33
1.0
-2.67
-0.33
-1.67
-4.33
-0.67
0.67
-3.67
3.67
4.33
1.33
-3.67
5.67
2.67
1.33
-1.33
0.67
1.33
3.33
-4.67
8.33
1.0
-3.33
-1.67
1.67
-8.0
6.0
-0.67
2.67
-1.33
-2.33
-2.33
0.33
1.67
-3.67
5.33
-1.33
-0.67
3.0
-1.67
3.0
-3.33
3.0
8.67
2.33
-0.33
-0.33
3.0
-3.33
2.67
1.33
2.0
-1.67
1.67
-1.33
3.67
6.67
-0.67
0.33
1.0
3.0
4.67
5.67
-0.33
3.0
3.33
3.0
5.0
1.67
1.33
-1.67
3.67
0.67
