0.0
16.0
-72.67
68.67
88.33
34.0
55.67
31.33
126.67
95.67
98.33
30.0
-30.67
-70.33
-18.0
57.67
16.67
-7.33
-4.0
-10.33
29.33
5.67
-5.67
-12.33
17.67
-3.67
7.33
13.0
-9.67
-6.67
0.67
3.33
6.0
4.67
2.67
0.33
-3.0
1.67
1.0
0.33
-0.33
0.0
-0.33
1.0
0.33
0.67
0.0
1.67
0.0
1.0
0.0
1.0
-0.67
0.33
0.0
1.33
-0.33
0.0
1.0
0.67
2.67
0.0
-0.33
0.67
0.0
-0.33
0.0
0.0
0.0
0.0
2.0
-0.33
1.0
0.0
1.0
-1.33
-0.33
0.0
-1.33
-0.33
0.33
0.67
-0.33
-0.67
-0.33
1.67
0.0
-1.33
-0.67
-1.33
0.67
-0.33
0.0
0.0
-1.0
-0.67
2.33
1.0
-0.67
0.0
-2.0
-0.67
3.33
0.0
0.67
-2.67
-0.67
0.67
1.33
0.67
-2.0
0.33
2.0
-2.0
1.0
-0.67
0.33
-1.67
0.0
-2.33
2.33
-4.0
0.0
-3.67
-1.0
-2.0
2.0
-1.67
8.67
2.67
-2.0
5.33
-3.0
-2.67
5.0
1.33
2.33
1.0
-0.67
-2.33
-1.33
2.0
5.67
2.67
-1.33
3.0
6.67
1.33
0.33
-1.67
0.33
2.33
-3.67
3.0
-1.67
0.67
8.33
0.0
5.67
4.33
-1.33
1.33
1.33
-0.33
0.33
-5.67
4.67
-0.67
6.67
-1.33
-0.33
0.67
0.0
3.67
-7.67
-1.0
3.33
0.0
-1.67
-2.33
-1.33
2.0
9.0
4.33
-3.33
-3.33
8.0
7.0
1.33
3.0
-0.33
0.33
1.67
0.33
2.33
5.67
-1.67
5.67
0.0
7.67
-1.0
3.0
0.0
4.0
-3.33
6.67
2.0
4.0
-2.67
-4.0
-6.33
1.33
8.67
5.67
3.33
4.67
3.33
9.67
-1.33
-0.67
-4.67
-1.33
1.0
4.33
4.67
3.67
8.67
5.0
3.0
4.0
-4.67
5.67
0.33
-1.33
2.67
0.0
0.67
2.0
4.0
5.0
-1.0
-2.0
0.0
2.33
-2.67
6.67
5.67
1.67
3.0
10.33
-4.67
-4.0
10.67
3.33
3.33
6.33
-5.0
-0.67
6.33
13.0
0.67
-2.0
7.33
3.67
1.33
7.33
1.0
-1.33
2.33
6.67
-2.33
-3.67
0.33
-2.0
0.0
-4.0
3.33
1.0
2.33
0.0
3.33
-2.67
8.67
7.33
0.67
3.67
-2.67
5.67
9.0
9.33
8.0
-0.33
4.0
4.67
-0.67
-5.33
-4.0
0.67
7.67
-0.67
9.0
3.67
5.67
0.67
-2.0
5.0
13.33
4.67
-2.0
2.33
4.33
2.0
8.0
-3.33
1.0
1.67
3.33
3.0
4.67
2.0
2.33
2.0
-0.33
-3.0
-0.67
-2.0
3.0
-2.33
2.0
6.67
2.67
7.33
6.0
-0.33
6.67
0.33
9.67
2.67
-3.0
3.33
1.0
8.67
0.67
1.0
5.33
-8.33
1.33
3.33
6.33
0.0
6.33
0.0
0.33
-0.33
6.0
0.0
6.0
5.0
-5.0
-4.33
0.33
3.0
-4.33
2.0
1.0
-2.67
-0.33
3.33
5.33
3.0
1.67
9.0
-5.33
5.33
4.33
-0.67
4.67
6.67
-1.0
2.33
-2.0
-1.0
-2.67
3.0
-5.67
-3.67
2.0
2.33
-6.33
5.0
0.0
2.33
0.33
-7.33
1.0
4.0
4.33
4.67
1.0
-3.33
6.67
2.67
7.0
-4.0
-0.33
2.0
1.0
0.33
8.0
0.67
-3.67
-8.0
-2.33
4.0
2.67
0.67
-2.67
3.33
-0.33
10.67
-0.67
-3.33
2.67
-1.0
1.33
-1.33
-2.33
-1.33
-5.33
1.33
-2.33
1.67
-2.0
2.0
4.67
-1.67
0.33
-0.33
0.0
1.67
-2.0
-1.67
-1.67
1.67
-1.33
-2.33
5.67
0.67
-2.0
4.0
-5.0
2.0
3.33
2.33
2.67
7.0
5.67
-0.33
9.67
-0.67
4.0
-4.0
3.33
1.0
-1.67
-1.0
0.67
-0.33
2.0
-0.33
-4.0
-4.0
4.0
-4.0
4.33
0.67
2.0
-1.67
-1.67
-1.33
-0.67
0.0
1.0
4.67
0.33
-0.67
0.67
5.0
-1.67
-2.0
-0.33
0.0
-1.33
2.0
1.0
-2.33
2.0
-4.33
-3.0
1.0
1.67
0.0
-1.0
0.33
1.33
2.33
2.33
-3.33
-1.0
2.33
2.67
0.33
-4.0
-0.33
-1.0
0.67
-0.33
-0.67
-0.33
2.33
-3.67
0.33
-2.67
-1.0
-0.33
0.33
0.33
0.0
-3.33
-0.33
5.0
1.33
2.0
2.33
-1.0
-0.33
-1.67
-4.33
0.33
1.67
2.67
2.33
2.67
-1.0
0.33
-1.0
3.33
-5.67
-2.0
3.67
-0.33
1.33
-1.33
-0.33
0.67
0.33
1.0
1.33
-4.67
1.67
2.0
-0.67
-2.67
-3.33
-1.67
-1.33
0.33
-1.67
2.0
-0.33
4.0
-1.33
-0.33
-2.0
-1.0
0.33
-2.67
2.67
-3.33
0.67
-1.0
2.0
-0.67
-4.67
2.33
-1.67
-2.0
-1.0
0.0
-5.33
3.33
1.0
2.67
-3.0
5.33
0.0
-3.67
-0.33
-1.0
-3.33
1.33
0.0
6.0
-5.0
-0.67
1.0
-0.67
3.33
0.0
-0.67
-2.67
4.67
2.33
0.0
2.67
-4.0
0.67
1.67
-0.33
-2.33
-1.67
-0.33
0.67
3.33
0.67
0.33
-2.33
0.67
0.67
2.33
-5.0
0.67
2.67
0.67
-4.33
-4.67
-0.67
-0.67
-4.33
-0.67
2.67
1.67
-2.33
1.33
-2.33
3.33
-7.67
2.0
0.67
-1.33
-5.0
-1.67
-4.67
-1.33
2.33
-6.67
1.0
-1.33
0.0
0.33
-4.67
-4.33
-4.33
-0.67
1.67
0.33
3.0
2.0
0.0
-2.33
-4.33
5.0
-6.33
-1.33
-4.67
-1.33
0.33
-1.67
-0.67
-5.0
-3.0
-4.67
-1.67
-2.33
1.33
-1.0
-7.0
-1.33
-4.67
-2.67
2.0
-1.67
-6.0
0.67
1.33
-1.33
-1.0
-1.67
0.33
-1.67
-1.67
-7.0
-2.67
-8.33
-1.0
-2.67
-1.0
3.33
-2.67
-5.67
-5.67
-7.67
-5.0
5.0
0.67
0.67
-2.33
-4.33
-4.0
-3.0
-2.33
5.33
-7.33
0.33
-2.33
-7.33
-0.67
-3.0
-3.33
-2.33
-1.33
3.33
-5.67
-2.0
-5.33
-1.0
-1.67
-1.67
-2.33
0.67
-1.33
-3.33
1.67
-1.0
1.67
-3.33
-5.33
4.33
6.33
-3.33
-2.33
1.33
0.0
-3.33
-0.67
-6.33
0.0
0.33
-4.33
-3.67
1.0
-4.33
2.33
1.33
-1.0
1.33
-1.0
-2.67
-2.67
3.33
-5.33
-4.67
3.0
-3.67
0.0
-2.33
-3.0
-5.0
-1.33
1.0
-7.0
2.0
-6.67
-3.33
-3.33
-6.0
-2.67
-0.67
-0.33
2.0
-2.67
3.0
-7.33
-7.67
-1.33
-3.33
0.33
-8.33
-0.33
2.33
-8.0
0.0
-2.67
-2.0
-6.33
-4.33
-2.0
-3.33
-3.67
-2.67
-0.33
-4.67
-0.67
1.67
-2.0
0.67
1.0
-4.67
0.67
-8.0
-8.67
0.67
-3.67
-0.33
-2.67
-2.67
1.0
-4.0
4.67
-2.0
-1.67
-3.67
5.0
-1.67
-3.33
-5.33
2.0
4.33
-6.67
-3.0
-8.33
-2.33
2.0
0.33
2.67
-1.0
0.0
0.0
-4.33
2.0
2.0
-2.0
-2.67
-1.0
2.67
-2.33
-3.0
1.33
0.67
2.0
-5.67
-3.0
-2.33
-3.67
-7.0
-4.33
-8.33
-11.0
-3.0
1.33
-8.0
-5.67
2.67
4.67
-4.0
-3.67
1.67
-4.33
-8.0
-5.67
0.67
-1.67
4.33
-6.67
-10.33
1.33
-13.0
-5.0
-1.67
-8.33
-9.0
-6.67
-5.67
-4.0
1.0
-7.67
5.33
2.33
-1.67
-8.33
0.0
-2.33
-6.33
-1.33
-4.67
2.67
1.0
0.67
-3.67
6.33
1.33
-2.67
0.0
-1.33
-6.0
0.67
5.67
-8.0
-6.67
-5.0
-1.67
1.67
-1.0
-6.0
0.33
-3.33
-4.33
-9.33
-2.33
-16.33
4.33
9.33
0.0
-5.0
11.67
-5.0
-3.0
7.0
-7.67
0.67
-1.33
3.0
-1.33
-9.0
3.67
-5.0
-6.67
-5.67
-6.33
9.33
7.33
1.33
-11.67
2.33
0.67
1.33
-2.0
-3.33
-5.0
3.33
3.0
-4.33
-7.33
5.67
-8.33
4.0
-2.33
-0.67
-3.0
-4.67
-1.0
7.67
1.67
-4.67
3.33
-0.33
2.67
3.0
0.33
3.67
-0.33
5.33
-4.0
-5.33
-1.0
-5.0
-6.0
-1.67
-1.33
-4.0
6.33
3.0
2.67
2.67
1.0
1.0
-1.67
3.0
-8.33
7.67
8.67
1.33
0.0
3.67
1.67
5.33
-1.67
-5.33
-5.67
6.33
9.33
-0.67
14.33
-6.0
5.0
-3.33
1.33
2.0
2.33
6.0
5.33
5.33
9.0
5.0
10.33
21.33
14.33
19.67
17.33
17.67
28.0
29.33
25.0
25.0
44.0
32.0
39.33
29.67
44.0
29.0
23.0
38.67
24.67
27.67
11.0
13.33
16.33
15.33
13.33
15.67
15.0
13.0
8.33
10.33
10.67
2.33
3.0
-6.33
8.67
0.67
3.0
6.0
5.0
6.67
-2.67
-1.0
15.33
0.33
2.33
12.33
5.0
9.33
-3.67
8.0
9.0
6.0
4.67
6.67
1.0
4.0
6.0
9.33
3.0
8.67
1.0
5.33
13.33
0.67
-3.67
13.0
15.0
0.33
5.0
7.0
19.33
9.67
12.0
8.67
2.67
5.67
9.33
3.67
5.33
10.33
2.33
4.0
3.0
4.33
6.67
10.33
11.33
1.0
1.33
1.33
10.0
4.0
4.0
4.67
3.0
3.67
10.0
8.33
13.33
7.0
0.0
4.0
2.67
5.0
-3.0
12.67
14.0
-0.67
1.0
11.67
10.33
-1.33
5.33
13.0
-4.67
6.33
9.0
5.67
10.0
5.67
17.0
16.33
8.67
11.33
8.0
-3.33
8.33
-4.0
-6.67
14.0
8.0
10.0
2.33
10.67
9.33
7.33
8.33
6.0
-0.67
11.0
4.67
-1.0
11.0
3.0
5.0
6.67
6.0
8.67
8.67
17.67
9.67
1.33
11.33
9.67
-3.33
3.33
4.67
-1.67
1.0
9.67
5.33
9.0
6.33
-2.33
2.33
25.67
0.0
1.33
9.0
11.0
1.0
9.0
2.0
9.33
7.0
12.33
3.33
13.0
14.33
1.33
8.67
9.0
-1.33
27.0
17.0
8.67
6.33
15.33
11.67
2.33
11.33
6.33
5.33
0.33
1.33
9.0
3.33
9.0
6.0
4.0
7.33
9.33
1.67
2.67
11.33
9.67
5.0
4.67
4.0
6.0
4.33
7.33
10.67
7.67
-2.33
13.33
-1.67
7.0
5.0
11.0
17.33
9.33
-1.67
8.67
11.0
7.67
6.33
7.33
7.67
13.33
4.0
5.0
-5.33
10.0
-1.67
7.67
16.33
15.33
8.0
12.0
10.0
4.33
14.0
-7.33
17.33
10.0
2.33
7.0
-2.33
9.67
0.33
11.67
9.33
4.67
15.0
12.33
12.67
6.0
10.33
14.0
17.67
19.67
8.67
22.0
13.67
5.67
21.0
39.33
50.0
32.33
47.67
15.0
56.33
59.67
80.33
86.33
92.0
109.67
121.33
133.33
135.0
158.0
191.33
169.33
211.0
219.33
256.33
253.67
263.0
273.0
261.67
282.33
269.67
284.67
267.33
280.33
242.0
258.0
233.33
190.33
232.33
196.0
162.67
187.33
133.67
132.33
99.33
77.67
81.0
52.67
52.33
50.67
26.33
31.67
26.0
26.33
23.67
18.33
22.33
12.0
12.67
9.33
13.0
16.0
9.33
3.33
5.0
17.33
17.67
10.67
24.33
9.33
5.67
14.33
15.33
14.33
8.67
8.33
1.67
11.67
14.33
5.67
11.67
3.33
13.67
20.33
7.33
0.33
6.33
3.67
-0.33
11.33
17.0
12.0
3.67
3.33
6.33
14.67
6.67
15.67
-4.33
14.0
11.0
9.67
11.33
9.67
10.67
11.0
7.0
11.0
6.67
-0.33
-1.0
9.33
-0.67
17.0
10.67
15.67
14.33
3.33
-5.0
25.0
13.67
28.67
14.33
3.33
8.67
9.33
16.0
1.33
-11.33
-2.0
2.67
-2.0
13.33
19.0
12.0
2.67
-0.67
7.33
2.0
11.67
8.0
-6.33
-1.33
8.33
5.33
9.67
-1.0
4.67
14.67
8.67
14.0
5.67
17.67
6.0
18.67
14.67
0.33
10.0
6.0
11.0
6.67
-3.67
11.33
10.0
21.33
-1.67
-4.33
13.67
1.33
4.33
19.33
-0.67
9.67
1.67
3.0
2.33
7.0
-5.0
5.0
13.0
16.0
12.0
-3.33
-2.67
5.33
3.67
5.67
3.0
-0.67
6.67
4.0
15.67
7.33
1.67
3.33
3.33
16.0
-2.33
28.67
9.0
10.67
7.67
15.67
12.33
-9.33
1.0
-5.0
-3.0
8.0
-0.67
6.67
2.67
12.67
11.0
9.0
-1.33
-5.33
7.67
3.67
-0.67
10.67
-3.67
4.0
14.33
9.0
15.67
-0.33
10.67
-2.0
11.67
6.67
-2.67
7.33
3.67
-1.0
1.67
1.67
-7.67
-6.33
0.67
-8.0
-1.67
7.33
3.33
-1.33
0.67
4.33
2.33
7.0
-2.0
14.0
13.67
5.0
5.0
4.67
5.33
-6.67
14.67
14.33
-6.0
1.0
7.33
7.67
-5.67
-2.0
5.0
-2.33
7.0
-0.67
4.33
12.33
11.33
0.33
2.67
9.33
-5.67
2.0
17.0
0.0
-3.67
3.33
-3.0
-5.33
13.0
1.67
11.0
2.67
-0.33
9.67
5.67
7.33
1.0
2.67
2.0
-7.0
5.33
-6.33
10.0
17.0
0.0
-0.67
-2.67
-3.67
8.0
4.67
7.33
2.67
12.67
8.67
13.33
23.67
7.0
2.33
25.33
6.33
22.0
5.0
15.0
15.33
8.67
17.0
16.0
11.0
20.33
21.33
4.67
10.0
9.33
18.67
5.33
10.0
13.33
3.33
6.33
11.67
13.0
2.33
-2.33
0.67
13.0
0.67
11.0
7.33
-8.33
-1.33
8.67
13.33
0.0
13.67
8.0
3.33
7.33
1.67
-11.0
6.0
2.0
8.0
9.33
6.33
1.0
1.0
2.33
-9.33
0.33
11.0
-2.67
1.67
2.67
1.67
1.33
-1.0
6.0
-10.0
14.67
5.33
3.0
-0.33
-7.0
10.33
3.67
-2.67
5.67
13.0
0.0
9.33
-0.67
11.0
8.33
3.0
5.33
-8.0
8.67
5.0
-4.67
0.0
1.67
11.33
5.67
1.33
3.0
1.33
-8.0
-3.33
12.67
3.0
-1.0
-6.67
0.0
2.0
-9.0
-3.0
3.0
6.33
4.0
7.67
-1.33
1.0
-6.0
7.33
1.0
-7.33
-1.33
6.67
0.67
1.67
3.33
-7.67
6.0
0.0
10.33
1.67
-1.33
-3.33
-6.33
-2.33
13.33
5.0
-5.33
1.0
1.33
10.0
2.33
3.67
-2.33
1.67
4.33
2.0
0.33
5.0
9.0
6.67
1.33
7.33
12.0
2.0
-2.0
0.0
6.0
10.67
21.0
10.67
3.67
16.33
4.67
10.0
11.0
11.33
7.0
8.33
8.0
0.33
9.0
2.67
5.33
18.33
5.33
11.67
10.67
-4.33
4.33
-4.33
3.0
-2.33
5.0
-4.33
-1.67
6.67
4.0
-2.67
1.0
11.33
-2.33
-4.0
4.67
6.33
11.0
4.67
6.67
7.0
4.33
5.67
3.0
-5.67
1.0
2.33
-1.33
5.67
10.33
6.0
1.0
-0.33
7.33
2.33
1.67
-4.33
8.33
-5.33
-13.0
12.0
1.33
5.0
-5.67
4.0
2.67
-0.67
-5.67
4.67
-9.33
11.33
-1.67
4.67
-2.0
-6.0
4.33
-8.0
-3.33
8.33
6.0
6.33
2.0
5.0
0.67
9.33
3.33
1.0
-4.33
2.0
6.33
-1.33
8.0
-1.33
1.33
4.0
-2.33
-2.0
-4.0
1.67
-3.67
0.33
0.0
-0.67
1.0
2.0
1.0
3.33
-2.33
0.0
-4.0
-2.67
-12.67
-4.0
2.67
3.33
-5.33
-6.0
-1.0
10.0
0.33
-2.0
-4.33
3.0
-5.0
3.67
-0.33
1.67
-1.33
3.33
5.33
-5.33
1.67
2.67
1.0
0.33
4.0
-2.67
4.0
-2.67
-1.0
-3.33
9.0
17.33
1.33
-2.0
5.33
0.33
-1.67
-3.0
6.67
4.67
2.0
7.33
-1.33
5.67
-1.33
6.0
8.0
1.0
4.33
2.67
3.33
14.0
4.33
4.67
2.33
15.0
1.67
10.0
7.0
-1.67
7.0
4.0
3.0
6.67
-1.0
3.67
-2.67
-5.67
1.33
1.0
-4.0
7.33
3.33
2.67
4.33
-1.0
6.33
6.67
-0.67
-2.67
1.0
2.67
-6.67
-1.67
-2.67
0.67
11.33
10.0
3.67
0.0
5.67
-3.0
3.67
-3.33
-2.67
6.67
8.67
-2.67
11.67
2.67
0.0
3.67
-2.67
-1.33
-6.33
0.67
-2.67
2.67
-5.33
-2.67
-6.33
2.67
0.67
5.33
1.33
-1.67
-3.33
-1.0
-3.33
1.33
1.0
-5.67
2.67
3.33
0.67
-1.67
-3.33
-1.67
-1.33
2.33
2.33
1.33
-6.33
-3.33
3.33
1.67
-3.33
-2.67
-2.67
-4.67
-4.67
-3.0
4.67
-5.67
7.67
-5.0
3.0
0.33
8.67
3.67
2.67
1.67
-3.67
2.67
-6.67
8.33
-0.33
4.33
9.0
-1.67
4.0
0.67
2.0
-4.33
3.33
4.67
-2.33
1.0
-3.33
3.67
1.33
4.0
-0.67
1.67
-2.33
-1.33
1.67
0.33
0.33
-3.0
6.0
0.67
5.67
-2.33
5.0
4.33
-3.0
5.0
-2.33
2.33
-7.67
3.67
4.67
