0.0
-22.0
-70.67
1.67
16.33
11.0
-13.33
-25.67
-87.33
11.67
55.33
-23.0
-28.67
-10.33
17.0
-37.33
-25.33
36.67
-37.0
-55.33
7.33
33.67
5.33
-15.33
-10.33
-10.67
-13.67
-1.0
-6.67
5.33
-1.33
0.33
-1.0
6.67
-1.33
1.33
-2.0
2.67
-1.0
-0.67
1.67
1.0
-0.33
1.0
-0.67
-0.33
0.0
-0.33
0.0
0.0
0.0
0.0
-0.67
1.33
1.0
0.33
-0.33
0.0
1.0
-0.33
0.67
1.0
-0.33
-0.33
2.0
-0.33
0.0
0.0
2.0
0.0
0.0
-0.33
0.0
1.0
0.0
-0.33
-0.33
1.0
-1.33
-0.33
0.33
-0.33
-0.33
-0.67
-0.33
1.67
0.0
0.67
0.33
1.67
-0.33
0.67
1.0
1.0
1.0
0.33
-0.67
1.0
0.33
0.0
0.0
1.33
0.33
1.0
0.67
-2.67
0.33
1.67
1.33
-2.33
-2.0
-0.67
2.0
-2.0
0.0
-0.67
0.33
0.33
2.0
4.67
0.33
-2.0
2.0
-3.67
-2.0
1.0
1.0
-1.67
5.67
-2.33
0.0
-5.67
-6.0
0.33
2.0
-4.67
3.33
-3.0
3.33
-1.33
2.67
-2.0
4.67
-1.33
3.67
3.0
0.67
-1.67
-3.67
-0.67
-3.67
-3.67
-2.67
-2.0
-1.67
-4.33
4.33
0.0
3.67
0.33
2.67
4.33
6.33
12.67
0.33
-0.67
3.67
-2.67
9.67
1.67
-9.33
0.67
-3.0
5.67
-2.67
-3.0
6.33
-1.0
2.33
2.67
2.67
-3.0
2.0
2.33
-4.33
-2.33
-1.0
0.0
0.33
3.0
-1.33
3.33
2.67
-0.67
1.33
-1.33
-1.67
2.67
-3.0
12.67
0.0
0.0
3.0
0.0
2.67
2.67
8.0
3.0
2.33
-5.0
3.67
2.33
0.67
-1.33
0.33
2.67
-3.67
1.67
-1.33
4.33
1.33
3.67
-2.0
6.33
-5.33
3.67
9.67
3.0
7.0
2.0
4.33
4.67
1.33
-4.33
-0.33
0.0
3.67
-4.0
0.0
4.0
3.0
-9.0
1.0
0.33
3.33
3.67
1.67
-1.33
2.0
7.33
-6.67
-1.0
6.67
-7.67
2.33
2.33
2.0
0.33
2.33
0.0
8.67
0.0
5.33
3.67
4.33
-0.67
4.0
1.67
4.33
2.67
2.67
6.33
-1.67
1.0
6.0
-3.0
5.33
-4.0
-0.67
5.0
4.33
2.33
0.67
3.33
-3.33
-3.33
1.33
1.67
1.0
-1.67
5.0
-2.33
0.0
-2.33
-4.67
-3.33
-1.0
-0.33
3.67
-0.67
4.0
4.67
1.67
-2.33
-1.0
-5.0
1.33
4.67
2.0
8.33
7.33
0.0
4.0
-5.33
-1.0
1.67
2.33
-8.0
1.67
0.0
-0.67
4.0
-0.33
2.0
3.33
-2.0
3.0
2.67
1.0
-4.33
-1.33
4.33
-1.0
-0.33
1.67
-0.67
-4.33
2.67
-2.0
2.33
3.0
4.67
5.67
3.0
-1.67
-7.33
3.33
5.33
4.33
1.0
3.33
1.0
4.33
-5.33
1.0
-3.0
-6.0
3.0
2.0
-7.33
3.33
-1.0
3.67
-4.0
4.0
-1.67
1.67
3.33
-0.67
5.0
0.67
-1.0
-0.33
1.33
4.33
0.33
3.67
7.67
-2.0
7.33
3.0
-1.0
1.33
0.0
-6.67
0.33
4.0
8.33
-0.33
1.0
4.0
0.33
2.33
-3.33
-1.0
4.0
-0.67
0.67
-1.0
-3.33
2.67
4.67
5.0
-4.0
-0.33
-2.0
0.0
1.33
2.0
3.67
-0.67
-1.0
2.67
3.0
0.67
3.67
-4.67
1.33
-1.33
6.67
-0.67
2.67
-2.33
3.0
1.33
4.67
-3.33
-4.33
7.67
-0.67
-4.33
0.67
1.0
3.0
-1.33
0.33
4.33
2.67
1.0
-2.33
3.0
-1.67
-0.67
-0.33
4.67
0.67
-2.33
-1.33
-2.0
1.0
-1.0
-3.0
5.33
7.33
5.67
5.0
-1.33
0.67
2.67
-4.67
-1.0
-4.0
2.33
-2.0
0.33
2.0
0.67
3.67
5.0
3.67
1.0
-1.0
1.0
-4.0
4.33
2.67
1.0
1.33
-0.67
-3.33
-0.67
4.0
1.0
2.67
-4.67
2.33
-0.33
1.0
3.33
-3.0
1.67
1.0
-3.33
0.0
-4.0
-1.33
1.0
-0.33
-3.0
-1.0
3.67
-6.0
0.0
-2.67
0.33
6.33
-3.67
-2.33
8.0
6.33
-2.33
1.33
1.0
-1.33
1.0
0.67
2.67
0.33
1.67
-3.67
0.33
-4.67
-2.67
-1.0
-1.33
3.33
-1.67
4.0
-0.33
-1.33
0.0
0.33
-1.0
1.33
-1.0
-0.33
2.33
0.67
0.33
-1.33
-1.33
0.33
1.67
-1.0
-3.67
0.0
4.33
-5.67
-1.0
1.67
0.67
-0.67
-0.33
1.67
10.67
4.33
-2.0
-1.67
-3.67
2.67
2.0
-1.67
-0.67
3.67
-0.67
-1.33
-5.67
-3.67
0.0
4.67
-4.0
5.67
-3.33
3.0
0.0
0.33
2.33
-1.33
2.67
-3.33
-1.0
-2.0
0.33
-1.67
2.33
-0.67
0.0
0.0
-4.0
1.67
-1.67
-1.0
-2.33
-1.0
-0.67
1.0
3.33
-3.33
-2.0
0.67
2.33
3.0
-1.0
-5.0
-0.67
1.0
2.33
-0.67
-2.0
3.33
-4.67
-0.33
1.33
-2.0
1.67
1.0
0.67
-3.33
0.67
-1.33
3.33
2.67
1.67
1.33
-2.33
-1.67
-0.33
-2.33
-4.33
-3.67
1.0
1.67
-3.33
-0.33
-2.33
-2.67
4.33
-0.67
-5.33
5.33
-3.33
-1.33
-1.33
-1.67
0.67
0.33
-0.67
-2.0
0.67
-2.33
-4.0
-2.67
-6.67
-4.33
1.33
-3.67
0.0
0.67
2.0
-3.67
-5.67
-2.33
-6.33
3.33
-0.33
-0.67
-2.0
1.0
2.0
-1.33
-0.33
1.0
-1.33
0.67
1.33
1.67
2.33
3.33
-0.67
3.0
1.0
-3.67
-3.67
-5.33
0.33
-7.0
-1.0
-2.33
0.33
-5.67
3.0
-3.67
0.0
-1.33
-4.67
-4.33
0.0
-2.67
-0.67
-2.67
2.33
2.0
-0.67
-1.33
-2.0
-4.67
-3.0
-0.67
-1.67
-3.67
-1.67
-0.67
-3.0
-2.0
1.67
-2.33
1.67
-6.33
-7.0
3.0
-3.33
-0.67
-6.33
0.33
-5.33
-4.33
1.33
4.0
-7.33
-1.33
-4.33
-1.67
-3.67
4.0
-1.33
-4.0
4.33
-6.67
0.67
-0.33
-4.33
-0.33
-3.33
-4.0
4.67
-6.33
-7.33
-3.67
7.33
-0.33
-1.33
-6.67
-6.0
3.67
-4.67
-4.33
1.0
-5.67
-1.33
-1.67
-1.0
-4.33
1.33
-1.67
-1.0
1.33
3.0
-1.67
-6.67
-2.67
-6.33
-1.67
0.0
0.33
-4.0
-1.33
0.0
-10.0
-5.33
-3.0
-9.0
2.0
-1.67
-4.33
1.67
-1.0
-2.67
-5.67
2.67
1.0
-0.67
-3.0
-0.33
-2.67
-12.33
0.67
2.33
-0.33
-7.33
-1.67
-5.0
5.0
4.33
-6.0
-4.33
-1.33
2.0
1.67
-5.67
3.33
-1.33
0.33
10.33
0.67
-5.0
1.67
-1.0
-1.67
-0.33
0.0
-5.67
0.67
-5.67
-4.33
-0.67
-1.67
0.0
-3.0
5.67
2.0
2.33
-6.67
9.0
-4.67
-12.33
-6.33
1.0
1.33
-4.67
-7.0
-3.33
0.67
-5.0
-2.67
-4.33
2.0
3.0
-3.0
-5.33
-5.0
-2.0
-2.0
-6.67
4.0
1.67
-3.33
-6.0
-5.67
-4.33
-8.0
-3.67
-5.0
-7.33
-1.67
-10.0
-4.33
-8.33
0.0
-5.0
6.33
-2.0
1.33
-2.33
-5.33
3.0
0.33
-0.33
-8.33
-3.0
-0.67
3.67
-4.67
-3.67
-2.67
-3.33
0.33
1.0
-6.0
1.33
-10.33
-2.0
-3.67
4.33
-1.0
-2.0
2.33
4.33
-2.67
-4.67
-8.33
-3.0
-8.33
2.67
-4.33
-3.67
-5.33
-5.0
-6.33
-4.67
1.33
2.33
-6.67
-4.0
-3.33
4.0
-0.33
2.67
-11.0
-1.67
3.0
-0.67
-3.33
2.0
-4.0
2.33
-0.33
-10.33
-3.33
-9.33
4.67
-0.67
1.33
11.0
-1.0
6.67
0.0
4.0
4.0
-2.67
-1.33
10.67
7.0
-4.33
3.0
-1.33
-4.0
-5.67
2.33
2.67
-3.67
-2.67
-5.67
-8.67
-1.67
-3.33
-0.67
-3.0
-0.33
-5.0
-2.67
-1.0
-3.33
-2.33
0.67
-1.33
4.0
-6.33
-7.67
-4.0
-1.67
0.0
4.67
1.67
-2.67
2.33
2.67
4.67
-3.0
1.33
-4.33
-3.33
-3.67
0.0
-5.33
5.0
1.0
0.0
1.33
-7.33
-7.0
7.33
2.0
0.67
-2.33
-1.0
-7.0
-1.67
-4.0
-7.33
-0.33
-4.33
1.33
-9.0
0.67
-8.33
1.33
-1.67
9.67
-6.67
-7.67
-2.67
-4.67
1.33
-3.0
7.0
7.67
6.33
6.0
-5.67
1.0
16.33
-4.67
11.0
14.0
12.33
25.33
11.33
33.67
8.33
10.67
28.0
27.33
24.0
21.0
29.0
24.0
25.33
27.67
27.0
41.0
33.0
49.67
26.67
17.67
16.0
31.33
17.33
21.33
15.33
2.67
15.0
8.0
13.33
7.33
0.67
0.33
13.0
8.67
4.67
8.67
7.0
0.0
3.0
11.67
-8.67
-6.0
9.33
4.33
6.33
3.33
5.0
9.33
-4.67
-1.0
8.0
13.0
4.67
4.67
0.0
13.0
2.0
7.33
-2.0
15.67
0.0
8.33
3.33
-4.33
-11.67
13.0
7.0
2.33
0.0
0.0
1.33
6.67
-3.0
9.67
8.67
12.67
4.33
-1.33
6.33
3.33
5.33
8.0
7.0
7.33
3.67
4.33
3.33
12.0
-0.67
6.33
5.0
-2.0
4.0
5.67
5.0
5.67
3.0
3.33
-2.67
3.0
4.0
4.0
6.67
5.0
-4.0
1.67
6.0
4.33
3.0
9.67
4.33
-0.33
-0.67
11.0
-4.67
6.33
8.0
6.67
-5.0
4.67
7.0
19.33
8.67
12.33
4.0
2.67
-3.67
-5.0
8.33
10.0
2.0
-6.0
9.33
6.67
5.33
10.33
-1.67
7.0
-0.67
3.0
-0.33
14.0
12.0
9.0
-2.0
7.67
2.0
3.67
6.67
4.67
1.67
9.33
9.33
10.67
-12.33
11.33
4.67
2.33
-5.0
12.67
2.33
8.0
4.33
-6.33
9.33
9.67
-1.0
2.33
9.0
5.0
6.0
-1.0
-2.0
3.33
15.0
6.33
-3.67
10.0
-0.67
7.33
6.67
2.0
5.67
2.0
13.0
3.67
4.33
20.33
12.67
-4.67
2.33
9.33
3.33
6.33
3.33
15.0
6.33
11.0
7.0
13.0
11.33
2.33
8.67
14.67
15.33
4.67
3.0
11.67
1.0
8.0
11.33
11.33
8.67
20.67
6.67
0.33
-2.67
11.0
-3.0
7.0
10.33
7.33
3.33
0.67
11.0
4.67
17.33
-0.67
13.67
8.33
7.0
-2.0
9.67
2.0
-1.67
8.67
7.33
6.33
3.0
13.0
0.0
11.33
0.0
2.67
11.33
6.0
6.33
10.0
1.67
11.67
3.33
6.67
6.33
16.67
10.0
17.33
8.67
12.0
9.33
15.0
1.67
17.67
17.67
12.0
28.67
12.67
22.0
27.33
38.0
41.33
23.67
40.0
61.33
62.67
56.33
94.33
86.0
111.67
123.33
155.33
127.0
196.0
185.33
202.33
227.0
253.33
264.33
221.67
267.0
316.0
304.67
299.33
284.67
303.67
318.33
300.33
273.0
242.0
312.33
237.33
246.33
229.0
198.67
196.33
177.67
186.33
111.33
110.67
108.0
102.67
73.33
48.67
53.33
27.67
51.0
26.33
39.67
8.33
25.33
19.0
20.67
11.33
12.0
9.0
13.33
2.33
9.0
6.33
17.67
8.67
12.33
6.33
10.67
6.33
-0.67
5.33
19.67
-2.67
-2.33
7.67
-4.67
21.67
6.67
14.33
8.67
9.33
10.33
-3.67
-3.67
6.67
-10.33
11.33
10.0
12.0
19.67
8.33
14.33
14.67
1.67
-2.33
12.67
0.0
6.0
-1.33
6.33
18.67
11.67
5.0
6.0
4.0
0.67
7.67
9.0
13.33
-2.67
13.0
15.67
17.67
13.33
-2.67
14.0
15.0
12.67
-2.33
6.33
-0.67
-4.33
14.33
17.0
13.33
-6.33
0.0
11.67
-4.0
5.33
1.0
3.0
6.67
5.33
0.33
8.0
1.67
12.0
9.67
1.67
3.33
11.33
9.67
-10.0
5.67
2.67
10.67
-3.0
10.67
9.67
11.0
14.67
12.67
7.33
1.0
5.0
3.0
8.67
-1.67
8.33
15.0
-0.67
1.33
0.67
4.67
8.33
1.33
15.33
0.33
9.67
-2.33
0.0
-6.67
5.0
3.0
9.0
11.0
5.0
7.0
16.67
-8.67
-2.67
1.67
1.67
3.0
1.33
-0.33
8.0
4.67
11.33
-0.33
-4.67
7.33
5.0
3.67
6.67
1.0
16.67
4.67
-1.33
-2.67
7.67
4.0
-5.0
2.0
-1.0
10.33
-5.33
-0.33
-1.33
18.0
-1.0
1.67
3.67
10.67
11.67
-6.67
11.67
-2.67
5.0
11.33
12.0
10.67
-4.33
-0.33
14.0
12.67
-8.33
10.33
10.33
-4.33
8.0
13.67
-0.33
0.33
-0.33
-7.33
0.0
15.33
5.33
9.33
5.67
3.67
4.33
-2.67
8.0
3.0
-4.0
12.67
0.0
8.0
5.67
-8.67
-0.67
-2.33
8.33
4.0
6.0
11.33
-3.33
-0.67
8.0
1.0
-5.33
8.0
4.33
11.33
-1.67
6.33
-10.67
1.67
-5.67
-0.67
14.0
13.0
-2.0
11.33
14.33
-3.0
-15.33
-4.0
0.67
16.0
7.67
15.67
-4.33
5.67
-1.67
5.0
22.67
0.0
5.0
-2.67
7.67
5.0
19.0
1.0
2.33
3.33
5.33
9.0
8.67
4.33
-1.33
4.67
-6.33
7.33
13.67
0.0
20.33
8.33
3.33
6.0
-7.0
13.0
0.33
7.67
6.0
18.0
15.0
6.33
14.33
6.67
11.0
11.33
3.67
19.33
3.0
4.33
8.33
4.33
2.67
4.0
6.33
-1.33
8.67
5.0
-4.33
4.0
-6.67
-3.33
3.67
4.67
9.33
-6.0
0.67
-3.0
7.33
3.33
0.67
2.0
0.0
1.0
0.0
4.33
-2.67
11.0
7.0
14.33
5.67
-5.67
8.0
16.33
-5.33
-0.33
2.67
-7.67
2.0
1.0
4.0
4.67
0.33
1.0
2.67
8.0
11.33
9.67
10.33
15.67
-1.0
-3.0
2.33
-6.67
2.0
4.33
6.0
-9.67
-7.0
16.67
-5.0
5.33
-7.0
6.67
10.33
-4.33
-0.67
10.0
12.33
-3.0
11.67
-0.33
6.0
5.0
2.33
-11.0
-2.0
-1.0
-2.0
8.0
3.33
-1.0
12.67
2.67
-2.0
-11.0
5.33
1.0
-12.33
-1.33
-0.33
-4.33
8.67
-3.67
6.33
-7.0
10.0
3.33
4.67
-0.33
2.67
4.67
11.67
5.33
4.0
7.67
8.0
-5.67
0.0
-1.67
4.67
-2.33
9.67
-2.67
5.0
9.33
0.0
0.0
6.67
8.33
15.33
20.0
9.0
-1.0
0.0
13.0
8.67
3.0
9.67
8.67
15.33
2.67
13.0
3.0
11.33
-2.0
7.33
9.0
14.33
5.0
15.67
8.33
15.33
5.33
8.67
12.67
5.67
3.33
-4.33
8.0
1.67
5.0
1.67
3.33
-7.33
-1.0
-2.67
-4.0
-0.67
-2.33
-2.0
-0.33
-4.67
13.0
-1.33
3.67
0.0
1.33
3.67
5.0
-0.67
-1.0
-5.67
1.67
9.67
1.33
-1.0
1.0
-2.33
2.33
-3.67
1.67
-10.33
-0.67
1.67
4.0
-3.0
-2.67
-2.0
-5.67
9.0
5.67
2.33
-4.67
14.67
-6.33
2.33
1.33
4.67
1.0
2.0
4.33
-8.0
-7.33
6.33
4.0
1.33
2.0
1.0
5.67
-0.67
4.33
7.0
-4.33
6.0
4.33
-6.33
4.0
-1.33
0.33
11.0
-3.33
-4.0
5.0
1.67
0.33
-11.67
0.0
-3.67
3.0
-3.0
1.0
4.33
-1.33
7.0
-2.0
2.33
-4.67
-2.0
-6.33
-7.67
-4.33
-4.0
2.0
-3.0
-0.67
1.0
3.67
-4.0
9.0
4.67
2.67
1.67
3.67
-1.67
4.33
-3.33
1.67
2.67
-3.0
-2.67
-10.0
-0.67
1.0
-5.67
4.0
-2.33
12.0
4.33
-5.67
5.0
9.33
-0.67
4.33
0.0
5.67
-0.33
4.0
16.33
9.67
2.67
0.67
5.0
8.0
6.0
5.33
2.67
1.33
3.0
9.33
8.67
1.33
8.0
1.67
2.0
10.0
2.33
-3.0
10.0
-2.0
4.67
7.0
5.67
-2.67
3.33
-1.67
-3.0
6.0
6.33
3.33
-6.33
-3.67
0.0
-0.67
4.67
3.33
2.33
7.0
0.67
-2.67
2.33
3.33
-1.33
7.33
1.0
-8.33
-2.0
-0.33
-6.0
-1.33
-0.33
3.33
2.67
5.67
3.33
-1.33
-1.33
0.0
-4.33
-4.67
7.67
-0.33
-1.33
-9.67
4.67
2.67
-4.67
-4.33
-3.33
-1.33
-1.67
-2.67
1.33
5.67
0.0
-2.33
0.33
9.0
5.33
3.67
2.33
0.67
7.33
-0.33
-0.67
-0.33
4.33
2.33
-2.67
-1.33
2.67
-0.67
-0.33
6.67
-2.67
6.33
-7.67
0.33
3.0
-3.33
-1.67
1.67
-1.0
1.0
-3.67
11.67
-1.33
-0.33
1.67
-1.67
0.67
-2.67
1.33
-1.33
3.33
9.0
1.33
1.0
-5.33
3.0
-1.33
6.33
3.67
-0.33
3.0
-5.33
2.67
10.33
3.0
-0.67
-4.33
-0.33
-0.33
-1.33
1.33
-0.67
1.0
-2.0
1.67
0.67
-5.33
9.0
0.33
2.0
4.0
5.67
9.33
-1.67
3.67
-0.33
