0.0
18.0
-76.67
4.67
70.33
-22.0
55.67
25.33
13.67
-31.33
105.33
44.0
9.33
-28.33
11.0
44.67
-9.33
23.67
21.0
-4.33
8.33
-20.33
41.33
-0.33
6.67
2.33
-12.67
13.0
0.33
-16.67
6.67
2.33
-6.0
-1.33
-0.33
-0.67
0.0
-1.33
0.0
-0.67
1.67
0.0
-0.33
1.0
2.33
0.67
2.0
1.67
-1.0
0.0
1.0
1.0
-0.67
-0.67
1.0
-0.67
0.67
0.0
1.0
-0.33
-0.33
1.0
0.67
-0.33
0.0
-0.33
0.0
1.0
2.0
0.0
2.0
0.67
0.0
1.0
0.0
-1.33
-0.33
0.0
-1.33
-0.33
-0.67
0.67
-0.33
0.33
-0.33
-0.33
-1.0
-1.33
0.33
-0.33
0.67
-0.33
3.0
-1.0
-1.0
0.33
1.33
-1.0
1.33
-1.0
-2.0
1.33
0.33
0.0
1.67
0.33
1.33
1.67
-0.67
0.67
-2.0
4.33
1.0
-1.0
3.0
0.33
2.33
-0.67
-1.0
4.67
-0.67
-1.0
1.0
6.33
2.0
1.0
4.0
1.33
-0.33
3.67
4.0
2.33
-2.0
-0.67
2.0
-5.67
-0.67
0.0
1.33
3.67
2.67
6.0
4.67
-2.33
-1.33
0.0
9.67
5.33
-0.67
-3.67
6.33
-0.67
0.33
6.0
1.33
-0.33
-4.67
0.0
0.67
3.33
5.67
3.33
10.33
1.67
-1.67
1.33
6.67
3.33
6.67
8.67
-5.33
-3.33
0.0
1.67
4.33
3.0
3.33
0.0
0.33
0.67
-4.33
-5.0
11.0
6.33
-3.33
-0.33
1.0
5.0
6.33
5.0
4.67
2.33
3.67
-2.67
4.33
4.67
1.33
0.67
2.0
3.67
3.0
7.0
-6.0
3.0
-2.33
11.67
-5.0
2.0
2.33
6.0
-0.33
2.33
5.67
3.67
6.33
6.67
3.33
2.67
-0.33
2.33
2.33
0.67
6.0
7.33
4.67
0.67
10.67
10.0
0.0
-1.0
4.33
3.67
7.33
0.67
7.67
6.0
0.67
3.0
1.0
3.0
5.0
-5.0
-3.0
3.33
6.33
1.67
2.67
3.67
8.0
2.33
-6.67
2.0
10.67
-0.67
1.33
4.33
1.0
1.33
-0.67
-1.0
8.67
3.0
-2.67
-2.33
1.33
-1.67
3.0
3.67
2.33
3.67
5.67
4.33
6.33
3.0
7.0
-2.0
10.33
14.0
9.33
1.0
9.33
0.33
6.67
-3.67
-0.33
8.67
3.33
3.67
7.0
4.33
8.0
6.67
5.0
-1.33
-0.67
-3.33
2.0
4.67
7.67
-4.67
1.0
5.67
-1.33
4.67
7.0
2.0
1.33
4.67
-4.0
4.33
6.33
1.0
11.0
-7.33
5.0
7.67
2.33
6.0
7.67
11.0
-0.67
3.0
4.67
4.0
-0.67
5.0
3.0
-2.33
6.0
4.67
1.67
1.33
-2.0
0.67
3.67
0.33
9.67
-0.33
9.0
2.33
1.0
1.67
2.67
-3.0
-3.67
-2.33
11.33
4.33
4.33
3.0
1.33
-7.0
7.33
-2.33
3.0
2.0
-1.0
0.0
0.0
-2.33
7.33
1.0
-4.33
7.0
0.0
2.33
3.67
3.33
8.33
3.0
4.67
6.0
-1.33
4.33
4.33
-2.67
2.67
1.67
3.0
5.33
-1.0
1.0
-2.67
-2.0
-2.67
2.33
3.0
0.33
9.67
6.0
3.0
-6.67
2.33
-0.33
-1.0
10.0
2.33
8.67
5.0
-2.33
5.67
9.67
8.0
-1.0
2.67
8.0
-1.0
4.33
5.0
-2.33
4.33
-7.0
0.67
4.0
3.67
0.67
0.33
3.33
-4.33
1.67
-2.67
4.67
1.67
3.0
1.33
1.67
-2.33
2.67
4.67
0.33
7.67
4.67
11.0
5.0
8.67
-0.67
-2.67
3.67
3.0
-0.33
4.0
1.33
1.33
1.67
2.67
3.67
6.67
0.67
0.0
3.0
3.0
2.0
-1.67
2.33
6.67
6.0
2.67
-2.33
-0.33
-0.67
-1.0
0.0
2.33
0.0
2.33
2.0
4.67
0.67
10.0
6.67
-5.0
-1.0
5.0
2.0
3.33
-1.33
-1.0
-0.67
6.33
-4.33
5.33
7.0
0.0
2.67
2.33
-3.67
1.67
4.0
3.33
-4.0
7.67
6.0
-2.33
-4.0
0.0
-3.33
-4.0
3.67
2.0
0.0
-2.33
0.0
-1.0
-1.67
-0.67
-0.67
1.33
0.67
12.0
3.33
5.67
0.33
0.0
-2.33
-1.0
2.67
-0.33
5.33
4.67
0.33
1.33
-1.67
-0.67
3.0
-0.33
4.33
5.33
-1.0
0.67
-6.33
2.0
-0.67
-2.0
0.33
2.0
1.67
0.33
-4.33
-1.67
5.67
3.67
6.33
1.67
-1.0
5.33
1.0
-3.67
-5.67
-1.0
0.67
1.67
5.33
2.67
0.67
1.67
-1.67
1.0
-1.67
0.33
1.67
2.0
0.33
1.33
-1.33
-3.67
4.67
-2.67
1.33
0.0
3.67
-2.0
1.67
-4.33
2.0
3.0
-3.67
2.33
6.67
-0.33
2.67
1.0
-3.0
1.33
-1.67
2.33
0.33
9.0
3.0
2.0
-4.33
1.33
2.0
-3.33
-2.0
2.33
-3.0
2.33
2.67
1.0
-4.33
-3.67
2.0
0.0
-3.0
1.33
7.0
-1.67
1.33
1.0
-0.67
-2.67
2.67
-1.67
2.0
1.67
1.0
3.67
0.67
-0.33
5.67
1.33
3.67
3.67
0.33
-2.33
3.33
3.67
-0.33
0.67
-0.67
0.0
2.67
-2.33
3.67
0.67
-1.67
-2.67
3.33
-2.33
4.33
-1.33
3.67
0.67
0.33
0.67
-3.67
-2.67
-1.0
-0.33
0.67
4.0
-0.67
-0.67
0.67
3.33
-0.67
0.0
-3.33
1.0
-1.67
-0.67
-0.33
-3.33
-0.67
0.67
1.33
-3.0
2.0
0.0
-2.33
-1.33
2.0
-6.33
3.67
-3.67
-3.33
2.33
2.33
-1.67
3.0
1.0
-0.67
-3.67
0.67
1.33
-4.0
-5.0
1.67
-3.67
0.33
4.0
-5.67
-3.0
-1.33
1.33
-2.33
0.0
-2.67
-1.67
-5.67
2.33
-5.0
-0.67
-4.33
1.0
2.33
1.0
-2.67
-5.67
-6.67
-5.67
-9.67
-8.0
1.0
-3.33
-2.33
2.67
-2.33
-6.0
-6.0
4.67
1.33
-2.33
-1.67
-0.33
-3.33
2.33
-3.0
-5.33
-3.33
-1.33
-4.67
-1.67
-7.0
-2.33
-2.0
2.33
1.33
-0.33
-2.33
-5.33
-5.33
-0.33
-2.0
0.67
1.67
-6.33
1.33
5.33
-4.33
-8.33
-5.67
-3.0
-5.33
-4.67
-5.33
2.0
-1.67
-3.33
-5.67
8.0
-4.33
-0.67
-7.67
-5.0
1.33
3.0
-3.67
-4.67
0.33
-4.33
0.33
-2.0
-2.67
1.0
-0.33
1.0
-9.0
-5.33
0.0
-6.0
1.0
-0.67
-2.33
0.67
5.0
-5.67
-3.67
-1.33
-2.0
-6.67
-2.0
-3.33
-1.67
-11.33
7.67
3.33
1.67
-4.33
4.33
6.0
9.0
9.33
7.0
-0.33
10.67
16.0
8.67
7.33
25.33
27.67
22.33
21.33
22.67
26.0
19.67
2.0
19.33
13.67
13.0
9.33
14.67
11.33
7.67
10.33
13.33
13.0
2.0
4.67
1.0
-7.67
-5.67
-6.0
-1.67
-4.33
2.67
0.0
7.33
-0.67
-6.0
-5.33
3.67
-8.0
-3.67
8.67
2.0
4.0
3.0
-4.33
5.0
1.0
5.0
-11.67
-3.0
2.67
0.67
-1.0
-10.67
-2.33
-12.0
-5.67
-6.0
-5.33
-7.67
-1.0
-9.33
-5.33
-3.0
-6.0
0.33
0.0
-8.67
-6.33
-7.33
-7.0
2.33
-6.33
-0.33
-3.0
-2.67
-2.33
-0.67
-4.67
0.33
-9.33
1.33
-10.0
-1.0
-0.67
-11.33
-10.0
-0.67
-7.67
-4.0
0.0
-5.67
-0.67
-1.67
-10.67
0.67
-1.0
-6.33
-6.33
-2.33
-1.67
0.67
-2.0
-4.33
0.33
-1.67
-0.67
-0.67
1.0
-1.33
0.0
1.67
-5.33
-6.0
-7.67
2.0
0.33
0.67
6.0
-5.0
-1.67
-5.33
-5.33
-7.33
-4.33
0.67
-10.67
-4.67
-4.0
-1.0
-1.33
-5.0
-8.0
6.0
-5.67
-1.33
-5.33
1.0
-3.33
2.0
1.67
-5.0
-13.67
-7.67
-8.33
4.33
-3.67
-5.67
-4.67
-3.67
-2.33
3.33
-4.0
-1.33
-3.0
-6.67
-5.0
-4.33
-4.33
-3.33
-5.33
8.0
3.67
5.33
-5.0
1.33
-3.0
1.67
-4.33
-9.67
-3.67
4.67
1.67
-7.0
-4.67
-0.33
0.67
-3.67
0.0
-8.33
-4.0
2.0
2.0
-0.67
-5.33
-11.0
2.33
-2.0
-1.33
-1.33
4.0
-2.0
1.33
6.0
-8.33
-4.33
0.67
6.33
-5.0
-2.33
-6.33
3.33
-3.67
2.67
-3.67
0.33
-0.67
-7.67
4.33
-7.0
1.0
2.67
2.33
2.0
8.33
2.0
3.33
-3.67
-6.0
4.0
-0.67
5.33
15.33
8.67
8.33
9.67
19.0
15.33
11.0
7.0
22.0
8.0
2.33
12.67
18.0
12.0
16.0
8.67
12.67
21.67
4.0
10.33
3.33
11.33
-0.67
2.67
0.0
0.0
4.33
6.33
9.67
0.33
-5.0
5.67
4.67
-2.33
8.0
2.0
6.0
-0.33
7.33
3.0
1.33
6.33
-6.67
-1.67
-5.0
7.33
6.33
1.0
6.0
3.0
-7.33
2.67
2.0
6.0
2.0
0.33
-3.0
3.67
4.0
9.33
-3.67
-4.33
-8.67
13.0
9.0
3.33
-6.0
7.0
11.33
-1.33
-2.0
8.67
7.67
10.67
-2.67
4.67
11.33
11.33
2.33
4.0
8.0
2.33
5.67
13.33
6.33
1.0
-4.67
7.33
5.0
-2.0
3.0
4.67
-1.0
8.67
5.0
4.33
-2.67
0.0
-4.0
5.0
5.67
8.0
-1.0
3.67
3.0
3.33
1.0
13.67
12.33
0.67
8.33
8.0
-1.67
4.33
1.0
7.67
11.0
0.67
21.0
15.33
23.67
3.33
4.0
3.67
11.33
0.0
4.33
0.0
7.0
12.0
9.33
-0.33
7.33
8.33
-0.67
13.0
-3.67
5.0
13.67
1.0
6.0
4.0
8.0
6.67
14.0
10.67
14.67
9.67
11.67
-0.67
13.33
5.67
3.67
19.33
10.67
2.33
19.0
8.67
-0.67
3.0
19.33
-7.33
6.33
5.67
3.0
8.33
19.0
8.0
-3.0
5.0
5.0
11.33
10.0
8.33
6.33
9.0
-3.67
7.33
3.67
-3.0
1.67
12.0
1.0
12.67
-2.67
10.33
5.67
-1.67
5.33
8.33
0.33
13.33
-2.67
3.0
9.33
20.0
4.0
2.0
2.33
-2.67
8.67
4.67
6.33
8.67
7.0
1.67
5.0
9.0
1.33
12.33
10.67
4.67
5.67
8.33
14.33
-3.0
4.0
14.0
13.33
8.33
11.33
-5.33
5.0
2.67
5.33
3.33
10.67
11.33
7.0
6.0
5.67
4.0
-5.67
3.67
9.33
7.33
18.0
16.0
9.0
10.33
11.0
5.67
13.33
14.0
7.33
13.0
14.67
10.67
8.33
12.67
13.33
22.67
15.0
13.33
7.67
10.0
6.33
15.0
10.67
18.67
15.67
11.0
19.67
15.67
28.0
18.33
22.0
22.33
19.67
9.0
22.33
16.67
14.33
22.33
25.0
41.67
35.33
44.33
38.0
62.0
70.33
65.33
76.0
55.33
72.33
94.67
99.0
94.0
105.67
88.33
89.67
91.67
97.33
102.33
78.0
101.0
98.33
92.33
89.33
64.0
82.67
65.33
54.67
69.33
30.33
41.67
19.0
34.67
34.33
23.67
21.33
21.67
26.0
15.33
19.67
7.33
25.33
7.0
4.67
9.33
7.0
5.0
17.33
17.33
16.0
9.33
19.67
11.67
8.33
2.33
-4.33
3.33
-2.67
5.33
10.67
5.33
11.67
-4.33
0.33
5.67
9.67
10.33
10.67
18.33
8.33
1.33
7.33
1.67
-6.33
16.33
10.0
11.0
19.67
12.33
18.33
17.67
15.67
-5.33
2.67
12.0
17.0
-0.33
2.33
4.67
17.67
10.0
9.0
23.0
-2.33
1.67
2.0
-0.67
20.33
9.0
2.67
8.67
16.33
-9.67
14.0
17.0
17.67
11.67
11.33
11.33
8.67
9.33
18.0
-0.67
-0.33
9.0
16.67
3.0
14.33
6.0
-1.0
17.67
0.33
7.33
-3.0
5.67
10.0
-3.33
-6.33
10.33
1.33
8.67
-4.0
1.67
14.67
1.67
12.0
8.67
11.67
7.0
9.67
1.67
-1.67
4.0
6.0
12.0
6.67
1.33
8.33
-2.0
21.33
11.33
-0.33
11.67
15.33
4.33
22.33
8.33
4.67
12.67
8.0
8.33
0.0
8.0
5.0
0.0
-8.0
2.0
12.67
1.33
-8.67
17.67
11.67
-1.0
-0.67
0.67
4.0
13.67
5.33
12.67
16.33
20.33
13.0
-10.33
17.67
6.0
13.67
10.67
4.67
13.33
12.67
10.0
4.0
16.0
17.0
2.33
12.67
-0.33
16.67
31.0
9.0
24.67
15.67
16.67
11.67
27.33
33.67
4.33
15.0
8.33
25.0
27.67
18.67
18.67
25.0
26.67
18.67
10.33
28.33
33.67
18.0
13.67
36.67
35.33
16.67
27.67
22.0
25.33
27.33
29.33
10.67
14.67
21.33
28.33
15.0
10.0
19.0
11.67
13.0
11.0
3.67
15.33
11.33
1.67
2.33
10.0
11.0
19.33
-11.33
-6.67
12.0
14.0
0.67
8.0
-6.67
8.33
9.33
9.33
1.33
2.67
-4.67
3.33
13.0
7.0
6.0
3.33
11.33
11.0
-8.33
2.0
15.67
20.0
17.67
10.67
-4.33
3.67
13.33
-5.0
14.67
7.0
-2.0
2.33
6.67
7.0
18.0
-2.0
-0.67
8.33
9.33
3.0
2.67
12.33
9.67
4.67
18.67
-5.67
21.67
-3.0
14.33
6.33
5.33
12.0
-2.0
12.0
0.33
2.67
-9.0
23.0
21.0
3.33
3.33
0.67
9.0
16.33
8.67
13.33
7.0
-0.67
1.33
4.33
4.67
0.0
8.33
1.67
1.67
-5.0
5.67
6.0
-7.67
-11.33
4.67
3.67
20.33
2.0
3.67
5.0
0.33
-2.67
-2.33
-3.0
8.0
0.0
-1.0
-2.67
11.33
10.0
4.0
6.33
-6.33
-0.67
1.0
6.33
9.67
9.67
8.67
-2.67
-11.0
4.0
2.0
6.67
6.33
10.0
1.67
7.0
11.33
6.67
3.33
12.67
5.0
-1.0
-1.67
-4.67
8.0
5.33
0.0
-4.67
7.0
5.67
3.0
-0.67
2.0
11.67
-0.67
14.67
2.33
6.0
8.33
5.0
-3.33
0.67
-1.0
6.0
6.33
7.0
3.0
0.0
-5.0
4.0
8.33
-1.0
0.67
8.67
4.0
1.0
10.33
1.0
1.67
2.67
10.67
1.67
-0.33
7.33
6.33
5.0
10.0
13.33
5.67
2.67
2.67
2.67
0.67
0.33
11.0
13.67
1.0
7.33
7.0
8.33
2.67
5.67
0.67
1.33
-3.0
-1.67
2.0
-2.0
5.67
-3.67
6.33
22.0
6.0
1.0
-1.0
2.0
15.67
-6.0
7.67
6.67
15.33
11.67
3.0
8.0
2.33
-5.0
3.33
10.0
-0.67
0.0
3.67
6.33
8.33
2.33
2.67
0.67
6.67
-3.67
-0.33
-2.0
-4.33
10.0
-1.33
11.33
-1.33
0.0
-3.67
10.0
0.33
-1.33
-5.0
3.67
7.33
2.0
9.67
1.67
-2.0
1.33
16.67
1.0
-0.67
-7.0
-6.67
-5.33
3.67
6.33
4.0
3.0
9.67
4.33
-5.67
5.67
3.67
3.33
3.67
-1.0
4.0
6.33
1.0
4.33
-2.0
-1.33
3.33
-5.67
-0.33
-1.33
-2.67
-9.67
7.67
-1.0
8.0
1.33
3.0
0.67
0.33
-1.0
8.33
0.0
3.0
6.67
5.33
2.33
0.0
1.67
3.0
2.33
-5.33
8.0
1.67
9.33
1.0
4.67
2.0
1.0
-0.33
-1.67
3.33
7.0
4.33
-3.0
10.0
1.0
2.33
-4.33
4.0
2.0
2.33
-5.67
-8.0
-5.33
2.33
-7.33
1.0
9.0
7.0
-0.67
6.0
5.67
-1.0
6.0
1.67
-3.33
-6.33
-0.33
-0.67
20.33
0.67
11.67
12.67
0.0
-4.67
-5.0
4.33
11.0
-0.67
1.0
-4.33
-4.0
-1.67
3.33
2.0
1.33
5.33
-2.67
6.0
0.67
0.67
5.0
7.33
6.67
-0.33
2.67
7.0
4.0
3.0
-1.67
1.67
6.33
9.0
6.33
3.67
7.33
-5.0
8.67
2.0
6.0
-0.67
4.0
6.0
6.0
-1.33
10.0
7.67
5.33
5.33
4.33
0.0
4.0
5.33
4.33
-1.33
7.33
-1.0
2.33
3.67
4.33
7.33
-2.0
2.67
0.33
2.33
0.33
-1.33
3.33
6.0
0.67
3.0
1.67
5.0
2.67
7.67
3.33
2.67
-0.33
4.33
0.67
3.67
1.0
-1.33
8.33
4.67
-0.33
1.67
-2.67
3.67
-8.33
4.33
-1.33
-4.33
-3.33
7.33
4.33
-0.67
-0.33
2.0
-0.33
6.33
5.0
-2.67
2.67
-1.67
-0.33
-1.67
2.67
1.33
3.67
0.33
1.33
5.33
-3.33
1.67
-2.67
2.67
2.67
8.33
0.33
-6.67
0.33
-1.0
4.67
-1.67
7.67
-2.0
4.0
1.33
6.67
-0.33
6.67
2.67
6.33
2.67
-1.67
7.33
6.67
5.33
4.0
-0.67
2.0
-0.33
7.0
-0.33
8.33
13.67
-2.33
-3.0
-1.33
1.67
2.33
-1.0
-2.67
7.67
-3.33
2.67
2.67
-2.67
3.33
-4.0
2.0
-2.33
2.67
0.67
10.0
5.33
5.0
3.0
4.67
2.33
-4.67
1.67
-4.33
