0.0
-61.0
-67.67
60.67
12.33
-15.0
89.67
-77.67
-35.33
74.67
20.33
39.0
-11.67
-129.33
-16.0
-15.33
20.67
73.67
24.0
-59.33
-23.67
-11.33
16.33
8.67
-10.33
-15.67
2.33
22.0
22.33
2.33
-3.33
0.33
1.0
0.67
3.67
2.33
-2.0
-0.33
2.0
4.33
1.67
0.0
2.67
1.0
-0.67
-0.33
0.0
-0.33
-1.0
1.0
1.0
0.0
-0.67
-0.67
2.0
-0.67
0.67
2.0
0.0
0.67
0.67
0.0
-0.33
-0.33
0.0
0.67
0.0
0.0
0.0
0.0
0.0
-0.33
1.0
0.0
0.0
1.67
-0.33
1.0
-1.33
-0.33
-0.67
-0.33
-0.33
-0.67
0.67
-0.33
0.0
0.67
-0.67
-1.33
0.67
0.67
2.0
0.0
2.0
-0.67
0.33
1.0
0.33
1.0
-1.0
1.33
3.33
0.0
1.67
1.33
0.33
0.67
-0.67
-0.33
1.0
0.33
6.0
-1.0
1.0
-3.67
3.33
-2.67
4.0
1.67
-1.67
0.0
0.0
-0.67
4.0
0.0
-3.0
1.33
1.67
-0.33
-1.0
1.33
0.0
2.33
-2.0
-1.67
4.33
1.0
2.33
4.67
1.67
1.0
1.67
6.67
1.67
0.0
11.67
-1.67
-3.67
-3.67
2.33
4.33
-6.67
0.0
5.33
1.67
-5.67
-1.0
-1.33
1.33
-2.33
5.33
6.33
1.67
8.33
3.33
6.67
4.33
-1.33
6.67
1.67
1.67
-5.0
-0.33
4.33
8.0
-7.67
0.0
-4.67
2.67
6.67
-3.0
10.0
4.33
-0.33
-1.33
2.0
0.0
3.33
1.0
0.67
6.33
2.67
-4.67
7.33
7.67
2.33
3.67
0.0
5.67
6.0
3.0
-2.0
2.0
-2.33
-0.33
5.0
1.0
-2.67
5.0
-3.33
4.33
4.67
5.67
0.33
-1.33
6.33
9.67
5.67
2.33
0.33
9.67
-4.0
2.33
0.67
5.67
9.67
-1.0
7.0
2.0
7.33
-1.33
4.33
6.67
8.67
7.0
6.67
-4.0
-4.0
2.0
7.0
4.0
-1.0
5.33
4.33
6.67
2.67
-0.33
3.0
7.33
0.33
5.0
7.67
-4.67
4.33
4.33
-4.0
-3.67
5.33
-1.0
0.67
-1.0
2.33
0.67
1.33
1.33
7.0
4.67
-1.67
2.67
-2.33
5.33
-0.67
1.0
9.0
-2.0
6.33
-4.0
13.33
2.0
6.33
0.33
3.67
0.33
0.67
1.67
6.33
3.67
2.0
-0.67
-1.0
7.67
5.0
-1.33
-9.67
-1.33
4.0
-1.33
0.67
7.33
1.0
1.67
7.67
6.67
3.0
3.0
4.33
6.67
-4.0
8.33
9.33
9.0
5.0
-4.33
2.0
5.67
10.33
1.0
1.67
4.0
-5.67
4.0
-1.33
2.0
5.33
3.0
7.0
0.67
-1.0
9.67
1.67
4.33
-3.0
2.67
4.67
5.33
3.67
5.67
5.0
3.33
8.0
4.67
-0.33
3.0
0.33
-4.33
2.33
4.33
1.33
4.0
1.33
3.0
-0.67
-0.33
3.0
-1.0
5.0
6.0
8.0
-0.33
4.33
1.0
-3.33
1.0
10.0
1.33
0.67
0.33
6.33
5.0
4.67
3.0
-2.33
4.33
4.33
1.33
3.67
8.67
3.0
8.33
0.0
5.0
0.33
6.0
-8.67
0.33
3.0
1.33
0.67
3.0
0.0
-3.67
4.33
-4.33
-1.0
3.0
3.33
4.67
4.0
1.67
9.67
6.67
7.0
-1.0
-0.33
5.0
2.0
1.33
5.0
7.67
-3.67
1.0
9.67
9.0
3.67
6.67
-0.67
0.33
-1.33
5.67
5.33
1.67
3.67
5.0
-0.67
4.67
3.67
4.67
9.67
3.33
4.67
0.67
3.0
4.0
2.67
1.33
-0.67
4.67
-3.0
-1.33
5.0
4.33
3.33
3.67
0.67
2.67
-0.33
-2.33
-3.0
-1.0
6.0
1.0
-2.67
0.33
2.67
2.0
0.67
8.67
-3.33
6.33
3.0
2.0
4.33
0.0
6.33
7.0
2.67
3.67
3.0
-0.33
-1.0
-3.0
3.0
2.0
1.33
8.67
0.0
4.33
5.33
-3.33
1.33
-3.0
7.0
-0.33
-1.67
-1.67
5.67
2.0
4.33
3.0
-2.33
3.0
-3.33
-5.0
-3.0
-0.33
1.0
-1.33
1.0
-1.0
2.67
3.0
1.0
-0.67
-0.67
-1.67
1.33
0.67
5.0
0.33
0.67
3.33
-1.0
0.67
-3.0
0.67
4.67
4.33
-0.33
-2.67
-3.67
-0.67
3.33
-1.0
-0.33
3.33
3.33
4.0
3.67
-1.33
2.0
6.33
-2.0
-0.67
3.0
3.67
2.33
-4.33
-1.67
3.67
-0.33
4.33
1.67
0.0
-0.67
3.0
5.33
-4.67
-3.0
2.67
3.67
2.33
4.67
-0.33
4.67
-3.67
3.0
5.33
-0.67
7.67
0.0
9.33
1.33
-2.33
0.33
-1.33
0.33
0.33
1.0
5.67
-1.0
3.67
-6.33
5.0
2.0
4.33
1.33
3.67
3.67
0.67
1.0
-2.0
3.33
-4.67
0.33
-2.67
5.0
2.0
6.0
-2.33
-3.67
1.0
-3.33
0.0
-1.67
-3.0
0.33
-2.33
2.0
-0.33
-0.67
4.0
0.0
-4.0
-1.67
2.0
0.33
-2.67
5.0
0.33
-1.67
3.67
2.33
7.0
0.67
-1.0
4.67
5.67
0.67
0.67
3.33
0.67
4.67
1.33
-2.33
-1.67
0.67
-0.33
2.67
-2.67
1.0
4.67
4.67
-0.33
-0.33
-2.67
3.33
0.33
-2.33
3.33
1.67
-1.33
-1.33
2.33
3.67
-1.67
-1.67
-1.0
0.67
0.67
-5.0
-3.67
-3.67
0.67
-4.67
-2.67
-1.0
-0.33
3.0
1.33
0.33
-0.33
-1.33
-1.67
4.67
-2.67
2.0
0.0
0.0
-0.33
-1.33
0.0
-6.33
-2.33
-1.67
-1.33
4.33
4.33
-3.67
0.0
2.0
5.33
-2.67
-4.33
-0.67
-1.0
-5.0
-4.33
-1.67
1.33
1.0
2.33
-5.0
1.67
-0.67
-1.33
0.0
2.33
-2.67
-3.67
-2.67
1.0
-2.67
-4.33
0.0
2.33
0.0
-2.67
-4.67
-6.67
0.33
-7.67
-4.0
-2.0
6.67
-4.33
-2.33
-4.33
-7.0
-4.0
-2.33
-0.67
-5.33
1.33
-1.33
3.67
1.33
1.0
-8.33
-0.33
-1.33
5.33
2.33
-2.0
2.67
-1.0
-2.67
-2.67
-2.33
-3.33
-3.33
-5.33
-5.33
-2.0
-5.33
-5.33
-5.33
-1.67
-2.67
-4.33
3.67
1.33
-4.0
-5.33
2.33
-4.33
-5.0
-1.67
-5.33
-1.67
0.0
-6.33
2.33
-4.67
-4.0
5.33
1.0
-6.67
-0.67
-4.67
-5.33
6.33
-6.0
0.33
3.0
4.67
0.0
-6.0
-3.33
-5.0
-6.0
4.0
-4.67
-1.33
-2.33
1.0
1.33
-5.67
-2.33
-1.0
1.33
-7.0
0.67
-5.67
-5.33
-7.33
1.33
2.67
5.67
3.33
3.0
5.0
12.33
9.0
9.67
13.67
16.0
14.67
17.33
24.33
29.67
17.33
31.33
14.67
28.0
21.67
28.0
16.33
13.67
10.0
6.33
10.67
-1.67
7.67
15.33
1.33
4.0
9.0
2.67
5.0
3.33
-0.67
8.0
8.33
-0.33
3.67
2.0
1.33
1.33
4.0
-4.33
0.67
-3.0
-2.67
-0.33
-2.0
16.0
3.0
-1.33
-11.0
3.0
4.0
-0.67
4.0
1.67
3.67
0.0
-3.67
-9.33
-6.0
-5.67
0.0
-5.33
-6.67
-4.0
-11.33
-3.33
-2.0
3.0
0.33
-5.0
-5.67
-0.33
0.67
-9.0
9.33
1.67
-7.33
0.0
-7.67
-1.33
0.33
-6.67
-7.67
-10.33
-5.67
-9.0
4.0
0.33
-3.33
8.0
-2.67
0.33
4.0
-1.0
-10.67
3.33
2.33
-7.67
-1.33
-5.0
-9.33
-6.33
-1.33
-3.67
-3.33
1.0
-4.33
-5.67
-4.67
-2.67
-7.67
-2.0
-0.33
-9.0
-5.33
2.67
-1.0
-8.67
-2.0
-2.67
4.67
-12.0
-7.0
1.33
-7.33
-5.33
-7.33
-8.33
-10.33
1.33
-4.67
-3.0
-1.0
-2.33
3.0
-2.0
-1.0
-2.67
1.67
-2.33
1.0
2.67
-10.0
-1.33
2.0
-10.67
-2.67
-5.33
-2.67
-7.67
2.33
-11.67
-0.67
4.67
-2.67
-6.0
1.67
-6.0
-2.67
-2.0
-1.33
-3.33
-3.33
-2.33
7.0
-0.33
-4.67
0.0
-9.67
-1.0
-0.33
-7.33
-3.67
-1.67
-0.33
-0.33
-2.0
-3.67
-3.33
-4.33
-1.67
3.0
-5.33
-8.0
-1.0
-9.0
-5.67
-13.33
-7.0
3.33
2.0
-2.33
-11.33
-1.0
-2.0
-4.67
-4.0
-6.33
-2.33
-3.33
0.33
1.0
-5.33
-1.33
0.33
-7.67
4.67
-3.67
-2.67
-0.67
1.33
-0.67
-3.0
-1.0
-4.33
1.33
0.0
-0.67
12.0
2.33
0.33
10.0
-1.0
7.33
11.33
4.33
0.67
3.33
12.67
14.0
4.33
12.0
8.0
21.0
14.0
11.33
13.67
10.0
11.0
11.0
20.67
10.67
9.67
-2.0
9.33
9.33
2.33
5.33
2.67
5.0
1.0
11.33
8.33
-0.33
-1.67
4.0
-1.33
1.67
-3.33
5.0
1.0
-6.0
5.67
-8.67
3.0
-1.67
-4.67
8.33
4.33
5.0
7.33
-3.67
2.0
3.0
-4.0
-4.33
1.67
0.0
13.0
-1.0
2.33
5.0
20.67
8.0
5.33
5.33
-3.33
-4.67
5.0
0.0
-3.67
2.0
4.0
4.33
1.67
-1.0
7.67
-3.33
3.67
7.33
1.67
14.33
5.33
1.33
-1.0
4.0
2.33
5.67
0.33
13.33
9.0
-0.67
6.33
2.0
2.0
-2.0
5.67
1.0
6.67
6.0
7.33
3.33
6.0
-8.0
-1.0
14.67
7.0
0.0
-3.33
1.0
-1.67
8.0
4.67
4.33
4.67
9.33
10.0
-8.67
1.33
8.0
11.67
3.0
3.67
13.0
5.33
-0.33
10.33
7.0
-0.33
16.33
18.0
1.33
1.0
11.0
3.0
2.33
8.67
11.33
10.33
2.33
8.0
0.33
6.0
10.67
7.0
3.0
3.0
9.0
3.67
1.0
2.67
14.67
14.67
8.67
12.33
8.33
8.67
11.67
2.33
8.67
11.33
-10.0
7.67
-10.67
11.0
0.33
1.67
2.33
9.67
9.0
2.33
14.0
7.0
6.0
7.0
15.0
3.33
14.0
2.33
7.33
7.0
0.33
4.33
9.67
2.0
0.67
3.0
7.0
7.67
-1.67
2.33
10.67
2.33
8.33
7.33
6.33
0.33
2.33
11.0
-2.67
21.0
0.0
0.0
1.33
0.33
0.67
11.67
-0.67
9.67
12.0
4.67
0.0
15.0
11.33
13.33
14.67
5.67
5.67
6.33
0.33
3.0
4.0
2.0
3.33
3.33
1.33
1.67
-1.0
12.67
6.33
5.33
5.67
10.33
7.0
11.0
7.67
-4.0
5.33
-2.33
8.33
5.33
2.0
20.0
9.0
3.33
2.0
1.67
1.33
13.0
7.33
13.0
11.67
8.67
8.33
15.67
14.33
10.67
13.0
9.33
22.67
11.0
9.33
13.0
5.67
20.67
24.67
13.0
16.67
19.67
16.0
27.33
18.0
30.33
22.67
24.0
23.33
11.67
32.33
21.33
19.0
30.67
47.33
52.33
52.0
62.0
56.33
53.33
76.0
90.33
76.33
89.67
91.0
105.0
87.67
88.33
108.67
122.67
92.33
92.33
106.0
81.0
104.33
70.33
74.33
77.0
77.67
57.33
69.67
35.33
50.33
35.67
30.0
43.67
28.33
17.67
12.33
16.67
21.0
8.33
19.67
12.33
7.33
1.0
13.67
-6.67
10.0
20.0
11.33
6.33
6.0
16.33
7.67
9.67
9.33
11.33
4.67
7.33
5.33
23.33
-0.33
5.33
8.67
4.67
11.33
12.67
9.67
21.33
-0.33
19.33
5.33
7.33
4.33
11.67
3.67
5.33
3.0
10.0
16.67
5.33
9.33
6.67
-4.33
3.67
2.67
7.0
8.0
5.67
13.33
3.67
6.67
5.0
5.0
9.0
7.67
4.67
15.0
5.33
6.33
18.0
19.67
6.67
11.33
5.33
15.0
12.0
-3.33
2.67
14.33
11.33
8.67
5.33
14.0
11.33
-0.33
4.0
11.67
5.0
18.33
2.0
16.0
13.67
2.33
1.33
9.0
22.67
2.0
16.67
-1.33
18.33
2.33
11.67
-13.0
12.67
5.67
7.67
16.0
-6.33
10.67
4.0
16.67
1.67
14.33
7.0
15.0
-1.0
9.67
4.33
6.33
-2.0
2.33
2.33
3.67
2.67
16.33
-1.67
12.33
8.33
4.67
16.67
13.0
-1.67
8.0
1.0
7.0
0.0
14.0
1.0
12.67
-3.67
-3.67
11.67
1.67
-9.0
16.33
0.67
15.0
-5.33
12.33
13.67
13.33
3.33
5.0
-6.33
2.67
7.0
13.67
5.67
11.67
4.33
9.67
11.0
10.0
4.0
13.0
19.33
-7.33
7.67
0.67
11.0
24.0
6.67
-7.33
22.67
3.67
16.33
25.67
15.33
19.0
17.33
23.0
28.67
15.67
20.67
21.0
27.67
21.67
38.33
37.33
33.67
29.0
17.67
28.67
21.33
19.67
21.67
28.0
31.33
28.33
33.33
17.67
15.67
16.33
9.33
15.0
16.0
13.0
6.67
2.0
15.0
24.67
3.33
10.33
4.67
21.33
11.0
20.0
12.33
5.67
4.33
9.0
8.0
0.67
9.0
2.33
12.33
16.33
11.33
0.33
14.67
5.33
-2.67
-5.0
12.0
-6.0
9.33
2.33
-9.0
-4.33
3.0
5.67
17.0
-8.33
4.67
9.67
1.67
10.33
1.0
13.67
-4.0
6.0
2.33
5.67
6.0
17.0
11.0
-4.67
2.33
7.33
4.0
8.67
11.33
0.67
5.67
18.67
5.33
16.67
9.0
14.33
-0.67
3.33
3.0
6.0
2.0
10.33
7.67
5.0
19.0
9.0
-1.67
14.33
3.67
3.0
8.33
3.67
0.33
18.0
-4.67
18.33
2.33
1.67
7.0
0.33
-2.33
8.67
3.0
3.67
9.0
-8.67
0.67
7.67
2.67
22.33
6.0
1.67
8.0
9.33
-1.67
-6.33
0.0
-4.0
2.0
5.0
-6.67
-2.67
4.0
13.0
13.33
-5.33
-7.67
7.0
1.33
8.67
7.67
8.67
1.33
-2.0
-7.0
-1.0
9.67
-1.67
-6.0
-2.33
8.0
11.33
0.67
-3.67
4.67
13.0
8.0
5.33
2.33
3.0
13.33
15.0
11.33
11.0
0.67
-10.0
8.33
-6.0
20.67
-5.67
0.67
-3.67
-2.0
12.33
2.0
-3.33
10.67
7.0
-4.0
-1.67
8.0
6.0
-8.0
5.0
5.0
9.33
-2.0
3.67
2.67
4.0
2.0
7.33
-2.0
-6.33
14.67
-4.33
8.67
14.67
9.33
5.33
-1.0
2.0
-0.67
-0.33
7.67
1.67
-3.33
13.67
-2.67
16.0
0.67
11.0
11.33
1.0
3.33
-5.33
1.67
-6.33
6.33
0.0
1.33
8.0
2.0
9.67
-4.67
9.33
14.0
-4.0
-9.0
-4.0
8.0
-2.33
8.0
-2.33
0.67
4.33
5.67
6.0
8.0
8.33
-3.0
-7.67
20.0
-0.67
9.0
4.67
11.33
2.33
3.33
-6.33
3.67
4.67
10.33
-2.33
-4.0
0.67
7.0
-7.33
1.33
8.67
-2.0
-3.67
1.0
-1.67
-3.33
-6.0
-1.33
5.33
12.0
8.67
7.67
7.0
1.33
4.67
6.0
-0.67
-5.0
0.33
-4.33
-3.33
-0.67
1.0
10.0
10.67
1.33
1.33
3.67
2.67
13.33
1.67
2.0
-6.0
4.33
-2.0
0.33
-1.0
6.67
9.33
4.33
7.67
5.67
3.33
-3.67
8.67
2.0
2.0
0.33
4.0
-5.33
6.33
10.0
7.33
12.0
1.0
2.67
13.33
6.33
13.0
5.67
5.0
-2.67
-1.33
11.0
-0.33
3.33
-7.0
-0.33
3.0
7.0
-3.33
-4.67
7.33
4.0
-9.67
1.0
11.0
2.0
4.33
1.67
7.0
-9.0
5.33
-3.67
2.0
0.67
5.33
-0.33
-2.0
3.0
3.0
0.33
-2.0
-2.33
-5.0
9.0
5.67
5.67
3.67
-4.33
-9.67
3.33
-1.33
-2.33
0.67
-1.0
0.33
-3.0
4.33
6.0
1.33
-2.0
-2.33
13.0
-5.67
-0.67
0.0
10.33
-0.67
3.33
6.0
-5.33
6.67
4.0
3.33
6.67
-2.33
0.67
7.0
4.0
3.0
0.33
-1.33
4.33
5.0
-0.67
6.67
1.33
4.0
3.67
-1.0
5.0
2.33
5.0
0.0
0.0
1.67
0.0
-2.33
-2.67
-2.67
1.33
1.0
1.0
3.33
2.33
5.67
5.33
1.0
-0.67
-1.33
1.33
-0.67
5.0
3.67
-1.67
-0.67
2.33
0.67
5.33
-4.0
-0.33
0.0
2.67
-4.0
1.67
-0.33
-2.67
2.67
5.67
-1.67
2.67
-0.33
-2.0
0.67
4.33
2.67
-0.33
6.67
-5.67
4.67
-5.33
2.33
-6.33
-3.33
3.67
5.33
4.33
4.33
2.67
4.0
-6.33
-2.67
5.0
0.33
2.67
4.33
-2.33
5.33
5.67
5.33
1.67
-3.67
4.33
0.33
1.67
0.67
1.33
-1.33
3.67
2.33
9.33
-0.67
-3.67
-7.0
0.67
-1.67
11.67
-2.0
7.0
1.33
9.67
10.67
1.67
5.67
4.33
-1.33
0.33
10.33
3.67
5.33
1.0
-3.67
7.0
-1.33
6.0
2.67
1.33
3.67
6.67
3.0
6.67
1.67
7.33
-3.0
2.33
0.67
-3.33
1.67
4.67
-4.67
-5.67
-5.0
3.0
1.67
-3.33
-1.33
2.0
9.33
4.0
3.0
2.67
7.33
-1.67
9.67
2.67
