0.0
-11.0
-78.67
3.67
-17.67
-32.0
61.67
-71.67
-81.33
57.67
-16.67
-54.0
-127.67
-91.33
-52.0
-53.33
-24.33
-7.33
-11.0
27.67
15.33
-6.33
10.33
-27.33
-1.33
-22.67
-4.67
3.0
4.33
-2.67
1.67
-1.67
2.0
6.67
0.67
-0.67
1.0
-1.33
0.0
0.33
2.67
0.0
-0.33
2.0
-0.67
1.67
2.0
-0.33
-1.0
0.0
0.0
0.0
1.33
0.33
1.0
-0.67
-0.33
0.0
1.0
-0.33
1.67
0.0
-0.33
-0.33
1.0
0.67
0.0
2.0
0.0
0.0
0.0
0.67
0.0
0.0
0.0
-1.33
1.67
0.0
-0.33
0.67
-0.67
1.67
-0.33
0.33
0.67
-0.33
0.0
-1.33
0.33
-1.33
-0.33
0.67
1.0
0.0
0.0
0.33
-0.67
0.0
0.33
-1.0
-1.0
-0.67
1.33
2.0
0.67
-1.67
-0.67
0.67
0.33
0.67
-1.0
4.33
2.0
0.0
5.0
-1.67
0.33
-0.67
0.0
-0.33
-0.67
-5.0
-1.0
-3.67
1.0
-1.0
-3.0
-1.67
-0.33
-1.33
1.0
4.33
-9.0
-0.67
-2.0
-4.67
5.33
3.0
-3.67
-4.33
1.67
-1.0
-0.33
1.67
3.67
8.0
2.67
0.33
-4.67
-6.67
0.33
-1.67
1.33
-1.0
-3.67
-3.33
1.33
-2.0
12.67
-3.67
-1.33
6.33
7.33
7.67
-3.67
5.33
11.67
-1.67
-1.33
-4.33
-6.33
-2.33
-4.0
4.67
3.33
2.0
0.33
2.0
-6.67
5.67
0.67
-2.0
3.0
2.33
5.67
1.67
3.0
-1.0
1.33
2.0
3.67
2.33
5.67
-3.67
0.33
3.67
2.33
2.67
-7.0
-3.33
0.0
2.0
-2.0
2.0
-2.33
4.67
-4.0
6.0
-3.67
4.0
2.67
7.33
3.67
-0.33
-2.67
-0.33
-0.67
-0.33
1.67
-1.67
1.33
3.67
-4.0
2.33
5.67
3.67
8.67
6.0
-2.0
4.0
4.33
-1.33
7.33
-1.33
1.67
6.0
7.67
3.0
2.0
0.0
0.0
2.0
-7.0
2.33
1.33
0.67
-4.33
-3.33
6.0
11.33
-3.67
-3.0
9.67
-7.67
2.33
2.33
4.0
-2.67
8.33
14.0
-0.33
4.0
-1.67
5.67
1.33
8.33
11.0
-1.33
1.33
-3.33
-2.33
9.33
1.33
-8.0
8.0
-4.0
4.33
1.0
5.33
2.0
3.33
-2.67
6.67
0.33
-6.33
10.67
5.33
2.67
6.0
4.33
9.0
-0.33
1.0
0.67
-3.67
-0.33
-6.0
-5.33
3.67
3.33
12.0
-0.33
-4.33
2.67
1.0
1.0
6.33
3.67
4.0
1.33
0.33
-6.0
8.0
-6.33
4.0
-0.33
0.33
-1.0
6.67
5.0
-4.67
2.0
1.67
3.0
3.33
-1.0
7.0
-2.33
-6.0
7.67
0.67
0.33
-3.0
-2.33
5.67
1.33
3.67
-3.33
4.0
-1.67
0.0
2.67
-3.33
-3.0
-0.67
-10.33
-0.67
1.33
11.33
3.0
-4.67
-1.0
4.33
-7.33
2.0
0.0
5.0
2.0
5.0
-2.33
3.33
10.0
-3.33
5.0
3.0
-7.67
8.67
11.33
1.33
5.0
3.67
-4.0
-1.33
4.33
-3.67
1.33
7.67
3.67
0.0
9.33
2.0
7.0
6.33
6.0
-3.67
-2.67
0.0
9.33
2.67
3.0
4.0
-1.67
2.33
-2.33
0.0
4.0
6.33
-1.33
-2.0
2.67
0.67
3.67
4.0
1.0
1.67
6.0
-2.0
0.33
-1.0
-3.33
-1.67
-1.0
1.67
7.0
8.67
-4.33
-1.67
0.33
4.67
6.67
-2.67
-0.33
2.67
-2.0
-2.67
0.67
-0.33
-2.33
2.67
2.33
0.67
-0.33
4.0
2.0
-4.33
-1.67
1.33
-2.33
2.0
-3.33
2.0
0.33
-2.67
-0.33
-0.33
-2.33
0.67
-4.33
-1.0
0.0
2.0
-4.0
-0.67
1.33
3.67
5.0
0.67
2.67
4.67
0.33
5.0
0.0
-2.67
-4.0
0.33
2.0
-0.33
-1.33
7.0
3.67
0.0
3.0
-5.0
2.0
2.33
3.67
-2.0
6.33
1.33
-5.33
4.33
1.0
3.0
6.67
-1.67
0.33
2.67
0.0
-1.67
11.0
4.67
0.0
-7.33
0.0
0.0
-2.33
1.0
-0.33
-2.0
-1.0
1.67
3.0
-4.0
-2.67
-0.67
1.33
-1.67
-3.33
-1.0
-1.67
0.67
2.33
-1.0
-0.33
-2.0
-1.33
-0.33
1.33
1.67
-3.67
-1.67
-1.67
-2.67
-2.0
5.67
5.33
-0.67
-3.0
3.67
-3.33
3.0
5.33
0.0
0.33
-2.0
-0.33
0.33
0.67
0.33
-0.33
1.67
2.33
2.67
1.0
2.33
3.0
0.33
-2.67
4.0
2.67
-2.33
-1.67
-0.33
2.67
0.67
-0.67
5.0
-1.67
0.33
2.67
3.0
-1.67
3.33
-1.33
-4.67
-1.33
-1.67
-0.67
0.0
-1.33
-1.0
3.67
-0.33
3.0
3.0
-0.67
0.33
3.67
-3.33
-2.33
-3.0
-4.0
-4.67
-0.67
1.33
-0.67
-1.0
3.0
4.0
0.67
-0.67
-1.0
-2.33
0.0
0.33
-1.0
-1.67
-1.33
3.0
-0.33
0.33
-3.0
2.0
-5.0
4.33
7.0
-0.67
-3.67
0.0
-5.67
-3.67
6.67
8.33
-2.0
-0.33
0.0
4.67
3.67
0.67
3.67
0.33
-1.33
0.67
-0.67
0.67
0.33
-1.33
-0.33
1.67
2.33
-2.0
-2.33
0.67
3.67
-2.33
-0.67
-3.67
2.33
-2.33
0.33
1.67
4.67
-1.33
-1.67
-0.33
-2.67
-3.67
-3.0
0.67
1.67
-4.0
-3.67
2.33
2.67
1.33
-4.67
-5.0
-0.33
2.0
0.33
-2.67
-1.33
-4.33
3.33
-0.33
-3.67
0.0
5.0
1.0
-7.33
-3.33
0.0
-3.33
-0.33
0.33
-5.33
-2.67
-2.67
-0.67
-2.0
-4.0
-3.67
0.33
-4.33
0.33
-2.0
-3.0
-3.33
-1.67
-1.67
3.0
-3.67
-6.0
-1.33
-4.67
0.67
4.0
-3.67
0.33
-3.67
1.33
5.0
-5.67
-3.33
-1.0
-5.67
-4.0
-0.67
1.33
-6.67
-1.67
-8.67
-3.0
3.0
-4.33
0.67
1.67
-1.33
-5.0
-2.0
5.67
3.33
2.67
2.33
-5.33
-3.33
-3.67
-2.0
-2.33
-7.33
-1.33
-1.67
-6.67
-3.0
3.67
-7.0
-2.67
-3.67
1.67
2.67
-7.33
-0.33
-2.33
-5.0
-5.33
-2.33
-3.33
0.33
1.33
-3.33
-0.33
-6.67
-4.0
0.67
3.33
-6.33
-5.0
-2.67
-6.33
-2.67
-4.0
-3.33
3.33
-8.67
2.0
-1.67
6.0
-3.67
6.33
-4.67
6.67
-2.67
0.0
0.33
-5.0
-0.33
-2.0
0.0
0.67
-4.0
-4.0
-1.0
-0.67
-5.33
2.67
0.0
-5.67
2.33
5.67
-2.0
3.33
3.0
6.67
-2.67
-1.33
6.67
12.33
-2.33
3.67
3.33
2.0
11.0
13.33
15.0
16.67
6.67
12.0
29.67
34.33
21.33
36.67
36.33
37.33
27.67
31.0
30.67
25.0
29.33
14.67
20.0
6.33
21.67
9.33
13.67
21.33
17.33
15.0
0.0
6.67
9.0
-3.67
2.33
5.0
-0.67
-1.33
-5.33
-2.0
2.33
-1.67
-2.0
-3.33
-1.33
1.0
-4.67
4.67
4.0
2.0
7.0
-5.33
1.0
5.0
4.0
-7.67
11.0
3.67
-0.33
-7.0
-3.67
-7.33
-6.0
-9.67
-2.0
4.67
-4.67
-5.0
-8.33
-6.33
-8.0
-11.0
1.33
0.0
-2.67
-3.33
3.67
-4.0
-3.67
1.67
-5.33
0.0
-3.67
0.67
0.33
4.33
-4.67
-7.33
0.33
-1.0
4.0
-3.67
-9.33
-5.0
-12.67
-0.67
-7.0
-8.0
-11.67
1.33
4.33
-5.67
-4.33
-7.0
-9.33
4.67
-4.33
9.33
-4.33
-3.0
-0.33
-7.67
-5.67
2.33
-1.67
0.0
-0.33
3.0
-3.33
-1.33
-7.0
-5.67
4.0
-2.67
6.67
-1.0
-4.0
-5.67
-10.33
-1.33
-2.33
-5.33
-5.33
2.33
1.33
-4.0
-2.0
5.67
-9.0
-5.0
5.0
4.33
-1.33
-4.33
0.0
-6.33
-10.0
-4.33
-1.0
-2.67
-6.67
-4.33
-8.67
-4.67
1.33
-10.67
-2.67
3.67
-2.67
-5.0
-4.33
0.0
-4.67
-6.0
0.67
-6.33
-0.33
-7.33
1.0
-4.33
-1.67
-4.0
-6.67
7.0
-4.33
1.67
-3.67
3.33
-2.33
1.67
-8.0
-8.67
1.67
-3.33
10.33
5.0
5.67
-9.0
1.0
0.0
-5.67
-2.33
-2.0
-1.67
1.0
4.67
-1.33
-3.0
-8.0
-2.67
-4.0
-3.33
-1.33
1.67
-7.67
-5.0
-5.33
0.67
-1.67
0.33
2.67
-8.67
3.33
7.33
1.33
2.33
-8.0
8.0
3.67
6.33
5.0
-1.67
9.0
9.33
-1.67
13.0
8.0
3.33
10.33
-3.67
11.67
14.33
13.67
18.0
18.33
15.0
16.0
22.0
15.0
18.33
16.67
26.0
26.0
1.0
11.67
12.67
19.67
11.0
7.33
1.33
5.33
6.33
-2.33
13.0
4.0
5.33
9.33
1.67
-1.67
6.0
-1.33
-3.33
0.67
5.0
6.0
6.0
-6.33
0.33
3.0
-0.67
5.33
-2.67
2.33
4.0
6.33
-3.67
6.0
6.0
3.0
-3.33
-4.33
0.0
8.0
-1.0
6.33
-1.0
3.67
-4.0
11.33
5.33
-0.33
-6.67
1.0
5.0
3.33
11.0
6.0
10.33
-0.33
2.0
7.67
8.67
16.67
7.33
8.67
12.33
2.33
-3.67
4.0
0.0
0.33
2.67
7.33
7.33
-5.0
1.33
6.33
-5.0
7.0
-1.0
1.67
-4.0
10.67
8.0
10.33
6.33
2.0
-1.0
-3.0
18.67
16.0
4.0
-5.33
6.0
-1.67
4.0
4.67
8.33
-1.33
12.33
2.0
-6.67
1.33
-4.0
4.67
6.0
-5.33
6.0
2.33
5.67
1.33
8.0
2.67
8.33
3.0
-0.67
9.0
2.0
1.0
1.33
8.67
-1.67
11.33
0.33
9.0
5.33
5.0
0.67
7.0
3.0
6.0
10.0
13.67
6.0
9.67
8.67
1.67
1.67
11.33
13.33
-2.33
-3.33
2.33
3.67
11.33
-2.0
5.67
3.33
-1.0
5.33
2.67
2.33
12.67
3.0
2.33
19.0
10.0
4.0
6.0
15.0
12.33
13.0
4.33
8.33
6.0
-0.67
-1.67
10.67
6.0
5.67
4.0
4.0
2.67
1.33
6.33
3.67
4.33
-2.67
14.33
0.33
-2.67
8.33
10.0
-0.67
12.0
1.0
4.0
8.33
13.33
0.67
7.67
7.33
22.67
2.0
5.67
2.0
16.0
7.33
6.33
10.67
12.67
2.67
8.33
8.33
10.0
-1.0
2.0
9.33
11.33
6.33
9.67
3.0
-0.33
15.33
-1.67
3.67
13.33
10.0
12.0
3.67
-7.0
4.33
5.67
16.33
9.33
16.0
14.0
10.0
14.33
10.0
6.67
5.33
9.0
2.33
8.0
6.67
17.67
3.33
15.67
19.33
18.67
22.0
15.33
16.67
17.0
5.33
23.0
6.67
25.67
22.67
24.0
13.67
11.67
30.0
30.33
22.0
19.33
27.67
26.0
30.33
31.67
33.33
43.33
45.0
48.67
63.33
52.33
59.0
72.0
65.33
92.33
98.0
94.33
91.33
102.67
102.0
134.0
110.67
108.33
111.67
124.67
138.33
100.33
125.0
98.0
96.33
81.33
81.33
86.0
82.67
78.33
70.67
68.33
45.33
64.67
26.0
38.67
18.33
34.67
16.33
9.67
17.0
5.33
12.67
18.33
-1.67
5.0
16.67
5.33
23.0
3.0
19.33
0.33
8.0
19.33
11.67
8.67
3.33
6.33
3.67
0.33
-5.67
7.33
10.67
-11.67
14.67
7.67
5.33
5.67
13.67
9.33
22.67
9.33
6.33
12.33
0.33
12.67
1.67
15.33
8.0
8.0
14.67
-0.67
8.33
19.67
0.67
-4.33
2.67
7.0
8.0
3.67
19.33
5.67
1.67
0.0
12.0
14.0
9.67
0.67
7.0
-8.67
1.33
1.0
20.67
15.67
8.33
14.33
-1.0
16.0
14.67
14.67
6.33
3.33
9.67
12.33
7.0
6.33
1.67
5.0
1.67
7.0
-6.67
2.0
24.0
0.67
8.33
9.33
-5.0
13.67
5.0
12.67
-0.33
5.33
-6.67
16.67
-1.0
5.67
1.67
-1.33
0.0
15.67
19.67
12.0
11.67
0.67
14.33
3.0
-3.0
0.0
7.67
8.33
7.33
-12.0
28.33
8.33
-2.33
12.67
6.33
8.33
17.33
7.33
16.67
12.67
15.0
13.33
14.0
14.0
4.0
-1.0
3.0
2.0
5.67
5.33
1.33
14.67
5.67
-5.0
11.33
5.67
16.0
7.67
8.33
6.67
9.33
4.33
20.0
-2.33
7.67
-6.0
9.67
4.67
3.67
8.33
10.67
4.0
8.0
-3.0
6.0
20.33
21.67
-1.33
4.67
14.0
16.0
15.67
1.67
8.67
22.67
26.33
17.67
12.33
23.0
4.33
27.0
28.67
25.67
29.67
25.0
38.67
26.67
23.33
34.33
28.67
20.0
28.67
22.67
17.33
22.67
29.67
20.0
24.33
35.33
28.33
18.67
20.67
23.33
11.33
17.0
17.0
17.0
19.67
-2.0
18.0
11.67
20.33
8.33
-2.33
15.33
14.0
7.0
12.33
1.67
-2.67
10.0
2.0
8.67
1.0
7.33
7.33
10.33
-3.67
-2.67
6.67
-0.67
14.33
1.0
12.0
0.0
-2.67
2.33
-2.0
3.67
-2.0
0.67
15.0
10.67
0.67
-2.33
14.67
0.33
-9.0
18.67
4.0
22.0
-1.67
14.67
5.0
5.0
6.0
-12.67
-6.67
3.33
11.0
11.67
6.33
11.67
6.67
16.67
17.33
12.67
10.0
11.33
12.33
-2.67
15.0
3.0
5.0
10.33
8.67
0.0
15.0
13.0
10.33
14.33
1.67
6.0
3.33
8.67
3.33
10.0
13.33
9.33
13.33
-0.33
9.0
-0.67
13.67
-4.33
11.0
-3.33
-6.0
-4.67
5.67
3.67
-6.33
8.33
6.0
-13.33
-1.0
6.33
0.33
5.67
2.0
1.0
-1.0
3.0
6.33
9.33
10.0
5.0
4.33
-5.33
1.33
9.0
-2.67
0.67
6.67
8.67
3.33
13.0
-3.0
1.0
1.67
-11.67
0.0
7.67
-4.0
5.33
4.67
2.33
-3.33
4.0
0.0
5.33
0.33
-9.0
9.33
9.0
-1.67
4.0
0.67
-3.0
-6.67
-9.0
3.67
-12.67
7.67
-1.67
0.0
4.33
8.0
10.67
2.67
0.0
-2.0
-0.67
-1.0
11.0
1.0
0.0
2.0
3.33
0.0
0.67
2.67
3.0
-6.0
-5.67
-6.0
12.67
7.67
5.67
6.67
9.67
2.33
-4.67
-6.0
-1.0
0.33
-3.33
8.67
-4.33
0.67
2.67
-0.67
5.0
0.67
2.0
2.33
7.0
3.33
7.67
-4.33
-9.33
0.33
-5.0
4.33
10.0
2.0
12.67
2.33
8.33
14.0
13.0
-7.0
-4.0
5.0
4.67
12.0
-4.33
6.67
11.33
4.67
1.0
9.0
4.33
3.0
7.33
1.0
4.33
2.0
3.67
14.33
-1.67
15.33
-2.33
-0.33
3.67
-2.67
5.67
6.0
-1.33
14.0
-3.33
12.33
-5.33
-2.0
-6.67
4.0
2.33
-5.33
-7.0
0.67
-1.67
-1.0
4.67
2.67
12.0
-2.67
4.67
2.0
-3.67
-1.0
-3.67
11.67
-0.33
-2.67
5.0
-2.0
-7.33
-1.67
-5.67
-4.33
-6.33
4.33
5.67
-3.0
-6.0
-4.67
0.0
-3.67
6.0
4.67
1.33
-8.67
6.67
3.67
7.33
1.33
1.67
-2.0
7.0
3.33
-9.0
-0.33
5.33
-5.0
0.33
-2.0
2.0
-5.33
2.33
7.33
3.0
3.67
1.0
4.33
-5.33
4.0
-0.33
-4.67
10.0
-0.33
4.0
-2.0
8.67
-1.67
-3.67
11.0
-4.67
9.0
-2.0
6.0
-0.67
-5.33
-1.0
-4.0
6.33
-4.67
-3.0
0.67
6.33
-3.33
9.0
1.0
10.0
4.33
3.0
-0.33
1.0
7.0
12.67
-2.33
-0.33
2.67
-5.67
0.33
1.67
7.67
3.67
-2.0
-5.67
-8.0
0.33
3.0
4.33
8.0
-5.33
-4.0
12.33
-5.67
4.0
7.33
4.33
2.33
3.0
3.67
1.67
1.0
1.33
4.67
3.67
-1.33
5.0
5.0
3.0
3.33
6.67
4.33
5.0
1.33
1.67
4.33
3.0
6.67
6.0
9.0
-0.67
-1.0
6.0
0.0
4.67
8.0
7.67
1.33
-3.67
3.33
-4.0
5.0
-1.67
3.33
-2.33
-2.67
4.0
6.33
2.67
0.33
-3.67
-6.0
3.67
-5.67
0.33
-2.67
4.67
7.33
1.0
0.67
6.0
-4.33
-1.0
-1.33
-2.33
0.33
-0.33
3.67
-2.67
3.67
-1.33
3.0
-4.33
1.33
-1.33
-2.33
0.67
-7.67
2.67
-4.33
1.33
-1.33
-4.33
1.67
7.33
7.33
-0.67
-1.33
-1.0
-4.33
3.33
3.0
2.33
-0.33
8.33
1.67
6.33
3.67
3.33
4.67
8.33
3.33
-3.67
-2.33
-1.33
0.33
4.67
-0.33
-1.67
1.33
-2.67
-1.67
0.0
-1.33
-0.67
1.67
-7.0
3.0
-1.67
2.67
3.67
-1.33
-2.33
1.33
-3.33
-4.67
7.33
3.67
2.33
15.0
2.33
3.0
0.67
1.0
6.67
4.33
6.67
-0.33
-1.0
-1.33
2.67
0.33
3.0
3.33
0.67
-4.33
1.67
-1.33
1.33
-6.67
6.0
3.0
0.67
2.67
-2.33
5.0
4.33
5.0
5.0
7.67
3.33
-1.67
2.67
6.67
