0.0
20.67
50.67
4.67
71.0
75.67
22.33
56.67
-87.67
-43.67
66.67
40.33
-37.67
62.67
0.67
9.0
21.0
77.67
18.33
21.0
13.0
-9.67
5.67
17.0
-21.67
8.33
6.67
-0.33
3.33
4.0
0.67
-1.33
-4.67
-0.67
-3.67
-3.33
-2.33
-1.67
-1.33
2.0
-0.33
2.67
0.33
2.67
0.0
-1.0
-1.0
-0.33
0.0
1.0
0.0
-0.33
-0.33
-0.33
0.0
0.0
-0.67
0.0
1.0
1.0
-0.33
1.0
0.0
0.0
1.0
3.0
-0.33
-0.33
-0.33
1.67
0.0
-0.67
-0.67
0.33
-0.33
-0.33
0.0
1.0
-1.33
0.33
-1.0
0.0
0.0
-0.67
-1.0
0.67
1.0
0.0
1.0
1.67
1.33
1.0
-1.0
-1.33
-0.33
-0.33
3.0
0.67
0.0
0.67
-0.33
0.0
0.33
-0.33
0.67
-1.67
1.0
-1.33
1.0
-1.0
0.0
-1.33
-4.33
-1.33
1.0
5.0
1.0
-3.0
3.0
2.0
-0.33
5.0
7.67
1.0
-3.33
0.67
-0.33
2.33
3.0
2.67
0.33
-0.33
-0.67
-0.33
-1.67
2.67
0.33
-1.33
-0.33
3.0
3.67
0.33
-0.67
-0.67
0.67
-5.0
-4.33
7.33
-2.0
3.0
-3.67
-1.67
3.0
0.67
4.33
-1.0
-3.0
-1.0
-4.33
7.67
4.67
0.0
1.33
4.0
0.67
-4.0
-1.67
-1.33
-4.0
5.0
-0.67
3.33
2.33
-1.67
5.33
11.0
6.33
0.67
4.67
5.33
-0.33
-1.0
3.33
3.67
1.33
5.0
0.0
-5.33
1.67
4.67
1.0
1.0
-1.33
1.0
-3.67
2.67
7.0
3.33
0.33
2.0
1.33
2.67
2.33
-1.33
1.0
-1.33
-2.67
5.33
6.67
-0.33
6.33
9.0
9.33
1.67
2.67
-0.33
-5.33
5.67
7.33
-4.33
1.67
-2.0
-1.0
0.67
0.0
-5.33
3.33
4.0
2.0
1.0
-2.67
4.67
2.67
2.0
-0.67
0.33
7.67
0.67
3.0
0.67
4.33
-0.67
4.67
1.0
-4.33
-1.33
7.0
-4.33
1.33
-0.33
-5.67
0.0
3.0
-0.33
5.0
0.33
6.33
1.33
5.0
3.0
5.0
5.0
-1.0
2.67
7.67
-1.33
-3.0
5.33
-3.67
-3.67
-1.33
1.33
-5.67
-0.67
9.33
-3.67
-2.67
-0.67
7.0
-0.67
0.33
3.33
3.67
-5.0
-2.0
3.33
2.33
6.0
4.0
-2.33
0.67
6.33
3.67
0.0
5.33
2.33
5.0
0.0
-1.67
-3.33
-1.67
-0.33
2.67
-1.33
-0.67
1.33
-0.67
4.0
1.33
1.33
2.0
4.67
2.33
-5.0
5.33
2.0
4.67
1.0
-1.33
5.67
6.67
-3.67
2.0
8.0
-5.67
1.0
2.33
3.33
1.67
-4.0
10.33
8.33
-4.0
4.67
-1.0
1.33
-3.33
0.33
7.0
3.0
2.33
0.67
3.67
-0.33
2.67
4.33
0.67
0.0
-3.33
0.0
-1.33
-3.0
-0.67
1.0
1.33
-0.33
-1.33
2.0
0.33
-5.0
0.0
1.67
8.33
0.33
2.33
3.0
2.0
-2.0
5.67
3.33
2.33
-2.0
-1.0
-0.67
1.33
-1.33
0.67
3.0
1.0
2.67
-3.67
0.67
1.67
-1.0
2.67
6.67
1.33
-6.0
1.67
4.33
2.67
-1.0
-2.67
5.67
2.33
-2.33
3.0
2.33
0.67
2.67
4.33
3.0
5.0
1.67
-7.0
4.33
-5.0
-4.0
4.33
-1.0
7.67
0.0
3.0
2.0
0.67
-1.0
7.33
9.33
5.0
1.0
2.33
2.67
-0.33
2.0
4.0
-2.67
3.67
-1.33
-1.67
4.0
2.67
-3.0
5.33
7.0
1.0
2.67
-0.33
0.0
4.67
2.67
0.0
0.33
1.0
-1.33
-1.0
-1.33
-0.33
1.0
1.67
0.67
1.0
0.67
1.33
3.0
-1.67
-0.67
-6.0
-1.67
-3.67
2.67
-1.33
0.33
3.67
-2.67
4.0
4.67
0.67
4.33
0.33
-1.0
4.67
-2.67
-1.67
-3.67
-3.33
-4.33
-2.67
4.67
0.33
1.33
0.67
1.67
6.67
9.67
5.0
-1.0
1.33
-0.33
1.67
1.0
0.33
1.0
-3.33
1.0
-2.0
-2.33
0.33
3.33
4.67
-0.67
-2.67
1.0
-4.0
5.33
-4.0
-1.0
3.67
-0.33
1.33
2.33
2.0
0.0
4.67
-1.0
3.33
7.0
3.0
0.0
0.33
5.67
2.33
3.0
1.33
1.67
0.0
2.0
5.67
3.33
3.33
-4.33
-2.0
0.33
2.67
-1.33
1.0
2.0
-0.67
-2.67
-1.0
0.33
-4.33
-4.33
3.67
2.67
-1.67
-5.33
2.0
-0.67
0.0
1.67
2.33
1.67
-1.33
-5.0
3.67
3.67
-1.0
2.0
-1.33
0.67
-3.33
-2.0
-1.33
4.0
2.33
-1.67
-0.67
-2.33
-1.33
1.67
1.33
-1.67
3.0
-2.0
-3.0
3.0
-3.33
-2.67
-1.67
1.67
1.0
-0.67
-1.67
-0.33
3.33
-4.67
-3.33
-2.0
1.0
1.67
-1.0
2.0
6.33
1.0
-1.0
4.0
4.0
3.33
-2.33
-2.0
-0.33
-1.0
-0.67
0.33
-3.67
0.0
-5.33
1.0
1.0
3.0
-4.67
1.33
3.33
2.67
-3.33
2.0
-2.0
-3.33
-2.67
-1.67
-3.0
-1.0
-5.33
-1.0
1.0
-1.33
-2.0
3.67
-3.0
-0.67
1.33
-2.67
1.33
-0.33
2.67
1.0
-3.0
1.0
2.33
3.67
-1.33
0.67
0.33
5.67
-2.33
4.0
1.67
-3.67
-2.0
1.67
-0.67
2.67
4.67
4.0
-2.33
0.0
1.0
-3.67
1.33
-7.0
0.67
-4.0
-1.67
-3.67
0.67
2.0
-0.67
-0.67
-3.0
0.0
1.33
-4.0
-2.33
-2.67
-8.0
3.0
2.0
-0.67
-0.33
-2.33
-3.67
0.33
-3.0
-5.67
0.33
0.67
2.0
-5.0
-2.33
1.67
-4.0
3.0
-0.33
-2.33
-2.0
-1.0
1.67
1.33
-2.33
-6.33
-7.67
-3.67
-1.0
1.33
0.67
4.67
-2.0
-1.0
0.33
-3.0
-0.67
-7.33
-1.67
-6.67
-1.33
0.0
-6.33
-3.0
7.0
1.33
-5.33
-1.33
3.67
-4.33
1.0
-2.0
-4.0
-5.0
-0.67
2.33
-2.67
2.33
-0.67
-1.0
2.0
-1.33
-2.67
-0.33
2.0
-4.67
-0.67
-2.0
-6.33
-3.67
-8.0
-4.67
-1.33
0.33
-4.33
1.33
0.0
7.67
3.33
-2.33
-1.33
-4.67
2.0
-1.0
-1.33
-4.67
-6.0
-12.0
1.67
-4.33
2.67
2.33
-6.33
3.0
-4.67
-0.67
1.0
-4.0
-6.0
-1.0
1.0
0.33
-6.33
2.67
-2.33
0.67
-6.33
1.0
1.33
3.33
3.0
-3.0
-0.67
-5.0
-4.0
-3.0
1.0
0.67
4.33
4.67
1.67
2.67
8.33
11.0
4.33
10.33
24.33
13.0
11.0
18.0
23.67
17.33
15.33
21.33
32.0
26.0
42.67
47.33
42.33
37.67
42.67
38.0
31.0
35.0
20.67
29.0
26.33
23.0
22.0
9.0
14.67
17.33
7.33
4.67
6.67
-0.33
-1.0
4.33
2.33
4.67
2.33
7.33
2.0
3.67
6.67
4.0
4.33
0.33
3.0
3.0
2.67
-1.67
-0.33
-2.33
-2.33
0.0
7.67
3.33
2.67
7.33
4.0
3.67
9.33
4.0
4.0
-6.33
-2.67
-5.33
-0.67
2.67
2.33
6.33
-2.0
-7.33
5.0
-5.33
2.0
-6.0
-0.33
-3.33
-2.33
-1.33
-0.67
2.0
-2.0
1.33
-2.0
-2.33
0.0
-4.33
4.67
6.67
-5.33
1.0
-5.0
-7.67
1.67
-9.0
2.33
2.0
1.33
9.33
5.0
-2.0
-2.0
-2.67
2.33
0.67
0.67
-3.0
-6.67
5.0
1.0
6.0
-8.33
0.67
-8.33
-7.67
-4.33
-5.67
-9.67
-1.0
-6.0
-3.67
-2.67
4.67
6.33
4.0
-6.33
6.67
3.0
-3.33
-6.0
-8.33
6.67
2.67
-2.67
0.33
3.67
-2.33
5.33
-1.0
-1.0
-0.67
-1.0
1.67
-2.0
-0.33
4.33
-1.67
1.33
-5.33
-6.33
1.33
-2.33
-2.0
0.33
-5.67
1.67
-5.0
-1.33
4.33
-8.67
-0.33
-5.0
3.67
2.67
-4.0
3.33
1.67
4.33
-3.67
1.33
-3.33
3.0
7.0
1.67
5.33
4.33
-3.67
-3.67
1.0
1.0
-1.0
-5.0
-6.0
3.67
-1.67
6.0
3.0
2.67
6.33
-0.67
-3.67
-2.0
-3.0
-4.0
-2.33
0.67
-2.33
8.33
4.67
1.67
3.33
-1.67
1.0
3.33
6.0
2.0
0.67
-3.67
4.33
0.0
6.33
3.0
0.0
8.0
7.33
-4.0
-4.33
0.0
6.0
-1.33
-1.33
9.67
2.67
0.33
18.33
0.0
10.33
12.0
14.67
4.0
17.67
27.33
18.0
22.33
16.0
17.0
23.33
27.67
32.0
26.33
29.0
26.67
9.67
21.33
18.33
19.67
15.0
16.33
23.67
18.67
4.33
8.67
16.67
9.67
10.0
3.33
16.33
4.67
7.67
8.33
14.67
6.67
7.67
10.0
6.33
3.33
14.0
5.0
13.0
3.33
6.0
6.0
7.33
1.67
4.67
4.0
2.0
11.0
11.0
16.67
9.33
0.67
1.0
-2.0
0.67
0.0
1.33
-0.67
7.33
0.33
0.67
6.0
4.0
8.67
-1.33
14.0
7.67
11.0
5.0
10.67
-2.33
12.67
11.33
-1.0
8.67
5.67
8.33
4.67
7.33
3.0
8.67
1.67
-2.0
6.0
8.33
9.33
6.0
-0.67
10.0
7.0
4.67
14.67
6.67
13.67
0.67
1.33
3.67
7.33
9.33
2.33
1.0
-1.67
6.0
-2.33
3.67
3.0
4.33
11.0
3.0
3.33
14.67
3.67
1.0
1.67
-0.33
8.33
5.0
15.33
17.33
2.67
6.0
7.67
4.0
13.33
10.0
9.67
0.33
7.33
12.33
8.33
2.33
17.0
-0.67
15.67
3.33
2.67
9.0
12.33
7.33
6.67
16.67
9.67
12.0
6.0
8.67
10.67
6.33
10.33
-3.33
1.33
4.67
-7.33
-9.0
14.67
3.33
14.67
-7.0
5.33
1.0
11.67
0.0
5.33
8.0
7.67
5.0
17.0
-1.33
11.33
12.0
-4.0
6.33
1.0
-2.67
7.33
8.33
1.0
4.67
12.67
5.33
3.0
-3.0
4.0
8.0
7.0
7.67
1.0
-1.0
6.0
14.67
2.33
-0.33
-0.67
10.67
2.0
4.67
7.67
1.33
11.67
14.33
11.0
8.33
10.33
10.0
9.67
8.67
12.67
10.0
11.0
6.67
10.0
9.33
8.33
6.0
9.33
6.33
4.67
15.67
11.33
9.33
7.0
6.67
10.33
18.67
0.0
-0.33
11.33
7.33
3.67
5.0
11.0
11.0
4.67
18.67
7.0
9.67
8.67
3.0
-0.67
10.67
8.33
8.0
13.33
6.0
17.33
13.33
-0.33
16.33
8.33
7.67
22.33
7.33
7.67
20.67
21.0
2.33
24.0
19.33
14.0
19.33
25.0
33.67
17.33
6.67
28.33
22.33
21.33
28.33
42.0
30.33
23.0
34.33
24.0
49.33
56.67
37.0
54.67
70.33
52.33
73.33
82.33
93.67
82.67
121.33
100.67
124.33
118.67
114.67
118.33
103.33
133.67
112.67
117.33
96.33
103.67
103.0
97.33
81.67
99.0
85.67
77.67
64.67
62.67
56.67
39.67
34.33
33.67
36.0
31.33
26.67
23.67
11.67
19.67
20.0
7.33
3.33
13.0
1.67
1.67
4.0
8.33
2.67
16.33
8.67
8.0
5.67
7.33
1.33
9.0
15.0
7.0
23.0
10.67
12.67
-3.0
8.67
16.33
12.33
12.0
8.33
9.33
8.33
14.0
7.33
11.33
13.0
5.67
11.67
0.33
14.0
10.67
-2.33
5.33
12.0
-3.33
11.0
7.33
10.33
15.0
10.67
12.67
-2.33
4.33
-2.67
5.33
3.33
0.33
4.67
6.0
19.67
8.0
17.67
3.0
14.33
9.67
6.0
24.0
5.67
10.33
20.67
6.33
8.0
15.33
4.33
13.67
10.0
-1.67
3.0
5.33
15.0
-2.33
16.67
17.33
6.0
9.0
9.0
12.33
9.0
3.67
11.67
0.33
-1.67
14.67
15.33
6.33
9.67
13.67
2.33
-1.67
13.67
15.67
4.33
6.0
9.33
17.67
0.0
-7.67
12.0
12.33
0.33
7.67
20.0
9.33
2.33
8.33
0.33
-2.33
9.67
9.0
1.67
2.0
0.0
9.67
-4.0
7.0
3.0
1.0
16.0
5.0
14.0
10.33
0.33
-4.0
8.0
2.67
11.33
4.67
15.0
-3.0
18.33
22.67
12.33
8.0
7.67
3.67
10.33
6.0
13.33
-3.33
11.0
-0.33
-6.67
5.33
19.67
6.0
3.67
9.33
16.0
0.67
7.33
22.0
20.67
18.0
14.33
15.67
9.67
13.33
12.67
19.67
25.67
9.67
13.33
34.0
14.33
30.33
33.33
15.33
40.0
24.67
25.0
40.0
34.67
30.33
32.0
29.67
38.0
28.67
45.67
41.67
22.0
27.33
38.67
33.0
17.0
15.67
21.67
24.0
13.33
10.33
23.67
21.33
30.33
18.67
26.0
20.67
10.0
1.67
9.0
17.67
4.33
14.67
3.33
-2.0
12.0
3.0
3.33
2.67
10.67
4.67
15.0
6.67
8.67
6.0
0.67
-8.67
5.67
10.33
2.67
17.33
3.67
-9.33
6.67
16.67
-3.33
-8.33
-1.67
10.67
-4.67
7.0
12.0
0.0
1.67
2.33
-1.33
8.67
1.67
13.0
2.0
4.33
10.67
7.33
2.33
-0.33
2.0
7.0
13.33
16.67
7.33
10.67
15.67
0.0
7.33
9.0
6.67
9.0
9.67
2.67
0.0
8.0
6.0
10.67
15.0
17.33
0.67
14.0
18.33
-9.33
1.0
4.0
6.67
6.67
9.33
12.0
15.0
8.0
10.67
-13.0
8.33
10.0
-0.33
2.33
0.67
8.33
2.0
5.0
3.0
-2.33
5.33
7.67
14.67
8.33
-1.0
2.67
0.0
2.0
-5.0
10.67
-0.67
-0.67
-1.67
0.67
1.67
-10.0
11.33
7.0
-7.67
3.33
0.33
0.33
-6.0
12.0
2.33
3.67
1.33
1.33
16.0
5.0
-0.67
-2.33
-2.67
-12.33
-5.67
-4.67
10.67
0.33
1.33
3.67
-5.67
-7.67
-2.33
3.33
3.33
-1.67
2.33
-1.33
8.0
-8.0
12.33
1.0
-5.67
4.0
-4.0
-7.0
-9.67
-3.0
-9.67
-5.0
19.33
0.33
5.0
-0.33
-1.67
14.0
-4.67
6.33
-8.67
2.67
12.33
6.0
-3.0
-2.0
-0.67
-3.33
6.67
2.33
3.67
0.33
0.0
-5.0
3.0
1.67
3.67
-3.0
5.0
10.33
4.67
8.33
3.67
5.0
-5.67
4.0
2.33
5.0
5.67
-1.67
-1.0
-2.67
14.0
8.67
13.67
2.33
5.0
1.67
-2.0
5.33
-8.0
6.33
4.33
3.33
-5.0
7.67
15.33
3.67
8.33
1.0
-1.33
11.0
6.67
4.0
2.67
5.33
0.33
4.67
10.67
3.0
4.67
6.33
-7.33
5.0
11.33
12.67
-0.67
0.67
3.67
2.33
-3.33
-2.0
4.67
-1.67
1.0
-4.33
-3.0
3.0
7.0
7.67
5.0
4.33
3.33
-4.67
5.67
4.33
1.0
8.67
-2.0
0.0
-6.0
-4.0
3.67
-6.0
2.67
-1.33
0.33
5.33
4.67
3.67
-6.33
-5.67
0.33
4.67
6.0
-0.33
-4.0
4.67
-2.33
-6.33
7.0
5.0
5.67
11.33
-0.67
-2.0
9.0
14.67
7.33
-2.67
-0.33
0.67
0.33
-2.0
2.33
1.67
-3.33
3.33
6.67
-2.33
0.67
-2.67
2.0
-3.33
-3.0
4.67
-6.67
10.67
-9.33
-3.67
0.0
3.0
-1.67
0.33
5.0
5.0
1.67
1.0
12.33
7.0
12.33
-3.0
1.0
-2.67
2.67
5.33
-4.33
-2.33
4.33
6.33
6.67
-5.67
1.0
2.33
-2.0
-1.67
-1.0
-8.33
1.33
7.0
3.67
2.0
3.0
-5.33
0.0
0.33
6.67
-2.0
12.0
7.67
-2.67
0.33
3.67
3.67
1.0
0.67
-1.0
-5.33
-1.0
-8.0
7.33
1.0
3.67
1.33
4.67
0.0
2.67
4.0
4.0
3.33
6.0
0.33
5.33
6.0
1.33
4.33
2.67
3.0
10.33
2.33
1.0
7.0
3.0
-2.0
8.33
8.67
1.33
0.67
3.33
11.33
1.67
1.33
1.33
2.0
4.33
-1.67
-0.67
9.33
-2.0
2.0
-1.67
6.33
-1.0
0.0
-0.33
3.67
-0.67
-5.0
-1.67
0.33
4.67
-2.0
-9.0
2.67
1.0
0.67
3.0
-3.0
1.67
2.67
2.33
1.0
1.0
0.0
1.33
-1.33
-4.67
-5.67
0.67
-2.0
-7.0
-4.67
4.67
-6.0
-5.67
0.0
2.33
-8.0
6.0
1.0
6.0
-4.0
-3.0
0.0
0.0
2.33
-1.33
0.0
9.0
-1.0
10.33
-0.67
4.33
-0.33
5.67
4.33
-3.33
2.0
0.67
4.67
2.67
7.67
-1.0
1.33
1.0
4.33
-3.67
3.33
9.33
1.0
0.33
0.33
0.67
3.0
-2.0
-1.67
-0.67
-1.33
-4.0
0.33
-3.0
-1.0
-4.0
0.67
-2.33
0.33
-0.33
-0.33
0.67
1.0
0.0
2.0
-3.67
-1.0
-1.33
-3.67
-0.33
1.33
9.67
2.0
0.0
-3.0
0.0
3.67
-0.33
6.0
3.33
5.0
2.33
-2.33
4.67
-3.0
3.67
6.0
7.33
-2.0
-2.0
