0.0
38.67
0.67
73.67
72.0
1.67
19.33
40.67
-18.67
-5.67
8.67
16.33
-62.67
11.67
34.67
-2.0
-12.0
-27.33
-35.67
3.0
19.0
-27.67
-10.33
-10.0
11.33
-2.67
-3.33
-2.33
-8.67
4.0
-0.33
5.67
-2.67
-0.67
-1.67
-2.33
-1.33
-2.67
-1.33
1.0
-1.33
1.67
0.33
-0.33
1.0
1.0
-1.0
-0.33
-1.0
1.0
0.0
-0.33
-0.33
-0.33
1.0
0.0
-0.67
0.0
0.0
1.0
-0.33
0.0
1.0
0.0
1.0
0.0
-0.33
0.67
-0.33
-0.33
0.0
1.33
-0.67
0.33
0.67
-0.33
0.0
1.0
0.67
0.33
1.0
0.0
0.0
-0.67
-1.0
-0.33
1.0
1.0
1.0
0.67
-0.67
1.0
-1.0
-0.33
-0.33
-2.33
0.0
-0.33
1.0
0.67
-0.33
-1.0
-0.67
-0.33
0.67
-2.67
-1.0
-1.33
-2.0
3.0
0.0
-1.33
-2.33
1.67
3.0
1.0
-2.0
-4.0
-2.0
5.0
-2.33
2.0
1.67
0.0
3.67
2.67
-2.33
-1.67
0.0
-2.33
4.33
1.67
-0.67
-2.33
0.33
-5.33
1.33
-5.33
2.67
-2.0
0.67
-0.67
1.33
1.33
12.67
3.0
-0.33
7.33
1.0
5.0
0.33
0.33
-3.0
3.67
-0.67
-1.0
0.0
3.0
-1.33
5.67
-0.33
4.0
-7.67
0.0
-5.33
2.0
-0.67
-4.33
0.0
0.0
1.33
-1.67
-1.67
-5.67
4.33
9.0
4.33
-4.33
6.67
2.33
8.67
2.0
3.33
4.67
-0.67
-1.0
-3.0
-3.33
-5.33
1.67
5.0
7.0
5.67
8.0
2.33
0.67
-1.0
0.33
2.33
15.0
12.33
2.67
5.33
-0.33
-11.0
-7.33
-0.67
3.33
8.67
-1.33
7.33
10.0
0.33
4.67
6.67
3.67
-2.33
8.67
-3.67
-8.33
2.67
3.0
0.0
6.67
7.0
2.67
3.33
4.0
-2.0
-4.0
6.33
-0.33
0.67
0.0
1.33
4.33
1.67
-1.33
7.0
-1.33
6.33
-0.67
-0.33
12.0
2.67
2.67
3.0
-1.33
10.33
2.67
3.33
3.0
3.0
-5.33
4.0
-0.67
4.33
5.33
0.0
4.0
4.0
3.0
4.0
-1.33
3.67
1.67
0.0
-2.67
-2.67
3.33
-1.33
3.33
-4.67
1.33
1.33
0.33
2.33
6.33
4.0
2.33
-5.67
-0.67
11.67
-1.0
-4.0
2.33
4.33
6.0
7.0
-1.33
1.67
4.33
7.67
-5.0
3.33
2.33
5.0
-4.0
6.33
4.67
-1.67
0.67
3.67
3.67
2.33
3.33
0.33
8.0
7.33
2.33
5.0
2.67
8.33
-2.0
3.33
10.0
1.67
0.0
2.67
-1.33
6.67
-1.67
-3.0
-1.0
-12.67
2.0
6.33
-3.67
-1.33
5.0
2.33
-0.67
0.0
4.67
-4.0
3.33
0.67
7.33
7.0
-3.0
2.33
3.67
5.67
5.67
-0.33
3.33
-6.33
-2.0
-6.33
0.0
-2.33
3.0
-2.67
3.0
5.33
0.67
5.67
2.0
8.33
0.0
1.0
-4.33
7.33
10.33
-2.67
5.0
5.0
-2.0
5.67
2.33
2.33
4.0
-7.0
-1.67
1.33
-0.33
-0.33
3.0
-1.0
-0.33
0.33
2.67
4.67
1.0
0.67
-1.33
-1.67
-2.0
5.67
-2.67
0.67
0.0
-2.67
-2.33
6.33
2.67
4.0
0.33
-1.33
0.67
2.33
1.0
-1.0
0.67
3.0
0.33
0.0
-3.0
2.33
2.0
-4.33
0.0
2.0
3.0
-0.33
0.0
3.33
8.33
-1.0
9.0
-0.67
4.67
-1.33
1.0
2.0
-1.67
-0.33
0.67
1.33
5.0
0.67
-3.0
-1.67
-3.0
-2.0
-5.33
-1.33
-2.0
6.67
0.67
6.0
-1.67
1.0
4.67
1.0
-7.33
2.67
-1.0
2.67
1.67
3.0
3.67
5.33
1.0
0.33
3.33
0.0
-0.67
-2.67
-0.33
-1.33
-2.67
0.67
-3.67
0.0
2.67
2.67
0.33
-0.67
-2.0
0.67
-1.67
-1.67
-1.67
-2.33
2.67
-1.67
4.67
-4.67
3.33
3.67
-3.33
1.67
0.67
2.0
-3.0
2.33
-2.33
3.67
-4.0
-2.67
1.0
-3.33
5.0
5.0
-1.33
5.33
1.33
-3.33
0.33
-0.67
-2.0
-6.0
2.33
-3.0
1.0
-1.33
-0.33
-0.67
-0.67
-1.0
-1.0
0.67
0.0
-1.67
8.0
3.0
4.0
-1.67
2.67
4.33
3.0
2.33
0.67
1.0
3.0
3.67
3.33
-0.67
0.67
-3.0
3.33
1.67
-2.33
-1.0
0.0
1.33
0.33
-2.0
3.33
-2.33
0.67
2.67
2.67
-0.67
-5.33
0.0
-2.67
5.0
-1.33
-0.67
-3.33
0.67
-4.0
3.67
3.67
-2.0
1.0
1.67
2.67
-0.33
-4.0
-0.33
4.0
-0.67
-0.67
0.33
-0.33
-0.33
-3.33
0.33
0.33
1.0
-1.0
-1.0
-1.0
-2.33
0.33
5.33
-1.33
0.0
1.33
-2.67
3.67
1.33
2.33
0.67
1.0
1.0
-0.33
-1.0
0.0
0.33
-1.0
-2.0
-1.0
3.0
4.33
1.67
-1.0
-1.33
1.0
-5.67
-0.67
-0.67
-5.0
-1.33
0.0
3.0
-3.0
-3.67
-1.67
0.33
-3.33
1.67
3.0
-4.0
-3.33
1.33
0.33
-3.0
-5.0
-2.33
-2.0
4.0
2.67
0.0
-0.33
-4.0
2.33
3.33
-1.67
3.33
-1.33
-1.33
4.0
1.0
-5.0
5.33
-1.33
-0.33
-2.33
0.33
-3.33
0.67
6.0
0.67
-2.67
-4.0
-1.33
2.33
-0.33
-2.33
1.0
-1.33
0.0
1.0
0.33
3.33
-2.0
-3.33
-3.0
1.33
3.33
-0.33
-2.0
1.33
2.33
-1.0
-1.0
-3.67
-3.0
-5.33
-0.67
-6.0
-1.0
0.0
2.33
0.67
-2.33
-2.67
-0.67
2.0
-4.67
2.33
-3.33
7.0
-6.0
-1.33
-0.33
-8.0
-2.0
-1.33
3.67
-6.0
1.0
-3.33
-1.67
-0.33
-8.33
-2.67
2.33
0.0
-0.67
1.67
0.67
1.0
-2.0
-0.67
-2.0
2.33
-4.33
1.33
-0.67
4.67
-2.0
-2.33
-2.0
0.0
-1.67
-0.33
-0.33
-1.33
-3.33
-2.0
0.0
-2.0
1.0
0.33
-3.67
-1.67
-5.67
-4.67
-3.0
1.0
-3.33
-2.67
0.67
0.0
-1.67
0.33
-1.0
-2.33
-5.67
-11.0
-5.67
-4.33
-1.67
1.67
0.33
-5.0
-6.33
2.33
-4.33
2.67
-2.67
-2.0
-3.0
-1.33
-6.67
-7.0
-2.0
-2.33
-2.33
-1.33
-6.67
-3.33
2.0
-4.67
-0.67
-4.0
0.0
-1.0
5.0
-1.0
2.33
-6.33
3.67
-4.33
-3.33
-1.33
1.0
3.33
-3.67
7.0
1.0
0.33
-6.0
1.0
-1.0
3.0
15.67
5.33
2.67
2.67
1.67
9.33
12.0
0.33
6.33
12.33
17.0
22.0
27.0
25.67
22.33
34.33
38.33
23.0
32.0
56.67
47.33
44.33
42.67
37.67
40.0
37.0
31.0
34.67
33.0
36.33
35.0
20.0
16.0
18.67
14.33
15.33
6.67
5.67
0.67
13.0
3.33
0.33
3.67
10.33
-1.67
3.0
3.67
9.67
-9.0
3.33
7.33
-2.0
-4.0
-8.33
6.33
-0.33
-6.33
2.67
5.0
5.67
0.33
1.67
-4.67
3.0
5.67
0.33
4.0
8.0
-9.33
-5.67
-0.33
-1.67
1.67
2.33
1.33
-1.0
-3.33
6.0
-0.33
-4.0
-6.0
-4.33
-0.33
5.67
-4.33
-6.67
1.0
1.0
-2.67
-5.0
-8.33
0.0
-5.33
-0.33
1.67
-8.33
-3.0
-5.0
-2.67
5.67
-2.0
-2.67
4.0
4.33
10.33
-5.0
1.0
-3.0
-8.67
-1.67
-2.33
-0.33
3.0
-5.67
18.0
-4.0
3.0
-0.33
-2.33
-4.33
4.33
-9.33
-2.67
-6.67
1.0
-10.0
-2.67
4.33
7.67
5.33
-1.0
-2.33
-2.33
2.0
-7.33
7.0
0.67
3.67
-6.33
-1.67
-4.67
3.67
11.67
6.33
10.0
6.0
-2.67
3.0
3.67
8.0
-7.33
0.33
-5.67
8.33
-2.33
-4.33
9.33
-2.33
6.0
0.33
-2.67
-6.33
0.0
-7.33
1.33
-5.67
4.67
-6.0
7.67
1.67
-1.0
2.33
-4.33
-1.67
3.33
8.33
14.67
-1.0
-1.0
-4.33
-0.67
-2.67
-2.67
-2.67
-1.0
1.0
-1.0
-7.0
3.0
-5.33
7.33
4.0
-1.0
1.67
-2.67
7.33
-0.67
-2.0
-1.0
4.0
-2.33
-0.33
7.67
9.33
2.67
-6.33
8.33
-2.67
-5.0
-0.67
2.0
8.0
-1.33
-0.67
10.33
17.0
-1.67
10.0
0.0
3.0
3.33
-4.0
0.67
-2.0
8.0
7.67
8.67
1.67
-0.33
4.33
9.33
11.0
15.33
0.0
14.67
12.0
17.67
15.33
34.0
25.33
16.0
33.0
22.33
18.67
28.0
23.33
35.0
29.67
11.67
33.33
26.33
22.67
35.0
25.33
15.67
16.67
7.33
15.67
4.67
11.67
10.0
10.33
13.33
17.67
4.67
11.33
3.67
13.67
6.67
12.0
7.33
8.33
11.0
11.0
14.0
-0.67
0.0
8.0
11.33
4.67
0.67
-6.0
3.0
8.0
11.0
5.67
7.33
5.67
2.0
9.0
-2.33
3.0
13.33
-1.67
3.33
-2.67
-2.33
8.0
4.0
-0.33
6.67
2.0
7.67
6.0
-1.0
8.67
1.67
10.67
5.33
1.0
9.67
-4.33
-0.67
-0.33
11.33
-1.0
3.67
3.67
6.0
11.0
-0.67
7.33
0.0
5.33
6.0
17.0
5.67
7.67
-0.33
9.67
8.67
3.33
-4.33
2.33
16.33
5.33
-1.0
0.33
12.0
2.67
9.67
9.0
0.33
7.0
7.0
5.33
-9.33
21.67
1.0
3.67
8.67
6.33
14.0
11.33
6.33
0.67
4.0
5.67
10.0
6.33
9.0
2.67
3.33
8.33
6.33
1.33
3.33
5.0
1.33
7.67
9.33
4.67
7.0
9.33
5.33
6.67
13.67
17.67
5.0
-5.0
-2.33
5.67
8.33
11.33
10.67
7.33
-0.33
-6.33
-9.0
7.67
14.33
3.67
-1.0
19.33
-3.0
5.67
5.0
-0.67
9.0
4.67
10.0
13.0
1.67
8.33
15.0
10.0
9.33
8.0
8.33
8.33
1.33
8.0
6.67
16.67
9.33
15.0
2.0
6.0
8.0
11.0
1.67
3.0
7.0
7.0
1.67
5.33
3.67
-2.67
16.67
12.0
9.67
12.67
2.33
5.67
6.33
10.0
9.33
12.33
8.0
11.67
14.67
5.67
8.0
12.0
5.67
3.0
7.33
7.33
2.0
4.33
1.33
8.67
17.67
12.33
4.33
6.0
6.67
15.33
6.67
10.0
8.67
27.33
9.33
2.67
8.0
7.0
8.0
6.67
22.67
4.0
13.67
18.67
11.0
5.33
5.67
3.33
3.0
10.33
2.0
11.33
28.33
13.67
12.33
7.33
29.67
24.33
18.33
5.67
7.67
13.0
24.33
11.0
12.33
22.0
26.33
22.0
16.67
22.33
10.67
17.33
27.33
17.33
41.33
23.0
40.33
32.0
49.33
65.0
60.33
69.67
63.0
79.67
93.33
108.33
125.33
138.33
153.67
148.67
202.33
177.67
179.33
184.67
193.67
203.33
191.33
222.67
216.67
208.33
214.33
199.67
185.0
209.33
175.67
169.0
179.67
151.67
162.67
124.67
82.67
106.67
72.33
62.67
69.0
69.33
49.67
27.67
28.67
23.67
27.0
12.33
12.33
-2.0
10.67
12.67
3.0
10.33
2.67
11.33
-1.33
4.0
8.67
5.33
11.33
10.0
4.0
-3.0
17.0
22.67
7.67
-2.0
5.67
13.33
8.33
-1.0
4.33
8.33
8.33
9.0
6.33
15.33
19.0
11.67
0.67
15.33
4.0
15.67
1.67
9.33
11.0
2.67
14.0
16.33
13.33
7.0
2.67
3.67
6.67
2.33
4.33
3.33
1.33
7.33
4.67
9.0
8.67
19.0
12.67
8.0
15.33
11.67
9.0
8.0
13.67
18.33
9.67
13.33
8.0
1.33
0.33
6.67
19.0
-3.67
5.0
18.33
17.0
-1.33
6.67
19.33
18.0
8.0
23.0
18.33
21.0
13.67
2.67
12.33
3.33
13.67
9.33
10.33
7.67
12.67
-11.67
6.33
11.67
-0.33
3.33
13.0
8.33
3.67
11.0
6.33
3.0
0.33
15.33
8.67
2.0
21.33
9.33
4.33
6.33
7.67
10.67
15.0
14.67
9.0
-4.0
3.67
7.0
12.0
11.0
8.0
5.0
2.0
12.0
0.33
4.33
0.0
4.0
14.67
-0.67
11.67
7.0
-12.0
14.33
4.67
3.33
4.0
16.67
7.67
-10.67
-3.0
4.33
5.67
10.0
0.67
-7.67
6.33
15.67
18.0
7.67
3.33
8.0
1.67
9.33
22.0
9.67
-1.0
7.33
8.67
14.67
9.33
14.67
23.67
27.67
15.67
22.33
22.0
8.33
31.33
28.33
7.33
20.0
22.67
22.0
19.0
29.67
25.33
41.0
21.67
24.0
37.67
21.67
25.67
49.0
12.33
21.67
20.0
18.0
22.67
28.67
18.0
6.33
17.33
21.67
28.33
19.33
15.67
21.0
21.67
16.0
3.67
4.0
4.67
2.33
8.67
4.33
-3.0
11.0
-8.0
5.33
-3.33
6.67
3.67
0.0
11.67
8.67
6.0
13.67
5.33
11.67
14.33
0.67
5.33
2.67
-2.33
-0.33
1.67
-4.33
-5.33
18.33
10.67
5.33
-1.0
9.0
0.0
8.67
9.33
-5.33
-2.33
-3.33
9.0
-8.0
6.33
3.67
3.33
3.33
5.67
1.0
-2.0
12.33
18.67
6.33
3.67
3.67
8.0
9.33
3.0
9.67
11.0
9.67
0.67
16.0
5.0
-1.0
-1.33
3.0
13.33
1.67
13.0
7.33
-0.33
12.0
18.0
13.67
6.67
6.33
9.0
5.0
-4.0
1.67
2.0
-1.67
4.0
4.67
3.33
-1.33
-0.67
4.0
2.0
-10.0
-0.33
3.33
1.67
4.67
-0.67
6.0
-2.33
14.0
1.0
-5.0
3.67
0.33
5.33
-3.67
-0.33
-2.33
3.0
-6.67
2.0
-4.67
14.33
0.33
-3.67
-4.0
13.0
4.33
0.67
-3.67
8.33
-4.0
6.0
0.33
-0.33
8.33
9.67
-9.67
-4.67
4.67
-9.67
-1.67
-4.33
-3.67
8.33
3.67
-4.67
4.33
-1.67
4.33
6.67
-2.0
0.0
1.33
0.0
-2.67
-10.0
-2.0
-5.0
-7.67
-1.0
-4.67
-6.0
0.33
8.33
7.0
-1.33
-1.67
7.0
-1.67
-0.67
-2.67
-1.33
-1.67
3.0
-6.0
-9.0
7.33
-0.33
5.67
2.33
5.67
-7.67
-2.0
6.0
0.0
3.67
-1.33
4.0
7.0
11.33
2.67
2.33
4.67
2.0
1.33
2.0
5.33
10.0
8.67
-8.67
-9.0
1.33
6.0
-4.33
-3.33
4.33
-7.0
-1.33
17.0
3.33
12.0
7.33
6.33
4.33
2.0
8.67
6.33
1.67
5.33
2.0
-4.33
6.0
11.67
1.0
2.67
6.33
9.33
10.67
17.67
2.0
-2.33
14.33
-4.33
0.0
1.33
18.67
-4.67
8.67
6.67
4.33
-0.33
-2.0
-2.33
2.33
3.0
3.67
-2.0
3.0
2.0
-4.33
-2.0
-2.67
5.33
5.33
5.67
-2.67
2.0
1.67
4.0
3.0
-5.0
0.0
-0.33
-3.0
0.67
2.67
4.33
11.33
4.67
4.67
-5.33
1.33
4.33
0.67
2.0
-1.33
-9.0
1.67
1.67
0.67
4.0
5.0
7.67
6.33
-0.67
1.0
-2.0
4.67
4.33
-5.67
5.67
5.67
-0.67
2.0
-2.67
-1.33
-3.33
1.33
-0.33
-1.33
-1.33
2.33
-1.0
-11.33
7.0
-4.33
-5.67
4.67
-5.33
-0.67
-1.0
10.0
5.33
-1.67
8.0
3.0
0.67
-1.0
4.33
6.0
4.33
4.0
-1.0
5.33
2.67
6.33
8.67
-0.33
-0.67
5.33
-2.33
-1.67
5.0
-5.67
5.0
1.33
3.0
-8.33
-2.67
-1.0
-2.33
-1.0
4.0
0.67
8.0
2.33
2.67
-3.0
2.0
-4.33
2.33
-0.67
5.67
2.67
2.0
2.67
1.0
3.67
0.0
0.0
5.33
-5.0
3.67
0.33
-2.33
-1.0
4.67
-1.0
1.0
4.33
13.0
-2.67
6.33
-3.0
7.33
8.33
-2.33
11.0
1.33
3.33
0.0
10.0
15.0
-2.0
-1.67
1.67
-0.67
2.67
3.33
0.33
-5.33
2.33
-2.67
5.0
-0.67
0.33
-4.67
-0.67
-2.0
2.0
4.33
-4.67
0.0
10.0
-2.33
-0.33
-2.67
-3.0
-4.67
5.33
4.67
-3.0
0.0
-0.33
4.0
11.67
-4.0
-3.0
5.67
2.67
2.33
-2.0
-4.0
6.0
-7.67
3.67
-0.67
1.33
-1.33
2.0
-5.0
2.33
-0.33
5.0
2.33
1.0
3.33
-7.0
3.0
1.0
3.0
1.0
1.0
0.0
-4.0
1.33
-3.33
3.0
2.0
5.0
12.33
1.33
8.33
1.67
-0.33
6.33
-6.33
1.0
-4.33
1.67
3.67
5.67
-1.0
10.33
5.0
-4.67
0.33
0.33
-3.67
1.0
0.33
1.33
2.67
7.0
3.0
-0.67
3.33
0.67
0.0
2.33
-9.0
6.0
1.0
-0.33
4.67
-2.67
6.67
-0.33
-3.33
-1.0
4.0
3.0
-0.67
-4.0
-3.33
1.33
-3.33
-1.67
4.67
-2.0
-2.0
-5.0
0.0
2.67
8.67
6.0
0.33
-1.0
-0.67
0.67
6.67
5.0
3.67
5.0
9.33
-2.0
0.0
