0.0
84.67
-60.33
-3.33
17.0
-8.33
61.33
-30.33
-113.67
5.33
-51.33
13.33
-73.67
-14.33
-3.33
0.0
32.0
-8.33
1.33
7.0
21.0
-17.67
-10.33
10.0
-2.67
-21.67
-6.33
-4.33
-7.67
1.0
-1.33
9.67
-8.67
-3.67
-3.67
4.67
-1.33
3.33
-1.33
-1.0
-0.33
1.67
-0.67
0.67
1.0
0.0
-1.0
-0.33
-1.0
0.0
0.0
-0.33
-0.33
0.67
0.0
0.0
-0.67
1.0
0.0
0.0
0.67
0.0
2.0
0.0
1.0
0.0
-0.33
-0.33
-0.33
0.67
0.0
-0.67
-0.67
-0.67
-0.33
-0.33
0.0
1.0
-1.33
0.33
0.0
0.0
0.0
0.33
1.0
1.67
1.0
0.0
1.0
0.67
-0.67
1.0
-1.0
-1.33
-0.33
-1.33
1.0
0.67
2.0
-0.33
-1.33
0.0
0.33
-1.33
2.67
-1.67
-1.0
-0.33
-1.0
0.0
0.0
-0.33
-1.33
-1.33
0.0
1.0
-2.0
-2.0
1.0
1.0
-1.33
2.0
-1.33
0.0
-1.33
7.67
-1.33
-1.67
4.0
-2.33
-2.67
0.67
-2.67
-0.33
5.33
1.67
3.33
-4.33
-0.33
3.0
-2.33
-3.67
-0.67
0.33
-0.33
-1.0
0.67
-0.67
4.0
2.0
6.33
-1.67
2.0
2.67
-1.67
-3.0
-6.0
-4.0
1.67
1.67
2.67
4.0
-0.67
6.0
0.67
0.0
-1.67
-0.33
-1.0
3.0
-3.67
0.33
6.33
1.33
0.33
0.0
-0.67
-0.33
3.67
-1.67
-0.33
-4.0
2.33
-4.33
-0.67
-1.0
2.0
-3.33
-3.33
0.67
-3.0
0.0
1.67
-1.0
-1.67
-1.33
-1.0
-3.67
2.33
5.0
1.33
-7.33
4.33
5.67
-7.0
1.67
6.33
-3.67
2.67
-3.33
5.33
7.0
-0.67
9.67
3.67
-1.33
0.67
-5.33
-4.67
-4.33
-2.33
-4.0
-1.0
2.67
2.0
-3.33
-1.67
2.0
1.0
1.0
6.33
1.67
-4.33
6.0
1.33
-5.67
-1.33
-2.33
-2.0
0.67
4.33
0.33
0.67
6.0
-0.33
2.67
7.0
-0.33
3.33
0.67
-0.67
-1.0
-1.0
-0.33
6.0
1.33
3.33
-0.67
1.0
6.0
3.0
0.0
2.0
1.67
-0.33
-1.33
2.0
-1.67
1.33
-4.67
1.67
-0.67
1.33
6.33
5.33
0.33
0.33
4.33
-1.0
0.33
2.33
2.33
-0.33
3.0
3.0
2.33
2.33
6.0
-1.0
-1.33
-2.33
1.33
5.67
-1.0
2.33
2.33
2.0
-5.0
0.33
2.67
-2.67
4.67
8.67
8.67
-1.67
1.33
-0.67
2.0
-1.67
7.33
-2.0
-2.33
5.33
6.0
2.33
5.0
2.67
-4.0
3.67
-2.33
2.67
1.33
5.0
2.0
-7.67
0.0
4.33
-2.67
-0.33
3.0
0.33
3.33
2.0
3.67
-2.0
12.33
-1.33
-0.67
4.0
-1.0
-1.67
0.67
0.67
2.67
10.67
4.33
-1.33
5.0
-4.33
0.0
-4.33
2.0
-1.67
2.0
2.33
2.67
0.67
-3.0
-2.67
-1.0
4.0
-3.33
3.33
-0.67
4.33
-6.0
5.0
-2.0
3.67
6.33
0.33
7.0
1.0
-1.67
-0.67
0.67
3.67
0.0
4.0
8.67
0.33
4.67
-3.33
1.0
-0.33
4.67
1.33
-3.0
-3.33
0.33
1.67
2.0
-1.67
-0.33
3.33
3.67
2.0
5.33
-2.33
-0.33
-4.67
4.0
-3.0
1.67
-2.0
-3.67
3.0
-4.0
-0.67
-1.0
-2.33
1.0
-3.0
2.0
0.67
-1.0
8.33
1.33
-1.0
4.0
3.33
2.67
2.67
1.0
1.0
4.33
2.67
-1.33
0.33
3.0
6.67
-4.0
-5.67
-4.0
3.0
0.67
0.67
4.0
0.67
2.67
2.0
0.33
0.0
4.67
-5.0
-3.33
0.67
-3.0
-2.33
-1.33
2.0
-1.33
-0.67
7.0
0.33
-3.67
-5.0
8.33
-2.67
2.67
-0.33
-3.67
-2.33
-2.67
-2.0
0.67
-0.33
-0.67
0.33
-2.0
1.67
2.33
1.33
0.33
-0.33
-1.33
0.33
0.67
-3.67
3.33
-2.33
1.67
-1.33
1.67
1.0
-3.0
-3.67
-0.33
-3.33
2.0
0.33
3.0
-0.33
0.0
4.0
0.67
4.33
0.33
-2.33
3.33
-0.67
0.0
-4.0
-0.67
-3.0
0.0
1.67
1.67
-3.67
-3.67
0.0
0.0
-1.33
0.0
1.33
3.0
1.0
1.0
1.33
1.67
3.33
1.0
-3.67
4.67
5.0
2.0
1.67
0.33
-0.67
-2.33
2.0
1.33
-1.33
1.67
-2.0
2.0
2.33
-2.67
-1.0
-2.67
-1.33
-1.33
-0.33
3.67
-4.67
-4.33
-4.0
0.33
-1.0
1.67
-4.67
3.67
-2.33
-3.0
1.67
-2.33
1.0
-1.0
-2.33
-3.33
3.67
-3.0
-2.33
1.0
0.33
-2.67
5.33
-2.33
-1.33
-0.33
3.33
0.33
1.0
-3.0
0.0
-1.0
2.67
0.33
-3.67
0.67
-3.0
6.33
2.33
0.67
2.33
0.33
-1.33
-2.0
3.0
-2.33
1.0
0.0
1.33
1.0
-5.0
0.0
3.0
0.33
3.67
-1.0
-2.33
-1.0
-3.67
-0.67
-3.67
0.0
-2.33
3.0
4.0
1.0
1.33
-1.67
-1.67
-1.33
-0.33
5.0
3.0
-0.33
-2.67
-0.67
0.0
1.0
-1.33
3.0
-1.0
-2.33
0.0
0.67
-6.0
3.33
4.33
-3.67
1.33
7.67
5.67
-3.0
2.0
-3.0
4.33
-2.33
5.67
-2.33
6.33
0.67
-1.33
10.0
1.67
3.33
1.0
3.67
-0.67
1.67
-2.33
0.0
3.67
1.0
0.0
-3.67
-1.67
-2.0
-3.33
0.0
-1.67
0.33
-0.33
-1.0
0.33
-3.67
-3.0
1.0
1.33
-3.0
-4.33
0.33
-7.0
4.0
-1.0
-4.67
-2.33
-2.33
-0.67
-1.67
-3.0
-3.67
5.33
-5.33
-1.0
-1.0
-2.33
2.67
5.0
-2.0
2.67
0.67
-2.0
-3.0
-4.33
5.33
-3.33
-3.33
-5.67
-5.67
0.0
1.33
1.67
3.67
2.0
1.0
1.33
3.0
3.33
-3.33
6.33
6.33
-0.33
1.0
-4.33
-3.0
5.0
2.33
0.67
0.67
2.67
-2.33
-4.0
3.0
1.0
-6.0
-1.67
1.33
-2.67
-2.67
-2.67
3.0
2.0
-2.33
-0.67
-0.33
1.0
-5.67
-4.67
-3.0
-1.33
-0.67
-3.0
-1.67
-6.33
-8.67
1.67
-0.67
-1.0
5.67
2.33
-2.33
3.67
5.33
-3.0
1.0
-2.33
-2.67
-4.0
-6.0
-2.33
8.67
1.67
-0.67
-4.33
1.0
-1.67
2.33
-3.0
-1.0
-2.0
2.0
-2.0
3.33
-1.33
-0.33
-1.33
-5.33
-4.33
5.0
-7.67
-4.67
4.0
5.0
-0.67
-8.0
0.0
6.0
5.0
0.67
3.33
1.67
6.67
0.67
10.33
-2.0
-2.67
9.33
9.33
9.0
11.0
21.0
22.67
38.33
19.33
44.33
40.0
48.0
53.67
58.33
63.33
54.67
67.67
58.0
75.0
55.0
71.67
54.0
36.33
45.0
27.0
26.0
12.67
12.33
10.33
-0.33
9.67
4.67
0.0
1.33
2.33
4.67
2.33
3.33
-5.0
3.67
-3.33
-6.0
-3.67
0.33
-6.0
1.0
-5.33
-1.67
-0.33
-3.33
-2.33
5.0
0.67
-7.67
-4.33
0.33
2.0
6.67
1.33
7.0
0.0
-9.33
11.33
-3.33
-7.67
2.67
4.33
4.33
-4.0
-0.33
2.0
-6.33
-5.0
1.0
-6.33
-4.33
-5.33
10.67
-1.67
-5.0
1.0
-2.67
-5.0
-1.33
3.0
-4.33
-2.33
3.67
-3.33
0.0
-1.0
-4.67
-0.33
7.0
-1.67
5.0
-4.67
4.33
1.0
0.0
3.0
-0.67
-2.67
1.67
5.67
0.0
-9.67
2.0
-1.0
-2.0
-2.33
-0.33
-5.33
-4.67
-4.33
1.33
-2.67
0.0
-4.0
-9.67
1.33
5.67
0.33
2.0
-4.33
6.67
0.0
-4.33
-4.0
2.67
7.67
4.67
-2.67
-4.67
4.67
7.67
0.33
1.0
-1.0
0.33
0.0
10.67
1.0
6.67
6.33
-1.67
-2.67
0.67
-2.33
4.33
-4.33
2.0
5.33
5.33
-6.33
-3.0
2.67
4.33
5.33
6.67
-2.0
-2.33
7.67
6.0
19.33
8.67
10.33
4.33
7.33
3.67
-1.0
-1.0
0.67
0.33
11.33
3.33
11.33
5.0
1.0
-2.0
3.0
0.0
-3.33
10.33
9.0
7.0
4.67
-0.67
3.33
8.33
2.0
13.0
5.0
3.67
15.67
13.67
9.33
3.67
8.67
2.33
2.33
5.0
8.33
13.0
7.0
3.67
-1.67
11.33
3.0
12.33
11.0
7.0
13.0
13.33
7.0
13.67
4.0
20.0
26.67
12.67
17.67
11.67
17.33
17.33
22.0
13.33
8.0
22.67
18.0
33.67
14.33
20.0
25.33
16.0
21.0
24.33
33.67
19.0
12.33
28.0
29.67
21.67
26.33
23.33
8.67
17.0
23.33
19.67
22.67
15.33
12.67
13.67
7.67
16.0
19.33
10.33
10.67
1.67
9.33
2.67
10.67
3.67
10.0
9.33
11.33
4.0
4.0
15.0
5.33
4.0
4.0
13.33
9.67
10.67
6.0
5.0
6.0
13.0
1.67
13.33
8.67
-5.0
-5.0
7.67
2.0
15.33
6.33
2.33
3.33
1.67
7.0
5.0
2.67
11.67
9.0
6.67
2.0
0.0
9.67
-1.33
10.67
0.33
2.0
5.67
2.67
5.33
4.67
9.33
-3.0
8.67
5.67
10.0
8.0
4.33
9.33
13.0
6.33
4.0
0.0
12.67
11.67
3.67
-0.33
0.67
-4.67
2.67
0.33
8.33
1.33
1.0
10.33
4.0
2.67
6.67
2.0
4.33
14.0
9.0
6.33
4.67
-2.33
1.0
7.67
-0.33
5.33
15.0
0.33
0.33
10.67
1.0
1.67
-2.0
15.33
9.0
5.67
5.33
0.33
3.33
7.33
-4.67
8.0
1.33
6.67
4.33
8.67
9.0
2.33
6.33
5.67
3.67
6.67
17.0
-1.0
-2.33
0.67
1.33
2.33
0.67
8.33
2.67
-3.33
-5.0
16.67
3.33
4.67
1.0
6.33
4.0
7.67
-3.0
5.33
5.0
4.67
6.0
6.0
3.67
5.33
12.0
12.0
7.33
7.0
2.33
3.33
-0.67
6.0
-2.33
1.67
2.33
6.0
-4.0
1.0
0.0
4.0
9.67
0.0
0.0
0.0
8.67
3.33
-7.33
-3.67
19.67
6.0
6.67
-2.33
-3.67
-3.33
0.33
12.0
0.33
4.33
8.0
-4.33
11.67
4.67
9.0
9.0
6.67
3.0
2.33
7.33
6.0
4.33
16.33
0.67
0.67
5.33
3.33
13.0
-0.33
9.33
6.67
2.0
1.67
4.33
11.33
11.67
9.0
8.0
2.0
3.67
-0.33
-2.0
12.67
7.67
6.0
-2.67
-5.33
5.33
7.0
-4.67
10.0
3.33
6.33
6.67
6.33
11.33
3.67
8.33
7.33
17.67
-1.33
19.0
14.33
4.0
19.33
19.0
11.33
8.0
14.67
22.33
6.67
26.33
14.33
26.33
14.33
21.0
29.33
26.0
31.33
44.0
48.33
50.67
63.0
61.67
95.33
93.33
96.33
100.33
121.67
120.67
146.33
145.67
160.33
136.67
133.67
152.33
154.33
156.67
153.67
135.33
172.33
138.67
153.0
115.33
142.67
110.0
123.67
127.67
98.67
80.67
70.67
70.67
63.33
41.67
43.0
47.33
17.67
33.67
22.67
10.67
46.0
14.33
4.33
11.0
10.67
4.67
2.0
-5.67
15.67
5.33
9.67
4.0
13.67
4.33
8.33
7.0
11.0
1.0
2.0
6.67
8.67
-6.0
8.67
3.33
6.33
13.0
10.33
-0.67
-4.67
12.0
4.33
3.33
10.0
11.67
4.67
0.33
24.0
-3.33
6.67
0.33
4.0
2.67
13.0
10.33
5.33
15.0
10.67
0.67
-0.33
5.33
1.33
11.33
-2.67
11.33
4.67
2.0
9.67
13.0
8.67
12.0
3.33
6.67
8.0
17.0
9.67
9.33
6.67
8.33
2.0
4.33
12.33
-4.33
16.0
5.33
4.0
10.33
1.0
-7.33
5.67
27.33
5.0
-10.0
14.0
8.33
13.0
15.67
5.67
4.33
-2.67
4.67
9.33
8.33
7.67
-0.33
-6.67
-1.67
14.67
-3.33
1.33
2.0
0.33
-0.33
3.0
5.33
-6.0
0.33
15.33
-4.33
-3.0
7.33
17.33
14.33
9.33
0.67
5.67
13.0
6.67
-2.0
3.0
1.67
10.0
5.0
-3.0
5.0
7.0
2.0
14.0
4.33
6.33
6.0
-1.0
6.67
0.33
1.67
5.0
4.0
5.33
6.67
-2.67
0.0
8.67
6.67
0.33
-7.0
3.33
-2.33
-6.0
-6.33
-7.67
1.33
12.67
5.0
8.67
-5.67
10.0
1.67
7.33
1.0
3.67
1.0
4.33
14.67
2.67
14.33
7.67
18.67
13.67
24.67
18.33
14.0
7.33
10.33
-2.67
21.33
-3.0
8.67
7.0
12.0
16.67
14.33
19.0
5.67
19.0
17.67
11.67
23.67
20.0
18.33
19.67
8.0
12.0
15.67
6.67
9.0
0.33
12.33
12.67
10.33
7.33
13.67
10.0
16.67
2.0
-5.33
15.0
3.67
10.33
1.67
6.33
-3.0
10.0
0.0
1.33
-3.33
16.67
9.67
9.0
11.67
7.67
-6.0
5.67
12.33
17.67
-5.67
-0.33
10.33
-4.33
-3.33
4.67
-3.33
18.67
-14.33
10.33
5.67
-6.67
12.0
4.0
-2.0
3.67
9.33
5.67
1.67
-1.33
2.0
14.0
13.33
5.67
0.33
7.33
0.67
10.0
5.0
6.33
9.67
2.33
-1.33
6.67
8.0
2.33
6.0
2.67
10.0
-3.33
9.67
2.0
12.0
-1.0
2.67
3.0
7.33
-8.33
2.0
6.33
-0.33
1.0
10.0
2.67
8.67
9.33
14.0
1.0
12.0
11.67
-6.0
4.33
-5.0
-4.33
5.33
-3.33
-1.67
-1.0
5.0
0.0
7.67
6.33
-5.33
4.67
-8.67
4.0
-5.33
13.0
0.0
1.0
-2.33
9.33
5.33
13.33
-3.33
3.67
-6.0
12.33
2.0
0.33
3.33
4.33
-3.67
-3.0
-8.0
15.33
-8.33
-4.67
3.33
1.0
6.0
7.33
-6.33
4.33
1.67
-2.67
4.33
1.67
-2.67
-5.67
-9.33
5.33
0.33
1.67
15.33
10.33
-5.67
8.33
7.67
-9.0
-2.0
-1.67
0.0
-0.67
-5.0
7.0
1.0
5.33
2.0
-8.67
5.0
4.33
-1.67
3.0
-1.33
-0.67
0.0
1.33
-5.67
-9.67
0.67
0.33
-4.0
-1.0
-5.0
0.33
-2.33
1.67
1.33
0.67
4.33
-11.0
-6.0
-4.0
0.67
4.67
-2.0
0.0
0.33
3.67
7.33
2.67
8.0
7.33
2.0
-4.67
5.0
-0.33
3.33
-3.0
10.33
9.0
18.67
-3.33
-2.67
1.0
-0.33
7.0
8.33
3.0
8.33
12.33
8.33
11.0
16.67
1.33
8.67
-9.67
7.0
-3.33
12.0
2.67
7.0
-0.33
3.33
0.33
-0.33
3.67
8.0
0.67
12.33
-1.33
-4.0
5.33
5.67
-4.67
4.67
-2.33
-3.67
-4.33
2.0
-8.33
2.33
2.0
3.67
3.0
3.0
-2.0
8.67
0.0
5.33
6.33
-3.67
2.67
1.33
0.0
8.67
2.0
6.0
2.0
-9.0
-1.33
-6.0
-1.33
4.67
5.33
2.33
3.67
-0.33
-2.33
-4.67
1.33
7.67
6.0
7.67
2.0
-2.33
5.67
-6.33
-4.0
4.0
1.67
14.33
4.33
-3.0
2.0
2.67
1.33
-3.67
4.67
2.67
2.33
1.0
0.33
0.67
2.67
-4.67
17.67
-1.33
1.67
-2.67
7.0
-2.33
-2.0
-1.33
-3.67
1.67
-5.33
-0.67
-3.0
3.0
-7.67
3.33
2.0
-2.0
-0.33
-6.0
0.33
-2.0
5.33
1.0
3.0
-4.67
-4.33
0.33
-2.33
-1.33
-0.67
-0.67
-4.33
-1.67
0.0
-0.67
2.0
1.33
4.0
2.67
5.33
0.0
-0.33
-2.0
2.0
-4.33
-1.0
8.33
3.67
-7.0
0.0
-5.33
1.33
-3.67
-1.33
2.67
5.0
5.67
-3.0
-1.33
1.0
7.0
11.33
2.0
5.67
7.33
3.67
3.0
6.67
0.0
0.0
7.33
7.0
-2.67
8.33
-4.0
2.33
3.33
-0.33
9.0
8.33
2.33
-3.0
7.0
12.0
1.0
-1.67
-4.33
7.33
0.67
6.33
-0.67
-4.33
5.33
-6.67
-4.0
6.33
-4.67
-7.67
4.33
6.0
5.0
-0.67
0.33
-1.0
2.0
2.67
3.67
3.33
5.0
-4.67
-2.67
-1.33
-8.0
0.0
1.67
5.0
2.67
0.0
-3.0
8.67
9.67
-0.67
1.0
7.0
5.0
-2.67
-1.33
-7.67
3.33
0.67
1.0
0.0
3.33
0.67
5.0
-4.67
5.0
-1.67
0.0
10.0
1.0
0.0
3.0
-3.0
3.0
-1.0
1.33
-3.33
4.0
2.0
1.0
2.33
-2.67
0.33
0.67
-3.33
-4.67
-2.33
1.0
-1.33
-0.33
-1.33
-1.33
-1.0
8.33
2.0
8.33
-0.67
-0.67
7.33
0.0
2.33
-3.67
4.67
11.0
-4.0
5.33
1.33
0.67
-3.0
2.33
-4.0
-4.0
3.0
-4.33
-2.33
1.33
-0.33
5.67
-0.33
0.0
-2.0
3.0
0.33
2.0
-6.33
-5.67
-2.33
0.33
6.67
2.0
2.0
-1.0
-1.0
11.67
-3.33
2.0
0.33
3.0
-0.67
-3.33
-6.33
1.0
-0.33
0.0
-2.67
0.0
-1.0
