0.0
15.67
84.67
22.67
27.0
-42.33
19.33
43.67
-90.67
-19.67
-6.33
10.33
-57.67
22.67
-21.33
-45.0
-10.0
9.67
5.33
7.0
-32.0
-21.67
8.67
-3.0
-7.67
-8.67
-8.33
0.67
-4.67
8.0
-0.33
0.67
-7.67
0.33
-1.67
3.67
-1.33
0.33
-0.33
-1.0
-0.33
-0.33
-0.67
0.67
0.0
0.0
0.0
-0.33
-1.0
0.0
0.0
-0.33
-0.33
0.67
0.0
0.0
-0.67
1.0
1.0
1.0
0.67
0.0
0.0
0.0
0.0
0.0
-0.33
-0.33
-0.33
0.67
1.0
-0.67
-0.67
0.33
-0.33
-0.33
1.0
1.0
-0.33
0.33
0.0
1.0
1.0
-0.67
-1.0
0.67
1.0
2.0
3.0
0.67
-0.67
2.0
-1.0
-1.33
0.67
-0.33
3.0
0.67
2.0
-0.33
-1.33
-1.0
-1.67
-1.33
-0.33
-0.67
1.0
3.67
-1.0
2.0
0.0
0.67
1.67
0.67
3.0
-1.0
-2.0
-1.0
2.0
0.0
-0.33
4.0
1.67
1.0
0.67
4.67
-0.33
1.33
7.0
3.67
2.33
-0.33
3.33
-4.33
3.33
0.67
-1.67
-0.33
6.67
4.0
0.67
0.33
6.33
-1.67
2.67
0.0
0.67
2.33
1.0
3.0
4.33
-0.67
5.0
-0.33
-1.67
-1.0
3.0
2.0
1.67
6.67
3.67
-3.0
-2.67
7.0
3.67
4.0
-0.67
5.67
5.0
-1.0
-0.67
5.33
-1.67
2.33
0.33
3.0
-2.67
2.67
0.67
0.33
5.67
-4.0
2.33
1.67
2.33
-2.0
3.0
-1.33
-6.33
2.67
7.0
-3.0
-1.33
3.0
-2.67
-1.33
0.0
4.33
2.33
6.0
7.33
4.67
5.33
-2.33
0.0
-8.33
-2.67
7.33
7.67
-1.33
1.33
8.0
3.33
-0.33
4.67
-0.33
11.67
0.67
7.33
3.67
0.67
1.0
4.0
-2.33
6.0
2.67
7.33
4.0
-1.0
7.0
2.33
0.67
7.67
9.0
-1.67
1.33
6.67
2.67
0.0
0.67
-2.67
7.33
12.67
7.0
0.67
2.67
5.0
5.67
4.33
0.67
5.33
-1.0
1.0
4.67
8.0
-1.67
5.33
8.33
5.0
6.0
5.0
9.0
6.0
7.67
8.67
-3.33
-1.0
6.33
0.33
1.33
1.67
3.33
-0.67
1.33
-0.67
3.33
0.33
1.33
3.0
3.33
5.33
6.33
-3.33
-1.0
6.0
3.33
7.33
4.0
3.0
9.67
5.67
5.33
-3.33
-1.0
-2.67
5.33
3.0
7.0
2.33
0.67
-3.67
4.67
-0.33
10.67
-1.67
7.33
3.33
-1.0
6.33
-0.67
1.0
-1.33
-2.67
0.0
6.33
3.0
0.67
-2.0
0.67
-6.33
5.67
1.33
0.0
4.0
-3.67
6.0
0.33
4.33
2.67
8.0
5.33
3.33
-1.0
3.67
1.0
3.33
6.67
1.33
5.0
-3.0
4.33
5.67
7.67
4.67
2.67
9.33
-1.33
-1.0
1.67
4.0
5.67
0.0
1.33
-1.0
1.33
6.67
2.67
0.0
2.33
1.0
0.0
-2.33
5.33
2.33
2.33
-6.0
2.0
-4.0
1.67
4.33
4.33
-5.0
2.0
-3.67
6.33
-3.33
7.67
2.0
2.0
1.67
7.33
-5.33
-5.33
0.0
4.67
4.67
-4.67
1.0
5.67
5.33
3.67
-1.0
8.33
3.67
2.33
6.67
3.0
1.33
0.67
2.67
0.33
-2.0
1.0
2.67
1.0
2.33
-3.0
-2.0
0.33
1.0
1.67
1.0
3.0
1.0
0.67
3.0
0.33
0.33
-2.0
11.0
5.33
4.67
0.67
-5.0
4.0
-0.67
9.67
2.67
-0.67
1.0
5.67
-3.0
3.33
8.0
3.0
5.67
2.67
-3.0
2.67
4.67
5.0
4.33
3.0
-0.33
1.0
-5.33
-2.33
-3.0
0.67
1.67
7.0
5.67
3.33
5.0
-0.67
-1.67
0.0
1.33
6.33
4.67
1.67
-2.67
1.67
4.33
-2.0
0.67
8.67
4.33
3.33
-1.0
-1.33
-0.67
0.33
2.33
-1.33
4.67
4.33
1.67
2.33
4.33
2.67
0.67
1.67
4.67
4.0
2.0
5.33
5.67
-1.33
2.0
-2.67
8.0
0.67
0.0
1.0
0.67
3.33
2.33
2.67
-0.67
-4.67
-4.0
3.0
1.33
-2.0
0.0
0.67
-0.33
0.33
-0.67
1.0
3.0
-0.33
0.0
6.33
4.0
-1.0
-2.0
0.33
2.67
2.33
1.0
0.33
2.67
2.0
5.0
2.67
-3.67
-0.67
0.67
3.0
2.33
-1.33
1.67
5.0
9.0
4.33
-4.67
9.0
-4.67
-1.33
-0.33
0.67
1.67
-0.67
1.67
-2.0
3.33
-1.0
-0.33
3.33
1.67
-1.33
-2.0
2.67
5.67
0.0
-2.0
7.67
1.67
2.67
0.0
-5.33
-1.0
1.33
1.33
-0.67
1.67
-0.33
-5.33
1.33
0.33
-2.0
-1.0
3.0
1.0
-3.33
-1.67
-1.67
-2.33
3.0
1.33
5.33
-3.33
0.33
-3.67
-4.33
-2.0
4.0
0.67
-3.0
-1.0
1.33
0.0
3.0
4.0
1.0
6.33
4.67
4.0
0.67
-2.0
-5.67
0.33
-3.67
-4.0
-3.33
1.0
-3.0
9.0
-4.67
2.33
1.33
2.67
6.67
0.0
2.0
-4.33
1.33
-0.67
0.0
1.0
-4.33
1.0
3.0
2.67
2.0
5.67
-2.0
1.33
-1.67
-2.67
-1.67
4.67
0.67
3.0
-2.0
6.0
-0.67
-1.33
-0.33
-2.33
3.33
1.67
-2.33
2.0
1.67
4.33
1.0
2.67
-1.67
2.67
-1.33
0.0
4.67
-2.0
-2.0
-3.67
1.33
-5.0
-4.33
-2.0
-1.67
1.33
0.67
-3.0
-1.67
2.33
0.0
-2.0
-1.67
-5.0
-0.33
-3.67
-1.0
0.0
2.0
-4.67
0.67
-3.33
1.33
0.33
0.0
4.33
-0.67
1.67
0.0
-2.0
-1.33
5.67
-4.0
-2.0
1.67
-4.33
-2.0
-5.0
-2.33
-4.67
-3.33
-4.33
-4.67
-0.67
-2.0
-1.67
-0.33
-2.33
0.0
-4.0
-0.67
0.0
0.33
-5.33
0.33
-2.67
-1.33
-2.0
-6.33
-3.0
2.0
-0.67
-0.33
-1.33
0.67
0.67
-4.0
-1.0
-4.0
-3.0
8.33
-3.67
-3.67
0.33
-4.67
-5.0
-2.0
-1.33
-4.67
-3.33
-5.0
-1.67
-2.67
-4.0
-5.33
-7.67
-1.0
-3.67
-8.33
-5.67
-4.33
-0.67
-6.0
-2.33
2.33
-2.33
0.67
-2.67
-3.0
-3.0
-0.33
2.33
-4.0
-9.0
-3.33
-9.33
-0.33
0.33
-5.33
3.0
-4.67
-1.67
1.0
2.0
-9.0
0.0
0.0
-2.67
-8.33
-1.33
-6.33
-6.33
-4.33
1.0
-6.67
-9.67
3.0
-4.0
-2.67
-8.0
-1.0
-2.0
-4.0
-0.33
1.33
-4.33
-2.33
-1.33
7.33
5.0
-1.67
3.33
5.33
1.0
9.0
15.0
6.67
19.33
19.33
9.33
16.0
25.0
12.67
12.33
16.33
25.67
13.67
28.0
14.0
18.0
11.67
13.0
12.33
12.0
16.0
5.0
2.67
1.33
4.33
-2.33
15.67
2.67
1.0
-0.67
6.33
-7.33
-0.67
-0.67
-3.0
2.67
2.67
-4.0
-2.67
-0.67
5.0
-1.0
-4.33
-3.67
-2.33
1.67
-9.33
-2.0
-0.33
7.33
2.67
3.33
0.0
-0.33
-7.67
-1.0
2.0
-8.33
0.33
-8.33
-10.67
0.67
-2.67
3.33
-2.0
-4.33
6.0
-5.33
-12.0
-4.0
-1.33
-3.33
3.67
-2.33
-4.67
2.0
1.0
-4.67
-7.0
-0.33
-4.0
-7.33
-2.33
-3.33
-2.33
-4.0
-2.0
-4.67
-4.33
-1.0
1.33
2.0
4.33
3.33
1.0
-3.0
-2.0
-0.67
-1.67
-7.33
-3.33
-5.0
-0.67
-2.0
-2.0
0.0
-0.33
3.67
-9.33
-8.67
-6.33
3.33
-3.67
-5.0
-8.0
0.33
3.33
3.67
-4.67
4.0
-7.33
0.67
1.0
-7.33
-6.0
0.67
8.67
0.67
-8.67
-2.67
7.67
0.67
1.33
3.0
6.0
7.33
1.0
5.67
-5.0
-0.33
0.33
5.33
0.33
-1.33
-9.33
1.33
-0.33
-1.0
3.33
-2.67
-1.33
-6.0
-1.33
0.33
-5.67
-0.33
0.0
-0.33
-3.33
-6.0
-2.67
-7.33
-0.67
3.33
4.33
0.67
-5.0
3.0
2.67
-5.67
3.33
-6.67
-0.67
-7.0
3.0
-2.0
-5.0
-6.0
-3.33
3.33
0.0
6.0
-3.33
1.33
1.33
-3.67
-1.0
-2.0
-2.0
0.67
-8.33
8.67
4.33
6.67
-3.33
-1.67
-3.67
-6.0
0.33
-5.0
0.0
-9.33
5.33
1.33
-3.0
7.33
-3.0
2.0
4.0
3.33
-8.0
3.67
-2.0
4.0
9.67
4.67
-2.33
13.67
0.33
0.33
1.0
3.33
8.0
14.67
15.0
20.67
21.33
11.0
21.33
12.0
12.0
10.33
4.67
5.0
18.33
12.0
22.67
11.67
13.33
28.33
13.67
26.0
11.33
13.67
12.67
17.33
4.67
12.67
5.67
3.0
2.33
8.33
4.67
1.67
12.33
4.67
6.67
-6.33
10.0
-0.67
5.33
7.0
10.0
13.0
10.33
3.0
2.0
0.33
2.67
1.67
4.0
2.0
5.0
3.0
-0.33
-0.67
5.67
-5.0
-4.0
3.67
5.0
1.33
2.33
5.33
7.33
6.67
10.0
5.0
3.67
4.67
1.0
6.67
3.0
2.0
2.67
5.67
7.67
5.33
-2.0
4.67
8.67
9.33
0.67
10.33
11.0
6.67
5.67
10.0
3.0
0.33
8.33
0.0
14.33
6.0
6.0
12.67
10.67
6.67
8.67
4.67
4.33
-1.33
-0.67
8.33
10.33
9.0
-1.67
15.0
2.67
14.67
8.0
3.33
17.0
0.0
4.33
-2.33
6.67
2.0
-3.33
2.67
15.33
10.0
-0.67
-1.67
16.67
12.0
9.67
15.0
5.33
16.0
12.67
8.33
10.33
-3.67
11.33
-6.67
11.0
4.33
17.67
5.33
10.67
13.0
0.33
12.33
5.67
10.67
6.67
11.0
10.0
4.67
5.67
6.33
-1.67
5.67
10.33
0.67
11.67
16.0
14.67
2.33
14.67
4.0
14.33
11.0
10.67
4.0
12.33
16.0
8.67
1.0
0.0
3.67
4.33
17.0
13.0
20.33
10.0
2.33
4.33
4.33
7.0
-1.33
5.67
5.33
14.0
0.0
5.0
4.0
9.0
-3.33
9.0
13.0
6.0
5.67
4.33
4.67
0.33
15.67
4.0
4.67
4.67
9.33
2.67
-0.67
19.0
0.33
4.33
18.0
19.67
1.67
7.67
3.0
6.0
-1.33
2.0
8.33
15.33
8.0
-1.67
11.33
-0.33
12.67
10.33
6.33
4.0
0.67
19.33
-0.33
-8.0
-1.33
10.33
6.33
6.67
-2.0
7.0
8.0
8.67
3.67
3.0
17.67
7.67
11.0
6.33
2.67
10.33
11.0
11.33
1.0
10.33
11.33
17.67
6.33
4.33
9.67
21.33
10.33
12.67
1.67
17.0
13.33
24.0
10.33
19.0
16.33
8.0
24.67
11.33
8.67
8.33
4.33
0.33
15.33
27.0
10.33
27.0
23.33
30.0
30.33
24.67
27.0
38.67
39.33
41.33
56.33
59.33
56.67
48.67
69.33
87.67
75.33
67.67
81.67
85.33
83.33
67.67
75.67
70.33
75.33
86.67
67.0
66.33
61.67
53.0
78.67
49.67
34.67
45.67
50.67
36.67
47.33
19.67
37.0
36.33
20.67
16.67
15.67
10.67
18.0
5.33
9.33
18.0
12.67
7.67
12.0
15.33
3.67
16.33
17.67
17.0
9.67
6.33
-4.67
13.0
5.0
7.0
18.0
14.67
0.67
-5.0
-1.33
26.33
7.33
5.0
9.33
6.33
9.33
16.0
-1.67
12.33
10.0
11.67
5.67
13.33
11.0
13.67
-2.33
8.33
9.0
16.67
3.0
8.33
6.33
14.0
12.67
-0.33
-1.33
12.33
5.33
13.33
-3.67
8.33
6.67
7.0
17.67
16.0
19.67
19.0
16.33
12.67
6.0
11.0
4.67
18.33
5.67
9.33
15.0
10.33
4.33
13.67
16.0
11.33
7.0
10.33
1.0
2.67
18.67
12.33
8.0
8.0
9.0
12.33
11.0
3.67
6.67
11.33
7.33
8.67
20.33
0.33
9.67
9.67
0.33
7.33
18.67
16.67
7.33
13.0
21.33
6.67
8.0
2.33
6.0
6.33
14.33
4.67
-1.0
1.33
15.33
17.33
14.33
-3.33
5.67
-2.0
3.67
3.0
13.0
3.67
11.0
16.0
6.0
5.0
7.0
8.0
14.0
14.33
5.33
0.0
12.0
3.67
10.33
0.67
3.0
9.0
15.33
5.67
3.33
13.0
10.67
9.67
9.33
6.0
11.33
7.67
0.0
12.67
10.33
9.33
11.67
11.0
6.67
7.33
16.0
1.67
20.33
28.0
5.67
12.0
-0.67
10.67
11.67
16.33
16.67
16.67
14.67
12.67
17.33
31.0
17.33
34.33
22.33
8.33
34.0
14.67
18.0
20.0
33.67
26.33
22.0
22.67
26.0
36.67
34.67
21.67
44.0
25.33
23.67
20.0
13.0
31.67
21.67
14.0
28.33
10.33
17.67
19.33
11.33
21.67
20.0
26.67
5.0
4.67
15.0
15.67
10.33
17.67
25.33
1.0
7.0
-4.0
0.33
4.67
2.67
6.67
18.0
13.67
18.67
9.0
-2.33
-2.67
18.67
2.33
15.67
10.33
7.67
10.67
7.67
8.67
-1.33
5.67
13.33
8.67
14.33
10.0
10.0
15.0
4.67
9.33
0.67
11.67
-0.33
10.0
-2.0
-4.67
16.67
8.33
5.33
3.67
7.0
14.0
19.33
17.67
0.33
14.67
16.67
11.0
3.33
7.0
1.67
6.0
8.67
20.67
18.0
11.0
7.0
-0.33
9.0
16.33
-11.33
20.0
3.33
5.67
4.0
1.0
18.67
15.67
8.33
5.0
2.0
-1.0
6.67
4.0
7.33
-3.0
6.67
-4.67
-3.33
11.33
5.0
-1.0
12.0
6.67
8.33
0.67
18.67
1.33
-8.0
6.67
9.0
1.0
-2.0
7.67
9.33
-0.67
7.33
-7.33
7.67
10.0
6.33
10.0
1.33
11.33
7.33
6.33
-9.0
5.0
8.33
9.67
10.33
3.33
10.0
-2.0
-0.67
-4.33
-8.67
8.67
5.33
2.33
3.67
8.33
10.33
-0.33
6.33
-0.67
5.67
2.33
1.33
10.33
8.33
-2.33
1.0
-4.0
8.33
-3.0
-8.67
-5.0
-3.0
-2.0
-1.67
-1.0
-2.67
1.0
0.33
3.33
10.0
8.67
4.33
0.0
-2.67
1.33
-2.67
0.67
7.33
6.0
9.0
-1.0
11.33
4.67
5.67
4.33
2.67
6.33
6.0
-5.0
-5.0
3.67
13.67
11.0
1.0
1.33
3.67
2.33
9.67
-3.0
-2.67
-6.0
3.33
17.0
8.67
0.33
-1.0
11.33
3.0
7.67
8.67
17.33
-5.0
7.67
4.0
9.33
0.0
-4.67
3.33
9.33
4.0
12.67
7.33
12.67
8.33
13.0
4.67
4.0
11.67
5.0
6.67
2.33
4.33
6.67
2.67
5.0
10.67
4.33
2.67
5.0
11.33
0.67
-4.67
-0.33
9.67
8.33
6.67
6.0
16.67
7.33
5.0
-2.33
0.0
3.0
0.0
-2.33
3.0
7.33
-0.67
5.33
6.67
7.33
10.0
1.67
7.0
4.0
6.0
0.0
0.67
-7.0
7.67
7.67
5.33
2.33
-2.33
3.67
-0.33
-8.67
0.33
1.67
-4.0
-2.33
-5.0
11.67
-0.33
-4.33
4.0
9.0
2.67
9.33
-2.67
-4.0
6.0
7.67
-0.67
1.33
-1.33
-4.33
0.33
1.0
6.33
-4.33
5.67
2.33
7.67
-3.33
5.67
-4.67
4.0
2.67
0.0
6.67
2.33
2.67
-6.33
-0.67
3.0
0.0
-0.67
-0.67
10.0
5.0
7.67
4.0
10.33
1.0
1.33
-5.0
2.0
-4.67
4.67
5.33
9.67
-3.33
0.33
13.33
5.67
-4.67
11.0
-1.67
8.0
0.33
0.0
9.67
-0.67
-1.0
0.67
1.0
1.0
-4.33
7.0
-3.67
1.67
-5.0
1.0
5.67
5.33
-4.67
0.67
-1.33
3.0
7.67
2.0
-2.33
5.0
0.0
4.33
-4.0
11.67
7.33
0.67
5.0
-1.33
-6.0
-2.0
-1.67
5.0
0.33
10.33
-1.0
-0.67
5.33
4.67
0.0
0.33
3.33
2.0
-2.0
7.0
4.0
1.33
8.67
10.33
-0.33
3.33
6.33
8.67
6.33
-5.67
2.0
-0.67
3.33
4.33
3.33
-1.0
3.0
2.33
-0.67
8.0
3.0
8.67
5.67
-0.67
-3.0
-4.67
5.33
9.67
-1.0
-4.0
4.67
1.0
-1.33
2.0
-1.0
-0.33
0.67
-2.67
1.0
-2.0
1.0
-3.67
0.67
-6.67
1.33
4.67
6.0
-2.0
2.33
0.67
7.0
-0.67
0.0
-0.67
-5.0
10.0
1.0
2.0
-2.0
-6.0
7.0
6.0
4.33
-0.33
3.0
9.0
3.0
7.33
8.33
-2.67
4.67
0.67
9.33
2.67
13.0
-2.33
2.67
2.67
6.67
2.0
0.33
-2.0
4.33
-6.67
0.33
5.33
5.0
-2.67
5.33
-0.33
5.0
-3.0
5.33
-0.67
1.67
2.0
-0.67
-4.0
7.0
0.0
1.67
1.67
0.33
2.67
3.67
0.67
0.0
0.0
0.0
1.33
5.0
7.67
-0.67
4.67
2.33
7.67
4.0
-1.0
0.0
-7.0
4.67
1.67
2.0
-4.67
5.0
3.33
3.67
3.67
3.0
-1.33
-1.0
5.33
7.0
2.0
