0.0
30.67
96.67
51.67
54.0
31.67
51.33
86.67
35.33
44.33
60.67
79.33
27.33
97.67
35.67
29.0
70.0
23.67
53.33
14.0
48.0
-3.67
-3.33
9.0
-15.67
19.33
16.67
2.67
0.33
6.0
1.67
7.67
-4.67
1.33
0.33
-3.33
1.67
-1.67
-1.33
0.0
-0.33
0.67
0.33
0.67
0.0
-1.0
1.0
-0.33
0.0
2.0
1.0
-0.33
-0.33
0.67
1.0
1.0
0.33
1.0
1.0
0.0
-0.33
0.0
0.0
1.0
1.0
1.0
-0.33
-0.33
0.67
-0.33
0.0
-0.67
1.33
-0.67
-0.33
-0.33
1.0
1.0
-1.33
-0.67
-1.0
2.0
1.0
-0.67
1.0
-0.33
2.0
-1.0
1.0
0.67
-0.67
0.0
-1.0
-1.33
0.67
-0.33
2.0
-1.33
0.0
0.67
0.67
0.0
0.33
0.67
0.67
-0.67
1.0
-0.33
0.0
2.0
1.0
-1.33
-2.33
0.67
0.0
0.0
-2.0
-3.0
0.0
2.0
-1.33
0.0
6.67
4.0
1.67
2.67
4.67
-0.67
4.0
-1.33
-1.67
1.67
0.33
-0.33
4.33
3.67
-2.67
-3.33
1.67
2.0
-0.33
1.33
1.33
-2.67
2.67
4.0
8.67
-1.67
1.0
10.0
2.33
0.33
1.0
4.67
0.33
3.0
4.0
3.0
0.67
-0.33
-1.33
8.0
4.33
0.0
7.67
6.0
-0.67
-2.33
5.0
2.0
0.33
9.33
4.33
0.33
1.33
4.0
3.33
0.67
2.67
3.33
6.67
-4.0
4.33
3.67
3.33
0.0
7.0
3.67
-10.33
-4.33
2.0
0.0
0.67
1.0
0.33
-3.33
4.0
0.33
11.33
1.0
9.33
5.67
1.33
4.67
-5.0
-1.33
-3.67
0.33
7.67
1.67
7.33
8.0
-0.67
0.67
1.67
-6.33
3.67
0.67
2.33
-1.33
-0.33
4.0
5.0
1.67
1.0
-1.33
1.33
-1.0
4.0
0.0
1.33
0.67
2.67
9.0
1.33
1.33
0.67
7.67
1.0
4.67
-1.67
3.33
0.67
6.0
-1.33
1.67
5.0
3.67
9.33
8.67
-2.67
15.0
-3.0
6.67
-1.0
-5.67
3.33
3.33
-1.0
7.0
15.0
1.0
-5.0
3.67
-0.33
6.67
7.0
4.33
-1.67
-3.67
6.67
2.33
0.33
7.33
1.33
-3.67
5.33
2.33
-1.0
4.33
3.33
2.33
1.67
9.0
5.0
0.33
2.33
5.0
9.0
2.67
-0.33
3.33
5.67
6.0
0.33
3.33
8.0
7.0
-4.67
3.67
1.33
1.67
3.67
3.67
0.33
1.33
3.33
1.0
9.33
1.33
-1.0
3.67
7.33
3.0
-0.67
2.0
5.67
-3.0
3.67
-4.33
3.67
8.33
4.0
2.0
-6.67
1.0
1.33
3.33
4.67
4.0
6.33
6.33
6.0
1.67
-2.0
12.33
0.67
7.33
7.0
4.0
0.33
1.67
6.67
6.67
-1.33
10.33
3.67
1.0
-5.33
7.0
0.67
-2.0
0.33
-3.0
4.33
1.67
6.67
1.0
2.33
0.0
12.0
3.67
12.33
7.33
3.33
3.0
2.0
-2.0
0.67
7.33
2.33
8.0
1.0
-1.67
2.33
5.67
11.67
-3.0
7.0
0.67
6.33
2.67
-5.33
0.0
4.67
-3.33
-2.67
-5.0
1.67
1.33
-0.33
2.0
6.33
1.67
10.33
0.67
-2.0
-4.67
-2.33
-1.33
-0.67
3.0
2.0
2.67
-5.0
1.33
5.0
1.0
8.33
0.0
-0.33
1.0
7.0
5.0
-2.33
1.0
2.33
7.33
-1.0
1.0
0.33
4.67
-4.33
2.0
2.0
6.33
-0.33
2.67
8.33
4.0
1.67
2.0
7.33
2.0
1.0
-0.33
-0.33
4.0
3.67
-1.33
1.0
-4.67
-3.0
-0.33
-3.0
-3.33
1.67
2.0
-4.33
4.67
-1.0
5.67
-0.67
3.0
0.33
2.33
-3.0
0.33
8.33
5.67
-1.33
-2.67
-2.33
1.33
1.0
-2.33
0.67
3.33
1.33
2.0
7.67
-4.67
2.33
-3.67
-0.33
4.67
0.33
-0.33
2.33
-2.67
13.67
-0.33
2.67
1.67
2.0
5.0
-4.67
2.67
3.67
1.0
-4.67
4.0
-2.33
3.0
4.0
4.67
6.33
2.33
0.67
4.33
-4.67
-3.0
-4.0
-0.67
4.0
0.0
-1.33
5.67
-2.67
-0.67
-2.0
0.0
-1.33
-1.0
5.33
3.0
6.0
6.0
2.33
1.67
8.33
3.0
3.33
1.67
1.0
1.0
2.67
6.33
5.33
0.67
1.0
0.33
0.67
3.67
4.0
2.0
-2.67
-1.67
0.0
-3.67
4.67
2.67
3.67
2.67
-3.67
-2.33
-2.0
-1.67
1.0
3.67
-3.67
2.67
0.67
-2.0
2.67
0.67
-3.0
3.0
-0.33
-0.33
-1.33
-5.0
1.67
2.0
0.33
-1.67
-0.67
3.67
-0.33
0.67
-0.67
-0.67
2.0
3.0
3.0
2.0
-4.33
-1.67
-1.67
2.67
-1.0
0.33
1.33
-1.33
2.33
-2.67
4.67
3.0
5.0
-0.33
2.0
4.0
0.33
1.0
-1.0
-1.0
2.0
5.33
5.67
4.0
-2.33
1.0
-4.67
-0.67
-0.67
2.0
-4.33
-1.0
0.0
3.0
-2.67
6.33
0.33
-1.33
-1.33
2.0
-4.0
-4.33
0.33
-2.67
-3.0
1.0
-4.33
1.0
-1.0
0.67
0.0
1.67
-3.0
2.33
1.33
-1.67
2.33
0.67
4.67
3.0
-1.0
4.0
1.33
0.67
0.67
-3.33
2.33
-1.33
0.67
-1.0
0.67
-0.67
-1.0
3.67
3.33
3.67
-1.33
2.0
-2.33
-1.0
-1.0
-2.67
7.33
-3.0
-1.33
1.0
-2.67
3.33
-3.33
2.0
-1.67
2.33
-1.0
6.0
-0.67
-3.0
2.67
-4.67
-6.0
0.0
0.0
-4.67
-0.33
-0.33
-1.67
0.33
1.0
-4.67
-3.67
0.67
4.0
-1.0
0.67
-1.33
-4.0
0.0
-2.33
2.67
-7.0
-3.0
-6.33
-3.67
-0.33
-6.33
-9.67
-1.67
-2.0
-1.67
-5.33
-0.33
-2.0
-3.0
-1.67
2.0
-2.67
-8.33
-4.67
-0.67
-0.33
-6.0
-7.33
1.0
-3.0
-0.67
-4.33
-2.33
3.67
-3.33
-2.0
3.0
2.0
0.0
6.33
-1.67
-2.67
-3.67
-0.67
-5.0
3.0
3.67
-1.67
1.67
-7.0
-6.67
-2.67
2.0
-5.33
-2.67
-1.0
-5.67
-6.33
-3.67
1.67
-0.67
1.0
-0.33
5.33
-8.33
-1.33
-5.67
-1.0
3.0
-4.33
0.33
-4.0
-9.0
-5.33
-6.33
3.67
-6.67
-5.33
2.0
-0.67
5.33
-3.0
-1.0
-4.0
0.0
-3.0
1.33
-5.33
-3.33
2.67
-5.33
-5.33
2.0
-4.67
-3.67
-1.0
4.0
-0.67
-5.0
-2.0
1.0
-1.0
-6.33
1.33
3.67
1.67
-0.33
6.33
1.0
0.33
0.33
9.33
5.0
-2.0
2.0
1.67
6.33
14.33
12.33
4.0
24.0
15.67
22.33
14.33
17.67
16.67
17.0
8.0
17.0
19.67
16.0
9.33
21.0
5.0
9.0
2.67
5.33
2.33
-3.33
12.67
1.67
-3.0
4.33
1.33
2.67
5.33
-0.67
-2.0
1.67
-0.33
3.0
-4.67
-1.67
-7.0
-2.0
-9.33
2.33
1.67
-3.33
-2.33
-8.0
2.67
-4.67
-2.33
-0.67
-3.0
9.67
1.33
5.0
-3.0
-10.33
2.33
-8.33
1.33
-0.33
3.33
10.33
-8.0
-9.33
0.0
-4.33
-9.0
3.0
-7.33
2.67
-0.33
-5.33
-1.67
3.0
-3.0
-6.67
-7.0
4.67
-1.0
-3.33
-3.33
-3.33
-1.33
2.0
-5.0
-4.67
-6.33
-5.0
3.33
-3.0
-2.67
8.33
-5.0
1.0
0.0
-7.67
5.33
-7.33
2.67
0.0
0.33
2.0
3.0
-1.0
0.67
-7.33
-13.33
2.33
-0.33
2.33
2.33
3.0
-9.0
3.33
3.33
0.67
-3.67
-2.0
-4.33
-1.33
-2.0
-6.33
-4.0
-4.33
10.67
-1.33
-5.67
5.33
8.67
8.67
0.33
2.0
6.0
1.33
-3.0
3.67
-2.0
0.67
0.33
3.33
-6.67
-0.33
-4.33
4.33
4.67
4.0
-3.67
2.33
-9.33
-2.0
0.67
-8.67
-4.67
4.67
-1.0
2.67
-5.33
1.0
6.33
1.67
7.33
0.33
-0.67
5.67
-3.0
4.0
-3.33
-10.67
4.33
-2.67
0.33
-3.0
-3.0
-4.0
-1.0
-8.0
4.67
-0.67
1.0
3.0
-2.33
6.33
4.33
2.33
-8.0
13.0
-4.0
-7.33
-4.33
2.67
2.33
-2.33
0.67
1.33
-1.67
0.0
-7.67
1.0
-1.0
-5.33
5.33
7.33
-3.0
3.33
6.0
5.0
1.0
2.33
-8.0
-3.33
6.0
3.0
16.67
3.67
-0.33
-4.33
20.33
-0.67
2.0
1.33
0.0
9.67
5.0
22.67
11.33
12.0
16.33
15.0
19.0
19.33
20.67
13.0
10.33
20.0
5.67
20.67
6.33
14.33
5.67
10.0
20.33
12.67
6.67
20.33
3.67
17.67
7.67
2.0
6.33
14.33
1.67
0.67
11.33
1.67
9.67
5.67
8.0
-4.67
14.33
6.0
15.0
9.0
8.33
2.0
3.0
5.33
3.67
12.67
1.0
1.0
10.0
6.0
3.67
5.33
0.67
2.0
-8.0
5.67
-9.0
6.33
0.33
12.33
6.33
7.67
1.0
6.0
-0.33
1.67
4.0
7.67
5.0
-2.0
9.67
-9.33
5.67
4.33
0.0
11.67
6.67
8.33
1.67
10.33
2.0
13.67
3.67
-1.0
4.0
12.33
4.33
4.0
14.33
9.0
1.0
14.67
12.67
9.67
7.67
-2.33
-6.67
7.67
4.33
3.33
8.33
5.0
13.33
8.0
3.67
6.67
3.0
8.33
6.0
0.0
8.33
10.67
10.67
-1.0
-7.33
6.67
4.33
11.0
-0.67
12.33
0.67
7.0
7.67
6.0
9.33
3.0
7.67
6.33
7.33
6.33
4.33
1.33
11.0
5.33
11.67
10.33
6.67
7.0
17.33
-4.67
4.67
6.67
22.67
17.0
-1.0
7.67
0.67
-4.67
17.33
9.67
12.33
1.67
16.67
4.0
10.67
8.33
14.67
14.0
9.33
19.0
3.67
4.0
9.33
0.0
8.67
16.0
16.0
4.67
10.33
6.0
6.0
12.33
0.0
4.33
6.33
8.33
6.0
6.67
11.67
11.33
-3.0
5.0
4.0
7.0
16.0
8.67
6.0
8.0
6.0
5.67
2.33
8.67
10.33
7.67
4.0
-6.33
3.67
5.33
6.67
4.33
16.0
10.33
14.33
9.0
1.67
11.67
17.67
14.0
12.0
7.67
12.0
2.33
4.33
8.0
9.33
11.33
2.67
13.67
-2.67
7.33
0.0
0.67
15.33
5.67
7.0
7.67
14.33
12.33
7.67
-1.0
8.0
1.0
6.67
13.67
6.0
4.67
12.67
13.0
9.33
15.67
16.33
12.0
11.33
11.0
14.33
3.33
11.67
14.33
6.33
18.67
19.33
15.33
9.67
16.67
15.0
16.33
8.0
16.33
13.0
19.33
11.0
14.67
16.33
19.67
24.33
15.33
12.33
22.33
11.0
36.33
9.0
28.33
19.0
28.33
47.67
23.0
37.67
35.33
65.33
44.33
50.33
65.67
46.67
79.33
56.67
80.33
57.67
73.67
79.33
88.33
81.67
95.67
67.33
69.33
56.67
97.0
63.33
60.67
74.0
53.67
56.67
33.67
53.67
43.67
41.67
37.33
11.67
13.0
18.33
8.67
18.67
12.67
17.67
27.0
14.33
14.33
11.0
9.67
6.67
24.0
7.33
18.67
13.33
4.67
0.0
12.67
10.33
10.33
17.0
9.0
0.0
11.0
16.67
5.67
-2.0
10.67
18.33
14.33
-6.0
17.33
10.33
17.33
11.0
5.33
6.33
21.0
9.67
10.67
12.33
8.0
6.67
-4.33
2.33
6.0
1.67
17.0
10.33
-0.67
15.0
0.67
5.67
2.67
5.33
9.33
18.33
11.33
16.33
-1.33
1.0
5.67
9.0
13.67
-1.0
8.33
8.67
-2.0
17.0
9.67
15.33
4.67
5.33
0.0
7.33
16.33
9.67
7.0
6.33
4.0
10.33
1.0
11.67
10.67
15.33
9.0
-1.0
15.0
11.33
5.0
11.67
8.67
17.33
-1.67
13.67
8.33
6.33
15.67
12.67
-5.67
8.33
11.67
12.67
22.33
5.0
2.33
11.67
9.0
2.33
11.0
12.33
7.33
12.67
10.0
12.33
3.33
9.33
1.33
7.67
-0.33
14.0
11.67
12.0
16.0
3.67
4.0
5.0
7.0
5.0
16.0
20.0
12.0
7.33
3.33
4.0
3.0
7.67
7.33
-3.33
5.0
-6.0
11.33
2.67
7.33
6.0
7.67
-4.33
21.33
17.0
11.33
3.67
20.0
13.67
-2.67
3.33
13.67
2.0
14.67
14.33
3.0
10.67
20.33
25.0
13.67
15.0
10.33
13.67
3.67
6.33
19.67
7.67
13.67
27.67
27.33
28.0
1.33
13.33
33.33
21.33
22.0
23.67
7.0
29.0
26.67
31.33
26.0
26.67
21.0
25.67
19.67
44.67
28.0
13.33
13.67
14.0
30.0
14.67
27.67
30.0
17.33
12.33
-0.33
28.33
19.33
21.67
10.0
28.67
10.0
1.67
22.0
6.67
4.33
24.67
6.33
2.0
15.0
-3.0
10.33
2.67
3.67
17.67
17.0
3.67
13.67
5.0
-1.33
1.33
13.67
2.33
11.67
7.33
3.67
9.67
6.67
13.67
5.67
-8.33
6.33
2.67
1.33
5.0
-2.0
-2.0
0.67
1.33
12.67
5.67
-1.33
9.0
-5.0
-0.67
3.67
10.33
14.33
11.67
10.0
4.0
16.33
16.67
17.33
11.67
4.67
8.0
8.33
8.0
20.67
8.0
1.67
4.67
17.0
14.0
11.0
5.67
11.0
8.33
-3.33
15.0
25.33
-0.33
1.0
1.0
6.67
5.67
10.33
12.0
6.0
12.0
20.67
-1.0
7.33
1.0
5.67
14.33
7.67
8.33
1.0
1.0
4.0
5.67
6.33
2.67
4.67
-3.67
10.0
0.67
16.0
-5.0
2.0
-4.33
3.33
13.33
-1.67
-5.33
9.67
8.0
6.33
15.0
-1.67
6.33
-4.67
-0.67
-4.0
-2.0
12.33
7.67
-4.67
0.33
2.0
0.0
0.33
-5.33
7.33
13.67
3.33
8.33
12.67
10.33
1.33
10.67
8.33
3.33
4.67
0.33
-6.67
-3.67
1.33
-5.33
-1.0
8.0
8.33
1.0
1.33
11.0
4.0
5.0
1.33
6.0
-6.67
2.0
11.33
9.33
5.0
-1.33
5.33
7.0
2.33
11.33
-4.67
3.67
9.33
4.0
-3.0
-2.0
10.33
0.67
10.67
8.33
8.67
-2.67
2.0
0.0
-2.0
3.67
5.67
-1.0
9.0
9.33
5.67
1.33
7.67
2.0
-3.67
-1.0
5.33
12.0
2.67
-1.67
0.0
6.33
-5.0
8.67
-0.33
5.33
4.0
-1.33
7.0
5.33
14.0
-7.67
14.33
8.33
0.0
6.67
5.33
13.67
6.33
0.0
16.67
9.0
3.67
13.0
1.67
17.33
4.33
8.67
1.67
4.0
6.67
4.33
-4.33
11.0
10.33
-0.33
-1.67
5.67
-3.33
3.33
-0.33
0.0
4.67
0.33
-1.0
1.67
0.0
5.0
2.0
14.67
1.0
-0.67
7.33
-1.67
8.67
2.33
6.0
8.67
0.0
5.0
2.0
2.0
2.67
0.0
5.67
12.67
2.33
5.33
0.67
0.67
-6.33
2.33
-0.67
-1.33
-2.0
8.67
-8.0
4.67
8.67
4.67
7.0
11.0
7.67
9.33
6.33
1.0
8.0
4.67
7.33
1.33
5.67
2.67
8.33
0.0
4.33
-4.33
2.67
0.33
8.67
-5.33
-0.33
-1.67
3.0
-11.33
5.0
-0.33
-2.67
8.67
1.67
4.33
-2.0
4.0
4.33
10.33
-4.0
2.0
3.67
0.0
8.33
5.0
5.33
-2.0
-2.0
-0.67
6.67
-4.67
2.67
-7.33
0.33
6.33
4.67
4.33
5.0
5.33
0.0
10.33
0.0
-7.33
1.33
6.0
-5.33
4.0
6.0
-1.33
3.0
2.33
4.67
7.0
6.0
-0.33
0.33
-7.67
6.67
1.67
-3.0
8.67
12.0
-3.33
6.0
-3.0
5.33
-2.0
5.67
4.33
9.67
8.0
1.67
-2.0
1.0
4.33
3.0
0.33
6.33
5.0
0.33
-1.67
0.67
6.0
3.33
6.33
1.0
9.0
7.0
5.0
2.33
0.67
9.33
5.67
4.33
1.33
5.67
1.33
-2.67
-1.0
3.33
0.33
-3.67
-2.67
5.0
2.0
-2.67
-2.67
-2.0
6.0
3.67
3.67
8.33
-2.0
2.33
9.33
0.67
-4.0
-7.0
5.67
0.0
8.67
1.0
6.0
2.67
4.67
-3.67
3.0
6.0
-1.0
5.33
5.67
0.33
0.33
0.67
4.0
-1.0
0.33
-3.33
9.0
0.33
1.0
-4.67
-1.0
10.0
1.0
2.0
-6.0
2.0
-2.0
3.0
3.33
-3.33
4.0
4.0
2.0
4.33
-0.67
1.33
3.67
1.67
4.33
-3.33
3.0
0.67
7.67
-0.33
5.67
3.0
4.33
5.0
1.33
-3.67
5.33
2.33
-1.0
-0.67
-1.67
-2.33
4.0
-3.0
1.33
0.33
0.67
1.0
-2.67
-7.0
0.0
14.0
1.67
7.67
-0.67
3.67
0.67
-6.33
1.0
1.0
9.0
0.33
0.0
-0.33
-3.67
0.67
1.33
13.67
0.0
4.0
-4.0
-1.0
5.67
1.67
1.0
3.33
3.0
-4.67
-1.33
-1.33
3.0
3.67
0.0
2.33
4.0
4.0
