0.0
16.67
103.67
44.67
96.0
40.67
19.33
81.67
15.33
-8.67
-5.33
42.33
-41.67
-24.33
36.67
32.0
64.0
79.67
22.33
-10.0
30.0
-4.67
2.67
-2.0
9.33
18.33
-8.33
-9.33
2.33
-4.0
4.67
4.67
1.33
-6.67
-0.67
-1.33
-1.33
-1.67
-1.33
-1.0
-0.33
0.67
-0.67
0.67
1.0
-1.0
0.0
-0.33
0.0
0.0
0.0
1.67
0.67
0.67
1.0
0.0
0.33
0.0
0.0
1.0
-0.33
0.0
1.0
0.0
0.0
0.0
0.67
0.67
0.67
0.67
0.0
0.33
-0.67
-0.67
-0.33
-0.33
0.0
0.0
-0.33
0.33
0.0
2.0
2.0
-0.67
0.0
0.67
1.0
0.0
0.0
-0.33
1.33
0.0
0.0
-1.33
0.67
-0.33
2.0
0.67
-1.0
1.67
-0.33
1.0
2.33
2.67
2.67
-2.67
0.0
2.67
-1.0
2.0
1.0
1.67
-2.33
1.67
-1.0
1.0
-2.0
-2.0
2.0
0.0
0.67
0.0
0.67
2.0
-1.33
4.67
-1.33
0.33
2.0
2.67
2.33
-0.33
-0.67
1.67
3.33
1.67
3.33
-0.33
-0.33
2.0
5.67
0.33
4.33
7.33
1.67
-4.0
0.67
-5.67
-2.0
2.0
6.33
-1.67
2.0
2.67
3.33
-2.0
-1.0
-2.0
0.67
8.67
-3.33
6.0
5.33
4.0
5.67
2.0
-2.67
0.67
-4.0
5.0
8.33
5.33
-1.67
-3.67
1.33
-2.0
4.33
-0.33
1.67
8.33
-0.33
8.0
3.33
2.67
-2.67
7.0
6.0
1.67
-6.33
-6.33
3.0
6.0
2.67
1.0
4.33
-3.33
7.0
-2.67
3.33
0.0
7.33
-0.33
10.33
-0.33
-1.0
3.67
1.33
3.33
8.67
4.67
5.33
6.0
5.33
4.67
-1.33
1.67
1.67
-0.33
6.33
3.67
-0.33
3.0
7.0
-0.33
3.0
-1.33
8.33
0.0
2.0
5.0
0.33
-1.33
9.67
1.0
0.33
1.33
3.67
-1.33
6.0
-4.33
2.33
0.33
4.67
2.0
-4.33
2.67
5.0
-5.33
3.33
-2.33
0.33
10.0
0.0
3.67
3.0
4.33
1.33
-0.67
7.0
4.0
5.0
2.0
10.0
1.67
-1.33
-0.33
6.0
1.33
5.33
0.33
1.67
-1.67
1.33
-0.67
4.33
-0.67
2.33
6.33
0.0
2.33
-1.67
2.33
-3.33
1.0
-1.0
1.33
4.33
4.0
11.0
-5.33
7.67
1.33
4.67
4.0
3.33
3.33
5.0
0.0
-0.67
4.67
-0.67
5.67
-0.33
5.67
-3.67
4.33
-0.67
2.0
0.33
1.33
5.0
2.67
5.33
1.0
1.33
6.0
6.67
-5.0
5.67
-0.33
2.67
0.33
8.0
-2.0
-4.67
-4.0
1.33
-2.67
1.67
4.0
10.33
8.33
1.0
5.67
1.0
-2.67
-0.33
-1.67
9.0
0.0
0.33
1.67
9.67
7.67
3.67
6.33
1.67
2.0
-5.33
5.0
1.67
-2.0
0.33
2.0
-1.67
0.67
2.67
6.0
1.33
-1.0
-2.0
1.67
6.33
2.33
0.33
-1.0
0.0
1.0
5.67
3.33
3.33
2.0
1.0
4.33
-2.67
7.67
2.67
2.0
5.0
4.67
3.33
0.67
-5.33
4.0
3.67
0.67
1.33
-1.0
8.67
3.33
-2.33
-3.0
0.33
-0.33
3.33
2.67
3.0
4.33
-6.33
0.67
5.33
1.0
0.0
3.67
0.0
-1.67
-1.0
2.0
1.33
1.0
-0.33
1.0
4.0
2.0
3.67
2.0
3.33
1.33
0.0
8.0
-1.67
-0.33
2.67
2.0
7.0
7.33
4.67
-2.33
-4.67
6.0
2.67
-1.0
-2.67
-2.0
3.0
-1.33
0.67
3.0
4.67
4.67
3.0
-0.67
0.0
6.67
4.0
-4.33
0.67
3.0
2.67
-0.33
1.0
0.67
8.33
2.0
5.33
-0.67
-2.0
1.33
2.33
2.67
1.67
0.33
1.67
0.33
3.0
1.67
5.67
2.33
-1.67
0.0
2.67
1.33
5.33
-7.67
-1.33
-4.33
4.33
4.67
1.33
3.33
4.67
-4.33
-1.33
-0.33
5.0
1.0
-0.67
2.67
1.67
0.0
-3.67
2.0
-2.33
2.0
0.0
0.67
0.33
2.33
4.67
-3.67
-0.67
-6.0
-2.0
1.33
-2.0
-2.0
1.67
4.67
-5.67
-0.67
0.0
-2.0
4.67
-3.0
4.33
0.0
-4.0
5.0
3.33
4.67
3.33
4.0
-0.67
4.67
-3.0
1.0
-1.33
0.33
1.33
-2.33
-4.0
2.33
-0.33
-1.33
0.0
-1.0
-2.67
-1.67
0.0
-5.67
0.67
3.67
7.67
5.67
0.33
-5.33
3.0
0.33
-3.0
-0.33
-2.67
1.67
0.67
-2.0
5.67
-0.33
-2.0
2.0
7.67
1.67
-0.33
-4.0
4.67
6.0
8.33
-1.67
2.33
4.67
5.67
-0.33
-4.67
-2.67
4.0
-1.0
2.0
0.0
-1.33
5.33
-3.67
0.67
-2.0
3.33
0.33
1.67
4.33
-1.67
-1.33
-1.0
5.0
3.67
-1.0
3.0
5.33
3.0
-3.0
0.0
1.0
6.33
1.67
4.0
-3.33
-1.0
-7.67
-1.67
-2.67
0.0
-2.33
3.0
-1.0
0.0
-0.67
6.33
-0.67
1.67
1.67
1.0
-1.0
0.67
5.33
-3.67
-2.0
0.0
-3.33
1.0
4.0
-2.33
-1.0
-3.33
-2.0
0.33
1.33
-0.67
-3.67
2.67
1.67
-3.0
2.0
-3.0
-0.67
-4.33
2.67
-3.33
1.33
-2.33
-5.33
3.0
0.67
-4.67
0.0
2.67
4.33
-0.33
-3.33
7.0
0.67
-5.0
0.0
-2.67
1.33
2.0
-2.33
0.0
-3.67
-3.67
-1.33
2.0
-0.67
1.33
2.0
0.0
2.33
-7.0
2.67
-3.67
-4.0
2.0
-1.0
2.33
-1.33
1.67
-1.67
2.33
2.0
-1.67
3.33
-0.33
3.0
-1.0
-1.33
-1.33
-5.0
-1.0
-0.33
-3.33
-3.0
-6.0
-1.33
1.33
1.67
-4.33
-3.67
-2.67
0.0
2.33
-5.33
0.67
4.0
-4.0
-0.67
-1.0
0.33
1.67
-2.67
-1.67
-0.33
-2.0
-5.33
-3.0
-3.0
0.33
-1.33
-4.33
-2.33
-2.33
-3.0
-5.0
-7.0
-5.0
0.33
1.33
-5.67
-1.67
-4.67
-5.0
-1.0
0.67
-3.67
-1.33
1.0
-3.67
-4.67
-5.0
-0.33
-2.67
0.0
-0.67
-4.33
-2.67
-4.33
-1.67
-2.0
3.67
0.33
-7.33
-1.33
-4.67
-1.0
-2.0
-7.33
-1.67
0.0
-6.0
-2.33
-2.33
6.67
-3.67
-8.33
1.0
-1.67
-2.67
-7.0
-4.0
3.0
-5.0
-2.0
1.33
-4.33
2.67
-3.33
-2.33
0.67
0.0
-0.67
-8.67
0.0
5.0
-2.67
-1.0
1.0
1.0
4.0
0.67
8.33
1.67
-1.33
-2.33
11.33
0.0
8.33
9.33
14.33
2.0
10.0
12.0
8.67
7.33
21.33
18.33
9.0
31.0
22.67
31.33
17.33
15.67
22.67
24.0
10.0
22.0
23.67
26.0
16.33
17.0
4.0
10.0
6.67
8.33
1.33
7.67
3.67
0.67
-3.0
3.33
2.33
-8.33
2.33
-4.67
1.0
4.67
7.67
4.0
-2.67
1.33
0.0
-8.0
-6.33
1.33
1.67
-4.33
-5.33
-4.0
5.67
-1.67
-5.33
1.33
1.0
-4.33
0.33
-1.0
1.0
-6.33
2.33
-8.33
3.33
-2.33
-0.67
8.33
1.0
-5.33
5.0
-4.33
1.0
-2.0
-2.33
-1.33
-4.33
-2.33
-0.67
-3.0
-4.0
-1.67
-5.0
-10.33
-1.0
-3.33
-1.33
-6.33
2.67
-7.0
-7.0
-7.67
-2.33
-1.0
-10.67
2.0
-10.67
3.33
-3.0
4.0
-7.0
-3.67
4.33
2.67
-3.33
-4.0
-3.67
1.0
2.0
-5.0
-0.33
3.67
-4.33
-12.67
-10.33
5.33
-6.67
1.0
-2.0
-1.67
-4.67
-1.33
2.33
0.0
-3.33
0.67
7.0
-7.33
-4.0
8.67
-3.33
2.67
-6.67
-1.67
3.67
2.67
-4.67
-3.0
4.0
8.33
-3.0
2.67
-5.0
-1.33
7.33
-0.67
5.33
-1.33
-8.33
-0.67
-5.33
-1.0
5.33
1.33
-2.33
4.0
-1.33
1.33
0.33
-4.33
-2.0
-2.33
1.67
-6.0
4.33
-0.33
4.33
2.33
4.33
3.67
-10.0
6.0
-5.33
3.33
5.33
0.33
5.33
-2.0
5.0
2.0
-9.0
-6.0
0.67
10.33
2.0
1.0
-2.33
-2.67
-5.67
1.33
0.0
0.0
1.0
-5.33
-3.33
-4.33
8.33
0.67
1.67
-0.67
-3.67
-2.0
0.33
-2.0
5.0
-0.33
-6.67
1.33
-5.0
-4.67
4.0
2.0
-2.0
0.33
-4.0
-1.33
1.0
3.0
3.67
0.67
-1.33
7.67
4.33
-5.67
1.0
13.33
10.0
11.67
1.0
9.67
18.33
9.0
26.33
8.0
15.0
15.33
22.67
24.0
14.33
19.0
25.67
14.67
23.33
11.33
13.67
3.0
15.33
9.67
11.67
8.33
-2.33
19.67
12.67
6.0
7.33
10.33
5.67
4.67
6.33
8.67
-1.33
4.67
2.0
6.33
12.33
3.0
6.0
13.0
0.33
5.0
9.0
7.33
5.67
5.67
-1.0
-1.0
1.0
7.0
1.67
1.33
-1.33
-3.0
3.0
5.67
-3.0
9.33
6.33
4.33
-5.67
-1.33
4.0
5.0
-2.33
-0.33
5.0
8.67
3.0
2.0
-1.33
-2.33
5.67
14.33
-1.0
2.67
8.67
9.33
3.67
5.33
0.0
7.67
17.67
5.0
2.0
2.33
1.33
2.0
9.33
11.0
6.0
11.67
2.67
5.67
10.67
13.67
-1.67
3.67
4.33
2.33
-1.67
-3.0
8.33
8.0
9.67
5.67
4.0
7.33
6.0
10.0
0.33
9.67
14.67
9.0
2.67
1.67
7.33
13.0
6.33
6.33
7.67
13.0
7.67
5.0
4.33
24.0
25.67
6.33
-0.67
7.33
5.33
-4.67
15.0
1.33
11.67
9.33
1.67
17.0
4.33
6.33
13.67
9.67
9.67
7.0
6.0
10.67
2.67
-2.67
7.33
5.67
0.33
6.67
4.67
-1.0
8.67
9.33
8.67
16.0
2.33
9.0
8.67
0.0
13.33
24.0
15.67
9.0
13.0
5.67
3.33
5.0
11.0
10.33
0.0
7.33
9.33
0.33
-1.0
1.67
-0.33
0.33
12.0
-2.0
-3.0
1.0
-1.0
2.67
0.0
5.0
5.0
11.67
6.33
10.67
15.33
8.67
6.0
-1.33
10.67
3.33
9.67
1.33
13.0
7.33
17.33
10.0
8.67
17.67
10.67
7.0
7.0
-1.33
12.0
5.33
5.33
15.0
-2.67
6.33
13.67
15.67
9.33
8.33
8.0
-3.33
18.33
11.67
4.0
0.67
13.33
10.33
-1.33
14.0
10.0
9.0
11.67
10.67
5.0
8.67
11.67
6.0
2.33
1.67
4.33
7.0
6.33
4.0
14.33
12.33
-0.33
1.33
7.33
4.67
17.33
10.33
23.67
2.67
21.0
18.33
17.0
13.33
28.0
21.33
13.0
17.67
8.33
11.67
22.33
5.33
5.33
21.33
22.0
25.33
23.0
39.33
28.0
32.33
36.67
33.0
30.67
47.33
34.33
47.33
52.33
65.67
59.67
71.33
56.67
74.33
80.67
78.67
92.33
94.33
96.67
91.67
76.33
77.33
81.67
89.0
70.33
58.67
85.0
77.67
45.67
58.67
66.67
36.67
40.67
45.33
25.67
28.0
31.33
11.67
20.67
31.67
18.67
14.0
3.33
13.33
19.0
6.67
4.67
12.0
6.33
6.67
11.33
8.67
10.0
13.67
0.33
3.33
10.0
8.0
-6.0
8.0
14.67
4.67
-2.0
9.67
7.33
-3.67
12.0
18.33
12.33
-3.67
11.0
-2.67
7.33
17.0
12.67
9.67
8.33
17.0
0.67
7.67
13.33
0.0
-0.33
1.0
10.33
-4.67
9.0
0.67
14.67
-5.33
10.33
10.33
6.33
13.33
9.33
-8.33
8.0
14.67
16.0
18.67
11.0
7.33
11.67
13.0
17.0
15.67
0.33
-3.33
4.33
17.0
13.33
15.33
7.67
10.0
9.33
5.0
19.33
9.0
7.67
12.67
13.33
7.0
3.0
12.0
3.33
12.0
1.67
25.67
1.33
10.33
16.67
3.33
-4.67
14.67
9.67
0.33
6.33
29.67
11.67
6.33
9.0
9.33
4.67
1.0
3.33
-3.0
14.33
-0.67
10.67
9.0
2.33
5.33
7.33
4.33
10.67
2.67
9.0
4.67
7.0
12.0
-3.33
-2.0
10.0
-8.0
10.0
24.0
3.0
14.0
10.33
11.33
1.0
-6.0
-5.33
6.33
6.67
16.0
-2.0
4.33
16.67
2.33
13.0
-3.33
8.67
3.33
7.0
2.33
-3.33
9.0
-0.33
2.33
11.33
17.67
6.0
2.67
-2.67
7.0
8.67
8.33
15.0
6.67
7.0
1.33
10.67
4.67
3.33
8.67
8.67
19.67
8.67
13.33
32.0
21.33
15.33
35.33
21.33
25.0
21.67
41.0
14.0
39.67
37.33
21.0
25.67
31.0
31.67
17.67
15.67
31.0
8.33
29.67
12.0
30.0
30.67
28.67
24.0
20.33
11.33
20.67
15.33
13.33
7.67
20.0
21.67
7.0
7.67
11.0
1.67
5.33
-3.33
12.33
-4.0
10.0
4.0
4.33
6.67
9.67
7.67
35.0
0.67
12.67
15.0
1.67
1.33
12.67
4.33
10.67
14.33
5.67
2.67
2.67
11.67
0.67
-0.33
20.33
7.67
6.33
10.0
9.0
7.0
0.67
-1.67
6.67
12.67
2.67
9.0
5.0
5.33
13.67
7.33
13.33
14.67
4.0
21.0
17.33
21.67
6.33
4.67
1.67
1.0
-0.67
13.0
10.67
4.0
8.67
15.67
14.0
5.0
7.0
3.67
3.0
9.33
9.67
16.0
9.33
0.67
3.0
7.0
0.67
6.67
13.33
-5.0
15.0
0.0
7.67
-3.0
5.33
-12.0
11.67
6.33
3.67
8.33
-10.0
0.0
-2.0
1.67
9.33
5.67
1.67
-7.67
-3.0
-2.33
-1.0
-1.0
12.0
2.67
6.33
-5.67
-0.67
-1.33
8.67
1.0
3.33
10.0
8.33
8.33
-1.67
-1.67
-4.0
6.0
3.33
-3.33
0.33
1.33
15.0
-1.0
11.33
-4.33
9.33
-0.33
-0.67
10.33
8.67
-3.67
4.33
-1.33
1.33
-1.67
-1.33
9.33
3.33
-0.67
-4.67
-1.33
5.0
-3.0
0.33
-6.0
-3.67
-1.0
8.0
2.0
6.33
-4.0
-7.67
6.0
16.33
0.33
5.0
-8.33
4.33
8.0
-1.67
5.33
2.33
-0.33
14.33
-2.0
2.0
6.0
6.33
9.67
5.67
1.33
-3.33
0.33
-11.0
10.0
-1.0
0.67
-1.33
2.0
10.0
2.33
-4.33
6.33
19.67
-3.0
4.33
2.0
-3.67
11.0
2.67
5.33
1.0
8.33
10.0
4.67
-0.33
3.33
-1.0
6.67
2.0
1.33
-8.0
14.33
8.33
6.33
5.0
8.67
3.33
-3.33
7.33
5.0
8.67
5.0
1.67
4.0
2.67
2.33
-3.67
10.67
9.67
5.0
9.67
-2.67
-4.33
5.0
11.33
8.67
-6.67
5.67
5.67
5.33
9.67
5.0
8.67
3.33
3.0
2.67
4.0
6.0
10.0
-2.33
3.0
-3.67
1.33
-2.67
2.67
5.33
-1.0
5.67
2.0
2.0
5.0
-2.0
9.67
2.0
1.67
4.67
-3.67
4.33
-1.33
6.67
-0.33
2.33
-3.67
3.67
-1.0
4.67
-11.0
4.67
6.67
8.67
1.0
11.0
-0.33
9.33
-0.67
-2.0
0.0
6.67
-2.67
-1.67
6.67
9.67
-0.67
4.0
-0.67
4.67
6.67
0.33
4.67
5.67
2.67
0.33
-1.0
0.67
1.0
5.67
1.33
8.67
-7.33
12.33
-2.0
10.0
1.33
-4.67
0.0
5.0
-6.33
-5.0
1.33
6.0
0.33
2.0
0.0
0.33
-0.33
13.33
-2.33
2.67
3.33
5.33
5.67
0.33
3.0
0.33
2.0
9.33
4.0
4.67
8.33
3.0
-3.33
-3.0
7.0
-1.33
3.0
9.33
2.67
-3.0
1.0
3.67
-4.67
-0.67
3.67
-2.33
1.0
1.67
8.0
-1.33
5.0
-5.0
7.33
-4.0
6.67
0.33
8.67
7.0
3.67
4.0
6.0
11.33
8.0
1.33
9.33
7.0
1.33
9.33
10.67
10.0
2.33
9.33
3.0
3.0
14.0
1.0
1.33
5.67
3.33
-0.33
2.33
-2.67
0.67
-1.67
3.33
4.0
9.33
0.33
3.33
-4.67
3.0
1.0
-0.67
3.33
3.0
9.0
0.67
8.67
1.33
2.0
-3.67
2.33
3.67
-1.0
-2.0
0.67
7.0
-1.33
0.0
-5.0
2.67
0.67
9.33
0.0
-3.0
6.0
-0.67
0.67
-0.67
-2.67
4.67
3.0
2.0
0.33
5.67
3.0
-3.67
0.0
1.33
1.0
3.0
-4.0
6.0
0.0
-1.0
1.0
-2.0
-1.67
2.67
-2.0
-1.0
5.0
7.33
3.33
0.33
-0.33
1.67
-0.67
-3.33
4.0
-2.33
1.67
-1.33
5.67
-2.0
2.33
0.0
5.33
1.33
-0.67
-3.67
-3.0
5.33
-3.67
-4.33
4.0
1.0
2.33
1.33
0.67
5.0
-4.67
-4.0
4.0
1.0
2.67
-0.33
5.33
2.67
0.67
-0.33
5.0
0.0
8.0
0.33
-1.0
2.67
-0.67
-0.33
0.33
2.67
0.0
2.0
-3.0
4.0
4.67
1.67
5.0
4.33
-4.0
-0.67
4.67
-2.33
2.0
-2.33
7.0
1.33
1.0
-1.0
