0.0
93.67
24.67
23.67
85.0
-57.33
73.33
53.67
82.33
-28.67
67.67
80.33
-62.67
41.67
20.67
-27.0
19.0
31.67
54.33
17.0
-22.0
1.33
12.67
-12.0
-14.67
15.33
3.67
3.67
-0.67
7.0
3.67
-1.33
-0.67
-3.67
0.33
1.67
1.67
-0.67
0.67
0.0
2.67
-0.33
0.33
2.67
0.0
-1.0
0.0
0.67
-1.0
0.0
0.0
-0.33
0.67
-0.33
0.0
0.0
-0.67
0.0
0.0
0.0
-0.33
0.0
1.0
1.0
0.0
0.0
-0.33
-0.33
-0.33
-0.33
0.0
0.33
-0.67
-0.67
0.67
-0.33
0.0
0.0
-1.33
0.33
-1.0
0.0
0.0
0.33
0.0
-0.33
0.0
-1.0
0.0
0.67
-0.67
0.0
0.0
-1.33
0.67
-2.33
2.0
-1.33
-1.0
1.67
0.67
0.0
-1.67
-0.33
2.67
0.33
1.0
2.67
3.0
0.0
-2.0
-0.33
-2.33
0.67
3.0
2.0
1.0
-1.0
-1.0
0.0
2.67
1.0
-0.33
0.0
-4.33
4.67
1.67
-2.67
2.0
3.67
-0.67
0.67
-1.67
2.67
7.33
-0.33
4.33
-2.33
2.67
4.0
7.67
1.33
1.33
1.33
-3.33
-1.0
3.67
-0.67
0.0
0.0
7.33
-0.67
4.0
-0.33
4.33
4.0
7.0
-5.0
-1.33
4.67
-3.33
-1.0
2.33
3.0
3.67
0.0
-4.67
-2.33
3.0
0.0
1.33
2.33
3.33
-6.67
-2.67
-3.0
5.33
2.67
-1.33
4.33
5.67
-3.0
2.33
1.67
4.33
2.0
7.0
2.67
2.67
-3.33
0.0
4.0
-5.33
2.0
0.33
-0.33
3.0
3.33
-0.67
5.0
0.33
-2.33
14.33
-5.33
-2.0
-0.33
-3.67
-2.67
4.67
-3.33
2.33
6.0
2.33
5.67
4.67
3.67
-3.33
-1.33
-1.67
-2.33
-2.33
3.0
6.0
5.67
-2.0
9.67
1.33
3.0
-4.0
-3.0
5.33
0.67
1.67
0.0
1.33
-6.67
1.67
-5.33
4.0
-0.33
3.33
4.33
-3.33
6.0
-1.33
-2.33
4.0
-5.33
6.33
0.67
3.33
1.0
2.0
5.67
1.0
4.33
0.33
9.33
3.0
6.0
-2.0
10.0
-1.0
6.67
-2.33
3.67
2.0
-2.67
1.33
-1.67
4.67
0.33
4.33
5.33
-4.67
3.33
5.33
2.33
-3.0
9.33
3.33
0.33
4.67
-3.0
-2.0
3.33
2.33
2.0
2.0
-8.33
5.67
4.33
0.67
4.0
6.33
3.33
4.0
1.0
1.33
2.67
-1.67
6.67
9.67
5.67
0.33
2.33
0.33
1.0
2.33
6.33
5.0
9.67
1.33
3.0
10.33
-1.0
3.67
2.0
2.67
-0.33
11.67
1.33
-3.0
-3.0
-7.67
-1.0
-1.67
-1.67
-1.33
4.0
4.33
3.33
3.0
0.67
1.0
7.33
-5.33
-1.67
8.0
-4.0
2.33
3.67
12.67
2.67
3.67
7.33
-1.33
-2.0
-4.33
1.0
2.67
1.0
3.33
1.0
-0.67
3.67
0.67
6.0
6.33
2.0
5.0
6.67
6.33
6.33
4.33
-6.0
3.0
-4.0
6.67
2.33
1.33
0.0
-2.0
3.33
4.33
3.67
2.67
1.0
5.0
1.67
2.33
-2.33
1.67
8.0
3.67
-3.33
6.33
0.0
3.67
-2.67
1.67
-3.0
5.33
4.67
2.33
2.67
3.0
6.33
-0.33
0.67
-0.67
-2.0
0.0
4.67
0.0
2.33
2.0
-3.0
4.33
-1.0
-4.33
-3.0
3.0
0.0
1.67
4.0
2.33
6.33
-1.0
1.0
3.33
-0.33
-5.33
1.0
0.0
-0.67
1.67
8.67
-0.67
4.0
2.67
-1.0
1.33
7.0
2.0
-0.33
-3.33
3.0
2.67
2.67
1.0
2.33
8.0
0.67
1.0
-2.33
1.67
-3.0
-0.33
4.67
0.0
4.67
2.33
0.0
1.33
-0.67
-5.0
3.33
-0.67
2.67
2.67
8.33
-3.33
4.33
0.0
7.67
11.67
8.33
3.33
2.0
1.67
0.33
2.33
-0.67
-1.33
-1.33
-0.67
-1.33
2.33
-0.67
0.67
-0.33
-0.33
-1.33
4.0
7.0
0.33
-1.33
-1.33
2.0
-4.67
2.0
1.67
4.0
2.0
-0.33
4.33
-0.67
3.67
2.33
0.33
1.0
-2.0
6.33
-1.0
-2.0
2.67
1.67
5.33
2.33
-1.0
-2.0
3.67
3.0
1.33
3.0
2.0
8.0
-0.67
6.67
8.33
-1.0
2.33
1.67
2.0
2.0
5.67
5.33
1.33
-0.33
2.0
-0.67
2.67
0.67
-2.0
4.0
0.33
-5.67
2.0
-3.67
0.67
0.67
-0.33
1.67
-0.67
0.67
1.0
-2.67
1.0
-2.33
3.33
6.67
3.67
-1.0
3.67
1.67
1.0
7.0
-0.33
1.67
1.67
-6.0
0.67
1.0
0.33
-1.67
2.33
0.67
0.67
1.67
-3.67
-2.67
2.0
-5.0
3.0
-2.0
-1.33
3.33
-2.67
1.67
-1.0
4.33
2.33
0.67
-0.67
0.33
-1.33
-2.0
1.0
-1.33
4.0
-1.0
0.33
3.0
-2.0
-3.0
7.0
-2.67
1.67
2.0
2.67
-3.0
-5.67
0.33
-0.67
2.0
-7.33
-1.0
4.0
6.0
-0.67
4.33
0.33
0.67
1.67
0.0
3.0
-0.33
1.33
-1.67
-3.0
2.0
-0.33
0.0
1.0
0.67
-2.0
-1.33
-1.0
-0.67
-2.67
-2.67
5.33
-1.33
3.67
-1.0
-4.0
-3.0
-2.67
0.67
1.67
0.67
2.33
2.67
1.67
1.0
-1.33
-6.67
2.0
0.67
1.33
-2.33
-0.33
0.0
-0.33
3.0
-4.0
-1.67
0.33
-2.0
-0.33
0.0
-2.67
-0.67
4.67
2.0
-0.67
-0.67
5.0
-1.0
2.33
-4.0
0.67
-7.67
-8.0
3.0
0.0
1.33
-0.33
-4.33
-2.67
-2.67
-4.0
-4.67
-1.67
0.67
2.0
-4.0
-2.33
4.67
-6.0
0.0
1.67
0.67
-6.0
-5.0
-7.33
-3.67
-4.33
-4.33
-8.67
-2.67
5.0
0.33
0.67
0.67
-4.0
-6.0
-0.67
-3.0
-3.67
-7.33
-4.67
0.33
2.67
1.0
-6.33
-4.0
-1.0
-4.67
-2.33
-4.33
-1.33
1.67
1.0
4.0
1.0
-4.0
1.33
7.33
-1.67
-3.67
1.33
-5.0
-3.0
-4.33
-7.67
-2.33
-6.0
-5.67
-1.67
-2.0
-1.33
-6.67
-4.0
-0.67
-7.33
-4.67
-3.33
0.33
-4.0
2.67
-4.67
-7.33
3.67
0.33
-1.0
-6.0
-1.33
-1.67
-10.0
-8.0
-5.33
-4.33
-0.33
-1.67
-0.33
-5.0
-4.67
-5.67
-1.0
2.0
-3.0
2.0
-5.0
2.33
-7.33
0.67
-3.33
-0.33
-3.33
0.0
-4.67
-0.67
1.0
1.0
-5.67
0.0
-8.0
-3.0
-2.0
-4.33
0.33
3.67
2.67
1.67
11.33
8.0
1.33
7.33
5.33
4.0
7.0
12.0
8.67
12.33
11.33
25.33
23.0
34.0
28.67
24.33
27.33
34.67
26.67
35.0
31.0
41.0
15.67
20.0
27.33
19.0
20.0
16.0
20.67
-2.67
-0.67
10.67
4.67
4.67
4.0
2.33
6.33
2.67
-1.67
-4.67
1.0
2.67
4.67
-2.0
-3.67
4.33
-6.0
-6.0
-0.33
2.33
-2.33
-8.33
2.67
-2.0
-0.33
2.33
-6.33
-0.67
1.0
-2.33
-2.67
1.0
4.0
-5.33
1.33
-2.33
-5.67
3.67
0.33
2.33
-3.0
-8.33
2.0
-10.33
-11.0
-4.0
-3.33
2.67
-5.33
-1.33
-1.67
3.0
-3.0
2.33
-5.0
-3.33
1.0
-0.33
-0.33
-6.33
-4.33
-6.0
-13.0
-9.67
1.67
-1.0
0.33
-3.0
-6.67
10.33
6.0
-4.0
-4.0
0.33
-2.67
-0.33
0.67
-2.0
-3.67
7.0
3.0
1.0
-7.33
-6.33
-6.33
-8.67
-2.33
2.33
-1.67
5.0
-11.0
-4.67
-6.67
6.67
-2.67
4.0
-0.33
3.67
4.0
-12.33
3.0
0.67
1.67
-5.33
-5.67
2.33
5.67
7.67
6.33
3.0
-2.0
-3.67
-5.0
7.67
-3.0
-2.33
-0.67
-0.67
2.33
-1.33
-7.33
-7.67
0.67
1.0
4.33
-5.67
-0.33
2.0
-3.33
-3.67
-4.67
0.67
-4.0
-5.33
-2.33
-7.0
12.33
-0.33
3.33
3.33
2.33
5.67
-5.0
1.0
-9.33
-2.67
-0.67
-5.67
2.33
4.0
-4.0
4.0
-8.0
-4.0
-3.33
4.33
5.0
-5.0
-3.33
-4.67
-3.67
-1.67
-1.0
4.0
1.0
-2.33
-3.33
0.67
3.33
4.67
9.67
-4.67
-0.67
2.0
-4.67
1.0
-4.0
3.67
0.33
3.33
0.0
12.33
-5.0
-1.0
12.0
-0.67
1.0
2.67
5.0
2.0
2.67
2.67
2.67
0.67
3.33
-5.67
11.0
6.33
13.0
5.67
9.0
15.67
22.33
17.0
23.33
23.0
28.0
24.33
24.67
5.0
17.33
29.0
26.67
17.67
20.33
13.33
3.67
9.0
14.33
8.67
14.67
9.33
16.67
7.67
11.67
10.0
11.33
8.33
6.67
5.67
-0.67
4.67
2.67
-0.33
4.0
-2.67
6.33
5.0
0.0
11.0
9.33
3.0
8.0
0.33
2.67
3.67
2.0
-3.0
-3.0
5.0
6.67
1.33
-4.33
3.0
12.0
0.67
5.0
14.33
-7.67
7.33
9.33
4.67
0.0
-4.0
2.67
-4.33
3.0
4.67
8.0
2.0
1.67
-2.33
11.67
-1.67
10.0
4.67
8.67
4.33
7.67
8.33
10.0
5.67
-0.33
0.0
6.0
5.33
8.33
6.0
7.33
13.0
2.0
10.67
13.67
13.67
3.67
3.67
-2.67
1.67
-7.67
4.33
10.33
4.0
-0.67
4.0
-3.33
6.67
6.0
7.33
5.0
2.0
10.33
2.67
6.67
-4.0
-1.33
10.67
3.33
2.0
11.33
2.33
8.67
8.0
3.67
11.0
11.33
7.0
13.67
6.33
8.33
12.33
5.33
6.33
9.0
3.33
3.67
-2.67
7.67
5.0
5.33
8.33
4.67
6.67
16.67
2.0
8.0
1.67
6.67
-0.67
20.33
1.67
16.33
7.67
-0.33
6.0
14.67
7.33
14.67
-1.0
5.33
5.0
13.67
4.0
-0.67
12.0
7.67
5.0
14.0
8.67
6.33
7.0
3.0
9.33
2.0
6.33
9.33
4.33
-1.0
6.67
3.67
7.33
2.0
-3.0
10.0
2.0
10.0
7.67
6.0
2.0
20.0
4.67
11.33
7.67
10.33
16.67
11.0
5.67
12.67
4.33
-0.33
15.33
12.0
1.33
14.33
6.0
0.67
6.67
6.67
10.0
10.0
6.67
11.0
7.33
10.33
13.0
4.33
8.33
14.67
5.67
4.33
5.33
7.0
9.67
7.33
0.67
6.0
8.67
2.33
11.33
10.67
1.0
18.0
6.0
5.67
15.67
5.0
11.67
17.67
6.0
-0.67
6.67
14.33
-2.0
3.33
12.0
25.33
9.33
7.67
-2.67
16.33
10.67
20.33
22.33
13.67
13.67
8.0
3.33
9.0
8.33
21.0
9.33
14.0
11.67
22.33
13.67
19.33
16.33
6.33
20.33
21.0
21.33
15.0
31.33
19.0
40.33
35.67
37.0
36.67
48.33
49.33
60.33
66.33
65.67
76.67
70.33
86.67
88.33
75.67
89.67
100.33
95.33
92.67
93.67
108.33
75.33
91.67
85.0
105.33
72.67
85.0
68.67
44.67
64.67
46.67
37.67
41.67
48.33
28.67
39.0
26.33
19.67
24.67
1.67
5.67
9.0
14.33
2.33
4.0
9.67
6.67
14.0
2.33
9.67
10.33
0.67
8.0
6.67
2.33
5.33
13.0
17.0
15.0
4.0
5.67
8.67
9.0
23.67
12.33
3.33
5.0
4.33
9.33
5.33
-4.0
5.33
7.33
19.0
22.67
2.67
-2.67
20.0
7.67
6.67
11.33
10.0
-6.33
10.0
20.33
4.33
17.0
5.67
-0.33
3.67
5.33
15.33
-0.67
-5.67
4.33
7.67
7.0
17.67
9.0
20.67
12.0
5.33
11.67
10.0
10.0
10.67
9.33
4.67
11.33
9.0
3.33
-0.67
10.67
7.0
11.33
9.0
12.33
-4.0
4.67
0.67
14.33
7.0
9.0
5.0
13.33
7.0
7.67
13.67
1.33
16.33
7.67
14.33
6.33
4.67
16.67
3.33
10.33
11.67
16.67
20.33
4.0
9.33
9.67
0.0
7.33
6.0
7.33
6.33
9.67
4.0
17.33
2.33
8.33
6.33
-5.33
3.67
18.0
9.67
17.0
10.0
0.67
7.0
11.0
6.0
-5.0
12.0
8.0
4.0
6.33
4.33
8.0
-4.0
8.67
12.33
6.67
9.0
-4.0
8.33
3.67
5.33
13.0
3.67
10.67
-6.67
23.0
-0.67
-0.33
18.0
-4.33
-9.67
9.33
17.67
16.0
8.67
6.33
14.0
9.67
15.33
16.0
12.67
0.0
11.33
15.67
6.67
14.33
16.67
14.67
22.67
17.67
18.33
18.0
18.33
26.33
20.33
22.33
29.0
24.67
17.0
19.0
30.67
24.33
29.0
23.67
30.0
37.67
18.67
29.67
31.0
27.33
23.67
28.0
35.0
11.67
34.67
18.0
10.33
12.33
15.67
23.33
23.33
21.67
19.0
12.67
7.0
11.67
10.0
1.67
13.33
7.67
13.33
8.0
12.0
11.0
13.33
5.67
4.67
6.67
6.0
5.67
9.67
1.0
-0.33
7.33
21.67
1.33
3.67
1.33
10.67
4.67
7.67
15.67
2.67
-1.33
3.33
12.67
0.33
18.0
4.0
8.0
9.67
-4.67
2.67
15.67
-5.33
21.0
-9.0
-0.67
14.67
13.33
16.33
3.67
6.0
10.0
15.33
7.67
2.33
-1.33
18.67
-2.0
-6.67
0.0
14.67
5.0
6.67
9.67
9.0
-7.0
6.0
7.67
11.0
22.33
-3.33
5.0
9.33
8.67
16.0
9.0
5.67
1.67
6.33
9.0
4.0
7.0
1.67
2.0
6.33
0.0
9.67
14.33
0.67
4.33
-6.0
13.0
7.0
3.67
15.33
-0.33
1.67
2.33
3.0
-0.33
7.0
-1.0
-2.0
-0.33
9.33
8.33
-0.67
-7.33
0.67
-5.0
1.33
3.0
1.33
11.33
-1.67
2.33
-6.0
0.0
0.33
-8.33
-3.67
-0.67
14.0
11.0
-3.67
-3.33
2.33
8.67
5.33
5.33
-3.33
7.33
1.33
-0.33
-3.67
5.33
2.67
9.33
9.33
-3.67
-0.67
5.67
6.0
-4.0
8.33
9.0
-0.67
-7.0
-1.0
-12.0
-3.67
-5.0
-5.67
5.0
8.33
-2.67
-5.0
10.67
-0.67
1.0
-3.67
3.33
-5.67
13.67
1.33
2.0
9.0
3.0
3.33
4.67
6.67
0.33
5.67
3.33
-2.0
-1.0
-8.0
-1.33
-0.33
-7.0
5.0
4.33
4.67
0.33
-0.33
4.0
3.33
-1.0
1.33
2.0
5.67
1.33
12.0
-0.67
7.0
10.67
2.67
4.33
-2.0
-2.33
7.0
7.33
8.0
-0.67
7.33
11.33
0.0
8.67
10.33
5.67
6.33
1.0
0.67
5.0
-4.33
3.0
3.67
5.33
3.33
-3.33
11.67
1.0
6.67
13.33
-4.33
15.0
-4.67
10.67
-1.67
5.67
2.67
-8.67
0.67
2.0
5.67
2.33
9.0
3.67
9.0
5.0
-4.0
-3.33
0.0
0.33
4.33
-0.67
3.67
1.33
4.0
8.67
1.0
6.0
-4.0
-5.0
2.67
1.0
-0.33
4.67
-3.67
-1.67
-5.33
5.67
-7.33
2.33
-5.67
-0.33
10.0
-0.33
-7.0
-3.33
1.67
8.67
0.0
4.0
4.67
9.33
-1.67
3.0
3.0
-1.33
7.33
2.33
7.67
1.67
0.33
-2.0
0.33
8.67
1.67
7.33
4.67
-0.33
3.67
-5.67
3.0
-7.33
5.0
-0.33
-1.67
3.67
5.67
-9.67
-5.0
0.0
2.33
-5.67
8.0
3.0
0.67
7.0
16.33
-6.0
-2.67
-8.0
1.0
2.33
-0.33
2.33
3.67
-10.33
1.33
7.33
2.67
-4.67
5.0
2.33
-4.0
1.33
3.0
-8.33
1.33
-4.0
-0.33
2.0
2.0
3.67
6.0
9.33
7.67
-3.0
-2.0
7.67
0.33
0.33
4.67
5.67
-1.0
-3.33
1.0
3.67
2.0
1.0
11.33
-5.0
1.67
0.33
5.67
5.0
-3.33
-1.0
2.0
8.33
4.0
-3.67
4.33
8.0
-1.67
6.33
0.67
7.0
4.33
9.33
1.0
8.0
12.0
6.0
10.33
-0.33
3.33
1.67
11.33
0.33
5.67
0.33
-5.67
2.0
-3.67
0.33
-1.67
0.33
5.0
1.0
3.33
-1.67
-1.0
-2.0
-2.33
2.67
-1.67
4.0
-6.67
5.33
1.67
4.0
-6.0
0.67
4.0
1.67
-1.0
6.0
-0.33
0.67
-4.67
2.0
0.0
-2.0
1.33
4.67
-5.67
6.33
2.67
-2.0
-1.0
0.33
-1.33
3.0
0.33
-1.0
1.33
0.0
3.0
5.0
4.0
-3.0
-1.0
-3.0
2.0
6.33
-2.33
1.0
2.0
4.0
2.33
6.33
-1.67
1.67
1.67
3.33
1.67
-5.0
1.67
-0.33
3.67
0.67
2.0
4.33
5.0
0.33
-0.67
9.33
0.33
1.0
-3.67
-1.67
-2.33
-4.0
-1.0
2.33
2.33
2.67
2.0
1.33
-4.0
4.0
1.0
-0.33
1.67
-1.67
-1.33
-2.33
-4.33
-1.0
-3.0
1.0
-0.67
-4.0
-1.33
-0.67
-6.33
3.33
4.67
-3.0
-1.0
0.0
2.0
6.67
-2.33
-2.0
1.33
7.0
-0.67
-1.33
-2.33
-1.0
2.67
1.0
4.33
3.0
4.0
