0.0
2.0
-44.33
42.0
15.0
-91.67
-110.67
29.0
-88.67
-189.67
-142.0
-4.0
0.67
17.67
24.0
-56.67
27.33
-27.33
-67.0
-56.33
-22.67
15.33
-7.33
-5.33
-29.0
-11.0
1.33
-17.0
-0.67
-5.0
8.33
-1.33
1.33
-0.67
-4.0
-3.0
-0.67
-1.0
-1.0
0.67
1.33
1.33
-0.33
-1.0
-0.33
-0.33
0.0
0.67
1.0
1.0
0.0
1.0
0.0
1.67
0.0
-0.33
1.0
-1.0
-0.67
0.0
0.67
-0.33
0.0
-1.33
1.0
0.0
-1.0
1.33
-0.33
0.0
0.67
-0.33
0.0
0.67
0.67
-0.33
2.33
-0.33
0.0
0.67
1.0
-0.67
-1.33
0.33
-0.67
-1.0
-0.67
1.67
-0.33
1.67
-1.33
0.0
1.67
1.0
-0.67
0.0
1.0
2.33
1.67
0.33
-1.33
1.67
0.67
2.67
-0.67
-2.0
-1.33
-2.33
1.0
0.67
1.0
0.0
2.33
-0.67
1.67
0.0
-2.0
-1.67
-1.0
-2.0
1.67
-4.33
-0.33
-0.67
-2.33
0.33
-2.0
0.0
0.33
-3.67
1.33
-2.0
-1.0
0.67
1.33
2.0
0.33
7.0
-0.67
-1.0
-2.0
1.0
-4.0
1.0
0.67
2.33
1.67
3.0
1.67
-0.33
-5.0
-6.0
3.33
9.0
1.67
-2.67
-6.0
2.0
-1.67
-4.33
8.67
3.0
6.33
0.67
2.67
2.67
9.67
-0.33
1.33
4.67
-0.67
6.33
-1.0
2.0
1.0
8.0
-4.33
-0.33
5.67
3.33
-3.33
6.0
-1.33
-2.33
-3.33
9.33
1.67
-4.33
4.33
7.0
-0.67
4.67
3.0
5.67
-1.33
6.33
4.67
9.0
2.33
2.0
4.0
-0.67
2.33
4.0
5.33
-3.0
0.67
3.33
-4.0
6.0
-3.0
8.0
5.0
5.67
9.0
2.0
-1.0
1.0
-1.33
2.33
-2.0
5.33
2.33
-0.33
4.67
6.0
2.0
2.67
-3.67
0.33
-5.67
5.0
-8.67
-3.0
1.0
-0.33
11.0
-2.0
0.33
-4.33
6.0
1.33
0.67
3.67
3.0
-1.0
5.33
2.0
11.0
4.67
5.67
1.0
-0.33
1.67
3.67
-6.0
6.33
-4.67
11.33
3.0
3.33
1.33
4.0
-0.67
6.0
2.33
-0.33
-1.0
7.33
-2.0
-3.33
6.0
-1.67
3.0
0.0
-3.33
5.33
7.33
-1.0
4.0
4.67
0.67
5.67
3.33
0.33
5.0
8.0
0.67
5.67
6.33
8.0
7.33
0.33
2.33
8.67
8.33
3.67
-4.67
-3.0
2.67
-2.67
-2.0
-0.67
0.33
0.0
3.33
3.33
2.0
8.67
3.0
0.67
2.33
5.33
5.0
2.0
7.67
6.0
1.33
1.33
2.0
-3.33
-6.67
0.33
-2.0
0.33
-9.33
3.67
7.0
3.33
-1.67
-1.0
1.33
1.67
3.67
-2.0
3.67
3.0
0.0
-4.33
9.0
-0.67
1.0
2.67
4.67
2.67
7.67
0.33
4.33
4.67
4.67
2.0
0.67
2.33
0.33
-6.67
1.33
-1.33
0.0
-3.67
3.0
-0.33
0.0
-0.33
-3.33
-1.67
1.67
5.0
1.33
3.0
5.67
-1.67
2.67
3.67
-2.33
4.67
2.0
8.0
12.0
-1.0
-4.0
-2.0
-2.33
0.33
-0.33
-1.67
1.67
-3.33
-3.33
2.33
2.0
0.67
-7.0
5.0
5.0
2.67
3.67
1.67
3.33
0.67
3.33
-3.33
-6.33
0.33
5.0
4.33
-1.0
3.0
1.67
2.67
-1.67
0.33
-1.0
6.67
-0.33
-2.33
-4.0
3.67
2.0
1.67
8.33
-0.33
-5.33
11.0
1.0
2.33
1.67
0.33
-3.0
2.33
0.0
2.33
-1.33
-3.33
2.0
4.67
0.0
1.0
3.33
-3.0
6.0
3.67
-0.67
0.33
3.33
3.33
4.33
-1.0
-3.0
0.67
0.0
1.33
-0.33
2.33
-3.67
2.33
5.33
3.67
-2.33
-2.67
-3.33
6.0
-2.33
4.33
3.0
0.0
2.33
4.0
4.33
-0.33
-0.33
-4.67
1.33
-2.33
-2.33
0.0
6.33
3.67
4.33
-1.67
-1.0
0.33
4.33
-2.33
-1.0
9.0
-0.67
4.67
3.0
1.67
1.33
-2.0
3.33
-1.0
5.33
0.33
-0.67
4.0
-2.33
3.67
3.0
0.0
4.33
4.0
-0.33
-5.0
0.33
3.33
2.0
1.33
-1.33
1.0
-3.33
1.0
1.33
1.67
4.0
3.0
3.67
-1.33
1.67
3.67
1.67
-0.33
-1.0
0.67
2.67
-5.0
2.0
4.0
3.33
0.67
-1.67
-5.33
4.0
4.0
1.67
3.67
-0.67
4.0
-1.67
0.33
2.0
1.67
1.0
1.67
-0.33
-5.0
1.67
0.0
2.33
2.33
-1.0
0.67
0.67
-6.33
2.33
2.67
-1.0
2.33
2.33
2.0
-2.67
0.67
2.33
-1.67
1.33
2.67
0.33
1.0
-1.0
1.0
-1.33
0.67
1.67
-0.33
-3.67
2.67
-1.33
0.0
-0.33
-3.0
-5.33
1.67
3.0
-2.33
-3.33
0.33
-0.67
-0.67
2.0
1.67
6.33
5.33
2.67
-1.0
2.67
-2.0
5.0
-1.33
1.33
3.33
0.0
-2.67
0.67
-2.0
-1.67
1.0
-1.33
2.33
3.0
1.0
0.67
2.0
-0.33
6.0
-3.0
-2.67
3.0
2.0
-1.33
-1.33
-1.33
6.0
-3.33
2.0
-1.33
6.67
-2.0
-0.33
0.33
-0.33
4.67
-0.33
0.67
-1.67
0.0
-1.0
1.0
-0.67
0.67
4.67
-5.0
0.33
-1.33
0.0
-1.0
-2.67
1.0
-1.33
-5.0
1.0
-3.33
-0.67
0.0
-2.0
-3.67
-3.67
-4.0
-2.67
-1.67
-1.67
0.33
-1.33
1.0
-1.67
-0.33
0.0
-1.67
-3.0
-2.67
0.67
-4.33
-3.0
-1.33
-5.0
4.67
-3.33
1.33
-5.0
0.33
1.67
1.33
2.0
1.33
-3.67
-4.67
-3.0
-3.67
-0.67
-5.0
0.0
-0.67
-3.33
1.67
4.0
1.33
1.0
0.0
-0.67
-4.33
-3.33
1.33
-3.67
-1.67
-3.33
-6.33
-5.0
-6.33
-2.33
-1.33
-3.0
1.33
-4.67
3.33
-1.0
1.67
0.67
-6.67
-3.67
7.33
-0.33
4.67
-4.0
-2.33
-3.67
-6.67
-1.33
-3.0
0.67
-6.33
-5.67
-3.0
-9.0
0.0
1.67
-4.67
0.67
-2.67
-4.33
-1.0
-4.67
-2.67
-7.0
1.33
-4.0
-5.67
-3.0
-4.0
-10.0
1.67
-8.67
-1.67
-7.67
1.0
-0.67
1.33
-2.33
4.67
-2.67
-5.67
-7.33
1.33
-1.0
-1.33
-6.67
-4.33
-0.67
-5.67
-2.67
-6.67
3.33
-8.67
-3.33
-5.33
-8.67
-4.33
-6.33
-3.0
-2.33
1.67
-0.67
-3.67
0.0
-2.33
4.0
-2.67
-0.67
2.33
7.0
-7.0
-1.33
-1.67
-2.0
-5.0
0.0
-6.33
-6.33
-5.0
0.0
1.0
-7.67
0.33
-1.67
-8.67
0.33
9.0
-3.33
-9.67
0.67
1.33
-0.67
2.67
0.33
-5.67
2.0
1.67
-6.33
0.0
-4.67
-10.33
1.33
-5.67
-4.0
-7.33
-2.33
-7.33
1.67
-6.67
3.67
-1.0
-10.67
-8.0
-4.0
-7.67
-4.33
-1.0
5.33
-1.33
-9.33
1.0
-1.33
9.67
1.33
-3.33
5.67
-2.0
-5.67
-0.67
1.0
1.33
0.67
-6.0
1.33
-3.67
-2.67
0.0
0.0
-13.0
-0.67
-0.67
-1.33
-4.67
0.67
-6.33
4.67
-8.67
0.0
3.0
-3.33
10.67
-0.67
-5.67
6.67
-3.67
-5.33
-2.33
6.33
-7.0
-2.0
-2.0
-3.33
-4.33
-1.33
10.33
2.67
-0.67
-4.67
2.0
-1.67
3.67
1.67
-4.0
-1.33
-7.67
5.0
4.67
2.33
12.0
7.67
6.33
-0.33
1.33
3.33
-1.33
-4.0
-9.0
-2.67
-2.0
3.0
-10.33
-2.33
-7.0
3.0
2.67
7.0
1.67
1.0
5.67
0.67
11.33
-3.0
3.0
5.0
1.67
6.0
9.67
12.33
15.0
16.67
13.0
23.33
11.33
23.33
35.0
24.67
31.33
35.33
42.67
38.33
43.0
47.0
41.33
30.67
60.67
32.67
54.33
55.67
37.33
26.0
28.33
28.33
23.33
18.0
8.67
17.0
6.33
5.33
8.33
7.0
7.33
10.0
8.0
4.0
1.0
1.67
1.33
2.67
6.67
-2.33
-2.67
2.0
3.0
1.0
2.67
-1.67
2.0
19.0
3.0
1.67
5.0
11.0
19.0
3.0
29.33
23.33
35.0
28.0
28.0
27.0
15.67
26.0
31.67
22.33
25.33
28.0
20.0
14.33
43.0
16.0
12.0
3.33
9.67
10.0
17.67
-1.33
11.0
-2.33
13.33
3.67
9.0
4.33
10.33
8.33
6.0
6.67
6.0
3.67
13.67
31.0
15.67
23.67
17.33
17.0
12.0
19.0
24.33
7.67
17.0
13.33
21.33
22.67
12.0
6.0
12.0
5.0
11.67
5.0
9.0
18.0
2.67
10.33
14.0
4.67
14.0
14.67
16.67
14.33
14.0
3.33
17.0
31.67
22.0
15.67
24.67
30.0
33.33
41.67
40.67
48.0
36.33
56.0
36.33
60.0
57.33
56.0
63.33
67.33
54.33
75.0
75.0
56.67
80.33
87.67
66.33
70.67
70.33
68.0
79.0
56.67
53.67
32.67
38.33
31.67
39.33
34.67
23.67
19.33
35.0
26.0
34.0
24.0
34.33
35.33
25.67
24.67
21.67
12.67
10.67
20.33
17.33
30.0
12.67
15.33
14.0
9.0
13.0
8.0
7.0
9.67
6.33
5.0
22.0
10.33
9.0
1.33
6.33
14.0
8.33
8.67
-1.0
7.67
0.0
6.67
7.0
14.33
2.0
16.33
3.33
6.33
8.0
2.0
23.33
20.67
6.33
4.0
17.33
12.0
13.33
9.33
2.0
13.0
17.33
9.0
8.33
3.33
13.0
29.67
11.33
39.67
22.67
13.0
23.67
20.0
20.0
29.0
33.67
19.0
27.67
32.0
26.33
15.0
15.67
13.33
21.33
6.0
13.0
3.0
20.67
15.67
13.33
18.0
10.33
14.67
12.0
27.33
14.67
51.33
57.33
63.33
60.33
72.33
85.0
98.67
118.33
109.67
146.67
138.33
136.67
112.0
131.33
116.67
124.67
105.0
104.33
130.33
104.67
102.0
91.33
126.67
106.0
97.67
119.0
113.33
86.67
84.67
78.67
90.33
74.33
68.67
68.67
52.67
33.0
39.67
23.67
29.33
21.0
15.33
14.33
17.0
18.67
24.33
18.0
18.67
28.33
22.33
23.0
19.33
22.67
6.0
11.67
25.33
19.67
21.67
35.0
32.67
27.67
28.33
17.67
33.33
25.67
33.0
23.67
22.67
33.33
23.67
32.67
39.67
36.0
44.67
26.0
22.0
29.67
37.0
46.33
19.67
25.67
34.0
36.0
39.67
28.0
32.67
28.0
31.67
36.33
14.33
31.67
23.0
27.33
10.0
22.0
24.67
17.0
0.67
13.67
14.0
13.0
3.33
18.67
5.67
20.33
12.33
9.0
2.67
-0.67
7.0
1.33
14.67
-2.67
8.33
9.33
7.33
8.67
14.0
4.67
10.33
3.67
18.0
16.67
16.67
7.0
9.0
15.0
6.0
17.0
15.0
16.33
19.67
19.0
21.0
16.33
18.0
18.67
29.33
29.67
41.33
15.33
30.33
21.67
33.67
36.0
37.0
51.67
35.0
28.67
32.67
21.67
39.0
37.33
18.0
29.33
18.67
30.67
24.0
33.33
28.33
17.67
19.0
41.33
22.0
17.67
16.33
17.0
10.0
28.67
9.0
12.0
15.33
38.0
26.67
15.33
19.33
16.67
12.0
11.67
23.67
26.0
15.33
29.0
12.67
21.33
30.67
10.0
17.33
15.33
17.33
15.0
25.0
13.0
18.0
22.67
20.67
3.67
18.33
13.33
19.0
11.33
11.33
10.33
35.67
16.33
22.67
16.33
11.0
17.0
-1.33
-4.67
7.33
9.33
12.33
24.0
4.0
18.67
7.67
2.0
12.0
2.67
10.67
10.0
5.0
7.33
-1.33
-2.33
14.0
0.33
6.33
-2.0
3.33
-1.67
6.67
6.0
4.33
11.67
5.33
1.33
4.0
0.0
3.33
4.67
22.67
4.33
6.67
4.0
12.67
0.0
12.67
9.67
4.67
8.0
17.67
5.0
-6.33
18.33
4.33
0.0
12.33
16.33
14.33
9.33
12.67
5.33
8.0
0.0
5.0
10.67
13.67
8.0
16.67
12.0
-5.0
15.33
5.33
3.33
-5.33
12.33
5.67
11.33
6.0
-5.0
10.0
6.33
18.0
5.67
-1.67
19.0
10.67
12.0
18.0
8.67
14.33
-3.67
4.67
-5.67
2.67
-7.67
2.0
3.33
8.67
5.0
4.67
8.0
4.67
0.0
7.0
7.67
1.33
-12.0
4.33
2.33
4.67
11.33
9.0
4.33
-6.67
7.0
-8.0
4.67
9.33
2.67
7.67
2.67
9.67
9.0
11.0
-8.33
14.0
-4.67
-1.0
5.67
7.33
-4.33
2.33
17.0
6.33
5.33
13.67
-9.0
12.0
-0.67
0.33
10.0
13.33
9.0
17.67
1.0
6.33
1.0
18.33
13.33
0.67
17.33
12.67
3.0
0.67
15.67
-2.0
7.0
0.0
6.0
5.67
2.0
13.67
-0.33
10.67
20.0
4.67
-5.0
9.0
13.33
11.0
0.33
3.33
3.33
-6.0
3.33
-2.67
5.0
2.33
7.0
8.33
0.0
2.33
1.0
-2.33
15.33
9.33
14.0
15.67
-2.33
1.0
0.33
4.0
9.0
15.0
6.0
21.67
2.67
15.33
17.0
16.33
11.67
3.0
24.0
4.33
17.0
-3.0
2.0
6.67
18.33
6.33
-2.0
15.67
0.67
10.0
5.67
9.33
22.33
9.0
6.0
23.0
22.67
3.0
13.33
2.33
22.67
7.33
2.33
8.0
4.0
2.33
21.0
-1.33
20.0
13.0
16.33
11.0
16.33
15.33
-4.33
14.0
6.0
11.67
-2.0
10.67
3.0
8.67
11.67
7.0
18.67
14.0
16.0
0.0
8.67
7.0
6.67
5.33
12.0
-3.0
14.0
5.33
5.67
2.67
-7.0
12.33
-0.67
6.33
5.33
-1.0
1.0
4.67
1.0
10.67
-2.33
4.0
6.67
-1.33
1.0
9.0
7.33
-2.0
4.67
2.33
7.0
-8.67
7.33
-3.67
-10.33
0.33
7.0
11.67
3.0
6.67
-4.33
6.67
6.33
5.33
5.0
1.67
12.33
-1.33
8.33
7.33
-3.67
1.0
6.0
1.0
3.33
3.67
11.67
2.67
3.67
16.33
3.67
-1.33
-3.0
2.67
0.33
9.67
-9.67
1.0
5.67
9.0
-4.0
1.0
10.0
11.0
5.67
3.33
1.0
-6.67
-0.67
9.33
-3.0
1.67
1.33
4.67
12.33
-4.33
3.33
5.33
-1.67
14.67
2.33
8.67
-7.67
-1.33
0.0
-3.33
8.33
-9.67
1.0
6.0
-1.0
-7.33
3.33
4.0
6.33
0.33
5.33
4.0
6.33
3.0
-7.33
12.0
-1.67
-1.0
2.33
-2.33
1.67
-2.0
5.33
1.33
11.0
3.67
11.33
5.0
4.0
0.33
2.0
-0.33
14.33
5.67
9.0
-0.67
-1.67
3.67
11.0
-7.33
-4.67
2.33
12.67
2.33
-5.33
0.33
0.67
10.67
-0.67
3.67
3.67
-0.67
1.0
-10.33
5.0
-2.0
3.67
-2.0
4.0
5.33
-7.0
-3.33
-0.33
-2.33
7.67
3.67
4.33
3.33
-1.33
-1.0
8.33
4.33
4.0
3.67
-6.67
0.33
-4.33
-0.33
8.33
-7.33
6.0
4.0
-0.33
0.0
-3.33
1.33
-2.0
5.33
2.67
1.0
2.33
-7.33
2.33
3.33
-1.33
-10.67
-7.33
-1.67
3.67
6.33
4.33
-0.67
8.0
2.0
2.0
5.33
9.33
-0.67
10.67
10.67
0.67
-4.33
3.67
12.67
-0.33
-6.33
-2.33
4.67
6.0
0.67
2.67
5.67
2.67
0.33
0.33
8.33
4.33
1.67
4.67
0.0
-1.33
8.0
1.67
3.33
3.67
-8.67
4.0
4.0
2.67
3.67
4.67
9.33
-5.67
9.67
7.0
8.0
8.67
-1.0
-4.67
1.33
0.0
-1.33
8.67
-0.33
2.67
3.67
2.67
5.67
4.33
-4.33
-3.33
6.0
10.0
0.0
10.33
-2.33
1.67
8.33
1.33
5.67
-1.33
3.33
-2.33
6.0
-4.0
-8.67
7.0
6.33
7.67
-0.67
4.0
-4.33
-4.33
-0.33
-3.0
4.0
-0.67
-3.67
-3.0
2.0
6.0
3.0
-4.33
-3.33
5.0
9.0
-1.0
-3.0
2.33
0.67
-2.67
3.67
1.0
4.0
8.0
-5.33
5.33
6.0
-4.0
-1.67
2.33
-3.0
-0.33
-4.0
6.0
6.0
1.0
1.0
6.33
5.33
-3.67
-4.33
3.67
6.33
3.33
-0.33
-3.33
3.33
4.67
4.0
2.67
5.67
-3.0
4.67
-0.67
-2.0
0.0
8.33
1.67
9.0
3.0
9.33
0.0
0.67
1.0
5.67
0.67
-2.33
4.67
1.0
5.0
2.0
0.0
3.33
-3.67
7.33
-2.0
-1.0
-1.67
1.0
-2.0
-1.0
-0.67
-2.67
0.33
0.0
-2.67
-6.0
0.33
2.33
-4.0
4.0
3.33
3.67
6.0
-3.33
-1.0
-7.33
-4.33
-1.33
-2.33
1.0
3.0
2.33
-4.67
-7.33
6.67
0.67
-6.0
-6.33
0.67
4.67
-1.67
-1.33
3.0
-1.67
7.0
0.0
-3.0
-4.33
2.67
5.0
0.0
-2.33
4.67
-0.33
4.33
1.67
3.33
4.0
-2.33
-0.33
2.33
-1.33
5.33
-0.67
7.33
-4.0
9.0
-3.0
4.33
