0.0
21.0
32.67
30.0
-15.0
-42.67
53.33
-6.0
-0.67
-105.67
-33.0
26.0
5.67
-45.33
-46.0
34.33
31.33
-36.33
-41.0
9.67
-2.67
5.33
-10.33
10.67
-14.0
13.0
6.33
-15.0
-14.67
5.0
6.33
5.67
0.33
-1.67
-3.0
-3.0
3.33
-3.0
1.0
-0.33
-0.67
0.33
-0.33
-1.0
1.67
-0.33
0.0
-0.33
0.0
0.0
0.0
0.0
0.0
-0.33
0.0
0.67
0.0
0.0
-0.67
0.0
-0.33
-0.33
1.0
-0.33
0.0
0.0
0.0
-0.67
-0.33
0.0
-0.33
-0.33
1.0
-0.33
-0.33
-0.33
-0.67
-0.33
0.0
-0.33
0.0
1.33
-1.33
0.33
-0.67
-1.0
0.33
0.67
-0.33
-0.33
1.67
0.0
1.67
-1.0
0.33
1.0
0.0
1.33
0.67
0.33
-2.33
1.67
0.67
-0.33
-0.67
-1.0
1.67
-0.33
-1.0
1.67
7.0
1.0
-0.67
1.33
1.67
-1.0
1.0
-1.67
-2.0
1.0
3.67
-2.33
-2.33
-1.67
-3.33
3.33
-2.0
3.0
3.33
-1.67
-0.67
1.0
0.0
-3.33
1.33
-1.0
1.33
3.0
0.33
1.0
10.0
1.0
-3.0
7.0
7.67
1.33
1.67
1.0
-1.33
0.67
2.0
5.0
-0.67
4.0
5.67
3.33
-2.0
0.0
4.33
1.67
2.67
-3.0
3.33
-1.33
1.67
-0.33
0.67
-2.33
9.33
7.67
6.33
8.33
3.0
-4.0
1.0
9.0
-0.33
1.67
3.67
-1.67
1.67
2.0
1.67
3.67
2.67
2.33
-1.33
0.67
5.33
-1.0
4.33
3.67
4.0
-2.33
5.67
6.33
6.67
5.0
-2.67
6.0
-1.0
6.33
1.33
7.0
2.33
5.0
2.67
-1.67
7.0
-2.0
1.0
3.0
8.0
-2.33
1.0
-5.0
0.0
-4.0
1.67
-3.67
-4.0
0.33
-1.67
-1.33
2.67
2.0
7.0
8.67
-5.67
-1.67
12.33
7.0
2.33
5.0
6.0
1.67
0.0
10.0
5.33
9.67
5.0
2.33
3.67
-1.33
-1.0
5.0
5.33
-1.0
5.0
-3.33
-2.33
-3.0
4.67
-0.33
4.67
-1.0
3.33
-3.67
-3.67
3.0
4.33
6.33
-1.0
-2.67
-1.0
2.33
-0.33
8.0
9.33
-6.0
0.67
2.0
3.33
6.0
1.0
1.67
4.33
2.33
9.0
5.0
0.67
10.67
1.67
0.33
1.33
0.0
5.0
3.67
9.67
2.33
7.0
1.33
4.33
0.33
4.67
-0.67
-2.33
-2.67
2.0
10.67
4.33
0.0
1.33
-0.67
2.0
-2.67
3.33
4.0
5.67
-3.0
1.67
-4.67
0.33
1.0
2.0
0.67
7.0
2.33
3.33
2.0
-6.33
-0.67
8.33
-1.0
10.33
-4.33
-0.33
0.0
-3.67
-2.67
3.0
-1.67
2.67
-0.33
2.0
3.67
3.0
-7.0
-2.33
4.0
3.33
8.0
2.67
3.67
-4.33
7.67
4.33
5.33
5.67
4.67
2.0
2.67
2.33
-3.67
2.33
-0.67
5.67
1.0
-4.67
-2.0
12.67
2.0
1.67
-4.33
1.33
0.67
5.0
-2.67
10.0
6.67
-2.67
2.67
5.67
6.67
3.67
7.0
3.0
-1.0
-3.0
4.0
0.0
4.67
2.33
-2.33
1.33
2.67
-3.33
-0.33
2.33
1.0
-2.33
-6.0
1.0
0.0
1.67
1.67
1.67
6.33
5.67
2.33
-6.33
-5.33
0.33
3.0
2.33
0.0
0.0
0.67
1.67
3.33
-1.67
-1.0
0.67
2.67
1.67
2.0
-3.33
8.0
-2.33
0.33
4.67
-0.33
-3.0
2.0
4.33
2.67
-1.67
1.0
4.33
-5.0
-0.67
3.67
-1.33
-3.0
-1.33
-1.0
0.0
0.33
-2.0
1.0
5.67
-6.67
-0.67
0.33
3.33
-3.67
3.0
-5.0
3.67
2.0
3.33
2.67
0.33
-1.67
0.33
-0.67
5.67
3.67
1.33
-2.33
3.0
-0.33
0.33
1.0
2.0
-0.67
1.0
1.33
1.67
1.67
-4.67
9.33
0.67
3.67
-5.0
-0.67
0.67
5.33
-5.67
1.0
1.33
-1.67
0.67
2.0
2.0
-1.67
2.67
7.0
-1.33
0.33
-3.0
2.33
1.0
-1.67
-0.67
0.33
-2.0
-0.33
-1.33
4.0
1.0
3.33
-3.0
0.67
2.0
-2.67
-2.67
4.0
3.33
-0.33
1.0
-2.33
-1.0
5.33
0.67
3.0
0.0
4.67
-2.33
-4.33
4.67
-1.33
1.67
3.0
0.67
-1.33
0.0
4.0
2.0
-0.67
2.67
-3.67
-4.33
0.0
1.0
2.67
-0.33
0.33
-1.0
6.33
5.33
5.0
-1.33
1.0
1.67
-1.33
1.0
4.67
4.0
-0.67
0.33
-4.0
0.67
3.67
-0.33
-0.67
2.67
-3.0
2.33
-0.67
5.0
-2.67
1.67
2.33
-1.67
0.33
0.67
-1.67
-1.0
-2.0
5.0
3.67
-1.33
3.67
-1.33
0.33
-2.33
-1.33
-3.0
-3.33
4.0
-1.33
0.67
4.0
-1.33
-2.33
-2.67
-4.67
-0.67
4.0
1.67
-2.67
-0.67
2.67
-2.0
0.67
0.0
0.0
0.67
-2.67
-3.67
-3.0
-2.67
-4.33
4.0
-4.67
-1.0
2.67
-1.67
-3.0
3.0
-2.33
4.0
2.67
-4.0
-3.0
-4.67
3.0
2.0
-1.33
1.67
-3.33
-4.0
-4.33
-2.0
1.67
4.67
0.0
-1.33
1.33
-3.33
2.67
0.67
-2.33
-5.67
2.0
1.0
-5.0
7.33
-1.33
-1.33
-4.0
-2.67
5.67
-3.0
4.0
-2.67
-1.0
0.67
0.0
0.0
2.67
-0.67
-1.0
-4.0
0.33
-1.67
-3.0
-3.67
-1.67
-4.67
2.33
1.67
1.0
2.33
-2.33
-4.0
-4.67
1.0
-2.67
-0.33
2.67
1.0
-5.33
-3.0
-1.33
-2.33
-1.67
1.0
-4.67
-1.33
-2.67
-3.0
-2.67
-3.67
-7.67
-6.0
-1.67
4.33
-7.0
-5.0
-2.67
-4.33
0.67
4.0
-3.67
1.0
0.0
-0.67
-4.33
-2.33
2.33
-0.67
-4.67
-6.33
-2.33
-3.0
-3.33
-7.33
-4.33
-2.0
-3.67
-6.67
0.33
0.0
1.67
-4.33
-10.67
-0.67
-5.67
-3.33
-1.33
1.0
-1.33
-8.67
-6.67
-1.33
-2.0
-5.33
-5.33
-2.67
1.0
-4.0
2.0
-1.33
9.33
-0.33
-2.67
-2.33
-3.0
-6.67
1.33
-3.0
-9.67
-3.0
-4.67
-1.0
-6.0
-4.0
-1.33
-4.67
-4.67
-6.67
-5.0
-0.67
-6.67
-5.33
-4.33
-5.67
-1.67
-4.33
-3.67
0.0
5.67
-4.67
-2.33
-2.67
-3.67
-11.67
-7.67
-0.67
-4.67
-8.33
-5.33
-9.67
-4.33
-6.33
1.0
-5.33
0.67
-5.67
-3.67
-4.0
-1.33
-8.0
-0.67
-1.67
-4.67
7.0
-4.0
-0.33
-3.67
-3.0
-2.0
3.0
-0.33
-0.33
-7.0
-6.0
1.0
-2.67
3.33
2.33
-6.67
-5.67
4.0
-5.33
-9.67
-4.33
-0.67
-4.67
0.67
-3.67
3.33
-1.0
-2.33
-4.33
-3.0
-1.67
-10.33
-3.67
-6.67
-11.0
8.67
5.67
7.67
-4.33
-4.67
3.67
-2.0
-1.67
-4.0
-9.0
-7.67
-0.33
0.0
2.33
-3.33
-8.33
-10.0
-1.33
4.67
2.33
-5.33
2.67
4.0
0.33
1.33
6.0
-6.67
-4.33
-2.0
1.33
5.33
-1.67
0.0
3.0
-4.0
6.33
5.33
3.67
-5.67
0.67
-6.33
1.67
-1.67
3.0
0.0
-0.33
4.67
2.33
-10.67
-4.33
-1.67
-5.33
0.67
-0.67
-3.0
-4.0
-5.0
-7.33
-1.33
2.67
5.33
-5.33
7.33
-1.67
7.0
1.33
-3.33
0.67
-1.0
6.67
-3.67
7.0
4.67
-4.67
4.0
-2.33
6.33
-6.33
-6.67
-2.67
-2.33
5.0
9.0
5.33
0.0
0.0
-1.33
-1.33
-4.0
5.0
5.67
0.0
10.67
0.0
5.67
-1.33
6.33
-1.0
5.0
9.0
3.67
3.0
12.67
14.33
9.0
23.67
24.0
15.33
24.33
40.33
41.0
20.67
24.33
44.33
26.67
20.33
23.0
12.0
18.33
19.67
22.67
1.67
15.33
8.67
11.33
12.0
14.33
6.33
5.33
5.0
0.67
7.0
12.33
7.33
0.33
-5.0
-4.67
-2.0
1.0
0.0
0.0
6.67
11.33
0.67
2.67
5.67
1.33
-9.0
-5.0
3.0
2.67
12.33
15.0
6.0
10.0
17.67
19.0
12.0
9.0
11.0
11.33
29.33
19.0
28.0
26.0
19.0
12.67
26.0
15.67
16.33
29.33
27.0
19.0
25.33
21.0
28.0
20.0
14.33
15.67
16.0
10.67
10.67
20.0
14.67
8.33
0.67
4.0
5.33
9.33
1.33
-5.0
8.67
21.0
25.67
15.67
11.0
15.67
14.67
17.33
19.0
26.0
13.0
22.33
23.67
24.0
13.33
27.33
13.67
18.0
15.0
15.0
11.0
9.67
14.0
25.0
12.0
7.67
13.33
13.0
6.67
7.0
16.67
16.67
14.33
11.0
14.33
8.0
18.67
10.0
19.67
11.67
6.0
24.33
29.67
31.67
24.0
34.33
37.0
57.33
50.0
51.33
51.0
48.33
73.33
73.33
71.0
78.0
71.67
82.33
78.67
65.33
61.67
54.33
76.0
43.0
49.67
22.67
29.67
43.33
23.67
23.33
24.67
25.67
40.33
31.0
18.0
17.0
49.0
26.33
35.33
20.67
28.67
18.67
6.67
14.67
18.33
17.33
23.0
17.67
11.33
8.0
9.0
6.0
15.0
15.0
20.67
5.33
14.0
11.0
5.33
7.0
4.33
3.33
16.0
13.33
9.67
5.0
17.67
9.0
13.67
3.0
11.33
-4.0
18.33
2.33
13.33
19.0
15.0
13.33
5.67
17.33
12.0
4.33
20.0
20.33
18.33
18.0
28.0
20.33
12.0
18.33
7.33
26.0
19.67
21.33
19.67
14.67
11.0
31.67
16.0
12.0
25.0
15.67
30.0
17.67
15.0
20.33
13.0
25.67
13.33
23.33
4.0
2.0
4.0
17.67
15.67
8.33
-4.0
13.33
15.67
18.0
11.33
16.67
25.33
30.33
43.33
46.33
48.33
35.0
57.67
52.33
94.67
89.67
125.33
141.67
149.0
167.33
179.67
194.67
223.0
242.33
237.33
219.67
249.0
237.33
242.67
216.0
234.67
171.0
178.33
143.67
109.67
136.67
107.33
80.33
69.67
66.67
54.67
27.0
37.67
30.67
36.33
38.0
21.33
29.33
31.0
29.67
37.33
37.0
29.67
17.33
38.33
32.0
32.33
38.67
29.0
41.67
45.33
39.67
41.67
72.0
51.67
48.67
37.33
43.67
55.33
43.67
51.0
48.67
44.67
34.33
39.67
53.67
50.67
45.0
40.67
43.0
44.0
39.67
40.0
41.33
42.67
30.67
43.0
40.0
39.67
40.0
49.67
39.0
37.67
39.33
31.33
28.67
33.0
30.33
23.0
16.0
18.67
19.0
10.67
15.67
12.0
4.0
14.33
19.67
6.67
2.33
13.33
3.0
4.67
18.33
14.0
21.33
1.67
18.33
7.33
6.33
5.33
2.67
17.0
5.67
-1.67
3.67
18.0
4.67
21.67
2.0
12.0
14.0
11.0
17.0
12.0
20.33
17.67
21.0
33.0
25.33
7.0
17.67
29.33
31.67
24.33
23.33
26.33
26.67
22.67
27.0
33.0
35.67
33.0
40.67
14.67
22.67
22.0
38.33
23.0
16.33
33.67
21.67
20.0
32.33
12.33
20.67
17.0
27.33
33.0
7.67
11.33
21.0
8.0
13.67
25.0
8.0
19.33
15.0
10.67
21.33
16.33
20.67
10.0
22.67
10.67
22.0
11.33
21.0
34.67
24.33
18.67
26.0
24.33
27.33
25.33
15.0
17.0
19.0
19.0
15.67
18.67
14.67
15.33
22.33
16.0
17.33
14.33
5.33
37.67
32.33
30.67
25.33
21.0
17.0
27.67
12.33
22.33
19.33
3.33
16.0
6.0
11.67
4.67
12.0
15.0
2.67
14.67
14.0
5.0
-1.67
2.67
4.67
7.0
2.33
6.33
5.0
3.33
1.33
7.67
0.0
0.33
7.67
8.33
8.33
16.0
17.0
-0.67
11.67
10.67
11.33
5.67
12.0
18.67
11.0
-1.33
8.67
5.67
6.0
4.67
4.0
-3.33
8.33
4.33
9.0
8.33
13.33
1.33
3.33
4.67
0.33
6.0
2.0
14.0
11.67
-2.33
0.0
13.67
-2.0
1.0
4.33
14.33
11.33
1.67
13.33
-9.33
3.33
0.0
-8.0
7.0
18.33
11.0
13.67
19.33
-1.0
21.67
7.0
10.0
11.67
15.33
4.33
10.67
0.33
11.67
2.33
4.0
27.33
16.67
11.0
9.67
-4.0
9.67
3.0
-2.0
6.67
5.33
-8.0
0.33
8.33
-8.33
-1.67
16.0
-0.67
-0.67
10.0
4.0
3.67
11.33
11.67
12.67
7.67
2.67
2.0
6.0
10.67
5.0
5.33
23.0
-3.33
12.33
-0.33
6.33
14.0
13.33
9.33
4.67
0.0
11.0
14.33
3.33
20.0
-0.67
3.0
-1.33
10.0
10.33
-1.0
27.33
10.33
-8.33
9.33
5.67
13.0
5.67
15.67
15.0
-6.0
0.0
12.0
12.67
7.0
11.67
2.67
7.67
11.0
1.67
-1.0
2.0
8.33
15.0
6.33
11.33
8.33
5.0
14.33
-0.67
4.0
-0.67
-4.0
11.33
5.0
16.33
7.0
10.67
2.33
5.33
10.0
13.67
4.67
6.0
17.33
12.0
-5.0
9.0
11.0
10.67
19.67
17.33
1.0
14.33
7.67
6.0
15.0
6.33
6.0
6.0
6.0
22.67
12.33
7.33
8.0
1.67
6.67
1.0
7.67
4.33
11.33
6.0
3.0
9.0
7.67
12.0
6.33
3.33
17.67
16.33
7.33
2.0
16.0
14.33
15.0
11.67
10.0
10.0
-1.67
15.0
6.33
13.33
-1.33
6.0
8.0
18.67
5.0
-0.33
10.0
4.67
14.67
8.0
6.67
1.0
8.0
13.0
13.67
5.0
6.67
11.33
14.0
13.0
9.0
-6.67
24.67
14.67
-6.0
10.33
11.33
-1.67
18.33
3.0
5.0
4.67
9.0
9.67
9.67
0.0
-1.33
-1.33
4.0
-7.0
-5.67
7.0
-1.33
-2.67
13.0
2.33
4.33
9.33
-3.33
12.33
6.0
3.67
7.0
-5.33
8.67
-12.33
0.33
-3.67
-6.0
-1.33
-0.67
2.67
8.33
1.33
6.33
-2.0
2.0
3.0
-6.67
3.67
1.67
-10.33
0.67
9.33
-6.33
6.67
5.0
-0.33
-9.67
-6.33
4.33
3.0
0.67
7.0
-4.0
-5.0
3.0
13.0
-4.33
-5.67
-13.0
1.33
5.33
4.33
-3.0
-10.33
-4.67
1.67
3.33
-7.33
-5.67
2.33
1.33
3.67
15.33
4.67
3.33
3.67
6.0
-4.33
-0.67
0.33
3.0
-2.0
-1.0
2.67
6.33
10.0
2.33
11.33
6.33
-3.0
10.33
8.0
-1.33
15.0
2.33
1.0
1.33
4.67
14.67
-5.0
-1.67
3.33
4.0
11.67
5.33
6.0
4.0
-4.67
3.0
-1.33
12.33
20.67
13.0
4.33
-2.67
14.67
5.0
-2.33
-2.67
0.33
-3.33
-3.67
-2.33
-1.67
1.67
-0.33
-0.67
12.67
2.67
5.33
-2.0
-4.33
5.0
6.0
0.67
9.0
-3.0
-2.67
-2.0
-1.33
-6.33
-5.33
2.67
2.67
0.33
-1.67
-2.33
1.0
1.33
-0.67
5.0
-0.33
-2.67
-3.67
2.67
-2.33
-3.67
-4.33
-1.0
9.0
-3.33
11.0
2.67
5.33
6.0
-1.67
-3.33
-5.0
0.33
-2.33
1.33
1.33
7.67
-1.67
-3.33
0.33
-8.33
10.33
3.33
-4.67
-2.0
3.0
6.0
3.33
1.33
6.33
10.67
-3.33
-2.33
8.67
-5.33
-1.33
0.67
-6.33
8.67
1.67
4.0
-2.33
2.67
-0.33
-3.33
12.33
-2.67
9.33
-1.67
0.67
3.67
3.0
2.67
-3.0
10.67
-1.67
4.67
8.33
7.0
3.0
3.67
4.67
3.67
6.33
-4.67
8.67
1.0
5.0
2.67
0.0
-4.67
1.33
6.0
0.67
2.67
5.67
7.67
-3.33
5.67
4.67
-4.67
-0.33
0.67
1.0
3.0
4.0
1.33
-1.33
-3.33
3.33
3.33
0.67
4.67
-1.67
6.67
-1.0
3.0
7.33
7.0
-3.67
0.67
5.33
-3.0
5.67
0.67
-2.33
-1.0
-3.0
1.33
7.33
-4.0
-2.0
2.0
6.0
1.67
-0.33
8.0
1.0
0.0
6.0
3.33
3.67
3.33
-2.33
-1.0
-2.0
5.0
-5.33
-2.67
0.0
-3.0
-1.67
-0.67
5.0
14.67
7.0
8.0
3.0
0.0
0.0
4.33
4.33
5.33
1.67
2.67
0.33
0.33
1.67
-0.33
7.33
9.67
-2.0
3.67
2.67
5.0
5.67
0.33
-3.0
-2.0
2.33
-0.33
0.0
0.0
9.33
0.0
4.67
-5.0
-0.33
4.67
-0.33
3.67
10.0
8.0
1.0
6.0
4.33
0.33
8.33
2.0
0.0
-0.67
2.0
6.0
-1.0
1.33
-3.67
-7.67
8.0
3.33
-2.0
3.33
-7.67
-1.0
-1.0
7.33
1.67
-3.0
3.67
6.0
-1.33
3.67
8.67
5.67
5.0
4.0
2.33
3.33
-4.33
-3.33
1.67
4.0
7.67
4.67
0.67
0.33
-2.33
4.0
3.33
4.0
7.0
-3.0
-2.33
-2.33
1.0
-1.0
-1.33
-4.33
1.67
-3.67
5.67
-3.67
0.0
-2.33
1.67
4.33
-0.33
3.33
1.33
-6.67
1.0
6.0
-5.0
3.33
