0.0
29.0
55.67
39.0
-74.0
-9.67
26.33
-12.0
99.33
-6.67
-5.0
-45.0
10.67
62.67
26.0
40.33
40.33
-4.33
-3.0
-35.33
26.33
10.33
-2.33
-5.33
17.0
1.0
0.33
-15.0
-12.67
5.0
5.33
5.67
-0.67
3.33
-3.0
-5.0
2.33
1.0
-2.0
0.67
2.33
0.33
1.67
0.0
0.67
-0.33
0.0
-0.33
0.0
0.0
1.0
2.0
0.0
-0.33
0.0
-0.33
0.0
-1.0
-0.67
0.0
-0.33
-0.33
0.0
-1.33
1.0
0.0
-1.0
-0.67
-0.33
1.0
-0.33
-0.33
0.0
-0.33
-0.33
0.67
-0.67
-1.33
3.0
-0.33
1.0
-0.67
-0.33
0.33
-0.67
-1.0
-0.67
-0.33
0.67
0.67
-0.33
-1.0
0.67
-1.0
1.33
0.0
1.0
1.33
-0.33
1.33
-1.33
2.67
0.67
2.67
1.33
1.0
-1.33
0.67
-1.0
1.67
0.0
1.0
0.33
1.33
2.67
-3.0
0.0
1.33
0.0
-2.0
6.67
-2.33
1.67
0.33
-1.33
4.33
-2.0
-2.0
0.33
-1.67
6.33
-2.0
2.0
-0.33
4.33
2.0
1.33
2.0
3.33
8.0
-1.0
4.0
-1.0
3.0
4.67
0.33
4.67
2.0
-2.33
-0.33
0.0
4.0
-2.67
6.0
2.67
-3.67
5.0
-4.0
-0.67
2.67
5.67
-4.0
6.33
-1.33
0.67
-0.33
6.67
-3.33
3.33
6.67
0.33
2.33
-1.0
2.0
2.0
7.0
1.67
3.67
-1.33
-1.67
0.67
-1.0
-3.33
-0.33
1.67
0.33
3.67
2.67
11.33
1.0
5.33
6.67
-3.0
4.67
1.67
3.33
8.67
4.0
0.33
1.0
9.0
-1.67
1.33
3.0
3.33
2.0
9.67
-0.67
2.0
-6.0
2.0
4.0
6.0
4.67
7.0
-2.0
3.0
4.0
7.67
1.33
-2.0
3.33
4.33
1.67
5.67
2.0
0.0
-1.33
0.33
-2.67
-4.67
2.0
7.33
-5.0
5.0
-0.33
1.0
2.0
1.33
-2.33
6.0
-0.67
5.67
1.67
9.0
5.0
4.33
1.0
0.0
-2.33
6.67
0.0
1.67
-2.33
-2.33
5.0
8.33
5.33
1.33
2.0
5.33
-2.67
0.0
1.33
-4.0
1.33
0.67
4.0
6.33
-5.0
-3.33
0.0
-3.67
-3.0
-3.0
0.67
-1.67
2.33
3.0
4.0
2.67
3.67
2.67
-0.67
1.33
3.0
2.0
8.67
2.67
0.33
2.0
7.33
1.33
-0.67
3.67
1.33
-2.33
-2.67
-3.0
-0.33
-3.67
2.0
1.33
0.33
2.0
5.33
8.33
-2.0
7.67
6.0
-0.33
0.33
-5.67
2.0
0.0
0.67
-2.0
6.33
3.33
1.0
-2.33
0.33
0.33
-1.0
9.33
-6.33
2.67
10.0
0.33
2.33
0.0
-1.67
5.67
-1.33
1.0
6.67
2.0
-3.0
1.67
3.0
-0.67
-1.0
1.67
2.67
0.67
-0.33
-4.67
-0.67
-0.33
3.67
9.0
2.67
2.33
-0.67
-4.67
1.33
5.67
-1.0
0.33
1.0
-0.33
1.0
-2.33
0.67
4.33
0.67
4.0
3.33
3.0
-0.33
2.33
8.67
1.67
-1.33
3.67
-2.0
-2.0
2.0
3.0
-1.0
14.0
1.67
9.33
-1.33
-7.67
-0.33
-1.33
0.67
4.33
4.0
-2.33
-2.0
0.0
-2.0
0.67
-3.33
2.67
7.33
-1.33
0.33
-4.33
4.67
1.33
4.0
-2.67
0.0
0.0
9.67
-1.33
1.33
-2.67
-6.0
6.67
-0.33
-0.33
-1.0
-0.33
1.0
-2.33
0.33
1.67
-1.33
-1.0
2.0
1.33
8.67
2.33
-3.0
1.33
-1.0
3.33
-1.33
1.67
0.0
5.67
5.0
-2.0
3.33
-2.0
1.0
1.67
-7.67
-0.67
0.33
2.33
-1.67
1.0
-4.0
6.67
2.0
-2.67
2.67
0.33
2.33
-2.67
-3.67
2.67
2.67
1.33
-2.33
2.0
-2.33
0.33
3.0
2.0
-1.67
1.0
-1.67
2.67
-2.33
-6.67
7.33
-0.33
3.67
-2.0
2.33
4.67
5.33
0.33
-1.0
1.33
0.33
-2.33
0.0
2.0
2.33
-1.33
3.0
2.67
4.33
0.0
1.33
-3.0
-1.67
2.33
2.33
1.0
4.67
-3.33
3.0
2.0
2.33
1.0
-3.33
-2.0
-2.67
-2.67
9.0
-1.67
-1.33
-1.0
-5.33
-5.0
0.33
-2.33
1.0
4.0
0.67
-2.33
3.67
7.67
-0.33
-3.33
3.0
-0.33
1.67
-7.0
0.0
2.0
-2.67
-4.33
0.33
-3.33
0.0
3.0
-0.33
0.67
2.33
0.0
3.33
0.33
-2.0
-0.33
1.0
2.67
-4.33
4.0
-3.33
2.0
3.33
-0.67
0.0
0.67
0.67
-2.33
2.33
0.67
-5.0
1.33
-0.67
0.0
-4.67
1.67
7.33
-0.67
-2.67
0.67
-2.67
0.0
-2.0
4.0
3.67
8.67
3.67
-2.33
1.33
3.67
-0.33
-2.0
2.67
1.0
-1.33
-0.33
1.0
-1.33
0.67
-1.67
-1.67
0.33
5.0
1.67
4.33
2.33
0.67
-1.0
-2.33
0.0
3.0
-1.33
3.33
-1.67
0.0
-2.67
-1.33
3.0
-1.67
0.0
1.67
5.33
3.0
-1.0
-3.33
0.0
2.67
0.0
3.0
-1.67
-1.0
1.0
-5.33
-0.33
0.67
-3.0
0.67
3.0
-0.33
0.67
-1.0
-0.33
0.33
-0.33
2.67
1.67
-1.33
-2.67
0.0
-1.0
-1.0
-3.67
-3.33
-0.33
-3.0
3.33
-1.33
2.0
-1.0
-4.67
0.0
-3.33
-3.0
-4.0
2.67
0.33
-3.0
-1.0
-0.67
1.33
-8.0
-7.67
-5.67
0.33
-0.67
-2.33
-1.0
-2.67
-3.33
1.0
-5.67
-3.0
-1.67
-3.33
0.67
1.0
-2.33
-3.0
-2.33
-2.33
-0.67
2.0
-4.67
-1.33
-1.67
-1.0
0.33
-5.67
-5.67
-1.0
-1.67
-4.67
-3.0
-5.0
-0.67
-4.33
-2.33
-6.0
-5.67
-2.0
-1.0
4.33
-3.33
0.67
2.33
6.33
-0.67
-4.33
-1.33
-1.0
-4.33
1.67
0.67
-1.0
-4.67
-5.67
0.33
-3.0
-1.33
-6.33
-6.67
-1.67
-0.67
-5.33
-2.33
-1.0
2.67
-1.67
-4.67
-2.33
-1.0
-3.33
-9.33
-5.67
-1.0
-2.0
-2.0
2.67
1.33
-0.33
-3.67
0.67
-6.0
-6.67
-0.67
-1.0
-6.67
0.0
-6.67
-2.0
0.0
0.0
3.67
-4.67
-1.67
-9.67
-5.0
-2.67
-4.67
-3.33
-2.33
-3.67
-3.67
0.67
-1.67
-5.0
1.67
-0.67
-3.33
-5.67
-8.67
-1.67
-6.67
3.33
-7.67
3.67
-1.33
2.33
-10.33
-5.33
1.0
-6.33
2.67
-4.67
3.33
3.0
4.67
-1.0
5.33
1.33
-0.67
1.0
-7.0
3.67
-5.67
-4.0
-8.0
3.0
-5.33
-1.33
-9.0
6.0
-2.0
2.33
6.33
-3.67
-7.67
-3.67
1.0
-7.33
-8.67
-3.33
-5.67
-1.67
-1.33
-1.67
-3.67
-6.0
-5.33
-5.33
-1.0
0.33
-7.33
-0.67
-2.67
-6.0
-4.33
-4.33
-0.33
-7.33
-1.67
-0.33
-7.0
0.33
-14.0
-5.0
1.33
-0.33
2.0
0.33
-4.33
-7.33
-1.0
0.67
-3.33
4.33
1.67
3.67
-6.0
3.33
-2.67
-11.0
-3.67
1.67
0.0
2.33
-1.67
5.33
-1.0
-2.0
-4.0
2.33
-2.67
4.67
-4.67
-2.33
-7.33
9.67
-0.67
3.0
1.0
-1.33
7.67
3.33
2.33
-2.33
0.33
1.67
3.67
2.33
-5.0
-8.0
-5.0
-1.33
-1.33
4.67
7.33
4.67
1.33
1.33
9.0
0.33
1.67
-3.33
1.0
5.67
-12.67
3.0
2.67
3.33
11.0
-1.33
0.33
8.67
-1.67
1.33
1.67
-1.0
-1.0
0.33
-1.0
3.0
-4.33
-7.33
-2.0
3.0
10.67
2.0
4.67
-3.0
4.67
6.67
8.33
1.0
12.0
14.0
5.67
4.0
2.67
7.33
9.0
11.67
22.0
32.33
34.33
36.33
42.0
41.67
69.33
52.33
55.67
66.33
59.0
78.0
62.33
61.67
41.67
43.67
47.33
39.67
45.33
23.0
11.33
16.33
10.33
10.0
5.67
6.0
6.33
-1.67
-1.67
-4.0
0.33
1.0
15.0
0.0
2.0
-0.33
7.33
10.67
-3.33
8.67
3.33
-2.0
5.0
9.0
1.67
-0.67
6.0
8.0
10.0
2.67
10.0
16.0
21.0
6.0
14.33
27.33
17.0
18.0
27.0
17.0
29.67
16.0
15.67
35.33
18.33
33.0
19.0
14.33
26.0
16.0
7.0
1.33
2.67
9.0
10.67
3.67
2.0
1.67
0.33
-2.33
2.0
11.33
-6.67
2.33
1.0
13.67
7.0
6.67
5.67
15.0
9.67
11.67
16.33
9.0
24.0
8.0
12.33
3.67
1.0
8.33
20.33
7.67
5.0
5.0
17.0
13.0
7.67
13.0
15.0
10.0
9.67
11.33
6.0
7.67
7.0
14.67
12.67
7.33
19.0
11.33
6.0
19.67
14.0
17.67
11.67
18.0
30.33
19.67
33.67
46.0
29.33
33.0
52.33
52.0
33.33
48.0
64.33
47.33
66.33
64.0
81.0
65.67
72.33
61.67
71.33
59.67
53.33
50.0
48.0
43.67
22.67
43.67
33.33
22.67
24.33
16.67
28.67
37.33
26.0
31.0
13.0
34.0
25.33
27.33
19.67
34.67
29.67
31.67
46.67
30.33
44.33
34.0
33.67
27.33
24.0
20.0
20.0
21.0
14.0
25.67
21.33
17.0
17.0
12.33
21.0
0.33
10.33
12.0
15.33
1.67
10.0
3.67
14.0
18.67
13.0
16.33
6.0
12.33
8.33
14.33
4.0
9.0
25.33
8.67
5.33
13.0
10.33
15.0
19.33
12.33
8.0
7.0
14.33
21.0
14.33
14.33
19.0
13.67
13.33
28.67
4.67
30.0
25.67
24.0
20.0
25.0
30.67
24.0
22.67
14.0
30.33
22.0
19.67
19.33
11.33
7.0
24.0
9.0
19.67
20.67
9.33
10.0
24.33
18.67
19.0
5.33
30.67
35.33
50.33
39.33
50.33
92.33
66.0
93.67
98.33
136.67
141.67
171.33
177.67
197.0
247.33
245.67
300.67
269.0
289.33
336.33
338.67
317.0
322.33
300.67
277.0
297.67
289.0
217.33
219.67
198.67
195.67
140.33
103.33
116.67
89.67
92.67
41.0
50.67
42.67
50.33
45.0
29.33
14.33
27.0
21.67
26.33
38.0
28.67
26.33
23.33
30.0
21.33
31.67
33.0
47.67
47.33
51.67
65.67
56.0
61.67
61.67
45.33
40.67
51.33
57.67
77.0
59.67
47.67
47.33
47.67
43.67
46.67
41.0
38.67
54.0
39.0
42.67
40.0
46.33
57.67
32.67
44.0
41.0
50.67
40.0
40.67
36.0
33.67
45.33
43.33
28.67
32.0
31.33
24.0
32.0
25.67
25.0
18.67
18.67
35.0
21.0
24.33
17.67
15.67
21.33
15.33
17.0
3.67
17.33
-1.0
15.33
4.67
18.33
11.33
12.33
4.33
6.67
8.0
3.67
16.33
18.67
8.0
2.67
20.67
2.0
5.0
5.0
15.0
11.0
9.0
16.33
7.67
17.0
15.0
14.33
17.0
16.67
26.33
40.67
26.33
10.33
13.33
13.67
24.67
43.0
24.0
25.67
31.0
26.67
26.67
27.67
32.0
33.33
29.0
36.33
19.67
13.67
18.0
37.33
25.33
20.67
28.0
29.33
15.0
26.67
22.33
33.0
12.0
19.67
5.0
1.0
15.33
26.0
14.67
4.33
4.33
2.67
12.0
7.67
16.67
21.0
46.33
25.0
44.67
21.33
16.67
22.0
19.33
14.33
33.33
24.0
26.0
26.0
12.0
15.67
21.67
11.67
20.33
18.33
8.0
25.33
26.33
7.33
31.67
23.33
21.67
19.33
14.0
17.0
25.67
17.33
19.33
16.33
23.33
21.0
19.0
8.67
6.67
3.0
9.0
9.67
10.67
13.0
10.0
-1.67
-10.33
6.67
6.0
9.33
8.33
5.0
10.33
9.33
8.67
-2.0
4.33
1.67
27.33
11.33
10.0
19.0
7.33
6.67
6.67
10.33
13.67
5.0
8.67
7.0
4.67
-1.33
13.67
0.0
14.67
-3.0
-2.33
2.33
8.33
8.0
9.33
12.33
7.33
3.33
2.67
2.33
-1.0
-4.0
8.0
14.67
2.67
9.0
9.67
11.0
14.0
6.33
-0.67
9.33
0.67
7.33
-0.33
-1.67
7.0
-4.0
15.0
-0.67
10.0
0.67
3.33
3.0
12.67
1.0
13.0
11.67
5.33
3.33
0.67
4.33
8.67
7.33
-9.0
11.33
4.67
23.0
-1.33
1.0
9.67
4.0
8.0
-4.33
1.33
1.0
7.33
-0.67
-3.33
8.33
15.0
6.33
11.33
15.0
4.0
2.67
6.33
-11.33
12.67
3.67
17.67
-6.0
1.0
8.67
-6.0
7.33
-1.0
4.67
5.33
3.67
15.33
-1.0
5.33
-1.67
10.67
0.0
-11.0
14.33
4.33
7.0
-7.67
11.0
9.67
1.0
6.33
2.0
9.33
8.33
-1.33
6.33
27.67
16.0
13.67
24.67
13.0
3.0
3.0
-1.0
-3.33
14.0
16.67
13.67
11.67
9.0
-0.33
-8.0
12.0
11.33
14.0
5.33
20.33
18.33
8.0
5.33
5.33
13.0
14.33
13.0
8.33
-5.0
8.33
-2.0
12.67
0.33
9.33
4.0
-3.33
2.67
4.0
10.33
-1.0
4.0
-1.0
1.0
7.67
16.67
8.33
21.0
13.33
9.67
8.0
7.0
5.33
5.0
7.0
7.0
2.67
14.33
3.33
7.0
3.67
10.67
8.0
6.67
29.33
8.33
13.0
3.0
11.0
0.67
5.0
5.33
9.33
21.67
21.33
-0.67
11.0
15.0
10.33
16.0
10.67
13.0
2.0
3.33
10.0
17.33
20.33
17.67
13.0
10.0
-4.33
18.0
6.67
10.0
14.67
9.67
12.0
11.67
7.0
14.0
8.0
16.67
19.0
-0.33
-1.67
8.0
15.0
8.0
11.33
19.67
13.67
10.0
9.33
5.33
12.33
10.33
15.0
3.0
1.67
8.0
-1.33
1.67
4.0
-5.33
7.67
5.0
5.0
-8.67
8.0
0.67
9.33
21.0
-3.67
8.33
11.33
0.67
8.33
5.0
9.67
-7.0
-6.33
4.67
1.67
7.33
0.33
-3.0
16.67
6.33
-0.33
-6.67
3.33
6.33
0.0
-1.0
1.0
0.33
7.67
5.67
-5.33
-9.33
5.33
-0.33
7.67
11.0
0.67
5.33
0.67
-8.67
1.0
0.67
-2.0
-8.0
-9.0
-3.0
1.0
5.67
6.33
-4.0
4.33
5.33
8.33
4.0
0.67
-5.67
8.67
5.33
8.67
7.33
1.33
4.33
14.67
5.33
8.67
-3.67
-5.33
4.0
-6.33
-3.67
7.33
6.0
8.0
0.0
-2.33
-2.67
2.0
-1.67
2.33
-1.67
1.0
6.33
5.0
-2.33
15.0
8.33
0.0
-0.67
0.67
5.67
0.0
12.33
-6.67
6.0
0.67
9.33
0.0
0.0
9.33
8.0
2.67
9.33
12.67
4.0
5.33
-1.67
14.67
8.0
-9.33
0.33
4.33
5.67
11.33
9.67
-2.67
-0.33
0.67
3.33
10.67
-0.33
-6.67
5.0
-2.33
11.0
7.0
1.67
5.0
0.0
3.33
1.0
-2.33
3.67
0.67
5.67
7.67
-1.67
4.33
-0.33
3.0
7.33
3.33
5.0
3.67
11.33
-4.67
2.67
6.67
1.33
-6.33
4.0
15.0
5.67
1.0
4.67
-5.67
4.0
3.33
4.67
5.0
-3.67
-1.33
4.33
11.33
4.67
-1.67
-12.33
6.33
-2.33
0.33
-1.67
0.33
-2.0
7.0
4.0
8.33
3.33
-3.67
12.67
0.67
0.67
-4.33
-4.33
2.67
-4.33
-3.33
-2.33
9.67
-3.0
-3.33
2.67
6.67
1.67
8.33
6.33
16.33
-3.67
4.67
5.67
7.0
7.67
6.0
13.67
4.33
6.67
-1.67
2.0
-1.0
13.67
2.67
4.67
11.33
5.33
-1.33
5.0
4.0
2.67
-3.0
0.33
4.33
-2.0
6.67
1.67
10.67
10.67
5.67
3.67
4.67
-4.67
3.67
-0.33
-1.0
4.0
2.0
5.33
3.67
2.67
-3.67
0.33
2.67
5.67
-1.67
9.67
3.0
3.0
7.33
9.0
-4.67
5.67
4.33
1.0
2.67
-1.33
-1.33
2.0
-3.0
2.33
0.33
5.0
4.0
2.0
2.0
-0.33
-3.33
2.0
4.0
-3.0
7.0
-2.67
3.67
3.33
7.67
-6.0
0.0
1.0
-1.33
0.33
1.0
2.0
-4.67
2.33
3.0
3.67
-1.0
5.0
-2.0
0.0
2.0
3.33
5.33
3.33
4.67
8.67
0.33
3.33
4.67
2.67
7.33
-0.33
-1.0
-2.33
2.67
1.0
-0.33
3.33
2.0
-4.0
-3.67
4.67
-4.0
-2.0
1.33
3.0
1.67
-2.0
7.67
3.67
-2.33
5.67
14.0
1.0
6.0
3.0
4.33
2.33
6.33
-3.0
5.0
-1.67
-1.0
7.0
-1.0
-4.67
2.33
-6.67
9.0
4.33
10.0
5.33
-4.67
2.0
-2.0
2.33
8.67
2.0
3.67
3.0
-1.33
-2.33
6.67
-3.33
-2.0
9.0
5.33
5.33
-7.33
0.67
-0.33
0.0
1.67
9.67
-0.33
1.33
-2.33
1.0
-3.67
5.0
2.0
-2.0
-2.33
-3.33
0.0
-1.0
-4.33
0.67
4.67
0.33
2.67
0.33
-3.0
2.67
-1.33
0.33
-1.33
3.33
2.33
-2.67
-1.0
-2.0
-6.0
1.33
