0.0
70.0
23.67
10.0
50.0
2.33
-54.67
0.0
-23.67
-52.67
-40.0
-50.0
-83.33
-20.33
18.0
-56.67
1.33
-46.33
-54.0
-10.33
-7.67
-14.67
-36.33
1.67
-14.0
-7.0
8.33
-12.0
5.33
2.0
9.33
-6.33
-0.67
-3.67
-3.0
-2.0
2.33
-1.0
-2.0
-0.33
-0.67
0.33
-0.33
0.0
-0.33
1.67
0.0
-0.33
1.0
0.0
1.0
0.0
0.0
-0.33
0.0
0.67
0.0
-1.0
-0.67
0.0
-0.33
0.67
0.0
-0.33
0.0
0.0
0.0
1.33
0.67
1.0
-0.33
-0.33
0.0
0.67
-0.33
-0.33
-0.67
-1.33
0.0
-0.33
1.0
0.33
-1.33
0.33
-0.67
-1.0
1.33
-0.33
-0.33
-0.33
-1.33
1.0
-0.33
-1.0
-0.67
1.0
2.0
-0.67
0.67
2.33
-0.33
-0.33
0.67
2.67
-1.67
-1.0
-0.33
1.67
-2.0
2.67
0.0
1.0
0.33
1.33
-0.33
-1.0
0.0
1.33
-2.0
-1.0
0.67
-3.33
0.67
-1.67
-2.33
1.33
-3.0
6.0
-0.67
2.33
2.33
-2.0
5.0
1.67
3.33
2.0
4.33
1.0
0.33
3.0
1.0
1.0
-2.0
2.0
3.67
1.33
1.67
-2.0
5.67
-0.33
3.0
-6.0
-2.67
5.0
1.67
3.33
-2.0
6.0
1.33
-3.33
1.67
3.0
0.33
5.67
6.67
3.67
4.67
-0.33
2.33
2.67
-0.67
5.33
4.0
-3.0
2.0
-1.0
1.67
1.67
6.67
3.33
-1.33
5.0
1.67
4.67
-2.33
-0.67
1.67
-1.33
1.33
-3.0
6.33
-6.33
3.0
0.67
-0.33
3.33
3.67
8.0
7.33
7.0
9.0
-2.67
3.33
1.0
9.33
3.0
-3.33
0.33
-1.0
2.0
-5.0
3.0
2.0
7.67
7.0
1.0
2.0
-2.0
-2.33
5.33
0.0
3.33
1.33
-4.33
8.67
0.0
3.0
7.67
-0.67
-1.67
-0.67
1.0
3.33
-1.0
-1.0
1.67
10.0
5.0
4.33
3.67
2.0
4.33
0.67
5.67
3.0
-5.0
9.33
5.0
1.0
2.67
3.67
0.0
4.67
4.67
1.67
0.0
7.33
0.33
1.33
5.0
0.33
-0.67
-1.0
6.33
-3.0
-3.67
-3.33
-3.0
-2.67
-7.0
6.67
-1.0
3.33
3.0
-7.0
1.67
7.33
2.33
-3.0
1.0
4.67
-0.33
5.67
-2.67
8.33
1.0
3.0
2.67
1.67
8.33
7.0
4.33
0.33
1.33
0.67
3.33
5.67
-0.67
1.0
0.67
0.33
6.0
3.33
4.33
-2.0
-0.67
2.33
-3.0
0.67
0.0
-0.33
1.33
2.33
4.0
-1.0
1.67
3.0
-5.67
-5.67
8.0
-7.33
-5.67
5.33
2.0
-2.67
-8.33
6.67
1.0
-2.67
-1.67
-4.0
3.33
7.67
-4.33
3.0
-0.33
4.0
-5.0
-0.33
2.0
3.33
10.0
1.67
2.67
1.67
0.67
1.33
2.33
4.67
2.67
7.0
3.67
6.33
2.33
1.33
3.33
-0.33
-1.0
3.33
-2.0
0.67
-4.0
-4.33
6.67
-0.67
4.67
3.0
1.33
4.0
7.67
0.33
2.67
2.67
-3.33
7.67
3.0
-4.0
1.0
8.0
-1.0
-5.0
2.67
-1.67
2.67
1.33
-0.33
4.67
0.67
1.33
5.0
-1.33
-4.0
-1.0
1.0
-1.33
-2.33
6.67
6.33
-2.33
8.33
-1.33
0.67
1.33
2.0
-3.67
-1.0
0.0
3.67
-5.33
-0.67
-3.67
2.0
3.67
6.67
-0.33
-1.0
-4.33
2.0
3.67
2.33
-0.33
1.67
3.0
0.0
0.33
4.67
-2.67
-3.0
7.33
-3.0
-2.67
-0.33
-1.33
-3.0
-1.33
-3.0
1.0
3.33
1.0
-1.0
3.67
-2.67
4.33
6.33
-2.67
0.33
-2.0
-2.0
1.67
-6.0
-1.67
1.67
8.33
0.33
4.33
-2.67
6.67
4.67
3.33
-0.33
5.0
0.67
1.33
2.0
-1.0
-0.67
2.0
-0.67
0.67
-2.33
-2.67
1.33
1.67
1.67
1.0
-0.67
-0.33
-1.67
-0.67
5.0
2.33
-0.67
-0.33
-2.0
2.0
-0.67
0.67
7.0
2.67
8.33
-5.0
-4.67
-1.0
-0.67
1.33
-3.67
3.0
4.67
-2.33
0.0
7.0
3.33
6.0
-4.33
0.0
1.33
-2.67
1.0
0.33
0.67
4.0
-5.33
3.0
-1.67
7.67
2.0
-2.0
0.67
-2.33
-4.33
4.67
2.67
-2.33
3.0
-1.33
1.67
-3.0
-1.0
5.0
-4.67
-0.33
4.33
-4.33
1.0
2.0
-2.33
-4.33
-2.67
-2.0
-1.67
-2.67
2.0
3.67
-1.0
1.67
-3.33
2.0
1.67
2.0
3.33
-1.67
-2.0
0.67
-1.33
-1.33
4.33
-2.33
-1.0
3.33
1.33
5.0
-2.67
-1.33
4.33
1.33
3.33
-0.33
1.33
-4.0
-2.0
-2.0
-2.33
2.67
1.67
-5.33
-2.67
1.67
0.67
2.0
-1.33
3.0
-1.33
-4.33
3.0
-0.33
-0.33
2.33
3.33
-2.67
2.0
0.67
3.33
3.33
0.67
-3.0
-3.33
-1.0
0.0
0.67
0.33
0.33
0.0
1.33
-3.33
1.0
0.33
2.0
1.67
6.33
0.0
1.0
-2.33
3.0
-2.33
-4.0
1.0
-1.67
-1.0
0.0
-4.33
-0.33
1.67
-5.0
-1.33
0.0
-0.33
4.67
0.0
-2.33
0.33
-1.33
4.67
3.67
3.67
0.33
1.0
2.0
-1.0
2.33
-0.33
-3.33
-3.0
-1.67
-2.33
-5.0
0.0
0.33
1.0
-0.33
0.0
-4.0
-0.33
1.33
4.0
-3.0
-3.67
-2.67
-2.0
-2.67
-2.67
-2.67
-1.67
-3.33
-1.0
-1.67
2.67
-1.0
-0.67
-2.0
-6.67
-3.33
-1.33
-2.0
-1.33
-3.0
1.67
-0.33
-3.67
-2.0
-1.67
-1.33
-3.67
1.0
-1.67
0.33
-3.67
-4.0
-5.67
-2.67
-6.0
3.0
-3.67
-0.33
0.67
-1.0
-0.67
-4.0
-5.0
3.33
-4.33
-4.33
4.33
-0.67
1.33
-0.33
-5.33
-1.0
-2.33
-4.33
-0.33
0.0
-2.67
-4.67
-1.67
6.0
-1.33
-3.33
-5.67
-3.67
-2.67
-4.33
-4.33
1.0
2.67
1.33
-1.67
-2.33
0.0
-1.33
-0.33
0.33
-4.0
-5.0
-2.0
-0.33
-0.67
-2.33
-1.67
-6.33
-3.0
-7.67
-5.67
-5.0
-5.67
-5.0
0.33
-7.0
-6.0
-7.0
-0.33
-6.67
0.33
-6.67
-2.0
3.33
6.33
-0.33
-3.33
-3.67
-2.67
1.67
3.33
1.0
6.67
-4.67
-0.33
-2.67
-3.67
-0.67
-2.67
-0.67
-5.67
-2.33
-0.33
-7.67
-6.33
-6.33
-1.0
-8.33
2.67
0.33
2.33
0.0
-2.33
-7.0
-2.67
-2.67
-4.67
-2.0
-8.0
-0.33
-2.67
-2.0
4.0
3.0
1.67
-6.33
-4.0
-5.0
-2.0
-4.67
-1.67
-3.67
-4.67
-7.67
2.0
-1.33
-11.67
4.67
-5.67
-5.67
4.67
-1.67
5.33
-6.0
-2.33
-2.33
4.0
3.33
-3.33
-0.67
-1.67
-9.0
-2.33
-1.33
-3.33
-4.33
-5.67
-3.33
7.0
-3.67
-7.0
-9.0
-7.67
-1.33
2.0
3.33
-11.33
-6.33
-10.0
-8.33
2.67
0.33
1.67
5.67
4.0
-4.67
-1.67
6.0
4.33
-2.33
1.0
-7.67
0.33
-2.67
-5.0
2.0
-8.0
1.33
-2.67
1.67
-5.67
3.67
0.67
-0.33
-8.67
-6.0
-3.0
-5.33
9.67
-1.67
-2.67
3.67
3.33
5.67
0.67
-1.67
-4.0
5.0
1.0
1.67
1.67
-2.33
-1.67
2.67
5.33
-7.67
11.0
4.33
3.67
-0.33
-4.0
-1.33
-5.67
5.0
10.67
2.33
3.0
6.67
6.33
-0.33
-0.67
-9.67
4.67
-10.0
-8.0
-6.67
0.0
-4.0
0.67
1.67
-8.0
12.0
-2.33
2.0
2.67
-2.0
-4.33
-6.33
2.33
7.0
8.0
6.0
-0.33
3.0
17.67
16.33
27.0
21.67
48.0
48.33
56.33
59.33
78.0
70.67
73.33
72.33
69.67
90.33
64.0
67.0
76.33
56.67
52.67
38.67
57.33
42.67
23.33
30.0
16.33
14.33
10.33
7.0
10.67
1.0
9.33
6.33
-5.67
0.0
0.33
-6.0
17.0
3.0
0.0
5.67
4.33
2.67
5.67
3.67
3.33
6.0
-2.0
5.0
1.67
8.33
-2.0
2.0
11.0
2.67
-8.0
3.0
12.0
8.0
0.33
14.33
17.0
16.0
9.0
1.0
13.67
10.0
1.67
20.33
13.33
10.0
12.0
15.33
11.0
20.0
-1.0
2.33
10.67
4.0
5.67
4.67
-6.0
-0.33
-4.67
0.67
-5.0
1.33
9.33
3.33
-10.0
8.67
-3.0
7.67
3.67
13.0
0.67
6.67
16.33
19.0
8.0
6.0
8.33
19.67
14.0
1.33
22.33
35.67
30.0
33.0
49.0
42.0
45.67
62.0
54.0
43.0
69.67
52.33
66.0
66.67
63.0
56.67
56.67
77.33
72.0
79.33
84.0
93.67
72.0
72.67
69.67
68.0
56.33
48.67
79.67
50.0
59.33
61.0
51.33
54.0
42.33
44.0
67.33
71.33
69.33
86.0
78.0
64.67
48.33
64.67
72.33
57.67
72.33
55.0
55.0
66.67
43.67
54.67
35.33
30.67
48.33
56.67
37.67
38.33
50.0
43.0
46.0
34.0
33.33
37.33
32.67
42.67
33.67
33.67
33.67
35.33
22.33
26.0
20.67
13.33
22.0
16.0
2.0
12.0
10.0
11.67
21.33
5.0
7.0
12.33
7.0
1.33
11.33
12.0
9.33
6.67
4.0
8.67
8.0
10.67
10.0
14.33
4.0
7.33
6.33
17.33
2.0
2.0
17.33
2.67
6.33
3.0
8.33
14.0
18.33
27.33
14.0
18.0
9.33
13.0
13.33
13.33
13.0
20.67
8.33
30.67
10.67
13.0
26.67
5.0
11.0
19.0
6.67
18.0
22.67
18.0
23.33
11.0
8.67
12.33
10.33
24.0
6.0
12.0
7.67
14.67
13.33
9.0
32.33
13.67
14.0
30.33
38.67
55.33
71.33
86.33
115.33
129.33
112.0
164.67
206.33
216.67
238.67
246.33
227.67
277.0
256.33
247.67
233.67
205.0
165.33
162.33
143.67
119.0
96.33
88.67
91.0
68.67
60.0
57.33
64.67
62.67
53.67
58.33
62.33
50.67
32.67
36.67
34.0
43.67
21.67
52.33
30.0
31.33
31.33
38.0
35.67
17.33
19.0
21.67
28.33
42.33
31.0
29.33
37.67
31.0
33.67
40.33
31.67
31.67
34.0
38.67
38.67
35.33
33.67
50.33
30.67
40.0
29.67
41.67
55.33
49.67
32.67
46.67
35.0
35.67
38.0
41.0
34.67
46.0
33.33
37.67
30.67
40.0
43.0
44.67
47.0
41.67
43.0
50.67
34.33
18.33
31.67
26.0
32.33
27.0
28.0
26.67
28.0
9.67
7.67
12.0
19.0
8.33
10.67
6.67
7.33
10.33
13.0
17.67
10.33
3.0
22.33
-2.33
11.33
5.33
-3.67
4.33
9.67
14.0
17.67
6.33
10.67
28.0
6.67
25.67
-4.0
16.0
5.0
6.0
9.0
8.0
19.33
27.67
17.0
16.0
21.33
8.0
18.67
27.33
15.67
36.33
6.33
23.33
40.67
22.67
25.0
24.0
35.67
25.0
35.67
24.67
23.67
25.0
27.33
22.0
21.33
34.67
28.67
24.0
39.33
20.33
24.67
35.0
40.33
31.0
22.67
21.33
21.0
39.0
38.67
24.0
20.0
15.33
20.0
22.67
15.33
9.33
26.67
16.0
19.67
16.67
15.0
17.33
19.0
27.67
22.33
16.67
16.0
24.33
15.33
16.33
14.0
18.0
22.0
1.0
26.67
24.67
8.67
13.33
16.33
2.0
14.33
10.33
9.33
-0.33
13.33
14.67
19.33
7.0
15.0
16.67
11.33
6.33
5.33
18.33
8.0
12.0
12.67
11.67
-1.0
-1.0
7.67
2.67
13.0
0.0
-3.67
12.67
4.67
16.0
14.33
-6.67
1.0
-1.67
9.33
-1.33
-6.0
-0.67
12.67
0.33
10.33
9.0
1.0
12.33
-2.33
10.67
16.33
5.67
14.0
7.67
4.0
6.67
-6.33
3.67
4.0
6.67
8.0
6.67
7.33
13.33
11.0
8.33
9.33
7.33
3.33
13.67
-6.67
8.0
-4.0
6.0
-1.33
-11.33
3.0
13.67
7.0
10.0
4.33
15.33
9.33
-3.33
3.33
3.67
-7.67
-1.0
4.0
2.0
2.33
15.0
0.67
-2.67
2.0
-3.33
14.0
8.0
1.67
12.33
1.33
23.67
5.33
9.67
4.33
5.0
2.33
12.67
-1.0
3.67
0.0
3.67
3.0
-4.0
5.67
-6.67
5.0
2.33
3.33
-1.33
17.33
2.0
7.33
-0.67
11.0
2.0
2.67
6.33
13.67
3.67
-5.33
15.67
1.0
15.0
1.67
1.0
5.33
14.0
-2.33
7.33
-12.33
7.33
-3.0
6.33
10.33
7.67
-6.0
14.0
6.33
7.33
8.0
1.33
18.0
-1.33
11.0
7.33
9.0
13.33
5.33
-0.33
11.33
15.67
9.0
8.67
11.67
12.0
5.0
12.0
8.0
5.67
-2.0
3.67
5.67
7.67
13.0
3.67
3.0
4.0
14.33
6.0
5.33
12.33
11.33
11.0
5.33
6.33
-1.0
7.33
5.0
7.33
7.0
14.33
-3.0
17.67
14.33
-2.67
13.0
1.67
12.67
13.0
16.33
8.0
8.0
15.0
5.0
8.67
12.67
10.33
13.0
16.33
13.67
6.0
17.0
7.33
6.0
2.0
3.0
10.67
-1.67
12.33
-2.0
4.67
3.67
5.0
-2.33
8.33
11.33
9.0
-8.0
11.0
3.67
8.0
6.33
-0.67
12.67
6.33
3.33
17.0
0.0
8.33
1.0
13.67
4.0
4.0
5.33
1.0
15.33
1.33
-7.33
11.0
11.0
10.67
10.0
7.67
3.0
1.67
-0.33
8.0
7.67
1.0
5.0
8.0
-5.33
1.0
14.67
2.33
3.0
-2.0
5.0
16.33
6.67
20.67
3.0
14.33
1.33
9.33
6.33
-3.0
0.0
-2.33
19.0
7.67
-1.33
-3.0
-3.33
5.67
3.0
-8.0
-7.67
6.0
-7.33
1.33
6.0
-2.67
-2.67
4.33
-1.33
25.33
4.0
12.67
2.0
-4.33
6.67
6.67
10.33
3.33
15.0
1.67
-7.67
0.67
-6.67
1.33
-2.67
1.0
-3.0
-3.0
-2.67
5.67
7.67
-4.33
3.67
2.33
-5.33
-0.33
3.0
-1.33
-5.67
-2.33
-10.67
1.0
6.67
-3.0
-5.0
-1.0
-4.0
12.0
3.67
5.33
4.0
6.33
1.33
5.33
-4.0
7.67
-7.67
10.67
-0.67
0.67
-2.67
-0.67
-6.67
-1.33
8.33
2.67
-4.67
-0.33
-1.0
7.67
0.33
-5.67
-4.0
11.0
-1.0
-5.33
3.33
13.0
-2.67
-6.67
8.33
0.0
5.33
-1.0
-0.33
4.0
1.33
2.0
13.33
4.67
9.67
-4.0
3.33
-1.67
-1.0
10.67
5.33
3.0
1.0
1.33
10.0
1.67
6.33
16.67
-2.0
-0.67
-9.67
9.67
4.0
-9.33
-0.67
2.33
-0.33
3.33
1.67
9.33
2.67
0.67
0.33
-2.33
7.67
1.33
3.0
-6.33
10.0
-2.0
2.67
0.0
0.0
2.33
4.0
3.67
-6.33
3.67
3.67
2.67
7.33
-0.67
2.67
-4.0
7.33
-2.67
-4.0
12.67
-0.67
6.33
1.67
2.67
0.33
-3.33
6.0
3.0
3.67
6.0
-2.33
4.33
0.0
0.33
0.67
1.0
4.33
3.67
9.33
5.33
2.67
-4.67
-4.33
6.33
-9.33
4.33
10.33
6.33
-4.0
0.0
5.0
10.33
-3.67
-2.67
4.67
-0.33
5.67
5.67
9.67
3.67
0.67
-3.33
1.67
1.67
-4.0
-5.33
-3.33
-0.33
3.67
3.33
-0.67
6.33
0.33
-0.33
-2.33
3.0
0.67
4.0
9.67
5.33
6.67
-5.67
1.0
-2.0
6.67
1.67
-3.33
4.33
-2.67
-0.33
2.0
1.0
-6.33
-5.0
-2.67
6.33
0.0
-4.33
3.67
5.67
10.67
10.67
3.67
-3.33
2.33
9.67
-1.33
2.0
-1.0
6.0
8.33
-0.33
-0.33
4.33
-2.67
2.67
-1.33
0.33
8.67
5.0
2.0
5.33
5.0
6.33
-0.33
3.33
-6.0
3.67
1.67
-2.33
4.0
-3.0
-1.67
1.33
-2.0
0.0
2.0
-1.0
-0.33
2.67
-4.0
11.0
-1.0
0.0
-2.67
5.67
0.33
1.67
-3.0
-5.0
-3.0
2.67
5.33
6.0
-3.0
-3.67
2.33
0.0
-1.33
-2.0
2.0
0.0
3.0
-1.0
6.33
0.33
-2.67
2.67
0.67
-3.67
-0.67
5.67
-5.33
7.33
2.67
-1.0
-0.33
4.67
3.0
2.67
1.33
2.0
6.0
-1.67
2.67
2.0
1.0
0.33
-1.0
-0.33
-1.0
8.67
2.67
0.67
-3.33
0.0
6.0
4.0
3.0
-1.67
6.33
4.33
0.0
1.0
7.33
-1.0
-3.0
-5.0
-2.67
-0.67
-1.67
3.0
-0.67
2.0
-2.67
2.33
-1.0
-1.0
2.33
2.67
-1.0
1.67
0.0
-0.33
-5.33
0.67
-4.33
-3.0
8.0
-4.67
-1.67
-6.33
0.67
4.67
2.0
-4.33
3.67
1.67
-3.67
2.67
-2.0
0.33
1.0
2.0
2.0
1.67
-2.33
8.0
-2.0
-3.33
2.67
-0.33
8.33
2.67
0.33
-1.0
0.67
1.67
0.33
-1.33
3.33
1.33
-6.67
1.0
-1.0
-1.0
3.33
