0.0
12.0
-39.33
90.0
68.0
29.33
36.33
-1.0
-0.67
24.33
-60.0
17.0
35.67
-14.33
26.0
-44.67
6.33
-25.33
-50.0
0.67
-8.67
-15.67
-14.33
-9.33
-11.0
-2.0
0.33
-10.0
-5.67
-7.0
-0.67
10.67
4.33
7.33
1.0
-1.0
1.33
4.0
1.0
-0.33
-0.67
1.33
0.67
1.0
0.67
1.67
0.0
-0.33
0.0
0.0
0.0
0.0
0.0
0.67
2.0
0.67
1.0
-1.0
-0.67
1.0
-0.33
-0.33
0.0
-0.33
1.0
0.0
-1.0
-0.67
0.67
0.0
-0.33
0.67
0.0
-0.33
-0.33
-0.33
-0.67
-1.33
1.0
-0.33
1.0
0.33
-1.33
0.33
1.33
0.0
-0.67
0.67
0.67
-0.33
0.67
1.0
-0.33
0.0
0.33
-1.0
0.0
1.33
0.67
2.33
-0.33
1.67
1.67
3.67
-0.67
-1.0
-1.33
-1.33
1.0
-0.33
1.0
-1.0
-1.67
-0.67
0.67
-1.0
-1.0
0.33
2.0
1.0
0.67
-3.33
-0.33
-0.67
-0.33
4.33
0.0
1.0
-1.67
-5.67
-1.67
-2.0
0.0
4.67
2.33
-2.0
4.33
7.0
2.33
2.0
3.0
-2.0
-4.0
2.0
6.67
-1.67
-1.33
1.0
-0.33
-3.33
-4.0
-1.0
-0.67
1.0
2.67
2.33
-2.0
7.0
2.33
4.67
4.67
3.0
1.33
-2.33
0.67
-1.33
15.67
-0.33
0.33
7.67
1.33
5.33
3.0
-8.0
-2.0
14.0
4.67
1.67
3.67
4.33
-1.33
7.0
-4.33
-3.33
0.67
-6.67
-2.33
4.67
2.33
0.0
3.33
1.67
1.0
-0.33
-4.33
3.33
6.67
5.0
0.33
1.0
4.0
-2.67
2.33
2.0
-3.67
0.0
5.67
4.33
4.0
5.0
-2.0
0.0
1.0
5.67
2.0
-4.0
1.0
-3.0
4.67
-0.67
-3.0
0.33
5.33
0.67
4.67
1.0
0.0
0.67
-1.67
-7.67
-1.67
1.0
-0.67
-8.0
2.0
-1.33
2.0
5.0
2.33
0.67
-2.0
3.33
6.67
-0.33
2.0
6.0
-0.67
0.0
7.0
-1.33
5.67
10.0
2.67
-1.33
3.67
5.0
3.33
-2.67
2.33
6.0
4.33
3.33
5.0
0.33
-8.0
0.33
-0.33
-1.0
9.33
-6.0
2.67
1.0
-1.67
7.0
-4.0
5.67
1.33
2.33
1.0
-1.0
2.67
-0.33
-4.33
0.33
1.33
4.0
6.0
-1.33
4.67
0.33
-1.0
11.33
-4.67
-1.67
-4.33
-1.67
2.67
-7.67
2.0
-0.33
-1.67
1.0
-0.67
-0.67
6.0
0.33
3.33
0.0
-2.33
-5.0
3.67
-4.67
-0.67
3.0
-1.0
-2.33
8.0
10.33
0.33
-1.0
-5.33
-1.67
-3.67
-3.0
5.33
-2.33
6.67
-1.0
-0.67
-3.67
2.0
-2.67
-2.33
-5.33
-4.0
4.67
0.0
0.0
0.67
8.0
7.33
0.0
2.67
-0.33
-1.33
4.67
0.33
8.33
1.67
6.67
3.0
2.67
0.33
0.33
-4.67
-2.67
7.67
-4.0
0.33
1.0
2.67
0.0
-6.33
-0.33
2.33
-2.33
0.0
0.33
3.0
0.67
-2.67
0.67
2.67
-0.33
3.67
-1.0
4.0
-1.0
4.0
-2.0
-4.0
4.67
3.33
-0.33
-0.67
-5.33
4.67
-3.33
3.33
4.0
-2.33
-7.0
-1.0
-1.0
-0.33
1.67
1.67
-3.67
-4.33
1.33
-0.33
2.67
7.33
1.0
-1.67
2.0
-2.0
2.67
1.67
-2.67
-2.67
-1.0
-1.33
-2.33
4.67
-6.0
2.67
2.0
1.67
0.33
2.67
-0.33
0.0
1.0
3.33
-2.33
1.33
-2.0
0.33
5.0
-2.67
-3.33
-1.33
-2.0
7.67
-1.0
3.0
1.33
-1.0
0.0
6.67
-0.67
1.33
4.33
-1.67
-2.67
3.0
0.0
6.67
-1.0
2.33
-1.33
1.33
-0.67
2.33
-0.67
0.67
0.67
-2.67
6.67
-1.0
1.67
-2.67
2.0
-1.0
-4.67
0.0
-0.67
-1.33
-1.33
-2.67
5.33
1.67
-3.33
0.0
1.33
-1.33
2.33
-2.67
4.0
2.33
0.33
0.67
-3.0
3.0
0.33
-0.33
3.0
-0.33
-0.67
-3.0
-1.67
-2.0
-0.67
3.33
1.33
4.0
2.67
2.67
4.0
3.0
6.33
1.0
2.67
-1.0
-6.67
5.33
2.0
-0.67
1.67
2.0
-2.33
0.0
-2.67
-1.33
3.0
3.0
7.67
-2.33
1.67
4.67
-2.33
-4.33
0.0
-2.33
3.67
-2.0
1.0
5.0
-0.67
-1.33
-3.67
-1.33
6.0
0.0
0.67
-3.33
1.33
-3.0
7.33
-0.67
1.0
0.67
1.0
3.67
-2.33
-1.0
-0.33
4.0
-1.67
2.33
-2.0
-1.33
0.67
-4.33
3.33
5.67
0.0
0.33
-1.67
5.0
-0.67
2.67
4.33
1.33
1.33
0.67
0.33
-2.0
0.0
2.0
3.67
0.67
4.67
-0.33
-2.67
1.67
3.67
-1.0
-1.33
0.0
1.67
1.67
2.0
2.67
-0.33
1.33
-0.67
7.33
2.0
6.67
3.33
2.33
1.67
-1.0
-1.33
6.0
3.0
-0.33
4.33
-2.67
2.0
-1.67
-1.33
0.0
1.33
-2.0
5.67
5.33
2.0
0.0
-0.33
3.0
2.67
-1.0
-3.0
-1.67
-1.0
4.0
-3.33
-1.33
-2.33
-2.0
-1.33
7.0
-3.33
-0.33
7.0
-1.33
0.33
-1.33
-0.33
0.67
-2.33
-2.67
0.0
0.0
-3.0
-0.67
1.67
-3.33
-1.0
-3.67
2.67
0.0
-4.0
-3.67
5.0
-1.33
-2.0
-2.0
-1.33
4.33
-1.0
-5.0
-0.67
-3.67
0.0
-1.67
-4.67
-1.67
-0.67
0.67
-1.0
-2.67
-3.33
4.0
1.33
5.0
-1.67
-0.33
-0.33
-3.0
-1.33
-4.0
-2.33
-3.33
0.33
-1.0
-0.67
-2.33
-1.67
-2.0
3.33
-2.67
-4.67
-5.0
-4.67
-2.67
-2.0
-1.0
1.33
-2.33
-0.33
-4.0
1.33
-5.0
0.0
6.33
-3.33
3.67
-1.67
-2.67
0.33
-5.33
0.67
-4.0
-9.33
-5.33
1.67
0.0
-1.67
-3.67
0.33
-3.0
4.67
-2.33
-4.67
-3.67
0.33
-0.33
-1.33
-4.0
2.67
-3.67
-9.67
-1.33
-3.0
-0.33
-5.33
-8.67
-4.0
-6.0
2.0
0.67
1.33
-2.33
1.33
4.67
-3.0
-2.67
-5.67
-2.0
-10.67
-3.0
5.33
-7.0
-2.0
-4.0
-5.33
-7.67
-6.67
-2.67
-3.0
-2.67
-2.67
-7.33
-6.33
1.33
-5.67
-0.33
5.33
-4.0
-2.33
-5.67
-5.33
2.33
-10.67
-1.67
-3.67
4.33
-5.67
-4.33
-1.33
-3.67
-5.33
-4.33
-3.0
-5.33
5.67
-7.67
4.33
-3.0
-4.33
-3.0
1.33
-3.67
-2.67
0.0
-7.0
-2.33
-0.67
-2.0
-4.0
1.0
-1.33
1.67
-6.0
-3.0
2.0
-1.67
-1.67
-0.67
-2.67
2.33
1.0
-4.33
-8.67
-3.33
-0.67
-6.67
-0.33
1.33
-0.67
-4.0
4.67
-4.33
0.0
-1.67
-5.33
-6.67
-6.67
1.0
-10.33
-2.33
0.67
-1.33
-8.67
-5.33
2.0
-2.67
-8.0
-4.0
-6.67
-4.33
8.0
-7.67
-3.33
-1.33
-6.0
-3.33
1.67
0.33
-2.33
-9.33
1.0
-5.67
2.33
-8.0
-2.67
-1.33
0.0
4.33
-2.67
1.33
-5.0
3.0
-15.0
0.33
2.33
2.67
-0.67
5.67
-2.33
-1.33
-4.67
-5.0
4.0
0.67
8.67
0.33
-6.67
2.67
2.33
-4.33
-0.33
-5.67
-10.0
3.0
0.0
2.67
-4.33
5.67
3.33
2.67
-2.67
-1.67
6.0
-4.67
1.67
0.67
2.0
1.67
-11.67
3.0
-2.33
-0.67
7.0
-1.33
-0.67
-7.33
-8.67
-3.67
7.67
-5.0
4.0
-3.67
3.0
-3.0
-3.33
-7.33
-5.0
2.0
0.67
4.0
-5.33
-3.0
-1.33
-0.33
5.33
6.0
10.0
19.0
12.67
3.0
11.67
9.33
15.0
13.67
22.0
24.33
31.33
37.33
58.0
34.67
49.33
57.33
65.67
73.33
74.0
72.0
80.33
62.67
67.67
67.67
53.33
69.67
57.33
49.0
47.33
27.33
22.33
15.0
20.67
4.0
7.33
4.33
4.33
1.0
3.33
2.0
1.0
6.0
1.0
2.67
2.33
-2.33
11.67
-3.33
-2.67
-2.0
5.0
-1.0
-4.33
9.33
-3.0
15.0
7.0
-7.33
-7.0
1.0
7.0
3.0
7.33
14.33
13.0
17.0
6.0
10.0
10.67
25.0
15.67
8.33
9.33
7.0
-3.0
10.33
27.0
20.0
5.0
-4.67
4.67
8.0
1.67
-0.33
1.0
-3.33
7.33
-6.33
1.0
4.33
1.33
-5.67
-7.0
-5.33
3.0
0.67
1.67
5.0
5.67
16.67
14.33
10.0
5.0
-1.0
8.33
7.67
11.0
20.33
28.33
20.67
25.0
31.0
33.0
32.0
41.67
34.0
28.0
35.0
37.67
54.33
46.0
47.67
45.0
36.67
36.67
43.33
45.0
44.33
37.0
43.67
58.0
50.67
48.67
59.0
41.33
31.67
43.67
51.0
38.33
40.0
38.33
51.0
52.33
56.0
60.33
58.33
56.33
42.0
85.0
46.67
50.33
45.67
38.33
58.67
43.33
48.0
41.0
37.67
40.67
22.67
24.33
17.67
10.33
16.67
22.67
26.33
30.0
18.0
26.0
23.0
25.33
26.33
13.67
20.67
22.67
14.67
9.67
10.33
12.33
17.0
11.67
4.33
9.0
5.0
4.0
2.0
8.0
7.67
5.33
12.0
5.0
9.33
11.0
5.33
8.33
5.0
0.33
3.67
-1.0
2.67
3.0
4.67
3.0
0.33
2.0
8.33
-2.67
6.33
6.0
14.0
10.33
2.67
5.33
2.0
9.33
11.0
11.33
14.33
8.0
19.0
24.33
23.0
27.33
14.33
29.0
27.67
37.33
38.67
23.67
38.0
45.67
35.0
19.0
30.0
19.67
25.0
13.67
4.0
4.33
18.0
17.67
9.33
5.33
2.0
3.0
5.0
6.67
3.67
8.33
0.0
16.33
21.67
19.0
11.33
27.67
31.33
33.33
51.33
64.33
79.33
81.0
97.67
104.33
133.67
129.67
149.33
136.67
146.0
154.33
164.67
140.67
145.0
154.33
127.33
126.67
118.0
132.33
95.67
124.0
99.67
96.0
87.33
77.67
71.67
70.67
67.33
50.33
48.67
46.67
38.67
32.0
30.67
21.67
27.33
27.0
16.33
19.33
25.0
29.67
32.33
25.0
43.67
25.33
33.33
20.0
25.33
35.67
22.0
40.67
44.33
36.67
38.67
43.0
22.67
37.67
24.33
33.67
33.33
30.67
31.0
45.67
40.67
49.33
41.67
41.67
40.67
22.0
46.67
55.0
44.0
59.67
53.0
46.33
58.67
48.67
46.0
40.0
42.67
41.0
45.67
30.0
45.67
22.33
40.33
28.67
34.0
16.33
12.0
26.0
34.67
8.0
20.67
17.67
15.0
10.0
8.33
15.67
9.67
15.33
8.33
5.0
11.67
7.33
17.0
6.33
0.67
-2.67
-4.67
7.33
7.33
6.67
7.0
5.67
-5.67
8.67
8.0
13.67
10.67
-3.0
-2.0
8.0
5.0
19.0
1.0
13.33
15.67
20.0
35.0
16.33
15.0
11.67
24.33
16.67
18.33
19.33
13.33
26.67
9.67
12.0
16.0
18.67
27.0
16.67
19.67
6.67
30.0
18.33
27.0
30.33
15.67
11.67
13.0
27.33
22.33
16.67
31.0
19.33
35.0
5.67
13.33
7.0
22.0
15.67
8.0
9.0
13.33
10.0
17.67
17.33
10.33
9.67
22.0
5.67
19.67
23.0
20.33
17.0
6.67
22.33
8.67
17.0
9.33
13.33
12.33
-1.0
12.0
11.0
11.0
1.67
17.67
15.67
17.33
16.33
4.0
9.33
6.33
3.33
14.67
13.33
14.67
21.33
8.0
13.0
4.67
-3.67
12.33
12.33
14.33
6.0
8.0
10.67
5.67
-2.0
5.0
-10.33
10.67
7.0
-6.0
0.33
-3.33
1.67
6.0
2.33
9.33
5.0
6.33
3.33
1.67
5.0
-0.67
8.67
2.33
5.33
1.0
11.0
10.33
11.67
9.67
4.33
10.67
-1.0
1.67
13.0
3.67
3.67
4.67
2.0
2.67
7.0
-10.33
2.33
12.33
7.0
10.33
8.33
1.33
4.33
5.67
4.33
7.0
-6.0
8.0
2.67
-9.33
-3.0
12.67
8.0
-5.0
0.33
21.33
4.33
-3.33
8.33
5.67
18.33
3.0
1.0
7.0
3.33
11.0
2.67
1.33
1.0
20.67
3.0
8.0
-3.33
7.33
4.33
15.67
3.33
9.67
0.33
1.0
9.33
5.67
9.0
-0.33
1.0
0.67
7.0
-3.0
0.67
6.33
6.0
-1.67
4.33
-17.33
-4.67
6.0
11.33
-0.67
-6.0
-6.0
0.67
1.33
6.67
-7.33
1.67
15.67
8.0
6.0
8.67
-4.0
10.33
21.0
-2.33
1.33
-4.33
7.33
13.0
18.33
12.33
-0.33
-9.0
-2.0
-1.67
7.33
5.0
-2.67
5.0
2.67
-4.0
14.33
-7.0
10.33
2.33
3.67
12.33
11.67
2.0
0.67
-0.33
4.0
12.0
-3.0
-7.0
1.67
4.0
4.67
5.67
9.67
16.0
10.67
0.0
11.0
0.33
1.0
12.33
4.33
17.33
5.0
6.33
8.33
8.0
1.33
1.0
1.33
8.0
11.33
6.0
3.67
13.33
3.33
17.0
13.67
13.67
9.0
25.33
7.0
0.0
-7.0
16.0
25.67
9.67
6.33
15.0
15.33
10.67
13.0
13.0
11.33
2.0
10.0
-1.0
0.67
-5.67
1.33
2.0
6.67
-12.33
10.0
4.67
-1.67
6.33
7.0
2.0
7.0
9.67
3.0
10.33
-0.67
4.67
14.33
12.33
11.0
11.0
10.33
14.0
-0.33
0.0
14.0
0.33
9.0
18.33
4.33
8.67
1.0
9.0
8.67
8.0
4.67
12.0
6.67
11.67
3.0
1.67
10.0
10.0
-2.0
0.67
9.0
1.67
-4.67
2.0
9.0
2.0
-0.67
7.67
8.67
2.0
8.33
11.33
3.33
3.33
9.0
3.0
1.67
4.0
10.67
11.67
-5.0
4.67
1.67
0.0
-5.0
10.33
15.0
2.67
1.33
5.0
-8.67
10.33
-2.67
-9.33
7.33
2.0
13.67
12.0
-2.33
2.67
12.67
5.33
4.33
4.0
12.67
6.33
-1.33
-4.67
9.33
1.33
-4.0
-7.0
-1.0
-10.67
-1.33
5.67
1.67
5.67
15.33
-15.33
0.67
3.0
3.67
0.33
1.67
-2.67
12.0
-5.33
6.0
2.0
7.0
1.0
12.0
-1.33
-3.67
-1.0
2.33
-0.67
6.33
3.0
6.67
6.33
4.67
7.33
4.67
7.33
4.33
-2.67
2.67
-1.67
9.67
6.33
2.67
6.0
-1.33
-1.67
4.33
4.0
-4.0
-8.0
-7.33
-0.67
2.0
2.33
-4.67
6.33
-7.0
5.33
-5.0
-2.33
10.0
0.33
2.0
-5.67
11.67
19.67
-3.0
7.33
4.33
4.0
8.67
7.33
0.0
-4.0
-0.67
10.0
9.67
0.33
7.67
19.0
4.33
-8.67
18.67
1.0
0.67
7.33
-1.67
6.67
0.33
7.67
-6.67
-2.33
2.67
2.33
1.67
-6.33
2.33
12.0
-5.33
7.0
2.0
-4.33
11.0
-4.0
-0.67
0.0
-4.33
-7.33
5.67
6.67
-2.33
-1.67
6.33
-4.33
-4.0
2.33
8.33
2.0
-4.33
-13.67
0.33
-1.33
-1.33
2.33
-10.33
5.0
1.0
6.67
13.0
4.67
-4.67
5.0
-2.67
1.67
10.0
4.33
-1.33
-6.67
2.33
9.67
-9.67
-6.33
-1.67
-8.33
3.33
-1.67
4.33
-2.0
-1.0
1.0
5.33
7.33
-12.67
6.67
2.67
13.67
-3.33
1.67
-2.33
5.67
-8.33
3.67
2.67
-3.0
-8.33
2.67
-1.33
1.67
3.33
0.33
2.33
-4.67
-3.33
8.67
6.0
-4.33
-2.0
6.67
3.33
-3.33
0.33
3.0
0.0
6.67
0.67
8.67
0.33
3.33
-5.33
3.0
3.0
-1.33
3.0
2.33
1.33
-2.0
2.67
12.67
-1.33
4.67
-4.33
6.67
-2.33
0.33
2.67
-3.33
4.0
5.0
-4.0
4.33
-6.33
2.67
6.33
-4.67
-2.33
1.67
3.33
8.67
5.0
-2.0
1.33
-3.0
-6.67
6.67
-5.67
-8.0
2.67
-8.33
-2.33
2.0
-3.0
3.33
1.33
1.0
-1.0
-3.0
1.0
-0.33
1.67
2.0
3.0
2.0
0.0
-4.67
4.67
0.33
1.67
0.0
-5.0
10.0
-6.33
5.33
7.0
6.0
4.33
7.33
-1.0
4.67
1.0
-1.0
2.0
-5.0
2.0
-1.67
-2.67
1.33
1.67
3.67
-2.67
-1.67
-1.33
-0.33
0.33
4.67
-2.0
-0.33
-2.33
-5.0
-1.33
-0.67
0.0
4.0
-4.67
-4.33
-4.0
2.0
-1.67
1.0
7.67
-5.0
6.67
1.67
2.67
4.67
-3.0
2.0
2.0
8.0
2.33
-0.67
4.33
-4.0
2.0
-4.67
-2.0
2.0
-10.0
2.33
-1.67
-0.67
5.0
-2.67
-2.0
5.33
-8.67
-2.0
1.0
6.33
11.67
1.0
4.67
1.0
0.67
-3.33
1.67
-1.33
-1.0
4.0
7.33
1.33
0.67
-3.33
-2.33
1.0
-0.33
-0.33
-4.33
0.33
-0.33
3.0
-1.67
4.0
-1.0
-1.0
-5.33
3.67
-2.0
3.0
-6.33
0.67
-1.33
5.33
5.67
1.33
4.0
-1.33
1.67
0.33
2.67
-2.67
-2.67
-2.67
-2.0
3.0
0.0
3.33
