0.0
65.0
-9.33
-21.0
-36.0
-60.67
-8.67
-69.0
-37.67
-50.67
-31.0
-23.0
18.67
-1.33
61.0
-10.67
42.33
-5.33
-16.0
15.67
15.33
-9.67
6.67
-31.33
-18.0
3.0
11.33
-2.0
-11.67
7.0
-4.67
-0.33
-1.67
3.33
2.0
-3.0
-0.67
0.0
3.0
-1.33
-0.67
0.33
0.67
-1.0
-0.33
0.67
0.0
-0.33
0.0
0.0
1.0
0.0
1.0
0.67
0.0
-0.33
0.0
-1.0
-0.67
1.0
-0.33
0.67
0.0
-1.33
1.0
0.0
1.0
0.33
0.67
0.0
0.67
0.67
0.0
-0.33
-0.33
0.67
-0.67
-0.33
0.0
0.67
0.0
-0.67
-1.33
-0.67
-0.67
-1.0
-0.67
0.67
-0.33
0.67
-1.33
-1.0
-0.33
0.0
-0.67
-1.0
3.0
1.33
0.67
1.33
-0.33
2.67
1.67
-0.33
3.33
1.0
-1.33
0.67
-1.0
4.67
5.0
1.0
0.33
1.33
2.67
-3.0
0.0
2.33
1.0
-1.0
-2.33
-0.33
2.67
-0.67
5.67
3.33
-1.0
3.0
4.33
-2.67
2.33
0.0
1.0
1.67
2.33
-4.0
3.33
1.0
4.33
6.0
4.0
4.0
5.0
8.0
2.67
2.33
2.67
1.0
-0.33
4.67
-4.0
0.0
2.33
-1.0
5.67
-1.67
-2.0
2.0
8.33
0.67
3.67
2.0
5.33
-2.33
4.67
-2.33
8.67
5.67
7.33
6.67
3.33
1.33
3.0
2.0
-2.0
5.0
5.67
2.67
6.67
5.33
0.67
5.0
0.67
4.67
-0.33
0.33
-3.33
2.67
9.33
3.0
1.33
-4.33
2.0
0.67
-0.33
10.33
11.67
2.0
2.33
3.0
7.0
3.33
11.33
8.0
3.33
6.0
5.67
6.33
8.0
3.0
-3.0
6.0
-2.0
6.67
2.0
-2.0
3.0
-3.0
-2.33
2.33
-1.0
4.33
1.33
-3.33
4.67
-1.0
6.0
-1.33
-2.67
-3.67
3.33
5.0
8.33
3.0
5.0
12.67
2.0
5.0
8.33
-2.33
4.0
8.33
0.67
-0.33
10.0
1.0
2.33
4.0
3.0
0.67
8.67
0.0
0.67
7.67
-1.33
2.0
2.33
3.33
7.33
9.0
-0.67
6.33
6.0
-1.67
-4.0
7.33
5.67
3.0
2.33
0.0
0.67
-1.0
-6.67
3.0
-8.0
6.67
10.33
6.33
-5.0
-6.0
3.67
-1.33
-1.33
2.33
0.33
5.0
-4.0
1.67
7.67
5.33
8.0
2.33
1.33
0.33
0.67
4.33
3.67
-1.67
-3.0
-1.33
9.33
5.0
5.33
10.33
6.0
3.33
2.33
-2.0
4.67
-3.0
2.67
-3.67
4.33
2.0
1.0
1.67
6.0
-0.67
-1.67
0.0
0.67
0.33
5.33
2.0
6.33
-7.33
-0.33
8.0
1.33
-1.67
-2.0
2.33
3.67
3.67
1.0
6.67
1.0
-3.0
0.67
6.0
2.33
3.0
7.67
2.67
0.67
0.67
2.33
1.33
4.67
4.67
10.0
8.67
3.33
11.33
3.33
-0.67
2.67
0.0
-2.67
-5.0
1.67
5.0
-0.33
3.67
1.33
3.67
8.0
-2.67
-1.0
4.67
1.33
2.67
-1.33
4.67
-0.33
2.0
8.0
5.0
4.0
4.0
-4.0
5.67
-1.67
-2.33
-3.67
-0.33
5.67
5.67
2.33
4.0
3.67
-6.0
1.0
8.0
5.67
0.67
1.67
3.33
4.67
2.33
5.67
5.67
1.33
5.0
6.33
3.0
-6.0
0.67
0.67
-4.67
5.33
1.0
0.67
2.67
-0.33
-2.0
4.67
-3.0
1.67
1.33
1.67
-5.33
0.0
8.0
4.33
2.67
4.33
-3.0
6.33
7.0
0.33
-1.33
3.67
0.0
5.67
-1.0
-5.0
12.33
2.0
-4.0
2.67
0.33
10.33
3.33
0.33
0.33
5.0
0.0
5.67
-1.0
1.33
0.67
1.33
-2.67
-0.67
2.33
1.67
3.67
3.33
-0.33
7.0
1.67
4.33
-1.0
2.0
5.33
0.0
1.33
2.67
-0.33
0.33
6.33
-1.33
-0.33
2.0
6.33
4.67
2.33
0.33
1.0
1.33
1.33
-3.33
0.0
6.0
0.33
-0.33
1.0
5.67
0.33
-3.0
4.33
-1.0
-1.67
2.33
0.33
5.0
6.67
1.67
4.0
1.0
2.33
10.0
-5.33
-2.0
-4.67
-0.67
9.0
-1.67
3.67
5.0
-2.33
-2.0
4.33
0.67
2.0
-2.0
8.67
-0.33
-1.33
3.67
-0.33
-3.33
1.0
-0.33
6.67
-1.0
2.0
3.0
2.33
-0.33
1.33
-0.33
0.0
2.0
0.67
2.67
2.33
0.0
3.33
0.33
1.0
2.67
2.0
0.67
2.67
5.0
1.67
5.0
-0.67
3.33
-2.0
4.67
4.67
-4.33
0.33
6.67
0.0
1.33
-0.67
4.0
-4.67
-2.33
4.33
-0.67
-4.67
7.67
-3.67
-2.0
-1.0
0.0
4.67
4.67
3.67
0.67
-0.67
-0.33
-0.33
-3.0
3.67
2.0
0.67
0.67
1.0
2.67
-0.33
5.33
2.33
2.33
7.0
-0.33
1.33
2.33
0.67
1.0
0.67
6.0
1.0
2.67
-3.67
-0.67
-3.0
1.33
0.67
2.0
-4.67
6.0
2.67
2.33
3.0
1.0
2.67
3.0
2.67
-5.0
-2.0
0.33
4.0
1.0
2.67
4.67
-1.33
-3.0
-1.33
0.0
-0.33
5.67
6.0
2.67
-0.67
-4.33
0.67
1.67
-1.33
-3.67
2.0
1.0
-2.0
-0.67
-4.33
3.67
0.0
-4.67
2.67
6.0
0.0
1.33
1.0
2.67
-3.0
1.0
-3.33
-1.67
0.0
3.0
-1.67
0.33
-5.0
-1.67
1.33
-2.67
-4.67
-1.33
0.0
-2.67
-1.33
1.0
-2.67
2.0
-5.67
-2.33
-0.33
-6.0
-3.33
-2.0
0.67
3.67
-2.67
-5.0
-1.67
-2.33
0.33
2.0
0.33
-4.67
-0.67
-6.0
-5.67
-4.67
2.0
4.0
-5.67
0.67
-2.33
2.0
0.33
-2.0
2.0
-1.67
-4.33
0.67
-0.67
-0.67
-0.67
-5.33
-5.33
-2.0
-2.33
-6.33
0.67
0.0
-3.67
-2.67
-2.67
4.0
5.67
1.67
-9.67
-3.67
0.33
-7.33
1.67
-3.0
-3.33
-1.67
-4.67
-3.33
-1.0
-2.33
-3.33
-3.67
0.0
-5.0
1.0
-1.33
1.33
0.67
1.33
-5.33
-6.0
-11.67
-0.67
-1.0
-9.67
-6.0
-5.67
-1.0
-7.0
-7.0
1.67
-6.67
-5.67
-12.67
4.0
-6.67
0.33
-0.33
-5.33
-6.67
-2.67
1.67
7.33
-4.0
1.67
-4.67
-0.33
3.33
-3.67
-9.67
-2.67
0.33
-5.67
-4.33
-7.33
-3.67
-3.33
-3.33
2.0
-3.33
-0.33
-2.67
1.33
-3.0
-0.33
-4.0
-2.67
-1.67
-0.67
-6.0
-2.0
-1.33
-3.67
-6.0
-5.0
-5.0
-0.33
-7.33
-5.0
-7.0
2.0
-2.67
-0.67
-2.67
-5.67
-0.67
1.0
-6.33
-8.67
-4.33
0.33
-5.67
9.67
-3.67
-0.67
-6.0
1.67
-7.33
2.0
-3.67
-3.33
-4.67
-7.67
-3.0
0.67
-5.33
-7.33
-9.33
-5.67
0.67
-4.0
-0.67
-12.0
-3.0
-1.67
0.67
-4.0
-5.67
-3.33
-7.33
-8.0
-7.33
6.67
-5.67
-0.33
2.67
2.0
-8.67
2.33
-8.0
-7.67
2.67
1.0
-1.67
-4.67
2.33
-3.0
-5.0
-8.0
1.33
-4.67
-3.33
-5.67
0.67
-7.33
5.67
-6.67
0.0
4.0
3.67
-2.33
-0.67
0.33
-2.33
-4.67
-6.33
-6.33
2.33
-1.0
2.0
-7.0
1.67
-3.33
-4.33
9.33
-2.33
1.33
2.33
5.0
-5.67
0.67
-1.33
-1.0
-5.33
-12.67
-1.0
-6.33
-8.67
-1.0
-1.33
3.33
1.67
-3.67
-2.67
-5.33
-2.0
-5.0
0.33
-3.0
-3.0
-13.33
-7.33
-8.0
0.0
5.67
1.0
0.67
-9.0
-3.33
-4.33
10.33
-1.0
12.0
2.0
3.67
3.0
-0.33
-0.67
3.0
2.67
-1.0
14.33
13.33
0.33
7.0
0.67
-4.67
0.33
6.67
5.33
5.0
13.0
7.33
3.67
12.67
8.67
11.33
12.67
3.33
13.0
7.33
8.33
5.33
11.0
7.67
-2.0
-3.67
4.33
3.33
-7.0
2.33
1.0
-5.0
0.0
-3.0
0.67
1.33
5.67
9.67
6.67
1.33
2.0
-1.0
-1.0
2.67
3.33
0.0
-3.0
1.0
-1.33
1.0
7.0
7.0
2.0
22.33
18.33
26.0
20.0
28.0
16.0
33.67
40.0
28.67
33.33
44.33
28.0
24.0
9.33
23.0
22.0
10.0
1.33
9.67
5.0
3.67
2.67
10.0
3.67
3.33
-2.33
9.0
7.33
8.33
0.33
-8.0
5.67
4.0
13.67
8.67
13.0
-0.33
4.67
5.33
16.0
7.0
-3.0
-1.67
1.67
13.0
7.33
5.33
-1.33
6.0
2.0
8.0
11.0
-0.33
1.0
10.0
13.0
2.67
5.33
2.0
5.67
4.0
3.67
9.67
7.33
17.0
5.33
10.0
8.67
12.0
23.67
25.67
9.0
16.33
6.67
15.67
21.0
18.33
8.0
13.33
16.0
2.33
10.0
17.33
15.33
12.33
17.0
16.0
26.67
19.33
13.67
19.33
22.67
13.33
21.0
19.0
12.67
6.67
4.67
15.33
7.67
5.33
4.67
9.67
14.33
27.0
8.0
17.0
13.0
11.33
31.33
22.67
19.67
17.67
10.67
13.67
20.33
13.33
22.0
9.67
15.33
8.0
8.0
8.0
14.0
-1.0
5.67
1.33
1.0
9.0
12.33
9.0
4.33
7.33
10.0
14.33
2.67
5.0
-2.33
-2.0
11.67
3.0
4.33
2.0
6.33
-1.67
7.33
7.0
3.0
14.33
1.67
2.33
7.0
5.33
16.0
7.33
6.33
5.0
13.0
20.33
15.0
19.33
7.33
15.0
26.67
14.33
27.67
10.67
13.0
9.67
9.0
17.0
22.0
10.67
9.0
13.67
15.0
10.33
11.0
11.67
15.33
12.33
7.0
21.0
21.0
-1.33
11.67
14.33
14.0
12.33
12.67
3.0
15.33
21.67
17.33
18.33
31.33
34.33
23.33
27.0
31.67
24.33
46.67
61.67
38.33
60.67
45.0
76.33
70.67
87.67
80.0
73.33
96.33
69.67
71.0
85.33
69.67
66.0
56.67
71.0
51.33
41.67
43.67
38.67
51.33
21.33
20.67
25.67
18.67
12.0
22.67
12.67
13.33
15.0
11.33
3.33
18.0
15.67
20.33
12.0
-1.33
17.33
24.33
12.0
14.33
19.67
16.0
20.67
3.33
19.67
15.67
23.0
28.67
32.67
20.33
31.67
29.33
22.67
31.0
20.67
29.67
25.33
37.67
30.67
31.67
38.0
27.67
37.0
40.0
28.67
43.0
30.33
29.67
30.67
36.0
23.0
23.67
28.0
17.67
13.0
10.67
13.33
15.33
15.67
10.0
8.33
6.0
6.0
4.67
11.0
14.67
7.67
19.0
11.0
14.33
17.67
22.67
10.33
10.33
10.0
13.67
16.33
6.0
-1.67
6.67
2.33
10.33
2.33
6.33
2.67
10.0
9.67
5.33
13.67
3.0
7.67
4.67
5.0
4.0
7.0
9.0
14.0
3.0
3.33
28.67
12.0
23.0
13.33
11.0
10.67
19.33
13.67
11.33
4.33
18.33
17.67
13.67
16.0
17.0
19.67
32.0
20.67
20.67
12.67
21.0
12.33
19.0
24.33
15.67
29.67
25.0
29.33
37.33
22.67
16.0
44.33
44.0
39.67
30.33
26.0
31.0
30.67
30.0
28.0
38.33
35.0
38.67
18.33
16.33
13.67
26.0
15.67
19.67
25.0
13.33
30.0
25.67
14.33
30.67
19.0
4.33
13.33
18.33
19.0
14.0
14.0
18.0
15.67
23.67
12.67
17.33
15.33
22.0
15.33
25.33
15.33
9.67
4.33
10.67
14.33
13.0
25.0
6.67
-1.67
4.33
9.33
11.33
6.0
-2.0
9.67
0.67
3.0
18.0
0.67
11.67
9.0
3.0
3.33
13.67
6.67
12.0
12.33
3.33
6.0
5.33
13.33
10.67
17.0
14.33
1.67
13.33
7.33
8.0
8.0
-0.67
10.67
11.67
9.33
5.67
10.0
7.67
8.0
1.67
3.67
0.67
12.0
1.67
-6.0
0.67
1.33
9.33
-1.0
-4.67
6.33
12.33
3.33
7.67
6.33
5.0
12.0
18.0
16.67
-0.33
21.0
19.67
10.0
12.0
5.33
13.33
5.33
8.67
11.33
4.67
10.33
16.0
-4.0
19.0
10.33
28.0
3.67
14.33
12.0
7.67
16.0
15.0
-2.33
19.33
12.33
5.67
11.33
12.67
21.33
5.0
6.33
18.67
1.0
2.67
-6.0
20.67
4.0
3.0
6.67
7.33
1.0
13.33
18.33
-7.33
1.33
10.0
12.33
12.33
6.0
5.0
9.67
2.33
15.67
4.67
7.67
17.67
9.0
5.0
0.67
5.0
11.33
16.0
4.67
-1.67
5.67
20.33
21.0
10.33
17.33
3.67
8.0
19.0
-5.67
15.33
17.0
2.33
25.0
27.67
1.0
10.33
14.0
14.33
9.33
-6.33
24.33
7.67
4.0
9.67
8.67
11.0
2.0
13.0
6.0
1.67
3.0
-0.33
5.67
8.67
7.0
-2.33
9.0
-7.0
20.33
17.0
6.33
17.33
20.33
5.0
9.33
3.33
28.0
9.33
15.0
6.33
21.0
14.33
-2.0
6.67
10.33
11.33
25.0
4.67
0.67
15.0
6.33
16.0
0.0
14.0
6.0
10.67
8.67
3.33
15.0
3.33
11.67
9.0
13.0
8.33
8.0
11.0
8.0
5.67
13.33
13.33
-4.0
3.67
12.67
7.0
5.67
8.33
1.33
25.0
5.0
-4.0
17.67
11.0
15.33
13.33
15.67
13.33
2.33
1.0
33.0
10.33
10.0
1.67
3.0
15.0
-2.67
10.0
12.33
8.33
3.67
10.0
4.0
11.67
4.0
2.67
3.0
-1.33
12.67
12.0
7.67
-4.0
-4.0
-4.0
1.67
11.0
9.67
-3.67
9.0
13.0
5.0
6.33
13.67
13.67
3.0
4.33
3.33
16.33
7.33
-2.0
0.0
1.67
-2.0
12.67
-2.33
3.0
-3.33
4.67
12.0
4.0
5.33
3.0
-8.33
8.33
13.0
8.33
5.33
12.33
-7.33
11.33
10.0
21.67
11.0
2.67
2.67
3.67
-2.67
13.33
5.0
9.67
0.33
9.67
-0.67
-3.67
2.33
3.0
6.0
-1.0
6.33
5.67
6.67
-3.33
-3.33
18.33
3.67
7.67
11.0
8.67
-13.67
10.67
-1.67
13.0
7.67
0.0
-4.0
16.0
-8.0
11.0
-1.33
17.33
10.0
12.33
3.33
0.33
-2.0
10.67
6.33
-0.33
8.33
11.67
8.33
12.33
-4.67
4.67
7.33
-4.33
-3.67
4.67
4.0
-5.33
6.33
10.33
-1.0
1.0
-3.0
-10.33
10.33
16.0
-3.67
17.33
4.33
-8.0
-5.67
10.0
-5.33
0.0
-0.67
5.0
6.33
14.67
15.67
4.0
5.33
-1.67
7.0
2.67
8.33
1.0
2.0
6.33
10.0
6.67
6.33
12.67
15.0
3.33
4.33
9.67
13.0
-0.33
10.33
11.33
-3.33
-2.67
2.67
-6.67
-5.33
2.67
13.33
-0.33
-2.33
-3.67
5.0
-8.33
15.0
1.0
8.67
4.0
5.0
4.33
-1.0
4.67
-1.33
-3.33
9.67
6.67
4.33
4.33
2.67
11.0
0.33
6.33
9.0
2.67
-1.67
4.33
-1.33
-5.33
1.33
-5.33
0.0
0.0
1.67
8.0
2.67
2.33
4.0
-1.67
0.67
0.0
5.33
3.67
4.33
3.33
11.67
-4.67
-0.33
-2.67
-6.33
4.33
4.33
0.33
1.0
4.0
5.0
0.33
1.33
-6.67
5.67
5.67
2.67
11.67
-5.33
4.67
8.67
9.67
-2.33
-0.33
4.0
-2.33
-0.33
-5.33
-0.33
7.33
9.33
4.33
-0.67
-1.33
5.67
9.0
-3.33
-2.0
12.67
8.33
-0.33
-4.67
1.0
3.0
1.67
2.67
3.67
12.33
-8.67
-2.33
13.0
4.0
0.67
7.0
-3.67
8.33
-2.0
5.67
3.67
0.67
5.67
10.67
9.67
4.67
5.33
7.67
2.67
7.0
6.0
3.0
1.33
4.67
3.67
-5.67
-6.67
7.67
5.67
11.33
6.67
7.0
2.0
4.33
10.0
2.33
-0.33
1.33
-5.0
8.67
-0.33
-1.33
4.0
-2.0
9.33
2.33
4.0
4.0
2.0
6.0
-4.33
9.67
2.0
9.0
-1.0
1.0
-4.67
7.67
5.33
0.67
-2.0
0.0
7.0
-3.33
10.33
6.0
5.0
3.33
7.33
2.0
9.67
-1.0
2.0
2.0
5.0
7.0
6.33
1.33
-0.67
3.67
3.67
-0.67
0.33
-3.33
-1.33
3.33
7.67
0.0
4.67
6.67
3.0
9.67
3.33
2.0
5.0
-1.67
0.67
-1.0
6.0
-0.67
4.0
0.67
-3.0
-1.33
2.67
2.67
8.67
-2.0
7.0
3.0
6.0
3.33
3.33
6.33
-2.0
7.0
4.33
5.0
11.0
6.0
0.33
2.33
-3.67
6.0
-3.67
4.0
-2.67
-4.67
2.0
5.0
5.33
3.67
0.0
0.67
2.0
1.67
3.67
7.67
1.67
-1.0
-1.0
0.33
5.33
-5.33
0.67
2.67
4.0
1.67
3.67
5.67
0.33
3.67
-3.0
2.33
5.0
1.0
-2.0
10.67
6.67
1.0
9.0
0.67
1.67
-2.33
-1.67
7.67
4.33
10.0
-4.33
1.67
2.33
2.67
2.33
0.33
-7.67
1.0
-2.0
4.0
0.33
