0.0
36.0
-21.33
56.0
22.0
-2.67
61.33
-19.0
94.33
14.33
57.0
95.0
16.67
54.67
2.0
-13.67
63.33
32.67
-12.0
-11.33
-8.67
-3.67
-5.33
6.67
6.0
4.0
1.33
-12.0
2.33
8.0
3.33
1.67
-0.67
-0.67
2.0
1.0
-2.67
0.0
0.0
-0.33
-0.67
1.33
-0.33
1.0
0.67
2.67
0.0
-0.33
0.0
1.0
1.0
1.0
2.0
0.67
0.0
-0.33
0.0
1.0
-0.67
1.0
0.67
0.67
0.0
-1.33
1.0
1.0
-1.0
-0.67
-0.33
2.0
1.67
-0.33
0.0
0.67
-0.33
-0.33
-0.67
-1.33
0.0
0.67
2.0
-0.67
-1.33
0.33
2.33
-1.0
0.33
-0.33
0.67
1.67
-1.33
0.0
1.67
1.0
-0.67
0.0
1.0
1.33
2.67
0.33
-2.33
-0.33
0.67
-0.33
0.33
0.0
1.67
2.67
0.0
0.67
3.0
0.0
2.33
-0.67
3.67
2.0
2.0
-3.67
0.0
-1.0
2.67
-0.33
0.67
3.33
0.67
3.33
-5.0
5.0
6.33
-1.67
-0.67
-5.0
1.0
4.67
4.33
-2.0
1.33
4.0
-1.67
1.0
7.0
7.0
-1.0
0.0
6.67
2.33
0.67
1.0
5.67
0.67
-3.0
3.0
-3.67
2.0
0.67
6.33
6.0
6.0
-2.67
6.67
5.67
5.0
7.33
-6.33
6.67
-1.33
7.67
1.67
-0.67
10.67
2.33
3.33
-5.0
-2.0
2.0
9.0
2.67
3.67
-0.33
-0.67
1.67
6.0
-5.33
4.67
1.67
-0.67
7.67
-1.33
9.33
7.0
-0.67
3.67
-2.0
3.67
-2.33
7.33
8.67
7.0
8.33
9.0
5.0
-1.67
-0.67
7.0
3.33
4.0
4.67
8.33
-1.0
-1.0
-4.0
3.0
7.0
4.67
1.0
-2.0
5.0
0.0
3.67
2.33
-5.0
5.33
-1.67
2.67
2.67
0.0
0.0
5.67
-1.67
3.33
3.33
9.0
-1.67
-2.0
14.0
3.67
4.0
7.0
3.33
8.67
-3.0
-2.67
3.67
10.67
5.0
2.0
-2.67
7.0
3.0
7.67
12.67
3.0
5.67
0.67
4.67
-2.0
7.33
-1.67
4.33
15.0
1.33
8.33
5.0
-3.67
-5.0
-1.67
-0.33
-1.0
3.33
0.0
0.67
2.0
5.33
0.0
-4.0
6.67
4.33
-0.67
0.0
6.0
7.67
3.67
-1.33
-2.67
6.33
6.0
-1.0
-0.33
1.67
1.33
3.0
-0.67
1.33
3.33
2.67
9.33
-2.33
0.33
3.0
5.67
4.33
4.0
4.33
7.33
3.0
-0.67
3.33
8.0
0.67
1.0
3.67
-1.67
4.33
4.0
-1.0
6.67
5.0
1.33
-1.67
6.0
3.67
5.33
3.33
-4.0
6.33
-4.33
10.67
4.0
6.33
-0.67
3.0
6.33
4.67
2.67
2.0
-0.33
6.0
-3.0
-3.33
2.0
9.33
7.0
3.67
-2.33
1.67
1.67
2.33
2.33
15.67
2.67
5.0
-1.33
6.33
3.33
-0.67
-2.67
4.67
-1.0
-4.67
-1.0
4.67
2.0
2.67
-2.33
2.33
7.67
9.0
1.33
11.0
7.67
5.33
4.67
2.67
4.67
3.67
9.0
2.0
1.0
0.0
2.0
-2.0
2.67
0.33
1.67
-4.67
2.67
5.67
-1.33
2.33
5.0
-1.33
1.0
6.0
0.0
1.67
4.67
2.67
9.33
1.67
8.33
0.67
-1.33
1.33
5.0
6.33
-1.0
-2.0
2.67
1.67
1.33
-3.67
1.0
3.67
2.67
-0.33
-1.0
-0.33
1.0
3.67
6.33
6.67
-2.33
9.0
1.0
2.33
0.67
-0.67
-2.0
10.33
1.0
-0.67
2.67
6.67
4.0
6.67
-2.0
2.0
1.33
-3.0
-1.0
2.67
-1.67
3.33
7.33
3.33
1.33
1.0
-2.0
3.67
6.0
-0.67
3.67
2.33
-0.67
3.33
4.33
1.67
-0.33
-2.67
2.67
-2.0
3.67
2.33
1.0
4.0
-1.67
2.0
-4.67
-0.33
-1.33
5.33
3.33
-3.33
3.67
0.0
4.33
4.67
5.33
-2.67
2.0
4.33
1.33
4.67
-2.0
4.0
0.33
5.67
4.0
-1.33
3.33
3.0
3.33
0.0
2.33
3.33
3.33
0.0
1.67
-1.33
2.0
6.0
2.33
2.0
0.67
-2.0
-2.67
3.33
0.0
-1.67
0.67
1.0
-2.33
4.0
8.33
4.67
0.0
7.0
6.67
-0.33
-1.33
3.67
3.67
2.67
4.0
-2.33
-0.33
4.0
8.0
5.0
-1.67
-4.33
1.33
-1.33
6.0
6.0
2.67
-1.33
-0.67
1.0
1.33
2.33
1.0
2.67
-4.0
2.67
-0.33
3.0
-1.33
1.0
-1.67
4.33
4.0
6.67
-1.33
1.67
4.33
4.67
-2.0
4.33
-4.67
2.0
0.33
4.67
5.33
2.33
5.33
2.67
2.33
-1.0
-2.0
3.0
-3.33
5.67
1.67
-0.33
-2.67
2.67
1.67
2.0
6.67
0.0
1.67
-2.33
6.0
-2.33
2.67
1.33
-0.67
-2.67
1.0
3.67
3.33
4.33
6.67
2.0
-1.33
2.0
0.0
-0.33
0.33
2.33
1.0
-0.67
3.67
3.0
3.33
2.0
2.67
4.33
-1.0
2.0
2.67
5.0
0.67
-1.0
-3.0
2.33
-2.0
-2.0
-1.33
-0.33
-1.33
-2.0
-5.33
2.0
-1.33
0.67
1.0
-5.33
-2.67
1.67
-3.33
4.67
0.67
-2.67
3.0
9.0
0.0
-1.67
-4.33
-1.33
-5.0
-4.67
4.67
-3.0
0.0
0.33
1.0
-4.33
-3.0
0.0
-3.33
1.33
1.0
0.0
-5.67
-0.67
-5.0
-3.67
-3.67
-1.67
-0.67
-1.33
-5.0
1.33
3.67
1.0
-5.67
3.0
1.33
6.67
-1.33
-1.0
-5.33
-2.0
-2.33
-1.33
-2.67
-4.0
-3.67
-1.33
-1.67
2.0
1.33
-2.67
-3.67
-6.0
-1.67
0.33
-5.0
-1.0
-0.67
3.67
-4.33
1.0
-3.67
-4.0
-5.0
4.33
-3.33
-2.33
-2.67
-3.67
-4.67
-6.33
-4.33
-3.0
-0.33
-5.33
-0.33
-3.0
-0.67
-4.67
-5.67
-2.0
1.67
-2.33
-0.67
-5.67
-2.67
-3.33
1.67
-4.0
-0.33
-6.67
-0.67
-4.33
-2.0
-3.33
-7.33
-6.67
3.0
-1.0
-3.0
-2.33
-0.67
-1.33
-1.67
-9.33
-5.0
-0.67
0.33
-6.0
-7.67
-7.0
1.33
-1.0
-8.0
-12.0
-2.33
-9.67
-3.67
-7.67
-5.0
-2.67
3.33
-6.33
-1.33
-0.67
-0.67
2.67
-0.67
5.0
-2.33
-0.67
-3.33
5.33
-2.67
-6.67
-5.67
1.33
-9.67
-2.33
-4.33
-7.67
-6.33
0.67
0.0
-4.33
2.67
-7.67
-4.67
0.0
-0.33
-4.0
2.33
1.33
-1.67
0.0
-6.0
-2.33
5.33
2.0
3.0
-3.0
-1.33
2.67
-8.0
-9.0
5.0
-6.67
-3.67
-2.67
-6.67
-1.67
3.0
-8.33
-9.67
-1.33
0.33
-6.67
4.67
-4.67
-5.67
1.0
-2.33
-3.33
-1.0
-2.67
-4.33
-1.67
-6.67
-11.0
-7.33
-4.33
-3.33
-3.33
-7.67
-5.33
-1.0
-5.67
-7.0
-7.0
-5.67
-5.33
-2.0
-0.67
-4.33
-6.33
-5.0
-4.33
-2.33
-4.67
-5.33
4.67
5.0
3.33
6.33
-4.0
8.33
-2.33
-4.0
-1.67
1.33
-1.67
-6.0
-2.0
-12.0
2.33
1.33
2.67
-4.67
2.67
-4.33
3.67
-3.67
-1.0
-1.0
0.67
2.67
-2.67
-1.67
-0.33
-1.67
2.67
-1.33
-2.67
-10.0
-5.0
-5.0
1.67
-6.33
-4.33
-2.67
1.67
-5.67
-3.67
-1.0
-10.67
0.67
-0.33
-4.0
1.67
-12.67
6.0
-4.33
5.33
-6.0
-4.33
2.33
5.67
-0.67
-1.67
-3.33
-3.0
-5.0
2.33
-8.0
-7.0
-2.33
1.67
-16.0
5.0
1.67
-2.0
3.67
-4.0
1.67
-3.33
1.33
-5.0
6.0
2.0
-8.33
5.0
1.67
1.33
1.0
-2.33
0.0
3.33
8.33
1.33
3.0
4.67
4.33
17.33
8.67
6.33
3.0
10.0
10.33
20.67
5.67
4.67
3.33
7.67
16.33
-4.0
4.33
4.33
0.33
3.0
-6.33
4.0
3.33
5.33
5.33
-6.0
0.33
-2.0
-6.0
1.0
-3.0
-4.33
1.33
5.67
4.67
1.67
9.33
-2.0
-7.0
0.0
0.67
-0.67
10.0
-5.0
15.0
0.67
-1.0
8.0
8.0
7.0
14.33
12.33
21.0
11.0
16.0
7.0
10.67
9.0
22.67
8.33
8.33
8.0
3.0
2.33
-1.0
16.0
-1.0
5.33
1.67
-2.0
5.67
3.67
-1.0
-2.33
0.33
-4.33
-2.0
6.33
2.33
2.33
-4.0
1.67
-1.0
10.67
0.67
8.0
8.67
-2.33
13.33
4.0
6.0
1.0
-0.67
14.67
2.0
5.33
-1.67
10.67
8.0
5.0
26.0
5.0
9.67
5.0
7.0
14.0
11.67
11.33
8.0
14.67
13.0
11.67
15.67
10.33
19.0
11.33
12.0
10.67
6.0
7.67
12.67
9.0
18.33
3.67
7.67
12.0
9.33
12.0
3.33
5.0
3.33
13.0
18.33
9.33
10.33
7.0
11.0
7.67
10.33
10.67
6.33
15.67
14.33
9.0
8.0
1.67
11.67
8.67
19.33
24.67
5.33
9.67
3.67
6.33
12.0
1.0
18.0
9.0
8.33
12.33
21.67
19.67
10.67
21.67
19.67
17.33
14.33
11.0
11.67
7.33
8.0
3.0
17.0
4.0
2.0
9.67
14.33
8.0
6.0
11.33
10.0
0.33
7.33
10.0
-2.67
8.67
3.0
7.67
5.0
10.67
-5.0
7.33
0.0
0.33
0.33
5.33
14.0
1.0
9.33
2.67
10.33
9.0
14.33
9.0
19.33
9.33
6.0
16.0
14.33
14.0
0.33
8.33
13.0
15.67
2.33
22.67
5.67
0.0
6.67
13.0
16.0
10.0
30.67
8.0
10.67
10.0
9.33
12.0
6.67
3.33
10.33
2.0
3.0
16.0
5.67
8.67
10.33
0.0
19.33
22.67
15.0
18.33
10.67
12.33
22.33
20.33
45.33
36.33
18.0
30.67
42.33
43.67
25.67
36.33
38.67
54.0
65.33
38.67
66.67
73.0
71.33
86.33
86.67
72.0
86.33
52.67
64.0
38.67
67.0
43.33
41.67
40.67
22.67
42.33
25.33
34.67
39.67
24.67
18.0
17.67
18.67
9.33
14.0
7.33
21.33
21.0
24.67
16.33
21.0
6.67
29.33
22.33
30.0
30.33
28.67
35.0
48.67
37.33
33.67
35.67
45.0
40.67
43.67
41.33
47.67
44.33
32.67
45.0
31.67
38.67
23.33
24.67
33.67
38.67
34.0
40.67
39.0
38.0
27.67
38.0
39.33
27.67
39.67
43.0
51.0
38.67
55.0
34.67
35.0
35.67
44.33
37.33
19.67
31.0
22.33
10.0
23.0
15.67
29.0
5.67
16.67
2.0
9.0
16.33
19.67
17.67
11.33
3.33
22.0
2.67
4.33
0.0
11.33
-2.33
-0.67
2.33
6.33
7.33
1.67
9.0
0.67
8.33
8.67
15.0
15.67
13.67
1.0
9.0
6.0
10.0
8.0
-5.0
-0.67
12.67
17.0
21.0
5.33
11.0
5.67
29.33
16.67
14.33
8.33
19.33
9.67
19.67
14.0
20.0
15.67
21.0
21.67
8.67
12.67
23.0
32.33
18.0
9.33
17.67
20.67
9.0
16.33
28.33
4.67
16.0
17.33
38.0
18.67
10.33
22.0
-4.0
26.67
11.0
24.0
21.33
8.0
8.67
15.33
15.33
-1.33
23.0
1.67
12.67
27.0
8.33
11.0
7.67
26.33
10.67
24.0
9.33
22.33
15.33
14.0
6.0
14.0
20.0
7.67
18.67
-0.33
11.33
13.33
17.0
16.33
17.33
10.33
16.67
23.33
13.67
5.33
16.0
17.0
15.67
-3.67
17.33
-1.67
6.33
7.0
1.0
12.67
10.67
6.0
5.0
12.67
13.67
3.0
3.0
3.33
0.67
-1.33
20.0
-3.67
7.33
-3.0
-3.67
16.33
0.67
-7.0
3.33
8.67
7.33
7.33
10.0
5.0
-9.67
-3.33
8.67
16.33
1.67
8.0
5.67
10.0
2.67
7.67
1.67
8.0
7.67
-3.0
3.67
-3.67
-7.67
3.0
21.33
9.33
17.33
24.33
22.67
15.33
9.0
-2.0
7.0
7.67
-0.33
8.0
13.67
5.0
14.0
1.33
18.33
2.33
-4.33
4.33
0.67
5.33
8.0
-2.0
17.0
3.33
13.0
1.67
3.33
-1.0
7.67
9.0
13.0
-0.33
4.33
2.33
4.67
2.33
9.67
-3.67
0.0
3.33
12.67
12.0
0.67
-7.0
13.67
7.0
-3.0
2.67
12.33
-13.0
2.33
4.33
7.67
-2.67
14.0
8.33
4.33
-2.0
-8.0
8.67
12.33
5.67
7.67
6.67
18.67
-6.0
3.0
7.67
4.0
12.33
9.0
-2.33
12.33
1.67
10.33
7.0
9.33
20.33
7.67
9.0
9.0
5.33
9.33
5.0
6.33
11.0
2.67
6.0
6.33
10.0
-2.67
5.33
10.67
3.33
14.67
12.0
6.67
3.67
-1.0
12.0
6.0
5.0
7.67
18.0
7.67
14.67
8.67
9.0
6.67
-7.0
12.0
10.33
10.0
10.33
16.33
10.33
7.0
5.33
11.33
0.0
10.33
16.0
8.33
4.0
9.33
11.0
7.67
14.33
2.33
14.0
10.67
13.67
25.0
9.33
-2.0
5.0
1.0
4.0
1.67
17.67
0.33
5.0
13.33
7.67
10.0
21.0
19.33
13.0
11.0
10.0
17.67
16.33
-3.67
-5.0
5.67
-7.33
1.0
6.67
6.33
14.33
2.0
7.0
15.0
2.67
9.0
14.33
14.33
12.67
11.33
7.33
5.0
16.0
10.33
16.0
3.67
14.0
6.0
11.33
19.0
3.33
2.33
-0.33
13.0
4.0
13.67
8.0
11.67
2.0
10.67
15.67
19.0
17.67
7.0
15.0
6.0
8.67
10.0
12.67
-2.67
6.0
1.0
6.0
10.33
9.67
19.67
7.0
11.33
15.33
34.33
20.33
-2.0
5.0
0.67
6.0
7.67
-1.33
3.0
4.67
13.67
6.0
0.0
7.33
2.0
8.67
9.33
3.0
8.33
3.33
-0.67
7.67
6.33
10.0
-4.33
10.0
-3.33
6.67
6.67
7.33
12.33
5.0
7.67
11.33
8.67
0.33
13.33
-4.67
-1.0
-1.0
4.0
5.33
-2.33
12.67
2.67
2.67
8.33
2.67
4.67
4.0
-1.33
6.33
-2.33
-2.67
5.0
3.67
13.0
-7.0
11.0
-7.0
9.0
5.67
-4.67
3.0
-1.67
2.33
7.33
-3.0
12.67
6.33
3.67
4.33
-0.33
10.33
-1.67
-1.67
5.67
24.33
-4.33
-5.67
-0.33
10.0
3.67
9.33
1.33
11.0
-2.0
-3.0
-6.33
5.33
7.0
-3.67
-6.67
-3.67
3.0
17.33
9.0
-9.33
18.0
9.33
3.0
6.33
14.67
11.67
-1.0
0.33
4.33
2.0
6.67
6.33
-6.0
0.0
1.33
15.0
5.67
-2.67
12.67
7.0
3.33
4.33
9.67
14.0
-0.33
7.33
3.33
6.67
-0.67
4.67
-0.67
-3.33
3.67
5.33
2.67
1.67
3.33
16.0
-6.33
3.0
-1.0
10.67
7.0
12.0
1.33
7.0
5.67
-3.33
3.67
7.67
1.67
0.33
3.33
-1.33
6.0
9.33
8.33
10.0
-2.33
-0.67
0.33
3.67
11.67
-6.67
7.67
6.0
7.0
5.67
-2.0
2.67
1.33
-1.0
6.33
5.67
4.0
-9.67
5.67
10.33
-0.67
9.67
4.33
-0.33
12.33
1.67
3.33
7.33
2.33
5.0
6.0
8.0
9.33
5.33
-0.67
3.67
2.67
2.67
-6.33
1.67
-1.33
-4.33
1.67
4.67
-0.33
1.0
3.67
-0.33
-8.33
5.67
4.33
3.33
8.33
4.33
8.67
12.67
4.0
5.67
-5.0
5.67
14.33
9.67
-1.67
-4.0
9.0
1.67
1.67
3.67
2.33
3.33
3.67
5.0
7.0
0.67
0.0
-5.67
8.33
1.0
4.67
7.67
2.67
2.67
6.67
9.67
6.67
-0.67
10.67
5.67
2.0
9.0
0.0
1.33
-5.33
7.67
1.33
1.33
-2.33
3.67
-0.67
4.67
5.0
8.0
5.33
6.0
-3.67
-1.33
8.33
-2.0
7.67
0.67
-2.33
-2.0
0.0
13.33
-4.67
-3.0
-2.0
0.0
-1.0
6.67
12.67
1.0
8.0
0.0
1.0
-3.67
1.67
-3.67
-0.33
8.0
1.0
0.0
5.67
1.33
6.0
-1.0
-2.67
2.33
3.0
1.67
1.0
3.0
3.0
8.0
7.0
0.33
5.33
5.33
-2.33
-2.33
3.33
9.33
0.67
2.67
2.33
-0.33
4.0
1.67
2.67
-1.0
1.67
0.33
-3.0
0.0
-5.67
1.67
1.0
8.0
-1.67
-2.0
-3.33
-1.0
3.67
1.67
2.67
6.67
-3.0
7.0
4.0
4.0
3.33
3.33
-2.67
8.0
4.0
-0.67
9.0
5.0
1.0
-0.67
-1.67
-1.67
8.0
-3.67
3.0
-0.67
-3.67
-4.0
2.0
3.33
8.67
-3.0
3.67
4.0
-3.33
0.67
-0.33
-3.33
-3.0
5.0
-3.67
2.33
-4.33
7.67
7.67
-2.0
1.67
1.67
0.67
3.33
4.67
-3.0
0.33
3.0
4.0
-5.0
-6.33
-7.33
1.0
0.0
0.67
5.67
4.67
0.33
5.67
6.33
0.0
2.67
2.67
-2.67
6.67
10.33
2.33
1.33
5.0
-1.0
1.0
3.33
