0.0
30.0
40.67
-3.0
-21.0
56.33
113.33
-16.0
45.33
-23.67
-76.0
-48.0
14.67
-9.33
11.0
8.33
21.33
7.67
-34.0
-47.33
16.33
7.33
-19.33
-9.33
-33.0
-30.0
-9.67
-23.0
-8.67
-10.0
7.33
-3.33
1.33
-0.67
-7.0
4.0
2.33
0.0
0.0
-0.33
0.33
0.33
-0.33
0.0
0.67
0.67
0.0
-0.33
0.0
0.0
1.0
0.0
0.0
-0.33
0.0
-0.33
0.0
-1.0
-0.67
0.0
0.67
-0.33
0.0
-0.33
0.0
0.0
0.0
0.33
-0.33
0.0
0.67
-0.33
0.0
0.67
-0.33
0.67
0.33
-1.33
1.0
0.67
0.0
1.33
-0.33
-0.67
-0.67
-1.0
-0.67
0.67
-0.33
1.67
-0.33
-1.0
1.67
-1.0
0.33
1.0
0.0
1.33
0.67
-0.67
-2.33
1.67
1.67
-0.33
0.33
1.0
1.67
-1.33
0.0
0.67
0.0
1.0
3.33
1.33
0.67
0.0
1.0
2.33
-1.0
0.0
-0.33
-0.33
2.67
-2.67
1.67
2.33
-1.0
8.0
1.33
-5.67
-1.67
2.0
-1.0
-3.33
1.33
-4.0
-0.67
5.0
2.33
6.0
6.0
10.0
6.0
-1.0
4.67
1.33
1.67
-3.0
4.67
-1.33
0.0
0.0
-2.67
1.0
2.67
3.33
8.0
2.0
4.33
-2.33
1.67
1.0
4.33
0.67
0.67
-3.33
10.67
0.67
2.33
3.67
1.33
6.33
1.0
-4.0
6.0
7.0
11.67
2.67
2.67
13.33
8.67
10.0
-1.33
1.67
-0.33
-1.67
-0.33
11.67
4.33
6.0
1.33
2.67
2.0
1.67
5.67
0.33
4.67
7.0
2.33
4.0
7.0
-3.67
7.33
11.0
6.33
2.0
-1.33
7.33
5.0
3.0
2.0
11.0
11.0
4.67
1.0
-1.0
5.0
-8.0
-3.33
-2.67
-5.0
0.33
2.33
-0.33
4.67
1.0
4.0
4.67
0.33
5.33
5.33
10.0
-2.67
2.0
3.0
9.67
5.0
8.0
4.33
2.67
-1.0
-3.67
0.67
-2.33
4.0
10.0
1.33
5.0
-1.0
-3.33
-3.33
2.0
8.67
5.67
-1.33
4.0
7.33
1.33
-0.67
8.0
-2.67
0.33
6.0
1.33
-2.0
-4.67
3.67
-3.0
5.33
2.0
0.67
1.0
-1.67
5.0
1.0
0.67
-0.67
6.33
-1.0
1.0
9.67
2.67
-1.33
-0.67
5.33
8.0
0.0
4.67
-3.33
4.33
7.0
10.33
-2.67
-5.67
0.67
1.33
9.67
5.33
8.0
-0.33
1.33
1.0
5.33
0.33
2.0
1.33
1.33
2.0
1.67
0.0
1.67
0.33
2.33
1.0
5.0
-1.33
2.0
-0.67
-1.67
0.0
2.67
-0.67
-0.67
4.0
3.33
-10.33
-0.33
7.0
2.33
2.33
-1.0
-2.67
4.67
8.67
0.0
-2.33
0.0
1.0
-5.33
2.0
4.33
4.0
1.67
4.67
5.67
-1.33
1.33
4.33
2.67
3.67
10.0
-0.33
7.33
-0.67
-4.67
3.33
4.67
1.0
-0.67
-6.0
-1.33
-1.0
1.67
-4.33
-0.67
-1.33
1.0
0.33
1.0
2.67
3.33
3.67
-1.33
4.67
1.67
7.0
6.0
9.0
4.0
-4.0
-4.0
2.67
3.33
10.67
-1.67
1.67
3.67
3.67
3.33
4.0
-4.33
3.0
3.0
3.0
8.67
-3.33
4.67
3.33
10.67
-1.67
0.67
1.67
2.33
2.0
-2.67
3.0
-2.0
-3.33
-1.33
4.33
-6.67
-1.0
-1.33
-1.33
5.67
-7.0
-0.33
0.0
0.67
1.33
1.67
-4.33
2.0
3.0
-0.67
-3.33
-0.67
-3.0
6.33
2.0
2.33
8.67
-3.33
4.0
1.67
2.0
-3.0
4.33
-3.0
-2.0
1.67
1.33
6.33
2.33
4.33
-3.67
2.0
1.0
2.67
0.0
6.33
4.67
3.33
1.33
3.33
-1.67
5.67
1.67
-0.67
2.67
3.0
-0.33
-0.67
0.0
2.0
-2.67
-2.0
2.33
-3.33
1.67
-5.67
4.33
-0.33
5.67
-2.0
4.33
-0.33
4.33
-4.67
-1.0
1.33
-1.67
-2.33
0.0
0.0
0.33
1.67
4.0
4.67
5.33
1.0
-0.67
1.0
0.33
0.33
-3.67
4.0
-6.33
2.67
9.0
-1.0
0.33
6.0
-4.33
2.0
-5.67
0.33
3.0
-0.67
0.67
-1.0
-0.33
0.0
7.33
-3.33
3.0
3.0
0.67
2.67
2.67
-1.33
2.67
-3.33
2.0
4.67
-1.33
1.0
0.0
3.0
2.33
-3.33
-0.67
-2.33
1.0
1.0
1.67
-0.33
4.33
1.0
-1.67
-3.67
0.0
1.67
-1.0
0.67
1.67
-4.0
0.67
3.0
1.33
2.33
2.0
-0.33
1.67
2.67
0.33
1.67
-3.0
0.33
2.33
2.0
-1.67
2.67
5.33
-1.67
-2.67
6.67
2.33
-1.0
-1.0
2.0
-4.33
0.67
2.67
-5.33
0.33
-0.33
1.67
1.0
-3.33
-2.0
6.67
-4.33
5.0
-0.33
1.67
-0.67
1.33
-1.67
1.0
0.67
-0.67
1.33
1.67
1.0
0.67
4.0
4.0
0.67
-0.67
4.33
3.0
7.33
-2.33
2.0
-2.67
5.0
-3.33
4.33
-1.0
-1.0
2.67
6.0
3.67
-4.0
-2.0
-3.67
-2.0
-3.0
-0.33
-0.33
0.67
-3.0
-3.33
2.0
0.67
-1.33
6.0
-2.33
-1.67
-1.33
2.67
-0.33
-4.33
2.33
1.0
-3.0
-3.0
0.33
1.67
-1.33
-4.0
-0.67
1.67
-2.0
-2.0
0.33
-1.0
-1.33
-5.0
1.0
-4.33
3.33
-1.0
0.0
-4.67
-0.67
-7.0
-6.67
3.33
-1.67
0.33
-4.33
-2.0
-1.67
-3.33
-5.0
-5.67
1.0
-1.67
-2.33
-1.33
-1.0
-6.33
7.0
-2.33
-4.33
0.33
-2.0
-3.67
-3.33
-0.67
1.0
5.33
-1.67
4.33
-5.0
-2.67
-2.67
-4.0
-2.0
-0.67
-4.33
-0.33
-2.0
-2.67
1.0
-1.0
1.33
-3.33
-4.33
-3.67
0.33
-2.67
-3.33
-3.33
-2.0
-3.33
-3.33
-2.33
-3.0
-4.67
-6.67
1.33
-3.0
0.67
-4.33
-8.67
-3.67
-6.67
-6.33
-4.33
0.0
2.67
-4.67
-3.67
-1.33
3.0
-0.33
-8.33
-2.67
-2.0
-6.0
-1.0
-3.33
-0.67
-3.33
1.33
-6.33
-6.0
-0.67
-0.67
0.0
-1.67
-6.0
-0.67
-5.0
-5.0
-9.0
0.67
-3.67
-4.67
-11.67
-1.0
-0.67
3.33
-6.33
-5.33
-5.67
2.33
-5.33
0.33
-5.0
-3.33
-3.67
-5.33
1.33
-10.67
-5.67
-3.67
1.33
-8.67
-5.33
-6.33
-1.67
-6.33
-9.33
-5.0
-4.33
-2.33
-4.67
-2.67
-2.0
-3.33
-6.0
3.33
1.33
-4.67
1.0
-11.0
4.67
2.33
-7.0
-6.0
0.0
-3.33
-1.33
0.0
-7.0
0.0
-0.67
0.33
-2.67
-1.67
-4.67
-3.0
-4.33
-6.67
5.67
-0.67
4.33
2.67
-5.67
-9.67
-4.0
-1.33
-6.33
3.0
-3.67
-7.33
-5.67
-0.67
-6.0
-7.33
1.67
-4.33
-8.33
-4.67
-3.33
-3.0
0.33
-13.0
-4.0
-4.67
-2.33
-1.0
-3.67
-1.33
-7.33
-7.0
-8.33
4.67
-2.67
-0.33
-2.33
1.0
-4.67
-1.67
5.0
5.33
2.67
-1.0
-7.67
-6.67
1.33
-5.0
-1.0
-3.0
0.33
1.33
-0.33
-2.67
2.67
-2.33
-3.33
-8.67
6.0
0.0
0.67
3.67
1.33
-2.67
-0.33
3.33
-2.33
0.67
-3.67
-8.0
-1.0
-1.0
-4.33
-0.33
-3.33
-2.67
1.67
-3.67
-2.67
6.0
-5.67
-0.33
-5.33
-1.0
4.67
-9.67
11.0
1.67
1.33
-4.0
-6.33
12.33
-2.33
-3.67
-4.67
-4.33
4.0
-8.0
0.33
-8.0
-2.0
-10.33
-12.33
-12.0
4.0
-5.33
0.0
6.67
-9.0
0.67
-9.33
-0.67
-8.0
5.0
1.0
0.67
-3.0
4.67
1.33
-1.0
10.67
9.0
5.33
2.33
18.33
19.0
4.67
11.33
17.33
25.67
23.33
33.0
21.0
22.33
32.67
31.67
28.67
8.33
22.67
16.33
18.0
17.33
-1.67
16.33
-6.0
-2.33
0.0
10.33
1.33
0.33
0.0
-2.67
-3.0
-4.0
2.0
3.0
0.67
-4.67
-2.33
-1.33
-0.33
-0.67
-3.0
0.0
5.0
-0.33
-3.67
7.0
6.0
9.0
-3.33
4.0
2.0
19.0
-3.0
12.33
13.33
16.0
8.0
8.0
11.0
10.67
8.0
2.67
8.33
11.33
6.0
-2.0
1.33
5.0
3.0
2.0
-1.67
-1.33
-3.0
3.67
3.67
2.0
-3.33
4.33
-4.33
2.0
7.33
7.33
0.33
-14.0
5.67
5.0
0.67
0.67
7.0
3.67
2.67
7.33
6.0
12.0
4.0
6.33
7.67
7.0
1.33
0.33
1.67
4.0
8.0
11.0
4.0
-5.33
-3.0
8.0
11.0
7.67
4.33
3.0
1.67
7.0
0.67
8.67
14.33
8.0
3.33
10.0
9.67
16.0
8.67
13.67
7.0
19.33
15.67
15.67
23.0
14.33
15.0
7.33
20.0
12.33
23.0
21.33
25.33
23.33
25.0
15.0
16.67
3.33
7.67
13.33
15.67
6.33
10.0
1.0
12.67
11.67
4.67
12.33
6.67
2.33
10.67
23.67
8.33
21.0
4.0
11.0
7.0
10.33
12.33
23.67
9.67
6.67
13.67
8.67
2.33
9.33
10.0
5.67
15.33
0.0
7.0
16.0
13.0
5.0
3.67
6.33
14.0
4.0
14.33
2.0
9.33
9.33
11.0
10.33
8.67
14.0
0.67
9.0
2.67
8.0
2.33
4.0
5.33
-1.67
8.33
7.0
5.0
18.33
-3.33
6.33
7.0
4.33
5.0
7.33
15.33
2.0
4.0
17.33
22.0
13.33
10.33
38.0
21.67
14.33
17.67
13.67
12.0
24.67
23.0
30.0
25.0
6.67
15.0
3.67
23.0
12.33
3.0
10.67
25.33
4.33
22.0
12.0
8.0
-0.33
14.67
8.33
11.0
30.33
13.67
21.0
16.33
17.67
29.33
31.33
42.33
59.33
53.33
62.0
52.67
72.33
98.67
68.67
77.33
52.67
66.0
82.33
106.67
106.67
110.0
106.33
106.33
103.67
117.0
118.33
109.67
136.0
100.67
108.0
85.33
75.67
78.67
64.67
70.33
51.33
40.67
42.67
43.67
31.0
35.67
15.67
32.33
28.0
25.33
11.33
18.0
20.67
16.33
11.0
12.67
27.33
18.33
12.0
10.33
34.67
18.0
25.67
11.33
22.67
15.67
17.0
20.67
26.67
29.33
26.67
37.33
26.67
31.0
37.67
28.67
42.33
31.67
34.67
46.67
44.0
40.67
55.0
57.0
58.67
50.0
61.33
64.67
49.67
64.0
55.0
49.67
66.0
42.67
39.0
29.67
43.33
38.33
33.67
27.0
16.33
29.0
19.0
12.67
21.0
18.67
14.67
20.0
11.0
4.33
14.67
13.67
3.33
13.33
0.0
2.67
7.33
13.0
10.33
11.67
4.33
3.33
5.33
12.33
6.67
11.0
-1.33
14.33
0.67
20.0
6.67
23.67
-3.0
13.0
0.0
3.0
7.0
1.0
14.33
12.67
12.0
17.0
9.33
4.0
9.67
27.33
11.67
24.33
27.33
21.33
9.67
7.67
9.0
32.0
33.67
27.0
25.67
18.67
14.67
38.0
25.33
45.0
22.33
25.67
27.67
27.0
37.33
29.33
34.67
26.0
40.33
24.0
20.67
18.33
24.0
19.0
24.67
11.0
17.0
18.33
27.0
13.67
13.33
17.33
21.67
11.0
26.67
16.67
25.0
12.33
22.0
19.67
21.33
16.67
8.0
22.33
27.33
12.33
11.0
12.0
27.0
34.0
30.67
32.67
12.67
17.33
22.33
25.0
20.33
22.33
22.33
22.67
19.33
28.67
4.33
3.0
23.0
12.67
7.33
19.33
12.33
2.33
7.0
6.0
2.67
12.67
2.0
20.0
11.67
10.67
11.0
20.0
10.33
1.67
11.67
14.0
-4.67
12.33
1.0
0.33
16.33
0.67
3.0
1.33
5.67
10.33
-2.67
3.0
13.0
8.33
11.67
14.67
8.33
3.67
14.0
0.67
0.0
5.67
-2.33
12.67
12.0
11.67
11.0
4.67
16.33
10.33
3.0
11.33
19.33
6.33
8.33
9.67
-5.67
-3.0
2.0
6.0
-2.33
-4.33
9.0
22.67
18.0
13.0
10.33
19.33
4.33
3.67
13.33
7.67
-0.67
2.0
3.0
14.0
6.33
7.0
15.67
4.33
9.0
0.67
10.0
19.0
8.67
23.33
0.33
-5.33
-3.67
14.67
-2.67
2.0
15.33
22.67
10.0
-2.33
7.0
5.67
-2.0
7.0
-8.33
0.33
4.0
3.33
-3.67
-1.33
2.33
-4.0
5.33
10.33
6.0
-2.0
8.67
12.33
1.67
-0.33
5.67
18.67
-8.0
23.0
8.67
-3.0
10.33
15.0
5.67
3.33
-2.33
0.33
11.0
14.33
12.33
7.67
-6.0
7.0
12.33
-2.67
13.0
-7.67
17.0
2.67
0.0
12.33
12.0
12.33
7.33
9.67
-2.67
20.67
3.0
14.67
13.67
0.0
7.0
2.0
0.0
19.67
5.0
5.67
1.67
12.67
18.0
6.67
9.0
6.0
18.33
19.0
7.33
19.33
6.33
12.0
8.33
1.33
13.0
13.33
12.0
2.33
13.0
0.33
14.0
6.67
13.33
3.33
2.0
9.67
11.67
3.0
7.33
2.0
3.0
15.0
-4.0
5.67
6.67
8.33
12.0
28.33
4.67
21.0
9.0
13.33
16.0
1.0
-11.0
0.67
15.33
8.33
1.0
10.67
-1.33
-7.0
-0.33
-7.67
9.33
4.0
10.0
10.0
5.67
11.0
19.33
17.33
9.67
0.33
0.33
26.0
5.0
7.33
11.0
9.67
16.0
2.0
12.33
3.0
11.33
10.33
-0.33
17.0
12.0
15.67
3.0
11.67
2.0
8.67
19.67
15.0
16.67
19.0
23.0
4.0
6.67
20.0
11.67
15.33
18.0
8.0
12.0
4.33
11.67
4.67
1.0
6.33
-0.67
20.33
23.33
10.0
5.0
6.67
4.0
2.67
9.67
6.0
-5.33
8.67
20.0
1.0
-12.67
9.0
-0.33
9.33
10.0
-9.67
-5.67
-5.67
7.67
7.33
-2.0
9.67
5.0
-3.33
2.67
8.67
1.33
6.33
0.0
9.67
8.33
-3.33
4.33
7.33
0.33
6.0
5.0
2.0
4.33
14.67
8.67
0.67
-3.33
15.33
-6.33
8.67
11.0
4.67
3.33
1.67
-8.67
11.0
-0.33
-3.0
7.0
5.0
-6.0
7.0
-0.33
10.33
1.0
-3.67
0.33
2.33
1.0
8.67
-4.67
17.67
7.33
-7.33
-3.67
9.33
-2.67
-0.33
2.33
-3.33
-5.67
2.67
12.0
-4.33
6.33
-6.67
4.0
1.0
-5.0
-1.33
11.33
6.0
-4.67
-0.67
9.33
4.0
-2.67
5.0
0.67
2.0
-1.67
10.0
1.33
-0.33
3.67
0.0
-0.67
-1.67
0.0
3.67
11.33
3.0
-2.0
9.33
12.0
6.67
7.33
10.67
6.0
2.33
-0.67
10.67
5.0
-0.33
-3.67
9.33
3.67
13.33
-0.33
-0.67
1.67
2.67
3.33
4.67
-3.33
0.33
6.0
0.67
3.0
0.0
-0.33
4.0
-5.0
5.33
-1.0
-6.33
9.67
-1.33
5.67
7.67
8.33
3.33
-0.33
-4.0
10.33
2.33
9.0
7.67
2.33
-4.67
-2.33
2.67
-1.67
1.67
3.0
2.0
-2.33
2.0
0.67
0.33
7.0
6.33
-1.33
1.0
-0.67
-1.33
0.33
10.33
8.67
-1.67
1.67
2.33
-5.33
2.33
2.33
2.33
5.0
-2.0
15.0
5.33
7.33
3.33
-0.33
-0.33
-4.33
1.67
5.67
12.67
-2.33
-1.33
4.67
5.67
-1.0
3.67
1.67
6.67
9.67
-0.67
-0.67
10.33
1.33
7.67
7.67
5.0
10.67
8.0
12.67
3.33
1.67
-1.67
10.0
2.0
6.67
-2.33
-0.33
4.33
-0.67
-5.33
1.0
13.0
-0.33
10.0
1.33
3.33
1.0
2.67
6.67
2.67
3.67
1.67
7.67
12.67
0.33
2.67
8.67
8.0
9.0
1.0
3.33
5.67
2.67
5.33
-4.67
5.67
11.67
0.33
7.67
-1.0
2.0
9.33
4.0
4.33
-1.33
8.33
-5.0
-0.33
-0.33
-0.33
6.0
3.0
8.33
1.33
-5.0
-4.0
7.0
4.0
-4.33
-0.33
4.0
8.0
0.0
-3.0
-2.67
13.67
-4.67
-0.33
-10.0
-2.0
2.0
5.67
3.33
8.0
10.0
5.33
14.33
5.0
4.67
1.0
6.0
-2.0
4.0
7.0
5.33
-0.67
-3.67
1.67
8.67
-2.67
-0.67
5.67
1.67
5.33
9.67
4.0
4.67
5.67
4.0
0.67
3.33
2.0
1.0
-1.67
2.67
0.0
5.0
3.33
-6.0
2.67
0.0
-1.33
1.67
2.67
3.67
6.0
5.0
5.0
5.0
-2.67
3.33
4.33
-4.0
11.0
3.33
3.0
3.0
-6.0
0.33
7.33
-10.67
4.0
3.33
-2.0
-0.67
1.33
2.0
-1.0
0.33
5.67
2.0
5.67
2.0
-2.33
-6.33
5.67
-0.33
-2.0
0.0
1.33
-1.67
-5.33
0.67
8.67
4.0
2.67
-3.33
0.67
4.33
-3.33
3.0
6.33
4.0
3.0
-3.0
-6.33
-3.33
5.0
5.0
0.67
-0.33
1.67
1.33
9.67
3.33
3.0
2.67
3.67
6.33
3.67
7.33
0.33
-5.67
3.0
2.0
-1.0
-0.67
