0.0
31.0
21.67
43.0
67.0
52.33
87.33
-74.0
-17.67
-53.67
69.0
21.0
109.67
2.67
0.0
76.33
-26.67
17.67
-26.0
-7.33
11.33
24.33
2.67
21.67
15.0
2.0
2.33
2.0
-4.67
6.0
-6.67
-6.33
-1.67
0.33
-2.0
0.0
-2.67
0.0
1.0
-0.33
0.33
-0.67
-0.33
-1.0
-0.33
0.67
1.0
-0.33
1.0
3.0
0.0
1.0
2.0
-0.33
0.0
-0.33
2.0
-1.0
-0.67
0.0
0.67
-0.33
0.0
-0.33
0.0
0.0
0.0
-0.67
0.67
1.0
0.67
1.67
3.0
-0.33
-0.33
0.67
0.33
-0.33
1.0
-0.33
0.0
-0.67
0.67
0.33
0.33
0.0
0.33
-0.33
-0.33
-0.33
-0.33
0.0
-0.33
-1.0
-0.67
2.0
0.0
1.33
0.67
-0.67
-2.33
3.67
-0.33
-0.33
2.33
-2.0
-2.33
-1.33
-1.0
1.67
-1.0
3.0
3.33
-1.67
2.67
-1.0
2.0
-1.67
1.0
-1.0
4.67
-0.33
0.67
-2.67
0.67
1.33
-3.0
4.0
0.33
-5.67
-2.67
-4.0
3.0
3.67
8.33
1.0
2.33
5.0
1.33
5.0
0.0
2.0
-5.0
10.0
7.67
0.33
0.67
2.0
10.67
0.67
4.0
2.0
1.33
6.0
-1.33
1.33
-7.0
2.0
-5.67
3.67
6.67
5.0
-0.67
0.67
0.67
-8.33
3.67
-2.33
4.33
1.67
8.33
4.33
-1.0
6.0
3.0
2.0
0.67
4.67
8.67
1.33
-0.33
13.0
-0.33
7.67
4.67
2.33
3.67
1.67
3.33
5.0
-0.67
5.67
4.0
2.67
0.67
2.33
4.67
2.0
6.33
1.0
9.0
-0.67
4.33
8.0
-1.67
8.0
6.67
0.33
-1.0
3.0
-1.0
0.0
1.0
11.67
13.0
2.0
0.0
-2.0
1.67
1.33
0.0
-0.67
2.33
1.67
7.67
12.0
0.0
3.67
4.33
-1.67
4.33
-3.0
0.33
0.0
1.0
1.67
4.0
8.0
4.33
1.67
3.0
5.33
-0.33
1.67
4.0
5.0
-1.67
1.0
6.0
-0.33
-0.33
1.0
7.67
-2.33
9.67
3.0
9.33
5.33
11.33
11.0
8.33
2.33
7.0
4.33
-4.0
-1.67
2.67
0.0
7.33
-1.0
5.67
4.0
4.33
5.0
-2.0
3.67
8.33
3.33
-2.0
5.0
1.67
6.67
-4.33
-1.67
4.33
5.0
1.0
3.67
4.67
7.33
3.0
9.33
5.33
6.33
1.67
6.33
0.67
-5.67
1.0
7.67
1.33
0.0
1.33
-5.67
2.0
3.33
6.33
-1.0
4.67
3.0
6.67
-3.67
-0.67
7.0
9.0
5.67
7.0
3.33
2.33
8.0
0.67
-0.67
7.33
1.0
10.33
-4.33
5.67
6.0
1.33
4.33
1.0
0.33
2.67
5.67
-1.0
1.67
4.0
-2.0
0.67
5.0
9.33
-1.0
6.67
-0.33
1.67
3.67
3.33
-1.67
4.67
2.67
6.0
0.67
4.33
0.33
-0.67
2.33
4.67
4.0
-1.67
-1.0
2.67
3.0
-2.33
2.67
2.33
-1.33
-2.0
-0.67
9.0
0.67
-0.67
4.67
-0.33
-0.33
8.67
7.0
5.0
2.0
1.0
8.0
-2.0
1.67
4.33
1.67
1.33
9.67
-0.33
-3.33
6.33
2.0
-3.33
-8.0
2.0
1.0
2.67
5.67
2.67
2.33
1.67
3.33
-1.33
1.67
4.33
0.0
2.33
-4.0
-3.0
-0.33
-0.33
3.33
3.33
0.0
-0.33
-0.33
4.67
-2.0
1.67
0.0
3.67
2.33
6.67
2.67
-2.0
2.0
5.33
3.67
-2.67
1.0
7.33
0.0
3.33
0.67
0.67
0.0
8.67
0.0
0.0
4.33
1.0
-3.0
0.67
0.33
0.33
-0.67
3.33
5.33
-3.0
-2.0
-1.33
-4.0
3.33
1.67
4.33
-2.67
8.33
4.33
5.67
1.67
-0.67
-0.33
3.0
1.67
-2.67
7.0
4.0
6.33
3.0
6.33
2.67
2.67
-1.67
1.33
-2.33
2.67
1.0
2.33
1.67
2.33
-2.67
9.0
-3.67
3.33
-0.33
2.0
0.0
0.33
2.67
8.0
2.67
1.33
-3.0
-2.67
5.0
3.33
1.33
2.33
1.0
2.67
9.67
6.0
1.0
7.33
2.0
-2.33
0.0
2.33
1.33
-1.0
-2.67
-0.33
5.0
-3.33
-1.0
4.33
2.67
3.0
3.0
-1.33
-0.33
0.67
2.67
0.67
-1.33
4.0
-2.33
-2.33
-4.0
-1.0
3.0
1.33
-0.33
4.33
-3.33
4.0
0.0
3.67
-0.33
-1.67
-1.0
0.33
-1.67
0.0
6.67
-1.0
1.67
-0.33
3.0
2.67
0.0
-1.67
5.33
6.0
7.67
2.67
-2.33
3.33
1.67
1.0
0.33
1.33
1.0
-2.67
2.67
6.33
3.33
4.33
-1.33
-2.67
-4.0
0.0
-2.0
4.67
-0.33
-0.33
-4.33
5.33
-1.33
4.67
0.0
-1.33
1.0
2.67
-1.33
1.0
1.67
-3.33
6.33
1.33
1.33
5.0
4.67
4.33
0.33
2.67
-3.0
-2.33
3.0
2.0
-1.33
-0.67
0.33
0.0
-0.67
0.67
1.0
-1.67
1.0
2.67
0.33
2.0
1.0
1.67
-1.0
0.67
1.0
-4.0
-3.67
4.0
0.0
-5.33
6.67
0.67
-1.0
-2.33
1.0
-3.33
-4.33
5.0
-4.33
-1.67
2.67
-0.33
0.67
0.67
-1.67
4.0
-1.0
-2.0
-1.67
1.67
-0.33
-4.0
-0.67
-0.33
-5.0
4.0
-2.67
-2.0
5.67
3.0
1.0
0.67
1.33
-1.0
-2.0
-0.67
-2.67
-3.0
-3.67
-1.67
-0.67
1.33
-2.33
-2.0
2.33
-1.33
-1.0
-1.67
-1.0
-3.67
0.67
2.67
-3.0
-6.33
-5.0
-1.33
-1.33
-0.67
-5.0
-1.67
0.67
-1.67
-3.0
2.33
3.33
-4.67
-3.0
-3.67
-4.67
-5.0
-1.0
-3.67
-2.33
-2.33
-1.0
-2.67
-3.0
-4.0
-0.67
-3.33
4.67
0.33
-3.67
-2.67
-4.33
-3.33
-2.0
-5.33
-0.33
-3.33
-4.0
-2.67
-6.67
-3.67
-1.0
-0.33
0.67
-4.67
-0.67
2.33
-6.33
1.67
1.0
2.67
-7.67
-3.67
-6.33
-4.0
-5.33
-5.33
-4.67
4.0
-3.0
0.0
-3.33
5.33
-2.33
-2.67
-1.33
-2.0
-3.67
-2.67
4.0
-9.67
-6.0
-4.67
-8.0
1.0
-5.0
0.67
-9.67
-3.67
-3.67
2.0
-3.67
-2.67
-3.33
-4.33
-0.67
-3.67
-0.33
-0.67
1.0
-1.33
-4.67
-3.33
-2.67
-4.67
-7.67
-0.67
1.33
1.33
-9.33
-7.33
-3.67
-4.33
-3.33
-3.0
-5.33
3.67
-3.67
-5.67
6.0
-0.33
-10.0
-4.67
0.33
0.33
5.0
-7.0
-3.33
-0.67
0.0
-6.0
1.0
-1.33
-3.33
-8.0
-4.0
-2.0
-0.67
2.33
-6.67
-5.67
-5.67
-3.0
2.67
-12.67
-6.33
4.33
2.33
0.67
3.33
-3.67
-3.0
4.67
-0.33
-5.0
-1.67
-7.33
-0.67
-1.67
-5.0
-5.33
0.67
-6.33
-6.33
-1.67
1.67
-5.0
-3.67
-9.0
-2.0
-13.67
-8.33
-2.0
-3.67
-0.33
-3.33
-8.0
-2.33
-1.33
-2.67
-3.33
2.67
4.0
1.33
-1.67
-4.0
-6.67
2.67
-1.0
-2.67
1.33
1.33
-10.0
-6.0
-15.0
-7.67
0.33
1.67
-1.67
1.67
-7.33
-3.33
0.33
-5.0
2.0
-9.33
7.67
-2.67
0.33
-5.33
-1.67
-5.33
3.67
-4.67
-6.0
-1.0
-3.0
-5.33
-0.33
-0.33
3.33
-6.33
-4.67
-5.67
1.0
1.33
2.67
1.67
-4.0
-0.33
-5.67
-2.0
9.67
0.33
-1.0
1.67
-2.67
0.67
-4.67
-7.67
6.67
-1.0
-1.0
2.33
-4.0
1.0
-5.33
-1.33
-2.0
1.0
5.67
-1.0
1.67
-13.0
-8.33
7.67
2.33
2.0
8.0
-6.0
-1.33
1.0
17.67
6.33
13.0
3.67
14.0
9.33
11.33
17.33
31.0
16.67
22.33
30.33
30.67
32.33
12.0
21.0
36.33
13.67
18.67
21.67
9.33
16.67
20.33
7.0
4.33
6.33
5.33
-3.0
7.67
4.0
7.33
0.33
-6.67
-4.0
1.33
6.0
9.0
-1.0
3.0
-4.33
5.33
1.67
-2.33
-4.33
6.33
2.0
-6.0
-4.0
3.67
13.33
7.0
5.0
14.0
-2.33
2.0
7.0
17.0
-1.0
9.33
6.33
15.0
17.0
20.0
15.0
16.67
22.0
7.67
11.33
25.33
9.0
0.0
-1.67
8.0
7.0
-5.0
-0.67
11.67
1.0
1.67
1.67
12.0
-11.33
-0.67
-1.33
6.0
0.33
-1.67
3.33
-8.0
4.67
6.0
4.67
7.67
18.0
-7.33
18.67
2.33
10.0
7.0
6.0
9.33
6.67
7.0
-3.67
4.33
0.67
0.0
-3.0
-2.0
8.0
7.67
11.0
4.0
10.0
6.67
10.33
10.0
5.67
12.0
2.67
6.67
11.33
8.0
10.33
14.0
15.67
17.0
10.67
15.67
11.0
15.33
22.67
34.67
28.0
26.33
30.0
29.33
31.0
21.33
30.0
23.33
23.33
30.33
20.0
19.0
7.67
19.33
6.67
18.33
12.67
7.33
5.0
18.0
17.67
18.67
4.67
12.33
14.67
16.33
15.67
6.67
24.33
25.0
8.0
14.0
13.0
19.33
21.33
13.67
18.67
22.67
15.67
14.67
19.33
26.33
15.0
3.67
8.33
8.0
9.0
3.0
6.0
19.0
13.67
4.33
9.0
2.0
13.33
5.0
10.33
-1.67
8.0
17.33
6.67
2.0
4.67
9.0
14.67
3.0
5.33
2.0
6.33
10.33
8.33
17.0
12.0
15.33
4.67
10.33
12.0
11.33
15.0
18.33
4.33
13.0
8.0
17.33
13.0
9.33
14.33
13.0
33.67
19.33
25.67
10.67
11.0
13.67
9.0
19.0
15.0
6.67
18.0
22.67
9.0
9.33
16.0
14.67
3.33
7.33
17.0
21.0
4.0
-0.33
11.67
14.33
21.0
22.33
20.67
28.0
26.33
27.67
39.33
61.33
52.33
78.33
63.33
85.0
105.67
107.33
118.67
158.67
173.33
187.67
195.0
244.33
278.67
318.67
348.0
378.33
361.33
377.67
398.0
439.33
381.67
317.0
339.67
269.0
233.33
196.67
176.67
136.67
140.33
107.33
91.67
61.67
70.67
49.0
35.67
33.67
35.33
25.0
35.33
20.33
18.0
20.67
28.33
29.0
26.67
22.33
13.33
28.0
13.33
18.67
22.0
14.67
18.33
17.67
22.67
17.0
14.67
20.67
35.33
24.67
23.33
29.67
28.0
39.67
22.67
32.33
46.67
26.67
30.67
33.0
41.67
39.0
36.0
30.67
36.0
37.33
42.67
40.67
32.0
25.0
46.67
32.0
32.67
40.0
32.67
26.33
20.33
36.67
30.0
23.33
21.0
10.0
15.67
20.0
5.67
4.67
21.0
14.0
-1.67
14.67
5.67
15.33
3.33
8.0
7.67
12.33
10.0
5.33
2.67
2.33
8.33
9.33
11.33
4.67
7.0
0.67
9.33
4.67
22.0
11.67
14.67
3.0
10.0
15.0
4.0
1.0
4.0
18.33
10.67
18.0
10.0
17.33
7.0
1.67
18.33
16.67
25.33
13.33
18.33
17.67
21.67
21.0
18.0
24.67
12.0
29.67
17.67
21.67
23.0
27.33
10.0
18.33
29.67
35.67
16.0
30.33
31.33
32.67
21.0
41.33
17.0
17.67
31.33
34.0
8.0
34.67
10.0
16.0
13.33
14.0
13.67
11.33
11.33
24.67
22.0
17.67
12.67
10.0
9.33
21.0
20.67
21.33
22.67
28.0
14.33
24.33
26.33
26.0
22.0
28.0
28.0
33.67
30.67
44.67
33.33
30.33
44.0
28.33
35.33
31.33
31.67
25.33
19.67
23.33
32.0
17.0
11.67
13.33
18.33
14.33
18.33
5.0
13.0
6.67
17.67
-4.0
3.0
7.67
12.67
18.0
6.0
15.33
11.67
19.67
19.0
-2.67
10.33
6.0
-3.67
6.33
12.67
12.0
-5.67
5.67
-1.67
4.33
21.0
18.0
8.33
-5.33
14.67
5.33
0.67
8.0
17.67
13.0
8.67
-2.33
0.67
1.0
17.67
1.0
4.67
7.33
8.33
8.0
19.33
9.33
18.33
-0.67
7.67
8.33
0.0
6.0
12.0
3.67
2.67
11.0
4.67
3.0
8.0
-4.67
5.33
-1.67
-3.33
3.33
13.67
5.33
10.0
10.0
9.0
18.33
15.0
9.67
6.33
17.0
7.67
9.0
15.0
1.67
4.33
2.33
17.67
12.33
11.67
11.33
6.0
4.33
12.67
14.0
1.67
-9.0
2.67
-3.0
8.0
-7.33
0.33
3.0
-0.67
12.33
7.67
11.33
4.0
23.33
4.33
12.0
-1.0
8.67
6.33
3.67
18.67
-1.33
2.67
12.0
6.0
0.67
-2.0
5.33
15.0
2.67
4.33
6.67
14.33
15.0
7.33
-0.67
4.67
11.0
5.0
6.33
2.33
6.0
-2.67
15.0
0.67
16.0
16.33
6.0
6.33
15.33
-6.33
15.33
6.67
-1.0
5.67
12.67
13.0
-1.0
-1.0
8.0
5.67
5.0
7.67
11.67
11.67
16.0
5.67
12.0
14.0
6.33
10.0
3.33
6.33
21.33
-4.0
-3.67
15.33
7.0
2.33
4.0
1.33
9.0
-0.67
5.0
0.67
4.33
10.33
19.0
7.67
13.67
15.0
10.33
-4.0
16.0
8.0
17.0
20.67
16.67
4.33
28.0
19.33
10.67
11.0
24.0
19.33
15.0
-4.0
2.0
-0.33
22.33
13.33
14.0
21.67
-8.33
11.0
13.67
2.33
4.33
11.0
4.0
4.0
12.67
0.0
-1.67
13.33
7.67
19.33
5.33
6.0
16.0
7.33
12.0
16.67
1.0
9.0
8.33
13.0
17.33
5.33
6.67
25.0
24.0
15.67
13.0
18.67
7.0
11.67
7.67
22.0
18.67
25.0
15.0
13.0
1.67
10.0
-4.33
13.33
7.0
11.0
10.0
7.33
7.67
6.67
0.0
-2.67
4.33
17.33
3.33
11.0
0.0
-3.33
-2.0
2.67
-9.33
13.0
-3.33
3.67
8.0
-2.0
7.33
-5.0
1.67
16.33
13.0
3.33
-7.67
8.33
0.67
6.33
4.0
12.67
-5.0
-2.33
-10.33
7.67
7.33
-3.67
-1.0
5.67
-2.67
0.67
16.33
0.33
0.33
-1.0
13.0
-2.0
1.33
1.67
1.67
1.67
3.67
11.33
3.67
9.67
2.0
-0.33
-5.67
-4.33
2.33
18.0
7.67
4.0
5.0
7.0
5.0
7.0
5.67
-0.67
-1.0
4.33
-1.67
7.33
1.0
-2.33
-5.67
16.67
-3.67
-5.33
1.33
1.33
1.33
-2.33
1.33
2.67
6.33
-0.33
3.0
-5.33
3.33
-2.67
7.0
-2.0
2.0
-7.33
9.33
6.0
3.33
-0.67
8.33
0.0
-5.67
5.0
-1.33
4.0
5.33
-2.0
5.33
3.67
12.67
-7.0
-0.67
2.33
6.0
12.67
8.33
5.0
1.0
-1.67
11.0
-9.33
1.33
7.67
9.0
-3.67
1.33
3.67
2.0
-2.33
1.33
0.33
0.67
-0.67
-3.33
-6.67
-3.33
8.67
7.33
-10.33
-9.33
-2.67
8.0
-6.33
4.0
2.0
7.67
10.0
5.0
5.33
0.0
-5.33
-0.33
2.67
-1.33
-2.33
-0.67
7.33
1.67
3.0
7.33
3.33
0.0
-3.33
-2.67
4.33
4.67
-5.33
5.33
-6.33
3.0
2.0
3.67
5.0
5.67
2.33
3.0
1.33
2.67
8.0
0.33
2.67
5.33
5.33
8.67
-5.67
-4.33
-3.67
-4.33
7.33
3.33
3.33
6.0
-3.0
3.0
1.33
8.33
-4.67
3.67
-2.33
10.67
3.67
5.67
8.67
-2.33
-0.33
7.67
4.67
2.0
-3.33
4.67
-5.33
-1.33
2.33
-4.67
-0.67
-0.67
2.67
5.67
5.0
-1.33
3.0
10.67
-0.67
7.67
-3.67
7.0
3.0
5.67
-2.33
-3.33
7.33
7.33
10.67
2.0
6.0
3.67
-1.0
0.33
6.33
-3.0
3.67
7.67
3.67
10.67
7.67
11.67
-0.33
-1.67
2.67
-0.33
1.0
4.0
7.0
1.33
-0.33
-3.33
-0.67
2.33
-8.33
-0.33
-2.67
2.67
2.0
1.0
4.33
8.0
0.33
4.67
6.33
11.0
2.67
-1.33
-4.33
3.0
0.0
4.33
-0.67
-1.0
-7.0
1.0
3.0
-4.33
-2.33
-1.0
6.0
5.0
3.0
-0.67
7.67
-1.67
10.67
2.0
4.0
-1.0
1.67
-0.67
7.0
-2.0
-2.67
-1.67
6.0
0.67
-3.0
2.0
1.0
6.0
4.0
0.33
9.33
1.33
2.67
3.67
-1.67
1.33
4.67
1.67
7.33
4.67
0.0
3.67
8.67
0.0
3.67
2.33
-2.0
1.0
3.33
-0.33
1.0
-1.0
3.33
-1.0
2.67
3.0
-1.33
3.67
1.67
-0.33
0.0
1.0
4.0
8.0
-2.67
1.33
6.33
3.0
2.0
1.33
4.0
8.0
1.0
0.33
6.33
-1.67
7.0
-4.67
4.0
3.33
-1.67
-1.0
6.0
7.33
8.67
8.0
-2.33
3.0
6.67
1.67
4.67
0.67
-2.0
2.0
3.33
3.33
1.67
2.67
7.67
5.0
1.67
1.67
0.67
-1.67
-0.33
-1.0
3.33
0.0
5.0
1.0
-3.33
-4.33
4.0
2.0
-0.33
0.67
-1.33
4.33
1.67
10.33
3.0
-0.33
10.67
2.33
0.67
3.33
-1.67
1.33
0.0
-3.0
2.0
1.33
