0.0
42.0
9.67
2.0
3.0
-38.67
50.33
-52.0
42.33
-0.67
13.0
125.0
110.67
12.67
-51.0
21.33
22.33
-22.33
-10.0
-12.33
0.33
40.33
-16.33
15.67
1.0
10.0
6.33
-4.0
4.33
7.0
4.33
0.67
-4.67
-0.67
1.0
-2.0
0.33
1.0
-1.0
-0.33
0.33
0.33
0.67
-1.0
1.67
-0.33
1.0
-0.33
1.0
0.0
0.0
0.0
0.0
-0.33
1.0
-0.33
1.0
0.0
-0.67
0.0
1.67
0.67
0.0
-1.33
1.0
0.0
-1.0
-0.67
0.67
1.0
0.67
-0.33
0.0
1.67
1.67
-0.33
-0.67
-1.33
0.0
-0.33
0.0
3.33
-1.33
0.33
0.33
-1.0
2.33
0.67
-0.33
0.67
-0.33
2.0
-0.33
1.0
1.33
-1.0
0.0
0.33
1.67
2.33
-0.33
0.67
0.67
0.67
0.33
1.0
0.67
-0.33
2.0
1.67
0.0
0.0
-0.67
1.33
1.67
1.0
2.0
-0.67
1.0
1.0
-1.33
-2.33
-3.33
1.33
-3.33
1.33
6.0
2.0
7.33
0.33
-0.67
0.0
2.0
3.67
8.33
-2.0
3.33
-2.0
5.33
2.0
1.0
-1.0
-7.0
2.0
-1.33
1.33
2.67
1.0
-0.33
-0.33
5.0
3.0
-4.67
6.0
4.67
3.33
-2.0
0.0
6.33
3.67
8.67
7.0
5.33
-1.33
-5.33
-1.33
2.67
2.67
8.33
5.67
-1.67
4.33
2.0
1.0
4.0
2.0
3.67
6.67
2.67
3.33
-0.33
7.0
-0.33
2.67
0.67
3.33
3.67
6.67
1.33
4.0
2.33
-7.33
3.0
6.67
-5.33
4.33
12.67
6.0
1.33
3.0
9.0
-3.67
-1.67
1.0
4.33
1.0
3.67
4.33
2.0
5.0
0.0
7.0
10.0
8.67
3.0
4.0
-1.0
6.0
-0.33
3.33
-3.0
2.33
9.33
6.67
10.67
3.0
5.0
2.67
3.33
-0.67
6.33
7.0
6.33
-4.0
3.0
6.67
7.0
3.0
4.33
5.67
3.0
1.33
2.67
4.67
-1.0
6.0
2.33
4.0
3.0
4.67
8.67
-1.0
4.67
-0.33
3.67
3.0
6.33
8.33
5.33
7.0
-1.67
1.33
7.0
-1.67
-4.0
0.33
2.67
-2.0
0.33
3.0
4.67
-1.0
3.33
7.0
-6.0
1.67
7.33
5.33
3.0
4.0
1.67
1.67
8.67
-1.67
0.33
2.0
5.0
5.67
-0.33
8.33
1.0
7.33
0.33
1.33
5.67
4.33
5.67
6.33
6.0
-0.33
4.33
3.0
1.33
10.33
-2.0
-3.67
-0.67
-2.0
3.67
4.0
2.67
-0.67
-2.67
4.0
3.0
4.67
2.0
2.33
-2.67
7.0
2.67
3.33
3.33
1.0
5.33
-4.33
8.67
5.0
0.33
4.33
0.0
-0.67
5.67
-0.33
1.0
-1.33
1.0
-2.0
-1.33
9.0
2.33
1.0
9.67
6.67
2.67
8.67
3.33
1.33
0.67
-0.33
9.0
0.67
4.33
6.33
-1.67
0.33
5.67
9.0
0.33
-2.0
0.67
2.0
3.67
-2.33
6.33
3.67
5.0
8.33
5.0
6.67
-0.67
3.67
2.67
-2.33
2.67
5.0
4.0
11.0
-1.0
4.0
1.0
6.67
-0.67
-1.33
-2.67
1.67
2.67
0.67
2.33
1.0
2.67
2.0
2.0
2.0
4.67
1.67
3.67
3.33
1.67
4.33
-2.33
-4.33
-2.67
2.0
2.33
0.0
-5.0
3.67
-0.33
7.33
-0.67
-5.0
1.67
2.67
-6.33
-2.0
1.67
12.0
0.67
-2.67
3.67
-0.33
-4.0
1.0
4.33
0.67
6.33
-1.0
8.33
3.0
5.33
0.67
1.67
1.0
2.67
1.0
2.0
1.33
-2.0
0.0
5.67
-0.67
1.33
3.33
-0.67
-1.67
-1.0
-1.0
7.67
0.0
2.33
0.67
5.33
-2.67
0.33
2.33
2.67
4.67
4.33
0.67
5.0
1.67
2.33
10.0
1.0
2.33
6.0
0.33
-2.33
-4.33
3.33
9.33
-1.33
-3.33
-2.0
3.33
2.67
2.33
-1.67
1.0
3.33
5.33
-2.33
3.0
2.0
-1.67
-3.33
2.0
4.67
0.33
-4.0
3.33
-3.0
3.33
1.33
3.33
3.0
-3.33
4.67
0.0
2.0
6.33
0.0
-3.33
-5.0
0.33
3.33
1.0
-2.67
1.67
1.0
0.67
-6.0
-2.67
2.67
4.0
1.0
2.67
0.67
-0.33
2.67
1.67
-0.33
-3.0
0.67
-1.33
-1.0
4.0
0.0
-1.67
-0.33
2.33
-4.33
8.0
4.0
4.67
5.67
0.33
-4.0
1.33
-1.67
-1.0
6.67
-2.0
2.67
0.67
3.0
3.67
3.0
4.33
2.33
0.0
-2.33
3.67
0.67
1.33
-2.33
2.0
0.33
0.33
3.0
-3.67
2.67
1.33
1.33
1.33
1.67
-2.67
-2.0
2.0
5.0
2.67
-1.33
-1.33
-1.33
-0.67
2.67
-0.33
1.0
-1.33
-3.0
1.67
-0.33
1.0
4.67
-1.33
1.33
0.33
-1.67
1.0
-0.33
1.33
-2.67
2.67
0.0
1.67
2.0
-1.0
-2.33
-3.67
2.33
0.0
2.33
-0.33
3.0
2.33
4.0
6.67
-1.67
2.0
3.0
-1.33
2.0
4.67
-5.0
-2.0
1.33
1.0
2.0
0.67
-1.33
-1.33
0.0
-1.33
1.0
1.67
0.67
4.0
-2.33
1.33
-0.33
4.67
-1.33
4.67
-1.67
-1.0
-2.0
2.0
-1.67
-3.33
4.67
-5.0
0.33
-1.33
1.0
0.0
3.33
0.0
0.67
-4.0
-3.0
-0.33
4.33
-2.0
-3.0
-7.67
-2.67
-4.0
-2.67
-1.67
-4.67
0.33
5.67
-2.0
3.33
1.67
-2.0
-0.67
0.0
-3.67
-3.33
3.67
0.0
5.67
-4.0
-0.33
1.67
-0.67
-8.0
-1.67
-3.33
-0.67
-1.0
0.33
-3.67
-1.67
1.0
-2.67
-1.67
2.0
0.0
-3.67
-3.33
-4.33
0.0
-2.67
4.0
1.0
3.33
-2.33
-1.33
-3.67
-5.67
-3.67
-5.33
-3.33
0.0
1.67
-6.33
-2.33
-2.0
0.33
-6.67
-2.67
-3.0
3.67
-2.33
-8.67
-0.67
-0.67
-1.33
-0.33
3.0
-1.33
-2.67
-2.67
-4.33
3.0
0.67
-6.33
-4.67
-3.0
-2.0
1.0
-0.33
0.33
-5.33
-1.67
-0.33
-1.0
-4.67
-4.67
2.0
1.33
-6.0
-6.67
-7.0
-4.0
-5.0
2.67
-10.67
-2.67
-8.67
-7.0
-8.67
2.33
-6.33
-4.33
-5.67
-3.67
-1.33
6.33
-2.0
-2.33
-1.67
-6.33
-1.67
-1.67
-6.67
-4.67
-1.67
-6.67
-1.33
-1.33
-8.67
-5.33
-4.33
5.0
-4.33
6.67
-0.67
3.33
-4.0
2.67
1.0
2.33
-6.67
-9.67
-3.0
-5.0
-2.33
6.33
-1.0
-3.0
-9.0
1.67
-1.33
-4.0
-8.0
0.0
-1.67
1.33
-7.67
-0.67
-1.67
-3.0
-0.33
-3.67
-6.33
3.33
-9.67
5.67
-4.67
-1.67
-2.0
1.67
-2.33
0.0
-0.67
-3.33
3.33
1.33
-8.0
-0.33
-4.33
-4.33
-6.33
-2.67
-2.33
0.0
3.33
-4.0
-7.0
-10.67
-2.33
-8.0
-1.67
-10.33
-1.33
-6.0
-3.33
-1.33
6.33
0.67
-1.33
2.0
-3.67
3.33
-8.0
-3.67
1.67
-2.0
-4.67
0.33
-3.67
-9.0
5.0
-5.0
-8.67
3.33
3.67
-9.67
1.67
-9.33
9.67
-7.67
-5.0
3.0
-4.33
-1.33
1.33
-6.67
0.67
-1.67
-2.33
-4.33
-5.67
-6.0
-10.0
-5.0
-4.33
6.67
-3.33
3.33
-1.33
5.33
-0.67
5.0
0.33
-5.33
0.67
2.0
-0.33
-13.67
1.0
-3.33
-4.67
3.0
3.67
-0.67
2.67
-3.67
-5.67
-5.33
-9.0
2.0
-0.67
-2.0
-1.0
-11.33
-2.33
-8.0
-1.0
-0.33
5.0
5.67
-5.0
-3.33
-7.33
-0.67
-4.0
9.0
5.0
-2.33
1.0
22.67
21.33
11.0
14.67
10.0
20.33
35.33
18.33
19.0
28.67
13.33
49.33
36.67
46.33
36.0
60.0
40.33
36.67
33.67
32.67
32.33
39.67
26.33
29.0
29.33
9.33
11.33
6.0
-2.33
0.0
16.33
9.33
9.33
-4.0
-4.67
-6.0
9.0
3.0
2.0
4.67
2.33
3.67
-0.33
-4.33
1.33
4.0
2.0
7.0
-2.33
-1.67
0.0
4.0
12.0
9.67
0.0
2.0
9.0
7.0
9.33
20.33
24.0
23.0
20.0
7.0
13.67
10.0
15.67
20.33
12.33
22.0
23.0
20.33
30.0
22.0
0.0
11.33
13.67
15.0
8.67
8.67
9.0
-4.33
8.33
-3.33
9.0
4.33
6.33
11.33
3.0
1.67
13.0
-4.33
0.67
12.0
10.67
4.67
15.33
15.0
7.0
-3.0
2.33
-1.33
3.0
0.33
15.33
8.67
6.0
-1.0
13.0
7.0
8.67
10.0
1.0
3.0
16.67
24.33
3.0
15.67
16.0
7.67
11.67
12.33
7.0
11.33
17.0
20.67
10.0
15.67
19.67
3.0
25.33
3.67
22.67
23.0
27.33
26.0
30.33
26.0
20.33
37.0
26.33
30.33
20.33
28.0
17.0
16.67
3.33
22.67
20.33
14.67
17.33
20.0
20.0
19.67
14.67
16.67
15.33
22.67
-1.67
16.67
18.67
20.33
18.0
19.0
16.0
9.0
23.33
19.33
11.67
22.67
22.67
18.67
14.67
18.33
20.33
16.0
9.67
10.33
11.0
10.0
7.0
10.0
8.0
16.67
4.33
4.0
8.0
8.33
3.0
4.33
4.33
6.0
8.33
1.67
6.0
-4.33
15.0
7.67
12.0
10.33
5.0
11.33
-1.67
8.33
6.0
7.0
16.33
4.67
9.33
10.0
14.33
12.0
8.33
12.33
11.0
13.0
15.33
11.0
14.33
4.33
13.0
13.67
6.33
16.67
17.67
22.0
19.67
-5.0
6.0
17.0
0.67
15.0
6.67
9.0
5.33
8.0
11.67
7.33
8.33
8.0
7.0
9.0
6.67
10.67
10.33
16.0
14.33
22.67
16.0
20.33
26.67
29.33
25.33
38.33
49.33
74.33
67.0
75.67
89.33
148.67
123.67
163.33
201.67
249.0
301.33
343.67
406.67
472.0
467.33
522.33
521.67
565.0
578.33
537.67
509.0
478.67
477.0
393.33
348.67
269.67
236.67
218.33
164.33
143.67
94.67
116.67
96.0
77.67
81.67
58.33
58.0
46.33
30.33
39.0
32.67
25.33
18.0
16.67
15.33
12.33
16.0
7.33
17.67
19.0
22.67
26.33
13.67
12.67
31.0
31.67
31.67
21.33
39.67
24.33
34.67
34.0
40.67
24.67
59.33
54.67
53.67
46.67
53.0
67.67
60.0
80.0
58.67
68.0
63.33
53.67
63.67
49.0
46.0
42.67
49.0
32.67
36.0
45.67
28.33
26.33
17.67
27.0
17.33
18.0
11.0
2.67
26.0
0.67
18.67
24.0
16.0
9.33
18.67
7.67
21.33
11.33
2.0
10.67
9.33
7.0
15.33
0.67
7.33
7.33
7.33
2.33
5.67
15.0
7.67
8.33
5.67
9.0
8.67
13.67
7.0
25.0
9.0
7.0
4.0
4.0
12.33
18.67
12.0
19.0
18.33
14.0
9.67
20.33
10.67
16.33
9.33
22.33
28.67
15.67
20.0
23.0
21.67
11.0
11.67
22.67
26.67
16.0
24.33
21.0
18.33
17.67
32.67
45.0
48.33
17.33
17.67
18.0
28.33
30.0
21.67
36.33
18.0
9.0
28.67
12.0
11.0
11.33
12.0
24.67
14.33
6.33
13.67
27.0
8.67
16.67
28.0
13.33
25.0
20.67
34.33
13.67
22.0
20.33
24.33
24.33
31.0
29.0
25.0
38.0
23.67
28.67
29.67
34.33
38.33
44.0
30.33
26.33
30.33
26.67
15.33
41.67
14.33
18.0
28.0
22.67
11.33
14.33
14.33
9.33
31.0
6.0
26.67
8.67
1.0
3.0
7.67
13.67
10.0
11.0
-1.67
5.67
4.67
21.0
-1.67
15.33
-3.0
-0.67
7.33
-0.33
-3.0
-1.67
15.67
3.33
-10.67
7.0
-6.0
11.33
5.67
15.67
3.33
-0.33
8.0
8.67
4.0
5.67
4.67
-0.33
11.0
6.67
-1.0
-2.33
0.33
9.33
2.0
8.33
7.33
12.33
15.33
-0.33
10.33
12.0
-1.0
13.0
12.67
12.67
13.0
11.67
10.0
6.0
3.33
12.33
7.33
-3.33
13.33
-1.33
16.33
5.0
7.0
13.0
17.33
8.0
-4.33
11.33
8.0
12.67
18.0
13.0
-0.33
18.33
-2.67
10.67
2.33
14.67
0.33
6.0
16.33
3.67
11.0
-0.33
10.0
7.67
0.0
3.0
0.67
-0.67
-6.0
2.33
15.33
5.67
10.33
-2.0
3.33
-0.67
11.0
2.0
7.67
13.33
8.67
12.67
5.67
15.67
-1.0
15.0
12.67
6.0
8.33
13.0
1.67
8.33
0.67
-2.67
4.0
10.33
7.33
7.67
5.0
5.0
-4.67
5.33
12.0
8.33
17.0
8.67
3.0
13.33
4.0
6.33
10.33
-2.33
6.33
14.67
13.0
2.67
2.67
10.0
2.0
5.0
-6.0
2.67
0.0
9.67
19.67
6.67
13.0
4.67
7.0
11.0
11.33
22.0
8.33
13.33
14.33
11.0
-2.67
12.33
6.0
4.33
8.0
-1.67
13.0
1.33
16.0
12.67
13.33
7.33
8.0
-1.33
11.67
17.0
11.33
11.0
8.0
11.0
13.0
8.67
9.67
18.33
8.0
24.33
20.67
20.0
6.0
11.33
13.0
3.0
13.0
4.67
11.33
9.33
1.0
3.67
-13.33
15.0
10.67
15.33
23.33
6.0
1.0
31.0
12.67
5.0
17.33
22.33
16.67
17.33
8.33
-2.0
5.0
13.33
7.0
14.67
10.0
12.0
10.33
1.0
27.33
16.33
7.67
15.0
22.0
21.67
15.0
15.67
15.0
16.67
25.67
10.0
24.67
15.0
20.0
8.0
18.67
20.0
19.67
6.33
20.0
13.0
13.0
19.33
19.67
2.67
4.0
-5.67
1.33
24.33
15.33
9.0
6.0
-0.33
8.0
8.67
4.67
3.0
-0.33
15.67
6.0
6.0
2.33
7.0
-12.33
10.33
6.0
2.33
-0.67
7.33
-5.33
4.33
0.0
14.67
-5.0
-6.33
7.67
10.67
3.33
5.33
-5.0
1.67
2.33
4.67
9.33
-4.67
-6.67
-2.0
0.0
2.0
-1.67
7.67
-1.33
-1.33
9.67
12.33
-9.33
12.67
-2.0
3.67
0.33
6.67
-11.67
1.0
-1.33
0.0
-4.0
4.0
-3.0
7.0
1.67
7.33
3.0
-2.67
1.33
0.33
-5.0
8.67
20.33
3.67
-0.67
17.67
-2.67
6.33
-2.67
5.67
7.33
3.67
-1.67
6.67
2.0
-6.33
5.33
-0.67
8.0
-10.0
-5.0
-5.33
7.33
3.0
-4.67
-3.67
7.33
2.0
4.33
20.0
-1.33
10.0
6.33
5.0
-5.67
2.67
8.67
0.0
7.33
4.33
6.0
5.67
9.33
4.0
-1.0
4.33
6.0
6.67
5.33
10.67
-1.0
0.33
-9.67
3.67
7.0
-6.33
6.33
7.33
1.67
-0.67
1.67
-5.67
-5.33
6.67
1.33
3.67
1.67
1.33
4.0
-8.33
8.0
7.0
3.67
3.0
9.0
1.33
-1.0
-11.33
-6.33
7.67
2.67
3.67
7.33
3.33
1.67
-5.0
2.33
3.33
5.0
4.67
4.33
2.33
-6.33
-3.33
1.33
1.67
7.0
5.0
-3.33
-3.0
2.67
10.33
1.0
3.33
-0.33
3.0
0.33
-2.33
-6.67
2.33
5.67
0.33
-6.33
10.33
-2.33
0.33
-1.67
1.33
5.0
1.0
8.0
4.33
3.33
-6.67
15.67
0.67
-1.33
-0.33
5.67
4.67
3.67
-2.33
6.67
-1.33
4.0
1.67
0.67
-0.33
6.67
3.33
0.33
13.33
3.33
-0.33
3.67
15.0
8.67
0.0
2.67
9.33
6.67
2.33
6.0
3.0
0.67
3.67
1.67
8.33
2.33
4.67
8.0
12.0
5.67
-2.0
4.33
8.33
6.0
1.67
5.67
1.67
4.67
1.67
13.67
-2.33
5.33
10.67
-0.33
10.0
6.0
-2.0
3.33
2.67
-2.33
0.33
-0.67
7.67
3.67
2.33
9.67
2.0
-3.0
-0.67
6.0
0.33
5.67
-2.67
2.0
3.67
-0.33
6.67
9.0
-3.0
7.33
2.33
-6.0
1.0
-1.0
-2.0
3.67
1.67
-1.0
1.0
4.0
3.0
-3.67
1.67
-1.67
-1.33
-3.0
-3.0
6.0
-4.33
6.33
0.0
-2.0
3.33
-0.67
1.0
-3.33
5.0
2.0
-2.0
5.0
3.0
2.33
3.33
-1.67
5.67
0.67
2.33
3.33
3.67
-7.33
9.33
6.67
3.0
0.67
0.67
-5.0
3.67
3.33
1.0
0.0
5.33
-0.33
-5.0
1.0
6.33
-3.0
2.67
3.0
5.67
6.67
-2.33
9.67
-2.0
5.0
-2.0
2.0
4.33
0.33
4.33
-6.0
0.0
-2.67
2.0
3.0
3.0
3.33
0.33
0.33
6.0
6.33
-1.0
1.33
-4.67
-8.0
-4.0
4.33
5.67
2.0
-1.33
4.0
-2.33
1.67
5.67
2.67
-5.0
-1.0
1.33
2.33
-5.33
0.67
5.67
1.0
-0.33
1.67
-1.33
2.33
0.67
-3.0
-1.67
3.0
4.0
-1.0
2.67
-2.33
2.0
-1.0
-4.33
2.67
-0.33
2.33
4.67
1.33
0.0
-0.33
3.67
1.33
-4.33
-3.67
2.33
-6.67
2.0
-3.0
0.0
2.33
