0.0
-4.0
-33.33
15.0
8.0
-34.67
-61.67
-83.0
-15.67
-43.67
-56.0
-14.0
-65.33
-34.33
-13.0
34.33
-7.67
-39.33
-27.0
-16.33
32.33
-7.67
-6.33
-18.33
-17.0
-24.0
16.33
-19.0
-6.67
5.0
5.33
0.67
2.33
7.33
-3.0
-5.0
-0.67
-2.0
-2.0
-0.33
0.33
-0.67
0.67
1.0
-0.33
-0.33
2.0
0.67
0.0
1.0
0.0
0.0
1.0
-0.33
2.0
0.67
1.0
0.0
-0.67
0.0
-0.33
-0.33
0.0
-1.33
0.0
0.0
0.0
-0.67
0.67
0.0
-0.33
0.67
0.0
0.67
-0.33
-0.33
-0.67
-0.33
0.0
1.67
1.0
0.33
-0.33
-0.67
2.33
-1.0
-0.67
-0.33
-0.33
0.67
0.67
-1.0
0.67
-1.0
1.33
0.0
1.0
0.33
1.67
0.33
0.67
-0.33
-0.33
0.67
1.33
0.0
0.67
0.67
-1.0
2.67
4.0
2.0
3.33
4.33
1.67
-2.0
3.0
-0.67
0.0
1.0
2.67
-3.33
-1.33
4.33
4.67
1.33
-5.0
2.0
5.33
-3.67
-3.67
-2.0
1.0
0.67
3.33
2.0
3.33
1.0
5.33
6.0
6.0
7.0
-3.0
3.0
0.67
4.33
2.67
0.0
1.67
-2.33
5.0
-2.0
-2.67
4.0
0.67
4.33
0.0
-2.0
8.33
2.67
4.67
4.0
12.33
1.67
0.67
-4.33
6.67
7.67
2.33
4.67
-1.67
8.33
-2.0
1.0
6.0
2.0
9.67
6.67
4.67
4.33
-3.33
2.0
3.67
-0.33
4.67
3.33
7.67
-1.33
0.33
2.0
12.33
4.67
-3.0
2.67
6.67
4.33
8.67
10.0
3.33
1.0
11.0
9.33
7.33
5.0
2.33
6.0
4.67
0.33
11.0
-1.0
0.0
1.0
5.0
12.67
5.0
5.0
-6.0
-2.0
1.67
0.33
-8.0
3.33
6.33
0.67
5.67
-1.0
1.0
-0.33
-0.67
15.33
6.33
-1.0
1.33
1.0
5.0
1.67
4.0
0.0
-1.67
0.67
0.0
5.33
-7.33
3.67
5.0
1.0
4.33
3.0
7.0
-2.33
0.67
3.0
2.67
5.67
7.67
2.0
6.33
12.33
4.33
12.0
10.33
1.33
7.0
-0.67
0.0
4.33
-1.33
7.0
15.33
0.0
-0.33
-6.0
-1.67
7.0
-3.0
3.67
12.33
8.33
3.0
3.0
5.67
1.67
4.67
4.33
7.33
6.0
7.0
5.67
3.67
4.33
4.0
10.33
-1.67
2.33
1.67
4.33
2.67
6.33
4.0
3.67
0.33
12.0
-1.67
1.33
1.0
-2.67
-0.67
-1.0
5.67
-1.0
1.67
-3.67
3.33
2.0
0.0
9.67
5.0
3.33
-1.67
1.0
-5.33
0.33
7.33
-2.0
1.33
-1.33
5.67
0.0
0.33
-0.67
6.0
2.33
1.67
-3.33
1.0
-3.33
6.0
-2.0
-1.33
10.0
0.33
-2.0
5.67
2.67
-2.33
1.67
3.33
4.33
-2.33
1.67
0.0
9.67
5.33
6.33
2.33
2.33
5.67
0.0
4.33
6.0
6.67
3.0
-1.33
0.67
0.33
6.67
3.0
-2.67
4.0
3.67
2.33
5.67
6.67
-1.33
8.67
2.0
6.0
8.0
4.0
-1.0
1.0
3.67
3.33
1.67
-3.67
0.67
1.67
-0.33
4.33
5.0
-4.33
-4.0
-1.0
-7.0
1.67
-1.33
4.67
4.33
-5.33
0.33
-0.33
-6.33
0.33
2.0
2.33
0.0
1.0
4.67
-1.33
2.33
3.33
-1.0
2.67
7.67
0.67
-2.0
-4.33
-3.0
-1.33
3.33
-1.33
-4.33
1.0
6.0
2.33
3.67
4.33
4.0
7.33
-2.0
3.33
0.67
0.67
1.0
2.67
-4.0
5.0
0.33
0.0
-4.0
4.67
-2.67
0.33
3.33
1.33
0.33
-1.0
-3.0
1.67
0.0
1.33
4.67
-2.67
5.33
8.33
0.33
4.67
1.67
0.33
5.67
1.0
4.67
0.33
3.0
4.0
-1.67
1.0
-1.67
3.67
-0.33
-0.67
1.33
-2.33
-0.33
-1.0
4.33
1.67
4.33
0.33
0.0
-4.67
1.33
-3.33
-2.0
6.0
3.33
3.67
0.0
5.67
3.33
-2.0
2.33
0.0
0.33
1.33
3.33
3.0
-3.33
1.67
0.0
0.0
5.33
5.0
-0.33
-3.0
-1.67
4.33
1.0
0.33
1.67
6.0
2.67
-2.0
2.33
-4.33
2.0
1.0
3.67
-1.33
2.67
-0.33
3.67
-2.33
1.0
4.67
1.67
-5.0
-2.0
1.0
3.33
-4.33
3.33
-0.33
3.0
1.0
-1.33
0.67
-0.67
-1.0
2.33
0.33
1.0
-0.33
1.0
2.67
0.67
2.0
8.67
0.0
-1.67
-0.67
1.0
-0.33
-1.33
-1.33
0.33
3.67
-3.0
2.33
6.33
7.0
-1.67
-1.33
5.33
7.33
1.33
3.67
-3.67
-2.0
-3.0
1.0
4.67
0.67
0.67
-1.33
-0.67
1.67
1.67
0.0
-1.33
4.0
2.67
-4.33
1.0
-1.33
0.67
1.33
4.33
0.33
2.0
3.67
-0.67
-1.67
-0.33
2.0
0.67
2.0
2.0
-0.33
3.33
6.33
-2.0
-0.67
1.67
0.0
0.33
0.0
-2.33
-3.67
0.0
4.0
2.67
3.0
-2.33
-1.0
-2.0
0.33
0.0
-2.0
-3.33
1.67
4.67
-3.0
-2.33
-1.0
-0.33
-1.33
2.0
-5.33
0.33
-1.33
-3.33
1.67
0.67
0.33
0.0
3.0
1.0
1.33
-0.33
2.67
-4.0
2.33
2.67
-4.0
-1.0
-2.67
-3.0
-1.33
-1.0
0.0
1.67
-2.67
1.0
-3.0
-1.67
-3.67
2.0
-1.67
-1.67
-1.67
-2.67
2.67
6.0
0.33
-0.33
0.0
-6.67
1.0
-2.67
-2.33
-4.33
-1.0
-2.33
-5.0
-2.33
-1.33
-1.67
-2.0
-3.67
-0.33
-0.67
-2.0
1.33
-2.67
-4.67
1.0
-3.67
-0.67
-1.0
-1.0
1.33
1.67
-2.33
-1.0
-5.67
1.0
-5.0
-2.67
-8.33
1.67
0.33
-0.67
-1.67
-0.33
-6.33
-1.0
-0.33
0.67
5.67
2.0
-5.67
-4.67
-2.67
-2.0
4.67
-2.33
-7.67
-6.67
-5.67
-7.33
-1.33
0.0
1.67
-5.67
-5.67
-6.33
-4.0
-2.33
-9.33
-8.67
-3.0
-7.0
-3.0
-0.33
-0.67
-4.33
0.33
-5.33
-9.0
-0.67
-3.67
-5.0
-1.67
-7.0
-5.67
-5.0
-5.0
-9.0
0.67
-11.67
-5.67
-2.67
4.0
-1.67
1.33
-6.33
-0.33
-1.67
-4.67
-1.33
-0.67
-6.0
0.67
-2.67
-9.33
-3.67
-9.67
-4.67
0.33
-1.67
-1.67
-5.33
-5.33
-4.67
-6.33
1.67
-3.0
-3.33
-2.33
-7.67
-1.67
-3.0
1.67
2.0
7.33
-0.67
-5.67
2.0
-6.0
-4.33
2.33
-5.0
-3.0
-4.0
-2.33
-4.33
-5.0
-3.0
-6.0
-6.67
-1.67
-1.67
-8.67
-6.67
-2.0
-3.33
-10.67
-7.33
-9.67
-5.67
4.67
-9.67
-5.67
-10.0
-6.33
-7.33
-1.0
-1.67
-4.33
-2.67
-11.67
-6.0
-4.33
-5.33
-3.33
-7.33
-4.67
-1.33
-2.0
-4.67
-4.0
-13.0
-3.67
-0.33
1.0
-1.67
-7.33
-0.33
0.0
-2.33
-9.33
-4.67
2.67
-0.33
3.0
0.33
-0.67
1.0
-0.67
-3.33
4.0
-8.67
-1.67
-4.67
-13.0
3.0
-10.0
-6.67
-0.67
-4.33
-2.67
5.67
-5.33
-3.33
-9.67
-1.0
-1.0
-2.33
6.67
-1.67
-2.67
5.67
4.33
3.67
6.67
5.33
-13.0
-6.0
3.0
-2.33
1.67
3.67
-2.67
2.67
-1.67
2.33
1.0
2.33
4.67
5.67
4.0
6.67
-9.67
-4.0
0.67
1.33
2.0
-1.33
-1.67
4.67
-4.67
-1.67
3.67
-9.0
-1.0
-6.67
5.0
-6.0
3.67
-10.33
-1.0
1.0
2.67
-1.0
3.67
-6.0
-2.33
-7.33
2.33
5.0
6.0
-5.0
2.67
1.0
5.67
-2.67
15.0
-3.33
6.0
19.33
16.33
13.33
19.0
26.67
34.33
30.33
40.67
44.33
51.0
58.0
51.33
53.67
42.67
36.67
28.33
39.67
33.33
14.0
26.33
15.33
12.33
10.0
1.67
5.0
2.33
11.33
-2.67
-4.0
-3.67
-7.0
-2.0
-1.0
-2.0
1.67
-2.67
4.67
2.67
5.67
-1.67
-1.0
1.0
6.0
2.67
7.33
6.0
5.0
5.0
7.67
-9.0
13.0
5.0
2.0
17.33
15.33
8.0
22.0
27.0
12.0
9.67
12.0
13.67
-2.67
1.33
2.0
8.0
6.33
10.0
5.0
-2.0
1.33
1.67
9.0
5.67
2.67
-1.0
-1.33
1.33
-3.33
8.0
6.33
8.33
-0.67
-13.0
4.67
5.0
-3.33
12.67
10.0
13.67
3.67
1.33
10.0
14.0
3.0
22.33
12.67
25.0
3.33
3.33
19.67
23.0
20.0
26.0
13.0
20.67
10.0
9.0
22.0
16.67
17.33
11.0
10.67
16.0
9.67
16.67
22.33
13.0
9.33
7.0
12.67
15.0
9.67
20.67
14.0
15.33
16.67
13.67
7.0
25.33
7.0
17.33
17.0
17.33
27.0
24.33
26.33
27.33
32.0
25.0
24.67
29.33
16.67
13.33
28.67
38.33
16.0
32.0
10.67
14.67
24.67
24.33
23.67
5.33
21.67
28.67
11.33
20.0
1.0
19.0
10.0
15.33
10.33
8.67
11.67
12.67
10.67
7.67
13.33
12.33
9.0
7.67
5.33
4.0
8.0
8.0
5.0
12.0
10.67
4.33
4.0
12.0
9.33
3.0
6.33
9.33
12.0
9.33
6.67
2.0
-0.33
10.0
0.67
1.0
9.33
6.0
15.33
9.33
3.33
13.0
2.0
-0.67
6.67
11.33
11.0
13.33
0.0
6.33
8.33
8.0
12.0
6.33
10.0
17.33
13.33
19.0
5.67
2.33
14.67
13.67
11.0
4.67
18.0
5.0
7.0
9.67
6.0
11.67
2.0
23.33
18.0
12.67
7.33
6.33
-2.0
9.0
9.0
8.67
21.67
20.33
14.0
25.33
21.67
34.0
29.33
21.67
29.33
44.33
33.33
64.33
56.33
40.0
52.67
64.33
74.67
93.67
111.33
112.67
144.0
156.33
158.67
215.67
223.0
309.33
307.33
331.67
314.0
357.33
333.67
340.0
293.67
298.0
286.33
247.67
207.67
184.67
173.33
117.33
112.67
102.67
92.67
63.0
59.67
58.67
53.33
64.0
29.33
29.33
31.0
33.67
24.33
27.0
17.67
22.33
24.33
23.0
8.33
14.67
15.0
15.67
20.33
31.67
22.67
26.0
24.67
23.67
45.33
37.67
53.33
42.67
52.0
48.67
61.67
69.33
79.67
60.67
71.67
74.0
76.67
62.0
60.0
50.67
78.0
77.33
41.67
53.67
42.0
37.0
55.67
29.0
25.67
35.0
29.67
11.33
20.33
35.67
22.0
22.33
13.0
10.0
16.67
15.0
9.67
25.67
17.0
15.0
-1.67
16.67
16.67
13.33
15.33
15.0
12.67
4.33
5.0
0.33
5.67
5.33
5.33
10.33
8.33
8.67
18.0
-0.33
7.33
3.67
0.0
10.67
13.67
-1.0
7.0
3.0
9.0
22.0
0.0
4.33
17.67
23.0
19.0
26.33
33.0
21.67
18.33
12.67
14.33
15.33
4.33
19.67
15.67
10.0
13.0
17.67
33.0
26.67
13.67
20.67
28.0
22.33
20.0
27.33
18.67
34.67
13.0
25.33
16.33
20.67
12.0
34.33
5.0
12.67
9.33
32.0
12.0
30.67
23.0
9.0
12.33
17.0
8.67
9.33
13.33
12.67
15.0
25.67
14.67
12.0
-0.67
29.0
20.67
27.33
23.67
24.0
10.33
34.33
16.33
26.0
23.0
26.0
27.0
36.67
23.67
28.67
34.33
42.33
28.0
43.33
32.33
35.33
34.67
36.33
23.67
18.33
24.0
10.0
15.67
7.33
5.33
1.33
5.33
5.0
16.0
17.67
1.67
14.0
14.0
2.67
5.67
23.0
2.0
3.33
13.67
6.67
15.0
10.33
16.33
3.0
16.33
6.33
-1.33
-2.0
-0.67
14.67
6.33
2.33
11.0
10.0
10.33
6.67
14.67
-0.67
3.67
14.0
7.67
5.0
12.67
3.67
7.67
7.0
5.67
1.0
1.67
-1.67
4.33
10.0
4.33
18.33
17.33
4.33
23.67
2.33
7.0
-2.0
10.0
4.67
6.67
9.0
21.67
7.0
8.0
5.33
9.33
11.33
2.67
0.33
0.67
0.33
5.0
3.0
0.0
19.33
14.0
16.67
7.33
12.0
-4.33
9.0
21.0
8.67
10.33
-5.67
15.67
7.33
8.67
-6.67
0.0
13.33
13.67
5.0
-2.33
1.0
11.67
0.0
15.0
11.67
6.33
-10.0
23.33
2.33
-0.33
7.33
14.0
7.33
7.33
13.0
13.0
4.67
9.33
10.67
-4.33
5.67
12.67
3.0
2.0
-0.33
6.0
6.33
15.0
5.67
9.33
-7.33
4.33
6.0
3.33
-1.67
3.67
3.0
-3.0
3.33
13.33
7.0
4.33
2.0
4.67
10.0
10.33
0.0
17.33
18.33
10.67
13.33
-2.33
7.0
5.67
18.67
3.0
2.0
11.0
6.0
5.67
19.0
1.67
9.67
3.67
8.0
-4.33
2.0
7.0
6.33
5.0
10.33
7.33
15.33
15.0
9.33
-2.67
4.0
5.33
0.0
9.33
20.0
6.33
8.0
6.67
0.33
7.33
21.0
22.67
4.67
10.0
-2.67
10.0
6.0
9.0
17.0
18.67
2.67
8.33
24.0
10.33
2.67
11.0
13.0
16.33
8.0
12.0
2.0
17.67
11.33
6.33
8.0
1.67
3.67
-3.0
5.67
5.33
7.33
5.0
8.0
5.0
11.67
2.0
6.33
10.33
17.67
7.33
1.33
22.0
11.0
10.33
10.0
5.67
19.0
7.0
9.33
7.0
9.33
9.33
-0.33
9.0
5.0
17.67
7.0
-4.33
4.0
9.67
-10.33
6.0
17.67
22.0
4.0
7.0
13.67
14.0
6.67
21.33
21.0
11.0
22.0
5.33
19.67
3.67
1.0
5.33
-0.67
11.33
13.33
4.0
3.0
-5.33
9.0
4.67
8.67
2.0
2.67
14.67
8.0
6.0
-0.67
14.0
11.67
8.33
4.0
8.33
0.33
-5.67
-1.33
14.33
10.0
2.67
7.0
-2.33
7.67
0.67
4.33
0.33
2.0
7.67
-2.67
-0.33
8.33
-2.67
7.33
-1.0
3.0
1.0
1.33
8.67
9.67
-9.33
0.67
8.33
-0.33
2.67
8.0
-0.33
7.33
1.67
2.33
9.0
9.67
2.0
-7.0
14.0
-3.0
13.0
10.67
-3.67
5.0
-2.67
-6.67
-5.67
-4.0
4.67
-9.67
5.67
12.33
11.67
5.33
1.33
-2.67
3.67
-0.67
-2.33
2.33
-0.33
2.0
-1.33
4.33
-2.67
-1.0
-1.0
-6.0
-15.33
0.33
5.0
4.33
-3.67
10.33
4.0
1.33
8.0
-3.33
1.0
9.33
0.0
-7.67
-3.33
8.67
1.0
-0.67
4.33
1.0
2.67
2.33
7.0
-6.0
-3.67
17.0
3.67
-6.67
-0.33
3.0
2.33
-10.67
8.67
3.0
-1.33
-2.67
8.33
-0.33
1.33
-6.33
6.33
6.67
8.67
3.33
1.67
-6.33
-1.67
1.0
-15.33
10.0
-2.0
0.67
10.0
-2.0
7.33
0.0
4.67
-2.33
-4.33
6.67
-4.33
13.33
3.33
-3.33
-6.0
1.33
9.33
9.0
1.67
0.33
2.33
2.67
-0.33
1.33
-4.33
5.0
4.0
-2.33
9.0
3.67
2.33
0.0
-0.67
-3.33
10.0
0.33
-2.33
1.33
10.33
8.67
4.33
-5.33
-0.67
-4.33
5.33
7.33
4.33
-9.0
-1.0
3.0
3.33
8.33
-2.67
-0.33
5.67
12.67
-1.33
-0.33
5.67
4.67
-2.33
6.67
-1.33
0.0
-0.33
4.67
-2.33
4.67
3.33
2.33
-0.67
-0.67
2.67
-1.33
6.0
5.67
6.0
7.67
13.33
4.67
-2.67
5.0
11.0
13.67
3.67
3.67
2.33
-3.67
-3.33
0.0
4.0
7.67
9.0
0.33
-0.67
-6.0
0.67
0.67
3.67
9.67
11.67
5.67
1.67
5.33
2.67
8.67
1.0
7.0
0.0
-4.67
3.67
3.67
-0.67
-1.67
1.67
3.67
-4.67
3.67
5.0
-1.0
0.33
0.0
-3.67
5.67
2.33
2.0
8.67
6.67
2.67
5.0
1.0
4.33
0.33
2.0
3.0
0.0
-2.0
0.67
3.67
6.0
6.0
7.0
-1.0
2.33
0.67
4.33
5.67
-1.0
-3.0
6.0
5.67
11.33
0.0
1.0
-0.67
-0.67
5.0
4.67
5.0
-1.0
7.0
3.0
3.0
2.33
7.33
0.33
6.67
4.67
-0.67
5.33
0.67
-1.33
-0.67
-0.33
2.0
4.67
4.67
2.0
-3.33
-1.67
-3.0
6.0
3.33
-3.33
-1.0
5.0
-1.67
0.0
1.67
3.0
1.67
3.67
5.67
2.67
2.0
8.0
2.0
5.0
-1.67
-0.67
1.33
-3.0
8.0
-3.67
4.0
5.0
1.0
2.33
-4.67
-1.67
1.0
0.33
-2.0
3.33
-2.67
-3.0
2.0
6.33
10.67
-1.0
4.67
1.0
-3.33
-1.33
-2.33
4.67
-1.0
-2.0
1.33
1.33
-1.33
-2.33
-0.33
6.0
0.67
5.67
-0.33
8.33
5.67
-2.0
2.33
-2.0
4.0
1.0
6.67
-3.33
8.0
5.0
0.67
1.67
6.67
2.33
-1.33
-0.67
0.0
4.67
1.67
-0.67
2.67
4.33
0.33
-2.67
0.0
-4.0
2.0
2.33
