0.0
40.0
60.67
-7.0
-81.0
-38.67
41.33
-54.0
44.33
21.33
48.0
37.0
52.67
-34.33
25.0
-11.67
26.33
-19.33
-41.0
16.67
25.33
-27.67
-6.33
-10.33
-4.0
-7.0
-17.67
-5.0
-0.67
1.0
1.33
5.67
-4.67
2.33
-1.0
4.0
4.33
0.0
-2.0
0.67
0.33
1.33
0.67
1.0
-0.33
-0.33
0.0
0.67
0.0
1.0
0.0
0.0
0.0
-0.33
3.0
-0.33
0.0
0.0
0.33
2.0
-0.33
-0.33
0.0
-0.33
0.0
1.0
0.0
-0.67
-0.33
1.0
0.67
-0.33
0.0
1.67
-0.33
1.67
-0.67
-1.33
0.0
0.67
2.0
-0.67
-1.33
0.33
0.33
-1.0
0.33
-0.33
0.67
1.67
-1.33
1.0
0.67
-1.0
-0.67
0.0
2.0
0.33
-0.33
0.33
-0.33
0.67
1.67
0.67
-0.67
0.0
-1.33
0.67
0.0
2.67
2.0
1.0
0.33
-0.67
2.67
-1.0
4.0
0.33
-2.0
2.0
0.67
-2.33
5.67
4.33
-1.33
-0.67
0.0
4.0
1.33
-0.67
-2.67
3.0
2.0
-1.33
3.33
-1.0
2.33
4.0
-0.67
-1.0
4.0
3.0
-3.0
9.0
0.67
7.33
6.67
2.0
4.67
7.67
0.0
1.0
-6.67
5.0
3.67
5.33
-3.0
10.0
-1.67
-0.33
8.67
4.0
2.33
-2.33
4.67
-2.33
9.67
-2.33
-2.67
13.67
3.33
-0.67
6.0
1.0
2.0
8.0
-0.33
-3.33
3.67
2.33
9.67
6.0
2.67
2.67
1.67
0.33
8.67
4.67
2.33
4.0
5.33
0.67
1.0
-0.33
-4.33
9.33
4.67
5.0
-1.67
1.0
8.0
1.33
6.33
8.0
3.33
8.0
2.67
8.33
0.0
4.0
3.0
5.0
3.0
7.67
3.0
1.0
-3.0
4.0
2.67
5.33
-4.0
-0.67
2.33
3.67
5.67
4.0
2.0
4.67
-6.67
-1.67
2.33
8.0
3.33
7.0
2.0
2.67
7.0
-4.0
3.33
-0.33
4.0
4.33
1.67
-0.33
0.0
-1.0
8.33
3.0
3.0
3.67
-2.33
3.0
4.67
1.67
6.67
12.0
9.33
2.33
4.33
10.0
0.33
3.33
-1.0
2.33
1.0
-3.67
-4.33
-2.0
3.33
-1.0
4.67
1.0
6.33
8.0
-3.0
4.67
4.33
4.33
-2.0
1.0
4.67
6.67
5.67
4.33
-3.67
4.0
9.0
1.67
1.67
2.33
-1.0
9.33
0.33
-5.67
-2.33
0.33
1.67
-1.67
8.0
3.67
-0.67
-1.0
1.33
4.33
2.0
-5.67
5.33
-1.0
0.67
4.0
4.67
0.33
9.33
7.0
1.0
-1.33
2.0
0.33
0.33
1.0
-3.33
12.33
-0.67
4.0
2.33
-4.33
3.67
-1.0
0.33
3.33
0.0
0.33
-2.33
5.67
-4.0
-0.33
6.0
-2.0
4.67
-2.0
4.33
6.0
-2.33
2.67
-0.33
2.67
2.33
2.33
0.67
4.67
4.0
-0.33
6.33
1.33
-1.67
-0.67
0.67
2.0
-5.67
-2.0
1.67
-2.0
3.67
-0.33
5.33
-3.33
8.0
0.33
4.0
0.67
-2.67
-1.33
-4.33
1.67
0.67
-1.0
3.0
6.0
2.0
-2.0
-1.0
2.67
-1.67
3.67
-3.67
-1.33
4.67
0.67
-1.67
0.0
1.67
-6.0
-1.0
-4.0
6.67
-1.33
3.67
3.33
-0.33
-0.67
-5.33
1.67
0.33
2.0
1.33
5.0
-2.0
4.67
-4.33
4.33
-2.67
-2.0
5.67
2.67
-1.33
4.0
-0.33
5.0
1.67
0.33
2.67
-3.33
1.0
3.0
4.33
5.67
0.33
0.0
3.33
3.0
-1.67
0.67
-2.33
2.0
1.67
0.0
1.0
2.33
0.0
-1.0
0.67
-1.67
0.33
5.33
4.33
5.33
1.0
1.0
8.67
0.0
-3.67
1.67
1.33
0.33
4.33
10.33
-0.33
3.67
-0.67
6.67
-2.0
-0.33
0.33
1.0
4.0
2.33
2.0
4.33
-1.33
0.67
0.33
2.33
3.67
1.67
-1.0
3.33
-2.33
2.33
-2.67
-2.0
-0.67
3.33
-2.33
2.0
-1.0
0.33
1.67
6.0
-0.33
4.33
-5.0
2.33
4.0
-1.67
5.33
-1.67
2.0
1.67
1.67
5.0
-1.0
8.33
4.0
-1.33
0.0
-0.67
-0.67
3.0
-2.67
7.67
4.0
-4.33
-4.0
1.33
-1.33
4.0
3.0
5.67
-0.33
-3.33
1.67
-0.33
-1.33
5.0
-0.33
-0.33
-5.0
4.0
6.0
-0.67
-3.33
-2.67
-1.33
3.0
0.0
1.67
0.67
4.33
-1.0
-0.67
-3.67
-1.0
0.67
0.0
7.67
-1.33
5.0
-0.33
-2.0
2.33
0.33
-3.0
-0.33
2.67
-1.33
1.33
1.67
0.0
2.33
5.33
3.0
1.33
3.67
0.33
-0.67
0.33
1.67
-0.67
0.0
-2.0
0.0
-1.33
-0.33
3.67
-1.33
1.33
-1.33
0.67
3.0
-2.33
3.0
-1.33
2.67
4.0
-0.33
-2.33
-2.67
0.33
-0.67
1.0
0.67
3.33
2.33
-0.33
-1.0
-0.33
-1.0
-2.0
-2.33
-1.67
3.33
3.0
-0.67
-4.33
-1.0
0.33
1.0
-0.33
2.33
-6.0
4.0
5.67
3.0
5.67
-5.0
-3.0
-1.67
1.0
2.0
-1.33
-0.33
-1.33
0.0
-1.33
0.0
-3.33
2.67
2.0
1.67
1.33
4.67
-1.33
1.67
-2.33
-4.67
1.0
4.0
-1.0
2.33
-1.33
-0.33
-5.0
-2.67
0.67
-3.0
0.0
5.33
-3.0
5.67
-6.0
-1.0
-0.33
-1.67
0.0
0.0
-2.67
-1.67
-3.0
-6.67
-5.67
-1.67
-1.67
-2.33
-5.0
-0.67
1.67
3.0
-6.67
0.0
-0.67
-3.33
-0.33
-5.0
4.67
0.0
1.67
0.67
2.33
0.0
-0.67
3.67
-0.67
-1.0
-0.67
0.33
0.33
-2.0
3.33
-3.67
-4.0
-6.0
-2.67
-1.33
-4.33
-1.0
-3.67
-4.0
-2.0
7.33
-2.33
-2.33
-4.67
6.33
-0.67
-5.33
-3.33
-3.0
-3.33
-7.33
-3.33
0.0
0.33
-4.67
-2.67
-3.0
3.67
-1.33
-5.67
-3.67
-4.67
-0.33
-1.33
2.0
-2.33
-3.67
-5.67
-2.33
-1.0
0.67
-5.33
-0.67
-2.0
-5.0
2.0
-0.33
-3.67
-1.33
0.33
1.67
1.0
-2.67
1.33
-5.0
-9.67
-6.0
-4.67
-5.0
0.0
-4.0
1.67
-10.67
0.33
-8.67
-2.0
-3.67
-0.67
-5.33
-3.33
-4.67
-2.67
-3.33
-3.67
1.0
0.67
-7.67
-2.33
-2.67
-2.67
-5.67
-3.67
-2.67
-4.67
-9.33
-5.33
-7.67
-7.33
-5.33
1.0
-9.33
-5.33
-1.67
-2.67
5.0
-2.33
2.0
-0.67
-6.67
-5.67
4.0
-7.0
-1.33
-3.67
-2.0
-3.0
-5.0
-2.33
-2.33
-4.0
-2.0
4.0
-4.67
7.33
-2.67
-5.67
-1.67
2.0
-4.33
-15.67
-4.33
0.33
1.33
-3.33
-4.67
-5.67
-6.0
-4.33
3.67
2.0
-4.67
-8.33
-9.67
-4.67
-8.0
-4.33
-5.33
-5.33
-9.33
-1.67
-4.33
-1.0
0.33
-8.0
-5.0
-5.67
-5.33
4.0
-4.67
-2.33
3.67
-5.0
-5.33
-0.33
3.33
-0.33
-3.33
3.0
4.33
-5.67
5.0
-6.67
-6.33
1.0
-5.67
-0.67
1.33
-4.0
0.0
-7.0
-1.67
1.33
9.67
-7.67
-4.33
-4.33
-2.33
-9.67
-3.0
2.0
-8.33
7.67
9.33
-9.67
1.67
6.33
-2.33
-0.33
-1.67
-7.0
4.0
-2.0
-2.33
5.67
3.67
1.33
0.67
2.33
-4.67
2.0
-1.67
-1.33
-2.33
-2.0
4.67
-8.67
-5.0
2.67
-1.67
5.0
-1.33
-3.67
3.67
-4.67
-0.67
4.67
-7.0
-10.0
-1.67
9.0
-2.0
-8.33
-1.33
-2.0
-4.0
-5.33
1.0
5.67
-8.0
-5.33
-6.33
1.33
-5.0
4.0
-2.0
0.67
5.0
4.67
8.33
5.0
14.67
3.0
13.33
12.33
15.33
22.0
34.67
32.33
37.33
38.67
47.33
63.0
59.0
53.33
40.67
46.67
54.67
35.33
36.67
33.33
30.0
19.33
22.33
11.33
7.0
2.67
11.0
0.33
4.33
3.33
-3.0
0.33
-2.0
6.0
2.0
3.0
-1.33
-2.67
-3.33
1.67
0.67
2.33
-6.0
-4.0
17.0
4.67
-0.67
7.0
4.0
13.0
6.67
16.0
25.0
25.0
32.0
20.33
49.33
65.0
58.0
70.0
79.0
93.67
100.0
86.67
85.33
76.33
80.0
94.0
36.33
38.0
40.0
21.0
14.33
7.67
20.0
14.67
7.67
3.0
-2.33
7.33
5.67
0.0
2.33
6.33
14.33
-11.0
2.67
5.0
-5.33
-5.33
5.0
6.67
3.67
6.33
11.0
10.0
3.0
1.33
12.67
9.0
-3.67
15.33
9.67
7.0
11.0
19.0
9.0
16.67
5.0
15.0
21.0
10.67
14.33
19.0
18.67
20.0
18.67
32.67
40.33
24.0
50.33
47.0
54.67
47.0
44.67
50.67
74.0
49.33
59.67
36.67
47.0
38.33
25.0
24.33
26.0
22.33
19.0
15.33
19.33
21.33
48.0
32.0
42.67
20.33
16.67
34.33
29.67
24.33
40.0
31.0
24.67
40.67
37.67
30.33
18.67
18.33
20.67
32.67
29.33
37.0
26.0
31.0
25.0
28.33
25.33
34.67
26.67
14.67
30.67
22.67
16.33
19.33
8.0
14.67
7.33
14.0
9.0
13.0
0.0
10.0
12.67
8.33
9.0
7.0
3.33
4.0
0.33
5.33
11.0
4.33
12.67
-1.0
-0.33
6.0
-2.33
6.0
3.33
1.0
9.33
2.33
10.33
7.0
12.0
2.33
-1.33
-1.67
7.0
16.33
20.0
3.33
11.33
3.0
18.0
9.33
8.0
10.33
6.33
17.0
20.67
19.33
23.67
6.67
9.0
14.67
8.0
19.0
31.0
16.67
12.0
21.67
14.0
11.33
7.0
16.67
0.33
6.33
12.0
3.0
6.0
13.67
20.67
6.33
10.0
6.33
16.67
13.0
8.33
21.67
33.33
21.33
39.33
23.33
36.33
27.0
24.67
47.33
54.67
75.67
68.33
101.67
136.0
115.33
137.67
171.67
199.0
236.33
274.33
314.67
320.0
327.33
386.67
319.0
385.67
347.0
325.33
302.67
259.67
253.67
243.33
179.33
161.67
132.67
98.67
69.0
44.67
50.67
39.33
15.0
21.33
25.33
18.0
36.67
23.33
19.0
11.67
20.33
16.33
5.0
20.33
18.67
19.0
27.67
17.33
22.67
25.67
20.0
26.67
28.67
23.33
25.67
16.33
15.67
27.0
27.67
32.67
31.33
36.67
34.67
27.67
38.0
29.67
43.0
34.0
27.67
17.0
36.33
34.67
29.67
38.0
22.0
19.67
26.0
30.67
42.0
29.67
19.33
18.33
17.67
29.0
25.33
13.0
18.0
16.67
15.0
5.67
5.67
28.0
23.0
0.33
27.67
17.67
10.33
13.33
1.0
11.67
17.33
8.0
8.33
-2.33
3.33
13.33
8.33
2.33
10.67
20.0
-1.33
2.33
8.67
10.0
5.67
19.67
-6.0
12.0
16.0
-1.0
12.0
-2.0
5.33
24.67
20.0
37.0
21.33
4.0
21.67
27.33
7.67
35.33
28.33
41.33
25.67
45.67
33.0
36.0
34.67
35.0
35.67
34.67
28.67
34.0
41.33
33.0
22.33
28.67
48.67
19.0
30.33
29.33
27.67
31.0
19.33
19.0
4.67
24.33
17.0
7.0
15.67
14.0
9.0
9.33
28.0
22.67
10.33
9.33
9.67
23.0
12.67
1.67
17.0
22.33
35.0
12.67
31.33
27.67
27.0
17.33
14.33
17.33
19.0
32.0
19.0
19.0
31.67
25.67
27.67
12.33
18.33
23.0
10.33
13.33
4.33
17.67
16.33
15.67
11.33
10.0
13.0
-1.33
6.33
20.33
26.33
4.33
12.0
17.0
6.67
8.67
13.0
16.0
4.67
3.67
7.0
8.0
13.33
1.67
7.67
6.0
4.33
12.33
-5.0
7.33
9.33
-4.33
4.0
7.33
7.67
9.33
-0.67
9.0
0.0
8.33
-0.33
15.67
5.33
3.67
12.0
8.67
9.0
10.67
-0.33
3.67
10.0
2.67
9.0
9.67
1.33
0.33
13.0
8.33
16.33
10.33
7.33
7.67
5.33
11.0
3.0
18.0
9.67
-3.33
15.0
14.67
8.0
17.0
10.33
19.33
0.33
2.67
-1.67
12.67
11.33
7.0
-1.0
3.0
-0.67
11.0
8.67
13.33
-9.0
4.67
10.0
10.0
0.67
17.33
4.33
1.67
8.33
10.67
12.33
-1.0
16.33
3.67
16.0
3.67
-7.0
13.67
6.0
3.0
0.67
5.33
-10.0
8.33
5.33
6.67
-0.67
5.0
7.33
6.33
-3.0
13.0
7.67
17.33
3.67
0.67
5.67
12.67
5.0
9.0
7.67
-2.0
17.33
7.0
-3.33
4.33
-7.33
15.33
22.0
10.33
5.33
3.67
5.0
10.0
7.33
-4.67
3.0
5.33
12.0
15.67
-12.0
5.33
2.0
12.33
14.33
-9.33
15.33
-3.33
11.0
14.67
3.67
7.0
2.0
-6.0
5.0
-2.33
9.0
-6.33
10.67
0.67
8.0
-5.33
-4.0
6.0
8.33
17.0
11.33
0.33
10.33
10.0
4.33
10.33
3.0
7.33
16.0
7.33
8.0
11.33
3.0
7.67
15.33
11.33
5.0
8.67
9.67
19.0
6.33
9.0
-2.0
4.0
14.0
12.67
8.67
8.33
20.0
6.33
8.67
21.0
7.0
16.33
4.0
0.0
9.0
9.67
22.33
0.33
6.0
14.67
-7.33
15.0
6.67
0.33
6.33
3.0
1.0
11.0
16.67
5.0
12.33
16.33
10.67
8.33
-1.67
25.0
8.0
11.33
19.0
21.67
16.0
10.0
8.33
9.0
4.33
13.33
-1.33
10.0
8.0
4.67
8.0
3.67
0.0
6.67
10.67
13.0
10.67
-7.0
5.0
-4.0
-2.33
2.0
1.67
10.33
3.0
10.0
-6.0
17.33
15.67
1.67
-3.0
7.33
-0.67
5.33
19.33
2.0
15.0
6.67
6.0
17.67
6.67
3.0
-9.33
14.67
2.0
2.0
0.33
11.0
11.67
4.33
10.0
-5.67
3.33
0.33
-1.33
6.33
-5.0
9.67
0.0
-2.33
-5.33
-0.33
6.33
-2.67
3.0
1.67
5.33
0.67
-7.67
-0.67
3.33
6.0
-11.0
8.0
-4.67
-2.33
6.67
1.67
-6.33
-0.67
-3.33
6.67
-1.0
3.67
-2.67
13.67
-7.67
2.0
2.67
-2.0
-3.0
7.0
-7.0
6.0
9.67
4.33
-3.0
1.33
0.33
1.33
-7.0
-3.33
6.33
8.67
4.33
2.67
8.33
10.33
-1.67
-1.33
12.33
-8.33
0.33
0.67
7.0
-9.33
0.33
3.33
-8.0
-1.0
7.0
-0.33
5.33
7.0
2.33
9.33
7.33
0.0
-0.67
-5.0
7.67
0.0
10.33
10.0
1.33
-1.33
12.67
6.0
7.33
13.33
8.0
7.67
16.33
1.0
-11.0
4.33
20.0
5.67
5.33
13.67
0.0
-0.67
-2.67
8.67
16.0
-4.33
-4.67
-1.67
2.67
0.33
-2.33
0.33
-5.33
11.67
6.33
-3.33
-3.33
15.33
14.0
-4.33
11.0
-2.0
6.67
11.0
-3.0
-4.67
1.0
-11.33
-7.33
-6.33
7.67
6.67
3.33
6.33
-4.33
0.0
12.33
8.33
0.0
0.67
1.33
4.33
0.67
3.67
-1.67
-6.33
1.0
8.0
-1.33
4.0
2.67
3.33
0.0
1.33
2.67
1.0
3.33
4.67
-4.67
1.33
7.67
1.33
-9.33
9.33
4.67
0.33
1.33
1.33
-1.0
3.0
7.0
4.33
0.33
-2.67
3.67
7.67
4.67
-2.33
4.67
8.67
-3.33
-3.33
3.67
-0.33
1.0
-5.33
-6.33
-3.33
5.67
0.33
-6.67
-0.67
2.33
9.67
2.67
8.0
2.67
3.0
11.67
4.33
6.67
3.33
7.0
4.0
1.67
3.67
-1.33
8.33
2.33
2.67
5.0
8.0
5.67
3.0
-3.67
1.33
-5.0
4.67
9.67
6.67
0.67
-0.33
1.67
-0.33
1.33
-0.33
3.67
2.0
9.0
-4.0
3.33
10.67
-4.33
3.33
0.33
0.67
1.67
0.33
8.67
2.0
-1.0
-0.67
0.0
-7.67
1.67
-1.67
2.0
4.67
-2.33
-4.33
6.0
0.0
6.33
-4.67
-5.0
0.0
2.0
4.0
-1.33
3.67
3.0
7.0
-1.0
0.0
5.33
9.67
4.33
7.67
4.0
-4.0
-5.0
3.67
-1.67
6.0
3.0
4.33
0.33
-3.0
4.67
2.0
5.0
0.0
8.0
6.0
4.33
-1.67
-3.67
11.67
1.67
5.33
9.33
-0.33
0.67
6.33
-0.33
3.0
6.67
0.67
-2.0
0.67
8.33
7.0
3.0
4.33
1.67
4.0
6.0
2.33
4.0
2.67
3.0
5.67
5.67
2.67
1.67
1.0
2.0
-1.0
12.0
0.33
3.33
9.33
-2.0
5.0
-2.67
4.0
6.0
2.0
-0.67
1.33
-4.67
0.0
-5.67
-2.0
0.33
-3.67
5.0
1.0
4.33
4.67
-1.0
1.67
6.0
-8.33
1.67
0.67
-0.33
1.0
3.0
-0.67
-3.67
-5.33
-0.33
4.67
-2.0
-2.33
3.67
1.67
0.33
-1.33
-1.0
-1.67
2.0
3.0
-1.0
0.67
1.67
3.0
6.0
-10.33
0.67
-1.33
0.33
1.67
0.33
2.0
0.67
7.67
-0.67
-1.33
-1.67
0.33
-1.67
7.0
-1.0
2.0
-0.67
