0.0
-38.0
-18.33
5.0
-12.0
41.33
18.33
-30.0
49.33
-32.67
-17.0
23.0
-31.33
37.67
-27.0
-29.67
-8.67
-55.33
-15.0
-42.33
8.33
7.33
-8.33
7.67
-4.0
-17.0
-9.67
-18.0
-2.67
1.0
5.33
7.67
-5.67
-1.67
1.0
-2.0
-3.67
-2.0
-1.0
1.67
0.33
-0.67
2.67
0.0
-0.33
-0.33
0.0
-0.33
0.0
2.0
1.0
0.0
0.0
-0.33
0.0
0.67
0.0
-1.0
-0.67
0.0
-0.33
-0.33
0.0
-1.33
0.0
0.0
-1.0
-0.67
0.67
0.0
-0.33
0.67
0.0
-0.33
-0.33
-0.33
0.33
0.67
1.0
-0.33
0.0
-0.67
0.67
0.33
-0.67
-1.0
-0.67
0.67
0.67
0.67
-1.33
-1.0
0.67
-1.0
0.33
-1.0
2.0
-0.67
1.67
0.33
-2.33
-0.33
2.67
-0.33
-0.67
-1.0
-2.33
0.67
0.0
1.67
2.0
-1.0
-1.67
1.33
0.67
0.0
2.0
-0.67
-1.0
2.0
0.67
0.67
-1.33
-2.67
1.67
4.33
-3.0
12.0
1.33
-0.67
1.33
0.0
4.0
1.67
2.33
-1.0
-0.67
7.0
0.33
7.0
6.0
1.0
-3.0
0.0
12.67
-2.67
0.67
9.0
3.67
-1.33
2.0
-3.0
-3.67
11.0
7.67
7.33
2.0
2.0
4.33
-1.33
3.67
10.0
3.33
5.67
5.67
-0.33
9.67
1.67
3.33
6.67
-1.67
5.33
4.0
-3.0
0.0
7.0
-1.33
-4.33
7.67
7.33
1.67
7.0
-2.33
-1.33
0.67
6.33
-0.33
3.67
2.33
5.0
5.33
-0.33
2.0
-5.33
1.67
3.33
5.67
3.0
-1.67
7.0
8.0
-0.67
-3.67
7.0
1.33
1.0
3.67
1.33
7.0
1.0
-1.0
-3.0
6.0
11.67
4.0
-2.0
6.0
3.0
-1.33
2.33
-1.0
1.33
0.33
1.67
3.67
-2.0
4.0
1.67
0.33
-0.67
-1.67
9.0
0.33
-6.0
5.0
1.67
5.0
3.0
7.33
-6.33
-2.0
-2.67
2.67
1.67
-1.0
-2.0
9.33
2.0
3.0
-6.33
0.67
-4.0
5.67
-4.33
1.67
2.0
6.33
5.33
0.33
8.0
2.33
1.33
3.0
-2.67
7.0
0.33
1.67
4.0
4.33
0.0
4.67
-3.0
3.33
6.0
0.0
0.67
11.33
10.33
7.0
1.0
1.67
10.67
1.67
1.33
3.33
7.0
-2.0
3.67
-1.33
8.33
3.0
4.33
-6.67
7.33
-2.33
2.33
-6.33
-4.67
4.0
-3.33
-3.67
1.0
-1.67
6.33
0.0
-0.67
7.33
0.0
0.67
2.0
2.67
5.33
4.33
1.0
2.0
0.67
4.0
6.33
1.33
4.0
5.67
3.33
-2.67
1.0
0.33
-1.33
10.67
1.0
2.33
2.33
-4.0
2.33
4.67
2.67
2.0
1.67
6.0
1.0
-3.33
4.0
3.33
-2.0
4.67
-2.33
-0.33
-0.33
-0.67
4.33
-1.33
5.67
2.0
-0.33
0.33
-3.67
-5.67
-3.67
2.67
-1.0
-2.67
4.0
-0.33
0.0
2.67
-2.33
-0.67
2.67
-1.0
9.33
9.0
4.67
2.33
3.67
1.67
-7.33
2.67
0.0
4.0
4.0
8.0
1.0
-3.0
5.67
-4.67
3.67
2.33
-0.33
-0.33
0.67
4.33
-3.0
-2.33
-1.0
10.0
2.0
0.67
-0.33
1.67
4.33
-1.33
3.33
4.67
-4.33
3.33
3.0
1.33
0.0
-1.0
3.67
-0.33
10.33
-1.67
-5.0
1.67
4.67
-3.33
0.0
0.67
1.0
-4.33
4.33
0.67
0.67
-1.0
2.0
-2.67
2.67
-0.67
6.0
-1.67
4.0
5.33
-3.33
0.67
2.0
0.67
-1.0
3.0
1.33
5.0
4.0
5.67
-2.67
-2.67
8.33
5.33
-0.67
-3.0
-2.0
1.67
8.0
7.33
-2.33
0.33
2.33
3.33
4.33
1.67
7.67
-1.67
2.67
4.0
-2.33
2.33
6.0
6.0
-2.67
0.0
1.33
0.67
-2.33
-4.67
2.33
-0.33
-2.33
-2.0
0.33
1.67
7.33
-0.67
2.0
0.33
5.33
2.67
-4.0
2.0
5.33
1.67
0.0
0.67
3.33
-2.0
-0.67
-1.0
4.33
3.33
0.33
4.0
-1.33
2.67
8.0
3.0
-0.67
8.0
-4.33
-2.0
0.33
0.33
6.0
3.33
0.67
6.0
-3.33
-2.0
1.33
-3.33
0.0
-1.0
1.67
-3.33
0.67
-0.33
3.67
-3.33
0.0
3.67
7.67
2.0
1.0
10.0
-0.67
-2.33
2.33
4.67
4.0
-2.0
4.67
0.67
-0.67
-2.0
2.33
0.33
1.0
1.67
-2.0
4.67
1.67
2.0
1.67
3.0
4.33
1.33
-1.0
4.67
-0.33
-0.33
1.33
-0.33
0.0
1.33
-1.67
2.0
1.33
-1.33
1.33
0.33
2.33
4.67
-1.67
6.0
4.0
4.0
-2.33
10.67
1.67
2.67
0.33
1.67
-2.33
-4.0
0.67
4.0
5.67
-2.33
2.0
-1.33
0.67
-3.67
7.33
2.33
5.0
5.67
1.33
2.33
-2.33
2.0
-1.33
-1.0
5.0
2.67
2.33
1.33
-3.0
-2.67
-0.33
4.0
0.33
6.0
-0.33
-1.67
2.0
2.0
4.67
1.0
1.67
-3.0
-7.0
-1.67
2.0
4.0
-3.33
4.67
-1.33
-3.0
-2.33
-1.0
0.67
0.67
2.0
0.67
1.33
-2.33
-1.33
6.67
0.67
-1.67
0.0
-3.0
1.0
-3.67
-3.33
-1.33
-1.0
-4.67
-0.33
0.0
-3.0
1.33
4.0
-1.33
-4.0
0.0
0.67
-0.67
-2.0
6.0
-4.67
-3.67
-6.0
-0.67
-3.67
-3.67
2.33
-0.33
-1.0
-2.67
3.67
1.0
1.33
-2.0
-1.67
-5.33
5.67
-3.0
-2.33
1.0
0.67
-0.33
-2.67
-4.0
-0.67
-0.33
-1.67
-2.0
1.33
-2.67
-0.67
0.0
-3.67
-2.67
-1.0
1.0
-2.67
-3.33
-5.33
-3.0
-2.67
1.0
-2.0
5.33
1.67
-0.33
-6.67
1.33
-0.67
-8.33
-6.33
3.0
-2.33
-6.33
-3.33
2.0
2.33
-5.67
2.33
-1.0
5.67
-6.33
-5.67
-0.67
-0.67
-4.33
0.67
0.0
-2.33
-2.67
0.33
-1.33
-6.0
3.67
-4.33
-4.67
-5.0
-4.0
1.0
-0.33
0.33
-0.33
-0.67
-6.33
2.0
-1.67
-4.67
-5.0
-4.67
-6.0
-3.67
-4.0
-4.0
-10.0
2.67
-8.67
-2.67
-8.67
1.0
-3.67
-1.67
-8.33
-4.33
-4.67
-6.67
-8.33
2.33
-7.0
6.67
3.33
-2.33
2.33
-9.67
-8.67
-4.67
1.33
-5.67
-3.33
-5.33
-5.67
-3.33
-3.33
-4.0
-3.33
0.67
-3.67
-5.67
-4.0
-4.33
-3.0
0.33
-1.67
-6.67
0.0
-9.0
-6.33
0.33
4.0
-1.0
-4.0
-0.33
-6.33
0.0
-4.0
-7.0
-2.67
2.33
-1.67
2.33
1.33
5.0
-3.33
-10.67
-0.33
-7.67
-6.67
3.67
1.33
1.33
3.0
-1.33
-5.33
-1.0
-3.67
-8.33
-1.67
-1.67
-7.0
-4.33
-4.33
-10.33
0.67
-2.67
-1.33
-1.0
-5.67
-9.0
-7.0
3.33
-2.33
2.0
-7.67
-6.33
-1.33
-6.0
2.67
-0.33
-3.67
-2.33
-1.33
1.0
-6.67
-0.67
-9.0
-3.67
8.67
-5.0
-2.67
-2.67
3.33
-5.0
-3.0
-15.0
-2.67
-0.67
3.67
-4.67
3.67
-5.33
1.67
-8.67
1.0
-1.0
-6.33
4.67
0.33
-8.67
2.67
-7.67
-2.33
0.67
-3.67
-11.0
-5.0
-6.0
-2.33
-1.33
-1.33
4.33
2.67
6.33
0.33
-3.0
5.33
10.67
-0.33
1.0
-1.33
-5.67
1.0
-0.33
-3.67
-4.0
5.67
7.33
3.67
-6.67
-3.67
15.67
3.0
-6.0
3.33
5.0
-13.0
-7.33
2.67
-12.0
3.0
-3.33
3.0
5.67
-5.0
-2.33
0.67
4.33
-7.0
14.0
12.0
-0.33
1.0
0.67
10.33
16.0
5.67
24.0
22.33
35.33
13.33
30.0
27.67
40.33
61.33
59.67
56.33
74.0
68.0
56.33
59.67
66.67
49.67
38.33
40.67
46.33
25.0
21.33
29.33
12.33
22.0
9.67
5.0
3.33
7.33
0.33
-2.0
1.33
-5.0
1.0
5.0
-3.0
2.67
-0.67
0.67
6.67
1.67
8.33
5.0
8.0
0.0
4.67
7.33
0.0
1.0
3.0
11.67
-1.0
14.0
20.0
20.0
28.33
57.33
25.0
37.0
40.0
52.0
54.67
45.0
71.67
77.33
59.33
50.0
44.0
54.33
42.0
50.0
24.0
26.33
19.67
15.0
16.67
7.67
5.0
-3.33
8.33
-0.33
1.0
19.33
6.33
6.33
-4.0
10.67
8.0
6.67
14.67
5.0
8.67
2.67
12.33
15.0
6.0
1.0
7.33
6.67
5.0
0.33
15.33
18.67
2.0
3.0
4.0
4.0
5.67
15.0
2.0
15.0
17.67
5.33
8.0
10.67
16.0
23.67
19.67
22.33
22.0
39.33
39.0
39.67
37.0
35.67
33.67
40.0
32.33
33.67
41.67
24.0
35.33
43.0
50.33
48.0
55.33
63.0
77.33
51.33
60.33
65.0
67.0
72.67
85.33
62.67
74.33
60.67
77.33
63.0
73.0
45.67
63.67
62.67
67.33
55.67
41.33
51.67
46.67
44.33
51.0
39.0
35.0
41.0
45.33
36.33
37.67
31.67
20.67
28.67
28.67
26.33
16.33
16.0
16.67
6.33
18.0
5.0
10.0
10.0
4.0
10.67
3.33
1.0
-1.0
11.33
4.0
8.33
9.33
13.0
3.33
-3.33
2.0
9.67
-1.0
2.67
3.0
8.33
0.0
6.33
1.33
5.33
15.0
6.0
6.33
0.67
0.33
3.0
9.33
16.0
15.33
6.33
18.0
11.0
14.33
1.0
14.33
1.33
30.0
14.67
6.33
13.67
22.67
22.0
11.67
9.0
14.0
24.0
15.67
25.0
17.67
20.0
28.33
27.0
16.67
32.33
6.33
20.0
19.0
15.0
21.67
20.67
23.33
2.0
19.33
21.67
21.0
18.33
36.67
31.33
49.33
37.33
68.33
55.33
67.0
64.67
86.33
66.67
71.67
82.33
67.67
79.0
57.33
74.67
96.67
94.0
101.33
97.33
107.67
90.0
109.33
141.67
122.0
119.67
130.0
123.33
138.67
101.67
97.67
110.33
83.33
75.67
64.67
51.67
41.0
18.67
31.67
16.33
15.0
18.33
15.33
17.0
15.67
14.33
9.0
11.67
12.33
14.33
13.0
12.33
15.67
20.0
21.67
22.33
23.67
20.67
23.0
23.67
16.67
20.33
24.67
35.33
18.67
27.0
35.67
38.67
41.33
37.67
31.67
34.67
33.0
42.67
45.0
29.0
42.67
40.0
43.33
30.67
30.67
48.0
41.0
29.67
37.0
24.67
30.0
26.67
19.33
12.33
19.67
8.0
5.33
19.0
15.0
13.67
4.0
7.67
3.67
21.0
5.0
6.33
15.67
12.67
15.33
7.33
14.0
-0.33
-4.67
5.0
5.33
-2.33
5.33
1.33
4.33
11.33
3.67
2.0
6.67
5.33
-3.33
14.0
9.67
15.67
10.0
8.0
4.0
13.0
21.0
1.0
24.33
10.67
16.0
21.0
21.33
12.0
10.67
21.33
17.67
41.33
29.33
38.33
30.67
16.67
23.0
44.0
46.67
29.0
37.67
26.67
51.67
33.0
35.33
39.0
42.33
54.67
49.67
26.0
30.33
32.33
21.67
32.0
38.33
38.0
28.67
28.33
31.0
9.0
31.67
19.0
2.0
11.33
11.0
14.67
5.33
1.33
19.67
16.0
5.67
18.67
21.0
28.33
28.0
15.67
18.33
25.67
37.0
33.33
21.33
36.33
16.0
32.0
19.0
21.0
41.67
19.67
21.67
3.33
11.33
18.0
26.33
15.33
7.33
14.67
12.33
7.67
20.33
9.0
25.0
12.67
6.33
14.33
9.33
6.33
5.0
13.0
8.67
16.67
2.0
11.0
5.67
12.67
5.0
1.0
0.33
3.67
2.67
16.0
5.33
-5.67
-4.0
9.33
4.33
2.67
5.0
0.33
5.67
1.33
6.33
5.0
-3.0
14.33
-1.33
21.67
8.33
-3.33
9.0
6.67
-6.0
-1.33
4.67
-7.33
8.0
13.67
5.0
1.67
6.33
6.33
5.0
10.33
18.33
2.33
11.33
-1.33
6.33
3.0
-7.0
13.0
13.67
23.67
4.0
3.67
10.0
-4.0
12.33
6.33
8.33
4.67
13.33
3.67
2.33
15.0
7.0
-2.0
6.33
3.0
6.67
14.33
23.0
0.67
2.0
11.0
4.67
13.33
7.33
9.67
1.33
12.67
0.33
7.0
18.33
11.67
7.0
19.67
-7.0
0.67
2.0
3.0
5.67
-2.67
-6.0
1.33
4.33
-1.33
13.33
8.0
-0.67
6.33
9.0
-2.0
7.67
4.33
5.67
10.67
10.67
22.67
3.0
7.0
4.67
7.0
10.33
17.0
-5.33
10.33
-8.33
3.33
5.0
1.33
14.33
7.67
-2.0
8.0
3.33
3.33
8.0
2.33
14.0
13.67
3.0
11.33
5.0
13.33
6.33
-11.33
3.33
7.67
5.0
4.67
9.67
1.0
2.0
4.0
-1.0
-1.33
19.0
2.67
15.67
-0.33
9.0
0.67
-5.0
8.0
21.33
1.0
16.33
-0.67
19.33
3.0
17.33
-1.67
5.0
-2.67
19.0
-6.67
12.0
20.33
5.0
11.67
17.33
24.33
10.0
13.67
5.67
20.0
0.33
6.0
12.0
1.0
19.0
11.67
11.67
1.33
13.0
20.33
4.67
7.0
6.0
9.33
8.0
4.0
-3.0
8.67
15.33
12.33
-2.0
-9.33
13.67
11.0
5.67
12.33
19.33
5.0
5.0
17.0
4.67
10.0
5.33
18.33
23.67
29.33
14.33
26.0
24.0
16.33
9.0
9.67
23.0
16.0
20.33
22.0
18.33
25.33
8.67
7.0
9.0
9.67
15.0
13.67
2.0
1.67
20.67
8.0
3.67
3.0
16.0
-6.0
-2.33
4.0
8.67
1.33
4.0
-3.0
4.0
9.33
19.67
4.67
1.0
8.33
0.33
9.33
6.33
-8.0
0.0
-4.33
-3.0
1.67
-4.33
2.0
-1.33
7.67
-2.0
-6.0
-14.67
-4.0
-3.33
5.33
4.0
1.33
0.33
5.33
-7.33
13.33
-3.0
14.67
-1.0
-7.33
-1.33
2.67
-0.67
-0.67
0.0
6.67
11.33
-1.33
-7.67
4.33
1.33
2.0
-4.0
-4.0
-5.67
4.67
0.67
-3.33
4.67
-0.67
-2.33
6.67
-1.0
-2.33
-2.67
-3.33
-8.67
2.0
2.67
4.0
-7.0
-2.0
-6.0
5.0
12.67
0.33
-3.0
3.33
3.33
6.33
-2.0
-1.33
-3.67
8.67
-1.67
3.67
-2.67
-4.67
3.33
14.67
3.33
-9.33
-5.67
-1.33
-8.0
-1.33
6.33
3.33
5.0
-2.0
0.0
-7.33
7.33
6.0
-6.67
5.33
3.33
5.0
-1.67
1.0
-7.33
9.0
17.33
5.0
3.33
4.67
6.67
-3.0
6.33
-6.67
5.0
8.67
10.33
-2.0
-6.0
3.33
9.0
-5.33
4.33
7.67
7.0
-2.67
-1.67
-0.33
-5.0
-10.33
1.33
-1.67
2.67
-2.67
-0.33
-6.67
1.67
1.67
-2.67
0.67
-8.33
-5.67
6.0
-1.33
5.0
3.0
5.67
4.0
-4.0
-1.67
1.0
-0.33
-10.33
-1.33
6.67
-5.33
-0.67
4.33
2.67
1.0
-2.67
20.33
5.0
1.67
6.33
5.33
10.67
0.67
3.33
-6.33
4.0
0.0
0.67
6.0
6.67
1.33
6.0
-2.67
-0.33
4.0
-2.67
3.67
-5.67
6.33
2.67
-5.67
-9.33
8.33
-2.33
0.33
5.33
5.33
3.0
-6.0
7.0
0.33
5.33
0.33
5.67
5.67
2.67
5.67
11.67
0.67
4.67
-5.33
9.67
-0.33
-3.0
1.67
1.67
-5.33
8.67
9.33
-2.67
13.33
1.33
4.67
2.67
2.0
4.67
7.0
9.67
3.33
3.67
1.33
5.0
0.0
4.67
6.67
7.67
5.33
0.33
3.67
5.0
7.0
0.67
0.0
-4.67
7.33
-5.0
7.67
3.67
2.67
2.67
8.67
3.67
1.67
-0.67
1.67
4.67
5.0
3.0
3.0
11.33
2.67
4.67
6.33
1.33
-5.33
0.67
-1.67
3.67
2.0
0.0
8.33
3.0
-0.67
1.67
4.33
-3.0
6.67
1.67
-0.33
3.0
-1.0
4.33
2.33
0.0
6.0
2.0
-3.0
1.67
5.67
5.0
0.0
1.0
-1.0
-3.67
4.67
2.33
9.67
-5.0
-8.0
10.0
-3.33
0.33
6.0
1.0
8.33
4.33
-3.0
11.67
-4.0
5.0
-1.0
-6.0
5.0
0.33
-0.67
4.33
2.67
0.67
3.33
3.33
11.67
0.67
1.33
6.67
4.0
-1.33
6.67
0.0
3.67
0.33
1.0
4.0
0.33
4.67
2.0
6.0
4.33
1.0
6.67
7.0
0.67
1.67
6.67
10.67
4.0
2.0
7.0
6.0
8.33
0.33
1.33
-3.0
0.0
4.33
5.0
7.0
-2.0
1.33
-2.67
-8.67
7.0
8.33
-4.0
2.33
0.33
-2.0
2.0
6.33
0.67
-3.0
-2.33
5.0
-4.33
-5.33
0.67
-2.33
-5.0
1.0
3.33
4.33
-4.33
1.67
1.67
-3.0
0.67
0.67
-2.33
7.33
-3.33
-5.0
4.33
7.0
-1.0
0.0
-0.33
-1.33
1.0
5.0
-4.33
-0.33
5.67
-6.67
4.67
-0.67
0.0
-0.33
2.67
2.33
-1.33
5.33
0.33
-3.67
6.0
-4.0
1.0
0.33
