0.0
-29.33
-30.67
13.0
-6.33
45.0
-53.33
-64.67
-27.33
-151.33
82.33
2.33
44.33
69.33
27.33
22.0
-9.0
-59.33
31.67
-30.67
-13.67
7.33
-8.67
-24.33
-13.33
0.0
-12.0
-8.0
-4.67
-2.67
-10.0
3.0
10.67
-4.67
-1.67
-2.0
4.33
0.67
0.33
0.0
-1.0
-1.0
0.33
-0.33
-1.33
1.0
1.0
0.0
0.0
0.67
0.0
0.67
0.0
0.33
0.0
0.0
1.0
0.0
-0.33
0.0
-0.33
-0.67
-0.33
0.0
0.67
0.0
-0.33
-0.33
0.0
0.67
1.0
0.0
-0.67
-1.0
0.33
0.0
-1.0
0.33
-0.67
-1.67
0.0
-1.0
0.0
1.0
-1.0
0.33
0.33
-1.33
4.0
-1.0
1.33
-0.33
0.33
1.67
0.0
2.0
0.67
1.67
-0.67
-0.67
0.67
-1.0
-0.67
0.67
2.0
-0.33
-1.0
0.67
0.0
-0.33
-0.33
0.0
3.67
1.67
1.0
-2.0
4.67
-1.67
1.0
-1.0
2.0
0.33
1.33
-0.67
0.67
1.0
0.33
1.33
4.67
1.0
-2.0
-1.67
2.33
-1.33
1.0
-3.0
2.0
3.33
1.0
1.0
-1.67
3.0
1.0
1.67
0.33
0.67
3.33
7.33
-2.33
-2.0
6.0
1.0
0.33
8.0
3.67
-0.67
3.67
10.33
2.67
-0.67
2.33
2.67
0.0
6.67
-1.33
8.33
1.0
-3.67
1.33
5.33
2.33
6.67
3.0
2.33
-5.0
1.33
4.0
3.0
1.67
6.33
0.0
-3.0
-1.33
0.33
2.0
6.67
1.33
1.67
-4.0
-2.0
-1.33
-4.33
8.67
2.33
3.0
10.0
1.0
5.0
2.67
8.67
1.33
4.33
5.33
2.0
7.33
10.0
5.0
-0.67
10.33
2.33
-1.0
2.0
1.67
2.0
0.33
2.0
8.67
5.67
-7.33
2.0
0.67
9.33
5.33
-0.67
10.33
1.67
0.67
10.0
0.0
1.67
1.67
-1.0
-1.0
-0.33
4.33
5.0
3.67
2.0
-1.33
-1.33
-5.67
6.67
7.67
-3.33
-2.33
1.0
5.67
0.33
-0.67
-2.33
1.33
1.33
1.67
0.0
-0.33
1.0
3.67
2.67
-2.33
-0.33
1.67
-2.67
3.67
7.67
3.0
9.33
-1.0
-0.33
3.67
1.0
-0.67
-4.0
-1.67
-4.0
3.33
-5.0
-0.33
0.33
3.0
4.0
1.0
-0.33
3.0
-2.33
5.33
7.67
4.33
2.0
-0.67
-0.67
6.33
6.33
1.67
5.33
2.67
7.67
1.33
-2.33
5.67
6.67
8.0
2.33
-0.33
5.67
-2.33
-1.0
2.0
-2.0
2.0
7.67
5.33
-4.33
7.33
4.67
0.0
2.67
1.33
1.33
3.67
0.33
-1.67
2.33
9.67
1.0
-6.67
3.33
2.0
-1.33
-1.0
-3.67
1.0
-0.67
2.0
2.33
4.0
2.33
3.33
6.67
2.0
2.0
2.67
0.33
4.0
-3.67
-1.33
4.0
6.67
-4.0
0.67
2.33
-2.67
3.33
5.0
-1.0
9.33
-3.33
-0.33
3.0
-4.67
11.33
6.33
1.0
5.0
3.67
9.67
5.33
-1.0
2.33
1.33
-0.67
1.33
-2.33
1.0
-4.0
1.67
-3.67
-3.0
-2.67
-3.67
-0.67
-0.33
2.33
4.0
1.0
4.33
-0.33
1.67
2.67
8.0
8.33
-0.67
4.0
0.67
-1.33
-3.33
0.67
-0.67
-2.67
4.33
3.0
-2.67
-1.0
4.33
1.67
2.0
3.67
-1.0
-1.67
5.0
-3.33
-2.33
2.33
8.0
-4.67
1.0
-0.33
5.67
-0.67
1.67
-0.33
-2.0
0.67
0.67
-2.33
1.33
-5.0
-4.0
1.67
-1.33
5.33
2.0
5.33
-1.0
3.67
2.33
0.67
-3.0
-2.33
-0.67
-0.33
1.33
-1.0
-2.33
5.0
0.0
2.33
-1.67
-1.33
3.0
1.0
-0.67
5.33
-6.0
-4.33
-3.0
2.0
-0.67
-2.67
-2.67
0.33
3.0
0.0
2.0
0.33
-4.67
4.67
-0.33
2.0
6.67
3.33
-5.0
0.0
0.33
3.0
0.33
3.33
0.67
4.67
-0.33
-2.67
-3.33
-2.67
0.33
3.0
0.33
2.67
0.67
2.0
-2.33
-0.67
1.33
2.67
2.67
-4.67
-1.33
1.0
6.0
2.33
2.0
-2.0
3.33
3.33
0.67
0.67
8.33
1.67
-1.33
0.33
2.33
1.33
1.67
-3.67
-5.0
0.67
-1.33
-0.33
0.67
-0.67
1.33
2.0
-6.67
3.33
-2.33
-2.33
2.33
3.0
2.0
2.33
-1.67
4.0
1.33
2.0
-1.33
0.67
1.33
-1.67
0.67
6.67
-1.0
-0.33
-1.67
-3.33
-1.33
-0.33
0.33
0.0
0.33
-1.67
0.33
2.33
-0.67
-1.67
0.67
4.0
1.67
-1.33
1.67
-1.67
-3.33
2.33
-4.0
0.33
1.0
4.33
4.0
2.67
-5.67
1.0
4.67
1.0
0.0
-0.67
-1.67
-3.0
-2.0
-1.67
2.0
3.0
0.33
-5.0
-2.67
2.33
2.33
-1.33
2.33
1.0
3.67
-0.67
0.33
-0.33
2.67
1.67
5.33
-2.0
-3.33
0.67
2.33
-3.0
-0.67
0.33
0.0
3.0
-1.0
-2.67
0.0
2.67
0.0
1.67
-4.0
0.0
-0.33
-2.0
2.0
-3.33
-0.67
0.33
-0.67
4.0
1.0
-0.67
2.0
4.33
4.0
-0.33
-0.33
-2.67
3.33
1.67
3.33
0.33
-0.33
5.33
3.33
0.0
-1.67
-1.0
-4.67
-5.33
-0.67
0.67
-2.0
0.33
2.67
-0.67
-1.0
0.67
3.33
3.0
0.67
-0.33
0.67
-3.33
0.67
4.0
-3.33
-2.0
0.33
-5.0
-2.0
3.67
-4.0
1.67
9.0
-2.33
-0.67
2.33
2.0
-1.33
0.67
-2.67
-3.33
1.33
-4.67
-2.33
-1.33
0.67
0.33
1.33
1.67
0.33
4.33
5.67
0.0
-1.67
-1.33
2.67
5.33
4.33
-0.33
-0.33
-1.33
8.33
5.0
6.33
-6.0
5.33
2.67
3.0
4.0
-1.0
1.0
3.67
-1.67
3.67
3.0
3.67
2.0
1.0
3.33
7.33
-3.33
-0.67
-2.33
6.33
6.67
1.33
7.33
-1.33
2.0
-1.67
0.33
0.67
-1.67
3.0
2.67
-2.0
0.33
0.0
4.67
1.0
1.0
0.67
-3.67
1.0
2.33
3.33
8.33
-0.33
-1.33
-2.33
-0.67
3.33
3.0
0.33
-2.33
-2.0
-1.33
2.33
-6.33
7.67
-6.33
1.33
0.0
2.0
1.33
0.33
3.0
1.33
7.67
2.0
0.67
0.67
-5.0
2.67
0.67
2.0
6.0
2.0
0.33
-4.33
2.67
-2.0
5.33
-1.33
-3.0
7.67
-2.0
-2.67
-6.33
-1.33
-2.0
-2.33
1.33
1.0
2.67
3.33
9.0
10.67
4.67
3.33
-2.0
-1.0
4.0
2.67
-2.0
5.67
2.33
3.0
4.67
1.33
7.33
0.33
4.33
10.67
0.0
4.0
-0.67
0.67
1.67
3.67
10.33
1.33
4.0
4.33
9.33
11.0
9.0
2.33
7.33
1.0
5.33
8.33
5.0
3.0
7.33
10.0
0.67
5.33
6.33
5.0
0.67
3.33
12.33
-1.33
7.0
7.67
-2.67
9.67
5.67
4.33
-0.33
12.0
5.67
8.33
8.0
2.0
8.33
8.67
8.0
8.33
12.67
7.33
5.33
7.67
1.0
2.0
10.0
10.67
-1.0
5.67
2.67
10.33
12.0
0.33
6.67
1.67
6.0
6.0
4.33
9.67
12.0
9.33
9.33
0.0
12.0
8.33
3.33
9.67
2.0
5.67
6.0
6.67
11.67
10.0
7.33
2.67
15.0
5.67
16.33
6.67
9.0
4.33
8.33
4.33
1.33
20.0
9.67
8.33
6.0
4.67
4.33
6.0
3.67
9.0
8.33
11.0
11.67
15.67
5.33
12.33
4.0
4.33
17.67
9.67
11.67
5.0
6.33
5.67
4.33
13.33
3.0
7.67
9.0
11.33
11.0
7.67
7.0
8.67
9.67
11.33
15.33
3.0
15.33
22.0
14.33
32.0
36.67
31.0
60.67
40.67
45.0
43.67
53.67
61.33
47.0
56.33
43.67
46.0
49.0
30.33
19.0
22.33
32.33
13.33
16.33
16.67
26.0
9.67
3.67
9.67
10.67
7.0
10.33
11.0
15.33
10.0
5.67
15.67
12.0
13.33
19.67
14.67
17.0
32.33
27.0
19.67
20.0
16.0
24.33
32.67
46.0
42.33
43.33
74.67
77.0
82.0
87.0
83.67
117.33
133.0
125.0
112.33
94.0
103.33
95.0
81.0
70.33
57.33
42.67
46.0
40.67
27.0
22.0
26.33
7.67
6.33
7.33
14.67
9.33
22.67
12.33
5.33
9.67
7.33
15.0
11.0
8.33
14.0
17.33
8.33
15.0
11.67
13.33
8.0
22.0
20.33
15.0
19.33
2.33
10.67
20.67
21.33
19.0
22.67
11.33
21.33
20.0
18.33
10.33
37.0
17.67
16.33
24.67
18.0
5.67
24.67
16.67
20.67
23.33
26.33
27.33
18.0
26.33
30.33
22.0
44.0
29.33
36.33
37.33
35.67
34.33
29.0
42.67
46.67
25.67
41.33
32.67
40.0
26.0
39.67
43.33
41.0
30.67
35.33
17.33
17.33
22.33
22.33
31.0
25.67
33.67
40.67
33.33
23.0
26.33
32.33
38.0
21.33
40.33
41.0
37.0
27.33
23.33
22.33
30.33
38.67
22.0
31.0
32.33
21.0
39.0
31.67
31.67
31.67
30.0
31.33
26.0
32.67
28.33
36.33
24.67
22.33
27.0
28.0
22.0
23.33
16.0
25.67
13.67
22.0
11.0
24.33
15.67
15.0
2.67
4.0
10.33
10.67
9.0
15.0
7.0
13.67
9.33
15.33
17.0
10.33
10.33
19.33
9.0
20.67
30.33
14.67
15.67
20.67
14.33
6.0
19.33
22.33
18.33
23.67
24.0
17.67
14.67
12.67
11.67
24.67
20.0
7.67
18.67
8.33
11.0
13.67
8.0
8.0
14.33
14.0
21.33
10.33
13.67
7.0
24.0
13.33
21.67
25.33
26.33
31.0
34.0
7.33
39.0
45.0
50.0
50.67
53.67
41.33
52.67
59.33
59.67
63.33
80.33
72.33
75.33
68.0
83.33
86.67
52.67
67.33
83.33
61.67
59.33
60.33
54.33
38.33
47.33
33.0
39.33
38.67
27.33
39.0
32.67
37.67
21.67
21.33
25.0
22.0
28.67
29.0
22.0
28.33
34.0
21.67
28.67
31.0
26.33
28.0
33.33
24.67
31.67
32.0
33.67
33.67
42.0
28.33
33.0
33.0
44.0
41.33
42.33
18.0
37.67
40.0
48.33
51.33
47.33
25.67
44.0
44.33
28.0
47.33
52.0
46.67
38.33
52.0
32.33
52.0
34.67
39.33
22.67
30.33
31.0
40.33
37.0
38.0
21.33
31.33
22.67
23.0
25.0
15.33
19.67
22.67
26.67
22.0
14.67
20.0
20.67
19.0
19.0
10.33
10.0
4.67
11.67
14.67
12.0
10.33
6.33
15.67
1.67
11.33
9.67
11.33
26.67
11.33
14.67
13.33
9.33
12.67
17.67
13.67
29.0
10.67
12.0
9.33
5.67
7.67
17.0
9.33
5.0
8.33
21.0
6.33
17.0
13.0
8.67
21.67
27.0
7.33
13.67
20.67
19.67
21.0
22.0
18.33
35.33
23.33
23.67
24.67
12.67
13.67
26.0
40.67
23.33
15.0
9.67
23.67
21.0
28.33
14.67
32.67
26.33
20.33
17.67
16.0
18.33
11.0
25.33
18.33
16.0
22.67
20.67
25.0
22.0
25.33
26.33
36.67
28.0
30.0
20.33
20.67
28.0
9.67
21.33
18.0
31.0
22.33
21.33
34.0
22.67
23.0
36.67
31.33
11.33
24.0
34.67
20.0
10.0
13.33
25.0
19.67
15.0
27.33
0.0
8.0
26.33
7.33
14.0
13.67
14.67
10.33
21.0
-0.67
17.0
13.33
14.67
5.33
2.0
10.33
10.67
1.33
10.0
9.67
15.33
7.0
18.33
1.0
22.33
14.33
5.33
9.33
11.0
8.33
9.33
14.67
4.33
8.0
18.0
4.67
16.33
20.0
1.67
6.0
11.33
-10.0
9.0
5.33
5.0
2.33
7.33
8.0
5.33
18.33
2.33
11.67
16.0
5.0
13.0
10.33
10.67
18.0
11.0
1.67
13.33
12.0
5.67
8.67
11.33
20.67
3.67
40.67
23.67
14.67
19.0
28.0
13.67
25.33
43.33
24.33
13.0
30.33
6.0
41.33
12.33
15.67
11.67
5.67
20.67
9.0
5.0
16.33
18.67
15.67
16.67
13.67
19.67
10.0
0.67
-2.33
-2.0
3.67
10.0
5.67
-12.33
5.67
8.0
-6.0
4.67
13.33
11.0
11.0
4.67
21.33
15.67
7.0
8.0
10.0
4.33
11.67
5.33
3.0
4.33
14.0
-4.0
1.0
11.33
8.67
-6.33
-1.0
10.33
13.67
13.0
18.0
10.67
18.0
10.67
15.67
19.0
-5.33
14.33
11.0
15.33
12.67
13.67
10.67
14.33
2.67
21.67
10.67
4.67
5.67
12.0
4.0
0.0
11.33
17.33
18.33
18.67
8.67
10.0
10.33
19.33
12.67
9.67
3.67
1.67
15.67
8.33
19.0
14.0
6.67
19.0
4.33
8.33
7.0
18.33
11.33
8.67
14.67
11.67
-3.67
-2.0
11.67
20.67
14.67
7.0
5.0
26.67
7.33
16.33
8.0
24.0
15.67
8.0
5.0
9.67
10.33
14.0
9.67
5.67
-5.0
25.67
10.33
15.67
4.33
1.33
15.33
6.33
13.67
7.67
-2.33
8.67
11.67
6.67
17.67
15.33
2.67
17.67
12.33
8.33
4.67
11.33
19.0
11.0
-4.33
17.33
0.33
1.0
8.33
21.67
5.67
13.67
6.67
6.0
8.33
19.0
13.67
10.0
7.67
4.0
16.33
4.33
11.0
17.0
31.0
8.33
2.0
-3.67
25.67
11.0
4.0
6.67
11.0
10.33
11.33
2.33
4.33
13.67
-4.67
5.67
17.0
10.0
3.0
9.33
7.67
3.0
-4.33
0.67
16.33
-2.0
10.33
5.0
-0.33
9.33
2.67
4.0
1.67
8.67
3.67
1.0
8.0
14.67
12.33
10.0
0.33
2.0
6.67
-1.67
2.0
0.33
6.0
-3.0
9.0
2.33
11.67
-1.67
5.33
9.0
-4.33
2.0
11.67
5.0
1.0
-4.67
-5.33
0.0
6.0
7.67
-4.33
2.0
16.0
7.67
11.67
3.33
12.33
-15.0
1.33
-1.67
7.0
5.33
-1.33
13.0
7.33
6.33
7.33
6.67
0.0
-3.67
4.67
6.0
4.67
6.0
5.33
3.33
14.67
-1.33
3.0
-4.67
4.33
-4.33
4.67
-1.67
-7.67
5.67
1.33
3.0
4.0
-1.0
0.67
14.0
1.67
5.33
-2.33
2.67
2.33
10.33
-2.0
5.67
6.67
3.67
7.67
8.67
11.33
-2.67
-1.67
-1.0
8.67
5.33
-9.33
3.67
11.67
4.0
9.0
4.0
5.0
6.67
9.67
-3.67
-2.67
6.33
11.0
11.33
2.33
5.67
8.67
2.67
-2.67
7.33
1.67
-4.33
-2.33
5.33
-6.0
9.0
4.0
1.0
3.33
13.0
5.67
2.67
-5.67
4.33
1.0
-2.0
2.0
4.67
2.0
4.67
-1.0
-2.67
3.67
1.33
1.33
3.67
10.67
6.33
-4.67
11.33
5.0
5.67
6.33
-2.0
-0.67
-1.0
6.0
6.33
-1.67
-0.67
8.67
4.67
-2.0
-1.0
-0.33
1.67
15.0
5.67
4.33
6.33
-3.67
7.0
-4.33
8.0
-3.67
8.0
-2.0
1.67
0.67
8.67
8.67
0.67
1.33
1.0
-6.0
7.67
1.0
2.33
0.67
1.0
1.0
-0.33
0.33
6.0
9.33
9.0
0.33
10.33
9.67
2.33
5.67
3.67
3.67
4.33
0.0
3.33
3.33
0.67
-2.33
10.67
6.0
-2.0
-3.0
4.33
2.0
6.0
1.67
5.33
6.67
0.0
4.0
-0.67
6.67
-6.0
5.67
3.67
0.33
7.0
9.33
4.67
9.33
0.0
2.67
1.67
5.67
-1.0
10.67
2.33
-5.33
6.67
6.33
6.0
6.33
3.67
-2.33
1.33
6.0
5.33
-0.33
-2.0
2.67
4.0
3.33
2.33
4.33
-3.67
4.0
0.67
-2.0
0.0
1.67
5.33
3.0
2.0
5.67
-2.33
-0.33
2.0
5.67
6.0
3.67
11.33
5.33
10.0
-3.33
1.0
6.67
1.0
1.33
-0.33
8.33
4.0
3.33
7.67
6.33
-1.0
0.67
0.67
-0.67
8.0
3.67
1.67
4.67
0.33
1.67
2.33
3.0
-1.33
1.0
2.0
1.67
1.0
-1.0
8.33
-4.0
-5.33
-4.33
7.0
4.67
5.67
-2.33
2.33
7.0
4.67
-3.33
9.33
3.67
-1.33
1.33
7.67
4.67
-0.33
1.0
4.33
1.33
1.0
-0.33
8.0
5.0
3.0
2.67
4.67
1.67
-5.0
4.67
2.67
-1.33
-7.0
5.33
5.0
2.67
1.33
2.33
0.0
-3.33
1.67
4.67
1.0
1.67
6.33
2.0
2.67
-2.0
-5.0
0.33
1.0
-3.67
-5.67
-2.0
-1.67
-5.67
3.0
-2.33
1.67
5.0
0.33
2.0
4.0
-0.33
6.0
1.67
-3.0
1.67
-3.0
5.67
4.67
1.67
-2.67
-0.33
1.33
0.67
-1.33
-1.33
-0.67
5.0
-2.33
6.0
0.33
-2.33
2.0
-1.33
2.0
4.0
4.0
1.0
-2.33
-6.67
4.67
1.0
0.0
-1.0
-0.33
4.0
