0.0
7.67
9.33
3.0
-29.33
76.0
-38.33
70.33
23.67
-30.33
23.33
53.33
-43.67
-3.67
-30.67
25.0
-97.0
-4.33
23.67
-32.67
-24.67
4.33
-20.67
-21.33
8.67
-6.0
-13.0
6.0
-6.67
-3.67
-6.0
-3.0
2.67
-1.67
6.33
0.0
0.33
0.67
-0.67
0.0
0.0
0.0
-0.67
-0.33
0.67
2.0
2.0
0.0
0.0
-0.33
0.0
-0.33
0.0
-0.67
0.0
0.0
1.0
0.0
-0.33
0.0
-0.33
0.33
1.67
1.0
-0.33
0.0
1.67
-0.33
0.0
0.67
0.0
1.0
-0.67
-1.0
-0.67
-1.0
0.0
-0.67
-0.67
-1.67
1.0
-2.0
1.0
2.0
-1.0
-0.67
1.33
0.67
1.0
-1.0
1.33
0.67
-0.67
1.67
0.0
1.0
-0.33
1.67
0.33
-0.67
0.67
0.0
-0.67
1.67
-1.0
-0.33
2.0
-1.33
-1.0
-0.33
1.67
-1.0
3.67
-0.33
3.0
3.0
2.67
0.33
-2.0
3.0
0.0
-1.67
-1.67
1.33
-0.33
-2.0
2.33
-0.67
2.67
4.0
0.0
3.33
4.33
-1.33
3.0
0.0
2.0
-0.67
-3.0
-2.0
4.33
4.0
1.0
6.67
-4.67
1.67
4.33
4.33
0.67
3.0
6.0
2.0
5.33
-2.0
4.67
-4.67
1.67
1.33
0.67
2.33
-0.67
0.67
1.0
6.67
2.67
0.33
2.0
4.33
5.33
-3.67
-1.67
0.67
1.0
0.33
-2.0
-1.67
0.0
0.0
11.67
10.33
1.0
-2.0
-0.33
9.33
2.0
2.67
3.33
-1.33
-3.0
2.0
7.67
-1.33
1.67
0.33
1.0
2.0
0.0
8.0
4.67
6.67
4.33
1.33
-1.67
6.0
-0.67
-5.0
2.0
0.33
1.33
4.33
-1.0
-5.0
6.67
2.0
5.33
2.0
8.67
-0.33
2.67
5.0
2.67
7.33
6.33
3.33
8.33
0.67
10.67
5.0
7.0
6.67
2.67
6.0
-4.0
-1.33
3.33
6.0
3.67
-3.0
-0.33
5.67
1.33
-0.33
0.67
4.67
-0.33
2.0
3.67
2.33
9.33
-0.33
-1.67
10.33
1.67
3.0
4.67
4.0
1.67
7.67
-8.33
-2.33
-1.33
-1.67
0.67
8.67
-2.0
6.33
6.0
-0.33
1.67
2.0
1.33
1.0
2.33
8.0
-0.67
0.0
-0.33
6.33
2.0
3.0
4.0
7.67
3.0
-0.33
7.33
1.67
0.33
1.0
0.33
3.33
5.33
11.33
3.67
1.33
4.67
6.67
-2.67
3.67
-0.33
5.67
-1.0
1.33
-2.33
1.67
3.67
-1.0
2.0
7.0
7.0
3.67
3.33
5.67
-2.67
4.67
-3.0
2.67
2.33
-3.67
1.67
1.33
-0.67
2.33
2.67
4.0
3.33
-3.67
8.0
-0.33
0.0
-2.67
6.0
3.33
4.0
-3.67
3.0
0.33
2.33
5.67
0.0
2.0
-2.33
-0.67
-3.0
4.33
7.67
10.0
3.67
6.0
0.67
-1.67
2.33
3.33
-4.0
-3.0
7.33
0.67
5.67
0.0
-1.67
3.33
-1.67
5.0
5.0
-5.33
7.67
-2.67
2.0
4.33
-1.67
-4.67
-0.67
-1.33
2.0
-5.0
1.67
-0.67
5.0
0.33
2.33
0.33
3.67
0.33
1.0
4.0
3.33
4.67
0.67
3.67
1.0
4.33
0.33
3.0
9.67
1.67
7.67
-0.33
2.33
2.33
0.33
0.0
2.33
-2.0
1.33
2.67
-5.0
1.67
-5.0
-5.67
1.0
5.67
-4.33
0.33
-1.0
3.33
6.0
-2.33
3.67
2.33
-1.33
3.67
-1.0
-0.33
-0.33
6.67
5.33
-4.0
1.0
-0.33
-1.33
0.33
2.0
-0.67
-4.0
-1.33
-1.67
-2.33
-5.0
2.67
2.33
3.67
4.33
0.0
-0.33
4.0
4.0
3.33
4.33
2.67
6.0
0.0
-4.67
-0.67
-5.0
-3.33
-7.0
-1.0
-2.67
-1.67
1.33
3.33
1.0
3.0
1.0
0.33
1.33
1.67
-0.33
-3.0
-1.33
-0.67
-2.0
-1.0
2.33
5.0
7.33
0.33
-3.33
5.67
0.67
3.33
-5.33
-1.67
1.33
-2.0
3.33
-1.33
1.67
3.0
0.67
-0.67
1.33
6.67
3.67
0.33
3.67
4.0
1.0
5.33
4.0
-2.0
-0.67
-0.67
2.67
3.67
-1.67
4.67
-1.33
2.33
4.33
2.33
4.67
5.33
1.0
-2.33
0.67
-1.33
-1.33
2.33
-0.67
1.0
-1.67
1.33
-1.33
2.67
-0.67
-1.0
5.0
-1.67
2.33
-1.0
2.33
-4.0
-2.33
4.67
1.33
-1.67
-2.33
3.67
2.0
0.67
0.33
-2.33
-4.33
-0.33
1.33
7.0
3.33
7.33
0.33
1.33
5.33
1.33
-1.33
1.0
4.67
1.67
2.67
-2.67
-0.33
-0.67
1.0
3.33
-3.0
4.33
1.0
0.67
-1.67
1.0
-0.33
7.0
0.0
6.33
4.33
0.0
3.0
-0.67
0.0
0.0
1.33
-1.0
-3.67
5.33
-0.67
-2.33
-2.67
1.0
4.67
-1.67
3.33
0.67
2.67
-0.33
-2.67
3.0
-3.33
-4.33
2.33
-2.0
-2.67
-0.67
-2.0
0.0
-1.0
-4.67
-2.0
-1.33
1.0
-0.33
3.0
-1.0
2.67
1.0
3.0
-1.33
-1.67
3.33
0.33
-1.0
4.0
-1.67
3.0
-3.67
0.0
3.67
2.67
0.33
1.33
4.67
-0.67
1.33
2.67
1.33
2.33
-7.0
0.33
2.0
1.33
0.67
1.33
-2.33
-1.0
1.33
-3.33
2.33
2.0
0.67
-0.67
1.0
2.67
0.67
2.67
1.67
-3.33
3.0
-2.33
1.0
1.33
2.0
-2.0
6.67
-2.0
3.67
3.0
-0.33
-0.67
2.33
2.0
0.67
-1.33
-2.67
1.67
0.33
1.33
4.67
-2.33
-1.33
4.33
2.33
1.67
-1.67
-0.67
-0.33
2.0
-3.67
0.67
3.67
3.33
-0.67
4.67
2.67
2.67
7.33
2.0
3.33
-3.0
-1.67
-1.33
7.0
1.0
1.0
-4.0
2.67
-0.67
1.67
1.0
-0.33
-2.0
2.0
-2.67
1.33
0.67
0.33
0.67
-0.67
1.67
-1.67
3.33
-2.33
2.0
3.33
1.33
5.67
2.33
10.0
-0.33
-3.0
-0.67
4.0
-2.33
0.0
0.0
6.67
0.33
1.0
1.33
3.33
4.33
6.67
-0.33
-0.33
-1.67
-1.67
3.0
-3.67
-2.33
1.0
3.67
2.33
-4.33
9.67
-0.33
2.33
-1.0
-1.0
4.33
4.33
3.0
0.33
3.67
-4.0
3.67
4.67
-7.0
2.67
4.67
0.0
5.0
11.0
4.33
-1.33
2.67
4.0
2.33
-3.33
3.0
2.67
8.0
9.33
-5.33
-4.33
-2.0
2.67
3.33
1.0
8.67
2.33
6.0
-1.33
5.67
3.33
1.0
-2.0
-1.0
4.67
6.0
11.67
1.33
5.0
2.67
3.33
4.33
-0.67
2.33
9.67
6.0
9.0
5.33
0.67
-0.33
6.67
4.33
17.33
11.0
1.33
4.33
-2.0
7.0
0.33
6.33
3.0
-0.67
4.33
10.0
4.0
-1.67
-1.0
1.67
0.33
3.33
0.0
8.67
5.33
8.33
-0.33
7.0
10.67
8.33
4.67
9.67
5.33
4.67
4.0
0.67
13.33
4.0
1.0
3.33
9.67
2.0
6.33
10.67
9.33
6.33
13.67
-1.0
6.0
11.0
11.67
-2.0
8.67
21.67
8.33
3.0
6.33
13.67
3.67
6.0
10.0
8.33
5.67
12.0
8.33
9.33
3.0
7.0
6.33
7.33
5.67
8.0
9.67
6.0
4.67
6.67
14.0
12.33
5.67
11.0
3.67
14.33
6.67
4.0
8.33
16.33
7.33
3.33
7.0
6.67
-0.67
5.0
1.67
10.33
3.0
5.67
10.0
15.33
5.0
11.67
14.67
16.33
12.33
10.0
1.33
18.67
11.67
4.67
12.0
14.33
7.67
6.33
10.33
3.0
10.67
9.0
17.33
10.0
16.67
6.0
20.67
19.67
22.33
28.33
14.0
10.33
12.0
34.33
23.0
29.67
39.0
43.67
30.67
32.0
35.67
32.67
29.33
38.0
38.33
27.67
31.0
33.0
20.33
12.0
30.33
12.33
10.33
15.33
18.67
5.0
23.67
11.67
10.67
4.67
22.0
20.33
26.0
12.33
3.0
9.67
12.67
18.0
4.33
17.67
12.67
23.0
8.33
27.0
28.67
21.0
25.0
30.33
21.67
33.0
31.33
33.33
55.67
69.0
62.0
80.0
92.67
106.33
106.0
108.0
133.33
111.0
93.33
109.0
110.0
87.33
72.33
61.67
89.0
57.67
62.0
57.0
43.33
45.67
24.33
17.33
26.67
21.33
27.67
22.33
13.33
7.67
13.33
16.0
18.0
16.33
25.0
14.33
22.33
20.0
25.67
24.33
19.0
28.0
27.33
22.0
23.33
18.33
18.67
25.67
26.33
25.0
31.67
40.33
18.33
34.0
25.33
31.33
44.0
30.67
28.33
35.67
45.0
35.67
30.67
33.67
22.67
34.33
25.33
43.33
40.0
26.33
28.33
36.0
50.0
51.33
71.33
65.33
54.67
66.33
43.0
65.67
75.67
54.67
59.33
63.67
69.0
57.0
50.67
41.33
47.0
38.67
30.33
26.33
31.33
28.33
38.33
37.0
35.67
16.67
21.67
18.33
17.0
15.33
25.33
35.0
34.33
12.33
11.0
25.0
16.33
23.33
25.33
32.33
29.67
32.0
27.0
24.33
40.0
24.0
32.67
22.67
37.67
29.0
26.33
38.0
31.67
37.33
22.33
28.67
28.33
24.0
18.0
35.0
20.33
25.0
27.67
16.67
13.0
15.0
17.33
14.67
18.0
14.67
10.0
14.33
12.67
0.0
21.0
18.0
11.67
13.33
15.33
7.0
14.33
13.33
18.33
2.0
13.67
15.33
15.67
22.67
17.67
15.33
28.0
10.33
25.33
30.33
18.67
15.0
15.67
30.67
16.67
12.67
18.67
10.0
17.67
26.67
8.33
15.0
7.67
15.0
8.0
15.33
16.0
0.33
12.33
13.67
19.0
1.0
19.33
23.67
16.33
27.33
16.0
32.0
17.33
14.0
25.0
33.0
49.67
27.67
35.33
53.67
62.33
48.67
46.33
57.33
76.33
66.33
84.0
86.33
88.67
93.67
94.33
86.33
101.67
88.33
86.33
80.33
77.33
72.33
77.0
76.33
44.67
59.33
50.0
44.67
38.67
44.67
33.33
30.0
24.0
39.67
32.0
38.0
25.33
34.0
28.67
25.67
35.0
37.33
30.0
30.33
26.67
28.67
32.0
35.67
37.67
38.0
40.33
56.0
32.0
50.0
51.33
42.33
31.0
49.67
54.0
48.33
59.33
56.33
49.67
69.0
50.33
59.0
50.33
45.0
51.67
69.33
50.0
57.33
51.0
43.67
37.33
54.67
46.33
37.0
33.33
42.0
35.0
38.33
16.33
35.67
29.0
33.0
26.33
29.67
17.67
13.67
13.0
7.67
19.0
22.67
2.0
13.0
14.33
9.0
9.67
9.67
6.67
3.0
13.33
8.33
-1.33
12.67
0.33
-1.33
17.33
15.67
16.33
4.67
20.33
11.33
10.67
9.67
15.67
23.0
7.67
15.0
17.33
7.67
12.67
26.0
14.33
23.0
19.33
15.0
21.33
10.0
21.0
19.67
39.67
23.0
11.33
23.67
24.67
11.67
32.0
32.0
20.33
38.33
30.33
22.67
18.67
10.67
11.67
30.0
20.67
28.33
13.0
21.67
13.67
16.0
22.33
22.67
32.67
11.33
13.33
14.67
21.0
9.33
7.0
14.33
6.33
14.0
15.67
28.67
24.0
10.0
11.33
5.33
23.67
18.0
23.0
17.33
19.67
18.0
10.67
18.33
21.0
26.0
26.33
34.33
40.0
23.67
35.0
30.67
28.33
28.33
34.0
35.67
24.0
26.0
22.33
27.0
3.67
27.0
9.33
6.0
11.0
21.33
2.33
6.0
30.67
19.67
15.33
18.0
8.33
13.0
15.33
1.67
6.33
13.0
14.33
5.67
2.33
4.0
2.67
20.33
11.0
13.33
-2.0
15.33
17.33
1.33
10.33
12.0
12.33
20.33
6.67
13.33
10.0
15.0
16.67
5.33
20.0
6.67
16.0
11.33
12.0
0.0
9.33
2.0
8.33
6.33
1.0
8.33
1.33
18.33
14.67
23.0
4.0
3.0
14.33
7.67
17.0
24.0
6.67
15.33
12.0
12.67
9.67
15.33
10.67
20.67
11.67
21.67
25.67
29.0
20.0
22.67
33.33
34.33
34.33
22.0
25.33
16.0
16.33
18.33
23.67
7.67
13.67
10.67
11.0
12.0
7.33
11.67
12.67
15.67
16.67
12.67
2.0
4.67
5.67
8.0
8.67
13.0
1.67
7.67
5.67
3.0
2.0
15.67
11.33
5.0
2.0
7.67
10.33
7.67
8.0
12.0
1.0
1.33
4.67
7.33
10.0
0.33
7.0
8.0
-4.0
23.33
12.67
-5.33
8.0
14.33
4.67
14.0
8.0
1.67
12.0
4.67
15.67
24.0
11.67
13.33
12.0
10.33
4.67
2.67
0.67
11.33
-6.33
14.67
6.67
1.67
-0.33
19.0
2.0
-1.0
16.33
11.33
8.33
15.67
12.67
11.0
4.33
4.33
8.67
16.67
5.67
-4.33
12.67
2.33
11.0
10.0
2.67
2.0
-3.67
-1.67
13.0
3.33
8.33
16.67
3.67
10.67
11.33
1.0
8.67
26.67
4.67
12.0
8.0
14.67
-0.67
13.33
6.0
30.0
2.67
-4.0
0.0
7.67
13.33
16.0
11.67
8.67
11.0
16.67
11.33
6.67
5.33
7.33
7.33
-4.67
-2.33
9.67
1.67
11.67
3.67
20.67
11.67
20.33
0.67
6.67
10.33
-7.67
2.67
8.33
14.0
13.0
-9.33
10.33
9.33
4.0
6.33
2.67
12.67
9.67
9.67
15.0
21.33
4.0
16.67
12.0
20.67
4.0
16.33
-1.67
3.0
5.0
12.0
-1.67
3.0
3.33
3.67
5.0
10.0
25.67
5.0
5.33
7.33
11.33
-0.67
4.67
4.33
1.67
8.0
16.0
10.0
3.33
0.67
17.0
-2.33
-7.33
4.33
11.0
0.33
11.0
-10.33
-1.67
8.67
13.0
3.67
2.67
3.67
4.0
8.0
8.67
11.33
11.0
4.33
-2.0
1.67
3.33
2.0
7.33
5.0
13.0
4.0
4.33
7.67
3.33
1.33
4.0
-0.33
-3.0
5.67
-3.0
0.0
5.33
-1.33
3.0
3.0
5.67
2.67
6.0
8.0
-9.33
-1.33
6.33
2.33
14.0
-3.67
-9.67
7.0
-2.67
9.67
5.0
3.33
-2.67
11.33
13.67
1.0
3.33
-3.33
-1.0
2.67
-2.0
2.33
-1.67
8.67
-4.33
-3.0
9.33
-0.67
-3.33
-2.33
0.33
-0.67
0.67
1.33
13.0
-1.0
-11.0
-1.33
10.0
10.67
9.33
-3.33
3.67
5.33
0.33
9.0
11.67
-2.33
5.67
-5.33
0.67
8.33
16.33
8.33
6.0
14.67
12.33
2.67
4.67
6.67
22.0
2.0
11.0
5.0
-2.33
0.67
8.33
5.33
8.33
7.0
7.33
7.33
-1.33
3.67
4.67
7.33
8.33
6.67
-0.33
18.67
12.33
-4.0
6.0
10.0
5.0
7.33
3.0
-4.33
-0.33
2.33
6.33
3.0
9.0
10.0
1.67
7.0
-0.33
1.0
10.33
1.67
1.33
6.33
6.67
8.67
3.33
-6.67
-2.67
1.0
1.67
8.33
2.0
-1.67
3.0
6.0
13.33
-2.67
1.33
8.67
2.67
2.0
6.0
-0.33
8.67
4.0
6.67
-4.67
-0.67
0.33
4.0
-6.33
-3.0
-1.67
7.0
-4.0
3.67
-1.33
9.67
0.67
6.67
-0.67
0.0
-6.0
2.67
9.0
5.33
-3.33
0.0
7.0
2.67
-1.67
4.0
7.33
5.0
10.33
8.33
4.67
12.33
-3.33
7.67
2.67
8.33
1.0
-3.67
2.33
6.67
8.67
4.67
1.0
-1.0
2.0
0.33
-1.0
9.0
-1.33
1.33
-2.33
2.0
6.0
3.33
-0.33
0.0
-0.33
-0.33
9.33
7.0
7.33
-3.33
5.33
2.0
-1.33
1.67
3.67
3.0
-3.33
8.33
2.67
1.67
-1.67
3.0
2.33
-1.33
5.67
-6.67
9.0
1.33
5.67
3.0
8.67
4.0
3.33
-1.67
5.33
0.33
10.0
0.67
-7.0
13.0
0.67
0.33
14.0
5.0
1.67
-0.33
-0.33
-5.0
0.67
8.0
10.67
12.33
-4.67
2.0
-3.33
0.0
2.67
-1.0
-0.67
5.67
-3.67
-1.0
6.33
0.67
-1.67
-1.0
1.67
3.67
12.33
4.0
2.67
-0.33
-0.33
6.33
6.67
3.33
12.0
-1.33
1.0
2.0
-2.33
2.0
4.0
5.33
-1.0
-0.33
2.67
-2.0
8.67
-2.33
2.67
10.33
1.0
0.67
-1.33
-3.67
7.67
4.67
-3.67
-1.33
0.67
-1.33
-4.0
-1.67
8.33
3.0
1.67
3.0
4.0
2.0
-3.33
0.67
-1.33
2.0
-1.33
3.67
-1.33
-4.0
9.33
6.0
0.67
1.33
5.33
-1.0
5.67
1.67
1.67
4.0
-3.33
1.33
-3.0
-0.33
2.0
-2.0
-1.67
7.0
-2.67
-5.67
-3.0
-0.67
2.33
-5.0
0.67
2.67
9.0
-0.67
2.0
-1.0
-2.33
4.0
4.67
4.0
1.67
3.0
0.67
2.67
3.67
0.33
-1.33
3.33
1.67
6.67
-5.33
3.33
3.0
-1.33
4.0
-1.67
-3.33
1.0
3.67
3.0
-3.0
0.0
2.0
7.67
-2.67
3.67
-2.0
-1.0
7.0
-3.33
2.0
