0.0
33.67
36.33
-24.0
38.67
115.0
-39.33
-50.67
-37.33
-62.33
-36.67
-11.67
3.33
-10.67
9.33
-36.0
-34.0
-1.33
25.67
-33.67
-61.67
-14.67
-0.67
-6.33
-0.33
9.0
-22.0
15.0
1.33
5.33
-7.0
3.0
0.67
1.33
-1.67
-1.0
2.33
1.67
-1.67
0.0
0.0
0.0
0.33
-0.33
-1.33
1.0
0.0
0.0
0.0
-0.33
1.0
-0.33
0.0
0.33
0.0
0.0
0.0
0.0
-0.33
1.0
0.67
-0.67
-0.33
0.0
0.67
0.0
-0.33
-0.33
1.0
-0.33
0.0
0.0
-0.67
-1.0
-0.67
-1.0
-1.0
0.33
-0.67
-0.67
0.0
-1.0
0.0
0.0
-1.0
-0.67
1.33
-1.33
2.0
-1.0
1.33
0.67
-0.67
-0.33
2.0
0.0
1.67
-0.33
0.33
1.33
0.67
-1.0
-1.67
-1.33
-2.0
0.67
2.0
0.67
-1.0
2.67
0.67
0.0
2.67
-1.33
-1.0
0.0
2.67
1.33
0.0
0.0
-2.0
0.33
2.33
-0.67
0.67
0.0
0.33
0.33
-0.33
5.0
-3.0
-1.67
1.33
1.67
0.0
0.0
-3.0
0.33
-1.0
1.0
-1.67
2.0
1.0
5.67
0.33
7.67
6.33
7.33
-6.33
-1.0
6.0
8.0
-4.67
0.0
3.67
-0.67
-0.33
0.33
5.67
2.33
-3.67
2.67
4.0
3.67
4.67
4.33
3.0
-0.67
5.33
6.33
0.33
-4.33
-1.0
2.33
-5.0
1.33
-3.0
0.0
3.67
4.33
-3.0
-3.0
-3.33
-5.67
3.0
0.67
6.33
-3.33
1.0
2.0
4.67
1.67
1.67
-3.67
6.0
-2.0
5.0
10.0
2.67
-0.33
7.33
0.33
-3.67
1.0
-1.67
0.0
5.0
1.33
-4.67
7.33
6.0
0.0
1.67
2.0
6.33
8.0
4.67
2.67
2.67
-1.0
4.67
-0.67
4.33
-2.67
4.33
2.67
7.67
8.0
6.0
4.67
-0.33
2.0
3.0
3.67
-0.67
1.0
6.67
-1.0
-4.33
8.67
-3.67
-2.33
0.67
-4.33
4.67
1.0
2.67
-1.67
-0.67
-3.33
2.33
1.33
5.67
10.0
6.67
2.0
1.67
3.67
0.67
-1.33
-0.33
-1.67
0.67
5.67
4.0
3.33
0.0
3.67
0.67
-1.0
0.33
1.0
-3.67
7.0
-2.67
3.0
5.67
3.33
3.0
2.0
6.0
0.67
1.0
5.67
5.33
-0.33
-0.67
8.0
1.33
0.33
7.33
0.33
-1.33
2.33
3.67
1.67
-2.67
3.67
7.67
1.67
-1.0
-1.67
7.67
13.67
2.67
4.0
1.0
5.0
-3.0
-2.33
6.33
0.67
5.33
0.67
-7.0
1.67
0.33
-3.67
-3.33
0.33
-0.67
3.33
4.67
3.0
-3.67
1.33
7.0
4.67
-5.0
-1.67
2.0
4.33
1.0
1.33
2.0
4.33
1.33
-0.33
-4.0
3.0
0.67
1.33
-4.0
-0.67
4.67
4.0
3.67
1.0
5.67
-0.67
-1.67
1.33
0.0
-3.0
2.33
-1.33
-2.33
-1.0
-3.67
6.33
-1.67
0.0
2.0
3.67
-0.33
-1.67
0.0
2.33
4.33
-0.67
3.33
1.67
4.0
-1.0
3.67
-3.67
1.0
-5.67
-1.67
0.33
6.67
0.33
2.0
5.0
0.33
5.67
8.67
1.67
4.0
0.33
-3.67
-3.0
-3.33
2.67
0.67
4.67
3.33
1.33
-9.67
1.0
3.33
6.0
-1.67
-0.33
-5.0
0.67
1.0
3.33
2.0
3.67
3.67
-2.67
4.0
2.33
8.0
4.67
2.67
-0.67
-2.33
-2.33
-1.0
-1.33
5.67
-1.33
1.33
0.0
1.0
0.67
-0.33
-2.67
1.0
0.33
2.0
2.67
1.33
-1.33
0.0
1.67
5.33
-0.33
2.33
-3.0
1.67
1.0
-5.0
5.33
0.33
-0.33
5.0
6.0
1.33
4.33
0.0
-2.33
-4.0
1.0
-3.67
2.33
0.33
4.33
2.0
8.0
2.0
0.33
-2.67
-1.33
-2.33
-4.0
1.67
1.33
0.0
-2.0
6.33
5.0
1.33
5.33
-2.33
5.67
2.67
0.33
-1.33
-1.67
-0.67
2.0
-1.67
2.67
2.67
0.0
2.67
-2.67
-2.67
1.67
4.67
1.33
-2.33
0.0
0.0
2.33
5.0
-3.0
2.33
1.33
-1.33
5.67
5.33
7.67
-0.33
3.33
4.33
-3.67
6.67
0.33
4.0
-0.33
0.67
0.67
-5.33
3.33
-0.67
-1.0
-4.67
2.33
-0.33
-1.33
-2.67
-2.0
3.0
5.33
-0.67
0.0
-0.67
-2.0
-4.33
-0.33
1.33
5.33
-4.33
3.67
2.0
-0.33
1.33
-1.33
2.67
0.67
0.33
-1.0
3.33
-1.67
0.33
3.33
1.33
-0.67
-4.33
2.0
-0.33
-2.33
1.67
-3.67
3.67
-2.67
2.0
-0.67
-2.0
0.33
2.0
3.67
0.33
0.0
0.67
-1.0
-1.0
2.33
0.33
-5.0
1.0
1.33
-2.0
-1.0
0.33
2.0
0.33
5.33
-2.67
-1.33
1.33
-3.0
4.67
1.33
5.33
0.67
1.67
0.67
4.33
-4.0
0.67
-1.33
1.33
-1.0
-0.67
-2.67
3.0
4.0
0.0
1.33
-4.0
-0.33
0.0
-1.33
-5.0
4.0
-1.33
4.0
5.0
-2.33
-2.67
1.33
-0.67
-1.0
5.0
-0.67
3.0
1.33
-1.0
3.67
-0.33
-0.67
1.33
6.67
1.33
2.33
1.67
-0.67
0.33
1.0
0.33
1.0
2.33
1.67
1.33
0.67
2.0
9.33
-3.33
2.33
0.0
2.67
2.33
1.0
0.67
1.67
0.67
0.67
0.67
1.0
0.67
0.0
1.33
-1.0
0.0
1.67
-5.0
4.67
0.0
-2.33
0.33
3.33
3.0
-2.33
1.67
0.33
7.67
1.33
-2.67
-0.33
0.67
1.67
1.33
-2.67
1.67
0.33
-1.67
1.67
1.0
2.33
1.67
6.67
-0.67
0.33
3.67
-2.33
0.67
4.33
7.0
2.33
-3.0
-2.67
-1.33
6.0
1.0
2.0
-2.0
0.67
-1.67
-0.33
6.0
-0.33
1.0
-2.0
7.33
6.33
0.67
4.33
4.67
5.33
2.67
8.33
1.33
1.67
5.0
1.33
5.33
9.67
3.33
5.0
1.67
0.0
0.33
-3.0
-0.33
-1.0
6.0
-0.33
-6.67
3.0
-1.67
2.33
-0.67
2.67
4.67
-1.33
-2.67
-0.67
0.0
-5.67
-1.33
3.0
-2.33
6.33
-0.33
6.67
3.67
3.33
-3.0
6.0
1.33
1.33
0.0
2.33
4.67
-3.0
-0.33
6.67
1.0
-0.33
-2.33
-4.0
-1.0
11.0
3.33
-0.33
2.67
-1.0
5.33
-3.33
1.0
-2.33
-3.0
5.33
-2.33
5.67
-2.0
1.67
9.33
3.0
0.67
0.33
6.0
3.67
5.67
7.33
7.0
13.0
-2.0
-1.33
2.0
1.67
1.33
-1.0
-0.33
3.33
1.33
-1.67
4.33
4.67
-2.0
10.0
5.33
0.67
-1.33
7.67
6.33
5.33
4.0
2.33
1.33
5.0
8.0
6.33
3.33
5.0
0.33
-1.67
0.0
4.0
1.33
4.0
6.67
8.33
3.33
-2.0
1.67
5.33
4.33
0.67
7.0
10.67
2.33
0.67
6.67
4.33
12.67
4.0
6.67
13.33
13.0
2.0
7.33
6.67
14.0
1.33
7.67
11.33
6.33
5.67
-3.0
0.0
5.0
6.67
6.0
2.67
12.67
3.33
8.0
4.33
6.67
3.67
7.0
7.0
5.33
10.67
6.0
2.33
5.33
4.0
7.0
5.33
5.33
7.67
10.0
5.67
5.0
-1.33
6.67
10.0
4.33
9.67
15.0
2.67
8.33
14.67
7.0
11.33
11.33
3.33
2.33
11.0
6.67
4.33
9.0
2.67
9.33
6.0
8.67
5.0
5.33
7.0
10.67
13.67
3.33
15.33
19.0
5.33
12.67
9.67
10.67
5.0
8.33
6.67
25.33
16.33
20.0
15.67
19.0
16.33
18.0
18.67
29.0
32.67
29.67
26.33
33.33
22.0
33.33
56.0
61.33
62.0
61.67
85.0
102.67
123.67
110.0
129.67
116.67
152.33
132.0
120.33
136.67
113.0
126.0
102.33
79.0
73.33
54.33
49.33
30.33
27.67
32.0
21.67
19.67
19.67
9.67
16.0
24.33
14.0
10.33
12.0
16.67
9.67
15.0
18.33
11.67
14.67
25.0
20.33
20.0
12.67
18.0
16.0
21.33
16.67
29.0
32.33
18.33
22.67
25.0
30.0
32.0
26.67
50.33
41.0
32.0
35.33
40.0
39.33
47.0
30.0
35.33
35.33
43.67
32.0
29.67
23.0
22.0
17.33
11.67
7.33
17.33
19.67
6.33
9.67
7.33
12.33
11.67
14.33
9.0
14.0
13.33
15.0
17.33
12.33
13.0
4.67
9.33
6.0
11.0
15.33
10.0
12.33
7.33
14.67
25.67
19.33
23.0
23.67
15.33
30.33
38.0
31.33
29.33
45.0
43.67
27.33
34.67
27.0
22.67
44.67
44.67
37.67
34.33
27.33
30.33
25.0
27.33
20.33
18.0
37.0
28.33
38.33
38.33
40.67
42.33
47.0
37.67
51.67
46.67
55.33
59.67
51.0
56.0
64.67
64.33
59.0
58.67
53.33
79.33
62.33
54.33
70.33
53.0
70.67
61.67
65.67
53.33
66.0
61.33
60.33
88.0
77.33
68.33
86.0
67.0
86.33
80.33
67.33
83.33
73.67
75.0
52.0
48.33
51.0
29.0
25.67
22.67
30.67
20.0
22.33
13.0
14.67
14.33
21.33
13.67
8.33
21.0
13.0
2.0
20.33
22.0
27.67
19.67
30.0
9.0
11.33
20.67
11.0
14.67
5.0
4.33
8.67
14.0
21.0
18.0
19.67
28.33
22.33
20.0
24.33
20.33
25.33
26.0
20.67
18.33
18.67
14.67
15.67
24.33
11.0
17.33
21.33
32.33
10.67
16.0
26.67
19.67
17.67
20.67
19.67
15.0
6.67
20.67
12.33
2.0
14.67
10.0
8.0
8.33
15.0
9.33
14.33
3.67
12.0
8.0
21.33
20.67
13.33
29.33
30.0
31.0
10.33
53.0
51.0
64.0
77.67
82.67
71.33
94.67
126.33
138.67
127.33
143.33
173.33
179.33
189.0
221.33
236.67
222.67
217.33
223.33
269.67
224.33
233.33
196.33
190.33
179.33
182.0
143.33
129.67
126.33
85.0
91.67
75.67
63.67
57.33
40.0
37.0
10.67
21.0
13.0
17.33
21.0
11.67
10.67
17.0
21.33
12.0
25.33
6.67
14.67
26.0
23.67
26.67
35.0
37.33
40.0
38.0
32.0
42.33
45.33
38.0
33.67
39.0
52.33
51.33
47.33
61.67
54.0
58.33
70.0
55.33
61.0
59.67
66.33
46.0
47.33
43.0
44.67
43.33
38.67
39.33
37.0
46.33
44.0
44.0
32.33
21.33
30.67
27.0
28.0
21.33
26.67
36.67
27.67
20.0
18.67
16.0
14.67
13.0
24.0
6.33
11.0
10.67
9.67
2.67
8.0
13.33
5.33
6.67
9.67
3.33
3.67
21.33
17.67
3.33
6.67
4.33
5.33
4.67
5.67
12.67
16.0
11.67
11.0
12.33
5.67
4.67
13.0
3.33
18.0
20.33
26.0
17.33
24.0
15.0
21.67
11.67
37.0
23.33
14.67
25.67
12.67
35.0
16.0
11.33
30.33
23.33
26.67
25.67
-6.33
14.67
24.0
16.67
16.33
32.0
3.67
11.67
19.0
21.33
28.67
16.67
28.33
30.33
9.67
21.0
10.33
-3.0
19.33
11.33
3.0
21.67
24.67
18.0
21.0
25.33
15.33
28.67
12.0
14.0
22.33
21.67
16.0
12.67
14.33
11.0
13.0
15.33
17.33
17.0
15.67
14.0
33.67
21.33
21.33
14.0
21.67
25.0
24.0
3.33
28.0
17.67
18.0
25.33
9.0
10.0
15.33
9.33
14.0
17.67
13.67
6.33
7.0
5.33
28.0
6.33
5.67
10.33
3.0
2.33
9.67
2.33
13.0
10.67
9.33
4.0
12.33
-5.0
1.33
9.33
8.33
3.33
11.0
12.33
-1.67
17.67
-0.67
10.0
12.0
19.67
12.33
6.0
18.67
5.0
11.33
12.0
10.0
21.33
11.0
3.33
-6.67
8.0
9.33
15.33
5.33
15.67
15.0
6.0
16.0
-0.67
17.67
13.0
9.0
4.67
1.33
11.0
10.67
9.67
-1.67
10.67
7.67
6.67
12.67
8.67
8.0
4.0
9.67
5.33
8.33
-2.67
0.0
3.33
6.0
3.33
0.33
2.67
4.67
4.67
10.67
7.0
-4.0
2.33
8.67
-7.33
12.67
6.67
10.67
-6.0
-0.33
-6.33
6.0
13.67
5.0
0.67
8.67
10.67
3.0
0.0
0.67
3.33
-2.0
4.0
16.67
-2.67
9.67
3.0
2.0
-1.0
12.33
5.67
8.33
-1.0
-4.67
1.0
9.0
3.0
7.33
10.67
-6.33
16.0
13.33
11.67
2.0
7.0
4.67
1.0
9.67
19.67
9.0
-2.33
9.33
17.0
3.33
-0.33
7.67
6.67
5.33
-0.33
9.67
16.67
6.67
-6.33
4.0
6.0
16.0
6.33
2.33
15.33
5.67
16.67
4.0
17.33
4.33
8.67
11.67
12.67
-7.33
3.67
15.33
0.0
12.0
6.67
10.0
4.33
16.33
14.0
-0.67
16.33
10.67
11.67
15.67
16.33
22.0
17.67
24.67
14.67
17.0
21.0
29.67
12.33
11.33
21.0
24.0
24.67
6.0
17.0
12.67
18.33
25.0
25.67
27.67
13.0
17.67
22.33
17.67
11.33
11.33
21.33
14.33
17.67
4.67
4.67
7.67
8.67
13.67
15.67
16.33
21.67
1.67
1.33
4.33
10.67
17.33
4.0
8.0
-7.33
9.33
14.33
10.0
7.33
28.67
13.67
2.67
8.67
-4.0
5.33
11.0
10.67
6.0
11.67
8.0
12.33
0.33
-4.0
4.0
20.0
-5.67
2.0
12.33
3.67
9.0
2.0
2.67
0.0
4.33
4.33
-0.67
1.33
8.67
-4.67
12.67
12.0
14.0
8.0
6.33
1.67
2.0
5.67
11.67
11.33
-9.0
0.33
6.0
-2.33
-1.67
3.67
12.0
8.67
-2.33
13.67
7.0
7.0
14.67
-3.67
3.0
2.33
2.0
-0.33
-4.67
5.0
-12.67
6.0
-1.0
9.0
4.33
7.67
4.33
-1.67
2.0
-3.33
-2.0
-3.33
-3.0
0.0
6.33
7.67
6.0
-3.0
3.67
1.67
-3.0
8.0
4.67
4.67
11.33
6.33
-1.0
7.33
2.33
0.0
-3.67
5.67
9.0
8.33
8.33
3.33
-0.33
-7.0
3.33
-5.33
4.0
-5.33
5.0
6.33
-4.67
-0.33
2.67
2.0
12.33
8.33
-0.33
-4.33
13.33
11.33
1.67
6.33
0.0
-6.0
0.0
-4.33
6.0
0.67
4.33
-6.33
-4.33
3.33
8.33
-3.0
-5.33
12.67
1.67
4.67
2.67
7.33
4.33
11.33
-5.0
14.67
12.33
2.67
-3.33
1.67
6.0
5.0
5.0
15.0
19.67
0.67
-3.67
-2.67
6.33
14.0
13.33
2.33
2.67
6.67
7.67
4.33
13.33
10.67
-3.33
11.67
0.33
1.0
6.0
4.0
4.0
-1.67
8.0
-6.33
3.67
-1.67
1.33
7.0
6.0
3.0
3.67
6.0
-1.33
-1.0
4.33
-0.33
9.33
2.33
9.67
8.67
7.33
-1.67
3.33
0.0
2.67
11.33
8.0
10.33
2.0
-6.0
-3.67
0.33
5.33
2.67
11.67
4.0
0.0
-3.33
1.67
5.0
8.67
-5.67
0.33
-1.67
-2.0
1.67
-2.0
1.33
-3.0
5.0
-6.33
-4.33
3.67
6.67
-1.33
6.33
-6.0
3.0
-0.33
8.0
7.33
-4.33
4.0
6.0
2.67
-4.67
7.0
4.33
9.0
0.33
-2.67
-4.33
2.33
3.67
6.67
3.67
3.33
-2.0
8.33
-4.67
1.67
5.67
-1.33
5.0
-4.0
6.0
7.33
-4.0
2.0
-3.33
9.33
-2.33
5.0
10.0
3.33
11.67
-9.0
-2.33
-2.33
8.33
8.0
3.33
5.67
3.33
0.0
-0.33
0.67
13.67
2.0
-0.33
-1.67
-4.33
-2.33
1.33
3.0
-0.67
2.67
-1.33
-2.67
0.0
4.33
0.67
0.0
4.67
4.0
-0.67
7.33
-1.67
-0.67
-3.0
-1.33
1.0
11.0
-1.33
2.33
4.0
5.0
0.67
4.67
-5.33
0.0
-3.33
7.0
5.67
6.33
0.33
2.0
0.67
0.0
-0.33
-4.0
-0.67
-0.33
5.33
1.0
-0.67
3.67
1.33
-3.0
2.67
5.67
2.33
-2.0
5.67
-1.33
-3.33
-2.67
3.67
3.33
6.0
-5.33
2.0
7.0
8.67
-2.0
5.0
-1.67
-5.0
-0.33
-2.33
-2.0
3.67
7.67
4.67
-1.67
3.0
-0.33
-2.33
2.33
4.67
2.67
1.33
0.67
5.67
-7.33
1.0
2.33
1.33
-3.0
6.67
-2.0
2.0
-1.0
0.67
4.67
7.67
3.0
-1.33
8.67
-5.33
0.0
6.33
12.0
7.67
2.33
-0.67
1.0
2.67
3.67
1.67
9.0
3.67
9.33
7.0
4.67
1.0
-3.0
-3.67
5.0
-1.67
-1.67
0.0
-3.67
0.33
-1.0
2.67
-4.33
0.0
5.33
3.0
-5.0
7.67
2.0
2.67
5.0
0.67
7.0
4.67
-1.33
-1.33
5.33
2.67
0.33
4.67
-0.33
-0.33
1.33
0.0
-0.33
3.0
-3.67
2.67
0.0
-2.33
0.0
-5.0
2.0
-2.0
0.67
-2.67
0.67
3.0
4.0
-2.0
4.67
-2.0
