0.0
29.67
-59.67
-152.0
-72.33
-47.0
-75.33
-71.67
-109.33
-114.33
20.33
-62.67
17.33
61.33
-29.67
-67.0
-59.0
-62.33
58.67
-51.67
-57.67
16.33
-15.67
-3.33
4.67
-4.0
-8.0
2.0
-2.67
-12.67
-12.0
0.0
7.67
-1.67
5.33
2.0
1.33
0.67
-0.67
3.0
1.0
-1.0
0.33
-0.33
-0.33
0.0
0.0
0.0
0.0
0.67
0.0
-0.33
0.0
-0.67
1.0
0.0
1.0
0.0
-0.33
2.0
-0.33
-0.67
-0.33
0.0
-0.33
1.0
-0.33
1.67
1.0
-0.33
1.0
1.0
0.33
0.0
-0.67
-1.0
1.0
-0.67
0.33
-1.67
1.0
-2.0
1.0
0.0
-1.0
0.33
0.33
-1.33
0.0
-1.0
0.33
0.67
1.33
1.67
0.0
0.0
0.67
0.67
1.33
1.33
0.67
0.0
2.33
2.67
-1.0
2.67
1.0
0.67
1.0
-0.33
-0.33
1.0
2.67
-2.33
1.0
4.0
1.67
-1.67
0.0
2.0
3.0
3.33
2.33
-0.67
6.67
5.0
0.33
3.33
5.67
3.0
6.0
4.33
1.33
7.67
12.0
2.0
1.0
-1.67
3.0
-1.0
2.33
10.0
-1.0
-1.33
-3.67
-0.33
3.33
12.33
-5.33
-2.0
11.0
5.0
-0.67
4.0
1.67
-6.67
8.67
5.33
5.67
0.33
7.33
2.67
8.0
1.67
-1.33
13.33
6.0
3.33
-1.67
-6.67
0.33
0.67
4.0
-0.67
-2.0
1.33
6.0
1.0
9.67
3.33
3.0
-3.0
1.67
6.33
2.0
-2.33
3.33
-0.33
4.0
3.0
5.67
3.67
10.67
8.33
10.0
8.0
3.0
7.0
-0.33
5.67
2.33
0.33
1.33
5.0
5.33
0.0
1.0
9.33
2.33
-0.67
-1.0
-3.0
3.67
8.0
9.33
0.0
11.67
-0.33
4.67
7.0
2.67
0.33
1.33
5.33
13.33
3.67
3.67
2.0
-1.0
5.67
5.67
4.0
-3.0
4.67
1.33
6.0
1.67
8.0
-4.33
5.67
-1.67
7.67
4.67
5.67
0.67
-3.0
1.67
6.33
7.33
-0.33
7.33
6.33
2.67
0.0
9.67
10.0
-1.33
0.67
4.67
3.67
4.67
4.33
6.67
7.67
6.0
-0.67
6.0
0.67
3.67
-2.0
-5.67
4.0
6.33
7.0
1.33
4.0
4.67
8.33
8.0
1.0
3.0
2.67
2.0
6.67
5.33
6.67
5.33
1.0
-5.67
5.33
3.33
6.33
2.67
4.33
-3.33
7.67
-2.67
5.67
8.67
2.67
10.0
4.33
4.67
2.67
-6.33
-4.0
6.0
3.0
-3.0
8.67
7.33
2.67
9.33
8.67
6.0
-0.33
-0.67
5.33
0.67
3.33
-0.67
1.33
5.67
5.0
2.33
3.33
-1.0
-1.33
-1.0
3.33
5.0
-3.67
0.0
2.33
14.0
2.33
-3.67
3.67
1.0
5.0
-1.33
7.33
1.0
6.33
2.67
9.0
10.67
1.0
4.67
0.33
1.33
10.33
-2.0
-2.0
9.33
1.67
8.67
6.0
-0.67
6.33
6.33
3.0
7.0
0.67
8.67
3.33
-4.0
-2.67
3.33
4.33
-3.67
4.67
4.0
-3.0
2.67
-0.67
-5.0
3.33
-1.67
8.33
3.67
0.33
5.0
-2.0
0.33
-0.33
4.67
1.67
9.0
0.33
2.33
-3.0
1.67
6.67
-0.33
7.67
3.33
1.33
0.33
3.0
0.33
4.0
0.33
5.67
-4.0
8.67
0.0
3.33
4.0
0.67
1.67
6.33
8.0
6.33
-1.0
4.67
0.67
5.33
-2.33
4.67
3.0
-3.33
5.67
0.67
-1.67
5.0
1.0
-0.33
-0.33
-1.67
2.0
8.33
-3.0
-2.33
1.33
5.67
-4.0
3.67
0.33
-0.33
7.33
6.0
-0.33
7.0
-3.0
2.33
6.33
-1.33
4.0
4.0
-2.67
4.33
6.0
-1.33
-2.0
1.0
-0.67
-1.67
5.33
2.33
1.0
5.0
2.0
4.33
-0.67
2.67
2.67
7.0
6.67
7.33
1.0
1.0
2.33
1.0
1.33
5.33
-1.33
6.67
3.67
1.33
-4.33
1.33
1.33
3.0
-0.67
-1.33
5.67
0.0
-1.33
-4.67
1.33
6.67
-0.33
-2.67
5.67
4.0
-2.0
6.33
0.0
0.0
-1.67
5.33
-2.33
2.67
-1.67
2.67
3.67
2.33
-0.67
6.33
-0.33
0.33
-2.0
-1.33
1.67
-4.33
0.67
3.33
1.33
2.0
-2.67
6.33
1.67
-0.33
0.33
7.0
6.0
2.33
4.33
-5.0
1.33
-1.0
0.67
-4.33
2.33
2.33
-1.33
2.67
-3.0
-2.33
1.33
-4.33
5.67
4.67
-1.67
4.0
4.33
4.33
3.33
0.33
2.33
0.33
1.67
-4.0
-1.33
-1.33
1.67
0.33
2.67
-0.67
1.0
-0.67
-1.0
-0.67
5.0
0.67
-2.67
2.0
-1.33
-1.0
4.0
3.33
0.33
-6.0
-2.0
5.33
-1.0
0.0
-0.67
-3.0
-1.67
5.33
2.33
-2.33
0.33
2.0
3.67
-2.67
7.33
-2.33
-1.33
2.67
6.33
3.0
0.67
2.67
4.33
3.0
0.33
-0.67
4.0
6.0
-1.0
0.33
-1.0
-0.33
2.0
2.67
-1.0
5.0
-2.33
-2.0
3.0
2.67
-3.67
4.33
-2.67
5.0
-1.0
-2.67
0.0
2.33
4.0
-2.33
1.67
0.33
1.33
2.67
-0.67
-2.67
1.67
-1.67
-1.67
-2.0
4.33
1.0
-4.67
3.67
-0.67
-0.33
6.0
-0.67
-0.33
0.33
-1.0
2.67
1.33
2.0
3.67
-2.33
6.67
1.67
6.67
2.0
-0.33
0.0
2.33
-4.0
-1.0
4.67
-3.0
1.67
0.0
-3.33
2.33
4.33
4.0
-1.33
-2.33
1.33
3.67
4.33
0.33
2.67
-2.33
-1.33
1.33
-5.67
1.67
1.33
2.33
4.67
2.0
2.33
-3.33
5.67
3.33
-0.67
-0.33
-2.33
3.67
3.33
-2.0
0.33
-3.0
1.33
-0.33
4.0
2.0
-1.0
4.0
2.67
4.33
1.67
3.0
-2.33
3.0
2.0
-1.67
-0.67
3.67
0.33
4.67
0.33
-0.33
4.33
6.33
-2.33
-2.0
-0.67
-1.67
-1.33
-0.67
2.0
1.67
0.0
1.33
-4.0
2.67
-7.0
3.0
2.67
-1.67
0.0
-2.67
-0.67
1.33
0.67
-2.33
0.67
1.33
-2.67
0.0
-4.67
-0.33
-4.0
0.67
2.33
-0.33
2.67
-2.33
0.33
-4.0
-4.0
3.33
1.33
2.0
-2.67
1.67
0.0
1.67
5.67
-3.0
-3.33
-0.33
3.0
-2.0
1.0
6.33
-0.33
3.67
-4.0
1.33
3.67
0.0
1.67
-1.0
2.33
-1.33
-2.33
-1.0
-1.33
-2.67
1.0
3.67
7.33
6.0
4.67
0.67
0.33
0.0
2.0
-2.0
4.67
-1.0
4.67
-0.67
-1.0
-1.33
-0.67
4.33
1.33
6.33
1.67
3.0
0.0
2.33
-3.33
0.67
3.67
6.33
4.33
0.0
-3.67
6.33
3.0
0.0
4.33
3.33
1.0
0.33
6.33
0.0
0.0
-1.67
0.0
-0.33
-0.67
0.33
-5.0
0.67
5.33
0.33
-2.33
4.0
4.67
-3.67
3.67
8.67
2.33
0.67
2.0
1.67
3.33
6.0
-3.0
0.33
10.67
6.0
-0.67
6.67
1.33
3.33
4.67
7.0
5.0
13.0
7.67
-6.0
-1.33
3.67
9.33
5.0
10.33
6.67
4.67
-5.0
-1.0
-3.67
9.67
2.0
3.33
5.33
6.0
13.0
2.33
0.33
9.67
3.0
4.67
7.0
2.67
7.67
-1.0
3.33
2.67
9.0
-4.33
4.33
2.67
6.0
5.33
-0.67
3.33
0.33
5.0
8.67
5.33
11.0
4.67
8.33
8.0
0.67
3.0
8.33
-1.0
7.67
6.67
6.33
16.33
6.0
6.33
18.67
9.67
7.67
4.0
9.33
11.67
6.33
11.33
-2.0
7.67
7.0
-1.67
4.0
0.67
2.0
17.67
15.67
8.33
22.33
10.0
9.33
12.0
7.33
22.0
18.67
13.0
12.67
20.67
15.0
18.67
19.67
26.33
8.0
9.33
6.67
15.0
18.0
0.33
8.0
9.33
7.33
10.33
7.33
10.67
17.0
15.67
9.67
1.67
11.67
12.0
11.33
6.0
5.33
-1.0
0.67
13.67
-3.0
9.33
8.67
11.67
15.0
10.33
13.0
16.67
16.0
12.0
19.33
10.67
26.0
23.33
16.33
18.67
23.0
21.0
28.0
18.67
34.33
31.0
36.0
47.33
33.0
38.33
52.0
41.0
39.33
49.33
46.67
33.0
33.67
20.0
34.0
22.33
11.67
10.33
9.33
18.67
14.33
13.67
2.33
6.33
8.67
4.33
7.0
18.0
2.33
10.0
11.33
12.33
12.0
25.67
8.33
8.0
15.0
26.33
8.0
11.33
9.33
16.67
15.67
5.33
10.0
10.67
14.33
9.33
14.0
11.33
10.33
14.0
4.67
24.33
9.67
5.0
9.67
6.67
16.67
3.67
12.33
5.33
19.33
16.0
31.33
26.33
23.0
21.0
24.33
29.33
31.33
37.67
29.33
47.0
45.67
30.67
41.67
34.33
40.67
56.0
37.0
42.67
35.33
43.0
38.67
26.33
37.33
18.33
25.33
26.33
27.0
16.67
20.67
14.67
12.33
13.0
20.33
17.33
26.0
25.33
25.33
28.0
34.0
20.33
21.33
24.33
29.33
34.67
26.0
21.0
12.33
26.0
35.0
13.67
10.67
15.67
13.0
21.33
12.0
20.67
4.33
10.33
8.67
16.33
11.0
13.0
16.0
18.33
15.0
12.67
11.67
6.0
9.0
15.33
9.67
14.0
9.67
4.0
5.33
6.67
12.0
5.0
0.0
14.67
5.33
8.33
11.0
14.33
19.33
6.33
7.0
16.67
7.33
17.67
18.67
13.67
19.33
9.0
12.33
27.33
19.33
8.67
14.0
24.67
23.67
14.67
19.67
4.67
13.0
1.67
11.67
7.33
13.0
16.67
11.0
17.0
11.33
8.0
10.33
10.33
8.67
6.0
9.0
14.33
18.67
25.33
35.33
30.0
30.0
43.33
55.0
51.0
62.0
79.67
95.67
116.33
128.67
136.33
174.67
165.33
167.33
206.33
193.33
200.0
219.33
220.67
172.67
189.33
169.33
189.67
156.33
183.33
171.33
162.33
144.33
134.0
108.33
108.67
112.33
104.0
72.67
53.67
45.67
41.33
34.0
48.0
22.67
11.0
4.0
12.33
9.0
15.67
11.67
21.0
19.33
10.0
26.33
18.67
24.67
18.0
18.67
22.67
23.0
25.33
32.0
23.0
30.0
31.33
41.33
36.0
50.67
42.0
46.33
38.33
41.33
33.67
60.0
30.33
64.0
46.33
48.0
44.67
40.33
46.0
48.33
36.0
58.67
33.33
42.67
41.33
41.0
31.33
44.0
35.0
30.33
25.33
33.67
25.0
41.0
23.33
31.67
38.67
29.67
35.0
26.67
30.0
25.67
19.0
27.0
21.33
23.0
10.67
24.67
14.67
12.0
12.33
22.33
11.67
17.67
16.33
7.67
7.33
21.67
11.33
2.67
8.33
2.33
4.67
3.67
12.67
17.0
2.67
6.0
15.33
15.67
11.67
7.0
23.33
12.0
7.33
25.0
26.33
17.0
18.0
15.67
21.67
22.0
11.33
27.67
33.67
34.67
29.0
12.0
28.33
32.33
13.33
30.67
24.67
19.67
23.67
32.0
30.67
15.33
23.0
11.67
18.67
21.0
19.33
26.67
29.67
36.33
12.33
6.67
17.0
-0.67
6.0
17.33
22.33
7.0
8.67
21.67
22.0
7.0
11.33
12.33
13.67
12.0
20.0
11.33
15.67
11.0
15.67
7.33
18.0
28.0
14.33
13.33
18.0
9.67
17.0
26.67
9.33
13.33
17.0
17.67
19.0
14.0
11.33
23.0
21.67
10.0
10.33
3.0
13.0
11.33
13.33
8.0
7.67
10.67
9.33
23.0
9.33
8.0
13.33
4.67
14.33
1.0
23.33
12.67
10.33
1.0
9.67
5.33
17.0
9.33
1.0
12.33
7.33
15.33
6.33
19.0
5.33
3.33
7.67
11.33
19.0
16.0
5.67
9.33
3.0
15.67
9.0
6.33
16.0
13.0
9.33
6.0
1.33
7.33
4.0
10.33
11.33
-1.67
17.67
25.0
5.0
15.0
10.33
12.67
9.0
3.0
9.67
6.33
-1.0
9.67
-1.33
17.33
12.67
12.67
2.67
6.67
15.67
8.0
14.0
8.67
7.33
15.33
11.33
11.0
14.33
-4.0
13.33
9.33
19.67
9.67
8.67
7.67
13.0
-2.0
7.33
15.67
-1.33
17.67
16.67
11.67
1.0
-3.33
5.67
7.0
-1.33
16.0
11.67
11.67
-1.33
10.0
4.0
11.67
6.33
9.0
0.0
1.67
-1.67
1.67
18.0
8.0
3.0
-0.67
9.67
13.33
2.0
-9.67
9.0
4.0
3.0
20.33
9.67
8.67
3.0
22.33
3.67
17.0
12.0
6.67
7.0
12.67
8.67
15.0
7.67
2.33
5.0
13.33
-1.33
16.67
11.67
8.33
4.67
14.67
5.67
4.67
-1.33
5.0
16.0
4.0
10.33
-10.67
5.33
7.67
24.67
10.0
8.33
14.33
2.67
13.67
11.67
10.67
11.67
11.33
18.0
8.0
8.67
-2.0
-5.67
6.33
6.0
16.33
4.33
13.67
12.67
10.67
10.33
14.0
14.67
13.67
7.67
15.0
4.0
21.67
-4.67
4.33
11.0
9.0
12.67
6.0
13.0
7.67
8.33
16.0
19.67
15.67
-4.0
27.67
16.33
10.67
10.33
19.33
2.33
0.33
13.67
2.67
11.67
15.67
0.67
14.67
10.67
16.33
6.67
13.67
5.33
4.33
13.67
19.33
14.0
10.0
13.67
16.33
6.33
10.0
9.33
8.67
4.67
9.67
10.67
11.0
15.33
7.0
13.67
11.0
5.67
8.0
5.33
12.33
4.0
2.0
7.0
3.33
-2.0
-0.67
-6.33
11.0
15.0
2.67
5.0
13.33
9.33
15.33
11.33
0.67
-4.67
3.67
13.0
-2.0
11.0
1.33
3.67
4.0
-3.33
4.67
-4.67
4.0
2.33
18.0
0.67
7.33
8.67
0.0
9.67
-0.33
12.67
-1.0
3.0
14.67
7.33
8.0
4.33
8.0
3.67
2.33
9.0
4.33
15.0
8.0
9.0
6.33
13.67
6.33
3.33
-1.0
2.67
-8.0
1.67
-8.0
-2.0
4.33
0.67
10.0
7.0
6.67
1.67
-4.0
10.0
0.67
9.67
14.33
4.33
1.0
-0.67
12.33
5.0
-0.67
3.67
2.0
9.33
8.33
9.33
6.67
-5.0
1.33
2.67
0.0
-3.33
1.0
13.33
3.33
-2.33
7.67
-7.0
3.33
7.33
7.67
-1.33
6.33
-1.67
-2.33
6.33
7.0
-1.0
1.0
-3.33
9.0
7.67
1.33
-0.33
3.67
13.33
9.33
7.0
-1.33
15.67
4.67
5.67
7.67
7.33
-0.67
1.33
3.0
21.67
2.33
-8.33
3.67
1.67
3.0
15.0
-2.0
8.0
9.67
9.67
3.33
-2.67
8.33
11.0
10.33
8.33
0.67
4.67
8.67
8.33
7.33
7.67
-5.33
23.67
3.33
-2.0
10.0
16.0
-3.0
10.33
1.0
-3.33
9.67
12.33
6.33
-2.0
2.0
-4.0
-1.33
5.0
7.67
-3.0
-2.67
-0.33
5.33
3.33
6.67
12.67
5.33
1.33
7.33
0.0
4.67
8.33
5.0
0.33
6.0
0.0
4.33
4.33
3.33
12.67
-2.33
-8.0
-3.0
2.67
0.67
14.0
12.67
-1.67
-1.67
3.33
0.0
0.67
1.0
6.33
6.0
2.0
7.67
2.67
0.67
-7.33
-1.33
3.33
-2.0
3.0
1.67
4.0
4.33
1.67
4.0
2.0
0.67
7.33
12.0
11.33
16.0
8.33
-1.67
3.67
11.33
-1.33
2.67
-0.33
3.33
-3.0
3.33
-1.67
0.67
-0.33
-0.33
-3.0
6.0
-2.0
-1.67
5.0
7.0
10.67
0.33
1.67
0.0
2.0
11.33
8.67
-9.0
2.67
0.67
1.33
4.0
5.33
7.67
5.33
6.0
3.67
4.67
13.67
12.0
7.67
10.33
-10.33
4.67
-0.67
-8.0
0.33
6.67
3.67
3.33
3.0
-5.67
4.67
3.0
6.67
9.0
1.33
8.33
3.33
2.33
3.0
6.67
4.0
4.0
-0.33
8.33
3.0
3.0
7.67
-1.33
2.67
-1.0
0.67
12.0
5.67
4.33
1.33
3.0
-3.33
1.0
-0.33
2.0
3.33
-0.33
3.33
1.0
1.33
4.67
-2.67
-1.0
3.67
-2.33
0.33
13.0
-0.33
-2.33
-0.33
-0.67
-5.33
2.33
10.0
5.67
7.0
-1.0
-0.33
2.0
1.0
9.33
3.0
7.67
1.67
0.0
4.67
9.67
9.67
1.33
6.0
-3.33
1.67
-2.67
11.67
7.67
-0.67
1.67
4.67
8.67
5.0
5.33
10.33
6.0
9.67
3.0
9.0
9.0
7.67
2.67
4.67
3.0
1.67
6.67
0.67
4.0
12.33
3.0
3.67
-0.67
8.33
8.0
-1.33
0.67
6.67
8.0
10.67
10.33
5.0
1.67
8.0
8.0
-0.67
4.0
1.33
1.33
-4.0
1.33
2.33
3.0
4.67
-3.33
5.0
-1.67
2.0
6.0
-0.33
8.0
2.67
6.0
0.67
6.0
2.67
6.67
4.67
-1.67
0.67
4.33
10.67
3.67
-3.33
5.33
-1.0
6.67
1.0
-2.67
2.67
-1.0
4.67
-3.0
-4.0
5.0
2.0
-1.33
-4.67
-1.33
4.0
1.0
3.0
3.67
0.0
