0.0
-65.33
-31.67
-73.0
-88.33
-73.0
-148.33
-56.67
-102.33
-72.33
22.33
-27.67
45.33
-39.67
17.33
0.0
-10.0
-43.33
5.67
-17.67
-53.67
17.33
3.33
-18.33
-11.33
8.0
-16.0
2.0
3.33
4.33
-11.0
2.0
-0.33
2.33
0.33
-2.0
0.33
0.67
5.33
1.0
0.0
-1.0
1.33
-0.33
-0.33
0.0
1.0
0.0
1.0
-0.33
1.0
-0.33
0.0
-0.67
1.0
1.0
0.0
1.0
-0.33
0.0
0.67
0.33
-0.33
0.0
0.67
1.0
-0.33
-0.33
2.0
-0.33
0.0
0.0
0.33
0.0
-0.67
-1.0
-1.0
0.33
0.33
-1.67
0.0
-2.0
1.0
0.0
-1.0
-0.67
-0.67
-0.33
1.0
0.0
-0.67
-0.33
-0.67
0.67
1.0
0.0
-0.33
0.67
0.33
0.33
3.67
-1.0
-0.67
2.67
0.0
0.67
0.0
0.67
1.0
1.67
0.67
1.0
1.67
-1.33
-2.0
1.0
5.67
0.33
-2.0
1.0
2.0
8.33
2.33
-3.67
2.67
2.0
1.33
-0.67
-0.33
4.0
-2.0
-3.67
5.33
-3.33
6.0
2.0
1.0
0.33
-3.0
-1.0
2.33
-2.0
4.0
4.67
-4.67
-2.33
6.33
9.33
-6.33
-1.0
2.0
7.0
2.33
7.0
4.67
4.33
4.67
5.33
-2.33
2.33
3.33
3.67
0.0
10.67
2.67
4.33
2.0
1.33
3.33
4.33
7.33
0.67
0.0
8.33
-3.0
0.33
5.0
1.0
8.67
6.33
3.0
-6.0
3.67
3.33
1.0
-2.33
1.33
0.67
-2.0
4.0
3.67
2.67
1.67
10.33
5.0
2.0
0.0
3.0
1.67
1.67
3.33
10.33
-5.67
6.0
1.33
-2.0
6.0
-2.67
8.33
3.33
1.0
1.0
8.67
1.0
9.33
5.0
10.67
6.67
1.67
1.0
5.67
1.33
5.33
0.33
4.33
3.67
-1.33
7.0
3.0
-1.33
0.67
-2.0
1.0
4.67
5.33
0.0
1.67
5.0
-3.33
4.67
-1.67
1.67
5.67
-1.33
3.67
-1.0
6.67
3.33
1.33
4.67
-0.67
2.33
7.67
3.0
2.67
5.0
-0.33
-0.33
4.67
0.67
-3.33
0.33
-0.33
1.67
4.0
-2.67
5.0
-1.33
1.67
7.0
4.33
-2.0
1.33
5.0
5.33
5.0
2.67
2.33
5.0
8.0
4.0
1.67
5.0
5.67
3.33
6.67
7.33
3.0
2.33
-0.67
12.33
3.33
0.67
4.33
-1.33
5.67
0.33
-0.33
4.67
5.67
-3.0
-0.67
2.67
-0.33
-6.33
1.0
0.0
4.0
4.0
7.67
2.33
4.67
5.33
0.67
-3.0
8.67
2.33
9.33
3.67
6.33
-1.67
4.33
5.67
-1.0
-0.67
-4.67
5.0
2.67
4.0
1.33
5.0
7.33
1.0
0.33
1.0
6.33
9.33
0.67
1.0
6.0
6.67
4.33
1.0
1.33
5.67
2.0
9.67
0.0
-0.33
4.33
5.33
-0.67
2.0
2.0
5.33
6.67
2.67
7.0
-4.67
6.33
0.33
8.0
5.0
3.67
5.67
-1.67
-1.0
14.33
-4.67
-1.67
3.33
-1.33
5.0
3.0
7.67
-2.67
0.0
-0.67
3.33
-0.67
1.67
3.33
2.0
-1.0
0.33
6.67
4.67
4.67
6.0
4.33
-2.67
-3.0
-0.33
6.67
3.67
4.67
3.33
2.33
1.33
1.0
-0.67
3.0
-2.67
1.67
-1.0
8.67
0.0
3.33
-1.0
12.67
-0.33
3.33
3.0
-0.67
-1.0
5.67
6.67
-0.67
2.67
2.67
-1.0
2.67
-2.33
3.67
-3.67
2.0
3.0
9.67
1.67
-3.67
5.0
2.33
2.0
1.67
3.33
3.67
-2.0
-2.33
1.33
5.67
6.33
-1.0
-0.33
4.0
-7.0
7.33
7.33
-2.33
3.0
-2.0
3.33
3.33
-4.0
-2.33
1.0
1.0
2.33
4.33
0.33
0.33
1.0
4.0
2.0
0.33
-4.67
1.67
2.67
2.0
4.67
0.33
4.0
-4.0
4.33
-1.0
2.33
3.33
3.67
6.67
1.67
0.33
-2.33
3.33
6.33
7.0
1.33
1.67
4.67
5.0
-1.33
0.33
4.33
11.67
4.67
-4.67
2.67
3.0
2.0
8.33
5.0
-1.0
-1.67
-2.67
-0.33
-2.33
2.33
0.67
-0.33
4.33
2.33
0.33
3.67
0.33
-2.0
-3.33
1.67
-4.33
-0.33
3.33
1.33
1.0
-5.67
-1.67
-1.33
-0.33
1.33
0.0
0.0
-0.67
-2.67
1.0
0.33
0.0
1.67
-5.33
1.33
0.33
-2.33
4.67
0.0
8.67
-0.67
-3.33
1.67
-0.33
2.33
0.0
5.33
4.33
2.33
0.33
2.33
2.33
-1.33
0.0
5.67
-2.33
0.67
2.33
2.67
1.33
0.0
3.33
-1.0
5.33
2.0
2.67
3.33
0.0
1.67
0.0
9.0
4.33
3.33
-3.0
0.0
3.33
5.0
1.0
6.33
-2.0
3.33
6.33
-1.67
-4.33
3.33
-1.0
-2.33
-0.67
1.33
-0.33
-1.33
-3.33
-1.67
5.0
4.67
-1.33
1.33
1.0
-2.67
-2.67
-3.0
4.0
0.0
-0.67
-1.0
-2.33
1.0
-3.33
1.0
3.0
-4.33
2.0
2.0
-3.33
1.33
1.33
-2.67
2.0
-1.0
2.33
1.0
-0.67
0.0
4.67
1.67
-0.67
1.33
-2.33
0.33
1.33
0.67
5.33
-1.67
-3.0
-0.67
-6.0
0.33
-1.33
-0.67
-2.33
2.0
3.33
-0.33
1.33
1.0
-1.33
-0.67
0.0
4.67
2.67
2.67
0.67
1.67
0.0
0.67
2.0
-1.67
-2.0
2.0
3.67
-5.0
1.67
0.0
-0.33
1.33
-0.67
5.0
3.67
5.67
1.33
2.67
3.33
4.33
-1.33
0.67
0.67
3.33
-1.67
-1.33
-2.67
1.33
1.67
2.0
1.33
-2.33
3.67
5.33
6.33
1.67
-4.33
-4.33
8.33
6.0
-1.67
-1.0
3.33
-0.33
6.0
2.0
6.0
0.0
-5.33
-1.67
0.67
2.0
-0.33
1.0
-2.0
-2.67
4.33
-2.33
0.33
-1.33
0.33
1.67
3.33
4.33
-0.33
0.0
2.33
0.33
6.67
6.33
9.0
-1.33
4.0
1.33
-2.0
0.67
1.0
4.0
3.67
0.33
1.0
-1.67
0.33
1.33
-2.33
0.67
-0.33
5.33
-0.67
1.0
-1.67
-4.33
0.0
1.67
5.33
-3.33
-0.33
-3.33
-1.67
-3.0
-1.0
-0.67
0.33
0.0
0.33
0.67
0.0
6.67
0.67
-5.0
2.67
6.67
-4.0
0.0
7.0
7.33
3.67
-7.33
-1.0
1.33
-3.33
-2.0
-0.33
-2.0
7.33
-3.33
-5.33
2.0
-0.33
-3.67
7.0
6.67
6.33
5.0
-2.33
4.67
-0.67
0.0
3.0
2.0
-2.33
-1.0
1.67
7.33
0.0
5.67
-2.67
1.33
-2.67
8.33
0.67
1.0
1.0
1.33
0.67
-2.33
9.67
8.33
0.33
-1.0
-0.67
7.33
-3.0
11.0
2.33
3.33
6.0
-0.67
2.33
4.0
4.0
3.33
3.0
2.67
-0.67
1.33
6.0
1.67
1.33
-1.67
-6.33
6.0
7.67
3.33
1.67
4.67
-0.67
1.67
1.0
0.67
-0.67
2.0
-1.0
-0.67
7.67
13.0
0.33
2.67
0.33
0.33
3.67
-3.0
-2.0
-1.0
7.67
0.0
-1.33
4.67
7.33
-4.0
2.33
6.67
2.67
6.0
-1.0
4.33
10.67
7.0
-1.67
0.33
15.0
6.0
1.33
-0.67
9.67
0.0
-1.33
5.0
3.67
6.67
2.0
7.33
-0.33
4.0
4.67
6.33
0.67
7.0
3.33
0.33
10.33
1.33
7.0
12.67
2.33
4.0
6.67
4.33
2.0
4.67
7.0
11.33
7.0
3.67
6.67
5.33
0.33
0.0
4.33
12.67
9.67
5.67
1.0
8.33
3.67
13.33
6.33
4.0
10.67
6.0
10.33
9.0
13.67
7.0
7.67
5.67
6.33
20.33
3.0
13.33
17.0
21.33
20.0
35.67
22.0
17.67
22.67
21.0
16.67
11.67
10.33
13.0
14.33
6.67
7.0
14.0
7.33
2.0
10.33
4.33
11.33
3.33
5.67
3.0
9.67
4.67
10.67
8.67
8.0
4.33
15.0
15.33
5.0
6.67
5.67
8.0
2.33
12.67
7.67
6.0
6.33
17.0
5.67
8.0
10.0
15.33
20.67
8.0
18.33
25.33
25.67
26.0
30.0
19.0
31.67
22.33
23.0
21.0
18.33
16.0
24.33
9.0
13.0
9.33
9.33
5.67
17.0
10.67
10.0
12.0
14.33
6.67
1.33
0.33
10.67
12.33
11.67
6.33
9.33
11.67
5.33
2.0
4.0
3.33
7.0
21.33
8.33
4.0
8.67
12.33
12.0
15.0
11.33
1.0
14.33
11.33
11.67
8.67
11.33
10.0
17.67
9.33
13.33
17.0
16.33
9.33
16.0
8.67
18.33
11.67
14.0
7.67
14.67
29.67
28.67
20.33
20.33
29.33
24.0
24.33
24.33
24.0
31.0
24.33
27.33
37.33
35.67
32.33
36.0
18.67
42.67
40.67
30.33
37.67
35.0
31.0
40.67
31.33
38.0
34.67
35.33
49.33
35.33
22.33
44.33
27.0
34.67
34.67
34.67
24.33
38.0
36.33
36.33
25.0
36.33
33.33
30.0
18.0
31.33
20.33
28.33
22.33
22.67
11.0
22.0
21.33
29.0
19.0
20.67
17.67
25.67
23.0
24.33
29.0
21.67
20.33
21.33
22.67
23.33
14.0
20.0
21.0
11.33
10.0
6.67
5.67
1.0
7.0
5.33
9.67
7.0
13.67
11.0
2.33
22.67
0.0
12.0
3.0
12.67
8.33
3.33
14.0
8.33
9.33
11.33
19.0
15.67
18.33
13.67
31.67
15.67
37.33
27.0
25.33
27.33
29.33
19.67
36.0
31.67
26.67
31.67
18.67
24.67
17.0
20.67
20.67
22.33
15.0
15.67
12.0
0.0
8.33
15.0
4.33
18.33
19.67
16.0
10.0
16.33
12.67
12.33
7.33
15.0
20.0
22.33
19.0
38.0
13.0
29.67
39.67
20.33
41.67
43.33
33.67
51.33
51.33
40.33
44.33
54.0
56.33
62.67
40.67
31.33
52.33
56.67
51.33
39.33
51.33
53.33
43.33
32.0
35.33
40.67
36.33
43.0
50.67
32.67
35.67
39.33
31.0
13.0
18.67
14.0
20.0
8.33
31.0
11.67
11.67
12.0
14.33
17.0
19.33
14.67
35.67
12.0
38.67
17.67
24.0
34.33
31.0
40.0
38.0
49.33
60.33
55.0
59.67
50.0
70.33
74.33
64.33
95.67
71.0
92.33
67.0
74.33
91.0
86.67
78.33
53.0
81.33
67.0
45.67
57.33
52.67
51.33
36.0
40.33
51.0
44.0
26.33
21.33
25.67
23.0
39.0
29.33
33.67
4.67
24.67
9.0
11.67
12.0
23.67
7.0
9.0
13.33
15.0
7.67
4.67
11.67
21.0
17.33
11.33
16.67
10.67
11.33
1.67
15.33
12.67
4.33
4.67
8.33
9.33
6.67
0.67
13.67
9.0
9.67
6.0
5.33
11.67
15.67
22.0
9.33
18.0
6.33
17.0
9.33
17.0
12.0
22.67
20.67
16.0
12.33
17.67
13.67
16.67
29.0
21.0
6.33
11.33
22.33
15.67
20.67
27.67
20.67
23.0
14.67
22.33
23.0
9.67
24.67
28.0
13.33
18.67
40.67
30.33
22.33
16.67
24.0
18.33
7.0
28.33
17.33
17.0
25.67
14.67
42.0
15.0
20.33
19.33
32.67
14.0
21.0
19.33
20.67
19.0
13.67
9.33
15.0
11.0
12.33
26.33
13.0
15.67
5.0
20.67
12.33
24.33
32.0
15.67
19.0
23.0
6.33
19.0
19.67
19.0
5.33
10.0
6.0
8.33
-4.67
8.0
7.67
-1.33
4.33
4.0
5.33
12.0
11.33
5.67
9.33
7.0
11.33
13.67
10.33
-6.0
7.67
-3.67
7.0
10.33
2.0
19.33
13.33
8.33
3.33
2.0
14.33
4.33
14.67
9.33
13.0
4.0
15.67
17.33
9.0
19.67
18.0
18.33
22.0
2.0
6.33
11.0
-0.67
19.33
9.0
16.33
7.33
8.33
5.67
20.0
7.0
12.0
12.33
10.67
17.0
-1.0
1.67
5.33
6.0
11.67
11.67
13.33
16.67
7.67
24.67
20.67
11.67
12.0
13.0
6.67
17.33
12.33
10.33
-1.0
18.33
22.0
17.33
21.33
15.67
11.67
4.67
13.67
1.0
13.0
7.33
0.67
12.67
16.67
8.67
13.67
6.0
8.67
-0.33
17.0
1.67
12.0
5.67
-1.33
-5.33
9.0
6.0
12.67
16.33
-10.0
1.0
0.67
2.33
-1.33
10.0
5.0
2.0
19.33
8.67
18.33
-2.0
7.33
17.0
15.0
10.0
6.33
9.67
-1.33
8.0
21.33
12.67
5.0
17.0
-1.33
4.0
0.67
1.67
15.0
14.67
5.33
1.0
8.33
5.67
14.67
5.67
5.33
-0.33
10.67
9.67
13.67
-7.33
-1.0
9.0
2.0
3.33
9.33
5.33
10.67
8.67
13.0
2.33
-0.67
7.67
10.67
1.67
8.67
17.67
1.33
6.0
6.0
12.67
12.0
3.33
12.33
22.0
3.33
13.33
3.67
7.67
15.67
-7.67
24.0
5.67
19.67
-3.33
2.0
8.0
32.67
5.33
9.33
11.0
15.0
6.67
-2.0
7.0
14.67
16.33
10.0
8.67
0.67
11.0
16.67
20.33
23.67
11.33
11.33
1.33
18.33
13.67
13.67
7.67
12.67
15.67
14.67
23.67
19.33
25.67
16.67
18.33
13.33
9.67
23.33
9.0
17.0
4.67
9.33
4.33
9.0
1.33
25.67
6.67
5.67
2.67
4.0
13.33
18.0
4.67
11.0
17.67
7.0
4.33
13.33
19.0
17.0
20.0
10.33
2.0
4.33
3.67
15.0
17.0
10.67
2.0
6.33
6.33
6.33
-5.67
-1.33
3.33
8.67
15.0
3.0
-2.0
3.33
-5.33
2.0
-0.33
-14.33
11.33
-2.0
12.33
4.0
2.67
14.33
5.67
6.0
4.67
-3.33
9.67
15.0
8.0
11.67
5.33
5.0
3.33
-4.0
4.67
10.33
11.0
3.33
13.0
11.0
-1.0
6.33
4.67
9.33
4.33
-2.0
9.67
-4.0
-0.33
-1.0
8.0
9.33
0.67
2.0
4.0
2.67
10.67
2.0
1.0
5.67
1.67
6.33
-5.67
1.0
-8.67
-0.67
-7.0
12.33
10.67
3.0
3.33
6.33
3.33
6.67
3.0
3.33
4.67
8.0
4.67
1.0
3.33
-3.67
4.67
8.67
0.0
-1.67
12.33
1.67
8.67
3.33
2.33
3.67
1.33
4.0
6.0
1.0
-6.33
16.0
-1.33
8.33
6.67
0.67
7.33
0.33
4.0
11.67
7.67
-1.33
1.67
-2.33
7.33
5.33
3.33
-1.0
-1.33
3.33
-3.33
-7.33
-2.33
1.0
12.0
2.0
3.0
5.67
7.67
-3.67
1.33
10.33
8.0
4.33
8.33
-0.33
-2.33
1.67
8.33
4.33
4.67
-5.33
10.67
2.33
1.0
9.0
8.0
-6.0
0.33
4.0
-1.33
4.67
4.33
-2.67
0.0
3.0
3.0
3.67
-1.0
-3.33
0.0
0.33
-4.33
1.33
4.33
-2.33
7.67
3.33
9.33
4.33
5.0
6.67
2.33
-4.0
9.33
1.0
3.0
-4.67
3.33
6.33
2.67
-3.33
1.0
-2.0
-4.33
1.67
3.0
0.67
-1.67
-1.67
-0.67
2.0
-0.33
2.0
-2.67
1.0
2.0
-0.33
4.67
1.67
7.67
3.67
16.33
-2.0
9.0
-2.33
15.0
6.33
2.67
7.0
5.0
9.67
7.33
3.0
6.33
4.0
11.33
-0.67
5.67
3.33
0.67
16.67
7.67
13.33
4.0
9.33
1.33
-2.33
1.67
3.67
-2.0
2.0
0.0
-3.67
-6.0
3.0
7.67
3.33
3.67
7.0
9.0
3.33
3.67
3.0
-2.33
1.67
6.33
8.0
3.33
-2.33
3.33
-1.0
6.67
-1.33
7.67
2.0
2.67
0.33
-4.33
-0.33
0.33
6.0
4.33
7.67
-2.33
-4.67
11.0
4.33
6.67
-4.0
4.67
6.0
-3.67
3.33
7.33
-0.67
7.0
2.67
-4.0
8.0
7.67
5.33
5.0
7.0
6.67
2.67
3.67
-4.0
-0.33
8.0
5.67
3.33
-0.67
0.0
3.67
4.0
6.67
3.0
5.33
6.67
0.33
7.0
4.33
1.67
0.33
4.0
1.67
-2.33
2.33
-2.0
0.67
-1.33
-4.33
3.33
0.67
0.33
3.0
-6.33
1.0
0.0
-1.33
7.0
1.0
12.33
10.0
-1.33
1.67
-2.0
12.67
7.67
-1.33
-3.67
4.0
1.67
5.67
4.33
14.67
-1.33
-0.67
0.67
-2.33
0.67
3.0
-1.67
7.33
0.0
0.67
6.0
3.0
9.0
4.67
11.67
-2.33
6.0
4.67
5.67
0.67
-4.0
6.33
3.0
4.67
-0.67
2.33
6.0
4.67
4.67
0.67
-3.0
2.67
6.33
5.0
0.67
-1.0
0.0
-0.67
4.0
-1.67
0.33
0.0
6.33
-2.67
2.0
0.67
3.67
1.0
0.33
7.0
-4.0
3.67
2.0
1.67
2.0
0.67
2.0
1.67
0.67
1.67
1.33
2.67
5.33
1.67
2.67
3.67
-0.67
8.0
-0.33
9.0
2.33
3.67
8.0
3.67
0.0
0.0
9.0
-2.0
2.67
1.33
-1.33
2.0
-5.0
-3.0
-0.33
8.0
