0.0
-53.33
-43.67
-176.0
-114.33
-112.0
-141.33
-107.67
-79.33
-121.33
-58.67
-77.67
-41.67
-9.67
20.33
-38.0
-58.0
-52.33
-19.33
15.33
-43.67
28.33
2.33
-2.33
-9.33
-1.0
-17.0
1.0
-15.67
-1.67
-6.0
-1.0
1.67
-0.67
0.33
-4.0
-0.67
-0.33
0.33
1.0
0.0
-1.0
0.33
-0.33
-1.33
1.0
2.0
1.0
0.0
-0.33
1.0
0.67
0.0
-0.67
0.0
0.0
1.0
0.0
-0.33
1.0
-0.33
0.33
0.67
0.0
-0.33
0.0
-0.33
0.67
1.0
0.67
1.0
1.0
-0.67
-1.0
-0.67
-1.0
-1.0
0.33
-0.67
-0.67
0.0
-2.0
2.0
0.0
0.0
-0.67
-0.67
-1.33
1.0
-1.0
1.33
0.67
-0.67
0.67
0.0
2.0
-0.33
-0.33
0.33
0.33
-0.33
0.0
0.33
-1.33
-2.0
0.67
0.0
-0.33
-1.0
0.67
0.67
1.0
4.67
2.67
-1.0
-2.0
2.67
0.33
3.0
1.0
-1.0
-1.67
1.33
-3.67
-1.33
0.0
-1.67
0.33
1.67
1.0
4.0
0.33
-0.67
0.67
6.0
5.0
-1.0
7.33
-2.0
1.0
0.33
7.0
2.0
9.67
-5.67
-1.33
3.33
8.33
-7.33
0.0
8.0
3.0
-1.67
6.0
2.67
-0.67
1.67
4.33
-1.33
0.33
-5.67
6.67
5.0
4.67
8.67
4.33
4.0
0.33
3.33
-0.67
-2.67
0.67
1.0
4.33
1.0
-3.67
-5.0
2.0
-2.33
0.33
2.0
1.0
-3.33
-4.67
0.0
3.67
7.33
5.67
8.0
8.0
5.67
0.67
7.67
1.33
2.0
2.0
1.0
7.0
2.67
6.67
3.33
5.33
6.33
3.0
-0.67
8.0
4.0
4.33
2.33
6.33
5.0
0.0
2.67
10.0
2.33
5.0
5.67
-2.33
2.67
6.0
5.67
-0.67
-2.67
-0.67
2.33
2.67
6.67
9.0
0.0
0.67
7.67
-1.0
1.0
3.67
2.33
5.0
8.67
2.0
2.67
-0.33
-2.67
10.67
8.67
-2.33
-1.33
6.0
5.67
2.33
-0.67
-2.33
4.33
-2.67
9.67
3.0
1.67
-3.0
-0.33
7.67
6.67
0.67
1.67
0.33
-2.33
-0.33
1.0
8.33
4.0
-4.33
4.67
2.0
7.33
0.0
12.33
5.0
-3.67
0.0
5.67
3.33
2.0
5.0
-2.0
-5.33
1.0
3.67
7.33
2.67
-0.67
3.0
-1.67
-3.67
7.33
7.33
-5.33
6.33
3.67
0.67
4.33
0.67
6.67
7.67
0.0
5.33
-3.33
3.67
-4.33
1.0
7.0
12.0
-4.0
3.67
-1.67
9.67
3.33
5.67
2.0
-2.33
4.33
-0.67
2.67
-5.67
9.33
8.33
1.67
3.0
4.33
-4.67
5.0
-1.33
5.0
0.33
7.0
1.33
8.0
0.33
2.0
2.33
6.33
1.67
3.0
5.0
2.67
3.33
6.0
4.33
2.67
4.0
0.67
3.0
6.67
1.33
-1.67
2.33
3.0
4.0
5.33
9.67
1.67
3.0
5.33
11.33
5.33
-1.0
2.0
-0.33
6.67
5.33
5.0
7.33
1.33
2.33
2.33
0.67
4.0
-6.0
5.67
-0.67
0.0
3.33
5.33
0.33
3.67
4.33
3.0
-2.0
-0.67
-3.33
2.67
3.67
4.0
-1.67
5.33
5.0
3.67
-2.33
-1.33
-0.33
0.33
-0.67
5.33
1.0
3.33
-3.0
-1.67
3.67
0.0
4.67
-1.0
2.33
2.0
1.67
2.67
0.33
3.0
-0.67
-2.0
2.67
6.67
1.33
3.67
5.67
5.0
2.67
1.67
5.67
-2.67
-4.0
5.0
1.67
-0.33
10.33
2.0
2.33
-3.0
2.67
3.33
-1.33
-5.0
0.67
-2.67
2.67
7.33
4.0
5.67
0.0
0.0
3.33
3.33
-1.33
0.0
5.0
-3.67
2.33
-7.0
0.67
-2.0
2.0
-0.67
-1.67
-1.67
2.33
2.0
-1.0
3.0
-0.67
2.33
-0.33
0.67
3.0
-1.33
3.33
1.0
2.0
3.33
0.0
3.33
3.33
-7.33
3.67
5.67
-2.67
-2.33
-1.67
-0.67
7.0
2.33
-0.33
4.67
3.0
1.67
-4.67
0.33
-1.33
2.67
-5.67
-1.33
4.0
2.0
2.33
3.0
-2.0
-1.67
-0.67
8.67
-0.33
-4.67
-3.33
-3.33
-0.67
4.33
4.33
-0.33
3.33
0.0
-2.33
-1.33
-0.33
0.67
5.33
0.33
5.0
0.33
2.33
-0.33
-2.33
-4.67
3.0
3.0
1.33
3.33
1.0
-1.67
1.0
0.67
0.67
-1.67
2.33
-0.33
5.67
1.0
1.67
0.33
-5.33
-0.33
0.67
0.33
4.0
1.33
-1.67
0.33
1.33
1.33
3.33
-3.33
2.0
-0.33
-0.33
1.67
-0.67
0.67
-2.67
-1.0
4.33
-1.0
2.33
1.0
3.67
-0.67
-4.0
-1.33
4.0
0.0
0.33
0.33
-3.0
3.0
2.33
3.0
0.0
2.33
-3.0
3.33
3.33
3.33
-1.33
5.33
-1.0
2.67
2.33
3.33
1.67
-1.33
1.67
-0.67
0.0
-1.33
0.67
-0.67
1.0
-0.67
-2.67
2.0
2.0
-2.0
-0.67
-1.0
2.67
-1.0
-0.33
3.0
1.0
0.67
3.0
3.0
0.67
-2.67
0.33
0.33
2.0
5.0
-0.67
4.0
-1.67
5.0
4.67
3.67
1.33
1.33
2.67
4.33
1.33
-3.33
4.33
0.33
-2.0
0.33
0.0
-1.67
-2.33
0.33
-1.33
2.0
0.33
-2.33
-0.67
9.0
0.67
-2.67
1.0
-0.33
-0.33
-1.33
2.67
-2.33
-2.0
-1.33
-3.0
-1.67
-3.0
3.0
1.67
-1.0
2.67
3.0
-1.33
-0.67
1.33
4.0
0.67
4.67
0.33
-2.33
3.33
-1.67
0.67
-4.33
3.67
3.33
1.33
5.67
-1.67
-2.67
-1.33
0.0
1.33
-1.33
1.67
1.33
3.33
1.67
-2.33
3.67
3.33
2.0
7.33
-5.0
-1.67
4.67
3.0
0.0
-3.0
5.0
2.67
2.33
2.67
-2.0
1.67
3.0
7.0
2.33
2.33
0.67
0.33
3.67
2.33
-0.33
-1.67
8.33
-0.33
-3.0
-3.67
-3.67
2.67
3.33
2.0
0.67
2.0
-0.67
1.0
4.67
-3.0
0.0
4.67
-3.67
0.0
-0.67
-1.67
-0.67
2.67
1.67
0.67
-0.67
-0.67
-5.0
0.33
-1.33
0.0
-2.33
3.33
-5.33
0.67
-5.33
1.33
-6.0
-5.0
3.33
-2.67
6.0
3.33
0.67
-5.0
3.67
5.67
-4.0
0.67
-0.33
-1.0
-2.0
0.0
8.33
-2.33
-4.33
8.0
5.33
-1.33
-1.0
0.67
0.0
6.33
-2.33
3.67
-3.0
1.67
-0.67
1.0
2.67
2.33
1.0
-2.33
-0.33
1.33
3.0
-2.0
0.0
0.67
1.0
4.67
3.33
-5.0
-4.33
-3.67
2.33
3.33
5.33
6.67
1.0
11.0
-0.67
-2.33
2.67
7.67
1.33
6.33
5.0
1.33
-2.67
5.0
11.0
-0.67
3.33
2.0
7.33
5.33
6.0
2.0
2.33
-7.0
3.67
-0.67
-1.67
-4.0
3.67
7.33
1.33
3.67
1.0
2.67
4.33
-0.33
3.67
2.33
5.67
0.0
-3.33
6.33
7.0
2.0
2.33
6.67
4.0
2.33
4.67
2.33
1.33
5.67
2.0
1.0
10.0
5.67
-4.0
3.67
12.67
2.33
-6.0
3.33
6.67
-6.33
2.0
6.0
9.33
1.67
10.0
10.33
2.33
3.0
6.0
6.33
11.33
2.67
-6.0
2.67
14.0
0.67
4.67
11.0
5.33
1.67
8.0
-3.33
6.33
5.67
3.0
6.33
5.33
-2.67
4.33
-4.0
9.67
5.33
1.0
8.67
9.33
6.0
-2.33
-1.0
4.33
-1.0
7.67
5.67
8.33
10.33
15.0
1.33
14.67
9.67
2.67
12.0
16.33
-3.33
8.33
-1.67
7.0
8.67
6.0
8.33
4.0
5.67
9.0
-0.33
15.67
22.33
25.33
15.0
20.33
31.0
20.33
28.0
27.67
28.0
35.67
19.67
34.0
22.67
25.67
24.33
23.0
22.33
21.67
35.0
25.0
21.33
16.0
24.33
16.33
12.33
15.33
10.67
16.0
16.67
11.67
5.67
12.67
14.0
8.33
10.0
4.33
14.0
12.67
4.67
0.0
9.33
8.67
14.67
18.0
15.33
14.0
12.67
17.0
9.0
13.33
10.67
4.0
12.33
11.33
5.67
21.0
17.0
19.0
18.67
16.33
16.0
12.0
21.33
17.0
14.33
15.0
18.0
18.33
13.33
17.67
12.0
7.67
11.0
13.0
12.33
6.67
10.33
14.33
7.67
13.33
4.67
3.33
9.33
12.67
0.33
8.0
6.0
8.33
9.0
1.33
12.33
2.0
10.67
10.33
9.0
15.0
8.33
7.0
19.33
6.33
14.67
7.67
21.33
9.0
13.67
14.33
24.33
15.0
14.33
11.33
13.0
20.67
13.33
15.67
12.0
13.67
10.67
6.67
14.67
8.33
13.33
14.33
17.0
7.33
22.33
25.0
34.0
10.33
31.33
27.33
29.67
29.33
24.0
21.67
26.67
44.67
40.33
37.67
34.0
36.0
20.67
33.33
34.0
18.67
29.33
23.33
10.33
23.33
27.33
16.0
0.67
17.67
7.67
16.33
12.0
23.33
23.33
24.0
24.33
12.33
10.0
24.0
8.33
17.33
29.33
23.33
24.67
21.0
18.0
27.33
27.0
25.0
22.67
28.67
28.67
28.0
24.33
28.0
18.67
24.33
13.33
13.67
18.33
9.0
19.0
14.0
15.33
15.0
12.67
8.67
8.0
10.0
9.33
23.67
6.0
10.67
2.0
7.33
11.67
19.0
10.0
7.0
11.67
13.33
15.33
21.0
14.33
21.33
11.33
24.0
26.67
32.33
26.67
29.67
27.67
22.33
46.0
28.33
26.33
47.33
13.67
29.0
28.67
30.67
12.67
14.67
27.67
21.0
12.67
9.67
12.33
3.0
5.67
4.0
14.0
9.33
8.0
6.33
16.33
0.67
4.0
15.0
8.33
11.67
4.33
20.33
9.0
11.0
0.33
12.0
32.0
17.0
35.67
33.67
38.33
28.67
39.33
48.67
37.33
44.33
63.33
61.33
40.0
44.33
68.67
75.67
51.33
42.33
49.67
57.33
57.33
60.33
59.33
58.33
60.0
57.33
47.67
50.33
48.0
40.67
34.67
32.67
26.33
30.0
26.0
28.67
20.0
20.0
17.33
18.0
11.67
8.67
20.0
17.33
7.0
18.33
10.67
19.67
20.0
25.67
15.67
26.0
17.33
52.0
32.0
36.0
38.33
38.33
39.0
38.67
44.0
49.33
56.33
55.33
56.67
54.0
55.33
58.0
69.33
72.0
74.67
67.33
69.0
62.33
63.0
56.67
56.33
58.67
45.33
51.0
57.33
39.0
37.0
34.33
15.33
20.67
30.0
32.0
18.33
15.67
18.67
18.67
24.0
13.67
11.0
11.67
4.0
10.0
12.33
8.0
1.67
14.67
8.67
10.0
10.33
13.33
11.67
8.67
8.33
0.67
9.33
12.67
5.33
12.67
10.33
-1.67
12.67
-2.33
9.67
9.0
7.67
13.0
12.33
8.67
-2.33
21.0
5.33
10.0
16.33
5.0
16.33
21.0
8.0
18.67
9.67
16.0
8.33
21.67
15.67
15.67
28.0
7.0
23.33
6.33
24.33
13.67
12.67
5.67
17.67
21.0
20.67
17.33
24.0
10.67
16.67
17.0
23.33
33.67
29.67
26.33
23.33
16.67
31.0
35.33
6.0
20.33
4.33
14.0
12.67
7.67
17.0
16.0
16.33
15.33
32.67
17.0
29.0
18.33
16.67
23.0
22.67
41.33
31.0
25.0
12.33
29.33
17.0
13.67
24.0
16.67
16.33
20.33
19.0
17.67
18.0
11.0
18.33
22.0
19.67
10.0
2.33
9.0
10.0
5.33
-6.67
7.0
4.67
17.67
15.33
7.0
4.33
2.0
18.33
8.67
9.33
9.0
12.33
8.67
6.33
1.0
2.67
-0.67
20.0
2.33
-2.0
23.33
3.33
7.33
10.33
13.0
9.33
4.33
9.67
3.33
8.0
18.0
21.67
9.33
7.0
22.67
19.0
6.33
1.0
-9.0
6.33
2.0
5.33
4.33
8.0
18.33
0.33
8.33
13.67
11.0
13.0
3.0
10.33
17.67
13.0
4.0
-1.33
6.33
3.0
14.67
4.67
3.33
9.67
12.67
13.67
11.67
-0.33
3.0
6.0
8.67
11.33
7.33
7.33
5.0
9.33
4.0
1.33
8.33
14.67
6.67
-2.33
14.67
1.0
9.0
5.33
1.67
9.67
10.67
3.67
9.67
-3.0
-3.33
-9.33
14.0
10.67
10.0
8.67
3.67
1.67
11.0
-5.0
-4.33
12.33
9.0
3.0
-1.33
12.33
-6.33
7.0
9.0
0.0
9.33
6.67
11.33
-1.0
14.33
16.0
6.0
14.0
6.33
14.67
-4.33
9.0
2.33
4.67
4.0
10.0
10.67
14.0
12.67
6.67
23.0
2.67
-1.67
14.0
7.33
12.67
11.67
2.67
2.33
-4.33
3.67
10.67
3.67
-2.33
9.0
23.0
7.0
-1.67
6.33
3.33
17.67
0.67
14.0
3.33
16.33
16.67
8.67
4.67
2.67
4.67
-7.67
7.0
4.0
0.67
8.0
4.33
2.33
17.0
-2.67
5.33
18.67
16.67
4.67
-4.67
9.0
5.67
22.67
-0.33
16.0
9.0
19.67
3.33
11.33
5.0
15.0
8.67
10.0
0.0
3.67
6.33
0.0
-3.33
9.67
1.0
28.67
22.33
8.67
11.33
2.33
11.33
-6.67
16.67
-3.33
12.67
0.67
-2.33
9.67
10.67
11.33
6.67
13.67
7.33
-3.67
12.67
2.33
14.0
3.0
-9.33
22.33
1.33
4.0
17.33
0.67
9.67
2.67
12.67
10.0
12.33
12.0
5.67
24.0
5.67
23.0
21.33
3.33
16.0
19.0
17.0
0.33
18.0
13.33
9.67
15.0
16.0
9.67
13.0
8.33
16.33
3.33
3.33
1.67
5.33
9.67
20.0
7.0
8.0
8.33
-9.33
3.0
-6.33
-3.33
13.33
-5.0
-3.67
-6.0
2.67
1.33
-0.33
20.0
5.67
4.67
11.67
1.0
-2.0
6.67
3.33
7.0
4.33
-2.0
-4.33
2.33
5.0
1.33
8.0
3.0
15.0
11.33
4.67
9.33
2.33
1.0
5.67
-1.0
4.67
-3.0
4.0
4.33
-2.33
1.0
1.0
9.67
19.67
0.0
8.0
2.67
9.67
3.33
4.33
6.0
-10.67
1.33
3.0
2.33
3.67
-5.0
8.33
5.33
13.33
0.67
9.0
-0.67
-0.33
4.0
1.67
-5.0
9.33
-6.67
3.67
3.67
2.0
0.33
5.33
-1.33
4.67
7.33
5.33
4.67
8.33
-1.0
8.0
-1.0
-3.33
12.0
2.67
8.33
0.67
2.67
4.33
1.33
6.0
-5.33
10.67
4.67
2.67
-1.33
12.33
2.33
3.33
-1.0
5.67
0.33
-5.33
2.67
4.67
9.0
3.0
1.0
5.0
9.67
-8.33
7.33
3.33
6.33
7.0
6.33
0.33
6.67
3.67
10.67
8.33
6.33
10.67
-4.33
-4.33
8.33
6.0
-1.0
9.0
8.0
7.33
6.0
1.67
4.67
3.33
8.33
-4.0
5.0
-2.0
-2.33
5.0
-0.33
-3.0
8.33
4.67
8.33
1.33
2.67
13.67
8.33
-1.67
4.33
2.0
10.67
14.33
1.0
8.33
0.0
7.0
2.33
12.33
7.33
4.67
8.67
-1.0
1.0
-6.33
9.67
7.0
12.67
-8.67
2.33
2.33
-1.0
-1.33
-1.0
-6.67
-2.0
12.0
5.67
1.67
9.67
-4.33
0.67
6.33
-1.0
4.0
1.67
2.0
6.33
-0.33
7.0
8.0
-2.33
8.33
5.0
-0.67
12.0
1.33
8.33
5.67
9.33
2.67
11.67
-2.33
3.33
0.0
2.33
2.33
-2.33
3.67
5.67
-4.0
3.0
3.0
6.33
7.0
4.0
2.67
5.33
9.67
8.0
5.0
6.33
-1.33
6.0
0.67
-3.33
11.33
8.0
3.33
-3.33
5.33
-6.0
3.67
2.67
1.67
11.0
-1.33
1.33
-5.33
-4.33
8.33
3.0
-2.67
1.67
3.67
-1.67
1.0
0.33
3.67
11.0
3.67
2.0
8.33
5.33
1.33
-0.67
-2.0
3.67
0.0
11.0
-0.33
1.33
6.0
2.0
5.67
3.67
-4.33
2.0
-0.33
3.0
5.67
6.33
0.33
-1.0
-6.33
-4.0
1.67
6.0
5.33
3.67
8.33
-1.0
3.33
-0.33
2.33
3.0
0.67
5.67
-2.67
0.0
1.67
-0.33
0.67
6.33
-0.33
2.33
4.0
1.67
5.0
-3.0
0.67
8.0
11.0
6.33
0.0
-2.33
0.67
2.0
0.67
10.67
0.67
4.33
5.0
2.67
2.67
3.33
8.67
6.67
4.33
4.67
3.67
-2.33
2.0
4.33
6.33
1.0
0.67
0.0
8.0
12.0
1.67
7.67
7.67
2.0
-2.33
-0.33
-5.33
-2.0
2.33
5.0
2.67
-1.67
-1.67
3.0
7.67
4.67
1.67
1.0
5.67
5.33
4.0
0.67
0.0
7.0
0.33
7.0
-3.67
-5.67
-4.0
-1.67
3.33
-4.0
-2.33
-0.33
1.0
-3.67
9.0
-2.0
-0.33
5.0
4.67
3.0
-5.33
-4.0
-1.33
-1.33
2.67
-1.67
0.67
-0.67
2.67
6.67
1.67
4.33
4.0
-6.33
4.0
-0.67
-0.33
0.0
0.67
1.0
4.0
10.0
-1.0
-1.33
-6.67
3.67
0.0
2.0
-1.0
1.67
3.0
