0.0
-26.33
-38.67
-100.0
-143.33
-48.0
-120.33
-111.67
-116.33
-88.33
-51.67
-34.67
-58.67
-55.67
37.33
60.0
-10.0
30.67
-18.33
-37.67
-26.67
-25.67
-24.67
-13.33
30.67
-22.0
-24.0
-8.0
5.33
-3.67
-3.0
4.0
0.67
7.33
1.33
-2.0
-0.67
-1.33
0.33
2.0
0.0
0.0
1.33
-0.33
-1.33
0.0
1.0
1.0
0.0
0.67
3.0
1.67
0.0
-0.67
0.0
0.0
1.0
0.0
-0.33
0.0
0.67
-0.67
-0.33
0.0
-0.33
0.0
-0.33
-0.33
0.0
0.67
0.0
0.0
-0.67
0.0
-0.67
0.0
0.0
0.33
0.33
-0.67
1.0
-1.0
1.0
0.0
0.0
-0.67
-0.67
-0.33
0.0
-1.0
-0.67
0.67
0.33
-0.33
0.0
0.0
2.67
-0.33
0.33
0.33
0.67
0.0
-0.67
-1.33
-2.0
-1.33
2.0
-0.33
-1.0
0.67
-0.33
1.0
4.67
0.67
-1.0
-1.0
4.67
3.33
0.0
2.0
-2.0
1.33
-0.67
-1.67
1.67
-2.0
3.33
1.33
4.67
2.0
-2.0
-0.67
-0.67
-2.33
1.0
-1.0
2.0
0.33
3.0
3.0
8.33
3.0
5.0
1.67
-4.67
10.67
7.33
7.33
-2.33
-2.0
2.0
6.0
-0.67
12.0
0.67
-3.67
2.67
3.33
-1.33
1.33
-0.67
5.67
3.0
1.67
5.67
-1.67
4.0
-1.67
3.33
3.33
-4.67
4.67
12.0
4.33
4.0
4.33
3.0
-3.0
1.67
7.33
3.0
3.0
5.67
1.33
3.0
1.67
1.33
7.67
-1.0
-2.0
4.67
0.67
6.67
4.33
3.0
-3.0
11.0
6.0
1.67
1.67
1.33
4.33
-1.67
3.0
1.33
2.0
4.0
7.33
3.33
4.33
5.0
4.0
4.67
-1.0
1.33
0.0
-0.33
2.67
-1.33
0.0
4.67
5.33
3.33
4.33
2.33
6.67
2.67
0.0
4.0
8.67
1.67
1.0
2.0
1.67
4.33
4.0
-0.33
1.0
2.67
1.67
4.33
3.67
-3.33
1.67
0.67
2.0
5.67
7.33
5.33
1.67
0.33
-1.67
-2.33
5.0
-1.33
2.0
3.67
14.67
-3.33
0.67
-5.33
2.33
6.67
0.67
5.0
4.33
1.0
-2.33
0.67
-2.0
1.33
1.0
0.33
3.0
2.33
4.0
3.67
1.33
1.0
1.0
5.0
2.67
3.0
2.67
3.33
4.67
6.33
-3.0
1.33
0.33
7.33
1.33
2.67
5.33
6.67
5.67
1.33
-1.33
10.67
1.67
11.0
-1.67
3.67
10.67
-3.33
2.0
4.0
4.0
4.0
0.67
-3.67
1.67
9.33
-1.33
0.0
3.67
8.33
6.33
-1.33
-2.67
-0.67
4.33
7.67
2.0
-1.67
-1.67
0.0
-0.33
-4.0
4.33
2.0
-0.67
6.0
2.33
3.0
6.33
-3.67
3.67
-1.0
11.0
6.67
6.33
2.0
4.33
2.67
4.0
2.67
-1.0
-3.33
4.33
-2.67
-0.67
1.0
0.0
1.33
2.67
-2.33
4.0
6.33
-0.67
4.33
2.0
0.0
-4.33
6.67
4.33
0.0
4.33
4.33
2.33
-5.67
2.67
6.0
-1.0
3.67
-4.67
0.0
0.33
4.33
-0.67
1.67
-1.67
10.0
-1.0
0.33
1.67
0.67
5.67
2.0
-0.67
-0.67
-1.0
2.67
1.67
4.67
0.67
2.33
-4.67
0.33
0.0
3.33
0.0
1.33
0.67
-7.0
7.67
1.0
1.33
1.0
4.67
0.67
1.33
1.0
1.33
3.0
1.67
3.67
-2.67
-3.33
3.67
-4.0
-2.33
2.67
1.67
5.33
-7.0
3.0
2.67
1.67
-2.67
6.0
2.33
1.0
-3.33
-4.67
0.67
3.0
-1.33
-1.67
0.67
6.33
3.0
-2.33
2.0
1.0
1.33
2.33
-0.33
6.0
2.0
1.33
6.33
-5.0
1.67
-6.0
5.0
4.33
-1.67
1.33
1.33
1.0
1.0
3.0
3.33
1.33
0.67
2.67
1.0
1.67
-1.67
1.0
2.0
8.33
3.0
3.33
2.33
-1.33
3.67
1.67
-3.67
-1.33
-1.67
-0.67
4.0
2.33
1.67
4.67
-1.0
3.67
-1.67
0.33
3.67
1.67
1.33
5.67
3.0
4.0
0.33
-1.0
-1.0
2.33
1.33
4.67
2.67
1.33
-2.33
4.67
-0.67
1.33
1.33
2.67
0.33
0.0
-0.33
-1.33
-6.33
0.67
2.33
4.33
3.0
0.33
0.33
-2.33
-0.33
1.33
1.0
-1.0
-0.67
2.33
-1.0
4.33
-3.0
1.67
0.67
0.33
0.33
-5.33
1.67
-2.0
2.67
-0.67
-1.33
0.67
-2.33
-0.67
5.0
1.33
5.33
-2.67
1.33
4.33
-0.67
0.67
3.0
1.67
-1.33
3.67
1.33
2.67
-0.67
-5.0
4.33
-5.0
0.33
2.0
1.67
-0.67
4.0
4.67
0.0
1.0
5.33
-0.67
-4.0
-1.0
2.33
6.0
3.0
0.33
-2.0
-0.67
1.33
1.33
0.67
0.33
0.0
1.67
4.33
0.33
0.67
-0.33
0.67
-1.67
-1.0
0.67
-5.33
0.33
1.0
1.33
-2.67
-3.0
6.0
-2.0
2.33
0.0
-0.33
1.0
-3.33
4.0
0.0
0.67
3.0
2.0
-0.33
-4.67
3.33
0.33
-2.0
3.0
0.33
6.0
-1.67
0.0
2.67
5.67
0.33
1.33
0.67
6.33
0.33
-2.33
0.33
-1.67
3.0
-1.67
0.0
-1.67
-0.33
-1.67
2.67
2.0
2.33
-0.33
-2.67
-1.0
2.67
4.33
2.0
4.67
-2.33
1.67
1.67
3.67
6.0
-2.33
-1.0
2.33
-6.0
2.0
7.67
3.0
5.67
-1.0
1.67
2.33
3.33
-1.0
-2.33
2.67
7.33
1.67
-0.67
0.33
-2.33
-2.33
5.67
5.33
3.33
1.67
2.33
-0.67
-2.33
-1.0
-1.67
-1.33
0.67
0.33
1.33
-0.33
-0.33
0.67
0.33
7.0
2.33
-1.0
-1.67
0.67
3.0
4.0
-1.0
1.0
-0.33
2.33
7.67
2.0
0.67
2.0
3.0
-2.67
4.33
3.67
-0.67
0.67
1.33
1.67
1.33
2.33
1.67
4.0
4.33
0.33
-1.33
-4.67
1.0
-1.33
0.0
-2.67
-5.0
-0.33
0.0
1.0
3.67
-4.67
0.0
4.33
3.33
2.33
-3.33
-5.33
-2.33
1.33
1.33
2.0
-0.67
-1.33
-7.0
-3.33
2.33
-1.33
2.67
-3.33
-1.67
0.0
3.0
0.33
-0.67
1.0
1.33
1.67
-7.0
1.67
-2.33
-5.0
-2.33
1.67
-2.0
0.0
3.0
7.33
-3.33
-0.33
2.0
1.33
1.67
4.0
0.67
-2.0
7.33
-11.33
-5.33
-6.0
-4.33
-1.67
3.0
2.67
10.33
9.0
2.67
-0.33
-1.67
-1.0
2.0
-2.0
1.67
2.0
1.67
4.33
7.0
0.67
3.33
2.33
-6.67
-0.67
5.67
-2.0
4.0
-0.67
3.67
3.67
11.67
4.33
1.33
3.0
3.33
5.33
2.0
2.0
-2.67
-1.67
-1.0
1.33
-3.67
-1.0
2.0
0.33
-4.0
1.67
-0.67
1.33
-1.0
1.67
2.33
-1.67
-2.33
9.0
-0.33
4.33
5.67
-3.33
2.33
-1.33
0.0
2.67
2.33
6.0
-4.0
0.33
8.67
9.0
5.33
-1.33
-0.67
2.33
6.67
3.0
-1.0
4.0
5.67
-1.0
-0.33
6.67
-1.67
0.0
4.33
3.67
3.67
1.0
7.0
3.33
4.67
1.0
3.33
-3.67
8.0
5.0
2.33
8.33
-0.33
3.0
8.67
-2.0
8.67
0.67
10.0
6.33
2.67
7.0
2.67
11.33
3.67
3.0
-0.67
8.33
2.33
4.33
3.0
6.67
-2.67
5.0
3.67
0.33
0.0
8.67
6.0
-0.67
12.0
9.67
4.67
1.33
13.33
1.0
5.33
13.67
6.67
13.67
5.0
7.33
8.67
14.33
7.33
5.0
5.67
13.0
5.33
3.0
2.67
15.0
10.67
6.67
10.33
6.33
5.0
9.33
10.0
10.33
14.0
16.67
19.0
15.67
17.67
14.0
12.67
26.67
21.33
16.0
29.33
18.67
9.0
24.0
30.33
9.0
17.33
16.33
14.33
16.33
16.67
20.0
6.67
5.67
7.67
5.67
13.0
3.33
10.0
8.33
8.0
15.67
8.67
-1.0
4.33
12.67
5.67
11.0
3.33
16.0
3.67
11.0
4.0
13.33
6.67
14.0
18.33
24.33
18.67
14.0
42.0
20.0
10.67
17.33
24.0
16.0
18.33
17.0
15.33
19.0
22.0
20.33
16.33
14.67
14.0
10.67
7.0
13.0
18.33
0.67
12.33
6.33
10.67
11.33
10.67
7.33
9.33
6.67
-0.67
10.0
13.0
4.33
12.0
9.33
21.33
2.0
14.67
22.33
0.0
11.0
10.33
12.0
10.33
5.33
13.67
13.67
16.33
12.0
21.67
15.33
20.33
11.0
25.33
15.33
7.0
11.67
10.33
19.67
7.0
11.67
5.67
12.67
19.67
18.33
13.33
16.33
14.0
17.33
14.33
25.0
10.0
20.33
18.33
16.33
21.67
27.33
18.0
15.67
15.67
15.67
26.33
18.67
26.0
21.0
11.67
24.33
20.0
18.67
17.33
13.33
5.33
18.33
16.33
14.0
13.67
14.67
15.67
11.33
8.0
7.33
22.33
13.0
26.33
15.33
14.0
14.0
28.33
15.33
16.33
24.33
27.67
19.0
19.0
27.33
20.0
29.0
22.67
17.67
22.67
28.0
35.33
18.0
11.67
22.33
8.33
19.67
16.33
18.0
15.0
16.0
16.33
9.0
8.67
14.67
6.0
5.0
5.33
9.67
12.0
0.67
10.0
0.33
12.67
14.0
9.0
6.0
12.67
9.33
21.33
10.0
19.33
18.33
26.33
27.0
26.67
24.33
43.67
40.67
31.67
40.33
65.0
55.33
56.33
41.33
27.67
51.0
27.67
26.67
24.67
15.67
25.67
24.0
13.67
22.67
9.33
4.0
11.67
3.0
5.0
17.33
3.0
14.33
7.33
0.67
7.0
-1.0
17.33
10.67
12.33
8.33
16.0
10.0
4.33
28.0
28.0
8.0
25.67
18.67
20.33
16.67
22.33
13.67
29.33
12.33
43.33
22.33
28.0
31.33
37.67
39.67
27.33
36.33
46.67
48.33
51.33
44.33
49.33
48.33
45.0
48.33
41.67
38.33
42.0
34.67
39.67
32.67
42.33
34.0
21.0
15.67
23.0
14.0
13.33
14.0
4.67
14.67
21.0
15.33
22.0
14.33
2.67
14.67
12.0
27.67
25.67
28.0
32.33
39.0
34.0
34.0
34.33
43.33
34.0
40.67
46.0
49.33
51.33
47.33
52.67
52.0
74.33
73.0
70.33
75.0
63.67
80.33
59.0
69.33
74.0
96.67
57.33
49.67
48.33
63.0
48.33
61.0
26.0
26.33
28.33
29.67
24.0
30.0
21.33
21.67
20.67
9.67
19.0
20.67
23.0
11.67
12.0
18.0
16.33
15.0
22.67
16.67
7.67
8.0
2.33
13.33
3.67
12.67
12.33
2.67
9.33
10.67
10.33
5.67
3.33
6.33
2.67
2.67
12.67
9.0
7.67
0.0
9.33
10.67
9.67
8.0
-4.67
6.0
11.33
11.0
12.33
11.0
7.0
5.67
18.67
6.0
12.33
20.67
21.67
15.67
20.0
6.0
11.33
11.33
21.33
25.67
11.67
6.67
6.67
29.0
14.67
12.33
16.0
19.67
14.67
6.0
27.33
3.67
25.67
25.33
22.33
16.67
13.0
6.33
12.0
10.33
5.33
11.0
16.67
26.67
31.0
11.0
18.33
12.33
20.67
20.0
18.0
18.33
29.67
27.0
26.67
32.33
26.0
22.0
16.33
37.33
22.0
28.67
22.0
29.67
13.33
23.33
22.0
28.67
27.0
10.0
19.33
9.0
7.67
0.0
23.33
2.0
8.0
4.33
1.33
10.0
13.67
9.67
1.33
15.0
11.33
-4.0
22.33
6.67
7.33
14.0
4.33
-7.33
4.33
6.0
14.67
7.33
8.0
11.33
5.0
6.33
6.33
13.33
8.33
8.0
3.33
5.33
11.67
5.33
2.0
22.0
13.67
11.33
8.0
15.67
7.0
6.33
9.0
9.0
8.33
5.0
-7.67
-7.67
1.0
6.33
13.33
6.33
7.67
12.0
-1.0
3.0
13.33
13.67
14.0
12.0
14.67
-1.67
2.0
9.67
3.67
8.33
8.67
17.67
11.67
5.67
12.67
7.0
6.0
16.67
-4.67
5.33
4.33
7.0
17.33
0.0
13.33
5.33
7.67
8.67
7.67
9.67
3.0
17.0
10.33
9.67
7.67
9.67
19.67
12.67
20.0
-5.33
-3.33
-1.0
5.67
5.0
4.67
-5.33
7.67
7.0
9.0
1.67
3.33
4.0
4.0
2.67
5.33
10.67
11.0
10.0
4.0
8.33
6.67
15.33
5.0
-1.67
3.0
5.0
7.0
13.33
12.67
1.67
14.0
11.33
5.67
15.0
2.0
2.67
-2.0
3.67
-7.33
6.0
9.67
5.33
17.0
10.33
-0.33
11.67
17.67
2.33
7.67
0.67
19.67
17.67
6.67
-4.0
8.0
-6.0
2.33
0.33
12.33
20.67
10.67
6.0
0.33
4.33
8.67
19.67
2.67
10.67
13.67
8.33
5.0
19.0
9.67
8.0
16.33
-4.67
8.0
4.33
6.33
6.67
11.67
7.67
-0.67
5.0
15.67
16.67
2.67
19.0
11.0
16.67
7.33
11.33
8.0
10.0
21.67
9.0
7.0
13.67
10.33
5.0
14.67
19.67
22.0
14.67
8.33
18.67
3.33
11.33
10.33
3.33
8.67
4.67
5.67
4.67
10.67
1.67
13.67
20.33
5.67
14.67
6.33
13.33
9.67
-0.67
-2.0
9.0
10.67
8.33
0.33
11.0
-1.67
12.67
10.67
2.67
5.67
1.0
2.33
15.0
12.67
11.0
13.67
13.0
17.33
4.33
15.0
13.0
9.0
3.33
22.0
-3.67
10.67
26.0
7.0
19.67
2.0
3.33
12.33
14.33
13.33
-0.33
0.33
5.67
5.0
15.0
5.0
-1.67
-2.33
-4.0
8.67
2.67
3.33
4.0
4.33
0.0
-1.33
9.33
9.67
1.0
6.67
-0.33
9.67
2.0
0.0
3.67
1.33
-5.0
4.33
1.0
3.67
1.33
6.0
3.33
-9.0
2.0
8.0
10.33
5.67
6.33
-5.67
3.0
4.67
-2.0
2.67
7.0
-1.0
6.33
1.67
5.0
9.0
11.67
-0.33
-2.0
12.0
4.67
6.67
13.33
1.33
5.0
-8.67
7.33
-1.0
5.33
7.67
9.0
9.33
4.33
3.33
7.67
12.0
-3.67
2.67
3.0
-3.33
5.0
6.33
4.33
-0.33
3.67
-5.0
3.33
6.33
-4.33
5.67
2.33
10.33
-3.33
3.33
1.0
2.0
-5.0
1.67
16.0
7.67
16.33
10.67
0.67
0.33
7.33
1.0
6.67
-6.33
7.67
2.67
-1.33
4.33
0.33
10.33
14.0
10.67
2.33
-8.33
1.67
2.67
15.0
7.0
3.0
12.0
7.67
-2.33
-0.67
-3.67
6.33
-2.0
8.33
-0.67
0.67
8.67
3.67
-3.67
10.33
12.67
-1.33
9.67
2.33
-4.0
9.0
6.0
0.0
1.33
4.0
-2.33
1.67
3.33
2.33
-4.0
10.0
-3.0
-3.33
3.0
0.67
8.0
-3.67
5.67
-3.67
-0.67
6.67
15.67
-0.67
-4.67
8.33
2.0
12.67
6.33
2.0
8.33
10.0
3.0
5.33
0.33
0.33
6.67
5.67
4.0
-2.0
3.67
-0.33
8.0
2.67
-2.67
-2.67
-6.67
5.0
1.67
7.0
7.33
-4.0
6.0
10.67
2.67
4.67
4.67
-1.33
7.33
6.0
2.0
8.67
4.0
6.33
2.67
4.0
3.0
5.67
8.33
9.0
4.33
12.0
1.33
4.33
6.67
1.33
-0.33
-1.33
4.67
5.33
-5.0
8.33
-2.67
3.67
13.67
4.67
-2.0
-5.0
3.0
5.33
2.0
3.0
4.67
0.33
1.67
2.0
2.0
9.33
3.67
-5.0
4.67
8.67
6.33
0.0
1.33
-2.33
3.33
-2.0
8.67
3.67
4.67
4.0
-1.33
-0.67
-1.33
0.67
-1.67
0.0
9.33
1.67
-1.33
-2.67
8.0
9.33
2.67
2.0
5.67
-1.0
-2.67
5.33
5.33
4.33
-2.0
-1.33
2.0
9.0
1.67
8.33
5.0
6.0
11.67
-2.33
5.67
-6.0
5.67
9.0
3.67
12.33
5.33
4.0
1.67
-2.0
-5.33
5.0
-0.67
4.67
6.33
4.0
2.33
1.67
-4.67
3.0
2.67
-1.33
-3.67
5.0
2.67
2.67
3.67
1.33
4.67
2.33
1.0
-3.33
7.0
0.0
10.67
5.0
1.0
5.33
-1.0
-4.33
2.67
6.0
3.67
-1.33
-2.33
-2.67
9.0
3.67
-4.33
2.33
9.67
3.67
-0.67
5.67
0.67
7.67
10.0
1.33
6.33
4.0
2.67
5.0
3.0
6.0
2.67
2.67
-2.33
-1.0
3.67
1.67
0.67
2.0
6.33
5.0
7.67
-4.67
-4.67
4.0
7.67
0.67
4.67
1.0
0.67
2.33
4.0
1.67
4.0
0.0
-1.67
9.0
0.33
-3.67
2.0
3.33
-1.67
3.0
-1.33
-0.33
5.0
5.33
9.0
2.0
3.67
7.0
-1.33
4.0
3.67
10.0
0.67
-2.33
6.67
-1.67
8.67
3.33
4.67
4.67
-0.33
4.33
1.0
1.67
5.0
-1.67
-4.33
3.0
-2.33
4.0
0.0
4.0
-3.0
-2.33
-1.67
5.67
7.0
-4.0
8.0
-4.33
-2.0
