0.0
-31.33
28.33
2.0
-94.33
6.0
10.67
-115.67
-26.33
-83.33
-51.67
-64.67
-27.67
0.33
73.33
-20.0
-56.0
-27.33
-12.33
-16.67
-42.67
-23.67
-20.67
-25.33
-12.33
-10.0
-7.0
10.0
-1.67
6.33
-4.0
-1.0
4.67
2.33
-1.67
2.0
2.33
-0.33
0.33
-1.0
0.0
0.0
-0.67
1.67
-0.33
2.0
0.0
0.0
0.0
0.67
0.0
-0.33
1.0
0.33
0.0
0.0
0.0
0.0
0.67
2.0
0.67
0.33
0.67
0.0
0.67
0.0
-0.33
-0.33
1.0
1.67
0.0
0.0
0.33
-1.0
-0.67
-1.0
-1.0
0.33
-0.67
-1.67
0.0
-2.0
0.0
0.0
-1.0
-0.67
-0.67
-0.33
2.0
-1.0
-0.67
-0.33
0.33
1.67
1.0
1.0
1.67
-0.33
0.33
1.33
0.67
-1.0
1.33
-0.33
-1.0
1.67
-1.0
-0.33
1.0
1.67
-1.33
0.0
2.67
-0.33
-1.0
0.0
1.67
-3.67
-1.0
0.0
-1.0
0.33
0.33
-3.67
2.67
-3.0
2.33
1.33
0.67
3.0
-2.0
3.33
-1.67
-2.33
-1.0
3.0
-3.0
1.33
2.0
6.0
3.33
4.0
3.0
6.67
-2.67
3.67
3.33
3.33
-3.33
6.0
6.0
1.0
-4.67
4.0
2.67
1.33
-1.33
4.33
3.67
1.33
-3.67
3.67
4.0
11.67
0.67
1.33
0.0
-1.67
9.33
2.33
2.33
10.67
-5.0
0.33
-1.0
6.33
-2.0
-6.0
-4.33
1.33
8.0
-10.0
-4.33
3.33
-1.0
1.67
5.33
2.67
-4.0
1.0
3.67
0.67
9.67
-1.67
3.0
3.0
6.0
7.0
4.67
6.67
4.33
3.33
3.33
0.0
4.33
8.0
2.0
4.33
3.33
-2.67
7.0
3.0
6.67
4.0
5.33
0.0
7.67
-0.33
3.67
1.0
2.67
5.33
3.33
-1.67
6.33
-3.33
0.67
6.0
5.0
1.67
6.67
2.0
3.0
6.67
-0.67
0.0
7.67
1.0
-2.33
3.67
-2.67
9.67
-0.33
-3.33
11.67
2.0
2.67
7.33
-3.67
1.67
13.33
2.33
3.67
2.0
2.67
3.0
9.67
2.67
-0.33
-0.33
2.67
1.33
-2.33
8.67
1.0
5.33
1.0
5.67
1.67
0.0
3.33
1.0
-2.67
1.0
1.33
7.0
-1.33
2.33
-1.0
-1.0
6.0
-7.33
4.0
3.67
11.33
2.67
-1.67
3.0
-3.67
4.33
7.33
4.33
-2.33
5.33
2.67
-1.33
-3.67
-0.33
10.67
8.67
10.0
2.33
3.67
3.67
-3.33
6.0
0.0
1.0
1.0
3.67
0.33
-2.33
13.33
6.67
5.0
-3.33
1.33
8.33
-3.33
-3.67
4.33
4.33
2.67
8.0
0.33
-3.67
1.0
-0.33
-1.0
-2.67
3.0
-0.67
1.0
-1.67
3.0
2.33
-2.67
3.67
1.0
1.0
-0.33
8.33
4.0
-0.67
1.67
6.0
0.67
-1.0
4.67
2.33
7.33
6.33
-4.0
5.0
6.33
2.67
-3.33
0.0
-0.67
4.33
-0.67
6.0
4.0
1.67
-2.33
-2.67
1.0
-3.67
6.33
2.33
1.33
-2.33
3.0
-2.0
-1.33
-6.67
-7.0
-3.67
5.33
-0.67
2.67
-3.67
-1.0
7.0
0.33
4.67
9.67
9.67
7.0
2.33
0.33
6.0
-2.33
-3.33
2.67
10.67
2.33
-1.67
-5.67
3.0
4.33
1.0
2.33
1.67
-1.0
-0.33
-1.0
4.33
0.0
0.67
-0.33
0.33
1.0
1.33
5.0
2.67
-2.33
-0.67
-0.33
2.67
-4.0
2.67
1.67
5.67
-3.67
-4.0
1.0
0.67
4.67
-3.67
5.0
5.33
0.0
-0.33
0.33
1.67
-8.0
3.67
5.33
-0.33
8.33
4.0
-3.33
5.0
2.0
0.33
5.33
-8.33
3.0
3.0
-4.67
8.33
2.0
-1.33
1.0
-1.0
3.33
-1.67
-4.67
0.33
2.0
4.0
0.0
3.33
-1.67
1.67
4.67
-2.0
2.67
2.33
-2.0
1.0
0.33
1.0
2.33
4.33
-6.33
7.67
-0.33
5.33
-0.33
3.33
0.33
-2.0
7.33
2.67
-1.33
5.0
2.67
-4.67
-1.67
1.67
2.67
0.33
0.67
1.0
2.0
1.33
7.0
-1.0
0.33
-5.67
-1.33
3.67
-1.67
-2.33
0.67
1.33
-2.67
-1.67
2.67
-2.67
-3.0
-0.33
-0.33
0.67
-3.33
0.33
1.33
1.0
-5.67
1.33
-1.33
-1.33
-1.67
0.0
1.0
2.33
-0.67
4.0
0.33
-2.0
-2.33
1.67
0.33
-3.67
-3.33
-1.33
2.0
0.67
-0.67
-4.33
-5.33
-3.33
-0.67
2.0
4.33
1.33
0.33
1.33
0.33
-0.67
-4.33
-2.0
1.67
-2.33
1.67
3.33
-2.33
-3.67
-1.0
3.33
-2.0
2.33
0.0
-0.33
-2.67
4.0
1.67
3.0
7.0
3.33
-0.67
0.0
0.0
-2.67
-2.0
-3.0
1.33
-3.0
-3.67
4.33
1.33
1.67
0.33
-2.0
0.67
2.33
4.33
-4.33
5.67
2.67
0.33
4.0
0.67
1.67
2.33
3.0
-1.67
3.33
-2.0
2.0
-4.0
-0.67
-1.0
3.67
-2.0
-1.33
2.0
1.0
2.67
2.0
-2.0
-0.33
-4.67
0.33
2.33
-2.0
4.0
-0.67
2.0
-2.67
2.0
0.67
2.67
-2.67
4.33
4.67
3.33
-2.67
-0.33
7.33
1.33
-6.0
-2.67
-1.0
-5.67
-3.33
4.33
-0.33
4.0
-1.67
-1.33
4.33
2.0
2.67
-1.67
-2.0
2.67
-2.33
-0.33
0.67
0.67
1.0
0.67
2.0
1.33
2.0
1.0
0.67
-4.0
7.67
0.0
-2.33
-4.67
3.33
3.0
-4.33
2.67
-2.67
5.67
0.33
6.33
4.67
-2.33
5.67
4.33
-2.67
-2.33
0.33
4.33
3.67
4.0
-3.67
-1.33
1.67
4.33
0.33
6.67
2.67
-1.33
3.33
3.0
0.33
-5.0
-2.67
1.67
6.0
3.0
2.0
3.0
1.67
5.33
4.67
7.0
0.67
2.0
0.0
-2.67
2.33
-1.33
3.33
0.67
-1.67
6.67
-3.67
-0.67
1.67
-5.0
-0.67
2.33
0.67
3.33
3.0
-0.33
3.0
-1.67
7.0
-1.33
-1.0
0.0
-0.33
-1.67
2.0
-0.67
0.33
-3.67
2.67
-0.33
-2.33
1.33
-2.67
-2.0
4.33
-4.33
-2.0
-2.33
7.33
-7.33
0.67
-1.33
0.33
-1.0
1.0
0.33
3.33
-2.0
-0.67
4.67
-5.0
2.67
5.67
-3.0
2.67
6.67
0.0
-3.0
3.0
9.33
-2.33
-4.33
10.0
8.33
-1.33
3.0
-2.33
-4.0
0.33
-2.33
-7.33
-1.0
-1.33
-5.67
8.0
-1.33
0.33
2.0
-4.33
6.67
-0.67
6.0
4.0
-4.0
7.67
1.0
4.67
4.33
2.0
-0.33
4.33
0.33
1.33
7.33
2.67
10.0
16.0
-2.67
-2.33
1.67
-1.33
9.33
2.33
4.0
-4.67
11.33
0.0
8.0
-2.67
2.33
6.0
8.33
5.33
5.0
1.0
1.33
3.0
1.67
8.33
7.33
8.0
4.67
4.33
-0.67
6.67
4.0
11.67
4.33
-2.33
0.67
5.33
-3.33
5.0
4.67
9.33
6.0
-5.0
1.33
2.67
3.0
0.33
7.67
0.33
4.33
16.67
-5.0
2.0
5.0
8.67
-3.0
5.67
6.67
0.33
2.0
-0.67
10.67
-0.33
4.0
7.0
8.33
18.67
-1.0
2.33
4.33
2.0
5.0
2.33
4.33
11.67
6.0
8.67
7.0
12.67
8.67
5.0
3.33
4.67
6.0
2.67
8.33
-0.33
12.0
11.33
11.33
0.33
12.33
-1.0
8.67
9.33
17.0
11.67
3.33
8.0
2.67
4.0
8.33
0.0
13.67
3.67
6.33
8.33
10.0
3.33
8.67
2.67
0.67
3.0
9.33
1.67
9.33
6.33
2.0
11.67
5.0
0.33
14.0
15.67
10.0
4.67
11.67
11.33
10.33
15.0
18.33
21.0
13.33
22.0
10.67
23.0
29.67
23.67
22.0
35.67
30.67
29.33
17.0
17.33
25.67
32.0
18.0
28.33
28.0
25.33
5.33
13.33
13.33
18.67
6.0
14.67
4.67
10.67
2.67
-4.0
3.33
14.0
0.33
13.0
7.67
10.67
5.0
10.33
3.67
15.67
14.0
17.33
16.0
17.67
28.0
18.0
26.33
26.67
23.0
27.33
40.33
40.67
50.0
46.0
46.0
29.67
37.33
40.0
29.0
20.33
18.0
24.33
19.0
18.0
28.33
20.33
27.67
17.0
13.67
13.0
11.0
23.33
6.67
10.33
5.33
12.67
12.33
5.67
8.33
7.33
11.67
9.33
17.0
16.0
5.33
11.0
15.33
7.33
12.0
16.67
13.33
11.0
11.0
14.33
8.0
15.33
7.33
12.67
5.67
23.33
5.0
28.67
30.33
24.33
24.0
21.33
17.33
19.0
20.67
22.33
24.67
10.0
23.67
17.67
14.67
33.67
30.33
29.33
25.33
28.0
31.33
32.33
28.0
39.0
32.33
49.33
53.33
34.67
47.33
38.0
52.67
43.67
40.67
38.33
44.67
30.0
26.0
47.67
33.33
39.0
28.67
46.33
37.33
41.33
23.33
50.33
47.0
48.67
43.67
37.67
46.33
61.0
64.33
63.33
47.0
55.33
58.33
51.0
47.0
25.33
37.33
36.33
42.33
43.67
29.0
22.0
39.33
28.0
23.0
26.67
15.67
15.67
13.0
23.33
14.0
19.67
15.33
9.33
4.67
15.33
9.0
8.0
13.0
15.33
20.0
16.67
8.67
19.0
6.0
11.33
24.67
11.0
6.67
14.0
4.33
16.67
9.0
8.0
20.0
15.67
13.33
15.33
17.0
27.33
7.33
6.33
13.0
17.67
15.33
9.67
14.67
1.67
7.33
11.0
26.33
12.33
21.33
14.67
24.0
29.67
23.67
19.67
16.67
21.67
16.0
16.67
13.67
16.33
11.0
19.67
11.0
12.0
19.33
16.0
18.33
18.33
10.67
15.0
7.0
14.33
26.67
20.33
31.33
27.0
37.0
20.33
26.0
28.0
24.0
35.67
48.67
42.33
39.67
56.33
45.67
32.33
36.33
59.33
71.33
53.0
67.33
67.67
62.67
55.33
52.33
42.67
65.33
48.33
73.33
47.33
47.33
44.0
34.33
41.67
29.33
21.0
28.67
16.67
24.67
26.33
8.0
20.0
8.67
13.0
20.0
8.33
10.0
14.67
16.67
23.0
22.33
27.0
20.33
8.67
24.67
28.0
15.67
17.67
37.0
24.33
38.0
36.0
33.0
33.33
25.33
27.0
35.67
37.0
44.33
29.33
45.33
30.67
53.0
59.33
51.0
54.33
46.0
60.67
44.33
21.0
45.33
37.0
39.67
36.33
34.67
38.33
29.0
33.33
41.0
32.0
31.33
29.33
36.67
31.0
23.0
25.33
29.67
31.67
27.67
38.0
23.67
26.0
17.67
16.0
19.0
16.33
13.0
11.67
12.67
11.67
5.0
9.33
10.33
9.67
9.67
20.33
5.67
19.33
26.67
12.33
11.67
19.33
7.33
8.67
0.67
7.67
17.0
4.67
11.0
16.33
7.67
8.67
26.0
13.33
10.0
16.33
18.0
13.33
23.0
21.0
13.67
17.67
16.0
17.33
24.67
21.67
21.67
19.0
16.0
21.33
22.33
18.33
15.67
20.67
3.67
10.67
27.0
23.67
31.33
17.0
17.67
20.67
33.0
34.33
11.67
37.67
18.33
25.33
24.67
13.0
5.33
4.0
9.33
1.33
14.0
9.67
14.67
27.0
15.0
27.33
19.33
27.67
15.0
32.0
24.33
10.67
21.0
19.67
13.33
17.0
24.0
12.33
28.33
14.0
15.67
25.0
29.67
28.33
17.33
14.0
28.67
31.0
17.0
13.33
23.0
11.67
19.0
9.33
13.0
12.0
14.33
12.33
4.0
12.67
12.67
10.33
7.0
11.33
14.0
25.33
10.67
3.33
4.0
5.33
6.67
-0.67
-1.0
6.67
12.33
9.0
18.33
21.0
16.33
16.33
12.33
11.33
12.0
6.33
4.33
9.67
-2.67
10.0
11.0
12.67
13.33
9.0
13.67
6.0
7.33
14.0
10.0
6.33
24.0
2.33
1.33
-1.0
7.33
17.33
0.33
11.67
22.0
-2.0
4.0
8.33
7.67
17.0
11.0
2.67
5.33
-4.0
20.67
11.67
15.33
19.67
4.67
8.67
11.67
3.67
-1.0
15.0
1.67
16.33
13.33
9.33
18.0
10.33
-2.0
12.33
4.33
5.67
4.67
9.67
4.67
11.0
6.0
14.33
3.67
-1.33
28.67
20.67
8.67
12.0
8.67
-0.33
11.0
8.67
14.0
6.67
-4.33
10.67
7.0
10.0
6.67
18.33
4.0
12.0
3.67
9.33
12.67
9.0
8.0
3.0
10.33
7.67
4.33
3.0
1.33
8.0
2.0
10.0
5.33
8.67
8.67
13.0
15.33
11.67
6.0
6.0
10.67
8.0
10.67
4.67
10.0
1.67
8.33
11.0
17.33
-0.33
12.67
6.67
4.33
-8.33
13.67
9.67
15.67
-3.33
4.0
25.0
3.0
11.33
-1.67
6.33
4.67
5.67
0.0
8.33
14.33
-1.33
24.67
-0.33
10.67
25.67
4.33
18.0
24.0
14.67
10.0
12.33
8.33
23.0
19.33
8.33
23.67
16.67
9.67
2.33
11.0
15.67
34.67
1.67
15.0
14.0
11.67
-5.67
13.33
-5.0
17.0
13.67
8.0
10.0
-4.33
10.33
1.0
13.67
12.67
7.0
8.67
7.33
18.67
13.33
1.33
21.33
9.33
18.67
5.67
6.67
17.67
-1.33
8.67
9.67
30.33
20.67
12.67
10.33
-2.67
-2.33
15.33
21.0
3.0
6.67
15.33
4.33
6.0
11.33
6.67
13.67
22.67
2.67
10.0
4.33
-7.0
14.67
14.0
8.67
12.0
1.33
1.33
18.0
4.0
9.0
3.33
17.0
1.33
10.67
9.0
21.0
13.67
14.0
10.33
8.33
10.33
-0.67
11.67
-4.67
14.67
9.0
12.0
10.0
-2.67
0.67
-1.0
-0.33
-4.33
7.33
8.0
-2.67
1.0
-1.33
8.33
7.67
7.0
-1.33
12.67
6.67
9.0
0.0
4.67
1.33
-1.0
-2.67
1.0
2.67
8.33
-2.0
2.33
-2.0
4.0
11.0
-1.67
9.67
2.33
4.33
1.0
6.67
-6.0
4.67
-6.0
-9.0
4.33
-1.33
9.0
5.0
6.67
14.67
-2.0
2.0
4.67
1.67
14.33
7.33
4.0
-8.67
-3.67
0.0
8.33
9.67
-6.0
18.33
7.33
11.33
1.67
4.0
6.33
-2.33
-2.0
1.67
5.0
0.33
-1.67
0.67
0.67
10.0
8.33
-0.67
6.67
7.67
7.33
4.33
-1.33
-5.67
4.0
-1.0
-3.0
6.67
10.0
-3.33
7.33
-12.33
-3.33
6.33
4.33
1.0
1.67
-2.33
3.67
6.67
10.67
4.33
10.33
-0.67
2.0
4.67
2.33
7.67
-6.33
2.67
8.0
3.0
1.0
11.0
0.67
-2.33
0.33
3.33
10.33
10.0
16.33
5.33
-1.33
9.67
-0.33
9.33
12.33
-4.33
-6.33
3.67
6.33
-6.0
15.0
5.0
5.0
0.33
12.0
-0.33
1.67
-0.67
8.33
3.0
-4.0
2.0
0.67
8.0
-0.33
-5.0
1.33
0.67
-0.67
4.33
9.67
8.67
5.33
9.33
3.33
2.0
1.67
15.33
3.0
0.33
7.0
0.0
9.33
-6.67
-1.67
5.67
1.67
5.0
-3.0
-1.33
3.67
15.0
3.67
0.33
4.33
-7.67
3.0
5.67
-1.0
-1.67
2.0
4.0
7.67
9.67
-0.33
4.67
9.67
3.33
-1.0
5.0
6.67
2.0
10.33
4.67
0.0
4.0
2.67
1.33
1.0
6.33
3.0
11.33
-0.67
1.67
3.33
-0.33
4.67
8.67
0.33
7.0
-1.67
0.33
-1.33
7.67
0.67
-4.0
0.0
7.0
8.33
2.0
9.0
0.67
13.33
1.67
7.0
2.0
2.33
0.67
8.0
-1.33
3.67
5.33
7.0
7.33
-0.33
2.33
2.0
1.67
4.67
9.67
1.0
2.67
5.33
-7.33
3.67
-1.67
3.0
1.33
7.67
-5.33
4.33
8.0
-4.67
-1.33
1.0
4.67
9.0
0.33
8.33
4.33
-1.67
1.0
-0.33
0.0
7.0
-0.33
6.33
12.0
10.0
5.67
11.67
8.67
-3.0
0.67
11.0
1.67
0.33
8.33
-1.0
-4.33
1.0
3.67
2.0
3.33
1.67
7.33
-2.0
3.33
4.67
-2.67
-2.0
-1.33
6.67
1.33
1.0
4.67
-4.33
-3.33
0.33
1.67
3.33
11.0
-6.33
6.0
5.0
10.67
3.0
-4.0
1.33
-3.0
-4.33
-1.33
2.0
1.67
2.67
1.67
2.33
3.0
-2.33
0.67
2.33
5.67
-4.33
-8.67
-1.33
-0.33
3.67
1.0
2.33
-1.67
-3.0
2.67
-2.0
-1.0
0.0
0.67
2.67
0.67
0.0
-1.33
7.67
1.67
-6.0
2.33
5.0
-3.33
2.33
-0.67
1.0
1.67
-3.33
0.67
8.0
0.67
-2.67
3.0
8.67
3.0
-4.0
0.33
5.0
0.33
-1.67
-1.0
-3.67
-0.67
-1.0
-1.33
0.67
-1.0
-1.67
1.0
8.0
0.67
6.0
1.67
0.0
-1.33
8.0
1.67
10.67
0.67
-0.67
3.67
2.33
-3.33
-0.33
-0.33
0.33
0.0
0.67
5.0
-0.67
1.67
4.0
0.67
0.0
2.0
4.0
1.0
-2.33
-2.67
6.67
0.0
-3.0
-1.0
0.67
4.0
