0.0
46.0
-53.0
-23.33
52.67
62.67
122.67
88.67
127.67
53.67
27.67
48.67
9.33
33.67
-50.33
42.33
-32.33
-26.0
-44.33
20.33
14.0
-17.0
29.33
10.0
3.33
-21.67
26.33
-0.33
-3.33
-5.33
-5.0
7.0
-1.0
0.0
-5.0
-2.67
4.33
0.33
2.0
-0.33
1.33
1.67
-0.33
0.67
-1.0
-1.0
0.0
0.0
0.0
-0.67
-0.33
0.67
-0.33
1.0
0.0
0.0
0.0
-0.67
-0.33
-0.33
2.0
-0.67
0.0
0.0
-1.0
1.67
0.0
1.0
0.0
-0.33
-0.33
0.33
-1.0
-0.67
-0.67
2.0
-0.33
0.67
-1.0
0.0
-0.33
2.0
0.0
0.0
0.0
0.33
-0.33
0.33
0.33
1.67
-0.33
1.0
-0.33
1.0
1.67
1.0
0.0
1.33
0.0
-2.0
0.67
-0.67
0.67
-2.0
-1.67
1.0
0.33
-0.33
-0.67
0.33
-0.33
2.67
-0.33
-2.67
-2.33
0.0
0.67
-2.33
0.67
2.67
-2.33
-2.33
-2.33
1.33
-2.0
-2.0
-2.0
-2.67
-0.33
-3.33
-0.33
-3.33
-0.33
4.0
2.33
1.33
-0.67
3.67
-2.0
-1.33
-1.0
1.33
1.33
1.67
0.67
3.33
1.0
1.33
4.0
7.0
11.0
4.67
-0.67
4.0
2.33
-7.67
7.67
7.0
2.67
2.33
1.67
0.33
-3.33
0.0
0.0
2.0
0.33
-1.67
2.0
-0.33
-6.67
-3.33
8.33
-6.0
0.67
7.0
3.0
5.33
3.0
-1.67
-0.67
-1.33
2.67
-1.33
-6.67
-3.33
8.0
2.67
-1.33
-0.33
4.0
14.33
-6.67
-7.0
-3.0
1.67
-8.33
7.0
13.67
-3.33
1.33
8.67
4.33
6.0
-3.0
1.33
-6.67
2.0
-2.67
-0.67
-1.33
0.67
5.67
-3.33
-2.67
-1.0
1.33
-8.33
-1.67
2.33
1.33
9.67
3.33
7.33
5.67
-3.33
8.33
2.67
4.67
-1.67
4.0
-5.33
5.33
1.67
3.0
0.33
3.0
-0.33
8.33
0.33
2.33
3.67
-1.0
-4.33
4.33
-1.33
5.67
8.0
-4.33
7.0
3.0
-1.33
-2.33
-2.33
-1.33
1.67
-0.67
-1.0
-1.33
0.0
1.33
6.67
1.0
3.33
6.33
2.33
-3.33
3.67
0.0
0.67
4.33
1.67
6.0
-1.0
0.0
-1.0
7.67
6.33
2.67
0.33
-1.0
0.0
6.33
0.67
1.33
-9.0
4.67
-3.67
1.67
-7.0
3.33
-1.67
3.33
-1.0
7.0
-3.67
0.33
0.33
0.67
-0.67
0.33
3.33
9.33
4.0
4.67
4.0
1.0
1.33
-2.0
1.33
-3.0
-1.0
3.0
2.33
6.67
-4.0
4.33
6.67
-0.33
-1.33
2.33
-1.33
-1.0
-0.67
2.67
8.33
8.0
3.67
-6.33
0.33
1.33
0.0
4.33
3.0
9.67
0.0
0.33
13.67
5.67
1.0
-4.0
2.0
2.33
2.33
-0.33
-0.67
-0.67
0.33
0.33
4.67
-0.67
-3.67
0.67
6.67
0.33
1.33
-1.67
-1.0
10.0
-0.33
0.0
1.67
-2.0
0.33
1.0
-2.33
3.67
-4.33
5.33
4.33
-0.67
-4.0
2.33
-7.67
8.33
4.67
4.0
1.33
5.33
4.67
4.0
0.0
-1.0
-0.33
4.33
-1.0
6.67
-1.0
-4.33
3.33
0.67
1.67
3.33
3.67
-2.0
-4.33
0.0
3.0
-4.33
-0.33
-2.67
-1.0
-1.0
4.0
2.33
0.33
1.67
-1.0
-10.33
0.33
-1.33
2.67
4.33
5.67
6.33
0.67
7.33
3.33
-3.0
-2.67
1.0
-6.33
-3.33
-0.33
0.67
-2.0
-0.33
0.33
9.33
-0.67
6.67
1.0
4.33
6.33
2.33
-3.33
2.33
4.67
-0.33
-2.33
-4.0
-0.33
-2.0
-1.0
0.67
-3.67
-6.0
-1.67
-2.67
-2.0
-0.67
7.0
-0.33
2.33
-2.0
5.0
-2.0
2.67
-0.33
4.0
2.67
-1.33
3.0
-3.67
0.67
0.33
7.33
4.0
-2.67
-3.0
-1.0
2.0
7.33
2.0
0.0
-1.67
0.33
2.67
0.0
1.67
-1.0
-2.67
1.0
4.33
-0.33
-4.33
-0.67
-0.67
1.0
0.33
-5.67
3.0
2.0
-4.0
-2.67
-0.67
2.0
-4.0
-0.67
-0.33
3.33
-3.0
-2.0
-2.67
-1.67
-0.67
-3.33
-1.67
-1.0
-1.0
3.33
3.0
-0.67
1.33
0.67
4.0
1.33
1.33
6.33
-2.67
4.67
-0.67
-0.33
-3.0
-2.0
1.0
-1.0
2.0
2.33
3.0
1.67
-3.33
-1.67
0.67
0.33
9.0
1.67
-1.67
0.33
4.33
1.67
-2.0
-4.67
5.0
0.33
-5.67
5.33
2.33
0.33
1.33
-0.67
0.67
-1.67
0.33
0.67
3.0
0.33
-1.0
3.0
-0.33
2.33
0.0
-3.67
8.33
2.67
3.0
1.33
-3.0
4.67
-6.67
-0.33
2.67
2.0
1.67
-1.67
1.67
-1.67
-5.0
-1.33
-0.33
1.33
-3.33
0.33
0.0
3.67
7.33
1.33
1.0
-3.0
0.0
0.67
3.67
-5.0
-1.0
2.33
0.33
-4.0
0.67
2.67
-0.33
-1.0
2.0
-2.67
-8.33
-3.67
2.33
-3.33
-3.0
-2.67
1.0
0.0
-3.33
2.67
-1.67
-3.0
1.67
2.33
-1.33
-4.0
4.67
-0.67
-3.0
-2.67
1.67
1.0
1.33
-0.67
-1.0
-1.67
-3.33
-2.67
-2.0
-4.0
0.0
-1.67
-3.33
-3.33
2.0
-2.0
-3.67
-1.0
2.33
-2.33
-3.0
1.33
-3.67
0.67
-6.0
-3.33
-4.67
-1.67
-5.33
3.0
1.67
-3.67
1.67
1.33
6.0
-5.0
2.33
0.0
3.0
-0.67
2.0
-4.33
-0.33
-8.0
-8.0
1.67
0.0
-0.33
-1.33
1.33
-3.33
-2.33
0.33
2.33
-6.0
0.33
-5.33
-2.67
1.33
-3.67
-6.67
-5.0
-1.0
-2.67
-6.0
1.0
2.67
-1.0
-5.67
0.33
0.33
-1.0
-4.67
-6.0
0.67
-3.33
-6.33
0.0
-1.33
0.0
-1.67
-6.0
-1.33
-7.0
6.67
-4.33
-1.0
-3.67
0.33
-2.67
-6.33
-3.67
0.67
1.33
-3.33
6.67
1.33
-3.33
-2.67
-4.33
-7.67
-2.67
-1.33
-1.33
3.33
0.67
-7.67
-3.67
-8.33
0.0
-5.33
-5.0
-7.33
-2.0
-4.67
-9.0
2.0
-10.0
-3.67
-8.67
-2.33
-1.67
-6.33
-9.33
-5.0
-6.67
-4.67
-3.0
1.33
-0.33
-3.0
-8.67
-2.67
-6.0
-6.33
-6.33
-4.0
-10.0
-0.33
-1.33
-1.67
-12.0
-8.33
-5.0
-4.67
-3.67
-1.33
-1.0
-3.0
0.0
-3.0
-8.0
3.0
-6.0
-10.0
1.67
-0.67
-7.0
4.67
-7.67
-9.33
2.33
-2.67
-0.67
-5.67
1.0
-5.0
1.0
-3.0
-3.67
9.0
2.67
10.0
-2.67
5.67
2.33
1.67
6.67
2.33
15.33
16.67
10.33
15.67
19.67
18.0
22.33
26.33
45.67
20.33
45.33
47.67
34.0
31.33
38.33
23.33
24.67
31.0
23.33
20.0
21.0
11.0
8.33
14.33
2.0
8.0
0.67
4.67
6.0
2.67
-4.0
0.67
1.67
2.0
0.33
-7.0
1.67
-8.0
-4.33
-3.67
-6.67
6.33
-3.0
-5.0
-5.33
-1.67
-3.67
1.0
-0.33
-7.33
-1.0
-5.67
0.67
-4.67
-1.67
-9.67
-6.67
-7.0
-9.67
-5.33
-9.67
-6.0
-1.0
-8.67
-4.67
-5.0
-7.33
-7.0
-2.0
-0.67
-7.67
-7.33
-4.0
-5.33
-0.33
-1.0
-6.33
-11.33
5.67
-6.0
-1.0
-5.0
-5.33
-6.0
-11.0
-5.67
-12.33
-0.33
-10.0
-1.33
2.33
1.67
-7.33
-2.33
-4.67
-1.67
3.33
2.0
-2.0
-9.33
-4.0
-2.0
-7.0
-6.67
-8.0
-3.67
-4.0
3.33
-4.67
-3.67
-7.67
3.33
3.67
-3.33
1.0
-3.0
-0.33
-10.33
0.67
-10.33
-7.67
-6.67
-5.67
-6.67
-4.67
-1.33
-12.33
1.0
-2.33
-10.0
-10.67
-7.33
-12.67
-8.67
-1.0
-7.67
-5.67
-3.67
0.67
0.0
-10.0
-11.0
-17.33
-3.0
-18.0
-2.33
-9.0
-15.33
-10.0
-14.0
-3.67
-4.67
4.67
-0.33
-6.67
-9.33
-9.33
-16.0
-6.67
-10.0
-5.0
-3.33
-10.33
-4.33
3.33
-13.33
-3.67
-8.0
-11.67
-11.0
-10.0
-9.67
2.67
-8.67
-5.33
2.0
-6.0
-5.67
-0.67
-0.67
-6.0
-7.0
-7.67
-10.67
-2.0
-3.67
-18.33
-7.33
-7.33
-6.0
-5.0
-12.0
-1.0
4.33
-6.33
-4.33
-1.0
-6.33
-5.67
-8.67
0.67
-5.0
-2.33
-8.0
-2.0
-2.67
-7.67
0.67
-6.33
-3.67
-9.33
-9.33
-3.67
1.67
-1.67
4.67
1.0
3.0
4.33
8.33
-2.33
1.33
9.33
-3.67
9.0
6.33
8.67
8.67
18.33
4.67
8.67
19.0
14.0
6.33
9.33
9.0
15.33
8.0
12.33
-3.67
9.67
11.67
-1.0
-0.33
10.0
4.0
9.33
2.0
3.0
8.67
10.67
-2.0
-1.67
7.33
-4.0
-2.67
-1.0
-1.0
14.67
-3.33
-6.33
-1.0
3.67
5.0
-2.0
5.33
2.0
2.67
-4.67
7.67
-5.67
-1.0
6.0
4.33
-0.33
-4.33
7.0
11.33
-8.33
0.33
-10.33
5.33
4.67
-3.67
3.67
8.67
-5.33
2.67
2.33
0.0
12.67
-3.0
-5.67
-4.33
6.33
-8.33
6.33
-1.67
8.33
-0.33
-2.33
3.33
7.33
-4.33
-3.0
3.0
7.0
-0.67
-1.33
-0.67
3.33
7.0
1.67
4.33
-7.0
9.0
8.67
5.67
-4.67
10.0
7.33
4.0
-1.33
6.33
1.0
4.33
2.33
-3.33
2.33
5.0
5.67
-3.67
1.33
6.67
1.67
-0.67
7.33
-7.0
3.33
1.0
-2.67
7.67
-2.67
2.67
1.67
1.67
3.67
6.33
-1.33
-4.33
7.0
-0.33
-2.0
10.0
3.67
-6.0
13.0
6.0
6.0
2.67
2.33
1.0
1.33
8.67
3.0
0.0
8.33
2.67
5.33
3.33
1.33
3.67
17.0
-4.33
6.33
14.67
-2.33
4.67
11.0
-10.33
7.67
8.33
-3.0
0.67
11.33
3.0
5.67
-1.67
0.67
7.33
-1.0
14.67
3.67
-5.33
-3.0
6.33
6.0
0.33
9.33
3.0
-1.67
8.67
0.0
-5.0
2.33
0.0
2.0
11.33
-0.33
-2.0
2.33
8.0
9.33
0.67
-2.67
4.33
-2.33
-4.67
11.67
7.0
3.33
11.33
7.0
3.33
3.0
6.67
-2.0
13.33
0.33
2.0
9.0
9.33
7.0
7.33
6.0
13.0
-4.0
0.33
10.0
1.33
7.67
-0.67
2.67
5.33
12.33
4.67
3.67
2.67
-1.33
5.0
3.0
4.67
0.33
8.0
1.33
4.0
6.33
0.67
4.67
3.67
6.67
5.0
3.0
4.33
6.0
9.0
2.67
15.33
19.33
10.67
12.33
14.33
9.33
8.0
7.0
13.33
10.67
14.67
18.67
17.0
9.67
15.67
25.0
3.67
14.67
15.0
22.67
27.33
25.0
17.33
28.0
32.0
4.67
36.33
32.33
23.33
26.33
39.67
58.67
54.0
61.33
67.0
97.0
88.33
90.67
101.67
96.67
108.33
119.0
118.0
140.67
124.67
149.0
129.67
136.33
147.33
151.67
123.33
131.0
128.0
138.33
127.67
103.67
121.0
96.0
84.33
79.67
83.67
51.33
62.67
39.0
46.67
41.33
40.0
18.67
27.67
18.0
20.33
13.0
9.33
2.67
-8.67
5.33
15.0
10.0
9.33
11.33
3.33
7.67
16.67
7.67
7.67
1.33
11.33
0.67
0.0
-2.0
11.67
12.67
0.0
-7.33
21.0
8.33
4.67
7.0
27.33
5.67
6.0
8.0
-4.0
17.33
14.67
-2.67
-0.33
7.33
12.0
3.0
-2.33
11.67
-3.0
13.0
7.33
-1.33
16.67
12.0
-7.0
9.33
-0.67
10.67
-1.0
5.33
15.67
12.0
1.67
-0.33
12.33
8.67
11.67
0.67
5.33
9.67
11.0
6.67
12.33
9.0
2.0
0.67
-4.33
12.0
0.67
18.33
6.0
-1.33
16.0
-6.67
6.67
1.0
-5.33
3.33
8.33
11.0
15.67
5.0
14.67
-0.67
6.0
-6.0
8.67
19.33
13.0
13.67
-3.33
14.67
16.67
-0.33
8.67
-5.67
6.67
6.67
12.67
0.0
11.67
6.67
-0.67
-0.33
6.67
12.0
-1.67
5.0
13.0
5.67
-1.33
9.33
1.33
1.0
5.67
2.0
13.67
11.33
-3.0
20.0
5.0
4.0
16.33
9.33
-4.0
3.0
14.0
11.33
5.0
4.0
0.0
18.67
1.67
0.67
-2.33
5.33
6.33
-8.67
7.67
-1.0
16.67
7.33
-1.0
1.33
16.33
6.0
0.67
-4.33
4.0
1.0
18.67
0.67
6.33
10.67
14.67
11.0
7.67
28.67
19.67
17.0
5.33
21.67
23.67
18.0
36.67
18.33
6.67
7.0
15.0
29.0
26.33
39.33
28.33
31.33
23.67
27.0
30.67
18.0
33.0
44.33
26.33
18.33
30.0
20.33
24.67
25.67
32.33
28.33
31.0
18.0
14.67
23.67
22.0
6.67
10.67
25.33
29.67
23.33
3.0
22.67
11.0
-4.0
9.0
6.67
5.0
1.67
17.0
6.0
0.33
23.0
-9.0
20.67
0.67
8.33
4.67
10.0
-0.33
6.0
5.33
9.67
3.33
3.33
1.33
-1.67
4.0
12.0
3.33
15.67
1.0
-3.67
2.67
11.0
7.33
4.0
7.67
-1.0
-0.33
6.33
4.67
2.67
4.67
-5.33
-4.67
-1.0
4.0
-11.67
15.0
8.33
-1.67
11.33
4.67
-2.0
8.33
6.67
5.67
5.33
-12.67
-1.0
0.0
14.0
-1.67
-3.0
4.67
9.33
16.0
1.33
-4.67
-4.67
6.33
4.33
0.0
10.33
25.67
14.33
1.33
18.0
11.33
-6.33
-4.33
1.0
4.0
-1.0
0.33
4.67
-4.0
13.67
6.0
5.33
10.67
-12.33
5.33
-0.67
-4.33
10.67
3.67
5.0
6.0
4.33
3.0
6.0
2.0
15.0
-4.33
4.33
0.33
-2.0
-2.67
-4.67
3.33
-0.67
2.33
3.33
4.67
9.67
9.0
-2.33
-2.0
0.33
9.67
1.33
-2.33
-1.67
-5.33
-3.67
9.0
6.0
10.33
0.33
8.67
-4.0
-4.33
-0.33
-2.0
-4.0
6.67
-7.0
4.67
9.67
7.33
2.33
0.67
6.33
3.67
6.67
1.67
5.33
9.0
1.67
4.67
2.67
-1.33
7.0
-0.33
5.33
6.0
-3.33
0.67
-3.0
4.33
0.33
-6.67
6.33
2.33
12.67
7.0
9.33
-2.33
-3.33
2.0
-0.33
2.0
-4.0
-1.33
0.67
8.67
3.0
1.67
3.33
4.0
-3.33
0.67
-0.67
3.0
-4.67
-10.0
-4.67
9.67
-3.33
1.0
11.0
6.0
-0.33
0.67
1.0
11.0
-0.33
7.67
9.33
0.0
7.33
4.33
-5.33
-0.33
-0.67
0.0
6.67
0.33
6.33
-3.67
6.0
10.33
11.33
-3.67
-6.67
-7.67
11.67
10.67
2.33
-2.67
1.67
5.67
8.67
-2.0
2.0
-2.0
0.0
0.33
-9.33
0.67
5.33
0.67
5.67
0.0
-0.67
-3.0
-1.67
-0.67
0.33
-3.0
0.33
-2.0
4.0
-1.0
-3.67
6.0
0.67
4.67
4.33
1.67
-5.33
10.0
-1.67
1.33
3.33
1.67
0.33
5.67
-0.67
-1.0
-5.33
-0.67
-4.67
-5.0
-2.33
6.33
8.33
0.0
-4.67
3.33
2.67
-1.0
-9.67
-0.67
1.0
-2.0
1.67
-5.33
2.67
-4.0
6.0
5.67
13.33
5.67
-2.67
3.67
1.33
-5.0
-4.33
-5.33
4.0
-4.67
0.33
7.67
5.67
7.67
10.0
4.33
-3.0
0.33
4.33
-5.33
-3.67
-4.0
-10.33
6.0
9.0
4.33
-5.67
-1.0
0.0
-2.67
-1.67
-1.33
-1.0
0.33
-1.67
-4.33
4.0
-0.33
-6.33
-2.0
-4.33
3.33
-6.33
-6.0
5.0
-6.0
0.67
-4.33
4.67
4.33
1.0
-1.33
-2.67
7.33
-3.67
1.0
0.0
2.67
1.0
2.67
3.33
0.33
-4.67
0.0
8.0
1.67
2.67
-0.67
-2.0
4.67
0.0
-4.33
-3.0
3.0
-3.0
-1.33
-1.67
4.33
5.0
-5.67
4.0
5.67
0.67
3.67
2.0
7.0
6.67
-2.67
8.67
7.67
2.67
4.0
-2.0
1.33
1.67
5.67
-2.33
7.0
-2.0
8.0
4.33
0.67
-0.67
-5.33
0.67
-7.33
3.0
7.33
-7.33
5.0
-1.0
0.0
6.0
5.33
5.33
0.67
7.33
-1.67
3.67
3.67
-2.33
8.0
-2.0
-5.33
-1.33
2.0
-3.67
-1.33
1.0
4.0
5.67
-4.33
2.0
3.0
3.67
1.67
2.33
5.67
-5.0
2.33
-1.67
5.0
-2.33
6.67
3.33
-0.67
0.33
4.67
-2.0
0.33
3.0
-4.67
1.0
-1.33
6.33
1.67
4.33
-1.33
-1.67
4.67
0.67
0.0
-0.33
4.0
-3.33
-1.33
-1.0
-3.33
5.67
-2.67
-0.67
-2.0
5.33
5.0
-2.67
2.67
4.33
-6.33
1.0
0.0
0.67
3.33
-1.33
1.0
0.0
-1.33
-1.33
4.67
-3.0
1.67
1.33
-7.67
-5.0
-6.67
-4.33
0.67
5.0
1.67
3.67
-8.0
5.0
7.0
3.33
7.0
6.0
-1.33
2.67
6.67
-4.67
-0.67
3.67
0.33
0.67
4.0
-1.0
-0.33
-2.0
0.33
3.0
-3.0
-1.67
1.0
0.33
6.33
