0.0
-11.0
0.0
76.67
0.67
44.67
64.67
85.67
-82.33
106.67
82.67
85.67
-10.67
-71.33
6.67
-8.67
-3.33
-40.0
-39.33
20.33
9.0
-30.0
-21.67
12.0
10.33
15.33
10.33
-2.33
-11.33
2.67
-5.0
1.0
5.0
0.0
-3.0
-0.67
6.33
0.33
0.0
-1.33
1.33
-1.33
0.67
1.67
-1.0
-1.0
0.0
0.0
0.0
-0.67
0.67
-0.33
0.67
0.0
0.0
0.0
0.0
-0.67
1.67
-0.33
0.0
-0.67
0.0
0.0
-1.0
0.67
0.0
0.0
0.0
-0.33
-0.33
-0.67
-1.0
-0.67
-0.67
1.0
1.67
-0.33
-1.0
1.0
0.67
-1.0
0.0
0.0
0.0
0.33
-0.33
-0.67
-0.67
0.67
-1.33
1.0
1.67
0.0
2.67
3.0
3.0
0.33
-1.0
-2.0
-0.33
0.33
-0.33
-1.0
0.33
1.0
-1.67
-0.33
-0.67
3.33
0.67
0.67
-0.33
2.33
1.67
3.0
-0.33
1.67
-0.33
2.67
-0.33
-0.33
-0.33
0.33
-1.0
1.0
-2.0
4.33
2.67
-4.33
-0.33
-5.33
5.67
-1.0
-2.67
-0.67
4.33
-1.33
3.0
-2.33
-2.0
0.33
6.33
-1.33
0.67
2.33
6.0
-2.67
3.0
-1.0
5.0
1.67
0.33
-1.0
-0.67
-1.67
1.67
7.0
-0.33
-1.67
-3.33
2.33
-3.33
2.0
0.0
-2.0
-1.67
-0.67
-6.0
-1.33
-0.67
-3.33
1.33
3.0
7.67
3.0
6.0
5.33
-2.0
-0.67
-7.67
1.67
2.67
-6.33
-0.67
-0.33
-2.0
2.67
-1.33
-1.33
3.0
3.33
-0.67
-7.0
-3.0
0.67
-2.33
2.0
0.67
-6.33
2.33
1.67
1.33
4.0
-4.0
3.33
1.33
-1.0
-7.67
5.33
-4.33
-2.33
4.67
0.67
-0.67
3.0
3.33
-1.33
2.33
7.33
3.33
4.67
0.33
8.33
2.67
-2.33
1.33
-2.33
-1.33
3.33
0.0
-0.33
5.33
3.67
1.0
4.33
-3.0
0.67
3.33
4.33
-4.67
-1.33
4.0
-1.33
4.33
7.67
-4.33
9.0
-8.33
4.0
1.0
4.67
3.67
5.67
-5.33
5.67
-1.67
5.0
-1.33
9.0
8.33
5.67
8.0
3.33
-1.67
1.33
-0.33
-1.33
8.0
8.67
2.33
0.67
6.0
5.0
-1.0
2.0
3.67
2.33
-0.33
1.33
3.0
-1.0
4.33
1.67
6.33
-3.0
-2.33
-1.67
-4.33
0.0
3.33
-4.67
13.33
0.0
4.0
5.33
4.33
-1.67
-0.33
-7.67
5.33
2.33
-2.67
8.0
-0.33
1.0
7.0
0.33
5.0
5.33
-2.0
6.0
0.0
-2.67
7.67
-1.0
-2.67
-5.33
1.67
-0.33
0.33
-1.33
0.0
1.33
-1.33
1.33
4.0
7.67
-1.33
2.33
6.33
3.0
4.33
4.0
3.67
-2.0
-1.67
-3.33
2.67
1.0
-1.0
-4.0
6.33
4.33
3.67
4.33
6.33
-1.67
0.33
2.67
1.33
1.33
0.67
-1.33
-4.67
4.33
-0.67
0.0
3.0
0.67
-4.0
0.67
-2.0
0.33
1.0
-6.33
-2.33
5.67
2.33
2.33
4.33
-6.0
3.33
-4.67
7.33
2.67
2.0
-3.67
1.33
4.67
-5.0
3.0
5.0
-0.33
3.33
-6.0
0.67
-2.0
-2.33
2.33
3.67
-0.33
2.33
3.67
-6.0
-0.33
1.0
6.0
-0.33
-1.33
-6.67
-2.0
2.0
3.0
-1.67
-1.67
1.67
-5.0
-6.33
-5.67
7.67
4.67
-0.67
1.67
6.33
-3.33
1.33
3.33
-1.0
-5.67
2.0
-3.33
-2.33
-0.33
0.67
-3.0
3.67
-5.67
-2.67
-1.67
4.67
3.0
-3.67
3.33
1.33
-2.33
3.33
-2.33
3.67
-1.33
-5.0
-3.33
1.0
-3.0
-2.33
-5.67
-2.0
2.33
5.33
-2.0
-2.67
3.0
-0.33
3.33
2.0
0.0
8.0
8.67
3.67
0.0
3.67
-2.33
8.0
-2.67
-0.33
0.33
8.33
3.0
-1.67
9.0
4.0
5.0
-4.67
5.0
4.0
-4.67
-2.67
-0.33
3.0
-1.33
0.0
7.33
2.0
-2.67
-2.33
-5.33
-2.67
-1.67
6.0
-1.67
1.33
-1.0
3.0
-3.0
2.33
5.33
4.0
-3.0
-1.67
3.67
-1.67
2.0
-2.0
-1.67
-3.67
2.33
-0.33
-0.67
-4.0
0.0
-5.67
-2.0
2.33
-2.67
-0.33
2.0
-0.67
5.33
2.33
0.33
-4.33
-1.67
-0.33
0.0
7.0
-2.0
2.0
1.0
-2.67
1.0
1.67
1.67
-6.67
-0.33
1.33
1.0
2.67
1.33
-4.67
3.33
-5.33
-2.0
-0.67
-2.0
-0.67
-3.67
0.33
-1.67
0.33
3.33
-0.67
-0.33
0.33
0.33
0.67
-1.0
-2.67
5.0
-3.0
-2.33
2.33
1.0
-3.67
6.33
-2.33
-1.0
3.33
-3.0
1.67
-3.67
-1.33
-4.33
6.0
-0.33
-4.67
1.67
3.33
-3.0
-2.33
5.67
0.33
-5.33
2.33
2.0
0.67
1.33
-5.67
-1.0
0.0
-1.0
-3.33
5.67
-5.0
3.0
0.33
0.33
-5.0
1.67
1.67
-1.33
1.0
0.0
-0.67
-5.33
2.33
-2.67
-3.33
-1.0
-0.67
-1.0
-1.0
-1.33
3.67
2.33
0.0
-2.33
-0.67
-3.33
-1.0
0.67
-0.67
0.0
-3.67
0.67
-1.0
2.33
-1.67
-2.0
6.33
0.67
-2.67
-3.0
-3.0
9.0
-3.67
-0.33
-3.33
-1.0
-3.0
-2.67
-1.0
-2.67
0.67
2.0
-3.67
-0.67
-0.33
0.0
-4.33
0.33
2.33
-2.33
-6.0
-2.33
-1.67
4.67
-3.67
-1.0
-1.0
1.33
2.0
6.0
-5.67
-2.0
-2.33
-3.33
-5.0
-4.0
-3.33
2.0
-2.33
-8.33
-1.67
0.67
-0.33
-0.67
-2.67
-3.0
0.33
-7.33
-6.67
1.33
-5.67
-4.67
-2.0
-5.0
-2.67
-1.0
4.0
-0.33
2.0
-6.67
-1.67
-3.67
-3.0
-7.67
-2.0
-2.33
-1.33
-2.33
9.0
1.67
-5.0
-2.67
2.0
0.67
-3.0
-0.33
0.67
-7.0
-1.67
-1.67
-3.67
-5.33
-2.67
-3.33
6.33
-4.33
3.67
-0.67
-4.33
-2.67
3.67
2.33
-3.67
-1.33
3.67
-2.67
-0.33
-7.67
-4.67
-4.33
-4.0
-10.33
-12.0
-10.33
2.0
-1.67
-5.0
-6.0
-6.0
1.33
-10.67
-0.33
-1.67
-5.33
-5.33
-5.0
-4.67
-5.67
-3.0
-2.67
-5.33
-6.0
-7.67
-2.67
-1.0
-4.33
-5.33
-6.0
-5.0
-3.33
-3.33
-5.67
-9.0
-13.33
2.0
-8.67
-4.67
2.67
-1.0
-4.0
0.0
-7.0
-8.0
5.0
-5.0
-9.0
-2.33
-4.67
-5.0
3.67
-12.67
-6.33
0.33
-2.67
-5.67
-8.67
-5.0
-3.0
-2.0
-5.0
-2.67
-2.0
-3.33
5.0
-6.67
1.67
4.33
1.67
4.67
2.33
10.33
0.67
3.33
14.67
3.67
8.0
11.33
30.33
17.67
19.33
15.33
6.67
8.0
21.33
21.33
19.33
10.67
12.0
16.33
2.0
9.0
-1.0
-5.67
-1.67
-6.0
3.0
1.67
1.67
-6.0
3.67
-1.0
-4.33
-3.33
-2.0
-7.67
-2.0
-7.33
-5.0
-3.33
2.33
-7.67
0.33
-8.0
-7.0
-0.33
-9.67
-3.67
0.0
1.67
-5.33
-6.0
-6.67
2.67
-2.67
-6.67
-7.67
-4.67
-1.0
-7.67
-0.33
-4.67
-1.0
2.0
-4.67
-3.67
-8.0
-12.33
-9.0
-10.0
-8.67
-9.67
-2.33
-8.0
-5.33
0.67
-1.0
-0.33
-5.33
-1.33
-6.0
-3.0
-6.0
-9.33
-1.0
-1.0
-2.67
-13.33
-4.33
-10.0
-4.33
7.33
-9.33
-11.33
-7.33
-4.67
-11.67
0.33
-6.0
-3.0
-5.33
-7.0
-3.0
3.0
-2.67
-10.0
-5.67
-3.0
-0.67
-6.67
0.33
0.33
0.33
-6.33
-6.33
0.0
0.0
-6.33
-4.33
-0.33
-7.33
-4.67
-4.67
-6.67
-4.67
-4.67
-4.33
-9.33
-1.0
1.67
-1.0
-13.67
-3.33
3.33
-10.67
-4.0
-4.67
-1.67
3.33
-9.33
-7.0
-10.0
-6.0
-9.33
2.0
-10.0
-17.33
-5.0
-1.33
-7.0
-3.0
-5.67
-5.67
-5.33
-6.33
-7.67
-10.33
-5.33
-13.0
-2.67
-7.0
-7.0
-8.33
0.67
-2.33
-4.67
-11.33
-4.67
-6.0
-3.67
-13.0
-9.0
-4.67
-1.33
-3.67
-3.33
-2.0
-2.0
-1.67
-7.67
-6.67
2.0
-11.0
-1.67
-11.67
-2.0
-5.67
-14.33
1.67
-1.33
-6.0
-3.0
-10.0
-5.0
-8.67
-4.33
1.67
-8.0
-3.33
2.33
-6.67
-2.33
-2.0
-4.33
-5.0
-5.0
-5.67
-5.67
7.67
-4.33
-3.67
5.67
-2.33
-7.67
0.67
1.33
12.67
6.0
2.0
0.33
9.33
-2.33
12.33
19.33
15.33
9.0
8.33
13.67
15.67
25.33
11.67
24.67
31.0
24.0
15.33
18.33
17.0
28.33
23.0
14.33
16.33
18.67
10.67
11.0
5.67
7.0
0.0
14.33
6.0
14.0
-0.33
8.67
1.0
-11.67
3.33
6.0
-8.67
6.0
3.0
1.67
-5.33
-4.33
3.0
2.67
-1.0
3.0
0.33
-7.0
-5.33
-2.67
-0.33
-6.67
5.0
4.0
-8.67
1.67
-0.33
4.0
-4.67
-3.33
-5.67
-1.33
9.33
0.67
-0.67
0.67
2.67
-3.33
-0.33
-2.67
-6.0
1.67
1.0
-1.67
-6.33
-0.67
2.67
0.33
6.33
7.33
4.67
0.67
7.33
3.33
-4.33
3.0
10.0
7.0
1.33
1.67
-1.67
3.33
2.0
0.67
4.33
-3.0
-3.0
-1.33
0.67
4.33
6.0
-1.67
-5.0
1.67
5.33
-1.0
-3.67
-0.67
0.67
5.33
0.0
10.67
3.33
-3.67
9.67
1.67
8.33
9.33
5.0
9.33
-4.0
4.33
1.67
8.33
-4.33
4.67
-0.33
2.67
9.33
7.67
-0.33
10.0
-4.33
8.0
4.0
-1.33
2.0
8.0
17.0
4.0
5.67
1.33
-1.0
5.33
-4.33
1.0
0.0
8.33
7.67
10.33
5.33
-2.67
13.67
7.0
2.67
-0.67
8.67
5.67
9.67
-7.0
10.67
8.67
-4.67
15.0
26.67
7.33
7.0
4.67
5.33
15.67
-3.67
1.0
-1.33
3.67
3.67
3.0
3.33
8.0
2.33
2.33
4.0
3.33
7.67
6.0
5.0
0.33
3.0
4.0
2.33
9.67
-3.0
12.33
11.0
11.33
14.67
8.33
1.33
11.67
3.33
9.67
-4.0
3.33
11.33
14.0
5.33
10.0
10.67
7.0
4.33
9.33
6.0
6.0
-0.67
8.0
17.33
6.0
-4.0
1.0
13.33
13.0
2.33
2.67
10.33
5.67
13.33
4.33
4.67
1.67
10.67
9.67
10.0
7.0
12.67
8.33
3.0
0.33
11.0
6.33
-1.33
5.67
3.67
-0.33
-1.0
7.0
9.33
10.0
4.0
9.67
14.33
3.33
27.67
1.33
16.33
9.33
1.0
-6.0
14.33
17.67
4.67
-3.33
15.0
12.67
16.67
15.0
22.67
21.67
19.0
2.67
24.33
19.0
26.33
22.0
27.0
27.67
24.33
34.33
53.33
41.33
43.67
54.67
55.0
72.33
71.0
78.0
91.33
113.67
87.67
124.67
138.33
142.0
140.0
152.67
143.67
146.0
179.67
142.33
150.33
132.67
152.33
164.0
146.0
161.33
126.67
135.67
114.0
100.0
113.33
96.67
68.67
84.33
71.67
47.0
56.67
38.33
35.0
20.67
31.67
24.0
26.33
19.0
12.33
8.67
9.33
9.33
13.0
1.0
6.33
4.33
7.33
6.67
1.67
11.67
8.67
7.33
6.33
4.67
7.0
5.0
5.67
2.67
-3.0
10.67
12.0
8.33
2.67
8.0
-1.67
-1.33
-8.0
6.0
-6.0
1.33
-1.33
1.33
15.67
14.33
15.0
14.0
11.67
-6.33
9.0
7.0
6.33
8.67
11.67
12.0
-3.0
0.33
10.33
10.67
-2.0
-1.67
5.67
3.0
2.67
8.67
12.33
9.67
1.67
5.67
15.33
6.67
-10.0
9.67
11.33
8.0
10.0
1.67
12.67
9.0
4.67
14.33
8.0
2.67
4.0
14.33
2.67
4.0
8.67
9.33
10.33
27.0
11.67
3.0
9.67
4.33
2.0
5.0
23.67
14.33
8.0
9.67
-0.33
7.67
12.67
-2.33
-2.33
-5.67
7.67
-2.33
7.67
2.0
14.67
-4.33
-10.67
5.67
10.67
1.0
10.33
18.0
4.0
4.67
-0.33
13.33
7.33
2.0
3.67
4.0
-5.33
4.33
5.0
2.0
-11.0
6.0
-1.67
8.33
-5.0
0.0
1.0
15.33
11.0
3.0
-3.0
8.67
-3.33
-3.33
3.67
5.33
8.33
-1.67
2.67
1.0
20.67
-4.67
10.0
7.33
13.33
1.0
0.67
-4.33
2.0
-2.0
1.67
4.67
7.33
11.67
-0.33
3.0
9.67
8.67
9.67
17.0
-4.67
11.67
11.67
24.0
24.67
9.33
6.67
7.0
14.0
14.0
2.33
23.33
17.33
21.33
22.67
23.0
13.67
31.0
16.0
18.33
14.33
10.33
22.0
20.33
21.67
22.67
14.33
17.33
15.0
16.0
2.67
15.67
11.0
4.67
1.67
-0.67
15.67
16.33
1.0
9.67
-5.0
-6.0
3.0
5.67
8.0
-4.33
7.0
-7.0
8.33
-5.0
-11.0
20.67
-12.33
15.33
2.67
4.0
-3.33
6.0
11.33
5.67
1.33
8.33
1.33
-3.67
4.0
8.0
-1.67
16.67
2.0
10.33
1.67
19.0
14.33
3.0
-5.33
-3.0
3.67
6.33
1.67
2.67
15.67
10.67
9.33
3.0
4.0
10.33
25.0
2.33
6.33
18.33
7.67
-7.0
19.33
13.67
12.67
15.33
23.33
12.0
0.0
3.0
12.33
17.0
10.67
8.33
18.0
19.33
6.33
0.33
5.33
4.33
-1.0
4.33
21.67
2.33
-6.67
6.0
14.33
-11.33
8.67
-7.0
-8.0
1.0
-4.67
0.67
1.0
10.67
8.0
14.33
9.67
1.67
1.33
5.33
7.67
-1.33
-3.33
0.0
11.0
-1.67
-6.0
14.0
-2.0
4.0
-0.33
-3.67
0.33
-5.0
-1.67
-8.67
-1.67
12.33
4.33
-3.67
2.67
8.67
11.0
0.67
9.0
-1.67
2.67
5.33
-0.33
6.33
4.67
-2.67
3.0
2.0
0.33
-5.67
7.67
7.0
4.67
2.67
5.0
-5.0
-0.33
4.0
9.67
5.67
-2.67
-0.67
2.67
-2.67
-2.33
0.67
-2.33
8.33
-1.0
1.67
2.67
2.67
5.67
-7.0
6.67
-4.67
6.0
-11.33
9.67
1.0
1.33
0.33
-3.67
5.33
0.33
-1.33
-9.0
-2.67
1.67
-4.33
-3.0
-10.33
-3.0
0.0
-8.33
0.67
9.67
8.0
5.67
1.33
2.0
-8.33
-2.33
1.33
-3.0
-4.67
-5.0
2.33
14.67
-1.33
2.0
12.0
16.0
2.67
17.67
12.0
10.0
2.67
11.67
17.33
11.0
8.33
7.33
-0.33
2.67
2.33
11.0
17.67
4.33
12.33
4.33
13.0
16.33
3.33
12.33
0.33
0.33
8.67
9.67
-0.67
8.33
4.67
2.67
-3.33
9.0
8.0
0.0
0.0
7.33
-1.33
5.67
-1.67
4.67
-1.33
1.0
-3.67
3.0
8.33
-7.67
6.33
-3.0
1.33
-7.0
3.0
4.0
-6.67
9.0
-2.33
1.67
-0.67
-1.33
3.67
5.0
3.33
0.33
12.33
7.67
-3.67
-6.33
7.33
5.0
1.67
3.33
-2.67
2.0
-0.33
-1.67
-0.67
2.0
10.33
7.33
-7.33
0.0
-8.67
4.33
0.0
-9.0
3.67
1.67
-1.33
-7.0
3.0
-1.33
10.33
3.67
-6.67
8.67
-0.67
-11.0
0.67
-5.33
2.0
1.33
-0.67
-0.33
11.67
-2.33
-4.0
3.33
-3.0
4.33
-0.67
-0.33
4.33
-6.0
-5.33
4.0
0.0
-1.67
-3.67
2.0
5.0
0.33
-0.67
9.67
-2.0
-0.67
-4.67
2.67
1.0
-0.33
-3.33
-6.0
5.67
0.33
10.67
-3.0
1.0
0.0
-4.33
-0.33
2.67
6.33
0.0
-5.33
-1.67
6.33
-2.67
5.0
1.0
4.67
-2.0
1.67
-3.67
1.33
-2.67
-3.0
4.0
-0.33
-2.33
9.33
5.0
5.67
-1.0
-1.33
2.0
7.0
6.0
2.67
2.33
6.33
1.0
1.33
6.0
4.67
-0.33
0.67
3.0
4.0
14.67
2.33
8.67
4.67
11.67
-8.0
-4.0
9.33
8.67
6.67
1.67
11.0
5.0
5.0
-0.67
-0.33
-3.67
-2.33
-3.33
0.67
-1.0
8.33
-2.33
9.0
-1.0
3.0
-1.0
0.33
1.33
2.67
-0.67
-1.67
8.67
-2.33
2.67
4.0
-3.0
-3.33
1.67
-1.0
-2.67
5.67
-4.0
6.0
1.67
1.67
-1.0
10.0
-2.33
2.67
4.33
-4.33
-9.0
0.33
-0.67
-5.0
4.67
1.67
3.33
2.33
0.33
-1.33
5.0
3.33
-2.0
5.33
2.0
2.67
1.33
-0.33
-2.67
1.67
3.33
1.67
-0.33
2.0
1.67
-3.0
0.67
3.67
-3.0
1.67
-2.33
0.33
-3.67
-2.0
3.33
5.0
3.33
3.67
9.33
-0.33
1.0
-1.0
-2.33
0.33
6.67
-4.0
5.0
-5.33
4.67
2.67
8.0
0.67
0.33
-4.67
6.0
-4.67
-1.33
4.67
1.0
1.67
-3.33
-10.0
1.0
4.0
2.33
-5.0
0.0
0.67
1.67
-5.33
3.33
-0.67
-2.33
0.33
3.67
7.0
1.0
1.67
-1.0
3.33
1.0
2.0
-3.67
3.0
4.33
-1.67
