0.0
48.0
39.0
8.67
64.67
36.67
10.67
110.67
107.67
176.67
16.67
90.67
-0.67
-33.33
8.67
13.33
12.67
26.0
-19.33
16.33
23.0
-30.0
-2.67
7.0
-1.67
11.33
14.33
10.67
-8.33
2.67
-3.0
2.0
4.0
2.0
-1.0
-3.67
-0.67
0.33
1.0
1.67
-0.67
-1.33
-0.33
-0.33
-1.0
-1.0
1.0
1.0
0.0
0.33
0.67
-0.33
-0.33
1.0
0.0
-1.0
0.0
0.33
-0.33
0.67
0.0
0.33
0.0
0.0
-1.0
-0.33
1.0
0.0
0.0
-0.33
-0.33
-0.67
-1.0
-0.67
-0.67
1.0
-0.33
-0.33
-1.0
0.0
-0.33
-1.0
0.0
0.0
0.0
-0.67
-0.33
-0.67
-0.67
-0.33
-0.33
1.0
-0.33
2.0
-0.33
0.0
0.0
-0.67
1.0
-2.0
1.67
1.33
0.67
-2.0
-1.67
3.0
-1.67
-1.33
-1.67
2.33
1.67
-0.33
-1.33
-2.67
-0.33
2.0
3.67
0.67
-1.33
1.67
-3.33
-1.33
-1.33
1.33
-1.0
-4.0
-4.0
0.33
0.67
-3.33
2.67
3.67
-2.33
-4.0
1.33
-5.67
5.33
-0.33
5.0
-0.33
0.0
2.33
-3.67
-0.33
0.67
0.33
-3.0
-0.67
11.0
2.0
-1.0
4.67
-0.67
-4.0
-2.67
-0.67
7.67
1.0
-1.33
-4.67
3.67
-2.67
-3.33
4.0
3.0
3.0
1.33
-0.67
4.0
0.67
-2.67
-2.33
4.33
4.0
0.67
6.0
3.0
5.33
2.0
-2.67
-4.67
4.67
8.67
-1.33
-4.67
-2.33
5.0
-0.33
4.67
6.67
3.0
7.33
-0.67
2.0
-7.0
-0.33
-2.33
-1.0
-3.33
-3.33
-3.67
-1.33
2.33
4.0
-1.0
-0.67
1.33
-5.0
-2.67
0.33
-5.33
3.67
1.67
-0.33
1.33
-3.0
2.33
-9.33
-4.67
-0.67
8.33
1.67
1.33
6.33
-2.33
-3.33
1.33
-5.33
0.67
2.33
1.0
-5.33
0.33
-0.33
-3.0
7.33
2.0
0.67
4.33
4.33
3.33
5.67
-2.0
0.67
1.33
4.67
-3.33
-1.0
-3.33
-4.0
2.0
1.67
0.67
0.67
2.67
-1.33
-5.67
1.0
-3.33
3.0
10.33
2.67
6.0
1.33
6.33
1.33
0.67
0.67
-2.0
2.67
5.33
3.67
4.0
-1.0
-9.0
3.0
8.67
-1.67
-0.33
1.33
0.0
3.0
-1.67
2.67
4.33
-8.0
4.67
0.33
5.67
-2.0
-5.67
2.33
-0.67
0.0
-1.0
-0.67
-2.67
3.33
10.67
-1.67
-0.67
5.33
2.33
8.0
2.67
2.0
0.0
4.33
6.0
-3.67
0.0
4.0
6.0
3.33
1.67
9.0
-4.67
3.67
1.67
5.67
1.33
4.67
2.0
-2.67
-1.33
4.33
2.0
-1.33
1.67
3.33
4.33
3.0
-1.67
2.0
4.67
0.0
-1.67
2.67
6.67
-3.0
1.0
4.0
0.33
4.33
-2.33
5.33
0.33
4.33
-0.67
-1.33
6.33
-0.67
-8.33
2.67
2.33
-3.67
4.33
0.0
-1.0
-2.33
-5.0
-4.33
-2.0
1.33
-2.0
-0.33
2.67
-1.33
3.33
5.33
5.33
-5.0
2.33
-4.67
4.33
-2.33
5.0
0.33
8.33
-2.33
1.0
1.0
-2.0
2.67
3.33
-4.0
-0.33
-2.0
-2.33
0.33
1.67
1.67
1.33
3.67
-5.0
-0.33
2.0
7.0
0.67
7.67
-6.67
0.0
0.0
0.0
5.33
1.33
1.67
-6.0
-2.33
4.33
-4.33
1.67
0.33
-0.33
7.33
-0.33
5.33
1.33
0.0
-1.67
4.0
-2.33
-0.33
0.67
-3.33
6.0
-1.33
-5.67
-2.67
-1.67
0.67
0.0
2.33
3.33
1.33
-5.33
1.33
3.67
-2.33
-2.33
-1.0
3.67
3.0
3.0
1.67
-3.67
-8.0
3.33
4.33
4.0
3.33
1.0
0.67
8.33
-1.0
0.0
-1.0
-3.33
6.67
2.0
-0.33
5.67
2.0
-1.67
2.67
6.33
0.33
0.0
-1.67
-1.0
-3.0
0.0
2.33
3.0
7.0
-6.67
-0.67
1.67
2.0
-0.33
3.0
2.33
-1.0
0.33
-2.33
-2.33
-4.67
-2.67
4.0
-1.67
-0.67
2.0
2.0
2.0
-3.67
-1.67
5.0
-1.0
2.33
5.67
0.33
7.0
2.0
3.33
-0.67
-3.67
-0.33
-7.67
-4.0
-1.0
-2.67
-2.0
3.33
2.33
0.67
2.0
-1.67
0.33
-2.67
-3.67
0.67
2.33
-0.33
0.0
-1.0
2.0
-1.0
1.0
3.33
-2.0
3.67
-0.33
-7.67
4.67
0.33
3.0
3.67
0.33
-0.67
1.33
-2.33
-1.0
-3.67
-3.0
1.33
-0.67
1.33
-3.67
1.33
2.33
2.33
-0.33
0.33
-1.67
1.67
-5.0
-1.67
3.0
-4.0
0.67
5.33
4.0
-4.67
4.33
-1.33
0.0
3.33
-4.0
-2.33
1.33
1.67
-1.33
0.0
-2.33
-5.67
4.67
0.33
-4.0
-0.33
1.67
1.33
-4.33
-3.67
6.0
0.67
4.33
-2.67
-2.0
1.0
2.0
-2.33
0.67
-1.0
1.0
-0.67
0.33
-4.0
1.67
0.67
-0.33
0.0
-1.0
-0.67
-2.33
0.33
-0.67
-3.33
-2.0
1.33
3.0
2.0
-6.33
3.67
1.33
2.0
0.67
0.33
-2.33
1.0
0.67
-0.67
1.0
0.33
-1.33
1.0
2.33
0.33
1.0
0.33
-4.33
-3.67
-1.0
-1.0
-1.0
-2.67
2.67
0.67
8.0
-1.0
-4.67
3.0
-3.67
-2.33
0.0
3.33
-4.67
-2.33
-1.0
-5.33
-1.67
-0.67
-1.33
-4.0
1.67
-3.67
1.67
1.33
-2.0
1.0
-2.67
-2.0
2.0
1.33
0.0
-4.33
-1.33
-7.0
-4.0
-0.33
-2.0
-0.33
-6.33
1.33
0.67
-1.33
1.33
-0.67
-3.0
2.33
-4.33
-1.67
6.33
-7.67
-4.67
-4.0
-2.0
-1.67
-3.0
1.0
-5.33
3.0
-5.67
3.33
-5.67
-1.0
-7.67
0.0
1.67
-5.33
-6.33
-2.0
-1.33
-4.0
0.33
-1.0
-2.33
-7.0
-1.33
-6.33
-7.0
-0.67
-6.67
-3.67
-5.33
-1.67
-7.33
-5.67
-5.33
1.67
1.33
-3.33
-1.67
-3.33
-2.67
-3.67
-8.33
-5.33
-1.67
-3.33
-4.67
-2.67
1.67
-3.0
-6.33
-8.0
-9.33
2.0
-2.67
-7.0
1.0
-8.0
1.33
-9.67
-1.33
-4.67
-1.33
-4.33
-4.0
-5.67
-7.67
1.0
-3.67
-6.33
1.0
-0.67
-3.67
1.0
-5.33
-7.33
-8.0
-7.0
-3.33
-6.33
-1.67
-6.0
-13.33
-5.0
-3.67
0.33
-5.33
-6.0
-1.0
9.0
-7.0
-8.0
-5.0
-2.0
-6.0
-1.33
-4.67
-6.0
-1.33
-7.67
-6.33
4.33
-5.67
-7.67
-8.67
-4.0
-6.0
-6.0
-5.0
-6.67
1.0
-4.33
-6.0
-8.67
-2.33
3.33
-3.33
-3.33
-7.67
0.33
-1.33
-5.67
-2.33
-7.33
-2.0
3.33
-4.67
5.67
-0.67
-1.67
-1.33
-2.0
6.33
6.33
-4.67
2.67
-2.0
-5.67
-6.0
1.0
-6.0
-2.67
0.33
-5.0
-2.0
-0.33
-3.33
-5.0
-3.33
3.0
-2.33
-7.33
-2.0
1.33
-4.0
-7.33
1.0
-7.33
-2.67
-3.67
2.33
-2.0
-3.0
-2.33
-9.67
0.33
-8.0
-8.33
-0.33
2.0
-9.67
-4.33
-5.67
-4.67
-11.67
-3.67
-2.0
-9.67
0.67
-11.67
-3.0
3.0
-11.67
-9.67
-3.0
-9.33
-10.0
-8.0
2.33
-7.67
-7.33
0.0
-11.33
1.67
2.0
-3.33
-4.33
-6.33
6.0
-7.0
1.0
-8.33
-3.0
-6.0
-1.67
-7.33
-6.33
0.0
-2.33
0.33
-11.33
-10.33
-4.33
-3.67
-3.67
-2.67
-6.0
1.0
-7.33
-11.0
-10.0
3.0
-4.67
-7.0
-2.67
4.0
-3.67
-6.67
-6.67
-2.67
-1.67
5.67
-3.33
-8.0
2.0
-3.33
-4.33
3.67
-5.33
-2.67
-10.67
-1.67
-11.67
-7.67
8.67
-6.33
-2.0
-3.33
-5.0
-6.67
-2.33
-3.67
-0.67
-10.0
0.33
-9.67
-6.67
-6.33
-5.0
0.0
-6.0
-14.33
0.0
-12.0
-4.33
-5.0
-9.33
0.0
-7.0
-8.67
-4.67
-1.33
0.67
-4.67
-6.33
-6.33
-15.0
-6.67
-3.0
-4.0
-8.33
-8.33
-6.33
-7.67
-13.33
-11.67
-7.0
-10.67
-14.0
-10.0
-4.67
1.67
-9.67
-4.33
1.0
-5.0
-5.67
-4.67
-5.67
-1.0
-13.0
-11.67
-1.67
-4.0
-7.67
-14.33
-3.33
-5.33
-7.0
-2.0
-14.0
-3.0
-5.67
-8.33
-4.33
-4.0
-9.33
-6.67
-12.67
-0.33
-3.0
-6.33
-12.0
-2.0
-1.67
-5.67
12.67
-7.33
0.33
-1.33
-6.33
-9.67
-3.33
-1.67
6.67
1.0
3.0
5.33
4.33
6.67
12.33
11.33
13.33
17.0
9.33
17.67
16.67
24.33
23.67
12.67
26.0
24.0
31.33
33.33
25.0
16.33
21.0
23.33
15.33
22.67
17.67
12.0
15.67
9.0
9.0
20.33
15.0
0.0
-1.33
1.67
7.0
3.33
-1.67
7.0
-8.67
-3.0
-2.0
2.67
-3.33
-3.33
9.0
3.67
7.0
-1.0
1.33
-8.0
5.67
-3.67
0.67
-4.67
-2.0
4.0
1.33
5.67
8.67
4.0
1.33
9.67
-2.67
-7.33
10.33
-2.33
6.33
3.67
5.67
1.67
12.67
4.33
-1.0
-4.33
5.0
3.33
-5.33
5.33
1.67
-1.67
0.33
11.33
1.67
-0.33
1.33
4.33
-8.33
-5.0
2.0
-1.0
-7.67
-1.33
-9.67
0.33
5.0
5.67
-0.67
4.0
3.0
6.67
-6.33
2.33
4.0
-3.67
-3.0
1.67
1.33
1.0
0.33
-4.67
2.67
7.33
5.0
6.67
-0.67
6.33
5.67
-2.33
2.33
4.33
-13.0
6.33
3.0
1.33
-0.33
0.33
-3.33
2.67
1.67
10.67
-2.67
8.67
4.67
0.0
-3.33
2.0
12.0
3.67
4.0
9.0
-3.0
3.0
-1.33
3.33
-4.0
2.33
-2.33
1.0
-3.0
1.33
6.67
9.33
-3.67
-3.67
-0.33
8.0
3.67
8.33
-8.33
3.67
11.67
-1.0
10.67
10.67
1.33
8.0
5.67
4.33
-1.0
-2.33
6.33
-7.33
2.33
5.0
8.67
-0.33
11.67
0.0
4.33
8.0
0.33
3.33
1.0
12.33
10.67
14.0
-6.0
-1.67
0.0
9.0
6.33
5.67
2.0
1.33
10.0
8.33
11.67
0.33
1.33
8.67
9.33
11.67
1.0
-1.67
13.33
8.0
-4.67
-2.0
6.67
-1.0
2.33
0.33
5.0
12.0
5.33
-1.0
4.33
4.0
7.0
6.0
-3.67
4.0
3.33
-4.33
5.33
-3.33
-5.67
9.33
-6.33
10.67
3.67
-8.33
6.0
0.0
12.67
9.33
4.0
8.33
12.0
5.33
3.67
0.67
-2.33
9.67
6.0
3.0
4.33
8.0
3.0
0.67
15.33
12.33
12.67
3.33
14.33
13.33
4.0
5.0
11.33
3.67
10.67
8.67
8.0
4.67
17.67
17.0
16.67
21.67
16.0
14.67
22.33
10.0
28.33
16.0
37.0
40.67
31.33
46.33
53.33
53.33
75.67
77.67
86.0
113.33
128.0
131.0
133.33
143.67
139.67
191.67
184.33
182.0
212.0
211.67
229.67
255.0
252.67
218.33
229.33
241.67
240.33
222.0
269.0
220.33
217.67
185.67
196.0
155.0
144.33
113.67
122.67
102.33
94.67
82.0
59.67
49.33
43.0
58.67
30.67
27.0
29.33
17.0
15.33
21.67
-2.67
4.33
-4.0
7.0
10.33
17.33
-0.67
9.67
4.67
1.67
8.67
10.33
9.33
13.67
16.0
5.0
1.67
4.67
5.0
2.67
3.0
7.33
2.67
4.0
2.33
-3.33
8.0
11.0
10.0
1.33
11.67
3.33
6.67
-2.67
18.0
16.0
13.67
-4.33
-3.0
4.0
12.33
11.67
6.67
8.0
-10.0
9.33
10.33
6.67
8.0
11.33
14.67
-3.0
12.67
19.67
8.33
8.67
10.67
4.67
-1.67
9.67
2.0
4.67
21.33
12.0
12.0
18.67
-1.33
13.0
3.67
3.33
8.0
0.67
11.0
15.33
4.67
16.0
-1.33
11.33
0.33
3.0
-5.33
8.0
9.67
-0.67
-4.0
10.0
-3.33
0.33
14.0
8.67
9.67
13.67
-2.33
-2.33
-4.33
6.33
3.67
5.67
8.67
14.0
11.67
2.67
2.33
7.67
2.67
5.0
7.33
20.0
-2.0
-1.33
-9.33
12.33
0.33
12.0
-1.33
3.0
-3.33
9.33
1.0
12.0
-4.0
12.0
10.33
-0.67
-6.0
6.0
0.0
8.33
5.0
10.0
3.0
7.67
-8.33
-3.33
-6.33
5.33
7.33
5.33
-1.33
-2.0
10.67
-0.67
9.0
-3.67
-2.67
10.0
4.67
7.67
8.0
2.0
6.67
6.67
7.33
13.67
7.67
7.0
4.67
4.67
1.67
0.0
-1.67
-0.33
0.67
4.0
24.67
14.33
-0.33
-2.0
-6.0
6.0
-9.67
13.33
1.33
7.33
6.67
8.0
12.67
15.0
1.0
14.33
20.33
-4.67
3.0
3.33
6.67
3.67
-10.67
6.33
29.0
4.0
3.67
-1.33
1.0
4.67
12.67
10.33
17.67
3.33
4.0
6.67
13.0
5.0
-1.0
14.67
4.0
5.67
4.0
9.0
7.33
16.0
-1.0
10.67
-12.33
10.33
-4.33
9.0
-12.33
6.0
4.33
2.67
-5.67
-2.67
-2.67
-1.67
1.0
2.0
-2.67
6.67
5.0
7.33
9.67
6.0
3.33
4.0
-0.33
6.0
-2.33
0.33
12.67
-1.33
6.67
8.67
3.33
7.0
1.0
8.33
6.0
12.33
6.33
9.33
0.67
10.0
14.33
2.67
8.67
12.33
1.33
13.0
15.0
-4.0
8.33
14.0
15.67
11.33
14.0
8.33
1.33
17.33
8.33
11.33
-6.0
3.33
21.67
7.33
14.33
18.0
0.33
-7.33
4.67
-2.0
13.0
10.0
-1.67
6.67
6.0
11.67
-5.0
9.33
5.67
-7.33
8.33
-4.67
-2.33
6.67
6.67
7.0
2.0
1.33
0.0
4.0
-6.0
2.0
-10.33
8.33
-3.67
-4.0
3.33
2.33
2.33
7.33
0.33
-5.67
7.67
2.67
7.0
2.67
8.0
-3.67
4.67
-3.67
-12.33
9.33
-11.33
-1.67
-1.0
-9.0
5.33
0.33
4.67
0.0
3.67
0.67
0.0
-2.0
6.67
6.0
6.67
2.67
8.33
4.33
2.67
-2.67
-1.33
-1.33
16.67
-2.67
3.0
-3.33
-0.33
1.67
-10.33
1.0
-2.33
9.33
-2.0
-7.33
-1.33
5.0
-0.67
-10.67
3.33
-3.67
0.33
-10.33
-5.0
3.33
5.67
1.67
-7.0
0.67
4.0
0.0
-0.33
-6.33
7.67
0.0
-2.33
16.33
-7.0
-8.33
5.67
4.33
9.0
2.33
7.0
3.33
0.67
-1.33
-3.0
6.0
1.0
1.67
-7.33
7.0
-1.0
0.67
11.67
7.33
4.0
2.33
10.33
2.67
3.67
7.33
4.0
7.67
3.33
7.33
4.33
2.0
10.33
8.33
5.33
9.33
-9.67
-1.33
8.67
15.33
2.33
0.67
-7.33
-4.33
4.0
4.0
-3.0
2.0
1.33
-3.33
-4.33
2.33
0.67
-3.33
0.0
-8.67
3.0
6.33
2.33
5.33
2.0
-0.67
-10.0
9.0
5.0
-1.67
-1.0
0.67
-2.33
-2.67
-1.33
-2.33
13.0
-3.67
-5.67
-0.67
3.67
0.33
-1.33
8.33
3.0
0.67
-0.67
-5.67
-6.0
-4.33
1.33
-1.67
-4.0
4.33
0.33
1.67
-1.0
-11.67
-4.67
-4.0
-4.0
3.67
2.67
4.67
-3.0
-2.0
-1.33
5.33
2.67
4.33
3.67
0.33
-4.0
-5.33
-3.33
-14.0
7.33
8.33
5.67
6.67
0.67
-10.0
-3.67
0.0
3.33
1.33
-9.33
-5.67
-6.0
-5.33
-7.0
1.0
7.33
8.33
5.0
4.0
5.33
-1.67
-2.33
-3.0
-4.67
-7.67
1.67
-4.0
3.67
-6.33
-7.0
-0.33
-1.67
-3.33
0.0
3.0
-6.0
2.67
3.67
2.67
6.33
1.0
-0.33
-2.67
3.33
-1.67
-10.0
4.0
-0.33
1.0
2.67
-3.67
4.33
-4.67
6.0
4.0
-4.33
5.67
3.33
3.0
1.67
-3.0
-3.33
1.0
0.0
-1.0
-0.33
2.33
9.33
3.0
-7.67
4.0
7.67
12.67
7.67
4.0
9.0
5.67
-3.67
1.67
6.67
5.67
11.0
-4.0
3.33
4.67
-0.33
-2.33
3.0
6.0
-2.0
8.33
7.67
4.33
-0.33
-0.33
-1.33
-5.0
6.33
0.67
8.0
-2.0
-2.0
8.0
7.33
3.33
-5.33
2.33
9.33
3.67
2.67
-6.33
5.0
1.0
-1.33
-4.33
-2.0
5.33
2.67
-3.0
7.0
5.67
1.67
-1.0
1.0
-1.33
-4.33
2.33
-6.33
0.0
1.33
-2.67
4.0
-2.33
3.67
-0.67
2.33
-0.67
2.67
1.0
1.33
2.0
-2.67
6.0
1.67
6.33
2.67
4.33
5.67
-1.67
-0.33
4.67
11.0
-5.33
1.0
-3.33
-4.33
-4.0
4.67
-0.33
2.33
-0.67
1.0
-0.67
5.0
2.33
1.67
6.33
8.67
0.0
-1.0
2.67
5.33
-2.33
3.0
-3.0
-2.33
0.67
0.67
1.0
-1.33
1.33
-2.67
-1.0
-3.67
1.67
1.67
3.0
2.67
10.67
-6.0
2.0
5.0
4.33
-5.0
6.0
-4.33
2.67
-1.33
7.33
0.33
2.67
2.33
-2.33
-2.0
2.0
0.67
-2.0
1.33
9.0
0.0
1.33
-6.0
2.33
2.33
