0.0
31.0
-35.0
-10.33
11.67
39.67
12.67
47.67
113.67
97.67
20.67
94.67
27.33
3.67
-20.33
64.33
55.67
25.0
85.67
54.33
-16.0
-1.0
-0.67
21.0
2.33
-1.67
3.33
1.67
4.67
-4.33
3.0
-4.0
-1.0
3.0
3.0
-1.67
-1.67
1.33
0.0
-0.33
2.33
-0.33
-0.33
1.67
-1.0
0.0
0.0
0.0
1.0
0.33
0.67
0.67
-0.33
1.0
1.0
-1.0
0.0
0.33
0.67
-0.33
1.0
-0.67
0.0
0.0
-1.0
0.67
0.0
1.0
0.0
-0.33
0.67
-0.67
-1.0
-0.67
-0.67
1.0
0.67
-0.33
-1.0
0.0
-0.33
-1.0
0.0
0.0
0.0
0.33
0.67
-0.67
0.33
-0.33
-1.33
1.0
1.67
0.0
0.67
1.0
0.0
0.33
0.0
-1.0
0.67
0.33
-0.33
-1.0
-1.67
-2.0
0.33
0.67
-0.67
-0.67
0.67
-1.33
-1.33
-2.67
1.67
3.0
1.67
-2.33
-0.33
1.67
1.67
0.67
-0.33
5.33
1.0
-1.0
0.0
-3.67
3.67
-4.33
0.67
-3.33
1.67
3.0
4.33
5.33
-0.67
-0.33
5.0
-4.33
-2.0
4.33
-3.67
-4.33
-1.33
-0.67
-1.0
-3.67
8.0
3.0
6.0
4.67
-3.67
-5.0
-3.67
3.33
4.67
5.0
1.67
7.33
-0.33
-3.67
-0.33
0.0
2.0
4.0
3.33
0.33
2.0
-2.33
-3.67
0.67
1.33
4.0
-3.33
0.0
-1.0
1.33
2.0
-5.67
-8.67
9.67
1.67
-4.33
2.33
-0.33
-5.0
-1.33
2.67
-5.33
0.0
5.33
-3.67
-4.0
-2.0
7.67
-1.33
6.0
-0.33
-1.33
-2.67
2.67
0.33
5.0
1.0
-4.67
-4.67
-1.0
4.33
5.33
-6.33
-6.33
1.67
-0.33
8.33
5.0
-0.67
-3.33
4.33
-0.67
-1.67
-1.33
1.33
7.33
-0.33
1.67
2.33
5.67
0.67
4.33
7.0
-0.33
0.33
-3.33
2.0
0.33
6.0
1.67
-2.67
-0.67
-0.67
9.67
0.0
2.67
2.33
-0.33
0.67
3.0
-5.33
-2.0
3.0
-3.33
0.67
-1.33
-5.33
-2.33
-1.67
-4.0
-0.33
6.0
9.33
3.67
2.0
0.33
8.33
5.33
-1.33
1.67
2.0
3.67
1.33
-3.33
0.0
2.0
-2.0
4.0
4.67
1.33
-4.33
-0.67
5.0
0.0
0.33
4.67
9.33
2.0
3.67
-1.67
-3.33
6.0
-6.67
-0.67
4.33
-3.0
5.0
1.33
-4.67
-6.67
-0.33
-2.67
5.33
-1.67
-1.67
11.0
4.67
11.0
4.0
-0.67
3.0
-5.67
-2.0
-3.0
6.0
-2.67
2.67
2.0
-7.67
5.67
2.67
6.67
1.33
1.67
-3.0
1.33
-4.33
7.33
0.0
4.67
-4.33
-4.67
0.33
7.0
1.33
3.0
-0.33
0.0
-5.67
2.67
-2.33
-5.0
4.0
4.0
-3.67
2.33
-0.33
0.33
-0.67
1.33
0.33
4.67
2.33
-4.67
-0.33
2.67
0.33
-2.67
-0.67
2.0
4.0
-0.33
1.0
0.67
-2.0
-2.67
-6.0
-6.33
5.67
1.67
1.33
1.33
3.33
-9.0
3.33
-1.67
14.33
-4.33
5.0
2.33
-0.67
9.67
4.0
-2.0
2.0
-1.33
0.33
0.0
0.67
-3.0
-0.33
2.33
1.67
3.67
-0.67
0.67
-2.0
1.67
0.0
9.0
-2.33
-2.33
-3.67
1.0
0.0
2.0
-0.67
2.33
5.67
-5.0
-0.33
-1.67
-2.33
1.67
1.33
5.67
3.33
-3.33
10.33
-1.67
2.0
-1.67
-4.0
-0.33
-3.33
4.67
0.67
3.0
1.67
-3.67
0.33
1.33
-1.33
1.0
1.33
4.33
2.33
-0.33
7.33
2.67
-3.33
-4.33
-4.0
-1.33
3.0
-1.0
3.67
-3.67
-6.0
0.33
0.33
2.0
-1.67
2.0
1.67
0.33
1.0
3.0
0.0
-4.33
3.67
1.0
2.67
0.67
3.0
1.33
1.67
10.33
5.33
0.0
0.33
1.0
-2.0
-1.0
-3.67
2.0
3.0
-0.67
-0.67
2.67
-2.0
-1.33
-3.0
1.33
3.0
-3.67
0.67
-3.33
0.33
4.33
1.0
-1.67
-3.67
-2.0
0.0
0.0
-0.67
1.33
5.0
-4.0
0.33
-0.33
1.33
5.0
-2.0
3.33
0.33
1.33
-2.33
2.33
4.0
-2.0
-2.67
0.0
2.33
2.33
1.67
2.0
8.33
4.33
0.33
-3.67
-2.33
-5.67
0.67
-2.0
4.0
-2.0
3.0
2.0
-0.67
1.0
1.67
5.67
-2.67
2.67
1.33
0.0
-0.33
0.33
0.33
-1.67
-1.33
3.0
-4.67
-4.0
1.33
-5.67
2.33
1.33
5.33
1.33
5.33
-2.33
0.33
0.33
1.67
1.0
3.33
-3.0
-2.0
2.67
0.33
-2.0
-5.67
1.33
-5.33
-3.0
2.33
1.0
4.67
-3.67
0.67
0.67
3.0
0.67
-5.67
2.67
-1.67
0.0
1.67
1.67
1.33
-1.33
-0.67
3.0
1.67
1.33
-4.67
0.0
6.0
0.0
-2.33
-3.33
-5.0
-1.0
-2.67
1.33
-3.0
4.67
2.67
-5.33
-1.0
-1.0
1.33
-4.33
-2.67
3.33
-3.33
2.0
1.33
1.0
-3.0
-0.33
6.67
-0.67
0.0
1.67
2.33
-2.33
-1.0
0.67
0.33
-3.0
-0.67
-1.33
-1.0
-0.67
3.33
1.0
-1.67
-4.33
-1.67
-6.0
0.0
-1.0
-1.67
-1.33
-6.33
-2.0
-5.0
1.33
1.0
1.33
-0.33
-1.0
-0.67
-0.67
-1.33
2.0
-2.33
-0.67
-1.67
-0.33
5.0
0.67
-3.67
-0.33
-3.67
3.0
2.0
-0.67
-1.0
-3.0
-3.67
2.0
-4.33
0.67
-5.0
0.0
-1.33
-2.0
-2.33
-5.33
1.33
3.67
-1.33
5.33
-2.67
-4.0
1.33
-5.33
-2.67
-2.67
-1.67
0.33
-4.0
-2.0
-3.67
-6.0
-4.0
0.67
3.0
-0.67
-5.67
3.33
-1.0
-1.67
-2.0
0.67
-2.33
-6.33
-6.0
-3.33
-3.0
-4.67
2.0
-1.33
-5.0
-1.33
-3.33
-4.0
-3.67
-3.67
-4.67
-7.33
-7.67
-5.33
-1.67
-4.33
-4.33
3.33
-7.33
-4.67
-1.33
2.33
-3.67
-1.33
-1.33
2.33
-4.33
-4.67
-3.67
-3.33
-1.0
-6.33
-7.0
-0.33
1.0
-2.67
-7.0
-3.0
-11.0
-5.67
-8.67
-1.33
-3.67
-3.33
0.67
-4.0
-4.67
-4.67
-7.0
-0.67
-3.33
-9.0
-3.67
-6.67
2.0
-5.33
-11.33
-5.0
-7.0
1.67
-5.33
-3.67
-9.0
-10.33
-9.0
-7.67
-1.67
-4.33
-5.0
-5.0
-7.0
-3.0
-10.0
-3.0
-4.0
-4.0
0.67
-5.67
-3.0
2.67
-7.67
-5.33
-2.67
-1.67
-5.67
-8.67
-7.0
-4.0
-5.0
-6.0
1.33
-1.0
-6.33
-2.0
-9.67
-1.33
0.33
-3.33
-2.33
3.33
1.33
-0.33
1.33
-2.33
1.67
7.0
7.33
10.33
17.67
14.33
9.33
8.67
18.0
5.33
13.33
25.33
9.67
16.0
14.33
14.0
9.0
5.0
12.33
3.33
1.0
-1.0
-1.33
-4.33
-9.0
-4.33
-4.0
-0.33
-8.33
4.0
-3.67
-7.0
-3.33
-7.0
-3.33
-3.67
-7.67
-3.67
-7.0
-9.0
-5.33
-10.67
-8.67
-9.0
0.67
7.67
-3.0
-3.67
-4.33
-5.67
-9.67
-10.67
-4.67
-4.0
-8.67
-6.33
-7.67
-2.0
-1.0
-4.67
-4.67
-7.0
-4.33
-10.0
-5.0
-0.67
-10.67
-3.33
-9.0
-8.33
-0.33
-3.0
-3.33
-8.33
-0.33
-2.0
-10.0
-7.0
-10.33
-3.0
-16.0
-7.67
-11.33
-8.33
-3.0
-10.33
-2.67
-3.33
-12.33
-4.33
-8.67
-4.67
-4.67
-7.0
-5.0
-17.33
-1.0
-15.0
-8.0
-12.67
-3.0
-5.67
-2.0
2.33
-4.67
-1.67
-10.67
-10.67
-3.33
-4.33
0.0
-2.0
-6.33
-8.33
-5.33
-11.33
-8.67
-3.67
-13.67
-11.67
-3.67
-3.33
-3.33
-4.0
-8.33
-8.0
-7.67
-10.33
-13.67
-9.67
-5.0
-12.67
-3.67
-7.67
-7.33
-7.0
-9.0
-5.0
-4.33
-4.0
-13.0
-12.33
-4.0
0.67
-7.0
-6.0
-10.67
-4.67
-7.33
-4.33
2.33
-10.33
-0.33
-11.0
-11.67
-16.0
-4.0
-7.33
-4.33
-11.33
-4.67
-13.33
-6.67
-9.0
-18.67
-11.0
-6.0
-4.67
-0.33
-7.67
-9.33
-5.0
-7.0
-0.67
-10.67
-10.67
-3.0
-14.0
-10.67
-4.67
-3.0
-13.67
-13.33
-11.33
0.67
-4.0
-5.0
-16.0
-8.0
1.33
-12.33
-4.33
-11.0
-5.33
-3.67
-12.67
-6.33
-12.0
-9.33
-10.0
-3.0
-3.67
0.33
-2.33
-14.33
-1.67
-1.33
-1.33
-6.67
-6.33
-10.67
5.67
-1.0
6.0
-0.67
1.33
4.67
-5.67
5.33
12.33
9.0
0.33
8.67
4.67
14.33
9.67
8.67
13.0
13.0
7.33
0.33
16.0
8.33
11.0
12.33
6.33
-0.33
12.67
-7.0
-0.33
2.0
1.0
3.33
9.0
-1.0
-9.33
1.67
8.0
-7.67
-1.67
-3.0
-2.67
-5.0
2.0
-5.33
-5.33
-10.33
-5.0
1.67
-1.0
-6.0
-8.67
-5.0
-4.33
-0.67
-1.33
0.33
-7.0
2.0
6.33
2.67
-7.33
4.0
-2.67
-6.33
-0.67
-4.33
3.33
-7.33
-0.67
-6.33
-5.33
9.67
6.67
-1.67
-6.0
-7.33
4.0
2.33
-8.33
1.33
-5.33
-5.67
-5.67
0.33
1.67
-4.33
3.33
0.33
0.67
0.0
-4.0
-5.0
-0.67
-12.33
-5.67
0.33
-1.0
-1.33
-3.67
-8.0
-1.0
6.67
-3.33
-2.67
2.0
-1.67
-2.0
-7.33
-1.67
-5.0
-2.67
1.33
-6.33
0.33
-1.0
2.67
-1.67
-6.67
-2.33
5.67
1.33
5.33
2.0
-0.67
3.0
-0.67
2.67
7.33
3.67
-2.33
3.67
5.67
3.33
-3.33
0.67
6.0
5.67
-5.0
1.0
-2.33
-4.0
-3.0
6.0
-5.0
-3.33
-1.67
-8.0
-0.67
-2.33
4.0
-4.0
-2.67
-2.33
-5.67
0.33
0.33
-0.33
2.0
2.67
5.33
-10.33
-1.33
-1.33
-2.0
2.67
11.67
-9.67
10.0
11.67
-4.67
3.0
-3.33
-9.67
-8.33
0.33
-3.0
1.67
-0.33
5.67
-3.0
4.33
6.0
-12.67
3.33
13.0
-5.67
15.67
17.0
3.0
-2.67
-6.0
11.0
0.33
-3.33
7.0
7.33
17.0
0.33
4.67
7.33
-3.67
-1.33
-2.67
3.67
0.0
4.33
11.33
-7.0
3.33
-2.0
6.67
-13.0
-9.67
5.33
6.0
4.0
-0.67
1.0
5.33
-5.0
-6.0
5.0
4.33
10.0
-0.67
-2.33
-3.67
-8.33
-0.67
-2.67
-1.33
-3.33
0.67
3.67
-2.0
2.0
9.67
-2.67
0.0
8.33
-7.0
10.33
1.67
-3.33
2.67
6.67
6.0
1.0
8.33
-1.0
0.0
2.67
12.33
1.33
-0.33
-6.67
9.33
-0.67
2.0
-5.0
2.33
4.67
-1.33
-2.33
16.0
5.67
11.67
6.0
3.67
-1.33
5.0
4.67
7.33
6.0
15.33
13.0
29.0
11.67
23.33
34.33
36.33
45.33
36.67
39.67
61.0
85.33
70.0
82.0
78.33
84.67
109.67
118.67
120.33
141.0
121.0
127.67
144.67
124.0
110.67
138.33
131.33
143.67
139.33
132.0
156.0
111.33
124.67
117.67
105.0
132.0
74.33
84.67
85.67
70.33
63.67
66.0
41.67
18.33
36.0
27.67
21.67
14.0
18.33
13.0
9.33
16.67
-3.67
3.33
13.0
-5.0
-0.67
6.33
0.33
8.67
7.67
2.67
1.67
9.33
6.33
-7.33
-1.0
1.0
2.67
5.67
9.0
-3.33
0.0
4.33
-0.33
3.0
5.33
-7.33
-6.0
-1.0
-6.0
6.33
-5.33
-4.67
1.67
6.33
6.0
8.0
-0.33
-5.33
-6.0
3.0
-5.67
-3.33
1.67
4.0
-10.0
7.33
5.33
4.67
-2.0
-0.67
9.67
-3.0
-6.33
-0.33
3.33
4.67
4.67
4.67
4.33
0.67
5.0
10.67
10.33
4.0
7.0
3.67
2.67
12.0
-2.33
4.33
-1.0
-5.33
2.0
7.33
-1.33
5.0
-2.33
0.33
6.33
3.0
1.67
12.0
-7.33
-8.67
-5.0
4.0
-5.33
6.33
11.0
-0.33
2.67
-0.33
0.67
-8.33
3.67
-10.67
-4.33
5.67
8.67
3.0
4.67
-2.33
-3.67
-2.33
2.67
-2.0
-5.67
2.0
-4.0
-1.33
-20.33
12.33
-9.67
-3.0
-1.33
-4.0
-7.33
3.33
3.0
1.0
9.0
-3.0
7.33
6.33
-8.0
3.0
-7.0
6.33
5.0
6.0
4.0
-8.33
3.67
-5.33
-0.33
8.33
4.33
-6.67
-7.33
0.0
2.67
-3.67
-5.0
1.33
-3.67
-4.0
-2.33
-2.33
8.0
-11.0
9.67
-6.33
-9.67
3.67
1.67
0.0
6.67
13.67
7.67
-7.0
6.33
-2.33
6.67
8.0
3.67
0.33
6.67
-4.0
-8.0
-6.0
7.33
-0.67
2.33
7.33
8.67
5.0
4.67
9.0
3.0
3.33
3.33
-5.67
-4.0
15.33
5.67
7.67
11.33
3.33
4.0
4.0
10.67
9.67
0.0
-3.33
2.67
3.33
6.67
-5.67
-2.0
9.67
-5.0
6.0
3.0
0.67
1.0
8.67
1.0
-3.0
5.33
-5.0
-5.0
13.67
-5.33
11.33
2.67
6.0
-7.33
-3.0
-3.67
1.67
-9.67
2.33
-2.67
4.33
-6.0
-2.0
5.33
7.67
6.0
4.33
-5.33
2.0
-8.67
3.0
0.67
9.0
-1.33
1.33
5.67
2.67
2.67
1.67
4.33
-11.0
-1.0
6.33
12.0
7.33
1.33
7.33
-3.33
-2.0
11.33
17.67
9.67
19.33
-14.67
10.0
-2.0
5.0
4.33
1.0
8.67
-3.67
8.0
17.33
2.33
-19.67
19.33
4.33
1.0
5.33
15.67
-1.67
2.33
13.0
7.33
-15.33
-3.33
-10.0
7.0
-7.0
-1.67
-5.33
7.0
12.67
-10.0
-5.67
-5.33
-14.33
-3.67
5.33
-2.33
0.67
-4.33
4.0
11.0
7.33
-6.0
-3.0
1.0
2.0
-2.33
7.33
-3.67
-4.0
0.33
10.33
1.33
3.33
4.33
-11.67
-2.33
2.67
0.0
-5.33
-5.0
-7.67
-4.33
-3.67
2.67
5.33
-3.33
5.33
9.0
-5.0
2.33
3.33
4.67
-5.0
6.67
1.67
4.0
-4.0
2.67
-4.0
3.67
2.67
7.33
6.33
5.67
5.33
0.67
-1.33
6.67
6.33
0.0
-4.33
2.67
0.67
3.67
-9.0
-5.33
-7.67
5.0
-2.33
-8.33
-1.0
0.33
-6.67
-2.67
-6.67
-2.67
-3.33
-4.0
6.33
2.67
2.67
1.0
2.67
7.0
3.0
2.67
-2.33
7.67
2.0
10.67
4.33
-2.0
1.67
-3.33
12.33
2.0
5.33
2.0
-1.67
12.67
2.67
-1.0
7.0
3.0
1.67
5.67
2.0
9.0
-1.33
-1.33
16.33
8.0
2.33
2.33
1.67
5.67
1.33
-1.0
8.67
2.33
15.33
10.33
12.0
7.33
5.33
4.33
5.33
-7.67
9.67
4.67
-1.67
2.33
6.67
-1.33
1.67
7.0
1.0
4.0
2.0
1.33
0.67
3.67
1.33
2.67
0.67
1.0
-7.67
-1.0
-2.67
5.33
3.33
0.0
3.33
-3.0
5.0
0.0
1.33
7.0
-0.33
-2.33
7.33
-3.33
5.67
3.0
-1.67
6.33
5.33
-5.33
-3.67
-4.33
7.33
3.0
0.67
-3.67
-1.67
-1.0
-0.33
-1.67
-0.67
3.0
-0.67
-7.67
-2.33
-4.0
-7.67
7.33
8.0
-9.0
0.67
-4.33
-6.33
8.0
3.0
3.67
8.33
3.67
-3.67
3.67
7.33
1.0
-3.33
-5.33
-1.0
-7.67
1.33
3.67
-1.33
-7.33
-3.0
-1.67
2.0
7.33
7.33
5.67
2.33
-3.0
-1.33
-3.0
5.0
4.33
8.33
1.0
2.0
9.33
-4.67
1.67
-8.0
-4.67
-2.67
0.67
-3.0
-1.33
-5.33
-3.0
-2.33
0.33
-1.33
-5.0
-6.0
-9.0
-3.33
3.67
3.67
5.33
2.0
-10.33
-2.67
-1.67
2.33
1.0
-3.0
-1.33
7.0
1.67
-1.67
8.33
-11.67
2.0
-2.0
1.67
-1.33
6.33
-2.0
5.67
2.0
-2.33
-3.0
15.0
-5.0
2.67
-3.67
3.33
-1.0
6.33
8.0
2.67
-0.33
8.67
-2.0
17.0
5.67
-2.67
0.67
1.67
6.67
4.0
-3.0
8.33
7.67
2.67
-3.33
7.0
-1.0
1.0
8.33
8.67
-3.67
1.67
-7.33
-3.33
-2.0
3.33
-1.33
3.0
-6.0
-3.0
3.0
4.33
6.33
-5.33
7.33
-2.67
4.67
4.67
2.67
4.0
-4.0
-3.33
-4.33
-1.0
0.33
2.67
-3.0
4.0
4.67
-0.33
-5.0
6.0
4.67
-2.33
8.33
1.67
-3.0
-1.67
-1.67
1.0
4.67
-0.33
-1.67
-6.67
-5.67
-2.33
6.0
-1.67
1.0
-2.67
-6.0
-0.33
3.33
-1.33
2.33
3.67
-0.67
-1.33
-3.33
0.0
-2.33
-2.0
-0.33
-0.33
-1.0
-5.33
-4.33
-1.67
1.33
0.0
9.33
0.0
2.33
0.67
3.33
-4.33
3.0
-2.0
-7.33
5.33
2.67
4.0
-3.0
-1.33
-1.33
4.67
-1.0
0.67
-0.67
-5.67
-8.0
-4.67
-1.33
4.67
7.0
1.67
2.67
-5.0
6.0
2.0
-0.67
-4.0
6.0
-2.33
0.67
3.67
-2.67
2.33
2.67
0.33
2.67
0.0
-1.0
2.67
2.0
2.33
5.0
-3.0
3.33
0.0
2.33
-0.67
