0.0
-16.0
-10.0
-107.33
14.0
-54.33
-91.67
10.67
-13.33
-25.33
-43.0
38.0
34.0
-59.0
23.33
49.33
27.33
-48.33
4.33
42.33
23.33
15.33
31.0
24.0
-4.67
-1.33
0.33
14.0
3.33
-2.67
6.0
1.67
1.67
8.33
-5.67
-3.0
1.33
-3.33
-1.67
0.67
0.33
0.67
-0.67
-0.67
-1.0
-0.67
0.0
0.33
-0.33
0.0
-0.33
0.33
0.33
-0.33
0.0
0.0
0.0
0.0
-0.33
1.0
-1.0
0.0
-0.67
-0.33
-0.33
1.33
0.67
-0.33
0.0
-0.67
1.0
2.0
-1.0
-1.0
0.0
-0.67
-0.33
1.0
-0.67
-0.33
0.67
-0.33
-0.33
-0.67
-0.33
0.67
1.33
-0.33
-0.33
-0.67
0.67
-1.33
-1.33
-1.33
-0.67
-0.67
0.0
0.0
2.67
1.33
-2.0
0.0
-0.67
-2.0
-0.33
-1.0
-0.33
-0.33
2.33
-4.33
0.33
-1.33
3.0
1.33
-1.0
0.67
4.67
2.0
3.33
1.33
-3.0
-0.67
1.33
8.33
1.0
-5.33
0.67
0.0
-0.33
-2.0
-0.67
-2.33
0.0
2.33
4.0
5.67
4.0
2.33
-0.33
0.33
-4.0
-1.33
10.33
-1.67
-3.33
2.67
1.67
-5.0
6.33
-3.67
3.0
1.0
0.67
1.0
4.33
0.67
-1.33
2.33
0.33
0.0
2.0
-4.67
-0.33
-4.0
-4.0
-9.0
1.0
-5.0
-1.33
-2.0
-2.0
2.33
5.33
-3.67
0.33
0.0
2.33
4.33
-6.67
5.67
-4.33
0.67
12.67
-4.33
1.0
-7.0
-0.67
1.0
8.33
1.33
1.0
6.67
2.0
-1.0
4.67
3.33
-3.0
2.67
5.33
2.67
-3.33
-1.67
1.33
1.33
0.0
1.33
-1.33
5.0
-5.0
-0.67
-0.67
-0.67
9.33
-1.67
-1.33
6.33
10.0
4.0
7.33
10.67
-3.67
4.33
-0.33
-3.33
0.67
5.33
6.67
2.0
1.67
-1.33
3.33
3.33
6.67
3.0
6.0
-0.33
-2.33
7.67
9.0
-0.33
3.0
-3.0
3.0
3.33
3.33
0.0
2.67
5.0
8.0
4.67
-5.67
2.33
-1.33
8.33
-2.0
3.0
2.0
-2.0
0.67
-2.0
-0.33
0.33
3.67
-3.0
4.0
3.33
5.33
6.0
-0.67
-5.0
0.0
2.33
4.33
2.0
-0.67
1.67
6.33
3.0
4.67
4.0
-1.33
8.0
-1.33
6.33
2.33
4.0
1.67
3.67
-1.33
-2.67
-5.33
0.33
1.0
0.67
-1.0
-3.33
1.0
-4.0
1.33
2.33
1.67
1.0
2.0
1.67
3.0
3.67
8.33
0.0
1.0
1.33
-0.33
-2.33
-1.33
-0.67
0.33
1.67
-4.0
2.33
2.33
4.33
1.33
-2.33
8.0
-7.33
2.0
0.0
-2.33
3.67
1.33
9.33
2.0
0.0
-4.33
3.0
2.0
0.0
1.33
3.33
5.0
-1.0
3.33
-1.0
-1.0
2.33
2.67
8.67
-0.33
0.67
0.33
9.0
-0.67
4.67
0.0
1.33
-2.33
1.67
2.33
8.0
-0.67
3.0
-2.0
-0.67
2.0
-2.0
0.33
-0.67
-2.0
2.67
-0.33
5.67
2.0
7.0
-3.0
6.67
4.33
-3.33
-4.0
1.0
-2.33
-0.33
9.0
9.33
-3.0
3.33
11.0
1.33
3.0
5.0
-0.33
4.33
-2.0
3.33
6.0
-6.67
0.0
0.33
1.0
1.67
4.0
1.67
-0.33
-3.0
0.67
1.67
2.67
0.33
0.0
-2.0
-1.67
-2.67
3.33
-3.67
-1.0
8.0
-0.33
3.67
3.67
0.67
6.33
3.33
0.67
3.67
0.67
0.0
-0.33
8.33
3.0
2.33
-1.67
2.67
-2.0
0.33
7.33
-1.0
1.0
-3.67
2.33
3.33
-0.67
0.33
-4.33
-2.67
-1.33
1.0
3.67
0.33
1.67
-1.0
-1.67
0.33
-1.0
-2.33
-2.0
-0.33
-1.67
3.33
-3.67
4.67
-2.33
-0.33
1.67
0.67
1.33
1.33
2.67
-0.33
1.0
5.33
3.0
4.0
3.33
4.0
2.33
-1.33
-0.33
-2.33
-3.0
-4.67
-0.33
-2.33
1.33
2.0
0.67
-1.33
4.33
4.67
-2.33
-4.67
1.33
0.33
3.33
4.0
1.67
0.33
-2.0
-1.67
0.67
-1.67
-4.67
-0.33
-3.33
-3.33
1.67
1.0
-6.0
-2.0
1.33
-3.0
-5.33
-3.33
-0.33
1.67
-3.67
-5.0
1.67
-3.67
8.67
2.67
-5.67
4.0
2.33
0.33
-1.0
-3.33
1.67
-0.33
-0.33
2.67
3.33
3.67
8.67
2.33
-1.67
-0.67
9.0
1.0
-2.67
3.67
1.33
1.67
1.33
-0.33
-1.67
5.33
1.33
-0.67
2.0
-1.33
2.33
-5.0
2.33
0.67
2.67
-2.0
2.33
5.33
-1.33
5.33
5.33
-0.33
3.0
0.67
-0.67
1.33
3.0
-2.67
1.0
10.33
4.0
4.67
3.0
-3.0
-1.67
1.67
5.0
-2.33
2.33
1.0
-0.33
3.67
0.0
-2.67
-4.67
-4.33
2.0
3.33
2.33
-5.67
-2.0
0.0
3.0
0.0
3.0
0.67
2.0
-3.33
2.67
2.67
-0.67
-1.33
3.0
1.33
-3.0
-3.33
-2.0
-0.67
-1.0
1.0
1.33
6.0
1.0
-3.33
1.0
-3.0
0.0
0.0
-0.67
4.67
-2.0
-5.33
-1.67
-8.0
-2.33
-4.33
-2.33
-1.67
-3.0
-3.33
-4.0
2.67
1.0
2.0
-4.0
-2.0
0.33
1.67
-4.0
-5.33
-2.0
-1.67
2.67
-3.67
-1.0
-1.67
-3.33
-4.33
5.33
1.67
-3.67
-3.0
-3.0
-4.33
1.33
-1.33
1.0
-3.67
-2.0
-6.33
-0.67
-1.67
-2.33
-2.33
-3.0
2.33
-2.0
-6.67
2.0
-4.33
-0.67
2.33
1.0
-4.0
-4.0
-3.0
-4.33
0.0
-4.67
-2.33
-6.67
5.33
-5.33
3.67
-3.0
3.67
-3.0
-6.67
-0.67
-3.33
0.33
-4.0
-6.67
2.0
-4.67
-0.67
-2.67
-5.67
-4.0
-8.33
0.33
-7.33
-6.33
0.33
-7.0
-2.0
-1.67
-2.0
-3.0
-1.0
-0.67
-5.33
-8.0
2.0
0.33
-5.0
-1.0
0.33
-5.67
0.0
-2.0
-1.33
-14.0
1.33
-7.33
-9.33
-2.67
-3.0
-3.67
-3.67
-8.67
-3.0
-6.67
-1.33
-7.67
-0.67
-8.0
-4.0
0.67
-6.33
-2.33
-3.0
-3.33
2.0
-1.0
-6.33
-1.67
1.0
-1.33
2.33
-4.33
-6.0
0.67
0.67
-0.33
-3.67
-2.33
-8.0
-7.67
-3.67
-4.0
-3.67
-3.67
-5.0
-3.67
0.67
-3.0
-2.0
-6.0
0.33
-4.0
-3.33
1.0
-6.33
2.0
-0.33
-3.33
1.0
-2.0
-2.67
-2.67
-9.0
-8.67
-7.0
-5.0
-1.33
-11.33
1.0
-4.33
-3.33
-7.33
-5.33
-2.0
-1.0
-8.33
-4.33
-9.33
-3.67
6.0
0.67
10.0
2.67
-5.0
6.0
-3.33
-1.67
-3.0
8.67
3.67
4.67
9.0
0.67
-6.0
12.67
2.0
9.67
10.0
-1.67
3.33
5.67
8.0
4.0
0.0
2.33
1.67
-0.33
-4.67
-2.67
-4.33
2.67
2.0
-1.0
-0.33
-1.67
-2.33
-2.67
-7.0
6.67
-3.33
-5.0
-7.33
-4.33
-10.0
-2.0
-9.67
-12.33
3.0
-1.0
2.0
-6.67
-2.67
-5.67
3.33
0.33
-4.67
-6.33
-2.33
3.33
-1.0
-1.0
-8.67
-1.0
-9.33
-7.33
-1.33
-1.0
4.0
-5.0
4.0
-5.0
-5.33
-7.33
-12.0
-5.0
-7.33
-7.33
-1.67
-9.0
-11.0
1.33
-0.67
-10.33
-6.33
-12.0
10.0
-5.0
-5.33
0.67
-1.67
1.67
-7.33
-1.67
0.0
-10.33
-5.67
-6.33
-5.67
-8.67
-1.0
-7.67
7.0
-5.67
-13.33
-7.33
-9.67
-1.0
4.67
-8.67
-7.0
1.0
-5.33
-7.0
-0.67
-5.33
-10.67
7.0
-1.0
-6.33
-4.67
2.33
-6.33
-5.33
-6.0
-7.0
-6.33
-1.33
-10.33
-4.67
-12.67
-4.0
-4.0
-6.67
-11.0
-8.67
-8.67
1.0
-3.67
10.33
3.0
-15.0
5.67
-7.0
4.0
-5.33
-2.0
-3.33
-4.33
-0.33
-0.33
-6.67
-1.0
-12.67
-3.67
-15.67
1.33
1.0
-4.67
-4.67
-4.0
-5.33
-0.67
2.67
-7.67
-1.33
-8.67
1.67
0.0
-2.0
-5.67
-10.0
-8.33
-6.67
-5.67
-8.67
-5.0
-0.67
-7.67
-9.0
-4.67
-3.33
-3.67
2.67
-9.0
1.33
-4.33
-0.33
-8.0
-8.33
-3.67
-13.0
3.33
-10.67
-5.33
-0.67
1.33
-5.0
-6.33
-3.67
4.0
-6.0
0.33
-3.33
-2.67
-4.0
-7.67
1.33
1.0
-12.0
-4.0
-5.67
-6.67
5.33
-7.0
11.33
-1.0
-3.0
-1.33
0.33
-3.33
9.67
-4.0
5.33
4.0
11.33
2.67
11.67
1.0
7.0
9.67
2.67
32.67
31.33
26.67
28.0
19.33
33.67
24.33
23.33
25.67
20.0
22.33
27.33
31.67
24.0
10.67
18.33
20.0
16.67
19.33
-1.33
11.67
0.67
6.67
7.67
4.67
2.33
10.0
3.33
-7.33
7.0
0.67
2.67
-2.0
-10.67
-2.0
-3.0
3.0
7.33
5.0
-0.67
5.33
-5.33
-2.0
0.0
1.67
-3.67
-6.67
12.0
0.33
-0.67
-3.33
-4.33
2.33
-4.67
-9.33
0.67
0.0
2.0
-6.0
7.33
2.67
8.33
6.67
4.33
-4.33
0.0
-2.67
0.0
1.0
2.67
6.33
7.67
3.67
8.33
11.67
1.67
-3.0
-2.67
2.33
3.33
6.0
6.33
5.0
10.33
-0.67
3.67
2.0
-0.67
5.33
1.0
2.0
7.67
-1.67
4.67
1.33
-0.33
8.0
3.67
-3.0
8.33
7.67
-1.0
1.0
1.33
8.0
4.33
4.33
-0.67
-1.67
8.33
2.0
4.67
7.0
-4.0
0.33
0.0
4.0
7.33
12.33
-7.0
-4.67
4.0
8.33
13.67
17.0
2.33
-1.67
8.0
0.33
-1.0
8.67
1.33
9.67
4.67
6.0
-0.67
-0.33
8.33
1.67
-2.33
0.33
0.33
-8.0
6.33
6.33
10.0
-1.67
6.33
-2.67
2.0
9.67
15.67
13.67
0.33
15.0
4.0
19.0
-6.67
13.33
-2.33
3.33
-0.67
-0.67
2.33
3.33
4.67
3.0
4.33
0.33
6.67
-3.67
-8.67
0.33
-0.33
-2.33
8.67
3.0
0.33
5.67
6.67
-3.33
6.67
-1.67
-5.0
7.67
6.0
0.0
2.33
5.33
7.0
9.67
3.67
2.0
0.33
6.33
0.67
13.67
3.67
10.33
2.67
1.0
9.0
1.33
11.0
6.33
3.67
2.67
-0.33
10.0
10.0
-4.67
2.0
8.0
7.33
1.67
-1.33
-2.67
10.33
4.67
6.33
14.0
-1.0
9.0
9.67
-3.67
16.33
4.33
-1.33
9.0
5.67
5.67
13.67
-4.33
7.67
7.33
4.33
5.33
7.67
1.67
4.67
1.67
13.0
10.67
8.67
11.33
13.33
5.0
2.33
5.33
-3.67
8.0
10.67
7.67
9.0
4.33
9.33
4.0
20.33
13.33
20.0
11.33
11.0
21.0
17.67
25.0
22.0
41.33
51.33
41.67
43.0
39.0
51.67
63.0
67.33
78.33
96.0
113.67
118.33
111.67
133.0
128.0
148.0
143.33
167.67
178.0
150.33
183.0
183.0
168.0
179.33
165.67
174.33
154.33
157.33
142.0
131.33
107.67
142.33
107.0
114.67
75.33
83.33
59.67
68.67
40.67
46.33
33.67
16.0
39.33
22.33
7.0
23.67
11.67
18.33
-5.0
14.0
16.67
10.33
10.0
6.33
19.0
17.0
6.33
20.33
0.0
12.0
7.67
11.67
-1.67
7.67
4.0
9.0
11.0
4.67
8.67
9.0
0.0
-6.0
21.33
4.0
6.67
6.67
9.0
1.0
-11.33
8.67
11.67
10.0
5.33
10.67
15.67
10.33
-4.0
7.0
2.33
7.0
7.33
1.67
16.0
-0.33
9.0
11.67
8.0
3.67
7.67
22.33
9.33
15.67
7.33
6.33
7.33
16.33
15.0
-2.67
16.33
7.67
7.33
-1.0
10.0
6.67
9.67
-2.33
-1.67
2.67
18.33
-3.67
4.67
2.67
13.0
10.0
7.0
14.67
5.67
4.0
12.33
6.67
5.67
11.0
5.67
-2.0
8.0
3.67
15.33
6.0
7.33
-10.33
9.0
11.0
12.67
-1.0
-4.67
-6.33
11.33
8.0
6.67
-8.0
12.0
0.67
-5.67
-2.0
-4.0
3.0
6.33
3.33
4.67
-0.33
4.67
-5.0
5.67
8.0
3.33
6.0
16.33
-3.0
5.0
9.33
-1.0
-0.33
-1.67
5.33
-6.0
14.67
11.33
-5.67
6.67
4.33
0.67
2.67
2.67
-2.33
17.33
8.0
-4.33
0.0
1.0
3.67
8.0
8.33
7.33
12.0
-5.33
12.67
5.33
2.33
-0.67
27.33
9.0
3.67
10.33
9.67
15.0
15.33
-3.0
-3.33
-2.0
5.0
3.33
-5.33
1.0
-2.67
15.0
29.67
1.0
5.0
0.67
3.67
17.33
5.67
10.33
5.33
10.33
4.33
8.33
3.33
5.67
11.33
1.0
10.67
5.67
26.67
21.67
9.33
13.33
9.67
3.0
8.0
2.33
2.33
7.0
-1.0
5.33
-0.67
19.33
6.0
1.33
14.33
10.0
7.67
0.0
12.0
1.67
8.33
-2.33
0.0
2.33
-6.0
-8.0
2.33
8.33
3.0
7.0
8.67
1.0
-2.0
-1.33
3.67
5.33
-2.67
14.67
8.0
6.0
10.33
-0.33
-5.67
-5.67
-1.0
14.33
6.33
4.33
-4.0
1.67
9.67
9.67
16.33
4.33
0.67
15.33
6.33
-3.0
35.67
-4.0
24.67
3.33
3.67
8.0
6.33
12.0
12.33
21.0
9.67
5.0
6.67
8.0
6.67
0.0
23.67
-2.0
11.67
6.33
6.0
12.67
-1.0
18.33
10.67
3.0
12.33
4.67
1.33
-1.0
19.0
7.33
0.67
27.33
12.33
2.67
20.0
4.0
7.33
-6.33
-3.33
18.67
9.33
11.33
10.67
-0.67
8.67
6.0
-0.67
0.67
12.33
-1.0
1.0
8.67
-4.67
-11.33
9.67
4.33
-1.67
-6.33
-2.0
2.67
-5.33
5.33
8.0
6.33
-16.67
1.67
6.0
1.33
-0.67
-7.0
11.0
5.33
-3.0
-6.0
5.33
-6.33
0.0
7.67
3.67
-0.67
-2.0
3.0
-7.33
-4.33
-6.67
-1.0
0.0
-1.67
-1.67
7.0
-3.0
6.33
8.67
-3.33
-8.33
-0.33
1.67
4.0
1.67
9.0
-11.33
11.0
6.0
-1.67
7.33
-3.67
2.0
0.33
-2.0
0.0
-5.33
15.0
-3.67
-4.0
-0.33
5.67
-1.67
-10.0
11.0
9.33
-5.0
3.33
2.67
2.33
0.0
-1.67
4.67
-1.33
-0.67
4.0
-0.33
-6.67
-3.0
2.67
-7.33
-11.33
3.33
0.67
5.67
0.33
-2.33
-2.67
4.0
8.67
0.0
0.33
4.67
9.67
-1.0
8.33
5.0
11.33
10.33
12.67
7.67
0.0
3.67
16.33
5.33
3.0
19.0
-1.67
5.33
15.33
0.67
-0.67
9.67
2.33
2.33
4.33
8.33
8.67
11.67
-2.0
17.67
2.67
4.0
-6.0
4.0
14.0
2.33
2.33
-2.0
-2.67
-0.33
4.0
-8.0
9.0
3.67
13.67
1.0
-2.0
-8.0
-0.33
-1.33
-1.33
1.33
-4.33
0.0
2.33
-2.33
0.0
-2.67
8.33
-4.0
10.33
-1.33
3.33
-1.67
1.67
8.67
-3.0
-3.67
1.33
5.33
-3.33
5.67
-4.67
6.67
0.67
1.67
-4.0
2.33
3.0
8.67
4.0
-8.67
3.67
-2.33
5.0
5.0
-0.67
7.0
-4.33
2.33
-4.0
-2.33
-6.33
0.33
1.0
2.33
7.0
3.67
4.67
-1.0
4.33
3.0
1.67
-5.33
0.67
-1.33
-5.67
-3.67
0.0
-1.0
-2.67
-5.67
-4.0
-11.0
4.0
-1.33
-3.33
-1.67
-2.33
3.67
-4.67
7.33
-4.0
6.0
-6.67
-2.67
6.33
2.33
0.33
0.0
2.0
-6.0
-2.0
-1.67
1.0
-8.0
-3.67
1.67
4.0
-1.67
5.0
-2.33
3.0
0.0
4.67
1.0
-5.33
6.67
-1.33
-4.0
-2.67
6.67
2.67
2.33
10.67
1.33
-1.0
2.0
6.0
5.67
-0.33
2.33
5.0
-1.33
8.33
4.0
2.33
5.0
3.33
-1.0
1.0
4.67
7.0
12.67
1.67
-1.0
-0.33
6.0
0.0
4.33
0.33
4.0
3.0
1.67
1.67
6.0
8.33
-2.0
-3.0
5.0
4.33
-0.67
7.33
4.0
12.0
-1.33
3.67
-4.33
-5.0
3.33
1.0
5.67
5.33
2.33
5.67
4.67
-1.0
7.33
-3.33
-0.67
-1.33
2.33
-1.33
1.0
3.67
5.0
-1.0
-4.0
1.67
6.33
-3.67
0.67
1.33
-1.33
6.33
3.67
3.0
6.33
-4.33
8.0
-4.33
-1.67
-1.33
-1.0
-3.33
-6.67
4.67
2.67
-1.33
-2.33
-3.33
5.0
-0.33
2.67
5.67
-0.67
2.0
4.0
-3.33
-5.67
2.67
1.0
4.33
2.0
5.67
-1.67
1.67
4.67
3.67
-2.33
1.67
3.33
-3.33
6.67
-2.67
-0.33
-2.33
1.0
-1.0
-1.67
-0.67
-4.0
3.33
-1.33
3.67
2.67
2.67
0.33
5.33
2.0
-3.0
4.67
-7.33
-1.0
-2.33
-1.33
3.67
-5.33
4.67
-0.33
5.33
-1.33
7.67
0.0
0.0
-0.33
-2.67
-9.0
2.67
-2.0
4.67
-2.0
2.67
3.67
1.0
1.0
0.33
-0.33
6.0
2.33
-4.0
-4.33
-0.33
-0.33
