0.0
5.0
-25.0
-27.33
-29.0
-89.33
-11.67
-89.33
-21.33
-47.33
41.0
87.0
103.0
-38.0
67.33
89.33
-9.67
-7.33
-2.67
47.33
-4.67
28.33
-3.0
12.0
5.33
-2.33
13.33
14.0
9.33
3.33
-3.0
1.67
-1.33
8.33
0.33
-3.0
0.33
-2.33
0.33
-0.33
1.33
1.67
0.33
-0.67
-1.0
-0.67
-1.0
-0.67
1.67
0.0
0.67
-0.67
-0.67
1.67
0.0
1.0
1.0
1.0
0.67
1.0
-1.0
0.0
-0.67
-0.33
-0.33
-0.67
-0.33
-0.33
0.0
-0.67
0.0
1.0
0.0
-1.0
0.0
0.33
-0.33
1.0
-0.67
-0.33
-0.33
-0.33
-0.33
-0.67
0.67
-0.33
0.33
0.67
0.67
-0.67
-0.33
-1.33
-1.33
-0.33
0.33
-0.67
-1.0
0.0
0.67
1.33
0.0
0.0
1.33
-2.0
-0.33
-2.0
0.67
-0.33
1.33
-1.33
-0.67
-2.33
1.0
-1.67
2.0
-0.33
-0.33
0.0
0.33
0.33
-1.0
5.33
2.33
1.33
5.0
2.67
-3.33
3.0
-3.33
0.0
3.33
-3.33
2.0
-3.67
0.0
2.67
-4.0
-0.67
-1.33
-3.67
1.0
1.67
-1.67
-0.67
-1.33
0.67
-3.33
6.0
-1.67
-2.67
3.0
2.0
-0.33
5.0
-1.67
10.67
-1.33
1.33
0.33
0.0
-1.0
4.33
0.67
-2.0
-1.0
-1.0
5.0
-2.0
5.67
-5.0
4.0
2.33
-1.67
4.33
1.33
-1.0
-3.67
-1.67
-1.67
0.67
1.67
-4.33
4.67
-0.33
3.0
-2.0
1.33
0.0
0.33
2.33
-1.0
7.67
0.0
7.0
0.67
2.33
2.0
6.67
1.33
4.67
2.67
-2.67
4.33
-0.67
4.0
3.33
-0.33
2.0
-4.0
2.33
11.33
5.33
-3.67
2.33
-6.33
0.33
-1.0
2.0
5.33
2.67
-2.67
2.33
-1.33
5.67
5.67
1.33
-0.33
-3.0
-2.33
-5.33
3.33
-0.67
-2.33
0.0
8.0
0.67
4.67
6.67
4.0
4.67
1.0
-4.0
5.0
1.33
-0.67
-4.0
0.67
3.0
4.0
-2.33
-9.67
10.33
1.67
2.33
-3.0
-4.0
0.0
-4.0
-4.33
-6.0
2.67
8.33
-3.33
-5.0
-1.0
9.33
4.33
-2.0
-5.67
-3.0
1.0
-0.67
1.33
6.0
2.33
-0.33
0.33
-2.0
1.67
-4.0
9.67
1.0
-6.33
7.33
3.33
16.0
7.67
5.67
6.67
0.33
-0.33
1.33
-1.0
1.67
-3.0
0.67
0.0
0.0
2.33
6.33
-1.33
2.0
0.0
4.67
4.0
2.67
4.33
-1.0
-4.0
-0.67
-5.33
-0.33
2.67
4.33
-2.67
2.67
-1.0
1.33
-1.67
-0.67
-0.67
-0.33
9.0
-5.33
-2.0
-2.0
4.67
1.67
0.33
-0.67
0.0
3.0
1.67
1.0
3.0
2.0
3.33
2.33
-1.0
-3.0
0.33
-4.0
8.0
2.33
4.67
6.67
-4.33
-1.33
1.33
9.0
1.33
-1.33
0.0
1.33
-0.33
-2.33
1.33
-1.0
-1.67
-4.0
1.0
5.33
1.0
2.0
-0.67
0.33
3.0
1.67
-5.33
-0.33
3.0
4.0
1.0
-1.33
2.33
5.67
6.0
2.0
7.67
2.67
-3.0
1.33
6.0
2.33
3.0
-1.67
1.0
-3.0
3.67
3.33
1.0
-5.67
-1.0
0.33
3.0
-2.67
-8.0
1.67
-1.0
-0.33
3.67
2.0
-6.33
4.67
0.67
2.33
-1.0
-1.0
-1.67
4.33
-0.67
-1.67
0.0
-3.0
2.67
1.67
0.67
1.67
0.33
0.33
-2.33
-4.33
-2.33
3.0
-3.33
0.33
2.0
2.33
-1.67
2.67
6.0
-0.67
-1.67
5.0
4.0
2.33
-3.67
0.33
7.33
-0.67
-2.33
-2.67
-0.33
0.0
-2.33
4.33
5.67
5.0
0.33
-0.67
-3.0
-0.33
2.0
5.67
7.33
-0.67
-1.67
0.67
-2.33
3.67
4.67
6.67
-0.67
0.33
-0.33
-1.33
-3.0
1.33
3.0
2.0
-0.67
-2.0
-2.67
-4.33
2.67
-0.33
4.0
-2.67
0.67
-5.33
-0.67
5.0
2.67
-4.33
7.33
-0.33
-0.33
0.33
1.33
8.33
-4.67
2.0
6.67
0.33
1.0
-2.67
2.67
-5.67
0.33
1.67
-3.33
0.67
2.67
5.0
-6.0
-1.0
3.33
0.0
-5.33
-4.33
-1.33
-0.33
0.33
-4.0
-1.33
-3.67
4.67
-0.33
-2.67
-1.0
0.33
-3.67
0.0
-2.33
0.67
1.67
2.67
1.67
5.33
-0.33
1.67
0.33
-4.67
3.33
4.0
0.0
0.33
0.67
-1.67
0.67
-2.67
1.67
-0.67
0.33
7.33
4.33
-2.0
-2.33
1.33
3.0
-0.67
2.67
-0.33
5.0
1.33
1.33
-0.33
-0.67
4.33
-5.33
-1.0
-3.33
-1.67
2.33
0.0
0.33
-2.0
1.33
3.0
2.67
0.0
-6.0
-2.67
4.67
3.0
3.67
-0.67
-3.0
0.67
-0.33
-2.0
-4.67
0.33
-2.33
1.0
0.33
1.33
-1.67
-3.0
1.0
-2.0
-3.0
0.0
-3.33
0.0
-1.33
-1.33
5.67
-1.67
-2.33
4.0
-2.67
-1.0
-2.33
-1.0
-0.67
0.0
4.0
1.33
0.0
1.0
-3.33
6.0
4.0
2.0
-1.0
-1.67
0.67
1.0
-2.33
1.33
-6.0
-1.33
1.67
-5.33
-3.67
-4.0
-4.33
-1.0
0.67
7.0
-2.0
-3.0
1.0
-4.67
1.67
0.0
0.67
-4.0
-3.67
-0.33
-0.67
-3.0
-6.67
-5.33
-2.33
-1.67
-1.33
-2.67
-2.0
0.0
-0.33
-5.67
-0.33
0.0
5.33
-5.0
-3.33
6.33
-2.67
-2.33
-2.33
-5.0
-1.67
-1.0
-0.67
-6.0
-2.33
-2.67
4.33
-1.0
-3.0
-5.0
-3.0
-5.33
-1.0
1.33
2.67
-2.67
-2.67
-3.33
1.67
-4.0
-0.33
-5.0
-5.67
-2.67
-0.33
-0.67
-5.0
-5.67
0.0
-4.67
-1.67
-5.67
-0.67
-2.0
-3.33
2.33
-2.33
-4.33
-2.67
-5.0
0.0
-3.67
-2.0
-1.0
-2.0
-0.67
-2.33
-5.0
-2.0
-5.67
1.0
-4.0
-1.67
-2.67
-3.0
-4.0
-3.33
-8.0
-0.67
-0.33
-9.33
-6.67
2.0
-1.67
4.33
-8.67
-4.0
-4.67
-5.33
-4.67
-3.67
0.0
-2.0
-1.33
-7.33
-4.33
-7.0
-5.33
-7.0
-2.0
-3.33
-0.67
-4.0
-2.33
-0.67
-5.33
-5.0
-4.33
-4.33
-6.33
-1.67
-4.33
-7.0
-4.67
1.33
-8.0
1.33
-4.67
-6.0
-5.67
4.67
-3.0
7.0
-12.0
4.33
-10.0
-3.33
-6.0
-5.33
-6.0
1.67
-2.33
-5.0
-5.0
-0.67
-0.67
-1.0
-5.67
-9.0
-6.0
-1.33
-4.33
-2.0
-4.33
-10.33
-4.33
0.67
-3.0
-10.0
-7.33
-2.33
-7.33
-3.67
-4.0
-4.33
-2.0
0.67
-7.0
-2.0
-11.33
3.33
-4.0
-4.33
2.67
-3.33
0.0
-1.33
-7.0
-0.33
5.0
-4.33
-6.0
-1.67
-1.67
-6.33
-4.0
-3.0
1.0
-0.67
-6.33
5.67
-5.67
-9.67
-4.33
-3.33
-2.0
-2.0
-2.33
-2.67
-6.33
0.33
-10.0
5.67
1.67
-4.0
-10.33
-3.33
-3.0
-4.0
-7.67
-9.33
-9.0
-4.0
-2.0
3.33
-8.67
-2.67
-5.67
-3.67
-7.67
-2.33
-7.33
1.33
0.0
-1.0
-0.67
-6.0
-4.33
-6.33
-3.33
-5.0
-1.0
-2.0
-4.0
-3.0
-11.33
5.67
-8.0
-3.0
-13.33
-7.33
0.33
-8.0
0.0
0.33
-6.67
-4.33
-10.33
-14.0
7.0
-10.0
-3.33
7.67
-6.67
-6.33
-5.33
-3.67
2.0
-11.33
-7.67
-13.33
-5.67
-8.67
1.0
-4.67
-6.0
0.33
-6.33
-2.33
-1.67
-11.0
-5.33
3.33
-8.0
-4.0
-7.33
-4.0
-4.67
-6.33
-5.67
-1.0
-5.0
-2.33
-5.67
10.33
-7.33
-4.33
-10.0
-8.0
-13.33
-5.33
-7.33
-3.67
-10.67
1.0
-4.0
-0.67
-4.0
-10.67
-5.67
-7.0
-11.67
1.33
-3.0
-17.0
-3.33
-6.0
-1.0
5.67
-9.0
1.67
-0.33
-1.33
-7.33
-1.67
-8.0
-14.67
-3.67
-14.67
-4.67
-4.0
-3.67
-2.67
-5.0
-1.33
2.33
-2.33
-2.67
2.67
-2.67
-5.33
-6.0
-13.0
3.33
-6.0
-5.33
-10.67
-11.67
-9.67
-11.0
-2.67
4.33
6.0
1.33
3.67
-5.67
4.67
-5.0
7.33
-13.33
-7.33
-8.0
2.67
0.33
-14.0
-2.67
-5.67
-1.33
4.33
-0.67
-11.0
-4.33
-5.67
3.0
-3.0
-8.67
-6.33
-8.67
-6.0
-9.67
5.33
4.0
6.0
-11.0
-3.67
0.33
-1.67
2.0
5.33
-3.0
4.0
-0.33
4.33
6.67
-0.33
-5.0
6.33
5.0
15.33
11.67
7.67
2.0
28.0
18.67
23.67
21.67
19.33
21.67
27.0
29.33
34.67
31.33
27.33
17.67
29.0
28.33
37.33
26.67
25.0
10.67
27.33
24.0
22.67
6.33
11.67
7.67
3.67
-1.33
4.67
6.67
2.33
5.0
-6.67
-3.33
3.0
5.67
0.67
1.0
2.33
-1.0
1.0
4.0
0.33
6.0
6.33
-7.67
-0.33
4.0
2.0
3.67
-0.67
8.33
-7.0
2.33
-0.67
9.67
-2.33
-1.67
3.33
-3.33
0.67
3.0
-3.0
-4.0
3.33
5.67
14.33
11.67
5.33
3.67
5.0
9.33
2.0
5.0
0.67
10.33
0.67
0.67
5.33
8.67
7.67
-1.0
4.33
1.33
9.33
7.0
-3.67
6.0
4.33
-6.67
5.67
6.0
6.33
4.33
-3.0
4.0
0.67
7.33
6.67
-0.67
-2.33
5.0
3.67
1.0
3.33
14.67
3.0
4.0
5.33
3.0
6.33
1.33
10.33
8.33
6.33
6.0
-7.33
14.0
4.0
7.33
-7.0
-3.0
1.33
-2.67
-1.0
-2.67
-5.0
-1.67
8.67
3.0
4.33
-2.67
5.0
-0.67
6.0
3.67
-6.67
4.67
2.67
-1.0
2.33
2.67
6.33
-0.33
3.67
6.33
9.33
-10.0
4.33
1.33
8.0
-3.67
12.33
12.33
6.0
5.67
13.67
-4.33
8.33
10.0
18.0
11.0
-0.67
6.33
9.67
23.33
13.33
-6.67
1.33
3.33
-0.33
4.0
3.33
18.33
5.67
-1.67
0.33
3.33
3.67
8.67
6.67
-2.0
16.33
-0.33
0.67
-2.33
6.67
4.33
0.0
5.67
6.0
0.0
0.33
4.33
0.0
10.67
-1.33
-5.0
12.33
4.33
8.67
2.67
7.67
14.33
6.67
-6.0
1.0
-0.67
3.0
4.33
3.67
7.67
10.67
6.0
12.0
4.33
-3.0
5.0
8.33
0.67
-1.33
-0.67
5.33
9.67
7.33
9.0
-5.0
11.0
2.67
-0.67
4.33
2.33
6.67
4.0
6.67
7.67
6.67
0.67
4.67
4.33
19.33
-0.67
9.67
10.67
-0.33
0.67
8.0
7.67
19.67
0.33
11.33
4.0
13.33
0.33
-0.67
19.0
12.67
-2.33
1.0
7.33
7.33
-1.0
13.33
10.33
12.0
18.33
9.0
19.0
16.67
18.0
42.0
42.33
54.33
49.67
45.0
58.0
32.67
51.0
90.33
77.33
100.0
123.67
136.33
145.67
131.0
156.0
183.0
176.33
163.67
201.0
198.33
190.0
204.0
193.0
206.33
198.67
175.33
152.33
205.33
204.0
161.33
121.67
139.33
133.0
110.67
113.33
74.33
79.67
65.67
45.67
43.33
40.67
24.0
43.33
23.33
8.0
15.67
20.67
20.33
12.0
15.0
5.67
-2.67
1.0
1.33
3.0
5.0
11.33
15.33
1.0
4.0
6.67
1.67
3.33
-0.33
9.0
-5.0
3.0
9.67
1.67
-1.0
3.0
0.0
17.33
5.0
1.67
3.67
-1.0
2.0
-17.33
3.67
13.67
16.0
3.33
8.67
10.67
3.33
1.0
-4.0
7.33
4.0
0.33
5.67
4.0
7.67
7.0
18.67
8.0
12.67
7.67
14.33
1.33
14.67
2.33
-0.67
14.33
11.33
3.0
3.33
1.33
5.67
12.33
3.0
-3.0
3.67
5.67
3.67
-3.67
6.67
5.33
-0.67
5.67
3.67
4.0
7.0
12.0
-0.33
2.67
19.0
1.33
12.67
4.67
9.0
11.67
4.0
8.0
5.67
2.33
0.0
3.33
0.67
12.0
3.0
12.67
12.0
0.33
0.67
6.33
0.0
6.67
-1.0
-3.0
-4.33
-0.67
11.0
4.0
5.0
9.33
12.33
0.67
8.67
-8.33
-1.0
-4.33
-8.0
3.33
5.0
10.33
5.0
10.0
9.33
-11.0
-3.33
4.33
6.33
3.0
11.67
6.33
-8.67
8.67
4.33
-1.33
10.67
4.67
0.67
-3.67
12.0
3.67
2.0
2.0
-1.33
7.0
4.33
3.33
3.0
9.67
-0.33
-0.67
6.33
4.33
2.33
0.0
-10.33
10.33
9.67
4.0
-2.67
12.0
5.67
10.0
-1.0
5.33
5.67
0.0
1.33
1.0
8.67
5.0
6.0
3.67
3.67
6.33
14.67
-1.67
-6.67
3.33
13.33
-3.67
19.33
3.67
2.33
-5.0
-0.33
2.67
7.67
7.67
4.33
2.33
0.67
3.0
5.0
10.33
-3.67
1.0
18.0
11.33
-1.67
-0.67
3.0
-6.67
-0.67
4.0
9.67
3.0
20.0
-8.33
5.33
-0.33
-4.0
2.33
-8.0
5.0
9.33
3.33
2.0
17.0
-7.33
9.0
-1.0
-2.33
15.67
-6.67
-3.67
15.67
3.0
0.0
0.33
1.67
6.33
7.33
1.0
14.33
7.33
-1.67
7.0
-3.33
9.67
6.67
-2.67
-1.67
5.67
-7.67
-1.67
15.0
11.67
1.0
-2.33
14.33
9.67
18.0
17.33
5.0
15.33
10.0
0.67
6.0
3.67
21.0
10.67
17.0
20.67
7.0
3.67
4.33
12.0
5.67
12.0
32.33
1.67
5.0
16.33
-5.33
6.33
4.0
9.0
6.33
8.67
12.33
8.33
4.67
-3.0
17.0
-2.67
-8.33
-0.33
2.67
-3.67
7.33
1.67
6.33
-0.33
-2.0
2.33
3.67
4.33
6.0
0.0
17.67
6.33
-6.33
-1.33
8.33
4.33
4.67
5.0
3.67
6.67
-0.67
10.0
-5.67
-1.67
-0.33
4.0
0.33
-9.67
4.0
7.0
0.33
4.0
-4.0
-4.67
9.67
13.0
8.67
0.67
0.33
5.0
4.0
3.67
-5.33
-5.67
-8.0
-3.0
7.33
-4.67
15.0
4.0
0.33
2.67
-0.33
5.67
10.67
3.67
12.0
-0.33
3.0
-2.33
6.0
0.0
-4.67
3.33
-0.67
0.0
4.33
-6.0
-4.0
-8.33
13.0
0.33
7.0
-3.33
5.67
-9.67
4.0
-3.0
8.33
-3.0
2.33
8.67
-1.67
-12.0
0.33
2.67
-5.33
-3.67
6.0
-2.33
0.33
-11.0
11.67
-2.33
-10.33
6.33
6.67
4.67
-5.67
6.67
6.33
-3.0
3.67
8.0
0.33
5.67
5.67
1.0
19.33
11.0
7.33
-1.67
14.67
17.67
3.0
-0.33
2.33
-2.67
13.0
14.0
3.33
4.33
17.33
5.67
-3.67
10.67
6.33
1.33
2.33
9.33
-5.33
19.67
4.0
5.67
14.67
8.0
12.0
15.0
0.0
2.33
8.33
10.0
-3.67
3.67
2.0
7.0
4.0
3.67
0.67
3.0
4.0
-1.0
3.67
1.67
-0.33
2.33
-2.33
-4.0
4.33
2.67
-7.0
-0.67
6.33
-4.0
6.33
0.67
6.33
-9.67
-2.33
15.67
3.0
-1.67
-3.67
-8.67
9.67
5.67
0.33
-1.33
-4.33
5.67
-2.0
1.33
7.0
3.67
-8.0
-0.67
-3.33
-3.33
9.0
4.0
2.33
1.0
-0.33
1.33
-5.0
4.67
-9.33
3.33
-1.0
2.33
-1.0
8.67
5.67
-5.0
-1.67
9.0
0.67
-5.33
-1.33
2.67
0.33
-10.67
3.0
-2.0
-2.67
-2.67
1.0
-3.0
-3.0
1.67
-2.33
-1.67
-3.33
1.67
-6.67
6.33
6.0
-2.0
-9.67
-6.67
2.33
-2.67
0.33
-3.0
-6.0
6.0
-8.0
5.33
-1.0
-12.0
0.33
-6.33
5.0
-13.67
-1.0
2.67
-2.0
-3.0
-0.33
6.0
-2.33
4.67
-6.33
-1.0
-1.67
2.67
-0.33
-1.67
2.67
0.33
1.0
6.0
4.0
10.67
3.67
8.33
8.0
2.67
4.33
5.0
4.33
-1.0
5.33
5.0
7.0
9.67
7.0
11.67
6.67
3.0
-4.33
1.0
5.0
5.33
1.33
7.0
-1.0
0.67
6.67
8.0
8.33
-8.0
2.0
5.0
3.33
2.33
-1.67
7.0
-1.0
0.67
9.67
2.67
-3.0
-4.67
2.0
0.67
1.33
0.33
2.67
-2.33
7.0
1.33
-1.33
1.33
0.67
2.33
3.67
-1.0
8.67
2.0
0.0
-2.0
-3.33
2.33
0.33
4.67
-2.67
4.67
-1.67
1.67
1.0
7.33
-0.33
2.0
-5.33
3.33
5.67
9.0
-2.33
6.33
2.67
-0.33
-0.33
2.67
5.67
6.0
-4.33
0.67
-1.33
1.33
0.0
4.0
0.67
-0.67
2.67
12.0
-2.67
3.0
1.67
-0.67
2.67
0.67
-5.33
4.67
-1.33
-0.67
-0.33
4.67
-1.67
7.67
-5.33
10.0
0.0
1.33
-1.67
4.0
3.33
-0.33
-1.33
3.67
2.67
-2.67
2.33
-2.0
5.0
2.67
-7.33
4.0
0.67
-5.33
2.67
-4.33
-3.33
-0.33
-3.67
-0.33
-3.33
3.0
1.0
8.67
-2.67
-5.0
0.67
-3.0
2.67
-3.0
3.67
3.67
1.0
-7.0
-0.67
3.67
-3.0
-2.67
3.0
-2.33
3.67
3.67
