0.0
-30.0
-9.0
-79.33
36.0
46.67
43.33
-81.33
1.67
-46.33
36.0
81.0
106.0
-1.0
-24.67
38.33
8.33
-18.33
2.33
-3.67
-9.67
9.33
39.0
-5.0
32.33
14.67
0.33
27.0
3.33
5.33
-5.0
7.67
-3.33
9.33
-3.67
-2.0
-1.67
-2.33
0.33
2.67
0.33
0.67
-0.67
-0.67
0.0
0.33
0.0
-0.67
-0.33
1.0
0.67
-0.67
-0.67
-0.33
0.0
3.0
0.0
0.0
-0.33
0.0
-1.0
0.0
-0.67
-0.33
-0.33
-0.67
-0.33
-0.33
2.0
-0.67
0.0
1.0
-1.0
-1.0
1.0
-0.67
-0.33
1.0
1.33
-0.33
-0.33
2.67
0.67
-0.67
-0.33
-0.33
0.33
-0.33
-0.33
-0.67
-0.33
-0.33
-0.33
-0.33
1.33
0.33
0.0
-1.0
1.67
1.33
-2.0
0.0
1.33
-1.0
1.67
-2.0
-1.33
-0.33
-0.67
-3.33
2.33
1.67
2.0
1.33
-1.0
0.67
-1.33
7.0
-0.67
1.33
-2.0
2.33
0.33
-1.67
5.0
1.67
-1.33
3.0
2.67
2.0
1.33
3.67
1.0
-2.67
-1.0
-0.33
-3.0
3.33
5.67
-0.67
2.0
4.67
5.33
1.33
5.67
3.67
-3.33
4.0
2.33
-0.67
6.0
1.0
-4.33
2.0
-5.67
7.67
4.67
9.33
7.33
4.0
2.0
3.33
5.67
-2.0
4.0
0.0
15.0
-1.0
-1.33
6.0
5.0
-2.67
0.33
-0.67
2.33
0.0
-2.67
-3.67
-3.67
0.67
0.67
6.67
3.67
-2.33
0.0
-7.0
4.33
2.0
3.33
0.33
1.0
5.67
-2.0
-1.0
4.67
0.33
2.0
1.67
1.33
2.67
3.67
0.33
-0.67
2.33
7.0
-3.67
1.67
5.0
-2.0
3.33
11.33
-2.67
8.33
1.33
6.67
6.33
0.0
8.0
0.33
9.67
1.33
5.33
0.67
3.67
-2.33
3.33
9.67
3.0
1.67
-1.33
2.33
2.33
-2.33
9.0
-2.0
-1.33
1.67
-0.33
-2.0
3.67
8.0
-2.0
9.0
5.33
0.33
-3.0
-0.33
2.0
7.0
3.67
1.33
9.33
4.67
4.33
2.0
1.0
4.0
0.0
2.67
3.0
1.67
4.33
9.67
4.0
1.0
0.33
2.33
0.0
-3.67
4.0
-3.0
0.33
13.33
7.0
4.33
4.67
2.33
3.0
-1.33
4.0
1.67
3.0
-0.33
6.33
3.33
4.0
2.67
0.67
-1.33
1.33
-1.33
0.33
-1.0
1.67
-6.0
7.67
-2.0
1.0
4.33
4.33
1.67
0.0
13.0
1.67
0.0
8.67
2.33
2.0
5.0
-0.67
-2.33
6.67
4.67
3.33
-2.67
6.67
2.0
4.33
-1.67
3.33
2.33
1.67
7.0
-2.33
0.0
5.0
-0.33
-2.33
2.33
-0.67
1.0
-1.0
0.67
-2.0
8.0
-2.0
4.33
7.33
7.0
-1.0
6.33
4.0
3.0
9.33
1.67
9.67
-6.33
2.67
9.33
2.0
9.33
2.67
13.0
0.33
6.67
2.67
-1.67
9.0
4.33
-1.0
6.0
4.33
4.0
5.0
8.33
2.33
-3.0
-0.33
3.67
2.67
4.0
3.0
0.0
3.67
-2.67
3.67
0.0
2.0
4.67
3.67
-1.0
2.33
3.0
3.33
2.0
-0.67
5.0
0.0
2.67
4.33
-1.0
2.33
-3.0
1.33
8.0
-3.67
-4.0
-3.33
0.0
1.67
-0.33
0.0
4.67
-0.33
-4.33
2.33
-2.0
-2.0
-1.67
3.33
-1.67
2.33
-1.0
-1.0
-1.33
7.67
-5.33
0.67
5.33
4.33
4.67
4.67
6.67
1.0
2.67
2.33
5.0
3.33
0.33
0.67
1.0
-1.67
-0.67
3.0
1.0
1.33
-2.67
2.33
6.33
-1.67
0.67
-4.67
-0.33
0.0
-3.33
-0.67
4.67
6.0
-1.67
2.33
0.0
-3.33
6.0
5.67
2.33
3.33
-3.67
0.67
4.67
-2.33
2.67
-0.33
6.33
8.33
1.67
-4.33
4.0
2.33
1.0
1.0
0.33
-3.0
3.33
-3.33
2.67
3.67
0.0
2.33
3.67
-2.33
1.33
4.0
-0.33
-1.33
4.33
-0.33
-3.33
-1.67
4.33
2.33
-3.67
10.0
-2.33
7.33
-3.0
-0.67
3.67
-5.67
-2.67
-0.33
-2.33
-5.33
6.67
5.0
-6.0
-2.0
3.33
-4.0
-3.33
-1.33
-3.33
4.67
0.33
-2.0
-5.33
-3.67
1.67
1.67
-4.67
0.0
-1.67
2.33
-1.0
0.67
2.67
-2.33
-1.33
10.67
-1.67
-2.33
3.67
6.33
0.33
3.33
-1.0
0.0
4.33
-0.33
4.33
4.67
-3.67
3.67
6.33
5.33
-1.67
2.33
3.0
2.67
5.33
5.0
0.33
0.67
5.67
2.0
-4.67
0.33
-1.33
1.33
1.33
1.67
2.0
-3.33
-0.67
-0.67
1.0
1.33
-2.0
3.33
4.0
4.67
7.0
-3.0
0.33
4.67
-2.0
-4.33
1.33
-1.0
-1.33
1.67
0.0
0.33
-2.67
-2.33
4.0
0.33
4.33
-1.67
2.0
-4.0
-2.0
2.0
2.0
-0.33
0.0
5.67
2.67
1.67
2.33
2.67
0.0
-0.67
-1.0
0.67
0.0
2.33
5.0
6.0
2.33
-2.0
-2.0
-0.33
2.0
4.0
6.0
-3.0
0.33
2.67
-5.0
-2.33
-1.67
-4.0
-1.33
-1.33
3.67
-1.67
-5.0
-0.33
-2.0
0.67
1.0
-1.0
-3.0
-2.0
-0.67
-0.33
-6.0
-4.33
-3.0
-4.67
0.67
-6.67
2.0
-4.67
-5.33
-0.33
2.33
2.67
2.33
-3.0
-2.0
-1.33
-7.67
0.67
-4.0
-2.67
-6.0
-4.33
-1.67
-3.67
-2.33
-2.33
-2.0
-2.67
-2.0
4.33
1.0
-3.33
-3.67
0.33
0.0
-4.0
-2.0
-1.0
-4.33
-6.0
-1.67
1.67
-2.67
-4.67
1.67
5.67
-4.0
-7.33
-3.0
-4.67
-5.67
-2.33
1.33
-5.0
-2.67
2.0
-4.67
-0.67
-3.67
-2.67
-1.0
-5.33
0.33
-5.33
-2.33
-1.67
3.0
-3.0
1.33
0.0
-3.0
-4.0
-0.67
-2.33
-5.0
-4.0
-2.67
2.0
-5.0
-2.67
-0.67
-2.0
-4.0
-5.33
-12.0
5.33
1.67
-6.33
-0.67
-9.0
-4.67
3.33
-3.67
-4.0
-3.67
-2.33
-4.67
4.33
-9.0
-5.0
-2.33
-6.33
-5.33
-1.0
-5.33
2.0
-2.0
-2.33
-2.67
0.0
-3.33
2.33
-7.33
0.0
-3.33
-4.33
-1.33
2.33
-4.33
-9.0
-6.67
-3.67
-3.0
-4.67
-4.67
-1.0
-2.67
0.67
-5.0
-4.0
-3.0
-4.67
-3.0
-5.33
-5.0
-5.33
-2.0
-0.33
1.67
-3.0
-3.0
-6.67
1.33
-4.0
-4.67
-9.0
2.0
-4.33
-3.33
-5.0
3.67
-5.33
-6.33
6.67
4.0
-2.0
-4.33
-2.33
-7.33
8.33
0.0
-3.33
6.0
11.67
-3.0
8.0
2.67
8.33
13.0
14.67
12.67
17.67
17.0
15.67
23.0
20.67
16.0
15.67
14.0
8.33
21.33
16.67
14.0
12.0
6.0
7.33
8.67
11.67
0.33
-0.67
4.67
-6.33
2.0
3.0
-0.33
6.33
1.67
-0.67
-2.0
-0.33
-0.33
-6.0
-0.33
-5.33
-10.0
-5.0
-3.67
-8.33
0.0
-4.0
0.0
0.33
-0.67
3.33
-2.67
-7.67
-3.67
-5.33
-8.33
1.33
-8.0
-6.0
2.33
-2.0
-12.33
-13.33
-2.33
-9.0
-5.0
-7.0
-2.0
0.0
-0.33
-5.33
-11.0
-6.0
-8.33
-5.33
-6.67
-10.0
-7.0
-0.67
-5.67
-4.33
-7.33
-16.0
0.0
-4.0
-6.33
-1.33
-7.67
-0.33
1.67
-1.67
-5.0
-7.33
-2.67
-8.33
0.33
-6.67
-6.0
-9.67
-5.0
-8.67
-6.33
-10.33
-1.67
-1.0
2.67
-7.67
-2.0
-8.0
0.67
-3.0
-4.67
-0.33
-9.67
1.0
0.0
-3.33
-7.67
-11.67
-10.33
0.67
-5.0
-7.0
-8.33
-9.33
-4.33
0.33
-5.67
-3.0
-5.0
-4.67
-10.0
-8.67
-2.67
5.0
-2.67
-6.67
1.0
-12.0
-5.33
-13.0
3.0
-6.33
0.0
0.67
-3.33
-1.33
-4.33
-1.67
-4.0
-9.67
-3.67
-12.67
-1.67
0.0
-9.67
-7.67
-8.0
-6.33
3.33
-5.33
-5.67
0.67
-1.67
-3.33
-2.0
-4.0
-5.67
-8.0
-5.33
-3.67
-13.67
-7.67
-8.0
-4.67
-6.67
-8.0
-4.67
-2.33
0.33
1.67
-13.0
-2.67
-1.33
-3.33
-4.0
-1.33
-2.67
-10.0
-3.67
-8.67
-0.33
3.33
-2.67
-6.0
-8.33
-3.67
9.0
-6.0
-15.67
-6.33
-5.67
0.0
-4.67
5.33
-5.0
-2.0
3.0
-4.67
1.33
-1.67
4.0
5.33
2.0
-10.0
0.67
5.33
-1.33
5.67
-1.0
-1.67
3.0
4.33
-6.33
-0.33
-1.0
12.0
8.67
10.67
1.67
3.33
7.67
2.0
8.33
14.67
13.33
20.33
13.67
0.0
15.33
9.33
7.67
13.0
7.67
-1.67
5.0
11.67
5.33
4.67
8.67
2.67
-1.33
2.67
1.67
2.33
1.0
-5.67
-2.33
10.0
-0.33
2.67
6.0
-6.67
-1.0
0.0
11.0
0.33
-2.0
-7.67
-4.67
2.67
-7.0
-3.0
-1.33
-2.67
-1.67
1.0
-1.67
0.33
0.67
4.67
-4.67
6.33
-1.33
-3.33
4.0
1.0
0.0
3.33
-1.33
1.33
3.67
6.33
3.67
-4.0
0.33
1.0
4.0
2.67
12.33
0.67
1.67
-4.67
-0.33
15.67
-1.0
7.33
13.33
2.33
-2.0
4.33
7.0
1.33
-0.67
5.67
7.0
-3.67
1.33
1.0
11.0
0.67
-2.67
2.67
-4.67
1.67
5.0
3.67
1.0
5.33
8.67
-5.0
-2.0
2.33
-2.0
3.33
5.33
4.33
8.33
3.33
4.0
2.67
2.0
4.0
6.33
-8.0
9.0
9.33
9.33
-1.0
-11.67
5.0
14.33
4.67
8.0
7.33
1.33
4.0
-1.67
0.0
-1.33
4.33
8.67
-5.33
8.0
-3.67
-6.33
11.33
-1.33
2.67
6.33
3.33
-6.0
5.33
-4.67
6.0
-2.67
8.33
17.33
8.0
20.67
4.67
3.67
4.33
12.0
0.0
10.0
-2.67
4.33
5.67
13.33
9.33
3.33
4.33
3.33
-9.33
4.0
5.33
1.33
9.67
0.33
-2.67
-2.67
15.67
-0.33
10.67
3.0
-2.67
-0.33
11.67
3.67
6.67
5.33
3.0
2.67
0.0
3.0
-9.67
0.33
3.0
9.67
1.67
10.0
4.33
2.33
3.67
10.67
10.67
5.33
8.67
3.0
7.0
6.33
3.0
11.33
5.67
8.67
7.67
-2.0
13.0
-9.67
0.0
4.0
-1.67
-3.33
-1.33
10.33
3.33
3.67
3.33
-4.0
0.0
13.0
6.67
9.33
-2.67
6.33
4.67
6.0
7.67
11.67
6.67
10.67
19.67
3.33
7.33
1.33
7.67
9.67
3.67
-2.33
8.0
18.67
13.67
11.33
8.33
19.0
16.33
12.33
2.33
20.0
16.67
17.67
23.0
2.33
22.33
16.0
8.33
18.33
8.0
8.33
20.0
10.0
14.67
22.0
21.0
29.33
21.33
17.67
24.0
32.0
11.67
21.0
27.33
32.33
33.0
50.67
55.33
45.67
66.0
69.0
79.0
90.33
78.67
75.0
87.33
90.0
102.0
99.0
85.33
89.67
77.33
83.33
74.33
73.0
68.33
73.67
62.33
48.0
63.67
36.33
49.33
38.67
19.67
25.67
32.33
15.67
19.0
22.33
7.33
5.0
10.67
-2.33
8.33
4.0
10.0
18.67
-0.67
1.0
9.33
8.0
22.0
4.33
7.33
7.0
5.0
0.67
4.67
20.33
1.67
9.0
5.0
10.0
10.67
13.67
6.0
5.0
4.0
8.33
9.0
2.67
-1.33
9.0
4.0
-3.33
3.67
8.67
4.0
7.33
9.67
13.67
6.33
5.0
4.0
14.33
5.0
3.33
12.67
18.0
2.67
-1.0
11.67
-1.0
4.67
12.67
8.33
4.33
12.67
-1.67
2.33
11.33
12.33
7.0
10.33
13.33
3.67
10.33
-1.0
6.0
10.67
10.67
4.67
-0.67
3.67
10.33
5.33
12.67
3.67
1.0
-1.0
11.0
6.67
12.67
4.0
-3.67
-2.33
3.67
3.0
11.67
8.0
12.0
11.67
25.33
6.0
-0.67
7.67
5.0
8.0
6.67
6.0
5.33
13.67
3.33
17.0
15.67
-4.0
12.0
1.67
5.33
3.0
9.0
-3.0
7.33
11.33
8.67
9.67
16.67
7.0
11.67
-1.0
4.33
12.0
7.33
-8.0
18.0
12.33
-3.0
0.67
8.33
13.33
4.0
11.67
10.33
0.33
-0.33
18.33
4.67
7.67
-3.33
8.67
2.33
-1.0
1.67
4.0
8.0
4.67
5.0
14.33
2.33
14.0
5.67
4.67
13.33
13.33
15.33
7.33
15.0
-4.33
7.33
6.67
-4.0
6.33
8.0
18.67
17.0
14.0
20.33
21.67
9.0
24.33
20.0
18.67
9.0
18.0
14.67
26.67
23.33
12.67
31.33
24.33
32.33
31.33
19.33
31.33
19.67
19.33
17.0
34.67
31.67
31.67
26.67
31.33
40.33
15.67
22.0
32.0
24.33
15.33
36.0
19.0
8.33
15.33
10.33
9.0
9.33
5.33
18.0
13.67
-7.0
3.0
-1.33
12.33
-2.33
0.0
3.33
11.0
2.0
2.33
12.33
22.0
17.0
-5.33
0.0
-9.0
-2.33
3.67
-1.67
-5.67
11.67
5.0
5.0
1.33
-1.33
6.33
6.33
2.0
-1.67
3.33
-2.67
-2.0
2.67
10.67
6.67
-3.67
8.33
7.67
-3.67
6.33
12.0
22.67
3.0
10.67
4.33
-3.33
-1.0
5.33
-3.0
-2.67
15.0
-7.33
17.0
1.67
18.0
3.67
-2.0
3.67
14.0
6.67
9.33
9.0
15.67
9.0
5.33
3.67
-4.0
6.33
11.67
6.33
0.0
1.0
5.33
-6.33
11.33
2.33
2.67
1.0
11.0
5.33
-3.33
2.67
5.67
-5.67
1.33
-0.33
3.33
-1.33
8.0
1.33
4.67
-1.67
-6.0
10.0
3.67
-9.67
-7.33
11.67
-0.67
-3.67
-1.33
12.0
13.67
5.67
-4.67
11.0
3.33
-2.67
-1.33
1.0
8.33
3.33
-1.0
3.0
3.33
9.0
3.0
1.33
4.67
-5.0
-7.33
-0.33
6.33
0.0
4.0
-2.33
-4.33
1.33
2.0
-4.0
1.33
-3.67
4.0
4.0
-1.67
4.67
-1.33
-4.33
3.67
-9.33
5.0
6.67
6.0
-8.33
6.0
7.0
-1.67
3.33
-1.67
-1.0
12.33
1.0
10.0
-0.33
3.0
6.33
-3.0
-5.33
1.67
-3.67
-13.0
-8.0
1.33
1.0
-1.67
2.67
4.33
8.0
0.33
2.67
10.67
2.33
7.0
1.67
6.33
-3.0
4.67
6.67
1.67
3.33
4.67
0.67
-3.67
7.67
-1.67
8.0
-2.33
5.0
-2.67
8.67
3.67
6.0
13.33
6.0
17.33
5.33
1.67
18.67
2.0
-2.33
4.33
5.33
5.0
-3.0
-4.67
9.33
5.33
3.67
6.33
0.67
2.33
-1.67
12.33
9.33
2.67
17.67
0.0
3.67
4.67
9.0
3.0
-2.0
2.0
-4.67
0.33
7.0
-0.67
4.67
2.0
11.0
0.0
7.67
4.67
-8.0
5.0
-5.0
1.67
3.67
2.67
6.33
-0.33
-5.0
2.33
7.67
-2.0
-2.67
0.33
-5.0
11.33
-5.33
6.33
-4.67
1.67
5.67
-2.0
0.33
-7.67
6.33
3.67
6.67
3.33
2.67
-5.33
-4.33
-1.0
0.33
1.0
10.67
0.0
-3.67
-2.33
-2.33
4.0
7.0
0.33
3.0
-8.33
2.33
-1.0
1.67
3.67
8.33
-6.0
9.33
-7.0
5.67
7.67
2.0
6.33
6.0
1.67
3.67
0.67
5.67
-6.67
-2.67
-9.0
2.0
2.33
-4.67
5.0
3.0
2.0
6.67
1.67
5.33
2.67
3.67
-2.67
8.33
-2.0
-4.0
-5.67
-0.67
8.33
4.33
-4.67
-8.0
-3.0
-5.0
-7.0
-5.67
-2.0
4.0
-1.67
5.67
3.0
-4.67
1.0
1.67
-1.0
-8.0
0.67
-5.0
1.67
7.67
1.67
-4.0
-1.67
2.67
3.67
-2.67
3.67
12.33
3.0
-1.0
-4.0
3.67
0.67
4.33
6.0
0.67
0.33
8.0
8.33
0.0
3.33
4.0
0.0
1.67
1.0
7.67
2.67
6.0
5.67
0.0
3.0
-0.67
1.33
5.0
0.0
-2.33
7.67
-1.0
5.33
-1.0
3.0
9.0
6.33
6.33
4.33
3.0
4.0
5.67
2.67
-1.33
-2.0
0.33
2.0
2.67
2.33
-1.67
1.67
1.67
11.0
0.33
6.67
6.33
-0.33
0.33
6.67
2.0
-0.33
5.0
1.0
-2.0
-4.33
14.33
-3.67
-0.33
-2.67
2.67
-2.67
5.67
-1.0
6.33
6.67
1.0
4.67
9.33
-5.33
0.0
-1.33
-4.67
2.67
4.67
-7.33
4.67
-3.33
10.0
0.67
-2.33
6.67
5.33
7.0
8.0
1.67
5.33
1.67
1.0
-5.67
-2.0
1.67
-1.67
10.67
4.67
0.67
-0.33
0.67
-4.67
-2.33
-3.33
-0.67
5.67
0.67
13.0
0.0
-2.67
9.33
4.0
3.33
3.67
-1.33
1.67
1.67
7.33
2.33
3.0
-2.0
1.67
1.67
0.0
3.67
-2.33
3.67
-2.33
4.67
-0.33
0.33
4.67
7.67
1.0
-1.0
2.67
-0.67
-4.0
2.67
-2.0
-4.33
3.0
0.67
2.67
3.0
-1.0
7.33
0.67
-2.0
2.33
2.0
-3.33
-0.33
11.67
