0.0
-69.0
-34.0
-12.33
-9.0
-41.33
26.33
-12.33
-5.33
-31.33
36.0
84.0
29.0
23.0
26.33
37.33
29.33
-23.33
6.33
4.33
16.33
5.33
19.0
3.0
15.33
9.67
-10.67
11.0
1.33
-2.67
-4.0
-0.33
-2.33
-0.67
-4.67
-3.0
-1.67
-0.33
3.33
-0.33
0.33
2.67
0.33
-0.67
1.0
-0.67
1.0
1.33
-0.33
0.0
-0.33
-0.67
1.33
0.67
0.0
0.0
0.0
0.0
-0.33
0.0
0.0
0.0
-0.67
-0.33
-0.33
-0.67
-0.33
0.67
1.0
0.33
1.0
0.0
-1.0
0.0
0.0
-0.67
-0.33
1.0
-0.67
-0.33
-0.33
-0.33
0.67
-0.67
-0.33
0.67
0.33
-0.33
1.67
-0.67
-0.33
0.67
-0.33
-0.33
0.33
-0.67
-1.0
2.0
0.67
-0.67
-2.0
0.0
-0.67
-1.0
0.67
-1.0
-2.33
-0.33
2.33
-0.33
-0.67
-2.33
0.0
1.33
1.0
3.67
0.67
1.0
0.33
4.33
3.0
-0.67
-0.67
1.33
4.0
-1.33
3.67
2.0
2.67
6.0
-1.67
4.67
1.0
5.33
-2.0
6.67
4.0
-0.67
5.67
3.33
-2.0
1.67
5.33
4.33
-4.33
0.67
-2.33
7.0
-1.67
-3.67
3.0
3.0
-0.33
3.0
3.33
13.67
-2.33
5.33
7.33
3.0
-2.0
-2.67
0.67
2.0
4.0
-5.0
0.0
-3.0
1.67
4.0
2.0
-0.67
5.33
10.33
-2.67
8.0
1.33
-4.67
-5.67
0.67
8.67
1.67
0.67
-4.33
0.0
-4.0
-0.67
-1.0
-3.67
3.33
3.0
3.67
0.0
6.0
0.67
1.33
8.0
0.67
6.33
4.67
1.67
6.33
-0.67
2.33
3.0
-1.67
-1.33
5.0
1.0
1.33
6.33
2.33
3.33
1.33
0.67
3.33
3.0
2.0
2.33
10.67
-2.67
3.33
4.67
-1.33
5.67
3.33
-2.33
3.0
-0.33
0.67
8.33
7.33
-0.33
6.0
-2.0
8.67
5.67
3.67
11.0
2.67
0.0
-2.0
0.0
0.33
-6.67
4.0
-1.33
4.0
0.0
-2.33
2.33
12.33
-4.33
1.33
0.0
-3.0
12.0
-4.0
0.67
1.0
3.67
9.33
-1.33
0.0
-2.0
0.33
1.33
9.0
1.33
5.0
-2.0
-1.67
0.33
1.0
4.33
0.67
1.33
2.0
8.67
0.0
3.67
10.0
-8.33
1.33
3.33
10.0
-1.33
-2.33
4.67
6.33
-0.33
-0.67
2.0
8.67
-6.0
2.67
-2.0
3.0
1.33
11.33
4.67
-1.0
17.0
-2.33
3.0
-0.33
3.33
2.0
-3.0
-1.67
-5.33
-3.33
1.67
-3.67
2.33
-0.33
4.0
0.33
2.33
6.33
5.33
-2.33
3.0
0.67
5.0
1.0
-2.33
-1.33
-1.67
9.33
2.0
-1.0
0.67
2.0
3.0
0.0
-0.67
8.33
7.0
1.0
3.33
2.0
0.0
7.33
4.67
2.67
-1.33
-4.33
-2.67
-2.0
-0.67
0.67
2.0
3.33
2.67
0.67
-1.67
1.0
-4.67
-6.0
0.0
3.33
-3.0
7.0
3.33
3.33
1.0
1.67
0.67
2.67
0.0
2.0
-2.0
8.67
-1.67
3.67
-3.0
3.0
2.67
8.67
3.0
1.33
-1.0
5.33
6.0
6.33
-3.0
-1.0
3.67
0.33
0.0
0.33
4.0
2.33
4.0
-1.67
-2.0
-0.33
-2.0
4.67
-6.33
-3.0
-0.33
1.67
1.67
3.33
1.0
-1.0
1.33
1.33
3.33
3.33
4.0
-4.0
-2.33
2.67
-0.33
-1.33
8.33
3.33
-0.33
-7.33
-6.33
8.0
1.67
-2.67
7.0
-3.67
8.33
8.67
1.0
-4.67
4.33
-3.0
7.0
0.33
1.33
6.33
1.33
7.33
-3.33
0.33
-3.33
-1.0
1.67
5.33
-0.33
3.0
4.33
-0.67
-2.0
-3.33
5.0
3.67
3.33
5.33
1.33
-0.33
-1.33
-1.33
5.67
2.67
9.33
-0.67
-3.33
-0.33
-2.0
5.33
6.0
-3.0
6.33
-1.0
4.33
-3.33
-1.33
0.67
0.0
-3.67
2.67
-4.33
1.33
3.0
4.67
0.67
2.33
-0.33
-1.33
-1.67
3.33
3.33
-0.67
5.0
1.67
1.33
-2.0
-0.67
3.67
-4.67
0.33
-0.33
-0.33
-4.33
1.67
7.0
-3.0
-3.0
0.33
-3.0
0.67
-0.33
-1.33
-0.33
-1.67
-4.0
3.67
-4.67
2.67
0.67
-3.67
4.0
2.33
4.33
-2.0
-1.33
2.67
-1.33
2.67
3.67
0.33
-0.33
-0.33
2.33
-3.67
-0.67
3.0
1.0
-3.67
-2.33
3.33
2.67
2.33
-0.33
-3.67
1.33
-1.67
-1.67
2.0
1.67
-0.67
2.0
0.33
-1.33
-0.33
2.0
-0.67
0.33
0.67
0.33
1.33
-2.33
-3.0
1.67
-1.67
4.33
1.0
1.33
0.0
1.33
2.0
2.67
-1.0
-4.0
-2.67
0.67
3.0
-1.33
3.33
-2.0
3.67
2.67
0.0
5.33
3.33
-2.33
0.0
2.33
0.33
-6.67
-1.0
-2.0
-1.0
-2.0
-2.0
-3.33
3.0
-1.33
1.67
-2.33
-2.67
-0.33
0.0
3.33
7.0
-0.33
-2.0
-1.67
2.0
-2.0
0.33
2.0
-4.0
-1.33
4.0
2.0
0.0
-2.0
0.33
2.67
0.0
-3.33
4.33
-3.0
0.67
0.67
-3.33
2.33
-3.0
1.67
-4.0
1.67
4.0
1.0
0.0
-3.0
0.33
0.67
-2.0
-1.33
-6.0
-2.67
-3.33
-4.67
1.0
-2.67
-1.33
-4.33
-0.67
-2.33
-1.67
-5.0
0.0
-0.33
-7.67
-2.33
0.0
-2.67
-1.0
-0.33
-0.67
-3.67
-3.33
-1.33
0.0
0.33
-3.0
-3.67
-3.0
-2.33
-1.67
5.33
-3.0
2.0
-4.0
-3.0
0.67
-4.0
-4.67
-4.33
-2.67
-3.67
4.67
0.67
-7.0
-6.33
-2.0
-7.67
1.33
-4.33
-0.67
-6.0
-5.67
-4.0
-2.67
0.33
-2.67
-9.67
-2.0
-8.33
3.33
-7.33
-2.33
-6.67
-6.0
-1.0
-0.67
-2.0
0.0
0.0
-3.67
-3.33
-2.0
-5.0
-3.67
-1.0
-3.0
-3.67
-4.67
-5.0
-3.0
-4.33
-6.0
2.33
-2.33
-1.33
0.33
-4.0
2.33
-1.67
-7.67
-1.0
-8.67
-7.33
-2.67
-2.67
-7.0
2.0
0.67
-3.33
-4.33
-1.0
-7.33
-6.0
-9.0
-6.33
-1.67
-3.0
-4.33
2.33
-6.33
0.0
-4.33
-3.33
-5.33
3.33
-3.33
-6.0
-2.67
-1.67
-5.0
-4.67
-3.67
-3.0
0.33
2.67
-7.0
-3.0
-13.0
-7.67
-1.0
-6.33
-3.0
-2.33
-8.0
-0.33
-4.33
5.0
-1.0
0.33
-5.67
-5.0
-7.67
-4.0
-5.0
-0.33
-8.33
3.0
-0.33
-3.33
-2.33
-0.33
-2.0
4.0
-9.33
1.67
-3.33
2.33
-1.0
1.67
1.0
5.67
4.0
5.0
-3.33
7.33
21.0
11.67
16.67
15.67
22.0
14.67
11.0
18.67
19.0
21.67
22.0
20.33
19.33
24.67
8.0
14.0
18.0
10.33
6.67
14.67
10.33
1.33
-1.33
1.67
4.0
3.0
-3.33
0.33
1.67
6.33
5.0
1.67
2.67
-6.0
-6.33
-0.33
-4.0
5.0
-3.67
-3.33
4.0
-4.0
-1.0
-3.67
-5.67
0.33
-3.67
2.33
-3.67
-11.33
-5.33
-2.67
-7.0
-9.0
-2.67
1.0
-2.33
-5.33
-8.33
-2.0
2.0
-1.0
0.0
-2.0
-8.33
-6.33
-8.0
-9.0
-9.33
-12.33
-4.67
-9.0
-10.0
-3.67
-9.67
-7.33
-11.33
-10.0
-5.0
-5.0
-5.33
-1.33
-8.67
0.67
-10.33
-0.67
5.0
-1.33
-3.67
-10.33
-1.67
-6.67
-2.0
-6.67
1.0
3.33
-7.33
-4.33
-3.67
-4.0
-2.33
-7.67
-3.0
3.0
-6.33
-3.0
-1.67
-0.33
-1.67
-3.0
8.0
-6.33
-9.67
-6.67
-1.33
5.67
-2.0
-3.0
-9.33
-8.33
-10.33
1.33
-6.67
0.0
-7.0
-4.67
-3.0
-15.67
-2.67
-7.0
-0.67
-5.67
-5.0
-12.0
-5.33
-1.0
-8.0
-5.33
-1.0
-5.33
-0.33
-1.33
-4.33
-4.67
4.0
-12.67
-10.67
-6.67
1.33
-8.0
-4.67
2.33
-6.0
2.67
5.33
-2.33
-0.67
3.67
-6.67
-2.33
-7.0
-4.0
-2.67
-12.0
-4.33
-9.67
-4.67
-12.67
-7.0
-3.67
-1.67
-4.0
1.33
-7.33
-2.67
-0.33
-4.0
1.33
-4.33
-4.33
-3.0
-5.33
0.33
-8.0
1.33
3.33
-5.33
-0.67
-5.67
-3.0
0.67
-8.67
2.0
-9.0
-0.67
-11.33
-3.67
-7.0
-8.67
0.33
-3.0
-8.0
-7.0
3.33
-7.67
-2.67
8.0
0.33
-7.0
-5.0
-3.33
0.33
-0.33
-0.33
3.0
-2.67
11.0
-2.67
-3.33
1.67
5.0
7.0
4.67
2.67
3.67
26.33
4.67
6.0
18.33
10.67
12.33
17.33
9.67
4.0
0.33
19.33
21.67
12.0
7.67
3.33
8.0
7.67
8.33
-2.33
5.67
0.67
3.67
-0.33
0.67
-4.67
4.0
-1.67
-4.33
5.0
-4.33
5.67
4.0
-2.67
1.0
2.0
1.0
-2.67
5.0
-1.67
-6.67
1.67
4.0
2.0
6.67
-3.67
2.33
-5.0
4.33
2.33
3.67
1.67
-3.67
0.33
-4.33
8.67
1.0
6.0
-5.0
-6.67
1.67
0.33
1.67
9.33
1.67
1.0
1.33
7.0
2.0
-3.33
16.33
-0.33
1.67
15.33
0.67
6.67
3.0
2.33
6.33
4.33
7.0
0.33
-2.0
9.33
3.33
10.67
0.0
4.33
1.33
-4.0
3.0
-3.33
-0.67
-0.33
0.33
6.67
4.0
4.67
4.0
4.33
1.67
-1.0
-1.0
-4.67
7.0
11.33
-0.67
0.33
-4.67
3.33
10.0
5.67
8.0
12.0
-2.67
-1.0
11.0
6.33
9.33
6.0
-3.67
-1.0
20.33
9.67
-1.0
6.33
0.33
8.0
4.33
-1.0
-2.33
-0.67
16.67
6.67
-9.0
1.33
-3.33
11.33
-3.33
0.67
0.33
1.33
-4.0
7.33
6.33
6.0
0.33
10.33
4.33
2.0
1.67
13.67
2.67
11.33
8.0
-1.0
8.0
1.33
1.33
6.67
15.33
0.33
0.33
-1.67
16.33
-7.33
3.0
8.33
5.33
3.67
16.33
-5.67
-7.67
8.67
3.67
10.67
10.0
3.33
2.67
-0.33
0.67
12.67
4.33
1.0
-0.33
5.0
3.0
-2.67
-0.67
6.0
16.67
10.67
8.0
4.33
12.33
3.67
7.67
4.67
10.33
1.67
0.0
-6.0
1.33
6.0
-1.67
4.67
5.67
2.67
8.0
4.0
-0.67
10.0
7.0
-1.67
-3.33
0.67
6.33
-1.67
4.67
-1.67
11.0
11.0
5.0
16.67
3.33
-0.67
14.33
6.67
3.0
0.67
11.67
10.67
8.67
11.67
-2.67
-1.67
8.33
9.67
23.67
1.67
14.67
9.0
5.67
4.67
3.33
11.33
1.0
16.33
8.33
6.33
17.0
16.67
13.67
13.0
22.33
8.33
18.0
5.33
16.33
28.0
9.33
10.0
19.0
12.67
19.0
27.0
28.33
22.33
27.67
36.0
30.0
27.67
20.0
35.33
37.33
30.0
60.67
70.33
56.67
74.0
61.0
79.0
80.33
101.67
74.0
76.33
98.0
71.0
95.0
74.33
110.67
98.33
81.33
74.33
71.0
66.33
73.67
56.33
63.0
51.67
56.33
60.33
49.67
42.67
33.67
24.33
33.67
18.0
19.33
11.33
5.0
16.67
10.67
12.33
2.0
3.0
18.67
-3.67
1.0
4.33
7.0
3.0
-3.67
23.33
-3.0
0.0
13.67
8.67
4.33
1.67
10.0
17.0
5.0
11.67
16.67
6.0
6.0
-5.0
16.33
3.0
7.67
9.67
8.0
5.0
7.67
9.67
14.67
10.0
5.33
12.67
18.67
22.33
1.0
17.0
2.33
3.0
13.33
-3.33
24.0
7.67
15.0
19.67
10.0
12.67
15.67
9.33
4.33
12.67
16.33
10.33
4.33
20.33
10.0
9.33
0.33
7.67
-11.67
15.0
2.0
9.67
7.67
8.67
-5.67
5.67
3.33
8.33
12.67
8.67
10.0
7.0
-2.0
2.67
12.67
-9.0
1.33
6.67
2.67
8.0
12.67
4.0
6.0
5.67
13.33
21.0
2.33
-0.33
24.0
6.0
4.67
12.0
8.33
0.67
5.33
20.0
2.67
9.0
10.0
12.67
5.33
-1.0
8.0
5.0
10.33
6.33
7.67
21.67
3.67
-8.0
4.67
10.0
5.33
3.0
5.33
0.0
13.0
7.33
9.0
4.67
-3.67
14.33
-1.0
11.67
14.33
7.33
5.67
3.33
3.67
11.67
6.67
5.67
9.33
2.0
-1.33
5.0
2.0
2.67
1.0
8.33
13.33
10.0
4.67
2.67
0.33
20.33
16.33
6.33
-5.0
5.67
-0.67
14.67
9.0
14.33
10.0
9.67
24.0
-2.0
7.33
11.67
1.0
16.33
14.0
31.67
15.0
14.0
15.67
27.67
33.33
30.67
20.33
34.33
22.33
21.33
30.33
30.33
33.67
23.33
27.0
26.67
28.67
27.67
35.67
26.33
11.33
25.67
15.0
30.0
21.33
18.33
24.0
16.0
24.33
8.33
-0.67
8.0
3.33
8.33
9.0
7.67
6.0
6.0
3.67
4.33
0.67
1.0
6.33
2.0
-2.0
21.33
11.33
14.0
16.0
-1.33
1.0
2.0
-2.33
18.67
-9.67
-3.67
-1.33
9.0
2.0
9.33
-7.33
3.33
-3.67
-4.0
11.33
7.33
11.33
7.0
-5.33
6.67
6.67
-6.67
4.33
-2.33
8.33
0.33
3.0
6.67
6.0
-0.33
16.33
-5.33
18.0
9.33
-2.0
2.33
4.0
16.67
10.0
-1.33
10.0
-0.33
5.0
19.67
3.0
12.67
5.33
5.0
-5.33
5.0
4.33
2.67
-3.0
8.33
-1.33
-0.67
13.0
10.0
9.33
5.67
12.33
-9.67
10.67
-1.0
-5.0
-7.67
4.67
4.67
10.67
-1.67
-3.67
4.67
-3.67
-1.33
3.0
2.33
2.67
0.33
-4.0
-2.0
5.67
5.33
-1.33
16.67
-4.67
-8.67
12.67
3.0
3.67
-4.33
1.33
-3.0
-2.67
-3.67
3.67
3.0
-1.67
-9.67
6.0
22.0
8.33
-4.0
-4.0
1.33
-0.33
0.0
8.67
-0.33
8.33
12.0
4.0
4.67
0.67
-7.67
0.0
-2.0
1.33
-5.67
3.0
7.0
7.33
-0.33
1.67
1.67
5.67
-2.33
-2.0
-1.33
0.0
-9.33
-3.0
1.0
-6.67
-7.67
-2.67
0.0
11.33
-6.0
-1.0
-2.33
9.0
1.33
1.0
-0.33
3.67
-2.67
-4.0
11.0
-1.67
5.0
0.33
2.67
-0.67
7.0
8.33
1.67
-2.33
7.33
7.0
2.67
-2.67
-6.0
-0.33
-2.33
3.67
2.33
8.67
5.67
-3.67
-4.33
-3.67
10.0
2.67
8.0
0.33
10.67
12.67
-6.0
5.33
1.0
11.33
-4.67
1.67
8.67
5.0
1.67
14.33
10.33
6.0
0.0
3.33
1.33
4.33
0.67
8.33
4.67
4.33
6.33
13.33
6.33
1.67
11.67
12.0
4.67
16.67
15.0
3.0
-2.0
8.0
-1.67
6.33
3.0
5.33
-1.33
3.0
5.0
3.0
-1.33
5.67
0.0
13.0
6.0
0.67
5.67
1.67
2.33
-2.33
-1.0
8.33
2.67
-3.0
5.33
-1.67
1.0
3.33
0.67
5.33
-6.67
7.67
7.67
9.0
0.33
1.33
5.33
1.67
-2.33
-0.67
8.67
-0.33
3.67
-5.0
0.33
0.0
2.67
5.0
0.33
-3.33
1.67
1.0
6.0
2.33
8.0
-1.33
7.33
1.0
3.67
-1.33
8.33
0.0
4.33
0.0
4.67
1.67
-3.0
1.33
8.0
6.67
3.67
-3.33
7.67
-10.67
-4.67
4.0
1.0
2.33
0.33
0.0
9.0
-4.0
-0.33
-7.33
0.33
3.67
0.67
-0.67
5.33
-1.0
5.0
-5.67
-1.67
3.33
-1.67
-3.67
-6.0
-1.0
-6.0
-6.0
-0.67
-3.0
-6.0
-1.67
-3.33
5.0
-10.67
10.0
-0.33
0.0
-2.0
-1.33
-2.0
-1.33
3.67
6.67
-1.0
-0.67
0.67
5.67
-4.67
7.67
-3.67
4.0
1.0
8.0
5.67
1.67
3.33
5.0
1.67
12.33
2.0
-0.67
2.0
9.33
4.0
0.0
-0.33
11.0
-0.33
0.67
-2.0
-1.33
10.0
1.0
2.33
-3.67
5.0
-1.0
3.67
3.67
0.0
5.33
-3.0
7.0
-1.0
8.33
4.33
0.33
1.0
7.0
8.67
6.67
1.67
-2.0
4.33
-1.0
-1.33
1.33
6.33
4.67
-0.33
-1.0
5.33
-0.33
-0.67
-3.33
-4.67
3.67
4.0
8.67
2.0
0.0
2.0
1.67
-3.67
-3.67
2.67
-0.67
-1.33
1.33
2.67
0.0
2.33
-5.33
-2.0
1.67
1.33
0.67
2.0
-5.33
2.33
1.67
2.67
-0.33
3.67
-0.33
2.0
6.67
0.67
3.67
-0.67
1.0
8.0
5.67
0.33
-2.33
-1.0
0.33
5.0
-0.33
-5.67
-1.33
-6.33
3.67
8.67
2.67
4.33
-1.33
9.67
0.33
-1.33
0.67
5.0
4.0
-3.67
2.33
4.0
3.33
8.67
-1.33
3.67
0.67
-0.67
3.33
0.0
0.0
0.67
-1.33
1.0
-0.33
-0.33
4.67
3.67
1.67
0.67
0.33
-2.33
-5.33
-3.0
4.0
0.67
-1.67
-4.0
1.67
1.0
5.67
-2.0
2.67
1.67
-3.0
-3.0
0.33
-0.33
7.0
0.33
3.0
-4.33
1.67
4.67
