0.0
-8.0
-11.0
-22.33
38.0
-116.33
54.33
30.67
-14.33
2.67
73.0
100.0
54.0
-4.0
54.33
48.33
-12.67
25.67
4.33
49.33
-33.67
4.33
20.0
2.0
7.33
9.67
0.33
17.0
9.33
-7.67
6.0
-1.33
0.67
2.33
-4.67
5.0
0.33
2.67
1.33
0.67
1.33
-0.33
-0.67
-0.67
0.0
0.33
-1.0
-0.67
0.67
0.0
1.67
-0.67
-0.67
-0.33
1.0
2.0
1.0
0.0
0.67
0.0
0.0
1.0
0.33
-0.33
-0.33
-0.67
0.67
-0.33
1.0
-0.67
0.0
1.0
0.0
-1.0
0.0
-0.67
-0.33
0.0
0.33
-0.33
1.67
0.67
-0.33
-0.67
-0.33
0.67
-0.67
1.67
-0.33
1.33
-0.33
-1.33
-1.33
-1.33
0.33
-0.67
-1.0
-1.0
-0.33
-0.67
-1.0
4.0
-1.67
-2.0
3.67
-2.0
-2.33
2.67
2.33
-2.33
2.33
2.67
1.0
0.33
3.0
3.67
1.67
1.0
1.33
0.33
0.0
2.33
-1.67
3.33
5.0
1.67
-0.33
3.0
2.67
0.0
1.33
1.67
1.0
-1.67
4.0
0.67
0.0
1.33
0.67
0.33
3.0
-0.33
10.33
3.33
6.67
1.67
7.67
1.0
0.33
-4.67
6.0
4.0
-2.33
1.0
1.33
2.67
5.67
0.33
1.33
4.0
-1.0
5.33
-0.33
4.0
4.0
-1.0
9.0
5.0
1.67
3.0
1.0
4.33
-1.67
-2.67
1.33
1.0
-3.67
0.33
-4.67
-2.33
1.67
2.67
4.67
-0.33
2.0
-7.0
-3.67
0.0
2.33
1.33
-1.0
1.67
-1.0
0.0
2.67
3.33
-1.0
0.67
-0.67
-3.33
8.67
3.33
-5.67
5.33
9.0
-0.67
-3.33
8.0
2.0
2.33
5.33
6.33
1.33
-0.67
8.67
9.33
1.0
14.0
8.33
4.67
2.33
4.33
0.67
-4.33
3.67
4.33
6.67
-2.0
-1.33
-4.33
4.33
6.33
6.67
5.0
6.0
2.67
-1.33
4.67
-1.0
2.67
8.0
-2.0
9.0
3.33
-2.67
0.0
-4.33
2.0
6.0
-0.33
-5.67
6.33
6.67
1.33
-1.0
-1.0
3.0
1.0
-4.33
1.0
-1.33
5.33
1.67
0.0
10.0
1.33
1.33
0.0
2.33
-1.0
1.0
1.33
8.33
1.0
3.33
6.67
2.33
12.0
8.67
5.0
7.67
0.0
-2.33
-1.67
4.33
5.0
1.67
14.67
1.67
2.33
0.67
3.33
3.0
4.67
3.0
3.67
-3.0
2.0
5.33
1.33
-2.33
5.0
0.0
1.67
-1.0
-1.33
7.33
3.0
1.0
-1.67
0.67
0.67
1.67
-3.67
2.33
-2.33
-3.0
1.33
-7.67
0.33
5.33
1.67
4.0
-2.33
7.0
4.0
-3.33
2.67
-1.67
1.33
1.0
1.0
0.67
1.0
4.0
5.0
6.33
2.33
0.0
0.0
0.33
4.0
0.0
4.33
3.67
-1.33
-2.33
-1.33
4.33
3.0
-0.67
1.67
8.0
4.33
-3.33
0.67
3.33
7.0
3.33
-6.0
1.0
2.33
13.0
2.0
4.33
3.33
-1.0
0.67
-4.33
1.67
1.0
1.0
1.0
6.67
-0.67
1.67
3.0
6.0
3.67
-0.33
-2.0
8.33
-2.0
5.33
3.0
0.33
1.0
-2.0
0.67
4.33
3.0
-3.67
-3.0
-3.67
1.0
-0.67
-4.0
0.67
5.0
6.67
2.67
5.0
-4.33
3.67
-1.33
1.33
-4.0
-5.0
3.33
-0.67
10.33
-3.67
4.0
-4.0
1.67
-1.33
-0.33
2.67
7.33
3.33
6.67
-7.33
5.67
2.0
-2.33
-0.67
4.0
-2.67
-1.67
1.67
-1.0
-2.67
-1.67
-6.0
-1.0
1.33
0.33
0.33
2.33
0.33
0.67
2.33
2.67
4.0
-0.33
6.33
-2.33
1.0
-2.67
-1.67
0.0
-1.33
7.0
2.67
5.33
4.33
-0.67
0.67
-0.33
-1.33
-0.33
2.67
4.33
-0.67
1.67
4.67
3.0
1.33
8.0
3.0
-3.67
3.0
1.33
-3.33
2.67
1.67
2.0
-0.67
1.67
-3.33
0.33
5.0
0.67
0.67
2.33
2.67
-3.33
3.33
2.33
2.33
-1.67
1.0
-1.33
2.33
-2.0
2.33
13.67
-3.67
-3.67
2.67
0.67
-5.33
0.67
2.0
-7.0
-4.0
2.33
-2.0
-5.33
-4.33
-0.33
4.67
4.33
0.0
-2.33
-4.67
2.67
3.67
-4.67
3.0
2.33
0.33
2.0
-2.33
5.67
4.67
-1.33
2.67
-0.67
-0.33
1.67
2.33
-1.67
-4.67
2.0
3.0
0.33
-1.33
-0.67
2.67
-0.67
-3.33
0.33
2.33
3.33
3.33
1.0
2.67
-1.67
0.0
-1.67
-1.33
-1.33
2.0
-4.67
3.33
0.67
-1.67
1.33
-1.33
0.0
-2.33
-1.67
-2.67
3.0
-3.67
-4.0
-1.67
1.0
3.67
2.0
-6.0
-4.67
1.67
2.0
-1.33
5.33
-2.0
-1.33
1.67
6.0
0.33
-2.67
1.67
9.0
1.33
3.33
-6.67
-1.0
-1.0
0.0
1.0
-1.0
-3.33
-3.0
-0.33
-1.33
0.67
2.33
2.67
0.0
-2.67
3.0
0.67
6.0
2.33
2.0
4.0
2.33
-2.0
0.0
-4.33
5.0
0.0
0.0
-1.0
3.33
-1.33
1.0
-2.33
-3.67
-4.0
-3.33
-2.33
-7.33
1.33
2.0
-1.33
0.0
4.67
2.0
0.0
-3.0
0.0
-1.67
0.67
-7.0
-3.33
-3.0
-4.67
-2.33
-0.67
-1.0
-3.67
-5.33
-2.33
3.33
-1.33
-1.67
-2.0
1.0
-1.33
-5.67
-0.33
-3.0
1.33
-4.0
-6.33
3.33
-4.67
-4.33
-1.33
1.0
0.33
2.0
0.33
-2.0
-4.33
-1.67
-0.67
-3.0
0.0
2.0
0.0
-6.33
-2.0
-3.67
-2.33
-4.67
-0.67
-2.33
-0.33
-4.0
-2.33
0.0
-2.67
-1.67
3.67
-3.67
-3.0
-6.67
3.0
-5.67
-0.67
-1.67
-7.67
-4.0
-4.33
1.33
-3.33
-0.33
-4.67
-3.0
-1.0
-0.67
0.0
-3.0
2.0
-2.67
-1.33
-7.0
-3.0
-5.67
-3.0
-2.0
-3.67
-2.67
0.0
2.0
-2.33
-5.0
0.33
-4.33
-6.33
-3.67
-7.0
-2.67
-0.67
-4.67
-5.0
-4.67
3.67
-4.67
4.33
-3.0
-3.0
-0.33
-2.33
-4.33
-6.0
-6.33
-4.0
-1.0
-1.33
2.33
-1.0
5.67
-4.67
-7.33
1.0
-4.33
-3.33
-8.33
-1.67
2.67
-8.0
-4.67
1.33
-3.0
0.33
-6.67
0.0
-3.67
2.67
-4.0
-3.0
-14.0
-3.67
-6.0
-4.33
-6.0
-5.33
-2.0
-3.33
2.67
-6.0
-1.0
-4.67
-1.67
-2.0
-1.67
-9.0
1.0
-4.33
-9.33
0.0
-2.33
-4.33
-4.33
-0.33
-5.0
3.0
0.67
1.67
-1.33
-0.67
4.0
1.67
10.0
5.67
2.0
3.0
6.67
21.33
18.0
14.67
21.67
6.67
31.0
18.67
15.0
20.67
38.0
20.67
24.0
26.33
23.33
16.67
22.0
28.0
16.0
18.33
8.67
7.67
13.33
-2.67
-1.33
2.67
10.0
0.0
-0.33
5.33
0.67
1.33
-4.0
-4.33
3.67
0.0
3.67
-4.33
2.0
4.0
-1.67
-3.33
2.0
-8.0
5.0
-3.67
-1.67
-0.67
-1.67
1.33
-4.67
-4.33
-4.33
-0.67
-9.0
-3.0
3.33
-3.0
-9.33
-10.33
0.67
1.0
-6.0
-1.0
4.0
-6.0
2.67
-0.33
-11.0
-9.0
-7.33
-6.33
-10.67
0.0
-10.0
2.33
-12.67
-2.33
-4.33
-11.0
4.0
-11.0
-5.33
-4.33
-2.67
4.67
-5.33
-4.67
-3.0
-8.33
-0.67
-10.33
5.33
-0.67
-1.0
-3.67
-7.0
-5.67
-3.33
-5.33
-2.67
-5.0
2.67
-7.67
-2.0
-9.0
-6.33
-2.0
-8.67
4.67
-0.67
8.0
3.0
3.67
0.33
-4.67
-12.33
-2.33
-3.0
-3.0
-9.33
-16.33
-7.33
-3.67
-12.67
-7.0
-9.0
-6.67
-13.0
-14.67
-6.67
-4.0
-6.67
-6.67
-5.0
-7.0
-9.33
-9.0
-1.0
-3.33
-7.0
-2.33
-6.33
-10.33
-2.33
-4.67
-4.0
-12.67
-8.67
-13.67
-3.67
-3.0
-8.67
-5.67
-4.0
-6.33
-1.67
-7.33
-2.67
-4.33
-0.67
-9.33
-6.0
-5.0
-0.67
-13.0
-5.33
-6.67
-4.67
-6.67
-6.0
-0.67
-8.67
-2.0
0.33
2.67
3.33
-6.33
-7.0
3.33
2.67
-5.33
-8.0
-5.33
-7.67
-9.0
0.33
-12.67
-10.33
0.33
2.33
-6.0
-0.33
-1.67
3.0
-2.0
2.33
-8.33
-10.67
-4.0
-7.67
-3.67
-1.0
-4.0
-9.0
-0.67
-8.67
-3.67
5.0
-0.67
-5.0
-4.0
0.67
0.33
3.67
6.67
4.0
-0.67
3.0
-7.67
3.67
0.67
-1.0
11.0
0.67
10.67
16.67
11.33
13.67
0.0
14.33
2.67
20.33
11.33
17.67
10.0
5.33
17.33
15.67
-2.0
4.67
10.33
9.0
6.67
0.33
-0.33
10.67
-8.33
-2.33
0.67
-4.33
-5.67
1.0
1.33
-7.33
1.0
-2.33
-5.33
4.0
-1.67
-4.0
2.0
2.0
-2.67
-2.0
3.33
-3.67
-3.33
1.0
-4.0
-3.33
3.33
0.33
1.0
-3.67
-2.67
-3.33
-2.33
3.33
8.33
-6.33
3.67
7.0
-5.0
2.0
5.33
4.67
12.33
0.67
6.33
-1.33
4.0
5.33
2.0
3.0
3.67
11.33
1.67
7.67
3.33
0.67
2.67
3.0
6.33
5.33
5.33
12.0
0.33
-5.0
9.33
-3.67
7.67
-4.0
2.33
4.33
5.0
1.0
5.67
1.33
0.67
8.33
5.67
7.0
1.67
-3.0
5.33
4.67
2.0
2.0
-5.67
1.0
2.33
-0.67
7.33
4.33
-4.67
1.0
-0.33
5.0
-8.0
-7.67
-5.0
13.0
6.33
0.33
3.0
1.33
7.0
13.33
7.67
3.0
3.33
3.33
9.0
2.33
4.0
-0.33
5.33
7.67
4.67
2.0
-2.67
2.67
9.33
7.67
-0.33
3.33
-1.67
3.0
1.33
-2.67
7.0
-1.67
3.33
3.33
12.0
-0.33
-0.33
20.67
15.33
-7.0
-2.0
16.0
0.33
11.33
-0.33
8.33
4.33
2.33
-1.67
8.33
2.67
3.0
13.33
1.33
-1.33
0.33
4.33
-4.67
4.67
-2.33
21.67
1.0
3.33
0.67
9.67
-1.33
8.67
-0.67
0.0
6.67
-1.0
-1.0
6.33
8.33
6.0
10.67
3.67
3.0
1.33
10.33
4.67
3.67
6.67
7.33
5.67
7.0
12.0
5.33
9.0
10.33
14.67
4.67
1.67
0.0
5.0
0.33
3.0
8.0
4.33
-1.33
0.67
12.33
-1.67
4.67
7.33
13.0
0.0
18.0
17.67
-0.67
1.33
3.33
4.67
3.0
5.67
2.67
6.67
10.67
10.67
-0.67
8.33
5.33
9.67
2.67
4.67
-0.33
9.0
4.67
11.67
14.33
-0.67
8.0
17.33
10.33
9.33
14.0
16.67
15.67
14.0
6.33
14.33
12.0
2.33
19.33
16.0
25.33
10.0
13.0
14.67
5.0
22.0
30.33
33.33
23.67
26.0
32.0
36.67
28.0
27.33
31.33
45.0
69.67
65.33
49.67
52.0
57.0
74.0
57.33
78.67
93.0
95.33
80.0
117.0
92.0
98.33
91.67
91.33
94.33
97.33
90.0
81.33
88.67
71.33
64.0
58.67
50.33
49.33
31.67
39.67
23.67
32.33
24.67
20.0
21.33
14.33
16.0
5.67
16.67
9.33
7.0
5.0
13.67
19.33
-7.0
7.33
6.0
14.0
-1.67
7.33
-1.0
6.0
8.67
25.67
11.33
5.67
6.0
6.0
2.0
6.67
6.67
3.0
6.0
1.0
10.33
11.0
-0.33
3.67
2.0
-1.0
1.67
7.67
15.67
3.0
-0.67
11.67
4.67
17.33
-1.0
5.0
6.33
11.0
7.33
9.67
11.0
2.67
12.0
2.67
3.0
10.67
6.67
12.33
11.33
2.67
14.33
-7.67
13.33
9.33
16.0
3.33
14.33
8.67
-4.67
13.0
5.0
10.67
13.67
10.67
-5.67
3.67
-2.67
1.33
4.67
-4.33
18.0
10.0
-1.0
-1.33
22.67
6.0
1.33
9.67
12.67
6.0
17.67
2.0
8.0
2.67
6.33
3.0
1.33
6.67
10.0
18.0
8.67
6.0
4.33
7.67
-0.67
10.0
1.67
-1.0
14.0
10.67
1.33
6.0
-7.0
3.0
5.33
14.33
10.67
8.67
10.67
9.0
6.67
0.0
11.33
9.0
7.33
7.0
13.0
1.33
-2.0
9.67
3.33
11.33
7.0
14.67
5.33
7.33
-0.33
13.33
-0.33
8.67
5.67
-1.33
12.33
12.0
3.67
1.0
-5.0
0.67
-5.0
13.33
-3.67
10.0
3.67
11.67
14.33
4.33
3.33
13.33
6.0
0.67
7.33
7.67
12.0
23.33
7.0
17.67
23.0
-3.0
2.33
11.67
28.0
14.33
19.0
24.67
18.0
39.0
25.67
26.67
20.33
35.67
8.33
25.33
30.33
27.33
13.33
37.33
34.67
22.33
14.0
8.67
23.67
36.67
37.67
25.33
27.33
30.67
4.0
22.0
14.33
13.33
27.0
17.0
6.33
8.33
3.33
17.0
6.33
12.33
8.0
13.67
11.0
11.0
12.67
9.33
-3.33
-5.0
-2.67
0.0
1.0
-6.67
-0.67
14.0
0.0
2.67
1.0
-12.0
-8.33
6.67
11.33
4.33
8.67
11.0
6.0
2.33
5.67
2.33
-4.67
-8.0
10.33
7.33
11.33
5.0
0.67
8.67
13.67
7.33
6.33
5.67
-3.67
6.33
3.0
7.67
13.0
7.67
0.33
9.67
7.0
-6.67
14.0
3.33
10.0
-13.33
11.0
-3.33
6.0
11.67
3.0
9.67
11.0
6.67
15.33
16.0
11.67
0.0
8.33
8.67
5.0
16.33
2.67
11.33
-3.0
14.0
7.33
6.67
11.33
8.33
4.67
2.0
5.0
12.33
-0.33
-6.33
12.67
2.33
11.33
-0.33
1.33
5.67
10.0
14.33
15.67
12.33
-5.0
11.0
7.67
3.33
-2.33
8.67
3.33
5.33
6.67
7.0
2.67
2.67
6.33
7.0
4.33
2.33
-1.33
4.0
7.33
1.33
-1.0
23.0
0.33
-5.0
1.0
-7.67
-5.33
11.0
4.67
6.67
7.33
4.0
12.0
-6.33
-0.33
-2.67
13.0
15.0
11.33
3.33
-4.0
11.0
-4.67
-5.33
-2.33
-6.33
4.67
6.67
11.0
6.67
8.0
0.67
6.0
9.0
0.33
3.33
-0.67
3.0
2.33
0.0
3.0
4.67
4.0
9.33
5.0
-5.33
9.67
-3.67
-6.0
0.0
-0.67
0.0
-0.67
4.67
-3.67
-2.0
-3.67
6.67
9.67
0.33
3.0
-7.33
-6.67
-3.0
11.67
5.67
3.67
-0.67
2.67
10.67
-3.67
1.67
-0.67
5.0
3.67
4.0
-7.67
2.67
11.67
-5.0
6.33
14.0
11.33
5.33
3.67
8.67
5.0
-0.33
8.33
13.33
7.0
-1.0
6.33
3.33
5.33
3.67
5.33
11.67
6.33
0.33
4.33
3.33
2.67
16.67
-5.0
6.67
2.67
7.0
10.0
-3.0
-1.0
5.33
-0.67
0.0
-3.67
-2.33
4.0
4.0
9.0
-2.33
10.67
-5.0
3.0
-1.0
-2.33
8.67
1.67
0.33
1.67
-2.0
5.33
-0.33
-1.0
-0.67
3.33
-2.0
3.33
-3.33
3.33
-0.67
4.67
10.67
-8.0
-4.67
5.33
2.33
8.67
6.67
6.33
-0.33
0.67
9.67
1.0
2.33
3.0
5.67
3.0
0.33
-1.33
4.67
2.0
7.0
1.33
6.0
-4.33
-4.67
8.0
2.67
3.67
3.33
-4.0
7.33
-4.0
5.67
8.67
-1.0
2.33
4.0
2.67
-1.33
2.67
2.67
7.33
3.33
-2.0
-4.0
-3.67
-2.67
-2.0
-8.0
8.0
-1.33
-6.33
-1.67
-6.33
-4.33
-4.67
4.33
-1.0
-8.0
4.33
0.33
2.33
-4.67
7.33
0.0
-4.0
4.0
-7.0
-0.67
-4.0
-9.0
10.33
-3.33
11.0
-8.67
2.0
7.67
4.0
-4.0
1.67
-4.0
-1.33
2.67
-8.33
-9.0
-5.67
-0.33
7.67
-2.67
1.67
-1.67
3.0
7.0
-1.0
8.67
5.67
-5.67
12.0
-1.33
6.33
-2.0
4.33
5.0
1.33
-5.0
0.0
2.67
6.0
5.67
4.67
3.0
8.67
0.0
-3.0
11.33
0.33
1.0
7.0
-1.33
4.67
4.0
3.33
-1.0
-5.0
1.0
9.33
2.33
7.33
0.0
8.0
1.67
-2.33
0.67
1.0
0.33
0.0
6.67
4.33
-1.67
4.67
1.67
-1.0
3.33
-0.33
9.33
7.67
-3.67
-0.33
-2.0
3.67
-3.0
1.0
2.0
0.67
6.33
-2.67
1.67
-1.67
-1.33
1.33
0.67
-5.0
4.33
1.67
-3.0
-5.33
0.33
-1.33
4.0
-0.33
2.33
-4.33
4.67
-2.33
2.67
-3.33
5.0
-0.33
2.67
-2.33
2.33
-1.0
1.0
-1.33
3.33
0.67
-2.0
3.33
7.0
-0.33
4.33
4.67
3.67
6.67
6.67
-1.33
-3.67
3.67
1.67
1.33
-2.33
-0.33
4.0
7.0
4.33
1.33
2.0
7.33
0.67
-1.33
4.67
0.67
-4.67
3.33
2.0
-1.0
0.67
-1.33
1.0
-1.33
-0.33
1.67
-1.33
1.67
2.67
-2.67
5.67
0.67
0.0
5.0
4.67
-4.67
-5.0
-1.33
-2.0
3.67
3.0
2.67
2.67
3.0
6.0
0.33
4.67
4.0
3.33
2.0
-3.33
0.67
5.67
