0.0
9.0
-47.0
-10.33
-40.0
-47.33
-4.67
-59.33
-82.33
-10.33
19.0
-18.0
5.0
-55.0
3.33
7.33
-1.67
45.67
22.33
32.33
33.33
13.33
10.0
22.0
25.33
14.67
7.33
2.0
-14.67
-2.67
2.0
4.67
-0.33
3.33
-0.67
-4.0
2.33
-1.33
1.33
-0.33
2.33
1.67
1.33
-0.67
-1.0
0.33
0.0
1.33
0.67
0.0
-0.33
-0.67
-0.67
-0.33
0.0
0.0
0.0
1.0
-0.33
0.0
0.0
2.0
-0.67
-0.33
-0.33
-0.67
-0.33
-0.33
2.0
-0.67
0.0
0.0
-1.0
-1.0
1.0
1.33
-0.33
1.0
-0.67
-0.33
-0.33
-0.33
1.67
1.33
-0.33
0.67
-0.67
-0.33
0.67
-0.67
1.67
-1.33
-0.33
-0.33
-0.67
0.33
-1.0
1.0
-0.33
0.33
-2.0
0.0
-1.67
0.0
1.67
-1.0
-0.33
-1.33
2.33
-2.33
0.33
0.67
2.0
3.33
0.0
-0.33
-0.33
4.0
3.33
0.33
1.0
0.33
-1.67
1.33
2.0
-2.33
-0.33
2.0
3.67
6.0
0.33
1.67
-2.0
3.33
-1.0
1.67
3.0
5.33
3.67
-4.67
0.0
2.67
4.33
-3.67
2.67
3.67
1.67
2.0
1.33
-9.67
5.0
-4.0
-0.33
4.0
1.33
-4.33
-2.33
2.33
-3.67
6.0
-2.0
0.33
-1.33
-6.0
5.0
-8.0
5.0
3.0
-1.33
2.0
0.0
-0.67
-2.67
-5.67
10.33
14.0
0.33
5.33
-2.67
5.67
2.67
2.67
0.67
-4.33
1.0
-6.0
7.33
1.0
5.33
-0.67
8.0
7.67
-2.0
-2.0
6.67
-3.67
-4.0
0.67
2.33
2.67
2.67
1.33
0.33
10.33
0.0
1.33
-2.33
5.0
-1.0
4.33
4.33
-5.67
6.33
0.33
-4.33
2.33
-2.0
2.0
9.33
-3.33
2.33
8.33
-2.33
-1.33
2.67
8.33
1.67
-3.0
1.67
-3.33
1.33
-1.67
-3.33
1.0
5.0
6.67
6.67
-0.33
6.0
-0.33
3.0
1.0
7.0
6.33
8.33
-1.0
8.67
6.0
-2.0
-5.33
4.33
2.33
2.67
4.33
-1.0
4.0
5.0
0.0
-1.33
2.0
6.67
5.33
-3.33
-5.0
2.0
-0.67
9.33
2.0
0.33
-2.0
-3.0
-0.67
-0.67
4.0
0.33
-1.33
5.33
-1.0
8.67
1.0
-0.33
7.0
-3.33
-3.67
6.33
4.0
2.67
1.67
-4.33
-4.67
-2.33
-0.67
-5.0
0.67
-4.0
7.67
3.0
-4.0
1.33
-0.67
-2.33
1.0
1.0
1.67
3.0
-0.33
8.33
-3.0
-1.0
-1.67
3.67
-0.33
11.67
1.33
-2.67
3.67
0.0
-3.67
-2.67
-0.67
5.33
-2.33
3.0
-1.33
-4.0
8.0
-1.33
3.67
2.33
3.33
2.0
1.0
5.67
1.0
-2.0
-3.0
-4.67
2.33
2.0
-3.0
-3.67
-2.0
6.0
3.33
1.67
4.67
-3.33
-4.33
-0.67
5.0
4.33
4.67
4.0
5.33
-1.33
-0.33
2.33
3.0
-2.67
-3.0
4.0
4.33
3.0
1.0
5.33
1.33
2.0
5.67
1.67
4.67
4.0
4.0
-9.0
3.67
11.33
6.67
0.0
11.0
0.67
0.67
2.0
-1.67
0.0
0.33
4.0
3.33
3.0
0.0
1.67
-1.67
-2.0
2.33
-2.0
-0.67
4.0
5.33
5.0
-0.33
-2.0
5.67
-2.33
6.0
-3.33
-2.33
-4.33
-2.67
1.0
-4.0
3.33
5.33
6.33
-2.67
1.0
0.0
3.67
4.67
-1.33
6.67
4.33
2.33
1.67
-8.33
1.67
-2.0
1.67
0.33
5.0
-1.67
2.33
3.67
1.0
-2.67
-3.67
0.0
-3.0
0.33
-0.67
-1.67
-1.67
2.33
3.67
-0.67
-4.33
-5.0
-1.33
-1.67
-3.33
-2.0
3.33
-0.67
0.0
-3.33
3.0
-1.33
1.33
2.33
0.33
2.67
2.67
6.67
3.67
-2.33
2.33
3.33
2.67
-6.33
0.0
2.33
2.0
2.0
2.33
-4.0
-1.67
-3.33
0.67
-0.33
-1.0
3.33
3.67
-3.33
5.33
1.0
0.67
-3.33
4.33
-1.33
-4.33
2.33
3.33
0.33
1.33
5.0
3.67
7.33
-2.0
1.33
6.67
-2.67
-0.67
0.67
-1.33
-5.33
0.67
1.0
0.0
0.0
0.33
-6.0
-3.33
-3.33
1.67
1.67
2.33
2.0
1.67
-4.67
2.67
1.67
-7.67
3.0
0.33
7.33
3.0
0.67
-0.33
-2.33
-0.33
2.67
2.33
0.67
9.67
1.33
-4.67
-0.67
3.0
5.0
4.33
-0.33
0.33
1.67
-1.67
-2.33
2.33
6.33
3.33
3.33
0.0
3.67
-0.67
-1.0
4.33
-3.33
-3.33
1.0
-0.67
-2.67
1.67
-1.67
0.33
-2.33
-1.0
-0.33
2.33
0.33
3.0
-2.67
-1.0
-0.67
-2.0
4.67
5.0
0.0
1.33
1.67
0.0
-6.33
4.33
-2.0
0.67
4.67
-1.0
0.33
-4.67
2.67
2.0
0.33
1.33
-1.67
-1.0
3.0
1.0
0.0
3.0
-2.33
-2.0
2.67
-0.33
-1.33
0.33
-2.33
2.0
0.33
2.0
-0.33
3.0
6.33
0.0
2.0
-3.67
2.0
3.0
-4.33
-1.0
3.0
1.0
-4.0
-0.67
2.67
-2.0
-3.33
-2.67
-1.0
-1.33
-0.33
-3.33
0.33
-4.0
1.67
-5.0
-0.33
-2.0
1.0
-6.0
-1.0
-4.67
-3.33
-4.0
-2.33
-6.0
-0.67
-2.33
-4.67
0.0
-4.67
-4.33
-0.33
1.33
-1.33
-4.67
-5.0
0.0
-0.33
-5.67
-0.33
-1.0
-4.67
-4.0
-6.33
1.33
-1.67
-5.33
0.67
-3.0
-0.67
-2.0
-2.67
-1.0
-6.33
-2.67
4.33
-4.0
-1.0
-5.0
-3.0
1.67
-6.0
-5.67
2.67
-3.67
-2.67
-1.33
3.67
-2.0
-1.33
1.0
-2.67
-3.67
-3.33
-2.67
-5.0
-7.67
0.0
-6.67
-0.67
1.33
-4.67
0.0
-3.33
2.33
-1.33
-1.33
-5.67
-3.0
-5.0
-1.67
5.0
0.0
0.0
-3.67
-4.33
-5.0
-3.0
-2.67
-4.0
-7.0
-5.67
-4.67
-2.0
-3.0
-0.33
-8.0
-1.67
-3.33
-3.33
1.33
3.0
-3.67
-2.67
-5.67
-4.0
-9.67
-8.33
-3.67
2.33
-7.0
-6.0
1.67
-7.33
-5.33
-2.0
-6.33
-2.0
-10.0
-4.33
-1.67
-1.0
-3.33
-0.67
-8.33
-3.0
-2.33
-4.33
-7.33
-1.67
1.67
-3.0
-3.67
1.33
-7.0
-1.67
-6.67
-4.0
-0.67
3.67
-1.0
-6.0
-5.0
-1.67
1.0
-1.33
-2.0
-4.33
-4.0
0.67
-0.33
-3.0
-3.0
-9.67
-0.67
-5.0
-2.67
-1.0
-8.0
-4.33
-2.33
-7.0
-1.33
-0.33
-6.33
8.67
3.0
-2.0
-0.33
-2.33
1.67
-2.67
0.0
5.67
4.0
6.67
9.0
1.0
8.67
10.33
18.0
10.67
10.67
15.67
13.0
15.67
20.0
18.67
24.0
27.67
24.0
22.33
34.33
31.67
22.0
13.0
13.0
12.33
11.67
9.67
-0.67
-7.67
3.67
11.67
9.0
1.0
-2.33
-4.67
1.67
1.33
-6.0
-5.33
-0.33
9.0
-6.33
-3.33
-10.0
1.0
-6.67
-9.33
-8.0
-5.0
-3.0
1.33
5.33
-3.67
-1.67
0.33
-7.67
-6.33
-9.33
-1.67
-6.0
-3.0
-1.67
-2.0
-10.33
-5.33
0.67
6.0
1.0
-8.0
-4.0
-10.0
-9.33
-5.33
-9.0
-1.0
-6.33
-9.33
-8.67
0.0
-7.0
-4.67
-2.67
-10.33
-10.33
-7.0
5.0
-7.0
-5.33
-5.33
-1.67
-2.33
-1.33
-1.67
2.0
-7.33
-2.67
-13.33
0.33
-2.67
-5.0
-10.67
-1.0
-1.67
-3.33
-6.33
0.33
-3.0
5.67
-7.67
-8.0
-12.0
5.67
-7.0
-7.67
0.67
-4.67
-4.0
2.0
-1.33
-12.67
-2.67
-7.33
-6.33
-5.0
-2.0
-16.33
-10.33
-10.33
-4.67
-7.67
1.0
-8.0
-11.67
-6.0
-10.67
-8.67
-1.0
-3.67
-8.67
4.0
-5.0
-6.33
-9.0
-2.0
-6.33
-8.0
-10.33
1.67
1.67
-2.33
-5.67
-7.0
-12.67
-11.67
-10.67
1.33
-1.0
-9.67
-7.67
-7.0
-5.33
1.33
-9.33
-2.67
0.67
0.33
-5.33
-8.0
-7.0
-3.67
-6.0
-0.33
-8.67
-2.67
-8.67
-10.0
0.33
-8.67
-7.0
-6.67
-9.33
0.33
0.67
-3.0
-0.67
-1.33
0.67
-5.0
-1.33
-5.67
-12.0
0.33
-7.67
-0.33
1.33
4.33
-3.0
-4.33
-8.67
5.0
-11.0
-5.67
-11.33
-6.67
-2.0
-11.67
4.33
-5.0
-14.0
-8.0
-8.67
3.33
7.33
5.0
2.33
-8.0
-5.0
5.67
0.33
2.67
0.67
1.0
-2.67
0.0
2.33
-3.33
-8.33
1.0
10.0
7.67
11.67
7.67
15.33
8.67
22.0
14.33
3.67
24.33
17.33
23.67
14.0
13.33
14.33
17.67
13.0
9.67
9.33
13.0
10.67
12.33
-3.33
-4.33
-4.33
3.67
3.67
-6.33
-0.67
5.0
3.33
1.67
6.0
3.67
-1.33
7.0
-0.67
-7.0
3.0
8.0
3.33
-1.0
-1.67
-7.67
0.67
-1.0
5.0
7.67
1.33
-2.67
3.0
5.33
0.33
-1.33
7.67
-1.67
2.33
-3.33
-2.33
4.0
-6.0
-1.0
-6.67
10.67
11.33
-0.33
7.33
-1.33
8.0
3.33
-4.0
-7.0
15.67
4.33
6.67
-0.33
3.33
4.67
0.67
-4.0
4.33
3.33
6.33
2.0
-5.67
0.0
-1.67
1.33
3.67
4.0
0.33
-2.67
-6.0
3.0
5.67
-2.67
1.67
5.33
-1.33
6.0
4.67
-3.0
6.33
12.67
0.0
-3.0
4.33
3.0
-5.67
7.33
10.33
-7.67
7.33
7.0
2.67
7.0
13.0
5.33
0.0
1.0
-4.67
1.33
-4.0
6.33
1.0
16.33
4.67
-4.0
-7.67
-1.67
0.0
10.33
5.0
5.67
3.33
1.67
-1.33
-2.0
0.33
3.67
6.33
4.67
-0.33
0.33
-4.67
-10.0
-3.67
6.33
5.0
5.33
13.33
1.33
4.0
10.67
13.67
-1.33
13.33
2.0
13.0
13.0
-1.67
13.33
6.67
-2.67
12.33
2.33
-10.67
-1.67
-2.33
-6.0
10.33
-1.67
4.67
6.33
-2.67
2.33
5.67
4.67
8.67
2.0
5.33
9.67
2.67
-0.33
8.67
2.33
-4.0
5.67
10.0
-1.0
4.33
3.33
5.0
8.67
9.67
14.0
-0.67
7.33
7.67
11.67
2.67
8.33
2.67
4.0
1.0
5.33
1.0
-3.67
8.67
-5.33
6.67
4.0
1.0
-3.67
2.0
10.0
1.33
0.67
0.67
-4.67
4.33
-3.33
8.33
7.0
5.0
9.0
9.67
1.33
9.33
6.33
5.67
6.0
6.67
3.67
5.67
4.67
19.67
10.33
10.33
4.33
-0.33
12.67
2.67
6.67
5.0
6.67
1.67
9.33
7.33
1.0
11.33
3.33
8.33
20.0
8.67
12.67
15.0
11.33
17.33
13.0
15.33
11.33
17.0
14.33
16.0
12.0
13.67
23.0
15.0
33.33
26.33
30.67
38.0
37.0
42.67
32.0
55.33
57.33
54.0
56.67
70.33
90.67
101.0
70.0
114.0
109.33
108.67
126.0
111.33
117.0
111.0
130.0
120.33
103.67
113.33
91.33
124.33
103.0
108.33
91.67
89.33
65.0
75.67
74.33
68.33
57.67
33.67
33.67
23.33
34.67
11.0
20.33
28.33
17.0
18.67
4.67
20.33
0.0
17.0
22.67
-3.67
-2.0
-2.67
17.0
10.0
-0.67
3.33
-8.0
-9.0
8.67
6.67
10.33
12.67
6.0
8.0
3.0
7.67
17.67
4.0
1.0
3.0
13.33
5.0
-2.33
3.67
-2.0
10.0
-4.33
-3.33
6.67
-1.0
0.33
14.67
6.67
3.33
-4.0
10.0
13.33
-1.0
5.33
-0.33
4.0
-1.33
13.0
4.67
-2.0
-2.33
13.67
9.33
3.33
-1.33
9.33
3.33
17.33
10.33
13.0
4.33
15.33
9.67
6.33
10.0
-2.0
8.67
11.67
4.67
-1.67
2.67
7.33
5.33
2.67
2.67
12.0
8.0
3.0
6.67
22.67
2.0
11.33
8.67
7.67
11.0
6.67
0.0
10.0
14.67
17.33
8.0
5.33
12.67
11.0
10.0
10.67
4.0
6.33
8.67
6.33
5.0
8.67
11.0
7.0
9.67
-5.67
2.0
2.0
12.0
3.33
5.33
9.67
0.67
4.67
12.0
-1.33
10.0
2.33
2.0
10.33
3.0
7.0
11.33
1.0
-3.33
0.33
6.33
2.0
5.67
2.33
4.33
1.67
2.33
-6.33
7.67
3.67
8.67
-4.67
5.0
2.67
12.0
6.0
6.67
9.0
15.33
11.33
-2.0
6.67
15.67
6.33
14.33
4.33
8.33
-3.0
-1.33
9.33
11.67
18.0
5.33
5.0
9.67
3.0
2.0
13.33
0.67
10.0
16.33
6.0
26.67
23.0
14.0
13.67
26.67
35.33
34.67
8.33
12.33
21.33
29.33
18.33
23.33
24.67
15.33
10.0
30.67
5.67
26.67
21.67
16.33
29.33
6.67
6.0
30.0
14.33
24.33
25.0
11.0
16.33
6.33
16.33
18.0
3.33
6.33
9.0
7.67
2.0
15.0
19.67
8.33
1.67
5.0
0.33
1.0
2.0
14.33
8.33
8.0
7.0
-14.33
7.0
-3.0
-6.33
8.67
5.33
-6.67
13.67
-1.0
5.0
12.33
-1.33
7.33
6.33
7.0
11.33
-2.67
14.33
3.0
4.67
1.67
-0.33
-2.67
11.33
-5.33
-1.67
10.33
6.0
13.67
-2.0
3.67
10.33
7.67
11.0
20.33
29.0
6.33
-2.0
5.67
8.0
-2.33
2.0
12.67
8.0
16.67
7.0
2.67
6.33
5.0
6.67
-1.0
20.33
17.67
3.0
9.33
-2.33
-1.67
24.0
10.0
-5.67
0.67
8.33
5.33
0.67
3.0
6.0
8.33
-5.33
-2.33
9.67
-3.67
4.33
-1.33
-3.67
-4.33
14.0
8.33
3.67
8.33
7.0
6.0
6.67
1.33
5.67
8.67
11.33
6.33
5.67
0.0
6.67
3.67
9.33
8.0
-4.67
-3.67
5.67
7.0
-4.67
-5.67
-1.0
21.0
-2.67
2.0
1.0
-4.67
1.67
4.0
0.67
0.67
16.33
6.0
3.0
0.67
6.67
-5.67
3.0
-3.0
10.33
-5.67
4.0
3.0
1.33
15.67
-4.33
-4.33
-1.33
-4.33
7.0
-3.33
2.0
-2.33
1.0
7.0
-9.67
2.33
1.33
2.0
-2.67
1.0
-5.0
0.67
-3.0
11.33
1.0
0.67
3.67
-2.67
-4.0
5.0
8.33
1.0
-7.67
8.67
-0.67
2.0
-3.67
-0.33
2.67
-2.67
1.0
-1.33
-11.67
2.0
2.67
-6.33
-6.33
7.33
-3.33
7.67
-4.67
2.67
-3.67
-2.0
-2.33
-4.0
-1.67
2.67
16.67
-1.0
11.33
3.0
11.33
-2.67
1.67
9.67
15.0
9.67
3.33
7.33
-2.0
-5.0
0.33
3.33
7.33
8.67
4.33
9.67
2.33
-0.67
3.33
-0.67
9.67
11.67
0.0
7.67
14.67
-7.0
5.0
1.0
6.0
1.33
-1.67
5.0
-6.67
-5.33
-3.0
4.0
3.0
2.67
11.67
10.0
1.0
-12.0
-1.33
1.67
1.67
-2.67
-4.33
-1.0
3.33
3.67
-6.0
3.33
10.33
3.0
7.33
-0.33
-3.67
2.33
-0.33
-0.33
-4.0
2.33
3.33
-4.67
-1.33
-4.33
-5.67
4.67
2.67
0.67
-6.0
0.33
1.0
3.67
3.0
-0.67
6.67
-7.33
-1.0
13.0
4.33
14.0
-1.33
5.33
5.0
0.67
-2.33
7.33
-11.0
6.33
1.0
6.67
5.67
1.0
6.33
3.0
0.67
12.67
0.67
2.67
-7.67
-3.67
-4.0
-4.0
-7.67
-0.67
-1.0
3.0
-2.0
-1.33
-6.33
6.33
0.67
3.67
8.33
-1.67
-6.0
5.0
-8.67
4.33
-2.67
-1.67
1.33
-8.0
-11.0
-6.0
-1.0
8.33
-1.0
1.0
6.33
-5.33
1.0
-5.67
7.0
5.67
1.0
6.0
0.67
7.0
-0.33
4.67
1.67
1.0
10.33
1.67
3.67
3.33
2.67
-3.67
7.0
4.0
1.0
2.67
6.67
-2.67
6.0
1.67
-0.67
0.0
-3.67
4.0
7.33
-5.0
-4.0
5.67
-2.0
2.67
2.67
4.0
0.67
4.0
2.0
6.33
1.33
6.0
-3.0
-3.33
7.67
5.0
3.33
-2.0
6.0
0.0
5.33
6.33
6.33
6.0
3.0
0.67
-1.33
2.67
6.0
-1.67
-3.0
5.67
-1.67
-4.67
3.67
-3.33
8.0
-2.67
-2.33
-0.67
-0.33
-0.67
3.67
-2.0
8.67
-2.0
-2.0
-3.0
-3.33
6.33
-6.67
2.67
2.33
0.67
1.33
5.67
0.0
0.33
-0.33
4.0
-6.33
6.33
11.67
0.0
-7.33
-3.67
1.67
5.67
2.67
11.67
-2.33
2.0
-0.33
2.67
-3.33
3.33
2.0
0.0
-4.33
1.33
4.67
-1.0
-1.67
8.0
3.67
0.33
5.67
-3.33
-7.33
-0.33
2.67
3.33
-2.33
1.67
0.33
-3.33
-1.33
6.0
-1.0
-4.67
-4.67
2.0
-1.67
5.67
-2.33
7.67
0.67
0.33
-1.67
0.0
1.0
-0.33
-0.33
2.0
-3.33
-1.33
2.67
1.67
0.67
0.67
5.33
7.67
3.67
1.0
2.0
-3.33
-2.67
-5.0
4.67
0.0
4.67
2.0
-2.33
8.67
6.0
-1.0
-0.67
1.67
2.0
1.33
6.0
-4.33
2.67
-0.33
