0.0
-11.0
-34.0
-12.33
-28.0
-5.33
51.33
-84.33
-2.33
-12.33
4.0
55.0
-27.0
-54.0
55.33
53.33
9.33
-9.33
38.33
4.33
3.33
37.33
0.0
9.0
24.33
4.67
0.33
15.0
-2.67
4.33
4.0
3.67
-5.33
1.33
2.33
-1.0
2.33
-0.33
0.33
2.67
0.33
1.67
0.33
-0.67
-1.0
0.33
-1.0
-0.67
0.67
1.0
0.67
-0.67
-0.67
-0.33
0.0
0.0
0.0
1.0
0.67
1.0
-1.0
0.0
0.33
0.67
-0.33
0.33
-0.33
-0.33
1.0
-0.67
1.0
1.0
-1.0
0.0
2.0
-0.67
2.67
0.0
-0.67
0.67
-0.33
0.67
1.67
0.33
-0.33
-0.33
-0.67
-0.33
-0.33
0.33
-0.33
-1.33
-0.33
0.67
0.33
1.33
0.0
0.0
-0.33
0.33
-2.0
1.0
1.33
0.0
2.67
0.0
0.67
0.67
0.33
-4.33
-0.67
0.67
0.0
4.33
0.0
0.67
4.67
-1.0
1.33
3.33
0.0
8.33
1.33
1.33
4.0
-0.33
-3.33
2.0
0.67
5.0
0.33
2.67
0.0
2.33
-2.0
2.67
6.0
2.33
0.67
-2.67
0.0
3.67
0.33
-2.67
0.67
3.67
-1.33
-4.0
-3.67
6.33
5.0
3.0
-2.33
6.0
-4.67
5.67
3.67
7.33
-1.67
4.0
3.0
-1.67
1.67
-3.0
-1.0
3.0
2.0
3.0
5.67
-4.0
-1.0
2.33
3.33
1.33
4.33
4.0
-0.67
-1.67
-4.67
11.67
-3.33
5.67
5.67
-3.33
9.0
-2.0
-1.67
6.0
-0.67
2.33
5.0
6.67
1.0
-3.0
2.67
0.33
2.0
1.67
4.33
-4.33
0.67
0.33
-3.67
5.33
0.0
1.33
6.67
3.0
1.0
-3.67
8.33
5.33
3.33
0.33
-0.33
4.33
3.0
2.0
-1.67
1.67
-0.67
4.33
-3.33
-6.33
4.67
4.33
-0.33
1.0
5.67
0.67
2.33
3.33
2.67
3.0
9.0
4.67
-0.33
1.67
5.0
7.67
6.0
2.0
3.0
-4.67
0.33
-3.0
4.67
2.0
12.0
-3.33
3.33
5.33
-0.33
8.33
-1.0
-2.0
-1.0
-3.0
-3.33
-3.0
-0.33
3.33
0.67
-1.0
6.0
-2.67
0.33
2.0
-1.67
-3.0
-1.0
-2.67
-0.67
4.0
5.33
0.67
2.33
-4.0
0.67
1.0
7.67
3.0
-5.33
2.33
1.33
3.0
6.67
-0.33
1.67
-1.67
5.67
5.33
-5.0
11.67
-2.0
7.67
-3.0
4.0
0.33
4.33
0.67
-3.0
6.0
2.67
5.0
0.67
5.33
1.0
1.0
4.33
0.67
-2.33
2.67
2.33
10.33
-0.33
0.0
1.33
-0.67
6.33
0.33
3.67
6.0
-4.33
4.0
5.0
1.67
5.67
6.33
-0.67
1.0
6.0
2.67
1.0
4.0
0.0
-1.67
-1.67
8.0
0.0
-2.67
5.0
7.0
4.33
3.67
8.67
-6.33
-0.33
6.33
0.0
-0.67
5.67
1.0
-0.67
-5.33
-1.33
3.33
1.0
0.33
-1.0
4.0
-3.67
-1.0
3.0
4.33
3.33
-1.0
-2.33
-1.33
5.67
8.0
2.0
-4.0
7.67
3.33
0.67
4.0
4.0
-1.33
3.67
-3.0
5.33
7.0
1.33
1.0
-0.67
-2.0
9.0
2.67
-1.67
2.0
-3.67
0.0
-0.67
0.0
9.33
-6.0
-1.33
0.0
1.67
2.67
-3.0
6.67
6.67
1.67
0.33
2.0
-3.0
0.33
-3.67
3.33
-2.67
3.0
-6.0
-0.33
8.67
-0.33
6.67
0.33
3.33
6.67
-4.33
-2.33
-3.0
-0.33
0.33
-1.0
4.33
5.33
5.67
3.0
-1.67
-1.67
-3.0
2.0
1.33
3.33
7.33
1.33
0.33
3.67
-4.67
-2.33
-3.0
-2.33
5.33
-0.33
1.0
2.33
1.33
2.0
-0.33
2.0
-1.33
7.33
1.33
2.33
2.67
-1.33
0.67
3.67
-0.33
1.33
-0.67
3.67
-2.33
-5.0
0.33
5.0
3.0
0.33
-4.0
-4.67
0.67
-0.33
-3.33
-2.0
1.33
-1.33
2.67
-0.67
1.0
1.67
-2.33
2.33
2.67
-1.33
2.33
0.33
4.33
5.33
1.0
2.67
6.33
-2.0
-0.67
4.67
-6.67
1.33
-0.33
-3.33
-2.33
1.67
-3.0
1.0
-3.0
-2.67
-3.0
-7.33
-1.33
1.67
6.67
2.33
-2.0
-3.33
1.33
0.67
5.67
-1.67
3.0
-1.67
0.33
3.0
-1.33
1.67
-0.33
-2.33
-3.33
3.33
0.67
3.67
0.33
0.33
-0.67
6.0
4.0
0.33
-1.33
4.33
2.67
5.33
-1.33
0.33
1.33
5.33
3.33
4.0
-5.33
1.33
0.0
3.33
2.67
-1.33
1.0
-1.67
1.33
-3.33
1.33
-0.67
-3.33
1.0
-1.33
2.33
3.33
2.0
0.33
2.0
0.33
1.0
0.67
-2.0
-6.0
-3.67
-1.33
0.0
-3.33
1.33
-1.0
1.67
2.67
-2.0
1.33
0.33
-2.33
-1.0
-0.67
3.33
-4.67
1.0
0.0
2.0
-2.0
-3.0
-1.33
1.0
1.67
2.67
1.67
0.33
1.67
1.0
4.33
-1.0
-0.33
2.0
0.33
0.0
3.0
-4.67
2.0
-1.0
-4.33
-1.0
2.0
1.0
0.0
-3.67
0.67
-2.0
-1.33
-4.67
-4.0
-0.33
-0.33
-5.33
-0.67
-2.0
-2.33
-8.0
-1.33
0.0
-4.0
-5.0
0.0
3.33
-1.33
-5.0
2.67
-4.0
-1.67
0.67
-1.67
1.0
-0.67
-2.33
0.67
1.33
3.67
-2.67
-2.0
-4.0
2.67
-2.67
0.67
-1.0
-1.67
-3.0
-5.33
2.33
-1.67
-6.33
-0.33
3.0
-5.67
-3.0
-6.67
-6.0
-5.33
-0.67
2.33
-2.0
-2.0
-3.0
0.0
-0.33
0.0
-6.67
-6.33
-5.67
-1.67
-4.33
-2.33
1.0
-2.33
1.0
-4.67
-6.67
-5.33
0.33
-2.0
-8.67
-3.0
-7.67
-1.67
-8.67
-2.67
-1.0
-3.33
3.33
-6.33
-3.33
-7.67
0.0
-5.0
1.33
0.0
-6.0
-2.0
1.33
0.67
-7.0
-2.0
-5.67
2.0
-5.0
-3.67
-7.67
-1.0
-2.0
-7.33
-5.0
2.33
-2.33
-5.33
-2.67
-6.0
-3.67
-0.67
-4.67
-4.0
-9.67
-2.33
-0.67
4.33
-5.0
-3.0
-6.33
-4.33
-5.33
1.0
-4.33
-3.0
-4.0
-8.33
-3.67
1.0
0.67
-2.67
-12.33
-2.0
-4.33
-0.33
-7.33
4.33
0.67
-11.0
-8.67
-3.67
-5.0
-3.67
-10.67
-8.0
-3.67
-0.33
2.0
-6.0
-4.0
-1.67
-6.0
-6.33
5.0
-3.33
-4.0
-0.33
-2.33
-4.0
-3.0
-3.67
-8.67
-3.0
-5.67
-2.0
-5.0
-5.33
-7.33
2.0
-2.33
-0.33
-6.33
1.67
5.0
-4.0
-5.33
-0.33
0.67
-0.67
-5.0
-3.33
4.0
8.67
2.0
8.0
-1.33
14.33
0.0
11.67
18.67
16.67
26.0
18.67
12.0
26.67
28.0
21.67
17.0
14.33
16.33
16.67
20.0
2.0
17.0
4.33
-1.33
12.67
6.33
-3.67
0.67
-1.33
8.0
-4.0
-6.33
2.33
1.67
0.33
-8.0
0.67
7.67
-7.0
-5.33
-7.33
-4.0
-6.0
-9.67
-12.33
-9.0
-3.0
-6.0
0.33
-5.67
2.33
1.33
-8.67
-10.67
-6.33
-4.33
0.33
-4.0
-4.0
-3.67
-5.0
-11.33
-6.33
-1.33
-3.0
5.0
-5.0
5.0
-9.0
-1.33
-6.33
-5.0
1.0
-3.33
-11.33
-3.67
1.0
-8.0
-5.67
2.33
-7.33
-3.33
-15.0
-2.0
-5.0
1.67
-9.33
-3.67
-2.33
-4.33
0.33
-2.0
-10.33
-8.67
-15.33
-6.67
-9.67
-2.0
-9.67
-2.0
-4.67
-6.33
-8.33
-10.67
1.0
-1.33
-2.67
-2.0
-7.0
-9.33
-11.0
-11.67
3.67
-2.67
0.0
-3.0
-2.33
-4.67
-0.67
-11.33
-6.33
-11.0
2.0
-7.33
-6.33
0.67
0.33
-14.67
1.0
-3.0
-2.67
-5.0
-13.67
1.33
-3.0
-3.67
-6.67
-4.0
-10.0
-11.33
-15.0
1.0
-2.33
-3.0
-2.33
3.67
-4.33
-3.33
-5.67
-7.0
-16.67
-5.67
-7.67
-9.67
-1.0
-7.67
-12.67
5.0
-8.33
2.33
-5.33
6.33
-6.33
-7.67
-10.33
-9.0
-2.0
-1.67
-6.0
-4.33
-6.67
-0.67
-10.67
-4.0
4.33
-6.67
3.0
-2.67
-4.33
2.33
-3.33
-8.0
-0.67
-4.33
-4.33
-9.0
-8.33
5.33
-9.0
0.33
-9.67
-7.33
1.33
-10.67
-13.0
0.67
-5.67
12.0
-5.0
-10.67
-13.33
-0.67
0.0
-3.67
0.33
-5.0
-4.0
-4.0
-5.67
-2.67
-3.67
-2.0
-0.67
-10.0
-4.0
-4.33
-1.67
-3.33
-0.33
-7.0
-0.67
4.0
4.33
3.67
-4.33
-2.0
18.0
15.67
4.67
11.67
15.33
11.67
12.0
19.33
9.67
9.33
20.33
8.67
11.0
21.33
19.33
9.67
8.0
10.67
16.33
19.0
17.67
19.33
-5.33
3.67
1.67
-1.33
-2.33
-5.33
2.33
-2.0
0.33
-7.33
2.0
0.67
-9.33
1.0
-2.67
4.0
0.0
3.0
8.33
2.0
1.33
-7.67
7.67
-4.0
-1.0
6.67
-0.67
-4.67
5.0
-5.67
2.33
5.67
2.67
-0.67
1.33
-0.33
0.67
6.0
-8.0
-1.0
0.33
5.67
12.33
5.67
11.33
-3.33
3.0
2.33
-6.0
-3.0
7.67
5.33
-1.33
6.67
4.33
-0.33
6.67
5.0
0.33
7.33
13.33
5.0
-2.67
5.0
6.33
0.33
-2.33
12.0
-1.67
2.33
-5.0
12.0
7.67
-5.67
6.67
0.33
-4.33
4.0
3.67
9.0
4.33
1.67
-6.0
-3.0
-1.67
5.0
1.33
5.33
3.33
-0.67
1.33
2.0
-9.33
2.0
2.0
-3.67
-3.0
9.0
-1.67
9.33
0.0
7.33
0.0
6.33
6.67
8.0
3.33
-0.67
-6.0
2.33
2.0
4.67
-4.67
5.67
-5.33
1.0
-5.67
-0.33
2.33
13.67
3.67
2.33
1.33
-7.0
1.33
5.33
9.0
2.33
11.33
-0.67
12.0
18.67
14.67
1.67
-1.67
11.0
3.0
21.0
-1.67
14.33
-3.33
14.33
-3.67
-2.67
1.33
3.33
-3.33
0.0
1.33
11.33
0.67
6.33
5.33
-0.67
2.67
1.67
12.67
7.0
2.33
11.67
4.67
-3.33
5.67
-0.67
-8.0
7.67
10.0
1.0
4.33
1.33
11.0
7.67
-5.33
-3.0
10.33
5.33
2.67
1.67
12.67
6.33
15.67
10.0
10.0
2.33
9.0
6.33
10.67
2.67
11.67
7.0
15.0
1.33
8.0
4.0
-1.67
10.67
12.67
4.33
2.33
5.67
0.33
8.0
2.0
1.0
2.67
0.33
1.33
13.33
9.67
4.0
8.67
5.67
5.67
9.67
8.67
1.33
5.33
1.33
10.67
16.67
3.67
3.67
11.0
13.67
5.67
18.33
4.33
28.0
18.33
9.33
18.33
15.0
19.67
15.67
18.0
7.33
10.33
13.0
15.33
7.33
17.0
26.33
19.0
21.0
22.67
22.0
26.0
48.33
25.33
25.67
31.0
29.0
34.67
36.0
55.33
49.33
61.0
66.67
78.33
88.67
75.0
111.0
114.0
102.33
124.67
130.0
121.33
110.0
118.0
129.0
146.33
142.67
120.33
142.33
113.33
91.0
124.33
104.67
92.33
97.0
71.67
48.33
61.33
49.67
49.67
41.67
33.33
21.67
15.0
30.33
23.33
7.0
21.67
0.67
11.33
3.0
8.0
14.67
-1.67
-12.0
10.33
10.0
11.0
9.33
5.33
-4.0
8.0
14.67
14.67
-7.67
13.67
10.0
8.0
2.0
19.67
9.67
5.0
-2.0
1.0
14.33
1.0
-5.33
2.67
7.0
-12.0
7.67
19.67
22.67
5.0
22.33
5.67
13.67
20.33
1.0
5.0
3.33
-6.0
5.33
12.67
15.0
10.67
13.0
1.67
-1.0
3.67
6.67
3.33
7.33
6.67
19.33
4.33
10.33
10.33
13.0
2.33
9.33
-5.33
0.33
6.0
7.0
1.67
5.67
4.67
0.33
-2.33
11.33
4.33
14.67
2.67
3.0
5.0
6.0
11.67
10.67
9.0
1.33
6.67
4.67
10.0
15.67
2.0
5.0
5.67
12.33
2.0
11.33
4.67
11.0
4.0
11.67
10.0
2.33
-2.33
-2.67
6.0
11.67
-3.0
9.0
8.67
11.33
13.0
7.0
8.0
4.33
6.33
7.67
1.67
7.67
3.0
-5.33
8.0
0.33
3.0
2.33
8.0
1.0
5.33
3.0
10.67
-5.67
9.33
-1.0
7.67
-6.67
-3.67
3.67
8.33
9.67
4.67
-1.33
-1.33
5.33
-3.0
16.67
1.0
9.0
6.67
9.0
1.33
-3.67
8.0
15.67
6.67
4.33
10.33
8.33
5.33
8.0
6.67
3.33
9.67
3.0
7.33
-3.0
-4.33
3.0
21.0
17.33
-0.33
0.0
25.33
8.0
18.67
7.0
16.0
9.67
15.67
17.33
20.67
10.33
13.33
32.33
26.33
14.33
19.33
11.67
19.33
19.0
21.67
26.67
19.67
26.67
15.33
16.33
27.67
22.0
21.0
6.33
0.33
22.0
11.0
20.33
7.33
20.33
11.0
6.33
9.33
9.0
13.67
4.0
12.0
11.67
-2.67
8.67
-4.0
4.33
10.0
10.0
6.33
4.33
3.0
7.0
-10.33
1.0
-13.0
-3.33
2.67
-8.67
-1.67
8.67
9.0
2.0
3.33
2.67
-7.67
-10.67
-10.0
20.33
-6.67
16.33
3.0
0.67
6.67
4.67
9.33
1.33
17.67
-4.67
8.33
14.0
10.67
3.0
0.67
2.33
-6.33
-7.0
14.33
24.0
8.33
9.0
20.67
6.0
15.67
8.0
12.67
1.0
14.67
-7.0
7.67
2.33
3.0
-1.33
-2.0
15.33
-0.33
0.0
6.33
6.67
12.33
-1.0
7.0
10.33
4.67
17.33
12.33
6.67
10.0
9.0
5.33
-3.33
-10.33
1.67
10.33
6.33
3.67
8.33
3.67
12.0
8.33
-4.33
3.33
1.0
5.0
4.67
7.33
-9.33
9.67
-8.67
1.33
2.67
-2.0
-0.33
7.67
10.33
15.0
3.33
4.33
-4.33
5.0
4.33
-11.67
4.0
14.0
3.33
6.0
-6.0
-2.67
-3.33
1.0
-4.33
2.67
-1.67
8.0
8.0
-2.33
1.67
-2.67
-4.0
-2.0
2.33
-2.67
3.0
2.0
2.33
-2.33
5.67
-5.33
6.67
3.67
2.0
-4.33
9.0
-1.33
10.0
1.0
-0.67
3.33
-2.67
-2.0
5.33
-1.0
10.0
8.67
4.0
2.33
7.0
-4.33
3.67
-3.67
-8.0
0.0
-1.67
-2.0
-2.67
0.67
0.33
2.0
9.33
-3.33
-1.33
4.33
12.0
0.67
2.33
4.0
2.67
1.67
1.67
1.33
-6.33
1.67
-13.67
3.67
-2.67
-5.0
4.67
5.0
1.33
-1.33
2.67
-4.0
9.33
9.0
9.33
-0.67
0.67
1.67
12.0
5.67
9.33
3.33
6.0
-5.0
-3.67
4.33
11.33
-0.33
13.33
-1.33
0.33
0.33
10.33
2.33
6.67
9.67
-2.0
16.67
0.67
5.0
9.0
6.0
8.0
-1.67
1.33
2.0
3.33
-1.33
1.0
6.0
8.0
-0.33
2.67
4.0
-8.0
0.0
2.67
4.67
2.67
-0.67
1.67
-4.0
-8.67
1.67
5.0
-0.67
3.33
-5.0
-3.67
-2.33
-2.67
-3.67
1.67
10.67
-6.0
2.33
6.33
10.33
3.67
3.67
1.33
-2.33
-5.33
-2.33
-2.0
4.33
7.0
12.67
-1.0
1.33
0.67
-6.33
8.0
6.0
-1.67
-2.0
2.67
-3.67
5.0
3.67
-0.33
6.33
2.0
8.33
1.0
0.67
3.67
-1.0
1.33
4.0
-3.33
5.67
1.67
3.67
-3.67
-0.67
5.0
5.0
-2.67
3.33
1.0
-11.0
-3.0
3.67
2.67
3.33
1.67
5.67
-4.67
7.33
4.0
-4.0
-5.67
-8.67
-2.67
-5.67
1.33
0.0
-3.0
1.0
-3.0
-1.67
-7.0
6.0
5.33
-3.33
3.0
0.33
0.0
-4.33
-4.0
-10.0
2.67
-7.0
-7.33
1.67
-2.33
-7.0
-2.67
5.67
-6.33
8.33
6.67
4.33
9.0
-3.0
6.0
-2.33
6.67
6.33
-2.0
-4.33
7.33
2.0
1.33
2.0
1.33
-2.0
1.0
4.67
6.0
-0.33
3.67
2.0
2.67
0.0
-5.0
3.33
0.33
9.0
7.0
-0.33
2.67
-2.0
6.33
-2.0
0.0
8.0
4.33
0.33
-5.67
5.0
2.0
-0.33
8.67
0.67
-2.0
2.33
2.0
-0.33
6.33
-2.67
-2.33
-2.33
-3.0
-0.67
-0.33
3.33
-1.33
-3.67
0.67
-3.0
4.67
3.0
-1.0
4.0
4.67
3.33
-1.67
0.67
6.33
-0.33
2.33
3.67
4.0
5.33
-0.33
1.0
-5.33
7.33
1.67
5.0
-3.33
4.33
6.67
2.67
-4.33
4.67
-0.33
3.0
2.67
-5.33
2.67
1.33
-2.0
5.0
5.67
4.33
10.67
2.0
-2.67
5.0
5.67
-6.67
5.67
2.67
3.67
-0.33
-1.33
4.33
-3.33
3.67
3.33
-0.33
-2.33
2.0
0.0
3.33
3.33
-5.0
-0.67
2.67
1.67
4.67
6.67
0.33
0.33
4.0
-3.0
1.67
-5.33
8.0
-1.33
-0.33
0.67
-1.33
3.67
-1.33
1.33
1.67
-1.33
-3.0
0.0
2.67
7.33
-4.0
0.67
-4.0
-2.33
-2.0
0.67
3.67
5.0
-4.0
3.33
3.67
0.0
4.33
5.0
-1.33
1.67
5.67
