0.0
-27.0
-5.0
12.67
37.0
-79.33
17.33
-48.33
-48.33
-25.33
3.0
31.0
45.0
-41.0
-13.67
0.33
26.33
0.67
-3.67
40.33
32.33
33.33
18.0
4.0
9.33
7.67
15.33
7.0
12.33
0.33
14.0
0.67
2.67
3.33
-4.67
-3.0
0.33
-0.33
1.33
1.67
-0.67
-0.33
0.33
0.33
0.0
2.33
-1.0
-0.67
-0.33
0.0
-0.33
-0.67
-0.67
-0.33
0.0
0.0
0.0
0.0
-0.33
1.0
-1.0
1.0
-0.67
-0.33
-0.33
0.33
-0.33
-0.33
0.0
0.33
0.0
0.0
0.0
1.0
1.0
-0.67
-0.33
0.0
-0.67
0.67
-0.33
0.67
-0.33
1.33
-0.33
-0.33
1.33
-0.33
0.67
0.33
0.67
-0.33
-0.33
-0.33
1.33
-0.67
0.0
0.0
0.67
-0.67
-1.0
0.0
-0.67
0.0
0.67
0.0
-1.33
5.67
3.33
-2.33
2.33
2.67
-1.0
2.33
0.0
0.67
-2.33
7.0
3.33
3.33
-3.0
4.33
2.33
-0.67
5.0
-0.33
-3.33
1.0
-1.33
-2.0
5.33
3.67
1.0
0.33
0.0
3.67
0.0
3.33
2.67
-0.67
0.0
0.67
5.33
4.33
2.67
0.67
0.67
-3.0
5.33
-4.67
5.0
1.0
-1.33
2.0
3.33
-3.33
6.67
4.33
0.33
3.0
1.0
1.33
6.67
-5.0
1.0
2.0
5.0
-2.0
-0.33
0.0
1.0
2.33
-6.67
-3.67
-4.67
0.0
4.33
-1.67
-2.67
-0.33
7.67
1.67
5.67
-4.33
11.0
-2.0
2.33
5.0
4.33
-0.67
12.0
8.67
-3.0
3.0
-2.33
3.33
0.0
0.67
3.33
-3.33
0.67
0.33
-8.67
12.33
5.0
0.33
-0.33
6.0
1.0
-4.67
5.33
-2.67
5.33
2.33
-2.33
1.33
-1.0
3.0
7.33
2.67
1.33
0.33
-3.33
0.67
4.67
6.33
7.67
3.0
-1.33
2.67
-3.67
3.33
-2.33
6.0
4.0
-1.33
-2.33
3.67
2.0
4.67
2.0
-1.0
2.0
3.33
-2.67
-2.0
1.67
3.0
5.0
6.67
-1.67
8.33
-0.33
0.33
-5.0
0.0
9.0
3.0
0.67
-3.0
-0.33
6.33
-0.33
0.0
2.0
-1.67
7.33
11.0
-1.67
5.0
-6.0
4.33
9.33
6.0
1.33
5.67
2.33
3.0
1.67
1.0
5.67
7.0
-2.33
5.33
4.33
4.0
4.67
2.67
1.67
2.33
-2.33
0.33
-4.0
-0.33
-3.0
4.67
-1.0
0.0
7.33
1.33
0.67
-3.0
8.0
4.67
1.0
6.67
12.33
8.0
0.0
-0.67
-7.33
-3.33
5.67
2.33
3.33
-0.33
2.0
4.33
2.33
7.33
0.33
3.67
-1.0
-3.33
0.0
8.0
7.67
7.67
-1.67
0.33
0.0
3.0
-0.33
0.0
6.0
1.0
-0.67
5.33
5.0
-1.0
6.33
5.0
8.0
0.33
3.67
5.67
-3.33
2.67
0.33
5.0
7.33
-1.33
0.0
2.33
0.67
5.67
8.33
2.0
-0.67
-4.0
3.0
4.33
-3.0
4.0
-1.67
-0.67
-1.0
2.67
-1.33
0.67
3.0
3.0
-4.0
2.67
2.33
7.67
0.0
5.0
1.67
5.67
2.0
1.33
2.0
5.33
4.0
-4.67
0.0
0.0
0.67
2.33
0.0
-1.67
-3.0
-3.67
1.0
-3.67
-1.0
-3.33
3.0
4.67
0.67
-3.0
4.67
1.67
2.67
-2.67
-2.0
-5.0
4.33
-1.67
6.33
0.33
6.0
2.0
2.67
2.67
-3.33
-1.33
7.33
2.33
1.67
-5.33
-3.33
3.0
2.67
-0.67
6.0
0.33
-4.67
3.67
3.0
-0.67
-0.67
-1.0
-3.0
-1.67
2.33
8.33
-0.67
-1.67
-1.33
-3.67
5.67
-4.0
-0.33
3.33
0.67
3.0
3.33
-1.67
-4.0
-0.33
2.0
5.67
0.33
0.33
-2.67
1.67
-3.33
4.67
4.67
0.67
1.33
-1.67
-0.33
1.67
-5.0
8.33
2.0
2.0
3.33
0.0
-0.67
0.67
-2.33
-2.33
-4.0
0.33
0.67
-0.33
2.33
-2.0
-1.33
0.67
-0.67
1.67
2.67
2.33
3.33
3.33
-5.67
5.0
2.67
4.33
-1.0
2.33
-0.33
-0.67
3.33
-8.33
3.67
-1.33
3.67
1.0
0.0
-3.0
-3.67
1.0
-2.33
-1.33
1.67
-0.33
1.33
-1.0
-2.33
-1.67
-2.33
-1.33
-0.67
2.0
-2.67
0.33
4.0
-1.33
3.67
-0.33
0.67
0.67
0.33
1.67
2.67
2.33
-1.67
1.33
0.0
4.0
1.33
-3.33
0.33
-0.33
2.33
-0.33
2.33
1.33
2.33
2.33
5.0
3.67
-0.67
3.0
2.33
3.67
-2.33
4.0
0.33
0.33
-1.33
-1.67
1.33
-3.33
1.0
-2.33
-1.67
-0.67
-1.0
-2.67
-1.0
0.33
6.0
-0.33
-2.0
-8.0
-1.67
4.67
-1.0
1.67
2.33
-3.0
2.67
4.67
3.0
-2.67
-4.67
-1.33
4.0
1.33
1.33
-7.67
-2.0
4.0
0.0
0.0
5.0
-4.33
-2.0
1.67
-1.33
4.67
-2.67
1.67
-1.0
0.33
-1.0
3.67
-1.0
-2.67
3.0
2.0
-1.67
1.0
0.0
-4.33
-3.0
2.0
2.0
-2.0
-2.67
1.67
-2.0
-6.33
-1.67
-7.0
-4.33
-2.33
-5.33
-2.67
-3.0
0.67
-2.0
-2.33
3.0
1.0
-3.0
7.0
3.33
-3.33
-5.0
-3.33
-5.0
0.33
-3.33
-3.67
1.0
-2.67
-3.33
-6.33
6.33
-2.33
-2.67
-7.0
-2.0
3.67
-6.67
-1.33
0.0
-4.67
-1.0
-4.33
0.33
-4.67
-3.33
-2.33
2.0
-3.67
-2.0
-2.67
1.0
-5.33
7.33
-1.67
-3.0
-4.0
1.0
4.0
0.67
-2.0
-6.67
-1.33
-1.67
-2.67
-0.33
5.67
-3.0
-7.33
2.0
-2.67
-6.67
-6.33
2.33
-5.0
-8.67
-1.0
-6.67
0.33
-2.67
-0.67
-2.0
-9.33
5.33
-5.33
-1.33
-5.67
-1.0
4.0
-1.67
-2.0
-6.0
6.0
-4.67
-3.33
-2.0
1.0
-2.67
-2.0
-7.0
-3.67
-3.67
3.0
-1.0
2.67
-5.0
2.33
-3.33
-1.33
-5.67
-3.0
0.33
-2.67
-9.67
-5.0
-6.67
-3.33
0.33
0.33
-4.0
-1.0
-2.33
-7.33
-3.33
-3.0
-7.33
-3.0
4.0
-9.33
-3.67
2.0
-1.33
7.33
-10.33
-3.0
2.67
-2.33
-5.33
1.33
3.67
-9.0
-7.67
-0.67
-6.0
-7.67
-5.67
-5.0
-0.67
2.67
-1.0
-1.0
-11.0
0.33
-8.0
-0.33
4.0
-3.33
-11.0
-2.33
-7.33
-5.0
-4.0
-4.67
-2.67
-4.0
0.33
-8.0
-1.0
-0.33
0.67
-1.0
-1.33
0.67
-3.33
-2.33
-1.0
-1.0
-6.33
-1.33
-4.33
2.33
-1.0
-1.33
6.0
8.67
-5.0
-1.0
5.67
1.33
2.0
0.67
13.67
9.67
15.0
12.67
7.0
23.67
16.0
21.67
22.0
7.33
20.33
15.67
3.0
13.0
11.0
4.33
-0.33
10.67
-1.67
-2.67
-0.33
3.67
1.0
2.0
-7.33
2.33
-4.33
-1.67
-7.0
2.67
-1.33
-8.0
-4.33
-11.33
-9.0
-5.0
-10.67
-10.33
6.0
-5.0
3.0
-1.67
-5.67
-1.67
-2.67
-1.67
-6.67
-3.33
-8.33
-4.67
-3.0
-3.0
-1.67
-1.0
-8.33
-5.33
5.67
-5.0
2.0
-5.0
6.0
0.0
-11.33
-8.33
-5.0
-2.0
-9.33
-8.33
-9.67
-7.0
-8.0
2.33
-4.67
-7.33
-5.33
-3.0
-2.0
-10.0
-9.33
-2.33
-0.67
-6.33
3.67
0.33
1.0
-4.33
-8.67
-8.33
-7.67
-6.67
-2.0
-6.67
-3.0
1.33
-12.33
-0.33
1.33
-4.0
0.67
-8.67
-2.0
3.0
-4.33
-6.0
-3.67
3.67
-9.67
3.0
-1.0
-8.33
0.33
-5.67
-6.33
3.67
-6.0
-7.0
-7.33
-8.33
-8.33
-9.67
-4.67
2.0
-7.0
-5.67
-5.0
-7.67
0.33
5.0
-6.67
-2.67
0.0
-13.0
-5.33
-5.0
0.0
-1.33
-5.0
0.67
-5.33
-9.33
2.67
-1.67
-2.0
-11.67
-10.67
-4.67
-4.67
-2.0
-4.67
-2.67
8.0
-4.33
7.33
0.67
-10.67
-6.33
0.33
-0.33
-8.0
-3.0
-5.67
-6.0
-11.33
-10.67
-5.67
-11.67
-6.0
-1.67
-8.67
-3.0
-0.67
-5.33
-1.67
5.67
-2.0
1.33
-9.33
-2.33
-10.0
-7.33
-1.67
-8.0
-4.67
-12.67
-3.33
-7.67
-3.67
1.0
-6.33
-8.67
-1.0
1.0
-1.67
-10.33
4.33
-8.0
2.33
-1.67
5.0
-7.0
-2.0
0.33
-4.67
-6.67
0.0
0.33
-5.0
4.0
-0.33
-0.67
0.67
-2.33
7.0
-0.67
9.0
6.33
4.67
4.67
6.0
7.0
3.67
2.67
14.67
12.33
18.67
6.0
7.33
24.67
16.33
20.33
17.67
23.0
20.33
17.33
18.67
18.0
12.67
10.33
23.0
10.67
10.33
-5.33
-4.33
0.67
-6.33
10.67
1.67
-4.67
1.0
3.33
-7.33
5.0
6.67
-8.33
9.0
0.33
-4.0
0.0
1.0
2.33
-1.0
-2.67
3.33
9.67
1.0
2.0
2.67
4.33
-4.67
2.0
5.33
0.33
-1.33
4.67
-0.67
4.33
1.67
-7.33
6.0
-1.0
-8.0
-4.67
1.67
6.33
10.67
0.33
6.67
6.0
-1.67
0.0
1.0
0.67
9.33
10.67
0.67
3.33
-0.33
6.67
-2.0
4.33
2.33
8.33
9.0
-0.67
6.0
2.33
3.33
6.67
1.0
-2.67
2.33
-2.0
4.0
6.67
-12.67
1.67
9.33
-3.33
2.0
0.67
-4.0
6.33
9.67
-6.0
-2.0
2.33
6.0
4.33
-3.67
-0.67
3.33
-2.67
6.0
-3.33
-5.0
-2.0
4.33
-2.0
3.0
4.33
15.33
6.0
0.33
-8.0
-3.67
11.67
16.0
5.33
3.33
2.0
7.33
2.0
0.67
6.33
8.67
-9.33
-1.0
-4.67
-11.33
13.33
11.67
10.67
5.33
5.33
0.0
-0.67
3.33
0.0
-3.67
10.33
11.33
8.0
4.67
13.67
3.67
8.33
9.0
5.0
16.0
3.33
22.33
14.67
9.33
8.33
1.33
1.33
4.33
-5.33
4.0
8.33
7.33
8.67
5.33
5.33
-4.67
8.67
3.67
6.67
12.0
7.33
14.67
3.67
6.67
8.67
12.33
2.0
6.67
7.0
11.0
8.33
5.33
12.0
9.67
3.67
2.0
2.33
7.33
2.67
8.67
4.67
6.33
6.67
4.0
5.0
6.33
8.0
1.33
9.67
2.67
-2.33
1.0
4.0
2.33
6.0
3.0
6.33
3.67
5.67
10.33
-1.67
0.67
11.33
7.0
-3.0
15.0
5.67
16.33
5.33
6.33
7.67
8.0
4.67
6.67
8.67
12.67
6.67
6.33
11.33
1.33
5.67
13.67
-5.33
3.67
11.0
14.67
0.67
6.33
12.33
9.0
9.33
8.33
11.33
16.0
11.67
15.67
11.0
10.33
9.33
12.0
12.33
14.33
15.0
8.33
16.0
13.0
24.67
37.0
29.0
19.33
21.33
25.67
25.0
23.0
40.67
44.0
62.33
56.33
76.0
77.67
86.33
84.67
87.0
104.0
96.0
137.33
113.67
124.0
137.33
159.0
121.0
133.0
120.33
125.67
141.33
135.33
106.33
113.0
105.33
67.67
103.33
98.0
106.67
60.33
70.33
74.67
48.67
38.67
32.33
24.67
31.0
30.33
15.33
23.0
23.67
14.67
13.33
0.0
9.0
13.67
11.33
-7.0
7.33
27.0
4.0
-4.67
8.33
7.0
-3.0
6.67
3.67
3.33
14.67
12.0
6.0
10.0
15.67
9.67
0.0
-8.0
6.0
5.33
5.0
-8.33
3.67
-6.0
-1.0
-0.33
7.67
18.67
2.0
12.33
7.67
21.67
2.33
1.0
1.0
13.33
10.0
5.33
1.67
15.0
3.67
12.0
18.67
7.0
9.67
6.67
6.33
-2.67
14.67
1.33
4.33
16.33
12.33
-2.0
29.33
17.33
0.67
7.33
5.0
5.0
7.67
4.67
3.67
-1.67
2.67
6.33
9.33
3.67
14.67
7.0
14.0
3.0
8.67
17.67
11.0
-1.67
4.67
-3.33
8.0
6.67
-5.0
5.0
6.67
8.33
7.0
1.33
14.67
10.0
7.0
4.67
9.0
6.33
7.67
1.33
4.0
6.67
4.0
11.0
-1.33
-0.67
1.0
9.0
10.0
17.33
-5.67
-0.33
6.67
5.67
7.0
-3.33
-7.0
7.33
2.0
9.33
6.0
6.0
7.33
7.0
2.67
6.33
1.33
6.0
13.67
13.33
12.33
9.67
2.33
-6.33
5.67
4.67
-5.33
5.33
11.0
14.67
5.0
1.0
3.67
8.0
-0.67
15.33
6.0
0.67
-2.33
15.33
6.33
3.33
-7.67
13.0
4.67
-7.67
10.67
1.0
8.33
4.0
13.67
16.0
6.0
9.33
3.67
7.0
15.33
17.0
30.67
7.0
20.0
12.67
10.67
12.33
8.67
13.33
11.33
15.33
26.33
8.33
33.33
17.67
14.33
5.0
31.67
23.67
17.67
25.67
25.33
10.33
9.67
4.0
22.0
17.33
22.33
5.0
9.0
11.33
2.33
24.33
0.0
0.33
7.33
14.0
12.67
-3.0
5.0
6.67
3.33
2.67
4.0
-4.67
-4.0
-2.0
19.33
14.33
8.0
13.0
-11.33
-8.0
-4.0
3.67
7.67
-6.67
-8.67
10.67
6.0
2.0
9.33
-1.33
5.33
2.33
-1.0
-5.67
8.33
-6.67
0.0
2.67
0.67
-0.33
-10.67
25.33
9.67
-3.67
2.33
8.0
5.67
5.0
1.67
7.33
-6.33
9.0
-1.67
-3.0
7.33
2.0
9.67
14.0
9.67
3.0
4.67
-1.0
7.67
7.0
3.67
0.33
-2.0
-0.33
-6.0
12.33
-0.33
-16.0
7.33
2.67
8.33
-6.0
22.0
0.33
15.67
12.33
-0.67
10.67
-6.0
-1.0
-0.67
-1.33
-3.33
9.67
-0.67
14.33
9.67
1.33
-0.33
3.0
2.33
-0.33
12.33
2.0
5.0
4.67
-7.67
3.67
7.67
-5.67
2.33
14.67
0.0
-2.33
10.67
8.33
5.0
9.33
-11.67
-0.33
1.0
13.33
-0.67
5.0
6.0
4.33
-8.0
12.0
-7.67
-0.33
3.0
9.67
1.67
-2.67
3.0
5.0
-5.33
-8.33
1.33
-6.0
-5.0
-0.67
-4.67
-5.0
17.0
4.33
2.67
-3.33
-1.33
-0.33
-1.33
13.0
-1.33
6.0
-8.33
7.0
7.0
-8.67
1.33
-1.67
-2.0
4.33
1.0
-1.0
7.67
15.0
7.33
0.0
6.67
9.67
-2.67
0.0
-3.0
-8.67
-12.0
1.33
-0.33
0.33
1.0
1.33
5.67
9.67
3.33
1.0
5.67
0.33
2.0
10.67
6.67
5.67
0.33
1.67
2.67
-1.67
3.67
-1.67
-5.0
1.67
2.0
-2.67
5.67
6.67
-4.0
4.33
14.0
13.33
2.33
8.67
2.67
-4.0
11.67
8.33
0.33
3.0
13.0
5.33
-1.67
7.33
2.67
7.33
7.67
8.33
-6.67
4.33
9.33
-0.33
8.67
4.0
11.67
10.67
2.0
11.0
7.0
8.0
1.33
-1.67
8.0
0.33
5.67
9.0
10.0
13.0
2.67
10.67
3.0
11.0
-5.0
4.67
-2.33
-1.33
-0.67
-10.33
1.0
-3.67
-5.33
1.0
-3.67
1.33
0.0
5.33
0.67
4.33
-2.67
3.67
4.67
4.0
-3.67
-1.67
-2.67
1.67
-2.33
-4.67
1.67
-9.33
2.67
-4.0
-3.67
2.0
4.67
-5.0
6.33
-0.33
0.67
-4.0
7.0
2.33
2.0
-6.33
-2.67
3.0
-6.33
1.67
-1.67
-1.0
8.33
1.0
2.67
3.67
1.0
2.33
5.0
0.67
0.67
9.67
3.67
-0.67
-6.67
-3.0
-1.0
-0.67
3.33
-2.0
-7.0
-2.0
2.67
-1.33
-2.67
-0.33
-0.33
2.33
2.33
-2.0
5.0
-3.67
5.33
9.33
-7.67
3.33
-1.0
-1.0
-1.0
-4.0
4.33
3.0
1.0
-5.67
-8.33
1.0
0.33
1.0
-0.33
-1.0
1.0
3.67
-3.0
1.67
4.67
1.67
-1.0
2.33
5.67
-4.33
-0.67
0.67
-1.67
1.0
-5.0
2.0
5.67
-3.33
2.33
4.0
0.67
5.33
9.0
-2.67
4.0
2.33
-1.0
-2.0
-0.33
4.0
6.67
5.67
-1.0
4.67
3.0
6.0
5.33
6.33
-1.0
2.0
0.67
12.67
13.0
3.33
9.0
-1.0
-2.0
6.33
-4.67
2.33
8.0
5.0
-2.33
3.67
2.67
-2.0
-0.67
-2.0
1.67
-3.67
-1.67
8.67
-1.33
-1.0
-0.67
-1.33
-1.67
-0.33
3.33
3.67
1.0
5.67
8.0
-3.0
2.0
0.67
7.33
-6.67
5.67
6.33
-4.33
2.33
2.67
0.0
8.33
-2.33
-2.0
-7.33
0.33
3.67
0.0
1.67
3.33
8.67
-1.33
2.67
5.67
4.67
2.0
-4.33
2.67
2.67
6.33
5.0
2.0
-5.33
3.33
3.67
1.0
2.33
-2.0
0.67
0.33
0.67
4.67
0.67
-1.33
0.67
6.33
-4.33
3.67
1.33
-2.33
0.67
2.0
1.0
5.33
10.33
8.0
7.33
2.67
5.67
5.67
0.67
5.33
3.33
-4.0
4.0
2.67
-3.33
-4.0
-1.33
0.67
3.67
-6.33
2.67
0.67
6.33
-3.33
-2.33
5.0
-1.0
-1.33
-2.67
-3.0
8.67
4.0
1.67
4.0
3.67
1.67
4.0
2.0
-1.67
3.67
-5.0
2.33
-1.0
0.67
1.67
3.67
