0.0
-37.0
-49.0
-50.33
-40.0
-94.33
46.33
-44.33
22.67
30.67
-63.0
-14.0
25.0
-44.0
62.33
18.33
-30.67
-2.33
9.33
14.33
-41.67
10.33
33.0
13.0
3.33
0.67
-16.67
7.0
-4.67
3.33
4.0
-2.33
6.67
3.33
5.33
-1.0
-1.67
-1.33
0.33
1.67
0.33
-0.33
1.33
-0.67
0.0
-0.67
-1.0
-0.67
2.67
1.0
-0.33
-0.67
-0.67
0.67
0.0
0.0
0.0
1.0
-0.33
0.0
-1.0
0.0
-0.67
-0.33
-0.33
-0.67
-0.33
-0.33
0.0
-0.67
0.0
1.0
0.0
0.0
1.0
-0.67
-0.33
1.0
0.33
1.67
-0.33
-0.33
-0.33
-0.67
2.67
-0.33
-0.67
-0.33
0.67
0.33
-0.33
-1.33
0.67
0.67
-0.67
0.33
-1.0
-1.0
-0.33
1.33
-1.0
-1.0
0.33
-2.0
0.67
0.0
-1.33
0.67
3.33
0.67
1.33
1.67
-1.0
2.33
-2.0
-0.33
1.67
0.0
5.33
-0.67
1.0
3.33
-0.67
2.33
1.0
-0.33
-0.33
6.0
1.67
-5.0
-4.67
6.67
3.0
0.33
-3.0
2.67
9.0
1.33
-0.33
-0.67
2.0
8.67
2.33
3.33
-0.33
-0.33
-1.33
6.0
3.33
-4.67
7.0
-2.0
-2.33
1.0
1.33
-3.33
1.67
12.33
5.33
2.0
-1.0
-4.67
0.67
6.0
-3.0
2.0
2.0
-1.0
-0.33
2.0
0.0
1.33
-3.67
2.33
0.33
0.0
-6.67
2.33
-3.67
1.67
-1.33
5.67
2.67
1.67
-2.0
-6.0
2.33
1.0
3.33
1.33
3.0
0.67
-4.0
-2.0
3.67
1.33
-3.0
6.67
4.33
0.67
6.67
3.33
-5.67
5.33
2.0
-2.67
5.67
6.0
-2.0
6.33
6.33
5.33
2.33
-3.67
-1.33
2.33
2.0
-4.0
1.33
1.67
-6.67
-0.67
2.67
2.67
5.67
-0.67
-0.33
4.0
1.67
-0.33
10.33
-0.67
1.67
4.0
5.0
-1.33
3.67
2.67
-1.0
4.67
1.0
-1.0
8.0
-3.67
-2.67
5.0
3.67
1.0
1.0
0.67
-2.67
3.33
-1.33
0.33
4.0
4.0
8.0
6.0
1.67
-4.0
2.67
9.33
-1.33
-3.0
-3.0
0.33
2.33
5.0
5.33
-3.0
-2.0
-1.67
1.33
5.0
-2.67
0.67
7.33
-1.0
4.67
2.0
4.67
3.0
-4.33
3.33
1.33
0.0
3.67
1.67
3.67
4.33
-4.33
2.33
3.0
3.67
4.0
-2.33
-2.0
5.0
5.33
-0.67
6.67
-2.0
-2.0
4.67
3.0
1.67
6.33
5.0
1.0
3.33
-5.33
0.67
2.67
4.33
3.33
-0.33
-1.0
1.33
-1.67
3.33
1.33
2.67
7.0
-2.33
-2.0
-1.0
14.67
-0.33
2.33
-1.67
3.0
0.0
5.67
-4.0
1.0
-5.0
8.33
4.33
7.0
0.0
-5.67
3.0
8.0
4.33
2.67
5.67
-0.33
-2.33
-0.67
1.0
-3.67
6.67
3.0
4.33
0.67
-0.33
3.33
2.0
0.33
-1.0
-1.0
0.33
-1.0
4.0
1.33
-2.67
2.0
-2.33
-3.33
0.67
2.0
4.0
-7.0
7.67
0.33
0.67
1.0
1.0
0.67
0.67
1.0
2.33
-4.0
2.33
9.0
2.33
1.0
2.0
2.67
3.33
-2.0
1.33
-5.0
-1.67
4.0
-0.67
2.0
-5.33
-1.0
-1.33
-1.33
0.0
-4.33
8.67
0.67
-0.67
-2.0
-3.0
-1.67
-1.67
2.33
-4.67
0.0
1.0
1.67
6.67
-2.33
-2.33
1.33
0.33
0.67
-2.33
3.67
8.0
0.67
-0.67
-3.0
6.33
5.33
1.67
3.0
-4.67
-2.67
-2.0
-1.0
-3.67
2.33
-0.67
0.33
-4.67
5.67
-2.67
2.67
-5.0
-2.33
2.33
-1.33
5.0
1.33
-2.67
-5.0
-1.33
2.0
5.67
1.33
-2.67
-4.67
7.67
-1.33
3.67
-0.33
0.67
2.33
4.33
-1.33
-0.33
0.0
4.33
8.0
-1.0
3.33
1.0
6.33
-4.33
0.67
2.67
3.0
1.33
-0.33
-4.33
3.33
1.0
-5.33
-0.33
6.33
0.67
6.67
3.33
1.33
0.33
-3.67
2.0
-0.33
0.33
-2.0
-4.67
5.67
-1.67
-3.67
-0.33
-1.33
-2.33
1.67
5.0
-5.0
-2.0
4.33
-4.0
-5.33
0.67
-5.33
3.67
-0.67
-3.0
-0.33
-5.67
-2.33
-0.33
-1.67
5.0
2.33
-1.67
-2.0
-4.33
1.67
-3.33
1.67
1.67
0.33
6.67
2.67
2.33
1.33
-0.67
1.0
2.0
-3.67
1.67
-1.67
-2.33
0.33
1.67
-0.67
2.33
5.33
2.33
-2.0
-2.33
2.33
2.0
0.33
-1.33
0.67
-1.0
-4.67
6.33
0.67
1.33
-0.67
-3.33
-1.0
-0.33
-1.67
-0.67
2.0
-1.67
-2.0
-2.67
3.0
1.67
-2.0
-6.0
-2.67
-1.33
-2.0
-3.33
1.33
2.0
-1.33
-3.33
0.0
-1.67
-0.67
0.67
4.0
1.33
0.33
-2.67
-2.0
0.0
1.0
1.0
1.0
-1.33
2.0
4.67
4.67
-3.33
0.33
-1.33
0.0
-2.67
1.0
3.67
-1.0
1.33
1.0
4.0
0.33
-2.0
2.0
-4.33
-2.0
3.0
0.0
2.0
-3.67
0.67
-1.0
-3.33
0.33
-3.0
-2.33
5.67
-4.33
0.33
-2.0
-2.33
-3.0
2.67
2.0
1.0
1.0
3.0
0.33
-3.33
3.0
-4.33
0.0
-1.67
0.67
-3.67
0.0
-1.67
-1.33
-0.33
-0.67
2.67
-6.67
-3.0
3.0
-1.33
-4.67
-1.33
1.0
-1.67
-3.0
3.67
3.33
-3.67
-1.33
-1.33
0.0
4.33
2.0
-1.67
0.0
-1.33
-0.67
1.33
-4.0
0.0
0.0
1.0
-0.33
-3.0
-4.67
-3.33
-2.67
-2.67
-2.33
1.67
-6.0
-5.33
0.0
-3.67
-1.67
-2.33
0.33
-4.0
-7.67
-3.0
-4.67
-0.67
-2.67
-1.67
0.0
-7.33
-1.67
-4.33
-2.33
-2.67
2.0
-2.0
5.33
1.0
1.0
1.0
-8.67
-5.33
-5.0
-2.0
-5.67
0.0
-5.0
-3.67
-0.67
-6.0
-4.0
-6.33
-11.0
-4.67
-5.33
-0.33
-2.67
-4.0
-3.67
-3.67
-5.67
0.0
-2.67
-5.33
-2.67
-1.67
-5.0
-7.0
0.67
-3.33
-3.33
0.0
-4.33
0.0
-5.0
-7.33
0.33
-6.0
-5.33
-2.67
-6.33
-3.0
-5.33
0.67
-3.33
-0.67
2.67
-5.0
-5.67
-0.67
-6.0
-0.67
-7.67
-4.0
-5.67
0.67
-2.0
0.0
-4.0
2.33
-4.0
-3.33
-4.0
-7.33
1.0
-3.33
-1.33
-1.0
-1.0
-7.67
4.33
-1.0
-5.67
-5.0
3.0
-4.33
-8.33
-4.0
-2.33
3.67
-6.33
-1.33
-5.0
-6.0
-2.33
5.67
-0.33
-1.67
-3.0
-8.33
4.0
3.67
1.0
3.0
7.67
-0.67
-3.0
10.67
5.67
5.67
25.0
10.67
15.0
24.67
16.0
14.67
11.0
14.33
19.33
14.67
13.0
11.0
9.0
12.33
4.67
14.67
-1.67
-2.67
-1.33
1.67
-3.0
0.0
-4.33
8.33
-1.33
-3.67
-7.0
-0.33
0.67
-6.0
-7.33
0.67
6.0
-2.0
-9.67
-1.33
-7.0
-2.0
-1.0
-1.67
-4.67
-5.67
-1.67
-2.67
-1.67
-9.33
-2.33
-4.67
-7.0
3.0
-2.67
-5.0
-5.33
-13.33
-1.33
-1.0
7.0
-4.0
5.0
-1.0
-6.33
-4.33
-13.0
-7.0
-5.33
-9.33
-9.67
-3.0
-5.0
-1.67
-7.67
-11.33
-4.33
-9.0
-2.0
-3.0
-3.33
3.67
-4.67
-2.33
3.67
-4.67
-4.0
-9.33
-0.67
-5.33
-2.67
-8.67
-3.0
-10.67
-10.0
-1.67
-11.33
6.67
-8.67
-9.0
-0.33
-9.67
-6.0
-2.0
-11.33
-1.0
-7.67
2.67
-7.67
0.0
-2.0
-8.33
-10.67
-3.67
-6.33
-7.33
-1.0
-6.0
-9.33
-9.33
-5.33
-6.67
-6.67
-3.0
-9.0
-3.67
-3.0
-20.67
-4.67
3.0
-4.67
-3.67
4.0
-8.0
-7.33
-7.0
-9.0
-0.33
-3.0
-0.33
-5.33
-6.33
-5.33
-6.67
-5.0
-7.67
-5.67
-14.67
-0.67
6.0
-9.67
-10.67
-1.0
-7.33
6.33
-6.33
-3.67
-7.33
-7.67
-4.33
-8.0
-7.0
-7.67
-5.0
-2.33
-5.67
-1.67
-8.67
1.0
-7.67
3.33
-2.0
8.33
-1.33
-1.67
-3.33
-7.0
8.33
-3.33
-1.33
-9.0
-8.33
4.33
-7.0
-2.67
-2.67
-7.33
-5.67
-1.67
-5.0
-4.33
2.33
1.0
-3.0
-11.67
-13.33
-8.67
2.0
-9.67
2.33
6.0
0.0
-3.0
-3.67
-4.67
-1.67
-1.0
13.33
-3.0
-6.0
-2.33
-3.67
2.67
2.67
0.0
0.33
3.0
9.33
2.67
0.67
-1.0
10.0
-1.33
13.67
17.67
15.33
15.67
-4.0
12.33
12.67
10.33
26.33
14.67
7.0
10.33
26.33
24.67
16.0
13.67
10.33
14.0
10.67
6.33
-5.33
8.67
-4.33
8.67
-5.33
5.67
-2.67
3.0
0.33
-8.33
4.0
0.67
-2.33
1.0
-4.67
-6.0
-6.0
9.0
2.33
0.0
3.33
-3.67
-0.33
1.0
-3.0
1.67
5.33
1.33
1.0
7.33
3.33
-0.33
3.67
-0.67
-1.67
-2.33
3.67
7.0
8.0
4.0
-4.67
-3.33
7.33
0.67
-2.67
1.67
1.0
7.33
6.0
3.0
-1.33
8.33
-0.33
-0.33
0.33
-1.33
3.67
-2.0
2.33
-1.67
6.33
-3.0
-1.67
3.0
10.33
7.33
-2.33
4.0
2.33
4.33
7.0
1.0
-2.33
0.33
0.67
1.33
4.67
5.0
5.67
7.0
6.33
9.67
1.0
5.0
0.33
8.0
4.33
7.33
1.33
-7.67
-6.67
7.0
-8.33
16.0
-5.0
-0.67
-5.0
-4.0
5.33
5.33
-8.0
-14.67
-6.0
9.33
1.67
0.0
6.33
12.33
10.0
0.33
-5.0
8.67
-2.67
-2.33
-4.33
-4.0
1.33
-0.33
5.33
11.67
-3.33
-0.67
2.33
5.0
1.33
-0.67
-1.0
-3.67
7.33
5.33
8.0
-0.33
5.67
-0.33
-3.67
-3.0
9.0
9.0
-0.67
7.33
16.67
2.33
4.33
-2.67
-0.67
7.33
-0.33
0.0
6.33
-3.67
4.67
5.33
-0.67
-1.67
1.67
3.67
12.67
14.0
11.33
-0.33
6.67
-0.33
4.67
6.33
-4.0
8.67
7.0
1.0
1.33
0.33
1.0
-0.33
7.67
-6.0
4.33
13.33
-0.33
14.67
-5.33
6.33
8.67
12.0
-1.0
-0.67
3.0
10.33
15.67
10.67
14.67
-6.0
13.0
-0.67
2.0
6.0
9.33
3.67
5.67
13.33
3.33
6.67
-1.67
14.0
6.0
5.0
6.67
5.33
-4.67
2.33
3.67
2.0
5.67
8.67
5.67
8.67
9.67
9.33
8.33
-2.67
6.67
4.67
-4.33
13.67
-3.0
11.67
3.67
7.33
8.33
3.0
16.33
11.33
2.33
22.0
19.67
3.67
14.0
13.33
-3.67
15.0
14.33
6.33
24.0
18.33
13.0
9.0
25.67
9.0
30.0
42.33
23.33
35.67
30.0
27.0
50.67
43.0
55.33
56.33
48.0
64.67
101.33
99.67
100.0
115.0
111.0
111.33
144.67
137.0
158.33
133.0
127.0
156.0
134.33
137.67
146.33
117.33
156.33
136.0
116.33
128.67
103.33
91.0
98.67
67.33
68.33
82.67
56.67
37.67
35.33
17.67
33.0
19.33
37.33
4.0
16.67
1.67
12.33
16.0
5.0
11.67
6.33
-2.0
13.33
8.0
17.0
-3.67
15.33
-1.0
2.0
17.67
6.67
7.33
13.67
6.0
16.0
-6.0
18.67
-0.33
-1.0
7.0
3.0
11.33
5.0
-1.33
7.67
-4.0
11.0
-5.33
16.67
16.67
6.0
10.33
5.67
11.67
9.33
-6.0
6.0
1.33
5.0
2.33
-2.33
14.0
5.67
14.0
4.67
8.0
8.67
5.67
7.33
4.33
-3.33
2.33
7.33
9.33
8.33
12.0
9.33
17.33
6.67
5.33
20.0
2.0
17.67
8.67
9.67
4.33
12.67
2.33
4.33
10.67
13.67
1.0
7.0
6.0
6.67
5.67
8.0
-0.67
1.67
4.67
5.0
5.67
3.0
12.0
-1.33
15.33
11.0
1.33
-3.33
-3.0
8.0
23.67
-1.0
7.33
1.67
7.33
9.0
2.67
5.0
10.0
-4.33
14.33
2.0
10.0
8.0
9.33
9.33
5.67
3.67
11.67
-3.0
4.67
-1.0
8.33
12.0
14.33
11.0
6.0
2.33
1.0
3.67
-0.67
4.33
-6.0
6.67
12.33
10.33
2.67
5.33
-7.33
7.67
4.67
6.67
8.33
-2.0
2.67
-5.0
6.0
6.67
8.0
0.33
0.33
6.0
-7.33
0.67
8.33
9.33
18.33
5.33
1.0
4.67
1.33
6.67
5.0
23.33
6.0
17.67
16.0
6.0
5.33
-0.33
13.0
2.33
22.0
22.67
0.0
15.0
26.67
12.67
13.33
13.67
8.33
2.33
20.33
16.33
11.33
17.33
27.67
11.33
7.0
6.67
5.67
26.67
23.67
19.33
14.33
7.67
5.0
16.0
18.33
6.33
21.0
-1.0
5.33
13.33
23.33
0.0
8.33
5.33
5.0
4.67
-6.0
2.0
0.67
23.33
2.67
-2.0
0.33
0.0
2.0
11.33
13.33
10.0
2.0
-1.33
8.0
-4.0
5.67
5.67
3.33
0.33
-0.33
9.0
9.0
7.33
0.67
5.33
9.33
21.0
-0.67
2.33
0.33
-8.0
-5.33
2.67
3.67
0.33
-1.67
7.67
9.33
3.33
2.0
2.67
9.0
13.67
5.33
9.67
15.0
4.33
12.0
3.33
-2.0
3.67
1.0
3.67
1.0
-1.33
-1.0
17.67
15.0
7.67
20.33
11.0
12.67
-6.0
24.33
14.67
6.0
12.33
4.67
11.33
2.0
13.0
0.33
13.67
16.33
7.33
1.67
-2.0
0.0
2.33
8.67
-13.33
10.67
7.33
3.33
7.67
0.33
-0.33
2.0
5.33
5.67
6.33
10.0
3.0
-1.33
-3.67
-8.33
-0.33
5.33
7.33
-3.33
-1.0
9.67
6.67
-1.67
0.0
0.33
-5.67
-8.33
2.0
7.33
-2.67
-3.0
13.0
-5.67
-8.0
3.0
1.33
-1.33
2.0
3.67
2.67
4.33
8.0
-4.0
-5.33
-4.33
2.33
-2.0
-1.0
6.33
-3.67
12.0
2.0
0.33
-0.33
3.67
4.67
0.67
7.67
10.0
5.67
13.0
-10.33
9.0
-3.0
1.33
7.33
7.33
-5.0
7.33
-10.0
3.0
1.67
10.0
6.33
-6.0
-7.33
2.67
3.33
-7.0
-3.0
-6.67
-13.0
-3.67
-2.33
-8.67
0.0
6.33
-6.33
3.67
3.33
0.0
-4.33
3.33
-2.0
9.67
-0.33
1.67
-1.67
2.67
7.67
-8.67
5.67
2.33
5.0
-6.33
4.0
-5.67
3.67
6.67
1.0
-1.67
-2.0
2.33
3.33
6.67
5.67
5.0
5.67
4.33
9.33
13.0
15.0
6.33
11.33
5.33
-4.33
9.33
9.67
9.33
-0.67
14.33
16.33
3.67
7.67
2.0
5.67
5.67
0.0
-2.0
1.0
-3.0
-2.67
9.33
-3.0
-1.67
6.67
-2.0
-5.0
1.0
-1.33
7.67
-3.0
-8.0
0.0
8.67
-1.33
1.67
0.33
-0.33
9.0
-1.67
-1.33
0.0
-0.67
2.33
-3.0
4.33
-4.33
-0.67
-1.67
-3.33
5.67
-7.0
0.33
-0.67
-0.67
-2.33
2.67
1.33
2.67
-1.33
-3.33
6.0
-3.67
-2.0
8.67
4.0
2.33
8.67
0.67
7.0
10.0
10.33
0.0
-5.33
8.33
0.0
1.67
-1.33
9.33
0.0
5.33
7.0
5.67
7.67
-4.0
0.33
3.0
3.67
0.67
3.67
4.67
-3.67
-2.67
-6.0
5.0
-2.67
6.33
10.0
6.0
10.0
4.67
-0.33
0.33
6.67
2.67
-7.67
-5.67
1.0
2.0
-1.67
-3.67
2.33
-3.67
5.33
2.0
-2.0
4.0
-8.0
-5.67
-6.0
7.0
-5.67
4.67
4.0
-2.67
8.0
-0.33
2.0
7.0
6.67
0.0
2.67
0.67
0.67
2.0
-4.67
1.67
-3.33
-1.67
-0.33
1.33
9.0
1.0
-2.0
1.67
13.67
0.33
4.0
-4.33
9.33
10.0
-1.67
-1.0
3.33
1.0
-2.0
-0.33
4.0
10.67
0.67
2.0
5.67
3.0
4.0
7.33
6.33
-1.0
6.0
-0.33
8.67
-1.0
6.33
-5.0
-3.0
5.0
10.33
1.33
-1.67
8.0
3.0
4.67
4.67
-1.33
-2.0
2.33
-2.0
4.67
2.33
2.33
4.67
-0.33
1.0
2.33
-1.33
0.33
-1.33
-6.67
-1.33
-3.0
1.67
1.0
-2.0
-3.0
-2.33
7.33
-3.67
-1.33
0.33
4.67
11.33
1.67
-1.0
7.33
-7.33
5.0
1.67
1.33
-7.33
3.0
0.67
-2.67
1.67
3.67
4.67
-2.33
-6.33
3.0
1.67
-1.33
1.67
9.33
8.0
5.0
3.67
1.33
2.67
1.0
6.33
2.0
-0.33
-6.67
0.67
5.67
5.67
7.67
-1.33
-1.67
-7.33
1.67
5.33
-2.33
-6.33
1.0
4.0
2.33
2.33
6.0
0.33
1.67
-0.33
2.67
0.67
-1.67
4.33
0.0
-8.0
-0.33
-0.33
-3.0
-3.33
2.67
-0.33
-3.33
2.67
6.67
4.33
2.67
3.67
0.0
2.0
1.67
-0.67
-4.0
-0.33
-3.0
-1.33
-1.0
-0.33
4.67
2.0
-5.0
3.33
-0.33
3.0
0.33
5.0
-4.33
-1.33
0.67
