0.0
5138.0
6247.0
7093.0
7730.0
8211.0
8523.0
8674.0
8584.0
8249.0
7492.0
6941.0
6354.0
5484.0
4630.0
4005.0
3384.0
2711.0
2155.0
1805.0
1365.0
1068.0
870.0
700.0
527.0
405.0
329.0
225.0
202.0
159.0
119.0
92.0
58.0
49.0
26.0
29.0
18.0
11.0
7.0
7.0
7.0
4.0
3.0
4.0
1.0
1.0
1.0
3.0
3.0
1.0
2.0
1.0
3.0
3.0
1.0
4.0
1.0
2.0
3.0
1.0
1.0
0.0
2.0
2.0
3.0
3.0
1.0
0.0
3.0
0.0
2.0
3.0
5.0
3.0
1.0
3.0
2.0
4.0
6.0
2.0
4.0
3.0
5.0
5.0
2.0
2.0
5.0
9.0
5.0
2.0
2.0
7.0
10.0
5.0
14.0
4.0
9.0
8.0
6.0
11.0
15.0
13.0
14.0
12.0
21.0
16.0
22.0
13.0
25.0
31.0
25.0
33.0
29.0
35.0
25.0
35.0
31.0
41.0
32.0
37.0
41.0
41.0
39.0
50.0
58.0
56.0
54.0
54.0
66.0
82.0
72.0
70.0
75.0
76.0
75.0
93.0
81.0
80.0
87.0
97.0
82.0
82.0
101.0
97.0
99.0
105.0
121.0
112.0
114.0
113.0
114.0
113.0
102.0
109.0
113.0
109.0
126.0
104.0
108.0
104.0
119.0
101.0
109.0
90.0
120.0
118.0
97.0
126.0
123.0
109.0
102.0
105.0
99.0
121.0
116.0
106.0
123.0
123.0
118.0
124.0
110.0
96.0
114.0
135.0
98.0
107.0
127.0
97.0
103.0
113.0
127.0
93.0
108.0
115.0
108.0
97.0
102.0
108.0
122.0
121.0
113.0
108.0
84.0
101.0
104.0
103.0
106.0
91.0
94.0
131.0
124.0
123.0
108.0
91.0
111.0
112.0
112.0
92.0
98.0
100.0
94.0
108.0
113.0
112.0
113.0
97.0
114.0
119.0
91.0
110.0
99.0
102.0
119.0
103.0
105.0
93.0
93.0
100.0
81.0
103.0
88.0
89.0
102.0
72.0
97.0
90.0
105.0
86.0
95.0
67.0
100.0
104.0
92.0
80.0
95.0
86.0
83.0
85.0
74.0
86.0
90.0
107.0
81.0
95.0
98.0
63.0
87.0
78.0
76.0
96.0
72.0
81.0
84.0
93.0
66.0
114.0
67.0
68.0
79.0
91.0
75.0
66.0
62.0
66.0
84.0
71.0
56.0
72.0
72.0
79.0
77.0
66.0
63.0
66.0
66.0
55.0
73.0
72.0
73.0
63.0
83.0
84.0
53.0
71.0
78.0
61.0
71.0
61.0
62.0
59.0
68.0
59.0
56.0
69.0
66.0
48.0
67.0
63.0
70.0
72.0
64.0
48.0
69.0
57.0
54.0
65.0
55.0
51.0
65.0
57.0
74.0
52.0
67.0
57.0
56.0
55.0
53.0
60.0
41.0
46.0
42.0
57.0
50.0
49.0
46.0
51.0
44.0
62.0
43.0
40.0
38.0
37.0
54.0
47.0
46.0
47.0
51.0
39.0
44.0
35.0
57.0
46.0
43.0
51.0
39.0
53.0
40.0
40.0
41.0
41.0
46.0
44.0
41.0
41.0
52.0
49.0
37.0
47.0
34.0
38.0
49.0
49.0
39.0
41.0
44.0
47.0
44.0
48.0
42.0
41.0
39.0
39.0
37.0
37.0
29.0
37.0
32.0
22.0
35.0
35.0
32.0
37.0
46.0
30.0
26.0
32.0
39.0
43.0
42.0
34.0
22.0
37.0
30.0
36.0
34.0
29.0
39.0
40.0
17.0
22.0
30.0
33.0
30.0
34.0
39.0
35.0
34.0
18.0
33.0
40.0
37.0
35.0
29.0
27.0
32.0
32.0
24.0
30.0
18.0
34.0
40.0
21.0
31.0
22.0
31.0
24.0
26.0
38.0
27.0
26.0
22.0
22.0
26.0
28.0
21.0
25.0
21.0
24.0
34.0
35.0
31.0
24.0
24.0
19.0
29.0
29.0
27.0
25.0
29.0
31.0
32.0
28.0
40.0
27.0
35.0
20.0
36.0
28.0
30.0
30.0
39.0
31.0
21.0
19.0
30.0
21.0
28.0
29.0
29.0
27.0
22.0
27.0
37.0
31.0
30.0
24.0
20.0
33.0
29.0
37.0
29.0
22.0
26.0
28.0
32.0
23.0
40.0
36.0
36.0
36.0
32.0
47.0
37.0
48.0
62.0
73.0
82.0
100.0
115.0
143.0
159.0
172.0
175.0
191.0
204.0
187.0
237.0
224.0
186.0
161.0
135.0
117.0
94.0
68.0
48.0
57.0
50.0
47.0
37.0
30.0
28.0
38.0
31.0
32.0
31.0
27.0
21.0
36.0
31.0
38.0
33.0
24.0
39.0
32.0
33.0
28.0
26.0
44.0
33.0
40.0
34.0
32.0
30.0
40.0
40.0
36.0
33.0
24.0
27.0
42.0
37.0
38.0
34.0
38.0
38.0
27.0
37.0
40.0
50.0
46.0
35.0
32.0
37.0
39.0
49.0
55.0
52.0
39.0
49.0
68.0
67.0
77.0
79.0
87.0
115.0
108.0
80.0
101.0
85.0
75.0
60.0
74.0
64.0
50.0
60.0
59.0
49.0
54.0
65.0
70.0
60.0
69.0
65.0
70.0
67.0
69.0
57.0
74.0
57.0
58.0
64.0
56.0
81.0
62.0
66.0
50.0
68.0
50.0
76.0
50.0
60.0
59.0
71.0
73.0
72.0
79.0
71.0
65.0
71.0
73.0
63.0
69.0
72.0
69.0
86.0
87.0
74.0
73.0
75.0
87.0
78.0
76.0
89.0
84.0
83.0
82.0
81.0
71.0
86.0
100.0
89.0
105.0
100.0
85.0
78.0
91.0
82.0
89.0
91.0
111.0
94.0
94.0
99.0
96.0
98.0
114.0
78.0
109.0
109.0
112.0
117.0
123.0
131.0
97.0
105.0
108.0
126.0
113.0
109.0
115.0
124.0
141.0
109.0
120.0
127.0
129.0
125.0
136.0
148.0
147.0
136.0
135.0
159.0
129.0
167.0
152.0
132.0
148.0
168.0
178.0
155.0
160.0
153.0
158.0
172.0
167.0
188.0
181.0
147.0
161.0
181.0
204.0
200.0
165.0
192.0
187.0
199.0
193.0
205.0
199.0
198.0
180.0
245.0
189.0
190.0
237.0
196.0
186.0
205.0
218.0
216.0
201.0
226.0
225.0
213.0
216.0
206.0
218.0
229.0
248.0
204.0
238.0
243.0
197.0
224.0
237.0
255.0
226.0
232.0
219.0
244.0
236.0
216.0
204.0
213.0
231.0
216.0
219.0
246.0
266.0
248.0
244.0
235.0
251.0
205.0
206.0
239.0
248.0
247.0
231.0
278.0
250.0
280.0
252.0
237.0
237.0
266.0
244.0
269.0
286.0
253.0
278.0
277.0
255.0
278.0
266.0
277.0
286.0
282.0
289.0
267.0
262.0
294.0
275.0
303.0
275.0
280.0
290.0
283.0
289.0
307.0
250.0
311.0
309.0
298.0
306.0
282.0
305.0
312.0
320.0
323.0
305.0
326.0
273.0
320.0
302.0
324.0
270.0
304.0
297.0
318.0
317.0
317.0
331.0
302.0
330.0
292.0
305.0
309.0
298.0
329.0
309.0
324.0
311.0
308.0
304.0
304.0
286.0
304.0
308.0
347.0
311.0
364.0
288.0
316.0
348.0
369.0
323.0
313.0
316.0
329.0
314.0
358.0
316.0
329.0
360.0
304.0
307.0
355.0
318.0
342.0
340.0
341.0
314.0
333.0
351.0
322.0
326.0
305.0
353.0
319.0
321.0
341.0
317.0
309.0
314.0
335.0
345.0
351.0
329.0
322.0
338.0
334.0
342.0
339.0
377.0
340.0
330.0
338.0
337.0
353.0
357.0
345.0
381.0
336.0
346.0
337.0
359.0
343.0
357.0
364.0
383.0
410.0
380.0
350.0
361.0
335.0
328.0
339.0
357.0
358.0
378.0
366.0
356.0
335.0
351.0
365.0
358.0
378.0
370.0
350.0
393.0
387.0
377.0
404.0
413.0
403.0
389.0
379.0
410.0
374.0
358.0
394.0
341.0
356.0
390.0
352.0
333.0
352.0
361.0
361.0
406.0
359.0
375.0
337.0
344.0
344.0
344.0
358.0
350.0
314.0
345.0
357.0
351.0
377.0
378.0
357.0
353.0
322.0
367.0
343.0
374.0
375.0
378.0
396.0
360.0
408.0
384.0
357.0
379.0
365.0
396.0
356.0
332.0
360.0
360.0
384.0
354.0
370.0
358.0
335.0
371.0
400.0
370.0
380.0
339.0
338.0
323.0
361.0
324.0
370.0
353.0
359.0
370.0
348.0
360.0
360.0
366.0
326.0
348.0
341.0
366.0
332.0
352.0
383.0
338.0
368.0
365.0
355.0
399.0
360.0
354.0
326.0
358.0
322.0
361.0
362.0
378.0
376.0
350.0
323.0
341.0
364.0
363.0
347.0
357.0
386.0
366.0
324.0
330.0
350.0
330.0
335.0
351.0
375.0
341.0
372.0
382.0
340.0
316.0
312.0
332.0
369.0
372.0
349.0
354.0
348.0
369.0
377.0
351.0
348.0
383.0
363.0
373.0
359.0
354.0
354.0
334.0
341.0
349.0
339.0
332.0
351.0
345.0
318.0
345.0
333.0
345.0
357.0
346.0
316.0
327.0
360.0
295.0
331.0
331.0
315.0
326.0
345.0
362.0
340.0
352.0
321.0
330.0
314.0
297.0
341.0
320.0
307.0
328.0
322.0
279.0
317.0
325.0
311.0
331.0
340.0
341.0
334.0
322.0
351.0
330.0
328.0
335.0
361.0
362.0
364.0
337.0
349.0
331.0
356.0
364.0
377.0
371.0
387.0
382.0
418.0
390.0
455.0
394.0
375.0
429.0
368.0
368.0
363.0
390.0
329.0
350.0
344.0
323.0
322.0
310.0
335.0
315.0
315.0
345.0
301.0
349.0
320.0
282.0
333.0
307.0
325.0
265.0
318.0
325.0
283.0
271.0
279.0
275.0
308.0
287.0
294.0
265.0
266.0
268.0
285.0
321.0
290.0
269.0
277.0
268.0
288.0
316.0
273.0
264.0
333.0
294.0
302.0
296.0
308.0
296.0
339.0
323.0
293.0
310.0
293.0
299.0
275.0
279.0
262.0
288.0
313.0
256.0
233.0
241.0
249.0
256.0
276.0
262.0
262.0
241.0
236.0
228.0
247.0
239.0
222.0
239.0
248.0
231.0
227.0
243.0
234.0
238.0
213.0
206.0
219.0
240.0
246.0
251.0
229.0
249.0
230.0
243.0
233.0
257.0
241.0
227.0
226.0
212.0
243.0
221.0
234.0
230.0
207.0
221.0
200.0
210.0
222.0
211.0
220.0
201.0
205.0
253.0
197.0
232.0
213.0
181.0
204.0
209.0
187.0
251.0
231.0
212.0
205.0
197.0
223.0
198.0
197.0
190.0
214.0
220.0
209.0
216.0
217.0
187.0
202.0
205.0
197.0
207.0
190.0
198.0
196.0
196.0
191.0
207.0
197.0
209.0
222.0
194.0
180.0
193.0
185.0
203.0
165.0
190.0
214.0
198.0
181.0
190.0
186.0
167.0
184.0
198.0
194.0
203.0
190.0
178.0
169.0
181.0
185.0
166.0
166.0
161.0
164.0
163.0
165.0
202.0
178.0
166.0
186.0
190.0
186.0
180.0
172.0
168.0
168.0
164.0
163.0
162.0
163.0
176.0
182.0
144.0
177.0
188.0
157.0
181.0
186.0
173.0
175.0
172.0
187.0
173.0
168.0
207.0
199.0
172.0
200.0
183.0
173.0
177.0
172.0
195.0
186.0
174.0
165.0
164.0
155.0
148.0
158.0
180.0
149.0
162.0
168.0
146.0
139.0
153.0
139.0
147.0
151.0
148.0
136.0
133.0
129.0
187.0
165.0
131.0
126.0
163.0
137.0
149.0
133.0
158.0
130.0
141.0
142.0
155.0
148.0
131.0
144.0
156.0
109.0
134.0
132.0
133.0
144.0
116.0
121.0
134.0
120.0
130.0
112.0
123.0
111.0
118.0
124.0
122.0
121.0
118.0
102.0
117.0
106.0
110.0
106.0
112.0
81.0
85.0
102.0
114.0
94.0
93.0
112.0
108.0
128.0
98.0
110.0
82.0
86.0
102.0
92.0
111.0
89.0
78.0
104.0
106.0
94.0
90.0
81.0
104.0
104.0
107.0
81.0
99.0
86.0
115.0
107.0
88.0
82.0
97.0
100.0
90.0
85.0
103.0
81.0
87.0
100.0
78.0
79.0
81.0
88.0
81.0
71.0
98.0
93.0
88.0
86.0
103.0
90.0
67.0
80.0
74.0
99.0
69.0
72.0
79.0
82.0
70.0
89.0
82.0
72.0
75.0
93.0
80.0
82.0
83.0
89.0
82.0
95.0
89.0
84.0
87.0
66.0
81.0
82.0
70.0
71.0
80.0
83.0
79.0
66.0
75.0
79.0
74.0
63.0
75.0
76.0
87.0
67.0
63.0
71.0
64.0
67.0
84.0
68.0
68.0
72.0
74.0
50.0
77.0
67.0
73.0
65.0
77.0
69.0
90.0
66.0
73.0
82.0
73.0
76.0
63.0
63.0
59.0
65.0
77.0
63.0
62.0
72.0
71.0
55.0
53.0
55.0
49.0
57.0
60.0
60.0
68.0
63.0
59.0
68.0
63.0
58.0
50.0
70.0
41.0
65.0
59.0
52.0
47.0
55.0
54.0
47.0
64.0
59.0
58.0
73.0
64.0
60.0
59.0
74.0
68.0
54.0
81.0
73.0
67.0
80.0
82.0
67.0
87.0
90.0
76.0
84.0
81.0
101.0
99.0
68.0
80.0
82.0
95.0
68.0
89.0
69.0
64.0
70.0
72.0
67.0
63.0
56.0
58.0
84.0
66.0
72.0
49.0
46.0
61.0
77.0
58.0
59.0
63.0
51.0
51.0
44.0
53.0
53.0
46.0
48.0
43.0
42.0
53.0
52.0
51.0
47.0
39.0
39.0
38.0
44.0
49.0
41.0
43.0
45.0
42.0
58.0
40.0
47.0
42.0
41.0
28.0
43.0
27.0
41.0
26.0
48.0
50.0
41.0
41.0
24.0
36.0
40.0
48.0
41.0
45.0
43.0
43.0
35.0
27.0
34.0
33.0
41.0
37.0
35.0
31.0
37.0
38.0
42.0
29.0
30.0
40.0
27.0
36.0
29.0
28.0
28.0
37.0
33.0
29.0
34.0
29.0
42.0
29.0
33.0
42.0
36.0
32.0
32.0
32.0
36.0
27.0
30.0
41.0
41.0
45.0
32.0
37.0
31.0
26.0
37.0
34.0
36.0
39.0
26.0
36.0
37.0
31.0
24.0
27.0
21.0
28.0
27.0
42.0
29.0
29.0
35.0
27.0
24.0
21.0
25.0
22.0
19.0
24.0
36.0
23.0
29.0
30.0
31.0
25.0
31.0
30.0
27.0
31.0
29.0
17.0
33.0
29.0
30.0
24.0
29.0
26.0
27.0
28.0
25.0
35.0
32.0
25.0
19.0
28.0
28.0
30.0
27.0
20.0
31.0
27.0
23.0
26.0
23.0
23.0
23.0
23.0
24.0
28.0
25.0
25.0
19.0
20.0
28.0
22.0
30.0
25.0
22.0
28.0
31.0
20.0
20.0
26.0
25.0
35.0
16.0
26.0
19.0
22.0
22.0
21.0
23.0
20.0
32.0
24.0
27.0
23.0
24.0
26.0
32.0
24.0
25.0
15.0
29.0
28.0
23.0
21.0
31.0
26.0
20.0
20.0
19.0
18.0
28.0
30.0
23.0
21.0
23.0
27.0
22.0
29.0
13.0
16.0
20.0
15.0
28.0
21.0
18.0
19.0
21.0
21.0
14.0
25.0
21.0
15.0
20.0
22.0
14.0
13.0
27.0
17.0
20.0
14.0
30.0
19.0
18.0
16.0
22.0
23.0
25.0
20.0
25.0
26.0
30.0
23.0
24.0
17.0
17.0
15.0
32.0
27.0
21.0
17.0
16.0
18.0
20.0
23.0
27.0
23.0
17.0
22.0
14.0
24.0
17.0
20.0
28.0
18.0
22.0
21.0
19.0
22.0
20.0
18.0
19.0
19.0
18.0
21.0
16.0
22.0
17.0
19.0
21.0
17.0
22.0
25.0
18.0
24.0
15.0
20.0
29.0
16.0
16.0
17.0
16.0
25.0
22.0
17.0
21.0
11.0
25.0
18.0
28.0
18.0
20.0
17.0
19.0
18.0
13.0
21.0
21.0
15.0
23.0
15.0
28.0
13.0
14.0
20.0
9.0
13.0
13.0
15.0
24.0
15.0
15.0
20.0
22.0
21.0
23.0
21.0
13.0
18.0
16.0
20.0
21.0
17.0
15.0
18.0
20.0
19.0
25.0
23.0
9.0
11.0
22.0
18.0
17.0
19.0
24.0
13.0
17.0
16.0
21.0
12.0
21.0
18.0
16.0
11.0
20.0
19.0
16.0
17.0
17.0
23.0
20.0
11.0
23.0
15.0
16.0
18.0
25.0
13.0
30.0
15.0
24.0
14.0
24.0
16.0
8.0
16.0
13.0
14.0
12.0
22.0
21.0
9.0
23.0
13.0
15.0
18.0
12.0
11.0
15.0
15.0
22.0
12.0
15.0
15.0
14.0
12.0
14.0
11.0
12.0
17.0
10.0
12.0
11.0
10.0
16.0
9.0
21.0
16.0
10.0
15.0
18.0
13.0
9.0
15.0
14.0
21.0
22.0
14.0
12.0
10.0
17.0
12.0
16.0
21.0
10.0
18.0
13.0
13.0
14.0
12.0
12.0
9.0
17.0
21.0
14.0
19.0
14.0
18.0
17.0
18.0
16.0
11.0
15.0
13.0
12.0
18.0
12.0
15.0
12.0
8.0
11.0
17.0
14.0
8.0
