0.0
43.0
-75.0
-8.33
48.67
-25.33
66.67
83.67
15.67
28.67
-24.33
103.67
-77.67
-2.33
-19.33
40.33
34.67
3.0
-23.33
8.33
25.0
-31.0
9.33
-2.0
-17.67
-2.67
3.33
-7.33
-3.33
-7.33
-12.0
-2.0
-2.0
-3.0
2.0
2.33
-1.67
0.33
-1.0
-1.33
-0.67
-1.33
-0.33
-0.33
0.0
1.0
0.0
0.0
1.0
-0.67
-0.33
0.67
0.67
0.0
0.0
-1.0
0.0
-0.67
0.67
0.67
0.0
-0.67
1.0
3.0
-1.0
-0.33
0.0
2.0
1.0
0.67
-0.33
0.33
-1.0
0.33
-0.67
1.0
1.67
-0.33
-1.0
0.0
-0.33
-1.0
1.0
1.0
1.0
-0.67
-0.33
1.33
-0.67
-0.33
-1.33
0.0
1.67
0.0
-0.33
-1.0
0.0
1.33
-1.0
-1.0
-0.33
-0.67
-0.33
-1.0
-0.67
-1.0
-0.67
-0.33
-1.67
-0.67
-0.33
3.67
0.67
0.33
1.67
3.0
-1.33
-1.33
1.67
-1.33
-0.33
-1.33
5.67
4.33
-3.0
0.0
-1.0
1.33
3.67
1.67
2.67
-0.33
0.67
6.0
5.33
-0.67
-0.67
-0.33
4.0
-5.33
1.0
4.33
-0.67
-2.33
3.67
-0.67
7.0
-5.67
6.0
2.0
2.0
6.67
-5.67
-5.0
1.33
-1.67
1.67
4.0
4.67
6.33
3.67
-2.67
-2.33
3.0
5.0
2.0
3.33
5.33
-5.0
-3.33
-4.67
1.67
5.33
1.0
-0.33
8.0
6.0
0.33
-3.0
7.33
-7.67
6.67
3.67
1.67
-2.67
8.67
-3.0
3.67
-0.33
2.67
9.0
0.33
5.33
-4.0
-2.0
0.67
2.67
0.0
2.67
-7.33
4.33
2.67
0.33
-1.0
0.0
-3.67
-5.67
-3.0
-6.67
3.33
-6.33
-2.33
3.67
-2.33
2.33
-2.0
2.33
2.67
0.33
4.33
0.33
2.67
1.33
3.33
4.67
3.67
0.33
4.67
1.67
-2.67
-1.0
6.67
3.33
-2.33
6.0
5.33
-1.0
2.67
5.33
-2.67
-4.67
14.67
2.0
-0.33
2.33
7.67
5.67
8.0
2.67
4.0
3.0
-0.33
3.67
-3.33
2.67
2.67
-6.67
1.0
3.67
4.0
8.33
6.67
1.0
4.33
3.33
3.33
-1.33
-0.33
3.0
0.67
3.33
-1.33
10.0
4.0
-4.0
-3.0
0.67
0.33
3.67
1.33
2.0
-1.0
0.33
-0.33
-2.67
-6.0
3.67
-0.67
-2.33
-1.0
0.33
0.33
-1.67
1.0
4.0
0.33
4.33
-3.67
2.67
8.33
1.33
10.33
3.33
-1.0
1.67
0.0
12.0
2.33
-3.0
0.33
-3.0
-2.0
-8.0
0.33
1.67
-3.0
3.33
5.67
6.67
2.67
7.33
-4.33
-1.0
0.33
-2.33
3.33
4.0
2.67
-0.33
8.33
0.33
0.0
4.33
2.0
9.67
0.0
-2.67
7.67
0.67
-7.0
0.0
-4.0
-4.67
3.33
-5.33
2.33
0.33
2.33
3.33
-0.33
-0.67
1.33
-1.33
-0.33
-2.67
-2.67
-0.67
1.0
0.0
0.67
-4.0
1.67
-1.0
0.33
0.0
-5.33
3.67
-1.33
-0.67
3.33
1.33
1.0
3.33
0.33
3.33
-1.33
3.0
-1.67
4.33
-1.33
5.0
6.0
5.0
2.67
14.33
0.0
0.67
3.0
-1.33
3.33
2.67
6.67
7.33
-1.33
-7.0
3.67
-3.0
2.0
3.67
2.67
0.33
-2.0
5.0
1.0
-1.67
10.33
2.67
6.0
-3.33
5.33
-1.33
-1.33
1.33
-1.33
2.33
-4.33
7.33
1.33
-2.0
-0.67
12.0
-2.33
4.67
0.67
0.67
-2.0
2.67
-8.67
1.33
-0.67
-0.33
-2.0
3.33
-2.67
5.33
-0.33
3.33
-0.33
0.67
3.67
-2.0
0.67
-2.0
3.0
0.67
0.33
-3.0
-1.67
-2.67
-1.0
-2.67
6.0
3.67
4.33
-1.0
5.0
5.0
-3.33
4.67
-1.0
1.67
1.67
2.0
-4.67
2.67
9.33
-1.67
1.0
-3.67
3.0
-3.0
-4.0
-0.67
2.0
3.0
-2.67
-1.67
5.67
-1.0
0.67
-1.0
-3.67
-1.0
2.33
5.67
5.67
-0.67
-1.67
2.0
6.33
3.33
3.0
2.0
0.0
2.33
-5.67
0.0
-1.0
0.33
6.67
2.33
-4.0
4.0
-0.67
-4.67
-0.67
-0.33
-1.67
0.0
-3.0
0.33
-4.0
0.33
2.33
-0.33
-1.0
0.33
0.33
1.33
0.33
-0.33
-0.67
0.67
0.0
0.0
-3.0
2.0
2.0
-1.67
1.0
4.67
0.67
-1.67
1.67
4.33
0.0
0.67
-3.67
-1.67
3.33
-2.33
0.0
1.33
-4.0
-1.67
-0.67
-0.67
0.33
4.33
3.33
4.33
0.67
0.33
2.33
3.67
0.0
-0.67
0.0
-1.0
1.67
0.33
0.0
2.33
-0.67
-0.33
0.0
4.33
-5.0
-2.33
-4.67
1.67
-0.33
0.0
1.67
-5.67
2.67
2.33
-3.0
1.67
1.67
2.33
-5.33
0.33
0.0
1.67
3.33
-1.67
3.0
-2.0
1.0
-2.33
-0.33
4.0
-2.0
0.33
1.33
-5.0
-2.33
3.67
-0.33
-2.0
-2.0
2.33
-5.33
1.33
2.33
1.67
4.0
2.33
0.0
3.0
-4.33
6.67
-1.67
-1.0
4.67
0.33
-1.33
6.0
-1.33
3.33
3.0
-1.67
3.67
-3.0
-0.67
-1.67
-3.0
-1.67
-0.33
-1.67
-3.0
-1.0
1.0
7.33
-2.33
-3.33
1.0
1.0
-2.67
-5.0
-4.67
3.67
0.0
-2.67
-3.67
-0.33
0.0
-8.33
-3.67
4.33
1.67
1.0
0.67
-1.67
1.67
-4.67
-1.0
-2.0
0.33
-2.0
5.0
-5.67
0.0
-6.33
-1.33
-7.0
-4.0
-0.33
-3.0
-4.33
-2.33
-0.67
-0.33
-1.33
0.33
-0.67
-3.0
-3.67
-3.33
-6.67
-2.67
-1.67
-0.67
-9.0
0.0
-2.67
-6.0
0.0
-5.33
2.0
-3.67
-0.67
-4.67
-4.0
-3.67
-5.0
-1.33
-0.33
-2.33
-4.0
-1.33
1.0
-4.67
-1.0
-2.33
-3.0
-3.33
-1.33
-8.0
-3.67
-2.67
0.33
-5.33
-6.67
1.67
2.33
-5.33
-1.33
-3.67
-1.33
-3.67
-3.33
-3.67
-7.67
-9.33
-1.33
-2.67
3.67
-0.67
-2.67
-2.33
3.0
-10.33
-4.0
-7.33
-4.0
0.33
-8.0
5.0
-10.0
0.33
-4.67
-3.33
-3.67
-7.33
-8.33
-5.0
2.33
-6.67
-4.0
0.33
-4.33
-7.0
-0.67
-0.67
-4.0
-5.33
-9.33
-5.0
-8.0
-2.33
-2.33
-0.67
-10.0
-4.33
-9.0
-4.67
-5.67
-3.33
0.0
-6.0
-3.0
-2.0
-9.0
-8.0
-2.0
-5.0
1.67
-3.67
4.0
-2.33
-3.67
-10.33
-1.67
-0.67
0.33
-4.67
-2.0
-8.0
4.0
-4.0
-2.67
-1.0
8.67
6.0
3.33
7.67
16.33
7.67
2.67
17.33
8.33
10.67
27.33
16.67
9.67
32.0
34.33
19.33
30.67
28.33
31.33
34.67
24.0
40.33
37.33
22.33
24.67
25.0
24.33
26.0
14.0
10.0
7.33
7.33
2.0
6.0
1.67
1.67
1.0
2.67
-2.0
-2.33
-3.33
-1.0
-5.67
-5.0
6.67
-4.0
-1.33
-2.67
-6.67
0.33
4.0
-1.0
-1.33
-4.67
-3.67
-11.0
-2.33
-5.33
-2.0
-0.67
1.67
-3.67
-2.67
-6.67
-8.67
3.0
-7.67
1.67
-2.67
-6.0
-3.0
-2.67
-8.67
-11.0
-7.33
-7.0
-13.0
1.33
-3.67
0.67
-7.0
-10.33
0.67
-10.0
-2.33
-10.33
-2.33
-6.0
-12.0
-6.0
-7.33
-2.0
-9.0
0.33
-9.33
-5.33
-1.0
-3.33
5.33
-8.33
-11.33
4.67
-6.67
0.33
0.33
-2.0
-7.0
-11.33
-3.0
-13.0
-10.0
-7.67
-10.0
-5.67
0.0
2.33
-3.67
-0.67
-4.67
-5.67
-7.33
-3.33
-6.0
0.0
1.67
-0.33
-1.33
-8.33
-4.67
-10.67
-7.67
-7.67
-5.67
-1.33
-11.33
-5.0
2.67
-6.0
-8.67
-13.33
-6.67
-13.67
-3.0
-7.67
-8.67
-0.67
-13.33
0.0
-12.0
-6.0
-9.33
7.0
-11.0
-7.33
6.0
-13.33
-2.0
-8.0
-9.67
-9.67
4.67
-1.33
-6.67
-0.33
-5.33
-17.0
-8.67
-6.0
-4.0
-5.33
-7.33
-4.33
-6.67
-7.33
-12.67
-2.0
-10.67
-5.0
-12.0
-4.67
3.67
-17.67
-4.33
-1.0
-11.0
-6.67
-4.67
-0.67
-1.0
-7.0
-4.67
4.33
-6.0
-11.67
-12.33
0.67
-7.33
-2.0
-7.0
-17.0
-7.0
-2.67
-6.33
3.67
-4.0
-6.33
-13.67
-7.67
-2.33
-9.0
-10.33
4.0
-12.0
-2.67
-5.67
1.67
-9.33
0.33
-2.33
-8.33
-10.67
-4.33
-4.67
2.67
-3.0
-3.0
5.33
4.33
0.67
-0.67
-0.67
16.33
-4.0
4.33
8.67
-0.33
18.33
-3.33
10.67
11.0
23.0
8.33
26.33
8.0
19.33
7.0
14.33
7.33
5.67
10.67
1.0
11.67
6.0
3.0
11.33
1.0
2.0
0.67
5.67
-2.0
-6.67
7.33
-3.0
-6.67
8.0
-6.0
-2.33
5.67
-4.33
-1.0
-3.33
-3.0
-2.0
-4.67
0.0
-1.33
6.33
5.67
0.33
-5.0
2.0
5.33
6.67
-4.33
1.0
-5.67
1.67
9.33
-4.33
5.33
-2.33
-0.67
-3.33
-1.33
0.67
0.67
-2.67
1.0
6.67
-1.0
-4.67
1.67
4.33
5.67
7.33
-3.67
5.33
0.67
2.67
4.33
3.33
-6.33
0.0
2.0
-1.0
5.33
-7.33
-1.67
4.33
8.0
9.67
-1.67
-9.0
-7.0
10.67
-0.33
-2.67
2.0
3.33
9.0
0.67
4.33
3.0
4.33
-1.67
-1.33
10.33
8.0
5.67
6.33
0.33
-1.33
10.67
16.33
3.33
-6.0
-0.67
7.0
-1.67
6.67
9.33
5.67
7.67
3.67
13.67
2.33
1.67
-0.33
15.0
-2.33
2.0
1.0
8.67
-3.0
-5.0
-4.0
3.0
5.67
5.33
-4.0
3.33
2.67
4.0
-4.0
13.33
12.67
8.33
-6.67
3.33
8.67
-4.0
7.67
-1.67
4.67
2.67
3.67
-3.0
-0.33
2.67
-8.67
6.0
-0.33
-0.67
-4.0
5.67
3.33
6.67
-5.67
7.0
14.67
-1.33
-2.33
13.0
-0.67
-2.0
-4.67
2.33
4.0
-2.67
-0.33
3.0
1.0
11.33
6.0
3.0
6.33
7.67
8.0
9.33
7.0
10.33
2.67
2.33
-1.67
5.67
-0.67
9.67
-2.0
3.33
10.33
0.0
9.33
6.0
10.67
4.0
2.33
-1.67
3.0
12.0
7.33
3.0
14.33
11.0
-4.0
7.0
13.33
1.0
-5.67
4.67
6.33
-2.33
8.33
2.33
-3.33
-1.33
2.67
12.67
-2.0
1.0
14.67
1.33
4.0
17.33
3.0
6.33
-0.33
7.67
4.67
14.67
3.0
19.0
6.33
3.0
5.0
-0.33
5.33
7.33
17.67
5.33
7.33
17.33
10.0
9.0
10.33
14.67
20.67
9.67
22.0
15.67
15.67
20.0
12.67
15.67
24.0
9.67
25.33
15.0
26.33
24.0
29.0
19.67
22.33
45.33
43.33
33.33
40.67
56.67
38.0
52.33
52.0
69.0
55.33
78.67
97.67
94.67
101.33
117.0
123.0
132.67
129.67
125.0
137.67
132.33
146.33
107.67
129.33
134.0
124.0
148.33
81.67
79.67
107.0
77.0
75.33
73.67
61.67
58.33
40.67
37.0
39.67
8.33
25.0
6.67
21.67
21.0
4.33
9.0
7.33
9.67
-0.67
8.33
2.0
3.0
12.33
8.33
7.33
1.67
2.67
11.67
7.67
5.33
2.33
6.67
10.0
-4.0
11.67
10.67
4.0
-1.33
7.0
13.33
5.67
3.0
8.33
4.67
5.0
7.0
0.0
4.33
5.67
8.33
-0.33
11.33
12.0
5.0
6.67
7.67
1.0
6.0
2.33
3.67
15.67
10.0
3.0
12.33
14.33
7.67
2.0
3.33
16.67
7.0
-1.33
7.67
6.33
4.67
8.67
14.67
5.33
10.67
7.0
14.67
5.33
11.0
1.0
4.67
2.67
16.0
9.67
14.33
12.0
2.67
5.0
14.33
8.67
11.0
3.67
16.33
16.33
3.0
15.67
1.0
14.67
6.33
3.0
2.0
4.67
9.33
11.0
15.67
2.67
9.67
15.67
2.67
-0.33
-0.67
5.67
2.67
11.67
-6.0
16.67
-1.33
1.33
0.67
10.67
3.0
12.33
6.0
-1.0
2.67
-12.33
8.33
0.33
11.0
-1.33
5.0
1.67
1.33
6.0
1.0
3.0
-2.0
8.33
13.33
-9.0
-6.0
3.0
11.33
6.0
-3.0
0.0
8.67
13.67
-10.33
11.67
10.33
0.33
-0.67
-4.33
0.0
8.67
8.33
5.0
3.33
7.33
0.0
-0.33
3.67
11.0
-6.0
7.67
7.67
3.33
23.67
5.67
15.0
17.67
14.67
0.67
15.0
4.33
28.67
13.67
28.0
14.67
9.33
11.67
20.0
20.0
30.0
25.33
20.33
19.33
43.33
25.67
23.0
50.67
37.0
23.0
36.33
22.33
39.33
32.0
24.33
30.67
40.67
26.33
25.33
35.0
21.0
27.67
23.67
20.0
11.67
9.67
12.33
17.67
6.33
19.0
23.67
21.0
-3.0
2.0
10.67
9.0
1.67
9.0
10.0
13.33
1.0
-11.0
6.67
-5.33
13.33
5.67
16.0
5.67
-3.0
20.33
-9.33
4.33
3.33
10.33
-4.67
0.0
0.0
4.33
-0.33
3.0
6.33
10.67
11.0
4.33
-1.0
0.67
2.0
-6.33
1.33
7.67
12.67
8.67
10.67
16.33
-3.0
7.0
3.33
6.0
-0.67
2.33
11.33
-0.33
-1.0
1.33
0.67
-6.33
4.33
-3.67
1.0
4.0
5.0
6.33
-1.0
16.67
4.33
10.0
2.33
4.33
-9.67
7.33
10.33
1.0
6.33
12.67
5.33
-2.67
3.0
10.33
-8.33
3.67
7.0
2.0
7.0
13.33
-3.33
-6.0
12.67
5.0
4.33
8.67
-10.33
4.33
-5.67
0.67
-2.33
-4.33
4.0
6.0
-5.67
-5.0
5.0
-3.0
1.0
3.67
-1.67
-3.67
3.0
-4.67
-2.67
-12.67
7.33
-0.67
-7.67
13.67
4.67
4.0
2.67
5.0
1.33
-1.33
6.33
-2.33
-2.67
-3.33
9.33
-4.0
2.0
5.33
-1.67
4.67
3.0
-0.33
-5.33
-7.0
-6.0
-0.33
4.0
5.67
10.67
1.33
12.33
0.67
4.33
-9.33
6.67
6.67
3.33
1.0
5.67
-5.33
4.67
-2.33
0.0
-2.33
8.33
11.0
1.67
3.67
7.0
0.33
4.33
-4.67
7.33
3.33
2.67
-5.0
3.33
16.67
7.67
4.0
1.67
6.0
8.0
-1.33
10.67
8.67
1.0
-2.33
4.33
3.0
-7.33
1.67
10.33
11.0
-8.67
3.0
4.33
12.67
0.67
-8.0
2.0
2.0
6.67
5.67
-7.0
6.0
5.67
7.67
6.33
1.0
13.33
7.33
-5.33
5.67
0.33
-7.0
3.67
11.33
5.33
10.33
8.0
9.33
15.33
5.33
-0.67
-4.67
1.67
13.67
0.33
0.33
0.67
2.67
3.67
8.0
0.0
0.0
-2.0
5.33
-4.33
9.67
6.33
5.67
6.67
5.0
1.33
3.0
9.33
-1.67
3.33
7.0
-0.67
4.0
8.0
4.0
-0.67
1.0
-4.33
-8.33
-0.67
12.67
0.67
8.0
6.33
-0.67
5.33
-1.33
4.33
2.67
5.33
-6.0
3.67
0.33
-4.67
-8.0
1.67
-0.67
-0.67
9.0
-1.67
6.33
-1.33
0.0
-2.67
-3.67
-3.0
-7.0
-5.33
0.67
8.67
-2.0
2.0
5.67
2.33
-1.33
3.33
3.67
-3.67
-7.0
-4.33
-2.33
7.0
0.33
-0.67
0.67
4.67
-4.33
-4.0
0.33
-4.0
6.33
-2.67
-0.33
1.33
-9.0
-6.33
-4.0
2.0
-0.67
5.33
6.0
4.0
3.33
-1.67
-5.33
-6.0
0.33
-1.67
-3.33
6.0
-2.33
-4.33
0.0
-0.33
5.33
-4.33
-2.0
-6.0
0.0
-1.33
-0.33
-5.33
0.33
-2.0
-8.33
-3.67
6.33
1.33
-1.0
-1.0
4.67
1.0
5.67
-9.67
6.33
-1.67
-2.0
5.0
-4.33
4.67
3.33
6.0
2.67
3.0
5.67
-1.0
4.0
1.0
-0.33
3.33
-1.67
3.0
2.33
-3.0
3.67
-1.33
-0.33
0.0
16.0
8.67
9.33
0.67
0.67
2.67
5.0
0.0
1.33
7.67
-1.33
-4.33
3.0
3.0
1.0
10.33
2.67
-1.67
-0.33
-0.33
-4.33
10.0
4.33
-1.33
4.0
-3.0
-1.0
7.0
-4.67
-0.67
0.67
4.33
2.33
-0.33
0.67
-6.33
-3.0
0.0
-2.33
5.67
1.0
3.33
-1.33
-5.0
-2.0
2.67
2.67
1.0
6.0
3.67
-0.33
2.33
-8.33
-8.0
6.33
-6.67
6.0
6.67
3.67
6.33
-1.67
2.33
-3.33
7.0
4.33
-2.0
1.33
3.0
5.67
0.33
-2.33
-1.67
1.67
-2.67
7.67
1.67
0.0
5.67
4.0
0.67
3.67
0.0
1.67
-3.33
1.33
-2.67
-5.0
3.33
7.0
0.33
0.67
1.33
-3.33
7.0
0.0
-5.33
0.33
-4.33
4.0
0.0
-2.33
0.67
-1.33
9.0
0.67
2.33
-6.67
-2.0
-6.67
-3.33
8.67
-1.0
-0.33
0.67
-6.0
-3.0
-2.0
0.33
-1.0
5.0
1.67
4.67
0.67
0.33
-3.67
8.67
-1.67
4.67
0.0
2.0
5.67
-5.0
10.33
4.0
2.0
1.33
2.0
0.33
-1.67
