0.0
31.0
-4.0
-31.33
22.67
54.67
79.67
94.67
71.67
80.67
69.67
114.67
100.33
47.67
-50.33
18.33
49.67
25.0
-0.33
-8.67
35.0
-4.0
23.33
38.0
14.33
-5.67
7.33
-7.33
-2.33
-3.33
-2.0
-4.0
-1.0
3.0
-3.0
-1.67
0.33
-0.67
-1.0
-0.33
1.33
-0.33
0.67
0.67
-1.0
0.0
1.0
0.0
0.0
-0.67
-0.33
1.67
-0.33
0.0
1.0
-1.0
0.0
0.33
-0.33
-0.33
1.0
-0.67
1.0
1.0
-1.0
2.67
1.0
0.0
0.0
0.67
-0.33
0.33
0.0
0.33
1.33
0.0
-0.33
0.67
-1.0
0.0
-0.33
-1.0
0.0
0.0
-1.0
-0.67
-0.33
0.33
-0.67
0.67
-0.33
1.0
0.67
1.0
-0.33
0.0
0.0
0.33
1.0
-2.0
0.67
2.33
-0.33
-1.0
-2.67
-2.0
0.33
1.67
0.33
0.33
1.67
-1.33
-0.33
-1.67
-2.33
3.0
2.67
-0.33
-2.33
-0.33
-0.33
-1.33
1.67
1.33
1.0
0.0
-2.0
-1.67
0.67
-0.33
1.67
4.67
4.67
-2.0
4.33
-2.67
1.33
-1.33
2.0
-3.33
-1.0
5.33
2.33
3.67
6.67
2.33
9.0
3.33
10.0
0.0
2.0
4.67
-4.67
-6.0
-3.67
1.33
9.67
7.0
1.67
0.33
3.67
-4.67
-2.33
-1.0
4.0
2.0
3.33
5.33
-3.0
4.67
-2.67
-0.33
7.33
0.0
5.67
9.0
4.0
5.33
4.0
-2.67
-6.67
3.67
0.67
6.67
-10.67
2.67
2.0
3.67
0.67
-5.33
4.0
-1.67
-4.67
-2.0
-3.0
5.67
-4.33
-1.0
-1.33
0.67
-1.67
1.67
2.33
6.0
2.0
-1.67
7.33
5.0
-3.67
5.33
1.67
1.67
3.67
2.67
-0.67
4.0
4.33
-4.33
-0.67
3.33
1.33
-2.33
12.33
3.33
4.67
4.67
0.33
-0.33
-6.33
2.33
3.0
3.67
-5.67
2.67
7.0
-0.67
-3.0
-0.33
6.33
6.33
-3.67
-2.33
1.0
-7.33
3.33
-0.33
-0.33
7.0
-1.33
1.0
-2.0
3.67
0.67
-3.33
-4.33
0.67
1.33
9.0
1.67
3.0
2.33
5.67
-3.0
3.33
5.33
7.33
-0.33
0.67
3.0
5.67
1.33
7.67
6.0
2.0
-4.0
3.0
4.67
1.33
4.67
-3.67
2.0
-2.0
2.33
-0.33
0.33
7.0
2.67
1.33
4.67
3.0
-2.67
2.33
1.33
-6.0
4.0
3.33
0.33
5.33
4.67
-1.67
4.33
1.33
-0.67
6.0
-1.33
12.0
3.0
0.33
-1.0
7.33
4.0
-3.0
7.0
6.33
1.67
-3.0
-0.67
3.67
0.67
3.67
8.33
-0.33
5.0
2.33
1.67
2.33
8.0
3.67
0.67
0.33
7.33
0.0
2.33
5.0
6.67
-2.0
-4.67
2.67
1.67
-1.0
-2.0
2.0
1.33
1.33
0.67
2.33
8.33
-2.67
4.33
-2.33
-0.67
2.33
-0.33
5.67
-0.67
-5.67
3.33
0.0
6.0
-2.33
0.0
-0.33
-3.0
-2.67
-5.0
-0.33
1.67
5.67
0.33
1.33
5.33
-5.0
1.33
1.33
10.33
2.67
5.0
0.33
1.33
-2.33
3.0
-4.0
-3.0
4.67
9.33
-1.0
-1.33
1.0
0.67
6.33
-0.33
2.67
2.33
4.67
-2.0
-0.33
2.0
3.0
0.67
7.67
-4.67
4.0
-1.0
-1.0
-0.67
-0.67
2.67
-2.0
-3.33
-1.67
-0.33
1.67
0.33
-2.33
2.33
0.67
11.33
2.33
-2.0
-1.67
-3.0
-3.33
1.67
-3.33
0.67
2.0
2.67
-7.67
-0.67
-0.67
3.67
-1.0
0.33
1.33
4.33
-2.33
7.33
3.67
0.67
0.67
-4.0
-3.33
-3.0
3.0
-2.33
0.33
-5.0
1.33
2.33
-1.0
4.33
6.0
-0.33
3.33
0.0
0.0
-1.0
1.67
2.67
1.0
4.67
1.67
1.0
6.33
1.67
-2.67
2.33
1.0
-3.67
4.0
1.0
-1.0
-1.67
2.0
4.0
-2.67
2.33
-4.33
-1.0
3.67
4.0
3.33
4.0
-0.67
-1.33
-1.33
-3.67
-0.67
-2.0
-2.67
-2.67
10.0
2.0
-4.0
-4.67
0.33
-2.0
1.0
-0.67
0.67
6.33
3.0
-3.0
1.33
3.33
1.33
-2.33
-1.67
-2.0
-3.0
-0.67
-6.0
0.33
7.33
-1.33
4.0
-2.67
-0.67
-1.67
1.33
3.67
0.33
2.67
3.0
-3.0
-1.0
1.0
0.0
5.33
-5.0
-0.33
-2.33
-3.67
-2.33
4.33
6.0
0.67
0.33
1.33
5.33
-2.33
-5.0
-1.67
-1.0
0.33
-1.67
1.33
3.33
0.33
1.33
3.33
-0.33
0.33
3.33
3.67
-2.0
-1.67
5.0
0.0
2.67
3.33
3.0
-5.67
5.33
0.67
1.0
4.33
1.0
1.67
-3.67
0.67
0.67
4.0
3.67
-4.67
0.67
0.33
-3.0
2.67
2.67
-0.67
2.67
2.33
-4.0
-1.33
4.33
-1.67
1.0
4.0
-1.0
0.67
-1.33
-4.0
-3.0
-0.67
0.33
3.0
-2.33
2.67
-0.33
4.0
-2.0
4.33
-2.33
-2.67
2.33
4.67
-7.0
0.33
0.0
-2.0
-4.33
3.67
1.33
0.0
1.67
0.33
0.67
-1.0
-0.33
0.33
-1.0
-3.67
-2.33
4.0
-0.67
5.33
-3.0
2.33
-2.33
-1.67
3.0
-5.0
0.0
-3.67
-2.33
-1.33
3.0
-2.0
-2.67
-4.0
1.33
-3.33
4.0
2.33
-4.67
2.67
1.0
-5.33
-0.67
-2.67
-2.33
0.0
1.67
-3.67
-2.33
0.33
0.0
0.0
4.33
-3.0
2.0
-0.67
3.0
-3.33
-2.33
-3.0
-2.0
-0.33
-3.0
-2.33
-4.33
-1.67
-5.33
2.67
1.33
2.33
-1.0
2.33
-3.33
1.33
-1.67
-1.67
-1.67
-4.0
4.0
-0.67
1.0
-2.0
-3.33
-1.0
-5.67
-0.67
-0.67
-7.0
-7.67
-3.0
-0.33
-5.33
-5.33
-2.0
0.67
-4.0
2.33
-4.0
-1.33
-1.0
-0.33
-3.33
-9.0
-5.67
-1.67
3.33
-7.33
-7.67
-3.33
1.33
-5.33
-1.33
-1.67
0.67
-3.67
-3.33
-8.67
5.33
-6.33
0.67
-3.67
-0.33
-2.67
-1.67
-4.33
-5.0
-1.33
-2.0
-6.33
-5.0
0.33
-8.0
-5.0
-7.0
-5.67
-6.67
-3.33
0.33
-3.33
-2.33
-3.0
-2.67
-3.67
-3.0
-4.67
-0.33
0.0
5.33
-3.67
-6.0
-6.33
-12.33
-2.0
-10.0
-7.33
-2.33
-1.67
-8.0
-11.33
-5.0
-5.67
-8.67
-1.33
-1.0
-3.0
-3.0
-1.0
-2.0
-1.0
-4.0
-12.0
3.67
-8.67
0.0
-0.33
-7.67
-2.33
-5.67
-0.67
-0.67
-4.67
2.0
-3.0
-3.0
1.0
-0.67
5.0
-1.33
7.0
-1.67
3.67
0.33
-1.33
-0.33
1.33
0.33
14.67
13.33
17.67
15.67
19.0
18.33
21.33
17.67
22.33
33.33
22.67
36.0
31.33
24.33
24.33
15.67
19.0
11.33
15.0
15.0
17.0
10.33
11.33
-2.0
8.0
0.67
-1.33
-6.0
2.67
-4.0
-3.33
-5.33
3.0
2.33
4.0
-4.33
0.0
-0.33
3.33
-0.67
0.33
-9.0
-3.0
-3.33
-4.67
-11.67
-7.0
0.67
-2.33
-2.0
-4.67
-2.33
-0.67
-2.67
-8.67
-0.67
-6.0
-3.67
-3.33
4.33
-7.0
0.0
-11.67
-5.67
-7.0
-6.33
-14.0
-10.0
1.33
-3.67
-3.33
1.0
-9.33
2.67
-6.0
-2.33
-5.33
-4.33
-11.0
-9.0
-4.0
-3.33
-6.0
-8.0
-1.67
-6.33
-1.33
-7.0
-7.33
-1.67
-2.33
-15.33
-3.33
-5.67
-9.67
2.33
-5.0
0.0
-4.33
-2.0
-6.0
-5.0
-8.67
-3.0
-1.67
-5.0
-5.67
-5.67
-6.67
-10.67
-10.67
-4.33
1.67
0.0
4.0
1.67
-7.33
3.67
-9.33
-2.67
0.33
-1.67
-13.67
-7.67
-4.33
-3.33
-4.0
-3.33
-7.0
-12.67
-7.33
-8.67
-8.67
-3.0
-13.67
-5.67
-3.67
-6.33
-3.0
-3.0
-8.0
-6.33
-5.0
-10.0
-11.33
0.0
-7.33
5.0
-7.0
-5.67
0.33
-10.33
2.67
-2.67
-2.33
-6.33
-9.0
-8.67
0.0
-9.0
-8.33
-13.33
-3.33
-5.67
-12.33
-3.67
-5.0
-14.67
-11.0
-15.0
-6.67
-7.33
-1.67
-3.33
-2.0
-4.0
-3.67
2.33
-9.67
-1.0
-16.0
-5.67
-12.67
-4.0
-7.67
-16.33
-2.33
-7.33
-3.0
-2.0
-3.0
3.0
-8.67
-2.33
-3.33
-9.0
-10.33
-7.67
-8.67
0.67
2.0
-12.33
-11.0
-8.0
-4.67
-6.67
-3.33
-5.33
1.33
1.67
4.67
1.33
8.67
-2.67
1.67
-1.0
0.0
1.33
-4.67
-4.33
8.33
11.33
7.33
14.0
10.33
19.67
10.67
18.33
17.67
25.67
24.0
17.0
27.33
5.33
21.0
25.33
9.0
21.33
23.33
21.67
5.67
17.0
6.67
-8.0
3.0
19.33
7.0
3.0
-0.33
12.67
10.0
-0.67
6.33
1.0
-1.67
2.0
-3.0
0.67
-1.33
-5.33
6.0
-1.33
-2.0
8.0
-5.67
-2.0
8.67
6.33
4.67
-9.67
5.0
4.0
-3.67
8.67
0.67
7.0
4.33
-3.33
4.33
-2.33
1.33
1.67
0.33
-0.33
-4.33
2.67
5.67
-2.67
1.0
5.67
9.0
-3.67
4.67
6.33
4.67
6.33
1.33
6.33
-0.33
1.67
5.33
-0.67
-3.33
0.0
5.0
1.0
0.33
-4.33
-1.67
2.33
4.0
2.67
1.33
-6.0
9.0
7.67
3.67
1.33
-4.0
1.33
1.0
-0.33
0.33
5.0
2.33
-4.67
3.67
8.33
4.0
4.67
9.33
1.33
5.67
3.67
0.33
6.33
-5.0
9.33
3.0
-3.67
9.67
17.33
6.67
15.67
-0.33
-0.33
-2.67
12.67
-5.33
6.0
8.67
3.0
6.0
5.67
0.0
3.0
7.0
-3.0
0.67
6.33
-4.0
-6.67
6.67
1.0
7.0
13.33
6.67
7.33
6.33
4.33
10.67
2.0
10.67
-0.67
-2.33
0.67
16.67
8.0
1.67
14.67
-4.67
9.0
2.67
-9.67
4.0
3.67
8.33
6.67
9.33
10.0
4.67
4.67
1.67
-5.0
1.33
6.0
-3.67
3.33
13.0
-1.67
0.67
11.0
0.0
6.33
7.0
14.0
8.33
2.67
9.0
1.33
10.0
7.33
5.67
6.33
8.33
10.67
-0.67
6.67
-7.0
1.33
17.33
-2.0
3.33
2.0
4.67
-6.0
-0.67
1.33
-1.0
9.0
0.33
2.0
-0.67
13.0
1.0
10.0
2.33
9.0
9.33
-2.33
5.33
-6.33
8.33
4.33
-6.33
3.67
4.67
1.67
3.0
3.0
11.67
-3.67
11.0
6.33
-4.0
-3.67
-3.33
11.67
-6.33
6.67
3.0
7.0
7.33
16.0
10.0
9.67
8.33
13.33
12.67
4.33
8.33
11.33
-1.0
11.0
7.33
9.67
17.67
6.67
24.0
5.67
20.67
15.0
17.67
16.67
12.0
33.67
20.33
18.0
12.33
22.0
19.0
40.67
28.33
33.33
38.33
49.33
45.67
44.67
40.0
53.33
64.0
67.0
79.33
77.67
91.67
120.67
94.33
126.0
138.0
114.67
126.67
139.0
134.67
154.33
130.33
133.67
143.33
127.0
127.0
148.33
126.67
116.67
93.0
102.0
74.33
90.67
63.67
72.33
36.67
39.0
45.67
15.33
29.0
13.67
29.67
8.0
26.33
3.0
8.33
12.67
4.33
5.33
9.0
10.0
0.33
9.33
1.33
10.67
0.67
21.67
6.67
20.33
5.33
9.67
9.0
3.0
4.67
1.67
4.0
10.67
10.0
7.33
-3.33
11.0
12.33
1.67
8.0
7.0
-10.0
12.33
2.67
1.33
0.67
12.33
6.0
15.0
7.67
8.67
3.0
4.0
8.33
5.67
3.67
11.0
-1.0
8.33
-1.67
6.67
2.0
1.33
11.67
2.0
4.67
10.67
10.33
20.67
15.67
16.67
25.33
5.67
1.0
8.67
3.33
14.0
3.0
6.67
2.67
12.0
13.67
18.33
8.0
4.67
7.0
-2.67
4.67
4.0
8.67
4.33
16.33
1.0
5.67
11.0
9.67
5.33
12.0
13.0
3.67
15.33
7.0
12.67
9.67
4.67
18.67
-3.33
5.67
-3.67
12.67
-5.33
8.67
0.0
7.67
10.67
-0.67
1.67
0.67
10.0
11.33
0.0
5.0
12.67
-0.33
8.33
-6.67
12.0
5.67
8.0
7.67
-0.67
3.0
7.0
-9.0
10.0
11.33
7.33
-3.0
10.0
1.0
10.33
1.0
4.0
-3.0
7.67
0.67
-1.33
-11.33
7.33
6.33
-0.67
-0.33
-1.0
2.67
7.33
-5.0
1.33
11.33
7.0
-3.33
-1.33
6.0
2.0
8.67
-1.33
5.33
14.67
1.67
7.0
17.67
22.67
-2.33
12.0
0.33
22.67
-3.33
15.0
14.67
8.33
20.67
14.0
5.0
29.0
39.33
22.33
5.33
19.33
27.67
16.0
26.67
40.0
18.0
27.33
23.33
16.33
21.0
12.33
34.67
37.67
25.33
13.33
17.0
20.0
16.67
17.67
8.0
10.67
19.67
3.33
4.67
7.33
-1.0
2.67
18.0
6.0
9.0
2.67
8.0
10.67
10.0
-5.0
-3.67
11.0
1.0
5.67
-3.33
12.33
3.67
11.0
-1.33
12.0
4.33
4.67
1.33
0.33
-3.67
3.33
13.0
2.0
0.33
5.67
8.0
12.33
10.67
16.0
4.33
17.0
1.67
-2.0
6.67
8.33
-4.33
0.67
0.67
4.67
10.33
1.0
1.0
12.33
16.0
7.33
8.33
13.33
0.67
6.0
17.33
2.67
5.67
13.33
-7.67
9.0
0.0
13.0
12.33
5.0
10.67
9.33
3.0
18.33
6.33
-10.67
10.33
-6.67
16.0
3.33
7.67
3.33
5.33
9.0
15.33
-14.33
2.67
11.0
5.0
6.0
4.33
4.67
7.0
5.67
-9.0
12.33
6.67
-11.33
6.33
5.33
2.67
-4.33
-2.33
6.0
2.0
2.33
-8.0
7.0
5.0
-3.0
-10.33
-5.67
1.33
-5.0
5.33
8.33
6.33
3.33
-2.67
5.33
9.67
7.67
-4.0
-2.33
1.0
4.33
1.67
-2.67
-0.33
0.33
2.67
0.33
3.0
-3.0
8.33
4.33
1.67
5.0
-13.33
-3.33
-7.0
-1.0
-2.33
3.0
7.67
6.67
7.33
-1.67
3.67
1.33
-7.33
3.67
9.67
-0.67
2.0
6.67
-4.33
-4.33
-12.33
-8.0
4.67
0.33
2.0
-1.33
6.67
1.0
-1.67
11.33
-8.67
-2.67
2.33
-0.33
-3.0
-1.67
-2.33
-5.33
-9.0
-4.33
4.0
-5.0
2.67
-6.33
-2.33
2.0
2.67
6.33
-2.0
10.67
3.67
-0.67
-2.0
15.33
4.0
0.33
-0.33
0.67
7.0
1.0
5.0
2.67
9.67
1.0
10.0
-5.33
11.67
9.33
5.0
4.33
0.33
3.67
5.67
-8.67
7.0
10.67
10.33
10.33
-1.67
4.0
17.33
0.33
14.33
11.33
4.33
2.67
7.67
4.33
7.33
-2.33
5.67
-4.33
7.0
0.0
4.0
2.0
4.33
-3.33
-4.33
2.33
5.67
3.67
-2.0
-1.67
6.0
1.33
-0.67
-0.67
-4.0
12.33
-3.0
-4.0
3.0
0.33
-5.0
2.67
-6.33
0.33
5.67
1.67
6.0
-1.67
-3.67
2.33
1.67
-3.67
3.67
7.33
-3.0
1.67
-6.67
4.33
3.0
-2.33
2.33
1.33
0.0
0.33
-3.67
-2.33
0.0
-3.67
0.33
-5.0
-8.0
3.67
0.67
4.67
-7.0
-1.0
1.67
4.33
1.67
9.33
12.67
-2.67
5.0
-5.33
-3.33
-8.0
-2.67
3.33
0.67
2.67
-8.33
-6.0
-0.67
0.0
1.33
6.33
3.67
-2.67
-10.0
-7.33
-1.0
3.0
7.33
-1.67
0.0
1.0
-2.67
2.33
5.67
-2.0
3.33
-3.67
-7.33
-2.0
2.67
-9.33
1.0
8.67
-0.67
-0.33
3.0
-6.0
1.0
-0.33
-2.33
6.67
6.33
1.0
-8.33
-3.67
7.33
4.33
-1.0
2.0
4.67
0.0
4.67
0.33
9.33
-5.67
0.0
5.0
2.67
1.67
-8.67
2.0
9.67
4.0
-4.33
2.0
-1.0
13.0
10.67
-1.67
7.33
2.0
-2.67
-1.0
2.67
-2.33
4.67
6.0
4.0
11.67
6.33
-0.33
5.67
4.67
-2.0
0.0
6.33
1.67
1.67
-1.33
3.0
-3.0
-1.0
2.33
3.67
3.33
6.67
-0.33
-10.33
1.0
3.33
-5.33
7.0
-5.0
4.0
3.0
-4.67
-0.67
2.67
1.33
0.33
2.67
5.67
0.67
3.0
-1.0
-0.33
-0.33
-8.0
2.33
-0.33
-2.0
5.0
3.67
-4.33
3.0
1.0
11.67
-4.33
6.33
0.67
-6.0
5.33
-2.67
0.0
-3.33
0.67
-2.67
-1.67
-1.67
0.67
2.0
-0.67
7.0
-1.67
-2.0
0.67
5.33
7.67
1.33
0.67
1.33
0.67
1.67
3.0
-5.33
2.0
-1.33
2.67
-5.0
1.67
-1.33
2.33
1.33
4.0
-0.67
1.0
-1.67
-2.33
5.33
-2.33
-4.0
-7.0
-6.33
0.33
-0.33
-5.0
-1.0
-4.33
2.67
0.67
-1.0
-0.33
-0.67
-1.67
-2.0
0.33
1.67
-0.33
-1.0
-2.33
0.67
-5.0
3.0
0.0
4.33
-4.0
-2.0
2.67
5.67
4.67
0.33
-0.67
-1.33
3.33
4.67
-2.0
-1.0
4.67
-2.0
3.33
1.0
-1.0
-0.67
-2.0
1.33
-0.67
