0.0
3.0
-11.0
-23.33
11.67
42.67
-101.33
-94.33
-65.33
49.67
-10.33
6.67
-64.67
-39.33
-53.33
5.33
-4.33
33.0
8.67
26.33
7.0
-7.0
4.33
10.0
-7.67
6.33
23.33
12.67
0.67
1.67
-4.0
-4.0
3.0
1.0
3.0
1.33
0.33
-2.67
2.0
4.67
-0.67
-0.33
0.67
0.67
-1.0
0.0
0.0
0.0
0.0
0.33
-0.33
0.67
-0.33
2.0
0.0
-1.0
0.0
1.33
0.67
-0.33
1.0
-0.67
0.0
0.0
-1.0
-0.33
1.0
0.0
0.0
-0.33
0.67
-0.67
-1.0
-0.67
-0.67
2.0
-0.33
-0.33
-1.0
0.0
-0.33
-1.0
1.0
0.0
0.0
-0.67
-0.33
-0.67
-0.67
-0.33
-0.33
2.0
0.67
1.0
-0.33
-1.0
1.0
-0.67
0.0
1.0
-0.33
0.33
-1.33
-2.0
-0.67
-2.0
-1.67
-1.33
4.33
1.33
1.67
1.67
-2.33
-2.67
0.67
1.0
2.67
-3.33
-0.33
3.67
-1.33
0.67
4.67
0.33
-1.0
-2.0
1.0
-2.67
-1.33
-0.33
1.67
-0.33
1.67
-4.0
1.33
0.33
0.33
0.67
0.0
0.67
-1.0
1.33
1.33
1.67
5.67
-3.67
3.0
3.33
3.0
2.0
2.0
6.67
-6.67
-2.0
-8.67
1.33
5.67
11.0
-3.33
-0.67
0.67
5.33
-0.33
1.0
-2.0
-2.0
4.33
1.33
3.0
-3.33
-4.67
-5.33
-1.67
-3.0
3.67
2.0
2.0
4.33
-2.0
4.33
-6.67
-2.33
-0.33
-2.33
1.33
3.67
-1.0
-0.33
-0.33
2.67
-2.0
3.33
0.33
-6.0
-4.0
7.67
5.67
6.0
4.67
-6.33
-3.67
0.67
-0.67
6.0
4.0
-2.67
-1.67
-5.0
1.33
7.33
-0.33
-2.33
4.67
4.67
2.33
-1.0
4.33
-8.33
0.33
0.33
0.33
6.67
8.33
2.33
-0.33
7.67
1.33
-0.33
2.67
-0.67
-1.0
-0.33
3.33
-3.33
1.0
2.33
-4.0
1.67
2.33
8.33
2.33
0.67
-2.0
-5.33
4.33
0.67
1.67
3.0
-6.33
-2.0
-3.0
4.67
0.67
-1.33
0.67
3.67
0.33
4.0
1.67
0.0
6.33
2.67
0.0
1.33
3.33
-0.67
-2.33
-2.33
10.0
3.67
-2.67
1.67
-1.0
3.0
-4.0
8.0
7.67
6.33
1.67
1.33
-2.0
-4.0
3.33
1.67
0.33
-2.0
3.67
-1.67
-0.33
-5.0
-4.67
2.33
0.33
2.0
6.0
4.33
3.33
2.33
-0.33
0.33
7.33
2.33
-1.67
8.0
2.67
-3.0
12.0
4.33
2.0
0.33
2.0
-3.0
2.0
7.33
3.67
3.0
-4.67
-2.33
-0.33
0.67
5.33
-4.33
11.0
1.33
0.67
2.33
0.0
2.67
-4.33
1.33
11.33
1.0
1.33
3.0
2.67
5.0
-3.67
5.67
1.67
-5.0
-5.0
2.0
-0.67
4.33
-7.33
1.33
-4.67
-2.67
7.33
2.67
0.33
-1.67
-3.33
1.67
-2.67
-0.67
1.33
-2.0
0.0
1.67
-4.0
5.67
1.0
0.33
-1.0
-3.33
-0.33
1.67
1.33
4.33
4.33
0.0
0.33
-4.67
0.33
5.67
0.0
0.33
3.33
-6.33
4.0
3.0
-4.0
-2.33
2.33
0.0
-5.33
0.0
-0.33
8.33
5.67
-0.33
-3.67
-1.33
0.0
-4.33
-2.0
4.0
-0.33
-0.33
-1.67
1.0
2.0
4.0
6.33
3.33
3.67
0.0
-4.33
-4.67
-6.33
2.67
5.33
-0.33
7.33
1.67
4.33
2.33
1.0
-3.67
-4.0
-0.33
1.67
-5.33
-1.33
-2.0
5.67
-5.67
2.33
-2.67
-2.33
-1.0
-1.67
4.33
8.33
-1.33
1.33
3.67
2.67
-5.33
0.0
-5.33
0.0
0.0
1.67
-0.67
-2.0
-2.67
0.33
1.0
-3.67
4.0
0.67
8.33
1.0
2.0
10.0
-0.33
6.67
1.0
3.67
0.67
8.0
-1.67
1.67
3.33
-0.67
-3.0
-3.67
5.0
-2.0
0.0
-1.67
4.0
-3.0
1.33
-3.67
-2.33
3.0
3.67
-3.0
2.33
-3.0
0.33
-1.33
0.67
-1.67
-2.67
2.0
0.33
-1.67
-1.0
0.0
-1.0
1.33
0.33
-3.0
-4.0
-0.67
-0.33
1.33
-2.0
-4.0
-4.67
0.33
2.33
-4.33
-0.67
1.0
2.0
0.33
-3.0
-1.67
2.33
0.67
3.0
1.33
0.33
0.33
-1.67
-2.33
1.33
3.67
0.0
-2.0
-1.0
1.0
4.0
-0.67
-1.0
0.67
-5.33
-2.67
4.67
-1.67
-2.0
2.67
4.33
-2.67
-1.67
-5.33
-3.0
-2.67
-2.0
2.33
2.33
6.33
1.33
-4.67
-0.67
5.33
-1.33
-2.67
-0.67
-2.33
-3.0
-0.67
-1.0
-3.0
0.67
-2.67
-3.0
-2.67
-2.67
-3.33
1.0
0.33
-1.0
0.67
-2.67
3.67
-3.33
0.0
0.67
-4.67
-0.33
-3.67
-1.0
-3.33
1.67
0.33
-1.33
1.33
3.0
-0.33
5.33
-3.67
-1.0
-4.0
-2.0
-4.33
-2.33
-3.0
2.0
0.33
-3.67
-7.0
-1.33
6.67
-3.33
1.0
-3.0
1.33
-2.33
-2.67
-1.67
-1.33
0.0
-0.67
-5.0
0.0
-6.33
2.67
4.33
-1.0
2.67
-4.67
-3.33
-2.0
4.67
1.33
-2.0
0.33
4.67
-2.0
1.33
-2.67
2.0
-1.67
-3.33
-1.67
-2.0
2.0
-1.0
0.33
3.67
-6.33
3.0
-2.0
2.33
2.0
-1.67
-2.33
-6.0
-4.67
-3.67
-4.33
2.0
-5.33
6.33
1.33
-0.33
-1.0
1.67
-1.67
1.67
-4.67
-3.0
-4.0
4.33
-2.0
-4.0
-4.67
2.0
-4.33
3.67
-3.0
-6.0
0.67
0.0
0.67
-4.33
0.33
-1.33
-0.33
-2.67
-2.67
-3.0
0.33
-5.33
-3.67
-0.67
-4.67
-0.67
-5.0
-3.0
-3.67
-7.0
-3.0
1.67
0.0
-5.67
-2.67
-5.67
-2.0
-4.67
1.0
-6.33
-2.33
-1.33
-2.0
-0.33
0.0
-1.67
-4.0
-5.33
-4.0
0.67
-4.33
-5.0
-4.67
-5.67
-5.67
-0.33
-1.67
-4.33
-2.67
-5.33
1.67
-0.67
-5.33
-0.67
-2.33
-5.67
-1.67
-7.33
-2.33
-3.67
-3.33
-5.67
-5.67
-7.33
-4.0
-5.33
-9.0
-8.33
-5.0
0.33
-11.0
-5.0
-10.0
-1.67
-4.67
-1.33
1.33
-9.33
-9.33
-4.0
-3.67
-6.67
-3.0
0.33
-2.33
1.0
-6.67
-3.67
0.0
-5.33
-10.33
-5.0
-6.0
-6.33
1.67
-3.67
-1.0
-6.33
-8.0
-8.67
-2.67
-0.33
6.0
-11.0
4.0
0.0
-5.0
-5.0
2.0
-8.0
0.67
-1.67
-3.0
-3.33
-10.67
-9.33
-4.67
-0.67
-3.67
-8.67
-8.0
-10.0
4.0
-4.0
-7.67
0.0
-0.33
1.0
-7.67
-1.33
4.33
-4.33
-4.33
1.33
2.33
1.67
1.33
5.67
2.67
7.0
11.33
6.33
7.67
16.33
8.33
12.67
16.0
12.33
8.33
12.33
0.67
8.0
4.33
13.0
5.0
1.0
8.33
2.33
0.0
1.0
-2.33
-1.33
-6.0
-5.33
-1.0
-2.33
-6.33
-1.0
-1.67
0.0
-9.33
-9.0
-8.33
5.33
1.33
-4.67
-7.0
-8.0
-1.33
-6.67
-4.67
-7.0
-4.33
-1.33
-4.0
-6.67
-1.33
-1.67
1.33
-4.67
0.33
-3.0
-5.67
-10.33
-1.67
-6.0
0.0
-0.67
0.33
-12.0
-5.33
-9.0
-7.0
-3.67
-11.67
-5.33
-13.0
-9.33
-3.33
-6.0
-3.33
-9.33
0.67
0.0
-6.0
-2.0
-7.33
-3.0
-13.0
1.33
-3.33
2.67
-4.0
-11.33
4.33
-2.33
-4.33
3.67
-2.67
-1.67
2.33
-5.0
-3.0
-3.33
-6.0
-6.0
5.0
-8.67
-5.0
-4.67
-2.0
2.33
-4.67
-6.67
-8.67
2.33
-4.33
-0.33
-2.0
-2.0
-3.33
-8.33
1.67
-8.33
-6.67
-0.67
-2.67
-13.67
-10.67
-6.33
-12.33
1.0
-3.33
-4.0
-8.67
-4.33
-6.67
-6.67
-8.0
-8.67
-7.67
-6.67
-9.33
-8.0
-6.0
-11.0
-7.33
-2.0
-10.0
-6.33
-8.0
-7.33
-4.0
-7.0
-7.67
-6.67
-6.33
4.67
-3.67
-13.33
-2.33
-12.0
-2.67
-8.0
-9.0
-3.33
4.67
-6.33
-8.67
-7.33
-8.67
-11.0
-7.67
-18.0
-6.0
-1.67
2.67
-2.67
-4.33
-1.0
-6.0
-3.67
-7.67
-0.67
-5.0
-15.0
-14.67
-12.67
0.0
-1.67
-11.33
-1.33
-5.33
-6.0
-2.0
-7.0
-3.0
2.33
-0.33
0.67
-12.0
-15.33
-6.67
-3.67
-4.33
-1.0
-11.33
-6.0
-1.0
-6.67
-4.67
-0.33
-6.33
2.33
6.67
-2.33
-5.67
0.67
4.33
6.67
2.0
16.0
2.33
7.33
3.67
10.33
3.33
24.33
9.0
9.33
19.67
12.67
31.33
26.67
29.67
44.0
30.0
30.33
34.33
31.0
12.33
16.0
34.33
22.33
10.67
27.67
8.0
13.67
7.0
9.0
14.33
21.0
14.0
-0.33
0.67
7.0
2.33
-2.67
-5.0
4.33
0.0
-6.0
8.67
10.67
-2.33
-3.0
1.67
0.0
-2.0
-6.67
2.0
5.67
7.33
-5.33
1.33
-1.0
3.0
-2.67
7.67
-6.33
2.0
3.33
0.67
-4.67
-8.33
8.33
5.67
9.33
-2.33
2.67
-8.33
9.67
0.33
-6.0
4.67
-2.0
-3.67
-3.33
1.33
2.67
1.33
-3.67
6.33
11.67
3.67
1.33
-0.67
0.67
0.0
0.0
-2.0
1.33
0.67
3.33
2.33
-3.0
-6.33
2.33
3.0
-2.0
4.67
2.67
1.33
3.0
5.33
8.0
-1.33
2.33
1.0
2.33
-0.67
-4.33
4.33
1.0
-1.33
8.33
0.33
9.67
3.67
12.33
10.33
4.0
-2.67
12.0
5.33
6.67
3.33
-4.33
8.67
4.67
13.67
5.33
1.67
7.67
-4.0
2.67
9.0
1.0
6.67
2.0
1.0
4.0
-5.0
5.67
4.33
1.0
9.33
-0.33
-1.0
1.0
2.33
4.67
-0.67
-2.67
5.33
1.67
2.0
3.67
5.33
-5.33
22.67
-3.33
10.0
1.67
0.67
-12.67
6.0
4.67
12.33
1.0
5.67
0.33
-1.33
-2.67
7.0
6.67
-2.33
3.67
6.0
6.33
12.0
-4.67
2.33
9.0
2.33
3.67
7.0
1.0
-1.67
6.0
15.0
-0.67
2.67
4.0
6.33
4.0
3.33
8.67
-2.67
4.33
8.67
2.33
15.67
-5.0
1.33
3.33
-1.0
1.33
8.0
13.67
6.0
1.33
4.33
1.0
5.0
11.33
0.0
0.33
11.0
10.0
5.0
2.33
8.0
-0.67
12.67
6.33
-3.33
4.33
8.33
5.67
2.67
-0.33
5.67
4.0
6.0
2.67
3.33
12.0
4.33
1.0
5.33
0.67
5.67
1.67
7.67
-1.0
6.0
13.33
14.0
4.0
3.67
14.33
9.33
12.67
10.33
6.33
9.33
9.0
-12.0
7.33
16.67
5.67
11.67
9.0
6.67
18.67
9.0
15.67
12.67
19.0
14.67
22.33
14.0
25.33
23.0
24.0
24.67
52.33
37.33
40.33
56.33
55.67
62.67
61.0
88.33
106.0
115.0
135.33
140.67
134.67
140.67
141.33
168.0
174.0
194.67
172.67
191.0
170.67
188.33
189.33
187.67
206.33
187.0
148.0
172.33
190.67
143.67
130.0
126.0
106.33
116.67
100.67
84.33
63.67
64.0
37.67
39.33
45.0
24.67
21.67
20.0
13.33
16.0
8.33
14.67
0.33
11.33
4.0
-2.0
13.33
16.33
6.33
12.67
7.67
10.67
8.67
14.33
7.33
4.67
4.0
7.0
12.67
13.67
7.0
4.67
9.0
12.33
2.67
6.0
3.33
15.67
8.0
7.0
-13.0
3.33
7.67
5.33
5.67
15.33
13.0
12.0
13.67
-3.33
-5.0
3.0
16.33
8.67
-7.33
26.0
4.0
8.33
9.33
17.67
-2.0
-3.67
20.67
8.0
4.67
5.67
11.33
-0.33
6.67
6.67
-0.67
12.67
-1.0
12.67
8.33
13.0
8.0
14.67
14.67
18.0
1.67
17.33
12.0
3.67
9.0
13.33
6.67
7.0
5.67
14.33
5.33
6.0
14.67
10.0
4.67
10.33
1.0
7.0
4.67
9.33
9.0
2.67
-1.33
13.67
13.67
0.67
-0.33
4.33
10.67
2.67
7.67
4.0
6.67
-1.33
-1.67
15.67
0.67
10.0
0.33
7.0
5.0
13.67
-6.33
10.33
7.33
3.0
2.67
6.0
0.67
3.33
3.0
12.0
5.0
-4.0
9.33
8.33
-9.0
9.0
5.0
9.33
10.0
2.0
6.0
8.67
1.67
-7.33
-4.33
-6.67
-4.67
5.33
-0.33
-3.0
11.67
5.33
-12.0
10.33
-1.67
1.0
-0.33
-2.33
-1.0
4.0
4.67
-6.33
5.33
5.67
7.67
-4.0
12.67
6.67
-0.33
0.0
-1.67
13.67
11.67
8.0
11.67
-2.67
10.67
-6.0
14.0
27.0
2.33
-2.67
7.33
20.33
18.67
3.0
22.67
18.0
8.0
20.33
11.33
9.33
22.0
16.33
20.67
14.67
9.33
11.33
5.0
32.0
-2.33
0.67
5.0
-1.33
3.67
-3.67
15.67
3.33
9.0
6.67
8.0
1.0
7.0
0.67
5.0
1.67
13.0
-2.0
7.33
3.0
-2.0
-2.33
13.67
14.33
6.67
15.0
2.67
3.0
6.33
-1.33
5.33
7.33
-6.67
2.33
6.0
9.0
-4.67
9.67
-1.0
10.33
13.67
7.0
-3.67
1.0
7.67
0.0
-1.33
2.33
3.67
7.67
2.67
11.67
7.33
2.0
11.0
2.33
28.0
-5.67
7.33
-0.67
7.67
0.0
4.33
9.67
1.67
10.33
2.33
15.0
8.0
18.0
8.33
2.0
19.67
7.33
18.0
25.33
8.33
-9.67
10.33
16.33
13.0
13.33
7.67
10.33
8.33
11.0
8.33
2.67
8.67
7.0
13.0
0.0
2.33
6.67
-1.0
3.67
-3.0
0.33
2.67
4.67
7.33
6.33
10.67
5.67
-7.33
14.0
5.0
8.33
-3.0
2.0
8.0
4.0
-6.33
6.33
-1.67
-3.0
-5.67
-7.67
0.33
6.33
1.33
-4.67
8.67
6.67
2.0
11.67
7.0
12.33
-2.33
0.33
-1.33
7.33
1.67
-3.67
3.0
-2.0
9.33
5.33
-1.33
1.0
-0.33
-8.33
-7.0
-6.0
-2.33
11.0
1.67
11.67
5.33
-0.67
11.67
1.33
-5.33
1.67
-0.33
-7.67
2.0
-2.33
-3.33
8.67
-14.33
5.0
-4.33
-2.67
-5.0
14.67
4.67
-6.0
3.33
1.33
-1.67
5.33
1.33
-6.33
0.0
-2.67
5.67
-3.33
-3.0
-1.33
0.0
3.0
-8.33
-3.33
1.67
-5.0
-3.33
-0.67
-1.0
8.67
2.67
7.33
0.0
3.33
13.0
-8.67
14.67
7.67
-8.0
1.0
2.0
8.67
4.67
12.0
11.0
2.67
10.67
8.33
12.0
6.33
4.33
5.67
2.67
1.33
7.0
4.67
6.33
10.33
9.33
31.0
10.33
10.33
10.33
6.33
-3.67
5.67
13.67
1.33
-1.67
1.67
-6.33
4.67
3.0
1.0
4.0
0.0
4.33
6.67
2.67
-2.67
-0.33
-7.33
-2.0
-3.67
8.0
1.33
-5.67
8.33
12.0
-0.67
-4.0
9.0
4.0
2.33
8.0
-4.33
-1.33
0.33
1.67
5.67
-2.0
0.33
2.33
1.33
-2.33
-3.67
-1.33
-1.67
5.0
-3.33
2.33
-9.67
-9.0
4.67
3.33
-2.67
-6.0
4.33
-2.67
-3.33
4.0
1.33
-1.67
-4.0
-2.0
-9.33
3.67
-4.33
-6.0
0.0
17.67
6.33
0.67
-8.67
4.67
-5.67
-4.0
7.67
-3.33
-5.0
-3.67
5.33
8.67
-2.33
-0.33
-3.0
-4.67
-9.0
8.33
-0.67
-3.33
2.33
-1.0
0.67
-2.0
4.0
3.33
-2.67
5.0
5.0
1.33
-3.67
0.67
-5.0
1.33
3.33
0.67
4.0
-6.33
-5.33
-2.0
-1.33
7.33
3.67
-2.0
-4.0
-5.0
0.67
5.67
2.67
3.33
-3.0
-6.33
-3.67
3.33
5.33
0.0
9.0
-1.33
4.0
-1.33
-1.67
4.33
-8.67
-7.0
2.0
0.67
5.67
0.33
0.0
3.67
4.0
4.67
4.0
5.0
8.0
3.67
3.33
-0.67
1.0
5.33
3.0
0.67
1.67
4.67
7.0
5.0
4.67
6.33
1.67
5.67
4.67
3.0
1.0
1.33
3.67
8.67
-0.33
10.0
2.0
0.0
6.33
6.67
1.33
-2.33
4.67
-8.33
4.0
6.33
4.67
4.0
-3.0
-4.0
7.0
0.33
0.33
1.67
2.33
-0.67
4.67
-3.33
2.67
2.0
-4.0
-0.33
-5.33
-3.0
-1.67
2.67
-4.0
1.0
0.67
-2.33
3.0
-2.0
-0.33
-1.33
2.33
-7.33
-1.0
0.33
4.33
0.0
4.67
-3.33
1.33
-2.67
1.33
-6.33
3.0
-6.67
5.0
-0.67
-4.0
5.67
3.33
5.67
0.33
7.67
-2.67
-0.33
6.67
10.0
2.67
2.0
-1.33
1.67
-2.0
-0.33
2.67
2.33
-0.67
-2.0
2.33
6.0
6.33
2.67
1.33
-1.33
7.0
10.0
-0.33
2.33
3.67
0.0
2.0
-2.33
-0.33
-3.33
1.0
-2.33
5.33
-2.67
-4.0
-1.67
-0.33
0.67
2.0
1.67
2.67
-5.0
-1.0
1.0
0.33
-4.0
9.0
1.67
-1.33
3.67
-4.67
-1.67
-2.33
-0.67
1.67
0.0
0.0
-2.33
6.0
-2.67
5.0
2.0
-0.67
0.0
4.33
1.33
