0.0
37.0
22.0
-12.33
65.67
-30.33
7.67
-4.33
8.67
25.67
26.67
53.67
56.33
-32.33
-18.33
85.33
3.67
37.0
-3.33
42.33
10.0
-20.0
9.33
-6.0
28.33
-8.67
10.33
0.67
-2.33
5.67
-1.0
-1.0
12.0
4.0
-1.0
-1.67
5.33
-2.67
0.0
0.67
1.33
-1.33
0.67
-0.33
-1.0
0.0
0.0
1.0
1.0
-0.67
0.67
0.67
-0.33
0.0
0.0
-1.0
1.0
-0.67
-0.33
0.67
0.0
-0.67
0.0
0.0
-1.0
-0.33
2.0
0.0
1.0
0.67
-0.33
-0.67
1.0
-0.67
1.33
0.0
-0.33
-0.33
-1.0
1.0
-0.33
-1.0
0.0
0.0
0.0
-0.67
-0.33
-0.67
1.33
-0.33
-0.33
2.0
0.67
3.0
-0.33
-1.0
1.0
0.33
-1.0
0.0
0.67
-0.67
0.67
-1.0
0.33
-1.0
-1.67
0.67
-0.67
0.33
0.67
-0.33
0.67
-1.67
-1.33
5.0
1.67
-0.33
1.67
3.67
-1.33
2.67
1.67
1.33
-2.0
-2.0
0.0
0.33
-0.33
-3.33
5.67
-4.33
3.67
2.0
0.33
-2.67
-0.67
1.67
-2.0
-3.33
5.0
4.33
4.33
-1.33
-1.33
4.33
-4.0
-3.67
3.0
2.0
4.0
10.67
-2.67
-1.0
-1.67
-2.67
7.67
1.0
0.67
0.33
-5.33
0.33
-1.33
6.0
0.0
4.0
0.33
2.33
3.0
1.67
-2.67
1.67
2.33
6.0
1.67
1.0
9.0
6.33
1.0
2.33
-6.67
3.67
2.67
1.67
-4.67
-3.33
4.0
2.67
0.67
3.67
1.0
1.33
0.33
0.0
4.0
-1.33
-0.33
0.0
-1.33
-0.33
-0.67
1.67
2.33
2.0
7.0
5.33
3.33
-1.0
1.33
6.33
-2.33
7.67
-2.33
6.67
4.33
0.0
4.33
0.67
-6.67
4.33
4.33
8.67
5.33
3.33
-3.33
-1.33
6.33
0.67
2.67
0.33
1.0
2.67
4.33
0.67
3.0
-0.67
-2.0
3.67
7.33
3.33
0.33
3.67
-1.0
-2.33
2.33
11.67
3.67
8.0
2.67
3.0
2.0
0.67
-0.33
-5.33
-3.33
-3.33
3.33
0.0
2.67
1.0
2.33
0.67
1.0
0.33
2.33
7.33
4.67
-3.33
7.0
0.67
3.33
-0.33
6.0
0.0
-7.0
8.0
1.67
1.33
4.67
2.33
-1.0
1.0
7.33
3.67
2.33
-6.0
4.67
4.33
1.67
6.0
-4.67
-0.67
2.33
-1.0
-2.0
-0.67
0.33
1.33
2.67
4.33
1.33
6.33
1.33
8.0
-1.33
9.0
8.0
-0.67
4.0
4.33
1.0
1.0
11.0
9.33
8.67
4.0
0.33
2.67
-1.33
2.67
2.33
3.67
0.0
-1.67
1.67
8.33
8.0
13.67
-3.33
3.33
5.33
4.0
10.33
4.0
3.67
4.0
4.33
-0.33
0.67
-2.0
-2.0
4.0
-1.67
6.33
-3.33
0.33
-2.67
-0.67
0.33
5.67
5.33
-7.67
-8.33
6.67
3.33
-0.67
6.33
1.0
0.0
4.67
5.0
-2.33
-4.0
3.33
-2.0
-2.33
-2.33
4.67
8.33
1.33
4.33
-3.0
-0.67
-4.67
0.33
5.67
2.0
4.33
0.33
6.67
4.0
1.0
0.0
1.67
6.33
-1.0
-1.33
2.0
3.67
6.33
-2.33
-2.33
0.33
6.67
-7.0
7.67
1.0
-2.0
-3.33
4.67
-5.67
4.0
-3.0
5.0
-2.67
4.33
-1.33
-3.0
-4.33
2.33
2.67
1.67
2.33
3.67
1.33
5.67
2.33
0.33
-3.0
2.33
-1.0
8.67
-6.33
-0.33
-1.33
-3.0
-2.33
-4.67
-1.67
3.33
0.67
-3.0
-1.67
-2.67
1.33
1.67
6.33
1.67
4.67
-4.33
-1.0
-1.33
0.0
-2.0
-3.33
1.33
1.0
0.33
0.33
3.0
-0.67
-1.0
-2.33
4.33
-3.0
2.0
1.0
0.67
0.67
5.0
5.67
-2.33
4.0
-0.67
-1.33
3.33
2.33
1.0
4.33
-4.0
4.0
1.0
0.33
1.0
0.0
-1.67
2.33
3.67
-1.0
-0.33
4.0
2.33
1.0
7.33
-4.33
0.67
-1.67
-4.67
-2.0
5.33
-3.67
1.0
0.0
1.0
-0.67
-0.67
2.0
0.0
0.33
3.67
3.33
-2.0
-2.0
-1.67
0.33
-3.67
-2.33
0.33
1.0
-1.0
-2.67
-3.0
-0.67
-0.67
-0.33
6.0
1.33
2.33
1.33
-3.67
-3.33
1.33
-1.33
0.0
3.0
1.0
2.0
4.0
1.33
-2.0
3.67
-1.33
0.33
1.67
1.33
4.0
-0.33
-5.67
-0.67
-0.67
-3.33
-4.0
1.33
-2.0
-0.67
2.33
2.33
-1.67
-1.67
9.33
3.33
-3.33
-0.67
2.33
4.67
-1.0
-2.67
-1.0
0.0
-3.33
-2.67
2.0
-4.67
1.33
0.67
1.0
3.33
-5.0
1.67
-4.67
3.67
-3.33
-2.0
1.67
5.33
0.67
4.33
-4.0
3.67
-1.33
-3.67
-6.33
-1.67
-2.0
-1.33
4.33
-0.67
0.0
-2.0
3.0
2.67
1.67
2.0
-1.0
-1.67
0.33
-4.0
1.67
5.67
-1.33
1.0
-1.0
0.33
0.67
0.33
-4.67
-0.33
1.0
-1.67
2.0
0.0
-2.33
4.67
-0.67
2.0
-2.33
0.33
-3.33
-3.0
0.67
6.33
2.0
1.33
-0.33
-3.0
6.33
-2.67
-1.0
-2.67
3.67
-2.67
-1.0
1.0
3.0
0.33
-1.33
-3.33
0.0
0.0
-2.67
-4.0
-4.67
-1.33
0.0
-0.67
0.33
-3.33
-3.0
-5.33
-2.67
3.33
-6.33
-4.0
0.67
-0.67
-3.33
-1.67
2.0
-2.0
4.33
-2.0
-3.0
-2.67
3.0
-3.33
-1.33
-1.0
-2.0
-2.33
1.0
-5.33
-3.33
-1.67
4.67
-1.33
0.33
-1.67
1.0
4.33
-4.33
-7.67
1.33
-6.67
-2.67
3.0
-1.0
-4.67
0.0
0.0
-3.33
-4.0
-5.67
1.33
1.33
2.0
-7.67
-2.0
0.67
-1.33
-1.33
0.0
-3.33
-2.0
-2.67
-2.0
-4.33
-5.0
0.67
1.67
-3.0
1.33
2.33
-3.67
-0.33
-5.67
2.67
-2.67
-4.33
-1.33
-6.67
-2.33
-4.67
1.67
-0.67
-3.67
-5.33
-4.33
-0.67
-3.33
-5.67
-2.67
-0.33
-5.0
-4.33
-8.0
-11.33
-2.0
-2.67
-9.0
3.0
-6.0
-9.67
-5.67
-1.33
0.33
1.67
-9.33
3.0
-4.67
-2.67
-5.0
4.33
-3.33
-1.0
6.33
-2.67
-6.0
-9.33
-12.33
-2.0
-6.0
-10.33
-2.33
-0.67
-7.0
-7.33
-8.0
-1.67
-5.67
-6.33
2.0
-2.0
-4.0
-2.0
-11.0
-5.0
-7.0
-5.0
-5.33
-5.67
-1.0
3.67
-7.67
-4.33
-4.67
-3.67
-5.67
-7.67
-10.0
-7.0
-5.0
-3.0
-0.67
-1.0
-7.33
-2.0
-7.67
2.67
-3.67
0.67
-2.33
-3.67
-0.67
8.67
-2.67
6.67
0.67
2.0
0.33
6.33
2.67
9.33
11.33
0.67
4.0
11.33
14.33
2.33
8.67
3.0
-3.67
4.0
-3.0
-3.0
-6.67
-2.67
-1.0
-7.0
-8.33
-4.33
-10.0
-0.33
-12.0
-0.33
-5.33
2.0
-3.67
-4.0
-4.33
-6.0
-5.33
-2.67
-10.67
-1.67
0.0
0.0
-5.33
-16.67
-5.67
-7.0
5.67
-0.33
-6.0
-3.67
-3.33
0.33
-2.67
-1.67
-0.67
-6.0
-2.67
-4.33
-5.67
-14.0
1.0
-6.67
2.33
-9.0
-8.33
-8.0
-9.0
-4.67
-4.67
-7.33
-8.0
-12.33
2.67
-4.0
0.67
-6.33
-5.33
-8.0
-6.0
-7.0
-9.33
1.0
-10.0
-6.67
-6.33
-4.33
-8.0
-12.33
-2.67
-2.33
-9.33
-2.33
-9.67
0.33
3.33
-4.0
-5.0
-12.33
1.0
1.0
2.0
-5.67
3.0
4.33
3.0
-4.67
-7.67
0.33
-5.67
-6.67
-5.33
-2.33
-7.0
-6.0
-3.33
-11.33
-2.33
-3.33
3.33
-4.67
-1.67
-6.67
-5.67
-5.33
-5.33
-2.0
-1.33
-5.0
-6.67
-0.33
-9.67
-11.67
-10.0
-1.67
-5.67
-3.67
-12.33
-7.0
-9.0
-6.0
-18.33
0.0
-3.0
-14.33
-6.0
-5.33
-1.0
-10.0
-7.67
-11.67
-3.33
-2.33
-8.67
-5.33
-6.33
-13.0
-3.67
-8.0
-10.0
-1.33
-1.33
-7.33
2.33
-11.33
-2.67
1.0
-8.67
-13.0
-10.0
1.33
-1.33
-10.67
-2.33
-1.0
-10.0
-1.67
-3.67
-10.67
2.0
-7.0
-9.67
-11.67
-2.0
-5.67
-10.33
0.67
2.67
-1.0
-7.0
-13.0
3.0
-5.67
-10.33
-1.33
-7.0
-5.33
-9.67
-3.67
-0.33
3.0
-8.33
3.0
-9.0
-8.67
-11.67
-2.33
0.67
-3.67
8.67
-1.33
-8.67
5.67
-1.67
3.67
1.0
-2.0
11.33
-3.67
3.67
2.33
14.33
5.33
19.0
9.33
24.67
23.67
24.33
23.67
24.67
23.0
17.0
20.33
16.33
38.0
32.33
34.0
51.33
23.33
25.67
31.67
11.0
14.67
12.0
23.0
13.33
13.0
17.0
1.67
11.67
-7.0
-6.67
8.33
5.0
-2.67
9.0
2.0
6.67
-1.33
-5.33
-6.0
3.67
0.0
4.0
-8.67
2.0
-5.33
2.33
4.67
-8.67
8.0
5.0
9.33
1.67
-5.33
10.0
7.33
2.67
-3.67
-5.33
4.33
4.67
4.33
7.67
9.67
0.67
11.67
4.33
6.0
3.67
1.0
1.33
-2.33
-0.67
-2.33
-2.67
-3.67
3.33
2.67
-4.33
2.33
-2.67
-5.33
4.0
4.0
3.0
5.33
-3.33
4.33
4.33
-3.0
1.67
-5.67
-5.0
5.0
11.67
2.67
1.33
18.0
-0.67
4.0
5.67
7.33
-4.0
1.33
0.33
0.67
3.33
-3.0
7.67
8.33
6.33
-0.33
13.67
5.33
0.33
0.0
-5.67
-1.0
6.33
3.67
8.33
10.67
-2.33
1.67
9.67
3.33
-4.33
11.67
5.0
4.67
5.0
2.0
2.67
8.0
7.0
8.0
8.0
2.67
3.33
-1.0
4.33
6.67
1.0
1.0
6.33
7.67
8.33
5.33
9.33
14.67
10.0
3.67
0.33
-6.33
10.67
11.67
11.0
-0.33
17.67
3.33
1.0
3.67
6.33
5.0
9.67
4.33
4.67
2.33
0.0
-1.33
0.67
3.67
-2.0
8.33
5.0
1.33
2.33
5.0
1.33
3.67
6.0
-1.0
3.33
3.0
9.0
3.33
3.67
-3.0
1.33
7.0
5.33
7.67
2.33
-1.67
3.67
5.33
9.67
0.0
9.33
12.33
-5.0
-4.67
3.0
7.67
-2.0
-1.67
2.33
0.0
12.0
-3.67
14.0
12.33
7.0
8.0
2.0
10.33
9.0
8.33
-2.33
11.33
-2.33
0.33
8.33
2.67
2.67
2.67
1.67
3.0
6.0
7.67
0.33
8.0
9.33
4.0
8.33
3.67
11.67
7.67
2.67
9.0
4.0
5.33
9.0
4.0
7.67
4.33
4.33
13.67
6.33
0.33
9.33
7.0
15.0
20.33
5.67
-0.33
3.67
6.0
19.67
12.67
17.0
8.67
26.67
18.0
20.67
14.33
13.0
28.33
24.0
29.0
24.67
44.33
39.33
49.33
59.33
63.67
80.67
74.0
98.33
108.0
97.0
107.33
154.67
163.67
164.67
160.33
176.0
217.0
214.67
210.67
199.0
188.67
195.33
187.33
200.67
196.33
217.0
212.0
208.33
198.67
155.67
157.0
136.0
122.33
110.67
95.67
101.33
82.67
69.0
50.67
29.33
47.0
32.67
29.67
22.0
24.33
6.0
19.33
13.67
9.33
2.33
-1.0
9.0
9.33
25.33
-3.67
9.67
5.67
12.67
9.67
1.33
5.33
12.67
-3.0
7.0
4.67
3.67
4.0
4.67
3.0
8.33
8.67
-6.0
5.33
5.67
9.0
5.0
-7.0
12.33
9.67
2.33
0.67
4.33
7.0
14.0
1.67
-7.33
0.0
-3.0
2.33
-3.33
10.67
5.0
-8.0
-1.67
5.33
5.67
3.0
6.33
7.67
4.0
8.67
6.67
15.33
-0.33
8.67
6.67
13.33
5.67
4.0
12.67
18.33
8.0
2.0
21.67
14.67
4.0
14.67
20.33
13.0
5.67
16.0
5.33
1.67
-2.0
6.67
5.33
13.33
7.0
11.67
11.0
17.67
7.33
2.0
3.0
9.67
2.33
13.0
9.67
5.67
15.67
5.67
-5.33
10.67
-1.67
22.67
-2.33
13.67
9.0
2.67
-0.33
-1.67
17.67
12.67
8.0
6.33
10.0
-8.0
-0.33
0.67
11.33
0.33
8.0
17.67
8.0
4.67
2.33
6.0
8.0
8.0
-6.0
12.33
11.33
12.0
-5.0
0.0
14.33
9.0
5.0
0.0
10.67
12.67
-1.33
-17.33
4.33
3.33
-1.67
-3.33
3.0
8.67
1.33
1.0
-0.67
1.33
3.0
12.67
9.67
-6.0
-9.0
10.67
-9.33
-0.67
8.67
4.67
2.0
5.67
13.67
2.67
-7.0
4.33
10.67
-0.33
10.0
23.67
13.33
13.67
-16.0
1.0
18.0
-3.67
2.33
-6.67
8.33
14.67
4.0
4.67
4.0
10.0
12.33
0.33
6.33
13.0
1.33
4.67
3.67
12.33
5.33
11.0
-1.0
14.67
1.67
-4.0
-1.33
6.67
-1.67
9.67
15.33
6.0
-1.33
17.0
0.0
8.0
5.67
4.0
13.67
8.0
5.0
14.33
11.0
-2.0
-3.33
1.67
16.33
4.67
7.0
-10.33
8.0
6.33
6.67
-0.67
14.33
-4.67
-10.67
-7.0
-2.0
-5.67
4.67
0.0
10.33
9.67
5.0
0.33
8.0
-2.33
-11.0
10.67
2.33
-1.33
1.67
3.67
7.67
2.33
9.0
11.0
-2.67
20.0
5.33
12.33
18.33
-2.33
-11.0
16.33
2.67
3.67
22.33
8.33
16.0
4.0
20.0
10.33
-1.0
15.67
10.33
11.0
2.33
6.33
5.33
5.33
2.33
-4.0
12.33
21.67
9.33
-8.67
17.0
4.33
-11.33
3.67
3.0
11.0
2.0
1.33
2.67
-2.0
-1.33
11.0
2.33
0.67
-7.33
6.33
0.33
6.67
4.67
-5.33
12.0
4.0
8.33
0.0
-3.0
-4.0
3.0
-5.33
4.33
-3.67
-6.0
2.33
-4.67
6.33
8.33
6.33
4.33
2.67
14.67
-3.0
8.67
0.0
1.33
6.67
0.33
-5.33
3.33
-0.33
-5.67
0.0
-2.0
3.33
3.33
4.67
8.0
0.67
-0.33
-2.0
-2.0
2.67
-1.0
2.67
-5.33
1.33
2.33
5.67
11.33
-0.33
0.67
4.67
5.33
4.0
-5.33
-6.33
14.67
-14.33
-3.0
-3.33
16.33
11.0
8.67
2.67
0.0
-1.67
2.33
-3.67
-4.67
-3.67
-3.33
2.0
5.33
1.67
-2.33
-1.0
-3.33
5.0
-7.0
-1.33
-6.33
2.67
-1.0
-1.33
6.33
-4.0
-6.33
2.67
-0.67
3.0
1.33
1.0
12.33
-0.33
8.67
0.0
7.0
-4.0
7.67
9.67
4.0
8.0
5.67
4.67
6.33
5.0
5.33
3.33
9.67
-2.33
7.33
4.0
5.67
4.33
-1.67
-2.67
-4.0
16.33
5.33
4.33
3.33
7.33
11.67
16.67
10.33
2.33
9.67
1.67
12.67
15.0
3.0
4.0
6.0
-0.67
0.67
5.67
0.33
-0.33
4.67
-8.0
-2.67
-5.0
1.33
-3.67
5.33
5.0
7.33
-3.0
3.0
-1.0
-4.67
1.0
-1.33
-10.33
-2.67
7.67
1.67
3.0
3.33
0.33
1.33
1.67
1.33
-0.33
2.33
-6.0
2.67
5.33
-7.67
-2.0
4.67
9.33
4.33
3.0
2.33
-6.67
-1.33
-1.0
-5.67
0.33
-2.0
-7.0
4.67
1.67
3.67
7.0
-6.0
0.67
5.33
0.67
-8.67
11.67
4.33
-4.0
-5.33
-9.33
-4.0
-7.67
0.33
-0.33
-2.33
-4.33
-4.0
-3.67
4.0
5.33
-0.67
-2.33
-4.67
-3.0
-9.33
8.0
-5.0
2.33
-2.67
0.0
5.0
-4.67
-1.67
0.67
-7.0
-4.67
-2.67
0.67
-1.0
-0.33
-7.33
-5.0
-4.33
1.33
-3.33
4.0
-2.0
6.0
-3.33
-0.33
-5.33
2.33
-3.0
-5.33
-2.67
7.33
8.33
3.0
2.0
0.67
9.0
-1.33
-4.67
2.33
-5.67
-8.0
-3.0
-2.33
1.67
4.33
0.0
5.67
6.0
4.67
4.0
6.0
-1.0
-0.33
-0.67
5.33
8.0
-1.67
11.0
5.67
12.67
5.67
3.0
3.0
8.67
0.33
3.67
5.67
6.67
4.0
2.0
6.33
6.67
-4.33
-4.33
6.0
2.0
9.0
0.33
2.67
0.33
1.67
-4.33
-2.33
0.0
1.33
-4.33
-4.0
1.0
0.0
9.0
-0.67
-1.67
-1.33
1.33
3.33
0.67
-3.33
5.67
0.0
-7.0
-4.33
0.67
-7.0
1.33
-1.33
-11.0
4.0
1.67
3.67
0.0
-1.0
-1.33
5.67
2.33
-0.33
-5.0
-2.67
-0.67
-1.0
-1.33
2.67
-3.67
-4.67
-2.67
-0.33
6.0
1.33
3.0
-4.67
-1.0
1.67
1.33
4.67
-2.67
-2.33
0.33
4.67
-0.33
-5.0
2.67
7.0
2.67
1.67
-2.0
6.67
-5.33
1.33
4.33
6.0
6.33
8.0
-2.67
11.67
1.33
-1.33
0.0
-2.0
0.67
-2.67
-1.33
1.0
1.0
0.67
-0.33
-1.33
7.0
-1.33
4.33
-0.67
-1.0
-5.67
3.67
3.67
-1.0
-2.33
1.67
-3.0
0.0
1.0
-0.67
3.0
3.0
2.67
2.67
-1.33
-0.67
0.33
-1.33
3.33
3.67
4.0
-7.0
6.67
-2.0
3.33
1.0
-1.0
-0.67
-2.0
-4.67
-0.67
