0.0
109.0
5.0
1.67
95.67
20.67
79.67
60.67
21.67
11.67
20.67
-24.33
-0.67
2.67
-20.33
24.33
-12.33
-29.0
-31.33
10.33
-35.0
-9.0
-20.67
-17.0
-7.67
0.33
10.33
-5.33
-7.33
8.67
5.0
6.0
-3.0
0.0
-2.0
7.33
-1.67
0.33
-2.0
-0.33
0.33
-1.33
0.67
0.67
-1.0
-1.0
0.0
2.0
0.0
-0.67
-0.33
0.67
0.67
1.0
1.0
-1.0
0.0
-0.67
0.67
-0.33
0.0
-0.67
0.0
0.0
-1.0
-0.33
0.0
1.0
0.0
-0.33
-0.33
-0.67
-1.0
2.33
-0.67
0.0
0.67
2.67
-1.0
3.0
-0.33
0.0
1.0
0.0
-1.0
0.33
0.67
1.33
0.33
-0.33
-1.33
2.0
-0.33
2.0
-0.33
-1.0
1.0
0.33
1.0
-1.0
-0.33
2.33
0.67
1.0
0.33
0.0
-0.67
-1.33
2.33
-1.67
0.67
0.67
1.67
-1.67
0.67
6.0
0.67
-2.33
-2.33
0.67
-2.33
8.67
-0.33
5.33
0.0
-2.0
0.0
0.33
7.67
-2.33
3.67
-3.33
2.67
-4.0
4.33
0.33
9.33
-1.33
2.0
5.67
-3.0
4.33
4.33
9.67
4.67
-0.67
0.0
-4.67
10.0
2.0
8.0
8.67
1.33
3.0
-1.67
-3.67
10.67
7.0
0.67
-1.67
3.67
5.33
0.67
3.0
0.0
1.0
1.33
-1.67
7.0
5.67
-0.67
-0.33
10.33
2.0
8.67
0.0
10.0
5.33
2.0
-1.67
0.33
6.67
4.67
1.67
1.33
-3.33
1.0
2.67
4.67
1.67
7.0
4.33
0.33
-3.0
-3.0
8.67
-0.33
2.0
1.67
-1.33
-3.67
2.67
2.33
5.0
4.0
1.33
-1.67
1.0
0.33
12.33
-4.33
4.67
9.67
2.67
3.33
-4.0
3.33
4.67
-7.67
3.33
3.33
3.67
0.33
4.33
1.67
0.67
1.33
3.67
0.67
-0.67
-1.0
-3.33
3.33
7.67
3.0
10.33
7.0
-0.33
10.33
7.33
4.33
3.67
14.0
-0.33
1.33
1.67
3.67
1.0
7.67
-8.0
-4.0
6.67
2.67
1.67
6.67
2.67
-1.67
2.0
1.67
-4.0
5.33
3.67
0.0
8.33
-2.67
-0.67
1.67
-4.33
3.0
1.67
4.33
2.67
6.0
4.0
-6.0
7.0
0.67
-1.67
-1.33
-0.67
2.0
-6.0
7.33
-0.33
0.33
2.0
3.67
2.33
-0.33
2.0
0.33
-1.67
4.33
-3.0
0.0
-2.67
-0.67
3.33
-0.33
-1.67
1.33
3.33
-1.67
4.0
-1.33
1.0
8.0
7.33
4.0
3.33
6.0
1.0
1.0
0.33
7.67
0.0
3.33
3.67
-1.33
6.67
0.33
-1.33
1.0
-2.67
1.67
4.33
11.0
2.67
0.67
-1.67
4.33
9.0
0.33
5.0
7.67
3.0
0.33
5.67
1.67
-2.0
-3.0
2.0
1.33
4.33
-4.33
10.33
-1.67
2.33
0.33
3.67
9.33
-2.67
-4.33
-1.33
-1.67
0.33
2.33
-1.0
1.0
0.67
-1.0
1.67
-2.0
0.33
0.0
0.67
9.67
-1.33
6.33
3.33
-0.67
-1.0
-0.67
-1.67
0.33
5.67
5.0
-0.67
3.33
3.67
-3.0
6.0
2.0
-0.33
-1.67
1.0
-0.33
2.0
-2.33
3.33
3.67
0.67
5.33
0.67
1.0
1.67
4.0
1.0
1.67
1.67
-3.67
0.0
-1.0
6.0
-1.67
3.33
4.67
-1.0
-2.33
0.33
-3.33
2.67
-2.67
1.67
6.33
2.67
6.33
1.33
4.0
3.33
5.0
-0.33
-1.33
2.67
-3.33
2.0
6.67
-4.67
8.33
-1.67
2.67
-1.0
0.33
4.33
3.33
-1.33
3.33
-0.33
-0.33
4.67
0.0
9.67
1.0
-2.0
-2.33
2.33
-2.0
-2.67
-1.67
-3.0
0.33
4.0
-3.33
10.33
-2.0
1.0
6.0
-1.33
3.67
4.0
2.67
-1.33
5.0
4.33
2.67
4.33
2.33
6.0
-0.67
3.0
-1.0
2.0
2.33
0.0
3.0
-2.67
9.33
1.67
4.0
-0.33
3.0
-0.67
1.0
-1.67
-0.33
4.67
-0.67
-3.67
3.0
-1.67
-1.67
0.0
1.0
0.0
-1.67
3.33
4.0
-3.0
-2.67
3.67
2.33
2.0
-3.0
1.33
-3.67
0.33
2.67
-3.67
1.0
-1.0
-2.67
-2.0
0.33
0.33
-1.33
1.0
-1.67
-0.67
1.33
0.33
2.67
-0.67
-2.33
-2.0
3.0
2.0
0.0
3.0
1.33
-1.0
-1.33
-5.33
-5.67
-0.33
5.33
0.0
0.67
-1.67
-0.67
6.33
-1.33
6.0
-4.67
-4.0
1.33
-2.67
0.33
2.33
2.33
2.33
1.33
3.67
-0.67
3.33
2.67
4.0
-2.67
-2.0
0.0
0.67
2.33
4.0
-6.67
-0.67
1.67
-2.0
8.33
8.0
3.67
0.33
-1.33
0.67
1.0
2.67
3.33
-1.33
-1.67
-4.0
1.67
4.67
0.33
-0.33
1.33
0.0
-2.33
5.33
0.33
-1.0
1.0
3.0
3.67
2.67
1.0
1.0
-3.67
0.33
1.0
1.67
2.67
-0.33
7.0
4.0
0.33
-2.33
-3.67
0.33
-0.33
1.0
5.33
3.0
2.0
-3.33
7.67
-0.67
6.0
-2.33
1.33
-4.33
2.0
0.67
0.33
-2.0
0.33
-0.33
-4.0
3.33
-0.67
0.0
-0.67
-3.33
-1.67
-2.0
-2.0
-1.0
-0.67
-2.33
1.67
4.0
-2.0
-1.67
-2.0
-2.67
-5.33
1.0
4.33
-5.67
3.67
-2.0
-6.33
0.33
-3.67
-2.33
-2.0
-1.33
0.33
1.67
-1.67
2.0
1.0
-1.67
2.0
0.0
-1.67
4.0
-1.33
-3.33
-5.0
-5.0
-3.33
1.0
-0.33
-1.33
-3.67
-3.33
-4.33
-2.67
-6.67
0.0
0.33
-7.33
-3.67
-0.67
-2.67
-3.67
-3.0
-4.0
-2.67
-5.0
1.0
-4.33
-3.0
-7.67
-0.67
0.33
-3.0
-1.67
-3.0
4.67
-3.33
-0.33
-6.0
1.67
-3.0
-4.67
-1.0
-2.33
-6.0
-5.33
0.67
-10.0
-3.67
-2.67
-2.67
-5.33
-7.67
-6.33
-1.67
-0.33
-0.33
-0.67
-7.33
-2.67
1.67
-5.67
-0.67
-3.33
-1.33
-6.67
-6.33
-2.67
-1.67
-2.33
-4.0
-6.33
-3.0
-9.33
-4.0
-2.67
-6.0
1.0
-1.0
-4.67
-10.67
-5.33
-2.67
-5.33
-2.33
-8.0
-4.67
-4.67
-4.0
-0.67
-4.33
-4.0
-0.67
-4.67
-6.0
-7.33
-12.33
-8.0
-5.0
-0.33
-3.33
-6.67
-10.0
-4.33
-10.0
-7.67
-0.67
-5.33
1.0
-7.0
1.0
-6.0
-5.0
-4.0
-1.0
-11.0
2.67
-4.67
-5.0
2.67
-4.67
-5.33
2.33
-7.67
-2.67
1.33
-8.0
-10.0
2.0
-8.0
-0.67
0.0
-4.33
-3.0
-1.67
4.67
-1.67
3.67
-3.33
1.33
16.33
9.67
12.33
16.67
9.67
15.0
10.33
20.33
18.67
15.33
25.33
22.67
30.0
27.33
23.33
20.33
12.67
25.0
13.33
14.0
15.0
11.0
0.33
8.33
-2.0
14.0
0.67
-2.33
-3.0
4.67
3.0
-0.33
1.67
4.0
-5.67
-1.0
-5.33
-1.0
6.67
4.33
-6.67
-0.67
-4.0
-4.0
-0.33
-9.67
-7.67
1.0
-6.33
-4.33
-2.0
-10.67
-6.33
-0.67
-1.67
-4.67
-1.67
4.0
-8.67
1.67
-5.67
-7.0
4.0
-5.67
1.33
-9.0
-1.33
-7.0
-7.0
-4.67
-2.67
-3.33
-8.0
-5.33
-1.33
-9.0
-7.33
-12.33
-6.33
-6.0
1.0
-9.0
-12.33
-2.0
-10.0
-6.67
-10.33
-3.33
-7.0
-1.33
2.33
-5.33
-4.33
-7.33
-8.67
3.33
-3.67
-6.0
-9.0
0.67
-1.0
-6.0
-10.0
-7.67
-1.0
-5.67
-5.0
-1.67
-0.67
0.33
-4.67
3.33
-2.33
-6.33
-4.0
-2.0
-1.33
-8.33
-9.33
-10.33
-0.67
-6.67
-3.67
-5.67
-3.67
-4.33
-7.33
-4.0
-10.33
1.0
-5.67
-4.33
-7.67
-7.67
-8.0
-14.67
-5.67
2.33
-7.33
-2.0
-10.0
-6.0
-11.33
1.0
-9.0
-8.33
-12.0
-2.33
-7.0
-3.0
-10.67
-6.67
-2.33
7.67
-8.67
-8.33
-8.33
-9.0
-5.67
-2.0
-8.0
-7.33
-8.33
-7.33
-7.67
-12.33
-2.67
-8.0
-7.67
-15.0
1.0
-4.67
5.67
-8.67
0.67
5.0
-1.0
5.33
0.33
-1.67
-5.0
-14.0
-9.67
-8.67
-10.0
-6.67
-10.33
-8.33
-10.33
-1.0
-6.0
-10.0
-9.0
-1.67
-7.33
-4.33
-14.0
-8.33
-5.67
-10.67
-6.33
-9.0
-5.33
-8.0
-10.0
-3.67
-10.67
-6.33
-11.33
-1.67
1.67
-4.33
-4.67
-2.33
0.33
7.67
-7.0
-1.0
-6.67
2.33
4.67
-0.67
13.33
1.33
7.0
13.33
1.67
6.67
16.33
1.67
11.67
21.0
14.0
4.33
8.33
9.0
15.33
15.0
13.33
8.33
2.67
8.67
8.0
0.67
7.0
-8.0
7.33
13.0
0.0
-0.33
-1.33
8.0
9.33
0.33
1.0
-0.67
-3.0
-1.0
-8.33
-8.33
-3.33
6.0
-4.33
2.0
-7.0
-1.67
-4.0
0.67
0.33
6.67
-4.67
4.0
-4.0
2.33
-0.33
9.67
-1.0
-3.67
1.67
2.33
-7.33
12.33
-8.33
4.33
-5.33
10.67
-1.33
6.67
3.33
3.0
3.67
0.0
3.33
-9.33
-1.67
-3.33
-6.67
6.33
-0.67
2.67
1.67
1.33
13.33
3.67
-4.0
-2.0
5.0
-1.67
-3.33
-6.67
2.33
3.0
6.67
7.33
-2.0
0.0
7.67
1.67
-1.67
4.0
0.33
3.0
-4.33
8.33
10.0
-1.67
-0.67
-0.33
1.33
1.0
5.67
6.33
5.33
-2.33
5.67
9.33
8.33
-2.0
7.33
9.0
1.33
-0.33
19.33
2.67
4.67
2.67
5.67
7.33
3.67
10.67
5.0
4.67
8.0
6.0
1.67
2.0
1.0
4.0
5.0
13.67
6.33
-6.0
7.33
-2.33
4.0
2.0
-1.67
14.67
-0.67
-0.67
14.33
1.67
-3.0
2.67
-2.67
-1.33
-3.33
1.67
7.0
4.67
12.67
-0.67
22.0
10.67
4.33
-2.0
19.67
7.33
6.67
12.33
-2.0
-0.33
3.67
9.67
4.0
4.33
6.0
5.33
-2.67
14.0
-0.67
10.67
10.0
-2.0
1.33
5.0
10.0
-0.67
1.67
2.0
10.33
14.0
-1.67
8.67
5.33
-2.67
4.67
2.33
15.67
-3.0
4.33
15.33
0.0
5.33
5.0
6.67
-1.0
10.33
7.33
10.0
14.0
9.33
2.0
6.33
21.0
10.0
5.0
10.33
16.0
0.33
2.67
8.33
5.67
-0.67
10.33
-4.33
4.67
15.67
9.67
0.0
1.0
9.67
7.33
2.0
12.33
3.0
3.33
12.67
5.67
1.67
9.67
8.0
4.0
9.33
14.0
10.0
3.67
10.33
17.33
6.67
3.33
8.33
6.33
-1.0
5.0
9.33
11.67
3.67
14.67
17.0
17.67
15.67
19.0
20.67
14.67
20.0
13.67
22.33
16.0
17.33
1.0
15.0
10.67
18.33
22.33
23.33
34.33
19.67
39.67
24.0
37.33
41.0
50.0
37.33
50.67
54.67
66.67
83.33
61.0
79.0
62.67
69.67
78.0
73.67
86.33
88.33
82.67
54.33
70.0
78.0
79.33
71.67
56.67
46.0
48.0
36.33
41.67
48.67
46.33
29.67
35.0
20.67
30.33
22.0
10.67
13.67
6.0
15.33
11.0
6.33
15.67
0.33
19.33
10.0
6.0
2.33
11.33
3.33
1.67
6.67
7.67
13.67
5.33
5.33
5.67
-2.0
2.0
10.67
10.67
4.0
5.67
9.0
3.33
1.67
15.0
10.33
12.67
9.0
5.0
0.0
13.33
-0.33
2.33
-3.33
7.33
8.0
15.0
10.67
7.67
1.0
-8.0
7.33
0.67
5.67
10.0
0.0
18.33
8.33
7.67
8.0
5.33
16.67
1.0
3.67
6.67
15.33
13.67
10.67
9.67
13.33
5.67
-6.0
18.67
18.33
2.0
9.0
4.67
8.67
10.0
13.67
12.33
11.0
7.67
2.0
8.33
6.67
7.0
5.67
7.33
12.33
3.0
16.67
11.0
18.67
-1.67
9.0
0.0
-2.33
6.33
15.0
2.67
4.67
4.67
16.67
-3.33
-0.33
2.33
10.67
11.67
10.67
-6.0
11.67
6.67
15.33
4.67
13.67
16.0
20.33
-4.0
13.0
4.67
-0.33
9.33
-0.67
-1.0
4.67
7.0
6.67
7.33
9.0
0.0
11.0
-1.0
17.33
11.33
0.0
7.0
-6.0
5.33
17.0
-3.0
7.0
1.67
2.67
-15.33
-3.33
13.33
2.33
17.33
-5.33
13.0
7.67
15.33
8.0
0.33
6.33
1.0
-7.33
-0.33
8.0
9.0
7.67
10.67
10.33
17.67
4.67
6.0
18.67
9.67
12.67
11.0
32.33
21.67
12.67
23.0
16.67
8.33
10.67
7.0
24.0
24.0
21.33
36.33
12.33
14.33
39.67
20.0
25.67
31.0
17.0
42.33
26.33
37.33
36.0
17.33
29.67
15.67
33.33
24.33
6.0
19.0
5.67
10.67
11.0
4.67
22.67
15.33
23.67
4.33
11.0
15.67
9.0
-2.0
7.0
-4.33
4.0
4.67
7.0
5.0
1.33
-2.0
2.0
11.67
4.67
10.33
1.67
11.0
-11.33
2.0
10.33
-6.33
0.33
4.33
-15.67
1.33
11.0
0.0
6.33
15.67
15.0
7.33
8.67
13.0
-1.67
10.0
-3.33
-5.0
13.67
-6.67
9.67
7.67
1.67
9.67
4.33
-11.0
2.0
2.33
19.0
-3.67
4.33
18.33
0.67
4.0
15.33
0.67
4.67
3.33
1.33
6.0
4.0
9.0
10.33
-5.0
5.67
6.33
15.0
9.33
1.33
7.33
12.33
12.33
5.0
-0.67
10.67
15.33
0.33
1.0
-0.67
-0.33
4.67
11.0
12.0
3.0
-3.67
-6.33
6.0
15.67
3.0
-3.67
4.67
-6.33
8.33
6.33
14.67
7.67
2.67
14.0
7.0
6.33
1.0
5.0
10.0
4.0
4.67
3.33
6.33
-5.0
0.33
1.33
5.33
3.33
5.33
7.33
-1.33
13.67
2.0
13.67
1.0
-0.67
-0.33
-8.67
-2.33
8.33
-4.33
3.33
6.0
4.0
10.33
2.33
2.67
4.0
-2.33
4.67
-1.0
1.0
-3.33
-7.0
3.67
9.67
15.33
-4.67
10.67
5.33
-2.33
5.67
13.67
-0.67
-1.0
0.67
-9.33
-2.33
0.67
0.0
-4.33
0.33
3.0
4.67
-0.33
1.0
4.33
-5.67
0.33
2.33
12.33
1.67
1.0
-4.67
18.67
-11.33
-3.0
1.67
1.0
8.0
-3.33
4.67
2.67
5.0
8.67
9.33
10.0
5.67
8.67
9.33
1.0
-2.67
-1.0
11.33
3.67
3.67
0.0
10.0
2.0
-2.33
7.67
2.0
6.0
6.67
4.67
-2.67
2.0
7.33
1.33
-8.33
2.67
-5.67
3.0
6.67
0.33
5.33
6.33
17.0
9.33
8.33
3.33
16.33
-2.67
5.67
7.67
1.33
-0.67
13.67
1.67
1.67
1.0
-3.0
-4.0
5.0
-1.67
-7.33
6.67
-4.67
12.67
-0.33
1.0
5.33
3.0
7.33
6.33
2.33
0.0
4.33
3.0
2.0
6.0
-5.67
-6.0
1.67
3.67
2.33
2.67
7.67
-1.0
-1.67
4.33
2.33
8.67
9.33
0.67
1.33
4.0
5.67
-4.67
1.33
-5.0
6.67
-1.67
4.33
4.0
0.33
7.33
-0.33
5.0
3.33
0.33
-2.0
6.0
2.67
8.67
3.67
-5.0
1.0
9.67
3.33
1.67
0.33
-3.33
-0.67
-6.0
-0.33
2.67
0.0
8.33
-3.67
-1.33
10.67
4.67
3.0
-0.67
-4.0
5.33
0.33
-1.33
-0.67
-7.0
-3.33
11.0
2.0
6.33
-5.67
5.0
3.0
0.33
-6.67
2.67
-4.0
-0.67
1.33
-0.33
0.0
1.67
-4.33
0.0
-4.33
-0.67
0.67
-1.0
-7.0
6.0
7.67
-3.33
1.67
3.33
-1.0
-4.33
-8.67
8.33
0.33
-1.0
1.0
-5.33
1.0
1.67
-0.67
3.33
-7.67
-1.0
-3.0
4.67
-6.33
6.33
1.0
8.67
4.0
-2.33
1.0
9.0
4.0
8.67
0.33
4.33
7.0
-3.67
7.0
5.67
0.67
4.67
7.0
5.0
1.67
2.33
7.67
1.67
2.67
2.0
2.0
6.33
2.67
1.67
-4.33
10.0
5.0
0.0
5.33
-0.33
-0.67
4.67
1.67
-4.33
5.0
4.33
4.67
2.0
0.0
3.0
-1.0
5.33
3.33
-1.33
4.33
2.33
0.67
-0.33
9.67
5.0
-6.0
-6.33
-1.33
2.0
-3.67
3.67
0.0
0.0
1.67
-5.33
2.0
1.0
8.67
1.67
7.33
-2.33
0.0
9.33
-4.67
4.0
1.67
5.67
0.33
3.33
3.33
3.67
1.0
-0.67
3.0
0.33
5.0
0.67
5.33
5.67
8.33
-0.33
-2.67
0.67
-2.33
4.0
1.67
-2.0
0.67
1.67
4.0
-2.33
-4.33
4.33
-0.67
7.0
0.33
2.0
3.33
5.67
9.33
-2.33
7.0
1.0
-2.33
-0.67
-6.33
0.0
-1.0
-3.33
7.67
-1.33
5.0
-5.33
1.33
-2.67
0.0
1.33
-0.33
6.67
0.0
2.67
-4.33
0.0
0.0
4.0
8.33
2.0
3.0
1.67
2.67
9.67
1.33
0.33
7.67
6.33
-0.33
0.0
-2.0
-1.33
1.0
-1.67
-1.0
6.0
-2.67
4.0
1.33
-2.67
