0.0
64.0
3.0
-32.33
78.67
-11.33
95.67
61.67
75.67
136.67
97.67
127.67
40.33
8.67
55.67
87.33
39.67
-1.0
-9.33
20.33
12.0
1.0
7.33
16.0
18.33
-2.67
18.33
-0.33
-4.33
3.67
1.0
3.0
4.0
0.0
-3.0
6.33
-0.67
-1.67
0.0
-1.33
0.33
-0.33
-0.33
2.67
-1.0
0.0
1.0
0.0
0.0
-0.67
-0.33
-0.33
-0.33
1.0
0.0
-1.0
1.0
-0.67
-0.33
0.67
1.0
-0.67
1.0
2.0
-1.0
0.67
1.0
1.0
2.0
-0.33
-0.33
-0.67
0.0
-0.67
0.33
2.0
1.67
0.67
-1.0
0.0
1.67
1.0
0.0
0.0
-1.0
-0.67
-0.33
-0.67
-0.67
-0.33
0.67
1.0
0.67
0.0
1.67
0.0
2.0
-0.67
-1.0
-2.0
1.67
-0.67
-1.33
1.0
-2.67
1.0
-0.67
1.67
0.33
0.33
-0.33
1.67
1.67
2.33
0.67
2.0
-2.33
0.67
0.67
-2.33
-2.33
2.67
1.67
0.33
-5.0
2.0
-1.0
-1.67
2.67
1.67
2.67
-2.33
1.67
0.0
4.33
1.33
-1.67
0.67
0.0
1.67
-1.0
0.33
7.33
4.67
-0.33
7.33
2.0
-2.67
-2.0
2.0
6.0
7.67
3.33
-8.0
4.33
2.33
0.67
2.0
-2.33
-1.67
0.67
-2.67
-2.33
0.0
1.0
0.0
-6.67
3.33
1.0
-3.33
2.33
-0.33
2.33
-3.0
1.67
9.0
0.0
0.33
6.0
-1.67
-8.67
0.67
-0.33
-4.33
-1.67
1.67
3.0
1.67
2.67
-0.33
-1.0
-1.67
-2.67
3.0
-6.0
4.67
-3.33
5.0
0.67
-2.33
-7.67
3.67
-0.67
2.0
6.0
-0.67
7.33
1.0
-0.67
3.33
-7.33
1.67
1.67
9.67
-0.67
3.0
4.33
-2.33
3.33
4.33
4.33
1.67
2.33
13.33
0.67
0.67
-0.67
-0.33
3.67
9.33
6.0
-0.33
3.33
-1.33
9.0
-1.67
0.0
-1.33
3.33
9.33
-0.67
-0.33
-3.0
4.67
2.33
4.67
7.67
1.0
-7.33
9.0
0.0
-1.33
2.67
3.67
3.67
-0.33
2.33
7.0
-0.33
3.0
2.33
3.67
7.0
13.33
8.33
6.33
3.67
-2.33
10.0
9.67
-1.67
3.67
4.0
1.0
-7.0
6.0
1.67
4.33
1.67
0.33
1.0
-4.0
7.33
-0.33
7.33
-2.0
3.67
-2.67
5.67
2.0
-0.67
0.33
2.33
4.0
5.0
4.33
2.33
-1.67
4.67
-6.67
2.33
2.33
5.33
3.0
3.67
12.0
2.0
-0.67
5.0
-1.67
5.0
-5.0
-3.0
-0.67
9.67
3.0
-4.67
3.67
-2.33
-0.33
0.33
-1.33
0.0
0.33
0.67
5.33
7.0
3.67
-0.33
0.33
5.33
0.0
5.33
1.0
-0.33
-4.0
-2.67
3.67
3.67
-1.0
0.0
1.0
2.33
-0.67
0.67
9.33
-3.67
4.33
0.33
-0.33
0.33
-1.67
-5.33
3.67
1.33
-2.67
5.33
0.0
5.0
0.67
8.0
-0.33
-5.0
-2.67
4.0
-2.33
-0.33
-3.33
10.33
1.33
2.33
-8.0
-1.67
1.33
2.33
4.67
8.0
6.33
7.33
1.67
-4.0
5.0
7.0
1.67
-0.67
-5.0
1.67
7.0
0.67
6.33
0.67
-5.33
1.33
4.67
-4.0
1.67
1.0
2.0
3.67
6.67
-5.67
1.0
3.0
0.0
-0.67
-3.67
0.67
-1.0
-1.33
2.33
1.67
3.67
0.33
6.67
11.33
3.67
7.33
2.33
0.0
-0.67
1.0
5.67
1.67
3.67
-1.33
2.0
11.67
-0.67
2.33
3.33
1.67
2.0
4.33
3.33
1.33
-2.33
5.33
5.67
1.67
2.67
-1.0
2.67
0.0
-2.0
0.67
-2.67
0.0
5.33
11.33
-2.0
-0.67
3.0
3.67
2.33
-3.0
3.0
6.0
4.67
1.67
0.0
3.67
-3.33
8.0
-4.67
3.67
3.33
-0.67
3.0
-1.67
0.0
0.0
-2.0
1.33
7.0
3.0
-2.67
1.33
2.67
1.0
-1.33
6.0
1.33
1.0
1.33
-0.33
-4.33
-5.67
1.33
-3.0
-0.67
0.33
5.0
1.0
1.0
3.33
0.33
3.0
-1.0
-0.67
-0.33
7.33
-5.0
-2.0
-0.67
0.33
0.33
2.67
-1.67
4.0
-2.0
-1.67
-3.0
3.33
-3.67
1.67
-3.0
1.33
3.33
0.33
2.33
-0.33
-2.67
0.67
-4.0
4.0
0.0
11.0
1.0
-0.67
-4.0
-0.33
-4.33
-3.67
4.67
-0.67
0.0
-0.33
-4.67
-2.67
0.33
-0.33
4.0
-1.67
-5.0
-1.67
1.33
8.33
2.33
-0.67
2.33
1.33
-0.33
-0.67
1.33
0.67
-1.0
2.33
-5.0
-4.0
-0.33
4.33
1.0
-2.67
5.33
5.67
2.0
6.33
-5.0
3.67
-3.67
-2.33
-1.33
0.0
0.67
-5.67
-0.33
0.33
1.0
-1.33
-0.33
0.33
-4.33
-1.67
0.0
-0.33
5.33
-3.67
-3.0
-3.0
2.0
1.67
0.67
-4.0
0.0
-0.67
0.33
-3.0
-1.33
8.67
-2.33
4.0
-1.0
2.33
-4.33
-1.67
-2.67
-3.33
-1.0
2.33
-1.0
1.0
-5.33
7.67
4.33
3.0
-0.33
2.33
-4.33
3.0
1.67
3.33
1.0
-0.67
0.67
2.0
2.33
6.33
2.0
-1.67
-1.33
-1.67
1.0
-4.0
1.0
5.33
0.67
-1.33
0.0
-2.0
-0.67
3.0
-3.67
-0.33
-4.0
-2.67
-2.67
-2.33
1.0
-2.33
-0.67
4.33
-2.33
-3.0
3.67
-1.67
-0.33
-5.67
-1.0
5.0
2.33
0.0
0.0
-3.67
5.0
-2.33
-5.33
-7.0
-4.0
-0.33
3.0
-0.33
0.67
0.33
-2.33
-3.33
2.33
-4.67
-2.0
-1.67
-7.33
-6.67
-1.67
0.33
2.33
-1.0
-2.0
-3.67
1.0
-2.0
-3.33
-1.0
-6.67
2.33
-1.67
-1.0
-6.67
-3.0
0.67
-5.33
-4.33
-4.0
1.67
-4.0
-3.67
3.0
-1.33
-1.0
1.67
-4.33
-2.0
-2.67
-3.67
-0.67
-4.33
-4.67
-1.33
-1.67
-6.33
1.67
-1.67
1.67
0.33
0.67
-6.67
-4.67
-6.33
1.67
-5.67
-3.33
-2.67
-0.67
-4.33
-2.0
-6.33
-11.0
-10.33
-3.0
-2.67
-9.0
-1.0
-10.0
0.33
-8.67
-3.33
-1.67
-6.33
-8.33
-2.0
-7.67
-1.67
-4.0
-1.67
-2.33
0.0
-4.67
-1.67
-4.0
-4.33
-4.33
-7.0
-5.0
-7.33
4.67
-6.67
-9.0
-4.33
-8.0
-5.67
-6.67
-1.33
2.0
-5.0
-3.0
4.0
-8.0
-4.0
-6.0
-3.0
0.67
-5.67
-1.0
0.67
-9.67
-12.33
-1.67
-6.67
4.33
-6.67
-7.0
-4.0
-3.0
-6.0
-5.67
7.0
-5.33
4.0
-2.67
-0.33
4.33
3.67
5.67
-4.67
17.33
6.67
3.33
12.67
26.67
24.0
14.33
25.33
30.67
18.33
21.33
15.67
22.0
24.33
28.33
23.33
16.67
23.0
13.33
14.0
5.0
5.0
7.33
2.33
-1.0
3.0
5.67
2.67
-4.0
-0.33
0.0
0.67
-4.33
1.0
-0.67
-1.0
1.67
-1.0
-5.33
4.33
-4.67
-0.67
-1.0
-5.0
-1.33
4.33
-11.67
-6.0
-4.33
0.67
1.0
-8.67
-10.33
-0.67
8.33
-11.67
-3.67
-3.0
-5.67
-8.33
1.33
-6.0
-1.0
-13.67
2.33
-2.0
-16.33
-10.0
-6.0
0.33
-12.67
5.67
-7.0
-4.33
0.67
-2.0
0.67
-9.33
-4.33
-10.0
-8.0
-1.0
-9.33
-4.0
-12.0
3.33
-12.33
-6.33
-8.0
-11.33
-0.67
-3.33
-7.33
-0.33
-6.67
-1.67
-1.67
-2.0
-4.0
-4.33
-2.0
-12.0
-2.0
-6.67
-8.0
-2.67
-1.0
0.33
-4.67
-5.67
-13.67
-3.67
-0.33
-1.33
0.0
-6.0
-1.33
-1.33
-0.33
-8.33
-10.67
-14.67
-8.67
-10.67
-2.67
-7.33
-13.33
-9.0
-8.33
-5.0
-15.67
-0.33
-2.67
-5.67
-9.0
-2.67
-3.67
-2.67
-14.33
1.0
-3.0
-7.0
-17.33
-6.0
-11.0
-5.33
0.0
-5.33
-3.0
-2.0
-5.67
-4.67
1.67
5.67
1.33
-12.33
-5.33
-13.0
-6.67
-8.0
-2.0
-9.33
-1.33
-6.33
0.33
-11.33
-9.67
-10.0
-9.67
-10.0
-10.0
-6.67
1.67
-9.67
-1.33
1.0
-6.0
-5.67
-2.67
-8.67
-3.0
-5.0
-7.67
-4.67
-1.0
-11.67
-17.33
-1.33
-5.33
3.0
-2.0
-6.0
4.0
-5.67
-5.33
-8.33
-13.0
-12.33
-8.67
-8.67
1.67
-1.0
-11.33
-1.0
-10.0
-2.67
-9.67
-2.33
-2.33
4.33
-6.33
-11.33
-2.67
-2.33
-2.67
7.67
-4.0
-1.0
1.33
3.33
-7.33
5.33
0.33
2.33
3.0
8.33
9.67
8.67
5.33
11.67
4.67
6.0
14.0
13.33
18.33
22.0
12.33
17.0
14.33
7.33
4.67
8.67
5.0
-0.33
-1.0
0.0
-1.67
6.0
3.0
12.67
5.67
3.0
-7.67
-2.67
1.0
-5.67
3.0
-2.0
-0.33
7.67
-2.33
-3.0
-0.33
2.0
6.0
-0.67
4.0
5.67
6.33
-0.33
-6.67
-7.0
0.0
-6.67
2.67
-3.33
3.0
6.33
-0.33
-1.67
-7.33
9.33
-0.33
9.33
1.67
1.67
11.67
3.67
-4.67
3.0
3.67
6.0
2.33
-3.33
3.33
-1.33
-4.67
-0.67
6.33
6.67
-0.33
4.33
-0.67
1.67
-1.0
2.0
5.0
-3.67
-7.33
-2.67
-1.67
0.0
-4.33
4.33
-2.0
0.0
6.67
0.67
8.33
0.0
2.33
9.0
-0.33
7.33
10.0
1.33
-1.67
6.67
7.33
3.0
7.67
2.33
-1.67
-0.33
6.67
7.33
7.33
4.0
-0.67
2.0
6.33
3.67
7.33
-0.33
8.67
5.67
5.67
10.33
5.67
-3.33
7.0
3.67
12.0
2.0
5.67
5.0
0.0
6.0
1.0
0.67
3.33
-3.0
2.33
0.67
-7.0
7.0
10.33
-4.33
8.33
1.33
1.33
9.67
0.0
10.67
2.33
3.67
-7.33
9.67
0.0
11.67
9.67
15.33
15.0
10.67
2.33
7.0
10.67
12.33
1.67
2.33
23.0
0.67
0.67
4.67
3.0
1.33
5.0
-4.67
0.33
7.0
0.33
11.67
8.0
-2.0
7.33
-1.0
14.0
2.33
1.67
3.0
7.33
9.0
4.33
12.67
-2.67
-4.67
13.67
-2.67
6.67
10.0
9.33
9.33
5.0
3.33
-3.0
11.67
6.0
0.33
14.33
11.0
4.0
4.33
-2.0
0.33
-1.0
3.0
7.0
5.33
6.0
-4.67
-7.33
-1.67
-3.33
6.33
4.33
-3.33
4.67
6.67
2.67
-3.0
-3.0
8.67
6.33
14.0
7.33
5.0
0.33
-5.33
1.67
2.67
6.67
7.0
6.0
2.33
7.0
14.0
7.67
11.33
9.33
6.67
12.33
3.33
7.33
14.0
5.0
15.33
-0.33
11.67
7.67
25.0
10.67
20.67
16.0
2.67
13.67
10.0
17.67
12.33
10.0
24.33
23.0
24.0
10.67
19.33
25.33
26.33
22.33
21.67
46.67
35.0
28.33
47.0
53.0
58.33
56.67
72.67
60.67
67.33
81.0
62.0
62.67
71.67
72.0
83.67
72.33
73.33
83.67
85.33
78.0
77.0
77.33
70.67
51.67
62.0
48.0
58.33
49.67
52.67
42.33
38.67
32.0
25.67
27.33
14.0
14.67
16.67
12.0
15.33
30.0
4.33
6.67
18.33
6.33
6.0
-9.0
7.33
11.33
-0.67
5.67
11.67
3.67
6.67
10.33
7.33
4.67
7.0
5.0
5.67
6.67
9.0
4.67
10.0
14.33
10.67
5.0
19.33
-2.33
3.0
14.0
7.0
8.33
8.67
-0.67
2.67
16.33
13.0
0.0
-0.33
2.67
7.0
-2.0
4.33
0.67
10.67
16.0
11.0
10.33
7.33
7.67
4.0
4.33
13.67
10.0
-5.33
4.67
11.33
12.67
3.67
0.67
14.33
14.67
11.0
5.67
17.33
5.0
16.0
7.67
-0.33
8.0
12.67
18.33
9.0
2.67
12.0
11.33
5.67
4.0
1.67
9.33
2.33
15.0
13.67
4.0
7.67
-10.67
7.0
8.0
17.67
20.33
12.0
7.67
15.67
0.67
17.67
9.67
2.67
9.33
10.67
3.67
7.67
7.0
8.67
5.67
19.33
2.67
10.67
13.0
1.33
10.0
8.0
20.67
0.67
16.33
10.33
9.0
11.67
24.0
2.67
4.33
16.0
11.0
6.0
6.0
10.33
6.33
5.0
3.0
11.0
9.33
21.0
6.0
5.0
4.67
0.67
17.67
-3.33
2.33
8.33
4.33
-4.33
2.0
5.67
8.33
-2.0
15.33
14.33
-5.0
0.67
7.67
2.0
4.0
-0.33
-5.33
9.33
16.67
8.67
2.0
16.67
18.67
11.67
27.0
10.33
21.67
4.67
31.0
27.67
4.33
46.67
7.0
10.0
33.0
20.33
20.33
27.33
27.33
29.67
31.0
26.67
24.0
22.0
38.33
23.33
18.33
25.0
28.33
18.67
25.67
22.33
20.33
22.0
19.0
22.67
29.67
26.0
6.67
11.67
6.33
18.67
13.33
4.0
12.67
18.0
11.0
25.0
7.67
5.0
0.67
12.0
16.0
1.33
2.0
-3.0
15.67
-2.33
11.33
8.67
4.0
8.67
16.0
9.33
-6.33
10.33
8.33
4.33
-7.67
-2.0
8.0
-0.67
5.67
-7.0
1.33
3.67
18.0
0.33
-1.0
3.67
-4.0
-2.33
16.33
-0.33
-4.33
5.67
8.67
9.33
-3.0
2.0
-1.67
7.0
2.33
6.33
12.33
-3.33
2.0
16.33
2.67
-5.33
12.33
-4.67
8.0
6.0
9.0
10.33
2.0
9.67
17.33
15.0
5.33
4.33
-10.67
8.33
5.33
1.0
-9.67
19.67
9.33
16.33
11.0
14.33
-12.33
1.67
8.0
11.0
6.0
10.33
-0.33
5.0
10.67
-2.0
1.33
-2.33
-5.33
5.33
2.33
-4.33
-1.33
9.67
1.0
7.0
8.33
-1.0
9.0
3.0
-5.0
-7.33
-5.67
-0.67
2.0
2.33
-3.67
4.33
9.33
-0.67
-2.67
16.67
3.67
6.0
-0.33
2.0
-5.67
6.67
1.33
3.67
0.33
-8.33
1.33
2.0
-6.0
0.33
1.33
-1.33
2.0
10.67
-7.33
11.0
-6.0
3.67
-3.0
11.67
1.67
10.33
-0.67
5.67
0.33
-0.33
6.67
2.67
-1.67
2.0
11.67
-3.33
7.67
-1.33
6.0
-2.33
11.33
5.0
-0.33
2.67
3.0
4.33
3.33
2.33
-0.67
1.33
-0.33
4.0
-3.67
5.67
-6.33
2.0
3.67
5.0
-6.0
-2.33
-8.33
6.67
1.0
5.67
1.33
5.0
-3.33
7.67
8.33
2.0
-4.67
7.0
2.33
7.67
1.67
-6.0
5.0
5.0
6.67
-1.33
11.0
8.0
2.67
2.67
0.33
2.0
10.33
15.33
9.67
5.67
2.33
-1.0
2.67
-1.67
5.33
8.33
5.0
7.33
5.33
15.33
3.33
-8.67
3.67
10.67
4.33
-0.67
5.67
7.67
5.67
8.0
-3.0
3.0
-3.0
-0.67
0.67
1.67
0.33
1.67
0.67
-5.0
6.33
6.0
0.33
-5.67
3.33
2.0
6.33
-1.0
11.0
12.0
-0.67
-8.0
-1.33
-6.33
-0.67
6.67
8.67
6.0
2.33
3.33
-3.67
1.67
-5.67
3.67
11.33
-7.0
9.67
-3.67
-6.67
-9.0
1.67
13.33
1.33
2.0
-6.67
-3.67
0.67
-3.0
-2.67
0.33
3.0
-7.0
2.67
-3.33
1.67
-2.0
-4.0
2.67
2.33
7.67
-5.67
-1.33
1.33
-14.0
10.67
-0.33
2.0
4.33
3.33
12.67
-4.33
1.67
-1.0
5.33
-1.0
2.33
-6.67
5.67
1.33
-9.0
-5.33
2.0
2.0
-5.67
-2.67
4.0
-1.0
1.33
-1.67
-0.33
-8.0
7.33
-0.67
-1.33
-2.0
-1.33
-0.33
0.0
-0.33
-1.67
2.67
-3.0
-5.0
4.0
2.67
2.67
-5.33
4.33
2.0
2.67
-2.67
5.33
7.33
0.0
0.0
-0.33
8.0
8.67
-0.67
1.33
-7.67
2.0
3.0
3.67
4.67
7.33
3.0
8.67
10.0
-1.33
-6.0
8.0
-6.0
1.67
-7.67
4.33
-1.0
-3.67
9.0
2.67
6.67
3.67
4.0
1.0
11.67
-3.67
5.67
-0.33
3.67
11.0
-3.0
11.33
2.67
3.67
-4.33
7.0
4.0
2.0
11.33
0.67
6.33
6.67
-0.33
-4.33
0.0
7.33
-2.33
4.0
3.0
1.0
10.0
-1.67
-0.67
-4.33
5.33
5.33
1.67
0.67
0.67
5.0
-1.0
-6.33
3.67
-2.0
-3.67
11.67
-4.0
5.0
7.67
-1.33
0.0
-2.0
3.67
-0.33
7.33
-7.33
-2.0
1.33
2.33
-4.0
5.67
0.67
6.33
-2.67
3.33
-2.33
-2.0
4.33
1.0
3.33
-5.0
4.67
-2.67
-0.33
6.33
4.67
2.33
5.67
0.67
2.0
0.67
0.0
-0.33
4.67
2.0
2.67
0.67
6.33
3.33
4.0
5.33
3.0
0.33
1.67
10.33
-6.33
4.0
-1.0
-1.33
-0.67
-5.33
-1.0
1.0
-0.33
0.67
0.67
2.0
6.67
0.33
-0.67
-7.0
-6.67
-0.33
3.67
4.0
3.67
-0.33
-8.0
1.0
7.0
6.33
-6.0
2.0
1.67
2.67
-1.33
2.33
-2.67
2.67
-2.67
-3.33
2.0
12.0
3.67
0.0
3.33
4.0
1.0
-2.67
-1.0
-1.67
-2.67
