0.0
-1.0
24.0
-14.33
42.67
53.67
40.67
122.67
88.67
121.67
104.67
8.67
-25.67
-41.33
-31.33
37.33
-62.33
8.0
-20.33
-17.67
6.0
-18.0
7.33
7.0
-1.67
13.33
10.33
-4.33
0.67
-1.33
-3.0
0.0
1.0
-1.0
-1.0
-1.67
3.33
-2.67
1.0
0.67
2.33
-1.33
0.67
0.67
-1.0
-1.0
0.0
0.0
0.0
0.33
-0.33
-0.33
-0.33
0.0
0.0
0.0
0.0
-0.67
0.67
0.67
0.0
-0.67
2.0
1.0
0.0
-0.33
0.0
0.0
0.0
-0.33
-0.33
-0.67
0.0
0.33
0.33
0.0
1.67
0.67
-1.0
1.0
-0.33
-1.0
1.0
0.0
0.0
-0.67
-0.33
-0.67
0.33
0.67
-1.33
0.0
-0.33
1.0
-0.33
0.0
0.0
-0.67
1.0
-2.0
-0.33
0.33
-1.33
1.0
-1.67
2.0
-0.67
-1.33
0.33
-0.67
2.67
2.67
1.67
-1.67
1.67
2.0
0.67
0.67
5.67
-1.33
4.67
-1.33
-1.33
0.33
1.0
-2.0
1.0
-3.67
2.67
-2.33
3.67
0.67
3.67
-1.0
5.33
3.33
-1.67
-3.33
3.0
0.67
2.0
1.33
2.33
-1.33
4.67
0.33
-2.0
-1.67
2.0
0.0
8.0
2.67
0.33
-7.0
-3.67
-3.67
5.67
4.0
-3.33
1.33
-1.33
1.33
0.67
0.0
6.0
6.0
6.33
-2.67
-4.0
-1.33
1.33
-0.33
0.33
0.0
3.67
3.0
-1.0
5.33
2.0
-2.67
-4.67
0.67
-0.33
9.67
-1.67
4.67
2.0
-1.33
5.67
0.67
8.0
-0.67
-1.67
-7.0
-8.0
4.67
1.67
0.0
0.67
-3.33
3.33
9.67
3.33
0.0
-1.0
11.33
-9.67
-2.0
2.33
5.33
-3.33
-1.33
1.67
0.67
3.33
2.0
6.33
-5.33
-3.67
-3.67
4.33
6.67
0.33
5.33
9.67
0.67
3.33
-3.33
1.67
0.33
11.0
2.67
1.33
1.67
5.0
2.33
-4.0
2.67
6.33
3.33
1.33
1.67
9.0
3.67
3.33
1.67
5.67
4.0
-3.33
3.0
0.0
-2.33
-0.33
1.67
2.67
2.67
-0.67
3.0
-0.33
-5.0
2.33
-1.33
5.0
3.33
-1.67
3.33
1.67
1.67
1.0
3.67
-4.67
-0.33
0.0
8.0
-1.0
9.0
7.67
-0.67
-0.33
-0.67
-1.0
-6.0
4.33
-0.33
-5.67
2.0
-0.33
1.33
2.67
4.0
0.33
6.33
5.33
-3.0
1.0
3.33
-0.67
-7.67
-3.33
-6.67
1.33
3.33
0.33
3.0
7.67
4.0
11.0
1.33
8.0
3.33
1.0
-2.0
3.0
2.33
1.67
4.0
1.33
0.67
-1.33
4.67
3.33
1.67
-1.0
1.33
0.67
1.33
-1.0
6.67
2.67
-0.67
10.33
4.0
6.33
3.0
4.67
-2.0
2.33
4.67
4.67
-6.0
2.0
-1.0
1.33
3.33
-3.33
3.33
2.33
-1.67
7.33
1.67
-1.67
-2.67
-6.33
-2.33
2.33
0.33
3.33
2.0
0.0
0.67
2.0
-0.33
-1.0
2.33
-2.0
-5.33
9.67
1.67
0.33
2.33
10.33
-4.0
1.33
-8.67
4.33
-0.33
1.0
3.33
-0.67
3.67
8.0
1.0
4.0
-1.33
4.33
3.0
-3.33
3.0
1.67
10.33
-2.33
2.67
4.33
-0.33
-2.0
5.67
4.0
1.0
-2.33
-3.33
-6.67
1.0
1.0
4.0
0.33
0.33
5.67
2.0
-5.33
2.33
-1.33
5.67
3.33
-2.33
7.33
0.67
1.33
2.33
2.0
-0.67
0.0
2.67
5.67
-1.33
-2.33
-2.0
-2.33
-2.67
6.33
4.33
3.67
1.0
2.33
4.33
4.33
-1.33
4.33
2.67
0.67
-2.33
1.0
-3.33
3.0
-2.0
2.67
0.33
-1.0
-1.67
-0.67
0.0
1.33
8.0
-0.33
0.33
1.0
-2.0
0.0
2.67
-3.33
0.0
-0.33
-1.33
2.0
-4.67
-2.33
1.33
3.33
0.0
-1.67
1.0
3.0
1.0
2.33
-1.0
2.0
-0.67
-0.67
0.67
0.0
-1.33
2.0
2.33
6.0
3.33
-0.33
-4.33
4.33
0.33
1.0
2.33
-1.67
-3.0
2.0
2.0
1.33
5.33
0.0
-3.0
-2.67
-1.33
2.33
1.0
0.0
-0.67
-3.67
-1.67
-3.33
-1.67
2.0
4.0
-3.67
0.0
-4.67
1.33
2.67
1.0
-2.67
2.33
3.33
0.33
-1.33
1.33
-2.33
-2.0
3.0
0.0
-3.0
-1.0
6.33
-3.0
0.67
2.67
-3.67
0.67
5.33
7.0
-0.33
-0.67
-1.67
1.33
-1.33
-3.0
0.33
0.0
1.33
-1.67
-0.67
1.33
1.33
4.33
3.33
-2.33
0.33
5.33
0.67
3.0
-3.67
-1.0
-2.0
-1.33
-0.67
1.0
-6.67
2.33
0.67
-3.0
6.33
-5.0
-1.33
-2.67
2.67
-0.33
4.0
1.67
6.33
0.67
3.33
-5.0
0.67
1.67
-2.67
-1.33
-1.67
4.0
-2.33
0.33
-5.67
2.0
4.0
-2.0
-5.33
-1.33
0.0
2.0
-4.67
1.33
-2.0
2.67
4.67
0.67
-1.0
3.0
-1.67
-2.33
-2.67
-3.67
-0.33
2.0
-1.67
1.0
-1.0
-2.33
4.67
-0.67
0.0
1.67
0.33
2.67
-2.0
3.67
-1.67
-3.0
4.33
0.67
0.0
-4.67
1.33
3.0
-3.67
-5.33
3.33
-1.0
-5.0
1.0
2.33
-1.33
-3.33
-1.0
1.0
-4.67
-2.0
-2.67
-3.33
-4.0
2.33
-4.67
-2.33
0.0
-6.33
-0.67
-1.67
-3.33
4.0
0.67
-2.67
-0.33
-3.67
0.0
3.0
1.33
-1.0
-1.0
3.33
3.0
-5.33
-1.33
-2.0
-4.0
-2.33
-4.0
3.67
-2.33
-1.67
-2.33
-3.33
-0.67
-1.67
-2.0
-1.67
-7.33
1.33
-2.67
-3.67
-3.67
-5.0
-5.0
-0.67
-2.0
-4.0
-5.33
-3.0
-6.67
-5.67
-1.67
-1.0
-3.67
-3.0
-2.33
-5.33
-4.33
-2.0
0.67
-2.0
6.33
-3.0
-3.33
-5.0
-1.33
-7.33
-1.0
-4.67
4.33
-1.67
-6.33
-4.67
-0.33
-1.67
-1.33
0.67
-1.67
-3.33
-2.67
-1.33
1.33
-1.67
-2.33
-3.33
-5.67
-3.33
-2.67
-1.67
-1.33
-1.0
-5.33
-9.0
-2.33
-2.0
-0.67
-9.0
-5.0
-7.0
-3.67
-11.67
-7.33
-3.67
-3.33
-6.33
-6.0
-3.67
4.33
-7.0
-0.67
-2.33
-3.0
-2.67
-6.67
-7.0
-6.33
-10.33
-5.0
-6.0
2.67
-4.33
-2.67
-7.0
-6.33
-6.0
-3.67
-2.67
-2.33
-2.0
0.0
-4.0
-3.0
-6.0
-4.0
4.0
-5.0
1.67
-8.67
-7.0
0.67
-13.67
-6.33
-5.67
-3.67
-2.67
-5.67
-5.0
1.0
2.0
-6.0
1.33
1.0
1.67
2.0
-9.67
12.67
7.33
2.67
4.67
1.33
6.33
11.67
14.33
5.67
19.67
25.0
12.33
15.33
8.67
10.33
11.33
9.67
23.0
33.33
30.33
21.33
16.67
6.0
20.33
8.0
13.0
7.0
3.33
10.33
12.0
6.0
5.67
3.67
-5.0
-3.33
-1.0
-2.33
-2.33
-3.0
5.33
5.0
-2.33
-1.0
0.67
-0.67
-2.67
-1.67
-3.0
-5.0
-10.33
-3.67
-12.67
-5.0
-3.33
0.67
-1.0
-3.67
-8.33
-4.67
-4.67
-3.67
-1.67
-1.0
-10.67
-1.33
-8.67
-10.0
-6.0
1.33
-2.67
-8.0
-9.33
-8.0
-5.0
-7.67
1.33
-6.33
-2.0
-9.33
-4.33
-10.0
-7.33
-7.33
-3.33
-3.0
-5.0
-2.0
-3.33
-5.0
-13.0
-5.67
-12.33
-7.33
-10.0
0.67
0.33
-8.33
-6.33
-0.33
-0.67
-5.67
1.33
-6.0
-7.0
-8.33
5.0
-10.0
2.0
-3.67
-4.0
-7.67
-3.0
-0.67
-6.67
-4.67
-5.67
-6.67
-2.33
-4.33
-5.0
-6.0
-3.33
-8.33
-0.33
-9.33
-2.67
-7.67
-4.67
-6.67
-4.67
-8.33
-8.33
4.0
-1.33
-2.0
-8.67
-2.33
-12.67
-10.67
-8.0
-5.67
-9.67
-1.67
-4.33
1.0
-11.0
-4.0
-14.33
-4.0
-10.0
-10.33
-7.0
-9.33
-6.0
-7.0
-6.67
-3.67
-3.33
2.67
3.33
-3.33
-11.33
-10.0
-6.67
-12.0
-7.0
-4.33
-8.33
-7.33
-7.67
-11.33
-8.67
-4.0
-10.67
-8.0
-2.0
5.33
-3.33
-9.67
-1.33
2.0
-12.0
-9.67
-1.67
-13.67
-2.0
-12.0
-8.67
-7.67
-4.0
-12.67
-5.33
-10.33
-5.33
-4.0
-4.0
-7.0
-8.0
7.33
-4.33
-8.33
-2.0
-4.33
1.33
-3.67
-1.33
-8.0
-8.33
-1.0
-8.0
-1.67
-12.67
4.67
-2.33
-7.67
-1.33
-5.33
-6.67
-2.33
5.33
-0.33
-5.0
0.0
0.33
3.33
0.67
-1.67
-4.67
9.33
-1.0
-1.67
5.67
1.67
17.33
2.67
4.67
17.0
15.0
10.33
12.33
13.0
1.33
2.0
28.33
-3.67
16.67
3.67
6.0
4.67
0.0
7.0
5.33
16.0
3.0
1.67
7.67
7.0
2.33
-8.67
5.0
5.33
13.0
-1.0
0.67
0.67
-6.33
-4.0
-2.33
3.0
4.0
-8.67
-1.0
5.67
-8.67
7.67
-3.67
1.0
8.0
1.33
0.67
-2.33
-4.0
-0.67
2.67
-4.67
-0.33
2.33
-1.33
7.33
-2.33
17.67
4.67
1.67
0.33
0.0
7.67
1.0
4.33
7.67
3.33
-1.33
4.33
-2.67
3.33
-4.33
-1.33
11.33
2.33
-4.33
3.0
8.0
1.0
2.33
-5.33
1.33
0.33
-2.0
-2.33
-7.67
-7.0
-2.0
8.67
5.67
3.33
3.0
6.33
4.0
-2.33
4.33
2.0
2.33
2.33
7.67
6.33
2.0
0.67
-1.67
1.33
6.67
2.67
5.33
0.33
-3.0
-7.67
2.0
7.33
4.67
9.33
2.67
9.67
-4.33
5.67
16.33
5.67
-7.33
-2.0
-6.33
10.0
5.0
1.67
-7.0
6.0
1.0
-1.0
4.67
-4.67
-4.0
-1.67
-2.33
4.0
-9.0
8.33
7.67
18.33
9.33
11.33
12.67
2.0
5.67
-1.67
-0.33
5.67
3.67
8.0
1.67
3.67
11.33
2.0
9.67
-0.67
8.0
-0.33
7.33
-0.33
9.33
0.0
-1.33
6.67
3.67
17.0
2.33
0.0
0.33
4.33
7.0
0.33
6.67
17.0
1.0
6.33
11.0
1.0
-8.67
15.67
-2.0
-0.67
13.0
3.33
4.67
9.33
1.33
-0.33
8.33
8.67
-2.0
0.33
9.33
0.0
3.33
-1.0
7.67
11.0
6.33
-0.67
-1.0
20.0
9.33
3.0
1.33
12.0
4.0
12.0
9.33
10.0
-1.67
-1.33
6.33
-0.33
-0.67
3.33
3.67
2.67
3.67
4.67
9.0
8.0
3.67
1.33
4.0
12.33
-6.0
-2.67
-6.33
0.67
1.67
-2.33
3.0
5.0
10.33
13.0
9.0
5.67
0.33
19.33
12.67
7.33
22.33
9.33
7.0
15.0
8.33
9.67
16.67
14.67
16.0
23.67
25.67
7.0
16.67
8.67
27.0
20.67
18.33
12.0
17.33
15.0
32.0
17.67
37.33
20.33
20.33
28.33
28.67
30.67
32.0
46.33
40.0
48.0
61.33
61.67
53.67
68.67
68.33
82.0
88.0
97.67
85.67
92.0
104.67
83.33
80.33
83.67
95.33
87.0
96.0
88.33
70.67
76.67
73.0
48.0
71.33
50.67
53.67
44.33
44.67
30.0
14.67
13.33
21.0
32.67
13.67
5.0
4.33
5.0
11.33
7.67
4.33
6.33
4.0
8.0
0.33
18.33
-4.67
8.67
8.67
12.67
10.67
4.33
6.33
9.67
10.0
5.0
6.67
9.67
5.0
2.67
11.0
10.33
-3.33
3.0
4.33
-1.33
-1.0
14.0
2.0
9.33
-0.33
-1.67
-0.33
9.33
19.0
16.0
-6.33
-7.33
-1.0
1.0
7.33
3.67
-3.33
6.0
4.0
4.33
1.33
5.67
0.0
9.33
6.67
1.0
-4.33
1.67
-1.67
9.67
15.67
13.67
4.33
11.67
3.0
2.67
16.33
5.0
9.0
8.67
2.67
9.0
11.67
11.33
0.0
1.67
19.0
17.33
8.67
9.0
20.67
19.33
13.33
1.0
9.67
10.0
8.67
-6.67
10.0
13.0
6.67
6.33
15.0
13.67
1.67
18.67
14.67
7.67
9.67
2.33
9.67
1.67
-3.33
5.0
13.67
-1.33
-2.67
15.67
14.67
11.0
8.33
7.0
3.0
-3.33
-10.33
2.33
-5.67
5.0
19.67
-7.0
0.67
6.33
4.0
5.0
4.0
-2.0
9.33
5.33
-15.0
-3.0
-1.0
10.33
-5.0
-4.0
-10.0
5.67
10.67
-0.33
2.67
12.33
5.33
-1.67
-2.33
15.0
17.67
10.33
0.0
7.33
2.33
14.0
2.67
4.67
-1.0
4.0
11.67
2.67
13.33
20.67
27.67
15.0
13.67
21.67
14.67
5.0
12.33
3.67
16.67
28.0
11.67
15.33
22.67
26.0
13.0
27.0
4.33
21.33
23.33
30.33
13.67
23.0
16.67
20.0
30.0
41.33
36.33
24.33
24.0
37.33
33.67
19.67
35.33
25.33
44.0
22.0
21.67
16.67
10.0
18.67
18.67
12.33
23.67
4.33
-1.0
9.67
8.0
10.0
10.0
-7.33
-1.0
16.67
4.0
8.0
14.33
5.0
2.0
16.67
7.67
1.33
1.67
-8.0
-8.33
7.0
-6.67
-2.33
5.33
0.33
-9.67
-5.67
-7.0
1.0
11.33
7.67
0.0
20.33
17.67
-3.0
12.33
0.0
0.67
1.0
-0.33
-1.67
2.67
0.67
4.67
6.67
-1.67
-3.0
6.0
-5.67
13.0
-10.67
4.33
17.33
-5.33
14.0
23.33
18.67
-0.33
13.33
4.33
16.0
3.0
22.0
12.33
3.0
7.67
19.33
21.0
1.33
3.33
-7.67
11.33
11.33
6.0
13.33
17.67
11.33
-2.67
11.0
17.33
-5.33
4.67
-2.0
8.0
6.0
12.33
1.67
5.0
10.67
4.0
-0.67
-5.33
-0.33
1.33
-2.67
0.67
1.67
-5.33
14.0
5.0
9.33
-1.0
10.0
0.0
4.0
-3.33
-4.67
1.33
-7.0
6.33
9.33
3.33
4.33
-2.67
5.33
9.67
3.67
-4.0
8.67
3.0
4.33
4.67
1.33
-3.33
4.33
15.67
-6.67
4.0
4.0
12.33
-6.67
8.67
3.0
13.67
-3.33
5.0
2.0
5.67
6.0
1.67
3.67
1.33
-0.67
8.67
-5.67
5.67
6.67
7.67
-9.67
-6.0
-1.33
5.67
6.67
-10.33
8.0
-10.33
2.33
3.0
-1.33
-7.33
2.0
6.33
16.33
-5.67
-1.67
3.33
-0.33
-8.0
13.33
3.67
10.67
3.0
-2.33
2.0
-2.0
-1.33
-4.33
6.67
2.0
7.67
2.33
9.0
-12.33
11.67
8.33
-3.0
-0.67
-3.0
-0.67
3.67
4.67
4.0
9.0
3.0
2.67
2.67
-1.0
10.0
-9.33
1.67
4.33
6.0
5.33
8.33
-3.33
3.67
4.33
-5.0
5.67
4.33
12.33
5.33
2.0
7.33
9.33
5.33
1.33
6.33
0.67
18.67
-1.67
2.33
0.67
3.67
1.67
8.0
1.0
-3.0
3.0
0.33
-4.33
7.67
-5.67
8.67
4.67
1.0
-1.67
5.0
-0.67
2.33
0.33
15.0
6.33
-3.0
-1.0
4.0
6.33
9.0
3.67
3.67
5.33
2.67
0.67
7.0
0.33
-1.67
2.33
3.67
-3.67
0.67
6.33
-8.0
3.67
4.33
-3.67
11.0
-4.33
1.33
7.33
-7.0
7.33
-5.67
-2.33
-3.0
-3.67
0.33
0.0
-1.0
4.67
-4.33
-2.33
5.0
4.0
2.67
3.33
1.67
-2.67
-5.33
4.33
-6.0
-4.33
-4.33
-3.0
-2.67
2.33
3.67
-0.33
0.67
-6.0
6.33
-2.0
5.33
-1.67
2.67
3.33
-4.0
-6.33
0.0
0.0
3.33
-3.67
0.0
5.0
3.33
-2.67
3.67
0.0
-4.67
6.33
-0.33
0.0
2.67
-1.33
-5.0
2.67
-0.67
0.67
-3.0
-2.0
1.0
-1.33
0.67
0.67
3.33
9.0
-8.33
-0.67
2.33
2.33
9.0
1.0
2.67
1.0
13.67
-2.67
5.33
4.33
0.0
-2.0
-6.33
1.67
9.33
1.0
7.67
3.0
-2.33
4.0
13.0
1.0
-0.33
5.33
4.33
-1.0
-1.67
4.0
0.67
4.67
3.67
8.0
2.0
5.67
-4.67
7.67
-0.33
6.67
6.0
5.0
8.33
6.67
4.67
0.67
12.0
-1.0
3.0
1.33
-6.33
-5.67
-3.33
2.67
-1.33
3.0
7.33
1.67
4.0
-3.0
1.0
4.0
4.33
2.33
-6.33
6.33
1.33
4.67
0.67
-1.33
3.0
7.0
-4.33
-1.33
-1.0
-1.67
4.67
-6.0
2.0
6.67
-3.33
-2.0
3.0
1.67
-7.33
6.33
-5.33
3.0
2.33
-5.67
0.0
0.67
2.67
3.33
-3.67
-1.67
4.67
6.0
4.33
6.0
-1.67
1.0
5.67
1.33
0.67
3.33
2.67
-1.67
5.67
5.67
0.0
-1.33
1.0
5.67
1.67
0.0
3.67
-1.33
2.33
1.33
4.0
7.33
6.0
6.33
1.67
-0.67
-1.33
1.0
-3.0
2.67
-2.67
4.67
-1.0
-3.0
-6.33
4.67
1.67
4.0
-1.33
-1.67
-2.67
-2.0
-3.67
-3.33
2.67
1.0
3.67
7.67
-2.0
-1.0
5.0
-2.67
-1.0
7.0
0.67
1.67
2.67
-3.67
-4.67
-0.33
-4.67
-3.33
-1.0
-2.0
3.67
1.0
4.33
3.0
0.0
0.33
-2.0
4.33
1.33
