0.0
-54.0
22.0
56.0
102.0
-67.67
-20.0
32.67
-40.67
19.33
-49.0
38.33
33.67
4.33
7.67
36.33
-79.33
-37.67
7.67
30.33
-0.67
-8.33
-1.67
16.67
30.33
-16.67
-16.33
-4.67
4.67
-12.33
-4.67
-9.67
-1.0
-3.67
0.33
1.33
3.67
0.33
0.67
3.33
1.0
1.0
-0.67
0.0
-0.33
-1.0
-0.33
0.0
0.0
1.0
0.33
0.33
0.33
1.0
0.0
0.67
-1.0
-0.33
-0.33
0.0
-1.33
1.0
0.0
-0.33
0.0
-0.33
0.0
-0.33
2.67
-0.33
-0.33
2.0
0.0
0.0
0.0
0.0
0.33
-0.33
0.0
0.67
0.0
0.0
-0.33
1.0
-0.33
0.33
-0.33
0.0
0.67
0.33
-1.0
-0.67
-0.67
-1.0
-1.33
0.67
0.67
1.33
0.67
0.67
1.0
-1.67
2.0
0.0
-0.67
-0.33
0.0
2.0
1.67
-0.67
-0.33
-0.67
-0.33
-2.67
3.67
2.67
-4.0
1.67
-2.0
2.33
-3.0
-0.67
-3.0
-1.0
-1.33
4.33
-1.33
-3.67
3.33
-2.0
1.33
-1.33
-1.67
-1.0
-2.33
2.0
-3.67
3.67
-0.67
1.33
0.67
-3.33
0.0
-0.33
1.33
4.67
-3.67
-2.0
4.67
-1.33
-2.33
-2.33
2.67
1.67
2.0
6.33
-2.33
0.67
2.0
5.33
11.33
-2.67
-1.67
-1.0
3.0
2.33
0.33
-1.0
7.67
1.33
3.67
2.67
1.33
-3.33
9.33
-6.0
1.33
5.67
3.33
-4.33
2.67
6.33
-0.33
2.0
1.33
-1.33
4.0
3.0
4.0
0.0
4.0
-1.0
-2.33
-2.0
1.33
4.67
2.67
-1.33
4.67
1.0
-1.0
2.67
5.0
7.33
5.33
0.0
5.0
5.33
-1.67
0.33
-0.67
-7.0
-7.67
-0.67
3.33
2.67
-4.33
7.67
-2.33
-1.67
-6.67
-0.33
4.0
0.67
1.33
9.0
-1.0
-2.33
-1.0
1.33
0.0
4.67
5.0
10.0
-6.33
-0.33
0.0
4.67
-11.0
-0.67
4.0
6.0
4.0
-1.33
2.67
6.67
2.0
8.0
2.33
-0.67
3.33
3.67
8.33
3.33
-2.33
1.33
-4.0
3.33
1.67
-2.0
3.33
1.33
10.33
-0.67
-3.67
1.33
3.67
2.0
5.67
2.67
6.67
-3.0
-0.33
0.67
-1.0
-0.33
1.67
5.0
3.67
-0.33
1.33
6.33
-4.0
2.67
-1.67
-0.67
9.0
-7.33
-1.67
11.0
3.0
1.33
2.33
5.0
0.0
4.33
9.67
1.67
8.67
3.0
-0.33
-0.67
8.67
1.67
-3.0
2.67
-1.0
-1.67
5.67
10.33
8.33
-2.33
1.33
3.33
3.0
1.0
3.0
-4.0
1.33
3.67
-3.0
4.67
3.33
2.67
4.0
3.0
4.67
-3.67
-0.33
-0.67
0.67
3.67
3.0
3.33
-0.33
1.67
2.0
4.67
4.33
4.0
-2.67
5.0
4.33
2.67
1.0
1.67
1.33
3.33
4.33
4.67
1.0
-3.33
-3.67
5.67
6.67
3.33
-4.67
3.67
0.67
3.67
3.33
5.33
-5.33
0.67
2.67
-1.33
-3.67
-2.0
1.33
2.67
-1.67
-0.33
-1.33
1.0
5.67
6.33
4.0
-2.33
-4.67
3.0
-2.0
5.0
-2.67
3.67
-0.67
1.0
1.0
0.33
-0.67
-1.0
-0.33
-2.67
-2.67
-3.33
3.0
2.0
2.0
-1.33
-3.67
-2.33
-3.0
4.33
-0.33
-0.67
-3.67
2.33
0.0
4.0
5.0
-0.33
1.67
5.0
2.33
-1.33
-0.33
2.0
1.33
0.33
-1.33
-0.67
4.0
5.67
-0.67
-0.67
0.67
2.0
2.33
0.33
1.67
0.67
1.0
1.67
0.0
1.0
1.33
2.0
-3.33
3.33
-5.67
2.33
5.33
-1.33
-3.33
-1.0
-1.67
-1.67
3.0
0.67
1.33
-4.67
-1.67
-2.67
-2.0
7.33
-4.0
-2.67
-0.67
4.0
-0.33
-0.33
-5.0
4.0
2.33
4.33
4.33
-1.33
0.67
-5.0
0.67
-1.0
0.0
4.0
8.67
-1.33
-1.0
-0.33
-2.33
4.0
4.0
-1.67
1.67
0.67
6.67
4.33
-1.67
-3.0
-4.0
-1.67
-0.67
3.33
0.33
1.67
2.33
1.67
-2.0
-2.33
-0.33
1.67
-1.33
1.33
-0.67
-2.67
-3.33
-3.0
-5.67
-3.67
-3.0
2.0
0.33
-1.67
-3.0
4.33
-2.33
3.67
2.0
-1.67
2.67
2.67
3.0
4.0
8.0
3.33
-2.67
-0.33
-3.0
0.0
2.33
-1.0
1.67
-1.33
0.0
-2.0
3.67
2.33
-0.33
0.67
-0.33
4.0
0.67
2.0
3.67
0.0
0.67
-3.0
2.33
5.0
-2.0
-2.0
0.67
2.0
1.0
1.0
-2.0
0.67
2.67
3.33
0.33
-0.67
-2.67
-5.0
-1.33
0.33
4.0
-2.0
-2.67
0.33
-1.0
3.67
0.0
-3.33
-3.0
0.0
4.0
-1.33
1.33
-3.0
-2.33
2.0
-5.67
-2.33
-2.67
-0.67
-1.0
0.0
-0.33
-0.67
-1.0
0.33
-2.67
-1.0
1.0
0.33
-2.0
-6.67
2.0
0.0
-1.0
-2.0
3.0
-3.0
1.67
-1.33
4.67
-1.0
1.67
1.0
3.0
2.67
-0.67
-1.67
2.67
-2.0
-0.33
-1.33
0.67
4.0
-0.33
0.0
0.67
-6.67
-3.67
-2.33
3.0
-0.33
-2.0
3.67
-2.33
2.0
-2.33
1.33
-2.0
0.0
1.0
-3.33
4.0
-0.67
-0.33
-0.67
-2.0
-2.67
4.67
-4.0
1.33
-0.33
-4.33
1.0
1.67
-1.0
1.67
0.67
-4.0
0.67
4.0
3.67
-4.67
3.0
5.33
-4.33
0.67
-2.0
-1.33
6.33
0.0
-6.33
-1.67
3.0
-3.67
-1.0
-4.33
-3.0
-0.33
-4.67
-0.33
-1.67
-3.33
0.0
-0.67
0.0
-1.33
-3.0
-3.33
-0.67
-3.0
2.0
-4.33
1.33
-4.0
-3.67
0.33
-2.0
0.33
-5.0
-3.67
-4.67
-1.67
-0.33
3.0
-3.67
-5.67
0.0
-1.67
-4.0
1.33
-2.33
2.67
3.33
-1.33
1.67
-6.67
-1.67
4.0
5.33
-2.33
1.67
-5.0
2.0
-1.33
-3.33
-2.67
1.0
-3.33
-6.0
0.67
-0.33
-3.33
2.33
-3.0
-1.67
-2.33
-1.0
0.0
-3.67
-1.33
-3.0
-4.67
-3.67
-7.0
1.0
-0.33
-9.67
-0.67
-3.33
-4.67
-0.67
-3.33
0.33
-2.33
-2.0
-5.0
-1.33
-6.67
-9.67
-6.33
-3.67
-4.0
-0.33
-6.0
-8.0
0.67
-2.67
3.0
-2.0
-7.0
-1.33
-5.0
-4.33
-6.67
-1.67
-7.0
4.33
-8.0
-2.0
-7.67
-1.67
-7.67
0.0
-2.67
1.33
-3.0
-0.67
6.67
-3.0
2.67
3.67
-5.67
-3.67
-6.0
2.67
0.67
2.33
4.33
-2.0
-6.0
-2.67
0.67
3.33
-2.67
-4.33
0.33
4.67
14.33
9.0
15.33
13.33
13.0
41.33
25.33
21.0
30.0
29.33
25.0
33.0
29.67
34.0
31.33
42.33
44.0
30.67
21.33
29.67
15.67
25.0
15.67
7.33
9.0
3.33
2.67
6.67
1.0
4.0
6.33
-3.67
-5.33
-2.0
-5.67
-3.33
-7.33
7.33
1.33
0.33
-3.33
-6.0
-2.67
-1.67
8.33
-4.33
2.0
-4.33
-5.33
1.0
1.33
3.0
-7.0
0.33
6.0
7.33
1.67
-2.0
0.0
1.0
1.33
0.67
3.33
6.0
-7.0
-6.0
-9.0
-5.67
0.0
-0.33
-4.33
-4.33
-4.33
2.67
-2.0
-2.67
-8.67
-2.0
-7.0
-7.33
-0.33
-4.33
2.0
-4.0
-5.0
3.33
-11.33
0.33
5.0
-1.67
-1.67
-2.33
3.33
-3.33
-9.0
6.33
5.0
-14.67
1.0
0.0
-0.67
0.33
2.33
-9.67
-4.33
-2.67
-7.0
0.33
-4.33
-6.67
-0.67
-5.33
-7.0
-1.33
0.33
0.33
-13.67
-0.67
-11.33
2.33
5.33
3.67
-5.67
-6.0
-5.0
-1.0
-5.0
3.0
-0.67
-5.0
0.0
-8.0
-4.67
-10.0
-2.0
-7.0
0.67
1.67
2.33
-1.67
4.33
2.0
0.0
-6.0
-9.67
6.67
2.67
-6.0
0.67
-7.33
-1.0
-6.0
9.0
0.67
-4.67
-4.33
0.67
4.33
-12.33
5.67
-8.67
-2.67
-6.33
0.0
1.33
4.67
-2.67
-6.33
1.0
4.33
1.67
2.33
0.33
3.0
-0.67
-6.67
-3.0
-0.33
4.67
-1.67
-5.0
-3.67
-4.67
-3.67
0.67
-1.33
5.67
0.33
6.0
-0.67
-2.33
-2.33
1.0
-0.33
-5.67
2.33
-8.67
-1.67
-1.33
-1.0
2.0
0.0
2.67
2.67
6.67
2.33
-6.0
2.0
-4.0
1.0
4.33
2.0
9.33
2.33
2.67
-0.67
4.33
3.33
1.0
3.67
8.33
20.0
5.0
9.67
5.33
6.67
18.33
17.33
27.33
28.67
13.33
9.33
19.0
22.0
31.67
17.0
15.67
24.0
19.33
16.33
8.67
24.33
16.33
12.33
6.67
15.0
16.0
18.0
13.0
2.33
1.0
-3.0
0.33
11.67
8.67
-7.33
5.0
4.0
3.0
2.0
9.33
-0.67
2.33
5.0
2.0
8.67
0.0
5.67
3.33
-3.0
8.0
1.67
-2.67
0.67
6.33
7.33
-4.67
10.33
6.33
2.0
-1.0
-2.33
5.33
9.33
10.67
10.67
0.0
-2.0
9.0
2.33
-0.33
0.0
4.67
12.0
10.0
11.67
-1.33
15.33
1.67
9.67
5.0
9.0
7.33
7.33
5.33
2.0
13.0
4.67
7.0
7.33
13.33
7.0
13.67
2.67
-2.33
6.33
3.0
7.33
11.67
4.33
4.0
5.67
6.0
9.33
-2.0
7.67
5.0
1.33
-1.67
2.67
8.67
6.67
-2.33
12.33
5.33
11.0
3.0
12.67
14.0
5.67
-1.33
8.33
-5.67
15.33
6.67
7.33
2.67
15.0
9.33
20.0
-1.67
22.33
9.33
8.67
12.33
4.67
13.67
11.67
10.0
15.33
4.67
4.0
9.33
15.33
16.67
10.0
8.33
-1.67
2.0
15.0
5.0
10.0
-7.0
9.0
4.67
13.67
17.33
12.0
-0.67
10.0
0.67
16.33
3.0
15.67
8.33
16.67
0.67
8.33
3.67
2.33
6.0
7.67
1.67
11.67
4.33
10.67
8.67
0.0
9.0
-4.0
1.67
19.67
0.33
11.0
-3.0
3.33
4.33
4.33
6.33
7.0
-2.0
6.0
1.67
8.0
2.67
4.33
10.0
16.33
6.33
4.0
15.33
8.0
10.33
10.33
14.67
9.0
-1.0
-5.0
3.67
9.67
12.0
12.67
8.67
11.33
-3.33
7.67
8.67
12.67
18.33
13.0
11.67
9.67
7.33
14.0
4.67
11.33
3.33
2.0
20.0
4.67
3.0
-2.67
4.67
19.0
15.67
11.0
7.67
12.33
5.0
6.67
14.0
16.0
1.33
13.33
14.0
6.33
16.0
4.33
3.67
24.33
15.33
8.0
13.0
7.67
21.33
3.33
13.67
13.0
8.67
15.33
21.0
22.33
16.33
14.0
16.67
20.33
18.0
10.0
21.67
24.33
19.0
11.67
24.0
25.0
24.33
33.67
29.33
35.67
45.0
36.0
33.33
60.67
65.33
61.33
91.0
79.33
104.67
112.0
133.33
123.0
133.0
160.33
132.0
153.33
139.33
143.67
158.67
163.67
176.33
157.0
149.0
129.67
131.33
136.33
131.67
127.67
98.33
100.33
110.33
71.0
75.33
61.33
45.67
47.0
25.0
37.67
21.33
21.33
18.33
9.67
9.33
12.33
19.67
-1.67
13.33
11.67
6.67
5.0
4.33
15.67
9.67
-0.33
15.0
6.67
6.33
18.0
12.33
21.67
29.0
10.67
8.0
-1.33
11.33
15.33
21.67
2.0
-2.33
8.0
16.33
13.67
3.0
11.0
7.0
12.0
3.67
7.33
14.33
13.0
-2.33
29.0
5.33
7.33
6.0
6.67
4.67
12.0
10.67
11.0
11.67
16.33
2.67
2.33
3.33
-1.33
13.33
14.33
13.33
9.33
4.33
14.0
24.0
9.33
3.67
4.0
7.67
2.67
20.67
9.33
16.33
8.33
2.0
4.0
15.33
9.33
9.0
0.67
11.67
11.33
7.0
9.67
-1.0
6.67
13.33
0.33
14.0
4.33
22.67
9.33
9.67
8.67
-2.0
7.33
15.0
3.33
9.33
5.67
14.0
-2.0
5.33
9.0
0.33
8.33
2.67
12.67
13.0
2.67
9.0
7.67
2.33
19.67
7.0
2.67
7.67
8.67
1.67
5.0
3.0
18.33
9.0
13.33
10.33
8.0
5.33
10.67
6.0
9.33
6.33
3.0
10.33
9.67
3.33
16.33
3.33
0.33
9.0
1.67
2.67
12.33
6.0
-2.67
4.67
2.67
12.0
-5.33
2.33
26.67
-1.33
3.33
-3.0
-4.67
9.33
4.67
6.33
13.0
4.67
10.0
15.33
11.67
10.0
17.33
22.0
8.0
7.0
16.0
21.33
6.33
18.33
21.33
24.0
15.0
31.33
17.67
22.33
34.0
38.0
21.33
45.67
37.33
28.33
25.67
44.67
17.67
32.0
29.67
39.67
13.33
36.33
19.0
32.33
26.0
14.67
21.33
17.33
22.67
21.0
31.0
28.33
10.0
7.33
24.67
2.33
6.33
6.0
-3.67
15.0
3.67
13.33
10.0
8.67
12.67
0.67
9.33
15.67
11.33
8.67
18.67
2.33
13.0
4.33
4.33
14.67
5.33
4.0
10.0
6.67
6.67
3.33
-8.0
0.67
4.67
5.67
2.67
0.33
15.67
6.0
5.67
3.0
4.33
4.33
0.0
6.33
-5.33
12.33
16.0
7.67
-5.67
7.33
8.0
5.33
8.33
-0.33
6.0
7.0
-6.0
9.67
22.0
2.0
16.0
20.0
11.33
6.67
0.67
18.67
6.33
0.33
3.67
9.0
17.0
16.0
-0.67
8.33
8.67
-2.33
-14.0
10.0
6.0
0.67
2.67
2.0
0.33
2.0
4.67
-0.67
9.33
1.0
14.67
0.33
12.33
14.33
2.0
1.33
7.0
1.33
11.0
7.67
10.67
-2.33
2.67
6.0
3.67
-1.67
2.0
-11.33
-2.33
6.67
-1.0
9.0
4.33
-5.33
4.0
-5.67
-2.0
3.0
8.67
3.33
5.0
4.0
-1.67
-2.0
0.33
-1.0
-4.33
-2.33
-4.33
0.33
0.0
-6.0
-3.0
7.33
3.67
11.67
7.33
0.33
2.33
7.33
-8.33
8.0
0.67
1.33
8.33
3.67
0.67
-1.0
1.0
2.67
-3.67
-2.0
0.33
-7.67
-0.67
14.33
-4.33
4.0
15.0
-3.33
-9.33
-2.67
-3.0
1.33
10.33
-0.67
-9.33
9.67
1.33
10.33
-0.33
4.0
-13.67
7.33
-4.0
-8.0
-0.33
3.0
1.0
2.33
2.33
-3.33
3.67
-6.0
-2.33
-1.67
0.0
7.33
7.67
12.33
8.33
-3.33
2.0
1.0
4.33
7.67
3.0
1.33
3.67
6.67
4.0
6.67
2.67
5.0
1.67
7.33
9.67
2.67
1.67
6.0
11.0
20.67
6.67
-0.67
11.33
8.0
15.67
-0.33
3.0
8.33
15.33
6.0
4.33
-4.0
1.0
8.67
5.33
14.0
-1.33
5.0
4.0
-6.33
3.0
3.33
7.67
5.33
-3.67
0.0
6.67
-0.33
8.0
3.67
-5.67
1.67
4.67
-7.67
6.0
7.67
5.33
-2.0
5.67
-0.67
-2.0
-1.0
10.0
20.0
8.0
5.33
8.0
-3.33
-5.33
0.67
4.33
-5.0
-9.0
0.33
3.67
1.67
-1.67
-8.0
-6.0
3.0
1.0
4.67
-5.33
4.33
-3.67
-10.67
-1.67
3.67
6.0
8.0
3.33
9.0
-0.33
-5.67
-2.67
9.0
3.0
-1.67
2.67
11.0
3.33
5.33
-10.33
3.33
2.67
-5.0
-5.0
6.0
2.67
-0.67
6.0
-4.33
5.67
5.67
5.33
0.33
0.67
0.67
2.33
2.67
2.33
4.0
1.0
4.0
-1.33
4.33
2.0
7.33
1.33
-3.0
1.0
-1.33
0.33
1.0
-1.67
-7.33
4.0
2.67
4.0
-1.33
1.67
4.0
11.33
3.0
10.67
-3.0
1.67
-1.67
5.0
-1.0
-5.33
-2.0
-1.67
-6.0
-4.67
4.67
6.0
4.67
4.0
3.0
-5.0
3.0
8.0
0.0
3.33
4.0
4.33
3.67
-2.67
3.67
3.33
6.33
2.67
2.67
6.33
6.67
10.33
4.0
-0.33
-0.67
14.67
3.0
4.67
3.67
2.33
4.67
-0.33
7.33
0.67
2.0
1.33
5.0
-1.33
6.0
1.67
-1.33
4.0
-1.33
1.0
-3.0
-1.33
1.0
-0.33
2.0
5.33
6.0
0.67
5.0
-5.33
-0.33
0.0
3.67
9.33
-0.33
2.33
-3.33
1.67
1.0
-2.67
-4.0
-1.33
2.33
2.67
-1.33
3.67
3.67
1.33
-1.33
-0.33
2.0
-1.0
-6.0
10.33
2.67
0.67
0.33
-3.0
-3.0
-5.0
-7.0
-0.67
-4.33
0.0
-3.33
-2.0
-2.67
2.33
0.33
-0.67
8.0
5.33
-1.33
-1.0
-1.67
1.67
-0.33
-2.67
4.0
-1.0
8.33
0.33
-1.33
4.0
1.33
-2.33
-2.67
3.67
1.33
10.0
6.67
0.0
-1.33
0.33
1.33
-2.67
-5.67
-4.67
-1.67
-1.0
0.33
-0.67
1.67
-4.67
2.67
-2.33
2.0
4.0
-0.67
6.33
0.67
1.0
-3.67
-1.33
0.0
2.67
5.33
0.33
-0.33
0.0
4.33
-0.67
5.33
1.0
-3.67
-1.0
-3.0
-3.0
10.33
-3.0
-0.67
2.33
-3.0
4.67
4.67
-4.33
3.67
0.0
1.0
-2.33
0.67
2.0
