0.0
-76.0
7.0
34.0
32.0
48.33
103.0
-76.33
-31.67
-101.67
73.0
11.33
-46.33
55.33
-19.33
43.33
-18.33
3.33
17.67
-18.67
16.33
-14.33
5.33
-11.33
9.33
-3.67
-27.33
-5.67
-8.33
-9.33
-2.67
0.33
0.0
1.33
2.33
0.33
-0.33
-0.67
-1.33
0.33
2.0
1.0
0.33
0.0
-0.33
-1.0
-0.33
0.0
0.0
0.0
0.33
-0.67
0.33
0.0
0.0
-0.33
-1.0
-0.33
0.67
1.0
-1.33
0.0
2.0
-0.33
0.0
0.67
0.0
0.67
-0.33
-0.33
-0.33
0.0
0.0
0.0
0.0
0.0
0.33
0.67
0.0
0.67
1.0
0.0
-0.33
0.0
-0.33
-0.67
-0.33
0.0
0.67
-0.67
-1.0
-0.67
-0.67
0.0
-0.33
0.67
-0.33
1.33
5.67
-0.33
-1.0
1.33
1.0
0.0
3.33
-2.33
1.0
0.0
-0.33
-0.67
-0.33
1.33
-0.33
0.33
-0.33
-1.33
-3.0
0.67
5.0
3.33
1.0
1.33
-3.0
-3.0
0.67
-0.67
-1.33
0.33
0.33
-3.0
5.33
7.67
0.33
4.0
3.67
1.0
-1.67
0.67
7.33
1.33
9.67
-1.33
-1.0
6.67
-1.67
9.67
-0.67
0.0
2.67
-1.33
1.67
-1.33
0.67
3.67
2.0
4.33
-2.33
0.67
-5.0
-1.67
1.33
-1.67
0.33
1.0
-4.0
-2.67
-2.67
4.0
2.67
-3.67
7.67
-2.33
-2.67
1.67
3.33
-8.0
2.33
7.67
2.33
-4.33
-6.33
5.33
1.67
6.0
-3.67
-6.33
1.0
3.0
4.0
-2.0
3.0
-4.0
4.67
4.0
9.33
4.67
7.67
2.67
8.67
-4.0
0.0
4.67
6.0
5.33
2.33
0.0
-1.0
0.33
2.33
2.33
0.33
-2.0
-2.67
1.33
2.33
-2.33
0.67
5.67
-1.33
-0.67
-0.67
1.67
1.0
1.67
-0.67
2.0
6.0
4.67
7.0
0.33
0.0
3.67
-2.0
2.0
-0.33
-0.33
0.0
0.67
-11.0
3.33
4.0
6.0
-2.0
-3.33
6.67
2.67
5.0
0.0
0.33
2.33
8.33
2.67
4.33
8.33
3.67
4.33
4.0
1.33
-2.33
1.0
-2.67
4.33
3.33
-0.67
0.33
2.33
-3.33
-2.0
2.67
5.67
-0.33
0.0
1.67
-0.33
3.0
-1.33
-0.33
4.0
-3.33
4.67
2.33
7.33
1.0
2.67
1.33
4.33
9.0
-5.33
0.33
1.0
1.0
3.33
6.33
6.0
3.0
-3.67
4.67
3.67
2.67
4.0
2.67
0.33
0.67
-0.33
0.0
3.67
4.0
0.33
-1.33
3.33
13.33
9.67
1.33
4.33
0.0
5.0
-4.0
2.0
10.33
-1.33
-4.0
-2.33
-0.67
3.67
-3.0
7.0
8.67
5.33
-0.33
2.33
-2.33
1.67
2.0
-0.67
0.67
4.67
10.0
-1.33
2.33
1.0
-4.67
3.0
5.33
2.67
-1.0
-3.33
0.33
6.33
4.33
0.67
0.0
3.67
4.33
1.67
1.67
-1.67
-4.67
0.67
-4.33
3.67
-1.67
-0.67
0.67
2.67
3.67
-1.33
-3.67
4.0
0.33
-1.33
-1.67
3.67
-1.33
3.0
7.67
2.33
-4.0
-2.33
-5.67
-3.0
0.0
0.0
1.33
2.67
0.33
8.0
1.0
1.33
7.33
1.0
0.67
-3.67
3.33
-0.33
5.0
3.0
4.0
2.67
-1.67
0.67
1.0
6.33
2.67
-0.67
-0.67
-3.67
-1.0
4.0
2.0
-6.33
-0.33
-3.0
1.33
-0.33
8.67
5.0
2.33
1.33
3.67
-4.67
2.0
6.67
1.33
5.33
2.67
-2.0
3.33
0.33
-1.33
-0.33
0.0
2.67
1.0
3.0
3.33
6.0
1.67
-1.67
-5.67
-1.67
4.33
2.67
-4.33
1.0
-2.67
-1.67
-1.0
4.67
-3.67
-2.67
-4.67
-4.67
5.0
0.33
-2.0
2.33
0.33
0.0
2.67
1.67
-2.0
-4.0
4.33
1.33
1.33
-0.33
2.67
1.0
-1.33
1.0
-2.0
0.0
0.67
-1.33
3.0
3.67
0.67
5.0
1.0
5.33
-1.33
0.67
-2.33
-3.67
5.33
2.0
1.0
7.33
2.33
2.33
0.33
-4.33
-3.67
0.67
3.0
2.67
-2.33
-1.33
-0.33
-0.67
-5.67
-0.67
1.67
0.0
-5.67
-1.67
1.0
-4.0
1.33
1.33
-1.0
1.33
0.67
-3.33
2.0
0.33
4.67
0.67
2.0
-2.0
5.0
2.33
-2.67
1.67
-1.0
2.0
-1.67
-1.0
-2.33
4.67
1.0
3.0
1.67
3.33
-0.33
-2.33
-5.33
3.0
-1.33
3.0
-0.33
1.0
1.67
-3.0
7.33
4.0
-1.0
0.0
1.67
-3.0
0.0
7.0
-1.0
-1.33
5.67
0.33
-0.67
6.33
1.33
0.0
-2.33
-3.67
0.0
0.0
-3.67
-2.67
0.0
3.67
-3.0
2.67
-3.0
-4.0
3.0
3.67
-5.67
-1.0
0.67
4.0
-3.67
0.67
-3.67
-4.67
3.0
-1.0
-5.33
-0.67
-2.0
1.33
4.33
1.0
-1.0
2.33
4.0
-2.67
5.0
2.0
0.0
1.0
4.0
-1.0
-0.33
-0.33
1.67
-1.0
0.67
1.0
5.0
-3.33
2.33
-1.67
0.67
1.0
-1.33
-4.33
1.67
3.0
0.67
-2.0
-1.33
-0.67
0.33
-0.33
7.0
1.67
3.0
-2.33
-1.33
-1.0
-0.33
-0.67
-2.0
-1.0
-1.0
-2.33
1.0
4.33
1.67
-1.67
0.0
1.33
3.67
0.0
-1.67
2.67
-5.33
-2.0
2.67
-6.0
2.67
2.67
-5.0
-2.33
-1.0
6.67
0.33
1.0
1.33
-8.33
-1.33
4.0
-1.33
1.33
-2.0
-0.33
-5.67
1.0
0.33
1.0
-0.33
-3.0
-0.33
-3.67
-4.33
3.33
-0.33
0.0
-3.67
1.0
-2.33
-2.0
2.67
-1.67
-2.0
6.0
-3.33
-0.67
0.0
-3.67
3.33
-6.0
-4.67
-6.0
3.33
-2.67
-7.67
2.67
-1.0
-0.67
-2.67
-1.0
-1.67
-7.0
-3.67
-3.33
0.67
-2.67
0.67
-4.33
-7.67
-0.67
-4.0
2.33
-6.33
0.67
-5.0
2.0
-1.33
-5.33
-3.67
-3.0
-5.33
0.0
-2.33
-0.33
-6.33
0.33
-6.0
0.33
1.67
-2.0
2.0
-3.67
-1.33
-5.0
-2.67
-5.67
-7.0
-4.0
1.67
-6.67
-4.67
-0.33
-3.67
0.33
-12.33
3.33
-5.33
-3.0
0.0
0.67
-4.67
-4.67
1.67
1.33
-2.0
-5.33
-9.0
-3.0
-3.33
-1.67
1.0
-2.0
-5.0
-5.33
-8.0
-2.33
0.33
1.33
-6.0
0.33
-5.0
2.0
-8.67
-2.67
-5.67
-1.0
-5.67
-4.67
-3.0
-8.67
4.67
-4.0
-3.33
-2.33
-6.67
-6.67
-7.0
-2.33
0.67
-4.67
-3.67
-1.0
-7.0
-7.67
-1.33
-1.67
-3.67
-4.33
-2.67
4.67
0.33
-2.0
11.33
7.33
-1.0
0.33
1.33
-1.0
7.0
17.33
0.0
6.0
9.67
10.0
12.33
15.33
11.0
9.67
-0.67
6.67
-3.33
10.0
8.67
-8.67
-1.0
-3.67
-2.33
-3.33
-5.0
-3.0
-7.67
-8.67
-0.33
1.0
-4.67
2.67
-0.33
-4.67
-6.67
-6.67
0.67
-6.0
6.33
2.33
11.33
2.67
1.0
0.67
-6.33
-3.0
4.33
5.0
1.0
-3.67
-4.0
9.33
5.67
-1.0
-7.0
6.0
-0.67
-1.33
-1.67
1.0
-5.0
-4.0
-8.0
-1.67
0.0
5.67
-2.33
-6.33
3.67
2.67
0.0
-6.67
-5.67
-3.0
1.0
-4.33
3.67
-5.33
0.0
-9.0
-4.0
-6.67
1.67
-0.67
-5.0
3.33
0.33
-5.33
-5.67
-2.33
0.0
-4.67
-3.0
-10.67
0.0
-1.0
-3.67
3.33
-0.67
-18.67
-4.33
-6.67
-3.0
-3.67
3.67
-6.67
1.33
-5.33
-3.0
-1.33
0.33
-6.67
-4.67
5.33
-12.33
6.33
3.33
-8.33
-0.67
5.0
-3.0
-1.0
-2.0
-5.0
-3.67
-5.0
-5.0
-9.0
-5.67
-4.0
-14.0
-9.0
-6.33
-2.33
-6.67
12.33
5.33
-3.0
6.0
-3.0
-4.67
8.67
2.67
0.0
0.67
-7.33
2.0
0.0
5.0
-2.33
-3.67
3.67
3.67
3.33
-5.33
-0.33
-0.67
-1.67
-6.33
0.0
-0.67
3.67
7.33
-3.33
4.0
7.33
7.67
-3.67
1.33
6.0
1.33
2.33
7.0
-0.33
0.67
-3.67
-2.0
-7.67
-2.67
-0.67
-2.33
-9.33
-0.33
-8.67
2.0
1.33
8.67
2.67
7.0
-9.33
-1.67
1.33
-7.67
-6.67
-0.33
6.0
-2.0
-9.0
-0.33
-0.33
1.67
2.33
-4.0
1.0
-4.0
3.0
1.33
-8.0
-1.67
5.33
1.67
-1.67
5.33
15.33
15.0
2.67
10.33
17.0
8.0
7.67
19.33
10.67
19.33
23.33
15.33
18.67
22.33
36.33
29.0
37.0
27.67
26.0
24.67
27.0
28.33
35.33
24.67
41.33
15.33
27.33
27.67
12.0
11.0
14.0
18.0
5.33
15.0
11.0
5.33
3.67
17.67
7.67
9.0
6.0
6.0
12.0
3.33
2.33
5.33
-4.0
7.0
1.67
4.0
4.67
8.33
3.0
5.0
1.67
9.33
3.67
-5.67
5.33
-1.67
8.33
4.33
10.0
5.0
7.67
0.33
10.33
12.67
4.67
3.0
15.0
1.0
1.33
8.67
5.0
-1.33
10.0
5.0
-0.33
12.67
18.33
15.67
10.67
9.0
14.0
-5.67
2.33
8.33
6.0
13.0
4.67
9.0
-3.67
7.33
-1.0
0.67
10.67
5.67
11.33
5.0
5.33
-3.33
10.33
6.0
6.67
10.0
11.33
1.0
11.67
-1.0
0.33
3.33
0.67
6.67
9.67
-1.33
5.33
12.33
11.0
10.0
0.67
1.0
14.67
8.67
-4.67
6.33
14.33
7.67
11.33
22.67
0.0
0.33
16.0
5.33
3.33
7.33
12.67
11.33
2.67
17.67
10.67
0.0
5.33
9.67
6.0
8.33
2.33
14.67
8.0
11.33
1.33
6.0
7.0
8.0
8.0
5.0
21.0
11.67
11.67
4.33
12.0
19.33
10.0
5.67
20.33
-1.0
6.67
0.33
13.67
0.67
9.33
-0.33
8.33
9.0
2.67
4.67
12.67
8.33
4.67
0.67
15.0
9.0
2.0
9.67
1.67
2.33
11.0
5.0
7.33
12.33
16.33
4.33
7.0
3.0
1.0
17.67
18.0
7.67
2.33
14.0
1.33
11.33
8.0
5.33
13.0
7.33
14.33
12.67
19.0
3.0
8.0
7.67
6.67
14.0
10.67
15.67
10.33
6.67
10.67
-0.33
1.67
9.33
15.0
7.67
8.67
5.33
11.0
9.67
14.33
7.33
4.0
7.0
11.67
12.0
12.33
9.67
19.0
3.67
0.0
4.67
8.33
5.0
17.67
7.0
20.0
-4.67
4.33
9.0
15.33
14.0
7.33
18.67
11.33
5.33
20.0
9.0
7.67
19.33
15.33
6.67
6.0
0.67
19.33
18.0
11.33
8.33
9.0
10.67
28.33
19.0
14.0
14.67
29.33
17.0
22.67
35.0
31.0
32.33
48.67
36.33
46.67
67.0
72.0
73.33
78.67
90.33
100.33
116.0
147.33
130.67
133.0
149.33
194.0
165.0
183.33
197.0
200.33
210.33
210.67
225.67
242.67
200.33
217.0
244.0
210.67
184.33
177.33
201.67
165.67
173.33
116.33
119.33
101.0
101.33
79.33
61.67
64.0
52.0
43.67
41.33
29.33
22.33
13.67
21.33
23.33
12.67
14.33
16.33
8.67
-1.33
29.0
15.33
22.67
0.67
3.67
19.0
1.67
0.33
19.0
9.33
10.67
16.0
13.67
17.0
10.67
10.33
1.33
19.67
3.0
3.67
4.0
6.33
18.67
4.0
-2.0
15.0
37.0
16.67
-1.67
14.33
22.0
19.67
9.0
6.33
9.33
8.0
19.67
10.67
10.0
14.67
7.0
13.67
13.33
6.67
16.33
4.33
3.67
18.33
18.33
3.33
3.33
5.33
8.0
21.0
5.33
6.67
6.0
7.67
10.67
1.67
6.33
11.33
13.33
16.0
8.0
19.33
4.33
18.0
7.67
14.67
3.33
13.0
1.67
2.0
14.67
19.33
0.33
12.0
8.33
10.67
15.33
5.67
5.67
11.0
2.33
13.0
10.33
10.33
19.67
3.0
15.0
16.33
2.0
14.33
2.33
5.67
3.67
7.0
5.67
-3.0
2.67
10.33
3.67
5.0
10.67
10.67
10.67
-3.33
10.0
5.0
10.33
-3.0
17.33
8.33
-1.0
16.33
20.67
3.0
10.33
8.33
8.0
11.33
2.67
7.33
13.33
-0.67
14.33
-1.0
7.67
-2.33
18.33
6.0
6.33
19.67
6.67
4.0
3.67
-2.67
16.67
-7.33
6.33
9.0
-4.67
-4.67
6.67
3.33
7.0
9.67
5.0
2.33
5.67
5.0
7.33
15.0
-1.0
3.0
8.0
9.33
17.33
9.33
14.33
6.0
7.0
14.33
8.67
18.33
15.0
12.0
9.33
14.67
21.33
25.33
15.67
17.67
-3.33
-3.0
4.67
16.67
14.33
16.33
12.0
24.33
17.0
5.67
-4.67
1.33
5.67
7.0
5.0
14.33
13.0
10.33
9.67
1.33
1.33
17.0
6.33
9.0
3.67
8.33
1.0
7.67
2.67
0.67
7.33
-3.33
9.33
16.67
8.67
6.33
13.0
3.33
3.33
9.67
0.33
9.0
25.0
5.67
-10.33
-2.67
2.0
3.67
9.67
2.67
0.67
17.33
8.67
15.0
0.67
1.0
-6.67
7.33
2.0
-1.67
1.67
23.33
9.0
5.67
2.33
5.33
-1.0
4.33
-6.67
4.67
15.0
4.0
0.0
1.67
15.0
10.0
10.0
8.0
7.33
-2.33
13.67
4.67
-3.67
-1.67
15.67
16.0
15.0
4.0
-4.67
-0.67
18.67
2.67
-4.0
7.0
1.0
-6.33
-1.33
2.0
6.33
-4.0
20.67
-1.67
-0.67
1.0
-3.33
-0.67
12.33
11.33
5.0
16.33
-5.0
4.33
10.0
9.67
2.67
8.67
6.67
-4.0
6.67
3.33
9.0
-12.33
-4.33
6.67
-3.0
3.0
-2.67
-6.33
-1.0
-3.67
4.0
11.0
8.67
3.33
2.0
-3.0
-4.67
-9.0
4.33
-4.0
5.67
9.67
-9.33
3.33
10.0
-11.0
8.0
6.33
5.67
2.67
6.33
-11.67
-3.67
5.33
-0.33
19.0
-0.33
5.33
-0.67
11.67
-7.33
1.0
-2.0
1.67
5.33
-4.0
2.33
7.33
0.33
-3.67
-1.33
6.0
9.0
7.67
-3.33
13.33
-2.0
-3.67
4.33
3.33
-10.33
4.67
-7.67
-0.67
-2.33
2.0
-8.67
8.33
3.0
0.0
2.67
5.0
-2.0
-1.67
-6.67
-3.33
3.67
-8.0
-1.33
9.33
8.0
2.33
13.67
12.33
15.33
7.67
-3.0
2.0
5.33
-5.33
-1.0
8.33
11.67
6.67
10.0
1.67
12.67
6.0
8.67
6.33
15.67
6.67
5.67
11.0
9.0
15.67
9.67
9.33
9.33
31.0
22.67
0.67
13.0
4.33
19.33
11.0
5.33
19.0
4.0
1.67
10.33
12.0
2.67
-1.0
11.0
-0.33
-1.0
5.33
-1.33
0.33
-3.67
-3.0
9.67
1.67
-4.0
2.67
-10.67
3.67
3.67
-0.67
4.0
4.67
3.33
0.0
-4.33
0.33
5.0
0.0
5.0
-3.0
13.0
4.33
2.0
4.67
2.67
5.67
-1.67
-3.0
8.0
-13.67
0.67
-2.33
-0.67
-6.0
4.0
-1.0
3.0
1.67
-10.33
8.33
-4.67
-4.67
1.33
-6.33
3.0
9.0
5.33
-1.0
2.67
3.33
-7.67
3.0
4.0
3.33
7.67
9.0
3.33
-0.67
5.67
-3.67
0.67
2.0
0.0
5.0
-3.33
-0.67
-3.0
3.67
1.67
2.67
6.33
1.33
5.67
-0.33
0.33
-4.33
0.33
2.0
-2.0
-3.0
1.67
-1.67
12.0
-0.67
-2.67
5.0
2.0
4.67
0.33
10.0
-1.67
-1.33
0.0
1.67
5.0
-5.33
5.67
5.0
3.33
7.0
0.67
-2.0
5.67
-2.67
3.0
-8.0
2.67
-3.0
7.33
3.0
-2.67
0.67
8.0
7.67
0.0
1.0
7.0
8.0
10.0
5.0
8.33
13.0
5.33
6.67
1.33
5.67
-2.67
0.33
7.67
7.67
14.33
-3.33
3.33
5.0
2.67
2.33
1.67
4.0
-4.33
9.67
-3.67
2.67
9.67
1.33
-2.33
5.0
-2.67
11.0
8.67
0.0
-0.33
7.67
11.0
2.67
-2.0
-6.0
5.67
6.0
8.67
8.0
4.33
6.0
-6.33
-1.0
8.67
-2.33
-4.0
-3.33
1.33
-2.33
2.33
-0.33
-0.33
5.0
0.33
1.0
-4.33
-3.67
0.67
0.67
3.67
2.67
4.33
0.67
5.67
0.0
4.0
1.0
2.33
4.67
-0.33
-0.67
-3.0
1.0
-4.0
-1.0
-4.67
-2.33
3.0
2.67
0.0
2.33
0.33
1.33
-0.67
4.0
3.33
2.67
-1.0
5.33
2.67
3.67
0.33
4.0
2.0
3.33
-2.67
-4.33
2.0
1.33
-0.33
0.33
7.67
-6.67
5.0
3.67
5.0
0.67
8.33
-1.67
-3.67
2.33
3.33
5.33
1.0
6.33
4.33
-2.33
-2.67
4.67
1.67
4.0
2.0
0.33
6.33
-1.33
3.0
2.33
4.67
-1.0
-2.33
6.33
6.33
2.67
-1.0
-2.67
2.33
1.33
5.0
-1.67
-5.0
0.0
-2.0
-1.67
0.0
1.33
1.33
1.0
4.67
0.67
-3.33
-1.33
0.0
6.0
6.67
3.67
0.0
