0.0
-62.0
50.0
83.0
79.0
82.33
40.0
45.67
-30.67
5.33
60.0
72.33
55.67
36.33
-15.33
109.33
9.67
32.33
0.67
22.33
13.33
1.67
2.33
-22.33
14.33
-2.67
-5.33
-3.67
2.67
0.67
-0.67
-7.67
-1.0
-4.67
4.33
2.33
3.67
0.33
1.67
0.33
1.0
0.0
0.33
0.0
0.67
-1.0
0.67
0.0
0.0
0.0
-0.67
0.33
-0.67
0.0
0.0
0.67
-1.0
-0.33
0.67
0.0
-1.33
1.0
0.0
-0.33
1.0
-0.33
0.0
-0.33
-0.33
-0.33
-0.33
1.0
1.0
1.0
0.0
1.0
-0.67
0.67
0.0
-0.33
1.0
1.0
0.67
0.0
-0.33
0.33
-0.33
4.0
0.67
0.33
0.0
-0.67
-1.67
1.0
-1.33
-0.33
-0.33
-0.67
-0.33
-0.33
-1.0
-0.67
-1.0
-1.0
-0.67
-1.33
-1.0
1.0
0.67
-0.67
-0.33
1.33
-0.33
-0.67
0.67
-0.33
0.0
-1.33
-1.0
1.33
2.0
1.33
-3.0
-1.0
0.67
0.33
1.67
1.33
-0.67
-2.0
5.33
-0.33
-3.67
3.0
-2.33
0.0
-3.67
-3.33
1.33
-2.67
0.67
-3.33
-4.0
-1.33
-2.67
0.67
-2.67
-4.0
-0.33
-3.33
4.67
-1.33
4.67
-1.33
3.0
8.33
-2.33
-2.33
4.0
6.33
0.33
-0.67
-2.67
0.0
5.0
0.33
-0.67
-2.0
7.67
0.33
8.67
-5.33
12.33
1.67
-2.67
3.0
3.33
2.67
0.33
0.67
2.67
6.33
-0.33
2.0
1.33
-3.33
-3.0
2.0
-4.0
-8.0
6.0
-7.0
4.67
6.0
-1.67
3.67
5.67
-1.33
4.67
-1.0
-2.0
6.67
4.0
8.33
-1.67
-2.0
-3.0
10.33
1.33
-2.67
-3.67
-10.0
-1.67
-3.67
0.33
3.67
-6.33
2.67
-1.33
2.33
-0.67
4.67
1.0
-0.33
-2.67
1.0
-4.0
4.67
4.0
1.33
-1.0
6.67
0.0
4.0
0.67
0.67
2.0
0.67
-6.0
0.33
1.0
7.0
1.0
-4.33
5.67
6.67
2.0
8.0
0.33
-0.67
3.33
1.67
-2.67
1.33
4.67
6.33
2.0
0.33
-4.33
-4.0
-1.67
-0.67
1.33
-0.67
2.33
-1.67
5.67
4.0
0.67
5.67
-0.33
-7.0
-2.33
0.67
7.0
-2.33
-1.33
2.0
1.67
-1.33
-2.67
4.33
0.0
6.67
2.33
6.33
3.0
-6.33
3.33
6.0
7.0
3.33
4.33
3.0
-4.0
3.33
11.67
2.67
0.67
0.0
3.67
6.33
3.67
-2.33
-1.0
3.67
0.0
-1.67
2.67
5.33
5.33
8.67
1.33
9.33
5.0
-2.0
3.0
-3.0
0.33
6.67
6.0
-0.33
8.33
5.67
-2.0
9.0
6.67
0.33
-0.33
1.33
-1.33
-1.33
0.0
1.33
0.67
-0.33
-1.0
-1.33
-3.67
1.0
1.33
4.0
5.33
-2.33
0.0
1.67
3.33
-1.67
6.33
2.67
3.0
-2.33
-2.67
-1.33
-2.33
1.33
-1.67
0.67
-0.33
3.67
-1.67
-0.67
2.67
-3.33
-5.33
2.67
-3.67
3.0
5.33
4.67
0.33
-2.33
1.67
0.0
7.67
2.33
-6.0
0.67
5.33
10.0
-1.0
3.0
0.33
-1.33
3.33
6.0
5.0
2.33
2.33
0.0
-3.33
6.33
-2.67
7.67
4.0
4.0
1.0
2.67
-1.67
5.67
4.0
4.33
0.67
5.33
-1.67
-2.67
6.0
2.0
4.0
-3.33
0.67
-7.0
-0.67
-0.33
2.67
-1.0
3.33
-2.67
0.67
2.33
6.0
4.67
3.33
7.33
4.67
-2.0
0.33
-1.67
1.67
-0.33
2.0
1.67
-4.0
2.0
8.33
5.0
0.67
0.33
-3.67
1.33
2.33
-0.33
-3.33
2.0
0.33
-5.67
-2.0
-2.33
-2.67
1.33
-3.67
-5.67
1.0
2.33
-2.0
4.33
0.33
3.0
2.67
-2.33
0.0
-2.0
1.33
1.33
9.33
-1.33
1.67
-2.0
-2.33
0.0
-5.0
-3.0
7.67
-4.33
0.0
5.67
-1.33
3.0
3.0
0.33
0.67
-1.33
-1.33
-0.67
-1.67
-1.0
-7.0
-2.67
0.33
3.33
3.33
-1.33
2.33
0.67
7.0
0.67
-1.33
-1.33
4.67
-0.67
-0.67
1.33
-3.33
-3.0
-0.67
2.33
4.0
-4.0
2.33
-2.67
4.0
0.33
5.67
-2.33
4.0
-1.67
4.67
2.67
5.0
-3.0
5.0
2.33
2.33
0.67
-3.0
3.0
-0.67
3.0
1.67
3.67
2.0
5.0
3.67
-2.67
-0.33
-0.33
-4.33
-2.0
2.67
8.0
1.67
1.0
-1.33
1.0
3.33
0.0
-1.0
-2.0
-1.33
-1.0
-3.0
5.0
-1.0
1.67
-2.33
-3.67
-1.67
3.33
4.33
1.0
4.67
-0.67
5.0
-1.0
-6.67
0.33
3.0
2.67
5.0
3.67
-3.0
-2.0
0.0
-0.33
-1.67
-4.0
-0.33
-1.0
0.33
1.67
-2.67
-4.67
1.0
2.0
0.67
1.33
0.0
-1.67
-1.67
3.0
1.0
-1.67
1.0
-1.67
-2.0
0.0
2.0
1.0
0.0
-1.0
-2.33
-1.33
-0.33
-2.0
5.67
0.0
-1.0
-2.33
2.33
2.33
-4.33
6.0
1.67
-0.33
6.67
-1.0
-0.33
0.0
-3.33
1.33
-3.67
2.67
-2.0
1.67
2.0
0.67
-2.33
2.0
2.67
-2.67
-1.0
-4.0
-1.0
2.67
-1.0
4.33
3.67
-1.67
-3.0
-5.67
-0.33
-3.0
-1.67
0.67
-2.33
-2.0
-0.33
-2.0
0.67
-1.33
-3.0
-1.33
4.0
-0.33
-1.67
1.0
-2.67
-3.33
-3.33
2.0
-2.33
-0.67
-3.0
0.67
0.33
-2.0
3.33
-1.0
-0.33
-4.0
-1.33
0.33
-2.33
2.33
-5.33
-2.0
0.33
-2.0
1.67
4.0
-3.33
-1.67
-7.0
3.0
0.67
0.33
-5.0
-4.67
-2.67
-2.0
-0.67
-2.0
1.33
-0.67
-3.67
-1.33
2.0
0.33
-0.67
3.0
-3.67
-7.0
-4.67
0.67
1.67
1.33
-5.33
-3.33
-3.67
-8.67
-6.0
0.33
-2.33
0.67
-5.0
4.0
0.67
-4.33
-2.67
3.0
-6.33
0.0
2.67
-6.33
-4.33
5.33
-1.0
-4.67
-4.33
-5.0
-1.0
-1.67
1.67
1.0
-3.67
-4.67
-8.0
-1.0
3.67
-5.67
0.33
-4.33
1.33
6.33
-7.33
-2.67
5.67
-1.0
-1.0
-2.33
-7.67
-3.67
-7.33
-6.67
-6.0
-7.33
-9.0
-3.0
-4.33
-3.67
2.0
-2.0
-3.0
3.67
-5.0
-3.33
-5.67
0.33
3.0
1.33
-2.0
0.0
1.33
-6.67
-3.67
2.0
1.33
-0.67
-7.0
-4.67
-1.33
4.0
0.67
-3.33
-1.67
-5.67
-6.0
1.67
0.67
-0.67
0.33
-7.0
2.0
2.33
-8.33
-5.67
-4.67
-5.33
-3.67
1.67
1.33
-2.0
-6.67
2.33
4.0
-4.67
-8.67
-5.0
-9.0
-3.67
-3.0
0.0
-3.33
-7.0
2.33
-2.67
-5.0
0.67
2.33
-5.33
-6.33
-3.0
-1.33
-11.67
2.0
-1.67
-5.33
1.67
-2.0
-4.0
-2.67
-9.67
-3.33
0.0
-5.67
-0.33
-7.33
0.33
-4.67
-6.67
-7.33
-2.0
-4.67
1.33
-6.67
-2.33
0.0
-3.33
-7.33
-2.0
1.33
-5.0
3.0
-12.67
0.0
4.33
5.67
-4.0
-3.0
4.0
1.33
-4.33
-1.67
-1.0
-8.0
-6.0
-9.0
-7.67
-6.0
-3.33
-1.33
-2.33
-3.33
-6.33
0.0
0.33
-4.67
-1.0
-2.0
-0.33
-4.33
-1.33
1.0
-9.0
-5.0
-4.67
-1.33
7.33
-1.0
-3.67
-3.67
-4.33
6.33
-4.33
-5.0
2.33
-9.0
-13.67
-3.0
-4.0
3.33
-4.67
-0.67
-8.67
-1.33
2.33
-7.0
-6.67
-4.33
-12.67
4.33
-1.33
-5.0
-3.33
1.33
1.33
-5.67
0.33
-18.33
5.33
-0.67
-0.33
1.33
0.0
-3.0
-3.0
-2.0
-1.0
-7.67
-4.0
3.0
-12.0
-8.67
1.0
-6.0
4.0
-0.33
-4.33
0.33
-3.67
4.33
8.0
-4.0
-11.0
1.33
-0.33
-0.33
-7.0
-0.33
-2.33
-4.0
1.0
3.0
-5.33
-2.67
-3.33
1.67
2.33
-3.33
0.67
2.33
-0.67
-6.33
18.0
-4.67
5.67
0.33
3.67
5.0
2.33
1.67
-3.67
0.33
0.0
6.33
-3.67
2.0
-7.33
1.67
4.33
-8.0
-0.67
-0.67
-6.67
-6.33
-7.33
-13.33
-1.67
1.0
-3.67
1.67
2.67
6.0
1.67
-11.67
5.33
-4.67
-1.67
-6.33
-5.0
4.0
7.0
3.67
-3.33
-1.33
10.33
-2.0
4.0
-4.0
0.0
-1.67
-3.0
7.33
11.33
-7.33
5.33
7.33
8.33
7.0
8.67
4.33
2.0
12.0
12.67
11.33
17.67
20.33
25.33
26.33
16.67
20.33
38.33
38.0
25.0
29.67
28.0
18.67
45.0
26.33
26.33
26.67
44.33
17.33
26.33
16.67
25.0
25.0
19.0
22.0
18.33
12.0
12.0
10.33
6.67
6.67
-0.33
-5.0
10.0
8.0
1.0
0.33
4.33
1.33
2.0
7.0
-1.33
11.0
-2.33
3.33
-9.0
2.0
-3.33
10.33
-1.33
4.33
8.33
3.33
4.33
15.33
20.0
4.0
5.67
9.33
-2.67
2.67
9.67
-8.0
1.0
2.0
9.33
1.67
8.0
7.67
0.0
11.0
-2.33
1.67
5.33
-0.33
5.67
8.0
7.0
8.33
4.33
4.33
-2.0
12.0
1.67
-1.0
3.33
2.33
1.0
3.67
2.67
1.67
8.33
3.0
2.33
0.67
7.33
1.0
11.67
3.0
9.33
-4.0
13.67
4.0
7.33
2.33
11.67
9.67
13.67
8.67
4.33
3.33
4.0
11.0
-2.33
7.0
4.67
-1.33
4.33
-3.67
5.33
1.67
3.33
8.67
13.0
1.33
2.0
11.33
13.33
4.33
5.67
6.33
-2.33
-6.33
8.67
12.0
7.33
9.67
1.0
17.33
5.33
3.67
6.0
2.33
-1.67
12.0
13.0
10.0
-7.0
2.0
16.0
10.67
2.67
9.33
5.0
6.33
11.0
15.67
23.33
6.0
1.67
4.33
22.67
12.67
-1.67
6.67
8.33
11.0
1.67
7.67
18.67
1.33
6.67
5.67
4.0
6.0
0.0
-0.33
4.67
3.33
15.0
9.0
11.33
8.33
2.33
1.33
11.0
5.0
5.0
11.67
-1.0
6.67
6.33
8.0
16.33
5.33
-1.0
6.33
11.0
12.33
10.33
12.67
8.0
3.0
3.0
6.67
-4.33
9.0
0.67
5.67
9.33
8.67
2.67
9.67
10.67
5.33
6.0
11.67
15.67
-2.67
11.0
13.67
5.33
10.33
11.0
8.0
14.67
10.0
2.33
-1.33
5.0
4.67
3.0
14.67
1.33
7.0
2.67
4.0
9.0
2.33
9.33
9.0
7.33
14.0
1.33
4.67
1.33
1.33
7.0
15.0
6.67
7.33
5.33
12.67
2.0
-7.33
6.33
19.0
7.33
7.33
13.0
17.67
9.33
13.0
17.0
23.67
22.33
19.0
19.67
27.0
28.0
33.33
38.67
72.33
60.67
78.0
65.0
88.33
116.67
125.33
125.33
152.0
172.33
183.67
201.0
197.33
217.0
232.0
228.33
265.0
257.33
249.33
294.67
283.67
258.67
295.33
283.0
281.0
303.67
297.33
259.33
232.67
221.67
190.33
169.33
174.33
123.0
126.33
106.33
87.67
66.0
61.0
43.67
40.33
21.33
24.33
40.67
17.33
23.33
9.67
11.33
11.33
9.67
2.67
15.0
18.33
6.67
1.67
-7.33
6.0
2.67
4.33
14.0
2.33
6.67
18.0
8.67
20.0
0.67
13.33
8.33
3.67
10.0
-1.33
19.0
4.33
10.67
8.0
-5.0
4.0
5.0
8.67
0.33
19.33
4.0
13.67
16.0
4.33
14.33
-2.0
19.67
3.67
8.0
5.67
8.0
18.67
6.33
4.67
7.33
2.33
5.67
8.33
8.33
16.33
13.33
10.33
11.0
19.0
16.33
4.67
3.0
15.67
8.67
10.67
-3.67
7.33
7.33
7.0
15.0
2.33
3.33
-3.0
1.67
11.67
0.33
1.0
13.67
5.0
5.67
27.33
13.33
10.0
0.33
6.67
5.33
5.67
1.67
16.0
-0.67
17.0
19.33
4.33
8.67
11.0
8.0
33.33
8.0
6.33
6.33
6.67
9.67
4.0
9.67
7.0
1.67
2.33
4.67
-10.0
3.67
13.67
9.67
-2.33
4.0
5.0
10.33
-3.0
3.33
4.33
5.0
10.33
3.67
3.0
7.33
-0.67
4.0
-9.67
11.67
1.33
9.33
5.33
11.33
1.0
5.67
-0.33
9.33
-5.0
-2.67
-0.33
1.67
6.0
-9.33
6.33
-3.33
-6.33
-3.67
3.0
-12.67
-2.67
-7.33
2.33
17.0
5.67
9.0
8.33
8.67
7.0
13.33
5.0
4.0
0.0
0.0
7.33
4.33
1.33
5.33
-9.0
0.0
5.33
1.67
4.33
4.0
-4.0
17.33
11.67
8.33
19.33
7.67
-1.33
3.67
12.0
8.67
5.67
-10.67
1.33
7.0
9.33
-4.0
9.67
7.33
1.33
-2.33
7.0
11.0
13.33
6.0
11.33
8.67
9.33
5.33
7.0
1.33
-2.0
-0.33
-9.67
1.0
3.67
-2.33
3.67
1.33
-4.33
-4.67
9.67
13.67
2.33
-7.0
-0.67
1.33
5.67
7.33
-4.0
3.0
-2.33
-2.33
1.33
0.0
-5.33
1.67
0.67
0.67
11.33
8.67
0.0
13.67
-2.0
-0.67
13.33
0.0
12.33
6.67
16.33
5.0
13.67
5.33
21.33
23.0
4.33
9.33
-4.33
9.0
6.0
-8.0
7.67
15.0
20.0
23.0
16.0
16.33
8.67
7.67
8.67
6.33
1.33
0.67
27.0
5.0
1.0
12.33
14.33
18.67
6.67
-1.0
10.0
5.0
-2.33
-1.33
12.0
-7.67
11.0
7.67
6.33
0.33
9.0
7.67
0.33
5.33
6.33
11.0
-3.67
-11.0
-2.67
10.0
3.67
2.67
-6.33
5.67
-2.0
6.67
-2.67
4.0
-6.33
-10.33
-4.33
5.0
-6.0
1.33
-4.33
8.0
0.33
1.0
8.0
2.67
5.33
4.0
-6.0
2.33
-11.0
-4.67
-2.0
-0.33
-1.33
5.67
7.33
-3.0
-5.0
2.0
-2.67
-7.33
-1.33
9.33
-5.67
7.33
7.33
-0.33
-2.0
-4.33
-0.67
-8.67
-1.33
6.67
3.0
-8.0
15.67
-1.67
-4.0
4.33
2.33
-1.67
-1.67
-5.33
6.0
8.0
-4.33
-6.33
2.33
-2.0
2.33
8.33
-2.67
-7.33
15.67
2.33
-6.67
17.67
-2.0
-5.67
13.33
5.0
-6.0
-1.33
7.0
3.0
4.33
2.33
5.67
5.67
3.0
-3.33
3.33
6.0
3.33
6.67
5.33
2.33
-3.33
13.0
3.0
5.33
2.67
5.0
-2.67
10.67
8.67
9.0
8.67
12.67
8.0
2.67
5.33
18.67
10.67
1.67
2.0
5.0
8.67
9.67
3.33
22.33
10.0
10.67
0.67
3.0
20.33
9.33
3.0
0.33
14.0
-2.0
14.67
0.33
6.0
17.67
12.0
2.0
9.67
12.0
0.33
2.67
8.33
-4.67
5.0
-0.33
1.67
-1.0
0.67
-0.67
3.67
-3.33
0.33
-1.0
5.67
5.33
4.0
-2.33
2.33
-5.0
0.0
11.0
3.0
0.0
2.33
4.0
3.67
0.67
3.67
3.33
4.0
-4.0
-1.67
-4.33
-6.33
-0.67
0.0
0.0
-3.0
-2.0
-0.33
1.67
0.33
3.33
-4.67
3.33
4.67
9.0
2.0
-1.67
2.0
-3.33
-7.67
4.33
-2.0
-5.0
-3.67
-4.33
1.0
0.33
3.33
-5.33
4.33
3.67
3.0
7.0
2.0
-8.33
-1.67
-2.0
-0.33
4.67
-6.33
-3.67
1.33
1.67
-2.33
8.33
-4.33
3.33
-3.0
6.0
5.0
4.67
-3.67
4.0
2.33
-8.67
10.0
2.0
-5.33
-3.67
3.0
-0.67
-3.33
6.0
8.67
5.0
0.67
9.67
6.0
-2.67
-3.0
6.67
-2.0
-0.33
1.33
5.0
-1.0
-4.33
-1.0
6.33
-3.0
2.33
4.67
6.0
6.67
8.0
-1.0
-6.0
7.0
1.0
-7.0
5.33
5.0
-3.67
0.67
1.33
1.67
-2.67
6.33
9.67
-6.33
5.33
-3.33
3.33
18.0
1.67
4.33
13.67
2.0
-0.33
7.67
7.33
0.67
5.67
7.33
5.67
5.0
0.33
-2.0
5.67
10.0
-1.33
5.67
4.0
-2.33
-2.0
3.0
-0.33
1.0
3.67
8.0
9.33
2.0
5.67
0.0
0.67
-0.33
-2.0
2.67
-2.67
-5.33
-0.67
0.67
-3.33
-2.0
-0.67
3.0
-1.33
-6.67
-3.33
6.67
5.67
6.67
7.33
3.67
1.67
-6.0
0.0
-1.0
6.33
5.67
5.67
-0.67
2.0
8.0
2.0
-1.0
4.33
-2.33
4.0
1.67
-2.0
0.33
8.33
6.33
6.33
5.0
1.33
8.67
3.0
0.33
4.67
5.67
2.33
7.0
0.0
-1.67
5.33
-2.33
3.0
0.33
0.67
6.33
1.67
-0.67
2.0
-1.33
3.0
0.67
1.33
-2.67
-1.67
5.33
2.33
7.33
-1.0
-0.67
-1.67
0.67
4.33
-0.33
-1.33
2.0
1.0
-2.67
2.33
1.67
1.0
-2.67
-2.33
1.0
3.67
5.33
3.33
-0.33
1.0
-1.67
3.33
1.33
-1.0
0.33
3.0
-1.0
-2.0
-0.67
-2.0
-5.67
1.33
0.0
0.67
-2.33
-4.33
0.67
-2.0
-3.0
2.67
4.67
4.0
