0.0
-75.0
-3.0
11.0
36.0
26.33
25.0
3.67
-19.67
-44.67
-28.0
84.33
21.67
80.33
-64.33
64.33
37.67
45.33
48.67
-5.67
-5.67
2.67
13.33
-19.33
8.33
-7.67
-2.33
-6.67
4.67
2.67
1.33
-5.67
2.0
2.33
4.33
1.33
-0.33
-0.67
-0.33
0.33
1.0
0.0
0.33
2.0
-0.33
-1.0
-0.33
0.0
0.0
0.0
-0.67
0.33
-0.67
0.0
0.0
-0.33
-1.0
-0.33
-0.33
0.0
-1.33
1.0
0.0
-0.33
0.0
1.67
0.0
-0.33
-0.33
-0.33
-0.33
0.0
0.0
0.0
-1.0
0.0
-0.67
-0.33
1.0
1.67
0.0
0.0
-0.33
0.0
-0.33
-0.67
-0.33
1.0
-0.33
-0.67
-1.0
0.33
-1.67
0.0
-0.33
-0.33
0.67
0.33
-0.33
-0.33
-1.0
0.33
0.0
0.0
1.33
-2.33
-2.0
0.0
1.67
-1.67
1.67
1.33
1.67
-2.67
-0.33
-0.33
-2.0
-1.33
0.0
0.33
2.0
1.33
1.0
0.0
-2.33
-0.67
1.67
4.33
4.33
-5.0
-2.67
-1.33
-2.67
1.0
2.67
0.0
0.33
-0.33
0.33
2.33
-0.33
-3.33
-4.0
-1.33
1.33
1.67
-4.67
-2.0
6.67
-6.33
4.67
1.67
1.67
0.67
1.0
7.33
-4.33
4.67
4.0
3.33
5.33
-7.67
-1.67
3.0
2.0
6.33
5.33
1.0
4.67
0.33
-1.33
3.67
0.33
-5.33
2.33
-6.0
2.33
-0.33
-1.67
-4.33
-3.33
3.33
-0.33
-7.0
-2.67
8.67
8.0
1.0
9.0
-2.0
2.0
-4.0
4.67
2.0
12.33
-2.33
0.67
-1.33
-2.33
6.0
5.0
-0.33
0.0
4.33
-3.67
-1.0
-2.0
0.33
-5.67
-1.67
-1.67
-1.0
-0.67
8.33
3.33
7.67
-5.33
3.67
5.67
7.33
-0.67
-2.33
7.0
-1.33
-0.67
-4.0
-1.0
3.67
6.0
2.33
6.0
-2.33
-3.0
0.0
0.67
-4.33
-1.0
-4.33
0.0
1.33
0.0
0.0
1.0
-3.33
1.67
2.67
0.0
9.0
3.33
-2.67
-0.67
-5.33
0.33
1.33
-1.33
9.33
-2.0
-1.67
-1.33
2.0
-1.67
4.33
-3.67
5.33
4.33
3.33
1.67
6.0
0.67
3.67
-0.33
-3.0
-3.33
0.67
6.0
5.67
-5.33
-2.0
2.67
-4.33
1.33
-1.67
-3.0
0.67
1.33
3.33
14.0
-6.33
-2.67
6.0
1.0
0.33
0.33
1.0
0.0
-2.67
3.67
6.67
3.67
1.0
3.67
2.33
1.67
1.67
-4.0
3.67
1.0
-1.67
-5.33
7.33
5.33
7.67
-5.67
6.33
0.0
6.0
2.0
1.0
-6.67
5.67
-2.0
-6.33
5.33
-0.33
-6.0
4.0
6.67
4.33
3.67
-0.67
-3.33
-5.33
1.0
0.33
-7.33
0.67
2.0
1.67
-1.67
4.0
-3.67
2.0
2.33
4.67
-4.0
2.67
6.33
-3.67
3.33
-4.33
6.0
-1.33
2.33
-0.33
-3.33
-4.67
-6.67
1.67
2.67
3.67
-4.67
1.33
1.67
-3.33
-1.33
-1.33
-1.67
-5.0
5.33
-0.33
-0.67
0.67
4.67
-3.0
2.67
0.33
1.0
-3.33
-5.67
3.0
-1.0
1.0
0.33
-1.33
-2.67
5.0
3.0
1.33
2.33
6.0
-2.33
-1.67
3.33
-1.33
6.0
1.0
0.0
2.67
1.33
-0.33
2.0
0.33
0.67
1.33
1.33
-0.67
0.0
1.0
0.0
-0.33
0.67
-2.0
0.33
-3.33
0.67
0.0
6.33
4.33
2.67
8.33
-1.0
4.67
3.33
3.33
2.67
-4.0
2.33
-2.67
-2.33
1.67
5.0
-2.33
0.0
4.0
1.33
2.0
6.67
-2.67
-2.67
-2.67
2.33
-4.33
-2.33
3.0
-2.67
-4.67
0.0
7.67
-0.67
-1.67
-1.67
-4.67
3.0
6.33
1.0
0.33
-1.67
0.0
2.67
0.67
-2.0
-1.0
-3.67
-1.67
-1.67
-2.33
-0.33
-4.0
4.67
3.0
-5.0
1.0
2.67
-0.33
4.0
9.67
-3.33
0.0
-1.0
1.33
-1.33
1.67
5.67
-2.67
3.33
2.0
2.0
0.33
0.33
-6.67
-3.67
-1.33
-0.67
-0.33
-1.0
1.67
-1.33
1.67
7.67
-0.67
-0.67
-2.67
-5.33
-1.0
0.33
-4.67
-1.0
-1.0
0.33
4.33
5.0
1.33
-1.33
-5.33
-1.0
-1.67
0.67
-0.33
6.0
0.0
3.0
2.33
-4.67
0.67
-3.0
2.0
1.33
-1.0
1.67
-5.33
-2.0
4.0
-2.33
0.33
-1.33
2.67
-3.33
-2.0
-0.33
-3.0
-0.33
3.0
0.67
-2.0
8.33
3.0
1.0
-3.0
-2.33
0.0
3.0
1.0
-1.0
-0.33
4.67
-3.67
1.33
-4.67
4.33
-3.0
-0.33
-2.67
0.0
-3.0
-0.67
-1.67
0.0
6.67
-1.0
2.67
1.0
3.0
0.0
-0.33
0.33
-3.0
-2.33
2.0
-3.67
3.67
3.33
-2.67
-1.0
3.0
1.67
3.33
-1.0
-1.67
-1.67
1.0
-4.0
-2.67
1.0
-4.67
0.0
-3.0
1.0
-3.0
2.0
1.0
-3.33
-0.33
-2.33
-1.0
-1.33
0.0
0.0
-3.33
-0.67
-4.67
2.67
-1.0
3.67
-0.33
-0.33
0.0
1.67
1.0
-4.33
1.33
-2.67
4.67
0.0
2.67
-4.0
-2.33
2.67
0.0
-1.33
1.33
-2.0
-5.0
2.0
-0.33
0.0
2.33
-0.33
-1.67
-5.0
-2.67
0.67
-4.0
2.33
2.67
1.67
1.0
2.67
-2.0
1.67
-0.33
2.0
-1.33
7.0
-2.33
-6.67
2.0
0.33
-4.33
-3.33
-1.0
-1.33
3.33
-3.0
-6.33
-3.67
1.0
-0.67
2.0
-0.33
-3.0
0.67
-4.67
2.67
1.33
-1.33
3.0
-3.67
2.0
-1.33
4.0
-0.33
-1.67
-3.0
3.0
-2.33
-0.67
1.0
-2.67
5.33
-6.0
-4.67
-3.0
1.33
-1.67
2.33
-0.33
1.0
-0.67
-3.67
1.0
-3.67
-4.0
2.33
9.67
-1.33
0.33
1.67
-3.33
-5.67
-4.67
-3.0
-0.67
-0.33
-1.33
-6.0
4.0
0.67
-5.33
-3.67
3.0
-3.33
-1.0
1.67
-2.33
1.67
4.33
-2.0
-1.67
1.67
3.0
0.0
-0.67
-1.33
-2.0
-2.67
-0.67
2.0
-4.0
-0.33
-0.67
-3.67
7.67
-5.67
-0.67
-3.33
5.33
-2.33
0.0
-4.0
-0.33
0.33
0.33
-6.33
1.33
-8.0
2.67
-4.0
0.0
-1.33
-4.67
3.0
-3.0
2.0
-1.33
-4.0
-6.33
-5.67
2.33
-1.0
2.33
0.0
-5.0
0.33
-4.67
-5.67
0.0
-4.67
-3.67
-4.0
-5.67
3.67
-2.0
-3.33
-5.33
-9.67
-2.67
-4.0
-1.33
-1.33
-7.67
1.33
-3.0
-8.0
-2.67
-0.33
-4.67
-1.67
-1.33
-4.67
-0.33
5.33
-1.0
3.33
0.33
7.0
2.33
-2.67
-1.0
-7.0
1.33
12.0
7.0
18.67
9.0
18.33
11.33
5.0
9.67
10.33
4.67
4.67
7.0
2.67
-5.67
3.0
-4.67
-4.33
4.67
-4.0
-12.0
-3.67
-3.67
-5.33
-2.0
-6.67
-3.33
-6.33
-7.67
0.33
-6.67
-1.33
3.0
-3.67
1.33
1.33
-3.33
-3.0
-7.33
1.67
-2.0
-4.67
2.0
1.0
-6.67
-1.0
3.33
-2.33
-4.0
-4.0
3.0
0.33
0.67
1.33
-1.0
-8.0
-1.0
-11.0
-10.67
-4.0
-0.33
-1.33
-7.33
3.67
0.67
1.0
-4.67
-7.67
-1.0
-4.0
-14.33
-0.33
-3.33
8.0
-12.0
-2.0
-8.67
-9.33
-4.67
4.0
-6.67
-4.67
-7.33
0.33
-5.33
-8.0
-2.67
-8.0
-6.67
-2.0
-8.0
-1.67
-2.67
-9.67
-4.67
-2.33
-8.67
-6.0
-3.67
-3.33
-9.67
0.33
-9.33
-8.0
-9.33
-2.67
-3.67
-6.67
4.33
-12.33
-4.67
-0.67
-0.33
-9.67
-2.0
-1.0
-1.0
1.0
-11.0
-5.67
-8.0
-3.0
-8.0
4.33
-1.0
-8.0
-5.0
-4.33
-1.33
3.33
0.33
3.33
3.0
2.0
-5.0
0.33
2.67
-5.33
-5.0
-1.33
-5.33
-7.0
-6.0
0.0
1.67
-3.67
-5.33
-0.33
1.33
-7.33
5.67
-3.67
-4.67
-11.33
0.0
5.33
5.67
-5.67
2.67
0.0
4.33
1.67
-1.67
4.33
0.0
-1.67
0.33
2.0
-4.33
0.67
2.33
-5.0
5.33
5.33
7.33
1.67
0.67
-5.33
1.33
11.0
0.33
1.67
2.67
0.0
-3.33
2.33
14.33
13.33
2.33
-0.33
2.0
1.0
4.0
5.67
8.67
3.67
10.33
2.0
5.0
6.0
9.0
-2.67
2.0
-3.67
2.33
2.67
10.33
16.33
20.33
7.0
10.67
11.33
24.0
-2.0
13.67
19.33
17.67
21.33
23.33
11.33
16.67
20.33
15.33
17.0
11.0
14.67
18.0
18.67
27.0
26.33
14.33
24.67
18.33
1.33
15.33
24.67
16.0
8.0
11.0
9.0
2.33
6.0
12.0
2.33
6.67
-4.33
2.67
-1.0
3.0
-3.0
-7.0
-2.67
3.33
-0.67
3.0
10.0
-1.33
-1.0
-0.33
3.33
-2.0
6.0
2.67
1.33
12.67
10.33
2.33
-1.67
2.33
2.33
12.0
-3.0
1.67
-3.67
2.33
-3.33
0.67
10.0
4.0
8.0
6.33
9.67
5.0
12.67
-3.0
-1.0
-1.33
-6.33
-0.67
6.67
-2.33
2.0
-1.0
-1.67
3.33
2.33
1.0
7.0
-4.33
3.0
4.33
-0.67
7.0
5.67
0.67
-2.33
-0.67
1.0
6.33
1.67
-3.67
3.0
3.67
6.0
7.33
3.0
8.67
0.0
4.33
1.33
-7.33
3.67
-1.33
-2.33
7.33
-2.67
4.0
-1.0
0.67
-3.0
-2.33
-4.33
2.33
3.33
6.33
-0.33
0.33
-0.33
2.0
0.33
8.0
8.33
2.33
-4.67
-1.33
-0.67
-5.33
3.67
6.67
-2.0
5.33
-1.33
-3.0
3.33
3.33
3.67
-2.0
4.33
-4.67
5.0
9.0
-8.0
-11.0
-1.0
7.0
1.67
-0.33
-0.67
-4.0
-5.67
1.0
5.67
16.33
0.0
0.67
2.33
1.67
4.67
-4.67
-9.33
9.33
5.0
7.67
-1.33
-1.33
4.33
-0.33
-1.33
3.0
2.0
0.0
-4.33
2.67
-3.67
8.0
7.0
-3.67
1.33
2.33
2.33
12.0
7.0
0.0
-3.33
10.0
-0.33
-4.67
8.0
10.33
5.33
14.0
9.33
10.0
2.33
6.33
3.67
12.0
-7.0
4.0
7.67
-4.33
-1.0
-1.33
2.67
-9.67
-5.33
1.67
-2.33
2.67
9.33
6.0
1.67
7.67
-2.67
3.0
4.67
5.33
2.33
8.0
-9.0
13.67
3.0
1.33
8.67
2.0
2.67
-7.0
-1.33
1.33
5.0
4.67
1.0
11.0
-3.67
9.33
0.0
-0.67
6.0
3.33
-3.33
4.33
-3.67
9.0
4.0
3.67
2.33
-2.67
8.67
-2.0
-3.33
2.33
11.0
5.33
-1.67
2.0
7.67
12.33
8.0
8.0
6.67
14.33
9.0
6.67
23.0
18.0
15.33
30.67
38.33
36.67
40.0
54.0
56.33
62.67
71.33
85.33
79.0
95.33
102.67
117.0
115.33
111.0
140.0
134.33
143.0
130.33
140.33
143.67
182.67
131.67
164.33
148.0
154.0
143.67
129.33
137.33
138.67
115.67
108.33
113.33
107.33
76.0
70.33
60.33
53.67
41.0
30.0
35.67
19.33
10.33
17.33
-1.33
0.33
4.33
1.67
7.33
6.33
6.67
-8.33
10.0
1.33
1.67
-2.33
-6.33
0.0
0.67
4.33
4.0
-10.67
3.67
10.0
3.67
7.0
-4.33
17.33
-3.67
3.67
3.0
3.67
-2.0
9.33
3.67
5.0
0.0
7.0
10.0
14.67
2.33
0.33
15.0
-3.33
-1.0
-0.67
12.33
5.0
16.67
3.67
9.0
3.67
1.0
11.67
-1.67
1.67
-0.67
-0.67
4.67
14.33
5.33
-8.67
9.33
-8.67
7.0
11.0
9.33
-4.33
4.0
10.67
14.67
0.67
3.33
8.33
2.33
2.0
7.0
0.33
23.33
16.0
-5.33
10.67
-0.67
-4.0
-4.33
-1.0
-2.33
7.33
2.33
3.0
17.33
4.67
-3.67
10.67
0.67
3.0
3.33
3.0
-0.67
4.33
4.67
-1.0
-2.0
7.33
-8.0
-1.67
5.33
7.67
-1.33
8.0
-2.33
4.0
10.67
-1.67
4.67
-6.0
2.67
10.67
-5.33
-7.33
-6.0
0.0
-7.67
-2.0
7.33
-2.67
6.0
0.33
6.67
7.0
-1.67
-2.67
-5.0
-7.67
6.67
4.33
2.33
-1.67
7.33
-1.0
2.67
-1.33
1.33
8.0
2.33
-2.33
1.67
6.0
-3.33
0.33
11.67
-3.33
7.33
3.0
-3.67
-5.67
7.67
0.33
1.0
7.67
1.0
-2.67
4.67
14.0
2.33
9.0
3.0
5.0
-3.0
-3.67
2.33
3.33
-3.67
9.0
1.0
1.33
-7.33
7.33
2.0
7.0
-0.67
22.67
8.33
16.33
11.67
1.67
-1.33
6.0
9.67
11.67
5.33
17.33
4.0
21.33
1.0
6.67
-2.67
2.33
0.67
0.0
9.0
13.33
3.0
-3.67
7.67
2.33
5.33
2.0
5.33
-4.0
6.67
-2.67
-2.0
1.67
0.67
-4.33
3.33
-9.33
-6.67
15.67
5.67
-1.67
-1.0
14.33
12.33
12.67
-4.67
1.0
0.0
-12.33
-0.33
-9.67
0.0
1.67
7.67
5.67
1.67
1.33
2.67
1.0
11.67
12.0
0.33
-4.67
0.0
4.33
-2.33
4.33
21.0
-1.33
3.33
6.33
-4.0
-2.67
-0.67
-8.33
12.0
0.0
5.0
11.67
4.0
10.0
7.0
12.0
1.33
3.67
7.67
4.67
10.33
9.33
0.67
14.0
0.0
1.0
11.33
10.33
12.67
7.67
-7.0
4.0
6.0
-8.33
-9.33
5.0
-3.67
4.0
11.67
3.33
8.33
2.0
5.67
-3.67
9.33
15.33
1.0
1.33
2.0
2.33
0.0
4.67
6.67
2.67
-3.33
1.0
2.67
-4.67
8.0
1.67
-1.33
4.67
-13.0
7.0
-3.67
-7.33
12.0
-4.67
-7.0
1.0
8.67
5.33
-7.0
-11.0
-4.67
-5.0
4.33
-5.0
1.67
0.67
2.67
5.33
1.0
-10.0
2.0
6.33
-7.33
2.67
6.33
-7.67
-0.67
7.33
2.67
8.0
1.67
-1.67
-8.67
9.67
3.67
3.0
-4.0
7.67
6.33
4.0
1.33
-5.67
0.33
1.33
-2.33
3.0
6.0
2.67
3.67
-2.67
-6.0
-7.67
4.33
-1.67
-13.33
-2.33
-0.67
4.33
-1.33
3.0
-6.67
11.33
7.0
-4.0
-6.33
-2.0
-5.0
2.33
-7.67
-8.33
3.67
-7.0
-5.33
-1.67
4.0
-7.67
3.67
3.33
0.33
-1.33
5.0
3.0
5.33
2.67
-2.0
-4.67
6.67
17.67
6.0
9.67
9.67
1.0
12.67
1.33
-1.33
5.67
10.67
7.0
1.0
1.67
9.67
9.33
8.33
4.0
7.67
1.67
1.0
6.33
8.33
-2.0
8.33
-2.0
12.0
4.67
6.33
4.0
5.67
8.0
-2.0
-3.33
4.0
-3.67
1.67
5.33
0.33
-4.0
2.67
1.67
0.0
-0.33
-5.67
-1.33
10.67
-9.67
1.0
10.67
6.33
1.0
7.67
0.33
-6.0
-2.0
1.0
3.0
1.0
4.33
2.0
-1.33
1.67
-2.33
-3.67
0.0
7.0
-4.67
1.67
4.67
-2.67
-1.0
-5.0
1.0
0.0
-2.33
-13.33
-1.67
5.33
-0.67
2.33
-1.33
-4.0
10.0
-1.67
-1.0
0.67
9.33
-4.67
4.0
-1.0
-0.67
4.67
9.0
0.33
-0.67
1.67
2.33
2.67
-3.0
3.0
2.0
3.67
2.33
-2.0
4.67
-0.33
-7.33
2.33
4.33
-6.33
-4.33
-3.67
-2.33
3.33
-1.0
-5.0
10.0
1.67
-0.67
6.0
0.33
-1.67
11.0
-1.0
0.67
3.33
4.0
2.33
-4.33
-4.0
5.67
2.0
-5.33
-3.33
-1.0
2.33
-2.0
0.67
12.0
1.67
-0.67
2.0
-4.0
3.67
-4.0
-2.67
7.0
-2.67
3.67
3.0
4.67
3.0
6.0
-3.0
5.0
16.0
-3.0
6.33
8.0
-4.67
-2.33
-7.67
7.67
0.33
-5.67
-3.33
-3.33
-6.67
6.67
6.33
7.0
7.67
0.33
-0.33
9.0
-8.33
4.67
-0.67
2.67
4.67
7.33
0.67
1.0
-2.67
-2.0
8.67
4.0
1.67
7.67
7.0
0.67
1.0
-1.0
-0.33
2.0
12.67
3.0
1.33
-3.0
-8.33
12.0
-1.33
-5.33
-1.0
-0.33
7.33
-3.33
-6.67
-0.33
-5.33
0.0
-2.67
2.0
-4.33
2.33
1.67
-4.33
8.67
0.67
4.33
-1.33
-1.33
-2.0
1.0
-2.0
15.33
4.67
1.67
1.33
1.0
-1.0
-2.0
-2.0
-2.67
-0.33
-1.0
-7.33
4.0
-1.67
2.33
-5.67
-1.67
3.0
-0.67
6.67
0.0
3.33
-4.33
1.67
0.33
7.0
-3.0
-1.67
0.33
-0.33
0.0
0.33
5.67
-7.67
3.67
5.33
-5.0
-0.33
-1.0
9.67
1.33
-3.67
-3.67
0.33
-1.67
4.33
3.0
5.33
-4.67
3.67
0.33
-3.33
9.67
3.0
2.0
4.33
-1.67
-1.33
-1.0
-1.67
4.67
2.0
2.67
7.33
6.33
-4.33
3.0
-0.67
5.33
2.33
-3.0
-0.67
-3.0
-3.0
0.0
1.33
1.0
-3.67
-0.67
-2.0
1.67
-1.33
-3.33
0.67
-3.0
-3.0
3.67
4.67
0.0
