0.0
-2.0
62.0
87.0
69.0
-5.67
48.0
-78.33
0.33
-20.67
-39.0
16.33
92.67
-28.67
-17.33
11.33
6.67
-20.67
51.67
-17.67
1.33
-6.33
6.33
-10.33
29.33
18.33
-7.33
-9.67
-0.33
9.67
-0.67
0.33
-1.0
0.33
3.33
4.33
-1.33
-1.67
2.67
0.33
1.0
2.0
0.33
2.0
-0.33
0.0
0.67
0.0
0.0
0.0
-0.67
0.33
-0.67
0.0
0.0
-0.33
-1.0
0.67
-0.33
2.0
-0.33
0.0
1.0
0.67
0.0
-0.33
0.0
-0.33
-0.33
0.67
-0.33
1.0
1.0
0.0
1.0
1.0
-0.67
-0.33
0.0
-0.33
1.0
2.0
-0.33
0.0
-0.33
-0.67
-0.33
0.0
-0.33
-0.67
-1.0
0.33
-0.67
-1.0
-0.33
-0.33
-0.33
-0.67
-0.33
0.67
-1.0
-1.67
1.0
0.0
0.33
-3.33
-1.0
0.0
0.67
0.33
2.67
1.33
3.67
4.33
-0.33
-1.33
2.0
2.67
2.0
-1.67
-2.0
0.33
-2.0
2.0
0.67
4.33
0.67
2.33
-0.67
-1.0
7.33
5.67
-2.67
1.0
1.67
7.0
3.33
0.67
3.33
4.33
3.67
-0.33
1.0
-3.33
8.33
3.67
7.33
2.0
4.67
-4.33
1.67
2.67
8.67
-3.33
9.0
5.33
-0.33
1.67
0.0
9.33
5.33
3.33
2.33
0.0
0.0
3.33
3.33
-5.0
5.67
2.33
3.67
1.67
10.33
1.67
2.33
-2.0
2.33
3.67
8.33
7.67
-1.33
4.33
-1.33
3.0
4.33
0.67
3.0
-1.0
-2.0
-6.0
-1.0
1.0
7.67
3.0
6.33
3.67
-0.33
-1.33
14.67
-1.0
0.0
3.67
5.0
5.33
-2.67
0.0
-2.0
6.33
0.33
-0.67
-2.67
-3.0
1.33
2.33
6.33
1.67
7.67
10.67
1.67
-0.67
0.33
6.67
9.0
2.67
0.33
0.0
4.0
7.67
8.0
4.33
-1.0
-0.33
3.0
2.0
-4.33
7.67
7.0
1.67
3.0
3.33
-6.0
5.0
7.0
-4.33
3.67
5.67
-2.0
7.0
0.33
-0.67
4.33
2.67
2.33
4.33
1.67
-1.67
7.0
1.33
-4.33
6.0
9.33
8.33
2.33
-1.67
6.33
1.33
2.67
3.0
10.67
-2.33
-1.33
-2.0
-2.33
9.67
5.0
-0.33
6.67
3.0
3.67
6.67
-0.67
0.33
0.0
5.67
-1.67
-4.67
8.0
-3.33
0.33
-3.0
2.0
8.33
6.33
9.0
0.0
0.33
5.67
7.67
6.67
6.0
-1.33
3.33
1.67
2.67
1.0
-3.33
5.0
2.33
2.67
3.33
4.33
1.67
6.33
13.33
2.0
0.0
1.0
4.0
-0.67
0.67
5.0
6.67
6.33
2.67
1.0
8.0
10.67
4.33
2.67
4.33
-1.33
-1.33
4.0
1.33
-0.33
-2.33
5.0
0.67
2.33
4.0
2.33
6.0
7.33
0.67
8.0
3.67
10.33
8.33
4.33
2.67
8.0
1.67
4.33
4.67
0.67
3.33
0.33
4.67
0.67
6.67
-2.67
1.33
0.67
-1.33
-3.33
-0.33
-1.67
-1.0
-1.67
3.67
5.33
6.67
-0.33
7.0
3.67
5.33
12.0
-1.33
1.33
-2.0
-4.0
-2.0
1.33
5.67
7.33
6.0
3.0
5.33
14.33
1.0
-2.33
-5.67
-5.67
2.67
7.0
1.0
-3.0
5.67
-1.67
2.67
-2.0
2.33
3.67
0.33
3.33
3.33
4.0
10.0
9.0
-0.33
-0.33
0.0
6.33
9.67
2.67
4.0
5.33
3.33
3.67
3.33
3.0
2.67
6.33
3.33
1.67
-1.0
0.33
3.33
2.67
1.67
-3.0
-0.33
3.0
1.0
4.33
3.0
2.67
5.33
-2.67
5.33
1.33
0.67
-0.33
-1.0
0.33
-0.67
4.0
4.67
-0.67
5.33
-0.67
-3.67
-1.0
2.33
4.0
4.33
-1.67
6.0
4.67
4.67
4.0
1.0
-0.67
3.33
3.33
-2.33
-0.33
3.0
2.67
-1.0
-1.0
0.0
7.67
-2.33
0.0
5.67
-0.33
3.0
5.0
0.33
-3.33
0.67
3.67
-1.67
0.33
3.0
-4.0
1.33
1.33
0.33
8.33
-2.33
2.33
5.67
2.0
0.67
1.67
-4.33
-0.33
-0.67
1.33
4.33
0.67
0.0
-4.67
1.33
0.0
-3.0
3.33
0.33
2.0
2.33
-0.33
1.67
2.0
0.33
0.67
0.67
7.0
1.0
-1.0
5.33
-0.67
1.67
-1.0
-1.0
-1.67
3.0
2.67
-2.33
0.0
5.0
1.67
2.33
2.67
-1.33
-3.33
-1.0
3.67
4.0
5.67
4.0
-0.33
2.0
1.33
-1.0
1.0
6.0
0.67
1.0
4.0
5.0
-6.0
2.67
-1.33
-3.67
2.33
-1.67
-0.67
0.0
0.67
-0.67
4.0
1.0
-0.67
4.33
5.0
0.67
2.0
1.67
-2.0
0.0
1.0
2.67
7.33
-2.0
-1.33
-3.0
-1.67
-3.33
-0.67
-0.67
4.0
2.0
-1.33
0.33
-2.0
0.33
5.33
-1.0
-2.0
0.33
3.0
-2.67
-1.0
2.0
2.0
8.0
0.0
-1.0
1.67
0.67
3.67
-4.0
1.67
0.0
0.0
1.67
4.33
-0.67
1.67
3.0
-2.33
0.67
5.67
2.0
6.67
7.0
-4.33
2.33
0.33
1.67
2.0
0.67
-2.0
-0.33
0.67
0.0
1.67
0.33
-1.0
0.0
-1.0
1.67
-6.0
0.33
-1.33
-2.67
3.0
-0.67
4.67
4.0
-1.67
-0.33
-0.33
1.0
-0.33
2.0
1.67
0.67
1.0
0.67
-1.0
-2.33
-2.67
0.0
7.33
-3.33
1.67
4.0
0.67
-1.67
-1.0
-6.33
0.33
1.0
5.33
1.0
8.67
-1.0
-1.33
-2.67
-2.33
-1.67
-0.33
-6.0
1.33
-5.0
-1.33
2.0
-2.33
-4.67
0.0
-4.0
-5.33
-1.67
-1.0
-1.67
-0.67
-2.0
-1.67
-4.0
0.33
-4.67
-6.67
-0.33
-1.0
1.33
6.33
-3.0
-1.67
0.0
-3.67
1.67
0.67
-0.67
-6.33
-5.33
-0.67
-3.67
-1.0
3.33
-0.33
-2.33
-1.0
1.0
1.67
-5.33
-0.67
-1.0
-2.33
-5.0
2.67
-3.33
-7.33
0.33
-4.0
-3.67
-2.33
0.0
2.0
-6.67
-0.33
-3.0
-5.67
-7.67
3.0
0.0
2.67
-9.67
-5.67
1.67
-1.67
-6.67
-5.33
-2.67
-4.33
-2.0
-4.0
-4.33
4.33
-1.67
-0.33
-3.67
-4.0
-5.33
-5.0
-1.0
-4.33
-5.67
4.0
-2.0
-8.0
0.67
-4.0
-2.33
-2.67
3.33
-8.0
-2.67
-2.0
-4.0
-4.67
-4.67
-4.67
2.0
3.33
-2.67
-6.0
-4.67
6.67
-7.0
-5.33
-2.33
-12.67
-0.67
-5.0
3.67
-3.33
-0.67
-3.67
-5.0
-7.0
-2.67
-8.33
-7.67
2.33
0.67
-6.67
-0.33
4.33
6.0
13.33
16.33
12.0
5.33
14.33
5.0
11.0
11.33
11.0
12.0
12.67
16.0
25.33
28.33
12.0
18.67
21.33
20.67
15.67
11.0
10.67
0.33
-1.0
14.33
-5.33
1.67
1.0
0.0
0.33
-6.67
-3.33
-2.0
-4.67
3.67
-4.33
-1.67
-10.67
-3.67
-1.33
6.0
-2.67
1.33
6.33
-5.33
-3.0
-9.33
1.67
1.0
-3.67
-5.0
2.0
-1.67
-4.0
-4.67
-0.33
-2.0
-1.0
2.0
-0.67
2.67
-4.67
1.0
-10.0
-5.0
-7.0
-3.67
-6.0
-1.33
-1.33
-2.33
-2.33
-0.33
6.0
2.33
-3.67
-1.0
-10.0
-2.33
-7.33
-11.33
2.0
-10.0
-4.0
-10.67
-2.33
6.33
4.0
-1.67
1.33
-6.33
-1.67
-11.33
-1.0
-3.67
-6.0
-5.67
-3.0
-8.0
-1.67
-5.67
-7.67
-7.67
-0.33
2.33
-9.0
-1.67
0.67
-11.67
-0.67
-2.33
1.0
-1.33
0.33
0.33
-6.67
1.33
-12.33
6.33
-4.67
-0.33
-3.67
-8.0
-7.0
2.0
-2.0
-1.0
-3.67
-1.0
1.0
-2.0
-11.67
-3.0
-11.0
0.0
-6.33
-7.33
-0.67
1.33
-4.67
-9.0
-5.0
-9.0
-5.67
3.67
3.67
-5.0
1.67
2.67
-5.0
-1.0
-5.0
-5.33
-0.67
7.67
3.67
-6.67
-10.33
-5.33
2.33
-1.67
-3.33
1.0
4.33
6.67
-8.67
-5.33
-4.0
-0.67
-4.33
-0.67
-1.67
-12.0
-1.67
-0.67
-5.0
-2.33
-0.33
-3.67
4.0
-10.67
-0.67
-3.67
-4.33
-6.33
-3.33
-6.67
-2.0
-5.67
-5.33
-7.33
-3.0
-2.33
-5.67
0.33
-0.67
2.33
-2.33
-6.0
-4.0
-1.0
2.67
4.67
3.67
-0.67
-7.0
3.0
-5.0
-6.0
-0.67
-2.0
-1.67
8.33
1.67
-1.67
-7.67
2.33
0.0
-3.33
-0.67
11.0
0.0
6.67
6.33
1.67
11.33
7.33
19.33
15.67
8.33
15.33
16.0
7.0
13.67
18.0
12.67
14.0
10.33
14.33
10.67
15.33
4.33
7.33
15.67
2.0
2.0
11.0
10.0
0.33
1.0
2.0
0.33
2.67
1.67
-5.33
-5.0
10.0
8.0
-6.0
-2.67
0.33
4.33
2.0
-2.0
2.67
-1.0
4.67
9.33
-7.0
3.0
-1.33
-0.67
7.67
6.33
5.33
-1.67
4.33
4.33
8.0
1.0
11.67
-2.67
-0.67
9.67
1.67
7.0
7.0
4.0
8.33
9.67
8.0
16.67
10.0
3.0
-3.33
6.67
1.33
6.67
1.67
1.0
-4.0
-3.67
3.33
12.33
0.0
12.0
5.67
7.0
17.33
3.33
5.0
9.67
8.67
4.67
3.33
9.0
5.33
3.67
5.33
10.0
3.67
12.0
10.33
-2.0
9.67
3.0
6.33
-0.67
0.67
17.67
8.67
-6.33
12.33
6.33
7.0
9.0
5.67
16.0
11.67
1.67
6.33
-4.67
4.33
5.67
11.33
1.67
-3.0
2.33
18.0
11.33
18.33
10.33
11.67
2.33
13.67
6.67
10.67
7.0
7.33
4.67
5.0
3.33
15.33
8.67
8.0
5.33
3.33
9.0
11.0
21.0
1.0
12.0
12.0
9.67
0.67
8.33
5.0
0.33
3.0
19.67
17.33
7.0
9.67
8.33
11.67
10.67
10.33
2.67
22.33
16.0
7.67
5.67
18.67
6.33
-0.33
4.67
8.0
5.0
-3.0
1.67
-1.33
-3.67
17.0
1.0
-3.67
6.33
1.33
-0.67
7.0
6.0
3.0
13.67
8.0
-0.33
2.33
5.0
-0.67
8.33
11.0
9.33
5.0
1.33
9.33
5.67
9.0
-5.0
-2.0
14.67
-0.33
11.0
0.67
6.67
5.33
7.67
5.67
2.67
12.67
7.33
2.0
7.67
8.67
0.33
16.0
4.67
-0.67
14.33
7.0
8.0
11.67
16.0
4.33
0.67
12.0
1.67
2.0
4.67
11.33
9.0
9.67
18.0
5.0
-0.67
9.33
9.0
8.33
8.0
6.33
18.67
18.33
13.33
13.0
2.0
12.67
2.33
9.33
16.67
2.0
7.67
16.33
21.0
9.33
7.33
6.0
7.67
12.33
8.0
23.0
22.67
26.33
16.0
6.67
23.0
30.0
17.33
25.67
20.33
25.67
29.0
29.0
30.33
34.67
45.33
30.33
58.0
45.33
57.67
40.0
54.33
71.0
77.0
78.33
79.0
92.33
83.33
78.67
84.67
79.67
97.33
95.0
73.0
100.67
69.33
77.33
87.67
62.67
64.33
61.33
44.33
51.0
51.33
57.33
28.67
18.0
13.0
22.67
17.33
15.33
13.33
15.67
14.33
18.33
27.67
3.33
10.33
8.67
5.67
13.0
6.33
8.67
1.67
-2.33
9.0
1.67
-4.67
7.0
1.33
5.67
10.0
12.67
4.0
9.67
0.33
6.33
0.67
4.0
5.67
4.0
10.33
9.67
15.0
0.0
18.0
20.0
19.67
-1.67
4.33
12.0
4.67
7.0
4.33
13.33
10.0
12.67
13.67
10.0
12.67
-4.0
13.67
15.33
7.67
9.33
-6.67
3.67
1.33
8.33
6.33
7.33
8.33
8.0
12.0
6.33
10.67
16.0
5.67
12.67
12.67
7.33
20.33
13.33
27.0
10.0
9.33
10.33
12.0
-2.33
9.67
14.33
2.0
3.67
2.0
11.67
2.33
7.33
19.0
15.33
5.67
6.33
-0.33
9.67
2.0
6.33
10.0
7.33
7.33
14.67
12.0
10.0
14.33
18.0
-4.67
11.33
7.67
14.67
2.0
4.67
4.0
-0.33
11.33
21.67
1.0
3.67
15.67
14.67
-0.33
16.0
13.0
0.33
0.0
14.33
10.33
2.0
10.33
15.67
8.0
-0.67
0.33
-4.0
6.33
12.67
15.33
1.33
9.33
7.33
-1.0
7.67
3.67
8.33
13.0
13.33
7.67
11.67
-5.0
4.67
2.33
8.67
5.67
7.33
8.0
-1.67
-1.67
6.67
11.33
3.0
7.67
9.0
9.33
12.67
5.0
22.33
14.0
17.0
15.0
24.0
13.33
15.33
27.33
25.33
20.0
9.0
35.33
31.67
19.33
33.0
30.0
24.33
36.67
28.33
32.33
29.67
29.67
21.67
27.0
23.67
32.67
33.33
36.33
29.0
33.33
27.0
30.67
22.33
9.33
14.67
17.0
17.0
28.33
10.0
25.33
21.67
10.33
15.33
5.0
2.33
11.0
15.67
13.33
7.0
25.67
1.67
8.67
22.33
6.67
6.33
6.67
4.67
7.33
14.0
2.33
5.33
20.67
13.33
2.0
7.0
-2.33
4.67
5.33
-3.0
0.67
-6.33
14.67
9.67
10.33
0.67
7.0
8.67
15.0
-2.67
12.33
1.0
5.33
2.67
0.33
22.0
-1.33
12.33
6.33
14.0
13.33
7.33
-1.33
6.0
24.0
17.0
7.67
13.0
16.0
15.0
2.0
7.33
4.67
12.67
18.67
1.33
24.33
6.67
15.0
8.0
3.0
-1.67
5.33
3.67
9.67
-3.0
0.0
-3.0
-3.33
-2.33
24.0
0.33
0.0
5.67
-0.67
2.33
20.0
5.67
3.33
11.33
10.33
2.0
10.33
-3.0
12.33
3.0
2.67
8.67
4.67
10.67
3.0
1.67
-0.67
12.0
10.67
-12.33
2.67
-1.0
11.0
14.33
-0.33
6.0
2.33
-5.0
3.0
1.67
7.33
8.0
-11.0
7.33
-1.0
-2.67
-2.0
-4.33
0.67
7.67
4.33
6.0
4.0
-2.0
18.33
12.67
7.67
15.33
-5.67
7.33
13.33
6.67
9.0
-6.33
10.33
9.33
3.67
-5.33
-1.0
2.0
9.67
-2.67
8.0
4.33
6.33
-0.67
12.33
-6.33
4.0
10.0
4.67
0.67
0.33
-4.0
-5.67
4.33
-1.67
2.67
1.67
4.33
7.33
4.67
10.0
3.33
13.33
0.0
1.0
6.67
5.0
4.0
-1.67
0.33
3.67
8.67
0.0
-2.33
4.33
-4.0
9.33
9.67
5.33
-1.67
2.67
8.0
-3.0
3.33
9.67
18.0
-3.67
0.67
10.67
-5.0
0.67
6.67
9.0
1.67
16.33
5.67
-0.33
3.67
5.0
13.0
-0.33
9.67
10.33
10.33
10.0
17.67
5.67
-5.0
9.33
19.33
-3.0
4.33
-3.0
11.0
4.67
8.33
6.0
-3.33
-3.0
5.0
7.67
3.0
5.33
2.67
4.33
-6.67
0.0
3.67
3.67
0.0
-3.33
-2.67
6.67
5.67
3.33
-1.0
10.67
11.33
-1.0
10.67
0.33
6.0
6.0
7.0
10.0
6.0
-3.67
9.0
-2.33
-0.33
-1.33
-3.67
-1.0
-4.0
-1.67
10.67
5.67
-0.67
4.0
2.0
5.0
3.0
-1.33
-7.33
10.33
0.33
-1.67
-7.67
0.67
16.0
2.0
1.33
0.0
2.67
-1.67
-3.67
10.0
3.0
0.33
4.67
9.0
2.33
10.33
-1.33
6.33
-0.33
-2.0
4.0
1.0
1.67
10.33
1.0
6.67
6.67
-2.33
2.33
5.33
-0.33
-1.33
3.33
-2.33
10.33
-2.0
-5.0
9.0
2.67
2.33
4.0
-7.67
-4.67
5.0
0.0
-5.33
1.33
4.0
2.33
3.67
8.0
10.67
-1.0
-4.33
-4.33
0.0
-0.67
4.0
2.67
4.0
12.67
4.33
3.0
-5.0
-1.33
3.0
6.33
-1.0
2.33
4.67
6.0
9.67
8.0
2.0
0.0
3.0
14.0
5.0
7.33
9.0
3.33
5.67
2.33
-0.33
2.33
3.33
1.67
0.67
-3.67
1.67
6.33
13.0
0.67
-1.67
8.67
5.0
-5.33
9.67
-2.67
-1.33
6.67
5.33
5.67
-1.0
4.33
1.0
6.67
6.0
-0.33
4.67
0.0
-6.33
-1.0
6.0
-4.33
2.0
3.67
12.0
1.33
4.0
-2.33
9.0
-3.33
0.67
6.0
-2.33
-0.67
3.67
-0.67
0.67
1.67
2.0
-1.67
5.0
5.67
2.33
0.67
5.67
2.67
0.67
1.33
3.67
-0.33
1.0
-1.0
0.0
11.33
3.67
4.67
0.33
2.0
1.0
-2.0
1.0
-4.67
-2.33
5.0
2.67
0.0
-2.67
2.33
4.33
-2.67
6.0
4.33
5.67
5.0
-0.67
0.67
-1.33
4.33
4.0
1.0
-0.67
4.33
1.67
0.0
1.33
1.67
1.33
3.67
0.33
3.0
1.67
-2.0
-1.33
3.33
0.33
1.33
5.33
-1.67
0.33
5.0
2.33
-4.67
-1.33
8.33
1.67
0.67
-3.0
0.0
4.33
1.33
2.67
5.0
1.33
6.67
11.0
-2.33
9.33
6.33
-1.33
-3.0
2.33
2.33
3.33
-1.0
-1.67
-1.0
1.0
4.0
0.33
4.0
-4.67
1.33
6.0
3.67
-2.33
2.67
1.67
3.0
-4.0
4.67
3.67
3.0
