0.0
13.0
51.0
-5.0
71.0
8.33
-53.0
38.67
-78.67
-12.67
55.0
-15.67
71.67
87.33
-13.33
55.33
-11.33
27.33
59.67
2.33
1.33
-8.33
-0.67
0.67
34.33
-1.67
-19.33
12.33
12.67
1.67
4.33
10.33
-1.0
2.33
3.33
3.33
-0.33
1.33
1.67
1.33
2.0
1.0
0.33
0.0
-0.33
-1.0
0.67
1.0
1.0
1.0
-0.67
0.33
0.33
1.0
0.0
-0.33
-1.0
-0.33
1.67
1.0
-1.33
1.0
0.0
0.67
0.0
0.67
0.0
0.67
-0.33
0.67
0.67
0.0
0.0
1.0
-1.0
0.0
-0.67
-0.33
0.0
-0.33
0.0
1.0
-0.33
1.0
0.67
-0.67
-0.33
0.0
-0.33
-0.67
-1.0
0.33
-0.67
1.0
-0.33
1.67
1.67
-0.67
-0.33
-0.33
0.0
-1.67
1.0
0.0
1.33
-0.33
-2.0
0.0
2.67
1.33
-0.33
2.33
0.67
1.33
1.67
-3.33
-1.0
1.67
5.0
1.33
2.0
4.33
4.0
-1.0
-1.33
-0.67
-2.33
1.33
-1.67
-3.0
6.33
4.67
0.33
0.0
1.67
3.0
-2.67
4.67
4.33
2.33
3.67
1.67
3.0
-2.33
-5.67
2.67
5.33
4.0
10.67
6.67
6.67
-0.33
-0.33
2.67
6.0
5.33
-4.33
1.67
-3.0
-2.67
3.33
1.33
-1.67
2.0
2.0
1.33
8.33
4.0
2.67
6.33
1.67
-0.33
6.33
6.67
5.33
2.0
1.33
3.67
0.33
5.67
-1.33
-0.67
-1.33
-1.0
2.33
8.67
8.0
10.0
11.0
-4.0
11.0
-3.0
0.67
7.0
-0.67
-1.33
2.67
-0.33
-1.33
2.0
-1.0
5.67
3.0
0.33
-2.67
6.0
1.0
2.33
-0.67
-0.67
-0.67
1.0
4.33
2.33
-4.67
-1.33
1.67
3.67
10.67
2.33
-4.67
3.67
2.0
-3.33
8.33
-2.0
-1.0
8.67
1.0
8.33
-1.0
2.67
4.0
7.0
4.67
4.67
1.0
2.67
-3.0
4.33
5.0
7.0
-2.0
1.67
0.67
-5.33
1.0
11.0
9.33
-6.67
2.33
0.67
3.33
14.33
-2.33
3.33
0.0
-1.67
-3.33
0.0
0.33
4.33
-1.67
1.33
2.33
2.33
-1.33
0.0
1.67
7.67
4.67
3.0
1.67
-0.33
4.0
-0.33
8.67
9.0
3.67
-0.33
7.33
11.33
4.0
4.67
-0.67
-0.67
5.0
5.67
3.33
3.0
-2.0
3.33
1.33
2.0
2.0
5.33
-0.33
2.67
5.67
12.0
-1.33
0.33
-1.33
-1.33
1.0
-1.33
1.0
-1.67
-1.33
6.33
12.33
-2.33
0.33
7.33
1.0
0.0
1.0
2.0
3.33
-3.33
1.0
-3.33
2.33
0.67
2.0
7.0
4.67
0.33
-2.33
-1.67
2.67
3.67
10.0
4.33
5.67
4.67
0.0
-2.33
2.33
7.0
0.33
4.0
1.33
3.67
-1.0
2.67
3.33
0.33
3.33
4.67
13.0
-0.33
7.33
4.67
2.67
6.33
1.33
8.67
-0.33
2.67
-0.67
5.33
0.67
0.67
6.67
5.67
1.33
2.0
6.33
1.67
3.33
1.67
2.67
2.0
7.67
0.33
2.0
-1.33
-2.67
-3.0
-8.0
-1.0
-1.67
0.67
-0.67
0.0
-3.0
2.33
4.33
3.0
-0.33
-1.67
0.33
1.67
1.0
3.0
7.0
1.67
-0.67
1.67
1.0
-0.67
-1.33
0.33
4.33
-2.67
4.0
8.0
6.0
-2.33
-2.33
-2.0
1.33
4.67
6.67
7.0
4.33
1.33
2.67
1.33
5.0
-1.33
6.33
-3.67
-3.33
-1.0
6.33
3.33
4.67
-3.33
-2.0
3.67
-1.0
-1.0
5.33
0.0
10.67
0.33
-2.67
2.33
6.33
2.67
-2.33
0.0
0.33
1.33
2.0
2.67
3.33
0.33
-3.67
-1.67
-1.0
1.33
-3.0
-1.67
4.33
0.0
5.67
0.67
-1.0
-3.0
2.33
1.33
6.33
6.67
0.67
-1.0
-2.33
9.0
-4.0
2.0
1.67
-4.33
4.0
4.67
0.67
7.0
1.0
1.33
-0.33
4.67
-2.33
-2.67
-0.67
-2.0
-2.0
-3.67
2.33
-2.67
1.33
1.67
-2.67
1.67
4.0
3.67
1.67
-3.33
-0.33
7.33
4.33
0.33
-4.33
-3.0
-5.67
0.33
-1.0
-2.0
3.33
-0.67
3.0
3.33
-1.33
-2.33
5.0
-0.67
9.67
2.67
5.0
3.0
2.0
0.33
4.33
-1.33
-3.0
2.0
3.33
3.0
10.67
0.67
0.0
6.0
1.67
3.33
-2.33
2.67
-1.33
2.0
0.67
4.0
-0.33
5.0
3.67
0.0
4.33
-1.0
-3.0
1.0
0.67
-1.0
0.0
0.0
3.0
-0.33
1.67
-1.67
-0.67
0.33
1.33
1.0
-1.33
-2.67
5.0
1.0
-1.67
4.33
3.0
4.67
-1.0
3.67
-2.0
-3.0
0.0
7.67
1.33
3.0
-3.33
1.0
-1.67
1.67
-4.67
7.33
4.0
4.0
0.67
2.33
-2.0
0.33
-0.67
2.0
1.0
-1.67
5.0
-3.67
-2.0
5.0
0.0
3.0
0.0
0.0
1.67
3.67
0.67
1.0
0.67
5.0
-3.0
-0.33
1.33
1.33
-2.33
1.0
0.67
-1.33
0.67
1.0
-2.33
4.0
-0.33
3.33
-2.67
-2.33
0.0
1.67
1.0
2.67
3.67
-2.0
1.67
-0.67
1.0
0.0
1.0
2.67
3.0
-1.67
2.67
-0.67
-1.0
-1.67
2.67
-2.0
1.33
0.67
-0.33
2.0
1.67
3.0
-1.33
-0.33
-3.0
0.67
6.0
-4.33
0.33
-4.0
-1.67
-1.33
0.67
1.0
-2.33
3.33
-5.0
-0.33
-2.67
-1.0
-4.67
-1.0
-1.33
-6.0
6.67
-4.67
-2.33
0.33
-1.33
1.0
-1.67
4.0
0.67
4.0
0.67
2.33
-1.0
1.0
-0.33
-0.67
-3.0
-4.67
-5.67
0.0
1.33
0.0
-2.67
1.33
-3.67
-0.33
-1.0
0.33
0.33
1.0
-5.67
-5.0
-0.67
-1.33
-3.33
0.33
-2.33
-1.33
-8.67
-8.67
2.0
-3.67
-3.33
-0.33
-6.0
3.0
-5.33
-5.33
-0.67
4.0
-1.33
-3.0
0.67
-4.33
-5.33
-2.67
2.0
-0.67
3.67
-1.0
-1.0
-3.67
4.67
-7.0
-0.67
-3.67
-5.0
0.0
-1.33
-6.67
-2.67
3.67
1.33
-8.67
-7.33
-0.67
1.67
-3.0
-4.0
-3.33
-6.67
0.33
-7.33
-7.67
-6.0
1.67
-10.0
-4.0
-4.33
1.33
-1.0
2.0
-6.0
0.67
-7.0
-8.33
-0.67
-4.67
-9.0
-0.67
-3.0
-2.0
-1.67
-5.67
-6.67
3.0
-3.67
5.33
-8.0
-6.67
7.67
-1.0
-4.33
-7.33
-6.67
-8.67
-2.0
0.67
-2.33
2.33
-4.67
-3.0
-7.0
-2.67
0.67
-1.67
0.33
-1.33
1.33
-5.33
9.33
4.0
5.33
4.33
11.0
9.33
7.33
4.0
7.0
18.33
27.0
12.0
21.67
22.0
25.33
16.33
11.0
18.67
10.33
13.67
0.67
13.0
11.67
2.33
2.0
0.33
-2.33
7.67
3.0
-8.0
-0.67
-3.67
-5.33
-5.0
1.33
1.67
-12.33
0.33
-9.67
-3.67
-3.33
3.0
-1.67
0.33
-2.67
-8.33
4.0
-9.33
-3.33
0.0
-3.67
4.0
-13.0
3.33
0.0
6.33
-4.33
-8.0
-4.0
3.0
-0.67
-0.33
4.33
6.0
-11.0
-3.0
-2.0
-4.67
-5.0
7.67
-7.33
-8.33
-2.33
-7.33
1.0
-1.67
-11.67
-1.0
-5.0
-10.33
0.67
-6.33
6.0
-8.0
-3.0
-6.67
-14.33
5.33
0.0
-0.67
1.33
-6.33
-5.67
-5.33
-3.0
-2.67
2.0
-12.67
-8.0
2.0
1.33
1.33
-2.67
-11.67
0.67
-8.67
-8.0
-2.67
-7.33
-2.67
4.33
-5.33
-3.0
-5.33
1.33
-7.67
-0.67
-2.67
-14.33
-2.67
6.33
-7.33
-4.67
-2.0
0.0
-3.0
-9.0
-5.0
-2.67
-1.0
-1.0
-11.0
1.33
3.0
-6.0
-11.0
-1.33
-2.33
0.33
-4.67
-3.67
-3.0
-13.0
-5.0
-9.67
1.67
0.67
-7.0
3.67
-2.33
-4.0
-1.0
2.0
-8.33
-13.67
6.67
-3.33
-1.67
-15.33
1.67
-3.67
-5.67
-3.33
-1.0
-3.67
-3.33
-0.67
-3.33
2.0
1.33
-6.33
-0.67
-6.67
-8.0
0.33
-2.67
-3.0
0.67
-1.33
-3.67
-1.0
-2.67
-5.67
3.33
-0.33
-6.33
-9.33
-2.67
-2.0
-2.67
-1.33
-7.33
1.0
-1.33
-1.67
0.33
-3.67
-1.67
-3.33
-4.0
-5.0
-2.0
4.67
0.67
-4.33
3.33
-10.0
10.0
-5.0
-6.0
-3.67
-7.0
-2.67
13.33
-7.33
-3.67
1.33
2.33
3.0
1.67
-1.67
10.0
-4.0
-1.33
-1.67
5.67
10.33
9.33
8.33
6.67
17.33
10.33
17.0
18.0
18.67
5.0
19.67
17.0
19.33
3.33
3.67
16.33
4.33
14.33
7.67
11.0
9.0
4.0
5.0
1.33
5.0
5.0
9.33
5.67
6.67
-1.33
-6.0
8.0
5.0
6.0
-2.67
-8.67
8.33
-8.0
2.0
0.67
5.0
-2.33
8.33
8.0
0.0
0.67
2.33
8.67
0.33
0.33
-2.67
10.33
3.33
7.0
5.0
7.67
0.33
-0.67
5.67
1.67
1.0
6.0
8.0
6.33
5.67
5.0
3.67
7.0
3.0
9.67
4.67
1.33
7.67
9.67
-3.0
10.0
1.33
7.33
1.33
2.0
7.0
6.67
10.0
4.33
-0.67
3.0
9.67
3.67
-1.33
3.33
11.0
-0.67
7.67
3.33
7.0
0.67
4.0
6.33
9.0
4.67
2.0
2.33
2.33
2.67
6.67
14.67
-2.33
1.33
12.33
3.0
1.0
-2.33
10.0
10.67
9.67
-0.67
8.33
9.33
1.67
5.33
9.67
12.0
11.33
10.0
10.33
10.33
9.33
6.67
6.33
-4.33
5.67
8.67
8.0
12.33
-0.33
-6.0
6.33
13.33
4.67
2.0
6.33
-1.67
8.0
11.0
17.0
-3.0
13.0
19.0
-2.33
4.67
-1.67
6.0
3.33
5.0
12.67
11.33
0.0
11.67
15.33
22.67
12.67
12.33
-5.33
22.33
9.0
1.67
10.67
19.67
3.33
4.67
6.67
-2.0
11.0
4.0
7.67
5.67
6.33
6.0
-4.0
-2.67
7.33
4.33
2.33
5.0
6.0
-4.0
1.67
11.0
11.67
14.33
2.0
7.33
3.33
0.0
7.33
14.0
7.33
15.33
10.67
11.0
0.0
6.0
12.67
-1.33
1.0
2.67
2.67
4.33
7.67
14.67
-0.33
10.67
8.33
8.0
-0.33
1.67
-5.67
7.0
6.67
7.33
5.33
8.0
10.0
7.67
6.0
10.33
11.67
3.0
4.67
-4.0
7.67
9.33
5.0
10.67
11.0
7.0
2.33
2.33
13.0
8.33
13.0
11.33
10.67
23.33
6.33
12.0
10.0
18.67
5.33
19.33
13.67
12.0
11.67
15.33
19.0
14.33
11.33
11.0
17.67
18.33
16.0
14.0
20.67
22.33
4.0
14.67
26.0
28.0
8.33
21.67
14.33
21.67
39.0
20.0
39.33
46.67
47.33
44.33
55.0
49.33
76.67
59.0
71.33
59.0
72.0
81.33
90.0
79.33
85.33
93.67
84.67
92.67
84.33
73.0
94.0
79.67
81.33
66.33
96.67
58.67
74.33
54.33
31.33
37.0
54.33
42.33
40.67
25.0
10.0
29.67
27.33
0.33
18.33
13.67
16.33
10.33
9.67
6.33
13.33
-3.33
11.67
6.0
6.33
16.67
7.67
10.67
20.0
8.67
3.33
10.0
0.33
0.67
12.0
3.67
5.0
5.67
10.33
13.33
6.67
8.0
21.67
17.0
4.33
11.67
17.0
13.0
8.0
10.0
11.67
16.33
18.33
7.0
7.67
19.0
1.33
6.33
6.0
20.67
-2.33
8.0
0.67
-9.0
5.67
21.33
11.67
6.33
-6.67
-0.33
9.33
11.33
5.33
8.33
-10.67
8.0
20.0
19.33
-6.33
12.0
14.67
10.67
12.67
0.33
5.33
20.33
19.0
8.0
9.33
9.33
5.0
8.67
10.67
-3.67
7.0
10.67
15.0
14.67
6.33
1.33
8.0
4.33
-5.33
8.33
-3.33
4.67
5.0
4.33
5.0
-1.67
8.33
-0.33
4.0
-1.0
11.33
17.0
3.33
15.33
3.67
12.67
12.0
6.67
11.0
0.67
14.33
6.67
4.0
6.67
9.67
-0.33
1.67
6.0
8.0
9.33
10.0
9.33
7.33
10.0
9.33
-1.33
16.0
3.33
1.33
8.0
20.33
12.67
14.33
17.33
-0.67
3.33
7.0
10.67
5.67
8.33
9.0
4.33
0.67
0.67
2.0
6.67
1.33
5.67
-0.33
10.33
9.0
4.33
9.33
8.67
5.33
16.0
10.67
11.0
0.33
3.67
12.0
9.33
10.0
8.0
13.0
0.0
19.33
7.33
19.33
21.33
30.0
21.0
30.33
9.67
25.33
25.0
24.0
31.33
17.67
25.33
32.33
23.67
10.67
27.67
18.0
31.67
16.67
11.33
37.33
32.0
33.33
33.0
12.67
12.33
11.33
30.67
17.0
3.0
21.33
7.0
8.33
9.67
15.33
6.33
11.0
11.33
20.0
-3.33
6.33
13.0
17.67
10.67
12.67
17.33
0.67
-3.67
14.67
15.67
8.33
11.0
6.33
27.33
14.67
3.33
5.0
14.0
-4.33
6.67
-6.67
4.0
-0.33
6.67
6.67
6.67
3.33
3.67
13.0
17.67
-3.0
-0.67
0.33
-3.0
9.33
1.67
3.33
21.0
1.67
19.33
11.33
9.0
7.33
3.33
-5.33
13.0
5.0
-5.0
7.67
8.0
3.0
7.0
17.0
13.33
9.67
10.67
11.67
5.33
3.33
1.67
17.0
3.0
14.0
2.33
6.33
6.67
8.67
1.0
14.0
12.0
10.67
3.67
7.0
2.33
5.0
-6.33
6.33
1.33
8.0
4.67
4.33
15.33
9.33
4.0
7.33
-5.0
-0.67
7.0
-2.33
12.67
1.67
11.67
2.0
1.67
0.33
7.0
-13.33
-7.33
-5.33
-4.0
13.0
8.33
1.67
2.0
-4.67
-7.0
1.0
8.67
11.33
-3.0
2.0
2.33
-3.0
-1.67
1.0
-4.33
-5.33
-1.33
10.33
7.0
-5.0
14.0
2.33
0.67
-4.33
5.33
-1.67
-4.67
0.33
-2.33
8.0
5.67
7.33
-0.67
11.67
-0.33
2.0
4.0
6.67
11.33
6.0
-9.67
13.33
0.33
1.33
-1.33
2.0
12.0
6.67
-8.33
7.33
5.0
-1.67
18.33
4.33
-6.33
6.67
2.33
4.33
6.67
4.0
0.33
2.33
-1.0
-3.0
-0.33
1.0
12.0
-1.67
-8.67
2.67
-1.33
-3.0
3.67
0.33
6.0
5.33
13.67
2.33
6.33
-1.33
12.0
1.0
6.33
11.67
3.0
0.33
12.67
0.67
10.0
3.67
7.67
18.0
10.67
0.33
9.67
4.67
-1.33
9.0
7.0
2.67
6.67
5.33
6.33
2.0
8.67
1.67
14.0
14.33
15.33
9.0
-8.67
3.0
6.0
5.67
6.33
7.0
0.67
1.0
9.0
5.67
8.0
5.33
7.67
11.33
-1.67
2.0
8.67
1.67
3.0
-3.33
1.33
0.67
13.67
1.33
2.0
2.67
10.33
2.0
5.67
0.33
-4.0
-2.0
14.0
6.0
6.0
4.33
11.0
6.67
-1.33
2.67
2.33
2.0
0.0
5.33
4.67
1.67
4.33
5.0
0.0
7.0
10.0
7.67
-4.33
-0.67
6.33
7.33
-2.67
-6.33
-1.0
-3.0
9.33
4.0
0.67
-0.67
-4.67
5.0
2.0
1.33
5.67
8.0
-2.67
9.33
2.67
5.33
11.67
-6.0
-5.0
3.0
4.67
1.33
2.0
4.67
0.67
-3.33
0.33
4.33
4.67
0.67
-2.67
-0.33
-1.67
0.0
8.0
9.0
1.67
4.33
7.0
0.33
-1.67
9.0
-2.0
5.67
-2.67
14.0
-2.67
1.67
2.0
-5.33
1.0
1.67
0.67
2.0
0.33
8.0
2.67
2.0
6.67
6.33
9.0
-3.0
-0.33
-5.0
3.33
7.0
1.33
2.67
1.0
2.67
5.0
0.0
-1.0
7.0
0.0
-1.0
0.33
7.0
-0.67
7.67
0.33
7.67
3.33
2.33
5.67
-5.33
-1.67
1.67
9.33
13.0
6.67
-0.67
5.67
0.0
-0.33
16.67
2.33
3.67
5.67
6.33
1.67
3.0
3.33
-1.0
3.67
3.0
12.67
8.67
7.0
0.67
1.0
5.0
0.67
1.0
3.67
5.0
0.33
5.0
2.67
-5.0
3.67
-3.33
1.0
4.67
9.33
-6.33
2.33
5.67
6.67
6.0
-4.67
10.0
7.67
-1.67
-3.33
7.67
2.67
12.67
2.33
0.67
0.67
-4.0
-4.0
2.0
-2.67
10.67
5.67
9.33
-3.0
7.0
2.0
-3.0
-0.67
4.67
-1.0
-2.33
6.0
0.33
5.33
-1.67
0.33
6.0
3.33
8.67
10.0
4.33
9.67
2.67
2.33
7.0
-3.0
-0.67
-3.67
-1.33
-3.0
8.33
1.67
-2.67
2.67
0.33
-1.0
1.67
1.0
1.67
6.33
-2.67
0.33
3.33
0.33
12.33
2.0
2.33
-1.67
4.67
-1.67
2.67
4.67
1.0
1.0
1.33
-3.67
-1.33
2.0
1.33
1.67
-4.0
0.67
5.33
4.33
4.67
-1.0
0.33
6.33
-0.67
-1.0
2.33
-7.0
4.0
4.0
4.33
2.0
-5.67
6.33
3.0
5.67
7.67
2.67
2.67
0.0
-1.0
2.67
5.67
6.0
