0.0
-36.0
-12.0
59.0
55.0
51.33
90.0
-4.33
-84.67
-56.67
66.0
45.33
49.67
78.33
-6.33
63.33
-55.33
22.33
-5.33
-43.67
4.33
0.67
17.33
9.67
11.33
-10.67
-21.33
14.33
-3.33
1.67
3.33
-4.67
0.0
-0.67
4.33
2.33
-1.33
-0.67
-0.33
-0.67
1.0
0.0
0.33
0.0
0.67
-1.0
-0.33
0.0
2.0
1.0
0.33
0.33
-0.67
0.0
1.0
-0.33
-1.0
-0.33
0.67
2.0
-1.33
3.0
0.0
-0.33
0.0
-0.33
0.0
-0.33
-0.33
0.67
-0.33
2.0
1.0
0.0
-1.0
2.0
-0.67
0.67
0.0
0.67
1.0
0.0
1.67
2.0
0.67
1.33
0.67
1.0
-0.33
-0.67
1.0
-0.67
-0.67
-1.0
-1.33
0.67
-0.33
-0.67
0.67
-0.33
-1.0
1.33
2.0
0.0
-0.67
-1.33
-1.0
1.0
3.67
0.33
-0.33
3.33
1.67
-0.67
-2.33
0.67
1.0
1.67
5.0
0.33
0.0
-1.67
-2.0
-2.0
-3.33
-0.67
-1.33
2.33
-0.67
2.0
5.33
0.67
3.33
5.0
1.67
0.0
4.33
2.67
3.33
-1.67
0.67
2.67
-2.0
2.67
7.33
1.67
4.33
1.0
9.67
1.67
3.67
4.67
10.67
-1.33
6.0
9.33
-2.33
-1.33
4.0
10.33
7.33
0.33
-2.67
2.0
1.0
-0.67
-4.67
1.0
8.67
3.33
-0.33
1.67
5.33
-0.33
7.33
-3.0
5.33
-1.33
1.33
-1.33
-5.33
5.33
3.67
4.0
0.33
6.67
3.0
5.0
3.0
-1.0
3.0
-2.0
2.67
2.0
1.33
2.67
6.67
3.67
5.67
2.0
-3.0
5.67
2.0
7.33
0.33
3.0
-6.0
9.33
0.33
-0.67
-4.67
-2.0
1.33
1.33
1.33
-0.33
1.67
4.67
-0.33
-0.67
-4.67
1.67
6.0
5.67
6.33
0.0
-1.0
1.67
7.0
3.33
3.0
-0.33
-4.0
1.0
-2.33
0.67
8.0
2.67
-7.0
2.33
2.0
0.0
8.0
-4.33
0.67
5.67
5.0
12.0
7.33
0.33
6.33
7.67
11.33
5.33
1.67
5.33
-3.0
-0.67
-7.33
-1.0
9.33
5.33
3.33
1.33
-2.67
4.33
-0.33
2.0
-0.33
4.67
6.67
-8.0
3.67
5.67
4.0
-2.33
-3.33
1.0
-0.33
-2.33
2.33
6.33
-5.0
5.67
-1.67
3.33
8.0
5.67
1.33
10.0
2.0
9.33
-1.67
5.0
3.0
2.33
1.67
1.67
5.67
8.0
-3.33
2.33
-2.33
-7.33
4.0
-2.33
2.0
-0.67
-0.33
9.33
5.33
7.67
-2.67
9.33
0.0
11.0
3.0
-1.0
3.33
-1.33
-3.0
-3.33
2.33
5.67
7.0
8.0
1.67
-1.67
1.67
-0.67
0.67
-2.33
6.0
-5.67
-4.33
2.67
0.0
-1.33
1.33
-1.0
-2.67
3.0
3.33
-0.33
-4.0
-1.33
4.33
8.33
2.33
0.67
2.0
-0.33
-0.67
6.67
2.67
-2.67
1.33
-2.33
-3.33
1.67
0.33
-1.67
-0.33
1.67
2.67
2.67
-0.67
1.0
4.33
1.67
-0.67
-1.33
0.67
3.0
2.67
1.33
0.0
-2.33
-1.67
3.0
2.0
4.0
-2.67
2.67
3.33
3.0
2.0
4.33
11.33
3.0
-0.33
3.33
-3.67
8.67
3.0
0.0
5.0
3.67
-2.67
2.67
9.0
1.33
1.67
4.33
-1.67
2.33
5.0
1.0
6.0
-3.33
1.67
1.0
7.33
5.67
1.67
5.0
4.33
-2.67
6.67
1.33
4.0
5.67
-1.67
2.33
3.67
2.0
2.33
3.33
1.67
2.67
2.0
1.67
0.0
-1.0
3.33
3.0
1.67
2.33
-1.67
0.33
5.33
-0.33
-3.33
6.0
-2.67
-4.67
0.0
-1.33
-1.67
-0.67
1.33
5.33
1.0
1.33
2.0
-0.67
-2.67
6.0
0.67
1.67
2.0
-1.0
3.33
3.33
2.33
-1.33
3.67
2.0
0.67
1.0
3.0
1.0
-0.33
0.67
3.0
7.67
-0.33
1.0
0.0
0.33
-0.33
-0.33
-2.33
-4.67
-0.67
-3.0
-3.0
0.33
1.33
-0.67
6.33
1.67
6.33
0.67
1.0
5.67
-6.33
0.67
4.67
4.33
2.33
-0.67
-2.33
1.0
-4.67
-5.67
-2.0
3.0
4.33
3.33
0.0
-4.67
0.67
-0.33
1.0
4.33
6.67
-0.33
8.0
1.0
2.0
-0.67
-0.67
1.67
-1.0
-1.0
5.33
1.0
-0.33
-5.33
1.0
5.0
3.67
-4.67
-0.33
3.67
1.67
0.0
1.67
4.0
-2.33
-1.0
0.67
-2.0
-1.67
3.0
0.0
3.0
-2.33
1.0
-5.0
5.0
-3.0
5.67
-3.33
0.33
1.33
-0.67
1.33
-1.0
-1.33
-0.67
-2.0
-4.0
-1.67
-1.67
3.0
2.67
-1.0
0.67
-2.0
-2.0
0.0
7.67
3.33
2.0
-2.33
-1.0
-0.67
1.67
2.33
0.33
1.0
0.0
0.67
2.33
3.0
0.33
1.33
1.0
-1.0
-0.67
10.0
-6.67
-1.0
4.0
-2.0
6.0
0.0
4.0
-0.33
2.67
4.67
-1.0
1.67
4.0
-2.0
1.67
0.33
2.33
-2.33
-2.0
-3.33
-4.33
2.67
0.0
3.67
2.0
-1.33
0.33
-0.67
0.67
0.0
2.67
1.0
0.67
-2.33
-1.0
-1.33
4.33
0.0
-6.0
-2.0
-3.33
-2.0
4.33
-2.33
-1.67
-2.0
-2.67
2.67
-1.0
-2.67
-0.33
0.67
1.0
0.67
-4.0
1.67
0.67
-5.0
-1.33
3.0
-0.33
-4.67
-3.0
7.33
-6.33
-5.33
-1.0
-5.33
1.33
-4.0
-1.33
-3.67
5.0
1.33
-3.0
-3.33
-6.0
1.67
-1.67
0.67
1.33
-2.33
-2.0
-6.67
-3.0
-0.33
2.0
-0.33
-0.67
2.0
-1.0
-2.33
-5.67
-1.0
-3.67
-0.67
-4.0
1.33
-4.0
-2.67
2.33
-7.67
-1.33
1.0
0.33
-4.67
2.0
-0.67
-7.0
-4.67
-0.33
-2.33
2.33
0.67
-7.33
-2.67
-2.67
-3.0
-3.67
-0.33
0.67
-1.0
6.0
5.67
-6.33
-5.67
-2.0
-2.33
-5.0
3.67
-1.33
-4.33
0.33
4.0
-2.67
-0.33
3.0
-5.0
-2.67
-3.33
-2.0
-3.67
-6.67
0.0
-3.0
-0.33
-6.67
-2.67
7.67
-2.67
-6.67
-4.33
0.33
-1.33
-1.0
-6.0
-5.33
-2.67
-3.67
-6.33
-5.67
-5.0
-4.33
-7.0
-5.0
-1.33
1.33
8.0
1.0
-7.0
5.67
-3.0
-4.33
-4.67
-3.67
-10.0
-0.67
5.0
-8.0
-1.67
-3.67
-2.67
-1.0
-2.67
-1.67
-6.0
-4.67
4.67
-5.0
1.67
2.67
-5.67
-8.67
0.0
3.67
-6.33
7.33
-0.67
1.0
-2.0
-5.67
-1.33
2.33
-1.67
5.67
0.33
-0.33
2.33
5.0
22.33
14.33
7.0
6.33
7.33
10.0
17.0
13.33
16.0
27.0
13.67
18.0
22.33
20.33
25.0
23.67
20.33
17.67
5.67
18.0
19.67
1.33
3.0
-8.67
-1.33
10.67
3.0
-1.0
-3.67
0.33
-3.33
1.0
-4.67
-1.33
-8.33
-6.67
-11.67
-3.67
1.67
-1.0
-4.67
1.33
-1.67
-6.33
-3.0
-9.33
-5.33
4.0
-1.67
-4.0
-2.0
-7.67
2.0
3.33
1.67
4.0
-4.0
4.0
3.33
-2.33
5.33
0.0
-4.0
3.0
-1.0
1.33
-4.0
-2.33
-6.33
-8.33
-1.33
0.67
9.0
1.33
-8.67
-5.0
-5.0
-11.33
2.67
-5.33
1.0
-11.0
-3.0
-10.67
-8.33
-2.67
-1.0
-2.67
-3.67
-10.33
0.33
-9.33
1.0
1.33
-9.0
-3.67
-5.0
-1.0
0.33
-3.67
-3.67
-13.67
-2.33
-1.67
-1.0
-8.67
-0.33
-0.67
-0.67
2.67
-4.0
0.67
1.33
2.33
-6.67
1.33
-15.33
-0.67
1.33
0.67
2.33
-2.0
5.0
-5.0
-6.0
-2.0
-3.67
-5.0
8.0
-2.0
-7.67
-9.0
-9.0
-5.0
-9.33
1.67
-1.67
1.33
6.33
7.0
-4.0
1.0
-6.67
-3.33
-4.33
-4.0
3.67
-9.33
-2.0
-3.0
-3.0
-6.33
-3.67
-4.33
1.67
-2.67
-8.33
-4.33
-2.67
-1.67
-15.33
0.0
3.33
2.67
5.33
3.67
-4.0
3.33
4.67
0.33
-1.67
-7.0
0.33
0.33
2.0
-4.33
-2.33
4.33
-3.0
-3.67
0.33
-4.67
-9.33
-8.33
-4.33
-9.67
4.0
-4.67
1.67
-12.33
4.0
1.67
-6.67
4.33
0.33
0.33
1.67
1.0
-2.0
-6.0
-0.33
-4.33
-0.33
3.33
-2.0
1.0
-11.0
-6.0
-2.67
0.0
-2.67
7.33
2.67
-4.67
2.33
0.33
-4.0
0.67
5.33
-1.0
-5.0
-0.33
6.33
0.67
8.33
19.33
9.33
6.67
3.33
17.33
12.0
11.0
11.67
16.0
16.67
11.0
15.33
21.33
14.67
14.33
-0.67
10.33
10.67
4.0
12.0
6.0
11.0
0.33
2.0
9.0
-3.67
6.67
2.67
-2.33
-4.0
3.0
9.0
0.0
11.33
-3.67
4.33
4.0
-1.0
6.67
5.0
-1.33
7.33
0.0
1.0
-3.33
7.33
7.67
2.33
12.33
12.33
3.33
6.33
8.0
-2.0
-3.33
8.33
4.33
-1.33
2.67
1.0
3.0
3.0
2.33
9.67
10.0
4.67
3.0
7.0
0.67
-0.33
9.33
15.67
5.67
-6.0
8.0
-3.67
4.33
5.33
4.0
17.0
4.67
14.0
5.33
4.33
6.0
7.67
1.67
5.67
3.33
8.0
9.33
3.67
1.33
9.0
8.67
5.0
16.33
6.0
4.67
3.0
-3.67
-5.67
2.67
12.67
4.67
2.67
3.33
4.33
8.0
-1.0
10.67
6.0
7.67
0.67
2.33
1.33
10.33
7.67
16.33
1.67
10.0
12.33
7.0
11.33
10.33
15.33
8.67
2.33
11.67
9.67
13.67
-4.0
14.33
11.67
2.0
6.33
11.33
8.67
-4.0
16.33
6.33
6.0
7.0
9.0
0.0
5.0
9.0
4.67
5.67
0.33
1.0
4.33
16.0
7.67
3.33
-2.0
9.67
0.33
7.67
3.67
9.33
-7.33
9.33
6.0
3.67
2.67
17.67
0.33
3.67
4.67
9.0
5.0
-2.0
5.67
4.67
3.33
5.0
3.0
-4.67
3.33
4.33
8.33
2.0
4.0
8.0
3.67
5.0
0.67
3.33
5.0
9.33
4.33
5.0
4.33
7.0
5.33
-1.67
12.67
8.0
-2.0
11.0
6.67
6.67
16.0
8.67
3.67
-0.67
5.67
8.67
1.67
9.67
8.33
14.0
4.67
8.67
3.33
6.0
0.67
7.33
13.33
3.0
4.0
1.67
2.0
5.33
2.67
3.0
0.67
-1.0
6.67
3.33
7.0
10.67
15.0
17.0
6.33
6.33
12.0
9.33
6.0
9.33
9.67
13.33
16.33
19.0
9.0
7.67
13.33
14.33
12.67
14.0
19.67
15.33
17.0
25.33
13.33
10.0
15.67
25.33
17.0
11.0
11.67
15.33
28.0
16.67
23.0
19.0
18.33
19.67
26.33
25.67
27.0
30.0
29.33
51.67
38.33
33.33
60.0
47.33
67.67
70.0
62.33
70.0
96.0
91.33
93.0
93.33
88.33
100.67
101.67
94.67
86.33
102.0
101.0
72.67
71.33
81.33
86.67
83.67
82.33
51.33
53.33
52.0
41.33
44.33
30.67
38.0
17.0
19.67
12.33
9.33
11.33
10.67
9.33
3.33
10.67
7.33
13.33
11.67
-1.33
17.0
7.33
-0.33
1.67
-4.33
-4.0
11.67
-1.67
2.0
7.33
2.67
13.0
4.67
1.0
2.67
15.33
16.33
16.67
13.0
4.67
7.0
6.33
13.67
17.0
5.0
17.0
8.0
9.67
0.33
4.33
10.0
14.67
7.0
11.33
13.33
10.0
16.67
9.67
8.0
3.67
5.0
8.67
11.33
-3.33
7.33
4.33
-3.33
11.33
3.33
5.33
6.33
3.33
-3.0
13.0
6.33
4.67
3.0
5.67
23.67
12.67
12.33
7.33
20.33
8.0
6.0
22.33
1.33
9.0
3.67
9.67
3.33
0.0
0.67
2.0
6.67
6.33
13.33
3.0
4.33
7.67
2.33
7.67
4.67
8.0
11.33
15.0
11.33
17.33
12.67
8.0
2.0
21.33
12.0
3.33
4.33
7.67
9.67
10.0
16.67
5.0
1.67
-4.67
15.67
-4.0
12.67
18.67
5.67
0.67
8.0
4.0
1.33
4.0
7.33
2.33
12.0
2.33
2.67
13.0
17.33
-1.67
-6.0
1.33
24.67
2.33
10.33
14.33
1.33
9.0
0.67
6.67
15.33
5.0
5.33
-3.33
9.67
7.0
-0.33
8.33
6.67
-3.33
10.33
9.0
2.33
14.33
-3.33
26.33
15.0
0.67
9.0
21.33
2.67
15.0
10.33
19.0
18.0
13.0
11.0
17.33
12.33
15.33
18.33
27.0
17.0
34.33
31.67
10.33
23.0
28.0
32.33
41.67
28.33
22.33
26.67
28.67
21.67
30.0
28.67
20.67
12.33
13.33
30.0
17.33
39.0
24.67
17.33
22.33
17.67
3.0
16.0
20.33
23.0
12.33
7.67
10.33
-9.67
13.0
5.33
13.0
11.67
7.33
14.0
19.67
12.67
4.67
14.33
2.67
13.33
17.67
7.67
-1.67
10.0
3.33
20.33
9.67
6.33
9.0
9.0
-5.33
8.67
-6.67
-4.0
-10.33
6.67
8.67
6.67
2.33
8.67
9.0
1.67
8.0
-4.67
5.33
4.0
1.33
-5.33
1.33
8.0
-4.33
9.33
2.33
7.0
12.33
3.33
7.67
12.0
15.0
14.0
15.67
10.0
19.0
15.0
9.0
0.33
12.67
10.67
16.67
7.33
2.33
-1.33
13.0
7.0
13.0
3.33
4.33
10.67
5.67
-1.0
2.0
3.0
-2.33
6.67
18.0
-1.67
6.0
1.67
17.33
5.33
4.0
6.67
10.33
11.33
2.33
9.0
1.33
11.0
4.33
14.0
1.67
2.67
-0.33
12.67
0.0
13.67
-0.67
-1.0
-6.33
-7.33
6.67
-7.0
-3.0
13.33
-2.33
2.0
4.33
0.0
1.0
12.67
17.33
6.0
9.0
6.33
7.0
10.33
1.0
-6.33
4.67
1.67
5.33
-3.0
-3.0
-5.0
11.33
4.67
1.67
4.33
2.33
7.33
16.33
10.67
5.0
-0.33
15.33
0.33
27.67
-11.33
7.0
-1.0
1.67
4.33
2.0
-0.67
6.33
-5.67
13.33
-6.33
10.0
10.0
1.67
-4.33
2.33
-5.0
-4.67
10.33
8.33
-0.33
6.67
1.33
16.33
1.67
3.0
-4.67
-0.67
4.0
2.0
1.67
6.0
11.0
3.33
-3.67
-4.33
5.67
7.0
1.67
9.33
0.0
-3.67
1.67
8.33
1.33
-1.33
8.0
-10.0
0.33
4.67
3.0
-4.67
-0.33
8.67
9.0
0.67
16.67
-3.0
10.67
3.33
6.67
3.67
7.67
2.0
9.0
5.67
3.67
9.33
8.33
2.0
6.67
4.67
-1.0
4.33
17.33
0.0
1.33
2.0
2.0
-0.33
-3.67
8.0
0.67
5.0
0.0
-12.33
1.0
-4.67
5.67
8.33
2.33
0.0
-7.33
-3.33
1.0
-2.33
-8.67
-4.33
2.67
-7.67
5.0
1.67
5.33
0.0
2.67
4.33
-3.0
-5.0
6.0
10.0
4.0
0.33
10.0
5.67
6.67
2.67
6.33
-1.0
-4.0
-1.67
2.67
5.67
-1.67
0.0
0.0
7.0
7.0
6.67
-4.33
2.33
1.33
8.33
2.33
-0.33
5.0
-6.0
8.33
5.0
1.67
-3.67
-1.67
3.0
-4.0
7.33
6.67
4.0
5.33
4.33
8.67
4.33
9.67
-7.0
3.0
0.0
-2.33
2.33
-5.0
-0.33
9.67
1.67
-3.67
0.33
5.67
0.67
2.33
-4.33
-2.67
6.0
-2.0
5.0
-4.33
10.33
7.0
1.33
-3.67
6.0
-6.0
-1.33
-4.67
5.0
-0.67
1.67
14.0
1.67
0.0
1.67
-0.33
2.0
2.33
-2.0
7.67
0.0
-0.33
4.33
8.0
-3.0
-5.33
-4.0
5.33
3.0
-0.67
6.67
-1.0
6.67
3.0
2.0
2.0
2.0
11.0
2.0
5.33
3.0
9.33
4.67
-1.67
6.67
5.33
3.33
3.67
-3.33
-0.67
2.67
7.33
7.0
-3.33
3.33
9.67
12.0
-0.33
7.67
4.33
-1.33
1.67
4.33
0.67
7.0
1.33
1.0
5.67
0.0
1.67
-1.33
7.0
4.67
1.0
8.0
4.67
-2.0
2.67
3.0
1.33
-3.0
0.67
1.0
-1.33
5.67
5.0
-2.33
3.33
1.67
-1.67
-0.33
-0.33
3.0
-0.67
2.0
-3.33
0.33
2.67
1.67
4.67
2.67
-2.67
8.67
-8.33
-2.0
-8.0
0.0
7.33
1.67
-0.33
7.33
-2.0
4.0
0.0
4.0
0.33
-4.33
1.0
0.67
3.0
2.33
-0.67
-3.67
10.33
10.0
1.33
4.67
8.0
6.33
0.67
1.67
0.33
5.0
-1.0
-2.67
9.33
-3.33
0.0
-3.67
0.67
2.33
6.67
-0.67
-4.0
8.67
2.0
-6.33
7.33
2.33
-0.67
0.33
-0.67
0.33
5.0
-1.67
-1.67
2.67
6.33
-0.33
-1.33
0.0
4.0
-0.67
4.33
3.67
-2.0
3.33
3.67
4.0
-2.33
4.33
5.33
0.67
6.0
4.33
1.33
-1.67
3.0
-2.67
-4.0
2.0
0.0
-3.67
4.0
-1.67
5.33
-2.0
0.67
2.67
-1.33
7.67
0.0
0.0
1.67
2.67
-5.0
