0.0
-35.0
67.0
21.0
55.0
-13.67
6.0
15.67
-35.67
67.33
64.0
58.33
41.67
-34.67
46.67
8.33
-18.33
26.33
-3.33
-13.67
3.33
3.67
8.33
-9.33
29.33
-12.67
-33.33
-11.67
10.67
-3.33
0.33
-5.67
-1.0
-4.67
12.33
0.33
-0.33
-1.67
0.67
4.33
0.0
1.0
-0.67
0.0
-0.33
-1.0
0.67
1.0
0.0
0.0
-0.67
0.33
-0.67
0.0
1.0
0.67
-1.0
0.67
-0.33
0.0
-1.33
0.0
2.0
-0.33
0.0
-0.33
0.0
-0.33
-0.33
-0.33
0.67
0.0
1.0
0.0
-1.0
0.0
-0.67
-0.33
0.0
0.67
1.0
1.0
2.67
0.0
0.67
-0.67
0.67
0.0
0.67
0.33
-1.0
-0.67
-1.67
-1.0
-1.33
1.67
0.67
0.33
0.67
-0.33
0.0
0.33
1.0
0.0
2.33
-2.33
3.0
0.0
1.67
-1.67
0.67
0.33
-0.33
2.33
0.67
1.67
-2.0
-0.33
5.0
3.33
4.0
5.33
1.0
3.0
-1.33
6.33
0.67
3.33
-2.67
-5.0
0.33
4.67
0.33
5.0
3.67
6.0
0.33
1.67
5.33
9.33
3.67
2.67
-1.0
0.67
3.33
4.67
-2.67
0.0
-0.33
-2.33
8.67
1.67
4.67
-2.33
5.0
1.33
1.67
-1.33
-1.0
5.33
2.33
1.33
0.33
0.0
-1.0
5.33
-0.67
-6.0
1.67
-1.67
-3.33
-2.33
0.33
5.67
4.33
5.0
0.33
5.67
5.33
-4.33
0.67
5.33
-2.33
3.0
-1.67
0.67
-2.0
0.0
0.0
3.0
4.0
-4.0
5.67
-3.0
5.33
4.67
7.67
-2.33
2.67
5.0
3.0
-1.33
3.0
4.33
-0.67
5.0
-4.0
4.33
-5.67
-2.67
-1.67
-6.0
-2.67
3.33
7.33
2.67
-0.33
0.67
-3.33
7.33
-2.67
2.67
1.0
0.67
-0.67
2.0
-4.0
3.67
6.0
0.33
4.0
4.67
-2.0
1.0
5.67
-0.33
1.0
1.67
-8.0
4.33
-2.0
3.0
4.0
3.67
7.67
5.67
0.0
10.0
-1.67
2.33
5.33
-0.33
2.33
1.33
-0.33
5.33
-1.0
4.33
-2.33
1.0
5.33
1.33
4.33
4.33
11.33
2.33
0.67
0.0
-1.33
5.67
-0.33
10.0
-1.33
1.67
2.0
-1.33
2.67
-1.0
1.67
1.67
-1.67
2.33
-2.0
2.67
-0.67
-2.67
6.0
-0.33
1.33
3.0
5.0
2.33
3.33
3.0
-2.0
2.33
2.67
-0.33
3.67
3.0
1.67
7.33
-0.33
1.67
1.0
7.67
7.0
0.33
7.67
1.33
8.33
0.67
-0.67
12.33
2.0
4.0
2.0
-4.0
-0.67
0.67
-1.0
1.67
-2.67
4.67
0.0
7.0
4.67
5.33
1.67
-1.67
-0.33
2.67
0.0
6.33
-4.33
0.67
1.0
0.67
1.33
-1.0
4.33
3.0
5.33
-1.33
-3.0
-0.33
3.33
2.33
6.33
2.67
-2.0
-0.33
0.33
3.67
4.67
0.33
-3.67
1.67
7.67
1.67
-7.67
7.33
1.67
2.67
-1.33
4.67
-3.67
7.0
3.33
5.67
-0.67
4.67
-3.33
4.0
3.67
2.33
-3.0
-5.33
-3.67
-1.0
2.0
5.0
-3.67
-1.33
5.33
1.0
-3.0
4.33
6.33
-1.0
5.67
2.33
-0.67
-2.33
0.0
1.0
3.0
4.67
3.33
-0.33
-1.0
-0.67
-0.33
2.33
1.33
1.33
5.0
1.0
6.0
7.67
3.67
-3.0
4.33
-2.33
7.67
0.0
2.33
-1.67
-2.33
-3.67
3.0
6.67
-2.67
-1.67
-2.33
1.0
2.33
2.33
3.67
0.67
5.0
2.67
-5.0
2.0
-0.67
4.0
-0.33
-2.67
-2.67
2.33
9.33
2.67
-3.33
6.0
-1.67
-0.67
4.0
3.67
-0.67
-3.67
-4.67
-2.67
3.0
0.33
4.0
3.33
1.33
0.0
2.67
-2.33
-5.0
0.0
0.33
1.33
2.33
-1.33
5.67
-3.0
2.67
4.0
-3.0
-2.0
1.67
-0.33
-3.0
1.67
-0.33
4.0
-1.0
-1.67
4.67
3.67
-0.33
-2.67
-1.67
-2.0
-4.0
-2.67
-3.67
1.33
3.33
-2.33
1.33
-0.33
1.0
5.67
-3.33
1.67
6.67
1.33
0.33
-4.67
-0.33
1.0
-6.67
-3.67
6.0
5.0
4.33
4.33
-2.0
0.33
-2.33
1.67
2.0
0.33
6.67
-1.33
3.0
2.0
2.0
-1.67
-1.67
4.67
-1.0
2.0
1.33
4.0
-3.33
0.67
1.0
-1.0
-1.33
-2.67
-1.33
-0.33
-5.33
2.0
0.67
6.0
-3.33
3.0
-2.33
2.0
3.33
5.0
1.0
0.0
3.67
1.0
-1.0
5.0
-4.0
11.67
-0.33
-0.67
-0.67
1.33
1.33
-4.0
4.67
-2.67
1.0
-2.0
0.33
0.33
2.0
4.67
0.0
5.67
4.0
-5.0
2.0
-1.33
-2.67
-2.0
-2.33
-1.0
-3.67
-3.33
-0.67
-1.67
0.0
-2.0
0.67
-0.67
-3.0
1.33
-2.67
4.0
0.0
5.33
-1.0
-2.67
-1.0
5.0
2.0
3.0
5.0
3.0
-2.33
7.67
1.67
-1.0
0.67
2.0
-2.0
0.67
-1.67
-0.67
-3.33
0.0
0.67
-3.33
4.67
1.0
-1.33
-2.0
3.67
-0.67
-2.67
3.67
3.0
-1.33
-1.0
2.67
0.67
1.0
2.67
2.33
-3.0
-1.0
2.0
4.67
-2.0
1.33
-2.33
-1.67
0.0
-4.67
6.67
-1.0
0.33
-2.33
-2.33
-1.0
-0.33
-2.0
1.67
1.67
-2.0
-0.33
0.0
-3.33
-0.67
-4.0
-0.67
-1.33
-2.33
-4.0
-3.33
-4.67
-1.0
5.67
-1.67
6.0
-1.67
6.0
-0.33
-4.0
-2.33
3.33
-4.33
-3.67
0.67
-1.0
-1.67
3.0
2.67
-4.0
-1.33
-0.67
-4.0
9.0
-1.33
-2.67
0.0
-0.67
-4.67
-2.0
-4.67
0.0
-1.67
8.33
-3.67
-3.33
3.0
-3.67
-3.67
1.0
-3.67
-5.0
-2.67
-3.33
-4.33
0.33
-5.33
-3.33
-5.67
-5.67
-3.0
-1.67
-1.33
-1.33
-2.0
6.0
-0.33
0.67
-5.67
-3.0
-4.33
-2.0
-2.33
-6.33
-4.33
2.33
-5.0
-2.67
-1.33
-4.0
6.0
-5.67
0.67
-4.0
-2.67
-2.67
-4.0
-1.0
0.67
-2.67
-5.67
5.67
-3.67
-4.67
-10.33
3.33
-0.33
-2.0
-2.0
-3.33
-9.67
-4.67
-4.33
-8.67
-5.0
-0.33
-8.0
-6.0
-0.33
-2.67
-2.0
0.0
-4.0
-4.33
-5.0
3.67
-8.67
0.33
-7.0
-3.67
-4.0
-4.0
-3.67
0.33
-3.67
-1.0
-5.67
-9.67
-9.0
-8.67
1.67
-6.0
-0.33
4.67
-8.67
-8.67
-2.0
2.67
-4.33
-1.67
1.33
-5.0
-3.0
-0.67
-3.33
-4.67
6.33
0.67
3.33
2.67
3.33
7.0
8.33
11.33
11.0
12.33
8.33
24.0
20.0
31.33
19.0
20.0
25.67
17.0
33.33
13.33
26.0
22.67
19.33
19.67
22.67
17.0
9.67
11.33
2.0
4.33
6.67
11.67
0.0
1.0
4.33
-7.67
-5.33
-1.0
-4.67
8.67
-6.33
-2.67
-2.67
-2.67
-5.33
-3.0
-4.67
-1.67
-1.67
-3.33
-1.0
-6.33
-7.33
-3.0
-8.67
-1.0
0.0
-5.67
-2.0
4.33
2.67
-4.0
7.0
0.0
1.33
-0.33
-4.67
-3.0
-6.0
-5.0
-4.0
0.33
-7.0
0.67
-2.33
-8.33
0.67
2.67
-1.0
-4.67
-5.67
0.0
1.0
-5.33
-4.33
-8.33
3.0
-11.0
-1.0
-3.67
-10.33
-0.67
7.0
1.33
0.33
-5.33
-4.67
-4.33
2.0
2.33
-3.0
-9.67
-5.0
-4.0
-7.67
-4.67
-2.67
-10.67
0.67
-4.67
-12.0
-3.67
2.67
5.33
-2.67
-3.33
-1.0
5.67
2.33
-1.67
-2.67
-0.67
-6.33
-3.67
8.33
2.67
-7.67
-3.0
1.0
-1.0
-10.0
-1.0
-7.67
-3.0
-5.0
-4.0
-14.67
-3.0
-9.0
-4.0
-2.33
-0.33
-2.67
-2.67
9.33
-2.0
-3.0
-9.0
-11.67
-1.33
-3.33
-6.0
0.67
-5.33
-4.0
0.0
-2.0
-3.33
-8.67
-1.33
2.67
-4.67
-9.33
-2.33
-4.67
-2.67
-10.33
6.0
-6.67
4.67
0.33
-1.33
-2.0
-5.67
-5.33
1.33
-0.67
-12.0
-2.67
-4.67
-2.0
-6.33
-2.33
7.33
1.0
3.33
2.33
0.33
-4.33
-5.33
-9.33
-11.67
-3.0
-6.67
1.67
-7.33
3.0
2.67
-3.67
-1.67
-1.67
3.33
-1.33
-2.0
-6.0
-2.0
2.67
2.67
-4.33
-0.67
-9.0
3.0
4.0
-6.0
-2.67
-5.0
1.33
8.33
-1.33
-5.67
-3.67
6.33
2.0
10.67
4.33
3.0
1.0
1.67
8.33
-1.33
2.33
17.33
18.33
22.67
24.33
18.33
18.0
28.0
21.67
17.0
18.67
20.0
19.33
12.33
8.67
16.33
20.33
5.33
5.67
17.0
1.0
11.0
15.0
-1.67
7.0
4.0
8.33
5.67
9.67
7.67
4.0
8.0
5.0
-1.0
0.33
6.33
2.33
1.0
14.0
-1.33
6.0
-8.33
0.33
5.0
4.0
5.67
5.33
3.67
4.33
2.33
-0.67
6.33
1.33
5.0
-1.0
4.67
9.33
4.33
5.67
10.67
-4.0
2.0
-1.0
7.33
-2.33
4.0
1.67
6.0
1.0
7.67
4.67
3.33
0.67
8.67
6.0
3.0
-0.67
-0.67
-1.67
7.0
4.0
9.67
9.0
6.33
8.33
5.0
9.67
3.67
2.67
8.33
2.0
-0.67
1.67
-5.67
7.0
1.67
6.0
9.33
9.0
6.67
5.0
8.33
2.33
6.67
9.67
4.67
-4.33
10.33
-0.67
6.0
11.0
5.67
5.0
13.67
-8.33
8.33
-2.67
-1.67
-1.33
9.33
5.67
6.0
11.33
18.0
10.33
21.33
2.33
13.67
6.33
11.67
-6.33
12.67
7.0
10.33
3.67
-2.0
18.33
16.33
4.67
3.0
-0.67
6.33
2.0
7.0
12.0
2.0
10.0
9.0
11.67
-1.33
0.33
4.0
20.33
6.0
16.67
18.33
4.0
9.67
0.33
8.67
9.67
-4.67
0.67
5.33
5.0
9.67
10.67
7.67
4.33
6.67
14.67
3.0
6.0
4.0
7.67
9.67
2.33
9.0
-2.0
0.33
4.33
16.33
-1.67
6.0
4.0
7.0
3.67
12.0
0.67
10.33
8.0
2.33
16.33
10.0
9.33
8.0
10.33
1.33
8.67
14.0
6.0
4.0
7.67
5.67
9.0
3.67
9.67
9.33
14.67
10.67
7.67
5.67
11.33
6.0
5.67
13.67
2.33
15.0
13.67
3.33
12.33
13.0
0.0
1.67
-3.0
5.33
13.67
2.0
0.67
2.0
2.67
6.33
8.0
6.67
13.0
12.0
1.33
6.33
13.0
10.33
10.0
10.33
10.67
18.33
13.33
8.0
28.0
8.67
10.33
14.33
19.67
12.0
19.67
14.33
21.0
19.33
8.33
17.0
17.67
8.33
16.0
15.0
10.67
19.33
22.0
13.67
25.0
18.0
23.33
28.67
31.33
44.67
30.0
19.0
46.33
49.67
40.33
51.33
62.0
55.33
78.67
76.0
68.33
89.0
97.0
96.33
106.0
112.33
114.33
112.67
118.67
103.67
110.33
106.0
118.0
94.67
102.33
99.33
107.67
82.67
108.33
66.33
47.33
50.0
53.33
42.33
16.67
37.0
32.0
18.67
13.33
19.33
8.33
15.67
17.33
13.33
10.67
11.33
12.33
8.67
16.67
12.0
2.33
5.67
6.67
3.67
2.0
5.67
8.33
12.0
0.33
2.67
19.0
6.67
16.0
2.67
17.33
1.33
1.67
2.0
2.67
4.0
16.33
17.67
13.0
9.0
1.0
12.0
-2.33
6.33
1.33
3.0
2.67
12.0
10.33
4.33
11.0
21.67
-1.33
15.0
4.67
5.0
19.67
19.33
-1.33
6.33
-7.67
6.67
12.33
10.33
-2.67
14.33
0.33
-1.0
20.0
12.33
6.67
7.0
9.67
9.67
16.67
4.33
8.33
12.33
16.0
4.0
17.33
21.33
3.0
4.67
10.67
22.33
15.0
7.67
-1.0
15.67
15.33
4.33
18.0
4.33
10.67
7.33
3.67
14.67
9.0
6.33
7.0
13.33
15.33
14.67
7.0
4.0
2.33
13.0
-2.67
5.33
5.67
1.67
9.0
-0.33
-1.0
-1.33
8.33
10.67
2.0
11.67
30.67
4.67
4.67
6.0
10.0
8.33
0.0
16.33
16.33
12.0
9.33
11.67
6.0
4.33
5.33
9.0
9.33
10.67
4.33
18.33
-1.67
10.33
4.0
6.67
1.67
4.33
15.0
6.33
6.67
8.67
11.0
3.67
-1.67
9.67
3.67
8.33
2.0
2.33
0.33
3.67
18.33
16.0
14.67
10.0
0.33
10.67
1.0
7.33
18.0
22.0
7.0
10.0
21.33
3.33
32.33
7.33
24.0
26.0
23.33
23.67
33.33
35.0
27.0
50.33
32.67
49.33
42.33
36.67
30.67
32.67
26.0
32.67
29.67
23.33
39.33
28.0
45.33
9.0
8.67
14.33
30.33
22.67
17.0
8.0
3.33
16.0
17.33
13.67
4.33
1.33
10.0
0.33
2.0
6.67
4.33
4.0
8.67
1.67
4.67
13.33
8.67
-1.67
9.67
18.67
14.33
9.0
7.33
15.33
10.67
8.33
14.0
16.0
7.67
13.67
3.33
4.0
0.67
-5.33
12.67
-5.33
5.33
4.67
3.0
18.67
-1.0
-5.67
-2.67
1.0
6.33
-0.33
11.33
22.0
4.67
4.33
9.33
6.0
0.33
-0.67
5.67
-6.0
7.0
4.0
7.67
15.0
22.0
9.0
4.0
12.33
10.67
4.67
10.67
13.33
4.33
8.67
13.0
10.0
6.0
-6.67
25.33
1.67
-5.33
-4.0
2.0
1.0
-6.33
-4.33
26.0
2.33
2.0
1.67
4.33
0.33
9.0
10.67
3.33
15.33
7.33
16.0
7.33
-1.0
5.33
18.0
-0.33
9.67
5.67
4.67
12.0
-2.33
1.33
-4.0
-7.33
-8.33
-7.33
-7.0
3.0
2.33
-6.33
7.0
5.33
3.0
3.0
16.67
10.33
-5.0
-2.0
-4.67
0.0
6.33
5.0
-4.33
-1.33
0.67
5.33
2.0
-4.0
6.0
5.33
3.67
0.67
7.33
-12.67
-3.67
8.33
-0.33
7.0
0.67
5.33
0.33
-1.33
5.67
-4.0
6.0
1.67
3.33
5.0
3.33
9.33
-1.67
-2.67
-0.33
0.0
13.0
3.67
-6.33
0.33
-1.0
2.33
-4.67
10.33
-13.33
4.67
6.33
1.33
5.67
8.0
-10.67
7.33
2.0
-3.0
-4.33
2.0
6.0
8.33
3.33
1.67
5.67
8.0
7.67
-2.67
0.0
12.33
14.67
-4.67
-0.67
3.67
6.0
7.0
-0.67
-1.33
1.0
6.33
-0.33
-0.33
11.0
5.67
14.67
2.0
7.67
0.33
3.67
14.67
1.67
2.0
8.0
10.67
5.67
3.33
1.33
3.0
-3.33
1.67
2.0
2.33
5.33
1.0
-1.67
13.0
3.0
3.67
4.33
0.0
5.67
9.0
1.0
-6.33
6.0
2.33
-0.33
10.33
0.33
-6.0
7.67
3.67
-6.0
-3.33
0.33
-2.33
5.67
4.33
3.0
8.67
13.33
-2.0
-1.33
-2.67
0.0
7.0
10.0
11.0
11.0
-0.67
2.0
-0.33
2.67
8.67
3.33
2.0
-1.0
-2.67
6.67
-2.33
-3.67
3.0
-2.0
2.0
5.0
-3.33
-3.33
3.33
-3.67
-0.67
3.33
-0.33
-4.0
-4.0
3.33
2.0
7.67
2.33
-6.67
-3.0
6.0
2.33
5.67
1.0
2.33
1.33
1.67
7.33
5.67
-3.0
-5.0
7.0
4.67
2.33
-1.0
4.67
4.67
-0.33
6.33
9.33
7.67
-6.33
2.33
-6.33
6.33
-7.0
6.0
10.0
4.67
3.33
1.0
7.33
1.33
-1.0
8.0
2.67
2.33
0.0
5.33
-0.33
6.0
-1.33
2.0
1.67
-7.33
2.0
-2.67
0.0
3.67
2.0
1.67
0.33
6.0
-3.0
-0.33
-4.0
1.33
1.0
-4.67
7.67
4.0
7.67
-2.0
3.0
1.0
6.0
0.0
13.0
3.33
11.0
0.33
1.67
-0.67
16.67
5.33
5.33
0.67
-1.33
2.33
-0.33
6.33
2.0
-0.33
-0.67
4.67
5.0
0.67
13.67
7.33
1.67
2.67
6.33
3.67
1.0
3.33
3.0
-0.33
1.0
-3.33
-0.33
13.0
-1.33
6.0
1.0
3.67
0.0
0.67
2.0
5.33
-4.0
-1.33
4.0
-2.33
-6.33
5.0
3.67
-0.67
-3.33
0.33
0.67
-6.33
0.0
4.33
-1.0
7.67
-2.67
4.67
4.67
4.67
9.67
8.33
3.67
-0.33
-3.0
-3.0
-2.0
6.33
2.67
6.67
0.33
0.0
-1.0
1.0
2.0
1.33
-6.33
1.0
0.67
1.0
-3.67
-2.67
0.33
-3.67
1.0
5.33
8.67
3.0
2.33
-1.33
3.67
4.33
9.0
-1.0
-2.67
2.33
0.67
2.0
3.33
2.67
-1.67
1.67
-3.67
-1.0
4.67
3.0
-2.33
8.33
0.33
0.33
1.33
-2.67
4.33
5.0
2.33
4.33
-2.33
1.33
5.67
-2.33
0.0
-2.0
3.33
4.33
3.67
1.0
5.33
-1.33
3.0
-0.33
4.33
6.33
-0.33
-1.0
0.33
0.33
1.33
2.0
3.33
-5.0
3.0
-3.0
-1.67
-1.0
-4.67
2.33
4.0
2.67
-2.33
-1.33
-2.33
7.0
-5.0
-2.33
7.67
0.0
