0.0
52.67
49.0
27.67
57.67
-95.67
54.33
-33.67
-5.67
-19.67
51.0
92.67
77.33
45.33
-25.33
33.33
52.0
32.0
11.67
15.67
-4.67
-16.0
-1.0
-19.33
6.0
-5.33
-6.0
-7.0
-1.33
2.33
-2.0
1.0
4.33
-2.0
3.33
0.33
-0.67
0.0
-1.33
1.33
-1.33
0.0
1.0
-1.0
0.0
0.33
1.0
-0.33
-1.33
-0.33
0.0
-0.33
-0.33
-1.0
2.0
1.0
-0.33
-0.67
0.67
-0.33
-0.67
0.0
1.0
1.0
-0.33
0.67
1.0
-0.33
0.0
-0.33
2.0
1.0
-0.33
-0.33
0.0
-0.33
-0.33
-0.67
-0.33
0.33
0.33
-0.33
0.67
0.67
-1.0
-0.33
3.67
0.67
0.0
-0.33
-0.33
-0.33
2.0
1.33
0.0
1.0
1.33
0.0
0.33
0.67
0.33
1.0
0.33
1.67
0.33
5.0
-1.33
1.67
1.33
-0.33
-1.33
-0.67
0.0
1.67
-2.67
0.67
-0.33
0.67
0.0
2.0
2.0
1.0
-0.67
-2.33
-0.67
0.0
-3.67
1.67
-1.0
2.33
0.0
-4.67
5.33
0.67
7.67
-0.33
0.0
1.0
-1.0
-0.33
-3.67
-0.33
-1.0
-4.67
7.0
6.0
5.33
3.0
-2.33
1.0
-5.33
0.33
0.33
-5.67
-4.33
5.67
4.0
3.0
1.67
4.67
-1.0
12.0
3.0
-0.33
2.33
4.33
-3.67
4.67
3.67
2.33
-4.33
6.33
2.0
9.33
-0.33
5.0
11.67
4.33
4.0
-1.33
1.0
-0.33
-0.67
-0.33
-1.0
-4.67
2.0
9.67
2.67
2.67
8.67
1.33
-1.33
1.67
-1.0
2.67
3.67
0.33
6.67
-2.0
-0.67
4.0
2.67
-0.33
-0.33
0.0
-1.33
9.0
8.0
4.67
-5.33
1.33
1.33
1.33
-6.33
-3.67
4.33
-1.0
1.67
-0.33
2.33
-0.67
-2.67
-1.33
-4.33
-2.67
6.67
4.0
-2.67
-4.33
2.33
1.0
2.33
5.0
0.67
0.33
5.67
2.33
3.67
-1.67
-4.67
0.67
1.0
0.0
1.33
12.0
-4.0
-0.33
6.67
4.0
2.33
3.67
10.0
-1.0
-1.67
-2.0
5.0
2.33
2.67
-2.0
8.67
4.67
6.67
-8.0
2.33
-2.33
4.33
-6.33
7.0
0.67
-0.33
2.0
2.0
1.33
1.67
-5.0
1.33
10.33
1.0
-1.33
0.67
1.0
4.0
1.67
2.0
6.0
4.0
1.33
8.0
-1.0
0.0
6.0
-0.67
-1.33
7.33
2.0
0.33
-2.0
-4.33
7.0
5.33
3.0
-5.33
2.67
12.33
4.33
-1.0
5.67
0.0
4.0
-2.33
-2.67
-4.67
2.33
5.0
-2.0
4.67
3.0
-4.0
-1.0
9.0
-0.67
2.33
4.67
-3.33
1.67
4.67
-3.67
1.0
7.0
-6.33
-6.67
6.0
-5.0
0.67
1.0
-4.33
-1.0
-2.0
-1.33
-2.0
6.0
5.33
2.33
-0.33
5.0
0.33
-0.33
-3.33
1.0
6.0
1.0
2.0
3.33
-1.0
1.0
-0.67
3.0
2.33
1.67
4.0
0.0
3.0
4.67
-4.33
-1.67
-3.0
2.0
2.0
-0.33
-7.0
-1.33
-3.0
1.0
0.0
8.67
3.0
4.67
0.33
-5.33
-3.33
6.67
-1.67
-1.0
0.33
7.0
3.33
4.0
2.0
-3.33
0.0
11.0
-4.0
-2.0
8.0
-3.67
-2.0
0.67
-3.33
3.67
1.0
-0.33
-1.0
-1.33
4.0
2.33
-3.33
0.0
-1.0
4.67
-2.0
-1.67
2.67
-1.67
2.67
3.0
3.67
-3.67
4.0
4.0
-0.33
-2.33
-0.67
6.0
-0.67
3.0
-1.33
3.0
6.67
-1.33
-0.67
-1.33
5.0
-5.0
6.33
3.0
-6.0
5.33
0.0
0.67
0.0
5.33
-4.67
3.33
-0.33
-0.67
2.67
-1.33
-0.67
-3.0
-5.0
6.0
-3.0
-0.33
4.67
-1.0
1.0
0.67
4.33
1.67
-3.67
5.67
-0.67
5.67
-2.67
8.33
-3.67
1.0
2.33
5.67
0.0
-0.67
2.0
2.33
2.33
0.33
1.0
-4.67
0.0
-4.67
3.67
1.0
0.33
-0.67
-5.0
-1.0
2.33
-1.0
-1.67
-1.33
-1.67
-0.33
1.33
3.0
-2.0
0.67
-2.0
4.67
2.67
-3.33
6.67
-1.0
2.67
3.67
-1.67
-0.67
3.0
0.67
-3.67
0.0
2.67
3.67
2.67
3.67
-0.67
1.33
1.0
-2.0
2.0
1.0
-1.0
-1.0
-0.67
2.33
-2.33
3.33
-1.33
2.33
-1.33
-2.33
3.33
1.33
-3.0
3.0
1.0
2.0
-2.67
0.67
-2.33
0.67
-0.67
0.33
-0.67
-1.0
-0.67
-2.0
3.67
-2.67
-1.33
-2.0
-1.0
-1.67
5.67
-3.67
-1.33
2.0
-5.33
5.67
4.0
-3.0
-0.33
-0.67
-1.67
3.0
-2.67
0.67
-3.33
4.67
-1.0
-5.67
-2.0
-1.0
6.33
3.67
2.33
0.0
-2.33
-0.33
0.0
1.67
-4.67
2.33
-0.67
0.33
5.0
2.67
1.67
-4.33
2.33
-1.33
-1.67
1.33
-3.0
-3.67
0.0
1.0
-2.33
1.0
2.67
2.0
-4.67
4.33
5.0
-4.0
1.0
1.67
2.0
1.67
4.33
1.33
2.0
2.67
-4.67
3.0
2.67
1.0
2.0
4.0
-3.0
-3.0
-3.0
0.33
1.67
-2.0
5.0
1.33
1.33
-0.67
-1.0
-1.0
0.67
2.0
-0.67
1.67
2.33
-3.33
-0.33
-2.0
-1.0
8.33
3.33
-4.33
1.33
-0.67
3.67
4.0
1.33
2.33
-0.33
1.67
0.67
-1.67
-1.67
0.33
2.67
-3.67
-0.33
-1.33
0.0
1.33
-0.67
-0.67
1.67
-2.67
0.33
-3.33
5.67
4.67
3.33
-2.33
2.67
0.33
1.33
0.0
1.67
2.0
0.0
-2.33
7.33
-3.67
-3.33
1.33
-1.33
-1.33
-0.67
1.33
-4.67
2.33
-4.0
0.0
-5.33
2.0
0.0
-1.33
2.67
-2.67
1.67
3.0
0.0
4.33
-2.67
2.67
1.0
1.67
-1.33
1.0
-0.33
-2.0
0.0
3.33
-1.33
4.0
0.0
1.33
2.67
-2.0
0.0
0.0
6.67
1.0
5.0
-0.33
-3.33
-3.0
-2.33
-4.67
-0.33
-4.33
-4.67
-2.67
-2.33
-2.0
3.33
1.0
4.0
-1.0
-3.0
0.67
0.33
-1.0
-2.67
-2.67
6.33
-4.67
0.0
-3.67
1.33
0.33
0.0
-1.67
1.0
5.0
2.0
5.67
0.0
4.33
-1.0
0.33
2.0
0.0
1.67
-1.33
2.0
2.67
-3.67
-2.67
4.0
3.0
6.33
6.33
3.33
1.33
-2.0
2.33
1.0
1.0
0.0
-3.0
-2.0
-0.67
-0.33
-1.33
-5.33
0.67
3.67
3.67
-1.67
-6.67
4.0
1.0
6.33
0.0
0.0
-1.67
-0.33
0.0
3.0
3.0
4.33
6.33
3.0
9.0
-2.33
2.67
0.67
1.33
5.33
4.33
2.33
-2.67
3.0
3.67
6.67
-1.0
1.67
-1.67
4.67
2.33
6.67
2.67
1.0
6.0
0.33
4.0
1.67
1.33
4.0
3.33
-1.67
5.67
2.0
0.0
-0.33
-0.67
4.0
2.67
2.67
8.33
3.67
2.33
0.33
-1.0
-1.67
-2.67
1.0
2.33
-1.67
0.0
4.0
3.67
-1.33
6.0
7.33
-3.67
0.33
4.67
-1.33
5.0
8.33
3.0
0.0
2.0
-1.67
-3.33
6.33
-1.67
7.0
1.33
2.33
2.33
-1.33
6.33
-0.33
3.67
3.0
-0.67
2.67
-5.0
4.33
3.0
1.33
6.67
4.33
7.67
7.67
3.67
7.67
4.67
-1.33
-2.67
6.67
-4.33
-0.33
0.67
9.0
9.33
4.33
7.67
0.33
-0.33
5.0
11.33
5.0
-1.67
5.33
-1.67
5.0
7.67
1.67
-0.33
5.0
2.33
12.33
8.0
-5.33
-1.0
2.33
7.0
3.67
0.67
7.33
0.67
0.0
0.33
-0.33
1.67
9.33
0.33
5.33
5.67
5.67
5.67
2.67
10.67
0.33
11.33
4.67
12.0
4.0
2.67
6.67
10.67
4.0
13.33
9.67
4.0
4.0
2.33
7.67
5.33
6.67
7.67
8.67
1.0
7.0
3.33
1.0
5.0
0.0
4.67
17.67
10.0
2.67
2.33
7.33
1.33
5.0
12.33
3.33
6.67
9.0
3.67
2.0
7.0
9.0
5.67
8.33
8.67
6.33
-1.0
-1.33
14.33
7.33
-2.33
3.0
10.0
5.67
2.0
11.0
8.0
4.33
5.33
1.0
11.67
4.67
9.0
9.0
4.0
2.0
4.0
8.33
15.33
7.33
5.0
10.0
5.33
13.33
9.33
1.33
6.67
9.33
9.67
10.0
8.0
5.0
10.33
7.67
8.67
11.33
10.67
16.0
17.67
23.0
23.0
20.67
19.0
25.67
21.33
29.0
37.0
27.33
38.0
43.33
47.33
38.0
39.0
48.67
26.0
28.67
38.67
31.33
36.67
31.33
28.0
38.33
26.33
23.67
21.67
24.33
15.0
17.0
13.67
21.0
5.33
6.67
7.67
14.0
0.67
4.67
13.67
6.67
4.33
8.67
1.67
8.67
3.67
0.67
6.33
11.33
4.0
1.33
5.33
9.0
9.33
5.0
4.33
8.67
11.67
6.0
7.0
7.67
0.67
1.0
4.33
7.0
0.33
8.67
9.0
2.0
15.0
8.33
-1.0
9.33
11.33
8.67
4.33
1.33
4.67
2.33
-0.67
5.0
6.0
3.67
-2.0
1.33
8.33
10.0
4.33
9.33
12.0
2.0
15.0
11.0
0.67
7.33
4.0
14.0
8.0
1.67
16.0
3.67
6.67
6.67
5.33
1.33
10.67
11.67
10.67
2.33
15.67
6.67
5.67
5.67
-3.33
6.0
-2.0
4.33
7.67
11.0
-0.33
3.67
5.67
13.67
11.33
3.0
-7.67
2.0
16.0
19.0
17.67
9.33
6.33
1.67
-11.33
12.67
-0.33
2.0
-4.0
3.33
-3.67
5.0
5.0
0.33
2.67
12.33
10.0
5.33
0.0
12.67
3.0
8.33
12.0
8.67
11.33
18.33
9.33
20.33
-1.33
5.0
10.33
21.33
-2.33
9.0
8.33
11.33
22.33
1.0
1.67
-7.67
4.67
7.33
5.0
10.33
0.67
5.33
11.33
5.67
7.67
11.0
10.67
3.33
4.33
-3.0
7.33
2.33
12.0
-1.33
8.0
13.0
9.33
6.0
11.33
10.0
8.67
10.33
11.0
1.33
5.33
9.33
5.67
2.0
3.67
10.0
6.0
10.0
1.33
5.33
5.67
9.33
2.33
8.67
2.33
12.0
5.0
9.33
13.67
16.0
12.33
11.67
8.33
3.67
5.33
9.33
6.0
13.67
6.0
6.67
14.67
11.33
12.0
13.33
2.0
0.33
8.0
4.0
4.67
6.67
6.0
11.33
10.33
9.0
9.0
7.0
10.0
19.0
5.67
1.33
0.0
3.67
5.33
4.0
10.33
7.67
0.67
9.0
0.67
6.0
5.33
10.0
15.33
11.33
6.0
13.67
13.33
4.67
18.67
15.0
8.0
23.67
24.0
22.67
43.0
27.33
50.33
43.0
45.67
50.0
49.67
76.67
70.33
99.33
92.67
95.33
100.0
145.33
162.0
171.67
153.33
155.33
171.33
188.0
192.67
238.67
223.0
220.33
218.0
234.33
243.67
224.0
199.67
193.67
205.33
195.33
187.0
169.67
164.0
142.33
123.0
119.33
111.67
82.0
65.33
64.0
66.33
49.67
46.0
29.0
34.67
22.33
42.33
12.67
19.33
5.67
13.67
10.67
10.67
11.0
15.0
20.0
13.67
2.33
-2.0
-0.33
8.0
12.33
14.0
-1.67
1.67
5.67
2.0
8.67
9.67
5.33
17.67
9.0
8.33
8.0
16.0
3.67
12.67
7.33
12.33
18.67
7.67
8.33
6.33
8.0
12.0
16.0
7.0
10.0
-2.0
16.33
4.0
5.33
2.33
1.0
-4.0
8.67
4.67
10.33
8.33
12.0
9.67
14.0
11.67
5.67
15.33
17.0
7.67
14.0
-3.33
7.67
-0.67
12.0
11.67
3.67
8.67
10.0
2.67
11.0
12.0
-1.33
-5.33
10.33
20.33
6.33
-2.0
16.33
5.0
-1.0
3.33
3.67
11.67
3.67
11.33
-7.33
2.67
4.33
18.67
4.33
0.67
6.67
7.33
18.0
11.0
0.0
-7.0
9.0
8.33
20.33
-11.67
13.33
1.67
0.0
-4.33
-6.33
-1.67
6.33
10.33
0.67
5.67
4.33
8.0
6.67
-5.67
21.67
1.0
9.33
11.67
2.67
4.67
8.67
6.0
-4.67
4.33
1.0
1.0
5.33
7.0
12.33
12.33
3.33
8.33
1.33
-3.67
7.67
4.67
10.33
3.0
13.0
-1.67
11.33
6.33
0.33
12.33
8.0
-1.67
6.33
8.67
7.0
15.67
1.33
-0.33
10.33
3.0
6.33
-0.67
11.0
9.33
3.0
-1.67
1.0
6.0
6.67
0.0
15.33
0.67
9.0
-6.33
10.0
-2.0
3.33
1.0
6.67
-5.67
1.0
-0.67
1.67
12.0
10.33
20.0
-8.0
10.33
11.67
-10.0
0.0
11.0
-0.33
-1.67
16.67
7.33
6.33
5.67
6.33
1.33
-1.67
-3.0
11.33
-6.33
-9.33
3.67
-7.67
9.67
-4.33
21.67
-13.33
-4.0
-0.67
18.0
10.0
0.67
4.0
1.0
4.33
7.0
1.67
1.0
11.67
2.33
3.67
3.67
8.67
8.0
-0.67
-8.67
-3.0
-2.67
6.0
-2.33
-10.67
0.67
-1.0
0.67
12.67
9.0
-8.33
18.0
5.33
4.67
2.67
15.0
7.0
3.0
4.0
11.67
2.33
9.33
8.0
6.33
6.33
11.67
13.67
13.67
6.67
14.33
23.33
26.33
10.33
10.0
13.0
18.33
20.0
25.33
8.0
12.0
14.33
30.0
-5.33
22.33
13.0
6.67
9.0
20.67
15.33
7.0
14.33
1.33
7.0
17.0
7.67
18.67
-1.0
3.67
10.0
8.33
10.67
-2.67
-9.33
-3.0
3.0
2.0
-11.0
0.33
16.33
-7.33
2.0
2.0
7.67
1.33
9.0
6.33
11.67
-5.0
0.33
4.0
-10.67
-3.0
-3.33
0.67
3.67
-3.33
4.0
5.33
0.0
3.67
12.67
16.0
9.33
12.67
3.33
2.0
-5.67
0.67
11.67
8.67
2.33
6.33
4.33
0.67
6.67
9.33
-4.0
-0.67
2.0
5.0
0.33
0.33
-0.67
4.67
6.0
8.0
1.67
-5.0
0.67
4.0
2.0
-5.0
11.33
12.0
2.33
-3.0
-4.0
5.67
-0.33
21.33
6.0
6.33
15.67
-1.33
0.33
5.33
-7.33
-3.0
6.67
3.67
-0.67
11.33
5.33
-10.33
-8.0
-5.67
6.0
-3.0
-2.67
-1.0
7.0
1.0
-2.0
-7.33
1.33
-3.67
6.0
7.0
-4.67
14.67
1.33
-0.67
1.33
3.0
7.33
6.67
8.33
9.67
4.67
8.0
10.0
7.33
-4.67
5.67
16.0
11.33
10.0
11.0
6.67
9.0
19.33
5.67
14.0
9.67
7.33
6.0
13.67
23.33
0.33
20.67
7.33
25.67
17.67
9.0
6.67
12.33
-0.33
15.0
15.67
4.33
1.0
3.33
11.33
6.33
-2.0
-7.0
2.33
-2.0
1.33
5.67
7.33
-2.67
4.67
-5.0
7.67
1.67
-6.0
7.0
2.0
-0.67
-9.0
-1.33
2.67
-5.67
-3.67
-1.67
16.33
0.33
2.0
8.67
-1.0
-3.0
1.0
1.67
-1.33
5.33
4.0
4.0
-5.67
5.33
-9.67
6.0
3.0
0.67
2.0
9.67
-4.0
5.33
0.0
1.67
-4.0
-1.0
-2.67
-2.0
7.67
-1.0
6.0
2.67
11.67
9.67
1.67
7.67
5.0
0.33
3.67
0.67
10.0
2.67
-3.67
4.0
-3.33
1.33
1.0
0.33
-1.0
-3.33
-2.0
-2.33
3.33
-2.67
-10.33
3.33
-3.0
0.33
3.33
0.33
5.67
-1.67
7.67
7.0
-1.33
-7.67
9.33
-1.67
13.33
3.0
0.0
-0.33
0.67
-3.0
-3.33
1.0
-3.0
-0.67
1.67
-2.67
5.67
7.0
2.0
-5.0
-4.67
3.0
3.33
5.0
-0.33
2.0
4.0
9.0
-1.0
-1.33
3.67
1.33
5.67
13.0
6.0
3.33
-5.67
7.67
5.33
4.33
-2.67
5.0
4.0
14.67
12.67
8.0
-0.67
8.0
9.33
6.33
2.33
7.0
7.33
5.0
0.0
1.33
4.0
0.67
9.67
2.0
-1.0
8.0
4.67
10.33
9.33
-4.0
0.33
-2.0
9.0
0.67
1.67
1.33
0.67
7.0
3.67
0.33
1.67
2.0
-4.0
0.67
-1.67
6.33
-2.0
4.0
-0.33
5.0
-7.0
-2.0
-3.67
-0.33
0.33
3.0
-0.67
-0.67
-5.67
2.33
-4.67
3.33
-5.0
0.67
-5.67
3.67
-4.67
-4.0
4.67
0.0
5.0
-2.33
6.0
-1.0
3.0
-1.33
-7.0
-0.67
7.67
0.67
2.33
-1.0
-0.67
-3.67
-2.33
9.33
-3.0
1.0
3.67
4.67
-3.33
2.0
3.67
-3.67
1.33
7.67
-1.33
-3.67
-0.33
-0.67
8.33
-5.0
1.67
-5.33
1.67
6.0
-1.0
-1.67
0.33
0.67
0.0
-4.67
-2.33
-3.33
2.67
1.67
3.0
1.67
3.0
-4.0
1.0
-8.67
3.0
6.67
-2.33
0.67
2.67
2.67
-1.33
4.33
1.67
-2.33
1.67
0.33
2.0
1.67
-1.0
2.33
2.0
-1.67
2.33
-2.33
2.33
0.33
-2.67
2.67
0.0
4.67
-3.67
2.0
0.67
7.0
0.0
1.67
6.0
-2.67
