0.0
-59.33
52.0
-29.33
52.67
-55.67
85.33
-0.67
6.33
-64.67
-37.0
33.67
-1.67
18.33
-13.33
-47.67
52.0
8.0
-14.33
-3.33
-40.67
22.0
3.0
4.67
-12.0
-2.33
-3.0
5.0
4.67
9.33
1.0
1.0
0.33
0.0
-0.67
0.33
-0.67
0.0
-2.33
-0.67
-1.33
-1.0
3.0
-1.0
0.0
0.33
1.0
-0.33
-1.33
2.67
0.0
-0.33
0.67
0.0
2.0
0.0
-0.33
-0.67
-0.33
-0.33
2.33
1.0
1.0
1.0
-0.33
-0.33
0.0
-0.33
0.0
-0.33
0.0
1.0
-0.33
0.67
-1.0
1.67
-0.33
-0.67
-0.33
-0.67
-0.67
-0.33
-0.33
1.67
0.0
-0.33
-0.33
1.67
1.0
-0.33
-0.33
1.67
2.0
1.33
0.0
1.0
0.33
2.0
0.33
0.67
-0.67
-1.0
-1.67
-0.33
0.33
0.0
-1.33
1.67
0.33
1.67
0.67
2.33
-1.0
0.67
-1.67
1.67
-0.33
-0.33
2.0
2.0
-1.0
6.0
1.33
-0.33
-2.67
5.0
-2.67
-0.33
2.0
-0.67
6.0
-0.67
1.33
-3.33
1.67
4.67
1.0
3.0
0.0
0.67
-0.67
9.67
-1.0
-4.67
7.0
2.0
0.33
7.0
-2.33
3.0
4.67
-3.67
-2.67
4.33
-3.33
2.67
8.0
-1.0
3.67
0.67
1.0
9.0
3.0
3.67
0.33
1.33
5.33
10.67
-2.33
-0.67
-4.33
10.33
-5.0
4.33
1.67
-1.0
0.67
7.33
2.0
8.67
2.0
-4.33
1.33
-0.33
0.0
5.33
2.0
12.67
11.67
6.67
0.67
2.33
2.67
2.67
0.0
3.67
2.67
-5.67
8.67
5.0
4.33
-2.0
0.67
-2.33
-5.33
1.0
1.67
7.0
1.0
4.67
-5.33
-2.67
0.33
-5.67
-9.33
0.33
1.33
-5.0
0.67
-3.33
1.33
-5.67
0.33
-1.33
-7.33
0.33
-3.33
2.0
1.33
-1.33
3.33
-4.0
-0.67
-4.0
2.67
0.33
1.67
0.33
-3.33
0.33
-2.67
-1.33
2.0
-2.0
3.33
-1.0
-3.0
-2.33
9.67
1.0
6.33
3.67
0.0
-1.0
2.33
12.0
11.0
3.33
4.67
0.0
3.67
-1.33
1.67
-7.0
-1.67
-5.33
-0.67
-5.33
10.0
-7.33
-3.33
9.0
6.0
3.33
-2.33
2.0
4.33
-1.67
3.0
-1.33
2.67
7.0
2.0
5.67
6.0
8.0
3.0
3.33
1.0
1.0
0.0
5.0
1.33
-1.33
1.33
-4.0
4.33
3.0
-0.33
10.0
-3.67
2.0
-7.33
-1.33
3.33
4.33
4.0
3.67
-5.0
3.0
0.67
4.33
-0.67
-1.67
-1.0
1.0
4.67
3.0
-5.0
0.0
0.0
3.33
-4.67
0.67
3.67
4.67
4.67
-2.67
-4.0
4.0
-3.33
0.33
2.0
2.0
-3.33
5.0
0.67
3.0
7.0
5.67
-2.0
1.0
-0.67
-0.67
-6.33
6.0
7.33
5.67
2.67
1.0
0.0
4.0
8.0
-4.67
2.0
2.0
-5.67
5.0
-0.67
0.67
1.0
-1.0
11.0
-4.33
1.67
1.33
1.0
6.0
3.0
2.67
6.0
5.67
-4.0
8.0
4.0
3.67
7.0
3.67
-1.67
-3.33
-5.33
1.67
-4.67
8.0
-5.67
-10.0
9.33
3.0
1.0
-5.33
3.0
6.0
0.0
5.0
0.0
-3.67
0.0
-4.33
-0.33
-1.33
4.0
-1.33
-5.0
1.67
1.0
3.33
-7.33
-1.0
6.0
-1.33
2.0
-0.67
-3.33
-4.67
-1.33
-5.0
1.67
-0.67
-3.0
0.0
-3.33
0.67
-0.67
4.0
-2.67
-1.0
2.67
1.0
-0.33
-6.33
1.33
-2.33
4.0
3.0
3.33
-2.0
5.0
4.33
-1.0
-5.33
5.0
-3.67
-1.67
0.33
5.67
-0.67
3.67
-1.33
-4.67
4.0
-1.0
-5.0
-1.0
-2.33
-0.33
1.0
5.0
1.67
5.33
0.67
-0.67
-2.33
1.33
7.67
2.33
2.33
1.33
5.0
4.33
0.67
3.0
2.33
2.0
0.33
-3.67
-5.67
-1.0
2.33
0.0
-5.67
-0.33
1.0
-2.67
0.33
-2.0
-3.0
-0.67
-5.0
0.33
-2.33
-2.67
2.67
3.33
3.0
-2.0
2.67
0.0
5.67
-0.33
-1.33
3.67
-3.0
1.67
1.67
-1.67
-2.67
1.0
3.67
-3.67
2.0
-0.33
-0.33
1.67
1.67
0.33
-4.67
2.0
-4.0
1.0
2.0
1.0
4.0
2.33
0.33
-0.33
-4.67
-0.33
6.33
4.67
-3.33
4.33
-2.67
-1.0
-2.0
-1.0
1.0
-3.67
2.67
3.67
1.67
4.33
-0.67
0.33
0.0
2.33
-1.0
-0.33
2.33
0.67
3.0
-3.0
3.33
0.67
-1.67
-0.33
-1.0
-5.33
1.67
3.0
-2.0
2.67
2.33
-1.67
1.0
-0.67
-3.33
0.67
-0.33
2.0
-1.67
-3.0
0.0
2.33
0.67
-1.67
-2.0
-1.33
-1.33
2.0
-0.33
2.33
5.33
-4.67
3.33
0.0
-2.33
-3.33
-0.33
4.33
2.67
-1.67
1.33
-3.0
-1.67
0.0
-2.0
-3.33
-2.0
4.67
1.0
0.33
1.33
4.0
-2.0
3.0
1.67
1.0
4.67
-3.67
0.33
4.0
-2.33
-2.67
-2.0
-0.33
-2.0
0.0
-1.0
-1.0
-1.0
-1.0
-1.67
-3.33
3.0
-2.0
2.33
4.33
0.33
5.0
2.0
-1.33
3.0
-1.67
-0.33
-0.67
0.67
-1.33
-2.0
0.0
7.33
1.33
-4.33
-1.67
0.33
5.67
1.0
-2.67
4.33
2.67
1.67
4.67
-1.67
3.33
3.33
3.67
-1.67
-1.33
4.67
3.0
-2.67
-3.67
-1.67
-2.33
-5.67
1.33
-6.33
1.67
5.67
-1.67
-3.33
-3.33
1.33
-1.67
2.0
-3.33
1.0
5.0
2.67
4.33
1.33
-1.33
1.33
-0.33
-2.33
1.33
2.33
0.33
4.33
1.0
1.0
-1.33
0.0
3.0
1.67
3.67
1.33
-1.33
5.0
1.0
0.33
-1.67
-0.33
9.0
2.67
-2.33
4.0
-2.33
2.0
5.0
-0.67
1.67
-1.0
-1.0
3.33
12.67
0.0
1.0
4.0
7.67
4.0
3.0
3.67
0.67
-3.0
-5.33
-0.67
2.67
3.67
4.33
-3.67
5.67
3.0
3.33
-2.0
6.0
3.0
-2.0
0.67
1.33
-1.0
-3.67
-0.67
1.33
-1.67
-1.0
1.33
2.33
-2.67
-4.0
0.33
3.0
8.0
0.0
4.67
-1.0
3.33
1.0
2.33
4.0
-1.0
3.67
1.67
-2.0
2.67
0.33
0.33
3.0
2.0
1.33
3.33
4.33
3.33
1.0
2.33
6.0
-1.0
2.0
-4.0
-5.0
-4.67
-1.33
3.67
-1.33
3.67
-1.33
5.67
1.33
2.33
1.0
-3.0
2.33
1.0
4.0
5.33
0.67
6.0
5.0
3.0
0.33
0.33
-1.0
5.0
5.67
6.67
-7.33
-3.67
3.33
7.33
6.33
-0.67
-6.0
2.67
-0.33
4.0
4.67
-7.67
0.67
5.33
5.67
-0.33
-4.0
0.0
3.33
5.0
-0.33
3.33
2.0
2.33
-5.67
0.67
6.0
-2.0
-0.33
-1.67
4.0
-0.33
8.67
1.33
4.67
1.33
2.33
-2.0
-0.67
-0.67
3.0
-1.67
4.33
2.0
0.0
4.67
3.67
2.0
9.33
0.33
3.33
-1.33
3.67
3.0
12.33
5.0
-5.0
2.0
-4.67
3.67
4.33
2.33
3.0
3.33
6.33
7.33
-2.33
5.33
3.67
0.67
8.0
-0.67
4.67
-5.0
4.33
10.0
3.33
5.67
5.33
0.67
-0.33
-2.33
3.67
0.67
-0.33
-0.67
5.67
-3.33
3.67
-3.33
7.0
6.33
10.33
4.67
8.33
10.67
5.0
7.33
3.0
3.33
6.33
8.33
9.0
6.67
-3.33
-0.33
4.0
0.33
-2.67
0.0
-0.33
10.0
8.33
8.0
-0.33
10.67
8.33
2.67
4.0
-3.67
-1.33
5.67
2.33
1.33
-7.67
8.67
5.67
17.67
6.67
1.67
-5.67
0.33
1.67
9.0
9.0
3.67
1.67
5.67
5.0
4.33
11.67
9.0
6.0
0.33
1.67
3.33
0.67
7.67
2.67
4.0
3.0
10.33
-1.0
3.0
-3.0
-0.33
6.67
7.0
6.67
8.33
8.33
-1.67
7.0
4.33
6.33
3.67
1.0
4.67
1.0
8.0
2.0
6.67
6.33
7.67
1.33
4.0
4.67
2.33
5.33
3.67
9.0
10.0
8.67
7.0
2.0
3.0
8.33
4.33
2.0
-3.33
2.67
12.0
6.0
4.0
4.0
4.0
5.33
7.33
11.33
9.0
8.0
8.33
5.33
0.33
11.33
0.67
16.33
6.67
9.0
16.0
9.0
11.33
6.67
2.67
3.33
12.67
17.0
13.67
18.0
27.0
31.67
16.0
31.67
32.33
33.0
27.0
38.33
38.0
47.33
37.33
57.0
41.0
38.67
45.0
40.67
40.67
34.33
38.67
34.33
28.0
35.33
36.33
20.67
18.67
17.33
16.0
22.0
17.67
19.0
8.33
4.67
8.67
3.0
4.67
10.67
16.67
6.67
6.33
8.67
5.67
6.67
3.67
5.67
13.33
4.33
5.0
-0.67
8.33
13.0
14.33
7.0
-1.67
0.67
7.67
7.0
9.0
12.67
4.67
7.0
-1.67
1.0
7.33
7.67
17.0
4.0
9.0
10.33
4.0
6.33
9.33
8.67
10.33
1.33
0.67
3.33
7.33
7.0
7.0
9.67
6.0
20.33
6.33
6.0
3.33
-0.67
5.0
7.0
5.0
6.0
0.67
8.33
5.0
3.0
10.0
0.67
2.0
5.67
8.67
9.67
15.33
4.33
0.67
8.67
12.67
7.33
12.67
1.67
10.67
0.67
-0.33
1.0
7.0
-0.67
-0.33
16.0
6.67
6.67
8.67
4.67
10.33
7.0
4.33
6.0
17.0
11.0
3.67
5.33
11.33
16.67
-2.33
10.67
18.67
13.0
1.0
11.33
7.33
7.0
9.0
11.33
1.67
0.33
9.0
5.33
5.0
7.67
11.0
3.33
9.0
5.67
3.33
14.33
-0.67
9.33
-2.33
-1.0
14.33
1.33
-3.33
12.0
14.33
13.33
21.33
10.0
-1.33
18.33
2.67
-6.67
6.0
14.33
3.67
13.33
10.33
1.67
14.67
1.0
8.67
5.33
15.33
1.0
7.33
4.33
8.0
2.67
14.0
12.0
9.33
7.0
15.33
9.0
-0.33
6.33
6.0
4.33
12.33
9.33
10.67
3.0
0.67
10.0
2.0
7.0
6.33
2.33
6.67
8.33
7.33
8.67
1.33
16.0
18.0
1.33
10.67
14.0
14.33
1.67
9.33
7.67
8.33
7.33
7.0
16.67
8.0
-3.33
11.67
13.33
4.0
3.33
6.0
8.33
4.0
4.0
17.67
16.67
5.0
21.33
7.33
8.0
12.0
12.0
0.0
5.0
3.67
5.33
10.0
-0.33
7.33
10.0
2.33
7.67
7.67
8.0
4.67
5.0
8.33
4.0
11.33
12.33
15.0
14.67
9.33
20.67
19.67
7.0
7.0
14.67
29.0
17.67
37.0
22.33
35.33
44.0
27.67
49.0
42.67
53.67
76.33
101.33
100.67
106.33
114.0
112.33
168.0
162.67
196.33
178.33
206.33
219.0
221.67
227.67
235.0
226.33
248.0
246.33
241.67
217.0
249.67
261.67
218.33
207.33
179.0
176.67
167.0
153.33
165.0
98.33
99.67
104.0
78.33
64.0
65.33
44.67
39.0
33.0
22.67
24.33
22.33
24.67
16.33
8.67
11.67
21.67
6.67
14.0
21.0
13.0
4.67
-1.67
4.0
8.67
19.0
9.33
12.0
5.33
9.67
16.67
3.0
5.67
3.67
4.33
5.67
18.0
10.33
4.0
2.0
-0.33
7.67
26.33
15.33
4.67
11.67
21.33
9.33
10.0
2.0
10.0
3.0
9.0
8.0
9.33
0.0
8.33
2.33
5.0
0.0
13.67
8.67
10.33
4.33
15.0
18.67
10.0
15.67
-4.33
7.33
14.0
16.67
6.0
3.67
18.67
5.33
11.0
2.67
13.67
24.67
15.0
0.67
11.0
18.0
14.67
5.67
7.33
8.33
2.33
-1.0
12.33
8.0
-1.0
8.33
1.67
7.67
6.67
18.33
-6.33
-1.33
-6.67
14.67
9.33
10.67
10.67
3.33
7.0
2.0
8.0
1.0
8.0
7.33
11.33
-2.67
15.33
10.67
-5.0
-0.33
7.67
1.33
16.33
7.33
5.67
0.67
5.33
2.0
6.67
1.33
11.67
2.0
-1.67
26.67
16.67
1.67
11.67
-3.0
0.33
1.33
0.0
-1.0
5.33
3.0
6.33
6.33
11.33
-0.67
4.33
-0.67
8.67
11.67
10.33
-3.0
12.0
3.33
17.33
2.33
5.33
4.33
5.0
4.33
4.33
-7.33
18.0
4.67
-1.67
6.67
2.33
16.0
7.33
-4.67
5.0
4.33
8.0
3.33
-2.0
7.0
1.67
-1.0
4.33
-1.33
-1.0
-3.33
3.0
-13.0
7.33
-7.0
15.67
6.33
14.0
-3.67
-1.33
-3.0
12.33
10.0
-3.0
-8.67
0.67
-3.0
-3.0
6.0
-7.33
-14.67
18.67
17.33
6.33
3.67
12.33
-2.67
6.33
2.0
14.33
1.67
-3.33
1.67
2.33
5.67
2.67
2.67
-1.33
2.0
2.33
9.0
11.0
-9.33
13.0
8.0
1.33
-7.0
1.67
0.0
-0.33
-2.67
6.67
-1.33
8.67
11.0
1.33
-7.67
9.0
3.33
2.0
-0.33
1.33
-2.33
1.0
10.67
-1.33
0.0
11.67
4.0
-6.67
-0.33
13.67
14.0
3.0
10.0
5.0
0.67
-1.67
6.33
-4.0
17.33
12.33
4.67
10.67
7.67
9.67
-3.67
6.33
18.33
21.33
6.0
15.0
4.33
24.0
15.33
11.0
17.0
24.33
9.0
14.67
16.33
20.0
15.67
16.0
12.67
15.33
6.0
16.33
3.33
4.0
5.0
8.67
6.67
-1.0
-4.33
11.0
7.33
2.67
-2.67
1.67
-5.0
7.0
3.0
5.0
11.33
-10.67
-3.33
7.0
2.0
15.67
9.33
15.0
-7.67
1.67
-2.0
4.33
7.0
-4.67
2.0
-5.33
7.67
7.67
-0.33
-6.0
11.33
-4.0
6.67
8.67
0.0
5.33
1.67
3.33
7.0
6.33
4.67
2.67
-1.33
1.33
5.33
9.33
-2.33
1.67
3.33
-2.0
-5.67
5.0
9.0
-4.67
13.33
2.33
-2.33
-6.0
12.0
-10.33
-9.0
-0.33
-4.0
-8.0
-2.0
2.33
-3.0
-2.67
-1.0
0.0
7.67
11.67
6.33
5.0
-3.67
18.67
2.67
1.33
3.33
-7.33
-2.0
9.67
4.67
4.33
-0.67
-1.67
-11.33
-2.0
-3.67
-5.0
-2.0
-4.67
9.0
4.0
4.0
4.0
6.67
6.33
-2.67
4.0
4.0
0.33
8.67
4.33
0.33
-6.67
8.0
11.33
13.67
12.33
2.67
8.67
3.0
4.0
-2.67
8.33
22.67
23.0
8.33
13.0
-4.0
11.67
4.0
5.33
10.67
12.0
8.67
13.33
5.0
14.67
11.33
18.33
10.67
16.33
25.67
8.67
8.0
8.67
3.33
6.67
5.0
0.67
11.33
1.0
2.33
3.33
1.33
0.0
9.0
10.33
0.0
-1.67
5.67
-2.67
1.33
4.67
1.0
-4.33
8.67
-3.0
3.0
3.0
3.33
-8.0
-0.33
6.67
6.33
-3.67
0.33
6.33
-1.67
10.0
11.67
4.0
2.0
-1.0
-0.33
4.67
-2.67
-5.0
-3.0
-3.67
2.33
-0.67
8.0
4.0
0.67
3.0
6.67
1.0
9.33
-3.0
-1.33
-2.0
5.0
6.33
1.0
-7.33
1.0
7.0
0.67
5.67
-0.33
-4.33
5.67
6.0
6.33
-0.33
-1.33
6.0
-3.33
-1.67
4.0
0.67
7.33
4.0
-4.67
2.0
2.67
-5.0
2.67
3.33
7.33
-2.33
6.33
2.0
4.33
2.33
-1.67
1.67
1.33
9.67
-2.0
-2.33
-0.67
-3.67
1.33
1.33
-2.0
3.0
-1.33
7.67
2.0
0.67
7.0
-4.0
-0.67
-0.33
-5.67
-3.33
11.0
-6.0
6.0
5.33
7.0
6.33
5.0
4.67
5.0
1.0
4.0
7.0
-4.33
3.67
-3.67
8.67
5.0
4.0
-1.67
-0.67
3.67
-1.67
-1.67
2.33
3.0
4.0
8.67
13.67
7.0
3.33
3.0
8.33
5.33
13.33
9.0
7.33
5.0
-3.0
2.33
6.0
11.67
6.67
3.0
2.0
5.0
8.67
-1.67
13.33
0.0
5.33
1.0
1.0
2.67
0.67
2.33
0.67
-2.0
6.67
-5.67
1.67
1.0
-5.0
0.67
1.33
1.33
-2.0
-5.0
4.67
10.0
-4.0
-4.0
0.33
7.67
-5.67
1.0
0.33
4.33
-2.67
-6.67
3.33
3.33
-2.0
-2.33
-0.67
5.67
1.33
-1.0
-0.33
5.0
1.0
0.67
2.0
-5.0
0.0
-0.33
-2.0
4.33
-2.33
0.67
4.33
-2.0
-3.67
-2.67
-5.33
2.33
-1.0
2.0
6.67
3.67
-5.33
2.0
3.67
-2.67
-2.67
5.67
0.67
3.33
4.67
0.33
8.33
-8.0
0.67
0.67
1.67
7.0
1.0
5.33
0.33
-2.33
0.0
-0.67
-3.33
-0.33
0.67
-0.33
0.0
-0.33
2.0
1.0
10.0
-3.67
-4.0
-0.33
-3.33
-0.33
5.67
1.67
-4.33
2.33
-0.33
-0.33
2.67
3.33
0.0
-2.33
-8.0
3.33
-2.0
-3.67
3.33
0.67
3.33
-1.67
-1.67
3.67
-1.0
-2.33
-1.67
7.0
0.67
-1.0
0.0
3.67
-5.0
-2.67
