0.0
-58.33
14.0
48.67
97.67
-48.67
46.33
21.33
38.33
12.33
14.0
-4.33
33.33
-11.67
-38.33
17.33
9.0
-49.0
12.67
12.67
-5.67
4.0
-14.0
14.67
19.0
-5.33
-11.0
-8.0
8.67
0.33
-8.0
-6.0
1.33
2.0
2.33
4.33
5.33
-2.0
1.67
2.33
-1.33
2.0
1.0
0.0
-1.0
-0.67
0.0
-0.33
0.67
-0.33
0.0
-0.33
0.67
-1.0
0.0
0.0
1.67
0.33
0.67
0.67
-0.67
1.0
0.0
0.0
0.67
-0.33
0.0
0.67
1.0
-0.33
1.0
1.0
-0.33
-0.33
-1.0
-0.33
-0.33
-0.67
2.67
0.33
0.33
1.67
-0.33
-0.33
0.0
0.67
0.67
-0.33
0.0
2.67
0.67
-0.33
0.0
0.33
-1.0
1.0
0.33
0.0
-0.67
0.67
0.33
-1.0
-1.67
1.67
0.33
2.0
-0.33
2.67
-1.67
-1.33
-0.33
-1.67
3.0
-1.33
0.33
3.67
-2.33
-1.33
3.0
1.0
-2.0
3.0
3.33
0.67
-1.67
1.0
-4.67
-3.33
1.0
-0.67
7.0
-0.67
4.33
-2.33
0.67
-0.33
2.0
1.0
4.0
1.67
-4.67
0.67
8.0
0.33
2.0
1.0
7.33
1.0
2.67
-4.0
0.67
11.33
2.33
0.33
2.67
-2.33
0.0
4.0
2.67
6.67
-4.0
9.0
7.0
7.67
3.33
-4.67
8.33
6.67
2.67
4.33
4.67
8.33
-4.0
1.33
-0.33
-2.0
-0.33
12.33
-6.0
3.67
1.0
-2.33
-4.67
1.67
1.0
2.33
1.0
-5.33
4.67
1.67
0.67
0.33
-0.33
3.67
2.0
4.67
4.67
0.33
7.67
7.0
1.33
8.0
2.67
6.67
-0.33
-2.0
-2.33
4.0
3.0
8.67
-3.33
3.33
7.33
4.33
-0.33
-9.67
5.33
-1.0
9.67
-1.33
4.33
2.33
2.33
3.67
4.67
-0.67
6.67
7.0
6.33
4.67
-1.67
-1.0
2.33
5.0
2.67
4.33
4.67
1.33
3.67
5.33
3.33
-2.33
10.0
0.0
1.33
0.0
-1.0
4.67
4.67
1.0
3.33
2.67
-2.0
4.0
-0.67
-2.0
5.0
-4.67
-1.33
3.0
3.67
0.67
-0.33
-6.0
1.33
-1.33
3.33
-3.33
0.0
-6.33
0.67
-1.0
9.0
4.33
6.67
2.0
5.33
7.33
2.0
4.67
2.67
7.0
9.0
3.67
2.0
11.0
9.0
-0.67
5.0
-7.0
2.0
3.0
2.33
1.67
5.33
2.0
4.33
15.0
0.67
6.0
5.33
3.0
-3.33
8.67
7.33
9.33
1.0
-1.33
-1.0
4.0
0.67
-0.67
2.33
5.33
1.0
6.0
1.67
-2.0
5.0
-5.0
1.0
1.33
3.33
2.67
-0.33
3.67
-0.33
2.33
4.0
4.0
-0.33
7.33
7.0
5.0
1.67
9.0
-1.33
6.0
3.0
4.67
-5.0
6.0
3.33
-0.67
-5.33
2.0
3.33
1.67
0.67
-1.0
2.0
1.0
6.0
-2.67
5.0
7.0
0.33
3.0
2.33
1.67
-3.0
0.0
10.0
0.67
-8.33
-0.67
-1.0
9.0
5.0
-4.33
0.0
3.67
1.0
9.0
0.0
10.67
8.0
4.67
-2.67
-0.33
-7.33
0.67
2.33
7.0
0.33
3.0
0.33
-1.0
4.0
1.67
-1.0
14.0
0.0
2.0
3.0
-0.67
-4.0
-1.33
-3.33
2.67
1.0
-0.33
3.0
-0.33
1.0
-3.67
-1.33
6.0
4.0
-1.33
-2.0
2.33
-4.33
-4.67
1.67
-3.0
5.67
-4.67
1.0
4.0
5.67
1.67
6.33
0.0
0.33
3.0
1.67
2.0
-0.33
-3.33
3.33
0.67
3.0
-1.0
0.33
11.0
2.0
2.33
0.0
3.67
-1.0
9.33
-5.67
3.33
5.67
-3.67
1.67
-2.33
-4.67
8.0
-1.0
-3.0
2.0
-1.33
-0.33
2.0
2.0
-0.33
3.33
3.67
1.33
11.67
0.33
4.67
1.33
5.33
2.33
-4.0
-1.67
-0.33
-3.0
4.33
-3.0
6.33
2.33
2.33
-3.0
-1.67
-2.0
-0.67
0.67
4.0
-3.67
3.33
1.0
4.0
-0.67
0.0
-0.67
-3.33
2.33
3.67
-3.67
-1.0
-5.0
5.67
-2.0
2.67
-0.33
3.67
2.67
4.0
2.67
2.67
-0.67
-2.67
5.0
5.67
-0.67
3.0
0.67
0.67
2.67
1.67
3.33
-1.67
5.0
-1.0
6.0
0.0
2.0
6.0
6.33
1.33
-0.33
-0.67
0.67
1.33
-0.33
-1.33
-1.67
-0.67
2.0
-4.0
0.0
-2.0
-3.67
6.67
1.67
3.67
-2.67
0.33
1.33
-5.0
2.33
-1.0
3.67
0.33
8.67
3.0
-1.0
3.33
4.67
9.33
-3.33
2.0
-2.33
0.67
3.0
6.0
1.67
-0.67
4.33
6.0
6.33
2.67
-0.33
9.67
3.0
0.33
0.0
-1.0
2.33
1.67
-2.67
1.0
-0.33
-2.33
-2.0
-3.33
0.33
4.33
2.33
3.33
8.0
2.67
2.67
-3.33
1.33
1.67
3.33
1.33
-3.0
0.33
-1.0
0.0
2.67
-2.0
1.67
3.0
0.33
-1.67
3.0
1.0
1.0
1.67
0.0
5.67
3.33
1.33
1.0
1.67
-6.67
-3.0
-0.33
-4.0
3.0
0.0
5.0
2.0
-5.0
0.33
-1.33
5.0
3.0
-1.67
0.33
-2.67
2.0
5.0
-2.33
1.0
0.33
4.67
3.33
2.67
6.67
0.0
2.0
-0.67
-0.67
-4.33
7.33
1.33
1.67
-3.0
2.33
0.33
2.67
0.67
0.67
0.33
2.33
2.33
-0.33
-2.67
4.67
-2.33
3.0
2.33
-3.67
-2.67
1.67
-0.67
1.33
-1.33
1.67
5.67
4.33
-5.33
3.67
-2.67
0.33
0.0
-0.33
3.0
2.0
4.67
7.33
-2.67
-0.33
0.33
6.67
-0.33
-2.67
3.33
2.33
4.33
3.0
2.0
-1.33
0.0
7.0
0.67
1.67
-1.67
2.67
-1.0
1.0
4.33
-6.67
-2.33
2.0
4.67
-1.33
4.0
-1.33
-1.0
3.0
4.33
-1.33
3.0
-4.0
0.33
1.67
-2.0
3.0
4.0
2.67
6.0
-3.0
-3.33
-6.33
4.0
-1.33
2.33
0.67
2.67
1.33
0.33
1.67
2.0
1.33
-2.0
1.0
1.0
2.0
-2.33
6.33
-1.0
3.33
-1.67
3.33
-4.67
1.0
-3.67
3.33
-0.67
-2.0
3.33
1.0
0.0
1.0
1.67
5.0
-0.67
3.0
2.33
1.0
5.0
1.67
-2.33
-3.0
2.67
3.33
3.33
2.0
0.0
1.33
3.33
1.33
3.33
6.0
1.33
8.0
6.0
-1.0
1.0
-3.0
4.33
-4.33
1.67
0.67
7.67
3.67
3.67
-1.67
-1.67
9.0
0.0
6.33
5.0
8.0
13.33
3.67
9.0
6.0
10.0
5.33
4.33
9.0
20.0
3.67
12.67
10.67
9.33
19.33
23.33
13.33
20.33
33.0
35.67
36.67
25.0
25.67
24.33
21.67
35.33
24.67
18.67
11.0
4.0
14.33
9.0
10.67
7.33
11.0
18.33
5.33
17.67
4.0
11.0
3.67
9.33
10.0
3.67
6.67
3.33
6.67
5.33
-0.67
-3.0
0.33
1.33
4.0
0.33
1.33
7.0
5.0
-1.33
0.67
5.0
0.33
-1.67
6.33
-2.33
0.67
3.0
9.33
-1.0
4.0
4.0
-0.67
-2.33
1.33
3.33
0.0
4.33
-1.67
8.33
-1.33
3.33
3.67
2.67
1.0
1.33
7.67
2.0
1.33
0.0
3.33
-3.33
2.33
1.67
-0.33
0.67
5.67
0.67
-0.33
-3.67
5.67
-3.33
4.67
-2.33
6.0
8.33
1.33
6.67
9.33
4.67
10.0
9.33
7.0
-3.67
5.33
2.33
12.0
4.67
0.67
1.67
3.0
11.33
-3.67
11.0
-4.33
14.0
3.33
4.0
9.67
1.67
5.33
11.67
8.0
3.33
3.67
7.67
6.33
5.33
-3.67
-1.33
10.67
-2.33
2.67
6.67
7.33
6.33
3.67
2.0
1.0
0.67
-0.33
0.67
11.0
16.33
5.67
3.0
5.0
0.33
10.67
2.33
8.67
4.67
-3.33
13.0
3.0
4.33
5.0
4.0
-1.0
-0.33
11.67
1.0
-3.33
-1.67
-1.67
2.33
2.0
11.33
1.33
8.67
1.0
-2.33
2.0
15.0
-1.0
3.67
8.33
4.67
6.33
9.0
2.67
3.33
0.33
1.67
-4.0
6.0
5.67
5.0
2.0
1.0
7.33
4.33
2.0
2.67
5.67
0.0
1.0
1.0
6.0
13.0
3.33
6.33
10.33
6.0
11.0
8.33
15.33
6.33
-2.67
-2.33
6.33
2.67
12.0
3.0
4.0
7.33
5.67
15.67
8.33
7.67
11.0
19.67
7.0
11.0
13.67
8.0
15.67
12.33
15.0
18.0
12.33
10.0
23.33
27.33
23.0
15.0
26.67
17.0
16.67
15.67
27.33
14.67
22.33
13.0
12.33
13.33
13.67
6.67
11.33
7.0
23.0
10.67
9.0
10.33
16.67
3.67
7.0
0.67
7.67
10.67
7.67
10.33
1.67
9.67
2.67
5.67
12.67
-0.67
0.33
6.0
8.33
1.33
2.0
4.33
5.0
3.33
1.67
-0.33
3.0
2.0
7.67
3.67
-1.0
2.33
7.0
-1.67
0.67
2.0
6.0
-1.0
6.33
8.0
11.33
11.33
5.67
11.33
9.33
16.67
7.33
5.33
19.0
5.0
4.67
7.0
4.33
3.33
9.0
16.33
4.33
23.0
10.0
6.0
1.0
-4.33
13.33
6.0
3.0
9.0
7.67
6.0
4.67
10.67
7.67
5.33
14.33
2.67
7.67
4.67
10.33
8.67
2.67
7.67
1.67
6.67
7.0
8.0
4.33
9.67
9.0
15.67
4.67
7.67
2.67
13.33
1.0
2.33
9.0
9.0
13.0
7.67
-1.67
4.33
10.67
3.67
4.67
7.67
9.0
1.0
5.33
-2.67
10.0
5.0
8.33
8.67
3.33
12.0
11.33
9.0
16.67
14.0
6.33
9.0
1.67
14.33
15.33
19.33
-2.67
-5.33
4.0
13.33
23.33
8.67
14.0
12.33
11.33
13.33
7.0
17.67
15.33
12.67
7.33
6.0
-4.67
3.67
3.33
6.33
5.67
10.67
12.0
8.67
-1.67
9.33
12.0
2.33
1.33
3.0
10.67
4.0
5.0
11.33
0.0
3.33
19.0
8.67
4.33
1.0
2.33
6.33
3.33
7.67
6.0
6.67
14.0
6.0
6.0
6.33
3.33
2.67
12.33
6.33
12.67
3.33
2.0
4.0
5.33
6.67
13.0
6.33
11.67
7.33
11.67
10.33
7.33
0.0
12.67
5.0
-4.33
6.67
10.33
14.0
3.33
2.0
6.33
8.0
5.0
5.67
11.67
18.0
9.33
2.33
6.0
7.0
8.0
5.0
15.0
4.67
7.33
10.0
5.67
6.33
8.0
8.33
16.67
6.67
19.0
12.67
15.0
17.33
13.0
18.33
21.33
13.0
8.67
17.33
12.67
7.67
10.0
1.0
18.67
24.0
22.67
29.0
17.33
33.33
22.0
29.67
31.0
21.67
31.67
41.33
27.33
34.67
49.33
54.0
47.33
62.0
64.67
68.33
70.33
86.33
81.0
78.67
99.67
113.0
106.33
99.0
111.33
95.67
96.0
77.67
102.67
104.33
80.33
92.0
80.67
70.0
77.33
54.0
80.33
60.67
37.0
45.33
38.0
30.33
29.67
27.0
20.0
21.67
12.33
23.33
13.67
20.33
14.67
1.67
12.67
3.67
20.0
5.0
19.0
5.67
-3.67
12.0
11.67
9.0
4.33
1.0
9.33
12.67
13.67
1.0
1.67
16.67
14.33
12.67
10.0
15.33
14.0
18.0
8.67
17.67
16.33
10.33
14.67
16.67
13.33
16.33
3.0
4.0
9.0
5.0
6.0
11.0
5.33
6.0
6.33
0.33
18.0
4.0
4.67
3.67
12.33
4.33
13.0
6.67
16.0
13.67
7.67
4.33
18.0
1.67
8.0
6.67
10.67
14.33
1.0
-4.33
11.67
11.67
2.0
5.67
15.0
5.0
2.67
5.67
6.33
22.33
1.33
4.0
-1.67
16.0
3.0
16.33
11.67
8.67
7.67
11.33
0.67
4.67
-1.67
8.67
24.33
29.67
10.67
14.33
26.0
18.0
6.0
3.0
7.0
8.33
18.33
0.33
11.33
6.67
5.0
14.67
5.67
6.33
-0.67
15.33
7.67
7.67
10.33
0.0
16.67
10.33
16.67
14.0
10.33
11.67
10.67
-1.33
-1.33
1.0
1.33
4.33
2.0
-1.0
5.33
9.0
5.33
5.33
17.33
8.33
7.33
7.33
13.67
7.67
8.33
7.0
10.0
8.33
4.33
3.33
3.33
6.33
-6.0
-3.67
11.33
5.67
2.0
8.67
6.33
7.67
19.33
16.0
6.33
-13.67
19.0
9.33
-4.0
14.33
4.0
31.0
7.67
5.0
14.33
8.67
33.0
11.67
26.0
24.0
10.33
38.0
15.67
3.33
26.0
23.33
21.67
39.0
33.33
32.0
44.0
28.33
35.67
46.0
20.0
16.0
28.67
31.33
20.67
25.33
20.33
17.67
22.33
12.33
9.33
13.0
0.33
22.67
11.67
1.67
19.33
19.67
7.67
15.67
7.67
1.0
15.33
12.0
7.0
5.67
23.0
8.0
-3.67
7.0
-0.33
-2.0
15.67
7.33
16.67
6.67
9.67
8.0
5.33
-1.67
1.0
9.33
5.0
15.67
1.33
-16.33
-2.0
7.67
8.67
6.0
-2.33
11.0
-0.67
5.67
-5.33
11.0
-4.0
15.0
12.0
2.67
12.33
-3.67
7.0
3.33
11.33
9.67
-1.33
12.67
12.67
20.33
-1.67
11.33
5.33
6.0
3.0
5.33
23.0
14.33
16.0
5.0
7.33
7.0
12.67
12.33
24.0
3.67
7.0
8.67
19.33
8.0
10.33
6.33
17.0
11.0
-3.33
11.67
-11.0
1.67
-1.0
0.33
2.67
13.33
-1.33
0.0
10.0
5.0
4.0
1.33
7.33
-4.33
1.0
6.0
8.67
15.33
8.0
-0.67
7.67
3.0
13.33
12.0
1.33
3.0
9.67
16.67
8.67
-0.33
9.0
7.33
-3.0
-5.33
9.67
-1.0
10.33
11.67
7.33
6.0
10.33
9.67
13.67
10.67
0.33
-4.67
2.33
-2.33
6.67
10.33
2.0
2.33
-1.0
8.0
7.33
10.33
8.33
1.67
7.0
15.0
2.67
-1.0
-5.33
12.0
4.0
-2.0
13.33
9.0
4.33
2.0
12.0
20.67
5.67
2.33
12.0
9.33
12.67
-6.33
1.33
4.33
7.67
-4.0
0.67
3.67
8.33
2.33
19.33
-0.33
7.0
-3.67
-2.0
8.0
2.33
8.0
6.0
1.0
-5.0
0.67
16.33
-0.67
6.0
8.0
-7.67
5.67
-0.67
-0.67
-0.67
5.0
3.33
-1.33
3.33
-2.33
-0.33
7.0
3.0
-3.67
5.33
7.67
15.0
3.33
9.0
-3.0
13.67
3.0
9.33
0.67
5.0
-0.33
2.33
3.0
4.67
11.33
9.33
4.67
4.33
1.67
10.67
9.0
-1.33
13.33
-6.33
1.0
17.67
5.33
2.0
8.33
11.33
-2.67
4.0
-6.0
1.33
4.0
3.33
10.67
3.33
1.33
3.67
2.0
10.67
1.67
0.0
2.0
-1.0
1.33
-2.0
2.67
-1.33
5.33
1.33
5.33
1.33
5.33
3.0
6.67
6.0
4.0
8.0
4.67
5.67
0.33
4.0
-1.0
-0.67
5.33
-1.67
1.0
1.0
0.67
7.0
4.67
0.0
8.33
-1.0
5.67
-5.0
1.0
13.33
4.0
4.67
10.0
15.0
-2.33
-0.33
0.67
-2.33
6.67
3.0
9.33
-2.33
2.67
0.0
6.67
5.33
1.0
5.67
4.33
1.0
-4.67
1.0
-5.33
6.0
-1.33
3.33
8.33
-7.33
3.33
0.0
13.33
10.33
3.33
6.67
1.33
-2.33
3.0
6.67
-2.67
-3.67
0.33
7.33
9.0
5.0
13.67
0.67
2.0
-3.33
-2.0
2.0
-0.67
3.67
6.33
2.67
0.0
-4.0
3.0
5.33
10.0
10.33
7.0
-2.33
0.0
5.0
0.0
0.0
-6.33
6.67
-3.67
-1.33
9.0
0.0
1.33
7.33
-2.33
-3.67
2.33
-4.67
2.0
-1.0
5.67
8.67
7.0
3.33
6.0
6.33
0.33
1.33
12.0
3.33
0.0
7.0
-4.67
7.0
4.67
6.67
10.0
-2.0
6.0
3.67
3.33
5.33
-2.0
-1.67
-1.0
1.0
5.67
3.67
0.33
-3.33
4.0
0.67
3.33
8.67
3.0
2.0
6.67
1.33
-1.67
1.0
-5.0
1.67
8.0
5.0
1.0
0.33
4.67
5.33
9.0
-5.67
-0.67
0.33
2.33
1.33
-0.67
-2.0
9.67
4.33
5.67
1.33
0.0
6.67
4.0
4.0
1.67
7.0
-4.0
-1.0
-2.33
-2.0
2.33
0.67
-5.33
1.33
2.0
1.33
-5.67
1.67
5.33
3.0
-2.0
5.67
-5.33
-5.33
2.0
10.67
4.33
1.33
9.67
7.67
8.33
0.67
3.33
1.33
3.0
-1.33
-2.33
-5.33
3.0
-3.0
8.33
2.33
-1.33
-1.0
0.33
-5.33
1.67
6.67
0.67
10.0
6.67
-2.0
6.0
6.0
2.33
-5.0
5.67
1.67
0.67
2.67
3.67
3.67
2.33
-0.33
0.67
5.67
8.33
-1.0
0.67
-1.0
5.33
6.0
0.33
1.33
0.67
3.33
2.33
-0.67
-1.33
3.0
0.67
-1.67
-3.0
-4.33
-1.0
-7.0
4.67
6.0
0.33
