0.0
-26.33
47.0
58.67
131.67
63.33
41.33
-48.67
36.33
26.33
63.0
30.67
-34.67
-7.67
4.67
-28.67
71.0
20.0
18.67
0.67
-14.67
-22.0
20.0
0.67
-8.0
-7.33
-12.0
4.0
-1.33
0.33
3.0
6.0
-0.67
3.0
-0.67
-1.67
0.33
0.0
0.67
-1.67
-0.33
-1.0
0.0
0.0
-1.0
0.33
2.0
-0.33
-0.33
-0.33
0.0
0.67
0.67
-1.0
0.0
1.0
-0.33
-0.67
-0.33
0.67
-0.67
0.0
0.0
0.0
-0.33
0.67
0.0
-0.33
0.0
0.67
1.0
0.0
0.67
-0.33
0.0
1.67
-0.33
0.33
1.67
0.33
0.33
-0.33
0.67
-0.33
-1.0
-0.33
0.67
-0.33
2.0
0.67
1.67
-0.33
0.0
0.33
1.0
0.0
1.33
1.0
0.33
2.67
2.33
-1.0
-1.67
2.67
1.33
0.0
-0.33
1.67
0.33
-0.33
0.67
-0.67
2.0
1.67
-0.67
2.67
0.67
1.67
2.0
6.0
4.0
1.0
-0.67
-1.33
0.33
6.0
-4.67
-4.33
-1.0
1.33
3.0
-0.67
0.33
-1.33
-3.33
-2.33
6.0
4.0
9.0
0.67
-5.67
3.67
4.0
2.33
1.0
-2.0
3.33
2.0
0.67
4.0
-1.33
0.33
2.33
-3.67
-7.33
4.67
5.0
3.0
6.67
0.67
-3.0
3.0
3.0
7.67
3.33
-3.67
11.33
2.67
0.67
-0.67
-0.33
1.33
1.0
4.33
-0.33
-2.0
1.67
-0.67
-6.0
1.67
0.0
4.67
4.33
0.67
0.0
-4.67
-3.0
2.67
6.67
3.67
4.67
9.33
-0.33
-5.33
4.0
1.67
3.67
-4.67
1.67
5.0
1.33
6.0
-3.33
1.67
0.67
6.0
0.67
3.0
0.0
5.67
-5.33
2.33
2.33
1.33
1.67
-5.67
3.33
-6.0
5.67
-4.33
3.33
0.33
-0.67
0.67
-0.33
-2.67
-3.33
4.0
3.33
-3.33
1.33
-2.0
7.33
10.0
0.67
-4.67
-0.33
2.33
-3.33
8.33
-2.67
-4.33
3.0
1.0
0.33
2.0
1.0
1.67
6.67
3.0
1.33
1.67
8.0
4.0
3.33
3.0
0.0
4.33
-5.33
-3.0
0.67
-1.33
-0.33
1.0
3.33
4.67
-3.67
-8.33
2.0
-5.33
4.67
7.0
12.0
4.33
-0.33
1.0
11.33
1.33
2.0
3.67
4.67
4.0
0.0
3.67
1.0
4.0
2.0
6.33
1.0
0.0
3.0
1.0
4.33
1.67
4.33
0.0
-1.67
6.0
2.67
5.0
3.33
4.0
-2.33
4.67
5.33
6.33
6.0
-3.33
12.0
7.0
3.67
-3.67
0.33
4.33
3.0
5.0
4.67
4.0
9.0
7.0
5.0
3.33
0.33
3.67
-4.33
3.67
6.67
3.33
1.0
1.0
4.67
1.33
5.0
1.0
4.67
4.0
-0.33
-1.0
2.0
2.67
1.0
-1.0
-1.67
4.33
-6.33
-1.0
11.33
2.67
0.67
0.0
-1.0
6.0
7.0
2.33
3.0
15.0
-0.67
3.0
0.33
0.67
2.0
8.0
4.0
4.67
-4.33
1.33
4.0
5.0
5.0
-0.33
0.0
4.67
1.0
1.0
0.0
10.67
0.0
-1.33
-3.67
0.67
-4.33
5.67
0.33
3.0
-0.67
1.0
5.33
1.0
-4.0
1.67
4.0
6.0
0.0
8.0
0.0
1.33
7.0
7.67
-6.33
0.67
4.0
-4.33
-4.0
5.67
8.0
-4.67
-2.33
3.0
2.0
2.67
2.0
0.33
-2.33
7.33
-1.33
2.0
1.67
-0.67
3.0
1.0
0.67
5.67
-5.67
2.0
1.33
1.0
1.67
1.0
10.67
0.67
0.33
2.67
3.0
-3.0
5.33
4.0
-7.0
4.33
0.0
6.67
-1.0
-2.67
-5.67
4.33
0.67
-3.67
1.67
0.67
-5.67
4.0
0.0
-3.0
-4.0
-2.33
9.67
4.0
-3.0
3.67
0.33
5.67
-2.67
6.67
0.33
2.67
-2.67
2.33
3.33
-3.0
-3.67
5.67
-2.0
2.33
-2.0
5.33
2.33
-0.67
-2.0
-1.67
0.0
-1.67
3.67
8.0
2.33
5.33
-6.0
5.0
-0.67
-4.0
0.33
-1.33
4.33
-0.33
3.33
3.0
0.0
-1.33
-3.0
1.67
0.67
3.67
2.67
0.0
1.67
0.67
1.33
-1.67
2.0
-0.33
-2.67
4.0
0.67
-0.33
1.67
-0.33
0.33
-1.67
1.0
-1.0
1.0
-1.0
-2.0
9.0
0.33
0.33
1.67
0.33
-0.33
4.33
-1.33
1.67
-0.67
1.33
3.0
-1.0
0.0
-1.0
3.33
3.67
0.67
1.67
-1.67
1.33
-3.67
3.0
-2.67
2.0
-1.33
2.33
1.67
1.0
-2.0
-0.67
3.67
2.33
4.67
3.0
1.67
2.67
-1.0
-1.0
7.67
0.33
2.33
3.0
4.33
1.67
-2.33
-1.33
3.0
1.33
0.0
3.0
1.33
-1.33
3.33
-4.0
0.67
1.67
1.0
-5.33
5.33
2.33
0.33
-0.67
0.0
0.67
2.67
-0.33
-1.67
-2.33
-3.67
0.33
-3.0
-4.67
1.0
2.0
0.67
-3.0
3.67
4.0
1.33
3.33
0.0
0.0
0.0
-0.33
1.0
-1.33
-4.67
0.33
-2.0
-3.33
-4.67
-6.0
-1.33
-2.0
4.0
-3.0
1.0
4.0
-3.0
3.33
2.67
1.0
0.0
0.33
0.33
-2.67
0.0
1.0
1.67
3.0
-3.67
3.67
0.33
3.67
-0.33
-1.0
1.0
6.33
-1.67
-7.33
-0.67
2.33
0.67
3.0
-4.67
1.33
-1.33
-1.33
1.67
2.33
0.33
0.33
2.67
1.33
-2.33
1.67
6.0
-4.67
2.33
-0.67
1.67
-5.67
-2.67
-1.33
-0.33
3.67
4.33
4.67
-2.33
5.33
-1.67
2.0
-1.33
1.0
4.0
-6.33
0.33
-1.67
-1.33
4.33
2.67
-2.33
0.33
1.33
-0.67
4.33
8.0
2.0
2.67
0.0
1.0
-0.33
3.67
0.33
-1.33
-5.0
-2.0
-0.67
0.33
0.67
4.0
-0.33
-3.33
-1.0
-4.33
1.0
2.0
-3.67
3.67
1.0
0.0
-0.67
0.67
-1.0
1.0
-1.0
8.67
5.0
3.0
1.67
-1.33
6.0
-0.33
5.33
-1.33
3.67
-1.67
-3.67
0.67
2.0
-1.67
-1.0
4.0
-1.0
-4.0
-2.33
1.33
-2.0
-3.67
-0.67
1.33
-1.67
-2.0
-4.67
-2.67
-2.67
-1.0
2.33
3.0
3.0
4.0
0.67
-1.0
-0.67
3.0
3.33
1.0
0.0
7.67
2.67
6.0
-2.33
-0.67
-1.67
9.0
2.0
0.33
5.33
-1.67
5.33
2.0
4.33
1.0
-2.0
-2.0
-6.0
4.0
-0.67
6.67
-1.33
-3.33
1.67
8.67
5.67
5.33
1.33
2.0
-3.0
3.33
3.0
4.0
12.33
7.67
3.0
12.0
7.0
8.33
9.33
9.0
14.0
9.67
23.67
15.67
29.33
22.33
19.33
29.33
21.33
25.0
20.67
34.67
31.0
41.67
35.33
40.67
26.33
40.67
28.67
26.0
21.0
20.33
14.0
10.67
17.33
9.0
6.33
11.33
0.67
6.0
9.0
1.67
8.33
6.0
-2.33
1.67
8.33
5.67
2.33
3.33
0.0
2.33
2.33
-3.0
3.33
-4.67
6.0
5.0
4.67
11.67
3.0
4.33
-1.67
0.33
5.67
1.67
2.0
4.33
3.0
5.0
2.0
2.33
-0.33
-2.67
6.33
2.0
7.33
2.33
-0.67
-5.33
10.33
0.67
8.67
-4.0
-0.67
9.67
3.0
9.33
-1.0
3.33
5.67
-2.67
-2.33
4.67
2.67
10.67
11.67
3.67
-2.67
6.67
5.67
11.67
-0.33
3.0
5.33
7.33
8.67
6.33
6.67
8.0
2.33
8.0
2.33
4.33
4.33
4.0
13.67
2.67
-1.33
0.0
7.33
1.33
7.0
6.67
9.0
2.33
6.0
3.67
1.67
2.33
5.67
2.0
9.33
7.67
13.67
-0.67
7.33
0.33
0.67
6.67
8.67
6.67
6.67
-1.67
1.33
-2.33
11.0
9.0
-1.33
3.67
12.67
4.0
3.33
10.67
8.0
14.0
7.33
0.67
9.33
2.67
12.67
3.67
2.0
-4.0
4.33
2.0
3.0
-2.0
-0.33
3.67
3.0
7.67
0.33
5.33
9.33
-3.0
7.33
7.33
7.67
-2.0
4.67
5.0
6.0
-1.0
-1.33
3.33
3.67
1.33
9.0
-3.33
6.33
11.33
8.67
-2.0
6.0
6.67
15.0
6.0
3.0
2.33
2.33
3.0
8.67
7.67
6.0
1.0
2.0
5.0
8.0
10.33
7.33
6.33
8.0
7.0
3.33
-1.67
0.33
8.33
1.67
11.33
4.67
9.0
16.0
5.0
11.33
10.67
5.67
4.33
1.67
10.0
11.67
10.0
7.0
13.67
10.0
16.67
15.33
10.0
15.0
20.33
18.0
18.33
16.33
19.0
18.0
21.67
20.0
25.67
20.67
23.33
26.67
21.33
21.0
22.33
10.33
8.67
11.67
14.33
7.0
8.0
9.67
7.0
-1.67
14.67
13.67
-1.0
-2.33
5.67
6.67
6.67
3.33
0.67
3.67
-2.33
7.67
9.67
7.33
-4.67
-2.0
3.33
5.33
14.0
6.33
0.0
2.33
3.67
3.67
7.0
2.0
11.67
3.67
10.0
5.33
7.0
5.33
4.67
9.0
8.0
-1.0
5.33
14.0
8.33
2.33
8.67
2.33
6.33
3.67
2.33
0.33
5.0
-2.0
12.67
4.0
0.33
14.33
3.0
3.33
8.33
14.0
8.0
6.0
4.0
13.67
5.33
6.0
6.0
5.0
5.67
2.0
8.67
3.67
8.67
8.33
6.33
5.67
2.67
5.67
4.33
1.67
6.67
5.67
2.67
3.67
-2.0
2.0
2.33
-2.33
15.0
-0.33
7.67
-1.33
-0.33
7.33
-3.0
-4.67
7.0
5.0
10.0
28.67
13.33
12.33
9.67
-6.33
12.67
8.67
3.0
11.0
7.33
5.33
5.0
11.0
0.33
5.67
-1.67
7.0
-0.67
10.0
4.67
6.0
6.33
9.0
5.67
2.33
7.33
4.33
12.33
11.67
11.0
8.33
11.33
4.67
6.0
9.33
19.33
17.33
9.0
24.67
7.33
9.67
-5.67
2.0
8.33
8.67
8.33
4.33
4.67
16.67
8.0
9.67
2.33
4.33
9.0
7.33
2.33
11.0
4.67
5.0
12.0
1.33
4.0
4.33
11.0
-0.33
11.33
0.0
2.33
2.33
6.33
7.67
12.0
-1.33
13.0
4.0
12.0
2.33
10.33
2.67
6.33
7.33
10.67
4.33
11.0
-1.0
5.33
8.67
12.0
7.33
2.67
21.33
6.67
4.33
16.33
7.0
5.67
4.0
-1.33
10.67
6.33
2.0
6.33
5.0
12.33
10.0
6.0
9.67
16.67
7.0
10.33
9.33
1.0
7.0
12.0
3.0
14.0
6.67
2.33
7.0
7.67
20.33
20.0
14.33
18.67
3.67
8.0
9.67
12.0
20.33
6.0
6.33
9.33
9.0
16.67
22.33
14.67
17.67
12.0
11.0
31.67
20.0
19.67
20.0
23.33
37.33
18.0
17.67
18.0
26.67
40.67
31.33
32.33
35.67
35.33
62.0
65.33
65.0
62.67
78.33
75.33
86.33
117.0
99.67
115.67
106.0
95.33
97.0
108.33
99.67
115.0
95.67
112.67
108.33
123.33
102.0
82.67
85.0
68.33
69.0
60.33
32.67
58.0
40.33
36.0
24.33
31.67
17.0
23.0
17.67
22.33
2.33
14.67
8.33
7.67
12.67
18.67
16.67
4.0
19.0
7.0
10.67
-1.67
12.0
10.67
10.0
14.33
11.0
14.33
17.67
5.67
6.0
10.67
2.67
25.33
15.67
3.0
11.33
19.0
9.0
5.67
5.67
6.33
17.33
8.67
6.67
17.33
14.33
9.0
13.0
21.0
19.0
10.0
14.0
6.33
6.0
-2.67
8.33
17.0
3.0
14.67
11.67
17.33
-0.67
4.0
17.67
2.0
19.67
6.67
6.33
11.0
10.67
4.0
4.67
3.67
6.33
20.0
14.67
7.67
7.67
7.0
9.67
19.0
8.0
10.67
10.67
6.33
1.33
9.33
5.0
7.33
14.0
5.0
9.33
6.67
8.67
22.67
15.33
12.67
-9.33
10.33
13.67
6.33
18.67
1.67
3.33
13.0
7.0
0.0
4.0
5.0
4.33
15.33
-3.67
11.33
2.67
-5.0
1.67
8.67
17.33
17.33
11.33
13.67
4.67
10.33
6.0
18.67
2.33
15.67
13.0
2.33
5.67
0.67
10.67
18.67
11.0
8.33
5.33
11.0
6.0
10.33
-1.0
14.33
18.33
3.33
13.33
16.33
7.33
13.67
10.67
14.33
2.0
9.0
1.33
13.33
14.33
-5.67
8.33
1.0
9.33
9.33
3.67
16.0
1.67
10.33
8.67
10.33
10.0
19.33
-1.67
19.0
8.33
10.0
5.33
23.0
23.0
27.67
17.0
21.33
31.67
15.0
18.67
17.0
22.0
26.33
33.0
15.67
25.33
38.0
44.33
24.67
45.0
33.33
41.0
48.0
23.33
37.67
33.0
19.0
25.0
40.67
32.33
32.67
37.33
18.33
20.67
24.33
13.33
23.33
12.0
26.33
9.67
10.67
6.67
21.33
16.67
3.67
20.67
10.67
15.0
7.33
9.0
10.0
4.67
12.0
6.0
4.33
11.0
-8.33
-2.0
-0.33
3.33
10.67
8.67
2.67
16.0
6.33
-8.67
-3.0
5.33
4.0
2.67
2.33
4.67
-6.0
0.67
11.67
10.0
6.67
9.0
8.33
14.67
-0.33
-1.0
-2.0
10.0
4.0
8.67
0.33
1.33
9.0
1.33
16.33
5.67
0.67
6.67
10.67
1.33
10.33
8.33
3.33
4.0
1.0
2.33
5.0
12.33
9.0
10.0
1.33
11.0
0.67
9.33
6.0
14.67
17.0
1.67
11.33
10.0
11.33
10.33
21.0
21.0
3.67
3.67
3.0
0.67
3.0
11.33
-4.33
11.33
5.67
12.0
7.0
9.0
7.0
1.33
3.33
-3.33
9.0
3.0
-0.33
6.33
5.0
-3.67
10.67
3.0
12.33
15.0
2.33
5.0
-8.33
4.67
5.67
3.67
1.0
6.33
-4.0
-3.33
9.67
1.0
6.33
10.67
4.33
2.0
7.33
5.67
-4.33
-0.33
5.33
4.33
12.33
8.67
-5.33
0.33
-4.0
3.33
0.0
-1.0
-2.67
7.33
2.33
-9.33
12.0
4.0
5.67
-3.0
-0.33
0.0
-1.0
-10.0
2.33
1.0
6.33
9.0
3.0
2.67
2.67
12.33
8.0
2.33
0.67
7.67
-0.67
5.33
0.67
2.0
2.67
8.67
-1.67
3.33
4.33
-7.33
-2.0
6.33
0.0
-1.0
-8.67
-4.0
9.0
13.0
4.0
2.67
2.33
-10.67
4.0
7.0
0.33
6.67
-1.67
-1.67
-3.67
10.0
4.33
-0.33
9.33
4.67
7.67
10.0
5.0
6.33
-1.67
-0.33
12.0
1.33
5.0
0.0
5.67
0.0
9.33
-2.33
6.0
3.67
6.33
0.0
7.67
11.33
6.33
8.67
-0.67
2.67
3.67
17.0
2.67
6.33
2.67
0.0
6.67
3.33
2.0
5.33
2.33
1.33
10.0
0.0
1.33
2.0
1.33
10.67
7.33
8.33
6.67
0.0
-1.33
-8.33
-5.0
10.0
2.0
8.33
8.0
-0.33
-0.33
-0.67
1.33
7.33
0.33
-4.67
-2.0
6.67
7.0
-6.0
-2.0
1.67
2.67
7.33
6.0
0.0
7.33
-0.67
-1.67
17.0
4.0
9.67
3.0
-3.33
-3.0
4.33
3.0
0.67
-3.0
0.0
0.33
-3.0
9.67
4.0
9.0
-1.33
4.67
5.67
10.67
-0.33
2.0
4.33
-2.33
10.67
3.0
-0.33
3.33
2.0
-3.33
5.33
-3.0
-2.67
-5.0
1.67
1.0
-0.33
4.33
6.33
-9.33
-0.67
4.0
10.33
2.33
2.33
6.67
0.33
3.67
-1.0
0.67
-0.67
-0.67
0.33
5.33
2.0
1.0
3.67
7.67
-3.0
-4.33
-2.0
-2.0
0.33
2.67
6.33
-0.33
7.0
-7.0
9.0
2.33
9.0
0.33
-5.0
-3.33
-1.0
6.0
-1.0
1.0
2.67
-5.33
-4.67
3.67
9.0
-1.0
-0.67
-5.67
-5.33
-0.67
2.33
2.33
-1.0
5.0
9.67
3.67
15.0
2.33
11.0
6.33
1.33
0.33
4.0
13.33
2.0
5.0
1.33
5.0
6.67
5.67
-5.0
-3.0
1.0
5.67
3.33
0.33
-3.0
0.33
3.0
9.0
0.67
3.67
2.33
-4.33
5.0
-0.33
3.33
6.67
0.0
-1.0
6.67
-1.67
-1.67
-1.0
-2.0
-2.33
6.0
5.0
-2.0
1.33
2.67
-2.67
0.0
-4.67
5.33
-2.67
0.33
0.33
6.33
0.0
-2.33
-2.67
4.67
-0.67
3.0
3.67
-3.0
-5.0
3.67
-1.0
-1.0
1.0
2.67
-2.0
2.33
2.67
1.67
-0.67
0.0
2.33
-5.67
-1.33
1.33
-1.0
-1.0
1.67
1.67
-5.33
3.0
4.67
0.33
-2.67
5.67
-2.33
-2.67
3.67
1.33
1.33
1.0
-0.33
-5.33
-4.33
-1.0
-2.0
3.33
0.33
-1.33
-1.0
1.33
-6.33
1.67
7.67
0.67
0.0
-1.33
-1.0
3.0
5.0
-2.67
-5.0
4.67
-1.33
-1.33
0.67
7.67
-1.33
0.33
7.67
-2.33
1.67
5.33
1.0
1.67
-6.0
0.33
2.0
-3.67
4.33
-0.33
4.33
7.33
-4.67
2.67
-1.0
-1.33
-1.67
1.0
-1.33
5.0
3.0
7.67
0.0
-4.67
