0.0
-16.33
20.0
-30.33
5.67
-56.67
-5.67
-61.67
1.33
-61.67
-37.0
61.67
-34.67
50.33
22.67
6.33
-4.0
32.0
-14.33
-30.33
-48.67
-26.0
5.0
-34.33
-22.0
-13.33
-2.0
10.0
-5.33
9.33
-5.0
-1.0
-1.67
-1.0
1.33
0.33
-2.67
3.0
-1.33
-0.67
1.67
-1.0
0.0
0.0
-1.0
-0.67
1.0
0.67
-1.33
-0.33
0.0
0.67
0.67
-1.0
0.0
0.0
-0.33
-0.67
1.67
-0.33
-0.67
0.0
0.0
0.0
0.67
-0.33
0.0
0.67
3.0
0.67
0.0
1.0
1.67
0.67
0.0
-0.33
0.67
-0.67
-0.33
0.33
-0.67
-0.33
-0.33
-0.33
-1.0
-0.33
-0.33
0.67
0.0
-0.33
-0.33
0.67
0.0
-0.67
1.0
0.0
-0.67
1.0
0.33
-0.33
-0.67
-1.0
2.33
1.67
1.33
1.0
-1.33
2.67
1.33
-1.33
3.67
1.33
-1.0
-2.33
-0.67
1.67
0.67
0.67
0.0
3.0
1.0
1.0
-2.67
-0.33
-2.67
2.0
-6.67
-0.33
-3.0
-1.67
-1.0
1.33
1.33
-1.33
-1.33
3.67
-4.0
0.0
-2.0
2.67
0.33
2.67
-4.0
-5.67
9.0
4.0
1.33
7.0
-0.33
-3.0
5.67
-1.67
-1.67
-0.67
-2.33
-6.33
3.0
0.0
8.67
-1.33
-6.0
5.0
3.0
9.67
6.33
-2.67
6.33
0.67
-3.33
4.33
0.67
6.33
-1.0
3.33
-1.33
0.0
3.67
-0.67
3.0
0.67
0.0
4.67
0.33
7.67
-2.0
7.33
-2.0
8.67
4.67
1.67
0.67
3.33
-3.33
0.67
3.0
0.67
4.67
1.33
9.67
3.0
3.33
4.0
-3.33
3.67
2.67
6.0
-0.33
3.0
1.0
2.67
1.67
8.33
3.33
-1.67
1.67
-3.67
2.33
0.0
2.67
-5.33
5.33
1.33
-5.67
5.67
0.67
9.33
-0.33
4.0
0.33
0.67
0.33
-2.0
8.33
2.0
-2.33
-1.67
9.67
0.33
1.67
7.33
-0.67
4.67
1.0
-1.0
1.33
6.0
2.0
1.67
6.67
4.0
-0.67
-4.33
4.0
1.0
1.33
4.0
-3.0
0.33
-5.33
5.0
-1.33
3.67
1.67
0.0
1.33
2.67
4.33
-0.33
4.0
-5.33
5.67
4.0
8.0
-1.67
-3.33
7.0
-1.67
2.33
2.0
7.67
3.67
4.0
6.0
7.67
0.0
7.0
4.0
6.33
9.0
-2.0
-3.0
6.0
-0.67
3.67
5.33
-1.0
3.33
7.0
7.67
4.0
3.33
4.0
5.67
6.67
1.33
-0.67
-1.0
0.67
-4.0
-1.0
-0.33
-0.67
2.33
1.33
8.0
0.0
5.67
7.0
4.0
-3.0
-2.0
3.33
2.33
5.67
-2.33
9.67
9.67
3.33
3.0
5.0
-1.33
0.33
1.0
1.0
0.67
2.0
-0.33
-1.0
5.0
2.67
1.0
0.0
-2.67
6.33
-4.33
5.0
4.33
-3.33
-2.33
2.0
-1.0
5.0
0.0
3.33
0.0
6.0
1.33
5.0
-2.67
3.67
-1.0
6.0
9.0
-0.33
-6.33
2.33
5.0
7.0
-2.0
8.67
-3.0
-1.33
-4.0
3.0
7.0
6.67
9.0
0.67
3.33
-4.33
-8.33
0.67
1.33
-2.0
-5.67
-4.0
5.33
3.0
0.0
-3.33
-2.0
2.0
0.0
1.0
0.0
1.33
-2.0
8.67
-8.33
-0.33
8.0
-4.33
-2.0
-1.33
2.0
0.33
-1.33
5.0
6.0
3.67
-4.0
4.33
-0.33
6.33
1.67
-1.0
4.67
-2.67
-4.0
-1.0
5.67
3.67
1.33
0.0
1.33
0.0
-1.33
2.0
-0.33
1.67
-1.67
0.67
6.0
-3.0
3.33
5.0
-3.0
-0.67
1.0
4.67
5.0
-0.67
-2.67
-6.67
-1.33
1.33
-0.33
0.67
-2.67
4.0
0.0
-5.0
-4.0
-0.33
0.67
0.0
6.0
1.67
2.33
0.67
1.33
6.67
4.33
-2.33
-0.67
8.33
-0.67
-3.0
0.33
4.67
0.0
1.33
4.0
8.33
3.33
3.33
-5.0
2.33
5.0
-4.67
2.67
4.0
2.33
3.33
-5.0
3.0
0.33
-1.0
0.33
-1.33
-3.67
-1.33
0.33
0.0
-7.0
5.67
6.0
2.67
0.67
1.67
7.67
-1.0
-0.33
0.67
2.33
0.33
1.0
-1.33
-1.67
0.0
-0.33
3.67
3.67
0.67
1.33
2.33
4.0
6.0
5.0
-2.0
2.0
1.0
3.33
0.33
-2.33
0.33
1.67
3.33
-0.33
-2.33
0.33
0.33
1.0
2.0
0.0
-1.0
6.33
4.67
-1.33
3.67
3.33
-2.67
-3.67
-3.0
0.33
2.0
2.67
0.33
0.67
0.0
1.0
3.33
1.67
0.33
-0.33
1.0
-2.33
1.67
7.0
3.0
2.67
-0.67
-0.67
5.0
-1.67
-1.33
0.67
4.67
-1.0
1.33
-3.0
-1.0
-2.67
2.67
-2.67
0.0
-1.33
-4.33
0.0
-0.33
1.33
4.33
3.33
2.33
0.0
-2.33
0.67
-4.33
-0.67
0.67
-1.67
-1.67
4.0
-2.67
1.0
-5.0
3.67
-1.0
3.67
2.0
0.33
6.33
0.0
-1.0
1.0
2.67
3.0
-1.33
0.33
-3.67
1.0
-1.33
-0.67
-3.0
2.67
-4.0
2.0
-1.0
-7.0
0.0
-4.0
-1.67
-4.33
2.0
3.0
-1.67
-0.67
-1.67
-1.0
9.0
-2.33
2.0
0.33
1.67
0.33
2.67
2.67
-2.0
1.0
4.33
1.33
-8.33
0.33
-2.67
1.67
-1.0
0.33
0.33
0.67
-0.33
1.67
3.33
2.33
-0.67
4.67
0.33
-0.33
1.67
-1.0
-0.67
-2.67
0.33
0.67
-1.67
-0.67
-2.33
0.67
0.67
1.33
0.67
-2.33
-0.67
2.33
-2.0
2.67
-1.0
0.0
0.67
2.33
0.33
1.67
-1.67
-0.33
-3.33
6.33
0.33
-3.67
4.33
1.0
-1.0
-0.33
2.0
0.0
0.67
6.67
2.33
1.67
-2.0
-2.0
-1.67
4.33
3.67
-2.0
1.67
1.67
-3.0
-0.33
4.0
1.0
-0.67
3.67
-3.0
0.0
2.33
4.67
-1.0
1.0
6.0
1.67
5.0
-2.0
0.67
-3.33
7.0
-2.33
1.33
-0.33
-5.33
0.33
-0.67
-2.33
3.0
-0.67
2.0
1.0
0.0
0.0
0.67
-0.67
-1.0
-2.67
1.33
2.33
-1.67
0.0
-3.67
-1.67
-6.67
-3.0
-2.67
7.0
4.0
1.0
-1.33
4.0
-3.67
-3.0
-1.67
-1.0
0.0
-1.33
-3.33
4.0
1.67
3.33
2.33
6.0
2.0
0.33
4.33
-0.67
6.33
-3.0
2.33
3.0
4.0
1.0
-6.0
1.0
0.33
-1.33
3.67
-2.33
8.67
5.67
8.67
0.33
2.33
10.0
-3.0
6.33
0.0
5.0
4.33
1.67
3.0
1.0
3.0
7.33
7.33
5.0
8.0
11.67
23.67
18.67
22.33
20.33
22.33
40.33
20.33
24.0
31.67
16.67
26.0
33.67
23.33
29.67
24.33
18.67
13.67
25.0
15.0
13.33
11.0
11.67
21.33
7.0
8.33
3.33
1.67
6.0
3.0
14.67
6.33
10.0
3.67
7.67
12.33
10.67
1.33
7.33
5.0
0.33
1.33
9.0
4.33
7.33
4.0
8.0
7.67
6.67
-6.0
4.33
-0.67
-2.67
4.67
6.67
-1.0
13.33
-2.0
2.0
3.0
-1.67
-1.33
5.33
-0.67
-3.0
-1.67
10.33
6.33
-3.33
3.33
-3.33
1.67
6.0
-3.67
2.67
2.0
4.33
-4.0
13.33
-0.33
3.33
3.67
3.67
-0.33
7.67
5.67
6.67
1.33
1.67
-2.33
4.67
-1.33
4.0
9.33
6.33
3.67
8.33
10.67
8.0
6.33
4.0
-0.67
3.33
1.33
8.0
-3.33
5.67
6.67
-3.0
4.33
4.33
5.0
1.67
11.0
1.33
13.0
2.67
-0.33
11.33
5.67
3.0
-0.67
-0.33
12.67
0.33
10.33
1.33
6.67
14.67
4.67
-0.33
0.67
-4.67
8.33
3.67
2.0
0.0
-4.33
3.67
2.67
8.0
3.33
2.67
6.0
-1.0
-3.67
-3.33
8.33
0.67
7.67
3.67
8.0
2.0
5.33
-1.0
0.0
7.0
9.67
4.67
5.0
6.67
3.33
4.33
10.33
5.0
10.33
3.33
4.67
4.0
4.67
10.0
3.0
3.0
1.67
5.33
4.67
5.33
2.0
5.67
2.33
14.33
3.67
-2.0
5.0
6.67
4.0
18.0
13.0
11.33
2.33
5.0
6.67
3.67
3.0
12.0
5.0
17.0
5.0
9.33
4.33
7.33
2.0
6.0
7.33
14.33
8.33
0.33
6.67
11.33
11.67
8.0
4.0
10.0
10.33
6.67
0.67
13.33
9.67
9.0
12.67
1.0
10.0
12.67
13.0
17.67
4.33
17.0
17.0
19.33
20.0
20.33
25.33
27.0
19.0
22.67
29.0
9.67
20.67
18.33
33.67
15.33
8.0
18.33
19.33
12.67
12.67
16.33
19.0
11.0
21.67
14.0
2.33
-0.33
14.67
-1.0
12.67
1.67
12.67
11.67
1.33
0.67
8.67
-2.33
5.67
12.67
7.33
8.33
3.0
3.33
-2.67
5.0
-2.67
-2.0
10.33
9.67
2.67
11.0
12.0
11.67
-2.33
6.0
3.33
2.0
0.33
6.67
4.0
10.0
13.0
15.33
7.0
8.33
0.33
6.67
8.33
6.33
8.67
1.33
10.33
5.0
2.0
2.67
0.0
4.33
5.33
3.0
-1.67
1.33
7.0
9.0
9.0
3.0
1.67
6.33
14.0
4.0
6.0
-1.33
2.0
6.67
9.67
9.67
10.33
1.33
6.67
8.67
4.67
10.33
4.67
5.67
5.67
3.67
3.67
6.0
1.0
4.33
7.67
11.0
11.67
6.67
2.67
4.67
2.33
-4.0
8.33
8.0
6.0
17.0
7.67
8.33
8.33
8.67
-7.33
-5.33
13.67
7.0
4.0
10.33
-0.67
1.0
10.0
8.33
1.67
6.33
6.0
1.33
7.0
6.67
5.0
2.33
9.0
-2.33
3.33
13.33
11.33
2.33
-0.33
5.0
6.33
10.33
-3.33
2.0
17.33
21.33
10.33
7.0
11.67
10.33
14.67
-2.67
12.0
16.33
6.67
10.33
7.33
2.67
10.67
5.0
5.67
11.33
11.33
9.0
5.33
7.33
2.0
1.67
12.0
7.0
8.33
4.0
11.33
5.0
4.67
12.33
8.0
9.33
2.33
4.33
5.67
15.0
1.67
14.0
7.0
6.0
9.33
1.33
3.67
17.33
14.33
13.67
7.33
17.0
4.0
6.33
7.67
9.0
8.33
2.67
9.33
14.67
12.33
12.33
9.0
8.67
13.0
6.67
8.67
12.33
12.0
7.33
10.0
5.33
8.0
-5.0
7.67
17.67
6.0
16.33
8.33
8.0
4.0
13.0
-3.0
1.0
7.67
-2.67
5.0
4.67
14.33
8.0
13.33
13.67
7.67
5.0
11.67
8.0
16.33
11.0
26.33
12.33
16.0
19.67
13.33
21.67
12.67
26.0
6.0
22.67
19.0
31.67
21.0
20.33
26.33
34.0
15.67
20.0
27.67
37.67
27.33
29.33
52.67
52.33
53.0
62.33
68.0
83.67
84.33
86.33
94.33
106.0
102.67
124.67
121.0
117.33
102.0
134.33
116.67
141.0
112.67
108.67
102.33
130.33
97.0
85.67
98.0
94.33
61.0
73.33
47.67
40.0
47.33
46.0
39.33
32.67
37.0
19.0
17.67
23.33
21.33
16.67
17.33
3.67
10.67
13.67
13.67
6.0
11.0
12.0
8.67
-2.67
10.0
9.67
6.0
6.33
2.0
4.33
4.67
3.67
-6.0
10.67
10.67
13.33
7.67
6.0
7.33
9.0
6.0
12.67
13.67
15.33
20.33
-0.33
11.67
10.33
14.33
4.0
12.0
28.0
0.0
3.0
-6.0
4.33
6.0
4.33
0.33
15.0
11.0
14.67
2.67
12.33
0.33
7.0
7.67
9.0
5.67
1.67
9.33
9.0
3.67
13.0
3.67
8.67
6.33
8.0
-0.33
8.67
-0.33
11.0
-4.33
13.0
4.0
7.67
1.67
13.33
1.33
2.33
6.0
-3.67
11.0
11.0
10.33
15.67
9.67
9.67
3.33
2.67
2.67
9.33
15.67
19.33
13.67
11.67
8.33
16.0
7.0
2.0
8.0
12.0
13.33
4.33
6.33
18.33
10.67
-2.0
7.67
15.67
-1.67
14.33
11.33
3.67
-1.33
14.33
16.0
8.67
9.33
16.67
9.0
-4.67
6.67
10.67
5.67
2.67
-3.0
-2.67
5.33
11.0
-1.0
4.33
-1.0
12.33
1.33
14.33
-2.67
4.33
-0.67
14.67
-0.33
17.33
-3.0
11.0
0.33
12.33
12.33
14.33
10.33
3.0
2.33
6.33
11.67
14.0
5.67
-3.67
4.67
13.33
9.0
6.33
-3.67
16.0
5.33
12.0
6.33
21.0
31.0
1.67
21.0
24.33
13.67
21.0
10.67
27.0
21.0
25.33
31.0
19.67
22.33
24.0
28.33
12.67
27.0
50.33
26.0
22.0
42.33
35.67
21.0
25.0
46.0
16.67
11.33
34.67
18.33
29.33
14.67
21.33
19.33
21.33
12.0
14.33
18.67
8.67
0.67
18.33
17.67
24.67
7.67
10.67
10.0
7.33
-1.0
4.0
0.67
8.0
1.0
11.33
-9.0
14.67
20.0
-4.33
-1.67
-0.33
0.67
11.67
9.0
2.33
2.33
9.0
3.33
9.0
14.67
-1.67
3.67
10.0
1.67
8.67
2.0
5.67
5.0
-6.67
-0.33
0.67
12.0
21.0
9.0
-2.0
4.67
1.33
1.33
10.0
19.33
10.33
8.67
11.67
3.67
24.67
11.33
7.33
19.33
-7.67
8.0
7.0
5.33
12.0
5.33
-2.0
6.0
3.33
11.0
21.67
14.33
6.0
6.67
14.0
-6.33
17.33
5.0
3.33
-1.67
17.0
-4.0
5.67
3.67
-3.0
8.67
18.0
4.33
-7.33
10.33
-0.33
9.0
-6.0
7.0
2.0
14.33
4.33
-12.33
16.0
10.0
1.67
4.33
6.0
1.33
9.67
-13.0
0.33
10.0
-4.67
1.0
12.67
2.67
2.67
1.67
5.0
8.33
-9.0
12.67
4.67
9.0
1.33
17.67
2.33
6.0
-2.67
3.67
-3.33
9.67
-1.67
10.33
6.33
3.67
8.67
7.33
-2.0
-0.67
3.0
3.0
2.33
2.33
-0.67
6.67
2.0
1.0
0.67
12.0
2.67
3.0
0.0
-11.0
4.33
15.0
5.33
1.0
-5.0
-2.33
-1.33
4.33
11.0
4.33
1.67
0.67
0.33
5.33
-3.33
3.0
4.67
13.67
5.33
5.33
4.33
-1.33
-2.0
-7.67
-5.0
7.0
2.33
5.0
8.0
4.0
6.0
1.67
4.33
5.33
3.0
5.0
6.33
3.67
14.33
3.33
-7.67
4.0
14.33
-2.33
4.33
2.67
3.67
10.0
9.0
-3.67
11.33
2.67
14.0
16.33
8.0
1.0
7.67
14.0
5.33
6.67
8.0
-1.33
-1.67
17.0
11.67
8.33
3.33
10.67
2.33
11.67
-2.33
3.0
5.67
5.33
-1.33
3.0
4.67
4.33
-4.0
-1.67
2.33
-5.67
6.0
4.0
-3.67
-2.0
-0.67
4.67
1.33
-8.67
1.67
-3.0
5.67
2.67
3.0
2.0
7.0
12.33
-10.0
-0.33
1.67
-1.67
5.33
0.33
9.33
2.33
4.0
11.67
2.0
3.0
5.0
4.67
7.67
3.33
-1.0
-2.0
-3.67
3.33
4.33
3.0
-1.0
2.67
0.0
4.67
2.0
9.33
6.0
1.67
-1.0
5.0
5.33
-2.0
-0.33
9.0
1.0
3.67
-1.33
6.67
11.67
4.67
3.0
0.33
-0.33
4.67
2.0
4.67
7.33
-3.0
0.67
2.33
3.0
-3.67
2.0
-1.33
0.0
3.67
12.33
4.33
-4.33
7.33
-3.0
-1.67
0.33
1.33
9.67
3.33
0.67
-2.0
4.67
0.33
-3.67
0.33
1.33
-1.0
1.0
1.67
3.67
2.0
3.67
1.0
3.0
5.33
2.67
8.33
6.67
11.0
-3.0
9.0
-3.67
3.0
5.33
9.0
0.67
3.0
7.0
10.0
8.0
-9.33
-3.33
-2.67
2.67
9.0
-3.0
0.33
-5.67
-1.33
-0.67
2.33
-2.67
6.0
9.0
7.67
6.67
8.0
-1.67
6.0
10.33
-0.67
-2.67
4.0
-2.67
4.0
5.0
-1.67
0.0
0.67
2.67
2.0
2.0
9.0
6.67
4.33
7.33
2.0
3.33
-3.0
-1.0
5.67
1.67
4.33
-0.33
0.0
1.67
2.33
0.67
-1.0
-5.0
-3.33
-0.67
0.33
6.0
3.0
-4.33
5.0
-4.0
-3.0
3.33
5.67
7.33
-1.0
-1.67
5.33
11.33
-0.67
-2.67
-0.67
-5.0
1.67
-5.67
5.67
-6.67
5.0
5.67
-1.0
1.0
-3.33
11.0
-6.0
-1.0
-2.33
3.0
3.33
0.67
-1.33
1.33
-9.0
0.33
0.33
1.67
4.33
-3.0
1.0
0.67
-0.33
-1.33
0.0
1.67
-4.67
0.33
1.67
0.67
-0.67
-0.33
1.33
2.33
1.0
-0.33
-0.33
-0.33
3.0
-6.0
1.33
-1.67
-0.33
-1.0
-0.67
-0.33
0.67
0.67
-0.33
2.0
-5.33
-3.0
1.0
7.0
-0.67
0.0
1.67
-0.33
-0.33
-0.33
2.67
-1.33
2.33
-4.33
-4.33
-0.33
-0.67
0.0
2.67
-9.0
2.33
2.0
-2.67
4.33
-1.33
-4.67
4.33
0.33
-0.33
0.0
-0.33
-6.67
1.0
-0.33
1.0
-2.0
2.67
-4.0
-5.67
