0.0
-61.33
38.0
-3.33
31.67
-65.67
28.33
-122.67
-33.67
23.33
-113.0
-1.33
-41.67
-0.67
13.67
-29.67
-15.0
26.0
-45.33
-31.33
15.33
-1.0
-29.0
-17.33
-13.0
-12.33
4.0
-1.0
2.67
9.33
1.0
6.0
-3.67
3.0
-0.67
-1.67
-1.67
1.0
-0.33
-1.67
-1.33
0.0
2.0
0.0
-1.0
2.33
0.0
0.67
-0.33
-0.33
0.0
-0.33
-0.33
1.0
0.0
1.0
-0.33
2.33
-0.33
0.67
-0.67
0.0
1.0
1.0
0.67
1.67
2.0
-0.33
0.0
-0.33
0.0
0.0
-0.33
-0.33
0.0
-0.33
-0.33
-0.67
-0.33
-0.67
0.33
0.67
-0.33
0.67
-1.0
-0.33
-0.33
-0.33
2.0
0.67
0.67
0.67
1.0
0.33
0.0
1.0
-0.67
1.0
1.33
1.67
-1.67
0.0
2.33
1.67
0.33
1.0
-1.33
-0.33
-0.67
-1.33
-2.33
-2.67
3.0
-2.33
4.33
0.67
-0.33
4.67
2.0
6.0
0.0
1.0
-1.67
-1.33
3.33
1.0
-3.67
0.67
3.0
-0.67
3.0
2.33
3.33
5.67
-0.33
-0.33
8.0
-2.0
0.0
-0.33
1.33
-0.33
4.0
0.33
5.0
2.0
6.33
6.0
-4.33
2.0
-1.33
-1.67
0.33
8.33
2.67
7.67
-6.0
7.0
4.67
-1.33
2.0
5.0
3.0
4.67
0.33
-3.67
2.33
6.67
6.67
0.33
-1.33
6.33
-2.0
1.33
4.67
-4.0
3.67
-2.67
-2.0
-5.33
2.0
-1.33
-0.67
-2.33
0.0
1.33
6.0
11.67
4.67
9.67
10.67
3.33
-3.33
-1.33
8.0
6.67
10.67
-5.67
1.67
3.0
-1.67
-2.0
-1.33
4.67
-1.33
0.0
2.67
9.0
1.0
6.67
-1.33
-3.67
-2.67
7.33
0.67
6.33
1.33
2.0
4.67
0.67
3.33
2.33
0.33
1.67
6.67
5.33
2.67
0.0
7.33
4.67
-0.67
-2.0
-4.67
3.0
1.67
4.33
4.67
4.33
-0.33
-1.67
-2.67
-4.33
3.0
2.0
1.33
3.0
1.0
5.67
-0.33
-2.0
4.33
5.67
0.0
6.0
-3.67
-3.0
4.0
-1.67
-2.33
3.0
2.67
-2.33
-0.33
-3.0
1.33
-1.33
1.33
1.67
3.0
-0.33
-3.33
1.0
-1.0
-4.67
3.67
-5.0
4.33
5.33
10.0
9.67
5.67
4.0
2.0
7.67
-3.0
4.0
5.0
4.33
2.0
1.0
4.0
2.0
-1.67
-0.33
4.33
0.0
4.33
-4.0
1.67
6.0
2.33
3.0
-3.33
5.67
3.33
-3.67
1.0
1.67
1.0
3.0
-0.33
-0.67
1.33
3.33
-1.0
3.0
7.67
-1.0
-1.0
1.0
-1.0
4.33
3.33
0.67
-2.33
-0.33
-0.33
-0.67
-4.0
7.0
-0.33
0.33
-3.0
-2.0
3.67
4.0
-2.33
2.0
1.0
-2.33
-3.0
2.0
3.33
3.33
1.67
6.0
3.33
2.67
5.67
2.0
3.0
4.0
3.0
-1.67
6.0
3.0
-1.67
5.0
2.33
-6.33
1.0
3.0
1.0
0.67
2.67
0.33
-4.0
0.0
-2.0
8.67
4.0
5.67
3.0
-2.0
1.0
9.67
10.0
1.67
-4.67
-6.33
-3.33
2.67
-0.67
10.0
5.33
-6.0
-0.67
0.0
4.0
-3.33
2.0
12.0
4.0
2.0
0.0
2.33
0.0
-0.33
-3.33
-0.33
3.0
1.67
0.0
4.67
1.0
-0.67
0.67
4.0
3.0
-0.33
-5.0
1.33
1.67
-4.67
-4.33
5.0
0.67
4.33
0.0
-5.0
-0.33
2.67
2.33
2.0
-1.67
4.0
4.67
0.0
1.67
-4.33
0.33
4.67
8.0
0.0
2.33
-2.0
-2.0
4.33
4.0
-1.33
1.0
3.33
-8.67
2.33
0.67
-6.67
0.67
0.67
-2.67
0.0
2.0
-8.0
-3.0
-4.33
2.67
-3.0
0.0
3.67
0.33
2.67
2.33
5.67
4.33
3.67
3.33
4.33
-2.67
2.0
3.33
3.67
-3.0
3.33
1.0
-1.67
-0.67
-1.67
-4.0
-0.67
-2.0
-1.67
-0.33
2.0
-2.67
1.33
-1.0
1.0
3.33
-1.0
-2.67
0.67
-1.67
1.67
-1.67
0.0
-6.0
6.67
4.0
-1.33
0.67
0.67
-1.33
-1.0
1.67
6.67
-2.67
5.33
6.0
1.67
-4.67
4.0
-2.33
-1.33
2.67
-0.33
0.33
0.33
-1.0
-2.0
3.0
-4.0
2.0
0.0
3.33
-1.67
0.67
-3.67
0.67
9.33
-2.33
1.67
-0.67
1.33
1.0
2.0
-3.0
-1.0
-0.67
4.67
3.67
2.67
0.33
-0.67
-3.67
0.0
-0.67
-2.0
1.67
3.33
-2.33
-2.0
-2.0
1.33
1.67
2.33
-0.33
5.0
-4.33
3.67
2.0
-3.0
5.67
4.33
1.33
4.0
7.33
2.67
3.67
2.67
3.0
-2.67
0.0
4.0
2.33
3.67
-2.67
1.0
0.67
0.67
5.0
-2.33
-0.67
2.33
0.33
-0.67
5.0
0.67
2.67
-0.33
-1.67
-1.33
-1.67
-5.67
-3.0
0.33
1.0
-2.0
4.67
7.0
-0.33
-1.0
-1.67
4.33
0.0
-2.0
-1.0
0.67
2.0
5.67
-3.67
1.33
1.0
-0.33
-3.67
-4.0
-2.33
-4.0
8.0
2.0
-1.0
0.0
-2.0
5.33
-0.33
0.0
2.0
3.33
-2.67
-1.67
-3.0
0.0
1.67
2.0
-3.67
2.67
0.33
-0.33
-1.33
-1.0
0.0
2.33
-0.67
-4.33
-4.67
1.33
2.67
-5.0
5.33
1.33
1.67
0.67
-2.33
-2.67
3.33
0.33
1.67
-0.67
0.67
-1.33
-1.0
0.33
-0.67
-0.67
3.67
-1.67
-1.67
0.67
4.67
1.67
-2.67
-1.33
0.67
0.33
-2.67
-2.0
0.67
0.0
3.0
3.67
1.33
0.33
6.67
1.33
2.67
0.67
-0.67
2.33
-2.67
9.33
0.0
-4.0
2.67
0.0
4.0
1.67
6.67
2.33
-0.33
-5.0
-1.0
0.33
-3.67
-1.33
0.0
2.67
-2.33
2.0
2.67
0.0
2.0
0.33
2.67
1.0
6.0
-1.67
3.67
-2.0
-1.0
-5.0
5.67
4.0
-4.0
-3.33
-3.33
0.0
-1.33
4.33
-0.33
1.67
1.33
-0.67
-1.33
5.0
1.33
3.0
0.0
-1.0
0.0
1.67
-0.67
2.0
-3.67
-1.67
-2.67
0.33
3.0
-1.67
-0.67
-6.67
-6.0
-3.67
-1.0
6.0
0.0
4.67
1.0
-0.67
0.0
2.33
2.0
1.0
0.67
3.67
0.0
2.67
1.33
1.33
5.0
-4.0
1.33
5.33
2.33
-1.67
-1.0
-3.67
7.0
1.0
1.0
-3.0
2.0
5.33
-7.33
-3.33
-6.33
5.67
-0.33
-5.33
1.33
5.33
2.0
-2.0
2.33
4.0
10.0
3.33
6.67
13.0
17.0
5.0
1.33
18.33
11.0
14.0
15.67
17.67
12.67
31.33
26.33
23.33
18.33
23.33
10.0
32.67
27.67
24.0
22.67
19.33
29.67
28.33
24.67
26.67
11.0
21.0
20.33
10.0
12.67
9.33
11.0
17.33
7.33
8.67
15.0
4.0
-0.33
1.33
13.0
3.67
8.67
1.33
0.67
0.33
7.33
-4.0
0.33
9.33
-3.0
1.33
7.33
4.0
12.0
1.67
1.67
3.0
1.33
-0.67
2.33
5.67
3.67
2.0
2.33
13.0
4.0
3.0
2.33
-5.33
4.33
3.33
6.0
2.33
1.33
1.33
-7.33
3.33
4.67
-1.33
6.0
-0.67
2.67
6.0
11.33
4.0
6.33
0.67
8.33
3.67
2.67
-2.33
1.67
8.67
3.67
3.33
0.67
6.67
-1.33
4.67
5.0
8.33
10.33
12.67
9.33
4.67
8.0
2.33
0.0
-2.67
10.33
1.33
8.0
3.67
8.67
-2.33
4.0
-1.67
4.33
-1.0
3.67
0.0
9.33
6.0
-1.33
2.67
7.33
8.67
8.0
10.33
4.67
11.67
-0.67
4.33
-1.67
-2.33
2.67
5.67
6.67
10.67
-2.67
-0.67
2.67
4.0
5.0
-2.33
2.67
7.67
2.0
1.33
3.67
6.0
9.0
2.33
7.67
7.33
4.67
9.67
-1.33
5.0
-5.0
10.33
-1.0
5.0
-2.0
9.67
-0.33
2.0
1.67
-1.67
2.33
7.33
5.0
1.33
6.33
10.67
7.0
6.67
2.0
7.0
3.0
6.67
-0.67
-0.33
1.33
9.0
4.67
1.33
11.33
10.67
6.0
-1.0
7.67
5.0
8.0
1.0
9.33
2.33
9.0
10.67
9.67
8.0
5.0
4.0
0.0
13.0
1.33
9.33
14.33
8.0
6.0
13.33
2.33
5.33
6.33
9.67
8.33
3.67
5.0
5.0
7.0
8.33
4.67
11.67
5.33
4.67
12.0
7.67
12.0
8.0
20.67
10.0
19.67
16.33
15.0
20.0
27.33
26.0
12.33
22.33
23.0
25.0
26.67
28.0
6.67
20.67
14.33
26.67
23.33
16.0
14.33
24.33
11.67
11.67
3.33
7.0
11.0
23.67
10.0
7.33
3.67
4.67
8.0
9.67
14.67
3.67
7.67
7.33
-1.33
5.67
8.67
3.67
3.67
0.33
2.33
-1.0
1.33
2.33
10.0
1.33
4.0
2.33
8.67
2.67
13.0
7.0
0.67
-0.33
1.0
8.33
5.0
-3.67
8.67
13.0
10.0
-2.0
6.33
4.0
11.33
2.33
5.67
8.33
4.33
4.67
-0.67
8.33
1.0
6.0
7.67
3.0
9.33
19.33
9.0
8.33
9.33
1.0
8.0
5.0
7.0
1.67
3.33
16.0
10.0
1.0
10.67
3.0
15.67
2.67
4.67
12.33
4.33
-0.33
8.67
8.67
7.33
8.67
5.67
6.67
6.67
0.67
0.0
2.0
5.33
6.67
7.0
10.67
0.67
-2.33
3.67
12.33
-2.0
2.33
17.0
16.0
7.0
15.67
3.33
5.33
8.67
-8.33
-2.33
3.67
-1.0
-4.0
7.33
10.33
17.0
0.0
10.33
7.67
-0.67
11.0
10.33
5.0
5.67
10.0
6.33
14.0
2.67
4.33
16.33
8.33
6.33
-0.33
11.0
5.33
23.33
-3.33
19.0
20.33
5.33
6.33
15.0
14.67
22.33
16.67
19.33
13.0
8.33
11.67
5.33
6.33
9.67
3.67
9.0
12.67
1.33
5.33
4.0
8.33
3.33
3.0
-1.33
12.0
7.0
7.33
10.0
8.33
9.0
5.67
10.33
3.0
0.33
5.33
12.33
10.67
8.0
9.67
5.0
2.0
6.0
4.33
5.33
17.67
3.33
18.33
18.67
17.33
9.0
5.0
3.33
8.67
15.0
11.33
3.67
6.33
7.67
6.33
11.33
6.0
9.67
11.0
1.67
1.67
7.33
18.0
2.33
-2.0
6.33
8.0
4.0
12.67
4.67
12.0
16.33
2.33
10.0
10.0
13.0
7.0
8.0
9.67
3.33
12.0
6.67
11.33
15.0
16.33
14.67
9.67
12.0
11.67
14.0
12.33
12.0
13.33
14.33
17.0
21.67
25.33
14.67
18.67
15.0
18.0
15.67
26.0
15.67
29.0
23.33
19.33
32.0
19.67
25.0
36.67
41.67
43.33
47.33
55.67
45.33
59.0
60.33
86.0
69.67
96.33
88.33
91.33
100.0
138.67
105.67
140.0
119.33
141.0
131.33
130.67
120.0
128.67
119.67
119.33
90.33
114.0
70.67
94.0
79.33
72.0
74.33
61.67
52.0
38.33
23.0
19.33
21.67
43.0
18.0
20.67
15.33
18.33
29.67
9.33
23.67
3.67
4.67
9.67
4.0
-6.0
-1.0
9.67
14.33
10.0
11.67
17.0
8.33
5.0
11.33
5.67
19.67
1.0
3.67
3.67
6.33
11.67
5.0
16.33
14.0
5.0
1.67
15.67
20.33
9.33
4.67
17.67
7.33
6.33
-2.0
13.0
14.0
-2.0
12.0
7.0
-0.67
7.0
4.33
-4.67
6.0
1.0
1.67
3.67
5.33
3.33
13.0
13.67
-7.0
16.67
10.67
5.33
13.0
3.67
13.0
1.67
22.67
-0.67
7.0
-1.33
13.67
8.67
16.0
4.67
18.0
4.0
16.67
6.67
10.33
3.33
13.33
8.0
5.33
6.0
6.0
7.33
4.67
11.67
19.67
9.33
8.67
4.67
16.33
6.67
9.33
13.67
9.67
8.33
20.0
5.0
10.0
3.0
-4.0
1.33
27.33
13.33
13.33
17.67
10.0
15.67
8.67
13.33
6.33
11.33
12.67
8.67
27.33
12.0
1.67
3.33
12.67
21.0
6.33
13.67
3.67
-3.33
15.67
12.0
-5.67
5.33
14.0
5.0
12.33
14.0
10.33
6.33
14.33
4.33
4.33
16.33
10.67
2.67
25.33
5.0
2.0
7.33
10.33
7.33
-2.67
15.33
-9.0
2.33
17.33
1.67
16.0
5.67
-0.67
-0.33
22.33
13.0
7.33
-4.67
31.0
7.33
9.0
-2.67
14.0
30.0
15.67
19.0
19.33
9.67
23.0
14.67
14.0
24.0
22.33
18.0
9.67
17.33
30.0
24.33
31.67
25.0
31.33
29.0
30.0
28.33
31.67
19.0
12.0
22.0
17.67
21.33
21.67
29.33
18.33
21.67
21.33
23.33
31.33
25.0
21.33
3.67
19.67
2.67
1.33
23.67
7.67
12.67
4.67
8.0
1.33
5.0
2.0
-4.33
10.0
9.0
1.33
6.0
4.67
8.0
-1.33
16.33
-2.33
3.67
3.67
-2.0
1.33
10.33
1.0
-1.67
10.0
8.67
-1.67
2.67
5.0
4.67
4.67
6.0
3.67
4.0
-6.67
11.67
-0.33
21.0
2.0
3.0
-1.0
0.67
5.33
4.33
17.0
1.33
16.33
3.67
0.67
0.67
24.67
18.33
15.33
7.33
6.33
-4.0
17.0
1.33
6.0
11.33
9.0
7.0
0.33
0.0
13.67
20.33
12.0
3.67
13.0
5.67
14.33
7.0
7.33
9.33
20.0
9.0
9.67
9.67
6.0
-1.33
5.0
-3.67
-13.33
-12.67
-0.33
1.0
1.0
9.0
4.0
4.33
17.33
-5.33
12.0
5.0
-3.33
-0.67
2.0
2.33
12.67
6.0
17.33
3.0
-6.67
-1.0
-3.33
-6.33
6.67
-9.33
-6.0
11.33
1.0
3.67
-0.33
14.0
15.33
-5.33
2.33
2.0
9.33
-5.33
6.67
3.67
-0.67
16.33
7.33
0.67
10.67
6.33
-3.0
16.33
8.0
11.0
9.33
-2.67
1.33
-8.33
11.0
4.0
3.67
8.0
-12.33
7.0
1.0
-5.0
-4.67
8.0
9.33
-5.0
-7.0
-8.33
-3.33
4.33
5.0
-4.67
15.67
4.67
-3.67
-1.67
2.67
10.0
14.67
7.67
-7.67
-1.67
11.33
-4.33
7.0
1.33
-1.0
3.0
-2.67
8.0
2.0
8.0
7.0
3.67
-3.67
1.33
-3.0
2.0
0.33
3.67
1.33
5.33
-6.67
7.0
8.33
-4.33
10.33
4.67
17.67
6.0
4.0
-4.67
3.33
4.67
10.0
4.33
-2.0
0.0
10.67
2.0
1.33
-2.33
11.0
16.67
5.33
5.0
6.67
8.33
9.33
4.67
7.33
12.67
1.67
5.0
9.67
12.33
-6.33
11.0
3.67
5.33
-6.0
7.33
-6.67
-5.67
8.0
-6.0
0.33
0.0
-10.67
2.67
6.33
4.33
0.67
-4.0
1.67
-5.33
-8.0
7.0
-2.0
1.33
-4.0
3.67
0.67
1.33
9.33
-4.67
9.33
2.33
11.0
9.67
-2.0
-2.0
4.0
4.67
0.67
12.33
8.0
-2.0
-0.67
2.33
-9.67
-2.0
6.0
10.67
2.0
-5.33
-4.0
1.33
-2.0
-1.33
-3.0
6.0
3.33
2.0
-0.33
-1.0
8.0
2.67
10.67
7.67
4.67
2.67
0.0
4.33
0.67
4.67
4.0
1.67
-4.67
3.0
-6.33
-6.67
4.0
5.33
2.0
3.67
3.0
-3.33
0.33
-2.67
-5.33
2.33
-3.0
0.33
11.33
5.33
4.67
3.33
-2.33
7.0
-0.33
-2.67
-1.67
3.33
10.33
3.0
5.0
1.67
6.67
6.0
7.67
1.0
5.0
7.33
2.67
2.33
2.67
5.0
0.0
3.0
-3.67
6.0
9.33
2.0
1.67
-3.0
-3.0
13.0
4.0
-7.33
1.67
-0.67
7.67
1.0
0.0
-5.67
-1.67
1.67
2.33
0.33
1.33
4.0
5.0
8.67
8.67
5.0
2.33
1.0
6.33
1.33
0.33
-1.0
3.33
4.0
4.0
-7.67
10.0
4.67
6.67
3.0
0.0
-1.0
3.67
5.33
3.33
3.0
-0.67
3.0
12.0
0.67
4.67
0.33
-4.33
-3.0
-1.33
3.33
4.67
3.0
-2.0
-6.33
-4.67
5.33
4.0
-3.0
1.67
0.0
-7.0
-1.0
0.33
-2.33
4.33
1.0
-6.67
-3.67
-4.67
0.33
0.33
-0.67
-4.0
6.67
-7.67
1.67
-5.67
-5.0
0.67
-1.0
2.0
3.67
0.0
-5.0
1.0
-4.33
-2.0
0.33
3.67
-1.33
1.33
-1.0
-1.67
-4.67
1.67
4.33
2.0
6.0
2.67
0.67
-1.33
8.0
2.67
-1.67
3.33
2.67
0.67
3.33
-0.33
1.33
1.33
5.0
-2.33
-3.33
-1.33
0.0
-5.0
0.33
3.33
3.67
3.0
7.33
-5.33
1.67
3.67
-1.33
-2.0
-5.33
1.0
-3.0
6.0
2.33
5.0
4.67
1.67
3.67
0.67
1.67
-0.33
10.33
2.67
-2.33
3.67
0.33
6.0
3.67
-1.0
2.33
0.0
-1.67
3.33
-1.33
7.33
6.33
0.33
2.67
-2.0
4.67
-2.67
5.0
7.67
-3.0
-1.0
4.67
-1.0
-0.67
