0.0
-53.33
-7.0
-6.33
41.67
-107.67
46.33
-60.67
-55.67
-80.67
-47.0
-69.33
-55.67
30.33
-36.33
-37.67
62.0
-22.0
-57.33
3.67
-20.67
-20.0
-6.0
-12.33
-14.0
-9.33
10.0
-6.0
-2.33
1.33
0.0
-3.0
-2.67
3.0
-3.67
0.33
-1.67
-1.0
-1.33
0.33
1.67
-1.0
0.0
-1.0
-1.0
-0.67
0.0
-0.33
0.67
-0.33
1.0
-0.33
-0.33
-1.0
0.0
0.0
0.67
0.33
1.67
-0.33
-0.67
1.0
0.0
1.0
0.67
0.67
2.0
0.67
0.0
1.67
1.0
1.0
0.67
0.67
-1.0
-0.33
-0.33
0.33
-0.33
1.33
2.33
1.67
-0.33
-0.33
0.0
-0.33
-0.33
0.67
1.0
0.67
0.67
-0.33
0.0
-0.67
-1.0
2.0
0.33
0.0
1.33
0.67
-1.67
0.0
-1.67
0.67
3.33
0.0
-1.33
0.67
-0.67
-1.33
2.67
-2.67
1.0
-2.33
-1.67
-0.33
-0.33
1.67
3.0
3.0
0.0
1.0
4.33
2.67
-0.67
-2.0
-1.67
-0.33
3.0
1.33
2.0
-4.67
5.33
-0.33
-2.33
4.67
-1.0
3.0
-1.0
-3.33
3.33
0.67
-4.0
-2.67
5.0
2.0
4.33
1.0
6.67
9.0
0.67
-2.67
0.33
4.33
3.67
3.67
-4.0
6.0
6.67
5.67
0.0
3.0
1.0
2.67
8.33
-6.67
-0.67
11.67
0.67
4.33
-2.33
2.33
0.0
-0.67
8.67
3.0
-0.33
3.33
-1.0
3.67
4.0
-0.33
-0.67
3.67
-2.0
1.33
-3.0
-0.33
0.67
7.67
1.67
8.33
-2.33
-3.33
0.0
-1.33
1.67
-8.67
2.67
2.0
-1.67
6.0
-1.33
1.67
-2.33
3.0
-2.33
1.0
2.0
4.67
-0.33
-2.67
1.33
2.33
-3.33
-3.67
-0.67
0.0
1.67
-2.33
-1.67
5.33
6.33
1.67
1.67
5.33
-1.33
0.0
1.33
3.67
-0.67
6.0
15.33
2.0
3.67
-2.67
4.67
6.33
1.67
-1.67
2.33
-4.33
2.0
-4.0
1.33
1.0
5.0
-0.33
3.67
3.0
3.33
7.67
1.0
2.0
-0.67
1.0
3.0
2.33
7.67
-7.0
-0.33
-4.33
1.67
-3.0
3.33
-1.33
-4.67
-5.33
4.0
1.67
2.67
3.0
3.0
1.33
-1.33
-1.0
4.33
6.33
5.0
7.67
0.67
-1.0
4.0
5.67
-5.0
4.0
2.0
10.33
0.0
-2.0
4.0
0.0
3.33
-2.33
-0.67
7.0
-2.67
-1.0
-0.33
5.0
1.33
3.0
2.67
7.67
3.33
2.33
4.0
3.67
4.0
2.0
6.67
-0.67
3.33
-2.67
2.0
5.0
-0.33
7.0
1.0
10.0
3.0
1.33
-5.67
-1.33
7.67
3.67
7.67
0.33
-3.0
0.0
-5.33
-0.67
9.0
3.0
-3.33
1.0
3.67
1.0
3.0
-1.33
-8.0
-3.0
1.33
-0.67
-6.33
1.0
0.33
5.67
-0.33
5.0
3.0
2.0
1.0
1.33
0.0
10.0
3.33
3.0
-0.67
0.67
5.0
4.0
3.0
3.67
-2.33
4.33
6.0
-2.0
1.0
-6.33
-3.0
-0.33
2.0
-1.0
-2.0
7.67
-2.0
1.67
2.33
-1.33
2.67
6.67
0.33
9.0
-0.67
-3.0
3.33
-2.0
-4.0
-2.33
5.0
5.0
-5.0
-3.0
3.0
-6.67
-3.0
6.67
-0.33
4.67
7.0
1.67
-4.0
2.67
8.0
0.33
-0.33
2.0
9.0
-0.33
-3.0
5.33
-5.33
-0.67
1.67
0.0
3.67
-2.67
6.0
0.0
4.67
0.67
-1.67
0.0
3.33
2.0
2.67
3.0
11.67
8.67
1.33
2.67
1.0
-3.0
3.33
-2.0
1.0
1.33
1.0
-3.33
0.0
-1.67
-3.67
3.33
0.67
-1.67
-0.33
3.67
-0.67
-3.0
2.0
-7.0
-5.0
-7.33
3.67
4.0
-1.0
-3.33
3.33
1.67
-4.67
4.67
2.33
0.67
0.33
5.33
-0.67
4.0
2.33
9.67
-3.0
3.33
3.0
-0.67
1.33
-0.67
8.0
2.33
2.0
-6.67
-1.33
5.0
4.33
-2.67
0.0
2.0
5.33
4.0
-1.67
-3.33
0.33
0.67
1.33
2.0
-4.0
0.67
-2.0
1.67
3.67
2.67
3.67
-2.0
1.67
4.67
0.33
0.33
-3.0
2.67
-1.67
1.0
3.67
2.67
-0.33
3.67
2.33
-2.67
4.0
4.0
0.0
-1.0
-3.0
0.0
2.33
0.33
-2.33
-0.67
5.67
8.33
0.67
0.67
-1.67
-4.67
-2.0
0.0
0.0
-4.0
-2.67
1.67
4.67
0.67
4.33
4.33
-0.67
-4.0
-1.67
1.0
-0.33
6.33
0.67
2.0
-4.0
-1.67
1.67
0.33
6.67
1.0
-4.33
2.67
1.0
-1.0
-0.33
2.33
0.33
8.0
1.33
-3.33
0.67
2.67
-1.0
0.33
-2.0
-1.0
1.33
-0.33
2.33
-3.0
2.67
-1.33
6.0
-2.33
-5.67
-0.67
-1.67
0.33
-1.0
-1.33
3.67
-2.33
1.33
4.67
2.33
-2.67
-1.0
-2.67
-1.0
-2.0
-0.33
-3.0
-2.33
3.0
3.33
-1.67
-2.0
1.0
2.0
4.67
4.0
1.67
-1.67
0.33
2.0
-2.33
-2.67
-1.0
-3.33
0.0
4.0
-2.0
-1.0
2.0
-1.0
-1.67
-3.33
4.0
1.0
-1.67
1.33
2.33
2.0
1.0
1.67
5.0
-1.67
6.67
-2.67
-1.33
0.67
5.0
3.0
3.33
0.33
-1.33
2.33
-0.67
1.67
-2.0
-0.67
2.33
-3.33
4.67
3.67
5.33
2.33
-1.67
-2.33
4.33
-4.33
-4.33
2.0
-1.67
0.33
1.33
4.67
-1.67
-0.67
-4.33
7.67
3.67
2.33
-5.33
-0.33
1.33
2.33
1.0
0.67
1.0
3.0
3.67
6.33
2.33
4.67
0.33
1.67
0.67
2.33
3.33
-0.67
2.33
2.0
1.0
1.67
3.0
0.0
-2.33
4.67
5.33
1.67
1.0
3.0
-2.67
1.33
-0.33
1.0
0.67
5.67
-1.0
-1.33
8.0
4.0
-4.67
0.67
-1.0
4.0
2.33
1.67
6.0
-2.0
-3.0
-0.33
3.0
3.0
3.67
-5.33
1.0
-7.33
-1.67
-3.33
-0.33
2.33
-4.67
-0.33
0.0
1.33
-5.0
3.0
2.0
0.0
-0.33
4.33
0.0
-0.67
-2.67
-1.67
-4.67
-2.0
0.33
2.33
1.33
0.0
1.33
1.0
-1.0
2.0
2.67
4.0
0.33
1.0
1.33
2.0
1.0
8.67
-0.33
-1.0
3.67
1.33
3.33
4.0
3.0
-0.67
1.33
-1.67
5.33
1.0
-1.67
0.0
-1.0
0.0
-3.0
-2.0
3.33
-0.33
-1.33
-10.33
-1.33
-3.33
-1.33
-4.67
3.33
1.0
2.0
0.33
1.0
4.0
1.33
5.67
1.0
9.0
4.0
3.33
7.33
3.0
1.0
2.67
6.67
-5.33
3.33
11.33
9.33
9.33
3.33
0.0
7.67
0.67
4.0
7.67
3.33
4.67
12.33
4.67
-1.33
4.0
3.0
-0.67
3.0
7.67
2.33
1.0
3.33
-5.67
-1.33
6.0
1.0
-3.33
-5.67
4.0
-2.33
6.67
4.33
3.67
10.33
3.33
2.0
-3.67
-0.67
-2.0
1.33
1.33
4.0
0.0
11.67
3.67
1.0
5.33
-1.67
2.33
1.67
3.67
-2.0
6.33
2.0
3.0
0.0
2.33
-2.33
2.33
2.33
2.0
-1.67
5.33
2.33
-6.33
4.33
2.67
1.67
6.0
5.33
6.67
-3.0
4.33
-6.0
3.33
2.67
2.33
3.67
8.67
1.67
6.67
3.67
6.67
-0.67
3.67
8.67
5.67
-7.33
7.0
6.33
5.33
-0.33
2.33
-0.33
-2.0
5.33
9.0
2.33
5.33
-1.67
8.0
6.67
-2.33
0.67
3.0
5.33
-2.67
11.0
8.67
14.0
3.33
7.0
-1.33
4.67
10.33
9.67
1.0
5.33
3.67
3.67
3.33
1.33
7.33
7.67
9.67
12.67
0.67
10.67
0.33
9.33
12.67
13.0
2.0
3.67
-0.33
6.67
11.0
1.33
-0.33
6.0
10.0
6.33
8.67
7.33
4.67
12.67
13.67
3.0
3.0
2.33
9.0
2.0
-1.0
2.67
7.67
0.0
3.67
2.33
4.33
4.33
4.0
-0.67
-0.67
12.67
-2.0
-5.33
0.0
8.0
6.0
3.67
9.33
15.67
7.33
4.0
0.67
-0.67
3.33
3.67
5.0
8.0
2.67
2.0
11.0
3.0
2.33
4.33
15.0
7.67
2.67
5.0
1.0
-1.0
6.0
9.0
-0.67
6.33
1.33
14.0
4.0
5.33
1.33
4.33
9.33
9.67
13.33
9.67
12.0
15.0
2.0
9.33
6.67
3.67
6.33
8.67
12.0
15.67
22.0
9.0
16.67
16.0
12.67
27.33
13.0
35.0
29.33
31.0
25.33
32.33
26.0
30.0
31.67
29.0
28.67
32.67
24.33
24.67
16.33
19.0
19.33
9.33
18.67
25.67
21.33
11.0
16.0
12.67
13.0
12.33
10.67
13.67
1.0
3.67
5.67
5.67
14.67
2.33
5.67
8.67
4.67
13.67
2.67
5.33
-0.67
10.0
-1.67
3.33
2.0
3.33
9.0
2.33
6.67
4.67
10.0
8.0
8.67
9.67
7.0
-1.67
10.0
3.33
-2.33
6.0
16.0
15.0
6.33
11.0
9.33
-5.67
6.67
3.33
5.33
6.67
7.33
2.33
8.0
3.0
5.67
7.0
8.33
5.33
5.0
15.33
-3.67
10.0
13.0
4.0
8.0
3.67
7.33
3.0
3.0
8.0
2.67
2.0
4.67
5.67
12.67
17.33
5.33
6.67
5.67
6.67
12.33
2.67
8.67
5.67
0.67
3.67
5.0
-3.0
-1.67
-3.33
11.0
3.67
8.67
6.67
1.67
-0.67
8.0
-2.67
1.0
12.0
3.0
11.67
5.33
0.33
4.67
-0.33
7.67
16.67
7.0
9.0
4.33
-1.67
-1.0
10.0
4.33
-1.33
5.33
0.0
4.33
3.0
11.67
12.0
-0.67
11.0
-0.33
17.33
10.33
3.33
4.33
2.67
3.0
16.33
2.33
-1.33
9.0
7.33
1.33
6.33
-2.0
12.67
23.33
2.67
-1.67
7.0
1.33
11.67
7.33
7.33
11.67
9.67
0.0
13.67
13.33
13.33
10.0
11.33
5.33
2.0
5.67
12.0
9.0
4.33
8.0
5.33
7.0
1.67
13.33
2.0
8.33
1.33
14.33
2.67
-1.0
3.67
13.0
2.0
4.0
24.33
8.33
1.67
6.33
9.33
8.67
2.33
17.0
14.0
6.33
7.67
6.0
9.33
3.67
7.33
13.67
4.33
11.33
11.0
8.67
2.0
7.67
6.67
9.33
11.0
-0.67
8.0
8.33
5.0
12.0
6.67
10.67
7.0
11.33
9.33
1.0
9.0
9.0
9.0
10.0
7.67
9.33
10.0
1.67
9.33
10.0
12.33
15.67
1.67
10.0
17.67
3.0
11.33
10.0
25.33
13.33
11.0
13.67
11.33
11.67
12.67
15.0
8.0
23.67
16.0
24.67
31.0
18.33
28.33
28.0
46.67
44.0
49.67
48.67
61.33
73.33
70.67
97.33
106.0
117.33
131.0
135.67
153.33
146.33
160.33
183.0
200.67
201.67
191.0
194.33
198.0
201.33
223.67
164.0
192.67
194.67
225.33
186.33
159.0
168.67
163.0
130.33
108.0
100.33
89.67
88.0
83.33
75.0
57.33
40.67
55.0
38.0
18.67
14.33
24.33
19.67
32.33
18.67
4.67
18.67
24.67
1.0
9.0
6.0
14.67
7.33
5.0
2.67
10.0
6.33
12.0
12.33
1.67
9.67
7.0
-0.33
3.67
2.33
2.67
14.0
10.33
12.0
7.0
-0.33
11.67
9.33
15.33
4.67
14.67
11.33
1.33
9.0
11.0
21.0
5.0
-1.0
2.0
12.33
2.0
7.33
9.33
15.0
5.0
-2.33
6.67
19.33
9.33
13.0
9.67
6.0
14.67
3.67
8.33
17.0
5.67
1.0
10.67
18.67
4.33
4.0
2.67
14.67
9.67
8.0
6.67
4.0
1.0
10.67
-0.33
6.33
7.33
5.33
10.0
1.33
7.0
12.0
3.33
6.67
9.67
12.67
4.33
1.67
0.67
-0.67
20.67
5.33
3.67
7.67
8.33
8.0
-2.0
12.0
2.0
0.0
19.33
10.33
-2.67
7.33
-1.33
8.0
-0.33
9.67
8.33
9.33
17.33
11.67
8.67
14.33
3.0
9.67
1.33
8.67
5.0
0.33
7.67
11.67
7.67
19.67
-5.0
1.33
0.33
10.0
4.0
9.33
1.0
3.33
-5.67
13.33
-3.67
9.33
4.33
10.67
5.67
4.33
7.0
17.0
7.33
0.33
6.33
1.33
7.33
-1.0
7.33
2.33
13.67
13.0
8.67
5.33
-2.33
3.33
11.0
2.33
-7.67
16.0
13.33
4.0
13.33
4.0
22.0
3.67
1.0
12.33
2.67
11.0
-0.33
6.0
16.0
10.33
0.0
-1.33
-0.67
19.0
6.33
2.67
10.0
16.33
4.0
11.0
5.33
6.67
13.0
3.0
4.0
8.67
9.33
8.67
5.33
2.33
17.67
3.33
1.33
0.33
3.0
12.33
5.67
6.67
5.67
3.33
6.67
8.67
13.67
6.67
15.0
-5.67
3.0
2.0
-0.33
4.0
-2.0
0.33
0.0
1.67
13.0
15.67
6.33
2.67
-6.33
0.67
4.0
5.33
-1.67
-4.0
4.33
2.0
-0.33
9.33
-9.33
5.0
8.67
-1.33
-2.0
2.67
3.0
7.33
5.67
4.67
4.0
-2.0
24.0
18.0
8.67
14.33
3.33
0.0
9.33
9.33
11.67
19.67
23.67
13.67
11.33
5.33
9.33
12.33
6.0
8.0
-0.67
15.0
21.33
14.0
2.0
10.33
10.0
6.67
11.33
-1.0
6.67
8.0
8.67
22.33
4.0
15.33
11.33
14.0
8.0
16.67
0.67
11.0
7.67
6.0
16.33
11.67
3.33
5.67
-2.0
10.0
6.0
-3.0
-0.67
-1.67
-10.33
7.0
6.0
-5.33
9.33
11.0
0.33
8.67
-1.0
14.33
10.0
7.33
-6.0
-1.33
5.67
3.67
-1.33
2.0
12.33
5.0
-3.33
4.67
-4.0
9.33
2.67
8.33
-4.0
6.33
1.67
2.67
4.67
-1.67
8.33
-0.67
-4.33
13.67
-1.67
4.0
4.33
-5.0
6.0
-3.67
2.33
0.33
-9.33
-2.0
6.0
4.67
-2.0
-7.33
3.0
-4.0
-10.0
6.33
7.0
1.33
1.0
3.0
6.67
8.67
1.33
5.0
9.33
8.67
-0.33
2.33
2.33
1.67
-1.0
7.67
4.67
-6.67
2.33
-2.67
-10.33
-2.0
-8.67
8.0
2.0
-5.67
6.0
13.0
1.0
7.0
-5.33
11.33
2.33
-7.0
0.0
-2.67
4.67
0.33
-2.67
2.33
7.0
12.33
1.67
-0.67
3.67
9.67
30.0
5.0
5.33
6.33
7.67
7.0
7.33
5.0
3.0
9.67
16.0
5.33
15.67
3.0
-1.33
12.33
-2.0
13.67
12.33
11.33
-1.33
1.33
16.67
10.67
10.0
7.67
10.33
0.67
6.0
2.67
12.33
1.0
7.33
5.33
-8.67
-1.0
3.0
-0.67
9.0
3.33
9.67
-1.67
-3.67
-1.33
-3.0
2.67
2.67
0.0
-1.0
2.0
-2.67
0.0
5.67
2.67
1.33
-0.67
4.33
3.33
7.33
7.0
5.67
5.0
-3.0
5.0
0.67
1.67
8.33
-2.0
0.0
-1.67
4.33
-8.67
-3.0
7.0
2.67
1.0
1.67
6.0
10.33
2.0
3.67
4.0
2.0
3.33
4.0
7.67
10.0
1.0
0.67
-0.33
8.67
0.67
8.67
-5.0
3.33
4.67
-3.33
4.0
6.67
-4.67
-1.0
8.67
2.33
-3.0
4.33
1.0
-1.33
3.0
-5.33
6.33
-1.67
-6.33
8.33
1.0
12.33
5.33
2.33
1.67
-9.67
2.67
5.0
1.67
-0.67
-3.67
2.33
4.33
-6.0
1.0
5.67
4.67
0.0
-2.33
-2.0
-7.0
0.33
7.67
-2.67
3.67
11.0
6.0
6.0
-4.67
5.0
-1.67
3.0
7.67
2.0
3.0
13.0
6.0
-6.33
-1.33
-1.67
5.67
11.0
2.0
3.33
-1.67
-3.33
-0.67
1.33
5.33
-1.0
7.0
3.67
12.67
8.0
1.33
12.0
6.33
2.33
12.33
15.0
0.33
7.0
6.0
5.33
-5.0
4.67
5.67
1.0
1.0
3.0
2.67
11.33
2.33
-1.0
0.33
10.0
6.0
3.67
2.67
0.33
-2.33
1.0
1.67
1.33
-0.33
0.0
-3.0
-1.33
-4.67
-3.67
11.0
-3.0
2.67
-3.0
-2.0
-5.0
1.33
8.67
-0.67
5.0
-2.67
-0.67
4.33
-6.67
-3.67
6.33
-7.0
6.67
-6.67
-1.33
-2.67
-1.0
5.67
0.0
5.0
-3.33
-3.0
3.0
4.0
-2.33
0.0
-1.67
0.67
-0.33
-1.67
5.0
-0.67
-4.67
-2.33
-1.67
-2.0
3.0
7.67
-0.33
4.67
7.0
0.67
-3.67
-0.67
5.67
1.67
1.33
0.67
-6.67
6.33
1.0
4.67
4.67
0.67
-4.0
2.0
-2.67
-1.67
-0.33
2.0
0.33
-3.33
0.67
4.67
-0.33
1.0
-3.33
0.0
-2.0
0.0
-7.67
6.0
0.67
-0.33
-1.33
0.67
9.67
-0.33
0.33
3.67
-2.33
-2.33
-3.67
1.0
2.67
0.0
3.33
-3.0
3.33
-0.67
2.67
-3.67
-1.67
-4.67
4.67
-2.0
-1.33
-0.67
-5.0
-0.33
5.0
-7.0
0.67
1.0
-3.67
