0.0
-73.33
-18.33
-11.33
-82.67
-22.67
-74.33
4.33
-135.67
-18.67
-58.67
-43.67
-1.67
4.67
42.67
-34.33
-9.0
30.67
-3.67
-55.67
-13.0
5.67
1.67
5.33
10.0
8.33
-17.33
-3.67
9.0
11.0
0.67
4.67
-1.33
-2.33
-3.67
0.67
1.67
0.33
2.33
0.67
-1.0
-1.0
0.33
-1.33
-0.67
0.0
0.33
-0.33
-0.67
0.0
-1.0
-0.33
-0.33
0.0
0.0
-0.33
0.0
0.0
-0.33
0.0
1.33
0.33
0.0
-0.67
-0.33
-1.33
0.67
-0.33
-1.0
-0.33
0.0
1.0
-0.33
0.33
0.0
-0.67
-1.0
-0.67
0.67
0.67
1.0
-1.0
0.0
-0.67
0.0
-0.67
-1.33
-1.0
1.0
0.33
0.33
0.67
0.33
-0.33
-1.0
-3.33
1.67
0.0
-1.33
-1.33
0.33
0.0
-0.67
-1.33
1.67
-1.33
0.0
1.67
0.33
-0.67
1.0
1.0
-1.67
0.67
-2.67
1.33
1.67
2.67
-0.67
0.0
-3.33
-2.0
-1.67
-0.33
1.33
1.33
1.0
1.0
-1.0
-4.67
4.0
5.33
0.67
-1.0
2.33
4.0
-0.67
4.0
-3.33
3.67
-4.0
-0.67
0.33
0.33
0.33
-2.67
3.0
0.33
3.67
0.67
2.0
2.67
-0.67
4.0
4.67
-6.0
0.33
8.0
5.67
-3.67
2.67
1.67
1.33
4.33
0.33
0.33
2.0
3.0
5.67
-1.0
1.67
1.33
8.67
-3.67
1.67
0.67
9.33
3.0
-3.0
-2.0
-2.0
3.67
1.0
7.67
3.33
0.67
-2.0
2.67
6.67
-1.33
-1.67
0.67
6.33
7.67
-1.0
2.67
0.67
7.0
-4.33
3.0
5.33
-3.0
-0.67
-3.33
1.33
-2.0
1.33
5.0
1.0
-2.33
0.33
-5.0
-0.67
7.67
2.0
5.67
2.33
5.67
5.67
-1.67
2.33
1.33
3.0
4.67
4.67
1.0
-1.33
3.67
1.0
0.0
0.0
-2.0
-5.33
-1.67
5.33
-0.67
3.33
1.33
4.67
1.67
5.33
2.33
1.33
-8.33
6.0
2.33
-4.0
0.0
-5.67
3.33
5.33
4.0
5.33
3.0
0.0
4.33
-5.0
-3.0
1.0
-1.0
-1.33
1.33
-0.67
-1.0
-1.67
2.67
3.67
6.67
-1.33
-1.0
0.67
0.67
4.33
1.67
2.67
4.33
6.33
6.0
-2.0
5.67
3.33
0.67
-2.33
6.33
0.0
4.0
-0.67
4.0
0.0
-1.67
1.33
3.33
-0.67
4.67
8.33
2.33
5.0
6.33
3.0
4.33
-4.0
0.0
3.0
1.0
-2.67
3.33
-6.0
-0.33
2.0
2.0
0.67
1.67
8.0
-2.0
2.67
7.0
2.33
-4.67
3.0
-1.33
0.0
-2.0
1.33
0.0
5.33
4.33
2.0
3.0
2.67
5.67
2.33
1.67
2.67
3.0
3.67
0.33
3.0
2.0
-2.0
0.0
-1.0
3.67
-8.67
-4.67
5.0
-2.0
-3.33
4.0
4.67
2.0
-2.67
-4.0
6.0
6.67
1.0
1.33
-3.67
2.33
1.33
3.67
1.0
4.0
2.67
2.67
4.33
0.0
1.0
-2.33
-3.0
1.0
2.67
3.0
5.0
1.67
-2.33
-3.33
3.67
-4.33
-2.33
6.67
6.67
-0.33
6.33
-1.0
-5.33
0.67
2.33
3.67
8.33
1.67
7.0
-0.33
0.33
1.67
0.33
-1.0
-0.67
0.33
2.0
3.67
1.67
-4.33
3.33
4.0
4.0
1.67
7.0
0.33
1.33
0.33
0.67
6.67
-1.33
4.33
0.0
-0.33
1.0
0.33
4.0
6.0
2.67
3.0
-3.0
2.0
1.33
1.0
2.33
3.0
-4.67
-1.67
2.33
2.0
-0.33
5.33
-1.0
6.67
5.33
5.0
3.67
0.67
1.0
-2.33
0.33
1.33
1.33
0.33
-5.33
4.33
2.67
-1.33
5.67
-1.0
2.67
-2.33
4.67
1.0
-3.0
5.33
-1.33
-3.67
5.67
-1.33
-1.67
-2.33
5.33
2.67
5.33
1.0
0.67
3.67
-0.67
2.0
3.33
-0.33
-0.67
3.33
1.67
0.0
1.33
2.33
2.0
1.33
0.67
0.0
-1.67
2.67
-3.0
-2.0
6.0
1.67
2.0
-1.33
-3.33
-2.0
0.67
2.0
-0.67
3.0
-0.33
-0.33
5.33
-2.33
8.0
2.0
3.33
2.0
-2.33
-4.67
0.33
3.67
-0.33
2.67
-0.67
0.0
3.33
3.33
-2.33
2.0
-0.33
-1.0
3.0
3.33
0.0
-3.0
-0.67
-5.33
1.33
-0.33
-1.33
-2.0
1.0
-1.33
-1.33
0.0
-5.33
1.33
0.67
0.33
-1.67
-1.67
2.67
3.67
3.67
3.67
-2.0
0.67
-3.0
0.67
-2.0
1.67
0.0
1.0
-2.67
0.67
5.33
0.0
4.33
2.33
-3.0
-1.0
-0.67
-0.33
1.67
-1.67
1.0
-0.67
-1.0
-4.33
-0.33
3.0
0.33
0.0
-1.0
-1.0
1.0
-2.0
-1.67
-5.0
2.67
-1.67
-1.0
0.0
0.67
-0.33
1.33
-0.67
-2.0
-2.67
-5.33
3.33
0.33
-1.0
0.67
4.33
-1.33
1.0
2.33
-2.0
0.0
2.0
2.0
-3.0
2.0
0.67
-5.33
-2.0
3.33
-1.33
2.0
0.67
-0.33
-6.0
1.0
-4.67
-3.33
0.0
-4.0
-1.33
-0.67
0.67
-1.0
-2.33
4.33
0.33
0.0
-4.0
-0.33
4.67
2.0
3.0
3.0
6.33
0.67
3.0
1.0
-1.33
4.0
5.67
-2.33
-0.33
-3.0
-0.33
-2.33
6.33
3.33
8.0
-1.0
0.67
-1.0
-1.67
-4.0
-0.67
0.33
0.33
-2.67
1.67
-5.0
-2.33
2.0
-6.33
-3.67
2.67
4.67
-2.33
-1.33
2.33
-1.67
2.0
0.67
-4.33
4.33
-6.33
-0.67
2.67
-3.67
-3.67
3.0
-2.0
4.67
-2.33
-0.67
0.33
-4.33
0.67
-5.0
-8.67
-3.67
0.0
2.33
1.67
3.0
0.0
-5.33
-1.0
3.67
0.33
0.67
2.67
7.67
-2.67
5.0
-5.67
1.0
2.0
7.67
-8.67
-2.0
-1.33
-3.67
-2.0
5.67
-2.0
3.67
3.33
0.0
3.0
1.33
1.33
-1.0
3.33
0.67
-2.0
-3.67
0.0
-1.0
1.67
-4.0
4.0
0.67
-0.67
-4.67
-1.0
-1.67
0.0
2.67
3.0
2.33
-3.33
-2.0
0.67
1.33
-4.67
-6.33
-3.0
0.0
-2.33
2.0
-3.33
-2.33
-3.67
-0.33
-2.33
-3.33
2.0
-1.0
7.67
4.0
-5.33
-2.67
-7.33
2.33
-4.0
-2.33
4.33
4.67
1.33
-7.33
-3.67
2.0
-4.0
-6.67
-8.33
-2.0
-4.33
2.0
7.67
-9.0
-7.33
1.0
0.33
-0.67
3.33
0.0
0.0
-4.0
-5.67
-1.67
1.33
2.0
3.0
1.67
-2.67
2.67
5.0
-1.67
1.67
1.67
2.33
6.0
1.67
10.33
16.0
3.67
17.0
9.67
20.67
22.33
26.0
21.33
23.0
27.33
19.0
22.33
33.0
15.67
14.33
21.33
17.0
19.67
26.33
14.33
22.33
13.0
13.0
1.67
1.33
9.33
-2.33
-4.33
16.33
-1.67
2.33
-7.33
-1.33
2.67
-2.33
6.0
-0.67
-3.0
0.0
2.67
0.0
2.0
-9.67
6.33
5.0
7.33
6.0
-5.0
-5.0
1.33
-1.33
-2.33
1.67
4.67
1.0
-0.33
0.33
2.33
0.0
-0.67
-1.0
-2.0
0.0
-2.0
-3.33
2.67
3.67
-3.0
0.33
-8.67
-6.0
-6.33
0.33
-1.67
-3.33
6.67
-4.33
-1.33
0.33
-6.33
-4.33
-4.67
6.67
-2.33
-2.0
-4.0
6.67
-7.0
-2.33
-1.0
3.0
-3.0
0.0
-1.67
0.33
-2.33
-2.67
-1.67
-2.33
3.67
-0.33
-1.0
-4.67
0.67
0.0
-0.67
1.0
0.67
-8.0
8.0
1.0
-6.0
-3.0
-2.33
-6.33
-0.33
-4.67
-6.33
0.0
-0.67
-1.0
1.67
6.0
0.0
-9.67
1.33
5.0
3.33
7.0
-1.33
-4.33
-2.67
-5.33
-10.0
-13.67
11.0
-3.67
-2.67
-9.33
-0.67
-3.33
-1.0
12.67
0.0
2.0
2.33
3.67
-4.33
-2.0
-7.0
-11.33
2.67
5.67
-6.67
1.67
-1.67
1.0
-4.67
-9.67
-2.0
-2.67
-4.67
-3.67
-3.33
-2.67
-2.33
-0.67
3.33
-7.0
-7.0
2.0
3.67
0.67
2.67
-1.33
-2.0
3.67
-2.33
-4.33
-7.67
-0.67
-2.0
1.0
-3.67
0.33
-1.67
12.33
-12.67
-2.33
2.67
2.67
-3.67
-0.67
6.33
-2.67
2.0
6.33
7.33
-1.67
6.0
-3.33
-6.0
7.67
0.0
-0.67
-1.0
3.0
0.33
2.67
5.33
11.0
0.0
-4.33
-3.67
3.67
2.67
5.67
3.0
6.67
16.67
4.67
14.33
9.0
20.33
18.67
20.0
9.33
15.67
12.0
26.0
21.67
20.33
7.67
16.0
30.0
15.0
21.33
9.33
26.33
15.67
11.0
22.0
11.33
9.67
6.67
15.67
10.0
3.67
13.0
10.67
12.33
10.0
1.67
3.33
3.33
7.0
1.67
11.0
0.67
8.33
5.0
4.33
11.67
-3.67
7.67
5.33
4.0
13.67
7.0
5.0
7.0
1.0
3.0
2.67
11.0
1.33
2.67
3.33
9.0
1.0
0.67
7.33
5.67
7.33
5.0
9.33
13.67
6.67
7.0
2.67
7.0
-1.0
-3.0
-0.67
0.0
2.33
4.33
2.67
6.0
9.67
9.67
16.0
8.33
14.0
9.33
2.33
2.0
-2.67
7.33
12.33
0.33
7.33
14.33
6.0
4.0
9.67
8.0
10.0
2.0
3.0
-1.33
13.67
4.33
2.0
6.0
7.0
13.0
12.67
5.33
0.33
6.0
10.0
19.33
4.67
11.33
-5.0
5.0
3.67
0.33
9.67
2.33
8.0
5.67
-1.67
7.67
5.33
-2.0
13.33
7.33
13.33
2.67
10.33
5.0
15.67
12.33
12.67
3.67
-7.67
0.33
2.0
0.33
1.67
9.33
10.0
7.0
9.67
2.0
12.0
1.33
14.33
-2.33
0.67
13.67
3.33
12.0
-4.33
8.33
5.0
3.0
16.67
3.0
3.0
14.0
-4.0
7.67
19.67
5.33
11.33
4.33
7.67
4.67
9.33
-2.33
5.67
5.67
6.33
-1.33
3.33
10.33
5.33
3.67
1.67
6.67
4.0
5.0
12.33
6.67
9.33
5.0
1.0
1.67
15.0
18.0
9.33
9.67
9.0
5.33
11.67
5.67
2.33
1.33
5.33
10.33
4.33
5.0
3.67
12.33
10.67
4.33
7.67
1.33
12.67
8.0
6.67
1.0
0.33
13.33
-5.33
8.67
6.67
6.0
0.33
13.33
11.33
5.0
16.0
16.0
1.33
7.33
10.67
5.67
6.33
7.0
4.33
4.67
4.33
21.0
8.33
1.0
7.67
3.0
8.67
1.67
3.0
9.33
10.0
14.67
8.33
16.0
21.33
11.0
12.0
8.67
13.33
17.67
22.0
9.0
18.0
20.0
23.67
16.33
31.0
16.33
12.33
14.33
26.67
20.33
29.33
14.67
17.67
25.0
22.0
24.67
21.0
22.67
26.67
21.67
49.0
46.33
49.33
45.33
54.0
52.33
75.67
85.0
84.67
78.33
102.0
91.33
102.0
102.0
110.0
136.0
127.67
113.0
142.0
142.0
110.0
148.0
128.67
121.67
114.33
104.0
103.33
84.0
98.67
83.0
60.33
58.67
50.33
28.0
34.0
33.67
34.67
35.67
38.67
19.33
25.33
9.67
11.33
10.33
7.33
22.67
13.33
16.33
22.0
9.67
15.0
-1.33
12.67
-3.0
10.67
22.0
10.67
9.0
11.33
4.67
1.33
-4.67
6.67
9.67
1.33
21.33
19.33
10.33
21.0
8.0
5.67
7.0
5.33
2.0
-2.67
17.67
3.0
8.0
14.0
4.0
5.0
1.33
7.33
8.33
2.33
7.33
12.67
13.33
6.67
8.0
3.0
3.67
6.0
-0.67
-2.67
1.67
13.0
-0.33
17.67
25.67
4.33
1.0
12.0
10.0
20.33
16.67
15.0
5.33
6.33
21.0
10.33
2.33
12.0
6.67
14.33
15.33
5.33
10.33
-1.33
5.67
5.33
2.33
4.33
11.67
13.0
11.67
9.67
-2.0
16.0
9.0
6.67
24.33
2.0
3.33
9.67
3.33
11.0
13.67
4.33
10.67
18.67
6.0
1.33
12.67
11.0
9.0
12.0
11.33
8.67
11.0
13.33
17.33
3.0
-1.67
4.0
10.0
11.67
5.0
2.33
13.0
6.0
10.67
-1.67
1.67
1.33
1.0
12.0
2.0
11.33
5.67
7.33
0.67
0.67
-1.33
7.33
10.67
5.0
5.0
2.67
12.33
1.67
4.33
2.67
6.33
12.33
9.67
4.33
7.0
8.0
6.67
14.0
21.0
4.33
19.33
15.0
6.33
8.67
11.67
19.0
5.67
13.33
4.33
12.33
16.67
1.0
12.33
15.0
19.0
21.67
11.0
17.67
29.33
14.33
22.33
23.0
17.0
30.0
25.67
24.33
34.67
26.0
18.67
17.33
22.67
20.33
32.0
40.33
32.67
29.0
33.0
23.0
22.0
14.0
27.33
17.67
19.67
21.0
27.67
16.0
21.33
8.67
14.67
11.33
3.33
25.67
3.33
9.33
16.0
-0.33
-0.33
2.0
10.0
10.33
11.33
5.0
6.0
9.33
5.33
-0.67
11.0
1.0
5.67
1.67
-2.0
3.33
17.0
1.0
2.33
9.33
6.33
9.0
9.33
1.67
12.67
7.33
10.67
2.67
11.0
7.67
-1.0
10.0
-2.0
3.0
2.33
-3.0
6.0
14.67
1.0
11.33
11.33
9.33
8.33
9.67
-2.33
17.33
23.0
-3.0
16.33
-5.0
1.67
1.0
12.33
7.67
14.33
3.33
3.67
2.67
0.0
12.67
6.33
3.0
14.0
-3.0
15.67
8.67
10.67
10.33
-2.67
10.0
-1.33
-3.67
3.67
8.67
11.33
11.0
1.33
0.67
1.0
7.67
-0.67
4.67
9.33
4.33
-3.33
1.67
-0.33
9.67
6.0
-10.67
14.67
-8.67
7.33
4.33
7.0
6.0
-8.0
-0.33
11.0
6.67
-6.33
-3.67
6.33
4.33
0.33
-12.33
9.67
-3.0
4.0
1.0
-6.67
-1.0
7.67
5.33
9.67
9.67
7.33
1.67
5.33
1.0
9.0
5.0
2.0
8.0
2.33
5.0
-1.33
0.33
1.67
5.0
-0.33
3.0
-1.33
-4.0
9.67
4.33
7.33
3.67
5.0
11.0
3.33
1.33
0.67
6.67
6.67
-3.0
-9.33
-0.33
6.0
5.67
12.0
-4.0
-10.67
4.0
8.33
5.67
4.33
7.33
-8.67
9.0
5.67
10.0
8.0
-2.0
-8.0
5.33
-7.33
1.67
-3.0
-5.33
1.67
0.67
-3.33
3.67
6.67
-3.0
0.67
2.33
9.67
2.67
6.33
-4.0
-0.33
5.33
6.0
-2.33
2.33
11.67
6.67
7.33
-2.0
9.67
3.0
2.0
14.33
9.0
5.67
-3.33
9.33
-0.33
7.67
4.0
1.0
6.33
1.67
-0.67
12.33
7.0
-2.33
-1.0
1.33
4.33
9.33
-3.0
3.67
-1.33
4.33
5.67
16.0
2.67
2.67
7.67
-5.67
-3.67
5.33
3.33
-4.0
1.33
-7.0
-1.67
0.0
-1.0
-2.0
-3.33
6.67
-1.0
5.33
0.33
4.0
5.67
8.33
6.33
5.67
-6.0
10.0
0.0
-3.0
-2.0
-1.0
-3.67
5.33
3.0
-1.0
-6.67
0.67
2.0
0.67
11.33
-4.67
0.33
0.67
4.0
-6.33
10.33
3.67
-7.67
10.0
2.33
2.67
7.33
7.67
3.67
6.0
0.33
-9.33
-8.67
0.33
1.67
2.33
0.0
2.0
3.0
9.67
-3.0
-1.67
-1.33
9.33
2.0
12.67
2.67
-2.67
17.0
-0.33
2.0
1.33
-2.33
12.33
5.67
3.67
-3.33
3.0
1.0
0.33
3.33
-0.33
-5.33
-0.67
-4.0
0.33
-1.67
0.33
2.0
4.67
6.0
0.0
5.0
1.0
-7.0
2.67
5.67
8.67
-0.67
12.67
5.33
-0.67
0.0
-3.0
9.67
-0.33
1.33
2.33
10.33
3.33
-2.67
-1.67
0.67
-1.33
-1.33
8.33
6.33
11.0
-2.67
5.33
2.67
2.0
4.0
-0.33
-5.0
4.33
5.67
8.33
-5.33
7.0
3.0
4.0
-1.67
7.0
7.67
5.0
-0.33
5.33
-0.67
-8.33
6.33
-1.33
-4.67
7.0
1.33
3.0
3.0
5.0
2.67
3.0
2.67
5.33
3.33
1.0
14.33
1.0
3.67
10.0
-1.0
2.67
1.67
3.33
7.33
2.0
0.67
3.67
15.67
0.67
-3.33
-3.33
0.33
3.0
4.67
18.33
-0.67
-0.67
-3.0
0.67
5.33
1.67
1.33
0.67
6.33
2.0
1.0
-7.0
2.33
2.33
-5.0
-1.0
12.67
8.33
3.33
-9.33
-1.33
3.0
2.67
-6.0
-1.33
-5.67
2.67
6.0
-3.33
1.33
-7.0
7.33
5.33
5.0
2.67
-0.33
-0.67
10.0
-4.67
-1.33
4.67
7.33
-5.67
2.67
0.33
2.67
7.33
-2.0
5.0
-3.33
3.33
-7.33
3.0
-0.33
-0.33
0.33
6.67
2.0
3.33
2.0
4.0
1.33
0.0
-6.0
1.67
3.33
-3.0
3.33
6.33
2.0
-2.67
1.0
-2.33
-4.67
5.0
-0.67
-1.0
0.33
0.33
5.33
0.67
-1.67
2.67
-1.33
2.33
4.67
7.0
-0.33
-3.0
12.0
-1.0
-2.33
-2.67
-4.67
-1.33
-0.33
7.0
0.33
0.67
-1.33
-0.67
1.67
4.33
0.0
