0.0
-55.33
31.67
23.67
-3.67
-94.67
-99.33
-1.67
-46.67
27.33
-26.67
83.33
-13.67
-39.33
-22.33
-50.33
2.0
28.67
-18.67
23.33
-9.0
-43.33
-16.33
8.33
1.0
-12.67
-19.33
0.33
1.0
6.0
4.67
0.67
6.67
-3.33
-2.67
0.67
-3.33
-0.67
-2.67
-1.33
0.0
0.0
0.33
-0.33
-0.67
1.0
-0.67
0.67
-0.67
0.0
0.0
0.67
-0.33
0.0
1.0
-0.33
0.0
0.0
-0.33
1.0
0.33
-0.67
0.0
-0.67
-0.33
-1.33
-0.33
0.67
-1.0
0.67
0.0
0.0
-0.33
-0.67
1.0
0.33
0.0
2.33
-0.33
0.67
1.0
-1.0
0.0
-0.67
-1.0
0.33
-1.33
-1.0
-1.0
0.33
-0.67
-0.33
-0.67
0.67
0.0
-2.33
-0.33
-1.0
-0.33
-0.33
0.33
1.0
-1.67
0.67
-0.33
2.67
0.0
-1.33
-1.67
-0.67
2.0
0.0
2.33
3.67
-1.67
-0.67
-2.33
2.67
-0.67
1.0
0.67
1.0
-2.67
-1.33
1.33
2.33
3.0
-1.0
-5.0
1.33
-1.0
-0.67
-2.33
5.0
6.33
2.0
2.33
-1.0
-3.33
1.67
-1.0
2.33
-3.67
2.33
0.33
3.33
4.0
-2.67
-0.33
1.67
2.0
2.67
-1.67
4.0
2.67
-8.0
0.33
-1.0
5.67
0.33
0.67
2.67
-0.67
-4.67
2.33
-3.67
4.0
3.0
9.67
0.0
8.67
-0.67
4.67
3.33
0.67
5.67
4.33
4.0
2.0
-3.0
-2.0
-0.33
-3.0
1.67
0.33
-2.33
2.0
3.67
8.67
-0.33
3.33
0.67
1.33
8.67
2.0
4.67
1.67
2.0
2.67
0.0
2.33
-6.0
3.33
2.67
-0.67
2.0
-0.67
-3.0
3.0
3.67
-1.67
7.0
2.33
8.67
10.0
13.67
0.33
7.67
5.67
-1.67
1.33
-0.67
9.0
4.67
-3.33
2.0
3.67
-5.33
0.0
1.0
0.0
-1.0
2.67
-1.67
7.33
-6.67
-0.67
1.33
5.67
0.67
1.33
9.33
1.33
1.67
3.0
2.33
5.0
1.0
5.33
-2.67
3.33
5.0
6.33
-1.0
11.0
2.33
-4.0
2.0
-1.0
-6.0
2.67
7.33
-3.67
3.0
-2.67
1.67
5.67
4.67
3.67
1.0
5.67
-1.33
3.33
0.67
2.67
3.33
8.33
0.0
0.0
3.67
2.33
-2.33
2.67
7.33
5.0
2.0
-0.67
4.0
-3.0
-2.67
0.33
4.33
5.33
1.67
10.33
0.33
-2.0
3.33
4.0
3.33
2.0
2.0
0.0
3.0
3.33
3.33
-3.0
1.67
-4.0
-5.0
3.67
4.67
9.0
2.0
4.67
1.0
-1.67
0.33
3.0
5.67
-1.0
1.0
0.33
1.0
-2.67
2.33
4.0
2.0
2.67
5.67
2.33
-1.33
1.67
-1.0
-0.33
0.33
6.0
1.0
3.0
6.0
4.0
4.67
-4.67
2.33
2.0
0.0
2.67
0.0
2.67
1.0
1.33
0.0
2.0
-0.33
-4.0
1.33
-2.67
0.33
0.33
3.67
4.0
1.0
2.67
1.67
-0.67
1.0
5.0
-7.33
1.0
-1.0
0.67
9.0
0.0
2.67
-1.33
9.67
1.67
0.67
-0.33
4.67
-0.33
2.67
4.33
2.0
-6.33
-3.33
4.33
0.67
1.33
1.67
7.0
-1.33
0.33
-1.33
2.33
0.0
1.33
6.33
-1.0
0.67
3.67
1.67
-0.67
1.0
-2.0
-3.33
0.0
-2.67
6.33
3.33
-0.33
0.67
-3.33
1.33
8.0
-1.33
-3.0
-0.67
-2.0
4.0
1.67
5.0
-3.0
-2.0
2.33
-3.0
6.33
6.0
-3.67
-1.67
-1.67
-2.0
7.67
-5.67
-3.0
-2.33
3.33
0.0
0.67
2.67
-1.0
6.67
4.33
1.33
1.33
-1.67
-6.33
-3.67
-3.33
-1.33
0.67
2.0
3.67
1.67
-0.33
-1.0
-5.0
-1.67
-2.33
3.33
2.67
-1.33
-1.67
0.67
0.33
3.67
1.33
2.0
1.67
0.67
3.33
4.0
2.33
1.67
2.33
2.33
2.67
3.0
-0.67
-2.67
-4.0
-0.67
-1.33
1.0
-3.67
6.67
3.0
-2.0
0.0
1.67
1.0
-3.33
-1.33
1.0
-2.33
6.0
0.33
1.0
-1.33
2.67
1.33
-3.33
-2.0
-4.0
-2.67
3.0
-2.33
1.33
-4.67
-1.33
0.67
-0.33
4.33
4.0
1.33
1.33
-4.33
1.0
7.67
-2.0
1.0
2.33
2.0
-1.0
-3.67
-1.33
5.33
3.67
1.67
-4.0
-3.0
3.67
0.67
1.0
-2.33
0.33
-1.33
0.33
2.33
-0.67
3.67
0.67
0.67
-1.33
-2.0
4.67
-1.0
-1.33
-2.0
2.67
2.0
-3.0
-1.67
0.67
-1.67
-2.0
2.33
3.33
4.0
-1.0
-0.67
-1.33
-1.33
-4.67
1.0
3.33
1.0
-0.33
0.67
3.0
-0.67
-1.0
0.0
2.0
0.0
1.0
-0.67
4.0
-1.33
0.33
-1.0
1.0
0.67
2.67
4.33
3.33
-6.0
-2.67
4.67
1.33
1.33
-2.0
-2.33
1.33
-0.33
-1.0
1.33
-1.0
-2.0
-3.0
-5.0
-3.0
-1.0
-3.33
0.67
1.0
-0.67
-1.33
3.0
5.67
-1.33
4.0
-3.0
2.33
-0.33
2.0
0.0
-4.33
0.33
-2.33
-3.0
-2.33
6.33
2.33
0.0
2.0
-0.33
1.67
1.0
1.0
1.0
1.33
0.67
1.0
-1.0
1.67
-1.0
-0.33
-0.33
-2.33
-5.0
-1.33
-2.33
2.33
1.33
-4.0
1.0
-3.33
1.0
-2.67
-5.0
-1.67
-0.67
0.33
-3.67
-6.33
-1.0
3.67
1.0
-3.33
5.33
2.67
1.67
-5.33
1.67
3.33
-2.67
2.0
0.67
-5.33
1.33
-1.33
3.33
-5.33
-1.67
-2.67
2.0
-1.0
2.67
-2.33
-3.67
-1.67
-4.33
-4.33
-6.0
-4.67
-6.67
4.0
-4.67
-2.33
1.0
1.0
0.67
1.0
-2.33
0.33
4.67
4.67
-1.33
-1.67
-4.0
-6.67
2.0
-3.0
1.67
-1.67
-1.0
2.67
2.33
-1.0
5.67
6.0
-0.33
5.33
1.0
2.0
-3.67
-3.67
-3.0
0.33
-3.33
-2.0
-1.67
4.0
4.0
0.67
3.0
4.0
-5.33
-3.67
-0.67
-1.0
-6.67
-6.0
0.67
-1.0
0.33
-5.33
0.0
-1.33
-1.67
-3.67
0.67
-6.0
-6.0
-4.33
-3.0
-2.33
-4.33
3.33
-4.33
-6.33
-1.33
-4.0
-4.0
1.67
-5.0
1.67
-3.67
-0.33
-5.67
-5.0
-3.33
-5.67
5.67
2.33
-0.33
-0.67
-2.0
-1.0
-4.67
-8.33
-3.0
-9.33
-1.0
1.67
3.0
-5.33
0.0
-2.67
2.33
0.33
3.0
-2.0
-3.0
-7.67
-4.67
-2.67
-2.0
0.0
-0.33
0.33
0.67
4.0
1.33
0.67
-0.33
0.33
-2.0
-0.33
5.33
17.0
-0.33
5.0
6.67
15.67
13.33
4.0
12.33
7.0
22.33
11.0
14.33
19.0
13.67
5.33
5.33
20.0
12.67
6.33
4.33
6.33
4.0
13.0
-0.33
0.33
2.33
-1.33
5.67
5.33
-1.67
3.33
-7.33
-3.33
-2.33
1.67
2.0
-2.67
1.0
-3.0
-6.33
-2.0
2.0
-5.67
-2.67
1.0
3.33
6.0
-8.0
-3.0
-0.67
-2.33
-1.33
-3.33
1.67
-2.0
1.67
-7.67
-5.67
-1.0
-5.67
6.0
-6.0
-3.0
-7.0
-1.33
-4.33
-6.33
2.0
3.33
-7.67
-1.0
1.67
0.33
3.33
-4.33
0.67
-1.33
-6.33
0.33
-4.33
0.67
1.33
-0.33
-2.33
0.0
6.0
-5.33
-1.0
-2.33
4.0
3.0
6.0
1.0
-0.67
0.33
6.67
-4.67
1.33
-4.33
-8.33
-4.33
1.0
-2.67
-4.33
6.0
2.33
-7.0
1.67
4.0
-4.0
6.0
-10.0
2.0
-3.33
-2.33
7.67
1.33
-6.33
-2.0
-4.67
3.0
14.67
2.0
-3.0
-6.67
5.33
1.0
0.33
5.0
-0.33
-2.33
-7.67
0.67
-7.0
-6.67
1.0
6.33
-2.67
2.67
-1.67
-3.33
-1.0
7.67
6.0
1.0
4.33
-6.33
-3.33
7.0
-9.0
-3.33
5.67
1.67
2.33
-7.33
0.33
0.0
-6.67
-0.67
-3.0
0.33
-2.67
-3.67
-2.33
14.33
-0.33
-0.67
6.33
-4.0
1.0
-5.0
0.67
1.67
1.67
4.67
-8.0
-6.33
-1.33
-3.33
0.33
-2.67
-3.0
-3.0
3.33
0.33
4.33
2.33
-1.67
5.67
1.67
2.67
2.33
-3.67
1.33
6.33
0.0
9.33
-2.67
2.33
1.0
1.67
-5.0
1.67
1.0
-1.67
0.0
0.0
-1.67
11.67
12.33
-1.0
9.0
-5.33
3.33
0.67
-4.33
2.67
12.0
1.67
6.67
1.67
15.33
10.0
14.33
22.67
21.0
22.33
5.67
23.0
22.0
27.67
33.33
18.67
17.0
23.0
19.0
26.33
20.33
10.33
10.67
23.0
35.0
22.33
20.67
7.67
22.67
6.0
7.67
1.0
3.67
9.33
6.0
12.67
2.33
13.33
11.0
4.67
3.0
-0.33
2.33
11.0
5.33
14.67
1.33
11.67
3.33
8.0
9.67
5.0
8.0
3.0
3.0
2.0
-2.33
8.0
-1.67
4.67
-0.67
21.0
7.0
9.67
-2.67
12.67
8.33
4.0
5.33
14.67
11.67
6.0
10.67
-3.0
14.0
6.0
9.33
14.0
7.33
-0.67
3.67
3.0
2.67
8.67
4.0
11.33
4.0
3.33
-1.67
2.0
9.33
3.33
2.33
4.33
2.33
9.33
0.0
10.0
8.67
2.0
5.0
4.0
2.0
-1.33
5.67
4.33
4.0
4.0
3.0
6.0
2.67
5.33
2.33
15.0
10.0
13.33
6.67
0.33
3.0
2.0
1.67
-5.67
4.67
5.33
1.0
10.67
5.33
12.67
13.33
10.0
13.33
8.33
12.33
17.67
-1.67
15.0
14.67
8.33
5.67
14.67
9.33
0.33
13.0
-2.67
14.67
3.33
2.0
13.0
16.67
7.0
10.0
13.33
9.33
6.67
5.67
2.67
2.33
7.0
-3.33
3.33
20.0
9.0
4.67
-1.0
5.0
-6.0
18.0
10.67
17.67
0.33
-0.67
4.33
-8.33
16.67
4.33
0.67
-4.33
3.67
12.33
6.67
12.33
2.33
6.33
4.67
10.67
5.67
4.0
2.0
5.33
10.67
13.33
14.0
4.0
12.67
5.0
10.0
8.33
9.67
-1.0
2.33
13.67
13.67
1.33
13.33
6.33
6.33
3.33
9.0
4.67
15.33
6.67
5.33
7.67
3.33
14.67
12.0
13.67
-2.0
15.33
13.33
6.67
9.67
12.67
12.0
9.33
12.33
9.33
13.0
14.0
12.0
14.33
21.33
9.67
2.67
7.33
-2.0
5.33
-1.33
1.33
3.0
6.33
21.0
8.67
9.0
5.67
9.67
8.0
10.33
8.0
10.67
15.33
14.0
13.33
15.0
18.0
12.67
12.33
22.67
15.0
14.0
5.0
12.0
11.67
10.33
20.0
16.33
8.33
12.33
21.67
0.33
17.33
13.67
16.67
22.0
18.0
25.67
32.0
41.67
27.67
46.67
42.0
59.33
54.33
67.33
86.0
85.33
84.67
88.0
97.67
111.33
126.0
118.33
151.0
159.0
167.0
141.0
153.67
171.0
153.0
157.0
143.0
160.0
167.67
129.67
133.33
144.0
126.33
121.0
109.67
93.0
83.33
79.67
71.33
64.0
62.0
40.67
27.67
32.67
23.67
27.33
18.33
5.67
15.33
11.33
4.33
7.67
7.33
14.33
11.0
8.67
29.0
-0.33
3.67
10.0
8.67
10.0
20.67
14.0
15.33
14.67
11.33
11.33
14.67
6.67
31.33
8.33
27.33
3.33
7.0
9.0
10.67
4.0
2.33
15.0
1.33
19.67
-5.0
10.0
9.0
6.0
6.0
15.33
6.33
14.33
8.33
5.33
10.67
-4.67
-5.33
7.0
-2.0
14.67
13.0
0.33
-0.67
7.67
2.0
9.67
7.67
13.67
-3.67
9.0
8.0
18.0
11.33
8.67
16.0
2.33
8.33
30.0
4.33
7.33
2.0
18.67
7.33
11.33
10.33
6.33
9.67
26.67
11.33
22.33
1.33
7.67
21.0
3.67
6.67
9.0
10.0
9.0
1.67
16.33
9.0
-7.67
1.67
10.33
7.0
0.67
1.33
14.67
1.67
8.0
-1.67
12.67
7.0
4.0
22.0
10.33
6.67
8.0
5.33
13.33
9.0
11.33
12.0
17.0
6.67
5.0
5.33
7.0
9.0
0.67
3.33
6.67
9.33
5.0
-1.0
1.0
7.33
4.67
8.33
-1.33
3.67
2.67
15.33
5.67
7.0
10.0
10.67
9.33
2.67
8.33
-6.33
14.33
16.33
8.67
8.33
-1.0
5.0
6.67
6.0
27.0
11.33
4.33
13.0
4.33
9.67
10.67
1.0
1.67
5.33
3.33
15.33
21.67
3.0
1.33
13.0
19.0
11.67
6.0
2.67
16.33
6.33
16.33
10.0
16.0
13.0
9.67
25.33
6.67
5.0
6.67
24.33
26.67
21.33
12.0
28.33
17.67
18.0
27.0
21.0
10.0
15.0
12.33
21.67
24.67
9.0
20.67
20.0
-0.67
16.67
11.67
1.33
13.33
6.67
13.33
11.33
4.0
-0.33
-13.33
-1.0
21.0
7.33
22.33
-2.0
0.0
9.33
1.33
8.33
3.0
7.0
4.67
9.67
5.0
7.33
-2.0
-3.0
-8.67
19.33
0.33
1.0
-7.67
10.67
6.67
-2.67
10.67
8.67
7.0
11.67
1.0
15.0
3.0
5.0
14.33
-1.0
5.0
3.67
10.0
4.33
1.33
7.33
20.33
13.67
3.67
10.33
15.0
5.0
-1.67
10.0
-0.33
1.0
8.33
24.67
16.33
0.33
19.67
10.67
10.0
6.67
12.33
5.0
3.0
9.0
-0.33
13.67
9.67
1.33
10.33
13.0
6.67
-1.67
3.67
-0.33
-1.67
3.0
8.33
2.67
6.0
2.67
3.33
-1.33
-8.67
2.33
0.67
-0.33
7.67
7.67
8.0
11.33
7.67
8.33
4.33
2.33
8.0
17.0
10.0
-0.33
10.0
3.67
-2.33
1.33
4.33
-4.67
-2.67
2.67
4.67
9.0
6.0
2.0
1.33
3.0
6.67
0.33
6.67
6.67
6.33
9.67
8.33
4.0
3.0
15.0
1.0
-10.0
12.33
-9.0
0.67
3.33
2.67
-8.0
4.67
-13.0
-0.33
6.0
-3.33
8.33
1.33
2.67
6.0
0.0
-1.67
6.33
-4.33
9.67
-6.33
-2.0
-6.33
1.67
5.0
8.67
7.0
5.0
0.33
1.0
5.33
5.67
-16.67
1.33
-0.67
-1.0
7.67
0.0
2.0
7.0
-13.0
1.33
3.67
3.67
7.0
7.67
4.67
-4.33
-6.33
-0.33
22.67
4.0
-5.33
1.33
-0.33
9.67
8.33
1.0
5.67
2.33
1.0
-5.33
8.33
23.67
14.67
10.33
6.0
2.67
3.0
8.0
4.33
7.0
6.67
6.67
17.33
9.67
2.67
13.0
-4.0
14.33
1.67
5.33
14.33
4.0
12.67
2.0
-4.67
5.33
10.33
5.0
7.67
-7.33
-0.67
3.67
5.0
1.67
3.67
9.67
-5.67
5.33
1.33
2.33
-8.0
-4.67
4.0
6.33
5.0
2.0
5.0
-7.33
14.67
0.0
0.33
8.33
1.0
3.67
11.33
-3.67
8.67
8.0
3.0
11.0
4.0
-6.0
8.0
-4.67
-8.67
-3.0
-7.0
-6.67
6.67
-7.0
2.67
3.33
-0.67
-1.67
1.67
6.0
9.67
4.33
-4.33
5.33
8.0
4.33
3.67
7.33
2.67
4.67
5.0
-2.67
-4.33
-6.67
6.33
0.67
5.33
-2.0
-1.0
3.0
8.67
-2.0
4.33
1.67
1.33
-2.0
-1.33
-2.33
3.33
14.0
3.67
-4.0
6.33
-0.33
4.33
4.67
8.67
-0.33
11.0
-4.0
4.33
-2.67
-8.33
-3.33
9.33
2.0
-1.67
-3.67
0.33
-1.0
10.67
3.0
2.0
0.0
5.0
-2.0
1.67
0.67
0.67
3.33
0.67
0.33
3.33
-2.0
0.0
1.67
3.67
-1.67
6.33
-2.67
2.33
-2.67
4.33
-2.33
-5.33
-1.33
0.33
-2.67
6.0
-3.67
8.33
-2.33
7.0
2.0
-0.33
1.0
2.33
3.67
-0.67
6.67
17.0
4.0
7.0
4.33
5.0
2.67
4.0
-1.33
0.33
-1.67
-3.33
1.33
2.67
5.33
4.0
-3.67
8.0
-5.0
2.0
-1.33
7.0
1.67
3.33
2.33
-2.0
2.33
7.0
7.67
-5.0
3.0
9.67
1.67
3.33
1.33
2.0
0.67
-0.33
0.67
5.67
-4.33
3.67
2.33
5.0
-2.33
10.33
2.33
6.33
2.0
-0.33
-3.67
5.67
6.33
-2.33
3.33
2.0
-5.0
-5.0
4.33
8.33
-2.0
3.0
11.67
1.33
-5.67
-0.33
1.67
6.0
2.67
0.0
-1.33
-1.67
3.67
2.0
4.67
-4.67
-3.0
3.33
-1.67
12.0
5.67
3.67
5.33
1.0
-3.67
0.67
0.67
1.33
8.33
-1.33
0.33
-3.33
1.33
1.0
5.0
-4.33
-0.67
1.67
0.0
-2.33
-1.33
-1.67
-1.33
0.0
-2.67
4.0
3.0
1.33
0.0
-2.0
2.67
9.33
3.0
7.33
-2.67
10.0
1.33
-4.0
1.67
1.33
0.0
3.33
8.0
2.33
2.33
6.33
-1.33
-0.67
0.67
0.67
-1.67
3.67
-1.0
-1.33
-1.0
6.0
6.0
3.67
0.33
-4.67
-1.33
-2.33
3.0
0.33
3.67
4.67
2.33
-0.33
-1.67
0.0
