0.0
-40.33
17.67
-20.33
-8.67
33.33
-105.33
-74.67
37.33
59.33
-53.67
58.33
-66.67
-35.33
-30.33
3.67
-44.0
22.67
-12.67
-9.67
4.0
-18.33
15.67
13.33
9.0
-8.67
-12.33
-8.67
-10.0
0.0
2.67
5.67
2.67
-0.33
-0.67
1.67
-2.33
-0.67
-0.67
1.67
1.0
0.0
1.33
-1.33
0.33
1.0
-0.67
-0.33
-0.67
0.0
-1.0
0.67
-0.33
0.0
1.0
0.67
2.0
0.0
0.67
0.0
0.33
0.33
0.0
0.33
0.67
-1.33
-0.33
-0.33
1.0
1.67
2.0
0.0
0.67
-0.67
1.0
-0.67
-1.0
0.33
-0.33
0.67
0.0
1.0
3.0
0.33
-1.0
0.33
-1.33
0.0
0.0
2.33
1.33
-1.33
0.33
1.67
-1.0
-3.33
1.67
-1.0
-1.33
-0.33
1.33
-1.0
1.33
1.67
0.67
-1.33
-1.0
0.67
-0.67
-0.67
0.0
2.0
0.33
-1.33
-0.67
1.33
-2.33
-1.33
-2.67
2.0
-1.33
-2.0
0.33
1.67
-1.67
3.33
2.0
2.0
2.0
-4.67
1.0
-3.67
4.67
2.0
2.33
-5.0
1.33
4.0
3.67
-2.33
-2.0
3.33
-1.67
3.33
-2.67
-2.67
-1.0
-2.67
-1.33
8.67
2.0
-1.33
-3.67
4.0
1.67
-2.0
3.33
0.0
1.67
4.33
1.67
5.67
9.33
0.33
5.33
-1.67
3.0
-1.0
2.67
-2.0
5.67
-1.67
2.67
3.33
3.67
4.67
3.33
3.0
7.0
-10.0
2.0
5.67
2.0
-1.33
4.33
-6.33
3.0
4.67
3.67
2.67
6.33
1.67
2.33
4.67
-3.0
-4.33
0.67
1.0
-4.33
-1.0
-4.67
-4.0
-0.67
3.67
4.33
0.0
3.33
0.0
0.0
1.67
4.33
4.0
1.33
7.67
-1.0
5.67
-2.67
5.67
4.67
-2.67
5.33
-1.67
-2.0
-4.33
1.67
-6.0
6.67
-3.33
2.0
-3.0
-1.0
-2.0
0.67
4.33
1.33
1.33
2.33
14.33
1.67
-3.33
1.33
0.33
4.33
-2.33
6.0
-1.67
-1.0
6.0
-0.67
1.33
8.33
4.0
0.33
6.0
10.0
0.33
-6.0
0.0
-5.0
-2.0
0.67
3.33
0.33
1.0
-2.67
1.67
-4.33
-0.33
3.67
2.0
8.67
-0.33
1.33
-0.33
1.67
4.33
16.33
5.0
-2.0
7.67
7.33
3.67
1.67
5.33
2.0
4.0
-2.67
8.0
3.0
-0.67
3.33
3.33
5.33
2.67
-0.67
7.33
-2.0
6.33
5.0
2.33
1.0
1.0
5.0
1.0
-1.67
3.33
-1.0
2.67
7.0
-4.0
4.67
8.67
11.0
2.0
-1.33
-2.0
2.33
4.33
-1.0
-0.33
6.0
5.0
0.33
0.0
9.33
0.33
1.0
-4.0
-0.33
1.67
1.33
1.67
3.67
3.0
0.67
-0.67
6.0
1.0
1.0
-1.0
4.0
-2.33
-0.67
-2.67
4.0
-2.0
2.67
3.0
3.67
0.0
-3.67
-3.0
3.0
1.67
1.0
-1.67
0.33
1.33
4.33
2.67
3.0
-1.0
1.67
3.67
1.33
-1.0
3.0
1.67
7.0
4.0
6.67
4.0
-4.0
2.67
-0.33
3.67
0.67
-0.33
3.67
0.67
3.67
-3.33
-1.67
-5.0
-1.33
-0.33
2.33
1.67
5.33
1.67
5.0
-4.33
-1.67
1.67
3.33
-3.0
1.33
0.33
0.0
7.67
0.67
-1.33
0.33
0.0
-1.0
0.67
-5.0
2.33
6.33
0.33
2.67
0.67
-0.33
0.33
4.0
1.67
0.0
-2.67
0.0
3.0
4.67
0.0
4.0
5.0
-1.67
-2.0
3.33
3.0
-4.67
1.33
0.33
4.0
-1.33
4.33
1.0
-2.33
-3.67
1.0
1.67
0.67
2.0
0.67
1.33
2.33
1.33
-0.67
-3.33
0.33
-5.33
-0.33
-3.33
-1.0
-2.33
-2.33
0.67
3.0
-2.0
-2.67
-1.33
1.33
3.67
6.67
0.33
1.67
-0.67
2.67
-0.67
7.0
5.67
2.67
4.33
5.0
8.33
5.67
1.33
2.33
-1.33
0.0
-0.67
0.33
-1.0
0.33
3.67
3.0
-2.67
4.67
1.0
-1.0
1.0
2.67
3.0
0.67
-1.33
2.0
-0.33
-3.0
-1.67
4.0
1.67
-4.33
2.33
-1.33
-6.0
-5.0
3.33
3.0
-1.33
-0.67
-2.67
-1.33
1.67
-2.33
2.33
5.0
2.33
1.33
-5.33
1.0
5.67
-4.0
6.0
3.33
3.0
2.0
-0.67
-0.33
-1.67
-2.33
-0.33
-3.0
-5.0
2.67
-2.33
1.0
0.67
0.33
-2.33
-5.67
1.33
1.33
5.67
0.67
2.67
3.67
9.0
4.67
-4.0
0.67
-3.0
1.67
4.0
-3.0
-1.67
4.67
3.33
-2.0
2.33
1.33
3.0
-4.0
5.33
1.67
-2.33
1.33
3.0
-0.67
1.0
-1.33
-1.33
2.0
3.33
-4.0
0.0
-1.0
-1.0
3.0
1.33
0.0
1.67
3.33
6.0
1.0
-2.33
-0.33
4.33
-3.67
-3.0
-3.67
-3.33
2.33
3.33
1.0
0.67
11.33
-3.33
1.0
-3.67
0.0
-4.0
-1.0
-4.0
0.0
3.0
-4.33
-2.33
1.0
-0.67
4.67
0.0
2.67
1.67
-3.0
-7.0
-3.67
4.67
1.0
-1.0
0.67
2.33
0.67
-1.0
-0.33
4.33
5.33
-1.0
-4.0
-2.33
-0.33
5.0
3.0
1.0
0.33
1.67
2.0
3.0
-0.33
0.0
-2.33
-0.33
-0.33
0.0
-0.33
-1.33
2.33
-0.67
1.0
1.0
-0.33
-3.0
-0.67
-5.0
-0.67
2.33
-4.67
-3.67
-5.33
2.0
-1.33
2.0
-4.33
-0.67
0.67
-2.33
-3.33
-2.33
-1.67
-1.67
2.0
-2.33
-1.33
1.33
-6.33
-3.67
-4.33
-5.67
0.33
2.0
0.0
3.67
-1.33
3.33
-5.67
-4.33
-3.33
-1.0
-5.67
-7.67
2.0
1.33
-3.33
0.0
0.0
-2.33
3.0
-3.33
-3.67
-4.33
4.67
6.67
-4.67
1.0
-0.67
-1.0
-1.0
2.67
-1.67
-2.0
0.67
-3.67
-6.0
1.67
1.0
2.67
0.33
-3.0
-5.0
-6.67
-1.67
-1.0
1.33
1.67
-5.0
-6.67
0.0
1.0
-0.33
2.0
2.0
-3.33
-5.67
-1.67
0.0
-4.67
-3.0
3.67
-4.0
0.33
-2.33
-6.0
-3.33
1.33
-5.67
-3.33
8.0
-2.0
-3.33
-1.0
-5.33
-2.33
-0.67
-2.33
-1.33
-5.33
0.0
-2.0
0.67
-3.0
-4.33
-1.67
-0.33
8.33
-7.0
-3.33
1.33
2.67
5.33
-3.33
-5.67
1.0
4.0
-2.67
-7.33
0.0
-4.33
-2.0
0.67
-2.0
-1.33
-3.0
1.33
-0.67
-0.67
4.0
4.0
4.0
-7.67
1.33
-0.67
1.0
-6.0
0.67
-0.67
1.67
-1.0
-0.67
-5.33
-1.33
0.33
-4.0
-2.33
-1.67
-3.0
-1.33
4.0
3.67
-1.33
-1.67
-8.0
0.33
-3.0
5.33
-6.0
-0.67
4.0
-0.33
-1.67
-4.67
2.0
-7.33
1.33
-6.67
3.33
-2.0
-1.0
-3.33
-6.67
-4.67
-7.33
-4.33
-1.67
1.33
-4.67
-5.33
-6.33
-3.33
-3.33
-2.0
-1.67
0.0
-1.0
-1.33
-3.0
2.0
-3.67
-4.67
-2.0
1.33
-1.0
-5.0
2.0
7.33
-5.33
1.67
2.67
-1.33
1.0
2.67
2.33
-12.67
-10.0
-2.67
-3.0
-7.0
1.0
-7.0
-3.33
7.67
2.67
6.0
3.33
-4.67
-4.0
-5.33
0.33
-5.67
0.67
-0.33
2.67
-4.33
-4.67
-4.33
-2.33
0.33
1.67
-0.33
-4.0
2.0
-0.33
-5.0
-3.33
-2.0
-1.0
-7.0
0.0
7.33
-3.67
3.67
-0.67
-2.67
0.67
1.67
-5.33
-6.0
-6.67
-6.33
0.0
1.33
-3.0
6.67
2.0
4.0
0.0
-8.0
3.0
-1.33
-3.33
-2.33
4.33
-0.33
7.0
-3.67
-6.0
4.67
2.0
-5.0
-1.67
-3.67
-3.0
10.33
5.0
3.67
-1.33
-4.67
3.67
-9.0
-4.67
0.0
-2.67
0.33
-10.33
0.33
-0.33
2.0
7.67
3.0
-4.0
3.33
-6.33
-6.33
0.0
-2.0
-3.33
0.67
2.67
3.33
-5.33
5.33
-1.0
0.33
-0.67
0.0
3.33
3.33
-1.67
-7.33
0.33
4.67
-2.67
-1.67
-5.0
5.0
-6.0
5.67
4.67
-1.33
5.67
5.0
-2.33
4.67
-4.33
-4.67
-2.67
-4.0
1.0
2.33
7.33
-8.67
9.33
1.33
3.67
-0.33
9.67
0.33
-2.67
10.33
-2.67
1.0
3.33
-2.67
5.33
-1.0
3.67
-4.0
-3.33
-7.0
4.33
-5.0
3.0
-2.67
0.67
5.33
0.0
8.0
-3.33
11.33
6.67
7.67
5.67
17.0
1.67
7.67
3.67
13.33
15.0
25.33
26.67
23.0
18.33
22.67
30.0
30.0
35.67
32.33
21.67
34.0
38.0
36.0
43.33
27.33
35.33
39.67
31.0
27.0
27.33
36.67
20.67
32.67
13.0
10.67
10.0
11.67
17.33
1.0
7.67
9.33
8.33
2.0
15.67
4.0
6.67
10.33
12.0
2.33
11.67
7.33
6.67
4.33
1.0
9.67
7.0
6.0
7.0
2.0
5.0
5.67
-1.0
-3.67
5.67
10.33
9.0
1.0
8.67
9.33
0.67
12.33
3.0
2.33
15.67
17.67
2.0
2.67
6.0
12.0
10.0
-2.67
13.0
1.33
1.33
3.67
7.0
2.67
2.67
3.0
0.33
18.0
4.33
4.33
6.0
-1.67
9.33
9.33
6.33
1.33
9.33
7.0
7.0
13.67
0.0
4.0
3.0
-3.0
1.67
8.67
12.33
4.0
1.0
10.0
7.0
2.67
9.33
8.33
2.0
7.0
8.33
4.67
2.33
-3.0
1.0
12.67
0.33
10.67
-4.67
7.0
4.67
-0.67
-0.33
16.33
6.0
17.33
17.33
13.33
7.67
-2.67
13.0
10.67
14.33
5.67
9.67
2.33
9.33
17.0
9.33
4.67
13.33
3.0
10.0
0.67
8.0
2.0
6.33
9.33
19.67
2.67
3.67
-0.67
12.0
-0.33
0.33
5.0
5.0
-0.33
-3.0
6.0
1.0
7.0
12.67
16.67
-5.67
14.33
3.33
-1.33
11.67
6.33
-0.33
1.67
9.67
11.33
0.67
7.33
8.33
2.33
6.67
-5.33
7.67
8.0
-3.0
11.33
5.67
4.33
13.0
10.0
15.67
7.0
10.0
16.33
12.67
5.0
4.33
7.67
7.67
2.33
0.33
9.33
4.33
3.33
6.0
5.67
9.33
13.67
1.33
13.67
-0.67
0.67
1.0
12.67
11.0
15.33
9.33
4.67
13.67
3.67
3.0
3.33
8.33
7.33
18.0
12.0
6.0
8.33
6.33
-4.33
11.67
4.33
10.0
13.33
2.67
9.33
13.0
4.33
7.0
-4.33
0.0
8.67
9.67
2.0
10.33
10.0
5.67
10.33
15.0
17.33
12.0
10.0
7.67
8.33
3.67
9.0
-3.0
3.0
10.0
7.67
20.33
22.0
16.33
10.33
8.33
10.67
13.33
16.33
17.67
21.67
24.0
17.0
27.67
38.0
17.67
57.67
47.67
57.0
79.33
70.33
102.33
96.0
131.33
140.67
139.0
159.67
184.33
178.0
182.33
218.0
239.0
231.0
245.0
249.67
247.0
232.0
231.0
211.0
253.0
219.67
210.67
193.33
204.0
184.33
164.0
186.67
141.0
118.33
93.67
86.33
86.0
75.0
65.67
55.67
50.67
39.67
32.33
23.33
21.67
10.33
15.33
9.33
10.67
8.33
16.33
20.0
9.67
13.0
2.67
11.67
9.0
3.67
-2.0
5.67
8.0
13.33
11.67
3.33
-3.67
3.67
10.67
12.33
2.33
1.33
16.33
-3.0
6.0
10.67
7.0
4.33
6.0
9.33
10.67
13.0
27.0
10.0
-3.0
13.0
7.33
6.33
15.33
13.33
12.33
8.67
5.33
1.67
9.0
1.0
2.67
5.0
3.33
7.33
6.67
3.0
-0.33
10.67
3.67
5.33
8.0
5.0
13.0
6.33
10.67
12.0
-0.67
11.33
7.0
10.33
3.33
8.0
10.67
8.33
2.33
3.33
8.33
-2.33
3.67
15.33
8.33
5.33
8.67
10.0
-5.33
9.67
5.0
9.0
7.0
3.67
12.33
1.0
-6.67
-4.33
9.33
11.0
6.67
9.33
8.67
14.67
-2.0
9.33
8.67
3.0
3.0
9.0
5.33
8.67
5.0
6.33
8.33
5.0
4.33
8.0
0.0
9.67
6.0
9.33
10.0
2.0
1.67
-1.67
-2.33
9.33
11.0
9.0
0.0
7.33
4.67
3.33
-1.33
-0.33
-3.33
6.33
2.67
-9.0
-2.0
6.67
14.33
-2.33
-2.67
4.67
19.33
12.33
8.67
9.33
6.0
3.0
-2.33
8.0
14.0
0.33
8.33
8.0
0.33
4.67
7.67
1.0
4.67
1.33
-1.67
10.33
7.67
-2.0
2.33
3.0
1.0
7.67
1.0
14.67
1.33
8.33
12.33
5.0
8.0
8.0
-2.33
-5.67
2.67
-1.0
-1.33
5.33
0.67
13.33
2.0
0.33
6.67
6.0
11.0
16.0
2.0
6.0
-5.67
-2.33
25.67
0.0
-11.33
3.0
7.33
0.67
4.67
-7.67
-0.67
-2.33
2.33
9.33
9.0
9.67
-7.33
7.0
10.0
7.33
2.33
-14.0
-2.0
4.33
11.33
8.33
16.0
4.0
6.67
16.67
12.0
3.33
4.0
9.0
4.33
11.33
2.33
11.0
6.33
2.67
-3.33
-4.67
8.67
5.67
1.0
15.67
6.0
5.0
-4.0
-5.0
6.33
15.0
12.0
14.67
7.0
19.33
2.33
16.33
11.33
17.67
8.67
21.33
12.0
20.0
7.33
11.0
10.67
0.0
19.33
-1.33
14.33
11.33
20.67
3.67
27.0
12.67
-0.67
14.0
10.0
4.0
13.67
15.67
6.67
4.33
10.33
11.0
8.67
4.33
3.67
5.67
1.33
10.0
7.33
-2.33
8.0
-1.33
2.33
1.67
14.33
1.33
-3.33
12.67
1.67
4.67
-4.0
-5.67
-4.33
-3.67
4.33
2.33
6.0
10.0
1.0
5.67
5.0
5.67
-7.33
7.33
6.33
2.33
6.33
-1.33
-3.33
-5.0
9.0
3.0
-8.67
6.0
7.67
10.33
-0.33
10.67
11.33
2.67
14.33
1.0
2.0
12.0
5.0
-3.0
5.33
-8.0
-10.33
2.33
-4.33
6.0
6.67
-11.0
-6.33
-6.0
5.67
0.33
0.33
3.67
-2.0
4.0
1.33
0.33
-0.33
3.67
-8.33
6.0
0.67
-4.33
-3.0
3.67
7.0
4.0
3.33
2.0
6.33
0.67
-0.67
-2.67
-5.67
6.0
3.67
-7.0
6.0
0.0
-2.0
1.33
1.67
8.67
-4.0
8.67
7.67
3.67
-5.33
6.67
7.67
3.0
-2.33
6.33
0.67
14.67
10.33
6.0
4.67
-4.67
6.0
3.67
9.33
13.67
-0.33
13.33
6.0
1.67
-4.0
20.0
6.33
11.0
17.67
6.67
6.33
10.67
11.67
11.0
12.0
10.33
8.67
7.33
20.33
6.0
4.67
5.0
0.33
3.33
8.33
5.0
13.67
-2.33
10.33
8.67
4.0
-1.33
-3.33
3.67
0.33
6.33
-3.67
11.33
2.0
7.33
2.0
2.33
5.0
6.0
10.0
6.67
3.67
2.0
0.33
3.33
6.0
3.67
7.33
1.33
-0.33
-4.0
4.0
-1.0
2.0
6.0
-3.0
-0.67
-4.67
-3.0
5.0
0.33
0.67
-1.0
3.67
-4.67
-2.67
4.33
4.67
7.0
1.67
5.33
-4.33
-4.67
12.0
-4.67
5.67
3.33
-2.33
-1.33
3.0
-1.67
0.67
-7.67
5.33
-1.33
2.33
-2.0
1.0
11.0
2.67
3.0
-5.67
5.67
1.33
5.0
2.67
3.67
2.33
5.0
2.67
-1.0
-0.67
-8.33
11.33
-1.33
4.67
1.67
11.0
-2.0
0.33
-9.67
-10.33
-12.33
4.33
3.0
6.33
2.33
0.33
2.0
3.67
-5.0
1.0
7.0
19.0
-3.0
2.67
-3.33
5.67
5.33
1.67
3.33
4.33
1.0
-2.0
5.67
9.67
8.33
2.33
1.33
10.33
-2.67
-1.67
-0.33
-7.33
6.67
4.33
1.33
7.0
-0.67
8.33
0.67
9.0
4.0
2.67
7.0
0.33
9.67
3.33
-0.33
0.0
6.0
3.0
0.33
10.0
3.67
-2.0
2.67
8.33
0.33
-5.33
8.33
8.67
10.33
10.0
7.33
7.0
6.0
0.0
2.67
6.0
8.67
7.33
-1.67
10.0
1.33
2.0
7.67
-2.0
4.0
2.67
2.67
-1.67
7.33
3.0
10.67
-1.33
6.67
8.67
-1.33
0.67
0.33
2.0
-5.33
5.33
5.33
5.33
4.0
-4.33
5.33
3.67
1.33
-3.33
-0.67
2.0
-2.0
-4.0
2.33
4.33
7.0
3.0
-0.33
4.33
-2.67
1.67
-1.33
3.0
8.67
-2.0
7.67
-8.67
-5.33
1.0
4.67
2.33
2.0
2.33
3.33
2.0
10.67
-1.33
8.33
7.0
3.33
8.67
-0.33
6.33
4.33
0.67
3.33
1.67
-0.67
-3.0
4.0
-0.33
1.33
1.67
9.0
2.67
-5.33
3.33
0.67
6.0
-0.67
-6.0
2.0
2.33
0.0
-4.0
-0.33
0.33
5.0
3.33
5.33
2.0
-1.67
7.0
-0.33
1.33
3.0
3.33
-2.0
-5.67
-1.67
-0.67
-0.33
-1.67
-5.33
-4.33
6.33
-0.33
5.0
3.67
-2.0
3.0
5.0
4.67
0.33
-3.67
1.67
-0.33
1.0
1.33
-0.33
2.67
3.33
-0.33
-5.67
2.0
