0.0
-10.33
30.67
2.67
39.33
1.33
-11.33
-78.67
32.33
49.33
-67.67
42.33
36.33
27.67
65.67
44.67
-35.0
57.67
0.33
12.33
-36.0
-23.33
-34.33
16.33
27.0
16.33
-4.33
-3.67
-5.0
4.0
0.67
1.67
-0.33
-5.33
-1.67
2.67
-1.33
-0.67
-0.67
0.67
1.0
0.0
-0.67
-0.33
1.33
0.0
0.33
-0.33
-0.67
0.0
-1.0
0.67
-0.33
0.0
2.0
-0.33
2.0
0.0
-0.33
0.0
-0.67
-0.67
0.0
1.33
-0.33
-1.33
-0.33
-0.33
-1.0
0.67
0.0
1.0
1.67
-0.67
1.0
0.33
0.0
-0.67
-0.33
1.67
0.0
0.0
0.0
-0.67
-1.0
0.33
-1.33
2.0
-1.0
0.33
-0.67
-1.33
0.33
0.67
0.0
-3.33
-0.33
-1.0
0.67
-0.33
-0.67
0.0
-1.67
-0.33
-0.33
0.67
0.0
-0.33
-1.67
-0.67
2.0
0.0
-1.67
-0.33
0.33
0.33
2.67
-0.33
-2.67
-3.0
-1.33
-2.0
2.33
-0.33
-0.67
0.33
6.0
2.0
-1.0
-3.67
1.0
4.33
1.67
2.0
3.33
-4.0
-2.67
3.0
-1.33
-0.33
0.0
-2.67
1.33
0.33
-2.67
0.33
-1.0
3.33
-0.33
-3.33
6.0
5.67
0.33
2.0
0.67
-3.0
6.33
2.0
-4.33
-3.67
2.67
-1.33
-3.67
-3.67
-4.67
1.33
2.0
-3.0
8.67
-5.0
2.67
2.33
-4.33
1.33
-2.33
1.67
9.33
4.0
3.0
-3.0
1.0
3.67
5.0
-7.33
6.33
1.67
-1.0
5.67
10.67
-4.33
-3.67
-4.33
1.33
10.67
-3.0
-2.33
2.67
7.0
-4.33
-1.0
7.33
-3.0
2.33
-2.33
2.33
2.0
-1.67
4.0
-3.0
-4.33
-1.67
-4.0
0.33
0.67
7.0
-1.33
2.33
-1.33
-2.33
-0.67
-1.67
9.33
1.0
1.67
1.67
2.0
-2.33
1.67
2.0
9.0
-1.0
-1.0
-3.33
2.33
5.33
-4.67
2.33
4.33
0.67
0.67
0.33
-1.67
-1.67
5.67
9.0
9.33
-2.0
2.0
5.33
3.33
-0.67
7.0
3.33
8.0
4.0
3.33
-9.0
5.0
-7.0
0.0
-0.33
5.33
1.33
-2.0
2.33
11.67
-1.33
-0.33
4.67
0.0
0.67
3.67
1.33
-6.33
2.67
3.33
6.33
0.0
-1.0
6.67
0.33
2.67
2.67
-0.67
8.0
-2.0
1.33
3.0
2.0
-2.67
-2.67
0.33
2.33
-3.33
1.33
5.33
-5.0
2.33
0.0
-3.67
-3.0
4.0
2.0
2.0
1.33
-0.67
2.0
0.67
-2.0
-2.0
-0.33
-3.33
6.0
0.0
-2.33
8.0
-2.67
11.33
2.0
0.67
7.0
1.0
-0.67
-3.0
4.33
2.33
2.0
7.0
2.67
-1.33
-1.67
-0.33
0.67
-3.0
2.67
2.33
4.0
5.0
-1.0
-2.0
-3.0
0.67
-5.67
1.33
3.0
1.0
-3.33
8.0
0.67
-4.0
-2.67
5.0
4.0
4.67
0.0
-0.67
-4.67
7.33
2.33
2.67
0.0
0.0
4.67
5.67
3.33
-2.0
6.0
-3.33
1.0
-3.0
-0.33
1.0
-1.0
0.67
2.67
-0.33
-5.33
-4.33
0.67
2.67
10.67
2.67
-2.67
-4.0
-4.33
-0.33
7.33
4.67
9.33
-0.33
0.0
3.67
0.33
1.67
-0.67
1.0
0.33
4.33
-2.0
5.67
-0.33
2.67
2.33
3.0
-2.0
-0.33
6.0
4.33
-0.67
-7.67
1.67
-4.33
-3.33
1.33
2.0
1.67
4.0
4.33
0.0
1.0
1.67
2.0
-3.0
2.0
0.33
-3.0
3.33
0.0
-3.67
4.33
3.33
3.0
-1.33
-3.67
3.0
-0.33
1.33
-2.0
-4.33
5.67
-3.0
-0.33
2.33
-0.67
-1.67
-2.67
-4.33
-1.67
3.67
-6.33
-2.33
2.0
0.67
-5.33
4.67
7.0
0.0
-2.67
-1.33
-6.67
-2.33
-3.33
-3.67
4.67
-0.67
2.67
0.33
-2.0
0.67
3.67
8.33
4.0
3.33
-6.33
-0.67
1.33
-3.33
-3.0
1.33
0.33
0.0
0.33
4.67
-1.0
2.33
4.67
4.0
1.0
5.0
-0.33
-2.0
-4.33
-1.33
-1.0
-0.33
-4.0
-0.67
3.0
-3.33
-2.33
1.33
-5.33
0.0
-4.0
-1.67
2.0
-3.33
-1.67
-1.67
-0.33
1.67
0.67
6.33
2.0
0.33
4.33
-7.33
0.0
2.67
-6.0
1.0
0.33
0.0
-5.0
-0.67
-2.33
0.33
0.67
4.67
-1.0
0.0
-0.33
-0.33
-3.0
-2.33
-3.67
-1.33
1.33
-0.67
-3.67
1.67
-0.33
-1.33
-0.33
-3.0
1.67
1.0
-2.33
-3.0
-2.33
0.0
0.0
-1.67
4.67
-0.67
5.0
3.33
1.33
2.0
0.0
3.33
5.67
2.67
-0.67
-3.0
3.33
-2.0
-1.33
-2.33
0.0
2.33
-1.0
-3.0
2.0
-2.0
1.0
1.33
-2.0
1.67
-3.67
3.0
4.0
-4.33
-5.33
1.33
-0.67
-2.0
-1.67
-1.33
0.33
-0.67
1.0
-0.33
9.33
-3.33
-3.0
-0.67
-1.0
-6.0
-2.0
-1.0
-5.0
4.0
-1.33
-1.33
1.0
0.33
3.67
-2.0
-0.33
0.67
-4.0
-2.0
-2.67
0.67
-1.0
0.0
1.67
-0.67
3.67
4.0
-3.33
5.33
-0.67
1.0
-4.0
-2.33
-2.33
-1.0
0.0
-2.0
2.33
6.67
4.0
-4.0
-0.33
-4.0
0.67
1.67
-1.33
-1.0
2.67
5.67
0.33
3.33
-1.0
2.0
0.67
-2.0
-4.67
1.0
-0.67
5.33
-1.67
-4.67
-7.33
-5.0
1.67
6.0
-4.33
-2.67
1.67
-0.33
-4.33
1.67
0.33
3.33
1.0
-1.33
-3.33
1.33
-3.33
-1.67
-0.33
-5.67
2.33
2.0
-1.0
8.67
0.67
0.33
-2.67
-3.33
-0.33
-4.0
5.33
1.33
-2.0
-2.67
-2.33
-5.0
3.0
-4.33
4.0
-2.33
-2.67
0.67
4.67
0.67
-3.67
1.0
-4.67
-3.0
3.0
-2.33
0.33
-4.0
1.67
-1.67
-7.0
3.67
5.0
-3.33
1.33
-5.0
4.0
-2.67
0.33
-2.0
1.33
1.67
-2.0
-2.67
0.0
-6.0
-4.33
-2.0
-3.0
-0.33
2.33
9.33
0.0
-2.67
-3.0
1.67
5.0
-3.67
-3.33
3.0
-7.33
1.33
-4.67
-4.33
2.0
1.0
-3.33
3.0
0.67
0.67
-1.67
-3.33
-4.33
-3.33
-3.0
-1.0
-0.33
-3.0
-2.33
2.33
0.67
-2.67
-3.0
0.67
3.33
-4.33
-0.67
-3.33
-5.67
-1.0
-3.0
-1.67
-2.33
-2.0
-9.33
2.0
-2.33
-5.0
0.67
-3.0
0.33
-2.67
6.33
1.0
-2.0
3.0
1.33
3.33
-0.67
-6.0
6.0
0.67
-2.67
-3.33
5.0
0.33
-0.33
-4.33
-0.67
2.0
-2.33
-0.67
3.0
-4.33
4.0
-2.33
-7.33
4.33
-7.0
9.33
-8.0
-1.67
2.0
-2.67
2.0
-1.33
-1.67
-0.67
1.0
-4.33
-0.67
1.33
-1.67
1.0
7.0
-2.33
-0.67
2.33
-10.33
-7.33
-2.67
-3.67
0.33
-8.33
-6.33
1.67
-4.33
-6.0
-1.67
-3.0
2.0
1.67
-7.0
5.0
-5.67
-2.67
2.0
4.33
-3.0
-3.0
-4.0
-4.67
-6.33
-4.33
-5.33
-3.33
-8.0
0.67
1.33
-5.67
0.0
0.33
-1.0
-2.0
-2.0
-9.0
0.67
-1.33
-5.33
5.0
-2.67
-7.67
-5.0
-6.33
2.33
-4.67
3.67
-0.33
1.67
-2.33
5.33
-0.33
-0.33
-4.67
-2.33
-1.33
-1.0
4.0
4.67
-3.0
1.67
0.0
8.0
-2.0
2.0
1.33
5.33
5.67
-7.67
3.33
2.67
-6.33
-5.33
0.0
-0.67
-5.33
-5.0
5.33
-9.0
2.67
-1.0
2.0
0.0
-10.0
0.0
-4.33
-5.33
-10.33
-3.67
-0.33
-2.0
5.33
-2.0
1.67
7.0
-2.0
5.33
2.33
-3.0
4.33
7.0
4.67
-1.33
-4.67
-4.33
1.0
-13.67
2.0
-6.67
-7.67
-2.33
0.33
-3.33
-2.0
13.67
6.0
-1.0
-3.67
-3.33
3.67
9.0
2.0
6.67
3.67
1.67
-0.67
-7.33
3.33
1.0
0.33
-0.67
-7.0
5.33
-0.67
-1.67
-1.33
4.33
6.67
6.33
-0.67
3.0
0.0
7.0
1.67
-6.33
-0.33
5.67
4.0
7.67
-3.33
-5.33
12.33
-2.67
-3.0
2.0
6.33
3.33
0.33
10.33
-4.67
0.67
6.67
-2.33
9.33
2.33
2.33
1.33
7.0
-3.67
9.33
5.33
7.0
9.67
0.0
4.67
6.0
6.33
-2.0
8.0
3.33
11.67
-3.67
10.0
2.0
3.67
12.33
5.67
7.67
14.67
9.0
8.67
14.67
12.67
14.33
13.0
16.33
18.67
29.0
28.33
16.67
16.0
34.0
24.67
18.33
24.67
14.0
16.0
31.0
17.33
30.33
31.33
14.67
28.0
10.0
22.33
22.67
18.67
19.67
14.0
12.67
17.0
15.67
11.33
7.0
5.67
2.33
0.33
2.0
7.67
9.0
6.67
9.33
11.0
-7.67
0.67
1.33
7.67
5.33
7.0
2.67
-7.0
9.0
5.0
11.0
5.0
0.67
0.0
-6.67
8.67
13.33
2.0
-1.0
10.67
5.33
2.67
9.33
-2.0
-0.67
12.67
7.67
1.0
1.67
7.0
0.0
16.0
-2.67
1.0
-1.67
1.33
3.67
-1.0
2.67
-4.33
10.0
7.33
5.0
6.33
0.33
3.0
16.33
6.33
5.33
-0.67
-0.67
5.33
-1.0
5.0
2.67
2.0
2.0
0.0
2.0
6.67
12.67
3.33
1.0
-3.0
6.0
2.0
5.67
-3.67
2.33
7.0
0.0
5.33
2.67
5.33
2.0
-2.0
7.67
1.33
12.67
-8.67
11.0
2.67
-2.67
4.67
6.33
2.0
-2.67
-6.67
8.33
10.67
5.33
2.0
4.67
4.33
1.67
3.67
2.33
0.33
6.0
-0.67
9.67
4.33
-4.0
10.0
3.67
4.0
13.0
3.33
5.33
7.67
-5.33
9.67
1.33
3.0
-4.33
-2.67
-1.0
-4.0
14.67
-2.0
-7.0
-7.0
-7.0
-3.33
0.67
3.33
1.33
-1.67
-7.33
6.67
2.33
2.67
10.67
7.67
5.33
6.67
7.33
7.33
-1.67
7.67
-2.33
1.67
9.0
2.0
6.33
7.67
2.33
9.0
-2.0
-4.33
5.0
6.0
2.33
9.67
-1.0
-2.67
0.67
4.67
2.33
3.33
8.33
2.33
3.33
4.0
0.67
7.33
-1.33
3.33
8.67
-2.67
6.67
3.0
13.67
0.0
0.33
10.33
-1.33
-2.33
-0.33
3.0
2.33
-4.67
-0.67
5.0
10.0
9.0
5.33
12.33
3.67
2.67
-0.67
1.0
-2.67
-1.33
8.33
6.0
-0.67
10.0
0.67
-6.0
20.67
-3.33
4.0
0.33
0.0
-1.33
-1.67
7.0
7.33
6.0
12.0
1.67
0.33
5.67
-1.0
4.0
12.0
-3.0
6.67
7.33
6.0
3.33
0.33
8.33
20.67
4.33
13.33
17.67
8.67
13.0
10.0
23.67
21.0
27.67
40.67
45.67
36.0
77.33
77.33
83.33
78.0
89.33
112.67
105.0
111.67
104.33
140.0
169.33
151.0
157.0
166.0
168.0
166.67
189.0
143.0
175.0
162.0
176.0
140.67
161.67
166.33
140.0
115.33
126.0
118.67
97.0
99.33
82.67
91.33
73.0
73.0
52.67
32.67
28.67
23.67
37.33
20.33
6.67
13.33
7.33
2.33
9.67
2.33
7.33
10.0
-0.33
5.0
5.67
2.67
3.0
2.67
0.0
4.67
15.0
7.33
4.67
-6.67
-0.67
-2.33
11.67
10.33
4.33
10.33
6.33
-1.0
-4.0
16.67
5.0
2.33
7.0
6.33
-3.33
2.0
-1.0
-1.0
3.0
0.0
10.33
2.33
-5.67
8.33
9.33
-2.33
3.33
-1.33
13.0
1.0
11.67
8.0
12.33
2.33
7.67
0.0
7.67
10.67
9.67
-7.67
12.0
5.0
1.0
19.33
15.67
18.0
0.33
4.33
17.0
4.33
2.33
10.0
9.67
5.33
-4.67
6.33
16.33
-6.33
9.67
9.33
13.33
-0.67
5.67
2.0
12.67
-8.33
7.0
3.0
16.0
0.67
16.33
9.0
6.33
-2.33
-0.67
6.0
14.67
4.33
-1.33
1.67
-1.0
-4.67
1.67
-1.0
5.0
17.0
6.33
-7.33
1.0
2.33
3.33
-4.0
7.33
9.0
2.0
9.67
1.0
6.33
4.0
11.0
-5.33
-0.67
-4.33
6.33
-1.0
4.0
8.0
5.33
11.67
0.33
-1.33
4.67
-7.33
5.33
1.67
10.0
4.0
4.67
1.33
12.67
3.33
5.67
7.33
5.33
18.67
0.33
-2.0
8.0
-2.33
-3.0
16.0
4.33
1.33
11.0
8.33
-0.33
13.67
3.0
0.67
0.33
-3.67
11.33
5.67
-1.0
13.33
3.0
0.0
6.67
7.0
0.67
1.33
6.33
7.33
-1.0
2.0
10.0
-4.33
-2.67
-4.33
5.0
0.67
3.33
-6.33
7.33
5.0
2.33
3.67
7.0
12.0
8.0
6.0
-5.0
7.33
-5.33
5.67
1.0
3.67
-12.0
3.33
0.67
-3.33
8.33
-0.67
-1.33
-4.67
10.33
15.0
-0.33
-6.33
-12.0
11.0
6.33
-5.67
-18.0
3.0
2.33
3.33
2.33
7.0
-5.0
-2.33
1.67
-2.0
9.33
1.0
-7.0
1.33
9.33
12.33
5.0
7.33
12.67
6.67
2.33
14.67
10.67
8.0
10.67
-2.0
2.0
2.0
1.0
4.33
6.0
3.0
3.67
6.0
10.33
-2.67
7.33
1.33
4.67
-1.33
0.33
-2.0
6.0
-1.67
7.0
0.67
6.0
3.33
7.67
4.33
-1.67
21.67
11.67
7.0
4.67
-9.67
6.0
19.0
-1.0
11.67
17.67
10.67
4.33
16.33
5.0
-1.33
10.33
-6.33
6.67
3.33
-4.0
15.33
5.67
4.0
0.67
0.33
-2.33
5.33
1.33
-0.33
10.67
5.67
-3.33
10.0
-5.67
-1.33
9.33
5.33
-2.67
11.0
12.0
1.0
9.67
-2.0
0.67
1.67
3.33
8.33
-9.67
3.33
-4.33
7.67
-7.0
7.0
-1.0
1.33
2.0
-1.33
2.33
4.67
13.67
11.33
1.67
10.33
1.0
14.0
6.0
12.0
-5.0
-2.67
7.0
-3.33
-1.67
-4.33
-14.0
5.67
-8.0
-2.33
-6.0
2.67
11.33
1.33
1.67
-2.0
-2.0
3.33
4.33
-7.33
-1.33
4.67
12.0
-7.33
1.67
-5.0
8.67
4.0
7.0
1.33
10.0
3.33
5.67
15.33
6.33
2.33
4.0
9.67
7.0
1.0
4.0
0.0
-6.67
-0.33
5.67
-3.0
0.67
3.67
1.67
-3.33
6.67
-0.33
1.0
4.67
5.33
3.67
10.67
-1.67
13.0
6.67
-4.67
7.0
2.67
6.33
3.67
12.67
-3.67
18.0
1.67
5.0
5.0
10.33
-2.0
0.67
-13.33
-0.67
1.67
0.67
10.0
9.0
14.33
-2.33
8.33
8.33
9.0
-3.33
14.0
-8.67
5.33
9.33
-8.0
6.67
-7.33
4.33
8.67
1.0
6.67
8.67
-0.33
3.33
-6.67
2.33
2.33
9.0
9.33
4.0
-9.67
1.0
-1.0
-6.0
8.67
6.67
-1.0
2.33
6.33
2.0
4.67
7.33
3.33
-1.33
4.0
-3.0
7.0
-2.0
-4.0
-7.0
1.33
-4.67
-4.0
1.0
-0.67
3.67
0.0
8.67
-5.67
-9.67
4.33
3.67
2.0
-2.33
5.33
5.67
0.33
4.0
-1.67
6.67
6.33
0.67
2.67
9.0
-2.67
-1.33
-9.67
-2.67
2.67
9.33
-1.0
-3.0
1.0
4.67
6.0
6.33
-1.33
6.33
3.0
-0.33
-4.33
3.33
-1.0
0.67
-1.0
-2.67
-0.33
9.33
3.67
4.67
1.67
2.0
-12.0
4.33
0.33
-5.33
-8.33
2.33
-6.0
3.33
7.33
4.33
5.0
1.67
-1.0
7.0
4.0
3.0
-6.0
4.67
2.67
-6.33
1.33
3.67
-4.67
-1.67
-1.0
-6.0
-1.33
-1.33
3.33
-0.67
-2.67
5.33
-5.67
-6.67
-10.33
0.67
-0.33
7.33
0.33
2.0
-0.67
10.33
-4.33
5.0
4.0
2.67
2.0
1.33
3.67
1.33
1.67
2.0
3.0
2.0
3.33
7.0
-0.33
3.0
7.67
8.33
10.33
-6.33
-1.67
1.67
-0.67
5.0
3.33
6.0
0.0
1.0
-0.33
2.0
0.67
0.33
4.33
-1.0
0.33
-1.0
2.67
-6.0
2.0
4.67
5.67
-2.67
2.33
2.0
3.67
3.67
7.67
-1.33
-4.33
0.67
0.33
4.0
-3.33
8.33
4.33
-3.67
6.0
-0.33
-2.67
3.67
3.33
-3.33
0.33
6.0
-6.0
-4.0
-0.67
3.33
2.0
0.0
4.67
-1.67
-2.67
0.67
-4.33
-2.0
5.67
4.0
4.67
-7.67
-0.33
2.0
-4.33
-0.67
2.0
-3.67
-2.67
-1.0
1.67
-2.33
0.33
1.0
3.33
-1.33
-0.33
-0.67
3.33
-3.33
3.33
-3.33
-5.67
-4.0
5.0
-1.33
-0.67
1.67
2.0
-4.33
-3.33
2.33
4.67
7.0
3.33
6.0
1.0
2.33
-1.0
-1.0
-5.33
1.33
1.0
0.33
2.33
3.0
2.33
2.0
0.67
-3.67
0.0
0.33
-2.0
-2.67
-1.67
7.33
1.67
8.33
-0.33
3.67
5.33
-2.33
-2.0
-1.33
-3.0
6.0
2.0
-1.33
2.33
-0.67
-3.33
-0.33
2.0
-0.67
-1.33
-0.33
-1.67
3.67
1.33
1.0
