0.0
-50.33
-2.33
77.67
83.33
-50.67
-20.33
39.33
112.33
86.33
-53.67
49.33
58.33
-48.33
65.67
10.67
-14.0
10.67
48.33
11.33
-14.0
-24.33
32.67
10.33
29.0
-20.67
18.67
-4.67
-5.0
10.0
6.67
2.67
0.67
-1.33
2.33
-0.33
-0.33
-0.67
1.33
0.67
0.0
1.0
-0.67
1.67
0.33
0.0
0.33
-0.33
-0.67
0.0
-1.0
-0.33
-0.33
1.0
0.0
-0.33
0.0
0.0
0.67
1.0
-0.67
-0.67
0.0
0.33
0.67
-1.33
-0.33
0.67
-1.0
-0.33
0.0
0.0
0.67
-0.67
1.0
-0.67
0.0
-0.67
-0.33
0.67
1.0
0.0
0.0
0.33
1.0
0.33
-1.33
1.0
-1.0
1.33
0.33
1.67
0.33
1.67
-1.0
-3.33
-0.33
2.0
-0.33
0.67
1.33
1.0
-1.67
1.67
-0.33
1.67
0.0
0.67
1.33
-0.67
-1.0
3.0
0.33
1.67
-0.67
4.33
0.67
0.67
-0.67
1.0
-1.33
1.0
0.33
-0.33
-1.67
4.33
-4.0
2.0
-1.0
0.33
7.0
2.33
0.67
3.0
3.33
-1.0
4.33
5.0
2.67
4.67
-1.0
3.33
-7.67
0.33
-2.67
4.33
4.0
2.33
4.67
-2.33
7.0
4.67
5.33
3.0
3.67
-3.0
2.33
-1.0
6.67
-1.67
-3.33
1.67
-0.67
1.33
-0.67
5.33
0.0
0.0
5.67
-2.0
2.67
0.33
2.67
8.33
3.67
7.67
-2.67
8.0
10.0
-3.0
-1.0
0.67
1.0
2.67
6.33
-8.33
-5.0
4.67
4.67
0.67
-3.67
4.67
6.33
-1.33
5.0
7.67
1.67
3.0
-5.33
1.0
8.33
-2.0
-3.67
2.67
3.33
0.0
4.33
-2.0
5.0
5.67
6.33
5.0
12.33
6.67
-1.0
0.67
4.33
4.67
6.67
0.33
3.33
0.33
5.0
-0.33
-3.33
-2.0
-1.33
1.67
4.0
1.0
4.0
-2.0
-0.33
2.33
4.33
4.33
0.33
5.33
13.67
3.67
5.33
5.33
11.33
-0.33
-3.0
4.33
0.0
5.0
1.33
7.33
3.33
2.0
7.33
-1.0
3.0
7.33
-1.0
3.0
-2.0
5.0
-0.33
7.33
6.33
9.0
6.33
3.67
3.67
2.67
8.67
2.0
5.67
-0.33
0.33
-3.33
0.67
1.33
6.33
1.0
5.0
-1.33
0.33
7.67
4.67
1.33
4.0
1.0
2.33
7.0
8.0
-1.67
9.33
8.33
2.33
3.67
6.33
5.33
8.0
-0.67
0.0
-5.67
-3.0
5.0
5.0
2.0
3.33
0.33
2.0
4.67
1.0
-4.0
3.67
0.67
9.0
1.0
0.67
1.0
2.33
-0.67
3.0
-0.33
8.0
1.0
2.33
-3.0
0.33
6.33
7.0
2.0
3.67
0.67
2.33
-2.33
-1.33
3.0
1.67
-2.67
-1.0
0.0
5.0
4.0
-1.0
4.67
-5.67
6.33
1.0
1.0
1.67
5.0
7.67
-2.0
0.33
-7.0
-1.0
5.67
6.0
-3.67
1.33
1.33
1.33
3.67
0.0
5.0
3.67
5.67
6.33
-2.0
8.0
-2.33
1.0
1.0
5.67
11.0
-2.0
5.67
-1.33
6.67
2.67
-0.33
0.67
2.67
0.67
7.67
10.33
-6.0
2.67
6.67
5.33
2.67
7.33
3.67
3.0
-2.33
2.33
3.67
-0.67
-1.0
6.33
0.33
0.0
6.67
0.67
3.67
2.33
2.0
0.0
0.67
-2.0
-0.67
-0.67
2.33
5.67
-1.33
-4.33
6.33
3.0
-0.33
2.0
-6.67
4.0
2.0
-4.33
1.0
3.0
4.0
1.33
-5.0
1.33
4.0
-2.67
1.33
3.33
-1.0
2.67
0.33
4.0
8.67
2.33
4.0
-1.33
3.67
5.0
0.67
3.33
-3.67
0.33
3.33
-1.33
0.33
-0.33
-6.33
2.67
8.0
-3.33
-5.33
1.67
6.0
2.0
-1.67
-2.33
-1.67
1.67
0.67
-3.67
1.67
0.33
4.67
6.33
8.0
5.67
0.67
1.33
5.0
-0.67
-3.33
-2.67
1.33
3.67
1.0
4.33
3.33
1.0
-2.67
4.67
2.0
-0.67
2.67
-4.0
-2.0
5.0
-1.33
0.0
1.67
-4.33
-1.0
0.67
2.0
0.33
0.0
1.67
-1.33
2.33
-3.33
5.0
-2.0
3.33
5.0
-4.33
6.33
-1.67
-0.33
-1.33
0.67
1.33
-2.0
3.33
4.33
-4.33
0.0
5.67
2.0
4.0
-3.67
-1.0
-4.0
-2.67
-2.33
-0.67
4.67
5.67
-3.0
3.0
1.67
2.67
-5.0
-2.33
4.33
0.67
-0.67
-0.67
5.33
2.67
-0.33
0.67
0.67
2.0
1.67
0.0
4.67
-3.0
-1.33
3.0
1.0
5.33
2.67
5.33
1.0
2.33
2.33
8.0
-2.0
-1.67
2.67
2.67
1.33
1.0
3.33
-4.0
1.67
2.67
1.0
7.33
4.0
6.0
0.0
1.0
3.0
1.33
1.0
-1.33
0.33
-2.0
2.0
1.67
-1.33
4.33
1.33
-1.0
-2.67
2.67
1.33
4.33
2.0
-0.33
5.33
-0.33
2.0
1.33
-3.0
1.0
2.0
1.0
1.0
1.0
2.67
0.67
3.0
0.33
0.67
1.0
4.67
-0.33
-6.0
-1.0
-3.67
0.67
2.0
2.0
2.67
1.33
-1.33
1.0
-3.33
-0.67
2.33
-3.0
-4.0
-0.33
-0.33
4.0
-3.0
-1.0
3.33
-0.33
5.0
-1.0
5.67
1.0
0.67
6.67
-4.33
2.0
5.67
-3.33
1.33
0.33
-1.0
1.0
-1.33
-5.0
-5.67
-2.0
2.33
1.33
-0.67
-1.67
-3.33
-7.0
-2.33
1.0
-5.33
-1.67
4.67
-0.33
-2.33
-3.33
2.33
-0.67
0.0
6.67
-1.33
-0.67
-6.33
2.33
0.67
-3.67
1.33
-1.0
-1.0
-0.33
3.67
0.33
-3.67
-4.33
2.67
-6.0
-1.67
-5.67
0.0
0.33
-1.33
-3.0
-2.0
-1.33
1.0
-2.33
0.33
0.67
0.67
-2.33
1.33
-2.0
-2.67
-3.0
-2.0
-2.33
-3.67
2.0
1.67
-1.67
-5.0
3.67
-3.0
1.67
5.33
-1.0
-7.0
-0.67
1.33
-3.0
-0.67
-0.33
-5.0
0.33
-2.0
-3.0
-5.33
-2.0
3.0
-0.33
-0.67
6.33
-3.0
3.33
-6.0
-0.33
4.0
4.33
2.67
-1.0
-0.33
4.33
-1.67
-1.33
-1.0
0.0
-2.33
1.0
0.67
-3.33
0.33
-2.33
-3.33
-3.33
1.0
2.0
7.67
2.0
-1.33
1.33
-5.33
-2.67
1.0
0.67
2.33
9.67
1.33
-1.33
-5.67
1.0
1.0
-6.67
-9.33
-3.0
-2.33
2.0
-0.33
0.0
-3.33
4.0
2.33
-0.67
1.33
3.0
1.0
-1.0
-3.67
2.33
2.33
-3.0
2.0
8.67
-1.67
2.67
1.0
-1.67
0.67
-2.33
2.33
-5.0
1.67
4.33
15.0
1.67
11.0
7.67
15.67
13.33
4.0
7.33
33.0
23.33
13.0
21.33
22.0
20.67
20.33
25.33
20.0
21.67
16.33
5.33
11.33
11.0
16.0
2.67
5.33
3.33
2.67
10.67
-0.67
6.33
3.33
-0.33
-1.33
-3.33
1.67
-3.0
0.33
0.0
-3.0
0.67
1.0
0.0
-9.67
-2.67
0.0
4.33
-5.0
5.0
-1.0
-1.67
-6.33
5.67
-1.33
-1.33
-3.0
-3.33
-5.67
-3.67
0.0
-4.67
8.0
-3.0
-9.0
-2.0
-1.33
-6.33
-5.33
2.0
-0.67
-2.67
-6.0
-6.33
-6.67
-5.67
-2.33
-3.33
-0.33
-1.33
-0.67
-2.33
-3.33
0.33
8.67
-7.33
1.0
1.0
-4.33
-6.0
-6.33
5.0
2.0
-4.0
-7.0
-4.67
-2.67
-2.33
-0.67
1.33
-2.33
-1.33
-5.33
1.0
-5.67
-6.33
3.0
1.33
2.0
-1.33
-2.0
-1.0
4.0
-3.0
2.0
-2.33
-1.33
0.67
-1.67
-4.33
-1.0
1.33
-2.0
1.67
-1.0
-9.0
-8.67
-1.67
2.0
2.33
3.0
4.67
-3.33
0.33
-4.33
-4.0
-4.67
-7.0
1.33
-3.67
-10.33
1.33
2.67
1.0
9.67
-4.0
1.0
1.33
-10.33
-9.33
1.0
-3.0
-5.33
1.67
-3.33
-5.67
-3.33
2.33
5.0
1.33
-2.67
-4.0
-4.67
-3.67
0.33
0.67
3.33
5.67
-5.67
-1.67
2.0
-1.0
-4.0
5.67
2.67
8.67
-1.33
7.0
1.67
-5.33
-11.33
1.33
0.33
-2.0
-2.0
-3.67
0.33
1.33
1.33
-2.67
3.67
-2.33
-3.33
2.33
-7.67
0.33
4.33
4.0
2.33
2.33
5.33
-5.0
-0.33
1.0
9.67
4.0
3.33
0.0
3.0
0.33
5.67
-2.67
-2.0
4.0
-18.33
-4.67
-2.33
5.67
-3.33
3.0
3.67
2.67
8.67
11.33
10.0
17.33
11.67
5.0
13.33
11.67
7.0
14.0
7.67
17.33
10.67
6.0
10.0
19.0
13.33
7.33
9.33
12.67
2.0
22.0
15.33
16.67
10.67
10.67
23.0
0.67
-4.0
-0.33
9.33
4.0
3.67
-3.67
-2.67
-3.0
5.67
2.0
0.67
1.33
6.0
7.33
5.67
0.33
8.67
4.33
2.0
3.67
3.0
3.0
2.0
4.0
4.0
-6.33
-3.0
2.33
3.67
8.33
5.0
7.0
11.67
6.33
6.67
8.33
10.0
8.33
8.67
8.67
14.0
6.67
-1.0
9.0
5.0
0.33
9.0
5.33
2.33
-0.33
14.0
1.67
-1.33
10.0
-0.67
15.0
8.33
-2.67
-1.0
10.33
6.33
-0.67
0.33
2.33
8.33
5.0
11.0
4.67
7.0
6.0
1.0
0.0
1.67
10.67
11.33
6.0
5.0
8.0
5.0
10.67
4.33
9.33
6.0
7.0
3.33
-0.33
-3.67
14.0
6.0
6.67
3.33
5.67
-2.67
12.0
16.67
7.33
10.67
5.33
9.0
10.33
17.33
12.33
6.67
7.33
15.0
11.67
7.33
9.67
15.67
5.33
6.33
8.0
19.33
3.67
5.33
-2.0
23.0
4.67
6.0
19.0
9.33
9.33
5.67
7.67
17.67
9.33
8.0
1.67
11.33
13.0
9.0
10.67
6.0
6.0
7.0
0.0
13.67
8.67
-3.67
15.33
-4.67
5.67
7.67
6.33
14.67
13.67
1.67
12.33
4.67
-0.67
11.33
3.33
5.67
-3.33
10.67
5.0
6.0
12.33
8.67
17.33
7.0
0.0
17.67
12.0
10.0
1.33
10.67
6.0
5.33
8.67
7.67
2.33
-5.67
10.33
7.33
5.33
8.0
10.67
6.33
10.67
9.33
6.67
3.33
6.67
11.0
9.67
4.0
10.33
9.33
9.67
8.67
9.67
5.0
11.33
10.33
2.33
17.0
12.0
13.0
8.33
11.33
13.67
11.67
11.33
6.0
5.33
1.67
11.33
3.0
5.33
7.0
11.67
3.0
13.67
5.67
14.0
4.33
20.0
9.67
10.33
8.0
11.33
5.0
22.0
13.67
6.33
16.67
15.0
9.0
21.0
22.0
21.67
15.33
12.0
14.33
22.33
7.33
17.67
25.33
28.33
23.67
10.67
23.0
14.0
29.67
29.0
34.67
27.67
33.67
27.0
36.33
41.33
42.33
27.0
37.33
48.67
40.0
77.67
44.33
68.0
90.33
66.0
80.0
78.0
97.0
92.67
96.0
86.0
80.0
82.0
84.0
69.67
75.67
92.33
93.0
58.33
77.0
57.67
47.0
50.33
65.67
41.33
21.0
41.0
31.67
22.67
13.67
20.67
16.33
24.33
11.67
19.33
17.33
21.33
18.67
10.33
3.33
2.0
2.67
14.0
5.67
9.67
3.0
-2.33
10.0
9.67
11.0
13.33
9.67
17.33
6.33
-0.33
18.67
8.33
10.33
11.33
11.33
10.0
15.0
6.67
9.0
3.33
9.0
7.33
9.67
4.0
16.0
2.0
7.0
3.0
21.33
18.33
-0.67
10.33
17.33
8.67
3.33
5.67
19.0
-7.0
22.67
11.0
15.33
1.33
9.67
2.0
10.67
9.67
9.67
10.33
7.0
6.0
20.0
12.33
14.67
11.0
18.33
5.33
10.0
6.33
3.33
12.0
8.67
14.33
12.33
-0.67
14.33
11.67
17.67
15.33
13.33
-0.67
8.67
5.0
0.67
2.67
-1.0
16.0
-2.0
1.67
27.33
13.0
7.33
3.67
11.33
-3.0
13.67
17.33
12.67
18.67
1.0
5.33
13.67
1.0
10.0
5.0
-1.67
6.67
0.0
14.33
6.33
4.0
4.33
14.0
4.0
17.67
12.0
4.33
15.0
8.0
1.67
6.33
1.67
5.33
16.0
24.0
11.0
2.33
6.67
14.33
11.67
9.67
-7.33
10.33
7.67
6.0
13.0
0.67
12.33
0.67
11.33
11.67
16.33
13.33
23.67
4.33
4.0
8.0
1.67
15.0
12.0
-5.67
1.33
12.0
0.33
9.67
26.67
8.0
7.67
6.33
12.33
0.33
14.67
14.0
4.33
11.0
13.0
14.67
26.0
26.67
14.33
18.33
19.33
23.0
8.0
33.0
26.67
22.33
31.67
13.0
16.67
16.33
26.67
40.33
28.0
29.33
38.67
23.0
29.0
24.0
28.0
17.0
21.33
23.67
34.67
15.0
22.67
15.0
21.33
18.67
7.67
6.33
16.33
1.67
6.33
0.33
14.0
-0.33
-7.33
11.0
13.0
9.33
7.33
5.0
-4.0
2.33
14.33
5.33
21.0
7.0
9.67
0.67
8.0
1.33
6.0
7.0
9.33
13.33
8.33
13.0
5.33
8.67
11.67
-0.67
-2.33
13.67
15.0
4.67
-5.0
19.0
-7.0
14.0
14.33
2.0
0.0
10.67
7.0
9.33
8.33
5.33
13.33
2.67
4.67
3.33
17.0
15.0
-7.67
11.0
7.67
-1.0
14.33
-0.33
8.33
12.33
28.67
-4.33
15.0
0.67
3.33
3.0
6.0
10.0
13.67
17.67
-0.33
7.33
9.33
13.0
5.67
5.33
8.67
-1.33
3.33
3.0
20.33
2.67
15.0
2.67
10.33
-0.33
0.33
-7.67
2.67
7.67
4.67
-0.33
1.0
13.33
3.67
-10.67
14.33
11.33
5.0
6.0
2.0
4.67
5.0
4.67
2.67
-0.67
8.33
-1.67
2.33
-5.33
5.67
3.0
10.0
1.0
-3.67
2.0
7.67
2.33
9.67
6.67
-0.67
-2.33
9.33
17.0
9.0
16.0
6.0
-7.0
-3.67
1.0
3.67
10.33
2.67
3.0
9.67
-2.0
-5.33
3.0
-5.33
-2.67
-3.67
4.67
-2.0
5.0
3.33
6.33
-2.33
-2.33
2.67
0.0
-7.33
-5.33
4.0
3.67
0.0
1.0
9.33
1.0
1.33
7.67
1.33
6.33
-0.67
2.0
7.67
8.0
4.0
-4.0
9.0
6.33
-3.33
-3.33
2.0
2.67
4.67
5.67
0.67
0.67
11.67
4.0
0.67
2.33
4.67
10.67
12.33
5.0
13.67
-0.67
15.0
-2.33
3.33
18.67
6.67
10.33
15.0
12.67
1.0
3.0
10.33
-4.0
4.67
0.67
4.33
-4.33
-0.33
0.0
5.0
6.33
7.67
11.33
14.33
4.0
-7.33
6.0
-5.67
8.33
-0.67
3.0
10.67
0.67
2.33
10.67
4.0
9.67
1.67
3.67
9.33
-0.67
-3.67
12.33
-6.0
10.33
1.0
-6.67
2.0
4.0
2.0
4.67
-1.33
0.0
1.33
5.33
-4.0
-2.33
-2.67
5.33
2.67
-4.0
1.0
6.0
3.0
4.0
-7.0
11.33
4.33
-7.0
-1.0
6.33
-0.33
1.0
2.67
0.33
-11.67
2.33
7.67
2.0
5.67
5.33
4.67
-8.67
5.0
8.33
2.67
10.33
0.67
4.67
3.0
11.33
-4.33
-8.67
-1.67
-1.33
9.33
-2.0
6.0
9.0
5.67
-2.0
1.33
-3.33
2.33
10.0
0.67
-0.33
9.33
6.0
-2.33
-3.0
2.33
-0.33
5.33
-0.33
6.67
11.67
0.0
3.0
2.33
0.33
-1.33
-4.33
10.33
5.0
7.33
-0.67
5.33
1.0
2.67
-2.0
5.0
1.0
10.0
-5.0
5.67
-2.33
3.67
-1.67
5.67
-1.67
5.33
6.0
1.0
-1.33
-1.33
7.33
4.33
0.33
6.33
-4.67
10.33
-6.33
-1.33
-4.33
0.33
0.33
2.0
-4.67
1.33
5.67
7.0
1.0
3.67
6.0
3.33
8.67
1.33
-0.33
3.0
8.0
8.0
-1.67
6.0
6.67
-1.0
4.67
7.33
5.33
-11.33
3.33
2.67
4.33
-1.0
-1.67
8.0
-4.0
9.0
-0.33
5.0
4.67
2.33
8.33
2.0
-2.67
0.0
-0.33
-4.0
0.0
3.67
0.67
4.33
3.33
4.0
-2.33
3.67
6.67
-1.33
5.67
-3.33
-5.67
8.0
1.67
7.33
9.33
-0.67
4.0
-1.33
-6.67
5.67
3.33
3.67
-0.67
6.0
-2.0
-2.0
2.33
4.33
3.0
-1.0
4.67
12.33
4.33
-4.33
0.67
-2.0
2.67
2.0
-0.33
0.33
-0.33
11.0
3.67
1.33
-1.0
4.33
6.33
5.0
3.67
2.67
2.33
8.0
-1.67
9.67
1.67
2.33
1.33
-0.33
3.33
5.67
-2.67
4.0
6.0
7.67
8.33
0.67
2.0
3.67
-5.33
2.33
5.67
4.0
3.33
-1.0
2.0
5.33
-2.0
-2.0
-1.33
10.33
2.0
5.33
6.33
6.0
0.33
10.0
4.67
3.33
1.0
-2.67
3.0
-4.67
2.33
7.33
3.67
-1.67
-1.33
-4.33
8.33
0.67
4.0
2.67
-1.0
-1.0
7.0
0.67
-0.67
0.33
4.67
1.67
5.0
3.33
5.67
-0.33
-2.67
4.67
5.33
-1.0
