0.0
17.67
16.67
-65.33
-70.67
-70.67
-90.33
80.33
-61.67
3.33
-22.67
21.33
19.33
6.67
50.67
1.67
-50.0
-7.33
-28.67
-28.67
-17.0
4.67
24.67
-7.67
-6.0
-14.67
-2.33
-9.67
3.0
6.0
8.67
11.67
1.67
-4.33
-3.67
0.67
-1.33
0.33
-2.67
-0.33
0.0
-1.0
0.33
-0.33
0.33
0.0
-0.67
-0.33
-0.67
1.0
0.0
-0.33
1.67
2.0
1.0
-0.33
1.0
1.0
-0.33
1.0
-0.67
-0.67
2.0
-0.67
1.67
-0.33
-0.33
0.67
0.0
-0.33
0.0
0.0
-0.33
-0.67
0.0
-0.67
-1.0
-0.67
0.67
1.67
0.0
-1.0
1.0
-0.67
-1.0
-0.67
-0.33
1.0
-1.0
1.33
-0.67
-1.33
5.33
2.67
0.0
-2.33
-0.33
0.0
-1.33
-1.33
1.33
2.0
-1.67
1.67
0.67
-1.33
1.0
1.67
-0.67
-0.67
3.0
0.0
-0.67
-1.33
-0.67
7.33
1.67
-2.33
-1.67
0.0
2.67
3.0
3.33
-0.33
-0.67
3.33
3.0
2.0
-2.0
5.33
2.0
0.33
1.67
-2.0
4.33
-2.0
-5.67
5.0
-6.33
2.67
0.0
0.33
0.33
3.33
-3.67
-0.67
2.0
3.33
0.67
2.67
2.0
10.67
-5.67
0.0
4.67
-2.0
-1.67
1.0
1.67
8.33
1.67
0.67
1.33
11.33
-2.67
-4.67
5.0
10.0
6.67
-5.0
-1.33
4.33
1.67
3.33
-1.33
10.67
-0.67
12.0
6.0
3.0
-2.0
6.67
12.0
-2.33
-0.67
2.67
7.0
3.67
11.67
3.67
-3.67
4.67
-1.67
6.67
2.0
0.67
0.67
2.0
-5.33
-1.0
-1.67
2.0
6.33
1.67
5.33
3.0
-3.67
6.0
6.0
8.67
0.33
0.0
14.33
2.67
6.0
8.67
0.33
0.67
0.67
-3.67
-5.67
6.33
1.0
4.67
2.67
-1.0
6.67
5.67
3.0
3.0
0.0
8.0
6.67
1.33
8.33
3.33
3.33
5.33
2.67
2.67
6.33
3.33
-5.67
-0.33
-3.0
10.33
-6.0
2.0
-1.67
0.33
0.33
10.0
3.33
2.0
11.0
7.33
-2.0
-2.0
-5.0
4.0
-1.33
5.33
0.33
-4.0
0.33
4.67
1.67
3.67
7.67
0.0
-2.33
-4.33
5.33
-5.33
-1.33
-2.67
7.33
0.0
-5.0
8.67
-1.67
-3.33
5.67
3.33
8.0
5.0
4.33
5.0
0.0
0.33
2.33
5.33
11.33
5.67
8.33
0.33
6.0
0.33
5.0
1.33
4.0
-2.0
1.0
4.0
-0.67
-0.67
7.0
-1.33
5.0
-2.0
3.67
1.67
6.0
3.0
3.67
4.0
4.33
3.33
9.0
-1.33
4.0
7.0
-1.67
2.0
-0.67
1.33
7.0
-1.0
5.67
2.67
4.33
0.67
2.67
3.0
2.67
5.33
4.0
0.0
1.0
4.0
-2.0
0.67
-0.67
4.33
4.0
1.0
-2.33
-1.0
5.67
4.0
4.33
-3.0
10.0
1.67
3.0
1.33
-0.67
0.33
-1.67
-2.33
6.0
1.0
3.67
-2.33
2.33
0.0
7.0
-5.33
3.0
2.0
3.67
7.0
-1.0
6.67
2.67
4.67
-0.33
-5.33
7.67
-0.33
4.67
5.67
6.33
-6.0
-2.33
6.67
1.33
0.67
0.33
-0.33
4.0
-0.33
2.33
6.67
2.33
5.0
5.33
0.33
2.0
0.67
-3.33
3.67
-3.67
10.0
5.0
0.67
2.0
1.33
2.33
1.33
-1.33
4.67
-0.33
4.33
4.0
-5.33
-2.0
-0.67
6.0
3.0
-1.33
7.0
1.0
7.0
0.33
0.0
-0.67
6.0
-1.67
-0.67
2.33
4.0
3.67
7.33
5.0
3.67
6.33
3.0
1.67
10.67
2.0
2.67
0.33
4.33
-1.67
4.33
-4.33
-1.67
-2.33
-0.33
-0.33
7.0
-2.33
2.67
1.67
5.0
1.0
2.33
3.67
1.33
0.67
3.67
0.33
-2.33
-0.67
4.67
8.33
6.0
5.67
13.67
4.33
6.0
0.33
3.67
4.33
0.33
0.67
-1.0
0.33
1.33
3.0
-1.67
1.67
-2.0
3.33
0.67
-4.0
-1.0
4.0
2.67
3.0
-2.33
-4.33
3.0
2.67
2.0
6.33
0.0
0.67
0.67
1.33
-3.33
-1.0
3.0
0.33
1.0
-0.33
2.33
-3.67
-4.33
2.67
3.67
9.33
3.0
3.33
6.33
-6.33
-2.0
4.67
1.0
7.0
-0.67
2.0
-1.0
-2.67
1.67
-3.67
-1.33
3.67
-1.0
-2.0
3.67
-0.33
4.0
-3.33
4.33
7.67
4.33
6.33
-2.67
0.67
1.67
0.67
1.67
0.0
0.67
-1.0
0.67
-3.0
2.67
5.0
-2.0
-4.67
1.67
0.33
-3.0
-0.67
1.33
5.0
-1.0
0.33
0.67
2.67
-0.67
1.0
2.33
0.0
-0.33
6.67
3.0
-2.67
2.0
-1.0
2.0
3.0
0.0
4.33
-3.0
-2.33
-0.67
0.0
1.0
-4.33
-1.33
4.33
0.33
-3.0
-1.67
-0.33
0.33
3.33
-1.0
0.67
3.33
1.67
5.0
2.33
1.0
-2.0
2.0
4.0
-4.0
0.0
0.67
1.67
-4.0
-0.67
-0.33
2.0
2.67
-0.33
-3.0
1.0
2.33
-1.33
0.0
-2.0
-2.33
0.33
-4.33
-3.0
-2.33
0.33
-2.67
1.0
-5.0
1.67
4.67
5.0
-1.0
-1.0
4.33
-1.33
5.0
-2.0
-2.33
2.0
-3.33
-0.33
-3.33
1.0
-2.33
1.67
0.33
1.33
2.0
-2.0
-1.33
-2.0
-0.67
-6.0
-0.67
2.33
-2.67
1.33
-5.33
-1.0
0.67
1.0
-3.33
-0.67
0.67
6.67
-0.33
-1.33
-1.67
-0.67
1.0
2.67
-1.33
1.33
-1.33
-1.67
-0.33
-1.67
5.33
0.0
5.0
-1.33
0.67
3.33
1.33
-2.33
-3.33
-1.0
-3.67
-2.67
2.0
-1.67
1.67
-2.0
2.0
-8.33
-1.0
1.67
-2.67
-2.33
3.67
2.67
3.33
-5.0
-3.67
-6.0
1.0
-2.33
-4.67
-2.0
1.67
-2.67
5.0
-0.33
1.0
-0.33
2.33
-6.0
2.0
-2.67
0.33
-2.0
0.33
-0.33
-6.0
-3.67
-3.0
-2.0
-7.33
-3.0
7.0
1.67
-0.67
3.33
-4.0
-2.67
0.0
-1.33
-1.0
4.33
-3.33
-1.0
-0.33
-1.67
-4.67
-6.33
3.0
-3.0
-4.33
1.0
-0.33
-2.33
-5.67
-0.33
-1.33
-10.33
-2.0
-2.0
2.67
-4.0
-5.33
2.33
-3.33
-6.67
-2.0
-5.33
-1.67
-1.33
0.33
-4.33
-5.67
-4.0
-5.0
-3.67
-4.33
-3.0
-5.33
-3.0
-0.33
-5.0
-0.33
-8.0
1.33
2.33
-3.67
-2.0
4.0
-2.0
-7.67
-8.67
-4.67
0.0
-4.0
-4.33
3.33
-2.33
-4.0
-1.67
-3.33
-0.33
-8.67
-1.0
4.67
16.33
3.0
3.67
13.0
1.67
1.67
19.33
20.0
22.33
24.0
6.33
23.0
22.33
19.0
24.67
17.33
16.33
27.0
6.67
8.33
9.33
13.33
17.0
22.0
2.67
6.33
13.33
-2.33
2.67
-0.67
-4.67
-0.67
-4.33
2.67
0.67
-0.33
-5.0
-1.67
2.0
3.0
-2.33
-3.0
2.0
-5.67
-3.67
-7.0
0.33
4.0
0.0
3.0
-1.67
-7.33
-2.33
-2.33
-1.33
7.0
-2.33
-4.67
1.33
-5.0
1.33
5.0
-2.0
-10.0
-10.0
0.67
-4.33
-2.33
-2.0
-2.67
-7.67
-2.0
-3.33
-3.67
6.33
-4.33
-6.33
4.67
-5.33
-2.67
-2.33
-1.33
0.33
-0.33
-7.33
-1.0
1.0
-2.33
-2.0
-4.33
-4.0
3.0
3.0
-6.0
0.33
-8.67
2.67
-0.67
-0.67
5.67
-5.33
-5.33
-5.0
1.33
3.67
-1.0
1.33
4.0
3.67
-4.0
3.0
0.0
1.0
0.0
1.67
3.67
-4.33
-3.67
9.67
6.0
-1.67
2.0
0.67
-2.0
2.0
-1.67
-1.67
-1.0
17.33
0.0
-1.33
6.67
-10.67
-2.33
-6.0
-7.67
4.0
-6.67
-9.67
3.67
1.33
4.67
-2.0
6.67
-2.0
-3.0
-4.67
-0.33
-0.33
-1.0
1.0
-1.33
-3.33
2.67
-2.67
-0.33
14.33
-1.0
4.33
-4.67
0.0
7.33
4.33
-5.67
-4.33
8.33
-0.33
2.33
-5.67
-2.0
-3.0
-3.0
3.67
6.67
-5.33
2.67
-2.0
-2.33
0.67
-2.33
1.33
-4.67
-12.0
3.0
-1.67
5.33
0.33
7.33
-2.67
2.67
-0.33
8.67
-2.67
6.33
5.33
-1.67
-2.0
3.33
4.33
2.33
2.0
-0.33
3.0
2.67
0.0
-0.67
-8.0
-1.0
0.33
2.67
-0.67
0.0
0.0
-8.33
1.33
7.67
-5.33
8.67
0.0
7.67
9.67
3.67
12.33
9.0
5.33
11.67
8.0
11.33
9.67
11.0
14.0
18.67
4.33
1.67
12.0
11.0
12.0
12.33
11.33
6.33
14.67
14.0
12.0
11.33
8.67
10.67
11.67
4.0
5.67
6.0
4.67
5.33
24.0
9.67
2.33
-6.67
-1.0
-3.33
4.0
6.67
1.33
4.0
6.33
4.67
5.33
8.67
8.33
10.0
8.67
4.0
9.0
16.0
6.0
4.0
-2.33
0.0
0.33
1.67
8.33
1.0
13.0
1.67
5.33
3.67
16.33
4.0
3.33
3.67
7.67
9.0
4.67
8.0
-2.0
-2.0
-3.67
3.0
-1.67
15.33
5.67
4.0
3.67
-2.33
7.0
13.33
8.0
3.33
2.33
-2.0
4.33
9.33
6.33
3.33
10.33
3.33
0.0
5.0
6.67
9.0
4.0
0.0
-3.0
6.67
10.67
1.33
2.0
-8.0
5.0
-2.0
8.67
9.33
0.33
0.0
5.0
3.33
1.67
4.33
10.0
-2.0
10.67
2.33
8.67
1.33
9.0
15.67
6.33
14.67
14.33
12.0
8.33
2.33
9.33
9.67
16.33
10.0
14.67
14.33
0.67
4.67
8.33
9.33
10.0
7.33
9.67
9.33
16.0
9.0
8.67
7.0
8.0
4.33
-1.67
1.67
13.67
13.67
8.33
13.0
11.67
17.33
13.0
-2.0
12.67
-7.0
10.0
1.0
12.0
10.67
8.67
12.33
6.33
10.33
6.67
13.67
12.33
7.67
1.67
7.67
6.33
5.67
4.33
5.33
13.33
4.67
2.67
5.67
12.0
3.0
13.33
5.67
3.33
12.0
4.0
13.67
9.0
6.0
7.33
7.67
4.0
8.33
4.67
8.67
6.33
10.33
6.33
3.33
7.33
5.0
7.67
6.33
7.67
14.33
7.67
-2.67
3.67
9.0
6.67
12.0
9.33
17.33
10.67
6.67
-1.33
2.0
3.33
9.33
9.33
4.0
9.0
3.0
6.33
6.33
6.67
18.67
15.33
3.0
6.33
-0.33
3.33
11.0
10.33
11.0
-0.33
-2.0
11.67
14.67
4.0
1.33
4.0
8.67
1.33
19.0
11.33
11.0
21.0
0.67
10.33
10.67
4.0
21.0
17.0
26.0
10.67
13.33
30.0
13.33
13.33
8.33
14.67
12.33
10.33
23.67
23.67
26.0
21.0
18.67
16.0
20.67
33.67
34.67
30.0
21.33
25.33
46.33
41.0
41.33
46.67
52.0
59.67
58.33
72.0
77.33
67.0
63.0
87.0
97.0
98.67
84.0
88.0
99.0
88.0
104.0
102.67
92.67
65.33
90.0
67.33
59.0
58.67
60.0
62.33
34.67
42.33
36.0
27.0
13.67
36.67
28.67
5.67
13.33
19.33
25.67
7.33
17.33
10.33
8.67
13.33
3.33
15.0
14.67
13.0
13.67
11.67
8.0
9.67
7.0
7.67
11.0
20.33
5.67
-4.67
-0.67
0.67
14.67
1.33
2.33
14.33
5.33
14.0
9.0
-3.33
10.0
8.33
17.0
10.33
12.67
-4.0
14.0
8.0
0.0
13.0
14.33
-0.67
16.33
5.33
-3.67
8.67
13.33
14.67
16.0
6.0
8.67
13.0
15.33
9.33
10.67
4.0
2.67
6.67
6.67
-7.67
4.0
9.0
4.0
12.33
12.67
10.0
0.33
14.33
16.0
-3.67
17.33
5.0
4.67
15.33
11.33
9.33
8.33
7.67
20.67
17.33
9.33
10.33
3.67
16.0
4.67
2.67
9.0
14.0
14.0
12.67
10.33
12.0
3.33
8.67
10.33
6.0
14.67
8.33
5.67
20.67
5.0
-4.67
0.67
6.0
13.0
9.0
4.33
3.67
13.0
11.33
15.33
6.0
12.33
15.0
11.0
4.67
7.0
2.33
4.0
25.0
4.67
14.33
2.67
15.33
9.0
2.0
4.0
14.33
14.67
19.33
2.67
4.67
-2.33
0.33
0.67
-4.0
5.0
7.67
19.33
3.67
2.33
5.67
1.33
18.33
11.67
10.33
15.0
16.0
5.67
14.0
14.0
-9.67
19.33
10.0
4.33
4.67
5.67
12.0
9.67
12.33
12.33
14.33
6.67
-2.0
7.33
10.0
12.0
18.67
3.0
29.67
17.33
16.33
15.33
22.0
12.0
34.0
24.67
22.33
27.67
33.0
22.67
26.33
20.67
35.33
18.0
20.33
15.67
36.0
35.0
15.0
19.0
12.0
25.33
27.67
5.67
22.0
11.67
24.0
9.33
15.67
0.67
12.33
9.33
22.67
-4.67
19.33
25.0
14.67
-7.33
-4.0
6.0
-11.67
21.33
0.0
9.0
9.33
12.33
11.33
14.0
19.0
5.67
6.67
6.0
1.33
11.0
-2.0
6.33
7.33
4.33
10.0
16.33
3.67
19.67
1.33
3.67
3.67
8.0
9.67
3.0
-3.0
-15.0
-1.0
4.33
9.0
10.0
5.67
0.0
23.33
4.33
18.33
11.33
12.67
16.67
12.33
13.0
8.0
3.33
-3.0
2.67
3.0
0.33
5.67
12.33
-2.67
17.67
8.67
-5.0
11.67
3.33
2.0
9.0
-2.0
17.67
7.67
-2.33
9.33
1.33
9.0
10.67
-0.67
7.67
5.67
-14.67
9.0
5.33
3.67
12.0
3.67
13.33
-5.33
5.33
1.33
-3.33
2.67
9.67
-1.33
-9.0
-1.67
2.67
1.33
15.33
5.33
6.0
10.0
7.0
-4.33
2.0
-1.33
-6.33
1.33
17.33
6.33
6.33
-0.33
8.67
16.0
11.0
-3.0
2.33
4.0
8.67
7.33
11.67
11.67
3.33
0.67
14.33
12.0
14.0
9.0
-7.0
8.0
3.33
4.0
1.67
-0.67
5.67
2.0
9.67
-7.0
8.67
12.0
-1.33
8.33
4.33
-5.33
13.0
16.0
2.33
5.33
-1.33
-4.33
2.67
-2.0
-3.33
-0.33
-4.0
4.67
2.0
16.0
-0.67
6.0
3.33
16.67
-2.67
12.33
-1.67
8.0
0.67
-1.0
6.0
3.0
-7.0
4.33
3.67
-5.33
2.0
4.67
-4.33
2.67
-4.33
1.67
6.67
8.0
-2.33
0.33
9.67
10.67
0.33
-2.0
-1.33
5.33
6.0
8.67
-0.67
12.67
3.67
5.33
-1.0
5.67
-12.0
-5.0
11.33
9.0
6.67
2.67
0.33
9.67
8.67
5.0
19.0
-0.67
5.67
1.33
12.33
6.0
-4.33
2.0
-7.67
7.33
17.33
7.0
10.67
3.67
1.33
12.67
9.0
5.67
0.67
7.67
-1.67
6.33
3.33
7.33
7.0
5.33
1.0
6.33
2.0
4.0
6.0
9.67
5.67
-4.0
4.33
10.33
12.0
7.67
0.33
6.33
-1.33
3.0
7.0
5.0
5.0
1.0
-5.0
6.33
0.33
-5.0
8.0
3.33
8.67
0.0
2.67
-0.67
-2.67
0.33
2.67
8.0
4.67
8.33
4.67
3.33
3.0
0.33
5.67
13.33
15.67
1.67
7.0
0.33
-7.33
-0.67
-2.67
6.67
5.33
4.0
1.0
9.0
10.67
3.0
7.33
1.67
5.33
-4.0
2.67
0.67
1.33
1.0
-2.33
2.0
5.33
-0.33
9.33
4.67
3.67
1.67
7.0
8.0
1.33
-5.67
-3.33
-10.33
-2.67
5.0
-1.67
-0.67
7.33
-5.0
5.67
3.0
-3.0
10.0
7.0
5.0
7.67
-2.33
4.67
-2.67
1.67
4.33
6.33
9.0
-1.0
5.67
3.67
3.33
-3.67
-1.67
5.33
-0.67
1.33
-0.33
-2.33
8.67
7.33
-5.67
-1.0
2.33
3.33
-2.33
3.0
1.0
-0.33
-1.0
3.33
6.67
12.33
2.67
12.0
9.0
7.0
7.33
2.0
2.67
0.0
11.67
2.33
2.33
-3.33
6.33
7.67
2.33
11.0
1.33
3.0
8.0
5.0
-1.33
-1.0
6.67
0.33
-0.67
6.0
5.33
-3.0
1.67
7.0
0.0
10.67
2.67
-0.67
5.33
-2.0
1.67
-5.33
8.67
0.67
0.67
1.67
3.33
5.0
-1.33
5.33
6.33
-4.67
1.0
2.67
-0.67
1.67
-1.67
-0.33
2.33
10.0
2.0
-1.0
2.33
0.33
3.0
-1.0
11.67
2.33
-4.67
2.67
2.67
0.0
-2.33
-5.0
1.67
-5.67
0.67
2.0
3.67
2.33
1.0
5.33
-0.67
4.0
12.67
0.67
4.33
-2.0
2.33
4.67
-1.33
3.33
0.33
-4.33
4.33
3.67
3.33
-6.0
7.0
5.67
8.33
-0.33
6.0
-7.33
9.67
-2.67
7.67
0.0
-0.67
-7.0
4.0
4.33
0.0
2.0
2.67
2.33
3.0
1.33
1.33
8.0
1.33
-5.0
-2.33
-3.67
3.0
-3.67
6.0
-2.67
1.33
3.33
1.67
3.33
2.67
0.67
4.33
-3.33
1.0
1.67
5.0
3.0
2.0
3.67
0.33
2.33
-0.33
0.67
4.0
0.33
0.67
-2.33
1.33
-1.33
3.33
0.0
