0.0
-25.33
25.67
42.67
-13.67
-39.67
-145.33
19.33
-8.67
9.33
-124.67
48.33
34.33
-10.33
20.67
2.67
19.0
29.67
10.33
-21.67
-33.0
16.67
13.67
2.33
15.0
-10.67
0.67
-3.67
-6.0
3.0
1.67
0.67
-4.33
-0.33
0.33
-0.33
-2.33
-2.67
-1.67
1.67
1.0
0.0
0.33
-1.33
1.33
1.0
0.33
0.67
-0.67
0.0
-1.0
-0.33
-0.33
0.0
0.0
-0.33
1.0
0.0
-0.33
0.0
-0.67
0.33
2.0
0.33
-0.33
-1.33
-0.33
-0.33
-1.0
-0.33
0.0
0.0
0.67
-0.67
1.0
0.33
-1.0
0.33
-0.33
-0.33
0.0
0.0
1.0
0.33
-1.0
0.33
0.67
-1.0
-1.0
-0.67
0.33
0.67
-0.67
1.67
-1.0
-3.33
-0.33
0.0
0.67
0.67
1.33
-1.0
-2.67
1.67
-1.33
-0.33
1.0
0.67
0.33
1.33
2.0
1.0
-2.67
-1.33
-2.67
5.33
1.67
6.67
-3.67
2.0
-0.33
-1.0
6.33
0.67
0.33
1.33
2.0
1.0
-4.0
0.33
-1.0
1.33
2.67
2.0
9.33
0.0
1.33
7.0
0.67
2.67
0.0
-3.67
-2.67
1.33
-3.67
0.33
1.0
-2.67
3.67
1.67
6.0
5.67
-1.67
2.0
-2.33
-3.0
1.33
4.0
-2.33
2.33
1.67
-0.33
0.33
-0.67
3.33
-4.67
1.0
3.0
1.67
-3.0
14.67
3.33
-1.33
4.33
-0.33
8.67
3.33
9.0
2.0
-7.0
7.0
-2.33
-1.0
3.67
-2.67
-2.33
3.0
4.67
8.67
4.67
-1.67
0.67
10.33
2.67
2.0
1.67
0.67
6.0
-2.33
-2.0
3.33
-1.0
-1.67
-0.33
1.33
-2.0
4.33
5.0
-1.0
6.67
6.33
0.0
-0.67
0.67
9.0
2.67
2.33
3.67
3.67
1.33
2.33
2.33
1.0
-0.33
1.67
6.0
-0.33
0.67
3.0
6.0
4.0
3.0
-0.33
2.33
10.33
6.33
2.33
7.33
6.67
1.67
-1.67
3.33
4.33
-3.33
-1.0
8.33
-3.0
2.0
5.33
2.33
9.33
5.0
13.33
-1.0
8.0
12.33
-5.0
6.0
0.0
-3.0
2.67
0.33
0.33
4.0
0.33
-0.33
4.67
3.67
1.67
3.0
0.67
-1.33
1.33
-0.33
7.67
4.33
0.33
-1.0
-2.0
5.67
0.33
4.67
-0.33
5.33
3.0
3.0
-2.67
4.0
-1.0
1.33
-0.67
5.33
6.33
-2.33
6.33
-0.67
4.0
1.33
3.0
5.33
2.0
1.0
2.0
6.0
0.33
5.33
0.0
-6.33
6.0
-3.0
7.67
2.67
10.0
-1.0
-3.33
-3.0
1.33
-1.67
3.0
10.67
7.0
2.0
0.33
6.0
3.33
3.33
6.0
1.0
2.67
-0.33
0.33
2.67
4.67
5.0
-2.33
3.33
3.0
-1.0
1.0
6.0
6.0
2.67
0.33
0.33
2.0
1.0
0.67
8.0
6.67
-1.0
-1.67
4.0
2.0
0.67
6.0
-0.67
-2.67
4.33
3.33
-0.33
-5.0
2.0
4.67
4.67
1.33
7.0
1.0
-5.33
3.0
5.0
-0.33
1.0
4.0
5.67
7.67
0.67
2.67
2.67
1.67
5.67
1.67
-2.33
4.33
-2.0
-4.33
3.67
1.33
2.67
7.33
-0.33
6.0
-1.33
7.33
-4.33
8.33
-3.0
6.33
7.33
7.0
5.67
-1.33
6.67
-1.67
-2.0
1.0
0.67
2.0
1.33
5.33
-2.67
0.67
7.67
2.67
8.33
6.0
5.67
4.0
-3.67
-1.0
3.0
-2.33
8.0
-2.0
-4.0
2.33
1.0
1.33
3.0
-2.67
-0.67
4.33
2.0
-0.33
2.33
6.0
-1.33
0.33
7.0
0.67
2.67
-3.0
-3.33
1.33
3.33
1.33
-1.67
-6.33
0.33
0.67
1.67
-3.33
8.0
2.67
-0.33
2.67
-1.0
2.0
0.33
0.67
3.33
1.67
2.67
-5.67
1.67
0.33
2.67
4.33
3.0
-0.33
0.67
-0.67
8.0
4.33
-2.33
-2.67
-2.67
0.67
-2.0
0.33
0.33
-2.0
-0.67
0.67
0.0
-3.67
1.67
-3.0
0.0
-1.0
1.67
4.0
3.67
0.67
-4.0
-0.33
2.0
1.33
3.0
2.67
0.67
0.33
-0.33
-1.0
1.0
2.33
2.0
-4.33
-4.67
-0.67
5.67
3.67
4.67
5.33
-2.0
-0.67
-0.67
-7.33
-1.0
5.67
-2.0
6.0
1.33
3.0
3.0
-3.67
-1.33
-3.67
5.67
1.67
8.0
-1.0
3.67
0.67
-1.0
0.67
1.33
6.67
-0.67
0.33
-1.67
3.67
-0.33
4.67
2.67
1.0
4.67
3.0
3.67
-2.0
-1.33
1.0
2.0
0.33
-1.33
-3.67
5.0
2.33
0.33
8.0
-1.0
0.33
-1.33
-2.33
0.33
-3.0
-2.67
-4.0
-0.33
-0.33
0.0
1.33
2.0
0.0
1.0
5.0
1.0
-1.67
1.0
-0.33
1.33
1.0
4.0
-2.33
1.67
-3.67
3.33
1.0
-7.67
-0.33
-0.67
-1.67
-3.0
-1.33
8.33
3.67
2.0
1.33
0.0
-1.0
1.0
2.0
-1.0
7.0
-1.33
-0.33
-3.0
1.33
-3.33
0.0
-0.33
-2.33
-3.0
-5.0
-3.67
-0.33
0.0
-3.0
2.67
-3.67
0.67
3.0
-0.33
-1.67
4.33
-4.0
-2.0
-1.33
4.67
0.0
4.0
-1.0
0.33
-0.33
-1.0
8.0
0.67
0.0
-1.33
-1.33
-2.33
-3.0
0.67
-2.33
2.33
-2.67
3.0
2.0
-3.33
-3.0
-1.67
-1.0
2.33
0.33
-5.67
-2.67
-4.33
-2.0
2.67
-3.0
-1.33
1.33
3.67
0.67
-2.33
2.67
3.33
0.33
3.0
0.67
-6.33
-1.67
-1.33
0.33
-1.33
-2.67
-2.67
-1.0
-1.0
5.67
4.67
-1.67
-3.67
-6.33
-1.33
-7.0
-0.67
-1.67
-3.0
-4.67
-0.33
-2.0
-2.0
-3.33
5.0
0.67
5.33
-3.33
3.67
1.67
-1.67
-1.0
-1.67
0.0
-2.0
-0.33
-6.67
-4.0
4.67
0.33
-2.0
-1.33
2.0
0.67
5.33
4.0
1.0
1.33
3.33
-3.0
-0.67
-3.33
-3.0
-0.67
1.0
0.0
-6.33
-2.0
-2.0
-2.33
0.33
-3.67
-1.0
-0.67
-4.0
1.67
-1.0
-2.67
-8.33
-7.0
0.67
0.33
-2.67
-1.33
1.0
-3.0
3.67
-4.0
-0.33
-0.33
0.33
-3.33
-2.33
-0.33
1.0
-2.0
-1.33
-2.0
1.67
0.33
-5.33
2.33
-5.0
-7.33
-5.67
3.67
-1.67
-3.33
-5.67
-4.0
2.0
-1.67
-2.33
-5.0
-7.33
3.0
4.67
1.0
-2.33
1.0
0.33
-0.67
-2.67
-2.0
-6.0
-3.0
-3.67
-2.67
-2.67
-9.0
1.0
3.67
-4.67
1.67
-1.0
6.33
-0.33
3.67
3.33
-1.0
2.67
3.33
8.0
6.67
15.0
12.67
11.67
24.33
-3.0
21.33
20.0
24.33
28.0
23.33
19.0
31.67
22.33
11.33
14.0
16.67
25.33
21.33
13.33
15.0
21.0
10.67
11.33
3.33
6.67
-0.33
3.33
6.33
-3.67
-4.33
3.67
6.67
1.67
1.0
-2.67
6.0
-1.0
-0.33
-3.0
2.0
-3.67
-0.67
4.0
-0.67
1.0
-3.0
9.0
3.33
-0.33
6.67
-3.33
-6.33
-2.0
-6.33
-0.67
0.33
-4.0
-3.67
4.0
1.0
-7.0
-7.0
-4.33
-8.33
-4.33
3.0
3.33
-1.67
3.0
-4.33
4.33
3.33
-3.33
-6.33
-0.33
-5.33
-2.67
-4.33
2.67
2.33
-0.33
-2.33
-4.0
2.0
0.67
-2.0
-1.33
1.0
8.0
-5.0
-5.0
-0.67
-0.67
-2.33
2.33
-0.67
-1.33
-9.33
-1.33
-3.0
-2.67
-2.33
-5.0
3.33
-6.0
5.67
-2.0
-5.0
3.0
-4.0
-4.0
-3.33
4.67
-4.33
-4.67
-8.33
-7.0
-8.67
1.0
2.67
7.0
-8.0
-5.67
-0.67
0.0
-1.67
6.0
-6.33
-2.33
-3.67
1.67
-4.0
-7.67
1.0
2.33
-1.67
-1.33
2.33
3.67
1.0
3.67
2.0
5.0
2.33
-4.33
-6.33
-1.0
7.0
0.67
-6.33
5.67
1.33
0.67
-3.67
0.0
-1.67
-2.67
-4.0
-2.67
1.33
-3.67
-6.33
3.33
-3.33
-0.67
-3.67
7.0
4.0
-3.0
-1.33
-0.33
8.67
2.67
-1.0
1.67
-4.33
-3.33
-4.67
-1.67
1.0
-10.0
-0.67
-1.67
-5.67
3.33
-2.67
5.67
-1.33
2.67
-4.67
1.33
9.33
-2.67
-1.0
6.33
-1.67
4.33
0.0
-1.33
5.0
-3.33
5.0
-1.67
-2.0
3.0
-3.67
-0.33
-2.67
-2.0
2.0
-3.33
3.33
11.67
4.67
-2.33
0.0
-7.33
6.67
7.67
16.33
-2.0
9.33
6.67
17.0
8.33
2.67
22.0
9.0
12.67
15.33
10.67
13.0
10.0
10.0
19.33
17.33
29.33
13.67
15.0
19.0
25.33
8.67
19.67
9.67
4.0
9.67
5.0
-0.33
3.33
3.0
-3.33
-1.67
-0.67
2.0
7.67
11.0
-4.33
9.33
10.0
4.33
4.67
-2.67
6.67
4.33
0.0
0.67
8.0
9.0
4.0
7.0
7.0
-1.33
-2.0
-3.67
8.67
7.33
4.0
2.0
9.67
4.33
18.67
6.33
-4.0
4.33
8.67
5.67
9.0
1.67
-1.0
14.0
9.0
9.33
-4.0
9.33
4.33
-5.33
2.0
5.67
-2.33
9.0
7.33
11.0
9.33
6.33
14.0
4.33
12.33
3.33
10.33
7.33
11.33
1.0
1.0
5.67
7.0
7.0
-4.0
8.0
7.67
7.67
5.33
4.0
0.0
4.0
15.0
3.67
-0.67
4.33
6.0
5.0
7.33
1.67
5.33
1.0
2.0
-1.33
3.33
2.67
11.33
2.0
0.67
9.33
4.67
14.33
4.0
1.33
7.33
17.33
15.67
10.33
14.0
4.67
8.33
22.67
5.67
2.33
3.33
6.0
1.33
2.67
8.33
10.0
11.0
4.67
1.0
12.0
9.33
7.33
2.67
10.67
11.67
12.33
3.0
-0.33
7.33
-2.0
2.0
16.67
1.0
16.0
-7.0
17.0
17.67
3.67
-0.67
5.33
8.33
0.67
10.67
6.33
-8.33
4.67
15.67
7.33
2.67
-2.67
11.33
14.33
5.67
-3.33
0.67
15.0
7.0
11.33
10.67
0.33
7.0
-2.0
12.67
5.0
10.0
10.33
8.67
6.0
5.33
9.67
9.67
6.33
1.33
3.33
8.33
4.33
13.0
16.67
2.33
6.67
14.33
-0.33
4.33
8.67
6.0
11.67
8.0
5.33
10.33
2.67
20.67
16.67
12.0
5.33
12.33
8.33
5.0
12.0
2.0
7.33
17.33
9.67
4.67
12.33
9.0
11.33
19.67
7.33
9.0
2.33
15.0
-0.33
4.0
7.67
8.67
13.0
21.33
10.0
1.67
2.33
20.0
12.33
12.0
11.0
13.67
32.33
15.67
26.0
20.0
27.0
14.0
7.67
19.33
13.0
10.33
10.33
11.33
24.67
13.33
22.33
17.67
25.67
18.0
23.0
10.67
13.0
27.67
32.67
21.67
16.0
23.33
47.33
54.33
58.0
57.33
63.67
48.0
60.67
77.33
77.0
78.33
87.0
98.0
89.0
90.0
103.67
93.0
100.0
96.0
110.0
113.0
92.67
115.67
81.33
88.0
73.33
64.0
69.67
66.0
52.33
58.67
50.33
49.0
42.0
28.67
35.67
21.67
10.67
11.33
8.33
1.67
4.33
10.33
11.33
17.67
23.33
8.33
13.0
11.67
17.0
4.67
4.67
-9.0
7.67
9.0
15.67
17.0
20.33
3.67
6.33
-2.67
2.67
7.67
13.33
7.33
15.33
0.33
14.0
13.0
4.67
7.0
5.33
2.0
-7.67
11.67
7.0
7.0
19.0
7.0
-2.0
5.33
4.33
26.33
8.33
11.33
13.67
-0.67
12.67
8.0
0.0
-1.33
5.0
8.33
-1.67
9.67
4.0
1.67
10.67
16.67
3.33
4.0
7.0
16.0
11.33
14.67
5.0
4.33
6.33
16.0
9.33
9.33
9.0
8.67
5.33
9.33
0.33
9.33
0.67
8.67
5.33
12.33
13.33
3.67
12.0
7.67
9.67
8.0
-1.0
9.0
7.67
7.33
4.0
15.33
4.67
3.33
4.0
15.67
9.33
9.67
8.67
8.0
-5.67
9.67
13.0
20.0
9.0
13.33
6.67
6.0
8.33
14.33
15.0
7.33
13.0
18.0
10.67
-3.0
4.33
15.0
11.0
14.67
7.33
4.67
8.33
16.0
-1.0
2.0
12.33
8.67
-2.67
16.67
6.67
-2.33
6.33
14.67
13.0
5.0
12.67
18.33
-2.33
7.33
2.67
13.33
13.33
18.67
-4.67
7.0
8.0
10.67
20.0
15.0
14.33
1.33
12.0
15.33
8.67
24.67
12.0
14.67
9.33
3.33
20.33
16.67
10.0
6.33
11.0
22.0
15.67
20.0
34.67
25.33
26.33
18.33
11.0
14.0
39.0
23.67
8.33
20.67
23.0
21.67
34.33
17.67
35.33
21.0
21.33
25.67
38.0
43.0
33.0
21.0
27.0
16.33
32.67
14.67
22.0
12.67
23.0
1.33
19.67
14.67
6.33
11.33
13.67
9.33
8.33
18.0
4.67
0.67
-5.0
8.0
5.33
17.33
9.0
-4.0
17.33
5.33
13.33
8.0
5.0
-0.33
5.67
17.0
-3.67
12.0
0.0
2.33
8.33
1.33
16.0
4.33
17.67
9.67
-2.67
9.67
4.67
5.0
6.67
4.0
17.0
-3.0
15.0
7.33
2.0
-5.0
6.67
9.0
1.33
0.33
5.33
12.33
12.67
-2.33
15.33
9.0
5.0
9.33
2.0
2.67
1.0
6.33
11.67
14.33
7.33
14.67
3.67
3.0
9.67
1.33
8.0
12.0
4.0
11.67
6.67
-6.33
2.33
12.33
2.0
4.67
5.33
8.67
15.67
-0.67
-1.0
-3.67
1.67
2.0
1.67
0.33
-3.33
3.33
-2.67
9.67
5.67
2.67
1.67
1.0
-2.67
11.67
-0.67
-0.67
1.33
1.0
11.0
-4.0
1.67
-4.0
9.67
11.67
6.33
1.33
10.33
7.33
-7.33
5.67
-5.0
13.0
3.0
-7.67
10.0
-0.33
-3.67
5.67
3.67
3.33
-2.33
11.33
13.0
8.0
-2.0
10.0
-3.0
4.33
-3.0
1.67
3.33
8.67
-1.0
3.67
5.0
5.67
3.0
10.67
-3.67
5.33
4.67
4.0
2.0
0.33
5.33
-2.33
16.67
5.67
3.0
5.67
0.67
-3.0
6.67
11.0
6.0
-2.67
12.0
8.33
7.67
3.33
6.33
2.33
-2.0
0.67
-2.0
6.0
-2.0
-2.0
-3.67
-6.33
1.67
11.0
0.67
0.67
8.67
-4.33
1.67
10.67
1.0
-0.33
8.33
3.67
6.67
-5.67
17.0
4.67
-0.67
-7.0
-3.33
3.33
2.67
8.67
9.33
6.0
10.67
9.0
8.0
7.33
-2.0
0.67
17.67
5.33
7.67
11.67
2.0
4.0
7.33
-5.33
4.33
6.33
-4.0
15.67
0.0
4.33
7.33
6.33
7.0
10.67
0.67
0.33
8.67
10.0
12.67
9.67
0.67
6.33
7.33
-2.67
7.33
-2.0
2.33
5.0
-11.67
4.0
8.0
6.0
-1.33
2.67
-1.0
1.33
7.33
1.0
7.67
4.33
1.33
1.67
5.0
6.0
-3.0
2.0
2.0
0.0
-4.67
-4.67
-1.0
0.0
5.33
-1.33
-1.0
-0.33
0.33
-9.67
6.33
9.67
12.0
2.67
8.33
4.67
1.33
4.0
4.33
2.67
19.33
0.67
2.67
1.0
0.33
-3.33
-4.67
-6.67
-3.33
0.33
3.0
6.0
2.0
1.67
0.0
7.33
3.67
6.33
9.0
3.67
0.67
-0.67
9.0
-0.33
0.0
2.33
-0.33
12.33
-3.33
-3.33
6.67
7.0
-5.0
-0.67
-3.67
-1.33
-6.33
3.33
2.0
-1.67
5.33
2.33
-2.0
6.67
8.0
-1.0
3.0
13.0
2.0
0.67
1.67
0.67
3.33
-2.33
5.33
-0.67
3.0
-4.0
3.67
-2.33
0.33
-4.67
-1.67
8.33
2.33
0.33
-5.33
2.67
2.67
0.33
-2.67
2.0
-5.67
-0.67
1.67
9.0
-1.0
8.67
2.0
1.33
8.67
5.33
5.67
5.0
2.0
1.0
-3.67
5.0
-1.33
2.0
0.67
8.33
-0.67
-3.33
4.33
2.67
7.33
4.0
0.33
0.0
0.0
9.0
-0.33
-2.0
8.67
7.33
2.33
1.0
6.33
-4.0
-0.33
2.0
8.0
1.67
11.67
3.33
2.33
2.0
1.67
1.67
5.67
4.67
1.67
-2.33
6.33
1.0
2.67
5.33
2.33
-3.67
-5.0
-1.33
2.33
1.67
-1.67
-0.33
0.33
3.0
-3.0
2.0
3.33
1.33
0.0
-4.0
3.67
6.33
-1.67
-4.33
4.67
4.0
0.67
0.0
-1.33
-2.67
-5.33
1.0
3.67
0.33
-3.0
0.33
0.33
6.0
3.67
9.67
3.33
10.0
2.33
7.67
5.67
2.33
1.33
3.67
0.33
-0.33
-3.67
-3.0
5.0
-2.33
3.33
7.67
7.0
-1.33
-2.33
4.33
3.67
0.0
-0.67
3.0
-3.0
3.33
5.0
-3.0
3.67
0.33
-2.0
5.33
2.33
1.0
0.33
-2.0
5.67
1.33
3.0
4.33
3.0
-0.67
5.33
-1.67
-2.33
-2.67
-3.33
-1.33
7.33
3.67
3.0
-1.33
2.0
1.0
-1.0
0.67
-1.67
-0.67
1.67
1.67
1.0
5.33
2.67
-2.33
-2.67
2.67
3.33
-1.0
