0.0
-41.33
-12.33
-3.33
-47.67
-26.67
-53.33
-90.67
-4.67
-46.67
-61.67
-47.67
-77.67
-8.33
15.67
-3.33
-8.0
37.67
-32.67
18.33
19.0
48.67
-5.33
2.33
25.0
11.33
1.67
-4.67
-4.0
8.0
2.67
1.67
-4.33
-4.33
5.33
1.67
0.67
1.33
-1.67
1.67
3.0
0.0
1.33
-0.33
0.33
0.0
-0.67
-0.33
0.33
1.0
0.0
0.67
0.67
1.0
0.0
0.67
0.0
0.0
-0.33
1.0
1.33
0.33
0.0
-0.67
-0.33
-1.33
-0.33
-0.33
0.0
0.67
1.0
1.0
-0.33
-0.67
0.0
-0.67
-1.0
-0.67
-0.33
0.67
1.0
-1.0
0.0
-0.67
-1.0
-0.67
-1.33
0.0
0.0
-0.67
-0.67
-1.33
1.33
-0.33
2.0
-1.33
-0.33
0.0
-1.33
-1.33
0.33
0.0
-2.67
0.67
0.67
-1.33
1.0
0.67
-1.67
1.33
3.0
3.0
0.33
1.67
0.33
1.33
-1.33
-1.33
-1.67
0.0
-1.33
4.0
0.33
-0.33
4.33
4.33
6.0
1.0
-1.0
-3.67
-2.0
1.33
-0.33
4.0
2.33
-2.0
2.33
10.0
-2.33
-1.33
3.0
1.33
-2.67
0.33
-4.67
-1.67
-1.0
1.33
3.67
0.67
2.0
3.67
1.33
4.0
1.67
-6.0
2.33
6.0
-4.33
2.33
-2.33
13.67
4.33
0.33
-4.67
0.33
1.0
1.0
0.67
-2.0
6.67
4.33
10.67
-1.67
-3.33
6.67
2.33
7.0
9.0
-3.0
0.0
7.67
5.0
-2.33
10.33
-7.33
2.0
7.67
9.67
-0.33
0.33
0.67
-1.67
5.67
5.0
-0.33
-1.33
6.0
-5.33
1.0
0.33
2.0
5.33
5.67
7.33
7.0
7.33
4.0
11.0
0.67
8.33
0.0
4.33
0.67
4.0
11.67
-1.67
5.67
12.67
-5.67
2.33
5.33
5.0
-2.33
4.67
3.0
0.67
2.67
-3.0
7.0
6.0
-1.0
3.67
2.33
6.33
7.33
-1.67
2.33
7.67
-1.33
2.33
7.33
-1.67
-6.33
4.0
2.33
-2.0
2.0
2.33
2.33
2.33
3.0
1.33
8.0
2.0
4.33
-6.0
4.0
-1.0
5.0
-0.33
7.33
-1.67
2.0
10.33
10.67
-3.33
10.67
3.67
3.0
0.67
1.67
6.33
-2.33
6.67
0.33
3.33
4.0
-1.0
2.67
4.33
8.67
0.67
6.33
6.0
3.0
4.33
0.0
-2.0
-0.67
-0.67
6.33
3.33
7.67
6.33
7.33
6.0
3.33
11.0
-1.67
-1.0
1.0
5.0
5.0
2.33
8.33
4.0
5.67
5.0
-3.0
0.67
0.67
8.0
1.0
-2.33
2.0
-0.67
-3.67
2.0
-3.33
4.0
1.0
0.33
1.0
2.33
3.33
6.0
-1.0
2.67
1.67
-4.67
-1.33
-2.33
9.0
-4.33
5.33
2.0
0.0
1.0
1.0
0.0
7.67
-7.67
-1.67
3.0
1.0
4.67
4.0
6.67
2.0
6.33
2.0
1.0
-0.33
1.0
8.33
6.33
7.33
5.33
6.67
3.0
-2.0
0.67
7.67
-1.67
4.0
8.0
2.67
3.0
8.0
3.67
8.0
3.0
-1.33
4.67
2.67
-3.33
-2.33
2.67
2.67
0.67
-0.33
8.33
-4.0
4.67
0.67
5.33
-2.33
0.33
-0.33
7.0
1.67
-5.67
3.67
0.33
2.0
6.33
6.33
6.0
2.67
0.67
-1.33
3.33
1.0
1.0
1.67
-1.0
6.33
1.33
0.33
8.67
1.67
4.67
0.33
-3.0
0.67
3.0
1.33
0.0
5.0
3.67
-2.0
0.0
-1.0
-0.67
-3.0
2.33
2.0
-4.67
-2.67
2.33
-2.0
-0.33
-2.67
-1.0
-2.33
3.33
3.0
6.67
3.67
3.0
-1.33
1.33
-0.67
2.33
1.33
-4.33
4.33
-3.33
-0.33
-2.33
8.0
-0.33
-7.33
-2.33
1.0
1.0
1.33
-1.33
-1.67
-3.33
-1.33
1.33
-4.33
9.33
9.67
1.33
0.0
5.67
2.67
-0.67
3.0
5.33
-1.33
3.33
1.33
6.67
2.0
0.33
5.33
-3.0
-0.67
6.67
4.0
-4.67
0.67
-2.0
-2.0
1.0
11.67
-1.0
3.67
-1.33
0.0
-0.33
2.0
3.33
-2.0
-1.33
5.67
-0.67
-3.33
-1.0
0.0
-0.67
0.0
-5.33
-2.67
-2.67
0.67
0.67
-3.33
0.33
0.0
0.33
-0.67
1.67
-3.0
2.67
-4.0
3.0
2.33
2.0
-2.0
-0.67
-4.33
-1.67
0.67
-2.33
-5.0
3.0
4.67
-2.33
-3.0
2.67
-3.67
-0.33
1.33
7.33
-2.67
3.67
2.67
1.67
2.67
3.0
0.67
1.0
-0.33
-4.0
-0.33
0.0
1.0
-0.67
1.67
1.33
1.0
-1.67
3.33
0.0
4.0
3.33
-1.33
-2.33
-1.67
0.0
0.33
3.0
-2.33
3.67
1.0
0.33
5.0
-2.0
2.0
1.0
-2.0
-4.67
0.0
0.67
3.33
4.0
-2.0
0.67
0.67
4.33
1.33
0.0
2.33
-0.33
-1.67
1.33
1.0
-0.33
2.33
3.67
2.0
2.33
0.0
-2.0
0.0
-1.0
-1.0
3.0
-0.33
-4.33
4.0
-1.67
-0.33
-5.0
-0.33
-0.33
1.0
-6.0
6.33
-2.33
-1.0
-3.0
-1.33
1.33
2.67
1.0
3.67
2.33
2.33
0.0
-1.0
2.67
-0.33
-1.0
-2.0
5.0
1.33
-0.33
-3.0
7.0
8.67
5.0
-3.33
1.67
-2.33
-8.0
-2.33
0.67
-2.67
-4.67
3.0
-1.0
-2.33
-3.0
0.33
1.0
3.33
-1.67
0.33
0.33
-3.33
-5.0
2.67
4.0
-3.33
-1.67
-1.33
-2.33
-2.33
0.67
-5.67
-3.67
2.0
-0.33
-3.33
-1.67
-0.33
-1.67
-2.33
-5.67
-6.67
-2.0
3.0
4.67
0.67
3.33
-2.67
1.67
-1.33
-6.0
-5.67
-3.67
-3.0
-0.67
0.67
1.0
7.0
-5.33
-3.0
-5.33
0.33
-0.33
-0.33
-1.33
-0.67
-1.0
-7.67
-1.0
0.0
3.67
-5.67
-5.0
3.67
-3.67
-1.0
4.67
1.0
-3.33
6.33
6.0
-9.0
2.33
4.33
3.0
3.33
-2.33
-5.0
-0.67
2.0
-1.0
-2.33
-1.0
0.0
-0.33
-3.67
-0.67
2.0
1.33
-4.0
8.67
4.0
1.33
-8.33
-6.0
-5.33
1.33
-1.67
-3.33
-4.0
3.0
3.67
-2.0
-3.33
0.67
1.33
-2.33
-3.33
-2.33
1.0
-2.0
0.67
-2.0
-5.33
3.33
1.67
-1.67
-4.0
-5.33
-2.67
-2.33
0.33
-6.33
-8.67
2.0
-8.0
-2.67
-4.33
-6.0
-5.33
5.0
-2.33
-2.0
-3.33
4.0
-2.67
3.33
-1.67
-4.0
1.0
-5.0
-1.67
-6.67
1.33
0.0
-2.0
4.67
-1.67
-2.33
-2.0
3.33
6.67
5.67
-5.67
2.0
3.67
3.33
-1.0
12.67
10.0
11.67
17.67
12.33
14.0
22.33
32.0
21.33
26.0
34.33
19.0
22.67
15.33
24.33
22.0
12.67
12.33
15.33
18.33
11.0
6.0
3.67
6.33
6.33
-0.33
-2.33
13.33
-1.67
-2.67
-3.33
-1.33
0.67
-1.33
-5.0
-1.67
3.0
-4.0
-3.33
-7.0
4.0
-9.67
1.33
-6.0
-4.67
4.0
3.0
7.0
-1.67
-6.33
-3.33
-4.33
2.67
4.0
-1.33
0.33
-0.67
-8.0
-3.67
-4.0
0.0
-1.0
-2.0
-6.33
-4.33
-1.33
-1.0
-6.67
-7.67
-1.0
-0.33
1.33
2.33
1.67
8.67
2.67
-3.33
2.33
-5.33
-0.33
-3.67
4.67
-5.33
1.0
-4.0
-0.33
-2.0
-9.33
3.0
4.0
-2.0
6.0
-0.67
-2.67
-2.33
-1.67
-0.67
6.67
-2.33
-7.33
-2.0
-4.67
-3.33
-2.0
-0.67
-9.0
-4.33
-7.0
1.0
3.0
3.0
-2.0
-8.33
2.67
-5.33
0.33
-8.33
-4.0
0.33
-5.0
1.67
3.0
2.0
-1.67
3.33
-10.0
-0.67
13.0
-0.33
-0.33
-4.67
-1.33
-4.0
-6.67
-1.0
2.33
-7.67
-11.33
1.33
-0.33
-5.0
7.67
1.0
-2.0
9.33
-3.33
-5.33
-5.0
2.0
-0.33
-6.33
-4.33
-1.67
-2.33
-1.67
11.0
3.33
-3.67
5.0
-4.67
-3.67
-0.67
-0.33
2.33
-7.33
4.33
-4.67
-3.0
-7.0
4.0
1.67
-3.33
3.67
0.67
6.0
-3.33
-5.33
-4.33
6.33
-1.67
-7.0
0.0
1.33
1.33
-6.67
1.33
-4.67
-0.33
2.67
-1.33
-7.67
-4.67
-5.67
-1.67
-2.0
0.33
-3.67
2.33
3.0
1.67
4.0
2.67
-5.0
-0.67
0.0
0.0
-6.67
2.67
-7.67
-7.0
-1.0
-2.33
3.33
-4.33
6.67
-0.33
9.0
-2.33
16.67
3.67
15.33
-3.0
14.33
7.67
6.0
5.33
11.67
10.0
19.0
15.67
12.33
1.67
10.0
12.0
18.0
12.33
13.33
18.33
12.67
10.0
15.0
11.33
13.67
19.67
25.67
13.0
7.67
5.0
13.67
8.33
-2.0
0.67
2.33
3.33
-7.0
10.67
-1.0
8.67
7.33
2.0
0.33
4.67
5.33
9.67
10.33
9.0
8.67
-2.0
7.0
5.0
8.0
0.0
-3.33
0.0
3.33
-0.33
9.33
8.0
4.0
6.67
-1.67
4.67
13.33
-4.0
3.33
8.67
7.67
1.0
2.67
2.0
13.0
6.0
1.33
3.0
-2.67
13.33
4.67
6.0
7.67
5.67
7.0
9.33
10.0
1.33
11.33
0.0
7.33
22.33
5.33
15.33
-0.67
-2.67
6.0
1.0
5.67
3.0
9.0
1.0
-3.0
5.67
11.67
1.33
6.0
2.0
8.0
8.0
8.67
-1.67
6.33
9.0
18.0
6.33
1.67
4.33
2.0
0.0
3.67
-2.67
9.67
-4.67
9.0
5.67
7.33
6.67
13.33
8.0
15.33
3.33
12.33
17.67
8.33
9.0
6.67
3.33
10.67
18.67
9.33
6.33
4.0
10.33
-2.33
1.33
6.0
22.0
7.67
8.0
10.0
13.33
7.33
16.67
5.67
-0.33
9.33
10.0
-2.33
0.33
3.0
9.0
9.67
-1.0
17.0
3.0
14.0
10.67
19.67
4.33
6.33
1.33
-3.33
10.67
17.33
-2.33
7.67
9.67
3.33
9.67
3.33
10.33
12.33
8.67
3.67
5.67
-3.0
1.0
12.33
8.67
7.33
9.0
1.0
10.67
14.0
12.0
5.33
9.67
8.0
4.33
14.67
10.67
0.33
2.33
15.33
2.33
3.33
6.0
16.67
7.33
11.67
1.33
12.67
4.33
9.67
5.0
8.67
7.0
10.33
8.33
12.67
7.67
8.67
6.0
7.33
4.33
22.33
8.0
18.0
4.0
11.33
16.33
16.67
10.67
0.33
1.0
-5.67
5.67
10.33
5.0
7.33
2.0
13.67
13.0
1.67
6.67
6.0
13.33
8.0
8.67
7.33
21.0
12.33
1.0
15.0
16.67
16.33
15.67
13.0
19.0
14.0
11.0
13.67
11.33
13.0
21.33
20.33
19.33
18.67
29.33
19.33
16.67
7.67
15.0
28.0
20.67
26.0
28.67
20.67
42.67
33.0
25.33
24.33
57.33
53.0
43.33
53.67
50.0
58.67
72.33
60.0
105.33
96.0
87.0
87.0
103.0
109.67
94.0
92.0
117.0
86.0
124.0
108.67
94.67
114.33
94.0
106.33
63.0
77.67
52.0
59.33
55.67
37.33
49.0
24.0
34.67
28.67
20.67
23.67
19.33
18.33
10.67
11.33
8.33
3.33
14.67
10.33
7.33
14.0
6.67
8.0
3.67
2.67
6.0
12.67
8.0
21.67
9.0
12.33
9.67
-0.67
11.33
1.67
11.67
7.33
-3.67
6.33
11.33
12.0
22.0
26.67
18.0
0.33
1.0
13.33
-1.33
3.0
9.0
14.0
6.0
-5.0
14.33
2.33
18.33
2.33
23.33
8.67
5.33
1.67
12.0
1.0
8.67
0.0
3.33
-0.67
15.67
5.0
20.67
0.67
10.67
1.33
5.0
7.0
8.0
17.33
9.67
10.0
-7.67
-0.67
8.0
5.33
6.33
5.0
11.67
3.33
9.33
4.33
16.33
0.67
14.67
9.33
9.33
15.33
8.67
12.0
13.67
4.67
5.0
11.0
6.0
14.67
19.33
12.0
4.33
-0.33
0.33
6.0
6.67
0.33
17.67
15.67
6.0
2.33
2.67
-1.0
11.0
9.0
7.33
7.67
14.0
18.33
9.33
2.0
6.33
-5.0
1.0
17.67
6.0
4.33
11.0
6.0
6.67
-1.67
4.67
12.33
5.0
11.0
3.0
8.33
2.67
7.33
6.67
-3.33
-5.33
10.33
11.67
13.0
8.0
-0.33
10.33
6.67
-2.67
3.67
6.33
17.33
9.67
4.33
6.0
7.0
2.67
9.0
16.0
4.33
6.33
8.0
1.33
4.67
6.67
2.0
0.67
7.33
5.33
17.33
14.67
11.0
27.33
26.0
6.0
26.67
11.0
23.67
14.33
25.33
44.33
11.0
29.0
28.0
24.67
15.33
23.67
22.0
27.67
28.33
20.67
34.33
30.0
29.33
21.67
32.0
30.0
23.0
19.0
31.0
35.33
13.67
15.67
17.0
15.67
4.0
1.33
13.67
15.67
7.33
19.33
11.67
3.33
10.33
20.0
-5.33
-11.33
-2.0
5.0
20.33
5.33
3.0
7.0
6.33
8.33
11.33
17.0
9.0
9.67
3.67
2.0
5.33
8.0
3.0
4.33
1.33
4.33
9.0
2.33
8.67
10.67
0.33
9.67
14.67
23.0
15.67
7.0
2.0
-2.0
-6.0
5.33
9.0
2.0
11.67
12.0
8.33
4.33
4.33
6.33
6.67
-2.33
10.33
17.0
11.0
-6.67
9.0
10.67
15.0
10.33
12.67
1.33
0.33
12.67
5.67
18.0
10.67
5.33
10.0
6.0
2.0
10.67
13.67
-2.33
3.33
6.33
9.0
5.67
1.33
0.67
14.67
1.33
3.0
12.33
3.67
10.0
1.67
0.33
-2.33
4.33
-7.67
-8.33
-2.33
-3.33
8.67
9.0
8.33
12.67
-0.67
6.33
15.33
-3.0
13.0
10.0
2.67
18.0
3.67
7.67
1.33
4.33
-2.67
10.33
8.67
2.67
2.0
6.0
-7.0
2.33
9.0
-0.33
17.33
-4.33
9.67
-4.67
6.67
8.33
17.0
25.0
12.0
1.0
5.0
7.33
-3.0
8.67
-6.67
0.67
0.0
9.67
-2.0
-2.33
-5.0
0.67
-2.67
-2.67
-0.33
10.0
8.0
1.33
7.33
-6.33
1.67
2.67
2.0
1.67
-2.33
-3.0
7.67
1.0
2.0
-1.67
5.0
1.33
0.67
-2.67
4.33
0.33
10.0
10.67
-2.0
-7.0
13.0
-1.0
12.33
-4.33
1.67
0.0
2.67
3.67
5.67
-2.33
4.67
7.67
-4.0
-7.33
2.33
4.67
3.67
-1.67
6.0
3.67
6.33
2.0
-0.33
-3.67
22.67
-2.33
11.33
1.0
-2.33
4.0
9.0
12.33
-1.0
11.67
-1.33
0.33
-2.33
2.67
1.0
3.0
6.33
-1.33
9.33
-2.67
5.0
-0.33
0.0
-6.67
3.33
-0.67
2.0
4.67
-6.33
5.33
0.67
5.0
8.67
-6.33
4.67
1.33
4.33
8.33
-1.67
4.0
2.33
4.0
9.33
1.0
4.0
2.0
-0.33
1.67
-3.0
0.33
15.33
-3.0
3.67
3.33
-0.67
-4.33
0.0
-6.0
5.0
-1.0
1.0
-5.0
-1.67
-2.67
1.0
7.0
-6.67
3.67
2.0
-1.33
2.33
-6.67
2.33
3.67
6.0
-0.33
10.33
2.67
1.33
4.0
11.33
3.67
11.33
0.67
3.67
0.0
7.33
-0.33
-3.67
3.33
-5.33
0.33
5.0
4.0
5.0
12.67
-6.0
0.33
5.67
9.33
7.0
1.67
5.67
9.33
12.0
-2.33
-3.0
6.33
-0.33
1.33
2.67
5.67
10.67
8.0
-1.0
-4.67
2.33
-11.33
-8.33
4.33
1.0
-0.67
4.33
5.33
0.0
6.67
3.0
-3.0
5.0
8.0
6.0
0.67
7.67
-5.33
3.33
6.67
1.33
-0.67
-1.0
3.0
0.67
-7.33
5.33
-3.67
-4.67
1.33
3.33
-3.67
0.67
-4.33
2.67
5.33
2.33
5.0
-5.67
5.33
0.67
-1.0
5.0
2.67
-1.0
6.33
1.67
1.33
-0.33
3.0
8.0
5.0
-2.67
7.0
5.67
2.0
-6.33
6.33
5.33
-6.33
3.33
4.67
5.33
12.0
10.33
0.0
-1.0
2.0
4.67
-1.0
4.67
-4.67
4.33
5.0
8.33
-1.0
6.67
1.0
4.0
7.67
7.67
4.33
3.33
2.0
7.67
4.67
11.67
-3.33
-0.33
8.67
2.33
4.0
-2.33
7.33
1.33
-0.67
3.0
-0.33
2.33
1.67
3.33
2.67
4.33
6.0
-2.0
2.0
0.33
6.33
-2.0
5.0
2.67
1.33
-4.67
0.67
6.67
4.0
13.67
0.0
3.67
-1.67
0.67
4.0
-0.33
-1.67
2.0
1.33
1.33
-4.0
4.67
5.67
10.33
0.0
2.33
2.67
-0.33
6.33
-1.67
-4.33
1.33
2.67
1.33
0.0
5.0
1.67
-0.67
3.67
4.0
-5.33
-0.33
1.33
1.67
4.0
1.33
3.0
4.0
0.33
4.0
-4.0
4.67
5.33
0.0
3.33
8.33
7.0
-0.67
-1.0
2.67
0.33
4.0
-4.67
10.0
1.33
6.33
0.33
0.67
1.33
-1.33
2.67
6.33
1.67
2.0
4.67
6.0
9.0
-1.0
1.67
-0.67
1.33
-2.33
-2.33
3.0
0.33
2.67
1.67
0.33
8.67
0.33
-2.0
