0.0
-51.33
-5.33
12.67
14.33
-33.67
-84.33
29.33
31.33
-0.67
-31.67
99.33
-2.67
-25.33
44.67
31.67
-31.0
43.67
-5.67
-18.67
-4.0
12.67
34.67
-0.67
5.0
4.33
-12.33
-4.67
-6.0
-9.0
8.67
5.67
-7.33
5.67
-0.67
3.67
-0.33
-0.67
-0.67
-0.33
0.0
-1.0
-0.67
-0.33
1.33
1.0
2.33
1.67
-0.67
1.0
-1.0
0.67
-0.33
0.0
1.0
-0.33
0.0
0.0
-0.33
0.0
-0.67
-0.67
1.0
0.33
-0.33
-1.33
-0.33
-0.33
-1.0
-0.33
0.0
0.0
-0.33
-0.67
1.0
-0.67
0.0
-0.67
-0.33
0.67
1.0
-1.0
0.0
-0.67
-1.0
-0.67
-1.33
-1.0
-1.0
-0.67
0.33
-1.33
0.33
0.67
-1.0
-1.33
-0.33
1.0
-1.33
-0.33
-1.67
0.0
-1.67
-0.33
-0.33
1.67
1.0
-0.33
2.33
1.33
1.0
0.0
-0.67
0.67
0.33
-0.67
1.67
-0.33
-1.67
-1.0
1.67
1.0
-0.67
0.67
1.33
0.33
2.0
-1.0
-3.0
-2.67
1.0
-2.67
1.67
0.0
3.33
-1.0
0.33
3.0
0.67
-1.33
-1.0
-1.67
-0.67
6.33
1.33
-2.67
3.0
-5.67
0.67
6.67
6.0
0.67
-1.67
0.0
2.67
-6.0
3.33
6.0
4.67
1.33
-0.33
0.67
1.33
-0.67
-2.67
2.33
3.0
2.0
7.67
-2.0
4.67
4.33
5.67
-1.67
0.67
9.67
6.33
-3.0
-3.0
-2.0
-3.0
2.67
-3.0
-5.33
-0.67
1.67
-3.0
0.67
2.67
2.67
0.33
2.67
1.33
11.67
0.0
2.67
9.67
12.0
-2.33
-2.0
2.33
3.0
-3.67
7.67
-3.67
2.0
5.33
0.0
1.0
2.67
7.33
4.0
5.33
0.67
3.0
0.67
3.33
8.67
8.67
-5.67
3.33
1.33
6.0
2.67
-2.33
0.0
1.67
0.67
-2.0
8.0
3.0
-1.0
-2.33
2.33
6.33
0.33
0.33
2.33
1.67
5.67
0.33
8.33
-0.67
-1.33
10.0
-2.67
-5.0
6.0
-2.67
3.33
0.33
4.0
3.33
3.0
7.0
0.33
-9.0
1.0
-2.0
-2.0
2.67
2.33
1.33
2.0
8.33
5.67
1.67
1.67
2.67
2.0
0.67
1.67
8.33
1.67
-2.33
0.33
5.33
0.0
-2.0
5.67
-0.67
1.67
-2.33
-0.67
4.0
-2.0
-0.67
2.0
3.0
1.33
6.33
-1.67
2.33
5.67
5.33
3.33
5.0
3.33
2.0
7.33
3.0
-1.0
-2.0
1.0
-2.67
5.33
-2.0
6.67
-2.0
3.0
-0.33
2.67
4.0
0.0
-3.33
1.0
3.33
1.33
8.0
8.67
4.0
1.0
-1.67
2.0
5.33
-2.67
6.0
-4.0
-0.33
0.67
3.33
3.67
-3.33
4.0
1.67
5.33
6.0
-5.0
5.0
0.0
1.0
9.67
-2.67
0.33
2.0
1.0
-0.33
5.0
7.67
4.0
-6.67
3.0
7.0
-3.33
0.0
3.33
2.33
3.33
13.33
1.67
-3.0
4.0
2.67
-3.33
5.33
0.0
7.0
-1.33
7.0
-1.0
0.67
5.0
0.0
7.67
-5.33
4.67
-3.33
-1.33
1.67
-0.33
-1.33
0.67
6.33
-4.0
-2.33
-5.33
1.33
0.67
-1.67
-1.33
9.0
-2.33
3.33
0.67
3.33
-2.0
1.33
2.33
1.0
5.67
-1.33
0.67
-1.67
3.0
1.0
-1.33
1.0
6.33
9.33
-0.67
1.67
2.67
1.67
12.33
-1.0
-4.33
-1.0
-1.67
-2.0
4.0
2.67
1.0
4.0
1.0
0.33
-2.0
3.33
3.0
-3.67
5.33
1.33
1.0
1.67
-0.67
0.0
-3.33
3.33
-1.0
0.67
2.67
-1.0
-0.33
1.33
1.33
-0.67
1.33
-7.33
-3.67
1.67
-2.33
-0.33
8.0
-0.33
-5.33
1.67
-3.0
2.0
-0.67
-4.33
0.33
1.67
3.67
1.33
2.67
2.33
2.67
2.33
3.0
0.67
4.67
-3.67
1.0
1.33
-4.33
2.33
-0.67
-1.33
-1.0
-0.67
-2.67
4.0
-1.67
-1.33
2.0
-1.67
-3.33
-2.0
2.0
6.0
3.67
0.0
-3.33
-3.33
-4.0
0.67
-1.0
0.33
2.0
-1.33
-0.33
5.33
-2.33
-2.0
-6.0
1.33
7.0
-1.33
1.33
0.33
-2.33
-2.33
3.67
-1.67
4.0
6.33
-0.67
-6.33
-2.0
1.67
2.0
1.0
0.33
3.0
0.0
1.33
-2.33
-2.67
-1.33
-1.33
3.0
5.0
-0.33
-2.33
-7.0
-2.33
-1.67
0.67
0.33
2.33
-2.67
2.67
4.67
-2.33
0.67
-2.0
0.67
0.0
-2.33
-2.0
-2.33
3.0
-4.0
2.33
-0.33
2.33
2.0
0.33
-2.67
-1.0
0.0
4.33
4.67
4.67
-0.67
4.0
4.33
1.0
-1.33
-4.33
0.0
0.33
1.0
0.0
0.0
0.0
1.0
-2.67
-3.0
-3.33
-1.67
-1.0
-2.0
0.67
-0.33
0.33
-2.67
4.0
-5.67
0.67
2.33
-1.67
0.0
-1.33
1.33
2.67
0.0
0.33
3.0
-3.0
1.0
-3.0
-2.0
1.0
0.67
-4.33
3.0
-3.67
0.67
0.0
3.67
2.67
-5.0
-5.0
-3.67
-1.33
-2.0
4.0
-2.33
-1.67
-1.33
1.0
-1.33
6.33
-0.67
-2.0
-1.0
0.67
2.67
2.0
2.0
-2.0
0.33
-1.33
1.0
-3.0
-2.33
1.0
-0.33
-1.33
-3.33
-1.0
2.67
-4.33
2.33
0.33
1.0
0.0
-2.33
-1.0
-1.67
-2.0
-2.67
0.33
-3.67
-3.67
-3.33
-2.0
0.67
-1.0
-1.33
-3.67
5.67
1.67
-2.33
-2.33
0.33
2.33
4.0
1.67
-0.33
-3.67
-2.33
0.33
-0.33
1.33
-0.67
-3.0
-2.0
2.67
-0.33
-1.67
-4.67
-4.33
-6.33
-7.0
-4.67
-7.67
-3.0
3.33
-2.33
-1.0
-1.0
-6.33
-5.0
-1.33
2.33
-1.33
-0.33
-3.33
1.33
-3.0
-5.67
-5.0
-2.0
-1.33
-6.67
0.0
3.67
-0.67
0.0
3.67
3.0
0.67
3.33
2.0
-4.0
-2.67
3.33
2.0
-4.67
0.67
-1.0
-3.67
-5.0
-5.0
-1.33
-1.0
3.0
-2.33
-4.67
-0.67
-1.0
0.33
-5.0
0.67
-2.0
-3.67
-4.33
-5.0
-3.33
1.33
-7.67
-8.33
2.0
-3.0
-1.33
-5.0
-6.33
-2.33
-6.67
-3.33
3.67
-7.33
-3.0
0.0
2.67
4.0
-1.33
-3.67
-4.33
-4.67
-3.0
-4.33
-0.67
3.67
-1.67
-3.33
-6.67
1.0
-1.0
-8.67
-2.33
-1.0
-8.33
3.0
1.67
0.0
-0.33
-2.0
3.33
6.33
-0.67
3.0
0.0
-8.0
-3.67
4.33
-2.67
-1.0
5.0
7.67
-0.67
-1.33
4.0
8.33
6.67
7.67
-0.67
5.0
9.67
4.33
9.0
11.67
10.0
19.67
20.67
18.33
17.0
17.33
23.0
24.33
34.0
26.33
24.0
26.67
22.33
26.33
40.0
13.67
13.33
16.33
17.33
13.0
10.0
7.67
10.33
1.33
1.67
-2.33
-1.67
7.33
-2.67
4.67
-4.33
6.67
-1.33
-2.0
3.33
3.0
2.0
0.67
-5.0
1.0
-6.67
2.33
-4.0
4.33
-1.0
5.0
-3.0
5.33
0.67
-3.33
-0.33
-0.33
-3.0
-1.33
0.33
-3.67
-3.0
2.33
5.0
-3.0
-3.0
-7.0
-3.33
-3.33
-4.33
8.0
-2.67
-7.67
-3.0
-4.33
4.33
3.33
-4.33
5.67
0.67
1.67
-0.67
4.67
7.67
-1.67
1.67
-4.33
0.0
1.0
3.67
-2.0
-7.33
3.0
7.0
2.0
-4.0
-2.67
4.33
0.67
-6.67
-2.67
-1.33
-2.33
-7.33
-7.0
-5.67
-3.33
-4.0
4.33
-9.0
-1.33
-6.0
-1.0
-6.0
-9.0
11.0
-4.33
3.67
2.67
0.33
-4.33
-4.0
-1.67
2.0
6.67
7.0
-2.0
2.33
6.33
-3.0
-0.67
8.0
0.67
2.67
-2.67
-0.33
-9.0
1.33
-3.0
-1.67
-4.67
-3.33
3.33
7.67
-6.0
5.67
6.0
-3.0
-2.67
-5.33
-10.33
3.0
-7.0
1.67
1.67
-3.33
1.33
-1.33
-2.67
-3.0
1.33
-1.67
-1.0
1.33
-0.67
9.33
-0.33
-3.67
5.67
4.33
-6.67
-6.0
-6.0
-4.0
-1.33
2.67
-3.33
-1.33
6.0
-1.33
-8.33
2.67
-6.67
-3.67
1.0
-2.0
-4.67
1.33
0.33
4.33
-1.67
-1.33
2.67
-0.33
-4.67
8.33
-0.67
-4.67
-4.0
-6.67
-2.67
9.33
-3.0
0.67
-6.0
3.67
1.0
3.33
-3.0
2.0
-8.67
-1.33
1.33
2.0
-3.0
-1.33
6.33
2.67
6.67
12.67
9.0
-1.33
1.67
-1.33
18.33
11.0
12.33
9.67
20.0
27.33
18.67
15.0
3.0
21.67
19.33
14.67
5.0
26.0
12.0
10.33
14.33
6.33
26.67
8.0
27.0
27.33
15.67
7.67
9.67
12.0
6.67
7.0
12.67
3.33
-2.0
3.67
-0.67
-1.67
6.0
1.67
2.0
12.67
12.33
4.0
4.33
10.67
6.33
6.67
8.33
0.0
1.67
5.0
2.0
4.0
3.0
1.0
7.67
3.0
3.33
5.67
3.33
1.0
-4.0
11.67
3.33
10.67
6.33
10.0
1.33
22.67
7.67
4.0
-1.33
8.0
-1.0
4.0
2.33
3.0
0.33
16.33
-7.33
7.0
3.67
5.67
11.0
8.33
19.0
7.33
9.33
8.0
4.33
15.33
-0.67
7.33
10.33
2.33
0.0
1.0
5.67
3.0
7.0
4.0
2.0
7.67
6.67
4.33
4.0
-1.0
7.0
6.0
8.67
0.33
13.33
6.0
0.0
15.33
6.67
1.33
10.0
2.0
8.67
5.33
12.67
-3.67
12.0
13.67
8.33
4.67
17.33
13.0
-3.67
17.33
-1.67
16.67
5.33
13.0
4.67
7.33
3.67
7.67
7.33
0.33
9.0
5.33
3.67
15.33
4.0
10.0
4.67
10.0
23.0
3.33
13.33
-2.33
4.67
5.67
0.33
13.0
-9.33
8.33
0.0
14.0
9.67
-1.0
14.0
6.0
2.0
9.67
15.67
-1.67
5.33
6.33
3.67
21.67
3.33
10.67
-2.33
2.67
0.33
7.67
5.33
9.33
9.33
9.67
5.67
2.67
-1.0
11.0
7.33
14.67
8.33
19.0
8.0
1.67
11.0
8.0
12.33
9.67
-2.0
19.33
15.67
5.67
11.33
4.33
5.33
7.33
6.33
1.0
10.67
9.33
-3.33
5.33
11.67
5.33
-2.33
3.0
4.67
16.0
1.33
13.33
5.67
6.67
4.67
4.0
-2.67
12.33
14.33
8.0
19.0
10.0
8.33
8.33
12.67
6.67
5.33
3.0
9.33
3.67
5.33
12.0
9.33
10.0
8.67
10.0
16.67
11.67
12.0
7.33
3.0
5.67
7.33
23.0
12.33
21.0
24.0
12.67
12.33
15.67
11.0
15.0
29.0
18.0
19.67
17.33
26.0
16.33
10.33
15.33
10.67
19.33
30.33
18.67
22.67
23.0
22.0
13.67
31.0
33.67
22.67
37.67
37.0
45.33
46.33
70.33
67.0
66.33
77.67
74.0
93.67
90.33
115.0
104.33
86.0
103.0
122.0
120.0
125.67
121.0
115.0
140.0
132.0
122.0
118.67
118.67
119.33
93.0
82.33
86.0
72.67
77.0
63.33
60.67
44.33
48.0
40.0
46.67
29.67
21.67
18.67
14.33
17.33
9.67
4.33
10.33
8.33
3.67
8.33
13.33
13.0
4.67
11.0
5.67
3.67
13.0
10.67
4.0
13.67
9.0
9.33
4.67
3.33
11.33
-4.33
13.67
17.33
17.33
18.33
21.33
6.0
12.0
9.67
15.0
12.33
9.0
20.33
12.67
7.0
7.0
13.0
7.0
5.0
22.33
-1.67
6.33
1.33
4.33
8.67
3.33
5.67
3.0
5.0
-0.33
3.0
4.33
7.33
-0.33
-4.0
1.67
-6.33
12.67
10.33
17.0
6.0
15.0
6.33
19.67
15.0
9.33
3.33
10.0
10.33
-4.67
10.0
7.67
17.33
14.33
10.33
13.33
4.67
10.67
0.33
9.33
15.33
4.67
6.0
15.67
-3.33
11.0
13.0
9.0
8.67
11.33
12.0
13.33
10.67
11.33
20.0
16.67
5.33
7.67
14.67
13.0
2.33
-3.33
10.0
6.0
13.0
12.33
0.67
6.0
4.33
10.33
-1.0
8.33
15.0
10.0
10.67
10.0
8.33
17.0
4.0
4.67
6.33
10.67
3.33
12.0
4.0
6.0
6.33
1.67
8.33
6.67
11.67
2.67
12.33
9.67
5.0
2.0
12.67
4.33
0.67
12.33
9.67
10.33
3.33
8.67
-0.67
7.0
19.0
5.67
-2.0
20.0
11.33
15.33
12.0
4.33
15.67
3.67
-1.0
7.67
5.33
4.33
19.33
14.67
14.0
21.33
5.0
15.0
13.67
11.0
18.67
29.33
18.33
23.33
30.0
23.0
24.0
16.67
28.33
22.67
26.0
18.67
29.33
17.67
32.33
26.0
22.33
23.67
33.0
40.0
30.0
22.0
22.0
28.33
13.67
9.67
17.0
26.67
27.0
6.33
14.67
1.67
5.33
14.33
11.67
8.33
7.33
17.0
8.67
-1.33
9.0
12.0
13.33
15.33
-3.0
2.0
7.33
20.33
-0.67
11.0
11.0
4.67
9.67
8.0
8.33
6.0
7.0
4.33
20.33
1.33
12.0
-2.67
6.67
15.67
1.33
3.67
14.67
15.0
3.67
-7.0
4.0
-1.0
1.0
5.33
0.0
11.0
14.67
-2.0
9.33
2.33
4.33
9.33
13.67
10.67
9.33
18.0
6.0
4.33
13.0
17.67
7.0
16.33
10.67
22.33
24.33
16.67
1.67
11.0
10.67
-3.67
-1.0
1.0
-5.0
4.67
16.67
7.67
3.33
7.33
-3.0
-0.33
0.33
6.67
4.67
3.33
-6.0
16.33
-4.33
8.0
-6.33
-0.67
-6.33
1.33
7.33
8.67
4.67
3.67
7.67
18.0
6.33
7.67
-4.67
2.33
3.33
4.0
4.0
-5.0
5.67
16.0
8.67
0.67
7.33
-1.67
7.33
6.33
-2.33
-2.33
4.0
-1.0
5.0
-5.67
7.0
2.67
9.33
6.67
9.67
12.33
0.67
13.33
9.0
5.0
17.0
1.0
2.0
7.33
2.0
-3.33
8.33
3.67
14.0
12.67
-5.0
0.67
-7.0
5.67
1.33
9.33
6.67
-4.0
5.0
8.33
-0.67
2.67
7.67
-4.33
-1.0
2.67
-5.33
0.0
-1.33
7.0
21.0
7.33
-5.0
9.33
-1.33
3.33
3.33
-10.67
4.0
10.67
1.0
2.0
-4.0
-1.0
6.33
5.67
-8.33
-6.0
5.67
-4.33
2.67
-5.33
8.67
7.67
-7.0
1.67
9.33
-0.33
12.67
3.33
13.0
-6.33
5.33
2.0
1.67
3.33
9.67
9.67
6.33
7.0
3.67
5.0
11.0
9.33
4.0
4.67
4.67
1.33
-2.33
0.67
4.0
9.0
13.33
-2.33
0.33
8.33
-3.0
-0.33
0.0
0.33
11.33
6.33
4.0
6.67
-7.33
5.33
8.67
3.0
8.67
1.67
9.67
7.33
-2.67
0.33
4.33
-4.0
9.33
-1.0
-1.67
-2.0
1.0
7.0
7.67
9.67
7.0
19.33
4.33
4.0
-2.33
-0.67
4.33
2.67
-2.0
6.0
10.0
-2.0
-8.0
3.0
-1.67
-6.67
-1.0
4.0
-0.67
-4.33
-8.0
-3.33
5.33
-4.67
4.33
1.67
6.0
1.67
2.33
5.67
-10.67
5.0
-1.67
9.67
2.33
-7.33
-0.33
9.0
2.33
1.67
-3.67
0.33
2.67
5.33
2.0
-1.0
3.0
2.67
2.0
3.33
0.67
3.33
5.0
5.67
3.67
5.33
6.0
-8.33
-9.0
2.33
-1.33
7.33
0.67
-1.33
0.67
6.0
-1.0
0.33
1.33
-3.33
1.67
3.33
-3.0
5.33
5.33
2.33
-5.0
0.67
-4.0
2.0
2.0
12.0
-4.0
1.67
-0.33
5.67
0.33
13.67
7.33
-0.67
0.0
-3.0
3.67
15.67
-0.67
-5.67
1.33
4.33
1.33
6.33
10.67
-6.33
0.67
4.33
-0.67
0.0
2.33
-1.67
4.67
5.0
4.0
3.67
-3.0
4.33
9.67
6.33
5.67
6.0
3.0
2.0
0.33
-1.0
14.67
5.0
1.67
9.33
-0.67
-4.33
2.33
13.67
-2.67
7.0
0.33
0.0
3.0
6.0
0.67
8.0
-5.33
7.33
1.33
5.0
-0.67
4.0
1.67
-2.0
6.0
-1.33
0.67
0.33
4.33
8.0
3.67
0.67
8.67
2.67
-0.33
-2.33
1.33
2.0
-5.33
10.33
6.33
3.33
7.0
-1.33
1.33
-1.33
-2.67
0.67
3.33
1.0
0.0
5.0
3.33
0.33
2.0
0.0
2.67
0.33
-0.67
-2.33
4.67
-2.0
13.67
-3.0
6.67
-5.67
-1.33
0.0
-4.33
0.33
-4.0
4.33
2.33
7.0
2.67
-2.33
-4.67
7.0
0.33
-0.33
-0.33
1.33
2.33
-4.33
-2.67
0.67
-1.67
-3.0
10.0
-4.33
9.33
-0.33
3.0
1.67
-2.33
-0.67
2.67
2.0
4.33
1.0
0.0
-2.67
2.0
-5.0
3.67
5.33
0.0
2.33
4.33
12.0
-4.67
-2.0
1.67
10.33
0.0
1.33
4.0
4.33
-0.67
0.33
-1.33
-1.67
3.67
1.67
3.33
-3.33
0.0
-1.33
3.0
6.0
3.0
-2.33
-0.67
4.33
-0.33
0.67
2.0
1.33
4.67
2.67
0.33
-2.33
1.33
1.0
