0.0
-31.67
-109.0
19.67
-49.33
-27.0
-61.33
-64.33
33.0
33.0
-25.33
23.33
119.0
-1.33
-8.0
1.67
-9.67
-30.33
-39.33
-34.67
-26.0
3.67
19.67
-34.0
4.33
0.67
-15.33
-3.0
6.0
-4.67
3.67
3.0
-5.67
2.0
-0.67
-6.0
-0.33
4.33
-1.33
-1.67
0.33
1.33
1.0
1.0
2.0
1.0
1.0
0.67
2.0
-0.33
-0.67
-1.33
-0.67
0.0
1.0
0.0
-0.33
-0.33
-0.67
-0.33
-0.33
-0.33
-0.33
0.33
-0.33
0.33
0.33
1.0
-0.33
0.0
-0.33
0.0
0.0
0.0
-0.67
-0.33
-0.33
-0.33
0.0
-0.67
-0.67
-0.67
0.67
0.67
-0.33
1.0
2.67
-0.33
0.0
0.67
-0.67
-1.33
-1.0
0.33
-0.33
-1.0
-0.33
-1.0
-0.33
0.33
-0.33
-1.33
1.0
0.33
0.0
0.0
0.33
1.0
1.67
-1.0
2.0
3.33
-2.0
-1.0
5.33
1.33
3.33
2.33
-1.33
-2.33
-0.67
1.33
-2.67
2.33
1.33
-2.0
1.33
0.67
1.67
2.33
-3.67
0.33
-2.33
-1.67
1.67
4.0
1.0
-1.67
2.33
1.0
1.0
4.0
4.67
-4.0
-2.33
2.0
6.0
-1.33
-3.33
3.0
-2.33
-1.33
3.33
4.33
-6.0
4.0
-0.67
0.33
4.0
0.67
1.33
-0.33
-4.33
3.33
-2.0
2.33
-0.67
-0.67
2.67
6.67
-1.67
7.67
2.67
5.0
1.0
6.33
5.0
4.0
-0.33
1.33
11.33
-0.33
2.67
4.0
2.33
-0.33
-1.33
-0.33
2.67
5.67
0.67
0.67
1.0
8.67
2.67
-2.67
-1.0
0.67
7.33
3.33
4.33
-1.0
2.33
1.67
2.0
-5.33
-2.33
-4.33
7.67
-0.33
-0.67
4.33
3.33
7.0
9.0
-5.0
-1.67
7.0
5.33
2.0
5.0
1.67
-2.33
2.33
-0.67
-1.0
-6.0
6.67
0.33
2.33
4.67
4.67
-2.0
6.33
4.67
0.33
1.33
-2.0
-0.33
4.33
0.33
0.33
2.0
12.0
-1.0
-1.33
7.0
6.33
3.33
-3.0
0.0
3.0
-2.67
2.0
3.33
3.33
4.67
3.33
-3.67
4.0
7.33
9.67
-2.33
-3.0
9.33
0.0
0.67
0.33
0.0
-3.67
4.33
1.33
4.67
-2.33
3.0
4.0
2.33
7.33
3.67
-0.67
3.33
7.0
4.33
2.0
-3.67
-7.0
7.33
0.67
7.33
-3.67
6.67
-1.0
0.67
3.67
-1.67
2.67
-0.67
-0.67
6.0
2.33
1.33
-1.33
8.0
-1.0
1.33
6.0
-3.0
-4.33
1.33
-5.0
-1.33
9.67
-2.33
7.33
1.0
0.0
5.0
1.33
1.67
7.0
1.67
5.33
2.33
0.33
4.67
0.33
6.67
-0.33
0.33
-1.33
1.0
-3.67
-1.0
0.67
-4.0
1.0
-3.67
-4.67
0.67
4.0
-1.67
7.0
2.33
-0.67
-0.67
2.33
3.0
2.33
-6.67
1.67
1.0
-2.0
-1.33
-1.33
-5.33
3.67
1.0
5.33
3.0
2.33
-2.67
7.0
-3.33
1.33
-2.33
-3.33
7.67
0.67
0.33
-4.0
-1.0
-6.0
-4.0
6.67
-1.33
4.0
-0.67
4.0
1.33
-7.67
-0.33
2.33
-1.0
-1.0
-2.33
-1.67
3.67
1.33
0.0
-1.67
-3.67
-2.0
-0.67
0.33
-1.0
-3.0
-3.67
1.67
5.67
-2.67
6.33
6.67
-0.67
1.33
2.33
1.33
-2.67
-1.0
1.0
3.67
-3.0
-0.67
-2.33
0.0
1.0
7.0
-1.0
-0.67
8.67
5.67
-3.67
0.33
2.0
5.0
4.0
0.0
-1.33
-3.0
-1.0
10.33
4.67
5.0
0.0
1.0
5.33
2.0
0.33
5.33
-1.67
-4.33
-0.33
1.0
5.0
1.67
-2.33
-1.67
-5.0
-2.67
1.67
5.67
3.67
-3.33
-0.33
3.33
3.33
0.33
-0.33
1.0
-3.0
0.33
1.33
-2.0
1.33
-1.67
1.33
2.67
1.33
0.0
-1.33
-4.33
-1.33
3.0
1.67
-3.0
-4.33
1.33
-0.33
5.33
0.33
0.67
2.0
5.0
1.33
1.67
-3.0
0.33
-1.67
5.67
-1.67
5.0
-2.67
2.67
3.67
3.67
-1.0
2.33
3.67
-2.33
0.0
0.0
-2.33
-2.33
2.0
1.67
4.33
0.0
-1.33
4.67
-1.67
-1.0
4.33
8.33
3.67
4.67
-1.67
-3.67
0.67
0.67
-1.67
1.67
3.67
-3.67
0.0
1.33
-2.0
2.0
0.67
4.0
-4.67
-0.67
0.67
1.0
0.0
8.33
-3.33
-2.0
1.0
4.33
-0.67
2.67
2.67
-4.33
-3.33
-2.67
-6.0
0.67
-4.0
2.0
-1.67
4.0
3.0
-1.67
5.67
3.0
-2.0
3.0
0.67
1.67
1.0
1.0
1.33
-1.33
1.0
-2.67
0.0
3.0
-0.33
-1.67
4.33
4.0
3.0
-2.0
3.0
-4.0
2.0
0.33
5.0
-2.33
-1.33
-2.0
-3.33
-1.0
2.33
2.0
-0.67
3.33
0.67
2.0
-1.0
0.67
9.0
-2.67
-5.33
0.0
1.67
-0.33
6.0
-2.0
2.67
6.33
2.33
-2.0
2.33
3.33
0.67
2.0
-3.0
0.67
-2.67
1.67
-2.0
0.0
1.33
-1.0
-2.33
2.0
1.67
-2.0
-3.0
-1.0
-5.33
2.0
2.67
-1.33
-1.0
0.67
-1.33
1.33
5.67
-0.33
-2.33
-0.67
-1.67
3.0
-1.0
0.67
-1.33
1.33
0.0
-2.0
0.0
-1.0
2.0
4.33
-5.33
3.33
-0.33
0.33
2.0
-4.0
0.33
-2.0
0.67
-2.33
1.0
-3.33
-1.33
-2.33
3.0
-2.67
-0.33
-1.67
-1.67
0.33
0.0
1.67
-3.67
-5.33
1.33
-2.0
7.67
2.0
-1.33
-3.67
1.67
-4.0
0.33
-2.33
-1.67
-3.33
2.33
-2.67
2.67
-0.67
1.33
-1.33
2.0
-1.0
2.67
4.33
-0.67
-3.67
-3.67
1.67
4.33
-2.0
1.0
-1.0
5.67
2.67
-3.0
0.67
-2.0
-2.0
2.33
-3.33
4.0
7.0
4.33
9.33
-2.0
-0.67
-1.67
-2.0
1.0
0.0
-1.33
2.67
-1.0
-1.67
1.33
3.67
1.67
-3.33
-6.0
-5.0
-1.67
0.33
-4.0
0.67
-2.33
-4.33
-6.33
-7.33
-0.33
2.33
-1.33
2.67
5.0
-1.33
-0.67
0.33
-1.0
-4.0
-1.67
-3.67
0.0
-5.0
5.33
-4.67
3.33
-3.33
-2.33
0.0
-3.0
-0.67
-0.33
2.33
2.33
-3.67
7.33
-7.67
1.67
4.0
-4.0
4.0
3.67
-1.67
-5.33
-1.0
-0.33
1.33
0.0
4.33
3.0
-1.33
-2.33
-0.33
8.0
6.67
-3.0
4.67
2.67
5.67
-4.67
-0.67
0.0
-0.67
7.67
0.33
3.0
1.67
1.0
2.33
-4.0
2.33
1.67
5.67
-0.67
-4.67
0.33
0.0
-0.67
3.0
-1.0
-2.0
-5.67
-1.67
0.0
7.0
5.67
7.33
-0.67
0.33
2.67
5.0
2.0
1.0
-3.33
-1.33
3.67
6.33
5.67
-3.67
0.33
4.33
7.67
3.67
-5.33
3.67
-2.0
2.0
-0.33
0.67
5.33
10.0
1.33
-2.67
0.0
-3.67
6.67
2.0
-2.0
-2.0
3.0
2.0
9.0
-0.67
2.0
-1.0
3.33
4.67
0.0
2.67
16.33
-3.0
8.0
5.67
1.33
-1.67
5.0
-1.67
3.0
9.33
-2.67
3.33
1.0
4.0
2.67
-3.0
5.0
8.67
6.67
11.33
-5.0
-2.67
5.67
7.0
-2.33
4.0
6.0
1.33
12.33
1.67
5.67
3.67
-2.33
6.0
-3.33
0.33
2.67
7.33
-2.0
4.33
2.0
-2.33
4.33
3.0
3.67
-1.0
4.67
5.67
1.67
-3.67
-3.33
5.0
-1.0
8.33
-1.33
-1.33
-1.0
8.33
9.0
9.33
5.33
4.67
0.67
8.0
-2.0
2.67
9.0
14.0
8.67
6.33
6.0
5.33
4.0
0.33
5.0
8.33
1.67
7.0
0.67
6.67
-4.33
-0.33
-1.33
5.0
2.0
-1.67
0.33
7.67
-3.67
3.67
0.33
12.0
2.33
5.33
-2.33
7.67
-2.0
-1.67
2.0
10.0
3.0
9.67
3.67
6.33
8.67
1.33
8.33
7.33
9.0
4.33
10.33
11.0
0.33
8.67
8.0
6.67
3.0
2.33
2.0
6.33
5.67
0.33
-7.0
-0.67
-1.67
1.67
7.0
5.33
0.0
6.0
1.33
4.33
9.67
-1.33
10.33
-5.0
3.67
3.0
-0.33
1.67
4.67
1.67
3.67
1.67
3.67
-1.0
2.0
5.67
-3.0
2.0
6.67
6.33
-4.67
0.33
9.33
8.0
1.33
4.33
12.67
3.67
8.67
1.33
14.0
-1.0
13.0
2.33
9.0
15.67
4.0
11.67
12.67
9.0
24.67
34.0
21.0
31.33
31.33
36.0
30.33
31.33
38.0
29.67
25.33
37.67
35.33
47.67
39.67
29.67
28.33
28.0
20.33
36.67
29.33
23.0
21.33
16.33
21.0
13.67
13.67
6.67
11.33
1.67
3.67
17.33
-6.33
15.0
8.33
9.0
14.33
8.67
14.33
11.33
4.67
10.33
1.33
0.0
3.67
5.33
7.67
3.67
2.33
8.33
7.67
8.0
3.33
3.67
4.67
10.33
13.0
4.67
11.0
6.67
6.67
12.67
10.0
7.0
10.33
15.0
7.67
8.67
12.33
6.33
5.33
6.67
-3.67
4.67
9.67
3.67
7.67
13.0
17.67
2.0
10.33
10.67
-4.33
6.0
3.67
6.33
7.0
8.0
10.33
-0.67
8.0
8.0
5.0
8.67
5.67
10.67
5.33
2.67
11.67
14.67
15.33
9.33
13.0
3.0
6.0
10.33
4.67
0.0
2.33
4.33
15.0
1.33
2.0
20.67
13.33
11.0
8.67
8.67
11.67
11.67
11.0
16.33
21.0
11.67
10.0
-2.33
24.0
9.33
13.67
15.67
23.67
7.0
9.33
-1.67
16.0
10.33
11.67
11.0
1.67
3.67
8.67
19.0
9.0
9.33
11.67
9.67
8.33
14.67
9.0
-4.0
14.0
7.33
4.0
3.0
9.67
12.33
6.33
20.33
10.67
-3.67
16.33
15.33
11.0
11.67
6.67
1.33
11.33
13.0
15.0
8.0
6.67
9.33
6.67
16.33
6.67
3.33
12.33
4.67
9.33
2.0
6.33
11.33
6.0
6.33
7.33
4.67
8.0
11.33
4.0
9.0
12.33
13.0
20.0
8.33
5.67
2.0
14.67
12.67
9.0
9.67
6.33
12.33
12.0
8.33
15.33
6.33
-1.0
8.67
13.33
10.33
9.0
6.0
11.33
11.67
10.67
11.67
12.33
12.33
14.67
11.0
4.67
10.0
18.33
4.33
1.67
6.33
17.33
5.0
8.33
3.67
16.67
11.33
6.0
12.67
13.67
18.33
11.67
4.33
7.33
18.0
10.33
2.67
20.33
6.33
20.67
4.33
9.67
6.0
7.67
15.33
20.67
9.0
10.0
9.0
9.33
19.0
15.33
18.0
8.67
18.0
26.33
17.33
26.33
19.0
34.33
29.0
44.67
35.33
50.0
39.67
63.33
80.33
87.67
90.0
97.67
164.67
144.33
156.67
184.0
208.0
210.0
250.67
228.33
282.0
283.67
279.33
316.67
357.0
311.0
342.67
346.0
314.0
325.0
339.33
346.0
321.67
304.33
283.0
234.0
261.67
241.33
198.33
191.33
146.33
131.33
138.33
103.67
100.0
73.67
62.0
52.67
36.67
30.0
32.33
28.33
11.0
29.67
4.0
6.0
21.0
12.33
18.33
3.33
28.0
11.33
21.67
5.67
9.33
-1.33
19.67
14.0
10.0
15.0
13.67
13.33
4.67
10.33
17.33
11.33
13.67
10.33
8.33
1.67
8.0
4.33
12.67
4.67
18.67
14.67
6.33
2.0
3.0
7.33
10.33
8.33
21.0
17.67
4.67
9.0
10.0
5.33
0.67
17.0
8.0
8.0
18.67
14.33
9.33
1.67
14.67
20.33
15.33
14.0
14.33
6.0
9.33
1.0
9.67
-5.67
12.0
7.0
7.0
4.33
1.0
7.67
2.33
-1.33
6.33
17.0
12.0
6.67
8.0
10.67
9.67
1.0
-0.33
11.33
3.67
9.33
1.0
13.0
10.0
8.0
4.0
-8.0
12.33
0.33
10.0
9.0
10.67
7.67
7.67
15.67
-3.67
-3.67
2.0
6.33
-5.33
6.0
18.67
5.67
6.67
17.33
4.33
-1.0
11.33
14.0
5.67
-9.67
-2.0
10.33
-6.67
3.0
14.33
17.0
14.0
-5.67
-4.67
6.0
15.0
6.0
2.67
8.67
-5.0
-14.0
4.33
6.67
2.33
2.33
2.33
11.0
12.0
3.67
17.0
4.0
18.33
7.67
10.67
-8.0
6.0
2.67
13.33
-4.0
-3.33
3.67
7.67
3.0
8.0
1.67
6.67
13.33
3.0
-1.33
14.33
0.33
-1.33
8.67
4.0
-1.0
3.67
8.67
7.33
13.67
-1.0
-1.0
12.0
12.33
16.33
16.0
2.0
0.0
7.67
19.0
6.33
1.0
9.67
3.33
2.33
0.67
1.33
1.33
4.33
-3.0
-2.0
-3.0
5.33
5.0
12.33
-7.0
-2.67
7.0
4.67
5.33
8.67
16.67
0.0
-8.0
6.67
-3.0
8.0
20.33
6.67
-0.33
0.0
-2.33
-3.67
6.0
10.0
-8.33
-4.67
0.0
5.0
15.0
-7.0
-4.0
-3.33
-4.33
11.0
5.0
4.0
9.33
8.0
10.33
5.0
-7.0
9.0
11.0
1.0
4.33
7.33
-3.67
13.0
5.67
-1.33
16.33
2.33
19.67
5.67
7.33
1.67
18.0
-3.67
3.67
7.0
4.67
15.0
12.67
8.33
7.67
9.33
36.67
27.33
9.33
20.0
10.67
15.0
15.33
-0.33
21.0
2.33
17.0
16.67
9.67
20.33
18.0
22.33
3.0
-2.67
11.67
0.0
5.33
19.0
8.67
16.0
1.33
10.0
9.0
2.33
14.67
18.67
-1.33
6.0
2.67
-5.33
8.33
3.67
7.0
6.0
-4.0
-4.33
0.33
3.33
9.67
-7.33
10.33
5.67
-5.33
3.0
-8.0
8.0
9.67
-2.33
10.33
2.67
-0.33
6.0
-6.67
-0.33
5.67
3.67
-8.33
7.33
-10.67
15.33
3.0
10.0
11.33
3.0
0.0
4.0
9.67
-1.0
-0.67
-5.0
3.0
-6.67
-7.0
8.67
-6.67
5.67
-4.33
-3.0
6.0
-5.33
7.67
0.0
4.0
-2.67
0.0
-10.0
5.0
6.67
-3.0
22.67
7.33
-2.0
1.0
6.33
2.67
-6.0
5.67
-6.33
-2.67
-6.67
5.33
9.0
-6.33
4.0
-2.67
13.67
-3.33
12.67
7.33
8.0
2.33
-4.0
2.33
2.33
0.33
-4.33
1.0
5.33
-2.67
12.67
10.67
0.67
-5.0
6.33
5.33
9.0
-2.33
5.67
6.0
8.33
2.33
6.67
3.67
10.0
7.0
8.67
7.67
9.33
20.0
1.33
8.67
6.33
16.33
15.0
14.33
22.67
3.0
15.0
16.0
8.67
5.67
16.33
1.33
11.33
5.67
13.67
4.0
0.33
7.33
12.33
23.33
8.67
3.67
9.0
12.33
0.0
9.0
4.67
11.0
7.0
3.33
-2.0
-4.33
-4.67
-7.67
8.33
-9.0
-4.67
2.33
3.67
6.0
-1.67
1.33
2.67
9.33
1.0
12.0
-1.33
-1.33
5.33
13.0
1.33
0.0
-5.33
11.67
-3.0
1.67
3.33
3.33
4.0
3.33
-6.0
-2.67
1.67
5.67
4.33
14.33
5.33
1.0
3.33
6.0
8.0
-2.0
-2.0
0.0
-3.33
-2.33
-1.33
2.33
-3.0
9.67
-4.0
-1.0
-5.67
1.0
0.33
4.0
9.33
3.33
5.0
9.0
7.33
-6.67
0.0
0.67
-4.67
0.33
3.0
-1.0
3.67
10.33
8.67
-5.0
-9.33
11.33
-0.33
-3.33
-1.33
3.33
-4.33
6.67
2.67
-8.33
-7.67
5.0
3.0
11.33
8.0
1.33
-0.33
7.0
-4.33
3.67
3.0
-2.0
3.33
4.0
1.67
-0.33
-1.0
-4.0
0.0
-2.67
0.0
10.67
2.67
-3.67
-5.0
3.0
0.33
2.0
5.0
-2.67
7.33
-1.67
1.33
-4.33
4.0
-6.0
8.0
2.67
4.0
1.33
9.67
-0.67
9.33
0.0
-2.0
8.33
4.33
11.33
9.33
15.0
5.67
5.67
3.33
7.67
2.67
-3.33
3.33
-1.67
9.67
4.33
7.0
12.67
-0.33
2.67
8.0
7.0
2.0
5.33
3.67
-0.67
0.33
10.0
1.33
3.0
5.0
2.67
7.67
3.67
1.67
0.0
-3.33
6.33
3.33
2.33
3.67
8.33
-0.67
-1.0
-2.67
6.0
-0.67
1.67
-2.0
5.0
-3.0
1.33
-1.33
4.33
3.67
3.0
1.0
4.67
1.67
0.33
2.33
-1.33
0.0
-1.33
-1.67
0.0
-2.33
0.33
1.33
0.33
8.0
-6.0
1.67
-3.33
6.0
4.67
12.0
5.0
0.67
-0.67
8.33
1.0
-1.33
-0.33
-3.33
5.0
0.67
-2.67
-3.0
2.67
-4.33
1.0
-2.33
-1.0
0.0
2.33
2.67
3.67
3.33
1.33
-3.67
3.0
-2.0
3.0
-3.33
-1.67
-5.0
-4.0
1.67
-1.33
-1.33
-7.0
1.33
2.67
-1.67
-5.67
4.67
-2.33
-4.67
0.0
-0.67
-4.67
0.33
5.67
7.0
3.33
-1.33
1.33
-0.67
-0.33
3.33
-1.67
-4.67
-3.67
1.67
-0.67
0.0
1.0
0.33
-4.33
-6.33
4.67
-0.67
3.0
3.0
-0.67
-1.0
1.67
-2.33
-4.0
5.67
