0.0
14.33
24.0
-82.33
0.67
49.0
-8.33
56.67
44.0
108.0
77.67
42.33
8.0
77.67
62.0
10.67
50.33
-32.33
42.67
-17.67
16.0
-16.33
0.67
11.0
19.33
-2.33
8.67
-13.0
5.0
-7.67
-15.33
-8.0
-0.67
5.0
-4.67
-7.0
0.67
1.33
2.67
1.33
2.33
0.33
0.0
0.0
0.0
0.0
0.0
-0.33
0.0
-0.33
-0.67
-1.33
-0.67
2.0
1.0
0.0
-0.33
-0.33
0.33
0.67
0.67
-0.33
-0.33
-0.67
-0.33
0.33
0.33
1.0
-0.33
1.0
0.67
-1.0
0.0
0.0
-0.67
-0.33
-0.33
0.67
0.0
-0.67
0.33
-0.67
-0.33
-0.33
1.67
1.0
-0.33
0.67
-1.0
-0.33
-0.67
-0.33
-1.0
-0.67
0.67
-1.0
0.67
1.0
1.67
-0.67
-0.33
-2.33
1.0
0.33
-1.0
0.0
0.33
2.0
-1.33
0.0
5.0
3.33
-1.0
-2.0
1.33
-1.67
1.33
4.33
1.67
2.67
1.33
3.33
3.33
-1.67
4.33
0.0
-2.67
-2.33
-0.33
-0.67
0.33
-3.67
-0.33
-1.67
6.67
6.0
3.0
-4.67
4.33
-2.0
-4.0
-2.0
1.67
-1.0
-1.33
4.0
-4.0
1.67
-2.33
4.0
0.67
-4.33
-0.67
-3.67
-4.0
2.0
1.33
0.33
1.0
1.67
3.33
10.67
-0.33
-2.67
-1.0
-0.67
-1.67
1.33
1.67
1.67
1.33
0.67
-2.33
2.0
6.0
4.33
4.0
-5.0
-1.33
4.33
9.33
6.67
10.67
1.0
3.33
5.67
2.67
-0.33
1.67
1.67
4.67
0.67
-2.0
-2.33
1.67
7.33
-3.0
-1.33
1.33
-0.67
0.33
1.0
4.33
2.67
0.0
-2.33
1.67
-1.33
4.67
1.67
2.33
7.33
-2.67
1.0
7.0
1.0
-1.67
2.0
1.33
4.0
-1.0
-3.33
-0.33
2.33
5.33
1.0
-4.0
-1.33
1.33
7.33
6.67
4.67
-1.0
6.33
0.67
3.33
2.33
-1.0
-1.33
2.33
1.33
4.33
0.0
5.0
3.0
1.67
0.0
2.33
0.33
-4.0
1.0
-3.0
3.33
-5.0
-4.67
2.33
6.67
5.33
2.33
-2.0
1.33
3.67
8.67
-3.0
-3.67
2.0
-2.33
-1.67
2.0
-6.67
6.33
4.33
0.67
-0.33
5.0
11.0
1.33
1.33
0.67
0.33
2.33
6.0
5.33
8.0
-3.67
0.0
1.33
-1.33
-0.67
-0.67
6.67
3.0
2.67
-4.33
1.33
2.67
-0.67
-1.67
-1.0
0.33
0.33
4.67
0.0
11.0
0.33
-1.0
1.0
-0.33
4.33
-6.0
1.67
-1.33
-3.33
4.33
2.0
-7.0
4.0
3.33
3.67
-2.0
2.67
2.33
-1.67
2.33
5.67
2.33
-1.33
3.67
5.33
-3.33
0.0
-1.67
7.0
1.67
2.0
-6.0
3.33
-1.67
0.67
1.0
0.33
4.0
-1.67
1.33
3.33
-0.67
1.0
6.33
-1.67
-2.33
0.0
0.0
-2.33
-2.33
-1.33
0.67
9.0
-0.67
-5.0
3.33
-6.67
3.0
-5.33
-1.67
3.67
-2.33
-0.33
0.67
-3.67
-2.0
4.0
5.0
2.0
2.67
4.67
3.0
2.33
2.0
-1.67
-0.67
-6.33
-1.67
2.0
-3.0
0.67
0.33
-0.33
-4.67
1.0
-0.67
5.33
-5.0
0.33
-1.67
-4.0
1.0
-0.67
1.67
-6.33
2.33
2.33
7.67
0.33
1.33
0.33
-3.67
-0.67
4.0
-1.0
3.67
2.0
-0.67
-2.33
0.0
-3.0
0.0
-3.0
-4.67
-2.33
-0.33
-0.67
-1.67
-1.0
0.0
3.0
-3.0
3.67
-1.0
1.0
-1.67
-0.33
-4.0
-1.0
0.0
-2.67
2.0
-1.67
-3.67
0.33
0.67
-0.33
3.0
2.0
0.67
4.67
-0.67
3.0
-1.67
-5.33
2.67
1.67
0.67
-4.33
-1.67
6.33
1.33
-2.33
5.0
6.0
1.33
-0.67
0.0
0.33
6.33
8.33
7.67
0.33
1.0
2.67
-7.33
1.67
0.0
6.67
1.0
3.67
-1.67
4.67
-0.67
1.33
-1.33
0.0
0.0
3.33
4.67
-6.0
1.33
3.33
1.67
1.33
3.0
-1.67
-0.33
-1.33
1.67
3.0
-2.67
0.67
-1.33
0.0
-2.0
1.67
-0.33
3.0
-0.33
1.33
-2.0
1.67
-1.33
-1.67
-3.0
3.33
1.33
-1.33
3.67
1.33
0.33
0.67
-0.33
-1.67
-0.33
0.67
0.33
7.0
-0.67
3.0
2.0
2.67
3.0
-0.67
1.33
-0.33
1.0
-3.0
-2.67
-2.33
-1.0
4.0
1.33
-2.67
7.67
0.67
0.67
-1.33
-2.67
-1.0
-1.33
-1.0
-3.0
2.33
-2.0
3.0
-4.67
-1.33
5.0
-3.0
0.0
6.67
1.67
0.0
0.0
-0.67
3.67
3.0
1.33
-2.0
0.0
-2.33
2.33
7.33
0.0
2.0
2.0
-1.0
1.0
2.0
-1.67
-5.0
2.67
-1.33
3.0
0.67
3.0
2.33
1.0
-1.67
1.33
0.67
0.0
-1.0
1.67
2.0
-0.67
-5.33
5.0
-4.33
-4.33
4.0
-4.0
1.67
3.33
2.33
1.0
4.33
-3.67
-0.33
3.0
3.0
2.67
-1.67
-1.33
3.0
-2.0
0.33
2.0
-2.33
1.0
1.67
0.0
1.0
-4.0
-2.33
2.0
-4.33
1.67
-3.0
0.67
-3.33
-1.67
2.67
-0.33
-1.33
0.33
-1.67
1.0
-7.0
-1.33
-0.33
-0.67
3.0
0.0
-3.0
1.0
1.0
6.33
-5.33
1.33
7.67
1.33
-5.0
-2.0
-5.67
-1.0
-0.33
-3.33
1.0
0.67
1.67
-3.33
1.0
-1.67
0.67
-2.67
-5.67
-2.67
1.0
-0.33
-3.67
-5.33
0.33
-1.0
5.67
1.0
-3.33
1.33
0.67
-4.0
0.33
-2.33
1.33
-1.33
-5.67
-0.67
-0.33
2.33
-1.67
-1.33
-2.0
0.0
-0.33
0.33
-1.67
-2.67
-0.67
-2.33
4.33
-2.0
2.0
-4.0
4.67
1.67
-2.0
4.67
-1.0
0.0
-0.67
1.67
8.0
1.0
3.33
4.33
-4.0
-3.67
3.33
0.0
-2.0
1.0
-1.33
-2.33
-3.0
1.33
-1.67
-1.33
-1.33
-5.33
-4.0
-1.0
0.33
-3.67
-5.0
2.67
-8.33
-3.33
-2.33
-1.33
-2.33
0.33
-7.33
-3.33
-3.0
-4.33
-4.67
0.33
-2.0
-2.0
-1.67
-2.67
3.0
-5.0
2.33
-2.67
4.33
2.67
-5.33
2.0
-1.0
-0.67
-1.33
-2.67
-0.67
2.33
2.33
0.33
1.67
-1.0
-2.0
0.0
0.67
-3.67
1.67
3.0
-2.33
-0.67
-1.0
-2.67
0.0
1.67
-0.33
-1.33
1.0
2.67
1.0
-4.33
0.67
2.67
2.33
2.33
2.0
-1.67
3.67
0.33
1.0
-1.33
2.0
-5.67
-5.0
0.33
4.67
1.67
4.33
-4.67
3.33
-1.0
0.33
0.0
1.0
0.0
-3.67
-3.67
7.0
-2.0
5.67
3.33
3.33
-0.67
4.67
3.0
7.0
7.0
5.67
1.67
3.67
-1.67
-0.33
9.33
0.33
0.33
0.67
-5.33
-3.33
-2.33
0.0
2.0
-6.33
3.67
4.33
2.0
-6.67
-2.67
-1.0
0.33
-0.33
5.0
-5.0
2.0
3.0
0.0
3.0
3.33
-3.0
1.0
-0.67
4.67
-6.0
5.67
2.33
-4.0
-2.0
-0.33
0.33
-1.67
-7.0
-0.67
2.0
0.33
-2.67
-6.67
0.0
2.0
-0.33
4.0
3.0
1.67
-1.33
-0.67
-7.0
1.33
6.67
5.0
-5.33
4.0
-2.0
-5.67
6.33
0.67
-3.33
-0.33
-3.33
-2.0
6.67
0.33
1.67
-5.67
4.0
-2.67
-1.0
-9.33
-4.67
-2.0
1.67
8.0
1.67
1.67
-2.33
-0.67
-5.33
1.0
-6.0
6.33
-6.33
-7.33
-2.0
4.33
2.0
5.33
1.33
4.67
2.67
-5.0
-6.0
-5.33
5.0
2.0
-9.33
2.33
2.0
6.33
1.0
3.33
1.0
-3.67
-2.33
2.0
-1.33
-0.33
3.67
-5.33
3.67
-3.0
0.0
-2.67
-0.67
5.67
-3.67
-5.33
3.33
0.0
-2.67
0.33
-6.33
3.67
0.0
-0.67
4.0
-2.0
-4.0
-1.33
1.67
1.33
-0.33
1.33
5.33
-2.67
2.0
-3.67
5.33
8.0
-2.67
-1.33
-6.0
-0.33
-1.0
2.33
-1.0
2.33
3.67
-6.67
-8.0
-6.67
-1.67
-2.33
0.0
-7.67
1.0
1.0
-0.67
8.33
1.67
-7.33
1.33
-4.0
0.67
-9.0
7.67
-7.33
-4.33
-0.33
-6.33
0.67
3.67
-11.0
-6.0
9.67
-7.0
4.0
4.67
6.33
3.33
-0.67
-4.67
7.0
0.33
-3.67
0.67
0.67
1.67
-2.67
2.0
-3.0
9.0
0.33
1.0
2.67
7.0
10.67
-2.33
-4.0
10.67
8.0
19.0
17.33
16.33
16.0
15.33
23.33
17.0
22.67
17.33
18.67
24.33
29.67
28.67
13.67
19.33
13.0
18.33
12.67
12.33
5.0
19.33
1.33
-2.0
1.67
6.67
-4.33
5.33
3.67
-6.33
0.33
2.67
9.0
3.33
6.0
3.33
8.67
-0.67
1.33
4.67
3.33
3.33
-2.0
-1.33
-4.67
2.67
-0.33
2.33
1.33
8.67
8.0
-1.67
3.67
-1.33
-3.67
12.0
4.67
-4.0
-3.33
9.67
9.67
3.0
11.0
-2.67
-2.0
7.67
-1.33
2.33
8.33
3.33
11.67
-2.67
7.67
1.67
6.67
3.67
7.0
0.67
-7.0
-0.67
3.67
0.67
4.0
6.67
2.33
8.0
1.0
1.33
5.33
-2.0
0.0
4.0
3.67
0.67
7.67
-0.67
8.67
-1.33
8.67
4.33
4.33
5.0
-3.0
2.0
3.33
-2.33
-1.0
4.33
1.33
5.0
0.33
6.0
4.67
9.33
0.0
2.67
-1.33
-12.33
5.67
8.0
7.33
4.0
16.67
6.0
-9.33
7.0
1.33
1.67
17.67
4.67
-1.0
-0.67
-2.67
5.0
-1.67
1.67
-4.0
0.67
6.67
7.67
8.0
7.0
4.33
10.67
8.67
1.33
6.67
5.0
0.0
8.0
13.33
8.0
-1.0
-0.33
14.33
-1.67
6.33
14.67
-4.67
15.33
3.33
0.0
14.67
4.67
5.33
4.33
1.0
1.0
5.0
0.67
10.33
-8.33
9.33
6.67
15.33
7.33
4.67
10.33
8.0
11.33
3.33
9.0
-2.67
3.33
2.67
4.0
6.33
3.0
8.0
6.33
4.0
6.0
8.33
-0.33
-2.0
0.67
1.67
4.0
14.67
2.33
8.33
8.0
2.33
-2.67
9.33
-4.0
0.67
11.33
1.33
10.0
6.0
-1.67
8.67
-1.33
6.67
14.33
10.33
14.67
2.0
-0.33
8.0
3.33
-0.67
-0.33
0.33
14.33
-1.0
3.33
-0.33
1.67
5.33
8.0
5.67
10.67
0.33
0.67
7.33
17.33
15.0
8.33
8.67
6.33
7.33
8.67
4.33
6.67
4.0
-0.33
6.33
7.67
9.0
15.0
8.0
0.33
4.0
4.33
6.0
1.67
19.0
11.33
10.33
1.33
14.0
20.33
15.0
25.67
21.33
25.0
28.67
25.33
41.33
52.67
64.0
81.67
82.67
83.33
88.67
112.0
109.0
124.0
126.67
158.33
168.0
146.67
163.33
177.67
173.0
192.0
187.67
180.0
178.0
198.0
195.33
176.0
181.67
157.33
192.0
128.0
153.67
131.33
134.33
122.33
90.33
81.33
72.33
69.67
56.0
35.67
48.0
20.67
29.67
18.0
17.33
28.33
6.0
11.67
11.0
5.0
21.0
11.33
11.33
-0.67
5.0
1.33
6.67
-5.33
6.33
-0.33
7.67
7.0
-2.0
9.0
1.67
-3.67
4.67
-3.67
9.33
1.33
4.67
6.33
7.33
3.67
1.0
8.33
9.67
-2.33
13.67
15.67
5.33
-1.0
17.0
2.33
12.33
2.33
10.0
3.67
3.67
-3.0
7.0
5.33
0.67
10.0
8.0
10.0
9.67
11.33
-3.67
3.67
4.67
10.33
10.33
7.0
15.33
2.0
0.33
10.0
2.67
3.33
3.0
12.0
-2.0
0.33
10.0
-10.33
10.33
-10.33
2.33
5.0
11.0
4.67
3.0
-9.33
21.67
5.0
-1.33
10.33
7.67
10.33
1.0
8.0
11.0
-1.0
6.0
6.0
4.33
12.33
8.0
-2.0
5.67
7.67
5.67
13.67
-0.67
-0.67
-5.0
-0.67
-3.33
11.0
6.67
1.67
14.67
7.33
-3.67
-8.0
5.33
2.0
1.67
0.33
-1.0
-3.67
-0.67
8.0
-1.67
-2.0
9.0
2.33
7.33
9.0
-5.0
-5.0
-0.33
5.67
0.0
-6.0
3.33
5.67
0.33
5.33
-4.67
6.0
-6.0
7.67
-1.0
-1.0
1.33
-2.33
7.67
-1.0
-5.0
-1.33
13.33
1.0
-5.33
1.67
1.67
-3.0
-8.0
9.67
-0.33
-2.67
-4.0
2.67
11.33
-4.67
12.67
11.67
-3.0
11.0
3.67
14.67
0.33
-1.33
-3.0
2.0
22.0
15.33
16.33
7.0
13.0
1.0
5.67
19.0
6.33
-8.0
4.67
-1.67
1.33
8.67
13.33
7.33
2.33
-4.0
9.0
7.0
10.33
7.0
-8.67
-4.0
12.33
-11.0
-4.33
24.33
12.67
12.67
-5.0
-3.0
2.67
-1.0
-3.0
4.33
1.67
-2.33
3.0
-1.33
-8.67
-12.0
-2.0
-5.33
-9.67
2.0
3.0
15.0
-7.0
-9.0
0.67
1.67
8.0
5.0
4.0
15.33
5.0
4.33
-10.0
-3.0
-6.0
1.0
5.0
-0.67
4.33
2.33
13.0
7.67
-5.33
-5.67
9.33
4.67
-2.33
-1.67
-0.33
7.0
2.33
6.67
-3.0
2.67
13.0
13.67
12.33
-7.33
5.33
19.67
17.33
-3.67
-5.0
10.67
11.0
17.33
-4.33
12.0
3.33
-6.0
4.67
5.67
17.33
14.0
4.33
-10.0
-5.67
-7.33
-1.0
-1.67
4.0
2.67
13.0
0.33
9.0
3.0
8.33
-0.33
9.67
-2.33
-2.0
-5.33
-6.33
-9.67
8.67
10.0
1.0
-9.0
-2.33
5.33
-1.67
-2.33
-7.33
0.33
-6.33
3.67
3.0
-10.0
8.0
7.67
8.67
-1.67
2.67
-1.33
-5.0
18.33
-1.33
2.67
-1.33
-2.33
1.33
-4.67
7.33
2.0
0.0
-1.67
6.0
-4.0
-5.0
-0.33
1.0
1.33
-13.0
4.0
-2.67
5.0
5.67
-4.67
12.67
3.67
-2.0
6.0
7.67
5.67
-3.0
9.0
7.33
-1.0
-2.0
8.0
5.67
-6.0
-3.33
-1.67
-1.0
-6.0
16.33
6.67
2.0
-0.33
4.67
6.33
7.33
9.33
0.0
-4.33
6.0
5.33
5.67
-4.33
8.67
-6.67
-8.0
-11.67
0.0
11.33
12.33
1.33
-4.33
3.0
10.33
10.33
7.67
11.67
1.67
5.0
8.33
0.33
6.0
6.67
5.67
-3.0
3.33
-5.67
12.67
5.67
-10.0
11.0
4.67
2.67
3.33
12.0
10.33
10.67
2.33
3.33
0.0
9.33
-0.33
-1.0
16.0
11.0
1.67
-1.33
4.33
9.33
-0.67
-1.33
6.67
9.0
6.33
12.33
1.33
17.33
-3.33
2.67
-9.0
6.33
6.0
8.0
2.67
1.0
1.0
-7.67
-1.0
11.67
5.33
0.33
8.33
-4.0
-6.67
-0.67
1.67
-2.0
-9.67
4.33
3.67
1.33
2.0
12.0
2.67
-1.33
-0.67
-1.0
11.33
3.0
3.67
0.67
0.0
-1.33
0.33
9.33
7.0
0.33
5.0
-6.67
9.67
4.67
0.33
8.33
-1.67
-1.0
-2.67
-4.0
3.0
-2.0
-4.0
-2.0
-0.33
0.67
-1.33
1.33
-6.0
8.67
-3.0
1.0
-4.67
2.0
-5.67
-4.0
0.33
-1.67
3.0
-5.0
0.33
-2.67
1.0
1.67
4.33
5.33
2.0
-3.0
-2.33
7.33
-2.33
2.0
4.67
4.33
-2.33
1.67
5.67
0.33
-2.33
3.67
4.67
-8.33
-4.67
6.0
5.0
-0.67
-3.0
0.33
0.67
0.0
1.67
-0.33
4.0
0.0
-1.67
3.0
10.67
6.67
-3.0
-1.0
-1.0
0.33
-6.0
6.67
-3.33
1.33
-8.0
-4.0
-2.67
-3.0
-6.0
-3.67
-3.67
-2.67
-0.67
1.67
-1.0
1.0
10.0
8.67
5.0
3.33
6.67
4.33
5.33
10.0
4.0
3.33
-2.67
3.33
4.33
3.0
6.67
0.67
1.33
10.67
0.67
-3.33
-0.67
0.33
-1.33
7.33
-3.0
9.67
-3.33
1.67
3.0
6.0
0.0
-2.67
-6.33
4.33
11.33
7.0
-1.67
-2.0
6.0
-4.33
-1.33
-2.33
3.67
3.0
-2.33
5.33
-2.67
-2.67
-0.33
-1.67
2.33
0.0
7.33
2.0
2.33
-2.33
-1.0
1.0
-2.0
2.33
-2.33
4.33
0.67
6.0
-6.0
-4.33
-0.33
2.33
2.33
1.67
-7.0
-4.33
0.33
3.0
-8.33
-0.67
-1.67
-2.67
2.0
-3.0
-2.33
2.67
7.0
3.67
1.0
6.0
-2.33
0.33
0.33
3.0
-3.33
4.67
2.67
-3.0
-0.33
-3.67
0.0
-0.33
-3.33
4.0
-9.33
1.0
3.0
4.33
2.67
1.67
3.33
-0.67
4.33
1.0
2.0
1.0
-1.33
4.33
1.0
0.0
-4.33
0.67
-2.33
-4.0
0.33
4.67
2.33
-1.67
1.67
2.67
-1.67
-1.0
2.33
4.33
0.33
2.67
-3.0
-0.67
1.67
-1.67
2.33
-1.33
1.33
3.33
-3.67
1.33
5.67
-2.67
-2.0
-1.0
-3.67
-4.33
-2.33
-0.33
-0.67
3.0
-3.0
-1.67
-1.0
-4.33
-0.33
-1.0
2.67
