0.0
24.33
5.0
67.67
28.67
44.0
33.67
13.67
102.0
100.0
18.67
101.33
40.0
35.67
21.0
-0.33
-26.67
-5.33
-46.33
12.33
-35.0
33.67
23.67
13.0
6.33
0.67
-1.33
1.0
-4.0
3.33
0.67
0.0
0.33
1.0
2.33
0.0
1.67
0.33
2.67
-0.67
0.33
0.33
1.0
3.0
0.0
0.0
1.0
0.67
2.0
-0.33
2.33
0.67
-0.67
0.0
0.0
0.0
-0.33
-0.33
0.33
-0.33
-0.33
0.67
0.67
-0.67
-0.33
-0.67
-0.67
1.0
-0.33
0.0
-0.33
-1.0
0.0
1.0
0.33
-0.33
-0.33
0.67
1.0
0.33
-0.67
-0.67
-0.33
-0.33
0.67
2.0
0.67
0.67
0.0
-0.33
-0.67
-1.33
2.0
0.33
0.67
0.0
0.67
-1.0
-0.33
1.33
3.67
-1.33
3.0
-1.67
0.0
2.0
0.33
1.0
1.67
-2.0
0.0
0.33
0.0
-1.0
4.33
1.33
-0.67
5.33
-2.33
-1.33
0.33
0.33
0.33
4.33
3.33
0.0
-0.67
5.67
5.67
-0.67
-3.67
-4.67
4.67
2.33
0.67
2.0
2.0
6.33
4.33
0.0
4.0
2.0
-0.33
6.0
3.67
6.0
3.0
1.67
0.67
9.0
-0.33
-1.33
2.33
6.33
-4.0
2.0
7.33
3.33
4.0
3.67
4.33
5.67
3.67
5.33
4.0
2.33
0.33
3.33
-3.33
0.67
7.33
5.67
2.67
-1.0
-1.0
7.33
2.0
-4.0
0.67
4.33
7.33
0.67
4.67
9.0
4.33
-0.33
7.67
-0.33
3.67
-0.33
5.67
0.67
0.0
1.67
8.67
0.33
-4.0
1.67
6.33
-3.67
3.33
4.0
0.33
4.67
-3.0
1.67
4.67
-1.33
4.67
6.67
2.33
6.33
-0.67
7.0
5.0
-2.0
0.33
2.0
5.33
5.0
-3.0
5.67
5.67
-2.67
0.33
-3.0
5.0
5.67
1.33
4.33
6.67
8.67
-2.0
4.33
3.67
5.33
0.33
3.0
2.67
4.33
2.33
4.33
-3.0
1.0
3.0
5.67
5.0
1.33
6.33
4.0
8.0
-2.0
5.33
1.0
2.33
3.33
8.67
3.33
2.33
6.0
7.33
0.67
1.67
-1.0
3.33
-5.0
-2.33
5.33
-1.0
-3.67
4.33
4.33
0.67
1.67
4.0
8.0
-0.67
2.33
9.67
3.33
2.33
6.0
2.33
-3.0
6.33
0.0
8.33
6.67
3.33
9.33
6.67
4.0
4.67
-0.33
8.33
4.67
1.33
1.33
5.0
4.33
1.33
-2.33
1.0
1.0
2.33
-1.0
7.0
7.67
1.33
6.0
-5.33
8.67
1.67
5.33
1.0
-5.0
4.0
12.33
-4.33
-4.0
1.67
10.33
4.33
3.33
7.67
6.33
6.67
4.67
4.33
1.67
-3.0
6.33
8.0
0.67
-1.0
-3.0
1.33
1.33
3.67
8.0
2.33
-3.0
5.33
9.33
3.33
10.33
-1.0
-0.67
-1.67
-3.33
8.0
-3.0
3.67
-1.33
-7.33
3.67
3.0
5.33
-2.0
4.33
-1.67
2.0
1.67
5.33
3.67
-4.33
1.67
-1.33
0.33
-4.0
-2.0
2.0
1.0
4.67
4.67
9.0
6.33
4.0
9.33
-7.67
-0.33
5.33
6.0
2.0
3.67
-1.67
-4.33
1.33
-5.0
-4.67
2.33
1.0
1.33
0.33
3.0
4.0
-1.67
2.67
-5.33
8.33
0.33
4.67
1.33
1.33
4.33
-4.67
1.33
6.0
-2.0
-1.33
3.0
4.33
-0.33
4.0
1.0
-1.0
-2.0
4.33
-1.33
-1.33
9.33
-1.67
4.0
6.0
2.0
9.0
2.67
-7.0
2.0
-3.67
4.67
10.0
1.0
0.0
11.33
0.0
3.33
-4.67
0.33
-0.33
-1.33
-1.0
6.0
-0.33
0.67
3.33
4.0
0.33
-1.33
1.67
8.67
-3.33
4.67
3.33
1.33
7.33
-0.33
1.0
1.0
5.33
1.33
1.0
4.33
-3.67
1.33
3.67
-0.67
3.0
2.67
2.67
-1.33
3.0
5.67
1.0
3.67
4.33
-3.33
-1.67
-0.67
4.67
-1.0
-1.0
-1.67
-0.33
-4.0
1.33
8.33
2.67
4.33
0.0
-1.67
1.67
1.67
3.67
4.0
-0.67
-2.33
0.67
-2.0
-2.0
-0.33
1.67
-1.0
-3.33
5.33
-2.0
4.67
-0.33
-1.67
-1.0
0.33
-1.67
1.67
-1.33
-0.67
-1.67
1.67
2.67
-0.67
-0.33
-5.33
2.33
-1.0
0.33
-3.0
1.0
7.67
3.0
-1.67
-1.67
0.67
1.0
1.0
4.33
1.67
0.0
-2.0
0.33
1.33
5.67
5.67
-1.33
4.67
-0.67
-2.0
5.67
1.0
2.0
-0.67
1.0
-1.0
-1.67
0.67
5.0
-1.0
0.0
-2.33
-1.33
-1.0
5.0
1.33
-1.33
2.0
1.33
0.0
4.0
-1.33
6.33
1.33
3.0
3.0
0.0
3.0
2.0
-2.0
-0.67
6.0
4.67
-2.33
-1.0
-0.33
2.0
2.33
0.0
2.33
2.33
-3.33
-4.0
1.0
0.67
4.0
-0.67
-2.33
2.0
-1.33
2.67
1.0
-2.0
0.67
3.33
2.33
-3.0
1.33
0.33
-0.33
4.0
0.0
4.67
0.33
3.67
0.0
-2.0
2.33
-2.0
-0.33
3.0
-4.33
0.0
2.0
-1.0
2.67
3.0
-0.33
-1.33
-2.0
0.67
1.67
1.33
-0.33
-0.33
1.67
-0.67
4.33
4.0
-2.0
6.67
0.67
0.33
1.0
-4.0
-1.0
-3.0
-3.0
1.33
-2.33
2.33
3.67
1.33
4.0
-2.0
-3.67
-3.0
2.67
-1.33
1.0
1.67
-2.33
-1.33
4.0
-1.67
1.67
-2.67
2.33
-3.67
1.0
-0.33
-1.67
-3.33
0.33
1.0
4.67
3.0
0.67
2.33
-2.33
1.0
-2.67
-0.33
-2.67
-4.33
-3.67
-2.67
3.67
0.33
-1.67
1.67
3.0
2.0
-2.33
1.33
1.33
-2.67
1.33
-1.33
0.33
-1.0
-1.0
3.0
5.67
-2.33
-1.0
0.67
4.0
-1.0
-1.67
-0.33
0.0
7.0
4.33
1.33
0.0
3.33
-1.67
2.0
-3.0
0.0
-2.33
1.67
-1.0
0.33
5.33
-0.33
0.67
0.67
0.0
0.0
1.33
0.33
-5.0
2.67
0.67
-1.33
-1.33
-3.33
-0.33
-1.67
-3.33
-1.33
0.0
-6.33
-2.67
5.33
-1.0
1.0
-4.67
-2.67
-5.0
3.0
-0.67
1.33
-2.67
2.67
-3.33
2.0
-5.0
-6.67
-3.33
1.33
2.33
-1.67
-0.67
-2.67
-2.33
3.0
-4.0
4.0
0.67
-4.67
-4.33
-1.0
1.67
0.33
-3.0
-0.67
5.0
-2.33
-0.33
2.67
-3.0
1.67
-3.0
0.67
1.67
0.67
-3.67
3.33
-1.0
5.33
7.67
9.33
1.0
2.67
1.0
2.33
0.0
7.33
8.67
-0.33
2.33
8.33
9.33
3.0
6.33
8.0
10.0
17.0
7.33
17.33
18.0
11.0
32.67
23.33
23.33
24.33
38.67
28.0
29.0
41.0
10.67
18.67
13.67
16.33
11.67
8.33
4.33
15.33
8.67
7.67
5.67
9.67
3.0
2.0
5.67
3.67
3.33
8.0
4.33
-3.67
5.0
3.33
1.67
5.0
1.0
4.0
8.0
1.0
6.0
3.33
-4.0
7.0
1.33
5.67
-1.0
4.67
8.33
-4.0
10.0
2.67
2.33
2.33
8.0
3.33
5.0
3.33
-0.67
-0.67
-1.0
0.0
3.67
6.0
1.0
5.67
-1.33
2.33
-7.0
3.33
0.67
3.0
-4.33
9.0
5.0
-0.67
3.33
0.67
-1.33
8.67
7.67
-4.0
3.67
1.33
4.67
0.33
1.0
5.33
-1.0
4.67
6.33
2.0
3.67
6.0
9.67
0.67
0.67
6.33
4.67
1.0
2.0
5.33
-4.33
-0.33
0.0
-4.67
3.0
8.33
1.33
9.67
10.67
3.0
-5.0
-3.33
7.0
1.0
3.67
-2.67
9.0
9.33
-3.0
5.33
9.0
2.33
3.67
10.0
6.67
-3.33
1.67
9.67
0.67
-5.0
1.0
10.33
1.33
0.67
-1.67
0.67
-4.67
4.0
3.33
1.33
-1.33
0.67
-3.0
3.33
1.0
-3.0
6.0
0.67
8.67
1.33
10.67
1.33
-2.67
3.33
5.0
-0.67
3.33
3.0
-0.67
4.67
-4.0
-0.33
6.0
2.33
6.0
12.33
8.67
-0.67
3.0
-3.67
0.33
7.67
7.0
0.33
-1.0
7.0
3.33
4.33
3.67
-8.33
0.33
-7.0
-1.33
0.0
3.67
5.67
1.67
4.67
-2.33
6.67
1.67
0.0
-1.0
2.67
1.0
5.0
3.67
2.33
-0.67
5.33
2.33
6.0
4.33
-2.67
2.67
5.67
3.67
-5.67
5.0
-4.0
13.0
-0.67
5.0
-3.33
6.0
0.67
10.67
-1.0
15.67
15.0
10.0
13.33
23.33
13.0
18.33
10.33
24.0
21.67
16.33
12.67
19.33
18.67
15.67
12.67
17.33
24.0
9.33
13.67
12.33
14.0
17.33
10.33
13.0
-2.33
3.67
21.67
9.33
1.67
-0.33
20.33
1.67
7.0
6.33
11.0
13.33
3.67
3.33
2.33
11.67
11.33
-1.67
6.0
0.67
4.33
3.67
5.67
-1.67
8.33
3.67
9.0
6.33
4.67
-0.33
15.33
9.0
0.67
12.0
4.67
7.67
11.67
5.0
7.0
6.33
10.0
16.67
-4.33
11.33
10.33
10.33
15.67
6.33
11.67
6.67
8.67
0.67
6.0
9.67
5.0
6.33
16.67
3.67
8.0
1.67
3.33
4.0
2.0
0.33
4.33
2.0
14.0
6.0
6.67
5.67
5.67
8.33
13.67
6.67
11.67
6.33
9.33
7.0
13.0
7.0
4.33
9.67
-3.0
8.33
-0.67
24.0
2.33
3.0
9.67
6.33
21.0
10.67
0.67
-2.33
17.67
11.0
9.33
12.0
8.67
-1.0
9.67
6.0
12.33
14.67
14.67
11.67
3.0
10.33
5.33
16.0
-1.67
9.67
0.0
14.67
7.67
10.67
12.0
6.0
20.33
7.67
10.67
6.33
9.67
5.0
6.0
16.0
22.33
15.0
19.0
10.67
8.33
19.33
13.33
4.67
0.33
0.33
7.33
-2.0
25.67
8.67
9.33
14.33
5.0
6.0
-2.0
8.67
13.33
-0.33
10.33
13.67
16.33
1.33
5.67
7.33
7.0
2.33
7.33
12.0
3.33
14.33
10.67
12.0
1.33
9.0
3.0
5.33
8.0
5.0
11.33
10.67
4.0
6.67
5.67
12.0
4.67
-0.67
0.33
22.0
11.33
13.33
6.33
12.0
8.67
7.33
8.33
13.0
10.0
4.33
6.67
2.67
11.67
4.33
14.33
17.67
13.0
7.67
14.0
3.33
7.33
5.67
24.33
8.33
8.0
8.33
10.67
6.67
13.33
9.0
10.67
11.67
14.33
11.67
5.33
10.33
8.0
10.33
6.67
13.33
9.33
17.67
13.33
16.67
3.0
12.67
17.33
16.67
14.0
25.0
22.0
25.33
16.0
19.33
19.0
9.67
23.0
15.33
18.33
26.33
20.0
19.33
22.0
20.67
20.33
16.0
27.67
19.33
29.33
20.67
18.0
36.67
37.67
35.33
38.67
22.0
36.0
35.0
70.67
59.33
58.0
52.67
51.33
53.67
73.0
71.0
87.67
66.0
76.0
60.0
77.33
85.0
71.67
78.33
57.0
50.0
50.67
55.33
33.33
54.33
56.33
27.33
31.33
46.67
32.0
30.67
8.0
20.67
10.67
17.0
28.33
12.33
21.0
14.67
1.0
12.0
16.0
11.33
13.33
11.33
5.0
6.33
11.67
14.67
1.33
6.67
9.67
13.0
9.0
-1.0
12.67
4.33
6.67
8.33
7.33
7.33
27.67
11.33
12.33
14.67
3.0
7.33
7.67
10.67
17.67
19.67
9.33
9.0
22.0
8.33
9.33
-4.67
19.0
12.67
11.67
8.0
18.0
12.33
4.67
13.0
-2.0
2.0
8.67
16.33
12.33
7.67
17.67
15.33
7.33
7.0
4.33
9.0
11.33
9.0
8.67
-1.67
20.0
13.0
9.0
11.33
3.0
1.67
-4.67
8.67
17.33
14.0
11.0
13.67
6.0
9.67
20.67
9.0
11.67
11.33
14.67
21.33
9.0
12.0
14.0
12.0
20.0
21.0
24.33
20.33
5.0
5.0
8.67
15.67
17.67
14.67
13.33
12.33
19.0
6.33
14.67
16.0
11.67
5.67
13.67
13.33
-0.67
9.0
12.33
5.0
17.67
4.33
1.0
5.33
7.33
16.0
2.33
12.0
9.0
-4.67
19.33
12.0
0.0
5.0
10.67
8.67
4.0
-3.0
-0.67
17.67
6.33
14.33
8.33
8.0
8.0
0.67
7.0
8.0
9.33
-5.33
1.67
7.0
-2.0
6.67
14.33
9.0
0.67
13.67
6.67
9.0
7.0
6.67
15.67
1.33
6.0
8.67
12.33
19.33
16.67
23.67
10.0
22.0
-0.33
12.67
14.33
20.67
12.0
29.0
18.0
33.33
23.33
37.0
32.0
30.0
33.67
35.0
32.33
26.0
31.67
32.33
36.33
29.67
23.33
30.33
33.33
18.0
22.0
22.0
9.33
23.0
16.33
21.0
21.33
23.0
15.67
9.33
23.67
20.67
14.0
11.0
10.67
13.0
-2.0
16.33
12.67
6.67
-4.0
8.67
-6.67
-2.0
10.0
15.67
4.33
10.0
-1.0
6.0
21.0
13.0
9.67
8.67
16.0
0.0
6.0
25.33
16.0
18.33
4.0
-5.0
17.0
13.0
10.0
0.33
8.33
14.33
15.0
7.67
9.67
1.33
17.33
23.67
8.67
-3.67
-8.33
11.0
9.33
3.67
-1.0
16.67
20.0
3.67
3.33
7.67
3.33
30.67
5.33
13.33
2.0
11.67
12.0
9.33
0.67
16.0
18.33
5.0
1.67
2.67
18.33
2.0
11.33
7.0
1.33
6.67
3.0
0.33
2.0
0.67
-2.0
-0.67
3.0
13.0
19.33
-6.33
2.67
6.67
4.0
4.67
8.67
4.33
5.67
7.0
9.0
8.0
-0.33
2.33
5.33
6.67
3.67
11.33
-1.33
-3.33
3.0
-1.0
2.0
11.67
-3.33
13.33
-1.33
-4.33
-4.0
5.33
-0.33
5.67
1.67
2.67
12.33
-5.67
12.33
2.0
-4.0
5.33
3.0
6.0
4.0
15.67
4.0
1.33
-2.0
-1.0
8.33
-3.0
-5.33
7.33
11.67
6.67
3.0
8.0
2.67
-2.33
3.0
6.0
10.33
0.0
-9.0
3.0
10.67
12.0
4.67
-1.67
5.0
2.0
13.33
6.67
7.0
-10.33
6.67
12.33
5.33
10.33
2.0
-16.33
11.0
5.33
9.67
3.67
5.67
6.33
3.0
1.33
9.0
7.33
6.33
1.33
-6.33
6.0
15.33
1.33
7.67
10.67
9.67
0.0
10.33
-1.67
2.0
-0.33
1.67
-1.0
1.33
3.33
1.67
-1.33
-3.0
7.0
5.67
13.67
12.33
-6.0
2.33
2.67
0.33
9.33
9.0
10.33
2.67
7.0
3.0
10.0
18.67
-0.33
7.33
5.33
13.33
-3.33
11.67
8.0
0.33
5.33
15.33
14.33
3.67
10.67
8.0
11.33
-1.0
4.0
9.67
12.0
-2.0
4.33
5.0
8.67
-1.67
2.33
12.33
-2.0
6.33
3.33
-0.33
3.0
-3.67
-0.67
3.67
1.33
4.0
8.0
-2.33
-0.33
7.33
3.0
1.33
2.0
5.67
2.67
2.0
2.67
-6.67
11.33
-2.0
5.33
4.0
-6.67
8.67
4.67
6.33
16.33
6.33
-11.0
13.33
5.0
6.0
-2.0
-3.0
8.0
3.67
4.67
-1.33
4.33
0.0
-0.33
-3.0
4.0
6.33
-5.0
-0.67
3.0
7.33
0.33
5.0
-2.0
3.33
4.33
4.0
6.67
10.33
-3.67
5.0
3.0
7.67
4.33
2.67
0.0
4.67
7.33
5.67
-3.33
4.67
7.33
3.67
0.67
3.67
-0.33
4.33
1.0
2.0
6.33
5.0
1.33
0.67
7.0
1.67
6.67
7.0
-9.0
-0.67
2.0
10.67
0.67
2.0
6.0
5.0
8.33
-2.0
6.67
-1.33
1.33
-5.0
-2.0
-0.67
0.0
0.0
1.33
3.33
0.33
8.33
-3.33
7.0
-4.0
6.0
5.67
6.0
-1.67
-2.33
7.33
5.33
0.0
-1.0
2.33
5.33
0.33
4.33
0.0
7.67
1.67
1.33
7.67
1.67
1.67
2.33
4.33
7.67
6.33
2.0
2.67
-0.33
3.67
2.0
5.0
9.0
3.33
7.67
3.33
6.33
8.0
6.33
1.0
6.0
2.67
10.67
5.67
-1.33
10.0
4.67
0.33
-1.67
3.33
7.67
0.33
-2.67
-1.0
1.33
5.0
2.33
-1.33
5.0
0.0
1.0
-0.67
4.67
14.33
1.67
5.0
-1.0
1.67
-1.33
4.33
3.33
6.67
8.0
1.67
5.33
-2.0
-3.33
7.33
5.33
0.33
5.0
-4.0
0.67
3.67
4.0
9.67
8.0
7.0
-2.33
-2.67
0.33
1.0
5.67
-0.33
-4.33
-2.0
-1.33
3.33
-4.0
0.67
5.67
8.0
-1.33
0.0
4.0
10.33
7.67
-1.33
3.33
1.33
0.33
-1.0
2.0
-3.0
-1.33
-2.67
6.0
-3.0
3.67
-1.33
0.67
-5.0
2.33
2.67
1.33
-3.67
4.67
5.67
-0.67
-2.0
1.33
3.33
0.33
6.67
0.0
3.33
4.67
-1.67
11.33
4.67
-1.67
1.33
1.33
-3.67
-0.33
0.33
1.0
0.0
0.33
-3.33
-4.33
6.67
0.33
1.0
8.0
4.33
-1.0
6.67
-3.33
4.0
-1.33
