0.0
22.33
16.0
69.67
53.67
20.0
-33.33
30.67
49.0
114.0
27.67
-4.67
-16.0
21.67
-55.0
-29.33
-17.67
-66.33
-32.33
-20.67
-50.0
12.67
6.67
-17.0
13.33
-23.33
3.67
-1.0
-11.0
-9.67
4.67
2.0
-3.67
0.0
-0.67
-5.0
-0.33
1.33
2.67
1.33
-0.67
0.33
-1.0
3.0
0.0
0.0
0.0
0.67
2.0
0.67
-0.67
-1.33
-0.67
0.0
2.0
1.0
0.67
-0.33
-0.67
0.67
-0.33
1.67
0.67
-0.67
0.67
-0.67
-0.67
0.0
-0.33
1.0
-0.33
-1.0
0.0
0.0
-0.67
-0.33
-0.33
-0.33
1.0
0.33
0.33
-0.67
-0.33
-0.33
-0.33
0.0
0.67
2.67
0.0
-0.33
-0.67
-0.33
2.0
-0.67
0.67
-1.0
1.67
0.0
-0.33
0.33
-1.33
-1.33
0.0
-0.67
0.0
1.0
0.33
2.0
1.67
4.0
0.0
-1.67
0.0
-2.0
1.33
-0.67
0.33
0.33
1.67
-1.33
1.33
1.33
2.33
2.33
3.33
2.0
-1.67
0.67
3.67
1.33
0.33
-0.67
-0.33
2.33
2.67
3.0
-3.0
3.33
3.33
1.0
1.0
8.0
6.67
-1.0
6.67
-1.0
8.0
1.67
3.67
8.0
6.67
-0.33
0.33
-7.67
-2.0
-3.0
1.33
5.33
0.0
2.67
-2.67
2.67
4.67
0.33
4.0
-1.67
4.33
4.33
-2.33
0.67
0.33
9.67
3.67
2.0
8.0
6.33
6.0
0.0
1.67
6.33
8.33
6.67
4.67
3.0
5.33
7.67
7.67
-0.33
2.67
0.67
5.67
-3.33
1.0
1.67
-3.33
-5.67
10.0
-0.33
1.33
0.33
1.33
5.0
-0.67
9.67
5.0
3.67
2.67
-3.33
0.67
4.67
5.33
7.33
6.33
8.0
12.0
-2.0
-1.67
4.0
0.33
7.0
8.0
4.67
3.67
4.33
2.33
0.0
0.0
-1.33
1.33
7.33
4.67
6.67
3.0
6.33
1.67
-0.67
3.33
5.0
4.67
8.33
1.33
2.33
-3.0
6.0
-1.0
1.67
5.0
5.33
-1.67
3.0
4.0
-2.0
1.33
6.0
5.33
6.33
1.67
7.33
1.33
-1.0
6.33
-2.33
7.67
-2.0
8.33
2.0
-0.33
2.33
1.0
-3.67
-1.67
2.33
-1.33
-0.33
8.0
6.0
7.33
5.33
-2.33
4.33
8.33
3.0
0.33
9.0
5.33
3.0
7.33
-1.33
0.33
-0.67
6.67
2.0
5.67
1.67
-4.67
8.67
4.33
-5.67
5.0
-0.67
7.33
-1.33
-4.0
5.0
2.33
3.0
-3.0
5.67
0.33
0.0
1.67
0.67
1.67
7.33
10.0
1.0
10.0
1.33
-1.33
4.0
-3.33
-0.67
9.33
3.33
0.67
10.33
1.67
6.67
2.33
1.67
-5.0
4.33
8.0
-3.33
-4.0
2.0
1.33
-3.67
4.67
0.0
-1.67
6.0
4.33
0.33
4.33
1.33
2.0
-0.67
2.33
0.67
5.0
-3.0
4.67
1.67
1.67
-0.33
6.0
0.33
11.0
5.33
2.33
7.0
0.67
-0.67
3.67
3.67
0.67
-1.33
-2.67
1.0
0.0
0.0
4.0
1.67
4.67
3.0
6.33
2.0
2.33
-4.67
2.67
4.33
4.0
6.0
0.67
2.33
1.67
-0.67
-1.0
8.33
6.33
4.0
0.33
0.33
-3.0
-3.0
-2.67
2.67
1.67
6.33
0.33
3.67
-1.67
-1.67
-0.67
-1.67
-2.67
5.0
7.0
4.67
-2.0
3.33
-0.33
3.0
-2.0
0.0
5.0
-3.67
7.67
0.67
3.33
-3.67
5.0
1.0
2.0
1.0
1.67
3.0
1.0
1.33
0.67
13.0
4.0
4.0
8.33
5.0
0.33
3.33
7.33
-4.33
-0.33
4.0
6.0
2.67
-2.33
-0.67
1.0
-2.67
0.67
4.67
1.67
1.67
4.67
0.33
1.33
2.33
4.67
4.0
0.0
-1.67
1.33
1.0
-0.67
-0.67
3.33
-0.33
1.33
-3.0
0.67
2.67
-0.33
1.0
1.67
1.0
-0.33
3.33
-4.33
-1.67
3.33
3.67
3.0
4.0
1.33
3.67
-5.0
0.33
-1.67
-2.33
2.33
-2.0
1.33
-1.33
-0.33
3.67
-2.0
6.33
-2.33
-5.33
-2.0
-2.0
5.67
3.67
3.0
4.67
0.33
-1.0
6.67
1.67
-2.67
-1.0
1.33
2.33
4.67
4.67
4.33
-1.67
6.67
4.67
-3.67
-1.33
1.67
2.33
6.0
1.33
-2.0
2.0
2.67
0.0
-0.67
-1.67
0.67
2.0
-2.0
2.33
-4.33
-1.0
4.0
7.33
1.33
1.67
3.67
-1.33
2.67
1.33
2.0
-0.33
-1.0
2.0
4.33
-1.0
5.0
-2.67
6.67
1.0
-3.0
-2.0
1.67
4.67
-2.0
-1.0
-3.67
1.67
1.0
2.33
3.0
0.0
-0.33
6.33
4.33
5.0
0.0
4.0
0.0
0.0
-2.0
0.33
3.0
3.67
-0.33
2.0
1.67
3.0
-2.67
-1.0
1.33
3.33
1.67
1.0
-2.0
1.67
4.0
-0.67
1.67
4.0
-2.33
-2.33
2.0
1.0
-3.33
2.33
2.33
-1.0
3.33
2.33
-3.33
4.0
-2.0
-2.33
-2.67
-1.33
-2.0
-1.0
2.33
-3.0
0.67
5.0
-2.33
-2.0
4.0
-3.0
-3.33
3.0
2.67
-0.33
5.0
4.67
0.67
-1.67
3.67
1.67
-1.33
1.33
-0.67
4.0
0.0
3.67
1.67
-1.67
5.0
6.0
0.0
2.0
0.0
3.33
-0.33
3.33
6.67
-5.67
3.0
0.0
1.33
-2.0
-2.33
-3.33
2.0
-0.33
2.67
-1.33
1.0
-1.67
0.67
3.33
-0.67
-1.67
1.0
2.67
1.33
2.67
-2.67
0.0
-3.33
2.0
-3.33
-0.67
1.67
-2.0
-6.67
0.67
-2.67
-4.33
-5.67
-0.67
4.67
2.33
0.33
1.67
1.0
-4.0
-0.33
6.33
1.33
-5.67
0.33
5.67
-0.67
-3.0
-2.0
2.0
2.67
-0.33
-1.0
2.67
3.0
9.0
-3.67
-0.33
2.0
8.0
-0.67
4.33
-9.0
-0.67
1.33
5.0
4.0
3.0
2.67
1.67
2.0
-0.67
-1.67
2.67
0.67
3.67
-3.0
-1.0
-1.67
4.33
-5.0
2.67
-7.33
-6.33
3.67
-2.33
-4.33
-6.67
-4.33
-2.33
5.0
-2.33
-9.67
-4.67
-3.0
-4.0
0.33
-5.67
-2.0
-4.0
-2.67
2.33
-1.67
0.67
-5.33
5.0
8.0
-3.67
-3.33
4.33
2.33
4.33
0.33
-4.67
-1.33
-2.0
-2.0
0.0
4.67
1.33
3.67
0.0
0.67
1.33
0.0
-3.67
2.0
2.67
-0.33
-3.33
3.0
-0.33
-3.0
2.67
1.67
0.67
7.33
4.33
-2.0
-2.67
11.67
9.33
4.0
-3.33
1.0
-1.67
2.0
6.33
12.67
5.67
4.33
8.33
14.33
5.0
10.33
14.0
10.0
17.0
20.33
19.33
24.0
24.0
21.67
25.33
19.33
23.33
32.67
22.0
27.0
19.0
19.67
25.67
20.67
14.33
15.67
12.33
14.33
10.33
7.67
3.67
1.67
4.67
5.0
2.0
-0.33
-0.33
16.33
14.0
5.33
0.33
-1.0
5.33
3.67
9.0
2.0
7.0
3.0
2.0
-2.0
4.33
0.0
-1.0
-2.67
2.67
-3.0
4.67
2.33
-1.0
9.0
0.67
9.33
-0.67
-5.0
-2.67
2.0
2.33
1.33
1.33
2.0
-2.0
1.67
7.0
-1.0
2.67
-0.33
-0.67
-2.0
3.33
4.67
-1.0
-4.33
-2.0
6.0
7.33
1.33
9.67
-5.33
0.67
-0.33
1.0
4.67
1.33
1.67
-0.67
-4.0
0.33
0.0
-3.33
2.33
3.0
1.67
2.0
6.67
0.67
-1.33
2.33
1.67
3.0
-1.0
5.33
-4.33
1.67
8.0
4.33
5.0
6.33
-2.67
-0.33
1.67
3.0
-4.0
-2.33
7.0
4.0
-0.33
-7.67
5.0
7.33
0.0
9.33
0.0
13.33
-3.33
0.0
7.67
-3.33
3.67
-1.33
1.67
-1.0
-4.0
2.33
2.33
-1.33
0.33
0.67
1.33
4.0
3.33
2.33
-6.33
-1.33
2.0
14.33
3.0
-1.0
0.0
7.67
2.67
7.33
-3.33
12.33
-2.67
3.33
3.0
5.33
-0.67
5.0
8.33
11.67
6.0
5.67
0.0
-2.67
0.0
2.33
3.67
-0.67
-1.0
0.33
3.33
0.67
7.0
7.33
2.0
2.0
4.33
7.33
9.67
3.67
-4.67
-2.0
-0.33
5.0
2.67
5.67
-5.33
7.67
1.67
-4.33
-3.33
-1.0
-1.0
-1.33
-4.0
5.0
3.67
2.33
-6.67
3.33
-2.67
5.0
3.33
4.33
5.67
-3.33
11.67
-5.67
10.0
-3.0
17.0
2.33
16.0
1.67
5.0
2.67
11.67
12.0
3.67
12.0
14.0
14.33
14.33
11.0
12.33
6.33
20.0
9.67
10.33
18.67
24.33
19.67
21.67
12.67
12.33
14.0
16.33
4.67
10.33
15.0
11.33
4.33
11.0
4.67
-1.33
12.67
10.33
3.67
-0.33
4.33
8.67
3.0
-0.67
7.0
9.33
7.67
6.33
7.33
15.67
4.33
-0.67
9.0
-0.33
-1.67
-0.33
6.67
0.33
10.33
5.67
11.0
-0.67
7.67
-0.33
-3.67
13.0
7.67
9.0
2.67
3.67
10.67
5.0
0.0
-0.67
8.0
7.67
1.67
9.33
9.33
7.33
2.67
7.33
5.67
13.67
3.67
6.67
12.0
10.67
-3.0
4.33
4.67
5.67
9.0
9.67
8.33
6.0
16.0
1.33
0.33
5.0
10.0
-3.0
6.67
9.67
10.67
13.33
-1.33
3.67
8.67
7.33
1.33
11.0
5.0
12.0
7.33
0.67
0.0
11.33
2.33
7.0
8.33
6.0
5.67
10.33
6.0
-1.33
1.67
-0.33
20.67
8.0
10.33
10.0
12.67
9.0
4.67
14.0
13.33
19.67
8.67
18.67
-3.0
8.33
1.33
7.0
7.33
6.67
5.0
7.67
9.67
12.67
10.0
4.0
2.33
14.67
9.67
2.33
11.67
5.0
4.0
4.0
20.33
25.0
7.0
14.67
8.33
8.33
8.33
7.67
10.33
5.33
11.33
6.0
11.67
12.67
3.33
5.33
8.0
2.0
8.0
10.67
10.33
6.67
18.33
1.67
11.33
11.33
3.67
12.33
7.0
12.33
22.33
9.0
1.33
0.33
8.67
13.0
9.33
5.0
19.0
12.33
12.0
12.0
11.33
4.67
-1.0
9.67
15.67
6.0
9.67
9.33
12.33
16.0
17.33
7.33
11.33
4.0
11.67
16.33
5.33
7.0
11.0
5.33
18.67
4.67
0.67
7.33
7.33
5.67
7.0
11.67
7.0
6.33
10.33
-2.33
11.33
7.33
10.0
2.33
2.67
9.67
11.33
14.0
9.67
18.67
12.33
14.67
9.33
8.33
16.0
6.33
2.67
9.33
10.33
14.67
15.33
12.67
7.0
12.67
24.33
7.67
19.0
17.0
10.0
21.33
22.0
25.33
21.0
21.67
34.0
15.33
19.33
17.33
14.0
9.33
21.0
30.67
15.33
37.0
22.67
23.33
31.33
24.67
22.0
24.67
38.67
44.33
41.67
58.0
34.0
51.0
54.67
48.33
61.0
75.67
59.33
46.67
64.0
62.0
78.67
88.0
96.0
76.0
75.33
83.0
73.67
80.33
56.0
60.0
66.67
55.33
53.33
47.33
35.33
22.33
33.33
26.67
17.0
13.67
31.0
10.67
22.67
5.0
12.33
26.33
2.0
23.67
17.0
0.0
22.0
7.33
9.33
8.33
7.0
-0.67
-1.33
11.67
12.33
15.67
8.67
7.0
6.0
7.0
7.67
13.33
13.67
-1.67
18.33
8.33
9.67
-1.67
11.33
6.67
3.0
4.33
11.67
7.67
13.67
15.67
12.33
8.0
5.0
10.33
23.33
9.33
7.0
14.67
6.67
-1.0
12.0
12.33
15.67
5.0
6.0
2.0
11.67
13.33
10.33
1.67
11.67
14.33
12.33
13.0
10.33
-3.0
10.33
13.0
19.67
7.33
11.0
0.0
22.0
13.33
8.0
8.67
-0.67
16.67
9.33
11.0
9.0
6.67
10.0
-0.33
11.67
12.0
8.67
23.33
10.67
5.33
8.0
10.0
20.0
13.0
12.0
5.0
8.33
23.33
19.0
16.0
15.67
6.67
0.67
2.67
1.33
4.33
17.0
22.33
12.67
11.0
11.67
1.67
1.67
16.33
9.33
14.0
18.33
13.0
13.67
-3.67
12.0
-4.67
8.33
19.0
13.33
7.0
19.0
4.33
5.33
25.0
16.0
13.0
0.67
7.67
-3.0
-5.0
4.33
-2.33
8.33
6.33
14.33
15.0
8.0
3.67
13.0
10.0
5.33
4.67
2.67
8.0
6.0
6.67
1.33
7.0
5.67
0.67
9.67
-4.0
3.0
9.67
6.67
0.33
6.0
18.67
15.33
22.33
8.67
14.67
8.0
5.0
13.67
16.67
20.33
23.67
21.0
16.0
32.0
21.33
31.33
34.0
37.0
37.0
34.67
21.0
28.33
22.0
31.67
33.33
43.33
39.67
18.33
26.33
24.33
22.0
18.0
26.0
10.33
29.0
15.33
16.0
12.33
24.0
25.67
6.33
16.67
10.67
9.0
6.0
6.67
2.0
15.0
13.33
7.67
6.67
3.0
5.67
3.33
2.0
10.0
1.67
13.33
3.0
0.0
7.0
10.0
0.0
2.67
16.67
5.0
4.0
8.0
13.33
17.0
9.33
17.0
4.0
3.0
13.0
21.0
-2.67
10.33
12.33
21.0
10.67
12.67
9.33
-1.67
11.67
11.67
2.33
7.67
8.0
4.33
3.67
4.0
5.67
13.0
2.67
18.33
-2.33
-2.67
12.67
1.33
6.33
13.0
3.67
8.0
2.33
5.67
6.0
-0.67
12.0
10.67
7.67
14.33
17.0
-0.67
4.0
-0.67
-6.33
2.0
3.33
8.0
16.67
7.0
11.33
-3.0
1.0
9.33
9.67
11.67
-4.33
-2.0
4.67
-5.33
8.33
4.67
18.0
-6.0
9.0
-4.33
3.33
8.33
17.67
4.67
13.33
3.67
4.67
5.0
-1.0
17.0
10.67
-3.33
3.33
4.67
4.67
12.0
-4.67
7.67
0.67
2.67
2.67
4.33
-9.67
19.33
11.0
1.0
17.33
0.0
0.0
-8.0
4.67
9.0
-3.67
0.0
-2.0
12.33
13.0
-0.33
-11.67
9.67
1.67
-4.0
12.0
1.67
3.67
7.0
-4.0
6.33
-8.0
-4.0
16.0
7.67
3.0
10.67
12.33
5.0
11.0
10.33
12.67
5.0
6.67
7.67
7.33
-1.67
-1.67
12.0
6.67
7.0
-1.67
5.67
2.67
14.67
5.33
4.0
8.33
0.0
1.33
2.33
0.33
3.67
4.0
11.33
3.33
5.67
1.67
3.67
1.0
13.33
4.33
9.0
14.67
5.67
-1.0
-0.67
12.33
2.67
3.67
4.0
-1.0
4.67
11.67
2.33
17.0
8.33
2.67
10.33
9.33
-1.0
4.33
5.67
4.0
0.0
1.0
0.67
-0.33
5.33
6.33
7.33
-6.33
7.67
6.0
8.33
5.33
11.33
7.33
4.67
9.67
5.0
2.33
3.0
7.0
3.67
2.0
3.0
7.33
14.0
2.67
-1.67
6.33
7.33
-3.0
-8.67
6.33
-5.33
-5.0
-5.67
2.33
7.67
-5.67
16.0
11.0
-4.33
-1.33
2.33
3.0
10.33
-5.0
4.67
7.67
7.0
7.67
11.33
3.33
-1.0
-0.67
4.0
-0.67
1.67
9.67
6.33
15.33
0.33
7.0
1.33
1.0
-2.0
3.0
1.0
6.0
-0.33
7.67
0.67
0.33
0.0
8.67
4.0
1.0
10.33
-1.0
12.33
6.0
1.33
-0.67
3.0
4.0
5.33
3.33
6.0
4.67
5.33
-1.67
1.0
3.0
4.67
3.33
6.67
-3.0
2.67
8.33
-2.33
-2.33
3.67
-3.67
2.67
7.67
2.67
-7.33
-1.67
3.0
2.0
-3.67
0.0
10.33
3.67
-1.0
6.67
-5.33
7.0
-4.0
5.33
5.0
5.67
6.67
1.0
5.0
3.0
11.33
3.0
6.67
6.67
-6.67
-3.0
1.0
-5.67
0.0
2.0
1.33
3.33
11.33
6.33
-1.33
11.0
6.0
3.0
2.67
-4.0
-3.67
12.67
-1.67
4.33
3.0
3.0
8.33
-0.67
3.33
5.33
5.0
7.67
3.67
-1.67
4.67
4.67
2.67
-3.67
8.33
-4.33
2.33
1.0
1.67
-6.33
9.67
0.0
7.0
-2.0
8.33
7.67
5.33
8.33
5.0
1.33
3.0
-1.0
2.67
6.67
4.67
4.67
1.0
2.67
2.33
2.33
1.33
2.67
-2.67
1.33
-3.0
2.33
7.0
10.33
12.67
-2.0
0.0
1.0
-2.67
-0.33
5.33
-1.33
10.0
4.0
4.67
10.67
4.33
4.33
2.67
8.0
1.67
8.33
1.0
2.67
2.33
-1.67
3.33
2.0
4.0
4.67
5.67
0.0
0.67
1.0
6.0
9.67
-0.67
2.33
5.0
-0.33
-0.33
-1.33
1.0
-3.33
0.33
-1.0
3.67
-3.33
1.0
-7.33
1.0
2.0
4.33
5.67
7.67
3.33
-2.67
-2.67
5.0
5.0
2.0
3.67
1.33
1.0
3.0
2.67
-3.33
-4.33
1.0
1.33
-0.33
1.33
1.33
5.67
2.67
-2.67
1.0
-0.67
0.33
-0.67
-2.33
-4.0
-3.67
-0.33
-0.67
0.33
5.67
1.33
3.33
-0.67
-3.67
-6.33
5.33
4.0
5.0
-3.67
-1.33
-2.33
-0.33
1.33
1.0
6.0
-0.67
-1.0
1.67
-0.33
-3.0
6.67
