0.0
-12.67
86.0
-87.33
43.67
21.0
4.67
97.67
107.0
108.0
87.67
42.33
-19.0
40.67
31.0
-3.33
-28.67
-35.33
-8.33
-6.67
-17.0
4.67
-6.33
-13.0
9.33
-5.33
3.67
6.0
3.0
5.33
-8.33
0.0
0.33
5.0
-1.67
-3.0
1.67
1.33
1.67
1.33
1.33
0.33
1.0
0.0
1.0
0.0
2.0
0.67
0.0
-0.33
-0.67
-1.33
-0.67
1.0
0.0
0.0
-0.33
0.67
-0.67
-0.33
-0.33
0.67
-0.33
0.33
0.67
-0.67
-0.67
0.0
-0.33
0.0
3.67
-1.0
1.0
0.0
-0.67
-0.33
-0.33
0.67
0.0
-0.67
-0.67
-0.67
-0.33
-0.33
-0.33
1.0
1.67
-0.33
2.0
1.67
1.33
-1.33
-1.0
0.33
0.67
-1.0
0.67
0.0
1.67
0.33
-1.33
0.67
-1.0
0.33
2.0
1.0
-0.67
1.0
0.67
1.0
1.0
1.33
-2.0
0.0
-0.67
-1.67
-0.67
0.33
-0.33
-0.33
-0.67
1.33
1.33
6.33
4.33
0.0
-1.67
2.67
0.67
1.33
0.33
-1.67
0.67
0.33
0.67
7.0
7.0
-1.67
-3.67
-3.0
-2.0
-3.0
2.67
5.0
0.67
6.0
-1.0
-3.33
2.67
0.0
-1.33
2.67
-3.67
5.33
3.0
6.0
-1.67
3.33
1.0
-1.33
-4.67
8.67
-5.33
-3.67
-5.0
-1.67
3.33
5.33
-5.33
5.67
0.33
5.67
0.67
6.0
5.0
11.33
2.0
-2.0
0.67
9.33
6.33
2.67
2.67
8.0
5.33
2.67
6.67
2.67
8.67
6.67
4.67
-2.33
7.0
-0.33
-1.33
-2.67
3.0
-0.33
3.33
-1.67
-3.67
3.0
2.33
0.67
2.0
3.67
2.67
7.67
-3.33
5.67
7.33
0.33
0.33
6.0
4.0
3.0
-2.67
2.0
12.33
2.0
2.0
0.67
-2.33
3.33
-1.67
-8.0
2.0
0.67
3.33
3.33
7.67
-0.33
-3.0
1.33
4.67
5.33
-3.67
4.0
2.67
3.33
0.33
-1.67
-4.0
1.0
0.0
5.67
6.0
4.33
3.33
1.0
-4.0
4.0
-0.67
1.0
1.33
5.33
4.67
2.33
2.33
4.0
1.33
-0.33
4.67
0.0
-0.67
-2.0
0.67
1.33
2.0
-0.67
6.33
4.33
4.67
2.67
3.0
-3.0
6.33
7.33
2.67
2.33
7.33
6.0
4.33
5.0
-1.67
0.0
5.33
0.67
1.33
-0.67
3.67
1.0
2.67
2.67
-1.67
2.67
-0.67
0.33
-3.0
2.33
1.33
-1.33
7.0
-5.0
-1.67
8.0
0.0
-5.33
0.33
2.0
-3.33
6.67
2.67
3.33
3.0
-8.0
-3.0
5.33
6.67
8.0
3.67
3.33
-1.67
0.33
6.67
2.33
6.67
1.67
-1.67
4.67
3.0
8.33
1.0
-6.33
-4.0
-2.0
1.33
-7.67
3.67
3.0
2.33
3.0
4.33
9.33
-1.67
6.33
1.0
5.33
-2.67
0.67
4.0
2.0
-2.33
-3.33
-2.33
6.67
9.0
7.33
11.0
4.33
-4.67
12.0
-9.33
-0.67
6.67
-0.33
-1.33
4.67
-3.67
-3.0
-1.0
0.0
3.0
8.67
2.67
6.0
0.33
5.0
0.33
-0.67
-0.33
5.33
-1.0
3.0
0.67
1.33
0.67
1.33
1.0
2.33
6.33
3.0
0.33
-0.67
0.0
1.0
5.33
6.67
1.67
-5.67
3.33
10.67
-2.67
0.33
0.33
-0.67
-5.67
-1.0
2.0
-0.33
3.0
1.33
-0.33
-2.0
-2.0
4.0
-1.0
-2.67
0.67
-2.33
1.33
-0.67
2.0
8.0
7.0
4.0
1.67
1.0
9.0
5.33
0.67
-1.0
1.0
-2.0
-0.67
-3.0
1.33
1.33
-2.67
-2.33
-0.33
4.0
1.0
7.67
2.67
1.33
2.0
-4.67
-2.33
4.67
7.67
0.67
-0.33
0.33
-1.67
9.33
0.67
0.0
3.0
-2.67
-1.67
2.0
2.33
-0.67
1.33
2.67
-1.67
1.0
0.67
-0.33
0.67
1.0
-0.33
1.0
4.67
5.33
0.67
1.33
1.33
-0.33
0.0
2.0
-0.67
1.67
-2.0
-3.67
0.33
-3.33
4.33
4.0
-2.67
2.67
1.67
3.67
2.0
-2.67
-0.33
-1.33
-7.0
3.0
-2.33
-0.33
-1.0
-0.33
4.33
7.0
3.67
-2.33
-0.67
-2.0
0.33
-1.67
2.67
3.67
4.33
-0.67
0.67
2.67
2.33
8.67
-2.33
2.33
1.0
-1.67
-4.0
-1.0
2.67
0.0
-6.67
2.33
0.67
-1.0
-2.0
1.33
-4.33
2.0
-1.0
2.33
-0.67
-0.33
6.67
-0.33
4.67
4.33
1.0
-1.33
-1.0
-3.0
3.33
1.0
3.0
-1.67
-1.33
6.0
1.0
2.0
-1.33
2.67
2.0
0.0
4.33
1.67
-3.0
-0.67
0.0
0.0
0.67
-2.67
5.33
3.0
0.0
0.0
-1.0
5.0
0.0
-2.67
-2.0
3.67
-0.33
2.0
-0.33
10.0
2.33
2.0
4.33
-2.67
-2.33
2.0
-1.0
2.67
2.0
2.33
1.67
3.0
-0.33
0.67
2.0
3.0
-0.33
4.33
1.33
-5.0
2.33
-2.67
0.67
1.0
1.0
-1.33
-0.67
0.67
1.0
0.0
3.33
-1.0
8.67
4.0
-2.33
-2.0
1.0
-2.0
-1.33
1.0
-1.33
-0.33
0.0
1.67
-5.33
-1.67
0.67
5.67
4.67
3.33
0.33
2.0
-3.0
-2.33
3.67
-2.67
-3.0
2.0
-5.0
-1.0
0.0
7.33
-1.33
-0.67
4.67
-1.67
-1.0
2.0
1.33
1.0
3.67
-1.33
0.0
6.67
6.67
0.67
2.0
-0.67
2.67
-4.67
-0.67
-0.67
1.0
-1.33
1.33
-0.33
2.33
1.0
0.67
5.0
1.67
4.33
-2.33
0.0
0.33
2.67
1.33
-4.33
-5.67
1.33
-4.33
-1.67
4.33
2.67
1.0
1.0
1.67
1.33
0.33
-4.67
-4.67
-0.33
4.33
-1.0
-2.0
0.0
3.67
1.67
-1.0
-1.33
0.0
1.0
-0.67
-1.33
5.0
0.0
2.33
-0.67
2.0
2.33
2.33
8.0
-3.0
0.0
-3.33
0.67
-1.0
-4.67
-0.67
0.67
0.67
1.67
-8.0
-1.0
1.33
0.33
-7.0
-1.33
-4.33
0.67
-4.33
-2.33
-4.33
-2.67
-5.33
0.67
-5.0
-3.33
-2.67
-1.67
-4.0
2.0
-4.67
-0.67
-2.0
3.0
1.33
6.33
2.33
-3.33
7.67
-1.0
-6.0
0.33
-3.33
-0.67
2.33
-6.67
1.33
-6.67
-0.33
5.0
0.0
1.0
7.67
-3.67
-3.33
1.0
3.67
0.33
2.0
-1.67
8.0
5.67
-4.33
0.67
-2.0
-0.33
-3.0
-3.33
-0.33
3.67
2.33
5.33
1.0
-0.67
-0.33
1.33
-2.0
0.67
1.0
5.33
-1.0
0.33
3.67
3.67
6.33
12.33
5.33
9.0
13.33
10.0
10.0
15.0
8.33
18.33
23.0
17.0
26.67
39.33
22.33
32.33
33.67
22.0
16.0
36.0
17.67
19.67
24.67
14.33
23.67
11.33
8.33
10.33
9.67
-2.33
4.67
6.67
2.0
20.0
3.67
6.67
5.33
9.0
6.33
1.33
4.0
6.33
11.67
4.0
0.0
0.0
5.0
2.0
2.0
1.33
-6.0
4.0
8.33
6.67
-2.0
2.67
5.33
3.0
1.0
9.67
4.33
1.33
6.0
9.33
2.0
7.33
-2.67
1.33
-1.0
-2.0
1.67
7.0
12.0
-0.33
6.67
4.33
4.0
1.33
3.67
4.0
0.67
5.0
7.0
2.33
3.33
3.67
-0.33
3.67
-1.33
4.0
-1.33
1.33
1.67
-3.67
0.0
4.33
3.0
-1.33
1.33
7.0
-1.33
7.0
6.67
1.67
9.67
2.33
-0.33
9.0
-1.0
6.33
0.67
0.67
3.0
7.33
2.0
7.33
5.33
8.67
-2.33
-4.0
2.0
-3.33
7.0
4.0
3.67
0.33
-1.0
11.33
0.0
2.33
3.0
3.33
3.67
1.0
0.67
5.67
3.67
14.67
3.67
3.0
3.0
6.33
-0.67
8.67
4.33
0.67
-1.67
8.0
5.33
4.33
3.67
7.67
-2.0
1.33
8.0
-2.0
11.0
2.67
-0.33
7.33
-3.33
7.33
0.33
-1.67
3.0
5.33
8.33
4.0
1.33
5.67
0.0
0.67
10.0
3.33
0.0
3.33
6.67
-4.67
-5.0
2.33
-3.67
5.67
0.0
-0.67
5.0
4.0
6.33
1.33
11.67
-2.33
-0.67
-2.0
2.67
0.0
9.67
-2.33
-3.33
-0.33
0.67
5.67
-5.33
-6.0
0.0
2.67
5.0
3.0
-0.33
-0.67
-0.67
0.33
-8.67
-2.0
5.33
1.33
4.67
9.67
5.67
9.33
2.0
-1.0
10.0
-7.67
5.0
8.67
20.0
4.67
6.67
1.0
15.67
17.0
11.0
20.33
12.33
18.0
15.33
22.33
27.0
29.67
22.33
18.67
21.33
21.67
27.67
15.67
23.33
21.0
12.33
16.67
16.33
10.0
6.33
1.33
4.0
11.67
8.67
14.67
6.33
12.67
2.67
8.33
0.67
17.0
3.33
13.0
11.33
3.67
5.33
5.33
4.67
10.33
3.33
-2.0
11.67
12.33
6.67
16.67
3.33
10.33
0.67
8.0
8.33
7.67
5.67
1.33
9.0
-1.33
11.0
-7.33
0.67
9.67
5.0
11.0
9.33
18.0
13.67
4.67
10.33
10.33
11.33
9.67
9.33
7.67
2.67
8.67
1.67
11.0
19.67
11.0
4.33
4.67
6.67
11.0
13.67
12.33
4.0
2.0
11.33
2.33
4.0
7.0
3.0
2.67
10.67
6.67
4.33
1.67
9.67
18.67
10.33
9.33
6.0
11.0
5.0
7.33
-1.33
4.0
13.33
17.33
4.0
5.33
5.0
18.67
13.33
12.0
5.67
4.67
0.67
11.67
9.0
1.33
2.0
7.67
6.0
-6.33
9.0
11.33
5.67
19.67
9.67
6.0
11.33
9.33
7.0
6.33
10.67
8.0
0.67
14.67
15.67
5.0
10.0
8.33
6.67
6.67
5.33
20.67
0.0
2.0
-6.0
11.33
1.0
13.0
24.67
10.33
15.33
12.33
27.67
-4.67
7.33
8.33
0.0
12.67
3.67
12.33
16.33
3.0
4.0
11.0
8.67
2.33
5.67
8.33
5.67
5.33
9.33
4.67
10.33
19.0
10.33
13.33
8.0
4.33
5.33
8.67
8.0
7.33
3.0
2.0
9.33
14.0
10.0
12.33
6.67
11.0
10.67
9.67
10.0
12.67
5.33
19.33
17.0
10.33
10.33
11.33
8.0
14.67
6.33
13.33
5.0
3.0
7.33
4.67
6.67
4.67
7.33
14.33
6.67
5.0
5.67
7.0
12.33
3.33
6.67
4.33
25.33
4.0
9.33
15.67
13.67
15.33
13.0
16.67
4.67
12.33
2.67
4.33
16.33
15.0
7.33
18.67
10.33
9.33
5.67
6.33
23.67
14.0
15.67
12.33
12.67
13.0
20.0
25.0
24.33
5.0
14.33
26.0
15.67
25.0
25.33
12.33
12.33
32.0
9.33
23.0
20.67
27.33
20.0
15.67
22.33
42.33
42.67
39.0
51.67
68.67
62.33
83.67
81.0
64.0
80.0
90.67
85.33
104.0
138.67
133.33
170.67
137.0
134.0
150.67
120.0
138.0
113.0
117.33
148.0
134.67
134.33
114.0
101.0
105.67
91.33
87.33
82.33
89.33
44.33
60.33
59.67
50.0
35.67
21.0
34.67
34.67
16.0
5.33
10.33
12.0
13.67
15.0
13.0
10.0
8.33
19.33
9.33
9.0
10.33
1.67
3.67
8.33
19.67
-0.33
21.0
19.0
11.0
9.67
17.33
-1.33
14.33
18.33
1.33
9.67
9.33
19.33
6.67
2.0
4.33
18.67
5.67
10.67
7.67
19.33
15.0
10.0
7.33
5.33
11.33
11.0
12.67
15.67
3.0
6.0
19.33
5.67
32.0
11.0
15.0
4.67
18.33
10.33
9.67
12.67
18.33
11.33
5.0
10.33
6.0
10.33
2.0
5.67
9.33
23.0
3.0
11.0
11.33
0.0
15.67
8.33
20.67
-5.67
7.0
13.0
18.67
18.0
4.67
14.67
8.0
19.67
18.33
2.67
11.33
7.0
7.0
12.0
2.0
12.0
15.0
15.33
8.33
16.0
13.0
6.67
9.67
8.67
-3.33
11.33
7.33
14.0
4.33
18.67
18.0
7.67
11.67
13.67
7.33
3.33
24.0
6.33
16.0
10.67
6.33
12.0
3.33
6.33
3.0
13.33
5.0
6.0
12.33
9.33
16.0
15.0
5.0
1.67
3.67
13.0
-1.0
-0.67
5.67
10.33
1.33
0.33
9.0
6.0
4.67
6.0
8.0
2.33
4.67
10.67
3.0
20.0
5.67
9.33
4.0
9.67
7.67
8.67
5.0
1.0
9.67
-2.33
5.33
9.0
14.67
17.33
15.33
25.67
16.67
27.0
22.0
9.67
6.67
17.33
18.67
15.0
22.0
27.0
18.33
10.33
35.0
36.0
31.0
24.67
31.0
25.33
15.0
17.67
16.33
24.33
22.67
33.33
26.33
22.33
24.0
21.0
17.0
18.33
19.0
16.33
12.0
13.33
18.0
13.67
10.33
5.67
13.67
12.0
6.0
13.67
5.0
17.0
10.33
16.67
1.67
1.0
4.67
6.33
3.0
7.0
4.67
1.33
13.0
7.0
3.0
6.0
1.0
2.67
-1.33
2.0
3.0
7.0
22.33
12.0
1.33
4.0
17.0
10.0
15.0
13.0
-7.67
-0.67
11.33
17.0
-0.33
7.67
15.33
11.33
10.67
11.67
5.33
4.67
13.0
1.33
-1.33
1.0
4.67
6.0
6.67
18.33
2.67
3.33
13.67
9.33
6.33
8.0
5.67
5.0
17.33
10.67
-3.0
-1.67
5.0
0.67
8.67
18.33
11.0
5.33
-1.0
8.33
-5.33
7.0
16.33
9.0
-3.33
11.0
4.33
12.0
12.0
8.33
6.67
4.67
0.67
13.0
-2.33
-0.33
7.33
2.67
1.0
1.0
3.0
2.67
3.33
11.33
8.67
-1.33
13.33
3.67
10.67
10.0
-3.0
8.0
-2.33
2.67
5.33
3.67
9.67
3.0
8.33
5.67
1.67
-0.33
0.67
11.33
-6.67
8.33
7.0
2.0
2.33
-6.0
-5.0
7.0
7.67
-2.0
-6.67
-4.0
1.0
4.33
-3.0
-7.33
-3.67
7.67
-1.33
0.0
17.0
1.67
8.67
9.0
8.0
-2.67
4.0
2.0
10.0
3.67
-7.0
-1.33
1.33
5.0
2.0
-2.67
-1.33
1.0
8.67
4.67
3.33
8.33
8.33
9.0
0.67
-1.0
4.33
9.67
2.67
2.67
10.33
3.0
-6.67
18.0
-4.67
4.33
8.33
-2.33
-3.0
8.33
-3.67
2.67
4.67
-1.33
5.0
5.33
0.33
-2.0
-0.33
9.67
7.0
13.33
6.33
9.67
4.67
1.0
-2.0
5.67
4.67
-2.67
1.0
10.33
1.67
0.33
7.33
12.0
-0.67
8.67
-4.0
17.0
5.0
13.67
3.67
4.33
-6.67
-1.67
-3.33
4.67
5.0
1.33
2.33
4.33
16.33
-5.33
11.67
5.0
19.33
-6.0
-1.0
1.67
8.0
3.0
4.33
4.0
-3.33
-4.67
3.33
11.33
3.0
4.33
8.33
3.67
0.0
3.33
5.33
7.67
2.33
7.0
8.0
8.67
6.67
0.33
0.0
4.33
0.0
1.67
8.67
-3.0
1.67
-2.67
10.33
4.0
6.33
2.0
-9.67
7.67
7.67
13.33
7.33
3.33
1.0
6.33
3.0
3.0
0.0
-2.0
7.0
-0.33
2.67
-0.33
-2.67
3.0
9.67
-4.0
0.0
-1.67
-3.0
0.33
-2.0
4.33
5.33
5.0
1.0
1.33
-4.67
2.0
7.67
3.33
0.33
3.0
-3.0
1.67
9.33
3.67
2.0
-1.33
4.33
-1.33
-2.33
4.67
5.33
5.67
0.67
-0.33
-3.33
1.33
2.0
4.0
12.33
-6.0
1.33
4.67
8.0
-5.33
-2.33
7.0
-6.0
-1.67
10.0
6.67
-1.33
-3.0
3.0
14.0
0.33
-1.0
0.67
-1.33
5.33
-1.0
1.0
0.33
-2.0
-1.0
1.33
5.33
-0.67
1.33
-0.33
2.0
-2.0
6.0
5.67
-2.0
2.33
4.67
1.33
1.33
7.0
7.0
5.33
-3.67
7.33
7.33
2.0
5.67
1.67
-5.67
6.67
4.67
0.67
-1.67
2.33
2.67
0.33
-5.0
5.67
-1.33
5.67
-6.0
8.0
-3.0
5.33
-0.33
0.33
3.33
4.0
1.33
13.0
7.0
2.67
3.67
8.67
-5.33
3.0
1.67
5.33
2.33
-1.67
8.67
1.33
0.33
3.0
3.33
3.0
2.33
-5.33
-2.0
7.0
5.0
-6.67
3.67
5.33
0.67
2.0
1.0
1.67
6.67
2.33
3.33
1.67
4.0
2.67
-0.67
0.0
-7.33
-4.67
3.33
-2.67
5.0
-4.0
-1.33
7.67
5.0
1.67
1.0
7.0
-1.33
0.33
-2.67
2.0
-3.33
3.67
-0.33
-2.0
3.67
-4.67
-3.0
6.67
1.67
1.0
3.67
2.0
3.0
3.33
0.67
1.67
5.33
5.33
-3.67
-2.0
8.0
5.0
1.67
-2.67
1.0
0.0
0.67
0.67
-0.33
-4.0
0.33
1.67
-2.67
-1.67
3.67
-2.33
-2.67
3.0
-2.67
0.33
-0.67
-0.33
0.0
1.33
-1.33
1.33
2.33
-0.33
-4.67
1.33
6.33
-0.67
-3.33
-3.67
-4.0
2.0
2.33
-2.33
-1.33
0.67
-5.67
1.0
3.0
-0.67
0.0
-0.33
-5.33
5.0
2.67
