0.0
-35.33
84.67
-55.33
7.0
8.0
-44.67
27.67
1.67
4.33
-12.33
8.67
-56.67
-19.33
41.33
17.0
8.33
35.33
-13.0
6.67
4.33
-5.67
7.67
8.33
2.67
3.67
17.0
11.33
18.33
-1.0
-8.0
4.0
5.0
-3.67
-1.67
0.0
1.0
0.0
-0.33
0.0
-1.33
0.67
0.0
0.0
-0.33
0.67
-0.33
0.67
-1.33
-0.33
0.67
1.33
1.0
-0.33
0.0
0.0
-0.67
0.0
-0.67
0.0
-0.33
-0.33
0.0
-0.33
1.0
-0.67
0.0
-1.33
-0.33
-1.0
-0.67
-0.33
0.67
-0.33
1.0
0.0
0.0
-0.67
0.67
-1.0
1.67
-0.67
1.67
-0.67
-0.33
-0.33
0.33
-1.33
-0.33
0.33
-1.33
-0.67
1.0
1.0
-0.33
-0.33
-0.67
2.0
0.33
0.67
-2.33
0.33
0.33
0.33
-0.67
-0.33
-1.0
0.33
0.33
1.0
-0.33
3.67
0.33
-1.0
-4.33
-0.67
0.33
-3.33
0.33
-0.33
2.33
3.67
-2.0
3.0
1.67
3.67
-2.0
-0.67
-1.33
0.33
0.67
6.33
1.33
0.67
5.33
4.67
-2.33
1.0
2.67
6.67
0.67
-1.67
0.33
1.33
-1.33
3.67
-2.33
1.67
12.0
2.67
-5.0
0.0
0.33
4.33
-5.33
2.0
2.0
2.0
3.0
-1.67
-1.33
-1.67
2.33
6.0
0.33
5.67
-1.33
-1.67
-3.67
-1.67
-3.67
-1.33
10.67
-4.0
-1.67
-2.67
5.33
7.0
2.33
1.0
2.33
1.67
2.0
-5.67
3.33
-1.0
3.67
2.0
4.67
-1.33
1.67
-1.0
-3.33
-1.67
5.0
-1.33
2.0
5.0
1.33
0.67
8.67
13.0
3.0
4.33
3.0
-1.67
1.33
8.0
-5.33
1.0
-0.33
1.33
6.67
2.33
6.67
2.67
7.67
1.0
-2.0
1.67
-3.33
6.0
-1.33
-2.67
7.0
0.67
2.0
-2.0
4.67
-3.67
4.0
3.0
-3.33
5.33
6.33
6.33
3.67
-4.33
-8.67
6.33
6.0
5.0
4.0
-2.0
7.33
-2.33
6.67
-1.0
2.0
3.33
10.33
0.0
4.67
2.0
-4.67
3.67
-2.67
2.67
0.67
-2.67
4.33
8.33
-4.67
3.0
-1.33
12.33
3.33
2.0
-3.0
0.0
5.67
5.33
0.67
4.33
2.33
4.0
-2.67
8.67
-0.33
3.0
0.67
2.67
6.0
3.67
5.0
3.0
0.0
4.67
-2.33
4.0
6.0
1.67
-7.0
-0.33
-5.67
-2.0
5.67
-2.33
-2.67
1.33
4.33
-2.67
8.0
1.0
9.67
4.33
9.0
4.33
0.67
-3.67
-1.0
8.33
1.0
3.67
11.0
1.0
2.33
0.33
-0.67
5.67
-4.0
10.33
3.33
-2.67
2.33
1.33
0.0
-2.33
-0.67
5.0
2.67
1.0
0.67
-4.33
6.0
4.33
-3.0
-1.67
3.33
0.67
-2.33
-6.0
-0.33
1.0
8.0
-3.33
-0.33
0.33
-1.33
-0.67
-2.67
3.33
0.67
1.67
7.33
0.67
2.0
-6.67
-2.0
2.33
-5.67
0.33
-0.67
1.0
-1.0
10.67
-3.0
-3.67
-2.33
-2.67
-1.33
5.0
6.0
0.0
-1.67
2.33
0.0
0.67
-1.0
0.67
0.67
3.67
-4.67
-3.33
0.33
3.67
1.67
6.67
4.67
3.67
2.33
-2.0
3.0
-1.0
4.33
0.67
0.67
0.67
0.67
4.67
4.0
-0.33
0.33
-2.67
-1.67
5.0
-0.67
2.0
4.33
2.67
4.0
-1.33
-0.33
3.0
1.33
-0.33
4.0
0.0
-4.0
4.67
-1.67
-2.67
5.0
-1.33
3.0
-3.0
4.33
2.67
-3.0
2.67
-3.0
-2.0
0.0
5.67
-2.33
2.0
2.67
-1.0
-2.67
-3.0
-3.33
1.33
2.67
-2.67
-1.67
4.0
1.33
3.33
3.67
-1.33
-1.67
0.67
-3.0
-1.33
11.0
-0.33
0.0
-1.33
-2.67
1.67
3.33
1.67
0.33
-0.67
-0.33
-0.33
9.0
-1.33
-3.0
0.0
-2.67
0.0
1.33
5.33
0.67
2.67
1.33
-3.0
1.67
2.67
1.33
1.33
1.67
-0.33
-2.33
0.33
-2.33
0.0
-0.33
-4.33
1.33
-1.0
3.67
9.0
-2.33
-5.0
0.33
1.33
3.33
2.0
2.33
0.33
-1.0
0.33
2.33
0.0
1.0
2.33
-1.67
-0.67
3.0
1.67
3.33
2.67
2.33
-1.67
-3.67
3.0
0.33
0.0
4.0
-1.67
3.33
-2.0
7.0
-0.33
3.33
-3.33
3.0
1.33
5.33
0.33
1.33
0.33
1.67
5.33
-1.0
-1.33
-1.0
1.67
0.0
-2.33
2.67
-1.0
-3.33
-1.0
-2.33
0.33
4.67
-1.0
3.0
2.0
1.67
-2.0
-7.67
0.67
2.67
-2.67
-3.0
1.33
-1.33
0.67
-3.0
3.67
-3.0
2.67
0.33
-5.33
4.33
1.0
4.33
-6.67
3.67
-1.67
0.33
0.67
-6.33
3.67
1.33
-1.33
4.0
1.0
-3.0
1.67
0.0
-0.33
2.0
-4.0
1.33
-1.67
4.0
-1.0
2.67
0.67
2.33
-1.0
-1.67
-0.33
-4.0
-3.33
2.33
-1.67
3.33
0.0
-1.67
2.0
4.0
-1.33
1.67
-0.67
0.67
2.67
2.33
-1.0
-0.67
4.33
-1.67
-2.0
-1.0
3.0
0.0
-4.67
-0.67
1.67
1.0
-2.67
-2.33
0.0
-3.67
0.33
-3.33
-3.67
-2.0
0.33
4.33
2.67
-2.0
-2.67
0.0
-3.0
3.0
1.67
-1.33
-5.0
0.33
-1.0
-1.67
-4.33
1.33
0.0
1.33
4.0
-4.0
-1.33
4.0
-0.33
-0.67
0.33
-6.67
-2.67
0.33
1.33
0.33
1.67
0.33
2.0
-3.33
-0.33
0.67
-1.33
-4.67
0.0
-1.0
5.0
-2.0
-2.67
0.0
-3.0
0.33
-0.33
-5.0
-1.0
1.67
1.0
8.33
-1.33
1.67
-5.67
-0.33
-3.67
-4.67
0.33
-4.0
-0.67
-2.33
-1.67
-3.0
-1.0
-5.33
-1.0
-2.33
-6.67
-4.67
-1.0
1.67
-1.33
-5.67
-0.67
-4.0
-2.0
-2.0
1.0
-2.67
-7.33
-3.0
-1.67
0.0
-5.33
-1.67
1.0
-0.33
-2.67
-2.0
-2.33
-3.0
-1.0
-6.0
-5.33
-0.33
-1.33
6.0
6.33
-5.67
-1.0
4.33
-4.0
-1.33
-2.67
-5.67
-5.0
-2.0
-0.33
-10.33
-7.0
-4.0
-6.0
8.0
-4.33
-3.33
0.67
-7.33
-1.33
-6.0
-5.33
-3.33
-2.0
-6.33
-2.0
-1.0
-5.0
3.67
-10.0
-0.67
-6.33
-0.67
-6.33
-3.33
-1.67
-5.67
-4.0
-4.67
-5.67
-0.67
0.33
-6.33
-3.0
-1.0
-1.0
-8.33
-4.67
1.33
3.33
-6.0
-5.67
-6.0
0.33
-1.33
-4.0
-2.0
-4.0
-3.0
-2.0
-8.33
-2.0
-5.0
-7.33
0.0
-4.67
-1.33
8.67
-1.0
2.0
-6.0
-1.67
6.33
9.33
4.33
-1.67
-2.0
-3.33
-8.67
-6.67
-1.33
-1.33
1.33
1.67
-4.67
6.0
4.0
-0.67
-4.33
8.0
-0.33
-2.0
-11.33
2.33
-4.67
4.33
-1.33
-7.33
-10.33
-3.33
-4.33
2.67
-7.0
2.0
-3.33
2.33
-0.67
1.67
-4.33
-4.33
-6.67
-4.0
-11.0
1.0
-2.0
1.67
-4.0
6.33
2.0
4.0
5.0
-1.67
-5.67
2.33
7.33
-1.67
2.67
-5.67
-7.67
-5.67
-5.67
-0.67
-1.0
-3.33
-1.67
-4.0
-5.33
1.67
-0.67
0.33
1.33
-2.0
-3.67
-2.33
10.0
3.33
-6.67
6.0
4.67
4.33
4.33
0.0
-0.33
-1.0
5.0
0.33
-10.0
-1.67
-9.0
7.67
-2.67
-5.33
-4.33
8.67
-4.67
5.0
5.67
0.33
-3.67
5.0
9.0
-0.67
3.33
1.33
-3.67
4.0
3.33
1.33
2.67
6.0
-1.33
-0.33
2.0
2.0
-3.33
8.67
-3.67
5.0
10.67
9.0
20.67
1.67
22.67
7.33
26.67
23.0
28.67
36.67
34.0
35.0
26.0
40.67
33.0
10.67
23.33
7.33
22.0
19.67
29.33
22.0
29.33
33.67
10.0
20.67
4.33
19.0
6.67
6.67
6.67
-0.33
4.67
4.0
-2.0
8.33
8.0
-2.0
-2.67
1.67
7.33
-8.0
-5.33
-3.67
6.33
-3.0
9.33
11.67
6.0
2.67
3.0
3.33
7.33
14.0
14.67
12.0
10.0
14.33
16.67
12.0
22.67
18.33
38.67
29.0
23.0
15.67
20.33
15.33
18.0
29.0
16.33
30.33
28.33
14.0
19.67
18.0
11.67
5.0
14.67
7.0
11.67
16.0
1.33
5.33
4.0
8.33
10.33
8.0
8.67
8.33
4.0
6.33
12.0
3.0
8.67
7.0
9.33
6.33
6.33
21.33
8.67
7.67
8.33
11.0
6.0
12.67
21.33
7.0
-2.67
8.33
1.67
7.67
5.67
3.67
-4.67
2.33
23.67
14.67
4.67
12.33
4.67
9.0
20.33
6.0
17.33
15.33
22.67
13.67
15.33
24.0
20.67
17.33
26.33
29.67
27.33
30.67
36.67
54.33
49.0
59.0
43.0
52.33
70.33
68.0
33.33
57.33
50.67
54.67
35.67
40.33
36.0
30.33
23.67
26.67
14.0
23.67
21.0
11.0
18.33
18.33
8.33
16.0
19.0
15.33
25.33
23.0
20.33
23.33
20.0
23.33
23.0
31.0
28.67
22.33
18.0
21.33
40.33
24.67
34.0
39.33
37.67
25.33
25.33
28.33
26.67
17.67
5.0
17.0
8.33
23.33
12.33
8.33
13.67
6.33
11.0
8.33
6.67
4.33
14.0
9.33
4.67
4.0
11.0
6.0
11.0
7.33
4.67
1.33
12.67
7.33
8.67
-2.67
9.67
13.0
10.0
11.67
2.0
6.67
15.0
22.67
12.67
16.67
16.67
25.67
26.33
31.67
10.67
5.67
13.33
9.33
19.67
18.33
7.0
9.0
11.67
25.0
8.67
9.0
10.33
5.67
21.0
13.0
16.0
6.33
14.0
3.67
-1.33
12.33
11.33
11.0
5.0
15.0
5.67
21.0
9.0
-3.0
20.67
24.0
22.33
21.67
12.67
31.67
25.0
21.33
37.67
32.67
39.0
44.67
45.33
62.33
54.0
73.67
72.0
72.67
76.0
83.67
83.67
74.33
66.0
72.0
79.0
63.67
58.33
64.0
48.67
49.67
36.33
30.67
33.67
21.0
27.0
19.33
23.33
12.33
24.33
19.33
18.67
7.33
14.33
20.67
15.0
17.33
13.67
11.67
21.0
15.67
26.0
28.0
26.33
38.0
36.0
37.33
28.0
60.33
38.67
53.33
48.67
47.67
48.33
45.67
75.33
78.33
70.0
63.33
72.67
70.67
82.67
82.67
76.67
58.33
69.0
90.0
96.0
93.67
79.33
67.67
75.67
70.0
70.67
45.67
45.0
55.67
36.67
33.33
32.33
37.67
34.0
37.0
28.67
31.67
24.33
25.67
27.33
17.67
14.33
21.67
10.67
14.67
12.33
15.67
-1.0
5.33
11.33
2.0
7.67
14.0
8.33
5.0
7.67
7.0
1.33
11.67
5.0
13.33
4.67
-1.0
9.33
19.0
13.67
19.67
6.67
11.67
11.0
18.67
23.0
21.33
20.33
31.0
30.67
19.33
12.0
34.33
20.67
15.67
30.33
21.33
25.33
38.33
32.0
45.33
33.33
32.33
26.33
33.67
29.33
24.33
29.67
34.0
28.33
35.33
24.0
24.33
13.0
23.67
27.33
40.0
31.33
21.0
44.33
4.67
25.33
31.0
20.33
22.67
27.67
21.67
24.0
30.67
25.0
13.67
19.0
24.67
23.67
9.33
30.33
3.0
29.33
20.0
24.0
23.67
18.67
17.67
26.67
16.33
22.67
24.67
17.0
36.67
12.0
21.33
19.0
23.67
17.33
9.67
13.67
10.67
3.0
-2.0
18.0
13.33
8.33
11.67
17.67
13.33
8.33
8.67
8.67
-2.0
14.0
6.67
17.67
12.67
-2.67
4.67
19.67
2.33
12.67
7.33
14.0
9.67
8.0
9.67
9.33
18.67
10.0
19.0
10.67
14.67
-4.67
0.67
13.33
12.0
10.67
9.33
19.0
11.0
6.67
12.0
10.33
1.67
12.33
13.33
10.0
4.67
20.33
21.0
10.67
6.33
1.33
8.67
11.67
-6.67
23.33
-4.33
2.0
9.0
9.67
1.0
11.0
25.67
12.0
10.67
0.33
19.0
22.0
7.67
2.33
9.33
20.0
12.33
2.33
12.67
15.67
6.67
7.67
2.0
1.33
20.0
-6.33
17.0
-1.0
-1.33
25.67
-0.67
20.67
15.0
0.67
12.33
20.0
8.0
1.67
-1.0
3.33
11.0
8.67
10.0
4.33
-4.33
7.67
4.0
-0.33
14.0
15.0
2.33
3.33
0.67
13.33
-2.33
8.0
1.33
-0.33
5.33
3.67
-2.67
2.0
-5.67
6.0
14.67
14.0
10.67
-7.0
8.33
2.0
22.0
8.0
-14.0
16.33
11.33
7.67
3.33
-0.67
6.0
2.67
3.67
8.0
14.0
-3.0
6.33
3.67
13.0
-0.67
10.33
-1.67
1.0
1.0
8.33
-7.33
-8.0
12.67
3.33
2.33
16.67
8.33
9.67
7.67
17.33
1.67
6.67
15.33
-5.67
21.0
10.0
-3.0
3.67
4.33
-0.33
11.33
11.33
18.33
15.0
17.33
2.67
5.67
9.0
15.67
28.0
16.33
10.0
11.33
12.0
16.0
9.0
9.67
8.67
25.0
11.67
-5.0
29.0
27.67
24.67
6.0
11.33
21.0
0.0
9.67
16.67
14.33
8.33
12.67
26.33
22.0
23.0
7.0
26.67
20.33
11.33
34.0
2.0
5.33
12.33
24.33
21.0
0.33
2.33
9.67
2.33
9.67
9.0
5.67
10.0
-1.33
7.33
9.67
11.0
10.0
4.0
15.33
25.67
23.33
6.67
8.0
9.0
-10.0
-1.33
15.67
5.67
3.33
9.67
-5.33
-11.33
10.67
1.33
1.33
9.67
0.33
3.67
13.0
2.33
16.33
8.33
11.33
3.0
4.67
4.0
7.33
16.0
4.67
-4.33
-1.33
6.67
-5.67
8.33
7.33
1.0
-2.67
-2.67
7.0
-2.33
12.0
2.67
0.0
12.33
4.33
8.67
6.67
7.0
4.33
0.0
14.33
3.0
8.0
6.0
-2.0
12.33
-4.67
4.33
1.0
2.67
4.33
6.33
5.33
6.33
0.33
3.0
3.0
-8.67
3.0
-0.33
3.67
6.33
2.0
2.0
1.0
2.67
2.33
4.0
4.67
4.0
6.67
16.33
0.67
-4.0
-3.0
-1.33
7.33
-6.33
0.67
4.67
2.67
-3.33
-5.0
-5.67
-2.33
6.33
3.33
-2.0
5.67
-1.0
-4.67
-1.0
2.0
0.33
-9.33
2.0
5.0
5.0
-7.67
-12.0
3.67
-6.33
7.0
-2.67
-1.0
2.0
-0.33
0.33
6.67
-3.0
5.67
-11.0
-1.33
-9.33
-9.67
2.0
1.0
-2.0
1.0
-0.33
-1.33
2.33
12.0
13.33
1.33
-1.33
3.67
-1.0
4.67
2.0
2.0
-10.0
2.0
-10.67
17.33
11.67
3.0
2.67
-4.33
15.67
2.33
5.33
-2.33
5.0
2.67
-1.67
-1.0
2.33
10.33
-1.67
0.67
11.0
0.0
1.0
1.67
7.0
-4.33
4.0
10.0
-4.0
-1.0
4.0
8.33
12.0
9.67
11.0
3.0
5.0
9.33
-1.67
4.67
-2.33
4.0
1.33
-10.0
6.67
6.33
4.67
0.33
-4.33
3.33
7.67
1.33
3.0
3.67
0.0
11.67
-3.67
-1.67
-1.33
-1.0
7.33
8.0
-1.0
4.33
9.33
7.0
-3.67
9.33
0.67
-6.67
-8.0
5.0
-0.67
6.67
6.33
-4.0
1.67
1.0
3.33
5.67
4.33
0.67
-4.67
-4.33
-5.67
3.67
4.33
-1.67
2.0
0.0
-1.33
0.67
-5.33
-2.33
2.67
4.33
-0.67
0.33
3.0
5.33
-3.67
-2.67
6.0
-2.0
-0.33
4.0
0.0
-1.33
6.67
-1.67
-0.67
-0.33
3.33
9.33
8.0
6.0
2.33
12.0
-0.33
4.0
13.33
2.0
1.67
1.0
-1.67
-2.0
0.0
0.67
11.33
1.67
4.0
7.33
11.33
1.67
4.33
1.67
13.0
3.0
5.67
3.33
4.33
2.33
0.0
0.67
3.0
-1.67
4.33
4.0
6.33
5.33
-3.33
6.33
6.0
-3.33
5.33
0.0
-3.67
4.67
-1.33
-2.33
-0.67
3.67
3.33
1.67
-1.0
-0.67
6.67
-0.33
11.33
10.67
1.0
-3.67
-0.33
5.33
-3.33
-1.67
-3.33
-0.33
6.0
18.0
7.33
4.67
0.33
1.0
-1.0
7.0
-6.0
1.67
-1.33
2.0
-7.67
4.67
4.33
0.0
-3.33
0.0
0.33
-3.0
-2.67
3.0
7.0
5.0
-1.0
-0.67
-4.33
6.33
-1.0
-3.67
7.0
-3.67
-2.33
-5.33
0.33
5.0
0.0
-3.67
3.33
2.33
4.67
-0.67
-2.67
2.0
-2.0
2.67
1.0
-3.0
-5.33
7.33
1.33
0.0
-2.0
3.33
-0.33
3.67
0.33
4.33
5.67
0.33
-2.33
3.0
5.67
0.33
-3.33
-1.0
6.0
-3.33
2.67
-3.67
-0.67
5.33
3.0
0.33
-3.0
-1.0
5.0
-1.0
3.0
12.0
-2.33
8.33
-0.33
2.0
0.67
0.33
4.0
-1.0
1.0
-0.33
5.67
-0.67
7.33
2.0
1.67
8.33
0.0
-1.33
0.67
3.0
-3.33
4.0
-2.33
2.33
-1.33
2.33
0.67
-5.67
1.67
-2.33
4.33
6.67
4.33
7.33
3.0
0.0
-2.67
7.67
4.0
0.67
0.33
