0.0
52.67
125.67
-24.33
9.0
-81.0
-111.67
3.67
45.67
26.33
-36.33
-42.33
-13.67
-36.33
-72.67
-45.0
-40.67
-48.67
-29.0
-35.33
-37.67
-19.67
-15.33
-14.67
-16.33
-11.33
-12.0
-2.67
2.33
2.0
-3.0
-4.0
-4.0
-0.67
6.33
-1.0
3.0
0.0
-0.33
-1.0
-0.33
1.67
-1.0
0.0
-0.33
-0.33
0.67
-0.33
-0.33
0.67
-0.33
-0.67
0.0
-0.33
0.0
0.0
-0.67
0.0
-0.67
0.0
-0.33
0.67
0.0
-0.33
0.0
-0.67
1.0
-1.33
-0.33
0.0
-0.67
-0.33
-0.33
0.67
0.0
1.0
0.0
0.33
0.67
-1.0
-0.33
-0.67
-0.33
0.33
-0.33
-0.33
-0.67
-1.33
-0.33
1.33
-1.33
-0.67
1.0
0.0
-0.33
-1.33
0.33
0.0
-0.67
-0.33
-1.33
2.33
-2.67
0.33
2.33
0.67
-1.0
-0.67
-0.67
0.0
-1.33
0.67
-0.67
1.0
-4.33
2.33
-1.67
0.67
0.33
-0.33
0.33
4.67
-1.0
4.0
2.67
2.67
-2.0
1.33
3.67
-1.67
-1.33
0.33
0.33
-2.33
5.33
-0.33
2.67
-1.0
3.67
5.67
3.67
-1.67
-0.67
7.33
1.67
8.67
4.67
-2.33
2.0
1.67
-4.0
-1.0
7.33
0.33
-0.33
-3.0
-2.0
8.0
-4.0
1.33
1.67
7.33
-0.67
-1.0
1.33
6.67
3.67
-1.67
0.33
-0.67
4.33
2.67
1.67
-1.0
-1.67
1.33
-7.67
6.0
4.33
1.0
-2.67
2.67
-6.0
3.33
1.33
-1.0
2.67
3.0
5.67
1.67
-0.33
1.0
-3.33
-2.67
3.0
2.67
7.0
0.0
1.33
1.67
0.67
2.0
6.0
-4.67
2.0
0.33
4.33
6.0
0.67
6.0
-2.33
3.33
6.67
8.33
0.67
-2.33
-2.33
4.0
0.0
3.67
7.67
-2.0
-0.33
3.33
6.0
0.67
8.0
1.0
7.67
-3.67
6.0
1.0
0.67
3.33
1.33
-2.67
2.67
2.67
4.33
-0.67
3.0
-3.0
-2.0
-3.0
4.33
1.67
3.67
13.0
5.0
0.33
4.33
-1.0
0.67
6.0
2.33
2.67
13.33
11.67
7.67
4.33
-0.67
5.33
-1.67
0.0
3.67
7.33
-3.67
8.0
-5.0
2.0
-4.33
6.33
1.67
4.33
-2.67
11.0
0.33
0.67
3.67
2.0
2.67
-3.33
2.0
2.67
3.0
3.0
-5.0
2.67
-0.33
4.0
3.0
1.67
-3.0
1.67
-4.67
0.0
-3.33
-1.33
0.33
5.33
4.33
3.33
-1.0
2.0
-0.33
0.33
6.0
3.33
1.67
0.33
-5.0
-2.67
4.0
0.67
0.0
3.0
0.33
0.33
5.33
-0.33
5.0
6.33
0.33
0.33
-1.67
1.33
-2.0
5.67
3.33
2.0
-3.33
5.0
-0.33
4.67
5.0
3.33
-1.0
3.33
1.33
5.67
3.67
-2.0
-0.33
1.0
2.0
-1.33
1.67
0.33
5.67
2.33
-0.67
-2.67
-3.33
-0.33
0.33
3.67
0.0
0.33
1.0
2.33
-0.67
0.33
-2.67
0.0
6.0
-4.33
-6.0
-7.67
6.67
7.33
0.67
2.0
0.0
1.0
-2.67
3.33
1.0
-2.33
4.0
0.67
-2.33
1.67
-2.67
-4.33
2.33
5.67
-4.33
0.67
-1.33
1.67
7.33
-5.0
5.0
11.0
-2.67
0.67
-0.33
-0.33
-0.33
-2.33
0.0
-0.33
1.33
-4.67
-5.67
-3.0
2.33
0.0
-0.67
2.67
2.0
3.67
-2.33
2.0
3.33
-1.33
5.0
-2.0
-2.0
-0.33
-0.67
-1.67
1.0
-2.33
-4.0
4.0
5.33
3.67
-3.0
10.67
-3.0
2.0
-2.0
-4.33
-2.33
-1.0
9.67
-3.0
-1.67
-5.0
-1.33
1.33
-0.33
-4.67
-1.67
-3.0
-0.67
-0.67
-2.33
1.67
-0.67
-1.33
-1.0
4.67
8.0
1.67
-3.0
3.67
-2.67
-0.33
1.33
0.67
4.33
-2.67
-0.33
-6.33
3.0
0.67
-2.0
0.0
-4.67
0.0
3.33
7.33
3.67
7.67
10.33
1.0
4.67
-2.33
-3.67
2.33
-1.33
0.67
-0.33
0.33
-1.33
0.0
2.67
-1.33
4.33
1.0
2.67
2.0
0.67
-7.0
8.33
-1.67
8.33
3.0
2.33
2.33
1.0
8.33
-2.67
0.0
4.0
2.33
-0.67
0.33
3.0
1.67
1.33
-0.33
-0.67
-1.67
1.33
0.0
3.33
2.0
1.0
-3.67
-2.67
2.0
-2.0
-2.33
2.33
-1.33
5.0
-0.67
4.33
1.33
-4.67
2.33
-2.33
0.33
3.0
-0.33
2.0
-0.33
-3.0
1.67
-1.33
0.0
-2.33
4.0
2.67
2.33
1.67
4.0
-2.0
0.0
1.67
2.0
-1.67
-3.33
1.67
-1.67
-4.0
5.33
1.67
2.67
1.0
-1.33
-3.0
11.67
-1.67
2.67
-3.67
-2.0
-1.67
-4.67
2.67
0.33
-1.67
4.67
-2.33
1.67
-0.67
2.67
1.0
1.0
1.0
0.67
2.0
2.67
3.0
5.0
-0.67
-0.67
-1.0
-3.0
-1.33
-4.33
0.33
-3.0
-3.67
0.67
-4.0
-2.33
1.33
-2.67
1.33
0.0
-2.67
1.0
0.0
-0.33
0.67
1.33
-0.33
2.67
0.33
0.0
0.33
5.33
-8.67
-2.0
-6.0
3.0
6.0
2.33
2.33
-0.33
5.0
0.33
-3.33
2.0
-1.67
0.33
-0.33
-5.67
-2.0
2.33
-3.67
-0.33
-2.0
-2.67
1.0
-3.0
3.0
6.67
-0.33
-8.0
-2.67
-2.0
3.33
-1.33
-1.67
-2.0
2.33
-3.0
-2.0
-0.33
-3.0
-2.33
-5.67
-5.67
-3.67
0.33
-3.67
-1.67
3.33
-0.33
-0.67
1.0
-4.33
-1.33
0.67
1.67
-3.67
1.0
1.0
0.0
-2.0
1.33
3.0
-3.0
-2.67
2.67
-3.0
4.0
-1.33
5.0
-1.67
-5.33
-4.33
-0.67
-2.33
-1.67
-2.67
-3.67
-4.0
-3.67
-3.33
-7.67
-6.0
-3.0
-5.33
0.0
1.67
-4.67
-2.67
3.0
-5.33
-0.33
3.33
2.33
-5.0
0.0
2.0
0.0
-2.67
-5.33
-2.0
-2.67
1.0
-2.33
2.33
2.0
0.67
-0.67
-5.0
1.67
-1.0
-1.0
-5.0
-4.33
-0.33
0.67
-1.0
10.33
-1.67
2.0
1.33
-6.0
-1.33
-2.67
-8.67
0.0
-3.0
-3.33
-12.33
0.0
-4.0
-8.0
0.0
-1.33
-4.33
-1.33
4.67
-3.33
-1.0
-10.33
-2.33
0.0
-0.33
1.0
-3.0
-8.0
2.67
-5.0
-5.67
-3.33
-4.67
2.67
3.67
-2.67
-4.67
-8.0
-8.67
-9.67
-1.67
1.33
-7.33
-4.0
-4.0
-3.0
-1.33
2.33
-2.67
-0.67
-1.0
-1.67
-1.0
-0.67
-3.33
-5.0
-6.0
0.0
-8.0
-5.0
-3.33
-1.0
0.0
-5.33
0.0
-0.67
-2.33
-2.33
-3.0
-9.0
-1.0
-4.67
7.33
-0.67
3.33
-3.67
3.0
1.67
-3.67
-2.67
-6.33
-1.33
9.33
-0.33
1.33
1.0
1.0
4.33
-9.33
4.0
-1.33
-11.0
-4.33
-2.67
-1.67
-1.67
-2.33
-7.33
-4.33
-4.33
-2.33
-3.33
0.0
2.0
5.67
-0.67
-5.67
-7.33
-2.33
-4.33
-2.67
-4.0
-4.0
12.0
-3.0
1.67
-5.0
3.33
6.0
-3.0
-3.0
2.33
1.33
-1.67
-5.67
-7.67
-6.33
6.33
-0.67
-1.67
5.33
-1.67
7.0
-4.33
-2.67
-4.0
2.67
2.67
-4.67
4.33
-13.67
2.0
-0.67
-7.33
1.0
0.33
-0.67
2.0
5.67
-1.67
-3.67
4.0
13.67
-1.0
8.0
-6.67
-6.0
-2.67
-5.0
-0.33
0.33
-4.33
-6.33
-4.33
1.33
7.0
-1.33
-5.67
-4.67
15.0
3.0
2.33
8.33
11.33
-0.67
-1.0
-2.67
4.33
0.67
8.0
-6.33
1.67
-3.0
-4.0
0.67
12.67
11.33
0.0
4.67
11.0
9.67
-5.33
9.67
10.33
38.67
30.0
34.67
35.67
53.0
53.0
69.0
63.67
57.0
63.67
60.33
56.33
42.0
37.67
50.33
39.0
25.33
39.67
26.0
12.67
17.33
14.0
12.67
19.67
30.67
4.67
1.67
1.0
-5.0
4.33
11.0
8.0
-2.67
9.67
4.33
4.0
1.67
7.33
1.33
2.0
8.33
7.67
2.0
10.67
9.0
1.33
16.33
11.0
5.67
11.0
22.0
24.33
22.67
39.0
33.67
47.33
55.67
65.0
71.0
65.67
69.33
72.33
77.0
65.0
59.33
61.33
62.33
51.0
43.67
28.0
23.67
24.0
20.67
27.0
28.67
8.0
20.33
20.33
4.0
11.33
8.33
6.0
12.67
13.33
-1.0
3.33
11.0
3.0
13.67
11.0
12.33
8.33
12.33
17.33
5.67
7.67
9.33
14.0
7.0
15.67
8.33
22.0
16.33
19.33
-5.33
18.67
10.67
7.67
9.33
7.33
5.67
15.67
18.67
15.33
13.67
17.0
18.33
22.0
23.33
22.33
25.67
21.67
26.33
38.0
23.67
30.33
44.33
53.67
63.33
68.67
83.67
65.33
90.0
102.0
93.0
94.33
89.33
80.0
71.33
71.33
66.67
54.67
76.67
47.33
50.0
52.33
49.67
39.67
23.0
31.67
35.0
17.0
22.33
18.33
14.33
17.0
29.0
24.33
20.33
28.0
14.33
31.33
47.0
33.33
49.0
43.0
29.67
39.33
22.0
42.33
20.33
26.67
20.0
24.33
9.67
15.33
16.33
14.33
10.67
4.67
17.0
12.0
9.33
12.33
6.33
8.33
9.67
8.33
1.0
2.33
2.67
7.33
14.0
10.33
6.67
5.0
10.0
5.0
5.0
16.33
16.67
11.33
7.67
15.33
10.67
7.33
21.67
30.0
30.0
23.67
22.0
24.67
30.0
18.67
20.67
35.67
38.67
30.67
12.33
32.67
35.67
17.67
27.33
31.33
22.67
15.33
21.0
30.0
27.67
17.0
25.67
7.0
21.33
16.67
4.0
9.0
18.0
13.33
4.0
20.67
7.67
9.33
3.33
15.0
17.0
22.0
17.67
37.0
22.0
22.0
20.67
46.0
56.33
54.67
70.67
44.67
95.0
80.33
94.67
132.67
135.0
123.67
145.33
149.33
161.0
176.67
226.0
193.67
191.0
189.67
195.67
177.33
158.0
156.0
198.0
156.67
124.33
103.0
114.67
96.67
74.33
79.67
69.67
38.0
51.0
19.33
37.33
25.33
28.33
28.33
22.67
23.33
43.33
28.67
29.0
53.33
34.67
59.67
43.0
56.67
64.0
69.0
86.33
60.0
88.0
93.33
85.0
82.33
97.67
100.33
83.67
64.67
72.33
75.67
55.33
55.33
40.0
48.33
52.67
60.67
68.67
39.67
64.67
28.33
35.0
52.0
61.0
41.67
34.33
49.67
45.67
50.0
43.67
28.67
32.0
36.67
33.67
27.33
18.33
29.67
21.0
23.0
18.67
16.67
11.33
14.67
6.33
13.67
11.33
15.67
12.67
3.67
9.33
10.67
7.0
2.33
4.33
7.0
0.67
4.0
5.33
14.0
3.67
12.0
-2.67
12.67
-1.0
9.33
13.67
4.0
15.33
8.0
7.67
25.67
13.67
22.67
13.0
13.67
24.0
10.33
13.33
3.0
7.67
20.33
19.0
22.33
8.67
23.67
13.33
20.33
23.33
18.33
26.0
27.33
35.33
29.33
30.33
31.67
27.33
21.33
35.67
34.0
36.33
54.33
38.0
27.33
30.0
30.67
28.33
26.0
21.33
34.0
31.33
17.67
25.33
37.0
17.33
24.67
24.67
16.67
5.0
14.67
18.0
25.67
3.0
17.67
15.67
10.33
9.33
12.0
9.33
19.0
15.0
9.67
22.67
10.67
22.67
18.33
30.67
25.67
26.0
24.67
23.0
18.33
31.0
17.67
32.33
19.67
16.67
13.67
15.0
15.0
12.0
19.33
1.33
12.67
11.67
1.33
12.33
3.67
11.67
-8.0
5.0
6.67
7.67
9.67
7.33
7.67
14.67
5.33
8.67
5.33
8.0
7.67
12.0
8.67
-3.67
8.67
12.0
16.0
7.67
6.67
-4.67
5.67
18.33
3.0
7.67
12.33
12.0
4.0
3.67
-3.0
13.33
6.67
18.33
2.33
-1.0
4.67
-0.67
16.0
2.67
-2.67
5.33
12.67
15.67
2.33
15.33
0.67
-1.0
11.0
5.67
5.0
3.0
3.67
14.0
-2.33
1.33
12.0
12.0
12.67
18.33
2.33
12.0
13.33
-0.67
11.67
1.67
3.67
15.67
10.0
1.33
7.0
-1.33
18.0
12.0
7.67
15.67
13.33
12.67
4.0
3.67
3.33
16.0
14.0
-0.33
10.0
2.33
13.0
-2.33
-5.0
0.33
13.67
5.67
-12.0
2.67
12.0
-6.0
6.33
3.33
-4.33
1.33
13.67
12.0
-6.67
-8.33
18.33
6.67
16.33
2.0
-0.67
4.0
4.67
11.0
3.67
18.0
2.33
8.0
-1.0
2.0
2.0
6.33
4.33
2.67
4.33
-6.67
2.0
3.67
-1.33
11.0
4.0
5.0
10.33
14.67
-6.0
4.33
0.33
6.33
4.0
6.0
6.33
6.67
12.0
20.67
2.33
1.33
18.67
9.33
12.67
1.67
14.33
2.67
2.67
8.33
13.33
5.0
14.0
11.0
2.67
18.33
18.67
4.33
-1.67
17.33
15.0
5.33
6.67
5.67
-1.0
3.67
6.0
18.33
11.0
4.33
2.0
25.0
-12.0
1.67
9.67
11.0
22.67
13.0
1.0
3.67
7.67
10.0
3.33
9.0
-1.0
8.67
10.67
11.33
9.33
21.67
7.33
20.0
10.0
5.0
7.67
-7.67
4.33
12.0
-5.0
3.33
2.33
6.33
8.0
1.33
6.33
5.67
4.33
18.67
12.0
11.67
17.0
8.67
2.33
5.67
7.0
0.0
10.0
6.33
7.67
3.33
5.67
4.0
10.0
-3.0
3.67
3.67
4.67
1.33
10.67
13.67
-3.33
10.67
1.33
15.33
5.67
9.33
10.67
15.0
10.33
26.33
16.33
16.33
2.0
8.67
2.0
1.33
10.0
8.67
3.67
0.67
-0.33
-6.67
4.33
1.33
-8.0
7.33
-9.67
5.0
3.67
20.0
-1.33
5.0
0.33
12.33
6.67
4.67
1.0
-7.67
7.0
9.33
-4.0
5.0
15.0
-5.0
16.33
-5.67
3.33
5.0
3.67
7.33
2.33
5.33
4.33
10.33
2.0
20.0
0.33
4.0
5.67
1.67
4.33
-17.0
19.0
1.0
-0.33
7.33
8.0
10.67
2.0
5.67
0.33
1.67
3.0
6.0
-4.33
5.33
-0.33
-2.33
3.67
0.67
-2.33
2.0
3.33
-3.33
-0.67
-1.67
5.0
1.67
-1.0
6.33
-4.0
1.0
0.33
4.67
8.0
9.0
6.0
-2.67
-2.0
-7.33
12.67
-6.0
8.33
5.0
-1.0
1.67
-10.67
8.67
1.0
3.67
-12.0
-1.33
3.67
-13.67
-1.0
-3.0
19.0
7.0
-0.33
1.67
-3.67
10.0
1.33
4.33
0.67
9.67
-3.0
2.67
4.0
-2.0
-4.0
-2.0
1.33
13.33
5.67
8.0
4.67
5.67
2.67
2.33
9.33
8.67
0.0
6.67
-1.67
4.0
14.33
3.33
1.33
2.67
4.0
-3.0
-4.0
5.67
1.0
-4.33
2.0
6.0
0.0
2.0
-2.0
-2.67
3.0
3.67
4.0
4.0
2.0
5.33
6.33
1.67
0.67
7.0
2.33
0.0
-9.33
10.33
1.67
-7.67
-0.33
0.33
0.67
0.33
1.0
2.67
14.0
2.67
-3.67
2.33
-3.33
-5.0
3.33
7.0
-1.0
2.33
8.33
-2.0
-0.67
4.33
1.67
-2.67
-9.0
9.0
-5.67
-2.33
-0.67
-4.0
2.67
-5.0
1.33
0.67
1.33
5.67
-8.67
4.67
-0.67
0.67
8.33
5.33
1.0
4.0
0.67
2.67
-4.33
14.67
5.67
2.33
7.33
2.33
-1.0
1.33
0.33
2.33
6.0
-3.0
0.67
3.0
-2.0
-5.33
4.67
-0.67
9.33
-0.33
0.33
2.33
10.0
8.0
9.33
8.0
6.67
11.0
4.33
0.0
7.67
4.0
5.33
1.0
0.0
4.67
4.33
1.67
0.0
7.33
3.33
7.67
-1.67
3.67
9.0
2.0
1.67
-3.67
-2.67
2.33
-2.0
4.67
-7.0
3.33
5.33
2.0
-6.67
3.33
0.67
-2.67
0.0
5.67
-6.67
1.0
5.33
1.67
-3.33
-0.33
-5.67
-1.33
7.33
-0.33
1.0
1.33
4.67
-0.33
-0.67
-4.33
-7.0
-2.67
-1.33
7.33
-1.33
1.33
0.67
3.67
5.0
3.0
1.33
3.67
-1.67
-7.0
4.0
3.0
-2.0
3.67
-0.33
2.0
3.33
0.67
-5.67
5.0
3.67
3.0
-1.67
-5.0
2.33
4.0
1.0
-3.0
3.0
0.33
2.67
6.33
-1.0
9.33
1.0
1.33
-3.33
-2.33
-1.67
0.0
6.0
-6.67
4.33
-2.67
0.67
5.33
3.33
4.0
1.0
0.67
-1.0
3.0
1.67
4.33
1.33
-1.0
6.0
-6.67
4.67
1.67
1.33
-6.67
0.67
-3.67
12.67
-5.0
-0.33
3.33
4.67
0.0
4.0
1.67
3.67
0.33
4.33
4.33
1.0
1.33
-4.0
6.0
3.0
9.0
-5.0
3.0
-0.33
1.33
0.67
3.0
1.67
6.33
8.0
5.0
6.0
3.67
3.67
1.33
1.33
-5.0
3.67
3.33
-4.0
2.67
-3.33
0.0
-3.33
-2.0
-4.33
8.33
3.67
0.33
7.67
3.33
-0.33
0.67
-0.67
3.67
-2.67
4.33
2.0
1.0
-4.67
-3.33
4.0
-2.33
0.33
