0.0
36.67
45.67
17.67
4.0
26.0
25.33
81.67
46.67
-7.67
29.67
-85.33
-101.67
-60.33
-78.67
-25.0
-10.67
-50.67
-15.0
-8.33
-24.67
16.33
-14.33
-0.67
0.67
8.67
5.0
7.33
1.33
11.0
-4.0
2.0
5.0
-1.67
-0.67
6.0
1.0
-2.0
-1.33
4.0
-0.33
-0.33
0.0
1.0
-0.33
-0.33
-0.33
1.67
-0.33
-0.33
-0.33
-0.67
0.0
-0.33
2.0
0.0
-0.67
0.0
0.33
1.0
-0.33
0.67
0.0
-0.33
0.0
-0.67
0.0
-0.33
0.67
-1.0
-0.67
-0.33
-0.33
0.67
0.0
0.0
0.0
1.33
-0.33
-1.0
-0.33
-0.67
-0.33
0.33
0.67
-0.33
-0.67
-1.33
-0.33
0.33
-0.33
0.33
0.0
0.0
0.67
-0.33
0.33
2.0
0.33
-1.33
-0.33
0.33
-1.67
0.33
0.33
-0.33
0.0
1.33
2.33
0.0
-2.33
-1.33
-1.67
5.0
1.67
-0.67
0.33
1.67
4.33
-0.33
-0.67
0.67
-3.0
2.0
1.67
-0.33
-3.0
7.33
2.67
-1.67
6.67
1.33
-1.67
6.67
2.33
3.67
2.67
-2.0
5.67
1.67
2.67
1.33
5.33
6.33
-0.33
6.67
2.67
5.67
4.0
4.67
-2.0
5.0
-2.67
3.33
1.67
-1.0
1.0
5.0
1.0
10.33
0.67
4.33
-0.67
7.0
2.33
0.67
5.67
6.33
-1.67
-2.67
2.33
3.67
3.67
5.0
1.33
4.33
4.33
-1.0
7.33
-2.0
2.33
4.67
-3.0
3.33
1.33
7.0
7.67
6.0
6.67
-0.33
5.67
3.0
4.67
1.33
-1.0
6.67
5.0
-1.0
4.33
-6.33
8.67
3.0
3.0
0.33
0.0
1.33
1.33
12.0
5.67
3.0
5.67
2.33
4.67
2.33
6.67
-1.33
5.67
4.0
5.0
2.67
7.67
10.0
-0.33
-0.67
0.0
11.67
15.0
6.0
2.67
3.33
13.0
-3.0
0.67
1.33
5.33
5.33
2.67
3.67
3.33
9.33
6.0
7.0
2.0
1.0
3.33
2.67
3.67
5.0
7.0
-4.67
7.33
3.0
9.67
7.0
3.33
6.67
3.33
2.67
2.67
5.33
6.33
11.33
-0.67
6.0
-0.33
8.33
1.33
5.0
-1.0
8.0
6.67
3.33
5.67
-0.67
5.33
0.0
8.33
-1.33
5.67
7.0
-1.33
6.67
5.0
-0.33
5.0
5.0
-3.0
8.67
-1.33
7.0
6.0
5.67
-4.0
4.67
-5.67
1.0
2.67
7.67
5.33
-0.67
9.33
-1.67
-1.0
3.0
4.67
13.33
6.0
4.33
2.67
2.33
0.0
6.33
0.0
6.67
4.0
11.0
-5.67
4.33
2.33
9.67
-1.0
4.33
10.33
2.33
1.33
-2.67
6.0
2.67
6.33
9.0
13.67
5.0
-0.33
3.67
1.0
7.33
0.0
5.33
-2.67
2.67
3.67
3.0
4.67
1.0
4.0
0.67
6.67
1.33
-2.33
-7.67
0.33
6.33
5.67
5.67
1.33
2.67
1.0
4.33
-1.0
5.33
2.33
6.33
-3.67
10.0
3.0
2.67
7.0
-0.67
5.67
7.33
2.67
4.0
3.0
0.0
3.33
-0.67
0.0
2.67
7.0
0.67
9.67
2.67
-6.67
-0.33
6.33
0.67
0.67
7.67
0.67
5.67
-1.67
0.0
1.0
3.0
0.33
-4.33
3.67
1.67
3.67
0.67
1.0
0.67
1.33
-2.67
-1.67
-2.0
7.33
3.0
1.33
4.67
1.0
1.67
4.67
5.0
0.33
-1.33
7.0
5.0
-6.0
4.67
3.33
5.33
-3.0
-1.33
2.0
4.0
3.33
-1.33
-3.0
11.67
-4.0
3.0
1.0
0.67
1.67
-2.0
-2.33
0.0
3.33
-1.0
1.67
-0.67
6.67
1.33
3.33
2.0
4.33
3.33
0.67
2.67
1.33
0.67
2.0
1.67
1.0
-0.33
-1.0
0.67
-3.67
0.67
8.33
6.67
-1.67
-4.67
-1.33
-7.33
7.0
0.67
2.0
3.0
1.33
4.0
-0.67
4.33
6.67
3.67
0.33
-1.0
8.67
0.67
1.33
3.33
-0.33
2.67
-7.33
-0.67
1.67
2.0
5.67
-2.33
1.33
5.0
1.67
4.0
-5.33
1.0
-0.67
8.33
-0.67
-4.0
0.33
-3.67
-1.0
2.33
4.33
2.0
1.0
6.33
2.33
3.33
2.0
1.67
3.33
-0.33
-2.67
1.33
-5.67
0.0
4.33
0.0
2.0
-1.67
0.33
3.0
2.0
1.67
3.33
-5.33
4.0
5.33
3.33
2.33
0.33
-0.67
-1.33
2.33
1.0
3.67
-1.0
3.67
-1.0
5.67
1.67
8.0
3.67
2.0
-0.33
2.33
5.67
1.0
3.0
1.0
1.67
-1.0
-3.67
-1.33
7.67
-4.67
1.0
0.33
-3.33
6.67
-1.0
1.67
-1.0
1.67
0.33
0.67
5.33
4.0
0.33
-0.67
-0.33
1.33
-2.67
1.67
-5.33
3.67
3.33
4.67
5.0
3.0
3.0
1.67
5.0
-1.33
4.0
4.0
3.33
-1.67
9.0
5.0
3.67
-3.33
0.33
4.0
-2.67
2.67
-4.0
-2.33
-1.67
-1.67
4.33
1.0
-1.67
-1.0
0.0
6.67
8.67
1.33
1.67
-0.33
1.33
-1.0
-0.67
1.33
-3.67
0.0
-1.0
-4.0
5.0
1.33
4.33
0.67
-2.0
0.33
-0.33
-1.0
-0.67
1.33
2.67
-5.67
-2.0
1.33
1.33
0.67
-3.0
2.33
6.0
0.0
1.0
-1.33
3.67
-1.0
0.33
0.0
-0.67
-3.33
3.33
0.0
-2.67
-3.0
-3.0
5.67
2.0
-1.33
0.33
-2.67
-1.67
-0.67
3.33
-0.67
0.33
1.67
3.33
7.0
-0.33
-1.33
2.67
-0.33
-3.67
0.0
7.0
-2.0
2.0
2.33
-2.0
-9.0
-3.67
-4.33
4.0
2.0
-3.33
1.0
0.33
-1.33
-3.33
-4.67
-1.33
2.33
-0.67
-3.67
2.0
-6.67
-3.33
-4.67
-3.0
-4.0
-1.33
2.0
-4.33
-3.67
-3.67
1.0
-1.33
-1.33
-2.67
0.33
-4.0
0.0
-4.0
2.0
-3.67
-6.33
-3.0
3.33
1.0
-4.33
2.33
-5.0
2.67
-2.67
-4.0
-2.33
0.0
-2.0
-1.0
-0.33
-4.33
-1.33
0.0
5.33
-2.67
-2.0
3.33
-3.0
-5.33
-5.67
-4.67
-6.0
0.0
-3.33
-5.33
-9.0
-6.0
-8.0
2.0
-2.33
4.67
-3.33
-6.33
-3.33
-3.0
-1.33
-6.33
1.0
0.67
-1.0
1.0
-4.0
-5.33
0.0
3.33
0.67
-5.67
-9.33
1.67
-5.67
-3.67
-6.0
-6.67
-3.67
-4.67
-3.67
-6.33
-7.0
2.0
-2.0
-4.33
-5.67
-3.67
0.33
-4.0
-5.67
-1.0
1.33
1.67
-9.0
-5.0
0.0
-7.0
-5.0
-0.33
-8.0
-1.0
-4.33
2.0
-6.67
-3.33
0.67
-3.0
-5.0
2.0
-10.67
-4.67
-2.67
-1.67
-0.67
-4.0
4.67
-3.67
-11.67
3.67
-4.33
-0.67
-4.33
-3.67
-1.0
-2.0
-0.67
-8.33
1.0
-10.33
2.0
-0.33
-0.67
-5.67
-2.67
-5.33
-4.33
-4.33
-9.33
-0.33
-5.33
-7.0
-7.0
-2.33
-3.67
-3.67
-9.33
-1.33
-9.33
-11.67
-2.0
-5.0
-7.0
-3.0
0.67
-4.0
-2.67
0.0
-6.0
-1.0
-3.67
0.33
3.33
0.33
-6.67
-8.33
-2.67
-7.67
-5.67
2.33
-0.67
1.0
5.67
5.33
-6.0
-5.33
-3.33
2.33
-6.67
-11.67
-11.0
-9.67
-3.33
-4.0
-8.67
-9.67
0.0
1.67
-5.67
-4.67
-1.0
-7.33
-12.0
1.0
-1.67
-5.0
-6.67
-11.0
-2.33
4.33
-8.33
4.67
-1.33
10.33
1.0
4.67
-0.67
-4.67
-4.0
-8.0
0.33
4.33
-0.67
-0.67
3.0
-6.67
-2.67
8.67
5.0
-5.33
-3.33
-1.0
-11.0
-4.33
9.67
-7.67
-9.0
10.67
4.0
0.67
-12.33
-3.33
-9.67
-7.33
-5.0
3.67
7.67
21.0
9.0
10.0
24.67
25.0
24.67
31.33
25.33
25.0
42.67
42.33
27.0
37.33
30.67
37.0
22.67
32.33
21.0
27.67
33.67
26.67
9.67
14.67
12.0
15.0
5.33
5.0
12.0
6.33
3.67
-0.67
-1.0
-4.33
4.33
5.33
-1.0
7.33
-2.33
2.0
8.67
7.0
-4.67
-4.67
6.0
2.67
7.0
7.0
7.33
7.67
10.0
8.67
24.33
10.67
18.0
14.0
22.67
16.33
27.33
26.0
24.0
8.33
30.33
24.33
19.0
22.67
22.0
16.67
15.0
20.67
16.0
24.67
9.0
5.33
11.33
11.0
15.33
23.33
0.0
9.67
8.33
2.0
11.33
0.0
13.0
16.67
8.0
8.33
8.33
5.33
13.33
1.67
11.67
0.33
-1.0
7.0
-3.33
2.33
2.0
2.33
7.33
-1.33
-2.33
-5.33
5.67
-2.67
-3.67
4.67
10.67
7.67
5.33
-0.33
10.0
16.33
3.0
-0.67
6.33
13.67
2.67
6.33
0.0
6.67
-1.67
5.33
8.67
6.33
3.67
4.67
16.33
14.0
14.0
11.0
17.33
11.33
17.0
17.33
7.33
7.67
8.67
13.67
4.33
17.0
7.33
8.67
18.67
17.0
10.67
8.0
7.0
-1.67
11.33
15.33
3.0
14.0
-0.67
17.33
5.0
6.33
18.33
13.0
12.33
5.0
12.0
6.67
7.33
8.0
4.33
15.33
17.67
3.0
16.33
6.67
18.33
4.33
7.33
6.67
-0.33
7.0
6.0
6.33
2.33
10.33
5.33
4.67
7.33
0.0
8.33
2.67
2.33
11.0
11.33
6.67
19.0
10.0
9.0
-1.0
12.33
10.67
18.33
13.67
3.33
16.67
12.33
6.67
10.0
12.0
14.67
11.0
8.67
16.0
11.67
3.67
28.67
11.67
8.67
11.33
14.67
23.67
10.67
11.33
13.33
7.67
14.33
11.0
17.0
13.67
24.0
3.67
1.0
9.33
11.67
11.0
8.0
13.0
6.33
6.0
1.67
3.67
15.33
-0.67
14.0
7.0
15.0
11.67
12.0
24.0
7.0
8.67
7.0
15.33
27.67
21.67
20.67
30.0
30.33
50.67
55.67
61.0
45.67
54.33
49.33
76.0
48.67
77.0
53.67
64.0
49.67
54.67
51.33
57.0
41.0
55.0
43.67
34.33
35.0
34.67
42.67
33.33
41.67
21.67
26.0
22.0
16.33
22.33
18.33
19.33
15.33
25.67
18.33
24.33
23.67
21.0
15.33
6.67
17.67
27.0
16.67
22.0
21.0
25.33
22.0
27.0
28.33
21.0
35.33
39.67
36.33
36.67
36.67
20.33
34.67
29.33
42.33
41.0
43.33
42.67
35.67
23.67
58.67
30.67
34.33
23.0
29.0
42.0
50.67
22.33
29.67
26.67
17.0
17.67
8.67
10.0
23.67
23.67
3.33
12.33
16.67
23.0
13.0
10.67
13.67
34.33
11.67
16.33
4.67
11.33
15.67
16.67
8.67
9.33
7.67
-1.0
-0.67
9.33
7.0
9.67
11.0
10.33
7.0
10.67
9.0
3.33
-1.33
5.0
7.33
13.67
6.0
-1.67
10.0
11.67
13.67
0.67
3.67
11.0
13.67
9.0
12.33
10.33
10.0
-6.33
16.33
6.0
11.33
15.67
10.67
14.33
12.33
8.33
17.33
11.0
8.33
15.33
2.33
26.33
4.67
13.33
6.33
31.67
18.0
22.33
15.33
24.0
9.33
29.0
-0.33
26.33
11.0
17.33
6.0
21.33
12.67
13.33
32.0
12.33
7.67
4.67
17.67
14.0
10.67
10.0
7.67
-2.0
7.67
13.67
14.33
17.33
12.0
15.33
5.0
2.0
17.67
13.67
9.67
17.67
10.33
21.67
10.67
13.0
19.67
11.0
9.33
14.0
21.67
6.33
0.67
17.67
9.67
17.0
9.0
-2.0
8.33
20.33
18.67
19.67
7.33
14.33
-5.33
7.67
9.0
3.0
5.67
10.67
9.67
10.33
13.67
0.67
-1.67
3.67
6.33
9.0
13.67
10.0
15.67
3.33
0.67
6.0
26.0
3.67
-4.33
7.33
-0.33
4.33
9.0
20.67
5.33
8.0
12.0
9.67
5.0
18.33
11.67
11.33
12.33
6.0
4.67
8.33
17.0
9.67
7.33
-1.67
7.67
17.67
1.33
14.33
2.67
-2.0
5.0
1.67
13.0
-1.0
1.67
12.0
6.67
9.33
5.0
-2.0
4.67
12.33
-8.67
13.0
8.33
3.33
9.67
12.67
16.67
16.67
1.0
-0.67
4.0
17.67
20.0
0.0
5.67
5.67
9.33
15.67
3.0
5.67
8.33
15.0
-3.0
5.67
-13.0
-0.67
2.0
6.67
4.0
5.33
-9.33
5.67
2.0
-6.33
17.0
19.0
1.33
7.33
-5.33
10.33
7.67
4.0
-1.67
4.67
2.33
7.67
14.33
13.0
7.33
-3.0
-5.33
-6.0
6.67
11.0
7.33
-8.0
11.0
12.0
3.0
12.33
-2.67
4.67
7.33
1.33
12.0
7.67
-14.33
2.0
11.0
-9.0
5.33
17.67
5.0
6.33
-2.67
4.33
-1.0
7.0
5.33
-6.33
12.0
8.67
8.33
5.33
0.67
8.33
-2.33
10.67
1.33
8.67
10.67
0.33
12.33
6.0
24.0
22.0
4.67
12.33
3.67
1.33
8.33
9.33
5.0
6.33
8.67
1.67
5.0
4.67
16.0
10.33
10.0
10.33
16.0
26.0
1.0
19.67
13.67
18.0
20.67
10.0
3.0
7.67
16.67
17.0
7.33
13.0
9.0
5.67
13.67
12.33
8.33
13.67
22.33
19.0
15.0
-8.0
7.67
19.33
9.33
11.0
2.0
7.33
4.33
16.33
4.0
4.33
5.33
6.67
12.33
9.67
20.0
4.67
12.0
13.67
8.33
5.67
5.0
4.0
20.0
7.33
-5.33
4.33
14.67
6.0
14.0
5.0
4.67
-0.33
-1.33
6.33
6.67
10.67
-2.33
-0.33
1.33
10.33
6.67
-9.67
-2.33
-3.0
19.33
16.33
3.33
2.33
10.0
9.67
1.0
10.33
9.0
12.67
3.67
10.67
11.67
11.33
9.33
7.33
1.0
-1.67
0.33
20.0
15.67
12.0
0.67
4.0
-2.67
-9.67
8.67
-6.33
3.0
-6.67
5.0
9.33
6.0
20.0
7.0
6.0
13.33
-2.67
18.33
5.0
-1.33
-4.67
12.33
9.33
7.33
0.33
-4.0
10.0
-8.67
6.0
-2.33
-5.33
8.33
-8.0
9.0
6.0
3.67
-3.67
-7.0
-0.33
6.0
4.67
7.33
-0.33
11.0
6.0
-0.33
5.33
-2.33
18.67
0.67
4.67
-4.33
-6.0
-1.67
1.67
6.33
12.33
10.0
6.67
14.0
5.33
6.0
1.0
-1.67
11.67
9.0
5.0
10.0
-4.67
2.0
2.67
1.67
8.0
-5.67
-7.0
8.0
0.67
0.33
-3.33
3.0
12.67
-8.0
8.67
-0.33
-1.67
8.0
-5.0
-2.0
5.0
10.67
6.67
1.33
4.0
2.33
8.33
8.67
7.67
-3.0
11.67
8.0
3.0
9.0
7.0
-2.67
7.33
9.67
8.0
-4.33
-4.33
10.67
10.33
0.33
3.67
13.0
10.67
-3.67
1.0
6.33
-2.67
6.33
4.67
8.0
-1.0
7.0
-4.33
11.0
2.67
4.0
7.0
6.0
-2.0
8.0
1.33
3.0
8.67
9.0
-1.0
6.0
4.33
4.33
8.67
-1.33
-3.0
-4.67
-6.0
-4.33
19.33
4.67
2.33
21.67
2.33
2.67
3.33
9.0
2.67
8.0
2.67
-4.67
-2.67
-3.33
-1.0
4.33
9.0
-2.0
-1.67
9.33
-5.0
-1.67
-1.67
-0.33
3.33
2.0
12.0
2.33
4.67
4.33
-3.0
0.67
6.0
-1.67
2.67
2.33
5.67
-2.67
4.67
-1.67
-2.33
1.33
-0.67
1.0
3.0
-4.33
1.67
8.67
6.67
11.67
7.33
-1.67
9.33
-2.0
-1.67
-5.67
-0.67
-5.0
-1.0
4.67
0.0
1.0
5.67
0.67
0.33
1.33
10.67
3.33
2.33
2.0
6.0
1.33
-1.0
7.67
0.0
5.33
-1.0
-5.33
1.0
6.33
2.0
-1.0
0.67
5.33
3.67
5.0
-4.67
5.33
8.67
0.33
5.67
4.0
8.0
6.67
4.33
-3.67
8.33
5.0
7.67
0.0
0.33
4.33
7.0
5.33
2.33
6.67
-1.67
-4.0
0.67
-5.67
5.0
5.33
2.67
5.67
1.67
-0.67
-1.33
6.33
0.67
1.0
7.33
2.67
1.67
6.33
-4.33
1.0
5.33
3.67
-2.67
2.67
-0.67
23.67
2.67
1.0
2.0
1.33
6.67
3.33
10.0
-1.0
2.0
1.0
-5.33
-4.33
4.0
6.33
5.67
2.33
8.0
-1.33
8.0
7.33
0.0
1.33
3.0
4.0
7.0
4.0
-3.67
3.67
20.33
-2.0
5.33
13.0
-0.67
7.67
2.67
2.33
2.0
3.0
-2.67
3.33
8.33
5.67
7.33
3.33
2.0
4.0
11.67
3.0
6.0
7.67
6.33
7.33
4.0
10.0
-1.67
8.67
8.67
13.33
4.33
7.67
6.33
-0.33
8.0
7.67
11.33
7.67
0.0
1.0
7.67
3.67
-2.67
4.33
0.33
5.0
8.33
4.0
-2.0
2.0
4.0
2.0
2.0
0.67
-0.67
5.67
3.0
6.67
8.33
3.0
-3.0
2.0
2.67
4.67
2.33
5.33
-2.0
6.67
8.33
-1.0
-2.33
4.67
2.0
1.67
4.0
-6.33
0.33
2.67
-1.67
-0.33
1.33
2.67
1.67
-0.67
5.67
4.33
4.33
3.0
8.0
2.33
-1.33
0.0
-0.33
0.33
