0.0
28.67
147.67
72.67
68.0
29.0
85.33
104.67
94.67
8.33
76.67
69.67
38.33
61.67
10.33
-17.0
-35.67
34.33
4.0
-18.33
-12.67
-11.67
13.67
21.33
-12.33
16.67
18.0
15.33
6.33
12.0
-2.0
2.0
0.0
-3.67
-0.67
1.0
1.0
1.0
0.67
0.0
-0.33
-0.33
-1.0
1.0
-0.33
-0.33
0.67
-0.33
-1.33
-0.33
-0.33
-0.67
0.0
-0.33
0.0
0.0
-0.67
0.0
-0.67
0.0
-0.33
1.67
1.0
0.67
0.0
-0.67
1.0
-1.33
0.67
-1.0
0.33
-0.33
-0.33
-0.33
1.0
0.0
0.0
-0.67
1.67
-1.0
-0.33
-0.67
0.67
0.33
-0.33
0.67
-0.67
-0.33
-0.33
-0.67
-0.33
0.33
0.0
0.0
0.67
-0.33
2.33
0.0
-0.67
-1.33
-0.33
1.33
-1.67
0.33
0.33
0.67
-1.0
-0.67
-0.67
4.0
-0.33
1.67
-0.67
0.0
-3.33
4.33
2.33
-0.33
0.33
-1.33
-0.67
3.67
-2.0
0.0
-2.33
0.67
0.0
4.33
0.67
-3.67
2.67
3.33
7.33
2.67
8.33
3.67
-2.33
-1.0
-0.33
2.67
-3.33
-2.67
1.33
-1.67
-0.33
3.67
0.67
3.67
1.0
1.67
-1.0
-5.0
-0.67
8.33
-4.33
-4.0
2.0
7.0
4.0
9.33
2.67
7.33
6.33
1.0
0.33
1.67
1.67
8.33
3.33
5.33
7.33
6.67
6.67
5.0
-4.67
5.33
0.33
8.0
-1.67
7.0
2.33
7.67
2.0
1.33
2.33
1.0
6.67
8.0
4.67
-5.33
4.67
7.0
5.67
-1.67
1.0
-0.33
2.0
4.0
1.33
10.67
2.67
3.0
4.0
-2.67
-1.0
0.33
5.33
14.0
1.67
13.0
1.67
-0.67
3.67
2.33
3.67
-0.33
6.67
1.0
1.0
-5.33
-0.33
7.0
9.67
5.33
6.0
1.67
2.0
1.0
5.67
6.33
7.0
0.0
5.67
2.33
6.33
7.33
-5.33
-0.33
-3.67
9.33
4.0
3.0
5.0
5.0
4.33
5.67
4.67
-2.0
2.0
-6.67
6.33
-3.0
-0.33
10.0
2.33
8.67
0.33
6.67
4.67
-2.67
1.33
7.33
-3.67
4.0
0.67
4.33
6.33
6.0
-1.0
5.0
-3.33
6.33
1.67
1.33
6.33
-4.0
0.33
0.67
4.67
6.0
-2.33
3.67
0.0
-5.33
9.0
4.0
2.0
7.67
4.67
0.0
-2.0
-1.33
-1.0
2.67
-5.67
5.0
1.67
4.67
-1.67
-2.67
2.33
-0.67
-3.0
1.0
7.67
6.33
-5.0
3.33
-2.33
-1.67
-7.0
0.33
-4.0
2.67
0.0
4.0
1.33
4.33
3.33
2.67
-6.0
0.33
4.33
4.33
5.33
2.33
4.0
3.67
1.33
-1.0
3.67
-3.0
6.67
0.67
-3.0
2.33
3.0
-5.67
-2.67
6.67
6.67
-1.0
-1.33
5.0
14.0
1.67
8.67
-2.67
2.67
-1.67
5.33
0.33
-5.33
4.67
-0.67
7.67
3.0
-3.67
9.0
-1.67
2.33
5.33
-1.67
4.0
-3.0
0.67
-4.0
-5.67
-0.33
0.33
2.67
-2.0
3.0
4.0
1.33
0.33
-1.0
0.67
1.0
5.67
5.67
9.67
0.33
-2.33
1.33
0.67
-1.33
0.67
-2.33
1.67
1.33
-2.0
3.0
4.0
0.33
1.67
2.67
-1.33
2.67
2.67
0.0
-0.33
3.33
-0.67
-2.67
9.0
4.33
3.0
1.33
14.67
-1.0
2.67
-1.33
1.0
6.33
-1.33
3.0
11.0
-2.0
-0.33
-1.67
5.33
0.0
3.67
-3.0
4.0
1.33
2.67
3.0
0.67
0.0
3.0
3.0
0.67
2.67
0.0
2.67
-3.0
5.33
-7.0
-3.33
-0.67
3.67
3.33
3.33
-2.0
4.33
6.33
-2.33
6.67
4.33
-2.33
3.0
9.67
4.0
3.67
-2.0
-1.33
-4.67
1.67
-0.67
1.67
-1.67
0.33
3.67
0.67
7.0
1.67
3.0
-1.0
-0.67
1.0
4.33
5.33
2.67
3.67
4.33
0.0
1.67
-1.33
1.33
10.33
2.67
1.67
1.67
-2.67
1.67
1.0
6.67
-3.33
4.33
0.0
2.67
5.0
-1.33
-5.0
1.33
8.33
3.33
-1.0
2.33
-1.67
-2.0
2.33
-2.67
9.0
1.0
2.33
3.33
2.33
2.0
3.67
-2.67
-2.33
0.33
-2.67
2.33
2.0
3.33
-1.0
0.0
-2.67
4.33
2.0
1.0
-0.33
-0.67
-2.33
-2.0
1.33
0.33
-0.67
-0.67
-2.67
-0.33
-2.67
2.0
3.67
0.0
6.67
2.0
3.67
-0.33
1.0
-0.33
-2.0
1.67
7.33
3.67
0.0
0.0
2.0
7.67
1.0
-4.67
0.67
3.67
0.33
2.0
0.33
7.67
0.67
0.0
2.67
-2.0
-0.33
0.33
-0.33
-1.67
5.0
2.33
0.33
0.67
-0.67
1.33
3.67
-4.33
5.67
3.33
4.67
2.0
2.0
2.0
6.67
4.0
2.67
0.0
-2.0
2.33
-1.67
-1.0
-5.0
1.67
1.67
-0.67
0.0
1.33
3.67
-1.0
-2.33
3.33
0.33
4.33
1.0
-3.67
-2.0
7.0
1.67
1.67
1.33
-1.33
1.67
1.33
1.0
2.33
1.33
-3.67
3.0
-4.0
-2.0
2.0
-3.67
1.33
0.67
1.0
1.33
-3.33
-1.0
-1.67
1.33
3.67
-0.67
-2.0
-3.67
3.33
0.67
-3.0
-4.67
4.0
-3.0
-1.0
0.67
-1.33
-5.0
1.33
0.0
-0.67
1.67
-1.67
1.0
-0.67
-3.0
-3.0
-1.33
1.0
0.67
-5.67
0.33
-2.67
-4.67
1.33
0.33
-0.67
2.67
2.33
1.0
1.67
2.67
0.67
-3.33
-7.67
-1.0
-1.0
-4.0
-4.0
-2.67
3.0
-2.0
-5.67
-0.33
3.0
7.0
-0.33
-1.0
3.33
-3.33
-3.33
-3.67
1.67
-0.67
4.33
-2.67
-2.0
-2.67
-2.33
0.33
-1.0
-2.0
-3.33
-4.0
-2.33
-7.67
-8.67
-2.0
-4.33
-4.33
-1.67
-0.67
-8.0
-2.0
-1.0
-2.0
-4.67
-0.33
1.0
0.33
0.0
-8.33
1.33
-2.0
4.67
1.33
-7.0
-4.33
-6.0
1.0
-4.0
-2.33
-2.33
3.67
-2.0
4.33
-0.67
-3.0
-1.67
-1.0
-2.33
-7.67
-8.67
-4.0
-3.0
-1.33
-10.33
-4.0
-3.0
-9.0
-3.0
-3.33
-6.33
-4.33
-7.33
-1.33
-1.0
-8.33
-6.33
-3.0
-4.33
0.0
-2.0
-4.0
1.67
-2.0
-3.67
-1.33
-0.67
-7.33
0.67
1.33
-4.67
-8.0
-10.67
-5.67
0.33
0.33
-5.33
-11.0
-1.0
-1.0
-0.33
-7.67
-6.67
-2.67
-3.0
-12.67
-6.0
4.33
-6.33
-2.0
0.0
-5.0
-1.0
1.0
-3.33
-2.0
-4.0
-10.33
-5.0
2.33
3.67
-0.33
-6.0
-7.0
-3.0
1.33
-3.67
-1.67
2.33
1.33
0.0
-7.33
-5.67
-6.67
-1.33
-5.33
1.33
-2.33
0.33
2.0
-2.0
-5.67
2.67
4.0
2.67
-4.0
-2.33
-0.67
-6.67
1.33
-5.33
-7.33
1.67
-2.33
2.67
1.67
-10.0
-3.0
-1.33
-5.67
-3.67
-5.33
-1.33
-4.33
-7.67
-4.0
-7.0
-5.0
-3.0
-5.33
-2.0
1.33
-7.0
4.0
1.0
-1.67
-7.67
3.33
-3.67
-3.67
-3.33
4.33
-2.67
-0.67
3.33
2.33
2.0
-8.33
7.33
-5.0
-2.33
3.67
-2.67
-0.67
-12.67
-13.0
-9.67
-5.33
-2.0
3.33
-1.67
4.0
-2.33
-0.67
-5.67
4.0
-11.33
-16.0
3.0
-2.67
-1.0
-6.67
-2.0
-0.33
-2.67
-10.33
-5.33
0.67
-1.67
-2.0
-1.33
-0.67
5.33
-1.0
0.0
-2.67
3.33
-2.67
-3.67
-7.0
-4.67
0.33
1.67
3.0
1.67
7.67
-9.0
-5.0
-1.33
3.67
8.33
-4.0
-1.33
-1.0
4.67
-3.33
4.67
-2.67
3.67
5.0
14.67
9.67
14.0
35.0
16.0
32.67
46.0
49.67
48.33
47.33
56.0
54.67
55.33
34.0
67.33
42.67
45.0
61.67
57.33
40.0
50.67
38.67
35.67
25.67
8.67
17.0
25.0
9.33
9.0
-1.0
3.33
-0.33
7.33
-3.0
-3.33
-3.67
0.33
3.0
5.33
-6.33
1.0
5.67
7.0
5.33
1.33
10.0
5.67
0.0
14.0
6.33
8.67
11.0
10.67
22.33
26.67
22.0
31.0
26.67
41.33
35.33
23.0
29.0
25.33
27.33
26.33
16.0
16.67
11.0
13.67
9.0
5.67
14.0
3.67
6.0
-5.67
0.33
1.0
0.33
2.33
1.0
11.67
5.33
-2.0
11.33
13.0
2.0
7.67
5.0
5.33
4.33
4.33
10.33
1.67
-3.33
11.33
1.0
7.0
-0.33
2.33
11.0
6.33
11.33
-7.33
10.67
-5.33
7.67
-1.67
6.33
6.67
6.67
8.67
4.33
1.67
5.0
18.33
11.0
2.33
6.33
13.67
10.67
6.33
5.0
-4.33
13.33
16.33
7.67
14.33
3.67
8.67
9.33
16.0
19.0
29.0
19.33
13.33
21.0
-0.67
11.33
15.67
24.67
12.67
21.33
26.0
33.33
21.67
21.67
23.0
20.67
19.0
18.0
24.33
23.33
10.33
31.0
31.0
18.33
25.33
32.0
30.33
12.33
20.0
29.33
27.0
36.0
9.67
16.33
19.0
20.33
10.33
11.67
-1.0
14.33
8.67
22.33
7.33
9.33
8.67
10.67
7.0
15.0
6.33
9.33
10.33
10.33
5.67
6.33
4.0
-0.67
1.67
9.33
8.0
5.33
14.67
8.0
2.0
-1.0
2.0
3.33
-2.33
5.33
11.67
4.33
2.67
6.33
3.67
4.0
8.0
7.67
1.0
-5.33
9.0
5.67
3.67
19.67
8.67
9.67
17.33
2.67
14.67
3.67
14.33
12.33
9.67
21.33
31.0
9.0
6.67
13.0
8.67
19.0
18.33
6.67
2.0
1.0
11.0
5.33
4.0
7.67
1.67
6.33
-0.67
15.0
18.0
18.0
3.67
9.0
13.0
17.0
11.67
22.0
21.33
21.67
40.67
32.67
20.0
28.33
44.67
49.67
54.0
35.67
55.33
53.33
52.0
77.67
80.0
59.67
68.0
47.67
67.67
55.33
78.0
70.0
77.0
47.67
58.33
52.0
63.67
41.67
62.33
37.67
41.67
38.0
31.0
24.33
29.33
19.33
15.33
17.33
26.67
8.33
21.33
23.67
17.0
17.33
20.67
9.67
31.0
14.67
30.0
25.0
27.33
23.0
22.0
31.33
39.0
30.33
23.67
32.33
30.67
46.67
49.33
37.67
39.33
48.33
54.0
50.33
53.67
66.67
57.67
47.67
57.67
46.33
36.0
41.0
50.0
45.67
49.33
50.67
46.67
45.0
45.67
40.67
41.0
39.67
31.67
26.33
31.33
29.67
18.0
38.0
11.67
27.67
8.33
15.67
16.33
11.67
16.33
5.67
18.67
12.67
23.33
7.67
4.0
-2.67
9.33
5.0
12.67
-1.0
9.33
6.0
17.67
1.0
5.33
15.67
6.0
8.33
-1.33
6.0
-8.67
8.0
26.67
8.67
8.67
8.67
7.0
5.67
13.0
8.33
5.33
13.0
25.67
24.33
6.0
11.33
13.67
15.67
17.33
14.33
7.33
9.33
8.0
8.33
22.33
24.33
8.33
9.67
0.33
16.33
19.67
20.0
15.33
22.33
22.0
26.33
9.0
20.67
13.33
26.0
8.33
24.0
25.33
16.67
15.33
24.0
11.33
4.67
13.67
14.67
25.0
10.67
16.0
17.67
22.0
-2.33
10.67
27.33
17.33
11.0
2.33
12.0
12.0
17.67
17.67
11.67
13.67
5.33
9.67
14.67
16.0
7.67
10.0
26.33
32.0
14.67
19.33
8.67
13.67
18.67
25.0
13.0
16.0
15.33
23.33
0.67
13.67
19.33
19.33
11.67
26.67
-1.0
8.0
18.67
9.67
12.67
12.33
8.67
3.67
0.33
14.67
10.33
5.0
2.67
17.0
15.67
19.33
8.67
15.0
8.0
0.67
4.67
4.33
16.67
7.33
-6.0
1.67
9.33
8.0
11.0
6.67
18.0
10.33
2.67
5.33
10.33
4.0
0.67
20.33
7.0
11.67
5.33
15.33
10.67
3.67
15.33
18.33
6.67
5.0
1.0
4.67
3.0
10.0
11.67
4.0
13.67
-0.67
13.0
4.0
14.67
3.33
-5.67
12.0
8.33
16.33
5.67
1.67
4.67
9.67
11.0
-1.67
1.0
-2.33
11.0
-1.0
13.67
14.67
9.33
2.67
7.0
-1.33
11.33
-8.0
9.0
0.67
-2.0
7.33
7.0
2.67
7.0
2.33
2.67
3.67
3.0
-1.33
8.0
-1.0
7.33
9.33
0.67
5.33
3.67
1.0
-11.67
13.67
9.33
4.67
8.33
1.0
-8.67
22.0
6.67
3.0
22.67
2.0
-2.67
0.0
5.0
6.0
1.0
0.33
8.33
-3.33
10.33
-1.67
8.0
3.67
-10.33
4.0
7.0
-2.0
3.33
4.67
5.0
2.33
5.33
-2.67
4.0
8.0
3.33
7.67
16.0
13.67
12.33
9.33
-2.33
-0.67
16.67
5.67
7.33
15.67
20.67
8.33
-4.67
14.0
21.0
17.0
-4.33
12.33
3.67
16.33
3.33
7.33
6.0
-0.67
3.67
-2.33
-1.0
7.67
17.0
-4.67
11.0
6.33
14.0
13.0
0.0
-0.33
7.67
4.0
4.67
0.0
2.0
14.67
18.67
0.0
4.33
12.0
-5.0
3.67
12.67
13.33
6.33
19.67
13.33
9.0
21.0
13.0
2.67
5.33
8.33
26.0
5.0
2.33
0.33
-1.67
18.0
15.33
4.33
0.67
9.33
9.67
11.0
3.67
12.0
2.67
2.33
11.67
14.0
5.0
6.0
4.33
4.67
9.33
2.67
3.0
15.0
14.0
11.67
2.67
4.67
3.33
3.67
0.67
1.67
13.67
7.33
-4.67
10.67
3.33
-2.33
-1.0
-4.67
17.33
22.33
5.33
0.0
-3.33
5.0
16.33
8.0
-3.33
7.67
-2.33
13.67
7.33
-3.67
16.33
-1.0
0.33
7.33
5.0
12.67
10.0
0.67
3.0
2.33
-9.67
-2.33
-8.33
20.0
1.33
5.0
30.33
0.0
8.0
0.0
-1.0
18.33
-7.67
1.33
9.0
2.67
8.33
11.33
0.33
4.33
0.33
7.0
-4.0
2.33
5.0
4.67
-3.33
8.33
4.0
12.0
-2.0
-5.33
2.33
5.0
12.67
4.0
12.67
13.33
1.67
2.0
5.0
2.67
16.33
-4.33
-0.33
-0.33
5.67
3.67
6.0
-8.67
-2.33
2.33
8.33
3.0
7.67
6.0
1.33
-5.0
-5.0
-9.67
-1.33
11.0
13.0
-1.0
6.33
-1.0
3.67
-11.33
3.0
-0.67
-2.0
12.0
5.67
3.33
7.67
8.0
16.67
1.0
11.67
-0.33
0.33
9.0
-3.0
6.0
-4.0
12.67
2.67
-0.67
2.0
5.33
12.33
6.67
13.67
-5.0
9.67
11.0
-3.0
0.0
1.0
3.33
13.33
-1.33
9.0
4.67
4.67
12.67
2.33
-4.67
-3.33
12.0
12.67
1.33
-3.0
8.33
5.33
2.33
12.67
8.0
1.0
0.0
-6.33
7.0
-1.33
5.0
-3.0
7.0
-4.0
4.0
-2.67
7.0
1.67
20.0
3.0
7.0
8.33
-6.67
-2.33
6.67
0.0
-6.67
-2.0
-1.33
6.33
-3.33
4.33
-4.33
-0.67
3.67
12.33
3.0
6.67
1.0
-3.33
2.33
3.33
-4.33
-4.0
2.33
13.0
8.0
-0.67
0.33
3.0
8.33
7.33
0.67
-2.67
-2.0
5.0
1.33
0.67
3.33
-1.0
1.67
3.0
1.33
3.67
12.33
6.67
-0.67
3.67
-6.67
3.67
1.33
-0.67
0.0
6.0
-0.33
-2.33
4.67
8.67
10.67
1.33
0.33
1.33
0.0
1.33
5.33
-1.67
4.0
-2.0
-7.33
8.0
3.0
-3.33
2.67
3.33
6.33
3.67
8.33
2.33
12.0
-3.0
7.33
3.0
4.67
4.0
1.33
-2.0
-1.33
3.0
-1.67
1.0
1.0
3.67
7.33
9.67
-4.0
3.33
7.33
3.67
3.33
10.67
5.0
7.0
3.67
7.33
0.33
3.33
4.0
15.67
-5.0
-4.67
5.33
7.0
7.33
8.33
-6.33
1.33
-1.0
0.67
2.33
-3.0
2.33
0.67
3.67
2.67
-4.67
1.67
9.33
0.67
-2.0
8.33
0.67
2.67
2.33
3.67
-2.0
-1.67
4.67
-1.67
-2.33
1.33
-0.33
2.67
6.0
2.0
0.33
6.67
8.33
-2.0
2.0
6.0
-2.0
4.67
0.67
7.0
-4.67
-0.33
3.33
0.0
0.67
4.0
1.33
1.0
3.33
3.0
-2.0
4.0
-1.0
8.33
6.67
5.33
2.0
0.33
7.0
1.33
0.67
-4.33
2.33
3.0
2.0
11.33
13.33
8.33
2.67
4.33
4.33
8.0
5.0
0.67
-1.0
0.0
6.67
7.33
4.33
2.0
5.0
5.33
4.67
6.67
10.33
1.33
6.67
5.33
6.67
4.0
4.67
10.33
5.67
-5.0
1.0
1.67
-1.33
6.33
-1.67
8.33
2.0
4.33
-1.0
5.0
3.0
3.0
0.0
7.0
-3.33
4.33
4.67
6.0
1.67
1.33
8.0
1.0
2.0
0.67
2.67
14.33
-0.67
1.0
-0.33
6.33
-1.0
0.67
3.67
-6.0
-2.33
5.0
-5.33
-0.67
4.67
0.33
2.67
1.33
1.67
3.67
6.33
2.67
2.33
0.33
2.0
1.0
1.33
6.67
1.0
-1.33
-2.67
