0.0
-21.33
93.67
38.67
76.0
70.0
-57.67
-17.33
83.67
73.33
50.67
-31.33
-1.67
-30.33
-120.67
-27.0
15.33
-62.67
-38.0
6.67
-2.67
8.33
-27.33
-24.67
-10.33
-14.33
7.0
-1.67
-5.67
5.0
0.0
-2.0
2.0
-1.67
0.33
-1.0
-1.0
-2.0
2.67
-1.0
-1.33
0.67
-1.0
1.0
-0.33
-0.33
-0.33
0.67
-1.33
1.67
-0.33
-0.67
0.0
0.67
0.0
0.0
-0.67
0.0
-0.67
0.0
-0.33
-0.33
0.0
-0.33
0.0
-0.67
0.0
-1.33
-0.33
-1.0
-0.67
0.67
-0.33
0.67
0.0
0.0
1.0
1.33
0.67
-1.0
-0.33
-0.67
-0.33
-0.67
-0.33
-0.33
1.33
0.67
-0.33
-0.67
-0.33
-0.67
0.0
2.0
0.67
-1.33
-0.67
1.0
-1.67
-0.33
-2.33
-0.67
-1.67
1.33
1.33
1.67
-2.0
-1.67
1.33
-1.0
-0.33
1.67
2.33
0.0
1.67
1.33
-2.67
4.67
1.33
1.67
-1.67
2.67
1.0
1.0
-0.33
0.67
0.0
2.33
2.67
-0.67
1.67
0.33
-0.67
4.67
11.33
5.67
2.67
2.0
-2.33
4.67
7.67
1.33
-2.67
3.33
4.67
-4.33
6.67
-1.33
0.0
12.67
-3.0
0.0
-3.67
4.33
-5.33
-1.0
3.0
11.0
6.0
-3.67
5.67
4.33
3.33
11.0
-2.67
9.67
9.67
9.33
0.33
-0.67
4.33
2.67
6.67
0.0
-3.67
1.33
-3.67
2.0
0.33
11.0
2.33
1.67
-5.0
-1.67
7.33
-4.0
10.67
2.0
5.67
1.67
8.67
-1.0
-2.33
2.33
5.0
14.67
8.0
-5.0
-2.67
9.67
-3.33
-2.0
5.0
2.33
6.0
0.33
7.33
5.0
5.67
2.0
-1.33
0.33
4.67
0.33
0.67
5.67
4.67
0.0
3.0
0.67
3.67
3.0
0.67
4.33
0.0
4.67
3.0
-3.0
2.67
-1.67
1.0
-3.0
-2.33
5.33
2.33
3.33
-3.33
-0.33
0.33
-0.67
0.0
3.0
7.0
7.0
0.33
6.67
4.67
5.0
3.0
1.33
13.33
1.0
-2.33
6.0
1.33
6.67
3.33
-0.33
-3.33
-3.67
3.33
10.33
-4.67
0.0
0.67
3.33
3.33
12.0
-1.0
4.0
4.67
-0.67
1.67
-1.67
-1.67
2.0
-4.67
8.67
-2.33
12.0
7.67
-2.33
2.0
0.67
4.0
5.0
0.0
9.67
2.67
3.0
0.0
1.67
-1.0
-0.33
3.33
3.0
6.67
8.67
3.33
6.33
2.33
0.33
3.0
8.0
0.67
3.33
0.0
1.33
4.67
1.33
0.0
4.33
-5.0
7.67
4.0
0.0
1.33
-1.67
3.33
1.67
0.0
1.33
-3.67
-0.67
-0.67
5.33
1.0
5.67
4.33
-3.0
-2.33
6.0
0.67
4.67
1.0
3.33
1.0
4.33
-1.67
1.67
7.67
3.0
0.67
-1.0
3.0
-1.33
-2.33
1.33
-2.33
-4.67
-5.67
2.33
-5.33
10.67
1.33
3.67
2.0
-1.67
-3.0
7.33
1.33
2.33
-0.67
-1.0
2.0
-1.33
4.0
-0.67
0.67
6.33
0.67
1.0
2.0
4.0
0.33
4.33
5.0
2.67
4.0
5.67
-0.33
-0.33
-3.67
-4.33
5.33
0.67
3.67
-0.33
-2.33
-2.33
2.33
2.0
4.0
3.0
4.33
-0.33
2.67
-3.33
3.67
2.67
-4.0
-1.33
6.33
0.33
-1.67
3.0
3.33
4.0
3.33
3.67
0.0
-0.33
-0.33
2.0
0.33
-1.33
1.0
5.0
-2.0
-0.33
-0.67
0.33
-1.0
-5.33
-1.0
-1.0
2.33
1.67
1.0
-1.33
-3.0
3.0
2.0
-1.33
2.67
0.0
5.67
-3.0
2.33
-3.0
-3.33
-5.67
4.67
-2.67
0.33
-2.0
2.33
6.33
-2.33
1.67
-0.67
2.67
3.0
-1.33
5.0
-0.33
-3.0
6.67
-0.67
-5.33
3.33
3.67
2.33
0.33
-5.33
-1.33
1.0
5.67
3.0
-2.0
4.33
0.0
1.33
4.33
2.67
-2.33
2.33
5.0
-4.33
-3.33
6.33
-0.67
3.67
1.67
6.67
-5.67
0.67
0.0
2.67
0.67
4.33
-1.0
5.67
3.0
-0.33
-5.0
2.33
3.33
2.33
4.0
2.33
-1.67
-3.0
1.33
1.33
8.0
2.0
2.33
-0.67
-0.67
-1.0
6.67
4.33
2.67
0.33
2.33
4.33
1.0
1.33
0.0
5.0
0.33
4.33
5.0
0.0
-0.33
4.33
-4.33
5.0
-2.67
3.33
-0.67
1.33
-0.67
-0.33
1.33
3.0
-1.33
1.0
3.67
-1.0
4.67
0.67
2.0
-2.33
-4.0
3.67
4.33
8.67
0.0
1.0
4.0
-1.33
-1.0
0.33
-3.33
2.67
0.33
-1.0
-1.67
-3.33
4.67
2.0
-2.33
2.0
1.67
3.33
-0.33
3.33
3.0
0.33
0.33
4.67
-3.67
-1.67
-0.33
-6.33
0.67
1.33
3.67
1.0
2.0
0.0
11.67
5.0
-1.33
0.0
1.0
0.33
1.33
1.0
2.0
-1.33
1.67
2.33
-2.0
0.33
2.67
-2.0
-1.33
0.33
-0.67
-0.67
-1.0
-0.67
2.0
0.0
-1.33
3.67
-0.67
3.67
2.67
-0.67
2.0
0.33
0.33
0.33
0.0
-4.0
3.0
0.0
-4.67
1.33
-0.33
0.0
7.33
-0.33
-1.0
0.33
-2.67
0.67
0.33
-4.0
3.33
4.33
0.67
-3.0
-1.67
3.0
3.0
4.0
-1.33
-2.33
-3.0
2.33
-1.0
3.33
-0.33
2.33
4.0
2.33
-3.0
-3.0
1.67
0.0
-0.33
-0.67
-1.67
-3.67
2.33
2.33
1.33
8.33
-2.33
0.33
0.0
-1.33
-5.33
-4.33
0.67
-1.67
1.0
1.0
1.0
1.0
0.33
-2.0
0.0
1.33
-1.33
-1.0
0.0
-4.33
-1.0
-4.67
-2.33
-5.33
-0.67
-4.33
-5.67
-3.67
-4.67
-1.0
-5.67
-1.33
-7.67
-2.0
1.0
-5.33
0.0
-5.33
-4.67
-2.67
-3.0
-3.33
-0.33
-2.67
5.33
-6.0
-3.0
-2.0
-3.0
-3.67
-6.33
0.0
-6.67
-3.0
-0.33
-2.67
1.0
-2.33
-5.67
-7.0
5.67
-6.0
2.0
-3.0
-0.33
-4.33
-4.33
1.0
2.33
-0.67
5.0
-2.67
1.0
-8.33
-9.67
-3.67
-11.0
6.0
0.67
-11.33
2.0
-8.0
-13.0
-6.0
-2.33
1.67
0.67
-5.33
-3.33
-7.0
-7.33
-8.33
-2.0
0.67
-7.0
3.0
-8.0
-2.33
-7.0
-4.67
-3.33
3.33
-3.33
-0.33
-1.67
-1.67
-4.0
-2.67
-2.67
-3.67
-1.67
-0.33
-6.0
-1.0
-4.0
-10.33
-3.67
-2.67
-3.67
-4.0
-4.67
-9.0
5.33
-2.33
2.0
-2.0
-1.0
-1.0
-2.0
-6.33
-2.0
3.0
-5.33
0.0
-9.67
-3.33
-1.33
4.0
-1.0
-6.0
-10.67
-4.67
0.33
-3.67
-9.67
0.0
-7.33
-6.67
-4.67
-1.33
-4.33
-5.67
-0.33
-3.67
-1.0
-2.0
-4.67
-6.33
-7.0
-2.33
-3.0
-4.33
-4.67
-2.67
2.33
-1.33
-9.33
-10.33
-10.33
-0.33
-1.33
-4.0
-1.0
-7.33
-4.67
1.33
-5.33
3.67
-7.33
-1.67
-1.0
-5.0
4.0
-9.0
-5.33
-3.0
-2.67
-1.0
-2.0
-1.0
-2.67
-2.67
0.33
1.33
-4.67
-3.33
-4.67
1.33
2.33
3.33
1.33
-2.0
-1.33
-0.67
-8.0
-7.33
-5.33
6.33
-2.67
2.33
-9.0
-0.67
1.67
2.0
0.33
5.33
-3.0
5.67
5.33
-1.67
5.0
-10.33
-5.0
1.0
-4.67
4.0
-8.67
-7.0
0.67
-2.67
-5.33
4.67
0.67
-4.67
6.0
-2.33
6.33
-4.67
6.0
0.0
3.33
-1.67
7.33
-0.67
4.0
-4.67
2.33
7.67
0.0
0.67
14.67
-2.0
-1.0
0.67
10.67
1.33
-1.0
0.67
11.0
-2.33
2.67
10.67
8.33
21.67
9.0
23.67
56.67
54.0
67.0
50.0
68.67
85.0
93.67
93.33
96.33
97.0
94.67
88.33
61.0
72.33
69.67
60.0
70.67
57.33
48.0
32.67
40.67
18.67
8.67
23.67
18.0
10.0
13.33
14.0
9.0
-0.67
10.67
19.33
6.0
2.67
10.33
5.33
-2.0
1.33
11.67
10.0
1.67
18.0
13.33
21.33
46.0
30.67
19.0
52.0
44.33
62.67
61.0
67.67
73.33
77.67
66.0
55.0
66.67
75.33
58.33
53.0
53.0
45.33
42.33
58.33
27.0
41.67
36.0
34.67
24.0
28.67
15.0
24.67
22.0
14.33
6.33
18.0
16.33
22.33
9.0
6.67
12.33
9.0
5.33
-1.0
5.0
1.67
17.0
3.33
8.33
14.33
0.33
9.67
5.67
4.33
3.0
18.0
5.67
-0.67
1.0
5.33
12.33
2.67
0.67
-1.33
6.67
7.33
-1.67
-2.33
17.67
8.67
12.33
-5.33
9.0
16.33
12.0
7.33
7.33
12.67
10.67
7.33
6.0
8.67
5.33
12.33
17.67
10.33
-0.33
21.67
19.33
19.0
18.0
11.0
21.33
33.33
14.0
14.33
17.33
27.67
12.67
24.67
24.33
21.0
17.33
13.67
19.67
17.0
9.67
21.0
14.0
5.33
4.33
12.33
10.0
13.0
7.33
26.33
1.0
12.33
10.33
15.0
9.33
15.0
23.0
9.67
17.33
9.0
14.33
9.33
8.67
10.0
7.33
3.67
16.33
1.33
7.33
16.67
6.67
10.0
11.0
4.33
12.33
8.33
3.33
3.67
10.33
6.0
-2.67
6.67
6.33
2.0
2.33
4.67
11.0
9.0
9.0
7.0
12.33
4.67
7.33
3.67
9.33
4.67
9.33
4.67
8.0
14.0
13.67
9.0
1.67
6.0
6.67
3.67
17.67
9.67
10.67
9.33
23.67
15.67
19.67
0.33
10.33
1.67
0.33
12.0
14.0
-0.33
11.0
6.67
8.0
12.33
10.67
10.0
6.0
9.0
5.33
13.0
6.67
-7.33
5.33
11.33
13.0
14.0
11.0
12.67
18.0
8.0
8.0
17.67
32.0
46.33
23.67
34.67
36.67
51.0
54.33
63.67
63.67
69.0
71.67
73.33
99.33
93.0
107.67
104.0
115.67
104.0
104.67
120.67
104.33
109.0
87.0
89.0
75.67
81.33
90.0
68.67
82.67
59.33
48.67
53.67
35.0
31.0
22.33
27.33
20.33
32.33
13.33
22.67
16.33
10.33
7.67
23.0
14.33
14.67
16.67
14.0
20.67
25.0
22.0
6.33
26.0
25.0
42.33
30.0
34.33
33.67
32.33
45.67
34.67
53.33
46.67
49.33
57.33
50.0
47.33
35.67
48.67
55.67
45.67
32.67
30.33
50.0
46.0
52.0
31.67
44.33
41.67
45.67
44.0
28.67
19.67
25.0
34.67
29.67
19.33
15.33
16.67
16.0
18.0
18.67
24.67
2.33
13.67
8.33
4.67
14.33
8.67
15.67
7.67
16.33
2.67
8.0
-0.67
8.33
7.0
16.67
9.0
11.33
14.0
9.67
8.0
14.33
-3.33
6.0
14.33
6.67
-2.0
7.33
10.0
0.67
15.67
16.67
11.67
17.0
17.67
9.0
2.33
3.33
8.0
16.67
9.33
6.0
22.33
11.67
21.67
15.33
9.33
0.33
21.33
11.0
6.33
20.33
6.33
18.33
25.67
20.33
20.33
14.67
21.0
22.33
29.33
9.0
19.33
15.0
3.67
19.33
16.0
11.33
6.0
27.33
9.67
28.33
21.0
8.33
17.67
9.67
24.67
14.0
17.67
16.0
19.67
10.0
6.67
10.67
12.33
16.33
11.0
15.33
16.0
11.0
21.67
16.67
11.67
12.67
17.33
10.67
9.67
12.0
17.67
0.0
10.33
22.0
11.67
2.33
7.67
-0.33
23.67
6.0
5.0
9.0
19.33
15.33
4.67
7.67
10.33
21.33
12.67
22.67
4.0
1.0
13.67
7.67
7.67
2.33
7.67
5.67
-5.67
10.67
14.33
4.0
4.67
13.0
5.67
15.33
9.67
12.0
11.0
9.67
2.67
9.33
11.67
4.33
12.0
7.67
13.33
4.0
4.0
8.67
12.0
2.33
6.67
7.33
9.33
1.0
-1.33
6.33
17.0
6.67
12.33
-3.67
7.67
5.67
-2.67
1.33
-2.33
4.0
16.0
9.67
10.0
14.0
7.67
10.0
12.67
4.33
22.0
15.0
2.67
12.33
-4.67
7.0
13.33
3.33
0.67
10.67
4.67
2.67
10.0
5.33
7.0
-8.33
12.0
-4.0
11.67
0.67
9.33
20.67
7.0
-0.33
9.33
7.0
12.0
5.67
4.0
0.33
12.0
3.67
2.0
5.33
0.67
7.67
-5.0
8.67
19.0
4.0
5.33
10.33
-3.33
-2.67
8.67
5.0
10.33
9.67
14.33
7.67
12.33
10.0
0.33
4.0
12.67
12.0
0.67
6.0
3.33
-2.0
17.0
-2.0
-2.0
17.33
10.33
8.67
12.33
-7.67
15.0
-2.33
-3.33
-2.0
5.0
-1.0
-0.67
9.67
-7.0
-9.67
2.33
9.33
15.0
8.0
8.33
9.67
2.0
12.67
7.33
11.33
6.67
16.33
3.67
-1.33
14.33
13.67
23.67
10.33
5.33
5.0
2.0
1.0
2.67
18.33
5.67
8.33
6.33
6.33
18.0
5.33
10.67
9.67
7.0
6.67
16.0
5.33
19.0
19.33
19.0
16.0
13.0
13.67
19.67
13.0
3.67
23.0
13.0
9.67
18.67
18.0
11.33
32.0
8.0
12.67
9.67
29.33
13.33
16.67
15.33
27.0
17.0
7.0
20.67
9.33
14.33
5.0
9.0
9.33
14.33
15.33
9.0
15.33
1.33
3.67
19.33
9.67
14.0
11.67
11.0
13.67
18.33
18.67
13.0
7.0
13.0
13.33
8.67
2.33
9.67
7.0
2.0
6.0
11.67
6.67
4.67
1.33
6.67
-4.33
-6.33
1.67
10.33
5.33
9.67
0.33
9.67
10.0
4.33
13.33
5.33
1.33
12.0
2.67
5.0
5.33
16.0
9.67
1.67
6.67
10.67
-5.67
-5.67
4.33
2.0
-3.67
-0.67
14.0
1.67
12.0
-5.33
8.0
16.33
10.33
16.67
-2.33
14.0
-1.67
1.0
4.33
4.0
2.0
5.0
-3.0
16.33
9.33
-12.67
-8.0
6.67
14.33
10.33
2.33
11.33
-6.67
6.0
12.0
-1.67
10.0
9.67
-5.33
6.33
4.0
8.0
-2.0
2.67
-3.67
-5.0
1.67
10.0
-1.33
10.33
-1.33
11.0
7.0
-7.33
5.33
8.67
2.67
12.67
3.67
11.67
-2.0
-10.67
-8.33
1.33
2.33
7.0
-3.33
3.0
-7.67
-1.0
-5.0
3.33
3.67
4.0
7.0
-4.0
-5.67
12.0
2.67
-13.33
5.0
-0.67
4.0
6.0
4.67
-1.67
-4.33
-1.0
3.67
5.0
-2.33
-1.33
-5.67
3.0
4.0
9.0
1.0
1.67
16.67
-2.67
-1.0
1.33
-1.67
11.67
-0.33
-5.0
3.67
17.0
1.0
-1.0
-4.0
-0.67
5.33
3.67
11.0
4.67
-2.33
7.67
6.33
13.33
2.67
9.0
4.67
4.33
-5.0
3.33
-5.67
9.33
-0.33
3.0
3.0
2.0
2.67
11.0
6.67
7.0
-2.0
1.0
-3.0
3.0
0.33
12.0
1.67
3.0
3.0
9.0
5.33
0.33
-1.33
10.67
0.0
8.33
-3.0
4.67
13.33
4.67
7.33
0.67
-1.67
1.67
1.33
0.0
7.67
5.0
0.67
1.33
4.33
5.67
2.0
7.33
0.0
7.0
-2.67
-0.67
-3.0
3.33
4.33
-8.33
-5.67
-3.0
9.0
1.33
-1.33
4.33
7.0
1.67
2.0
0.33
-2.33
-0.67
-3.33
-1.67
3.67
-0.67
-0.33
-4.67
7.33
7.0
5.0
-0.33
-1.33
4.67
3.67
2.67
8.33
5.33
5.33
4.0
7.33
3.33
-2.67
7.0
0.0
-1.33
4.0
0.0
-7.33
-4.33
-8.67
0.33
7.67
7.33
2.33
-3.0
9.0
6.33
3.0
4.67
12.0
4.33
5.0
-3.33
4.0
3.33
4.0
6.0
2.67
12.33
5.67
-5.0
6.33
6.33
12.67
-0.67
13.67
19.0
5.0
6.67
0.33
1.33
-3.67
8.0
4.67
9.0
4.33
5.33
6.0
2.33
1.33
-4.33
-3.67
0.0
3.67
-4.67
-2.0
6.33
-4.33
6.67
-3.33
-3.67
-3.33
3.33
3.67
3.0
1.33
7.67
7.67
6.33
0.67
7.0
8.33
5.67
3.33
-0.33
7.33
-3.33
-1.33
12.0
6.0
5.33
4.67
-4.67
-8.0
-3.0
1.0
-1.0
-2.33
-1.33
6.0
-3.67
-0.33
5.33
1.0
4.67
1.0
0.33
2.0
10.33
5.0
-1.0
8.0
-6.0
5.33
-1.33
3.33
-5.0
5.33
0.0
2.33
2.67
1.67
5.33
-4.0
-1.0
-1.67
-2.67
-0.67
-3.33
4.33
2.33
-3.0
6.0
0.67
5.0
3.0
1.67
3.33
1.33
2.0
1.0
-2.67
-1.33
5.67
1.33
2.33
5.67
-3.67
-2.33
2.0
5.67
-0.67
3.67
1.0
3.0
-3.33
6.67
3.33
-3.67
10.33
0.0
3.33
2.0
-5.0
-3.0
5.0
0.0
7.0
1.67
3.33
1.67
1.0
-2.33
-2.67
4.0
-2.0
5.0
2.67
8.67
1.33
0.33
-4.0
0.67
9.33
4.0
0.67
-0.33
-5.0
7.67
2.0
-5.33
8.33
-1.33
-1.67
-3.33
0.33
2.67
2.67
-1.67
-0.33
8.33
-0.67
1.0
3.0
-0.67
6.67
-1.0
1.67
-2.67
