0.0
85.67
143.67
62.67
46.0
115.0
27.33
142.67
72.67
14.33
21.67
-61.33
97.33
33.67
22.33
17.0
10.33
-48.67
-1.0
0.67
11.33
34.33
2.67
-10.67
2.67
-15.33
9.0
0.33
7.33
12.0
-5.0
2.0
-3.0
-5.67
0.33
-1.0
1.0
-2.0
0.67
-1.0
0.67
0.67
-1.0
1.0
-0.33
-0.33
-0.33
-0.33
-0.33
0.67
-0.33
1.33
0.0
-0.33
1.0
0.0
1.33
0.0
0.33
2.0
-0.33
-0.33
2.0
0.67
1.0
-0.67
2.0
-1.33
-0.33
-1.0
-0.67
-0.33
-0.33
-0.33
0.0
0.0
1.0
-0.67
-0.33
-1.0
-0.33
0.33
0.67
-0.67
-0.33
-0.33
0.33
-1.33
-0.33
-0.67
-1.33
0.33
3.0
1.0
0.67
-0.33
0.33
0.0
-0.67
-0.33
-0.33
2.33
-1.67
-1.67
-0.67
0.67
-2.0
1.33
1.33
0.0
-1.33
2.67
1.33
3.0
-0.33
0.33
-0.67
-0.33
-0.67
0.67
1.33
5.67
-1.0
0.0
-2.33
0.67
-1.0
-1.67
-3.33
-2.67
-1.33
4.33
-2.67
3.67
1.33
-0.33
-1.33
1.0
0.67
-1.33
1.67
0.33
3.33
1.33
-3.33
0.67
1.67
0.67
5.0
3.67
-4.0
3.0
-1.67
10.33
-4.33
2.0
10.0
6.0
2.0
-1.67
0.67
4.33
3.33
5.0
-2.67
1.67
3.67
0.33
8.33
2.33
-0.67
-3.33
2.67
2.0
0.33
8.33
3.33
6.0
5.33
10.0
-0.67
-1.33
1.0
0.33
1.33
-5.0
2.67
3.0
10.67
3.67
0.67
-1.0
0.67
-0.67
8.0
1.67
3.0
7.0
7.33
4.67
-4.33
0.0
6.0
4.33
-1.0
-2.67
2.33
10.0
-0.33
6.0
1.67
12.33
3.67
1.33
-0.33
-5.33
5.67
4.0
3.0
4.67
3.67
1.0
4.67
2.33
3.0
4.67
8.0
-8.0
-0.33
1.33
4.0
3.0
-1.33
5.33
3.33
0.33
0.67
-3.33
0.33
4.33
8.0
3.0
0.0
-5.0
4.33
5.67
-1.33
9.0
-5.0
-0.67
16.33
1.0
2.67
3.0
-5.67
0.67
0.33
1.67
-1.33
9.33
4.33
0.33
-1.67
8.0
3.67
2.33
0.33
1.0
-1.0
0.0
0.67
4.33
2.67
2.33
-0.67
7.0
3.33
5.67
2.67
0.0
0.67
6.67
-2.0
5.67
4.0
7.0
5.0
8.67
0.67
3.0
1.0
-5.33
1.0
3.67
0.33
0.0
-0.33
-5.33
1.33
4.33
-2.67
1.33
-2.0
-2.0
6.67
2.33
2.0
4.33
1.67
2.33
0.0
1.33
1.0
5.67
1.0
5.0
-2.67
7.33
6.33
-3.33
1.0
-0.67
5.33
-1.67
-0.67
2.33
0.0
-4.33
2.33
-2.0
-0.33
8.0
2.67
-0.33
1.0
2.33
9.0
3.33
0.33
6.67
2.67
-2.0
3.67
8.0
8.0
-0.33
1.67
5.33
0.67
-1.67
-2.67
1.33
3.67
2.67
0.33
3.67
6.0
-0.67
-3.0
8.33
2.33
-1.67
1.33
3.0
1.0
5.67
-2.0
-4.67
1.67
-2.67
-0.33
-3.0
-5.0
-1.0
-2.67
3.33
2.0
5.67
0.0
-0.33
8.67
6.67
-5.67
4.67
3.33
3.67
-2.33
-4.33
-0.33
-3.33
1.33
-5.0
1.0
-2.0
5.33
-2.33
2.67
-1.33
2.67
2.67
3.0
-7.33
-2.67
0.33
0.33
-1.0
7.33
1.0
2.33
10.67
-1.0
-0.33
6.67
-1.0
1.33
0.67
4.0
3.0
2.0
4.67
-0.67
3.33
4.0
-3.33
-1.0
-2.0
5.33
5.67
-2.0
4.67
-3.0
-1.0
3.0
0.67
4.67
-2.0
7.67
2.0
-0.67
0.0
-0.33
-3.67
2.67
-0.67
1.33
1.0
7.33
3.33
0.67
0.67
3.33
2.67
-4.0
-3.33
3.0
-0.33
7.0
0.67
-3.67
1.67
-1.67
3.67
-4.67
1.33
3.67
-7.33
3.0
-2.33
4.0
-3.0
-0.67
3.0
4.33
5.33
2.67
3.67
3.33
0.0
-3.33
-2.33
3.33
-2.67
0.67
2.67
1.67
-1.67
4.67
3.0
-1.33
-3.33
-3.67
2.0
4.67
1.0
-2.33
-3.0
-0.67
1.33
5.33
3.0
3.33
-0.67
-1.0
-0.67
-1.67
0.0
6.0
-3.67
1.33
3.33
3.0
0.67
1.33
-2.33
0.33
-4.67
-0.67
3.0
-1.67
2.0
3.0
0.33
-0.67
3.0
1.0
4.67
3.33
-5.33
1.0
-0.67
2.33
0.33
1.33
-3.67
-1.33
3.33
-2.0
2.67
0.0
1.67
0.0
0.67
0.67
2.0
-0.33
-2.0
2.67
4.33
2.67
3.0
5.0
-1.0
3.67
-1.0
-4.67
-1.33
5.67
-3.67
2.0
-2.67
-3.33
2.67
2.0
4.67
5.0
4.67
0.33
-0.33
0.33
3.0
-2.67
-0.67
0.67
2.33
-0.67
-3.33
-5.33
0.67
2.33
5.67
5.0
2.0
-4.0
7.67
-1.0
-0.33
7.0
0.0
1.33
1.33
3.0
-2.0
2.67
1.67
4.33
-2.0
1.33
2.67
-3.0
-5.33
-0.67
-0.67
-0.67
-2.0
-4.67
4.0
2.0
0.67
6.67
-0.67
-1.33
5.67
-0.67
7.0
-0.67
5.33
-2.67
-1.0
4.0
-2.0
-2.0
1.33
6.33
0.67
3.0
-1.67
-4.33
3.0
-1.67
-0.67
0.67
-4.67
0.0
-1.67
-2.67
-1.33
-2.0
-0.67
-1.0
-5.0
1.0
-1.33
-2.33
0.0
-2.67
-4.0
2.33
-6.33
-0.67
2.0
-2.67
-2.0
-4.0
0.67
0.0
-0.33
-3.67
-2.67
-2.67
3.33
0.33
-0.67
4.33
0.67
3.33
-3.0
-0.33
3.67
6.67
-1.33
-4.67
-1.0
1.0
-2.0
2.0
-4.67
2.0
-1.0
-2.67
-7.33
-2.0
3.0
-3.33
4.0
-0.67
0.67
-4.33
1.33
0.67
-2.67
-0.67
-5.67
-4.0
-6.67
-2.33
-6.67
3.0
0.0
-1.33
0.0
-5.33
-6.67
-2.67
0.0
-7.33
-2.33
-2.67
-1.67
-4.0
-1.0
-2.0
-2.0
1.33
-5.33
-1.0
1.33
2.0
-5.33
0.33
-1.0
-1.33
-0.67
-7.0
1.67
-5.0
-3.0
-3.0
1.67
2.67
-0.33
5.0
0.33
-4.67
0.0
-3.67
-1.0
-4.33
-6.67
-4.67
-7.0
-5.0
2.67
-8.33
-6.0
-4.0
-2.0
0.0
-2.33
-4.33
1.67
-5.33
-2.33
-4.0
-5.33
-3.33
-2.0
-0.33
-3.0
-6.0
-6.0
-2.33
-3.0
-1.67
6.67
-3.67
2.67
-3.33
-3.67
2.33
5.0
-5.67
-2.67
-5.67
-4.67
-4.33
-6.0
-3.0
-8.0
-10.33
-2.67
-4.67
-1.67
-4.0
0.33
-5.0
-0.67
-1.33
-1.0
-1.0
-2.0
-4.0
-4.0
-8.33
1.0
-1.0
-7.33
7.0
-5.67
4.67
3.67
-7.0
-5.0
-9.0
-6.67
-1.67
-3.67
-3.67
-5.67
-5.0
-5.33
-2.67
-8.67
0.67
-1.33
-1.67
0.67
0.33
3.0
0.0
-2.67
5.67
0.0
2.67
-5.0
-7.33
-2.67
-6.67
-0.67
-4.33
-8.33
-11.33
-7.33
-2.33
3.67
-2.0
-6.0
-7.33
0.33
-4.67
-3.33
2.67
3.67
-9.67
6.0
-7.0
-1.0
-6.0
-5.33
-17.0
5.33
1.0
1.0
2.0
0.33
-3.67
-2.67
-5.67
-2.67
-4.33
-5.67
0.33
0.33
1.33
2.33
1.0
0.67
0.33
-6.0
-11.33
2.67
0.33
-4.67
-4.67
-4.0
-7.67
-7.33
3.0
-6.67
-3.67
1.0
8.67
4.33
-1.67
2.0
-12.33
-10.0
-1.0
-4.67
-6.0
-0.67
-7.0
3.67
-0.67
-1.33
3.67
-5.33
-5.67
7.0
-3.33
0.33
1.33
2.0
6.0
7.33
4.33
5.33
-8.67
11.0
-0.67
5.33
1.67
2.0
3.67
-0.33
-9.0
2.0
-4.33
-0.33
5.33
-5.0
-3.33
5.0
10.67
-1.33
7.67
-1.67
6.67
13.0
17.67
23.67
28.0
17.0
36.0
33.67
40.0
62.67
65.33
71.33
92.0
81.67
97.33
93.0
110.33
107.67
80.0
97.67
85.33
88.0
71.67
51.67
28.67
23.67
15.67
5.0
1.0
-2.67
9.0
12.0
3.33
5.67
2.33
-7.0
7.67
-2.67
4.33
4.0
12.33
6.67
-4.0
5.67
9.0
1.33
6.33
9.0
17.67
24.0
18.0
23.33
33.67
39.0
30.67
67.33
53.67
57.0
53.0
74.67
57.33
48.33
50.0
35.0
31.33
63.33
38.33
25.0
23.67
36.0
35.67
23.0
24.67
28.0
23.67
17.0
15.33
3.33
9.0
9.33
-0.67
5.0
11.67
9.33
-1.0
8.33
6.0
-4.0
3.67
4.0
-2.67
-2.67
7.33
8.33
5.67
16.67
1.33
-5.0
9.0
3.67
12.33
8.0
1.33
14.33
1.67
4.67
11.67
12.67
4.33
0.33
9.67
21.67
1.67
6.33
-1.33
9.0
20.33
8.0
3.33
6.33
18.67
11.67
6.33
7.0
9.67
-1.67
28.33
18.67
25.33
14.67
26.67
17.33
18.0
38.0
30.0
28.33
23.33
39.0
20.33
25.33
23.67
34.67
29.67
38.33
30.0
14.33
9.67
33.67
18.0
28.67
15.0
28.0
28.33
27.33
25.33
18.0
25.0
12.33
24.33
19.0
18.33
11.33
22.0
22.33
31.0
30.0
18.67
8.33
11.0
19.33
13.33
13.67
4.0
21.33
15.67
10.33
12.33
9.33
5.67
-1.33
14.0
11.0
14.33
13.33
-1.67
20.33
7.67
18.33
14.0
5.33
5.67
7.33
7.0
-0.67
8.67
9.0
11.0
11.0
6.0
5.33
1.67
9.33
4.67
3.33
9.67
0.33
6.67
6.0
8.0
2.67
3.0
4.67
14.0
0.67
11.67
14.67
9.67
-0.33
20.33
13.67
7.67
10.67
11.33
14.33
7.67
25.33
18.0
1.0
8.67
11.0
5.67
16.0
25.33
15.67
9.0
9.0
8.0
7.33
14.0
13.67
-1.33
12.33
0.33
11.0
13.0
20.0
11.67
20.0
13.0
13.0
6.67
8.0
28.33
18.67
37.67
31.67
20.0
36.33
24.67
31.67
48.0
54.67
47.33
43.33
41.0
43.67
58.0
50.67
52.0
45.67
49.67
49.33
39.0
53.0
59.0
49.67
35.33
24.0
27.67
29.67
32.33
25.67
37.67
24.0
17.0
16.33
13.33
14.33
13.33
21.33
13.67
19.33
22.33
17.67
22.0
17.33
13.67
18.67
23.0
9.67
25.0
16.0
19.33
36.0
18.0
34.33
23.0
33.33
39.67
48.33
32.67
50.67
38.33
64.67
57.33
54.33
68.0
82.33
73.67
83.67
105.67
91.67
107.67
113.33
98.0
90.0
103.0
101.67
84.33
74.67
73.67
83.0
65.67
51.67
47.0
43.67
51.67
40.33
34.33
33.67
26.0
36.0
23.67
22.67
15.33
25.67
26.33
14.67
10.33
16.67
12.67
5.67
18.33
17.67
4.0
12.33
11.33
8.0
6.67
11.0
15.33
8.0
6.67
4.0
4.33
4.67
6.0
1.33
3.67
8.0
11.33
4.0
2.67
12.67
6.67
9.67
18.0
4.67
11.0
7.33
0.33
16.0
11.67
16.33
9.0
15.33
8.67
17.67
3.33
17.33
11.33
17.33
9.0
15.33
13.33
6.33
2.33
18.67
11.33
19.33
12.67
19.0
6.33
39.33
13.0
28.33
28.0
8.67
25.33
31.0
36.33
40.0
38.33
2.67
18.33
20.0
24.33
25.67
14.67
32.67
18.0
24.67
13.0
13.67
19.0
11.67
20.67
10.33
20.33
12.0
18.33
14.0
21.0
17.67
27.67
24.67
19.67
18.33
18.67
18.67
13.0
18.67
24.0
18.33
12.0
26.67
15.33
19.67
11.67
16.67
-2.0
11.0
5.0
32.33
12.33
14.67
10.67
5.33
20.33
12.67
9.67
-3.0
-1.0
-1.33
16.67
8.67
4.33
2.67
6.67
15.33
17.67
9.33
0.0
3.67
17.0
8.67
13.33
0.67
2.0
19.0
15.67
23.67
1.33
7.67
2.33
2.0
5.67
4.33
5.0
12.0
6.67
6.0
15.33
3.67
15.33
9.33
3.0
6.67
9.33
19.0
14.67
17.33
0.33
12.67
10.67
7.33
12.33
-1.33
2.0
19.0
7.67
6.0
10.0
10.67
8.0
1.67
10.33
19.0
8.0
2.67
5.33
-2.67
4.0
7.33
2.33
7.67
1.67
0.67
3.67
12.0
-3.67
8.0
5.67
2.0
11.0
9.67
7.67
3.33
16.67
5.0
5.67
13.33
2.0
4.0
-7.33
-2.0
2.33
10.0
8.67
4.0
6.33
-4.33
2.67
0.0
6.67
9.0
-1.0
9.33
4.33
0.67
4.33
6.67
2.0
1.33
4.67
6.33
19.67
12.33
5.0
5.33
-5.0
2.67
11.0
3.67
1.0
-3.67
-11.0
16.0
12.0
0.0
16.33
16.33
-4.33
15.33
1.33
-3.0
-7.33
3.67
3.0
12.0
9.0
4.33
5.67
9.0
10.33
12.33
10.33
4.0
4.0
3.33
1.67
5.0
20.67
13.33
15.33
3.67
0.33
11.67
1.67
3.33
6.67
13.67
3.33
0.33
0.0
7.0
-4.0
3.67
9.33
6.67
16.33
14.33
17.33
8.0
17.33
6.67
-3.33
6.0
8.67
14.0
6.33
16.0
27.33
17.0
21.0
23.0
15.67
21.67
16.0
15.67
20.0
31.0
24.67
27.67
15.0
11.33
23.0
22.0
14.67
17.67
29.33
11.33
7.67
24.33
22.0
25.0
10.0
16.67
17.33
15.33
15.0
13.0
16.33
13.33
-1.67
11.0
5.33
16.33
19.67
13.33
8.67
11.0
13.67
10.0
12.67
13.33
10.67
15.0
14.0
11.0
7.33
-2.33
-1.67
3.67
14.0
13.0
12.0
9.67
4.67
-3.33
3.33
6.67
16.67
-6.33
-3.33
3.33
6.33
4.67
-8.67
11.67
16.0
1.33
0.33
10.33
7.33
14.0
3.67
1.0
4.33
2.0
18.67
-6.33
-1.33
7.67
-2.67
-9.67
-2.67
0.0
11.33
4.33
15.0
8.67
8.0
-11.33
3.0
1.33
7.33
-4.33
0.67
7.0
3.33
-2.0
18.33
10.0
13.0
10.0
3.0
17.33
1.33
2.33
-4.0
10.67
0.33
-2.67
4.33
4.33
6.33
4.0
-1.0
0.33
2.0
0.67
0.67
9.33
8.0
15.0
1.0
-6.33
3.33
3.0
8.67
-2.0
0.67
10.33
-5.33
4.0
6.0
8.67
3.33
-3.33
10.67
0.67
4.67
0.67
6.0
6.33
-2.33
8.33
5.33
-6.0
-2.33
-4.0
-3.67
2.0
-10.0
1.33
-4.33
1.0
23.0
6.0
3.33
2.0
-6.33
-5.33
3.0
-3.67
6.0
9.0
-0.33
-8.67
5.67
3.0
2.67
-9.0
3.67
-0.33
-10.67
6.0
1.0
8.0
1.0
-3.33
5.67
10.33
3.0
4.33
0.33
4.67
-1.33
3.0
5.67
8.0
-2.0
4.0
-5.0
11.33
11.33
7.67
6.0
2.67
7.67
7.67
1.33
-9.67
-3.33
8.0
0.67
4.33
-8.0
7.33
5.33
2.33
4.67
6.0
-5.0
13.0
-8.33
2.0
2.67
4.0
6.0
-2.0
1.0
4.0
1.33
10.0
-3.33
14.0
5.0
-3.0
-2.67
11.33
2.67
-4.33
4.0
-4.67
-3.0
-0.33
15.33
-1.33
-0.67
8.67
-3.67
10.67
0.33
8.0
5.67
6.0
2.67
-2.67
-0.67
0.67
-1.0
12.33
-1.0
4.0
4.33
1.33
-1.0
9.33
7.33
-1.33
-3.67
-13.0
9.0
-2.67
0.67
1.33
0.0
-8.33
0.0
6.33
6.67
0.33
4.67
3.33
2.67
-0.67
-5.33
-0.67
1.33
1.0
8.0
6.67
-3.33
-0.33
1.67
-0.33
5.33
-2.67
5.33
1.0
5.33
-3.67
2.33
1.0
7.0
-6.33
12.0
-6.0
-1.33
1.67
2.33
-1.67
5.67
3.33
7.33
11.0
8.0
2.33
6.0
8.67
1.0
6.33
7.0
-4.33
-1.0
4.33
5.0
-6.0
-1.33
3.33
0.67
7.0
0.33
2.33
6.67
-1.67
7.67
3.0
6.0
4.67
-6.67
3.33
1.33
6.0
3.67
11.0
1.33
5.33
9.0
-2.67
9.33
-3.33
11.33
4.0
5.67
0.33
-3.0
0.33
4.67
-3.33
-8.33
3.33
1.67
1.33
11.67
3.0
7.33
4.67
-3.33
4.33
1.67
1.0
7.33
8.67
-0.67
3.67
-0.67
1.67
2.67
-3.0
3.0
2.33
5.67
6.33
0.0
4.0
4.0
-5.0
3.67
-1.33
6.0
-5.67
3.67
0.33
4.0
-2.33
5.0
-4.67
-1.0
1.33
-3.0
6.0
0.0
-1.0
-3.67
-4.33
4.33
-4.0
6.33
0.0
-5.67
2.67
-3.33
2.33
0.0
6.0
-0.67
2.33
-0.67
6.67
-1.67
5.33
-2.0
0.0
3.67
2.0
3.0
1.67
0.33
-0.67
4.0
-3.0
-1.67
0.67
2.67
0.33
-0.67
7.67
1.33
-2.33
0.0
7.67
3.33
-1.33
8.0
6.0
2.67
3.67
-2.67
3.33
5.33
4.0
7.33
2.0
-1.0
-6.0
3.0
2.0
-3.0
2.67
-4.67
6.67
-1.0
-2.33
-5.67
7.0
2.0
4.0
-1.33
2.67
2.33
1.33
0.0
2.67
-1.67
-2.0
-2.33
-1.33
3.0
-0.33
1.0
-2.33
2.33
-0.33
0.33
2.67
3.33
0.67
-0.33
6.33
0.67
0.33
4.33
5.0
7.0
4.33
-2.33
2.0
-0.33
2.33
