0.0
-20.67
-11.33
77.0
-46.67
-85.67
-61.33
35.0
-12.33
-10.67
-14.0
-10.0
71.33
-48.0
-69.33
-44.33
32.67
-0.67
-30.67
-24.0
-17.33
-23.67
-48.67
-22.0
-14.67
-3.33
-7.0
10.0
-13.67
-7.0
-0.33
1.0
10.33
-4.67
4.33
1.33
-0.67
-0.67
1.67
1.67
-0.67
2.33
-0.33
0.67
1.0
-1.0
0.0
0.0
-0.33
0.67
0.67
1.0
-0.67
-0.67
-0.33
-1.0
0.0
0.0
0.0
-0.33
0.0
0.0
-0.67
0.67
0.0
-0.67
1.0
1.67
1.0
0.0
0.0
-0.67
0.33
-0.33
0.0
-0.33
-1.0
0.0
0.67
-0.33
-0.67
0.67
0.0
-0.33
2.0
-0.33
0.0
-1.0
-0.33
1.33
0.0
0.67
-0.33
0.0
0.0
1.0
0.33
-0.67
0.0
0.0
0.0
0.67
-0.33
0.0
0.67
-1.0
0.0
-1.33
1.33
2.0
3.0
3.33
0.0
-1.0
-0.67
-1.0
-0.33
0.67
1.0
-1.67
0.33
5.67
3.0
3.0
7.0
3.0
-2.67
1.33
4.0
-4.67
1.33
0.0
-0.33
3.0
2.0
-1.33
2.33
-2.33
-3.67
0.0
3.0
5.33
6.33
-2.33
-0.33
2.33
-2.0
0.67
5.0
-5.0
-6.0
-2.0
5.0
5.67
6.0
6.33
-1.67
-2.0
-4.67
2.67
-2.33
0.67
-5.0
2.0
3.67
3.67
5.33
7.67
5.0
4.67
-6.33
-11.0
3.67
2.0
-0.67
-0.67
-6.67
0.0
0.0
-4.67
2.0
3.67
0.33
-2.33
-0.67
3.0
-1.0
1.67
-3.67
-2.67
3.67
-5.67
5.67
-5.67
-3.33
4.0
0.0
7.0
2.67
6.0
-4.33
-2.0
-2.33
2.33
0.33
0.0
2.33
-2.33
7.67
1.33
-1.0
3.67
-1.0
3.33
-5.33
2.33
3.0
3.0
3.0
-3.33
-3.67
-1.67
-1.0
7.33
-1.33
4.0
7.33
-2.67
9.67
2.67
-2.0
5.0
4.0
2.0
4.67
3.0
-3.67
1.0
9.0
4.33
2.67
2.0
-3.0
-3.67
-4.33
-0.67
5.0
2.67
7.33
0.0
5.33
5.33
5.33
6.67
1.67
-2.0
8.33
3.67
6.33
5.33
5.67
-0.67
9.33
1.0
1.33
1.33
6.67
2.0
-3.67
4.33
4.0
0.0
-1.0
4.33
7.67
4.0
3.0
-2.33
4.0
0.33
-1.0
5.67
-0.67
2.67
1.67
4.33
0.0
-5.67
4.33
0.67
-1.67
-6.33
-4.33
4.33
7.33
5.33
-1.33
3.0
6.33
0.67
10.0
-0.33
-2.33
3.33
4.0
3.0
-1.33
8.0
5.33
5.33
0.0
-0.67
9.0
3.67
2.33
-3.33
1.0
4.0
-0.33
1.33
-0.67
4.0
9.0
-2.0
4.0
5.0
6.33
-4.33
-1.67
-1.0
-2.0
-0.67
0.33
-1.67
-5.67
0.0
0.33
3.33
-0.67
0.33
6.0
-1.33
1.0
6.0
7.33
2.67
0.67
-1.33
7.0
-2.0
2.0
9.0
5.0
0.33
4.0
2.67
-0.33
0.33
0.0
2.0
2.67
1.33
0.0
-9.33
13.0
-2.0
1.0
7.33
3.67
3.33
1.67
-0.33
-0.33
-1.33
3.67
-3.33
4.0
-3.33
-1.0
1.67
-5.0
-1.0
2.0
-2.33
1.0
-0.33
-1.67
7.67
3.0
-2.0
6.67
7.0
-0.67
0.67
11.0
0.33
0.33
-4.0
4.0
1.0
-2.33
-1.33
-0.67
5.67
-2.33
6.0
2.67
1.67
7.67
-0.33
11.0
4.33
-1.0
-4.67
3.67
0.33
-2.67
0.0
0.0
6.67
2.0
-3.33
3.0
3.33
0.67
-2.67
2.0
1.33
-3.33
-6.33
-1.0
4.33
6.33
1.67
5.67
0.0
-1.0
-0.67
4.0
1.67
-2.33
-3.0
-3.0
-1.67
4.0
0.67
3.67
0.0
4.67
2.33
1.67
4.0
1.0
-1.33
3.33
2.67
2.33
1.33
2.0
3.33
0.0
-2.33
2.33
-2.0
-1.33
1.67
-1.0
-1.33
-2.33
6.0
0.67
-2.67
0.0
5.67
1.33
4.0
7.67
3.67
-4.33
-2.0
0.33
1.0
2.33
-0.67
-1.67
-0.33
1.0
1.0
0.33
6.33
0.0
4.0
-6.0
-1.67
0.67
4.33
8.33
-0.67
1.0
0.67
0.67
4.33
0.0
2.67
-1.0
0.33
2.33
1.0
0.0
-1.0
2.0
9.33
-2.33
-1.33
-5.67
0.67
-0.33
1.0
4.33
2.0
-2.33
-4.67
3.67
0.67
2.33
1.0
1.33
0.0
-0.67
5.0
0.33
-4.33
2.33
-0.67
1.0
0.67
4.0
4.67
2.0
-1.33
0.67
2.0
-4.0
0.33
-1.33
1.67
-2.33
-2.67
3.33
7.33
4.0
-2.0
-2.0
2.0
2.0
-2.67
4.0
0.67
3.33
-3.33
2.0
3.33
-2.67
7.0
-0.33
-1.67
1.67
0.0
2.67
3.67
1.33
-3.67
-3.0
-2.0
4.0
-2.67
-1.67
0.67
-4.33
0.33
2.67
-3.67
-1.33
5.67
8.33
1.33
8.0
2.0
-3.0
3.33
-1.33
2.0
1.0
2.0
0.67
2.67
7.0
0.67
-0.33
-0.67
0.67
5.33
-0.33
-5.33
-1.67
3.0
-2.0
-2.33
-1.33
1.67
6.67
0.33
2.67
1.67
-1.0
-0.67
-1.67
-1.33
2.67
-1.33
-1.67
-0.33
-2.0
1.0
1.33
3.0
0.33
4.0
1.33
-0.67
-0.67
-1.0
5.67
5.67
3.33
4.67
-3.0
-2.33
-2.0
-1.0
-1.67
5.67
-1.67
2.67
-2.0
-3.67
1.33
-4.0
2.0
-1.0
-4.0
-0.33
-1.33
1.67
-1.67
1.67
-3.67
1.33
2.0
1.67
3.67
1.67
0.67
1.0
2.67
-1.0
-2.0
4.67
-0.33
5.33
-1.0
1.67
-3.0
-3.33
4.67
7.67
-1.0
0.33
-0.67
-3.0
3.33
1.0
5.0
2.33
2.0
5.33
-1.33
-1.0
-2.67
-1.0
4.0
6.67
-4.67
2.67
0.33
-2.67
-6.0
4.0
4.67
-1.33
2.33
3.33
3.0
-1.67
-4.0
7.33
6.67
0.67
2.33
0.67
6.67
0.67
13.0
3.67
-1.0
-2.33
-1.33
2.0
0.33
-3.0
1.67
5.67
0.33
-1.0
3.67
3.67
-0.67
-1.0
4.67
-2.0
-5.0
4.0
0.0
0.33
-0.67
2.33
1.67
8.33
8.33
-3.0
2.67
1.0
1.67
-3.67
-1.67
0.33
0.0
-1.0
4.0
2.67
-4.33
2.67
1.0
2.33
-1.33
10.0
3.33
5.33
3.67
-0.33
3.67
-1.0
0.33
2.67
3.67
-2.33
2.67
2.33
3.67
-4.33
0.33
-0.67
0.67
-0.33
6.33
6.0
1.33
6.0
-1.67
-1.33
-5.67
4.0
6.33
4.67
3.67
2.0
0.33
-1.67
2.33
-1.67
1.33
7.33
7.67
4.33
12.67
12.67
2.33
12.0
13.67
16.0
21.33
17.33
22.33
17.67
30.0
25.33
33.0
32.0
34.67
44.33
26.33
43.0
34.67
37.33
44.33
31.33
48.0
36.67
44.67
33.33
32.33
29.33
26.33
21.33
19.33
15.67
15.33
2.33
17.33
6.67
18.0
9.67
11.67
6.67
11.33
2.0
8.67
2.0
8.33
-1.33
3.0
3.0
10.33
8.0
3.67
5.33
4.33
2.33
12.33
5.67
11.33
9.0
2.67
16.33
-3.0
4.67
2.0
5.67
6.67
6.0
8.33
9.0
8.67
7.33
5.67
0.33
4.0
4.67
4.67
1.33
4.33
-5.0
8.67
-6.33
11.67
8.33
-7.0
1.0
2.33
2.67
0.33
11.33
1.67
-2.0
-2.0
4.33
3.33
-0.67
5.67
2.0
8.67
7.33
1.0
4.67
-2.0
13.0
5.33
0.33
9.0
-1.33
5.0
7.33
2.67
13.67
0.67
-5.0
-0.67
4.0
9.0
8.67
9.0
6.67
1.0
-3.67
6.0
6.0
-1.0
-1.67
11.67
2.33
6.67
1.33
0.67
9.33
-2.0
6.0
7.0
8.67
3.33
9.67
14.67
6.67
2.33
4.0
1.33
17.0
4.0
7.67
6.33
11.0
2.67
2.67
8.33
1.33
8.33
7.0
0.0
14.33
5.67
2.67
-1.0
0.67
3.67
1.33
2.0
4.0
7.0
2.0
0.67
4.33
11.33
3.67
6.0
9.33
5.67
0.67
10.67
0.33
13.67
9.67
13.33
2.33
3.33
2.67
1.0
5.67
8.0
-3.0
7.0
8.0
5.67
11.0
9.0
3.67
5.67
2.0
7.67
0.33
3.33
3.0
7.0
-1.33
5.0
12.67
0.33
0.67
11.0
13.0
4.33
12.0
7.0
10.33
6.0
8.0
13.0
9.0
4.0
4.0
15.67
6.33
6.33
9.0
10.33
9.33
9.0
2.0
7.67
11.67
5.33
8.0
14.67
15.67
14.0
5.0
10.33
15.33
22.33
23.33
20.33
15.0
29.0
32.0
21.33
36.33
33.0
33.33
19.67
40.33
28.0
33.0
19.0
20.67
13.33
23.33
20.33
24.0
22.0
15.67
14.67
11.0
17.33
7.33
10.67
11.67
9.67
4.33
11.33
9.67
2.0
13.67
11.33
-0.33
15.33
9.33
9.33
8.67
11.67
0.67
0.33
2.0
5.33
-6.0
6.0
13.33
8.67
1.33
6.33
12.67
2.67
6.67
4.33
2.67
4.67
1.33
2.0
17.67
7.67
8.67
12.33
16.0
4.33
9.67
9.33
6.33
10.33
9.67
14.0
5.0
8.67
5.33
-1.33
8.67
7.33
8.0
11.33
9.33
5.33
12.67
12.0
4.67
3.0
13.33
12.33
13.0
1.0
5.0
13.0
13.67
19.0
2.0
7.0
11.33
1.0
1.67
7.0
10.67
7.33
7.0
10.67
6.67
10.33
7.67
15.0
9.67
5.33
0.33
10.33
6.0
10.33
2.0
7.67
8.33
10.67
4.67
18.33
9.33
5.0
1.33
20.33
8.0
-0.33
1.0
1.33
7.67
1.67
23.33
16.0
2.67
6.67
15.67
6.67
6.67
-2.33
15.67
7.33
14.0
15.0
-0.33
13.67
4.33
12.33
4.33
1.33
11.0
10.67
14.33
16.0
5.33
0.0
9.67
-9.0
13.67
17.0
21.67
2.67
-4.33
18.33
15.0
13.0
20.0
11.33
6.33
0.0
4.0
13.33
15.67
10.0
0.67
6.67
7.67
5.33
0.33
1.33
2.0
11.0
8.33
8.67
15.33
6.33
10.0
11.67
4.0
13.33
16.67
3.0
8.67
12.0
4.0
13.0
12.67
14.33
0.33
8.0
3.33
8.33
-6.67
22.67
7.33
12.67
6.33
7.67
16.0
8.33
8.0
14.67
8.67
8.0
9.0
8.33
10.0
11.0
8.0
9.67
11.0
10.67
10.33
14.33
14.33
12.33
7.33
5.33
17.67
10.33
5.67
9.67
5.0
15.33
11.0
12.33
15.33
12.0
17.0
18.0
12.33
9.67
15.0
12.0
20.33
15.0
14.0
11.33
20.33
17.0
16.0
19.33
29.33
18.0
15.33
24.0
16.67
14.67
25.33
25.0
23.0
17.67
24.33
16.67
16.67
14.67
25.33
24.67
25.67
35.33
26.0
40.33
41.33
37.33
39.0
41.67
48.67
53.0
43.0
59.67
77.67
61.0
70.0
105.33
109.33
88.0
96.33
117.0
117.33
127.33
128.0
125.67
143.67
126.33
115.0
132.67
141.0
136.33
101.67
114.0
99.0
102.33
104.67
106.67
101.0
76.0
73.0
63.0
37.33
50.33
41.33
37.0
37.67
27.67
13.33
16.33
0.67
0.67
27.0
12.33
14.67
20.0
4.33
15.33
12.33
7.67
18.0
11.67
9.0
6.33
19.0
4.33
12.33
6.33
2.0
11.67
13.67
0.33
4.33
2.0
19.0
7.0
8.67
11.0
7.67
9.67
11.0
12.67
14.33
9.0
14.33
5.0
9.0
7.0
7.33
7.33
14.0
18.0
10.67
6.67
3.0
6.0
-1.33
-0.67
12.67
16.0
19.67
20.67
5.67
-0.67
-0.67
4.0
10.33
21.0
-2.0
9.0
5.33
16.33
8.0
1.33
15.33
4.0
8.67
3.33
7.0
5.67
24.0
9.0
11.33
-1.33
16.33
-2.33
6.33
6.33
22.67
22.33
7.0
8.33
14.67
10.33
4.33
6.33
10.67
6.67
5.67
2.0
7.0
-3.33
7.33
16.0
11.67
11.33
6.33
24.67
17.67
13.33
12.67
20.33
13.33
15.67
12.0
16.0
15.33
21.0
6.33
13.0
13.0
6.0
9.67
12.67
13.0
8.33
15.0
3.67
6.33
15.33
-0.67
-1.33
10.0
5.33
3.0
11.33
5.33
16.67
13.67
5.67
3.67
19.0
-2.33
8.33
-6.33
0.33
7.0
0.33
3.33
8.0
-5.33
12.67
14.33
-0.67
4.0
2.0
12.0
12.33
13.33
10.0
8.33
3.67
0.0
-0.67
12.67
14.0
24.67
5.33
7.67
16.0
5.67
-2.0
7.67
15.33
13.33
11.67
17.67
31.67
24.0
34.33
20.67
28.33
3.33
20.67
25.0
36.33
36.33
30.33
31.67
41.33
23.33
35.0
17.33
38.33
25.33
39.33
38.0
23.33
36.67
25.0
40.67
46.33
23.33
25.67
17.67
22.0
35.67
11.0
16.0
11.67
1.67
5.0
8.67
7.0
17.33
9.0
10.67
8.0
17.33
5.67
9.67
14.67
1.67
3.0
3.0
15.0
9.0
1.67
2.67
-1.67
19.67
0.33
20.0
-2.0
11.0
-3.0
8.0
8.0
9.33
0.0
-3.67
15.67
3.67
-3.33
13.33
-0.67
3.33
9.0
9.67
0.67
13.67
14.33
19.0
1.0
2.33
15.33
-7.0
10.33
10.0
13.33
-4.0
7.33
9.33
-2.0
9.33
10.67
10.0
7.33
5.0
10.67
15.67
25.33
8.0
12.0
8.67
-10.0
7.67
-3.67
9.67
-10.33
23.0
1.0
10.67
0.0
-7.33
9.33
4.33
8.0
1.0
3.33
19.0
2.33
-2.0
5.0
-0.33
7.67
1.33
-1.33
11.0
1.67
0.0
2.33
-7.0
7.0
1.0
-3.67
-2.0
2.67
13.0
0.33
1.0
4.0
-2.67
12.33
-0.33
-3.67
8.67
7.33
-2.0
2.33
4.67
3.0
3.33
4.67
11.33
1.67
8.0
3.67
-0.67
7.67
-2.0
3.67
10.33
-0.67
-4.67
5.67
4.0
-4.0
-3.67
12.0
-0.33
11.0
1.67
7.0
-7.67
3.33
8.33
2.33
-8.33
-6.67
3.33
-1.0
-1.33
-1.0
4.0
-5.33
7.0
0.0
11.67
7.0
-2.33
6.0
3.33
5.0
-5.0
7.67
3.0
0.67
-6.67
-2.0
0.0
2.33
-1.0
-3.33
8.0
-12.33
-0.33
1.0
2.0
-0.67
0.0
5.33
6.33
8.67
-0.67
8.67
0.33
-1.67
-0.33
4.0
9.67
4.0
-3.67
5.67
0.33
-4.67
-6.33
2.33
3.0
5.67
11.33
8.0
4.67
9.33
-2.0
4.67
8.67
10.33
0.67
3.67
-1.0
9.67
-1.33
6.33
3.33
2.0
16.0
8.0
4.33
8.33
11.67
0.67
13.67
7.67
13.0
7.67
11.0
9.0
8.67
15.67
1.0
15.67
2.67
7.33
3.0
9.0
1.67
7.0
4.67
4.67
5.67
-3.0
6.33
-5.0
2.33
-1.0
-3.33
-4.67
2.33
-0.33
3.33
2.33
1.0
7.67
6.67
-1.67
-0.33
6.33
2.33
1.33
-0.67
6.67
-9.33
5.33
6.33
12.33
-0.67
-0.33
-2.0
-7.67
2.0
-6.67
7.67
8.67
8.33
3.67
-1.0
-4.0
0.33
6.33
-1.0
10.33
-2.0
2.67
-5.0
10.33
2.0
0.67
-0.67
-0.67
5.67
2.67
4.0
-2.0
-2.33
0.0
2.0
0.0
9.0
-4.33
-1.33
10.33
5.0
1.33
5.33
2.0
-1.67
-2.67
-3.67
-1.0
1.33
-1.0
4.67
0.0
4.33
-1.67
-4.0
0.0
-2.67
-1.0
1.33
5.0
-4.67
2.67
5.33
-5.33
-2.0
2.33
5.33
-1.33
0.67
-1.67
0.67
5.0
-2.67
6.33
-1.67
6.67
-4.0
-1.33
2.0
8.67
5.33
-6.0
-4.67
8.33
2.33
-3.67
-6.33
9.33
4.33
-3.0
7.0
1.0
-7.33
5.67
-6.67
0.67
-6.33
-7.33
0.67
-3.0
1.67
0.67
0.33
3.0
-0.33
7.33
0.0
6.0
3.0
4.0
1.67
-1.0
0.67
0.0
13.67
3.33
-0.67
7.67
4.33
-0.67
1.33
6.0
-4.67
-0.33
7.67
6.67
5.0
10.0
-3.0
4.33
-2.0
-2.0
3.0
-1.0
5.33
7.33
-1.0
0.33
4.33
-0.33
-1.0
-8.33
1.33
-2.0
5.0
6.33
6.67
-2.33
-1.0
5.0
-1.67
3.0
0.0
3.0
0.33
6.0
8.33
2.0
12.33
-6.33
-4.0
2.67
3.33
-5.33
4.0
7.33
-5.0
-2.33
5.67
-1.33
-6.0
9.0
3.33
3.33
2.0
0.0
2.33
-4.0
7.33
-2.33
7.67
3.33
-0.33
1.33
5.67
1.0
-3.33
2.0
-2.67
-3.0
-0.33
-3.0
1.67
6.67
5.0
4.67
3.33
1.33
-2.67
4.0
2.67
0.0
-8.0
5.33
-0.67
3.33
5.0
0.0
-0.67
8.33
4.0
-4.0
2.0
-1.0
-1.33
4.0
4.0
2.0
2.0
-0.33
0.67
4.33
0.67
0.0
6.67
0.67
2.0
1.0
1.33
1.67
2.0
-0.33
-0.33
-2.33
-1.33
1.33
-1.0
-4.33
-4.67
-1.33
1.33
2.67
1.33
2.33
9.33
4.33
0.0
4.0
5.0
-4.67
-0.33
3.33
2.0
-3.33
4.33
0.67
2.67
