0.0
-36.67
-65.33
-19.0
-45.67
-154.67
-190.33
-7.0
-28.33
30.33
46.0
-132.0
-24.67
-32.0
-12.33
-77.33
-57.33
23.33
-29.67
-24.0
-12.33
-47.67
-25.67
-28.0
11.33
0.67
-13.0
-11.0
-11.67
2.0
-7.33
2.0
-2.67
1.33
0.33
-2.67
1.33
2.33
3.67
0.67
-1.67
-1.67
3.67
-0.33
1.0
-1.0
0.0
-1.0
-0.33
-0.33
-0.33
1.0
-0.67
-0.67
-0.33
1.0
2.0
0.0
2.0
0.67
0.0
0.0
1.33
-0.33
0.0
-0.67
0.0
-0.33
0.0
0.0
0.0
0.33
-0.67
-0.33
0.0
-0.33
-1.0
0.0
1.67
-0.33
0.33
1.67
1.0
0.67
0.0
0.67
1.0
-1.0
0.67
0.33
-1.0
-0.33
-0.33
-1.0
1.0
0.0
0.33
-0.67
0.0
0.0
0.0
-0.33
-1.33
0.0
-2.33
0.0
-1.0
-0.33
0.33
0.0
0.0
0.33
2.0
-3.0
-0.67
-1.0
1.67
6.67
-3.0
0.33
0.33
-0.33
0.0
-2.0
-1.0
5.0
-1.67
2.33
3.0
-3.67
4.33
-3.0
-4.33
12.0
5.0
-3.33
2.33
-1.33
3.33
1.0
11.0
8.33
-3.67
-5.33
-1.33
7.33
-3.0
0.67
0.0
5.0
-8.0
3.0
9.0
2.67
0.0
2.33
6.33
-1.0
3.33
3.67
-2.33
1.67
-5.0
1.0
0.67
4.67
6.33
-2.33
-5.0
-1.33
-3.33
-7.0
7.67
2.0
1.33
4.33
-1.67
0.0
-2.0
7.33
-2.0
-2.33
-4.67
-3.33
0.33
-1.0
3.0
5.67
-1.67
0.33
4.67
-4.67
8.67
3.33
0.67
1.0
6.0
4.0
1.67
9.0
-1.33
-1.0
-4.33
0.33
-4.67
4.0
-0.67
-2.33
2.67
4.33
2.0
2.67
2.0
9.33
0.67
1.33
1.0
2.0
-2.0
8.67
-1.67
-3.67
4.0
0.33
1.67
0.0
-1.67
-1.67
2.67
0.67
0.0
2.0
9.0
-5.0
8.67
-3.0
-8.67
3.0
5.0
3.33
1.67
7.0
1.0
6.33
5.67
0.33
0.0
6.67
0.33
-1.0
3.33
-1.67
4.33
-1.33
4.67
1.0
5.33
6.67
0.33
0.33
-4.33
-0.67
5.33
0.0
6.33
2.33
7.67
-1.0
-1.67
9.33
3.0
4.0
0.0
1.33
2.67
5.0
1.0
2.67
-2.0
4.33
-2.0
6.67
-2.67
0.67
-2.33
5.33
-1.0
-0.67
4.33
0.67
0.33
-2.33
2.67
-1.67
9.33
-2.67
1.67
-2.0
-4.67
4.67
4.0
2.67
3.67
-0.67
2.0
5.0
1.67
-2.0
2.33
1.33
0.0
5.33
9.0
5.67
3.33
-1.33
8.0
4.0
0.67
5.33
1.33
-1.0
5.0
2.0
9.0
-3.0
-2.67
1.67
3.33
3.0
0.0
0.33
2.33
7.33
-4.67
0.0
3.33
2.33
0.33
1.33
3.0
-1.33
-4.0
8.0
-0.67
2.67
8.67
1.67
2.0
7.0
0.0
-2.0
7.0
5.33
0.0
2.67
1.67
1.33
-2.0
2.0
2.67
2.33
-2.0
-3.33
3.0
-1.0
3.0
3.33
2.67
0.33
0.67
1.67
2.67
-1.33
-0.33
1.67
7.0
-4.33
-2.0
-1.33
5.0
1.0
0.0
1.67
2.0
1.67
4.33
2.67
-1.0
1.0
3.67
-2.0
1.33
1.67
5.0
2.33
2.33
0.0
1.0
1.0
-3.33
3.67
1.33
6.67
-0.33
-1.0
-0.33
-2.33
0.67
1.67
1.0
2.33
-1.0
-2.67
1.67
4.33
0.33
-1.0
-2.0
-2.33
-3.0
-2.33
2.0
5.33
-0.33
-4.67
-3.0
-0.67
-0.33
-3.33
0.0
5.33
9.33
0.67
-1.33
1.0
6.0
-0.67
2.0
3.67
6.67
-1.0
-2.0
1.33
-4.0
1.67
-1.33
-3.0
2.67
-1.67
3.67
-3.0
5.0
0.67
-2.67
3.67
5.33
2.33
5.0
-0.67
0.0
4.67
2.33
0.0
0.67
-1.33
-2.0
1.67
0.67
0.0
5.67
3.33
2.0
1.67
-2.67
-2.0
0.67
2.67
-1.33
-3.0
3.33
3.0
5.33
3.33
-0.67
-0.33
1.0
1.0
3.33
0.33
4.0
7.0
-5.0
-1.67
1.67
2.33
-2.67
-2.67
2.0
-0.33
0.67
2.33
0.0
2.67
-3.0
2.33
0.33
5.0
-1.0
2.0
1.0
4.33
-1.33
1.67
-5.67
3.67
0.67
2.0
2.33
-3.0
-2.33
-3.67
0.67
-0.33
1.33
4.0
0.33
-3.0
4.33
4.0
-2.67
-1.33
-0.67
4.33
2.0
0.67
2.0
-1.33
2.0
0.67
4.67
1.0
-3.0
2.33
0.67
0.67
1.67
-0.67
5.33
2.33
1.0
1.0
1.0
3.0
0.0
-4.67
0.0
1.67
0.33
0.67
0.0
0.33
4.33
2.0
-3.33
-2.67
2.67
1.0
1.67
2.67
-0.67
2.33
-2.0
-1.0
2.0
3.33
8.33
-1.33
-3.33
-0.67
-2.33
0.33
-4.33
5.67
0.33
2.33
1.0
-2.0
0.0
-1.67
3.67
2.0
0.0
0.0
-0.33
-0.33
7.0
1.67
-0.33
-2.67
5.67
3.33
-5.33
-2.33
-1.67
-1.0
1.0
-2.33
-0.33
1.67
6.67
0.33
0.67
0.67
2.0
-4.67
-0.67
-0.33
0.67
0.67
0.33
1.67
5.0
-2.0
-0.67
-1.0
1.33
0.0
3.33
-0.67
-0.67
3.0
1.67
2.67
-1.67
-1.33
0.0
0.67
0.0
-4.0
-2.67
-0.33
-1.67
-1.33
-4.0
-2.67
0.33
0.0
-1.0
5.0
1.0
0.67
2.67
1.67
2.33
2.67
1.33
-0.67
0.0
3.67
2.67
-0.33
4.67
4.0
2.67
-1.0
-4.0
-0.33
4.67
-0.67
2.0
0.67
-3.0
-0.33
-0.33
-3.33
7.0
0.33
-2.67
-1.0
1.33
8.0
3.0
-1.67
2.0
-2.67
-0.33
0.0
3.33
-5.0
1.0
-1.33
-1.67
1.67
1.33
-4.67
-1.0
1.0
-1.33
4.67
2.33
3.33
0.0
-2.67
2.0
5.33
3.67
3.67
4.33
-6.33
6.67
-3.33
2.0
2.67
2.0
4.67
3.67
5.0
8.33
0.0
0.67
1.67
1.33
3.0
0.67
5.67
0.33
-2.0
0.67
-6.0
-5.0
-1.0
-4.0
3.33
2.33
2.33
2.67
0.33
10.33
-3.0
0.67
-1.0
2.67
1.33
3.33
2.33
-4.0
-3.0
-2.0
-0.33
4.67
2.67
1.0
4.33
1.67
3.0
-0.67
-1.67
-3.33
-0.33
3.67
3.0
6.33
2.67
1.67
-2.33
3.67
3.33
-0.33
4.67
0.33
4.33
1.67
-1.33
5.33
4.0
-0.67
4.0
4.33
1.67
-0.67
3.0
1.33
-4.33
-3.33
4.0
3.33
4.33
-1.67
4.33
0.33
9.33
2.67
-3.67
0.67
5.67
2.33
1.0
5.67
9.0
-2.67
3.33
4.33
5.67
3.0
8.33
0.0
5.0
9.67
11.33
7.33
4.0
9.67
3.33
9.33
7.33
7.0
2.67
1.67
11.33
13.33
3.33
0.33
4.33
3.33
6.67
2.33
-2.67
8.33
2.67
1.0
4.67
1.67
10.67
3.33
0.0
1.67
8.0
6.33
-0.33
8.0
4.0
3.33
-2.0
0.67
4.33
1.33
2.33
7.33
7.67
4.33
5.0
5.67
12.33
1.0
9.67
4.0
6.67
-0.33
3.0
8.33
4.0
5.67
4.33
5.67
0.33
4.0
5.67
12.67
3.33
-2.67
4.0
2.67
3.67
5.67
2.33
3.0
5.0
-5.67
-0.33
8.33
3.33
0.67
-2.0
-2.0
-0.67
9.33
0.33
2.67
8.0
5.67
5.33
7.0
0.67
5.0
-2.0
10.33
-4.67
0.0
7.67
6.0
6.33
0.67
5.67
0.67
7.0
0.33
4.0
15.0
0.67
12.0
11.67
9.0
4.33
15.0
2.0
-7.0
7.33
6.67
10.33
4.67
2.33
6.67
7.33
-3.0
2.0
6.0
10.67
-2.67
6.67
2.67
1.67
-2.67
4.0
9.33
11.0
8.0
5.67
8.33
18.0
18.67
12.67
3.33
10.33
7.33
6.0
1.0
6.33
8.67
-4.33
5.0
4.67
14.67
6.33
-2.0
7.0
9.0
4.0
-3.33
0.33
6.33
4.67
5.0
0.33
2.67
1.67
4.67
5.33
2.67
4.67
3.33
-0.67
0.33
5.67
7.0
8.67
7.0
1.0
11.0
7.0
5.67
0.0
13.0
-0.33
11.67
13.0
10.67
2.33
3.33
6.0
0.0
6.67
6.0
3.67
5.33
1.67
12.0
4.0
5.33
7.0
13.0
6.33
0.0
8.0
-1.0
11.0
5.0
9.0
18.67
6.33
5.33
0.0
11.33
6.33
4.0
16.0
6.67
10.67
4.33
17.0
23.67
7.67
17.0
22.0
14.33
29.33
30.33
21.33
43.33
34.0
25.0
29.0
34.33
46.33
41.0
47.33
43.67
40.33
42.0
35.0
35.0
38.67
32.33
30.33
34.33
31.0
21.0
23.67
13.67
21.0
18.33
15.33
15.67
11.67
4.67
-2.67
6.33
5.67
8.0
15.67
10.33
8.67
13.33
16.33
8.33
5.67
-0.33
15.67
11.33
15.0
9.33
-2.0
10.0
9.33
10.67
2.33
3.33
13.67
3.67
7.67
16.33
-4.33
17.67
2.33
3.0
15.67
10.67
11.67
13.33
8.0
4.33
14.67
13.33
-0.67
5.33
9.67
11.0
13.0
4.67
20.33
7.67
4.67
7.33
12.0
8.33
10.33
5.33
9.67
14.0
5.67
16.0
6.33
0.33
12.0
4.0
10.0
15.0
15.67
9.0
10.0
19.0
6.33
12.0
1.67
7.0
5.67
17.33
8.0
10.67
16.67
14.33
3.67
1.0
14.67
14.33
1.33
9.33
6.0
15.33
15.0
17.67
11.33
10.67
2.67
5.33
10.33
13.0
20.33
14.33
24.0
16.67
18.0
2.33
6.67
18.67
1.33
7.0
-1.33
8.67
8.67
11.67
10.67
12.67
8.67
3.33
11.0
11.0
10.67
15.67
18.33
5.33
16.33
2.33
18.0
5.67
16.33
13.0
8.33
11.0
6.67
-9.0
16.67
18.0
25.67
0.67
6.67
22.33
4.0
9.0
3.0
10.33
8.33
0.0
15.0
8.33
7.67
13.0
10.67
8.67
-1.33
5.33
-1.67
14.33
-2.0
13.0
6.33
10.67
17.33
8.33
15.0
11.67
13.0
3.33
8.67
2.0
18.67
12.0
7.0
8.0
8.67
13.33
16.33
9.0
8.33
8.33
5.33
0.67
10.33
11.67
10.33
8.67
17.0
6.33
12.0
6.67
10.67
12.0
27.0
16.33
20.0
17.0
7.0
11.67
16.0
10.67
17.33
3.33
19.33
17.33
11.33
12.33
17.67
12.33
2.67
9.67
14.0
10.33
7.0
10.33
13.33
20.0
17.0
9.0
10.33
25.67
3.0
10.0
6.33
16.0
7.0
15.33
5.33
3.0
15.0
18.33
-1.67
10.0
28.33
9.0
19.67
9.67
15.33
14.0
14.0
12.67
16.33
13.67
24.67
16.67
22.33
16.67
31.67
33.33
26.0
39.33
46.33
61.33
52.0
66.67
67.67
96.0
92.0
110.67
129.67
127.0
172.0
168.33
169.33
175.0
209.33
237.0
214.33
248.33
257.0
284.67
241.67
278.33
237.0
259.67
265.0
236.33
263.67
231.0
215.0
172.33
209.67
187.67
165.0
150.0
133.0
102.0
96.33
85.33
74.33
68.0
40.67
50.67
35.33
28.33
29.67
25.67
24.0
12.33
23.67
20.0
14.33
13.33
17.33
19.67
2.0
16.67
6.0
14.33
13.0
13.33
4.33
17.33
15.0
20.67
10.67
2.33
26.33
8.0
18.0
19.0
-6.33
16.0
7.67
5.67
7.0
15.67
9.33
11.0
8.33
6.0
11.0
18.0
1.33
6.33
-3.0
9.0
19.67
13.67
4.0
17.0
13.67
9.33
9.67
6.0
18.67
11.67
10.67
9.33
8.33
16.0
23.33
16.0
11.0
6.0
4.33
9.33
5.0
10.33
9.33
10.0
18.67
12.33
16.0
14.67
29.0
13.0
29.33
17.67
13.33
7.67
15.33
17.33
12.67
9.33
10.0
8.33
12.67
4.33
7.33
5.33
12.67
15.67
-0.33
-3.0
8.0
13.67
13.33
14.0
0.67
3.33
0.33
6.67
7.67
26.33
7.67
10.33
16.33
9.67
19.0
11.0
9.33
6.0
0.33
11.0
10.0
12.0
10.67
18.67
8.0
6.33
13.0
7.67
9.33
14.33
-3.67
7.67
11.0
-6.67
-3.0
-0.67
6.33
-0.33
-3.33
8.67
12.67
19.0
-11.33
5.33
0.67
3.33
5.0
-1.67
10.33
13.0
3.67
10.67
14.33
2.33
2.0
-3.0
9.0
6.33
10.33
4.0
4.33
5.67
9.0
-3.67
7.67
4.0
19.67
6.33
-1.33
6.0
14.67
-8.0
10.67
-5.67
-2.67
8.67
-3.33
8.67
6.0
5.33
8.67
-1.67
8.33
-0.33
13.0
4.33
8.33
16.33
11.67
4.33
6.33
10.0
4.33
5.33
8.33
6.33
9.0
12.33
-0.33
4.0
14.67
11.33
5.33
-4.33
8.67
2.0
13.67
12.0
0.0
4.67
3.67
4.0
1.67
8.0
12.33
5.0
8.67
-3.0
10.33
6.67
10.67
3.67
12.67
3.0
-2.0
14.0
10.0
14.67
10.67
3.33
14.67
8.33
-5.0
15.0
6.0
1.0
-1.0
26.0
5.33
6.0
4.33
14.67
2.67
1.67
6.33
7.33
16.33
8.0
9.67
9.67
5.67
30.33
6.0
2.0
1.33
20.33
5.0
9.33
11.0
6.33
-8.0
16.33
5.33
13.0
18.33
19.67
16.0
3.33
-4.0
16.67
19.67
17.33
26.0
24.0
16.67
2.0
17.67
16.33
15.67
4.67
23.0
20.0
9.67
12.0
-0.33
13.33
12.33
14.0
0.0
18.33
9.0
0.33
11.0
6.0
0.67
5.67
-2.67
4.67
4.0
-1.33
5.0
8.33
7.0
4.0
4.0
7.33
5.0
0.67
1.0
-5.67
10.0
2.0
-5.67
1.33
8.67
7.33
3.67
4.33
-11.0
-3.67
-0.33
5.0
16.33
7.67
8.33
1.67
6.0
6.67
2.33
3.67
1.0
-10.33
5.33
8.33
1.33
2.67
14.0
5.0
3.33
6.0
-2.33
7.0
8.67
-10.0
10.33
6.33
5.33
1.33
-4.33
2.33
6.33
-6.0
4.67
-2.0
3.0
4.67
22.0
7.0
6.67
-2.0
5.67
0.0
-1.67
-4.0
0.0
1.67
5.0
-7.33
2.33
-7.0
1.0
2.33
-2.0
-7.33
1.0
2.67
-2.33
3.0
6.0
5.33
5.0
-0.67
-1.67
0.67
0.33
-5.33
-3.67
8.33
1.67
1.0
-1.33
-3.0
-7.67
8.67
5.33
4.33
2.67
4.33
-3.0
3.67
6.33
2.0
13.67
9.33
7.0
2.67
5.67
5.33
-0.33
19.67
9.0
14.67
16.67
16.33
20.33
8.0
10.0
11.0
23.33
9.33
14.67
19.67
4.67
5.67
13.0
6.67
14.0
8.0
10.67
3.67
11.0
4.67
6.67
8.33
12.0
0.0
2.67
8.0
4.67
1.67
12.67
5.0
10.33
5.0
0.33
-3.0
-5.33
2.33
7.33
1.67
8.33
3.33
12.0
2.67
2.67
7.33
5.67
3.33
1.33
10.33
-0.67
-2.33
1.67
5.33
-0.67
0.33
2.33
5.67
-1.0
-0.67
2.0
-3.67
2.67
5.67
-1.67
0.67
8.0
-2.0
5.33
8.33
9.0
1.33
2.0
0.67
5.0
-0.67
1.0
7.67
-3.67
2.33
4.67
6.67
4.0
3.0
1.67
10.0
-5.0
5.0
5.0
-8.33
-6.33
6.33
4.0
4.33
-2.67
-3.0
2.33
-0.67
2.33
0.0
2.33
7.0
-1.33
-2.0
2.33
3.33
2.0
-7.0
-3.67
-4.0
12.33
13.0
0.33
-4.33
4.33
1.67
-5.0
-0.67
-1.67
-2.33
3.67
11.33
1.67
-3.0
2.33
5.33
0.33
0.67
-1.0
-2.33
6.0
-0.33
5.33
0.0
2.33
2.33
-2.67
-0.67
-11.33
7.33
3.33
0.0
9.0
4.0
2.67
7.67
-4.67
3.67
0.67
-0.33
5.67
2.0
4.67
4.67
1.33
-5.0
8.67
9.33
9.0
3.0
12.0
9.0
-1.33
6.0
12.67
-2.0
11.67
8.33
7.33
6.67
2.33
10.33
4.33
6.0
-2.67
9.67
5.67
8.67
3.0
11.0
2.0
-1.67
6.0
6.0
8.0
-2.0
2.33
0.33
0.0
1.33
6.33
-9.33
0.0
-1.33
-3.67
1.0
1.0
2.33
0.67
-2.33
4.0
-1.0
-9.67
5.0
-4.0
0.0
-4.67
-2.0
1.33
5.0
4.33
2.67
-5.0
-2.33
1.33
-2.33
2.0
0.33
-1.0
-4.33
-0.33
5.67
-3.0
3.0
4.33
4.33
-5.0
6.0
2.33
0.0
12.33
3.67
0.67
1.33
-3.33
6.33
1.67
-5.0
4.67
10.0
2.33
1.0
0.67
1.0
4.67
-2.33
2.0
0.67
5.33
2.33
-2.67
2.0
-9.33
6.0
-1.0
13.33
4.33
-4.67
1.0
-5.0
-0.67
3.33
7.0
-2.0
5.0
-4.0
-5.33
4.0
-3.0
9.0
2.0
-0.33
0.67
0.33
5.67
3.0
0.67
5.67
-5.0
3.0
-2.67
-4.33
0.0
0.67
4.67
-6.33
2.67
-1.67
1.0
-6.33
-3.67
-4.33
3.33
1.67
-1.67
-2.67
1.33
3.33
3.0
-1.0
1.0
-0.67
5.67
6.33
1.0
0.67
-4.67
-0.33
4.67
