0.0
41.33
22.67
53.0
-58.67
-51.67
15.67
51.0
-10.33
50.33
83.0
43.0
-6.67
91.0
-5.33
-67.33
25.67
3.33
11.33
-1.0
4.67
-8.67
2.33
-3.0
21.33
2.67
18.0
7.0
-5.67
3.0
1.67
-1.0
4.33
4.33
3.33
1.33
0.33
-1.67
-0.33
1.67
0.33
-0.67
2.67
0.67
0.0
-1.0
0.0
0.0
-0.33
1.67
0.67
0.0
-0.67
-0.67
0.67
-1.0
1.0
0.0
0.0
-0.33
1.0
1.0
0.33
-0.33
0.0
0.33
1.0
-0.33
0.0
0.0
1.0
-0.67
0.33
-0.33
1.0
1.67
-1.0
0.0
0.67
0.67
-0.67
-0.33
0.0
-0.33
0.0
0.67
1.0
0.0
-0.33
0.33
-1.0
-0.33
-0.33
-1.0
0.0
0.0
-1.67
0.33
0.0
1.0
0.0
-0.33
2.67
0.0
0.67
1.0
0.0
-1.33
0.33
1.0
-1.0
-0.67
0.0
-1.0
1.33
0.0
-2.33
-3.33
3.0
-1.67
-0.67
1.67
1.0
1.0
-1.0
4.0
-2.67
-0.67
5.0
-2.67
-0.67
2.0
0.67
11.0
3.0
1.67
-1.67
1.67
-3.67
-1.0
3.0
2.33
8.33
-2.33
-3.33
0.33
1.0
8.67
-3.0
0.0
-1.0
11.0
5.0
-0.33
7.0
5.33
5.33
-3.0
-1.67
5.67
4.67
3.67
-1.0
1.0
3.67
4.67
1.33
1.67
4.0
0.67
-0.33
-10.0
0.67
3.0
1.33
6.33
4.33
0.0
3.0
0.33
0.0
-4.33
7.33
1.67
11.33
-4.0
2.0
14.67
-1.67
5.33
5.67
-5.67
4.67
0.33
3.67
5.0
-2.0
6.0
6.67
5.0
-0.33
4.0
-1.33
3.33
3.33
3.0
9.33
0.67
-1.33
6.33
7.0
2.67
6.0
3.33
4.67
0.33
3.0
-2.0
4.0
9.67
-4.67
4.33
-1.0
6.33
2.67
4.0
0.33
5.33
1.67
1.67
7.0
1.0
3.0
-5.0
5.67
3.0
14.33
0.0
3.0
3.33
-2.33
4.0
4.0
0.33
7.67
0.33
8.0
0.67
-2.67
-4.0
4.33
5.33
2.33
-0.33
2.67
-3.0
10.33
6.67
4.33
4.33
6.67
0.33
6.33
-2.0
10.33
7.33
0.67
0.0
2.33
6.33
1.0
6.0
8.0
1.33
7.67
0.0
5.0
0.67
0.0
-6.67
5.0
-1.33
-3.67
2.67
0.67
3.33
4.0
0.33
7.33
-0.33
0.33
-2.33
2.67
-0.67
2.33
-0.67
6.67
1.0
0.33
-3.33
7.0
1.67
9.67
12.33
1.0
3.0
0.67
2.0
1.33
9.33
1.0
3.33
9.0
7.67
9.33
2.67
6.0
4.0
7.67
3.33
5.33
2.0
6.0
-4.0
4.0
0.0
6.33
3.67
2.33
3.0
1.0
-1.67
3.33
3.33
1.33
1.0
11.33
6.33
-3.67
4.33
-2.0
3.67
6.0
2.0
1.33
5.67
1.67
2.67
6.0
0.0
8.0
3.0
7.0
7.33
6.0
2.67
0.67
-1.67
-1.0
4.0
9.67
6.33
9.0
-2.33
-3.0
2.0
0.0
7.33
3.67
1.33
1.67
3.67
3.67
3.67
3.67
2.67
2.0
-1.33
4.0
7.67
0.0
4.0
5.0
-4.33
-1.0
1.67
4.33
1.67
1.0
0.0
0.67
-1.0
-3.67
4.67
1.0
4.33
1.33
1.0
4.0
0.0
8.67
8.67
0.33
6.67
4.67
8.0
0.67
3.67
8.67
-1.33
4.0
7.33
1.0
-1.67
4.67
1.33
-0.67
-1.0
0.0
6.67
6.0
3.67
4.0
2.33
-0.33
-3.67
-1.0
4.33
-2.33
-3.33
-1.0
5.33
6.33
-2.33
1.67
3.0
7.0
-0.67
0.0
5.67
3.67
-7.0
8.0
-3.67
5.0
-2.33
0.67
1.0
6.67
5.33
6.67
1.0
0.0
4.67
4.33
2.67
3.33
3.33
5.0
5.33
1.0
-0.33
3.33
-1.0
1.67
5.67
8.0
1.67
-2.33
-3.0
4.67
-2.67
3.0
1.67
2.33
4.0
7.67
4.67
-1.33
-1.0
1.33
4.0
5.33
1.33
-0.67
3.67
-2.0
-1.0
0.33
-2.67
6.0
0.0
1.0
2.33
2.67
2.33
4.33
-1.67
-1.0
1.67
3.67
8.33
0.0
2.67
0.0
1.33
6.33
2.0
6.0
0.0
3.0
6.33
-2.33
-2.33
-1.67
1.67
0.67
3.0
0.33
0.0
1.67
-3.67
8.67
-0.33
-0.67
0.0
-0.67
9.0
1.33
0.0
0.33
1.67
1.33
2.33
-3.0
2.67
3.0
0.67
1.0
2.67
3.67
5.0
3.0
0.33
-0.33
0.67
-3.33
1.33
0.33
2.33
-1.0
-1.0
3.0
0.0
3.0
-3.67
0.0
2.67
1.33
2.67
-3.0
2.33
0.33
1.0
-4.33
-0.67
0.67
-4.0
-1.33
0.67
-1.67
0.33
0.0
-3.0
2.0
0.33
-0.67
2.67
4.67
-3.67
0.67
-3.67
0.67
-2.33
-0.67
-0.67
3.0
-1.0
2.0
0.33
-0.33
5.0
-4.0
2.0
0.67
-1.33
2.0
6.67
4.67
0.33
-0.33
5.33
-2.33
-1.33
0.33
4.0
0.0
-1.33
0.67
2.67
6.67
2.33
5.67
4.67
2.0
-0.67
-0.67
-0.33
2.67
1.67
0.33
1.67
0.0
4.0
-2.67
1.0
-0.67
3.0
-0.67
0.33
1.33
4.0
0.67
2.67
5.33
-0.33
3.0
-1.33
3.0
-2.0
4.33
0.67
-0.67
2.67
0.0
2.33
4.33
-1.0
-1.0
1.0
0.0
3.67
-3.33
-0.33
-1.67
4.67
-0.67
0.33
10.0
3.67
3.67
3.67
-3.33
5.0
-0.33
0.0
-7.0
4.67
0.67
6.33
2.0
2.67
-3.0
-5.33
-3.33
2.67
4.0
3.33
-2.67
1.0
-0.67
4.0
0.0
2.33
2.0
-2.67
2.67
5.0
-1.67
-5.0
-3.0
0.67
-2.67
1.67
5.33
-5.67
3.0
-1.0
2.67
0.67
1.33
6.33
1.0
1.33
0.0
-0.67
1.67
3.67
-0.67
-3.33
0.67
-1.33
-1.0
1.67
0.0
1.67
1.67
4.0
-0.67
-2.0
1.67
-1.33
-2.67
2.0
3.67
-2.33
-1.67
-6.0
4.67
-3.0
2.0
0.0
-6.0
1.33
4.33
4.33
-2.33
2.33
1.33
-1.0
3.67
2.0
4.67
-8.67
-1.67
-0.67
-2.0
-1.0
4.0
2.67
-0.33
-5.33
-3.0
4.33
-0.33
8.0
-2.67
0.33
-0.33
0.67
3.67
0.0
3.33
6.67
6.67
-5.33
-0.33
5.33
-2.33
4.67
-1.67
-1.67
-1.33
0.67
0.33
6.0
5.33
-1.0
2.33
-4.33
-0.67
3.0
8.33
-1.33
1.67
2.0
0.33
-6.67
4.33
-0.67
-3.67
-2.67
-3.33
2.33
5.67
5.67
4.33
5.0
3.67
9.0
6.33
9.33
19.33
17.67
8.0
6.33
21.0
22.0
16.67
19.33
26.33
17.0
32.67
19.33
13.33
29.33
34.0
14.67
12.67
15.33
23.33
20.33
9.33
7.33
8.33
10.67
6.33
-2.67
9.33
3.67
4.0
1.67
10.67
5.67
7.33
7.0
7.67
8.0
10.33
0.67
9.0
-1.0
6.33
2.0
4.67
3.33
6.33
1.33
8.33
1.67
-2.67
0.0
4.67
14.33
6.0
5.67
1.0
-0.33
8.67
3.0
4.33
1.0
1.67
3.33
3.67
-3.67
2.0
0.67
-2.33
2.33
4.33
-2.0
4.67
-0.33
4.67
11.33
1.0
5.0
-2.67
-2.33
3.33
-1.67
3.67
0.0
6.0
7.33
0.33
5.33
4.67
5.0
-1.33
7.33
3.0
3.67
0.0
-1.0
4.33
3.33
2.0
-0.33
3.0
9.33
8.67
6.67
2.67
-2.0
1.33
6.0
6.0
-2.33
2.0
1.67
8.0
-4.67
3.0
0.0
1.0
4.33
6.67
0.33
5.67
3.33
3.67
9.33
-2.0
4.0
3.0
8.67
-0.67
4.67
8.67
3.67
0.33
10.0
4.33
19.0
2.0
9.67
3.33
7.0
9.67
9.67
2.33
13.33
4.33
7.0
5.0
6.33
7.67
1.67
-1.0
-1.33
-0.33
4.33
1.0
3.0
7.0
3.0
-0.33
2.33
8.33
-6.33
4.0
4.33
2.67
1.67
4.67
1.33
-4.33
3.67
2.33
8.33
1.33
10.67
4.0
2.67
3.0
-2.0
5.0
10.0
3.67
-4.0
8.0
2.67
11.67
10.0
9.67
0.33
5.33
5.0
0.0
8.67
4.0
8.67
0.33
4.67
10.0
11.0
4.33
9.0
8.0
2.33
2.0
3.0
8.0
3.0
4.0
12.0
3.67
13.33
5.33
4.0
10.33
-3.67
3.0
11.0
2.67
0.67
15.33
14.0
14.67
10.67
12.0
11.0
17.33
10.33
8.33
22.33
21.33
18.0
7.0
25.0
9.33
18.33
33.0
25.33
16.67
27.33
21.0
16.0
21.0
14.67
8.33
15.33
26.33
17.0
12.0
11.67
21.67
6.0
10.33
5.33
14.67
14.67
9.67
2.33
-8.67
-2.33
7.0
11.67
18.33
9.67
4.33
4.33
12.33
13.67
-0.33
8.67
3.33
10.0
11.33
9.0
14.0
3.33
12.67
10.33
7.33
3.67
6.67
10.67
7.33
3.67
10.67
9.33
7.0
10.67
6.67
5.67
10.33
8.0
17.33
15.67
13.33
7.33
5.33
7.67
4.0
5.0
0.67
6.33
4.67
2.67
7.33
8.0
-1.67
8.33
-0.67
7.67
3.0
7.67
12.0
10.33
1.33
5.0
11.0
9.0
4.0
8.67
5.0
15.0
8.0
12.33
9.0
2.67
4.0
6.67
11.33
-1.0
14.67
15.67
4.33
4.67
15.0
15.67
4.33
2.33
1.33
5.0
5.33
18.0
13.67
7.33
4.67
0.67
12.33
15.33
8.0
6.33
7.33
11.0
0.67
12.0
7.33
-0.33
12.67
9.33
8.0
4.67
8.67
7.67
10.67
15.67
8.67
11.67
11.33
10.0
11.0
7.67
7.67
3.33
8.33
3.33
15.33
16.0
-0.33
19.33
9.0
17.33
10.0
5.67
2.0
16.67
21.0
16.67
-1.33
2.67
14.33
18.0
10.0
7.0
9.33
14.33
11.0
2.0
14.33
6.67
9.0
7.67
5.67
5.67
-1.67
8.33
5.33
7.0
2.0
11.33
11.67
-2.67
7.33
14.0
8.67
7.0
10.33
12.67
14.0
19.67
13.0
3.0
10.0
5.67
8.33
8.33
6.0
6.33
9.33
15.33
6.67
8.33
12.67
23.33
10.67
15.0
2.33
15.0
10.67
4.67
2.0
16.0
6.33
12.0
17.0
9.0
6.67
11.0
10.67
4.33
11.33
18.33
3.33
8.33
7.33
1.67
13.33
14.67
3.67
9.0
10.33
10.0
14.33
6.33
11.0
10.0
17.0
4.33
20.67
5.0
14.0
11.33
8.0
2.0
10.33
10.33
23.0
13.0
9.33
9.33
27.0
9.33
15.0
22.67
24.67
20.33
15.0
16.0
22.67
22.33
20.67
21.67
17.67
16.33
17.67
16.67
25.33
9.0
22.33
31.33
13.33
24.0
33.67
32.67
34.0
33.0
33.67
47.67
58.0
46.0
51.33
65.33
81.0
65.33
92.0
79.33
83.33
68.0
91.67
103.67
93.33
97.0
89.67
85.0
87.33
79.67
92.0
68.0
75.33
77.67
40.67
61.0
51.0
56.0
56.0
32.33
38.33
28.33
28.0
17.67
18.67
26.33
25.33
15.67
9.67
23.0
15.33
10.67
16.0
13.33
12.33
18.33
-6.33
5.0
11.67
11.0
11.33
15.0
11.33
5.33
10.33
13.0
11.67
9.67
5.33
7.33
0.0
9.0
11.0
-1.33
18.0
18.67
8.67
6.0
9.67
15.33
14.0
11.33
-5.0
15.0
19.0
-2.67
11.33
7.0
13.0
6.67
2.67
7.0
12.0
8.67
14.33
1.67
23.0
11.67
22.67
6.67
4.33
16.33
13.0
6.33
17.0
4.0
13.0
14.33
15.33
9.0
6.33
12.33
-2.0
8.67
1.33
4.0
17.67
15.0
2.0
12.33
11.67
15.33
9.67
17.33
21.33
18.67
19.33
15.0
14.33
19.67
3.33
19.33
9.33
10.67
3.67
7.67
7.0
2.0
7.67
7.33
13.0
14.67
5.33
5.33
11.67
17.67
18.33
5.67
9.33
11.33
15.67
14.0
13.0
14.33
5.0
7.33
10.0
19.0
16.0
11.67
15.67
20.0
-2.67
5.0
7.67
3.33
1.33
7.33
5.67
18.0
-3.67
-1.0
19.33
10.33
19.67
11.67
15.67
5.67
11.0
8.67
-5.67
-2.33
-4.67
6.0
9.33
20.33
9.0
7.67
11.67
8.33
6.33
18.0
3.0
4.0
9.33
18.33
29.0
2.33
5.67
-5.0
6.33
13.67
14.0
12.67
-0.67
18.67
8.0
5.67
16.0
6.67
23.33
4.33
11.67
15.67
20.67
29.0
13.33
29.67
15.33
22.33
18.67
34.0
43.33
33.33
24.33
19.67
23.33
19.33
36.0
27.33
20.33
34.33
30.33
14.0
42.33
20.67
16.0
42.67
22.33
25.33
6.67
22.67
4.0
20.67
3.0
7.0
16.67
12.67
6.0
9.67
4.0
22.33
3.0
13.67
13.0
0.33
13.67
28.67
15.67
10.67
6.0
10.0
5.0
4.0
-3.33
-0.33
1.33
15.67
5.33
19.0
7.0
6.0
9.0
8.0
10.0
1.33
4.0
0.33
5.67
0.67
14.67
11.33
1.33
15.33
4.0
7.67
-0.33
-11.33
13.33
5.0
-1.0
10.33
13.33
5.0
5.33
9.0
16.33
19.0
4.33
6.33
6.0
17.33
14.67
19.0
5.33
2.0
10.67
11.67
23.33
11.0
4.0
17.67
3.0
17.67
0.33
7.67
6.67
14.0
5.0
6.67
1.0
0.67
5.33
-3.67
3.0
4.0
3.33
5.0
-6.67
0.0
2.0
8.67
5.67
1.33
11.67
14.0
-2.33
7.0
-13.67
2.0
7.0
2.0
9.33
13.0
-9.33
1.0
13.33
12.0
11.0
3.33
11.33
3.67
10.33
-10.33
5.33
1.0
-3.67
4.67
-5.0
12.33
12.67
8.33
-0.33
1.0
1.67
0.33
7.67
10.0
4.67
16.33
1.33
3.33
10.67
-2.0
-1.0
5.33
6.0
-2.33
12.0
3.67
6.0
3.33
-0.67
7.33
4.33
2.67
-2.67
11.33
3.0
14.67
0.0
3.0
6.67
12.0
-6.0
6.67
-1.0
9.67
2.0
-2.67
2.0
-3.0
-1.33
1.0
3.67
5.33
-1.0
7.0
-0.67
-4.0
0.67
-4.0
-2.33
-2.33
0.0
2.0
0.33
11.0
0.33
1.33
0.67
0.33
8.67
8.33
9.33
2.67
6.0
2.67
-2.0
4.33
12.67
4.33
1.33
12.67
1.33
8.0
0.67
11.33
5.0
6.67
-3.67
3.0
15.67
1.67
6.33
5.67
6.67
0.0
7.67
3.67
-2.67
8.33
2.0
9.0
9.0
13.33
2.33
9.67
-0.33
13.67
8.67
1.0
5.67
12.0
5.0
17.67
13.67
7.0
1.67
10.67
19.33
12.0
11.0
10.67
13.0
8.67
-2.33
0.67
5.0
3.33
-7.0
5.33
-2.0
-0.33
3.33
-4.67
-7.33
-2.67
4.33
3.0
4.67
22.67
3.33
3.67
9.33
0.33
5.33
-3.67
3.67
9.67
-3.67
8.33
1.33
5.33
-1.33
-1.0
-0.67
1.0
4.33
5.67
8.67
6.33
3.67
2.0
-5.0
7.33
10.33
6.0
4.33
-9.0
6.67
6.0
11.33
-1.0
-0.33
-2.67
-2.67
2.67
7.67
9.0
3.0
8.67
7.0
4.0
-4.0
-2.0
-1.33
5.67
1.33
3.0
5.33
6.33
1.0
0.33
3.33
8.33
-1.0
2.33
6.0
7.67
3.0
8.33
-1.67
-2.0
2.0
0.33
8.0
7.33
3.0
-0.67
2.67
6.33
7.67
3.0
4.33
-3.67
2.67
1.67
-0.67
0.67
6.0
4.33
7.33
8.33
8.67
-2.0
1.67
4.0
-3.33
-4.67
2.0
-0.67
8.33
4.33
9.33
6.67
-2.67
3.33
-1.0
1.0
-2.0
7.67
7.67
-1.67
0.67
-0.33
3.67
3.67
-1.0
-2.33
1.67
12.33
1.0
7.67
-1.67
6.0
6.0
0.0
0.0
0.67
11.0
-1.33
3.0
6.67
6.33
1.33
0.67
6.33
8.33
1.33
7.0
4.33
2.67
-2.33
-0.33
-3.0
6.0
-8.0
0.33
2.0
2.0
8.0
5.0
1.33
-0.67
-2.0
-2.67
7.33
0.67
7.0
3.67
-0.67
6.0
4.0
-0.67
1.67
1.67
7.0
2.0
-4.67
2.0
-2.0
4.0
1.33
3.0
8.33
3.0
-1.67
-4.33
-1.0
1.67
-2.67
1.67
0.0
10.33
-3.0
-0.33
5.67
4.67
8.0
-1.0
0.33
3.33
2.0
3.0
-3.67
3.0
9.33
3.67
2.67
8.33
-2.33
1.33
0.67
-4.0
-0.33
3.0
0.33
-7.0
6.67
-2.0
1.67
5.67
5.0
0.67
1.33
13.33
-2.67
3.0
-8.33
0.0
-4.0
0.33
10.33
6.33
2.0
-3.0
-5.67
4.33
1.0
-1.0
0.0
8.0
-3.33
8.0
1.0
6.0
0.0
-0.33
-3.33
0.33
-2.33
-2.0
6.67
2.67
2.0
1.0
-2.67
4.67
5.0
6.67
4.67
-1.33
3.67
0.33
3.0
-1.33
0.33
2.67
4.33
19.67
0.33
-0.67
4.33
0.33
-3.0
4.0
-3.0
-0.67
0.67
3.33
0.0
-3.33
1.33
7.67
0.67
