0.0
-41.67
-63.33
74.0
6.33
-40.67
-49.33
6.0
42.67
21.33
5.0
30.0
-7.67
-14.0
-52.33
-29.33
7.67
10.33
-8.67
25.0
-32.33
-25.67
21.33
10.0
24.33
-4.33
-2.0
4.0
-7.67
1.0
-2.33
5.0
-1.67
1.33
-6.67
-3.67
1.33
0.33
1.67
-0.33
-0.67
-0.67
-0.33
0.67
0.0
0.0
1.0
-1.0
0.67
-0.33
-0.33
1.0
-0.67
1.33
-0.33
0.0
0.0
1.0
0.0
-0.33
0.0
0.0
-0.67
-0.33
0.0
-0.67
0.0
-0.33
1.0
2.0
0.0
-0.67
-0.67
-0.33
0.0
0.67
0.0
1.0
0.67
0.67
1.33
-0.33
1.0
-0.33
1.0
1.67
0.0
-1.0
-0.33
0.33
-1.0
0.67
-0.33
0.0
1.0
1.0
-1.67
0.33
2.0
0.0
2.0
-0.33
-1.33
-1.0
-1.33
3.0
-2.0
-1.33
-0.67
0.0
1.0
-0.67
-1.0
0.0
-1.67
1.0
1.67
-2.33
0.0
-0.67
-3.67
1.67
3.0
-2.0
4.0
1.0
2.33
3.33
2.0
1.33
5.33
-1.0
-0.33
4.0
0.0
-1.33
0.33
-0.33
4.33
-3.0
6.0
-0.67
4.33
-0.33
-1.33
3.33
0.0
5.67
2.0
0.0
1.0
8.0
5.0
7.67
-1.0
5.33
2.33
1.0
3.33
7.67
6.67
2.67
0.0
2.0
7.67
-2.33
3.33
4.67
-1.0
0.67
0.67
-4.0
3.67
4.0
4.33
-0.67
5.33
0.0
10.0
2.33
1.0
-6.33
5.33
8.67
7.33
3.0
8.0
2.67
4.33
0.33
2.67
3.33
7.67
3.33
4.67
4.0
5.0
6.0
4.67
12.0
-4.33
7.0
-5.33
6.33
-0.67
3.0
2.33
10.67
2.67
2.33
-1.0
5.67
5.0
-0.67
-1.33
-0.67
5.0
2.0
2.0
2.67
1.33
-1.67
1.0
11.33
-0.33
-4.0
9.33
2.33
8.67
0.67
3.0
9.0
0.0
0.0
1.67
-1.0
5.33
2.0
4.0
-2.67
0.67
6.0
3.0
12.33
-3.33
2.33
2.0
7.67
0.33
-1.0
1.33
8.33
3.33
-2.33
8.67
6.0
0.33
9.67
-4.67
2.33
6.67
-0.67
7.33
-1.0
1.33
-5.67
5.67
4.0
1.33
6.33
8.0
2.0
7.0
1.33
14.67
2.0
4.0
1.67
0.0
-2.67
6.0
0.67
-3.67
0.67
-0.33
2.33
3.0
-0.67
3.33
-5.33
1.33
0.67
4.67
0.33
0.33
6.33
-1.33
5.0
0.33
3.67
2.0
-1.33
0.67
9.33
5.0
3.0
-6.33
9.0
0.33
7.33
3.0
1.33
10.0
6.67
4.33
-1.33
1.0
5.0
-1.33
4.33
8.33
4.0
7.0
0.0
1.0
0.0
-4.67
2.67
1.33
8.0
6.0
-0.67
2.33
0.33
-3.67
1.0
-2.67
7.33
6.33
2.33
2.0
2.67
-4.0
5.0
4.33
3.67
4.67
2.67
4.0
6.0
1.0
5.0
9.0
-0.67
4.0
0.67
2.67
10.33
2.0
2.0
9.67
1.33
-1.0
-3.33
2.0
-1.0
9.0
3.33
5.67
8.33
7.67
8.67
2.67
1.67
1.67
-0.33
3.0
3.67
-2.0
2.67
2.0
2.0
4.0
6.67
0.0
6.67
0.33
5.67
7.0
-3.0
0.67
2.0
-0.67
-2.33
4.0
0.33
1.33
3.0
2.0
-2.0
-2.33
2.67
5.33
3.67
-0.33
1.0
-1.33
-2.33
7.67
2.67
4.0
-1.67
3.0
-2.67
5.67
2.33
3.33
1.0
1.0
0.67
-3.0
-1.33
2.0
4.33
6.67
1.33
1.0
-1.67
6.67
-0.33
0.0
0.33
3.33
2.67
2.67
0.0
3.0
-0.67
2.0
2.67
5.67
-5.0
3.0
1.33
1.0
0.67
4.67
3.0
3.67
-0.67
2.67
-3.0
2.0
4.67
0.33
2.67
4.33
5.33
2.0
3.33
1.0
1.67
1.33
2.0
0.67
4.67
3.0
-1.33
2.67
1.0
-2.33
2.33
-4.0
4.67
1.33
-1.0
3.67
1.67
1.67
0.0
5.33
1.0
3.33
3.33
3.33
1.67
-3.0
-1.0
-0.67
4.33
3.0
3.0
-2.0
-1.67
5.67
7.33
1.33
2.33
1.0
2.67
7.67
0.33
1.0
0.67
-2.0
10.33
5.33
2.0
3.0
-3.0
2.0
4.33
-2.33
-0.33
2.33
-1.33
5.67
5.0
6.33
4.0
-0.33
-1.67
-1.33
-3.33
1.33
1.0
-0.67
1.0
5.33
-5.0
0.33
-0.33
0.33
1.33
-1.0
-0.33
7.0
6.67
-1.0
4.67
-0.33
5.0
-1.0
1.33
-0.33
2.67
1.67
0.33
1.33
1.33
0.0
5.0
-1.0
1.0
0.0
-2.67
-1.0
1.67
4.33
0.67
-2.0
2.33
3.33
1.0
-1.33
-2.67
2.67
2.0
2.67
-3.33
7.33
-0.67
4.0
3.0
6.0
-3.67
-0.67
-2.33
1.67
-1.67
1.67
-2.67
-1.33
-0.33
-0.67
-3.67
-1.0
3.0
7.0
-2.67
1.67
2.0
-2.0
-3.0
-1.33
1.67
3.0
2.67
0.67
3.33
1.67
-1.67
-0.33
-2.33
3.33
3.0
0.0
0.67
4.67
-0.33
0.67
0.33
1.67
0.67
5.0
0.33
-0.67
-3.33
4.67
0.67
-0.67
4.67
0.0
5.0
3.33
-1.0
1.33
3.0
5.33
0.33
-3.67
0.0
0.67
-0.33
4.33
3.67
1.0
-0.33
0.0
3.0
1.33
1.67
0.33
0.67
-5.0
1.33
1.33
0.0
3.0
1.0
-1.0
0.67
2.67
0.67
-2.67
5.67
3.33
1.33
-2.0
0.67
0.67
-3.33
-4.33
1.0
0.67
-6.0
2.0
-1.33
4.67
3.33
1.0
-0.33
-2.0
3.67
-0.33
-0.33
5.0
3.33
-2.67
1.0
0.33
-2.0
-5.0
-1.67
2.0
0.33
-0.33
2.0
5.33
-2.0
0.0
0.67
2.33
2.67
1.33
0.33
0.0
3.0
-3.33
3.67
3.33
0.33
3.0
1.33
1.0
1.33
-0.33
0.67
-0.67
-0.33
0.67
1.67
5.0
1.67
6.0
-2.33
-2.33
1.0
3.33
0.0
5.67
-2.33
3.33
1.0
2.67
2.67
6.33
-5.0
4.67
-6.0
-1.0
1.0
0.0
-2.67
2.33
1.33
-1.33
3.33
4.33
-4.0
-5.33
3.0
8.67
-2.67
-0.67
-1.67
-2.0
-2.0
-5.0
-1.33
1.67
-5.33
3.0
-3.67
0.67
1.0
3.33
3.33
1.67
0.67
2.67
-7.0
10.33
0.67
-0.33
-2.33
-1.33
4.33
4.67
-3.33
-1.67
0.33
1.67
-0.33
2.33
2.0
-0.67
-1.0
2.33
0.67
-2.67
5.0
1.33
5.67
1.67
3.0
4.33
-0.67
1.33
4.33
-3.67
3.33
13.67
-0.67
-0.33
4.67
1.33
7.0
7.67
11.0
16.33
5.33
13.33
21.67
16.0
20.33
12.0
18.0
19.67
19.33
13.33
29.0
28.67
23.33
30.33
32.33
36.0
23.67
16.67
24.33
17.33
10.33
15.33
14.33
26.33
13.67
9.33
6.33
7.33
6.67
10.0
6.67
4.67
9.67
4.33
11.0
5.67
10.0
4.33
-0.33
6.0
-2.0
3.33
2.0
2.67
3.33
1.33
0.33
3.33
4.67
0.33
9.0
7.67
8.33
1.0
6.67
4.0
4.67
2.67
4.0
3.33
8.0
-0.33
5.33
15.67
2.33
2.0
1.67
1.67
-6.67
1.33
0.0
0.67
-6.33
2.67
5.33
0.0
6.0
6.33
0.67
4.33
3.33
-0.33
1.0
5.0
0.33
1.33
-0.67
1.67
-1.0
9.67
4.33
1.0
2.67
8.0
-1.0
3.33
3.33
5.0
-0.33
6.0
5.33
14.67
4.67
-2.33
-3.0
3.33
4.0
3.0
5.67
12.0
0.67
9.0
0.33
11.0
-2.0
-7.0
-1.67
3.67
0.33
9.67
-3.67
4.67
7.33
3.0
1.0
3.0
-0.33
3.33
13.67
0.67
12.67
-5.67
8.0
4.33
6.0
7.0
8.67
5.33
3.0
4.67
8.67
5.33
-0.67
1.33
3.0
3.0
-0.67
4.67
-2.33
5.0
-0.33
6.67
7.33
2.0
0.0
3.0
5.0
-0.33
5.33
9.33
0.67
4.0
4.33
2.67
-1.33
4.67
4.33
1.67
5.67
2.33
-1.67
1.33
3.67
9.0
4.67
6.0
2.0
5.0
3.0
1.67
4.0
6.0
1.67
7.67
7.0
16.67
-1.67
0.33
1.0
0.0
1.67
1.0
8.67
1.33
5.67
8.0
6.0
8.33
3.0
5.0
0.33
4.0
1.0
3.0
7.0
3.0
7.0
8.67
3.33
8.33
4.0
9.33
4.33
0.0
3.0
1.67
-1.33
10.33
16.0
7.67
3.67
11.0
14.0
16.33
18.33
13.33
9.33
8.33
11.0
14.0
13.0
22.33
27.33
29.0
20.33
21.67
11.33
18.0
20.0
15.0
15.67
14.33
15.33
24.33
23.0
7.0
10.67
6.67
2.0
12.33
4.33
21.67
7.67
3.67
-5.67
8.33
6.67
3.0
7.67
12.33
1.67
7.33
7.33
2.33
-0.33
-1.33
1.67
18.33
5.0
19.33
2.0
3.0
9.33
15.67
3.33
4.33
2.67
-1.33
-0.33
5.33
10.67
-2.33
4.33
9.0
11.67
5.67
12.67
8.33
8.0
13.33
16.67
10.33
5.33
12.33
-1.33
2.0
15.0
4.67
14.33
5.67
8.67
8.33
5.0
0.33
10.33
11.33
9.67
3.0
9.67
4.0
-1.67
-0.67
10.0
6.0
11.0
9.0
11.67
2.0
6.0
2.0
5.33
9.0
9.67
9.0
12.67
11.33
6.0
9.67
15.67
7.33
7.67
6.0
11.67
8.33
3.33
6.33
19.0
7.33
9.0
7.67
2.33
2.67
5.67
17.33
6.33
7.0
1.33
9.33
18.0
-5.33
0.0
13.33
4.67
9.67
1.33
8.0
-0.33
8.67
9.67
11.67
3.67
16.67
9.67
4.33
7.0
3.0
12.67
14.67
2.33
-1.67
-0.67
7.33
22.0
1.67
13.33
5.0
12.33
8.0
9.67
12.0
3.67
0.0
4.67
15.67
11.67
14.33
11.0
5.0
9.0
2.33
-0.67
10.0
12.0
10.33
10.67
7.0
15.67
6.67
-3.33
6.33
4.33
11.33
3.0
11.0
9.33
17.67
0.33
3.33
10.0
12.67
13.0
8.33
14.67
11.0
8.67
13.0
3.0
9.0
6.67
13.33
7.33
10.0
8.33
10.33
4.33
10.67
6.33
12.67
13.33
13.67
12.0
2.33
0.0
6.67
6.67
14.0
8.0
8.33
10.0
5.0
10.0
6.67
21.0
17.67
8.33
10.33
6.33
22.33
6.33
6.33
5.67
4.33
1.67
7.67
9.0
5.33
11.0
5.33
7.33
19.0
10.0
17.0
9.33
14.67
9.0
17.0
13.33
11.0
17.0
10.33
18.33
20.0
11.0
12.33
13.33
20.0
10.33
13.0
17.67
9.67
13.33
8.0
14.0
19.67
22.33
21.67
15.67
9.67
17.33
6.67
21.67
25.33
28.0
32.33
22.33
26.33
36.0
31.67
20.67
47.0
49.0
36.67
55.67
44.0
70.0
67.33
74.33
72.0
75.33
61.0
84.33
93.33
94.0
91.67
103.67
93.33
76.0
105.67
89.0
95.33
91.67
69.0
83.0
78.33
93.67
54.67
80.0
52.0
51.0
58.0
40.33
43.33
24.33
16.0
21.67
32.67
16.33
32.33
21.67
4.67
4.0
6.33
14.67
17.0
24.33
14.33
8.33
5.67
13.0
-1.33
27.0
9.33
10.0
2.33
10.33
6.33
7.0
11.67
15.67
12.33
6.33
7.0
11.0
19.0
9.67
12.0
10.67
24.67
2.0
2.67
11.33
12.0
10.33
6.0
18.0
13.0
2.33
6.33
8.0
11.0
15.67
3.67
15.0
15.0
5.67
13.33
6.67
25.0
13.67
8.67
16.67
8.33
13.33
12.0
-1.67
12.0
2.0
4.0
13.33
9.33
5.0
1.33
12.33
-2.0
11.67
-0.67
10.0
19.67
11.0
9.0
8.33
18.67
23.33
10.67
7.33
9.33
7.67
19.33
2.0
11.33
18.67
21.33
11.33
1.33
12.67
10.67
8.67
7.0
-2.0
6.67
15.33
3.0
6.67
-1.67
1.33
14.67
19.67
6.33
1.67
13.33
18.33
1.67
9.0
-4.0
14.33
16.0
3.33
17.0
10.0
15.0
8.67
15.67
10.0
8.33
10.0
4.67
10.33
7.33
7.33
10.67
9.0
9.33
-5.0
7.33
8.33
8.67
11.67
8.67
0.67
12.0
3.67
1.33
-10.33
10.33
-3.0
10.33
10.33
13.0
-4.33
4.67
12.33
6.33
3.0
4.0
0.0
10.33
17.33
16.0
1.33
6.67
0.0
6.33
9.67
19.0
12.67
18.33
14.67
4.0
8.67
2.0
21.67
4.33
13.33
15.67
8.67
20.67
34.0
12.33
27.67
19.33
20.33
18.67
46.0
20.33
21.33
40.33
21.67
31.33
31.33
28.0
37.33
12.33
28.33
36.33
34.0
25.33
18.67
24.0
39.67
37.33
11.33
15.67
21.67
23.0
17.67
10.0
8.0
13.67
2.67
15.0
-2.33
19.0
18.33
20.0
27.67
3.0
12.33
12.67
19.67
3.67
15.67
18.0
6.0
-3.0
4.0
6.67
13.67
0.33
-0.33
5.33
20.0
10.0
7.0
13.0
3.0
20.0
7.33
-4.0
0.33
12.67
-1.33
0.67
12.33
2.33
5.33
6.0
18.67
13.67
3.67
6.33
17.0
10.0
12.33
14.33
-1.0
10.33
9.0
7.33
1.0
17.33
9.33
-2.0
8.33
21.67
10.0
12.33
12.0
9.67
15.67
11.33
5.0
10.0
10.67
5.0
10.67
2.33
12.67
5.67
10.0
4.0
-4.33
-8.0
5.67
3.33
13.33
7.0
5.0
18.33
14.0
5.33
1.0
-1.0
5.67
11.67
5.33
1.67
6.0
-6.33
4.0
8.33
1.0
4.0
22.0
2.33
5.0
2.67
2.0
6.33
20.0
-1.0
-11.67
9.33
-3.33
13.33
2.67
17.33
-4.0
5.33
5.67
-2.0
8.33
10.67
3.33
10.67
1.0
16.67
3.33
10.67
8.0
-6.33
23.33
0.33
15.33
6.67
-2.0
1.0
8.33
15.0
4.67
9.0
-4.33
3.0
8.33
5.33
-3.67
0.33
-9.33
4.33
7.33
5.0
8.67
2.0
4.0
5.67
10.0
5.0
4.67
-9.0
14.67
13.0
-1.67
2.0
-5.0
4.67
7.0
4.67
4.33
1.0
6.0
9.33
4.0
-2.33
1.0
-0.33
-1.33
7.0
3.0
-1.67
-1.0
3.33
3.33
3.67
1.33
16.67
8.33
6.33
2.67
2.0
-1.33
3.0
4.33
14.67
-1.67
11.33
7.67
4.33
-2.0
0.67
6.33
1.0
9.67
-2.67
13.0
4.67
9.67
-6.67
1.67
-1.33
-5.0
7.67
0.67
11.33
17.33
14.0
11.0
5.0
16.33
5.33
10.67
11.67
-1.33
2.67
12.0
4.67
2.0
14.0
7.67
8.67
15.0
2.67
12.67
3.33
9.0
4.0
2.67
11.0
0.67
9.67
4.67
6.0
5.33
2.0
5.33
-1.0
-2.33
3.33
1.33
-2.33
10.33
6.33
6.0
6.67
13.67
9.33
15.67
4.33
-2.67
9.33
2.33
6.67
2.67
-4.67
-0.67
8.33
-0.67
4.67
6.0
-1.67
3.0
1.33
5.67
-0.33
0.33
9.67
6.0
-5.0
10.33
10.33
1.0
4.33
-6.0
13.67
0.0
13.33
-4.0
7.67
5.33
-1.67
1.67
1.67
-2.0
6.0
0.67
2.0
7.0
0.0
5.0
2.67
9.67
7.33
-2.0
4.33
9.33
0.0
5.33
6.33
1.33
-2.0
6.33
7.0
4.67
-3.0
-0.67
9.33
4.0
-2.0
-2.67
1.0
7.33
-2.0
0.33
2.67
3.33
-1.33
-4.0
11.33
-0.67
0.67
-3.33
-1.67
0.67
5.0
7.33
5.33
0.33
0.67
-1.0
11.67
5.0
3.67
4.33
-8.0
5.33
6.33
1.33
0.33
1.67
-0.67
5.33
-3.0
8.0
8.0
-0.33
5.67
2.33
3.67
3.67
4.67
9.67
-2.0
4.67
-0.33
10.33
0.0
6.67
6.33
4.0
6.0
-1.0
-2.0
3.67
7.0
-3.33
7.0
10.67
1.33
4.33
7.67
2.33
3.33
6.33
-2.0
0.33
2.67
5.67
-2.33
7.0
13.0
4.0
9.33
5.0
5.0
-3.0
7.0
7.33
-3.67
12.0
4.33
-0.67
-3.33
-4.0
6.67
-0.67
6.0
0.0
1.33
-2.33
-0.33
0.0
8.0
-2.67
8.0
1.0
-2.0
0.33
-1.0
1.33
3.0
4.33
0.67
-2.0
7.67
3.33
4.67
2.0
2.33
-2.0
-0.33
-0.33
3.67
0.0
4.0
5.33
-4.67
3.0
2.0
1.33
4.0
8.33
-5.33
6.67
1.33
0.67
3.33
3.67
-5.0
-1.33
-1.0
1.33
3.0
1.67
-1.0
-1.33
4.67
5.0
3.67
-4.67
3.33
-1.67
-2.0
-8.33
5.0
-7.0
3.33
2.33
-0.67
0.0
-4.0
-6.67
5.33
-3.0
-3.0
3.0
0.0
3.67
8.0
5.0
1.0
3.0
-6.33
-0.33
-2.67
0.67
-1.0
-1.33
0.67
5.0
6.0
-3.67
-4.33
-1.0
-2.33
2.67
-1.33
2.67
6.33
-2.0
0.67
-0.67
-2.33
4.33
3.67
-1.67
4.33
5.33
2.33
6.0
-5.0
2.0
-1.67
5.67
-3.67
-1.0
-1.33
2.33
0.67
-1.33
