0.0
45.33
36.67
10.0
51.33
-26.67
6.67
19.0
-42.33
-26.67
36.0
-49.0
15.33
37.0
-24.33
-48.33
-6.33
14.33
-7.67
30.0
23.67
-46.67
-25.67
-21.0
4.33
9.67
5.0
-2.0
5.33
4.0
4.67
3.0
-0.67
-2.67
-2.67
-0.67
1.33
-1.67
-0.33
1.67
0.33
-0.67
-0.33
0.67
0.0
-1.0
1.0
0.0
-0.33
0.67
-0.33
0.0
-0.67
-0.67
-0.33
0.0
0.0
0.0
1.0
-0.33
0.0
0.0
0.33
-0.33
0.0
0.33
0.0
-0.33
0.0
0.0
0.0
-0.67
0.33
-0.33
1.0
0.67
-1.0
0.0
-0.33
-0.33
-0.67
-0.33
0.0
-0.33
0.0
1.67
1.0
1.0
1.67
0.33
1.0
0.67
-1.33
-1.0
0.0
2.0
-1.67
1.33
-1.0
0.0
0.0
-0.33
0.67
-1.0
2.67
-1.0
1.0
0.67
2.33
-1.0
1.0
-1.67
2.0
2.0
-1.67
1.0
0.67
0.67
-2.0
-1.67
-2.67
0.67
2.0
1.0
2.0
0.0
1.33
3.33
4.0
-3.67
5.33
4.0
-5.33
3.0
0.0
5.67
1.33
-0.33
6.33
0.0
1.0
4.33
1.33
1.67
0.67
7.33
-1.0
4.67
0.0
2.0
-5.0
3.0
-1.0
3.67
7.0
5.33
-1.67
0.0
4.33
2.67
3.67
1.67
0.0
5.0
6.67
14.67
-1.67
-0.33
1.0
-0.33
-0.33
-3.0
-1.33
4.0
1.33
-1.67
-3.67
-1.0
6.0
-0.67
2.0
4.67
2.33
1.67
5.33
4.0
2.0
5.67
-0.67
5.33
-0.33
2.33
16.67
1.33
-0.33
0.0
3.0
6.0
4.67
-1.0
2.67
2.0
0.67
0.33
2.33
0.0
2.33
-2.33
0.67
1.33
-1.0
6.67
5.0
11.33
-2.33
5.33
9.0
8.0
18.0
5.67
8.33
-1.67
4.0
5.33
5.67
-1.0
7.33
6.33
2.67
1.67
-1.0
0.0
11.0
2.0
3.67
1.0
3.33
9.0
1.0
0.33
-1.33
1.0
-1.0
-1.67
10.67
-0.67
1.0
-1.33
3.33
-7.0
-2.67
5.33
2.33
2.67
7.67
5.0
4.33
2.67
1.33
5.33
-0.33
1.33
5.33
1.0
-0.67
3.33
1.67
3.0
3.33
-2.67
5.0
3.0
5.0
7.33
2.67
2.0
-7.0
8.67
7.0
-2.67
-1.0
4.67
1.33
1.67
-5.33
8.33
-2.0
-1.67
1.33
4.67
2.33
-0.33
3.67
8.33
0.33
7.33
-1.33
0.0
2.33
8.67
6.0
3.67
2.67
7.33
6.0
7.0
-1.33
11.0
1.33
8.33
4.0
5.33
7.0
3.67
3.33
7.67
4.0
3.0
-3.33
4.33
2.33
-3.0
9.0
6.0
2.0
-3.0
4.33
6.67
5.33
0.0
1.0
0.33
2.33
-0.67
-2.67
2.0
-2.67
1.33
2.33
5.33
5.0
4.67
-4.0
0.0
3.33
8.67
6.67
-2.33
4.0
6.0
4.0
-1.0
7.0
4.33
5.0
4.67
1.67
-1.67
4.0
2.0
4.67
1.33
1.0
-1.33
4.0
0.0
12.0
7.33
-0.33
4.33
5.67
-0.33
3.67
-3.33
1.67
0.67
2.0
1.67
5.0
3.67
1.0
0.0
4.0
-4.33
1.0
1.67
2.33
3.67
1.0
5.0
0.67
0.0
3.33
2.67
4.0
1.33
1.33
1.0
3.0
-4.0
2.67
3.67
-0.67
-0.33
9.67
6.0
0.67
3.67
-1.33
1.67
5.0
12.33
1.0
-0.67
-2.33
5.33
1.33
6.0
1.0
5.67
-3.0
-1.33
6.0
3.33
8.67
3.33
1.0
1.33
3.67
-1.33
3.0
6.33
2.33
1.67
-0.33
0.0
4.0
1.33
-2.0
1.67
-2.33
-3.0
2.0
-1.67
-2.0
-1.33
-1.33
1.0
5.67
-0.67
-1.33
6.0
5.0
5.67
3.33
3.67
1.33
-0.67
3.0
2.33
2.0
0.67
-0.67
-4.0
1.67
3.67
0.0
0.67
2.67
0.0
3.67
0.33
5.0
-0.33
-1.67
4.0
-0.33
10.67
-3.33
-2.0
-2.67
5.0
3.33
0.33
-1.67
6.67
10.0
1.0
6.33
1.33
3.0
0.0
-2.0
1.33
2.67
-0.67
0.33
2.33
2.0
-0.33
-1.33
-3.67
0.0
2.67
-3.0
-0.67
4.33
4.0
0.0
2.0
1.0
3.33
1.67
3.67
2.33
2.67
2.67
2.0
3.33
2.0
-0.33
8.33
4.67
1.67
3.33
1.0
0.33
0.0
2.33
8.0
-0.67
-0.33
-4.67
1.33
1.0
4.67
4.0
0.67
2.0
-0.33
-2.33
6.0
-5.0
1.33
1.67
5.67
4.67
0.33
2.33
4.33
6.0
0.0
2.0
0.0
5.0
1.33
0.0
-2.33
0.33
-1.33
6.0
-0.67
0.33
2.0
-3.33
-5.67
3.67
-2.0
-0.33
2.67
-0.67
-1.67
0.0
-1.0
0.0
1.33
2.33
6.67
-2.33
-3.67
2.67
-0.67
-1.33
1.67
0.33
-1.67
4.0
2.0
4.0
0.33
5.67
2.0
1.0
3.0
1.67
2.67
3.0
0.67
-0.33
0.33
3.67
4.33
-1.33
5.67
-2.67
4.0
-1.0
-1.33
-0.33
-0.33
3.67
2.33
1.67
1.67
2.0
-2.67
4.33
-0.33
1.67
1.67
1.33
0.67
-1.0
6.0
-1.67
-3.0
0.33
5.0
-1.67
0.33
-2.67
5.0
3.67
1.67
3.33
-2.33
3.0
-0.33
-1.0
-1.0
2.33
0.67
-0.67
-2.33
2.0
1.33
2.33
-1.0
1.0
2.0
2.0
3.67
-2.33
-3.33
4.33
5.67
-4.67
-0.67
4.0
-3.33
4.67
-1.33
1.67
-1.0
-0.33
-5.0
-1.0
1.67
8.67
-0.67
1.0
1.67
1.0
2.67
1.67
1.67
5.0
2.33
1.33
1.0
1.33
7.0
-1.0
-1.67
-1.0
0.33
4.67
0.0
0.33
-4.0
7.0
-2.33
-2.67
4.67
-4.67
2.33
-2.0
2.0
-1.33
-2.33
7.33
3.33
-3.0
2.33
-4.0
-0.67
2.67
2.67
6.33
-7.33
6.67
2.67
6.0
2.67
2.0
0.67
-2.33
-1.0
3.33
-5.0
4.67
5.67
1.33
-6.0
1.67
0.67
0.33
1.0
0.67
0.0
-6.0
3.0
-3.0
0.33
-0.67
4.33
2.67
1.33
0.33
0.0
-4.33
3.0
1.67
-2.67
2.33
-2.67
1.0
-4.0
7.0
-1.33
-7.33
2.67
-4.0
2.33
-3.33
2.0
6.33
5.33
-2.33
3.67
2.67
-6.0
0.33
2.67
4.67
-2.33
-0.33
1.33
-1.33
-1.33
-1.67
-1.67
0.67
4.67
1.33
0.0
0.33
0.0
9.33
1.67
-2.67
4.0
6.33
3.67
-0.33
12.0
4.33
-0.67
3.33
1.33
1.33
2.33
-0.33
3.33
0.67
4.67
2.33
2.0
6.67
11.0
13.33
9.33
19.33
18.67
18.0
13.33
23.0
18.0
17.67
27.33
15.33
27.0
28.67
32.33
14.33
13.33
26.0
15.67
28.67
14.33
17.33
10.33
3.33
9.33
16.33
10.67
10.33
12.33
6.33
4.67
3.0
10.67
6.67
4.67
5.33
3.0
-0.33
1.0
6.33
3.67
7.0
-6.0
3.33
-4.0
1.67
4.33
5.33
-3.67
12.33
8.67
-2.67
-3.0
6.67
14.33
5.0
9.67
-3.0
8.67
10.67
1.0
4.33
8.0
6.67
1.33
2.67
4.33
9.0
0.67
2.67
0.33
4.33
4.0
2.67
3.67
4.67
6.33
4.0
3.0
0.33
2.67
2.33
2.33
2.67
-2.0
3.0
1.33
-0.67
-0.67
2.67
2.0
9.67
4.33
11.0
-0.33
-5.0
3.0
10.33
0.33
5.0
7.67
3.0
0.33
0.67
11.67
6.67
-4.0
-0.67
8.0
6.0
1.67
10.0
5.67
-1.0
6.33
5.0
1.0
1.0
2.33
3.67
2.33
4.67
5.33
2.67
-4.67
-7.0
8.0
6.0
2.67
6.33
6.67
6.67
4.67
0.33
5.0
2.33
9.0
2.0
10.67
9.33
1.0
5.67
3.67
7.33
4.33
3.33
4.0
4.0
7.33
12.67
0.67
9.0
5.67
4.67
1.33
6.0
4.0
13.0
0.0
-4.33
-1.67
6.33
3.67
0.0
3.33
10.67
-0.33
5.67
-4.67
10.67
8.67
7.33
-0.67
-0.67
-2.33
5.0
-4.33
13.0
4.0
6.0
-1.0
0.67
3.0
16.0
5.67
6.67
3.0
2.67
2.33
2.33
12.0
5.0
-7.33
5.0
10.67
7.33
4.67
5.0
11.0
4.33
10.0
4.0
3.33
1.0
0.0
4.0
6.0
0.0
15.0
0.67
0.33
4.33
10.0
0.33
2.33
1.0
1.0
9.67
4.67
8.33
4.0
8.67
-2.33
3.0
9.0
11.33
17.33
15.33
17.33
10.33
19.0
10.0
16.0
16.33
19.33
19.0
18.33
15.67
15.33
23.0
19.0
20.0
17.67
5.33
24.33
18.33
28.0
12.0
13.67
21.67
14.0
18.33
16.33
9.67
12.67
15.67
-0.67
1.33
1.67
11.0
10.67
6.33
-0.33
7.33
4.33
10.33
9.67
3.67
14.67
2.33
6.0
2.33
4.0
18.0
7.33
5.67
11.33
3.33
9.67
3.67
0.67
10.33
-7.33
8.67
-1.67
5.0
10.67
15.67
9.67
8.33
11.0
3.33
7.67
8.33
-2.67
10.33
10.67
-2.0
13.0
8.67
15.33
1.67
7.67
7.33
2.0
10.33
6.33
7.33
9.67
7.0
6.67
8.0
1.33
2.33
14.0
9.0
10.0
9.0
17.67
21.0
7.0
10.0
5.33
10.0
2.67
7.0
1.67
14.33
10.0
13.67
12.67
6.33
5.67
4.0
6.67
10.33
8.33
6.33
6.0
10.33
9.0
5.67
14.33
12.67
9.67
13.33
1.33
5.0
14.33
10.33
15.0
-5.33
5.0
7.33
11.67
19.67
8.33
10.0
3.67
6.67
7.67
10.67
6.67
-0.33
6.67
5.33
4.0
2.0
4.67
5.67
4.33
7.33
4.33
3.33
9.0
10.67
-1.67
15.0
18.33
3.0
7.67
0.0
17.67
7.0
23.67
-0.33
-5.33
4.33
15.0
11.0
8.0
13.33
4.33
9.0
14.0
14.33
4.67
5.0
1.67
-0.33
2.67
6.33
-3.67
7.33
5.0
16.0
10.33
6.67
12.33
10.33
12.0
9.67
14.0
13.33
9.67
7.0
12.67
15.0
5.0
9.0
6.67
9.33
11.33
10.0
6.33
9.33
3.33
11.67
5.33
12.67
14.33
7.67
16.0
11.33
14.0
15.67
11.67
1.0
15.0
5.33
13.0
13.0
13.0
12.67
10.0
9.67
13.33
7.33
16.33
7.33
2.33
13.33
14.67
7.33
1.67
6.67
0.0
1.33
2.0
8.33
19.33
17.0
7.0
19.0
12.33
8.67
7.0
17.0
16.33
15.0
7.0
10.33
23.33
21.0
27.0
6.33
9.33
18.0
23.33
15.0
15.67
21.67
20.33
16.0
12.0
21.67
18.33
18.67
37.67
15.67
10.33
16.67
34.67
15.33
31.0
35.33
19.33
19.33
21.0
23.67
44.67
40.0
37.0
41.67
28.67
47.0
73.0
59.33
65.33
77.0
54.33
94.0
89.33
108.33
89.0
104.67
100.67
104.33
90.0
108.67
108.0
90.33
106.67
97.0
95.0
74.33
90.67
51.67
61.0
61.0
56.0
50.0
16.33
26.33
34.33
33.0
9.67
14.67
7.33
16.33
12.67
5.67
17.0
13.33
14.67
19.0
14.33
16.33
3.33
11.67
5.0
2.67
8.0
10.33
14.0
12.33
8.33
6.33
4.0
15.67
7.67
1.33
7.33
5.0
28.0
10.0
11.67
12.0
12.67
13.67
9.0
8.67
18.33
22.0
16.33
10.0
24.0
11.0
6.33
4.33
10.0
15.0
7.67
5.67
12.0
2.0
13.67
10.33
7.67
23.0
21.67
6.67
3.67
3.33
10.33
14.0
4.33
15.0
11.0
0.0
10.33
17.33
16.0
11.33
-0.67
6.0
5.67
4.33
10.0
8.67
14.0
15.0
14.33
7.67
10.33
2.67
9.33
7.33
10.67
9.33
15.0
2.33
12.67
0.33
7.33
0.33
5.67
21.67
11.67
1.0
29.0
0.67
16.33
8.0
4.67
0.33
9.33
3.67
12.67
10.33
6.67
9.33
4.33
17.67
8.0
23.0
7.33
1.0
4.33
7.0
7.0
-4.0
-0.33
10.67
8.0
4.33
12.0
11.67
12.33
12.33
10.33
10.67
6.0
14.33
2.0
9.33
6.33
14.67
12.67
11.67
7.67
12.0
2.67
4.33
-4.33
10.33
6.0
6.33
8.33
18.0
4.67
7.67
3.33
5.33
-6.0
2.0
12.0
15.33
3.33
8.0
21.33
3.67
5.0
4.33
0.67
12.0
11.67
16.33
2.67
-1.0
11.67
2.0
11.67
6.33
6.33
14.67
20.67
35.67
24.0
17.33
28.67
13.33
10.33
37.67
24.0
25.33
26.33
33.33
31.67
29.33
30.33
22.0
48.33
26.33
41.33
34.33
28.0
23.33
31.67
21.0
27.67
20.33
34.33
14.67
7.67
15.0
21.67
10.0
17.0
23.67
8.67
17.0
14.67
6.0
6.33
6.0
18.67
12.0
11.33
15.67
14.67
18.67
12.67
-2.0
11.0
12.0
-1.0
-0.33
5.67
-0.67
11.67
0.33
9.0
-3.0
4.0
7.0
8.0
5.0
11.33
10.0
10.33
15.67
5.67
3.67
3.33
2.33
5.33
7.0
7.67
7.67
10.67
13.33
9.0
9.0
14.33
3.33
-4.0
9.33
15.0
10.33
16.0
4.33
12.33
3.0
-11.67
7.67
2.0
6.33
11.0
9.67
21.67
28.33
24.0
8.0
16.67
9.0
7.67
2.33
1.67
-9.33
13.0
9.0
9.67
-3.0
0.67
10.33
6.33
3.0
-5.0
-3.67
3.0
0.33
7.0
10.0
6.67
0.67
-0.67
-1.33
6.0
7.67
-1.0
1.33
2.0
7.0
1.0
13.33
6.0
3.67
6.0
6.33
8.0
2.0
8.33
5.33
-3.33
6.33
6.67
3.33
-12.0
-5.67
1.67
-4.0
0.33
13.67
11.33
6.67
1.0
14.67
-4.67
20.67
9.0
1.67
3.33
2.33
0.33
10.67
-1.0
7.0
-1.67
5.0
-0.33
1.0
15.67
1.0
-0.67
1.33
5.33
-1.67
-7.33
2.33
-0.67
2.0
-1.33
3.0
-1.0
-2.33
12.0
-3.0
-1.33
0.0
3.67
17.0
5.33
1.0
-5.0
1.67
0.0
11.67
8.33
3.0
6.0
5.33
9.0
-1.33
2.0
-7.33
8.67
-4.0
1.0
7.33
18.0
-4.67
3.33
4.67
7.33
-2.33
-2.67
1.33
-4.33
3.0
-0.33
7.0
5.33
4.67
6.33
1.33
2.67
0.33
9.0
14.67
3.33
17.0
16.67
10.33
5.0
4.67
19.67
1.33
12.67
4.67
9.0
6.67
2.67
6.33
2.33
-3.0
11.0
6.0
10.33
4.33
6.67
7.67
5.67
-3.33
13.0
8.67
5.0
18.0
0.67
10.67
9.0
18.67
9.67
8.33
10.0
15.0
4.67
0.0
7.67
7.67
2.67
0.0
4.33
-2.0
5.33
-4.0
-10.33
-6.67
1.33
0.67
1.33
4.33
13.0
-2.33
8.67
6.33
8.67
-1.67
0.33
0.33
16.33
13.67
3.67
-2.67
2.33
11.33
1.33
6.67
-4.0
5.33
-9.0
1.33
-3.33
1.67
9.33
5.67
2.0
-6.0
3.33
12.33
-3.0
0.33
5.0
-2.33
3.0
6.33
1.0
-1.33
3.33
-0.67
-4.33
2.67
2.0
6.0
3.67
0.0
-3.0
-7.0
12.0
-4.33
5.67
11.33
-3.0
10.33
0.33
-1.0
-8.67
-1.67
2.33
-10.0
8.33
1.0
7.67
1.0
-0.67
-0.67
4.0
-1.0
1.33
0.0
11.33
7.0
-4.67
1.67
7.33
2.67
-1.0
6.33
-1.67
-3.33
-0.33
-3.67
10.67
2.0
-4.67
8.33
-1.67
-0.33
-5.0
1.67
2.0
3.67
3.33
4.0
-5.67
-2.67
-1.67
-2.67
-2.33
12.33
1.33
-2.0
2.0
3.0
2.67
7.67
-5.67
1.67
3.67
3.67
12.67
0.0
2.67
4.67
5.33
-2.0
9.67
4.33
3.0
1.0
8.0
3.0
-0.33
7.0
2.67
6.0
10.67
5.33
-3.67
7.67
0.33
5.33
3.33
-5.0
-0.67
9.67
3.67
2.67
1.0
2.0
-3.0
7.33
5.0
-1.0
2.0
0.0
3.33
5.33
6.0
-0.67
0.33
-4.33
7.0
-3.33
1.33
8.0
2.0
6.33
-1.33
8.67
5.0
3.0
-3.67
0.0
4.0
2.0
4.33
-1.0
9.33
3.0
-1.67
-2.33
-7.0
0.67
-1.67
-1.33
1.0
6.33
-3.0
0.67
0.67
2.67
-1.0
0.0
2.33
8.33
-1.0
1.0
3.33
2.0
5.33
5.67
0.67
4.33
5.67
-1.67
1.67
1.0
2.67
-2.0
2.33
2.0
1.67
1.0
0.67
0.67
4.0
3.67
1.33
-0.67
-1.67
3.0
-8.33
3.0
-8.0
2.33
5.33
-0.67
6.0
0.0
0.33
3.33
-1.0
-4.0
-3.0
3.0
-0.33
10.0
4.0
1.0
0.0
1.67
5.67
-1.67
0.67
-3.0
-1.33
1.67
1.0
5.0
-0.67
2.67
0.0
1.67
6.67
-6.33
2.67
1.33
-2.0
-1.33
0.33
2.67
3.33
4.67
7.33
-1.67
3.33
7.33
-2.0
-3.0
5.0
-2.67
4.67
0.33
4.0
-0.33
2.33
3.67
4.67
