0.0
-27.67
-51.33
9.0
-34.67
-89.67
8.67
69.0
18.67
21.33
9.0
-22.0
-17.67
-15.0
-41.33
10.67
-23.33
-2.67
-23.67
-5.0
-33.33
-36.67
-26.67
-23.0
-8.67
-8.33
-7.0
2.0
0.33
1.0
-2.33
2.0
1.33
-2.67
-2.67
-3.67
1.33
-2.67
0.67
1.67
-1.67
-1.67
1.67
1.67
1.0
0.0
1.0
-1.0
0.67
0.67
-0.33
2.0
-0.67
-0.67
-0.33
-1.0
0.0
0.0
0.0
0.67
0.0
0.0
-0.67
-0.33
0.0
-0.67
0.0
-0.33
3.0
0.0
2.0
0.33
0.33
0.67
0.0
0.67
-1.0
0.0
-0.33
0.67
0.33
-0.33
0.0
-0.33
0.0
-0.33
1.0
0.0
-0.33
0.33
-1.0
-0.33
-1.33
-1.0
0.0
1.0
0.33
-0.67
-1.0
0.0
1.0
0.67
2.67
3.0
-1.33
0.0
-3.0
-0.33
0.33
3.0
2.0
0.33
0.0
0.0
3.33
-1.0
0.67
-0.33
-1.0
-3.67
-1.67
4.67
0.0
1.0
-1.0
3.0
1.33
2.33
6.0
-1.67
4.33
-2.0
-1.33
2.0
4.0
-3.33
-2.67
-3.33
-1.67
-5.0
5.0
1.33
-2.67
-3.33
-4.33
6.33
1.0
2.67
-1.0
5.0
4.0
-4.0
1.0
4.67
0.0
2.33
2.33
-2.0
-1.67
-3.33
2.67
4.67
-4.0
1.0
7.67
8.67
5.33
6.67
1.0
4.67
-2.33
-6.0
3.67
5.0
0.33
4.33
2.33
7.0
1.0
2.33
1.0
4.67
7.33
0.67
0.33
1.0
0.0
5.67
-1.67
10.33
3.67
-2.67
6.67
-1.67
-0.33
2.0
-4.0
-3.0
2.67
5.0
2.67
3.0
-5.33
3.33
3.33
-1.0
-2.67
4.67
2.67
7.33
1.0
2.67
7.0
6.33
0.67
-4.67
5.0
2.0
1.0
-0.33
5.33
-0.67
-1.0
2.33
-3.33
-2.0
3.33
2.33
4.67
4.67
-5.0
10.0
5.0
3.0
1.67
2.0
5.33
6.0
2.0
4.33
-4.33
3.0
-1.0
4.33
7.67
0.33
9.0
5.67
-2.67
-5.0
-0.67
1.33
8.33
4.67
-2.33
10.0
6.33
10.67
-3.67
9.33
1.67
0.33
10.33
7.0
7.33
2.33
-2.33
-1.0
-1.67
-0.67
2.0
6.0
5.0
1.33
-1.33
13.0
-1.0
4.67
6.0
-2.67
0.0
-2.33
-2.67
4.67
-5.33
4.33
2.0
2.33
0.33
0.67
5.33
-0.33
-1.33
0.33
-0.67
2.33
1.67
6.0
3.33
11.67
1.0
-2.33
6.67
0.33
-2.0
6.0
0.67
-2.0
0.33
4.33
4.0
3.33
13.0
4.67
4.33
5.67
3.0
4.0
-2.33
5.33
10.33
2.0
6.0
4.0
1.0
7.0
3.33
-3.33
1.33
2.0
3.0
-10.67
1.33
-5.67
-0.67
-2.0
9.33
2.33
2.33
1.33
2.0
-3.33
-2.0
3.0
7.33
4.67
1.67
2.67
6.0
-3.0
4.0
-3.0
6.0
5.33
3.0
3.67
0.67
-0.67
-1.0
4.0
4.67
2.33
3.0
-1.33
8.0
0.0
-2.0
1.33
-1.33
6.33
0.67
7.67
3.67
7.67
3.67
2.67
6.0
-4.33
-4.0
-1.33
-1.0
1.0
1.0
3.67
3.0
1.67
5.33
2.67
10.0
6.0
-1.33
4.0
3.33
5.67
4.0
1.33
-0.67
3.0
-4.0
2.0
-3.33
-1.33
1.33
3.67
5.67
1.0
-3.33
8.67
3.67
-4.33
-2.0
5.33
0.0
-1.67
8.67
0.33
3.33
3.0
-6.0
5.67
3.0
-3.33
4.0
4.33
1.67
1.33
3.0
1.33
-1.33
-3.33
5.0
4.33
3.33
1.67
2.67
6.0
5.0
1.33
1.0
6.67
-4.33
-6.0
5.0
5.33
3.0
-0.33
-2.33
-5.0
1.67
-0.67
2.67
1.0
-1.0
0.67
2.33
-0.33
1.33
-3.67
3.0
7.33
0.0
3.67
2.33
-1.0
0.67
1.67
2.0
0.67
1.67
1.0
5.67
0.33
1.0
4.67
3.33
-1.0
6.67
9.67
-3.33
-4.0
1.33
6.0
-2.67
7.33
4.33
0.67
5.0
-5.0
2.33
-4.67
1.0
2.0
-1.0
2.33
4.67
0.33
3.33
0.33
2.0
-2.33
3.67
-1.67
4.0
3.67
-2.0
2.33
2.33
-1.0
-2.0
0.0
1.0
0.33
1.67
1.67
-0.67
3.67
1.67
3.0
-1.67
4.0
3.67
2.33
4.67
-3.33
-1.67
1.0
-2.67
1.0
2.33
-1.0
1.33
3.67
-2.67
-1.67
5.0
3.67
5.0
-2.33
9.0
-0.33
-2.33
3.0
0.0
0.33
0.67
-0.33
-4.33
5.33
2.33
3.33
4.0
-2.0
0.0
0.0
0.0
1.33
-1.0
0.67
0.33
3.67
-1.0
1.33
2.33
-1.0
-4.33
-0.67
4.67
-2.0
0.67
-4.33
2.33
2.33
5.0
0.0
5.0
3.33
4.33
0.67
-0.33
-3.67
1.67
-3.67
-3.33
-0.33
-2.67
4.33
5.0
0.0
-1.0
2.33
0.67
3.0
-2.0
-1.0
-0.33
0.67
-1.0
2.67
-0.33
3.33
5.67
1.33
2.67
-1.33
1.33
0.0
-1.0
3.67
1.67
1.67
0.67
2.33
-0.33
-1.33
2.0
0.33
0.33
-1.33
-1.33
-1.33
-0.67
-3.33
1.0
1.0
-1.67
0.0
-2.67
5.0
-1.67
-0.67
-4.67
7.0
3.67
1.67
-1.67
0.67
0.0
-1.33
3.0
1.0
-2.67
3.67
-1.67
5.67
1.0
0.33
1.33
-1.0
4.0
4.0
0.0
1.67
-3.33
-1.33
3.33
-1.33
7.33
1.33
0.0
1.67
0.67
1.67
1.67
3.0
0.67
1.0
2.0
5.67
0.67
-0.67
1.0
1.67
0.0
-0.33
-2.33
-1.33
0.0
2.33
2.33
3.0
1.33
3.0
3.0
1.33
-1.0
1.33
2.67
0.0
0.33
0.0
1.0
-2.33
4.33
3.67
0.33
3.33
-5.0
3.0
8.67
2.67
5.33
3.33
-2.0
1.33
-1.0
-0.67
2.67
6.67
-2.67
-4.33
4.67
-1.33
4.0
2.67
0.0
6.67
-0.33
0.0
-0.67
-1.0
-0.33
6.67
0.33
2.0
0.67
-3.33
-0.67
-1.0
0.67
-1.0
0.0
7.0
-1.0
-0.67
-0.67
-0.67
1.67
4.33
2.33
-7.0
2.67
4.0
4.67
-2.67
-5.67
0.33
1.0
-4.0
2.0
2.67
3.67
1.67
3.0
-2.67
-4.33
1.0
2.33
4.33
0.67
4.67
-3.33
-2.0
4.33
-3.33
1.67
-0.33
-3.33
0.33
-0.33
-1.33
-3.67
2.33
2.67
-2.33
0.33
4.0
1.33
4.0
3.33
-2.33
-1.67
6.0
0.33
5.67
-3.33
1.0
0.33
1.33
1.33
3.33
1.33
4.33
4.67
-1.67
1.67
8.67
8.33
7.0
12.67
4.0
9.33
13.33
13.33
22.67
20.0
18.33
28.0
18.0
23.67
27.33
30.33
22.0
21.67
22.33
20.33
16.33
19.0
18.67
20.67
31.33
17.33
12.33
6.33
6.33
14.33
11.67
15.33
5.33
5.33
2.67
5.0
3.67
8.67
6.67
7.33
4.0
3.67
5.0
4.33
-1.33
1.0
0.0
0.33
1.0
5.67
0.33
2.33
3.33
3.33
0.67
-4.67
5.0
10.67
12.33
2.0
6.67
1.0
2.67
7.67
8.0
8.33
7.0
5.67
1.33
8.67
-3.67
9.0
6.67
-1.33
-1.67
3.33
4.0
8.67
3.67
10.67
11.33
0.0
-1.0
-2.67
1.67
8.33
-2.67
3.67
-2.0
2.0
7.33
1.33
4.33
6.67
5.0
8.67
1.33
-2.0
8.67
2.0
4.0
3.33
-4.67
7.0
-0.33
-2.0
6.33
2.67
2.67
-4.33
-6.0
3.33
5.0
2.0
1.67
4.0
1.67
3.0
9.33
13.0
-3.0
2.0
-0.67
-0.33
4.33
0.67
-4.67
0.67
4.33
3.0
7.0
5.0
0.67
-2.67
6.67
11.67
-5.33
1.33
5.0
3.33
6.0
8.0
7.67
-3.67
7.0
3.67
8.67
4.33
2.33
-0.67
5.0
-1.0
0.33
6.67
1.67
1.0
0.67
12.67
4.33
2.0
2.0
5.0
5.0
-0.33
2.33
7.33
6.67
5.0
4.33
0.67
4.67
2.67
7.33
0.67
6.67
9.33
2.33
-3.67
7.67
11.0
-0.33
4.0
6.0
0.0
1.0
0.67
6.0
3.0
1.67
7.67
-1.0
3.67
-5.67
-0.67
2.0
0.0
-0.33
7.0
-1.33
-4.67
4.67
4.0
12.0
5.33
7.0
5.0
4.33
0.0
5.0
6.0
6.0
2.0
11.0
3.67
2.33
7.33
6.0
12.33
3.33
1.0
9.0
2.67
5.67
3.33
4.0
1.67
11.67
16.0
16.0
16.33
2.33
16.33
19.33
24.33
8.0
14.0
26.0
13.33
16.33
29.0
16.33
19.67
29.33
18.0
12.0
19.0
14.67
7.33
10.33
24.33
14.0
16.0
4.67
16.67
15.0
7.33
4.33
1.67
2.67
-2.33
4.33
2.33
4.67
1.0
10.67
9.33
3.67
6.33
11.33
7.33
5.67
9.67
6.67
10.33
2.0
9.33
-7.0
19.0
4.33
4.67
5.33
5.33
8.67
8.67
6.67
2.33
4.67
2.67
8.33
0.0
11.67
10.67
12.67
10.33
6.0
10.33
19.67
8.33
8.33
-2.67
0.67
13.0
17.0
-0.33
5.33
6.67
17.67
3.33
16.0
6.33
10.33
1.33
9.67
6.0
5.67
8.0
5.33
13.33
11.0
7.0
9.0
7.0
9.67
4.0
15.0
16.0
7.33
8.0
9.67
-2.0
13.67
17.33
-1.0
4.67
15.67
12.33
13.67
6.0
7.67
4.33
-2.67
10.33
3.0
12.33
9.0
7.67
10.33
-1.33
16.67
11.33
16.33
17.0
10.33
1.33
5.0
8.67
2.0
8.33
20.67
11.67
2.33
17.0
-3.33
7.67
5.67
-1.33
7.67
6.67
17.67
10.33
8.0
5.0
-3.33
12.67
6.33
2.33
10.33
11.33
11.0
7.67
19.33
5.0
9.33
15.0
11.67
6.0
19.67
-4.0
14.67
-5.33
8.67
6.33
0.0
3.0
15.0
3.33
11.33
17.0
11.0
13.33
7.67
7.0
7.67
10.67
6.67
4.33
10.33
3.33
6.0
14.0
7.33
4.67
6.33
0.33
15.0
7.67
11.0
11.33
10.67
7.0
10.67
18.0
5.0
8.0
5.67
12.33
10.33
20.0
5.33
5.33
14.33
17.67
7.33
14.67
11.33
9.67
12.0
14.33
11.0
5.67
5.67
8.0
10.0
10.33
18.0
17.0
8.0
1.67
9.0
20.67
14.33
10.33
10.33
4.33
3.33
7.33
6.67
2.33
10.67
11.67
7.0
10.33
-1.0
6.33
16.33
13.0
19.0
11.0
7.33
11.67
9.0
10.0
11.33
11.0
8.0
14.33
13.33
16.0
15.0
12.33
2.33
21.0
16.33
19.0
24.67
21.67
14.33
12.0
22.0
17.67
20.33
24.67
18.67
4.67
29.33
15.67
22.67
23.33
33.0
19.33
21.33
17.33
19.0
25.67
41.67
46.0
28.0
38.67
52.67
56.0
64.0
68.33
56.33
67.0
81.33
83.0
94.33
95.33
102.0
90.67
102.67
90.33
71.0
99.67
95.0
95.33
102.67
82.0
96.0
75.33
85.67
86.67
67.0
73.0
49.0
51.0
34.33
50.33
45.33
27.0
16.67
25.67
41.33
11.33
13.67
9.67
16.0
12.33
21.67
12.0
16.33
22.33
1.33
3.67
10.0
8.67
15.0
2.33
18.0
10.33
12.33
11.33
13.0
8.67
10.67
6.33
5.33
6.0
9.0
8.0
-1.33
16.0
17.67
16.67
12.0
7.67
11.33
16.0
15.33
7.0
5.0
24.0
8.33
14.33
19.0
18.0
8.67
16.67
17.0
11.0
9.67
13.33
11.67
3.0
16.67
15.67
4.67
5.33
14.33
8.0
19.33
20.0
13.0
0.0
-1.67
7.33
30.0
16.33
0.33
6.0
11.67
-2.67
2.0
21.67
3.0
10.0
9.33
25.67
9.33
3.67
12.33
15.33
19.67
13.33
6.0
5.33
12.67
9.33
11.33
2.33
12.67
15.67
6.67
5.0
20.0
12.67
3.33
16.0
21.67
5.33
15.33
2.67
3.67
12.33
5.67
6.33
12.33
4.67
11.0
11.0
10.33
-6.0
7.33
21.0
17.0
11.0
12.67
8.67
15.0
9.33
12.0
14.67
11.33
11.33
2.33
3.67
7.0
-0.67
-5.0
11.33
7.33
9.67
4.67
7.67
3.67
9.0
3.67
2.33
1.67
7.33
12.0
5.33
16.33
19.0
4.67
13.67
11.33
9.33
-9.0
7.0
24.0
15.33
12.33
15.0
2.33
12.67
12.0
5.33
5.67
9.0
23.67
2.33
15.67
9.0
11.67
0.0
14.67
12.33
16.33
28.67
24.67
20.67
18.0
19.33
26.67
19.33
12.33
20.67
29.0
39.33
39.33
35.33
36.67
17.33
38.33
29.0
38.33
38.33
30.33
26.33
40.0
25.33
23.67
17.0
22.67
20.33
30.33
25.67
9.67
15.0
28.67
21.0
10.0
19.67
21.67
16.0
13.67
7.0
17.33
4.0
12.67
11.0
14.33
16.67
5.67
7.67
13.67
0.0
10.0
12.0
8.0
8.67
8.67
-5.67
8.67
-6.67
5.0
-12.0
7.0
0.0
7.0
3.0
0.33
11.0
3.33
19.67
-3.33
-0.33
25.33
5.33
0.33
13.0
14.67
9.67
4.67
8.33
20.0
3.0
2.33
14.33
6.0
-1.67
15.0
11.33
8.0
3.33
9.33
0.0
14.33
13.67
1.0
9.33
10.0
5.67
10.67
19.33
10.0
19.0
23.67
-6.0
5.67
10.33
10.67
7.67
9.0
10.0
1.67
12.0
5.67
9.33
1.33
8.0
-3.0
10.33
10.0
-1.67
1.0
-6.0
16.67
2.67
4.33
-3.33
-2.0
4.67
4.0
-10.67
9.0
14.0
-4.0
1.33
-2.0
8.67
2.0
8.33
8.0
13.0
-0.67
6.33
-3.33
3.33
8.67
11.33
-3.0
6.33
-5.33
-1.0
8.33
3.67
19.33
2.67
1.0
10.67
2.33
16.67
4.0
-0.33
3.33
4.33
-2.67
3.67
7.0
10.0
4.33
8.0
0.67
6.0
-2.33
-5.0
18.33
5.33
11.33
0.33
-14.33
-5.67
5.33
-6.0
-3.33
3.0
1.0
5.67
12.0
0.0
6.67
-5.0
5.67
5.0
-1.67
-2.0
8.0
6.67
-1.0
4.67
4.33
4.0
6.0
-2.67
11.0
9.67
0.0
9.67
0.67
15.0
1.0
3.33
10.0
-7.67
-3.67
12.67
-3.67
-2.33
6.33
3.33
11.67
-2.0
-0.33
-3.0
2.33
4.67
6.33
5.33
-2.33
-6.67
4.0
17.67
6.33
9.0
5.67
3.33
0.0
14.67
10.67
0.33
0.67
15.67
7.0
11.67
1.67
-0.67
6.33
0.0
12.0
5.0
21.33
0.33
13.67
-7.33
5.67
9.67
10.0
11.67
-6.0
18.0
15.67
3.67
12.0
6.67
13.67
6.33
15.0
7.0
3.67
0.0
7.67
6.67
-0.33
-2.0
7.33
0.0
-4.67
6.0
8.67
1.33
0.33
8.67
4.33
0.33
5.0
4.67
-7.33
6.33
2.67
-1.67
4.33
3.33
8.33
3.67
7.67
8.33
4.33
8.33
-11.67
-0.33
2.0
-2.67
1.0
3.33
4.67
6.67
8.33
4.67
6.0
2.0
4.33
8.33
0.0
-0.67
6.0
9.67
10.0
7.33
0.0
-2.33
-0.67
4.33
-10.33
13.67
2.0
6.0
-1.33
-2.0
3.0
-6.0
2.0
-1.33
2.67
4.33
7.0
4.33
4.33
-3.0
1.33
-4.67
10.33
0.0
6.33
-3.0
1.67
3.0
2.33
-5.67
7.0
-2.0
-8.67
1.0
5.33
6.0
-2.67
7.67
7.33
6.67
13.0
4.33
4.33
-2.33
3.67
3.33
3.67
5.0
1.33
0.33
-1.67
-2.33
-5.0
-3.33
4.0
-2.33
-1.67
1.0
3.33
4.33
1.33
7.33
0.67
2.33
1.33
0.0
3.0
-2.0
2.67
6.67
-6.67
3.67
-1.33
1.67
4.67
-1.0
8.67
-0.33
4.33
-10.0
-0.33
3.33
4.0
6.0
4.0
4.0
4.67
-1.0
1.67
8.0
-1.33
9.33
-1.67
5.67
5.33
10.33
1.33
-3.0
0.33
5.67
5.67
4.67
10.0
6.0
0.0
8.33
0.0
0.0
1.0
1.0
3.33
-0.67
7.0
-0.67
5.33
-4.33
11.0
-0.33
-3.67
1.0
-5.0
1.33
-1.33
3.67
6.0
2.0
-5.67
0.0
2.0
3.0
-0.67
3.0
5.33
2.0
1.33
7.67
-6.0
-0.33
1.33
-2.33
9.0
4.33
-4.0
4.67
3.67
1.67
3.0
2.0
-0.67
-0.67
-4.0
4.0
1.33
11.0
5.33
1.67
2.67
7.33
1.67
-1.67
-2.33
2.0
4.67
2.0
-5.67
4.0
-0.33
0.0
0.67
2.67
2.0
0.67
-1.67
6.33
6.33
1.0
-5.33
7.0
-5.0
-2.67
3.33
-2.67
5.0
-3.0
-0.67
6.33
0.0
-2.0
-1.0
2.0
-2.33
7.0
1.0
-3.0
1.0
-0.33
0.67
0.33
-0.33
5.0
1.67
5.67
7.0
0.0
-1.67
-1.33
-1.0
4.67
2.67
0.67
1.67
2.33
-2.0
-4.33
-4.67
-0.33
0.33
8.67
4.33
5.33
3.33
1.33
8.0
2.0
9.0
0.33
3.67
2.33
2.0
0.67
2.33
5.67
1.67
