0.0
52.33
-29.33
2.0
-58.67
-0.67
41.67
18.0
45.67
119.33
-29.0
47.0
83.33
-15.0
8.67
-37.33
6.67
46.33
24.33
-17.0
14.67
-28.67
-9.67
-17.0
-0.67
5.67
3.0
2.0
7.33
-4.0
-1.33
2.0
3.33
-0.67
0.33
-0.67
-1.67
-1.67
-0.33
0.67
-0.67
-0.67
-0.33
-0.33
0.0
0.0
1.0
-1.0
-0.33
-0.33
-0.33
0.0
1.33
-0.67
-0.33
-1.0
1.0
0.0
0.0
-0.33
0.0
0.0
-0.67
0.67
0.0
-0.67
0.0
-0.33
1.0
1.0
0.0
-0.67
-0.67
-0.33
0.0
0.67
0.0
0.0
-0.33
0.67
-0.67
0.67
0.0
-0.33
0.0
1.67
0.0
0.0
-0.33
-0.67
1.0
0.67
-1.33
0.0
1.0
0.0
0.33
0.33
-1.0
0.0
-1.0
0.67
0.67
3.0
-2.33
0.0
0.0
-0.33
-0.67
-1.0
-1.0
-1.67
0.0
0.0
0.33
3.0
-1.33
0.67
0.0
-2.67
1.33
3.67
1.0
1.0
2.0
3.0
1.33
0.33
1.0
-3.67
4.33
1.0
1.67
0.0
0.0
1.67
1.33
-1.33
1.33
-2.0
4.0
1.33
6.33
1.67
-2.33
-2.67
2.0
1.67
1.0
2.0
1.0
6.0
1.0
6.67
7.0
-2.67
4.33
-3.0
2.33
1.67
12.67
6.67
-5.0
2.0
2.67
2.67
8.33
2.67
-1.0
3.67
-2.33
-4.0
1.67
3.0
1.33
9.33
3.33
1.0
1.0
-1.67
-3.0
1.67
2.33
-3.33
0.33
-4.0
8.0
-1.33
7.33
-2.67
2.67
-0.67
2.67
5.33
-2.33
0.0
-1.0
4.0
5.67
8.0
-6.33
1.0
-2.33
-0.67
5.33
-1.0
2.33
4.67
-1.33
2.33
-1.0
9.67
2.0
1.33
-1.33
3.33
2.0
0.0
5.0
1.67
-0.67
-0.67
-1.0
5.33
-1.33
4.0
8.33
1.33
2.67
-1.33
3.0
3.0
0.0
-3.0
-1.33
-1.0
-4.67
0.0
-1.0
0.33
5.67
2.0
2.0
-0.67
-2.33
5.33
-2.0
1.67
10.33
1.0
-3.67
2.33
7.33
9.67
3.67
0.0
8.33
0.67
7.33
-0.67
-4.33
4.33
5.33
2.0
4.33
5.33
-3.33
4.0
-5.67
1.33
-1.0
5.0
0.0
7.33
4.67
6.0
0.0
9.67
4.0
1.33
-1.0
0.67
5.33
3.67
-5.33
1.33
4.0
-6.67
5.33
-3.33
1.33
0.67
-0.33
4.33
5.33
1.33
5.67
4.0
7.33
0.67
4.0
-0.33
-0.33
4.33
0.0
0.0
0.67
6.0
2.33
-2.67
1.0
2.33
5.0
0.67
-0.67
5.67
7.0
0.0
2.67
4.33
3.33
-3.0
4.0
5.0
6.0
8.0
-0.67
0.67
1.33
6.0
2.0
-1.67
0.33
-2.67
3.33
1.0
5.33
5.33
8.33
1.33
1.0
-0.33
-2.0
5.0
8.33
4.67
-0.33
7.67
8.0
2.0
4.0
6.0
0.0
8.33
1.0
2.67
5.67
-0.67
-5.0
-4.0
5.67
-0.67
3.0
-8.33
3.0
11.0
1.0
5.33
-0.33
-1.67
4.67
0.67
4.67
3.67
7.67
3.67
4.0
0.67
1.0
-2.33
0.0
5.0
6.0
-4.33
4.0
3.67
-1.67
2.67
-4.0
4.0
2.67
2.0
3.33
1.67
6.0
5.33
2.33
-2.0
-5.0
2.0
6.67
2.67
3.33
1.67
2.67
6.0
-3.33
-1.33
3.67
-3.33
1.0
1.33
5.0
-1.67
1.67
-0.67
-4.67
0.0
-2.0
-1.33
5.0
-3.33
4.0
2.33
1.67
-4.67
-1.0
0.33
0.67
-2.33
-2.0
1.33
1.33
-0.33
1.67
-1.0
4.0
-2.67
4.0
1.67
-0.33
-6.0
4.0
-2.67
0.0
-2.33
-0.33
2.0
4.67
-0.67
-1.33
-4.0
4.0
1.67
-2.67
-2.33
2.33
2.33
4.0
7.33
3.0
5.67
-0.67
-1.0
1.67
3.67
-3.0
0.67
-4.33
1.0
5.67
7.33
-1.0
8.67
-2.67
4.0
1.67
5.67
-3.33
0.0
3.33
1.0
3.33
1.33
2.33
0.67
1.0
-2.0
-0.67
3.33
3.0
-2.0
-5.0
2.33
1.67
-2.67
4.33
5.33
6.0
-3.33
1.67
-3.67
0.0
-1.33
-3.0
2.33
-1.67
3.0
6.0
1.0
0.0
-0.67
1.67
-4.33
-0.67
0.67
0.67
2.0
0.33
-2.0
1.67
2.33
-0.33
0.67
2.33
2.0
-0.67
2.0
0.33
-3.0
-2.67
4.67
-0.67
2.33
0.0
-1.33
5.0
1.67
0.0
-2.33
-0.33
1.0
-2.0
1.33
-0.33
2.67
0.67
-1.67
2.33
3.33
0.0
3.0
3.0
-1.0
-4.0
0.33
3.0
5.67
-0.67
-0.33
4.0
10.33
1.33
0.0
-0.33
-0.67
-1.33
0.0
5.67
2.67
2.33
-2.67
1.0
2.0
0.0
1.33
1.33
1.67
1.67
-2.67
-1.33
-1.67
-4.33
0.67
-0.67
6.33
-1.0
3.0
-2.0
0.33
4.67
1.0
-2.0
-2.0
-1.33
5.67
3.0
4.67
-2.33
-0.67
-0.33
0.33
-0.33
-2.33
2.33
1.0
-1.0
-0.33
1.67
4.67
4.67
4.33
0.67
-4.33
2.0
-4.67
2.33
-2.33
4.67
1.67
2.33
-3.33
3.0
1.0
-3.67
2.0
1.33
0.0
-1.67
2.33
-2.67
2.0
-0.33
1.67
0.33
-0.33
-2.0
1.67
6.0
-1.0
-0.67
-0.33
0.33
0.67
-2.0
6.33
2.33
0.0
5.0
1.0
-3.0
-0.33
-4.33
-1.33
1.33
1.67
2.33
1.33
4.0
-1.33
2.67
5.67
1.67
2.0
-0.33
1.0
-1.0
1.67
1.67
1.33
0.0
-2.33
2.0
-3.33
2.67
8.67
1.0
-0.67
3.33
2.0
1.33
4.0
1.0
3.33
1.0
1.33
-0.33
1.0
6.33
-1.0
-3.0
0.67
0.33
1.67
-0.67
8.33
-4.0
-2.0
-2.33
-2.33
0.33
-0.67
-1.0
1.33
-5.0
0.33
0.67
0.67
0.33
-9.33
2.67
-5.33
6.0
4.67
4.0
-0.33
7.67
3.0
7.33
1.0
-2.33
-3.33
6.33
-4.0
2.67
-1.33
1.33
-4.0
2.67
-5.0
-1.0
0.0
2.0
1.33
-1.67
1.33
1.67
-1.67
0.33
-3.0
4.67
-2.0
-0.33
-0.67
-2.67
-2.67
-1.0
-4.0
-2.0
-3.33
-2.33
3.67
-2.0
0.33
1.67
1.0
3.33
0.33
5.67
-0.33
4.67
-4.0
1.33
-0.33
4.67
4.67
0.67
0.33
-1.33
1.67
5.33
3.33
2.67
8.67
4.33
-2.0
-2.67
4.0
-0.67
-1.33
1.33
4.0
0.33
5.67
-6.33
4.0
6.33
0.33
2.33
8.33
-0.67
1.33
2.67
3.33
3.67
12.67
9.33
3.0
14.67
17.0
19.33
15.33
18.33
21.67
20.0
25.33
28.0
25.0
18.67
34.33
34.33
32.0
38.67
29.33
35.33
21.33
38.0
34.67
24.67
23.33
19.33
17.33
16.33
21.33
15.33
12.67
6.33
8.33
5.33
5.67
6.0
9.67
10.67
2.67
5.33
5.0
5.67
3.0
3.33
-2.33
3.0
3.0
5.33
4.0
-0.33
4.33
3.33
6.33
15.33
4.67
2.33
5.0
5.67
14.33
1.0
10.67
-4.0
0.67
4.67
1.0
5.33
6.0
-1.33
0.33
7.67
1.33
4.0
5.67
1.67
4.33
-2.67
7.0
6.67
-1.33
4.67
-0.67
-7.0
5.0
-1.67
7.67
6.33
-0.67
3.67
3.0
6.0
3.33
6.33
2.33
5.67
6.0
7.67
9.33
2.0
-4.33
1.0
3.0
4.33
0.33
5.0
0.67
2.0
7.33
3.67
0.67
6.67
-4.0
-1.67
9.0
1.0
4.67
12.0
11.67
12.0
-0.67
11.0
4.0
-2.0
-0.67
12.67
-1.67
8.67
-2.67
10.67
-0.67
-2.0
10.0
7.0
5.67
5.33
19.67
10.67
4.67
0.33
13.0
3.33
3.0
3.0
9.67
2.33
4.0
4.67
6.67
4.33
1.33
2.33
-1.0
2.0
1.33
-0.33
2.67
-2.0
3.67
8.67
-0.67
9.0
-1.0
5.0
4.0
4.67
3.33
4.33
0.67
5.0
2.33
3.67
3.67
10.67
6.33
-0.33
5.67
6.33
0.33
10.33
14.67
1.0
-5.33
-1.0
-2.0
11.0
4.0
2.67
-6.0
3.0
5.67
9.67
7.0
8.67
0.33
2.33
-1.0
1.0
5.67
6.0
10.67
4.33
-4.33
14.0
6.0
1.33
2.0
3.0
-2.67
5.0
1.0
13.0
4.0
5.0
6.0
8.67
8.33
8.33
7.0
-0.67
0.33
8.0
14.0
1.67
11.67
14.33
9.0
20.67
10.67
8.0
14.0
9.33
14.33
17.33
8.33
27.33
16.0
16.0
17.0
18.33
22.33
25.0
18.33
19.67
21.33
18.0
32.0
25.0
24.67
14.33
24.33
12.33
16.0
16.0
11.67
12.67
14.0
17.33
8.33
15.67
6.67
5.67
9.33
2.33
5.67
-2.0
4.67
15.33
0.67
4.33
4.33
8.33
7.67
4.67
12.67
7.33
13.0
15.33
2.0
1.0
-1.67
6.67
11.33
10.33
8.67
2.67
8.67
9.33
2.67
3.67
11.33
14.0
11.67
13.67
8.67
12.33
12.0
10.33
15.67
16.33
8.33
0.33
13.67
7.0
9.0
9.67
5.33
4.67
5.67
12.33
13.0
0.33
11.33
-0.67
16.67
12.0
14.67
12.0
2.33
5.33
18.0
10.0
6.0
10.0
6.67
7.0
7.0
13.0
14.33
10.0
2.67
13.0
6.67
11.33
2.0
7.67
13.67
20.33
5.67
5.0
8.67
3.33
0.33
12.33
13.0
10.33
13.0
5.67
6.33
14.67
16.67
8.33
10.33
9.0
18.33
16.33
8.0
12.67
3.0
3.33
11.67
1.67
1.33
22.0
-2.33
5.67
3.67
14.67
14.67
0.67
3.67
8.33
10.0
14.0
6.67
8.67
11.33
3.33
1.33
-1.67
10.0
7.67
19.33
12.0
3.33
-4.0
10.67
17.0
12.67
13.0
11.67
3.67
8.67
13.33
2.0
7.0
10.0
9.33
11.33
10.0
8.0
10.33
10.67
4.0
17.67
5.67
7.67
11.33
16.33
4.33
7.0
4.0
10.33
13.67
12.33
14.33
6.0
14.67
8.0
18.33
8.67
4.0
8.67
13.0
6.0
7.0
12.67
6.33
6.33
16.0
12.33
6.33
5.33
11.67
12.33
10.67
9.33
6.67
9.0
4.33
10.0
14.67
-0.33
18.0
5.0
-2.67
11.0
10.0
6.0
11.67
8.0
20.67
5.33
5.33
19.33
13.33
9.33
12.33
17.67
15.33
18.67
0.67
0.0
6.33
10.0
3.33
11.33
3.0
11.0
8.0
11.33
5.67
18.0
21.0
13.33
10.0
10.0
16.33
20.33
12.0
3.0
13.33
10.33
14.0
12.33
18.0
15.67
19.67
14.33
23.0
21.0
11.67
26.33
15.67
28.67
6.67
26.33
19.67
23.67
15.33
19.0
26.33
28.33
22.33
32.0
30.67
39.67
49.0
52.0
45.67
57.67
36.0
62.0
78.33
94.33
94.0
91.33
77.0
97.33
113.33
126.0
120.67
108.67
105.33
135.0
116.67
113.0
107.33
110.67
105.0
94.0
77.33
97.67
62.67
66.0
44.0
57.0
37.0
45.33
36.33
31.33
22.0
35.67
7.67
27.33
24.33
10.67
8.67
14.0
17.33
2.67
21.0
23.33
12.33
15.33
20.67
2.0
13.67
10.0
5.33
14.0
14.33
3.33
5.33
10.0
7.67
1.67
3.33
7.33
9.0
14.0
11.0
2.67
18.0
12.67
10.67
23.0
18.67
19.33
5.0
16.33
17.0
20.0
8.0
6.33
13.33
15.0
8.0
10.67
15.67
21.0
17.0
14.67
4.33
7.67
9.0
10.67
11.67
10.67
10.33
5.33
6.0
8.33
7.0
2.0
10.0
13.33
6.33
9.0
7.33
8.33
4.0
13.67
16.33
5.0
5.67
13.0
10.0
15.33
22.67
16.33
-6.33
5.33
16.33
8.67
18.33
22.0
1.33
13.67
5.33
13.33
5.33
4.67
7.67
0.67
12.0
3.0
7.67
15.33
0.0
3.67
15.33
16.33
6.67
17.67
16.33
9.67
23.33
5.33
12.67
6.0
5.0
-0.67
2.0
6.33
11.0
6.0
10.0
7.67
11.67
5.0
10.33
13.0
9.67
12.33
9.33
5.33
3.67
1.0
-0.67
4.0
15.33
5.33
9.67
1.67
2.67
16.67
2.0
-0.33
3.33
2.67
8.33
6.0
-1.67
14.33
15.0
-6.33
8.67
19.33
3.33
0.0
14.0
20.0
3.33
-5.67
21.0
2.33
14.67
7.0
8.33
2.67
5.0
22.67
0.33
18.67
2.0
5.67
1.0
16.67
3.33
22.33
22.67
18.67
13.67
18.0
25.33
22.67
23.33
16.33
21.67
24.0
33.33
37.33
24.33
23.67
9.33
39.33
16.0
30.33
33.33
31.33
47.33
36.0
40.33
26.67
22.0
21.67
26.33
27.33
30.67
15.67
20.0
21.67
6.0
7.0
18.67
5.67
8.0
1.67
4.0
22.33
5.0
7.67
13.0
5.33
6.67
6.67
3.67
14.67
11.0
8.0
9.0
11.0
7.67
14.67
5.33
1.67
-0.67
5.0
-3.0
9.0
14.0
-5.0
16.0
16.33
7.0
2.33
14.67
1.67
6.67
4.33
3.33
6.33
12.0
12.67
10.67
2.67
17.33
8.0
3.0
28.33
7.33
5.0
-0.67
17.0
14.33
4.0
7.33
10.33
0.0
2.33
7.67
4.0
8.33
6.0
13.67
17.67
8.33
7.0
9.0
22.67
6.0
4.67
12.33
-0.33
6.67
26.0
4.0
3.67
4.0
3.67
7.33
9.33
9.0
-1.0
9.33
22.0
-3.67
7.0
15.0
8.67
5.67
-3.67
5.67
1.0
7.67
-8.0
-9.67
-1.0
7.0
4.0
6.33
4.0
3.67
8.0
4.33
10.0
5.0
1.33
9.33
1.67
-1.67
5.67
15.33
-4.0
2.33
-1.33
8.0
8.33
7.67
6.33
1.67
1.0
11.67
0.33
6.67
14.0
-6.33
18.33
4.33
9.33
7.67
4.0
5.0
4.33
7.0
0.67
3.0
10.67
10.0
12.33
4.33
16.33
4.33
4.67
1.33
-7.67
-2.0
0.67
0.0
6.0
6.67
9.0
0.0
11.67
-5.0
7.67
6.0
-2.67
-6.0
6.0
-2.33
-1.0
6.67
3.33
3.0
2.0
1.33
-4.0
-3.33
0.0
-5.33
5.67
-3.0
12.0
-2.67
2.0
-0.67
4.33
1.67
-4.67
-6.33
7.33
7.33
-4.33
1.0
9.67
-4.0
-5.67
15.67
13.33
2.33
9.67
8.33
6.0
2.67
3.33
0.0
11.67
2.33
9.0
13.67
3.67
5.33
3.67
6.67
8.0
5.67
8.67
8.33
4.33
9.0
14.0
5.0
10.33
-2.67
-0.33
9.67
-2.33
3.67
6.0
3.67
5.0
17.0
1.67
10.67
14.0
3.67
2.67
10.33
0.0
5.0
-3.33
8.0
1.67
-0.33
6.67
8.0
9.33
6.0
4.33
-7.0
-1.33
5.33
8.33
2.67
3.33
8.33
12.0
-2.33
1.67
6.33
-4.33
0.33
7.33
-3.67
-3.67
2.67
1.67
2.33
2.33
4.33
-2.67
-3.33
-5.0
6.33
-6.0
2.33
0.67
2.67
10.33
3.67
-1.0
-7.0
-0.67
5.33
-4.0
2.33
0.0
2.67
8.0
3.33
-4.0
3.67
-2.67
-4.67
-2.33
7.67
5.0
1.0
0.67
2.0
-6.0
-4.0
12.0
-0.33
0.67
5.33
5.0
4.33
-4.67
-3.0
2.33
1.33
6.33
-2.0
5.33
3.0
7.67
-3.0
8.33
-1.67
3.0
-8.0
5.33
11.0
3.33
1.0
4.33
7.67
3.33
-5.33
-2.0
-2.67
1.33
-3.33
2.67
-1.67
5.67
2.0
4.33
1.33
1.33
7.67
-2.0
-2.33
1.0
8.67
5.33
1.0
-2.67
-3.67
0.33
-5.67
-8.33
-2.67
4.33
2.0
2.0
-2.0
11.67
2.67
-2.67
4.67
-0.33
-0.33
1.67
4.0
4.67
2.67
3.33
4.0
3.67
7.33
3.0
7.0
6.0
6.0
1.67
6.0
8.67
0.0
10.67
1.33
1.33
4.67
-6.67
5.33
11.33
-7.0
0.33
5.67
-2.33
8.67
11.0
0.0
3.0
7.33
0.0
4.0
7.0
1.0
2.33
-0.67
0.0
5.33
4.33
3.67
5.0
7.67
1.33
-2.0
3.0
2.33
1.67
2.67
2.0
-2.0
-4.67
-3.0
4.0
-2.0
4.33
0.0
6.33
3.0
3.33
-0.33
2.0
2.67
0.33
1.67
-4.0
-0.67
-1.0
1.67
4.67
-5.33
2.0
6.0
-1.67
-2.67
-1.0
-1.0
7.33
-4.0
6.33
-4.33
5.67
-1.67
3.67
4.33
0.67
-5.0
-1.33
6.0
4.33
4.0
3.67
-5.0
-2.33
3.67
1.0
-2.33
-2.67
-3.67
-4.67
1.0
0.67
1.0
-6.0
5.33
-2.67
-1.67
-2.0
-1.0
-6.67
3.33
-5.0
5.0
0.0
-3.0
4.67
8.0
1.0
0.0
2.0
-1.33
3.67
-5.67
-4.33
-2.0
0.67
1.67
0.0
-3.0
-6.67
-3.33
-5.0
0.67
1.67
1.67
5.67
-0.67
2.0
-4.33
0.33
0.67
3.33
5.67
-0.67
0.33
-0.67
1.33
2.0
-5.0
-1.0
-4.67
-3.33
1.33
1.0
-0.33
3.33
-0.33
-2.33
