0.0
26.33
56.67
45.0
44.33
3.33
51.67
60.0
-22.33
63.33
88.0
-52.0
72.33
45.0
-51.33
-44.33
20.67
32.33
-15.67
-5.0
-24.33
-39.67
-15.67
-10.0
2.33
-24.33
-1.0
0.0
-9.67
0.0
-0.33
-5.0
0.33
3.33
-2.67
-3.67
-1.67
-2.67
2.67
1.67
-1.67
-1.67
-0.33
0.67
1.0
-1.0
0.0
0.0
-0.33
-0.33
-0.33
0.0
0.33
0.33
-0.33
-1.0
1.0
1.0
0.0
-0.33
1.0
0.0
-0.67
-0.33
1.0
-0.67
0.0
1.67
1.0
0.0
0.0
-0.67
-0.67
-0.33
0.0
0.67
-1.0
0.0
-0.33
0.67
-0.67
-0.33
0.0
-0.33
0.0
-0.33
0.0
-1.0
0.67
0.33
0.0
0.67
0.67
-1.0
1.0
0.0
-0.67
-0.67
-1.0
1.0
0.0
0.67
0.67
-1.0
-2.33
1.0
-2.0
-0.33
1.33
1.0
1.0
-0.67
2.0
-2.0
3.33
2.0
-1.33
0.67
1.0
-0.67
-1.67
3.67
-1.0
-3.0
2.0
-1.0
0.33
0.33
3.0
-3.67
3.33
1.0
5.67
2.0
2.0
-0.33
3.33
3.67
-5.67
0.0
3.0
3.33
-0.67
-2.33
-2.33
3.33
0.0
6.67
5.0
3.0
4.0
8.0
2.0
2.67
7.0
7.33
1.33
0.0
-3.67
7.67
5.67
0.67
-4.0
-1.0
5.67
7.67
3.33
-1.33
1.0
-4.33
10.67
-2.0
5.67
3.0
3.33
4.33
1.33
3.0
6.0
2.33
-2.0
6.67
2.33
5.67
9.33
-6.0
-1.0
6.67
2.33
4.33
3.67
-2.67
-0.33
-1.67
2.67
-2.0
-2.0
5.0
1.67
0.0
-1.33
6.0
1.67
2.33
2.33
-1.0
6.33
5.67
3.67
16.33
5.0
3.67
3.0
3.33
-6.33
-1.67
5.0
-2.0
2.0
1.67
-3.67
-1.67
0.0
5.33
-0.33
4.0
2.33
1.33
9.67
-0.33
-2.0
0.0
-4.0
0.0
4.67
-5.0
5.33
5.0
2.0
3.33
1.67
4.0
1.0
-1.67
-1.33
6.33
2.0
6.67
3.33
5.0
-1.67
0.33
2.33
2.67
5.67
6.0
1.33
2.67
2.33
5.33
-2.33
-2.67
6.33
0.0
4.33
-2.67
4.67
4.0
4.33
11.33
3.0
3.0
6.0
-0.67
3.67
10.0
2.0
7.67
8.0
-4.67
-3.0
-0.33
3.33
2.67
1.67
4.33
-1.0
1.33
-0.67
-3.33
3.33
0.67
-1.33
-1.67
1.33
9.33
4.67
1.0
-1.67
3.67
8.0
0.67
7.67
8.33
5.0
4.0
-2.33
4.0
3.33
0.33
3.0
4.33
1.0
6.67
-0.67
4.67
1.0
9.0
-4.33
6.33
5.33
4.0
11.0
3.0
2.0
0.0
3.33
-0.33
0.33
-4.0
5.0
-3.67
0.33
-1.67
0.33
-1.0
0.33
-0.67
-1.67
4.33
2.0
2.67
1.0
-3.0
3.33
5.67
3.67
0.67
6.0
2.0
3.0
3.0
0.0
-0.67
-5.0
0.67
1.67
-0.67
1.0
6.0
1.67
-0.67
5.0
-4.33
1.0
-3.0
0.0
10.33
-2.33
0.33
0.67
1.67
8.67
1.67
-0.33
-2.33
3.0
1.67
-2.0
4.67
-3.0
6.0
-2.0
-3.33
2.0
2.67
2.33
3.67
4.0
9.0
-2.33
-4.0
-1.67
3.67
-5.0
4.33
-0.67
4.0
3.0
7.0
1.67
0.67
-0.67
8.67
0.67
-1.0
1.67
1.67
0.67
1.67
0.0
3.33
0.0
-5.67
-1.33
2.33
-0.67
0.0
0.0
4.67
6.0
5.67
8.0
-3.67
3.67
-2.67
-2.0
7.33
-0.33
0.67
2.0
2.33
5.33
1.67
-0.33
2.0
6.0
-0.67
1.0
6.67
0.67
-5.0
5.0
-4.67
-1.0
3.67
2.67
1.0
0.67
3.33
-0.33
1.0
1.0
4.67
-0.67
4.67
1.33
5.33
2.0
3.33
8.0
4.67
-2.67
-4.0
5.67
0.67
2.0
9.67
1.67
0.0
6.67
0.33
-3.0
3.67
2.33
0.0
2.67
1.67
-4.33
-6.0
-0.67
1.0
5.33
0.33
-1.67
-1.33
0.0
-1.0
6.33
6.33
8.0
6.0
0.0
-1.67
0.67
3.33
-0.67
3.33
2.0
-2.33
-2.33
-0.67
0.0
2.67
0.0
2.33
0.33
5.0
1.0
1.0
1.0
1.33
-0.33
-2.33
-3.67
-1.33
2.67
1.0
-0.67
0.0
-0.33
1.33
2.67
1.67
3.33
-2.0
1.33
-1.0
2.33
-1.0
-1.67
-0.33
-0.67
-1.67
2.0
2.67
6.0
-2.33
2.0
-2.33
0.67
0.0
0.0
-1.67
0.67
0.67
2.67
1.33
1.33
3.33
3.0
3.0
3.0
1.0
-4.0
-2.67
-3.0
-1.33
3.33
2.67
-1.0
1.33
-4.67
1.0
-3.33
-0.67
-1.33
-3.0
0.67
-3.33
0.33
-0.67
-2.0
0.0
3.0
-0.67
0.33
3.67
0.67
-2.67
0.67
6.33
-3.33
1.67
-1.67
1.33
1.0
-2.0
0.0
-1.67
1.67
0.0
3.0
-3.0
-2.33
0.67
0.0
3.67
0.67
-0.67
2.67
-1.67
-0.33
-4.33
3.33
2.0
2.0
-0.33
-1.33
-0.33
3.67
-1.67
-1.33
3.67
1.0
-4.67
1.33
-4.33
0.67
-0.33
0.33
0.67
-1.0
0.0
-1.67
-1.0
-2.67
4.0
-0.67
-1.67
-2.67
0.0
1.67
4.67
1.33
-2.33
3.0
-1.33
-2.0
0.0
-1.67
2.67
2.33
-0.33
-2.0
-1.67
2.33
-1.0
2.0
2.0
-5.0
-0.33
-5.33
-3.33
1.33
1.67
-2.67
4.33
0.0
-2.33
2.67
6.67
0.67
6.0
-0.33
0.0
0.0
1.67
-0.33
3.33
0.0
2.67
4.0
0.67
-1.33
-0.33
4.0
-0.67
4.33
1.0
1.33
-2.0
1.0
-3.67
2.0
8.33
1.67
1.0
5.33
-3.0
0.0
0.67
-1.67
1.67
0.33
1.33
1.0
4.0
0.67
-2.33
0.33
6.33
2.0
-0.67
2.0
1.33
2.67
2.67
-0.67
2.67
2.67
2.67
8.0
7.67
3.0
2.67
0.67
-3.0
6.33
0.0
7.67
1.67
-2.67
-4.0
-1.33
2.67
-4.67
-5.0
8.67
-3.0
-1.0
1.0
-7.0
2.33
2.33
-1.67
3.67
-2.67
-0.67
-3.0
0.67
4.0
1.67
-2.67
-4.67
9.33
-2.0
4.0
-2.0
3.67
3.67
-6.33
1.0
2.33
-3.33
6.0
-2.67
1.33
4.67
-0.33
1.67
-5.0
9.33
6.67
-1.33
-5.33
-4.33
-0.67
-2.33
0.67
-2.67
2.33
-0.33
-2.33
3.33
4.0
-6.67
2.0
4.33
4.67
-7.67
3.0
2.33
6.67
-3.33
7.0
5.33
0.33
-0.67
8.33
0.33
0.33
3.67
7.33
7.67
5.67
0.33
12.0
3.67
12.0
11.33
18.33
9.33
28.67
23.0
17.33
27.0
32.0
38.67
31.33
26.33
33.0
35.67
34.33
41.33
25.33
28.0
20.67
31.67
18.33
27.33
19.33
15.33
19.33
11.33
14.67
21.33
9.33
10.33
6.67
8.0
13.67
1.67
5.67
5.33
5.0
6.67
7.0
2.33
1.67
0.0
1.0
6.33
7.0
6.67
10.33
7.33
1.33
5.33
12.67
7.33
3.0
13.67
9.33
-3.0
7.67
-1.0
8.67
5.67
11.0
12.33
9.0
2.67
12.33
1.67
0.33
2.0
0.67
1.67
8.33
7.33
3.0
6.67
-3.33
5.67
2.33
1.0
-2.0
2.33
3.67
8.33
2.33
-0.33
2.0
6.0
10.33
8.33
-0.67
2.67
4.0
8.67
8.33
1.0
1.67
6.0
5.0
15.33
9.33
10.0
4.67
7.0
1.33
3.67
11.67
6.67
-1.0
4.33
14.0
8.0
1.67
2.0
3.67
11.0
-1.67
8.0
4.0
2.0
3.33
-0.33
-3.67
7.67
-3.67
3.67
5.33
0.0
-1.0
9.0
1.67
8.33
7.67
9.67
-1.33
1.33
5.0
13.33
17.0
3.0
10.67
4.33
10.0
10.67
2.67
7.33
5.33
4.33
9.0
4.0
9.33
-0.33
11.67
4.0
6.67
4.67
5.33
0.0
4.0
2.0
4.0
11.67
8.33
1.33
6.67
7.0
6.33
9.67
-1.33
0.67
3.33
6.67
7.67
7.33
8.33
1.33
6.67
5.0
14.67
1.0
-2.0
3.0
1.0
5.67
-4.0
17.0
9.67
3.67
19.0
18.67
5.33
11.33
1.0
9.0
6.67
10.0
3.67
4.33
12.67
13.0
12.0
6.33
1.0
8.0
7.33
0.0
3.0
7.0
8.0
5.0
7.0
9.67
7.33
7.33
8.0
6.33
-2.67
-1.0
5.0
1.67
5.67
6.33
15.0
6.67
5.67
6.0
15.0
17.33
18.33
15.33
11.33
15.33
17.0
28.0
24.0
20.33
25.33
15.0
26.33
13.67
20.33
25.0
35.0
25.0
34.67
21.33
22.33
20.33
17.0
12.0
13.67
9.67
15.0
8.33
10.33
10.67
2.67
10.67
7.33
6.33
0.67
3.0
14.67
11.33
10.67
9.33
11.33
12.33
3.67
9.67
6.67
6.33
9.0
6.33
5.0
13.0
4.33
11.67
5.33
4.33
11.67
2.67
15.67
6.33
8.67
11.67
6.33
5.0
8.67
14.67
11.67
18.33
9.0
5.33
8.67
0.33
6.33
11.33
13.67
3.0
11.0
11.67
15.33
-2.33
14.67
11.33
8.0
6.33
3.33
7.33
0.67
7.0
3.67
12.0
0.33
8.33
11.0
8.0
6.0
14.0
14.67
12.0
8.0
7.0
14.33
18.0
8.67
11.0
9.67
13.33
7.0
7.67
5.67
8.33
-0.33
2.0
14.67
12.33
3.33
3.33
13.0
0.33
6.0
4.67
18.33
11.67
1.67
15.33
14.33
8.0
13.33
3.33
1.0
8.67
-2.0
-2.67
4.67
0.67
1.33
13.0
-2.33
6.67
20.67
8.67
6.67
11.67
10.67
3.33
21.0
11.0
7.67
5.67
8.33
-0.67
9.33
-3.67
12.0
12.67
16.33
6.0
8.33
2.0
6.67
6.0
16.67
6.0
4.67
2.67
-0.33
20.33
9.0
11.0
-4.0
14.33
16.33
7.0
0.0
4.33
-3.33
12.0
11.67
6.67
8.67
11.33
12.33
8.33
14.0
4.0
11.33
15.67
3.33
8.33
10.0
11.67
10.0
10.33
13.67
4.0
6.67
14.0
6.0
7.0
-0.33
1.33
6.33
6.0
2.33
4.33
4.33
14.67
12.33
5.67
21.33
4.67
18.0
9.33
21.0
7.67
12.67
5.0
9.0
11.33
4.0
14.0
12.0
15.67
11.0
9.67
9.33
1.33
12.33
19.33
2.33
9.33
6.67
4.33
9.67
10.67
11.0
6.33
16.0
9.33
11.33
8.0
10.0
7.0
25.33
11.67
17.0
15.0
12.33
6.0
15.0
6.33
12.33
22.0
21.0
17.33
23.33
15.0
24.33
21.0
19.67
11.67
26.33
20.0
10.0
8.67
21.33
30.67
34.67
19.67
30.33
28.67
22.67
25.33
26.0
23.33
22.33
45.33
21.0
29.67
45.67
48.0
42.0
54.67
68.67
47.0
74.0
79.33
82.33
102.0
82.33
91.0
129.33
118.33
109.0
120.67
115.67
114.33
127.0
117.67
117.0
107.33
113.67
123.0
112.0
108.33
93.67
69.67
81.0
66.0
53.0
57.0
38.33
42.33
54.33
24.0
19.67
31.67
32.33
29.33
15.67
5.67
18.0
6.33
21.67
20.0
8.33
15.33
11.33
9.67
15.0
3.67
1.0
8.33
13.0
11.33
9.33
7.33
-4.0
13.67
13.67
8.33
6.33
5.0
17.0
15.0
12.67
8.0
8.67
14.67
6.0
17.67
8.33
11.0
11.33
4.0
12.0
7.0
0.33
4.33
2.0
18.0
16.67
17.67
18.0
6.0
-1.33
4.33
11.67
4.0
13.67
14.67
13.67
15.33
16.33
14.0
1.33
19.0
12.0
8.0
7.33
9.33
17.0
21.33
1.33
15.0
7.67
-0.67
7.0
17.67
21.0
24.0
11.33
9.67
21.33
6.67
6.33
12.33
9.67
14.33
3.0
10.33
4.67
0.33
13.33
11.33
3.67
11.67
17.67
5.0
2.0
11.67
7.33
11.0
11.67
4.33
8.33
-2.33
5.67
8.33
20.67
14.33
21.33
6.67
15.0
23.0
25.33
13.0
10.33
12.0
3.0
9.0
-4.33
12.67
6.0
15.33
12.0
8.67
20.33
14.33
3.33
2.67
0.0
9.33
12.0
12.33
22.33
18.67
18.67
9.67
8.67
5.0
7.67
2.33
-1.33
-1.67
9.0
3.33
17.33
8.0
-7.33
1.67
16.33
-3.67
-3.0
17.0
8.0
15.33
10.33
10.0
7.33
13.67
6.0
14.33
8.67
7.0
27.67
4.33
0.67
6.0
23.67
13.0
4.67
22.33
15.33
15.67
22.67
35.67
25.0
25.33
14.67
14.33
21.33
24.67
21.0
33.33
41.33
21.33
51.67
30.33
34.33
39.0
25.33
31.33
51.33
22.33
23.0
43.33
31.67
29.0
34.67
36.33
22.33
17.67
24.67
20.0
14.67
21.0
18.0
7.67
14.67
16.0
4.67
24.0
13.33
8.0
20.67
5.0
12.33
9.67
5.67
23.67
13.67
9.0
-10.0
3.0
-4.0
1.67
0.67
5.33
-0.33
-10.67
11.0
1.0
-6.0
2.0
1.0
7.0
7.33
6.0
4.33
3.67
13.67
18.67
8.33
9.33
-3.67
-4.0
8.67
11.67
3.67
17.33
0.0
13.0
3.33
7.33
2.0
2.33
21.0
7.33
13.0
17.33
9.33
1.0
16.33
8.67
14.0
11.33
3.0
14.67
12.67
16.33
20.0
7.0
21.67
4.0
14.67
3.33
4.67
-0.33
24.0
10.0
6.67
-1.0
-1.33
16.33
17.33
6.0
14.0
5.33
13.0
-8.67
8.0
5.0
-2.33
8.67
8.33
4.67
11.0
14.67
5.0
-1.67
2.0
3.0
8.0
9.33
-3.0
6.67
12.0
17.33
20.0
10.0
2.33
7.33
6.67
-2.67
3.67
4.33
-5.0
5.33
11.67
-4.0
18.33
-1.33
11.33
-7.33
-3.0
9.67
9.33
11.67
-1.0
-7.33
10.33
3.33
1.33
11.67
2.0
-4.0
3.33
8.0
3.67
5.0
-3.33
6.0
-0.67
7.33
8.33
1.33
-3.33
-3.67
1.33
2.0
-2.33
8.0
2.0
0.67
-1.0
-4.0
8.67
-3.0
5.67
13.0
3.33
9.0
-5.0
5.67
1.0
12.67
17.33
-3.0
0.0
8.33
1.0
6.67
4.0
-2.33
-3.33
3.0
-2.0
5.33
5.0
7.33
3.33
-3.33
-0.67
-8.33
0.33
-4.67
2.67
6.0
4.67
1.0
4.33
8.67
9.33
3.33
14.67
7.33
3.0
4.67
0.33
7.0
6.67
4.33
8.0
5.67
2.67
11.33
2.67
3.67
5.0
3.67
0.67
-6.67
7.33
2.0
15.0
16.0
14.33
11.33
5.67
6.67
9.67
1.67
8.0
2.67
13.0
0.0
14.67
10.67
14.0
7.67
4.67
14.33
9.0
4.0
4.67
9.0
5.67
5.67
4.67
1.0
6.33
-2.0
4.33
2.0
-0.33
7.33
6.33
-0.33
7.33
1.33
12.0
1.67
1.67
1.33
2.67
3.33
6.33
-3.67
-1.67
6.67
-5.33
1.33
9.33
4.33
5.33
-3.33
0.0
0.33
-2.0
7.33
-0.33
-3.33
10.33
-3.33
9.0
-4.0
1.33
8.33
-1.0
3.33
-2.0
3.67
4.0
1.33
1.0
8.67
5.33
-8.67
4.67
10.67
12.0
1.0
-0.33
0.0
-3.0
-6.0
5.0
-9.33
4.67
2.33
1.0
3.33
5.33
-6.0
-4.67
-4.67
3.33
-2.0
6.33
2.0
-1.33
6.0
9.33
3.33
6.0
7.0
-3.67
6.0
2.33
5.0
-6.67
4.67
2.33
-4.33
2.0
-0.67
4.33
-2.33
6.67
-4.67
-1.33
-1.0
1.33
13.33
-6.67
-1.33
0.0
10.67
6.0
-3.33
-0.67
0.0
-7.67
6.33
-3.67
-4.67
-3.33
1.33
8.33
-2.0
1.0
3.0
1.67
6.67
-1.67
-2.33
5.67
-0.33
1.67
3.0
8.67
-1.33
0.33
0.0
3.67
10.33
9.0
-4.0
2.0
-5.0
-2.33
1.0
5.67
-5.0
7.67
12.33
-2.67
1.67
1.33
10.33
-2.67
-7.0
-5.67
6.67
2.67
-1.33
4.0
2.0
-2.0
0.33
6.0
6.0
-3.0
-5.0
1.33
-0.67
4.0
6.33
-1.67
-1.33
0.0
0.67
-1.67
-1.0
-2.0
2.33
-0.33
10.67
8.0
1.0
-6.67
1.0
8.0
7.0
-3.67
2.0
7.33
5.0
5.33
-0.33
-4.0
2.67
5.33
6.67
4.0
5.33
3.0
-10.33
-2.33
0.67
3.0
2.0
2.33
5.33
1.0
1.0
-0.67
1.0
7.33
2.67
2.67
3.33
-3.33
6.33
7.67
0.0
-1.33
0.0
6.33
-6.0
7.67
2.0
7.67
4.67
-5.0
-2.33
1.33
2.33
-1.67
9.0
0.67
4.0
-11.0
1.33
1.33
3.33
1.0
-3.0
-0.67
-0.67
-2.0
5.0
2.0
-2.0
-2.33
14.0
2.0
1.0
6.0
1.67
4.67
1.33
-3.33
1.0
-2.33
3.67
1.0
2.0
-2.67
-6.33
7.0
-3.33
2.67
2.67
5.67
0.33
3.0
-0.33
-2.67
4.67
2.33
10.67
-0.67
-3.67
5.33
2.33
-2.0
-1.0
6.0
-1.67
2.67
-1.67
0.0
0.67
-3.67
-3.33
0.67
