0.0
11.0
29.0
-38.33
27.67
45.67
6.67
40.67
77.67
39.67
54.67
125.67
45.33
6.67
-63.33
59.33
44.67
29.0
39.67
28.33
14.0
-26.0
-5.67
-1.0
-12.67
5.33
21.33
3.67
6.67
0.67
-4.0
2.0
5.0
-2.0
2.0
-2.67
-0.67
1.33
-1.0
-0.33
-0.67
-0.33
0.67
-0.33
0.0
1.0
0.0
0.0
1.0
-0.67
-0.33
-0.33
1.67
0.0
1.0
-1.0
0.0
0.33
-0.33
0.67
0.0
0.33
1.0
2.0
-1.0
-0.33
0.0
0.0
1.0
-0.33
0.67
1.33
-1.0
-0.67
-0.67
0.0
1.67
0.67
1.0
2.0
-0.33
0.0
1.0
0.0
-1.0
-0.67
-0.33
-0.67
0.33
-0.33
-1.33
1.0
0.67
1.0
-0.33
1.0
1.0
-0.67
1.0
0.0
0.67
0.33
2.67
2.0
-2.67
-2.0
-1.67
1.67
0.33
1.33
-0.33
-0.33
0.67
-1.67
-0.33
2.0
1.67
-3.33
-3.33
0.67
0.67
-2.33
0.67
-3.67
-2.0
-2.0
-3.0
-0.67
-3.33
-4.33
3.67
-1.33
-0.33
-4.0
7.33
5.33
1.33
2.67
-3.0
-1.33
3.0
0.33
2.33
5.67
0.67
-2.67
1.0
0.33
2.0
0.0
6.0
4.67
0.33
-1.0
0.33
-3.67
8.67
2.0
-0.33
1.33
3.67
2.33
0.67
1.0
-3.0
7.0
1.33
-2.67
2.0
3.67
-2.67
-0.33
4.33
0.0
4.67
3.0
5.0
4.33
-5.0
1.33
-4.67
-0.33
7.67
-3.33
-0.67
0.67
6.0
6.67
9.67
2.67
11.0
4.33
3.33
-1.0
-4.0
-0.33
0.67
7.0
-0.33
-3.33
-0.67
4.67
2.33
0.0
9.0
0.33
1.33
0.0
3.33
-1.67
7.67
-4.33
3.67
4.67
3.33
0.0
-3.67
-5.33
3.33
-1.67
-1.67
5.67
10.33
1.33
8.67
1.67
3.33
0.67
1.67
0.33
3.0
0.67
2.33
4.67
8.0
-0.67
1.0
1.67
7.33
3.33
-1.67
1.67
-1.0
1.67
1.33
1.67
1.67
6.0
-11.33
1.0
0.0
-0.33
3.67
0.67
-0.33
-0.33
2.33
-3.0
2.67
1.0
3.33
2.67
1.0
8.33
7.33
6.33
-1.33
0.67
4.0
5.67
4.33
6.67
4.0
10.0
2.0
2.0
-0.33
2.33
-0.33
4.33
3.0
-5.0
0.33
3.67
5.33
-4.0
3.67
-1.67
4.67
2.0
-3.67
0.33
3.33
4.0
3.0
2.33
-3.67
2.33
-1.33
3.33
1.33
9.33
0.33
10.0
4.67
4.0
0.0
1.33
5.0
4.33
2.0
-6.0
3.0
4.33
6.67
0.0
7.33
-0.33
3.67
4.67
7.33
-1.33
2.0
-3.67
3.67
10.33
1.0
2.67
-3.33
4.33
0.33
8.0
3.33
6.0
3.67
-3.0
-0.67
9.67
-2.33
0.0
1.0
2.0
7.33
10.33
-3.33
2.33
1.33
5.33
1.33
5.67
-3.67
0.33
-4.33
1.67
8.33
1.33
1.33
3.0
3.0
4.67
-1.0
0.67
0.0
-3.67
-3.0
-4.33
4.67
4.67
6.33
2.33
8.33
-8.0
4.33
-4.67
5.33
9.67
2.0
-0.67
-3.67
-3.33
4.0
-1.0
-3.0
8.67
9.33
-2.0
7.67
2.0
3.67
6.33
1.67
-0.33
2.33
8.67
-1.0
-0.33
5.0
-2.0
1.67
3.67
-2.67
0.0
2.0
0.0
-0.67
-1.67
1.67
6.0
-2.33
3.33
2.67
0.67
4.33
-1.33
2.33
5.67
6.33
2.33
-3.0
0.33
1.0
-0.33
-1.33
4.67
0.67
1.0
4.67
-2.67
-1.67
0.33
0.67
5.0
5.33
-1.67
3.33
-2.33
-1.67
4.67
2.67
-0.33
-6.0
-2.33
9.0
6.0
-0.33
-4.67
0.0
0.33
12.33
3.0
1.33
2.0
-1.33
5.33
1.0
7.0
7.0
3.67
0.67
4.0
5.67
3.67
1.0
3.33
4.67
1.33
-0.67
3.0
0.33
3.0
-1.0
-1.0
1.33
1.0
0.0
-0.67
1.33
-1.33
2.0
0.67
3.0
0.33
3.0
3.33
2.67
3.67
-3.67
-3.67
-1.0
-0.67
4.33
0.0
9.0
3.0
-2.67
2.33
-3.0
-3.0
3.33
9.67
2.33
-4.0
1.0
0.33
-1.67
4.33
-2.33
1.33
-1.0
0.0
-0.67
3.0
-0.67
5.33
-1.33
2.0
1.33
4.33
1.33
4.33
-0.33
1.33
-0.33
-2.0
4.0
-2.0
1.0
4.0
4.33
-1.0
0.67
-0.33
-5.67
2.67
3.33
7.0
2.67
0.33
-1.67
-0.67
-5.33
-4.0
1.33
-4.0
-1.67
-2.67
0.33
2.33
-0.67
0.33
1.33
-0.33
-2.67
2.33
-2.33
2.0
1.33
-3.0
8.0
-0.33
2.33
7.0
0.33
-0.67
2.67
3.0
1.33
2.0
-0.33
-0.67
2.67
-0.33
4.0
1.67
-2.67
-2.33
-1.67
7.0
2.67
3.67
2.33
1.67
-2.67
0.0
-1.33
5.33
-0.67
0.0
3.0
1.0
0.67
0.67
-4.0
1.0
-1.67
1.33
-4.0
3.67
2.67
-3.33
3.0
0.0
-1.67
-0.33
1.33
-1.67
2.67
-3.0
0.33
0.0
-2.0
-0.33
3.67
-1.67
1.0
2.67
3.33
1.67
-1.0
-0.33
5.33
4.0
-0.67
-1.33
-3.0
6.33
-1.67
2.0
1.33
2.67
0.33
0.0
0.0
1.0
2.33
4.67
-0.33
2.0
3.0
-4.67
-1.0
-1.67
0.67
-3.0
5.33
-3.67
-4.33
-3.0
-6.33
3.33
-3.67
-4.33
2.0
3.67
-4.67
-1.33
-4.67
2.0
0.0
3.33
-5.0
3.0
-6.67
3.0
-0.33
0.67
-7.0
-2.0
-1.33
0.0
-3.33
-3.33
-4.67
-2.33
0.67
-0.67
0.33
-2.0
1.33
-0.33
-4.67
-1.67
-3.67
-1.67
2.0
-2.0
-3.67
0.0
-3.0
2.67
0.0
1.33
0.33
0.33
-2.0
-2.67
-2.0
-0.33
-0.33
-1.33
4.0
-2.33
1.0
-6.67
2.0
-6.33
-7.0
1.67
4.67
-6.0
0.33
-2.67
2.33
-8.33
-4.67
0.67
-0.67
-7.33
0.67
-4.67
-5.33
-0.67
-3.33
-1.67
3.33
0.67
-5.33
-3.67
1.67
-3.67
-3.67
-6.33
-1.0
-5.33
-7.0
-7.33
-1.0
-3.67
-3.0
1.0
-9.0
-7.67
-7.67
-4.33
2.33
-6.33
-8.33
-8.0
7.33
-2.67
-3.0
-3.67
-4.33
-2.0
-2.67
-1.67
-2.0
-7.33
-9.33
-6.0
-6.0
-3.33
-4.33
-3.67
-8.0
-11.33
-5.0
-2.67
-4.67
-0.33
1.0
-7.0
-5.0
0.0
-7.0
2.0
-8.0
-5.0
4.67
0.33
-6.0
-7.33
-6.67
-10.33
-4.67
-3.67
-1.67
-4.67
-10.0
-5.0
-8.0
-2.0
-6.67
3.0
-3.33
4.0
0.33
-0.33
-0.67
-1.33
4.67
-1.67
8.33
11.67
6.33
8.67
12.67
12.0
15.33
20.33
13.67
14.33
25.33
21.67
15.0
26.33
39.33
20.33
17.67
17.0
5.33
12.0
12.0
9.0
6.33
8.33
-2.0
0.0
2.67
-4.33
-8.0
2.67
0.0
-3.33
-3.33
0.0
-4.67
-9.0
-5.33
-2.0
-0.33
-3.67
-9.67
-5.67
-4.0
0.0
-4.33
-7.67
3.33
-2.0
-0.33
-4.33
-6.0
-7.67
-7.33
-5.67
-2.67
-9.67
-3.67
-3.0
-7.67
-4.33
-8.67
-3.0
1.0
-13.67
-4.67
-1.0
-3.33
-8.0
-8.0
1.33
-13.67
1.67
-5.0
-11.33
2.67
-8.0
0.67
-4.33
-8.33
-9.0
-9.0
8.0
-9.33
-12.0
-5.0
-6.67
-12.33
-5.33
-9.0
-11.33
-0.67
-10.33
-9.33
-2.33
-8.67
-5.67
-3.67
-4.0
-5.0
-13.33
-8.0
-9.0
-7.0
-4.67
-2.0
-3.67
0.0
2.33
-5.67
-8.67
-5.67
-2.67
2.67
-6.33
4.0
-3.0
-1.33
-14.33
-4.33
-9.33
-6.67
-1.67
1.33
-13.67
-11.67
-5.33
0.67
4.0
-6.33
-14.0
-1.67
-3.33
-10.67
-4.67
-4.0
-4.67
-2.67
-7.67
-16.33
-5.0
-6.0
-11.0
-16.33
0.0
-17.0
-10.33
-9.0
-12.33
0.0
-6.0
-5.67
-6.67
-5.33
-2.33
3.33
-3.33
-9.33
-13.0
-7.67
-11.0
4.0
-11.33
-11.33
-10.33
-3.67
-12.33
-7.67
2.0
-7.67
-3.0
-12.0
-3.67
-0.33
-15.67
-1.33
-1.0
-13.0
-4.67
-0.67
-9.67
9.0
-13.0
-10.67
-8.67
-4.0
-5.67
-17.33
-7.33
-8.33
4.0
-6.0
-7.0
1.0
-5.67
-13.33
-10.33
-7.0
-1.33
-1.67
-5.67
-0.33
-12.0
-1.33
-2.0
0.0
-4.67
-10.67
7.67
-2.33
-3.67
-5.33
-8.33
-4.67
1.67
-5.67
9.67
-1.0
-1.0
7.33
5.33
-3.33
5.33
10.33
-7.67
10.0
4.33
12.67
4.67
12.33
7.67
6.67
12.0
11.0
5.33
10.33
2.0
14.33
10.0
14.33
11.33
4.67
4.67
5.0
7.67
6.0
-8.0
4.33
3.0
-3.0
2.67
5.67
9.0
-6.67
5.33
-7.0
0.33
-3.0
-2.0
8.67
-4.33
3.67
4.0
-1.33
2.0
-7.0
-2.67
5.0
5.67
-5.67
4.67
6.33
5.0
-7.0
2.33
4.67
-1.33
-5.0
-0.67
3.67
-3.67
-9.33
2.33
-4.33
1.33
-0.33
-1.33
3.67
9.67
3.33
-4.0
8.67
7.0
-2.67
5.67
-1.67
2.67
10.33
-4.67
0.33
1.67
0.67
1.33
3.33
-3.33
6.0
9.0
4.0
7.33
2.67
-1.67
-2.67
-1.0
2.67
-0.67
4.0
-4.0
3.67
4.67
4.33
2.0
-4.67
3.0
9.67
3.33
-5.0
9.33
-7.67
-0.33
7.33
-3.0
5.67
1.33
2.33
-1.33
8.67
2.33
11.33
-6.0
5.33
-1.0
-2.67
10.67
-3.67
-2.33
9.67
6.67
15.67
1.33
-2.33
9.67
19.0
-1.33
4.0
-9.0
6.67
5.0
0.0
6.0
-3.0
3.67
12.33
0.0
1.33
-3.33
-2.0
3.0
8.33
3.67
0.33
-2.67
3.33
8.67
21.0
-6.33
-6.67
-2.33
8.67
2.67
5.0
8.67
13.67
-3.67
5.0
27.67
13.33
-5.0
5.67
3.33
4.67
9.33
1.0
-0.33
3.67
3.67
3.0
4.33
14.0
-2.67
11.33
2.0
2.33
0.67
14.0
6.0
7.33
-3.0
12.0
5.33
5.67
2.0
2.33
0.0
6.33
14.67
12.33
-4.67
10.67
-1.67
9.67
1.0
1.33
14.33
1.0
10.33
9.0
2.67
2.0
-3.67
-0.67
3.0
5.0
9.33
-2.0
7.33
8.0
-1.0
1.0
-1.67
2.0
6.33
6.67
4.33
-3.33
-3.67
1.33
1.67
5.67
5.67
6.67
5.0
7.0
6.67
1.33
8.0
14.33
3.0
-1.67
6.67
3.67
-0.33
5.67
0.0
12.0
6.33
9.0
0.0
7.67
12.33
15.33
20.67
11.33
6.33
1.33
1.0
-2.0
26.33
9.67
6.67
11.67
18.0
14.67
19.67
13.0
11.67
10.67
9.0
12.67
33.33
20.0
18.33
23.0
15.0
8.67
17.33
28.33
26.33
30.33
34.67
23.67
27.0
41.33
38.0
43.0
39.33
68.67
60.67
70.67
59.33
56.0
80.0
70.67
85.67
81.0
93.67
71.33
75.33
93.67
80.33
76.0
74.0
70.33
85.67
53.67
51.0
52.0
42.33
43.67
48.67
35.33
31.67
37.0
30.67
26.33
18.0
38.67
15.67
12.0
18.33
16.0
13.33
8.67
12.33
2.33
3.0
6.0
4.33
2.33
11.33
11.67
6.67
9.67
6.67
8.33
-2.67
4.67
10.0
-2.0
11.67
5.67
3.0
4.67
17.0
3.33
16.67
8.0
5.33
6.67
-5.0
13.0
2.0
9.33
5.67
5.33
9.67
-2.67
10.0
3.0
3.67
5.67
3.0
-6.0
10.33
10.67
8.67
22.0
3.0
6.33
7.33
12.67
11.0
2.33
11.67
0.0
0.67
9.67
9.33
11.67
12.67
8.67
15.33
4.67
2.0
5.67
5.33
11.0
-2.0
10.67
23.67
3.0
5.67
6.33
4.0
-3.33
7.0
8.33
7.67
9.0
1.67
-5.67
0.33
3.0
7.67
7.0
7.67
-17.67
4.0
5.0
3.67
13.33
15.0
11.67
1.67
15.67
9.67
3.67
2.67
10.33
8.67
-3.33
3.67
9.0
11.67
4.67
-4.67
13.67
1.67
2.0
5.33
7.0
-4.0
9.67
3.67
15.33
-0.67
11.0
10.67
8.0
8.67
10.33
0.0
16.0
-6.0
17.0
15.33
19.33
0.0
2.0
8.0
6.33
8.0
-2.0
-7.0
11.67
3.67
0.67
-4.33
9.33
9.33
5.33
4.67
-7.0
15.67
18.33
13.0
8.33
18.33
7.0
9.67
3.67
0.0
1.0
13.67
2.67
12.33
16.67
15.67
7.0
9.67
9.67
17.67
9.0
5.33
26.67
27.67
22.0
28.67
6.33
8.67
7.0
7.0
29.0
4.33
30.33
11.33
21.33
25.67
17.0
35.67
25.0
12.0
35.33
32.33
18.33
22.0
28.33
28.67
26.67
31.33
29.33
14.0
26.0
22.67
17.67
20.0
19.67
15.67
20.33
22.67
12.33
16.0
19.67
7.0
-1.0
7.0
2.67
11.0
22.67
7.0
11.0
13.33
11.0
-1.0
9.67
8.67
3.33
18.67
12.0
3.67
6.0
8.33
0.67
-8.67
2.33
-0.67
-1.67
8.0
-1.0
-6.67
3.67
10.0
8.33
16.67
21.0
8.33
15.0
-0.33
3.0
5.67
-2.67
8.67
17.67
6.67
7.67
2.33
-3.0
5.0
-1.67
19.0
5.33
0.33
20.33
-2.33
4.0
21.33
-0.33
8.67
14.33
-5.67
4.0
5.0
4.0
3.33
8.0
6.67
7.33
23.0
9.33
7.33
-0.67
7.33
8.33
3.0
11.33
18.67
15.33
2.33
5.0
9.33
5.67
8.67
-2.0
15.0
-3.0
8.33
-3.33
2.0
10.67
3.0
10.33
9.67
-5.33
4.33
5.33
-1.33
12.67
1.67
-5.0
18.0
15.33
5.0
8.0
-2.0
8.0
6.67
6.33
0.33
-10.0
15.33
-1.67
0.33
8.33
4.33
-4.67
17.67
0.67
1.0
14.67
4.0
13.33
12.67
4.33
6.67
10.33
-12.33
-1.67
2.0
2.0
14.33
0.33
2.67
14.0
-2.33
3.67
-4.0
4.0
10.67
-3.0
5.67
-0.33
2.33
0.33
14.67
3.33
1.67
4.67
-3.33
13.33
3.0
1.67
-3.33
2.67
-4.33
8.0
-0.33
0.33
1.0
-4.33
5.67
7.0
10.33
-0.67
5.33
12.33
5.33
-1.33
0.0
5.33
8.67
5.67
-4.0
4.67
4.0
-4.0
1.67
-2.33
16.67
6.0
5.67
7.33
-11.0
0.67
7.67
1.33
-5.0
3.33
-1.0
2.33
7.67
0.67
1.0
12.0
1.0
10.67
20.67
3.0
12.0
7.67
7.67
1.33
6.0
13.33
1.33
2.67
5.67
3.33
9.0
9.67
3.33
1.33
10.33
0.0
7.33
7.33
12.33
-1.67
-4.67
-2.33
10.67
-2.67
3.33
7.67
-2.33
-2.33
4.0
4.0
10.0
3.0
3.33
0.67
4.67
-2.67
4.67
-1.33
2.0
4.33
3.0
13.33
4.33
6.33
1.0
10.33
-6.0
7.0
2.0
1.33
1.0
3.67
-3.33
5.33
-2.33
5.67
9.0
5.33
3.33
6.33
4.67
1.33
4.67
4.33
-2.0
-1.33
-6.67
-8.67
0.0
0.67
0.33
11.33
0.0
1.33
2.33
2.67
0.0
-5.67
7.33
-1.0
7.0
5.67
8.67
5.67
-4.0
7.0
10.67
5.33
4.67
0.33
10.67
6.33
9.0
-2.33
-3.33
4.0
2.33
4.33
1.67
-1.33
-0.33
5.0
7.33
5.0
2.33
-0.67
-3.33
-1.67
0.0
-4.33
4.0
5.0
0.33
3.33
-2.0
10.0
-4.67
5.33
-0.33
-4.0
10.33
-3.67
-8.33
8.0
2.67
-7.33
1.0
3.67
7.33
0.67
2.0
3.0
-2.0
-0.33
1.67
-1.33
3.33
5.0
-6.33
3.33
2.33
-1.67
5.0
-3.0
-4.33
0.0
-0.33
-0.67
-4.67
-5.67
2.0
0.0
6.67
8.67
4.33
1.0
5.67
2.0
-6.33
2.0
11.0
-4.0
4.67
-5.67
1.33
2.0
4.33
0.0
5.67
1.67
3.67
9.0
6.0
5.67
4.33
-3.33
0.67
4.67
2.0
-1.0
1.33
2.67
7.67
1.67
-1.0
2.0
4.0
6.33
-3.33
7.33
-4.33
3.67
-7.33
3.0
7.33
-7.33
10.0
-6.0
3.0
4.0
2.33
1.33
-4.33
6.33
-1.67
9.67
6.67
3.67
3.0
-4.0
-2.33
-0.33
1.0
3.33
4.67
-2.0
2.0
3.67
1.67
-1.0
-2.0
2.67
-2.33
3.33
-3.33
0.0
1.33
-4.67
4.0
-1.33
10.67
2.33
-2.67
2.33
-0.33
6.0
3.33
5.0
2.33
-2.0
5.67
3.33
-4.33
4.33
4.67
2.33
7.67
14.67
0.0
3.67
2.0
4.67
2.67
8.0
2.67
0.67
1.33
3.33
3.0
10.33
2.0
8.33
5.67
6.33
2.67
1.0
-1.0
0.67
3.33
0.67
3.0
-1.0
-2.33
1.67
1.67
-2.0
-0.33
3.33
-0.67
-2.0
-3.67
3.67
3.67
0.0
6.67
3.67
-6.0
2.0
3.0
-2.67
9.0
4.0
2.67
5.67
3.67
-1.67
0.33
-1.33
4.33
6.67
3.0
4.0
-0.33
-3.0
3.33
1.0
-1.0
2.33
1.0
2.33
-3.67
