0.0
-50.33
-31.33
-94.67
14.33
19.0
-107.33
-28.0
-25.0
-120.33
-17.0
-54.0
-68.33
-0.33
-5.0
-66.0
10.0
-25.0
-3.67
-2.67
-16.67
7.67
36.67
-4.0
1.33
-8.67
-7.67
7.0
-9.0
-2.0
7.0
13.67
-3.33
-5.67
-1.0
2.67
0.67
-0.33
1.0
-1.67
1.33
0.33
2.67
-0.67
0.0
0.33
1.0
0.0
-0.33
-0.33
0.0
0.0
0.0
-0.67
0.0
-0.67
-0.33
0.0
0.33
-0.33
0.33
0.0
-1.67
-0.67
0.33
0.67
0.0
-0.67
-1.0
-0.67
0.0
-0.33
0.0
-0.33
-0.33
0.67
-1.33
-0.33
0.0
0.0
0.0
1.67
0.67
0.67
0.67
0.67
-0.33
-0.67
0.67
-1.0
0.0
-1.33
0.0
-0.67
-1.33
-1.0
0.33
2.67
-1.67
2.0
-0.67
0.33
1.33
-0.33
-1.0
-1.0
0.0
1.67
0.67
-0.67
3.33
0.33
-1.33
3.0
0.0
-1.33
1.67
2.67
0.33
-1.33
3.0
3.67
2.0
0.67
4.33
1.33
-1.0
7.0
-1.33
0.33
2.33
1.33
0.33
-1.67
0.67
0.0
3.33
-5.0
0.67
1.67
3.67
9.0
6.33
4.67
2.0
4.0
-2.33
4.67
-1.67
1.0
5.67
-1.33
-2.67
5.33
1.0
-1.67
-2.33
-2.33
-3.0
4.0
6.0
2.67
4.67
-1.33
6.0
2.33
2.33
3.33
-4.0
2.67
-2.33
-4.0
-0.67
1.0
6.0
5.0
8.0
2.0
-1.67
-3.33
8.67
-0.67
6.67
7.0
0.33
7.33
0.67
-2.0
3.33
4.33
1.0
-2.33
5.0
4.0
6.33
3.33
7.33
3.33
-2.67
5.33
1.0
-4.33
7.33
5.0
2.33
1.33
1.33
-3.67
-3.0
3.33
4.67
5.33
3.67
3.33
-0.33
4.33
3.0
3.0
1.33
3.67
4.67
2.0
5.67
5.67
-2.33
-4.33
9.33
4.33
-8.33
1.0
13.67
4.67
-2.67
-4.67
1.33
-0.67
7.33
-0.67
-2.0
-6.0
8.67
7.67
6.33
9.67
2.0
4.0
6.0
-7.67
-1.67
0.33
1.0
3.0
5.33
-4.0
-1.0
3.67
4.0
1.67
5.0
2.33
6.33
5.0
-4.0
8.0
5.67
2.67
-1.0
8.33
-0.67
3.67
-2.67
3.67
-0.33
0.67
-2.67
6.67
-2.33
6.67
1.0
-5.33
1.0
5.0
0.67
1.0
-2.67
-2.33
0.33
4.0
5.0
10.33
3.33
6.67
5.67
1.67
2.67
9.67
0.67
1.33
6.33
6.33
1.33
1.67
-0.67
7.0
0.67
-2.67
3.0
-1.33
1.0
2.0
1.0
1.33
6.67
3.0
7.33
0.33
-5.33
0.67
-0.33
6.0
3.0
-2.0
7.33
-1.33
5.0
2.67
0.0
4.0
4.0
1.0
3.0
5.67
-6.0
10.33
0.33
3.33
-2.33
3.0
-1.0
10.0
2.33
3.0
6.0
-3.33
3.67
-1.33
6.33
0.0
2.0
-1.67
5.33
0.67
7.67
2.67
2.0
2.0
1.33
3.0
5.33
-0.67
3.67
2.0
2.33
6.0
-1.33
-1.67
7.0
2.33
-0.33
3.67
2.67
3.0
3.33
-0.67
3.67
-2.0
1.0
-2.67
-3.0
-4.0
-3.0
1.33
-7.67
8.0
-1.0
5.33
1.33
0.67
1.33
-4.67
2.0
1.33
6.67
0.0
-3.0
1.67
1.67
3.67
2.67
1.67
1.67
-4.67
0.0
3.67
-3.33
-3.67
0.33
4.33
1.67
0.0
5.33
4.0
6.33
2.67
2.0
0.67
0.0
2.67
1.33
6.33
4.67
5.0
9.67
6.33
-1.33
3.33
0.0
4.33
-3.67
-5.33
2.33
4.67
1.0
2.0
4.33
-2.0
6.33
3.67
1.67
3.0
2.0
2.67
2.0
3.67
2.0
-4.33
1.33
4.0
3.33
2.0
-1.33
6.67
0.67
-1.0
4.33
1.33
5.0
3.67
-3.67
-0.67
0.33
3.33
3.67
-2.67
-4.0
-2.67
-0.67
5.67
0.0
1.0
0.0
2.0
0.67
-1.67
3.33
1.33
1.67
1.33
1.67
-1.33
0.33
5.33
2.0
2.33
-0.67
2.0
4.67
0.0
3.0
8.67
-1.67
0.67
-1.67
5.0
2.0
-2.67
2.33
6.33
2.67
7.67
7.33
-1.67
1.67
1.0
4.33
3.67
-1.33
-1.33
8.67
2.33
-0.33
1.67
-3.67
-0.33
5.33
1.33
2.33
-0.67
3.0
3.0
-2.0
5.67
5.0
0.67
2.67
5.33
0.67
6.33
-0.33
-0.67
-2.67
2.0
5.67
0.33
-1.33
-2.33
4.0
-3.33
-0.33
-0.33
-3.0
-0.33
1.67
-1.33
-0.33
3.67
-2.67
3.0
0.67
3.0
-0.33
3.0
2.0
5.0
1.0
-1.33
-0.33
-5.0
1.0
-1.0
3.67
-6.67
-1.33
1.0
-1.0
2.67
3.67
1.67
-2.0
1.0
4.67
4.0
-1.0
-1.0
1.0
0.0
0.33
-0.33
6.0
1.67
5.67
1.67
-4.0
3.0
-2.67
-3.33
0.0
5.0
0.0
-3.33
0.33
1.67
2.33
4.0
-2.67
0.0
0.67
2.67
1.67
-2.67
1.0
1.0
-1.67
2.67
1.33
5.33
3.67
0.0
3.0
-1.0
-2.33
0.33
5.67
-3.0
4.67
2.67
-3.0
-0.33
2.33
-2.0
-2.33
0.33
-0.67
2.33
-2.33
3.67
4.33
0.33
2.67
6.33
3.0
1.67
-1.0
3.67
-2.0
0.67
1.67
-2.67
2.33
-4.0
1.0
1.0
-1.33
8.0
-1.0
-1.0
1.33
-1.0
1.33
5.0
1.33
-2.0
3.0
0.67
-1.33
-4.33
4.33
-3.0
3.33
0.0
-3.33
1.67
1.67
2.67
6.33
-1.0
-0.33
-1.33
3.0
2.0
-3.0
7.33
3.67
-2.33
-0.67
4.33
6.0
-0.33
-0.33
2.67
1.67
2.33
1.67
-5.0
4.67
-3.67
1.67
-5.0
-1.0
-1.0
-5.0
1.33
0.0
3.0
0.67
-3.33
7.0
-0.33
-1.0
-5.67
-1.67
-0.67
0.33
4.67
3.67
-1.67
-2.0
8.33
-0.67
-1.67
3.67
3.0
-3.0
1.0
-1.0
-1.33
4.67
3.0
3.33
7.67
-1.67
-4.67
-2.67
0.33
-1.33
1.33
1.67
4.33
4.67
-2.33
1.0
-3.67
-2.33
6.0
3.33
-5.0
8.0
-1.67
6.0
0.33
-2.33
3.67
4.0
-1.67
-4.0
-2.0
3.33
2.33
8.0
1.0
6.67
4.0
3.0
2.67
4.33
-1.67
0.0
7.0
0.0
-0.33
1.33
2.33
-2.33
1.67
1.33
2.67
1.0
3.0
6.0
2.33
0.0
2.67
3.0
11.0
-3.67
1.33
-1.0
1.33
4.67
-5.33
-1.0
-0.33
5.33
5.67
1.0
-2.67
-3.0
3.33
3.0
0.67
0.67
0.67
9.33
2.67
1.0
10.67
1.67
2.33
-1.0
7.67
7.0
4.33
5.0
3.67
11.0
5.67
-3.0
8.33
0.0
3.67
8.0
1.33
2.33
7.33
1.33
-3.0
5.67
4.67
5.33
-1.0
0.67
5.33
1.67
5.33
1.33
-1.33
-0.33
3.0
12.33
6.67
9.67
7.33
7.67
6.33
-0.33
1.0
9.67
4.33
10.0
5.33
3.67
4.33
16.33
3.33
4.33
4.67
9.67
0.0
7.67
7.67
11.0
-1.0
2.0
-0.33
8.67
6.67
7.0
6.33
-1.33
12.33
3.67
3.33
10.0
-2.67
7.0
2.67
6.67
4.67
8.67
4.33
2.33
14.33
2.67
6.33
12.33
7.33
5.67
12.0
8.33
1.0
4.33
3.67
5.33
9.67
10.67
8.33
7.0
12.67
2.67
4.33
23.33
2.67
6.67
6.0
5.0
11.33
18.67
18.67
1.67
13.67
4.67
10.33
10.33
3.0
5.0
10.0
13.33
13.33
8.33
3.0
-0.67
11.67
6.33
7.33
8.33
11.0
5.67
4.0
11.67
6.33
11.0
0.0
7.0
24.33
20.67
15.33
14.0
13.33
11.67
20.33
23.67
18.67
37.67
32.67
30.33
25.0
27.33
31.0
26.0
19.0
13.33
14.0
22.67
20.33
8.0
22.67
21.0
22.67
13.67
14.0
27.0
13.0
12.0
12.67
25.0
15.33
12.33
12.67
10.67
11.33
9.67
12.67
12.33
25.67
10.0
15.67
13.33
14.33
18.0
17.0
28.67
23.67
21.33
32.67
30.33
31.0
37.0
33.33
39.0
37.0
40.67
49.0
46.0
37.33
49.67
45.67
40.0
49.33
40.0
36.33
26.0
40.67
31.33
40.33
38.33
42.33
48.0
50.0
42.33
45.67
33.0
21.67
16.33
27.67
29.0
23.33
14.67
19.67
22.67
14.33
24.67
17.0
25.33
30.0
18.33
29.33
33.0
29.33
21.33
16.33
24.0
19.0
27.67
19.33
28.67
24.33
17.33
18.67
25.0
23.67
14.33
14.0
12.0
25.0
20.0
20.67
18.33
12.67
22.0
19.67
20.33
24.0
12.0
26.67
12.33
16.33
13.67
9.0
25.33
17.67
22.0
12.0
14.0
28.33
29.67
34.67
31.67
30.67
19.0
32.67
36.67
25.67
26.33
35.0
36.33
20.0
22.67
40.67
37.0
28.67
32.33
30.33
18.0
22.0
33.0
23.67
15.0
30.33
33.0
41.33
35.33
32.0
43.33
52.33
40.0
48.67
35.33
40.33
36.67
56.67
48.67
43.33
46.67
52.67
45.67
44.0
45.33
35.0
30.33
33.0
22.67
34.67
27.67
23.0
30.67
20.67
10.67
14.33
17.0
20.67
7.33
12.33
13.33
10.0
17.33
12.67
17.33
9.67
19.33
18.0
10.67
16.67
5.67
21.0
16.33
2.0
7.0
8.67
7.33
21.33
23.0
19.67
10.67
-0.33
14.33
21.0
16.67
15.0
5.0
15.67
13.67
17.0
10.33
15.33
19.33
17.67
19.33
17.33
11.0
20.67
22.67
22.0
19.67
14.67
23.67
14.0
4.67
21.0
16.33
15.0
8.0
11.0
20.67
14.0
14.0
14.0
17.33
19.33
6.0
17.33
5.0
10.33
18.33
4.33
12.0
12.0
18.33
18.0
37.0
36.0
38.0
72.0
58.0
74.33
87.33
106.0
136.33
145.67
143.33
182.0
177.33
209.67
221.33
200.0
206.33
203.33
220.0
205.67
208.0
178.67
185.67
171.33
185.67
164.67
119.0
105.67
91.67
98.0
58.0
57.0
67.67
48.0
47.67
41.67
39.33
39.33
33.33
38.67
43.67
42.0
41.33
39.67
44.67
32.67
34.67
46.33
28.67
40.33
45.67
44.33
44.67
38.0
41.0
57.67
37.67
40.67
42.0
53.0
60.0
44.67
59.0
65.67
85.33
73.0
77.67
81.33
88.0
72.0
75.67
94.33
79.67
57.67
76.33
72.33
40.33
46.0
56.0
70.0
62.33
48.67
47.33
38.67
21.67
18.0
26.33
21.33
13.33
20.67
18.0
27.0
26.67
16.0
21.67
12.0
4.0
0.0
15.33
9.67
7.33
15.67
11.33
-0.67
6.33
18.67
18.0
10.67
9.67
14.33
13.0
4.67
8.67
10.0
10.33
1.67
11.33
7.0
11.0
10.0
16.33
12.33
10.0
8.33
10.0
20.67
9.0
19.0
13.0
20.67
16.67
27.67
18.0
14.33
16.0
18.0
18.67
23.67
11.0
17.67
9.0
10.67
21.0
22.0
24.0
10.0
39.67
21.0
11.33
28.67
14.67
31.33
25.0
15.33
14.33
30.33
21.33
16.0
16.67
22.0
16.0
18.0
18.0
17.33
11.33
0.33
10.0
16.33
30.67
12.67
11.0
13.33
21.0
28.33
28.67
24.33
22.33
18.0
29.0
18.0
21.0
12.0
11.33
19.33
17.0
12.67
15.67
21.33
18.33
22.67
18.33
24.67
46.0
14.0
18.67
21.0
31.0
30.0
22.67
33.67
24.0
16.67
26.0
29.0
22.0
8.0
15.33
20.67
10.67
28.67
17.33
11.67
9.67
6.0
5.0
9.0
3.0
6.33
13.0
23.33
14.33
7.67
13.67
14.67
19.67
17.0
16.67
15.33
16.0
12.0
11.67
8.33
11.67
15.67
15.0
11.67
5.33
28.0
2.67
10.0
15.33
14.67
17.0
8.67
18.0
14.0
9.67
11.67
2.33
5.33
7.67
13.0
13.33
4.67
9.0
14.33
2.67
12.0
-0.33
6.33
14.0
13.67
12.33
10.0
15.67
13.67
2.67
-3.67
6.0
6.0
3.67
0.33
4.67
5.0
25.0
13.33
-3.0
-1.0
11.33
3.33
1.0
-5.33
19.0
18.0
5.33
2.67
29.0
11.33
11.67
8.67
17.0
4.33
14.67
2.33
5.33
0.33
2.33
3.0
9.67
4.33
13.0
0.33
16.33
15.0
16.33
7.33
3.67
9.67
12.33
8.33
0.67
0.0
7.33
6.67
9.0
9.33
7.67
-11.67
15.0
12.67
-1.0
11.0
14.67
5.33
1.33
13.67
12.0
15.33
6.67
12.0
13.67
3.0
10.0
11.67
14.67
2.33
0.0
12.33
3.33
-7.0
-3.67
9.67
3.0
4.67
8.0
14.67
9.33
13.0
9.0
10.33
6.67
10.33
1.33
6.0
4.0
8.33
2.67
8.67
11.67
12.0
22.0
7.67
14.67
19.67
13.0
13.33
2.67
2.67
11.33
-3.0
3.33
3.0
8.67
10.33
1.67
-2.33
17.0
9.33
6.67
7.0
10.0
16.67
-2.33
3.33
17.67
8.0
9.0
6.33
1.33
12.0
9.67
12.33
11.33
5.67
18.0
16.33
11.33
4.67
2.0
7.67
9.33
18.0
17.67
10.67
12.33
1.0
-2.67
-4.0
4.33
-6.67
8.0
1.0
-6.0
3.33
2.0
4.33
17.0
11.0
14.0
20.33
13.33
14.33
10.0
12.67
18.67
18.33
8.33
4.33
-1.33
4.33
12.67
3.33
10.67
21.33
9.67
3.67
7.67
-8.0
4.33
-1.33
6.33
9.67
19.33
14.33
10.0
12.0
1.33
-2.67
4.33
10.67
14.0
1.33
6.67
15.67
9.67
7.0
3.67
14.67
9.67
5.33
2.33
8.67
5.33
9.67
4.67
8.67
-11.0
-4.33
19.67
-6.33
4.67
-2.67
0.0
4.67
2.0
-1.0
6.33
6.0
-3.33
9.33
17.0
10.0
5.0
-12.67
7.0
-6.67
5.33
14.0
5.33
12.67
0.33
3.0
7.67
-6.33
9.0
9.67
0.33
13.33
0.33
1.0
8.67
10.67
9.67
6.33
9.33
5.33
0.67
-3.0
-3.33
4.33
2.0
5.67
-8.67
0.67
-5.67
0.0
2.0
-1.33
4.67
-7.67
2.33
1.0
0.33
9.67
3.67
8.0
5.0
10.0
7.33
1.33
5.0
8.33
3.33
1.67
-3.67
9.33
7.67
3.67
5.0
6.67
1.33
-3.33
-1.67
3.33
2.33
-2.67
1.33
2.67
20.33
2.33
19.0
-1.33
6.67
9.33
11.0
8.0
7.33
-1.33
11.33
5.0
0.0
-3.33
7.67
-1.33
10.67
8.33
-0.33
-2.67
0.33
1.33
8.0
5.0
-3.33
5.67
4.67
4.67
-0.67
4.33
8.33
-5.67
5.33
10.0
12.33
-2.0
8.33
7.33
-5.67
-4.67
7.67
7.0
-4.0
6.33
2.33
4.0
-2.67
-4.33
2.67
-0.67
4.67
-1.67
-2.67
3.33
3.0
1.67
2.33
10.67
1.67
-4.33
1.67
-1.33
5.67
6.0
6.67
-3.67
-1.67
4.67
1.33
7.33
0.0
5.0
1.67
12.0
9.0
0.33
4.0
2.0
3.0
4.0
0.33
7.0
1.0
3.0
-0.33
-3.0
3.33
4.67
-1.67
12.0
2.67
0.0
-4.0
-6.33
-7.67
0.33
2.0
5.67
1.67
3.33
-0.33
3.0
-3.67
9.0
9.0
-2.0
-3.67
5.67
3.0
1.33
3.33
0.0
12.33
-0.67
0.67
3.67
-1.67
-11.33
2.0
10.33
-3.33
-5.67
-4.67
5.33
-2.67
4.67
5.33
2.0
5.33
-1.0
-0.33
-1.0
-4.33
1.0
6.67
10.0
0.67
6.67
8.33
3.33
5.0
7.0
0.0
0.67
5.33
1.67
6.0
5.0
5.67
0.33
0.33
1.67
-1.0
3.0
-0.67
6.0
2.33
1.33
3.33
3.33
1.67
4.33
1.0
8.33
-1.33
-5.67
0.33
6.67
-4.0
8.33
0.33
2.33
8.0
0.67
-2.0
3.33
-1.67
3.33
0.0
5.33
4.67
9.0
1.67
-2.0
-0.67
2.33
5.67
1.67
3.0
6.0
1.0
2.67
-0.67
5.33
3.67
-3.0
1.0
8.67
12.67
5.67
3.33
-3.0
5.33
-3.67
0.0
3.33
3.33
-1.33
-5.67
4.0
2.33
13.33
-1.33
8.67
4.0
4.0
6.33
-2.33
3.67
-3.33
1.33
4.33
5.67
5.33
0.33
-1.67
4.67
1.33
0.67
-2.33
6.33
-1.0
4.0
-2.67
5.67
-8.0
-1.0
6.33
-0.67
3.67
5.67
0.0
-4.33
-1.67
0.0
8.33
9.0
6.0
1.67
-0.33
0.67
4.0
2.0
9.67
7.67
6.67
1.33
9.0
4.33
1.67
1.0
2.67
-3.0
0.33
-2.0
-0.67
1.33
-5.0
-5.67
-3.33
3.0
3.0
-1.33
2.33
3.33
2.0
0.0
-0.33
0.0
7.67
-0.67
2.33
-0.67
3.0
8.33
-3.33
3.33
-9.67
1.0
0.67
5.0
-1.0
0.33
-2.0
1.67
2.33
-0.33
4.0
5.33
-4.67
3.67
0.67
0.0
6.33
-1.67
7.67
-2.33
-2.67
2.33
0.33
1.67
-0.33
0.33
2.33
1.67
-2.33
1.33
4.0
1.0
4.67
-5.0
4.33
