0.0
-93.33
69.67
-90.67
-10.67
70.0
60.67
54.0
40.0
-0.33
2.0
-59.0
33.67
-6.33
-16.0
-60.0
-1.0
-2.0
-23.67
-1.67
12.33
28.67
-28.33
8.0
31.33
-0.67
-10.67
-13.0
-8.0
4.0
7.0
4.67
2.67
-2.67
0.0
2.67
-1.33
0.67
0.0
-1.67
-0.67
-0.67
0.67
-0.67
0.0
-0.67
0.0
0.0
-0.33
-0.33
1.0
1.0
0.0
0.33
0.0
-0.67
2.67
0.0
-0.67
-0.33
-0.67
0.0
-1.67
-0.67
-0.67
0.67
1.0
-0.67
-1.0
-0.67
1.0
0.67
1.0
-0.33
0.67
-0.33
-1.33
-0.33
0.0
-1.0
2.0
-0.33
0.67
-0.33
-0.33
0.67
-0.33
0.33
0.67
0.0
-1.0
-2.33
-1.0
1.33
-1.33
1.0
1.33
-0.33
-1.67
0.0
-0.67
1.33
0.33
0.67
0.0
0.0
1.0
0.67
-1.33
0.33
-0.67
0.33
-1.33
-3.0
0.0
-1.33
7.67
0.67
-3.67
-0.33
4.0
3.67
3.0
-2.33
0.33
3.33
-1.0
2.0
1.67
0.33
2.33
-0.67
-3.67
-0.67
3.67
-5.0
7.33
-4.0
-1.33
-3.33
4.67
4.0
1.33
3.67
0.0
3.0
0.67
-0.33
7.33
1.0
2.67
-1.33
-4.67
3.33
2.0
-0.67
5.67
2.67
4.0
-2.0
4.0
1.67
10.67
8.67
9.0
6.33
2.33
0.33
-5.0
3.67
-0.33
9.0
8.33
-1.0
4.0
5.0
7.0
5.0
-2.67
-1.33
2.67
-2.67
0.67
2.0
2.33
-0.67
7.67
1.0
8.33
6.33
7.0
-7.33
5.0
4.0
7.33
5.33
7.33
7.33
0.33
6.33
-1.0
-0.33
1.33
2.0
8.33
-0.67
-3.67
4.33
4.0
4.33
0.67
-0.67
-2.33
8.33
3.67
7.33
1.0
-1.0
6.33
3.67
-1.33
3.0
3.67
-2.33
-0.33
4.67
9.33
3.33
1.67
-4.0
10.67
8.67
-1.67
-3.67
6.33
0.33
4.33
7.33
2.0
-1.0
0.67
6.67
-4.67
6.67
1.0
3.0
7.0
0.33
-3.67
4.33
5.0
9.0
-2.67
-3.0
2.0
3.67
6.0
3.67
2.0
-1.67
9.33
0.0
9.0
6.0
7.67
-3.33
1.0
5.33
6.33
4.67
2.33
2.67
0.67
-4.33
6.33
3.67
5.67
2.67
1.0
1.67
1.0
-6.0
-3.33
1.0
3.33
4.67
1.33
3.0
1.0
5.33
7.33
2.67
8.67
5.67
-1.33
8.67
2.67
-0.67
3.33
4.33
-0.67
4.67
-1.67
6.0
1.67
-1.67
5.0
-3.33
0.0
1.0
2.0
-1.67
-2.33
4.0
1.33
3.33
-2.33
4.67
8.67
4.0
3.0
1.0
3.33
1.67
-1.0
0.67
3.0
5.0
6.0
9.0
0.0
6.67
-3.0
4.33
1.33
4.33
2.67
1.0
9.0
0.0
-0.67
-1.0
2.0
-1.33
0.67
2.67
2.33
-2.0
-2.0
0.33
-2.67
4.67
7.67
-2.33
-6.0
6.0
1.33
2.0
2.33
0.33
-3.33
5.0
-3.67
3.0
-2.33
6.33
0.0
3.33
0.67
2.67
-3.33
3.0
4.33
1.33
2.67
2.0
3.0
3.33
0.0
2.0
1.0
-3.67
-3.67
5.0
-1.0
0.33
-3.67
-4.33
7.33
1.33
0.0
3.33
2.67
3.0
-1.0
1.67
4.67
4.67
-0.33
3.67
-1.33
-5.67
1.0
3.67
6.67
0.33
-3.67
-3.67
2.67
4.0
5.33
8.0
0.33
0.67
0.0
1.67
-1.0
-0.33
2.33
-2.67
0.67
3.0
8.67
0.33
0.67
4.33
1.0
5.33
1.33
-5.33
3.33
4.67
-2.0
1.0
-0.67
-2.0
11.33
3.67
6.67
5.0
1.0
1.67
-2.0
5.67
1.0
0.67
2.33
4.0
0.33
13.0
0.67
2.67
2.67
-3.0
0.33
2.33
-3.0
1.67
3.33
-1.67
-3.67
4.33
8.67
1.33
-4.0
-0.67
-3.67
4.67
4.0
-1.0
2.0
4.0
3.67
2.33
0.33
4.33
-1.33
-2.67
7.67
2.67
0.33
-2.67
2.0
6.33
-1.67
0.0
1.67
-2.0
3.0
-1.33
-0.67
5.67
4.33
-1.0
-1.0
-3.67
-1.67
-2.67
0.67
3.67
0.33
-2.67
3.67
10.0
1.33
3.67
3.67
3.67
5.67
2.33
3.67
2.67
-2.67
0.67
3.33
-1.67
-2.67
4.33
1.0
-2.0
-1.0
3.67
4.0
-1.33
3.67
4.33
0.67
3.33
1.67
-0.67
2.33
6.0
4.67
3.33
-0.33
-2.33
2.0
4.67
-1.33
0.67
-1.0
1.67
0.67
-0.33
-3.33
-0.33
0.33
2.0
-0.33
2.0
-0.33
1.0
4.0
-1.0
4.0
3.67
3.67
0.0
0.0
8.0
3.67
3.33
1.67
-1.0
0.0
-4.33
4.67
-1.33
1.0
3.0
2.67
4.0
0.0
0.0
0.0
1.0
-3.67
0.67
3.0
2.67
0.67
3.67
-1.0
0.0
1.33
0.67
6.0
5.0
2.0
-2.33
0.33
3.67
2.33
6.0
-1.67
3.0
0.67
2.67
2.67
-1.67
-3.0
0.0
-2.67
-0.33
2.33
-0.67
1.67
0.0
3.0
4.0
1.67
1.33
2.67
-3.0
3.67
0.67
-4.0
1.67
4.33
1.0
-1.33
3.33
-1.67
6.33
0.67
-1.33
0.33
-0.67
-3.33
4.33
4.0
1.67
-1.0
0.67
0.0
1.67
-1.33
-0.67
3.33
-5.0
-4.0
-2.0
-0.33
0.0
1.0
2.0
5.33
2.0
1.33
-1.0
0.33
3.0
-2.0
2.67
1.67
-2.33
-1.67
-7.0
2.33
2.0
1.67
0.67
-0.33
-2.33
-2.67
3.0
-1.33
-2.33
1.0
-5.0
0.0
7.33
-0.33
3.67
5.33
2.33
7.0
6.67
2.67
4.67
6.67
7.33
6.67
-1.0
-3.33
-4.67
0.67
-4.0
6.0
-3.0
1.0
0.33
4.0
2.0
-2.33
-1.33
6.0
-1.33
1.0
-0.67
0.33
0.33
0.33
3.67
-1.33
3.33
-3.0
1.33
4.33
5.33
3.67
5.0
-1.0
-1.0
0.0
1.67
1.67
0.0
2.33
0.67
2.33
0.33
0.33
5.33
2.67
3.33
6.67
3.33
-1.33
4.67
2.0
7.33
1.67
2.0
-2.67
1.0
2.0
1.33
6.0
-1.67
-0.33
4.67
1.0
6.33
-9.0
-2.0
-0.67
1.33
6.0
1.0
11.67
0.0
2.0
2.67
-0.67
2.33
0.0
5.0
-3.0
-2.33
1.33
0.33
4.67
-1.33
-5.67
-1.33
3.0
2.0
5.0
1.33
7.0
10.67
0.0
6.0
2.33
1.33
1.0
1.33
9.67
-1.33
-4.0
4.67
1.33
2.67
3.0
1.33
-2.0
0.33
1.0
-0.33
-0.33
-0.33
8.33
-0.33
2.0
11.67
-0.33
1.33
5.0
2.67
6.0
8.33
6.0
6.67
5.0
1.67
2.0
16.33
8.0
2.67
9.0
7.33
10.33
5.33
6.33
3.0
9.67
14.67
4.33
5.0
7.67
1.33
5.67
7.33
10.33
7.67
11.67
4.0
5.33
2.67
6.67
1.33
0.67
16.33
2.67
0.0
5.67
0.33
3.0
4.33
9.67
0.33
5.33
5.33
-0.67
7.67
-0.33
6.0
-0.33
15.67
8.0
11.0
10.0
11.67
7.67
17.67
4.0
0.33
-0.33
8.33
7.67
5.33
10.0
10.33
7.0
7.67
9.67
8.67
5.67
7.33
10.33
2.33
3.67
7.33
6.33
8.33
8.67
13.0
6.33
16.0
4.33
7.67
5.33
8.67
8.67
18.33
4.0
6.67
1.67
9.33
6.33
7.67
5.67
8.0
11.0
7.33
12.67
8.67
11.67
9.67
5.67
13.33
9.33
1.0
6.0
8.0
8.33
12.33
15.33
4.0
6.33
15.67
6.33
14.33
13.33
15.0
10.67
8.0
-0.33
6.33
8.0
4.0
12.0
12.33
12.67
22.33
20.0
18.33
22.67
28.33
32.67
20.67
34.67
48.67
28.33
45.0
57.33
35.0
40.0
32.0
44.33
40.0
40.67
36.33
36.0
36.67
18.0
22.67
26.67
15.0
29.0
20.0
17.0
20.67
17.0
14.33
15.33
13.67
21.67
9.33
12.67
18.67
10.33
22.67
11.0
8.67
8.33
24.33
13.0
13.0
8.67
18.67
13.33
26.67
20.33
35.0
26.0
57.33
48.0
61.0
57.67
62.0
68.0
76.33
47.67
67.67
74.0
51.33
43.0
40.33
62.0
47.67
65.33
56.33
52.33
55.33
63.0
53.0
58.33
52.67
69.0
41.67
48.33
36.67
31.0
25.33
26.67
23.67
27.67
23.33
29.67
27.0
16.33
23.0
15.33
23.33
26.0
36.33
14.33
30.33
20.0
23.0
16.67
20.33
20.67
31.33
15.33
21.67
27.0
22.67
16.33
20.0
19.0
33.0
23.0
27.67
26.33
28.67
22.0
31.67
18.33
16.0
18.0
15.67
23.33
24.33
31.67
28.0
27.33
27.67
29.0
37.0
31.0
32.33
43.67
24.67
32.67
52.67
32.0
32.67
35.67
34.67
44.33
28.0
34.33
41.0
43.67
33.67
29.0
35.67
47.33
24.33
27.0
30.0
21.0
30.67
24.0
27.33
42.0
34.33
24.33
39.0
37.33
44.33
28.0
42.67
47.33
35.33
47.67
29.67
57.67
36.33
45.67
43.67
43.67
29.0
26.33
40.0
28.33
35.0
35.67
25.67
16.67
20.0
20.67
26.67
9.67
16.33
24.0
21.67
19.33
22.33
16.33
14.0
22.33
16.67
10.33
6.67
13.33
25.0
15.67
9.67
9.67
16.0
11.33
10.0
14.0
6.67
12.33
10.33
13.0
10.67
22.67
11.67
18.33
15.0
11.67
8.0
3.0
15.67
10.67
13.0
9.33
20.33
13.33
14.67
19.33
21.33
25.0
22.67
9.67
13.0
21.67
12.67
11.67
12.0
17.67
14.0
22.33
16.0
20.0
5.0
15.67
10.0
4.0
15.0
14.33
3.33
8.0
22.33
22.0
9.33
10.33
24.33
28.0
8.0
25.33
27.0
30.0
46.0
41.0
83.0
64.0
89.33
104.33
97.0
135.33
160.67
159.33
170.0
177.33
178.67
202.33
211.0
202.33
192.33
197.0
168.67
166.0
132.67
151.67
115.33
115.67
88.67
87.0
77.67
46.67
69.0
58.0
40.0
44.67
37.0
27.67
40.67
21.33
47.33
35.33
57.67
30.67
27.0
43.33
45.67
45.67
43.67
42.67
42.33
55.67
43.33
58.67
58.33
39.67
49.0
59.0
70.67
59.67
40.67
48.0
58.0
42.0
54.67
50.0
53.67
51.33
49.0
58.67
64.33
68.0
78.0
74.67
96.33
76.67
63.67
87.33
70.33
78.33
65.0
61.0
58.0
57.33
41.67
36.33
38.67
42.67
27.0
26.33
25.33
23.33
21.67
12.0
15.0
10.67
13.0
19.67
10.0
16.0
21.0
19.33
16.67
9.33
15.67
13.33
23.33
12.33
12.67
9.0
13.67
16.67
6.33
14.0
22.67
21.67
14.0
14.33
2.67
17.33
10.0
12.0
16.0
9.33
18.33
10.0
26.33
15.0
16.67
11.0
26.0
28.0
19.67
25.67
31.67
22.0
26.33
14.0
24.0
24.67
14.67
24.0
29.67
22.0
26.67
12.0
17.0
29.0
21.0
34.67
24.0
21.33
36.67
16.67
30.33
10.0
18.33
21.33
20.33
19.33
24.0
16.67
23.0
17.0
11.0
24.0
24.33
31.33
14.33
9.0
11.33
15.67
11.67
20.0
21.33
11.0
17.33
17.67
25.33
18.33
14.0
22.0
25.0
20.0
18.0
11.33
10.33
19.0
24.67
23.67
25.33
27.33
9.67
31.33
20.67
13.0
21.0
15.67
19.0
22.0
13.0
28.67
29.67
23.0
12.67
12.0
14.0
18.0
8.0
12.33
14.67
26.67
25.67
19.33
8.67
15.67
11.0
17.0
6.0
19.0
13.33
3.0
17.33
9.33
9.67
16.67
11.67
4.67
19.0
17.67
1.33
2.0
21.0
5.67
13.33
12.67
15.67
17.0
11.67
21.33
8.0
10.67
14.0
22.33
19.67
11.0
12.67
17.0
6.0
5.67
12.67
10.33
11.33
16.67
9.0
24.33
11.67
14.0
12.33
15.67
8.0
15.67
15.33
5.0
6.67
12.33
12.0
20.67
16.67
12.67
5.33
3.0
5.0
10.67
3.33
5.67
10.0
11.0
3.33
12.0
7.0
13.33
2.33
8.0
5.67
5.0
16.0
1.33
-0.33
4.0
13.33
14.67
13.67
22.0
5.33
2.67
8.33
8.33
9.33
17.33
2.0
4.67
1.33
8.0
3.33
4.33
6.0
6.33
11.33
8.67
4.67
6.33
4.33
-5.33
-1.0
6.33
3.67
2.0
6.33
3.67
2.33
9.0
0.67
3.0
19.0
11.67
7.33
3.33
8.67
16.0
2.33
9.67
29.0
4.67
12.0
12.0
17.67
-1.33
2.33
22.0
14.33
3.33
11.0
1.33
17.67
0.0
7.67
14.0
9.67
4.33
5.0
0.0
12.33
8.67
7.33
13.33
13.0
14.0
15.33
15.67
12.67
7.67
13.0
0.0
-0.33
18.67
14.67
1.0
3.33
4.67
5.67
5.33
11.0
6.33
14.0
12.67
12.33
14.67
8.67
8.0
14.33
8.67
0.0
11.0
9.67
-3.33
6.33
5.67
9.0
12.0
13.33
19.33
14.0
14.67
8.33
14.33
4.67
8.0
13.33
6.33
1.67
11.0
14.67
10.33
4.0
5.67
19.67
2.33
21.0
16.33
21.0
5.33
4.33
7.0
8.0
3.0
18.33
5.0
1.33
13.0
6.0
25.0
17.33
18.33
10.33
-2.0
10.67
21.67
12.33
11.33
17.33
14.67
16.33
18.67
11.33
14.67
4.33
10.67
2.67
5.67
18.0
9.33
27.67
17.33
0.67
7.33
9.33
27.0
15.0
10.33
6.33
6.33
11.67
9.0
-4.67
7.67
6.67
0.67
15.0
-5.33
11.67
13.67
-2.67
15.33
9.67
11.33
-1.33
-1.33
-0.33
19.0
-1.33
8.67
2.67
-6.33
7.33
3.0
3.67
7.0
-1.0
0.33
6.0
3.67
8.33
4.0
1.0
-5.0
1.33
5.0
9.33
10.33
5.0
5.33
6.67
8.33
8.0
-1.33
3.67
5.0
-0.33
1.33
4.33
-0.67
3.0
14.67
7.67
-1.33
0.33
0.33
3.33
9.67
1.0
0.67
10.33
8.0
0.67
-1.67
-2.33
4.33
2.0
7.0
1.67
-5.33
2.33
-3.67
-2.0
2.33
-0.33
8.67
8.0
4.0
3.0
9.33
-1.67
3.0
1.33
9.33
-2.33
-2.67
-1.67
0.67
4.67
2.0
1.67
10.33
-0.33
6.33
-0.67
-1.67
-2.67
-8.67
2.67
3.33
5.33
8.0
-0.33
-1.33
6.33
8.0
-1.0
9.33
-1.33
-2.67
-6.0
13.0
-0.33
12.67
12.67
2.67
3.33
3.67
-0.67
2.33
-0.67
6.0
5.0
10.67
3.67
2.67
12.67
9.33
7.33
4.33
-2.67
-4.67
5.0
3.33
6.0
-1.67
9.33
5.33
0.33
13.67
3.0
-6.0
5.33
2.33
9.0
0.33
-3.33
4.67
1.33
5.67
-0.67
-0.67
4.33
2.0
-3.33
4.33
6.67
11.67
4.67
6.67
0.67
7.67
3.0
-5.33
1.33
8.33
-0.33
10.33
-3.67
1.0
11.0
2.67
-2.0
11.0
-2.67
2.0
8.0
2.0
-4.0
-3.67
6.0
0.0
1.0
0.67
-3.0
-1.67
4.67
2.33
-1.0
-2.33
1.0
5.0
-3.33
-5.67
3.33
3.0
5.67
2.67
-1.67
4.67
-2.0
8.33
2.0
-3.0
-7.0
2.33
-0.33
6.0
4.33
4.33
-1.0
1.33
3.33
3.67
9.67
-0.67
0.67
7.0
4.33
9.67
5.33
2.33
8.33
7.33
-0.33
5.33
5.0
7.33
-3.0
-0.33
7.0
3.67
12.0
-0.33
7.0
4.67
-5.33
5.33
-0.67
3.0
2.0
-4.0
4.67
7.33
-1.33
-3.0
1.0
-2.33
-0.67
-3.67
1.67
4.0
11.0
1.33
7.0
0.33
-1.67
-0.67
5.33
-6.33
0.33
3.0
8.33
0.67
-0.67
4.33
5.67
-4.0
5.33
6.33
-1.67
1.0
3.67
-1.0
4.33
3.33
7.33
-3.0
7.33
5.67
0.0
-0.33
1.0
8.33
0.33
5.67
0.67
-1.0
2.0
2.0
3.67
0.33
1.33
2.67
1.0
3.0
-2.33
4.67
0.67
7.33
-2.0
7.33
5.33
-2.0
-0.67
1.33
1.67
-1.67
3.0
2.33
3.33
6.67
2.67
4.0
1.0
6.33
4.67
3.67
0.67
-1.67
-2.67
2.67
-3.67
5.33
0.33
-2.33
1.33
3.67
11.67
-2.67
13.0
3.0
-2.67
-1.33
1.0
4.0
0.33
4.33
1.67
5.67
-1.0
5.67
4.33
6.0
9.33
7.0
1.0
-4.33
-3.33
-1.33
2.0
1.0
5.67
0.67
11.67
-3.67
5.0
4.33
-3.33
2.0
-2.33
3.0
0.33
-2.0
3.33
-0.67
-5.0
-5.67
-1.33
3.0
3.0
-3.33
-0.67
2.33
2.0
3.0
-0.33
0.0
3.67
-1.67
7.33
-0.67
2.0
6.33
-5.33
-0.67
-7.67
-1.0
8.67
-3.0
0.0
-2.67
-1.0
-0.33
-1.67
-0.33
0.0
2.33
-2.67
2.67
-3.33
-1.0
4.33
-1.67
0.67
-1.33
-5.67
-3.67
3.33
0.67
-1.33
-4.67
0.33
-1.33
3.67
1.33
4.0
2.0
5.67
5.0
0.33
