0.0
-26.33
45.67
-130.67
-75.67
-22.0
-43.33
-74.0
-12.0
-67.33
-111.0
-53.0
-50.33
7.67
38.0
-50.0
29.0
7.0
-5.67
-13.67
3.33
1.67
-15.33
-4.0
8.33
-1.67
-0.67
-12.0
3.0
-1.0
3.0
-0.33
0.67
-3.67
-2.0
-1.33
-2.33
-0.33
1.0
-1.67
-0.67
0.33
-0.33
-0.67
0.0
0.33
1.0
0.0
-0.33
0.67
0.0
2.0
0.0
-0.67
0.0
0.33
-0.33
2.0
-0.67
-0.33
-0.67
0.0
-1.67
-0.67
-0.67
-0.33
0.0
-0.67
-1.0
-0.67
1.0
-0.33
0.0
-0.33
-0.33
-0.33
-1.33
0.67
2.0
0.0
0.0
-0.33
-0.33
0.67
0.67
0.67
-0.33
0.33
-0.33
0.0
0.0
-1.33
-1.0
0.33
-0.33
-1.0
0.33
-0.33
-0.67
2.0
0.33
-0.67
-0.67
0.67
0.0
1.0
-1.0
-0.33
-1.33
-1.67
-1.67
1.33
-0.33
-2.0
1.0
-0.33
3.67
3.67
-0.67
-3.33
-2.0
0.67
1.0
-2.33
-1.67
3.33
1.0
3.0
3.67
3.33
-0.67
-1.67
3.33
4.33
6.67
-2.0
-0.67
2.0
-0.33
3.67
2.67
0.0
-1.67
3.67
-4.0
4.0
2.67
5.67
0.33
2.0
2.67
-2.33
-5.67
0.33
1.0
6.33
-2.33
-0.33
-3.0
-6.0
1.0
6.67
1.67
8.67
4.0
0.33
7.33
0.33
0.0
1.67
0.67
-4.0
2.33
-1.0
4.0
0.0
9.0
2.0
-4.67
-1.33
1.67
1.33
-3.33
1.0
-0.67
-1.67
-1.33
-2.0
2.33
2.33
6.0
0.67
-2.0
4.0
1.33
3.33
5.33
3.33
-2.67
7.33
-1.0
-0.33
0.33
1.0
6.33
7.33
0.33
3.33
8.0
7.33
-2.33
2.33
0.67
4.33
-1.33
4.33
5.0
2.0
-2.67
6.67
-1.33
1.0
9.67
1.67
-1.33
6.67
4.33
1.33
1.67
-3.0
7.67
1.67
-2.67
-0.67
0.33
5.33
5.33
2.33
-2.0
3.0
8.67
5.67
-5.67
0.67
2.0
-5.0
-5.0
-1.67
-1.67
3.33
4.0
-4.0
-0.67
6.0
2.0
0.67
8.0
-2.33
0.0
-2.67
2.33
5.0
3.0
-2.0
9.67
5.67
3.0
3.33
1.33
4.67
-5.67
2.67
1.67
-0.33
5.33
2.67
2.67
0.67
5.0
2.67
-2.0
-5.0
-2.33
-2.0
6.33
-0.33
-5.67
1.0
1.0
-1.67
4.33
-1.33
5.67
1.67
7.67
5.67
0.67
-0.67
-1.67
1.33
5.33
-0.33
-0.67
1.0
-1.33
3.33
6.0
-4.33
-2.0
6.0
7.0
4.33
-1.33
2.0
6.33
3.33
0.67
1.67
0.67
3.0
1.0
-3.0
5.33
1.67
2.0
1.67
4.0
4.0
5.0
-5.0
0.0
-2.33
-3.0
3.33
-1.67
0.33
0.67
7.0
5.0
1.0
0.33
-5.0
0.0
-4.33
-3.33
2.67
9.33
1.0
-4.0
-2.67
6.33
6.67
2.67
-2.33
-1.0
-2.0
2.33
1.0
2.33
-3.67
-0.33
8.0
-4.67
3.0
-1.33
0.33
9.0
4.33
-2.33
5.67
-0.33
2.0
1.33
3.33
7.67
-1.0
0.0
0.33
-2.0
-2.0
4.0
-2.67
-3.67
6.0
4.0
2.33
4.33
-0.33
3.33
4.33
5.0
4.33
12.67
4.0
1.0
-2.33
-0.33
-0.33
-1.33
3.67
-2.33
-9.67
-6.0
4.67
0.67
-0.67
5.33
-3.67
0.67
-1.0
3.33
6.0
1.33
6.67
-1.0
2.67
9.0
0.67
0.33
2.33
2.67
5.0
2.67
1.33
-0.33
3.33
-1.0
0.33
5.33
1.67
-1.67
1.67
2.0
-2.0
10.33
1.0
-2.67
-1.33
1.67
-2.0
1.0
2.67
-4.0
6.67
5.0
-3.33
8.33
4.0
0.33
2.0
-0.33
0.67
3.67
0.0
0.33
-0.67
2.0
0.67
-2.67
0.33
0.33
1.33
-2.33
-3.67
2.0
3.33
3.33
2.67
0.0
0.0
-1.0
12.0
2.67
4.33
0.33
2.33
5.67
0.33
-0.33
-5.33
-4.67
0.33
2.0
1.33
-1.67
-2.0
2.67
1.0
3.0
1.67
1.33
-1.33
1.33
1.0
-2.0
-2.67
-2.67
2.33
-1.33
6.67
3.33
-5.67
6.67
4.0
0.33
2.67
-0.33
-0.33
1.67
2.33
0.67
4.67
-1.67
2.67
7.33
5.33
2.33
-1.67
0.0
1.0
3.0
3.67
1.0
-1.33
2.67
-0.67
1.67
2.33
-1.33
1.33
-0.67
6.0
3.67
-0.67
1.67
-4.33
3.0
0.67
-0.33
2.67
-2.0
1.67
-0.33
-0.33
-6.33
0.67
1.33
1.0
2.67
4.0
-1.33
2.0
8.0
4.0
0.0
2.67
-1.33
2.0
-2.0
0.0
1.67
-5.67
-1.33
5.0
1.0
1.67
1.67
4.67
-1.0
0.0
-1.33
-1.0
-3.0
5.0
3.0
2.0
0.33
2.67
5.0
-4.33
1.67
-2.33
1.0
2.0
2.33
0.67
-1.0
-1.0
-5.0
-0.33
-0.67
1.67
3.33
-1.0
-5.67
5.0
2.67
2.67
0.67
-4.67
-4.0
-4.0
0.33
-1.33
-3.67
0.33
5.67
0.0
7.0
3.0
-0.33
6.33
5.67
0.0
2.67
-0.33
-2.0
-1.33
4.33
-3.0
-3.33
4.33
1.33
-0.67
-0.33
3.67
1.33
2.33
1.67
7.33
2.0
2.67
-2.0
3.67
2.0
0.67
1.67
1.33
-0.67
-2.0
1.0
-2.0
-1.33
-1.0
1.0
5.0
0.33
1.0
3.33
5.0
1.33
-2.0
2.0
1.67
1.67
-2.33
1.33
3.0
1.33
5.0
-1.33
-1.33
-0.33
2.67
-0.67
3.0
-0.33
-0.33
3.0
-4.0
1.0
1.33
0.67
2.67
-2.67
1.33
1.0
-4.33
-2.33
2.67
3.67
0.33
-1.33
2.0
4.67
-4.67
-0.33
1.0
2.0
0.0
6.0
1.33
0.0
4.0
1.67
-0.33
1.0
0.67
1.0
3.33
-0.67
-2.67
-1.67
0.67
-1.33
2.33
4.0
0.33
0.33
0.33
1.67
8.0
0.0
9.0
-3.0
-2.33
1.67
3.0
-3.67
5.67
-0.67
6.33
-3.67
1.33
1.67
4.33
3.67
4.33
0.67
0.67
0.0
1.33
3.67
-2.0
0.33
0.0
0.0
2.33
0.0
2.33
3.67
0.67
7.0
-0.67
-3.0
1.0
0.33
-2.67
7.0
2.0
4.67
2.0
-1.0
4.67
-0.67
5.33
-3.0
6.0
4.0
-0.33
3.33
-3.67
3.67
5.67
-2.67
5.67
0.0
2.0
-1.0
0.33
0.0
3.67
1.0
14.0
7.33
0.33
1.0
-1.67
-2.33
-0.33
1.0
-3.33
5.33
4.67
4.0
-1.67
1.0
-2.67
5.0
2.67
-1.33
2.67
10.33
2.67
0.0
8.67
0.67
1.33
6.0
5.67
5.0
12.33
4.0
4.67
4.0
3.67
-2.0
6.33
6.0
10.67
9.0
10.33
3.33
7.33
1.33
4.0
8.67
5.67
1.33
8.0
2.67
4.33
2.67
1.33
6.33
-0.33
4.67
9.0
2.33
5.67
3.67
3.33
-0.33
11.33
10.67
0.0
9.67
4.33
8.0
8.33
7.67
3.33
5.33
5.33
11.33
5.67
6.67
5.0
6.67
16.67
12.0
2.0
15.0
15.67
13.67
12.67
7.0
9.33
12.67
9.33
9.67
8.33
9.0
4.33
13.0
2.67
9.67
5.67
1.67
4.33
3.33
9.33
9.67
1.33
13.33
10.33
12.67
11.0
11.33
9.0
8.33
1.67
14.33
12.67
6.67
6.33
16.0
15.67
8.67
9.33
14.33
8.67
15.67
10.0
7.0
11.33
19.67
10.67
6.67
21.67
13.67
10.33
4.33
9.0
24.0
8.0
11.33
14.33
11.33
1.0
7.33
13.67
4.33
17.33
15.33
12.0
12.67
13.0
10.67
5.33
9.0
10.0
3.0
2.33
10.67
15.33
15.0
15.33
10.67
6.33
18.67
21.67
28.67
21.67
27.33
27.0
16.33
39.0
23.0
32.0
28.33
27.0
29.67
26.33
29.0
35.67
35.0
24.67
32.67
24.0
18.0
22.0
20.0
18.67
21.0
15.33
18.33
14.67
25.67
19.33
22.67
8.67
3.33
10.67
16.0
1.67
1.33
11.33
12.0
18.0
14.67
17.67
16.33
17.67
20.33
21.0
16.0
16.33
17.0
20.0
24.67
30.0
29.0
23.33
31.67
22.67
41.0
38.33
36.0
60.33
53.0
48.67
54.33
59.33
65.33
61.33
55.0
50.0
34.33
35.67
57.0
34.67
34.33
24.67
24.0
21.33
14.67
21.67
5.67
16.33
17.67
7.0
17.33
17.0
11.33
17.33
11.0
17.33
22.33
11.33
16.0
21.0
33.67
20.33
8.67
18.33
21.33
19.67
16.0
20.67
16.33
20.0
19.0
18.0
19.0
14.67
10.33
15.67
25.0
16.67
15.33
25.0
15.0
15.67
9.33
19.33
11.67
16.0
29.33
13.67
21.0
23.0
29.0
17.33
23.67
32.67
28.67
32.67
23.0
37.67
31.67
42.67
37.33
33.0
38.33
27.0
37.67
25.67
36.0
28.67
20.33
27.33
14.0
16.0
18.0
28.67
27.0
22.33
29.0
26.33
29.33
34.0
26.33
35.33
24.0
30.67
21.33
16.33
29.67
23.67
21.67
19.33
24.67
26.67
22.67
19.0
18.33
17.0
17.33
27.0
17.67
13.67
10.67
24.0
14.67
21.67
10.67
13.33
21.0
18.67
12.33
13.33
3.33
9.0
8.33
12.67
5.33
12.67
12.33
22.0
9.67
5.67
8.67
14.0
6.33
0.0
10.0
4.67
7.33
8.33
17.0
11.67
12.67
12.67
5.33
17.0
2.67
9.0
15.0
12.67
4.67
5.0
17.33
13.33
14.33
15.67
8.33
8.33
20.0
20.67
10.67
14.0
20.67
14.67
10.67
10.0
7.67
16.0
19.33
17.0
7.0
14.0
25.67
10.0
13.0
14.0
15.33
19.33
9.0
30.33
11.0
19.33
26.33
35.33
26.0
33.0
38.33
58.0
57.0
41.0
35.0
60.0
66.0
57.33
81.33
118.0
89.33
76.67
108.33
116.0
103.33
104.67
105.33
97.0
101.33
105.33
127.0
80.67
89.0
90.67
98.67
88.33
66.67
77.67
78.0
62.67
66.67
87.0
62.0
60.0
58.67
48.0
47.67
48.67
38.33
46.33
24.33
36.67
38.67
42.0
34.33
48.67
38.67
72.67
67.67
82.33
73.67
88.33
92.67
94.33
121.67
115.0
116.0
117.67
103.67
98.67
90.0
123.0
93.0
62.67
72.0
76.67
82.33
55.0
61.67
50.33
44.0
40.0
41.67
35.33
42.67
30.67
43.33
27.33
35.33
36.0
40.0
41.0
15.33
32.67
48.33
25.67
27.67
34.0
18.33
18.33
29.33
29.67
23.0
15.0
23.67
27.0
23.67
22.0
13.0
20.0
22.33
24.67
23.33
21.67
22.33
7.33
18.33
-2.33
12.0
4.67
4.67
6.33
12.0
12.67
8.67
11.0
19.33
4.67
6.33
2.0
7.0
20.0
10.33
16.33
13.0
18.33
25.0
16.67
12.0
18.0
32.0
25.67
21.67
25.67
12.0
21.33
37.0
40.0
27.67
32.67
39.0
33.67
25.0
38.67
38.0
30.0
27.0
34.0
42.67
44.0
29.33
33.67
36.67
44.33
29.0
29.33
23.33
26.33
39.33
22.0
26.67
20.0
31.0
8.0
32.0
19.33
22.33
22.33
14.0
15.33
15.67
12.67
20.0
10.33
16.0
8.33
24.67
18.33
18.33
20.0
26.0
32.0
19.0
26.0
19.33
24.33
23.0
26.67
12.67
17.33
12.33
20.67
21.33
18.67
25.0
10.0
14.67
1.0
7.0
17.0
24.67
20.67
13.0
8.67
20.0
10.0
7.0
12.0
13.33
22.67
3.67
19.67
10.33
10.67
9.67
9.0
10.0
8.0
18.0
1.33
5.0
12.33
6.33
11.67
15.67
15.67
3.67
12.0
-2.33
11.33
10.0
12.0
1.67
10.33
4.67
12.67
1.0
-4.33
12.33
16.0
17.67
2.0
12.33
16.67
11.0
10.67
13.0
5.0
1.67
10.67
4.33
3.33
17.67
5.0
10.33
17.67
10.0
19.33
9.67
5.0
12.67
18.33
12.0
1.67
7.33
24.0
7.67
21.67
10.67
4.33
-2.0
13.0
6.67
14.33
16.67
13.0
11.0
8.33
-10.0
8.0
20.33
7.33
10.0
-5.33
11.0
6.0
4.33
9.67
3.0
21.33
10.67
6.67
18.0
22.33
13.67
9.33
7.33
10.33
0.33
4.0
7.67
3.33
10.0
8.33
10.33
4.0
5.33
5.33
2.67
17.67
-3.67
15.33
4.67
5.0
1.33
9.67
4.0
11.33
-1.33
7.33
13.0
10.67
-7.0
1.0
-2.33
6.33
-1.67
5.67
25.0
2.33
9.67
16.0
5.67
0.0
6.0
-0.33
17.67
-1.67
13.0
-2.67
4.33
1.0
9.33
3.67
11.0
4.67
7.0
7.67
17.33
10.0
6.0
16.33
16.67
4.33
12.33
10.0
-7.0
13.33
-2.33
17.67
19.67
4.0
1.0
13.67
13.67
15.67
10.0
2.33
8.67
4.67
11.33
0.0
3.33
23.0
8.67
19.33
16.67
8.67
19.0
6.33
13.67
20.0
17.0
10.67
-3.33
14.33
9.67
5.0
21.0
22.33
15.33
10.0
8.67
8.33
4.33
15.67
20.0
6.33
3.33
3.67
17.0
10.67
9.33
12.0
6.67
9.67
7.33
15.0
9.33
16.0
5.33
5.33
3.0
-1.0
7.0
10.33
8.0
3.33
9.0
15.0
9.0
8.33
9.33
4.33
-4.0
15.67
14.67
2.33
2.33
13.33
2.67
-2.67
4.67
-5.67
4.67
11.33
8.67
0.67
7.67
7.0
5.33
4.67
2.33
-3.33
9.33
14.33
-2.0
17.0
10.33
8.33
7.33
17.67
7.0
2.33
13.67
10.67
9.67
21.0
11.67
3.67
16.67
5.33
13.33
6.67
0.33
12.67
8.67
4.67
11.0
-6.33
8.67
8.67
1.67
-0.67
7.0
6.67
2.0
-1.0
5.33
5.0
4.67
4.33
-2.0
9.0
-2.0
-3.67
8.0
8.33
2.33
-1.0
6.33
2.67
0.33
3.0
-6.33
8.67
21.0
5.67
0.33
-3.67
1.33
7.0
13.67
5.67
2.67
1.33
-0.67
8.33
11.67
-1.0
2.67
2.33
-3.0
8.67
4.33
6.67
-4.67
-10.0
8.0
8.67
1.67
6.33
3.33
5.0
4.33
10.67
9.67
2.0
9.0
0.0
5.33
6.33
-2.0
0.33
8.33
-8.33
-5.67
6.33
-1.33
-1.33
3.0
3.67
-1.67
-4.33
-3.67
-3.67
5.33
-4.67
-0.67
10.67
5.33
2.33
5.0
-0.33
0.67
4.33
1.0
3.0
7.33
5.67
3.33
1.0
6.0
3.67
5.67
7.67
3.67
1.33
3.67
5.33
2.33
-1.67
12.0
-2.0
-0.33
1.67
6.67
4.67
3.33
13.33
1.33
4.33
-3.67
8.0
4.33
5.0
-1.67
9.33
-4.67
3.33
2.67
-2.0
4.0
1.33
6.33
1.0
4.33
8.67
-4.33
7.33
10.67
5.33
2.33
9.33
4.0
11.67
2.33
6.67
2.67
-1.33
1.67
1.67
-2.33
7.0
0.67
2.33
6.33
-5.33
0.33
2.33
-1.0
7.0
-1.33
4.0
6.0
3.33
3.0
0.0
3.0
-1.0
0.33
3.0
-9.0
-3.0
9.67
-1.0
2.33
8.67
-1.67
5.0
4.67
5.0
-4.0
0.67
-5.67
-2.67
-1.0
5.67
-5.33
2.33
5.67
0.0
-5.67
6.0
9.0
1.0
-3.67
3.67
13.0
-0.67
-4.67
-7.0
2.33
-3.67
-5.33
7.67
-1.67
2.67
6.0
5.33
5.67
-5.67
3.33
4.33
-4.67
4.67
6.33
-1.0
10.33
1.0
-1.33
5.0
1.67
6.0
7.67
5.0
0.67
8.67
-1.67
-0.67
2.0
-3.0
-3.0
-0.33
0.33
-0.33
1.0
1.0
-1.33
2.33
-1.67
-1.33
1.0
6.0
7.33
3.0
0.33
0.33
5.33
2.33
-1.33
1.33
2.0
8.33
-0.33
2.33
0.33
1.67
-4.0
7.33
2.33
-1.67
6.0
3.67
0.0
3.33
6.33
5.33
-2.0
5.33
-5.33
5.0
2.67
-3.0
9.33
3.33
-1.33
-0.33
-1.0
2.0
5.0
1.67
-2.67
-1.67
6.67
6.0
2.0
4.67
6.67
-1.33
7.33
0.0
-3.67
4.33
-2.0
-2.67
-2.67
4.67
5.33
10.0
1.33
3.33
-4.33
-1.33
-1.0
1.0
-1.67
-5.33
-1.33
2.67
6.33
4.33
-2.33
-2.67
-1.67
0.33
2.67
-3.67
-3.33
8.67
4.33
-1.0
-3.0
0.33
2.67
-3.0
0.0
2.33
0.33
9.67
1.67
-2.0
0.67
11.33
1.0
10.33
3.0
0.0
2.67
-0.33
5.67
10.0
4.0
3.67
2.67
1.67
4.33
3.0
0.33
2.67
0.0
-2.33
0.0
1.33
1.0
4.33
-3.67
-1.0
-6.67
-5.33
9.0
5.0
9.67
2.33
3.33
8.0
1.0
0.67
-5.0
1.67
-2.67
3.33
-0.67
2.0
10.33
1.67
6.33
-4.67
3.0
4.67
5.0
4.0
-6.67
1.0
1.67
6.33
-2.33
3.0
4.33
-3.67
-0.33
-0.33
4.0
4.33
-1.67
0.67
0.67
-3.67
-6.67
-2.67
4.67
-3.33
6.33
-3.67
2.67
-0.33
1.33
-2.0
2.0
5.67
-2.0
-2.67
