0.0
10.67
-35.33
-55.67
5.33
25.0
-108.33
-112.0
23.0
-74.33
-118.0
-38.0
-12.33
-2.33
-58.0
-54.0
40.0
-9.0
28.33
5.33
21.33
9.67
-9.33
-20.0
25.33
-10.67
-6.67
1.0
-5.0
-1.0
8.0
6.67
-5.33
-4.67
0.0
0.67
-0.33
-0.33
3.0
0.33
1.33
0.33
-0.33
0.33
0.0
-0.67
1.0
0.0
-0.33
-0.33
1.0
0.0
0.0
-0.67
1.0
-0.67
-0.33
1.0
0.33
1.67
-0.67
0.0
-1.67
0.33
-0.67
-0.33
0.0
-0.67
0.0
0.33
0.0
0.67
1.0
0.67
0.67
1.67
-0.33
-0.33
1.0
-1.0
1.0
0.67
1.67
0.67
-0.33
0.67
0.67
-0.67
-0.33
-1.0
1.0
-2.33
-1.0
-0.67
-1.33
-1.0
-0.67
-0.33
-0.67
0.0
-0.67
-0.67
0.33
2.67
1.0
-1.0
2.0
-0.33
-1.33
1.33
1.33
5.33
3.67
-2.0
1.0
-0.33
2.67
1.67
0.33
0.67
2.0
0.67
2.0
0.67
3.33
0.33
0.0
4.0
2.67
4.33
-1.67
-1.67
-1.67
2.33
5.67
-3.0
0.33
-1.0
-2.33
2.67
0.67
0.0
-0.67
2.67
4.0
3.0
5.67
0.67
-0.67
0.0
5.67
4.67
-5.67
6.33
-2.0
5.33
-5.33
3.67
3.0
-1.0
4.0
6.67
-2.33
0.67
-2.0
0.33
-3.67
-1.67
-2.0
-0.33
-5.33
0.0
4.33
-7.0
3.0
0.0
2.0
5.0
-4.67
0.67
4.67
7.33
-2.33
6.0
-0.67
0.33
-0.33
-3.0
1.33
9.33
2.0
0.67
2.0
4.0
3.33
3.33
5.33
4.33
0.33
4.33
3.0
-5.33
-2.67
-3.0
9.33
-3.67
0.33
10.33
-1.0
6.33
-2.33
0.33
-6.33
-1.67
-3.33
2.33
8.0
2.0
0.33
4.67
-0.33
3.0
0.67
-0.33
-0.33
2.67
3.33
1.33
4.67
5.0
2.67
8.67
10.33
0.33
-0.67
-2.67
1.33
5.33
-3.0
1.0
3.67
6.67
-4.67
3.67
3.0
2.0
2.0
4.33
-0.67
6.33
4.0
0.0
2.33
0.0
1.0
7.67
-1.0
-1.33
5.0
-5.67
3.33
1.0
1.0
5.0
1.67
1.67
3.0
6.33
1.33
-1.33
-1.67
7.67
5.67
3.67
4.33
-1.33
-4.33
3.67
4.0
3.67
-4.0
3.0
-0.33
5.0
-2.67
-2.33
0.33
5.0
-4.0
3.33
4.33
4.67
1.67
1.67
-2.33
6.67
-2.33
2.33
3.33
-4.67
5.33
7.67
6.33
8.0
2.67
-1.67
8.0
2.67
-4.0
3.0
1.0
-2.67
3.67
-6.0
-1.67
-2.67
-9.33
1.67
5.67
3.0
4.0
2.0
-3.67
0.67
7.0
-2.33
1.0
-2.0
-2.0
-1.0
-5.0
-1.33
-9.0
4.33
-3.67
-0.67
1.67
1.0
6.0
2.0
-5.67
-2.0
1.0
3.67
-1.33
1.67
0.33
0.0
-1.0
-0.67
0.33
-2.33
9.67
8.67
-5.0
6.0
-1.67
0.0
-0.67
1.33
6.67
8.0
-1.67
-1.0
-1.33
3.33
0.0
10.33
4.67
3.67
0.67
7.0
-4.67
-0.67
4.67
4.0
5.0
0.33
-1.0
2.0
3.0
-2.67
-3.67
6.0
-1.0
0.33
1.33
1.67
-2.67
2.33
-4.0
-0.67
3.67
0.0
-1.0
4.67
2.67
0.67
0.67
1.67
0.67
-9.67
-4.0
2.67
-3.33
0.33
0.33
-2.67
1.67
-3.0
0.33
4.0
1.33
0.67
1.0
0.67
-2.0
1.67
1.33
0.33
-1.33
-3.0
5.67
2.33
-0.33
0.33
-1.0
-2.67
2.33
3.67
2.33
1.67
0.0
10.0
1.33
-2.0
-1.67
2.67
-2.33
-1.0
3.0
0.67
4.0
3.67
0.0
-3.33
3.33
2.0
1.33
8.0
-3.33
-2.33
0.67
-4.0
-3.67
-1.67
-1.0
0.67
-3.67
5.33
-0.67
1.33
-0.33
2.33
-3.0
-2.67
2.33
2.67
2.0
1.0
1.0
2.0
-1.33
4.33
6.33
3.33
1.67
2.33
0.67
1.67
-2.67
-2.67
-3.0
9.33
1.33
4.0
1.67
-4.0
-2.0
0.67
-1.67
4.67
7.33
1.0
-1.0
-3.67
-1.67
1.33
-3.33
-0.33
2.33
1.33
-2.33
2.0
6.33
0.67
4.67
4.67
7.67
0.33
0.67
-4.33
2.33
0.67
0.33
-3.67
1.33
1.33
3.0
2.0
-4.0
4.67
1.0
-1.33
3.67
-0.67
0.67
2.33
3.67
4.33
0.33
5.0
-0.33
-0.67
-0.33
-1.33
2.0
0.67
-0.33
0.67
0.0
2.67
-0.33
-1.33
-0.33
2.67
-1.67
3.0
4.67
0.0
0.67
-2.0
2.0
1.0
-1.0
5.67
1.67
-4.0
1.0
0.0
5.67
-1.67
6.67
3.0
0.0
1.67
2.67
-3.33
7.0
1.0
2.67
3.0
-4.0
3.0
7.0
-2.0
-0.67
1.67
3.0
2.67
0.67
0.67
1.0
2.0
4.33
-2.33
2.0
1.0
-1.0
-0.33
4.33
1.67
0.33
-1.0
0.33
0.0
0.67
4.67
-0.33
-4.67
-1.0
0.0
-2.67
-0.33
-1.67
-1.67
-1.33
0.0
5.0
6.0
3.67
1.33
3.67
6.0
5.67
1.67
-2.0
0.67
0.33
-1.0
-3.33
2.33
-1.67
2.33
4.67
0.67
0.33
4.33
-1.33
2.33
-2.0
2.67
5.0
-0.33
0.0
4.67
2.67
0.33
-0.67
0.0
1.0
-4.0
3.67
-5.0
-2.0
2.0
2.33
1.0
-1.67
-2.0
-0.67
1.0
1.0
2.67
-0.33
1.67
2.33
1.0
4.33
0.0
0.67
4.67
-2.33
0.67
2.33
2.0
-0.33
-0.33
-1.0
-1.0
-1.0
6.33
-1.33
1.67
-2.67
1.33
4.0
-0.33
-1.33
0.67
3.67
0.33
5.67
-3.0
-3.33
-2.67
1.67
1.0
5.0
-3.0
2.0
-2.67
5.0
1.0
0.67
-4.33
3.0
-0.33
-4.0
-2.67
3.33
-1.67
-3.67
5.67
1.67
1.33
2.0
4.33
4.33
0.33
5.67
-3.0
-1.0
2.0
-1.0
-0.33
7.67
3.0
-0.67
4.67
-4.67
4.33
-2.67
-0.67
6.67
0.33
-2.33
7.33
0.67
0.67
-2.0
-3.67
0.67
3.0
7.33
-2.0
5.0
-0.67
3.0
-0.67
3.67
2.67
5.0
-3.67
-1.0
0.0
3.33
-0.67
6.0
6.0
2.67
0.0
2.0
0.67
-0.67
0.33
-4.0
6.0
6.0
-3.33
2.33
3.33
-0.33
-1.33
-3.67
7.67
4.0
1.0
1.0
2.33
2.0
6.67
2.0
6.0
0.33
2.33
-1.0
-2.67
3.67
0.67
0.0
-2.33
-3.67
3.67
4.0
0.33
-2.0
2.33
8.0
11.67
6.67
2.67
1.33
3.67
0.0
5.67
-3.33
2.33
1.0
5.67
10.0
5.33
3.0
5.67
9.0
5.67
-2.0
1.33
4.0
7.67
3.0
5.33
4.33
7.33
9.33
2.0
-3.33
7.67
11.33
-4.0
3.67
5.33
-1.33
7.33
1.33
5.67
3.67
7.0
5.33
6.67
-4.33
3.33
2.67
9.33
3.67
0.0
1.67
5.33
1.0
6.33
1.67
5.33
4.33
1.33
11.33
-0.33
7.67
10.0
1.67
3.67
9.0
13.0
3.0
11.67
8.67
23.67
13.0
1.33
5.67
14.33
11.67
8.33
12.0
9.33
1.0
-1.33
-1.33
2.67
4.67
1.33
10.33
7.33
14.67
8.33
10.33
11.33
3.67
7.0
13.33
12.0
1.33
9.67
4.33
5.67
2.67
2.33
8.0
11.67
1.67
20.33
18.33
7.67
13.67
6.0
16.0
8.33
11.67
1.67
3.67
16.67
5.67
7.33
15.33
1.0
7.0
4.0
12.33
6.33
5.33
-4.0
9.33
13.67
6.33
10.33
11.33
8.0
14.67
10.0
13.67
4.33
15.0
13.0
14.0
12.33
12.67
12.33
5.0
19.33
16.67
20.33
14.67
22.67
22.67
18.67
18.33
34.0
29.33
22.0
10.0
21.0
20.33
11.0
12.67
5.33
13.0
15.67
14.0
11.67
20.67
13.0
19.0
1.0
10.0
5.67
21.0
8.33
19.33
6.67
11.67
3.33
17.67
2.67
13.33
18.67
12.0
7.67
11.33
10.33
10.0
18.0
13.67
9.67
8.33
8.67
17.33
10.0
8.0
23.33
14.0
17.0
5.67
12.0
18.0
21.33
25.67
29.67
27.0
24.33
52.0
37.33
41.0
49.67
36.33
51.33
57.33
59.33
52.0
51.0
39.33
43.67
65.0
29.67
28.33
17.67
23.0
18.33
19.67
19.67
12.67
19.33
13.67
10.0
23.33
12.0
10.33
18.33
19.0
20.33
6.33
18.33
17.0
14.0
19.67
25.33
18.67
15.33
26.33
17.67
21.0
19.67
13.33
16.0
27.0
23.0
12.0
15.67
22.33
16.67
11.0
8.67
14.33
17.0
7.0
10.67
12.33
28.33
11.67
13.0
12.33
17.67
9.0
13.0
7.0
13.33
19.67
24.67
32.67
30.67
13.0
20.67
26.67
29.67
31.33
29.0
34.33
29.0
39.67
39.67
40.0
45.67
50.33
44.33
25.0
27.0
33.0
46.67
19.0
31.33
30.0
14.33
32.33
34.0
28.33
38.33
22.0
28.67
27.33
32.33
20.67
20.67
21.67
26.33
27.67
24.67
15.67
29.0
21.33
21.0
17.33
24.0
22.67
18.67
11.67
14.0
13.67
21.67
16.67
5.33
14.0
13.67
9.33
11.33
10.33
14.0
15.33
19.67
7.33
10.67
17.33
4.0
8.67
8.67
-0.33
15.0
10.33
2.0
16.0
9.67
14.33
13.33
8.0
12.67
10.67
9.67
18.33
8.0
7.67
14.0
18.0
15.67
21.67
14.0
13.33
18.33
15.33
15.67
20.33
15.33
22.0
14.67
7.67
11.0
6.67
7.67
7.67
16.0
13.67
7.0
17.33
15.0
7.0
16.0
9.67
6.0
0.0
11.0
11.33
16.33
6.0
18.33
6.0
14.33
19.33
35.33
27.0
37.0
34.33
49.0
33.0
53.0
46.0
55.0
48.0
82.33
68.33
72.0
100.33
56.67
95.33
72.0
92.33
111.67
121.33
122.0
122.33
99.33
126.0
127.67
151.0
108.67
97.67
111.33
95.67
91.67
98.0
78.67
67.67
58.0
55.0
44.0
66.67
21.0
28.67
38.67
20.33
25.33
21.33
32.67
31.67
34.0
29.33
37.67
40.67
51.67
32.67
50.33
78.67
64.33
100.67
85.33
71.67
81.0
93.0
111.67
77.67
77.67
81.0
78.0
87.0
90.67
57.0
56.67
68.33
43.0
47.67
52.33
44.0
54.0
54.67
51.33
43.67
33.67
64.33
40.33
53.33
37.0
65.0
52.0
50.33
63.67
55.33
38.67
41.67
41.0
49.33
32.33
38.33
33.67
38.0
33.0
23.67
33.0
23.67
19.0
31.0
20.0
20.33
27.67
10.33
17.67
16.33
14.33
10.33
9.67
15.0
16.67
15.67
0.33
14.0
-1.33
11.67
8.0
18.33
8.67
9.33
9.0
15.0
14.0
17.33
14.33
8.0
19.33
4.0
13.67
14.0
20.0
25.0
19.67
7.67
21.67
18.0
12.33
16.0
24.0
24.67
19.67
25.0
19.67
27.0
16.67
34.0
27.0
32.0
40.0
24.67
18.0
22.33
9.67
19.67
25.33
11.0
18.33
15.33
23.33
22.33
20.0
12.67
21.0
13.0
21.0
19.0
19.33
26.33
-2.67
8.0
30.33
21.67
8.67
33.0
15.33
19.0
19.33
5.67
21.33
26.33
20.0
26.0
16.0
11.0
24.0
18.33
28.33
15.0
13.67
13.67
14.33
-0.67
6.67
33.33
21.67
11.0
8.0
19.67
-1.0
-1.0
5.0
10.67
15.67
13.0
5.67
11.0
4.0
15.0
0.0
11.33
15.67
10.67
17.67
15.33
14.67
11.67
4.0
18.0
12.0
15.0
7.33
6.0
11.33
9.33
4.67
22.67
8.67
10.67
21.0
16.67
8.33
9.0
7.0
10.67
10.33
8.67
1.67
10.0
1.67
-1.67
19.0
9.67
3.0
-0.67
12.67
15.0
0.67
-1.0
10.0
3.67
7.67
20.33
0.33
0.67
10.0
-1.67
6.67
6.0
12.33
4.67
6.0
4.67
5.33
7.0
6.67
16.33
13.0
2.67
2.67
-9.33
12.33
11.0
10.0
9.67
4.33
-4.33
18.0
24.0
10.33
7.0
20.0
13.33
10.33
0.0
0.67
9.0
6.0
0.33
1.67
13.0
7.33
9.67
5.67
4.0
2.33
-6.33
1.33
15.33
5.33
12.33
7.0
7.67
-1.67
2.0
3.33
5.33
6.0
-4.67
2.33
5.67
11.67
10.33
2.33
1.67
-9.0
10.33
4.67
-4.0
7.33
2.67
0.33
11.0
0.67
13.0
10.0
2.67
-3.67
-1.67
5.67
6.0
4.33
2.67
9.0
15.67
1.0
16.0
16.67
10.67
4.33
8.0
6.33
16.33
7.0
11.33
6.67
6.0
11.67
2.0
-2.33
9.33
17.0
1.0
5.33
0.67
4.33
8.33
8.0
-1.0
6.33
10.67
3.67
7.67
12.0
-3.0
5.67
11.67
5.67
9.0
-0.67
-4.33
-0.33
10.33
-1.0
6.33
9.0
3.67
11.33
19.67
4.67
15.0
18.33
0.67
2.0
10.0
12.67
-0.33
2.33
10.67
15.0
19.0
20.33
10.33
22.0
11.67
8.33
19.33
15.67
9.0
11.33
4.33
9.67
19.0
13.67
13.33
6.0
9.67
7.67
10.33
14.0
9.33
24.0
9.33
14.33
10.0
-2.0
3.0
-0.67
6.0
17.33
19.0
-2.0
17.0
6.33
4.33
0.33
7.0
2.67
5.67
11.33
8.33
1.33
-3.33
14.33
8.67
5.33
15.67
6.33
9.67
9.67
6.67
-1.0
7.33
16.67
0.33
10.67
5.33
12.33
7.0
16.0
20.33
6.33
23.33
20.67
25.0
2.33
17.67
15.67
10.67
16.0
7.67
19.67
29.67
11.33
0.33
9.67
13.33
10.67
-3.33
8.67
9.0
6.67
8.67
2.67
-2.33
12.33
-3.0
0.67
7.0
-11.0
10.33
3.0
-4.33
-2.67
9.0
4.0
-3.0
-1.67
-1.0
4.33
8.33
7.0
4.33
12.67
7.33
3.0
-3.33
3.67
9.0
6.67
8.33
8.33
-7.67
-4.0
6.67
-3.33
3.67
-3.67
1.33
4.33
7.67
-7.0
-10.33
7.33
8.0
-0.33
-6.67
-4.33
7.33
1.0
6.0
10.67
2.67
-6.67
6.33
6.0
-5.67
7.67
0.67
-5.0
4.0
10.0
1.33
6.33
1.0
7.33
-2.67
6.67
-1.67
5.33
10.67
0.67
-6.0
4.67
3.33
-4.33
1.33
-3.67
5.33
-4.67
-1.67
4.67
12.33
-3.67
-2.0
-11.33
2.67
4.33
1.0
8.0
0.33
2.67
4.33
0.0
5.0
2.67
1.67
2.67
1.67
2.33
0.67
6.33
3.33
-7.67
16.0
3.0
-3.33
-4.33
12.67
10.67
4.33
6.33
4.33
0.33
-2.67
1.0
6.33
-1.0
1.33
3.33
3.33
0.33
9.67
-2.0
1.0
5.33
10.33
-2.0
7.33
-2.33
-1.33
5.33
7.67
0.33
-2.67
0.33
1.0
6.67
0.33
7.67
0.67
0.67
6.67
5.67
-1.33
8.0
-5.33
13.33
6.33
-7.33
0.33
-1.67
1.0
-1.0
4.67
6.0
-5.0
2.33
6.0
4.0
5.0
3.0
7.33
6.0
1.0
-7.0
-0.33
-10.0
-2.67
3.67
-0.67
2.0
5.67
4.0
-4.0
-1.33
-2.67
-1.67
-1.0
6.67
3.67
0.33
2.67
-3.0
-8.67
-2.0
10.0
-2.0
-4.67
-3.33
10.0
3.33
-0.67
-1.0
6.33
-1.67
-1.33
-1.33
-3.67
-9.33
6.0
-3.67
4.67
-2.67
-1.67
0.33
4.33
-1.33
5.33
0.0
2.33
-1.0
0.67
3.0
1.67
7.0
1.67
-2.0
9.67
-2.33
6.33
3.33
2.0
0.0
-4.0
-4.33
-0.67
-2.33
2.0
6.0
-1.33
-1.67
-3.67
-0.33
3.0
5.0
4.33
-2.0
0.33
1.33
3.33
0.33
-1.33
-2.67
2.0
0.33
8.67
-3.67
-1.67
4.67
0.0
6.33
5.33
-2.67
5.0
5.67
-2.0
3.33
2.33
6.33
-3.0
-2.67
3.67
2.0
-1.33
-3.0
2.33
-1.67
-3.33
2.67
1.0
8.0
5.0
-2.33
4.33
0.33
6.67
0.0
1.0
4.67
7.67
-4.33
3.33
3.0
5.33
6.33
2.0
-3.67
-2.67
1.67
6.33
6.0
-2.67
7.33
3.67
0.67
-8.0
1.0
-0.67
-0.33
0.67
3.67
-0.67
-0.67
0.67
-3.67
5.33
-0.67
-2.33
3.33
3.67
8.67
2.33
-2.0
4.0
0.33
-2.33
-1.0
10.0
2.33
1.33
5.67
3.67
5.0
-1.33
2.33
0.0
6.33
4.0
0.0
3.67
-1.33
6.67
3.0
-2.0
5.67
3.67
0.67
-1.67
0.0
4.33
5.67
-1.0
0.67
0.0
3.33
-2.0
-3.67
0.33
6.0
-5.67
-0.33
6.0
-1.0
5.67
2.33
-1.67
4.0
8.0
-1.33
2.0
1.67
0.33
12.33
4.33
-1.0
2.33
-3.33
5.33
-4.67
-1.0
-2.33
-1.0
-1.0
-1.67
-5.0
1.67
-0.67
3.67
0.0
3.33
-0.67
5.67
-2.33
-1.0
5.33
7.33
5.67
2.67
-0.67
5.33
-2.67
5.67
2.67
-1.67
1.33
1.67
3.67
3.33
-3.0
5.0
4.67
5.0
-0.67
