0.0
-74.33
11.67
19.33
12.33
88.0
-12.33
-56.0
49.0
-72.33
-90.0
-18.0
-110.33
-9.33
-53.0
-30.0
-49.0
-33.0
-8.67
1.33
-25.67
-1.33
3.67
-1.0
14.33
-7.67
0.33
1.0
-10.0
4.0
5.0
3.67
-1.33
1.33
-2.0
0.67
-0.33
-1.33
0.0
-0.67
2.33
0.33
-0.33
-0.67
0.0
0.33
1.0
1.0
0.67
-0.33
0.0
1.0
0.0
-0.67
0.0
-0.67
-0.33
0.0
-0.67
0.67
-0.67
0.0
-1.67
-0.67
-0.67
-0.33
0.0
0.33
-1.0
0.33
0.0
-0.33
2.0
-0.33
0.67
1.67
-1.33
-0.33
0.0
1.0
0.0
-0.33
-0.33
0.67
-0.33
-0.33
0.67
2.33
0.67
1.0
-1.0
-2.33
-1.0
1.33
0.67
0.0
1.33
0.67
-0.67
1.0
2.33
0.33
3.33
2.67
2.0
-1.0
0.0
0.67
0.67
0.33
0.33
-0.67
1.67
0.0
-1.0
2.67
0.67
2.67
-0.67
-0.33
1.0
2.67
1.0
0.67
10.33
3.33
-1.0
3.0
4.67
4.33
1.33
-1.67
1.33
-0.67
1.67
-1.0
-2.67
6.0
0.67
6.67
11.67
0.0
-1.67
-0.33
4.0
6.0
0.67
0.67
2.33
7.0
3.67
-2.33
4.33
5.33
4.0
2.33
0.67
-3.33
-3.0
-1.0
3.0
9.67
0.67
9.67
0.0
6.33
5.33
-0.67
1.0
-1.33
8.67
1.0
8.33
9.0
1.0
-3.0
7.0
8.0
1.33
-4.33
7.67
2.33
8.67
0.0
5.33
12.33
5.67
4.0
4.33
6.33
10.0
4.67
-4.0
9.0
13.33
1.33
12.33
5.33
-4.67
10.33
2.0
3.67
3.33
1.0
3.33
8.33
2.33
1.33
5.0
6.33
2.67
1.33
5.67
4.33
-0.33
5.33
6.0
7.0
1.33
6.67
2.67
8.0
12.67
5.67
3.67
1.67
5.33
4.33
-0.33
-2.0
5.67
5.67
1.33
4.33
5.33
2.33
0.33
5.33
3.0
9.0
7.67
8.67
-0.67
5.67
-4.0
1.0
2.0
2.33
3.33
1.33
2.0
-2.0
11.33
5.0
-3.0
4.67
0.0
0.67
5.0
7.33
11.33
0.0
4.0
3.0
7.67
4.67
3.0
4.33
0.33
7.67
3.33
-0.33
2.67
1.67
1.33
5.67
1.67
6.67
4.0
5.67
-1.0
-1.0
-1.33
1.0
0.33
2.67
-3.67
10.0
-4.0
5.33
2.33
0.67
7.67
5.67
10.67
5.67
9.67
-0.67
0.33
5.33
2.33
0.67
0.33
2.0
1.67
5.33
6.0
0.67
4.0
6.0
6.0
8.33
6.67
2.0
7.33
-1.67
1.67
3.67
3.67
4.0
3.0
-3.0
-1.67
5.67
0.0
-0.33
2.0
-6.0
7.0
-1.0
5.0
0.67
-1.0
4.33
10.33
2.33
-0.33
11.0
7.0
2.0
4.33
2.0
6.0
5.67
1.67
0.67
4.33
-3.0
3.0
6.33
9.33
-5.33
6.67
12.67
-4.0
-1.0
4.33
4.0
7.33
0.33
-2.33
4.0
-0.67
-1.0
4.67
7.33
4.0
5.33
4.67
2.67
1.67
5.0
5.33
6.33
3.67
5.0
5.0
0.33
2.0
1.0
0.0
3.33
-6.67
4.0
3.0
3.33
4.33
1.67
3.33
1.33
-2.0
1.33
7.67
3.0
-1.0
1.67
2.67
2.67
8.67
-1.33
1.67
-2.67
1.0
1.67
2.67
-2.67
-1.67
3.33
0.67
0.0
1.33
4.0
-1.67
1.67
1.0
0.67
6.0
-2.33
2.33
1.33
1.67
5.0
6.67
0.33
5.67
1.33
-1.0
-1.67
7.33
6.67
5.33
3.67
-1.0
3.0
3.33
-6.0
1.33
2.67
1.67
1.0
2.0
0.67
1.0
3.67
2.0
-0.33
5.33
13.0
3.33
0.0
-0.33
0.67
0.67
-1.0
-1.67
6.33
3.0
3.67
-1.67
6.33
-4.67
4.33
1.67
-2.67
-1.0
-4.67
3.33
4.67
9.0
0.0
0.0
2.0
-0.33
-0.67
3.33
3.33
3.67
3.33
0.67
0.67
1.33
4.33
0.0
1.33
2.33
3.0
2.67
-2.0
2.0
-1.33
4.33
5.67
1.33
1.0
-2.0
-2.67
0.33
-0.67
-1.33
3.67
-1.67
3.33
-1.33
-1.0
6.33
-3.33
2.67
-2.33
1.67
6.33
1.67
4.67
2.33
4.67
4.33
-2.67
2.33
5.33
-2.0
4.0
5.0
4.67
1.0
-0.33
2.67
-0.67
2.67
2.33
-1.33
5.33
-3.67
5.0
4.67
2.33
3.67
-2.33
6.0
-0.33
0.67
-3.33
-3.0
6.67
3.67
2.67
-3.33
2.67
4.33
2.0
0.67
4.0
-0.33
5.0
3.0
0.0
1.0
1.67
6.67
-1.0
0.0
4.0
3.67
-0.67
1.67
0.0
4.0
3.67
0.67
0.67
3.0
-2.0
-0.33
1.0
0.0
0.0
1.0
2.0
8.33
5.67
5.0
1.67
3.67
1.67
1.0
4.0
1.33
0.67
4.0
0.0
-2.0
1.67
5.33
1.67
3.33
2.0
-3.67
2.0
-1.33
1.67
0.67
0.33
-2.0
-3.0
8.33
2.67
0.33
1.33
5.67
5.0
0.0
5.0
1.67
0.33
4.67
-2.0
1.67
6.67
0.0
-2.33
1.33
-2.0
-5.33
0.33
0.33
4.33
-2.33
-3.33
0.33
1.33
-1.33
6.33
2.0
3.67
2.0
6.67
4.0
3.67
2.67
0.33
1.33
0.0
-2.0
1.0
1.67
2.0
1.0
4.0
6.33
3.0
4.33
0.0
0.33
-6.0
4.0
1.67
1.67
-2.33
4.33
-5.0
1.33
-3.0
0.67
0.67
0.67
-1.33
0.33
9.0
-0.33
4.67
5.0
0.0
-1.0
-0.67
1.67
3.67
5.33
4.33
4.0
-1.33
0.67
-1.33
3.67
0.33
4.67
1.0
-1.33
-3.67
0.67
0.0
-3.0
4.0
-1.0
-0.67
3.0
2.0
-1.33
2.67
1.0
2.67
-1.0
1.33
0.33
-1.67
-1.67
-0.33
0.67
2.33
-3.0
0.33
5.33
-4.67
6.67
3.0
-1.0
7.0
3.0
3.67
4.67
-1.0
2.33
0.67
-2.67
-0.67
0.33
1.33
-2.33
4.33
1.67
3.33
-0.33
3.67
4.0
0.33
-1.33
4.0
1.33
-1.0
6.0
2.33
-1.0
0.33
1.67
4.67
2.0
0.33
0.0
3.0
-4.67
7.33
4.0
3.0
-0.33
2.0
6.0
-3.33
4.33
2.33
-2.0
5.0
-3.0
3.67
2.33
1.33
0.67
-4.33
-2.67
1.67
3.0
0.0
-1.0
12.33
0.0
5.67
-1.0
9.0
7.33
-0.67
-1.0
-0.67
2.67
-5.33
2.0
-2.33
0.33
5.67
-2.0
-0.67
3.0
-1.67
2.0
1.67
7.67
-0.33
3.33
4.67
1.0
1.67
-5.33
-3.67
1.0
3.67
9.0
1.33
-3.0
6.67
0.0
0.67
4.0
1.33
2.0
2.67
1.0
10.33
2.33
3.33
9.33
4.0
0.67
0.67
5.33
4.0
0.67
6.33
-0.33
7.33
-0.67
1.67
-1.33
8.0
7.33
9.67
3.67
-1.67
1.67
6.33
0.67
1.0
5.67
2.33
8.0
-2.67
1.67
-0.67
6.33
0.33
3.33
7.67
8.67
2.0
0.67
1.67
2.0
10.0
10.0
9.67
4.67
5.67
-3.0
0.33
0.67
7.33
0.67
1.33
13.0
4.33
8.0
-1.33
1.67
8.67
2.67
7.33
7.33
11.33
9.67
7.33
2.33
11.33
2.67
7.0
8.33
3.0
0.33
1.67
6.33
10.67
6.67
1.33
0.0
7.67
4.67
6.33
5.33
-4.33
4.67
9.0
5.0
10.33
12.67
6.67
6.67
8.67
7.67
11.33
7.33
10.0
2.0
13.0
7.33
9.33
6.33
3.0
3.33
22.67
1.33
4.33
10.33
11.0
3.67
9.0
0.67
7.33
6.0
15.0
0.0
0.33
0.67
9.33
8.0
2.33
11.67
11.33
8.67
2.67
9.67
15.67
17.33
13.0
14.33
29.0
21.0
20.0
19.33
17.0
16.67
24.33
21.0
4.67
17.0
12.67
16.67
11.0
13.0
3.0
8.0
10.67
20.0
14.33
15.33
2.67
9.67
3.33
7.67
-0.33
5.33
9.67
13.0
6.67
11.33
6.33
15.0
9.0
11.67
8.67
10.33
9.67
13.33
10.0
13.0
9.33
12.0
15.0
16.67
20.0
10.0
17.33
19.67
22.67
33.0
25.33
31.0
29.33
27.0
22.67
12.33
17.33
21.33
23.33
14.0
18.0
15.33
22.67
18.0
17.67
12.33
7.67
13.0
17.33
22.67
20.67
23.67
22.33
22.67
19.0
34.33
27.0
23.33
28.33
21.0
14.33
24.33
11.33
11.0
17.0
16.67
18.33
8.67
15.33
7.33
16.67
12.0
17.67
20.33
13.0
20.0
13.0
28.0
34.67
23.33
18.67
24.0
25.67
35.33
22.0
16.0
28.67
24.33
24.33
32.67
30.0
27.33
20.67
28.0
41.0
32.0
34.33
39.67
47.67
29.67
32.67
27.0
23.67
19.67
15.67
38.33
28.0
33.33
28.0
29.67
24.67
20.0
21.67
20.33
16.33
14.0
17.0
12.0
16.67
16.0
15.33
16.0
18.33
16.33
22.0
18.33
36.33
22.0
21.67
29.33
14.33
16.67
23.67
23.67
21.33
16.67
22.67
24.67
12.0
25.33
8.0
19.33
19.0
5.67
6.67
19.67
16.0
9.67
14.67
10.67
16.33
7.0
1.67
5.33
14.33
8.33
4.0
13.33
17.67
12.33
17.67
13.33
14.0
8.67
4.67
12.67
9.0
11.33
14.0
1.0
6.67
14.33
23.33
9.0
10.67
12.67
4.67
7.33
14.0
0.67
13.0
16.0
10.67
17.67
21.0
18.33
34.33
23.33
30.67
22.33
32.33
15.0
15.67
23.67
25.0
28.67
15.67
22.67
21.0
11.67
16.0
12.33
13.0
14.0
14.0
16.67
6.0
23.0
7.0
11.33
21.33
2.0
20.33
18.0
15.33
15.33
9.33
11.0
20.0
29.33
20.0
21.0
34.0
43.0
51.0
59.0
60.33
86.33
85.0
102.33
87.67
116.33
111.0
122.33
111.67
127.33
119.0
115.33
121.33
133.0
115.67
87.0
95.67
95.67
76.33
106.67
81.67
62.0
49.67
56.67
75.0
53.0
55.0
70.67
51.0
57.67
56.67
39.33
44.33
46.33
44.67
39.67
24.0
33.33
47.67
35.67
31.67
26.67
21.33
20.67
23.33
27.67
34.33
35.67
38.0
44.0
42.67
29.67
34.67
61.0
69.0
47.0
60.67
56.0
56.67
60.33
53.0
43.67
46.33
58.0
46.0
41.67
55.33
36.67
33.67
42.33
36.33
36.33
37.0
16.0
35.0
17.33
25.67
43.33
19.67
19.67
26.0
21.33
6.33
13.33
2.67
11.0
31.0
11.67
11.0
15.67
18.0
11.0
14.0
9.33
16.67
8.33
10.67
10.33
10.33
7.33
-4.33
19.0
5.67
13.67
5.33
3.0
-2.33
0.67
8.0
12.33
13.67
-0.67
3.0
5.0
12.0
15.33
13.33
15.0
21.33
8.0
13.67
6.0
7.0
7.0
15.67
2.67
16.67
13.0
19.33
16.0
13.0
14.67
15.67
20.0
16.67
17.0
21.67
17.0
31.0
17.0
16.0
22.67
22.0
19.33
24.67
15.67
12.33
29.0
21.33
19.33
20.33
36.33
21.0
19.67
22.0
15.0
13.0
32.0
17.33
27.33
9.33
22.0
21.33
14.67
16.67
21.0
32.33
24.0
20.33
29.67
17.33
31.33
25.0
20.0
26.0
12.0
29.0
25.33
43.33
27.0
25.67
9.67
14.33
22.33
16.67
25.33
12.67
23.0
10.0
19.67
17.0
16.0
27.0
20.67
20.67
13.0
7.67
29.0
18.0
10.0
10.0
0.33
14.67
8.67
17.67
9.33
6.67
8.67
10.0
14.0
-1.0
2.0
2.33
12.0
3.33
2.33
6.67
12.67
5.67
12.67
11.0
6.67
7.33
9.0
10.0
7.67
16.33
8.67
12.67
10.0
7.67
10.33
8.0
13.67
0.0
8.33
11.67
11.0
-4.33
19.0
7.0
2.67
7.67
3.33
7.33
15.67
1.0
8.33
-5.33
13.0
19.33
2.67
27.0
9.67
7.33
0.0
6.67
17.33
9.0
10.67
6.67
0.67
1.33
6.0
9.0
10.67
4.33
14.67
19.0
4.0
1.33
1.0
11.0
17.33
15.33
15.0
0.67
19.0
25.0
14.33
6.67
20.0
8.33
17.67
11.67
24.0
10.33
-3.33
9.33
0.33
15.33
9.33
9.0
14.67
21.33
10.0
7.33
4.33
6.0
19.33
6.33
-7.33
20.67
-2.67
-0.67
-5.33
7.0
12.33
0.67
10.0
13.33
-3.33
-0.67
11.0
13.67
4.0
6.0
22.67
-0.67
1.33
14.67
18.0
13.33
15.67
6.0
9.67
14.0
8.0
18.67
17.67
-1.67
12.0
4.33
16.33
2.0
13.33
3.67
8.0
0.67
10.0
7.67
5.33
0.0
8.0
8.33
9.67
13.33
14.33
4.0
-7.0
18.33
2.67
8.67
12.67
10.0
9.0
7.67
12.67
17.67
8.0
12.33
8.67
16.67
19.33
13.0
21.33
12.0
11.67
13.33
22.67
13.67
15.0
19.33
12.67
12.0
20.0
6.67
-2.33
13.33
10.67
10.0
9.0
11.33
16.33
12.0
20.67
8.33
26.33
25.67
10.0
18.33
19.33
1.67
20.0
14.67
6.33
12.0
5.67
14.67
11.33
17.0
16.33
28.0
17.33
6.33
20.0
14.0
-3.0
15.33
20.0
6.33
12.0
5.0
13.0
10.33
13.33
8.33
8.0
15.67
11.67
2.33
-8.67
10.33
0.67
19.33
-0.33
16.33
12.67
-9.67
4.67
-1.33
5.67
7.0
8.33
14.67
11.33
3.67
3.33
17.33
14.0
14.0
7.33
3.33
4.33
9.67
18.0
-11.67
3.67
7.67
8.67
5.0
4.67
12.67
23.67
6.33
5.33
3.67
13.33
5.67
7.67
12.67
6.0
-4.33
11.67
19.67
6.67
4.33
9.0
-0.33
10.0
-3.0
0.33
10.0
5.67
-1.67
5.0
17.0
6.0
0.33
17.0
18.33
5.33
7.0
8.33
7.67
4.33
8.0
-3.33
0.67
5.0
11.67
1.33
16.33
-1.67
12.0
-0.33
1.67
1.67
9.33
2.33
-5.67
11.67
-3.0
7.67
10.33
-3.0
5.67
7.33
-2.33
0.33
7.0
1.0
1.67
11.67
3.33
8.33
5.0
4.33
9.67
8.67
-4.0
8.0
15.0
2.33
8.33
-2.0
4.33
4.33
7.67
2.33
7.33
-0.33
1.67
2.0
13.67
5.33
-2.33
10.33
2.33
4.33
3.33
3.33
1.67
7.33
0.33
14.0
0.67
-0.33
9.33
6.0
11.0
10.33
-6.33
1.33
-2.0
7.0
8.67
10.67
2.67
11.67
5.33
10.67
-0.67
1.33
2.33
2.0
6.0
11.67
-7.33
13.67
6.67
-2.67
8.33
3.33
10.33
8.33
11.0
-7.67
10.0
7.33
11.33
8.33
11.33
4.67
4.0
-6.0
7.33
2.33
7.0
4.33
-3.33
3.67
9.33
0.67
11.33
6.33
13.33
5.0
7.67
-1.67
13.67
12.67
10.67
13.67
9.67
9.67
6.0
-1.33
14.33
-2.67
4.67
1.33
-1.67
5.0
-7.0
2.67
11.0
8.0
8.33
6.0
6.0
3.0
3.0
1.33
2.0
3.0
-11.0
4.67
8.0
3.33
17.67
2.33
10.0
10.67
11.0
5.0
-1.33
-4.67
4.33
9.0
10.67
8.67
10.33
11.67
-2.0
2.33
-2.0
6.0
-5.0
-0.67
2.67
8.0
4.33
-3.67
5.0
9.33
2.33
5.67
3.67
1.33
-3.33
9.0
0.33
2.67
3.33
-4.67
7.33
2.33
9.67
11.33
2.0
6.33
-3.0
-3.33
12.0
-2.33
7.0
3.67
7.0
2.67
5.67
3.33
5.33
4.0
7.0
0.0
2.67
-0.67
0.67
6.0
1.0
0.67
7.33
9.33
-1.33
-2.0
9.0
-0.67
0.0
6.33
-0.67
4.33
-2.67
-0.33
1.33
9.0
3.33
7.67
-5.67
-4.67
1.67
4.0
4.33
4.33
-1.67
3.0
6.67
12.0
12.33
-0.67
11.33
2.0
5.33
2.67
1.0
-0.33
2.0
0.33
13.33
7.67
7.67
0.0
3.0
1.0
1.67
1.33
0.33
-0.33
5.0
5.0
12.67
5.67
6.67
0.33
8.0
4.33
14.33
2.0
4.33
-1.67
1.67
-1.67
0.0
-3.67
15.33
3.67
9.67
3.0
7.0
1.33
-4.33
6.67
-1.33
2.33
0.33
-1.33
-0.67
-2.67
10.33
4.67
6.33
5.67
8.67
1.33
-3.0
1.0
-0.67
2.67
-3.0
3.0
4.33
7.33
8.67
4.67
5.0
-1.33
1.33
2.0
8.33
5.0
3.0
2.67
3.67
7.67
11.0
-3.0
1.67
-1.33
0.67
7.33
3.0
5.33
-2.33
11.0
0.67
2.0
2.33
3.0
5.33
0.33
-3.0
-0.67
0.67
3.0
0.0
1.67
4.33
2.33
3.0
-2.0
-2.33
5.0
-1.33
0.33
6.33
5.33
-1.0
11.33
-3.33
2.33
-2.67
2.0
2.67
2.0
-1.0
-1.67
7.0
3.67
3.33
9.67
1.0
0.33
-1.67
0.67
0.67
-2.0
2.33
-1.67
0.67
1.67
0.33
3.33
3.33
8.67
-6.33
4.33
-2.67
2.67
2.67
3.33
3.0
3.0
0.67
-2.0
3.33
