0.0
7.67
23.67
-43.67
16.33
51.0
11.67
-18.0
55.0
66.67
-54.0
-36.0
-111.33
6.67
-25.0
12.0
38.0
-40.0
-33.67
-4.67
1.33
-33.33
2.67
-4.0
-0.67
-10.67
-18.67
-10.0
0.0
2.0
1.0
10.67
-3.33
-1.67
-1.0
-2.33
-1.33
1.67
0.0
0.33
-0.67
0.33
-0.33
0.33
0.0
1.33
0.0
0.0
-0.33
-0.33
0.0
1.0
0.0
0.33
1.0
-0.67
1.67
0.0
-0.67
0.67
0.33
0.0
-0.67
0.33
-0.67
0.67
0.0
-0.67
0.0
-0.67
0.0
-0.33
0.0
-0.33
0.67
-0.33
-1.33
-0.33
0.0
-1.0
1.0
-0.33
1.67
0.67
0.67
1.67
1.67
0.33
-0.33
-1.0
0.0
-1.33
-1.0
0.33
-1.33
-1.0
-0.67
1.67
-0.67
1.0
-0.67
0.33
0.33
-0.33
-2.0
-2.0
2.0
0.67
1.67
-1.67
2.33
-1.67
3.67
0.0
0.0
2.67
3.67
2.67
0.33
0.67
0.0
2.67
3.0
0.67
7.33
5.33
-3.0
2.0
2.67
3.33
0.33
0.33
4.33
4.33
7.67
8.0
3.33
2.0
-0.33
4.67
11.67
2.0
2.33
7.67
0.0
5.0
-2.33
2.67
0.33
1.0
11.67
3.67
-0.67
13.33
1.0
1.33
5.67
-0.33
3.0
2.0
2.0
5.67
-1.33
9.67
0.0
4.33
-1.67
6.33
-4.0
-0.33
7.67
10.0
5.33
1.0
-3.0
10.0
3.0
-2.0
1.33
0.67
5.67
10.33
5.67
9.0
3.33
10.33
13.67
1.0
10.33
11.33
1.0
1.67
2.0
5.0
3.33
3.33
4.33
0.33
6.33
5.33
3.0
0.67
-1.67
7.0
8.33
1.33
-0.67
6.33
8.0
4.33
-4.33
2.33
-3.33
9.33
8.67
10.33
6.0
5.0
2.33
4.67
6.67
4.0
9.67
2.67
3.67
4.67
5.33
3.33
-0.33
0.0
4.67
0.67
6.33
3.33
3.33
-1.67
6.33
-0.67
-4.0
7.0
6.67
0.67
2.33
-0.33
12.0
6.0
4.0
2.33
6.33
2.33
4.0
-2.0
2.33
-4.0
-2.0
1.67
7.0
3.67
4.0
-0.67
3.33
-1.0
6.0
7.0
8.67
5.67
5.0
-0.67
3.33
1.67
-0.67
-2.33
6.67
-4.33
7.33
5.67
4.67
3.67
8.0
3.67
-3.0
-6.0
1.67
6.0
2.33
-3.33
8.33
4.0
0.0
1.33
2.33
2.67
5.67
6.67
3.67
4.67
5.67
0.33
3.33
6.33
7.33
4.67
-0.67
6.0
9.67
2.33
5.0
4.67
-4.0
2.0
1.0
5.33
1.67
-2.0
4.33
-3.67
4.67
1.67
4.67
5.0
6.0
-4.0
-2.67
6.67
0.0
-0.33
10.0
-4.0
1.0
-2.0
2.0
0.67
1.0
2.33
-0.67
7.33
-0.33
0.0
5.0
6.0
4.33
-3.0
-1.0
-1.33
3.67
1.67
3.33
5.0
0.0
9.33
6.33
-3.33
2.67
5.67
-1.0
2.0
2.33
1.0
-1.67
-1.67
0.67
0.0
-1.67
-2.0
-0.33
2.33
7.0
7.33
2.67
1.67
-5.33
-6.0
5.33
-2.67
1.67
7.0
2.0
3.33
1.0
2.0
3.0
-0.67
-3.67
2.0
13.0
1.33
-1.67
-2.33
4.33
1.33
0.0
1.33
0.67
5.0
1.0
0.67
6.67
13.67
-2.33
4.67
0.67
-6.67
-2.0
5.67
0.67
1.33
0.33
4.33
-1.33
2.0
7.33
4.0
4.33
-5.33
-4.0
1.67
4.0
0.67
7.33
3.33
10.67
7.0
0.67
-0.67
-0.33
2.33
0.0
0.33
1.33
5.67
-0.67
-2.33
3.0
2.0
2.33
-3.0
0.33
2.67
1.67
3.0
-1.0
3.67
5.0
2.67
4.0
7.67
0.33
-1.0
-3.67
3.0
1.67
6.67
-0.33
2.0
4.33
5.33
5.0
-2.33
-1.67
-1.67
3.33
5.33
2.67
2.33
0.0
1.33
-0.67
4.67
3.0
0.0
1.0
0.0
-1.33
5.33
0.33
1.33
6.67
0.33
1.67
1.67
1.33
3.33
0.0
0.33
2.33
3.0
1.67
3.0
2.0
3.67
-3.67
1.67
1.33
-1.0
1.0
1.33
-1.67
-1.67
3.67
4.67
2.33
1.33
0.67
3.0
0.33
5.67
2.67
-3.33
2.67
3.33
2.67
-3.33
1.33
6.67
1.33
1.33
-2.67
3.33
1.0
-2.0
-3.0
-0.33
4.0
3.67
4.67
4.33
1.67
1.33
3.67
6.33
-0.67
4.0
2.67
2.33
-0.33
-1.33
5.0
1.67
0.67
2.67
4.0
0.67
6.67
3.67
-4.33
-1.33
0.33
3.0
1.67
-1.0
-0.33
2.0
1.0
1.0
2.0
0.67
5.67
-2.0
2.0
4.0
0.67
-3.67
2.67
3.0
2.0
2.67
1.67
-1.33
0.0
0.0
0.67
2.0
-3.0
0.0
0.0
-3.0
4.33
-0.33
-1.0
1.67
-0.33
-1.33
-2.0
-3.0
2.33
-0.33
0.0
0.0
-2.0
0.67
0.33
3.67
7.33
6.0
-4.67
6.0
-1.33
2.67
-1.33
-2.67
3.0
1.0
-0.67
1.67
2.33
4.33
-1.33
1.0
4.0
2.0
1.67
1.33
1.67
-1.0
0.67
1.67
-3.0
-0.33
-0.67
-2.0
-2.33
1.33
1.33
7.33
-1.33
1.67
5.33
3.33
2.67
4.33
8.0
-1.33
-6.0
0.67
-3.0
-0.33
0.67
3.33
3.33
2.0
-1.0
0.0
5.67
4.0
-2.0
2.0
1.33
2.0
3.33
0.0
2.33
-2.0
0.0
-0.33
-0.33
2.67
1.33
0.0
2.33
3.0
-4.33
1.67
-0.33
-1.33
-2.67
2.0
-0.33
0.67
3.0
-3.0
4.0
2.33
3.67
-0.33
0.33
1.33
-1.0
2.67
0.67
0.67
3.67
3.33
0.67
-4.0
-0.33
-3.67
1.67
0.0
2.0
0.0
5.0
0.33
-1.0
2.0
2.67
-1.33
0.0
5.67
3.0
-2.67
-1.67
-1.67
-1.67
4.67
2.67
-1.67
-2.0
2.33
1.33
2.33
3.67
4.0
-2.0
4.0
-3.0
-1.33
2.67
0.0
5.33
0.67
2.33
0.33
-2.67
0.33
4.67
7.33
-4.33
3.33
0.67
1.67
3.0
-2.67
-2.33
1.0
11.33
0.0
4.0
4.33
5.0
0.33
1.67
0.67
4.0
-1.67
-2.0
1.0
2.33
5.33
2.0
0.0
-0.33
4.0
6.0
-0.33
-4.67
-1.67
0.0
1.0
1.0
-0.33
2.33
-2.67
1.67
4.67
-0.67
5.67
7.0
0.0
-2.0
3.33
-2.0
3.67
-3.0
7.0
2.33
-4.67
1.0
-4.67
7.67
-2.33
-6.0
5.67
1.33
2.67
0.0
0.33
-2.0
0.33
3.0
2.67
3.67
10.67
6.33
9.67
-1.0
3.67
-1.33
1.33
6.0
6.67
0.0
4.33
3.0
0.67
8.0
-1.33
1.0
1.33
4.0
5.67
2.0
6.33
4.33
3.33
-0.67
-5.0
3.67
-2.33
9.33
8.0
1.67
6.33
3.67
3.33
2.33
0.67
3.67
6.0
-1.67
4.67
-0.33
-1.67
9.67
6.33
6.67
-5.0
-0.33
7.33
2.0
0.33
0.67
-0.67
3.33
3.33
2.33
3.67
10.67
6.0
-5.33
0.67
2.0
4.0
-4.0
-3.33
6.67
7.67
14.0
3.33
-1.33
4.33
10.67
6.33
9.0
-0.67
8.0
0.67
-0.33
6.67
0.67
-0.67
8.33
4.33
7.67
0.33
7.33
-2.67
6.67
9.0
13.33
6.0
9.33
0.67
17.33
3.67
6.67
2.33
9.0
10.67
2.67
5.33
9.33
7.67
1.67
14.0
6.0
6.33
10.67
5.67
8.67
14.67
9.67
11.33
4.33
12.0
10.0
6.0
6.33
-0.67
5.33
-4.0
7.33
9.67
9.33
3.33
6.33
2.0
8.67
6.0
7.67
9.33
10.0
5.0
10.0
6.33
10.67
19.33
11.0
21.33
18.67
20.33
25.67
16.67
28.67
32.67
22.33
44.0
37.33
30.0
26.0
50.0
41.33
38.0
56.67
63.33
44.0
52.67
63.0
54.67
52.67
32.0
37.0
21.0
29.0
26.67
15.0
18.33
17.33
7.67
14.67
10.33
14.67
18.67
9.33
14.67
20.0
-0.33
8.33
10.33
22.0
8.0
6.67
8.67
10.33
10.67
19.33
20.0
7.0
23.33
19.0
11.0
19.67
13.0
13.0
23.33
21.67
25.67
22.0
18.33
26.0
18.33
21.0
24.67
15.33
25.33
30.33
22.33
16.0
11.0
13.33
20.67
20.0
17.67
21.33
17.67
5.0
12.33
10.67
13.67
9.67
6.33
10.67
9.0
12.33
8.0
5.33
10.33
13.0
17.33
11.33
18.33
9.0
13.0
25.67
21.33
22.67
28.33
16.33
23.67
27.0
17.67
17.33
27.0
30.0
23.0
19.0
12.67
16.33
13.67
20.0
15.67
18.33
25.0
11.0
13.67
19.33
11.33
11.67
19.0
29.33
14.67
29.0
20.0
19.0
27.33
21.67
28.67
26.67
26.67
28.0
20.67
28.67
26.67
24.33
25.0
27.33
32.0
26.67
16.67
28.0
22.67
31.33
33.33
16.0
18.0
11.0
8.67
15.0
17.33
20.0
23.33
13.33
9.0
21.33
17.33
9.0
24.67
17.33
16.33
15.67
17.67
14.67
21.33
22.67
16.67
19.67
27.0
10.33
13.0
24.33
14.0
1.67
10.67
12.67
16.0
8.67
22.67
9.67
7.33
11.0
4.67
10.33
12.33
15.33
11.0
8.33
8.67
9.33
3.67
10.33
20.0
14.67
18.67
8.67
18.0
17.33
8.0
12.0
8.67
4.33
13.33
9.0
3.67
16.67
1.67
10.33
15.0
0.67
8.0
11.0
16.67
9.67
13.0
15.33
12.33
9.33
16.67
15.33
19.33
-1.0
24.67
9.67
16.0
21.67
4.67
15.67
25.0
5.67
16.0
4.33
21.0
3.0
15.0
12.67
10.0
13.0
9.0
14.33
26.33
10.0
14.33
13.0
6.33
13.33
9.33
21.0
26.0
12.33
15.0
34.0
40.0
32.0
24.0
32.0
65.33
44.33
52.0
80.33
57.67
81.33
99.0
106.33
99.67
129.33
135.0
119.33
144.33
140.0
196.67
146.0
137.67
138.67
167.33
155.67
141.67
130.0
129.67
121.67
116.0
99.0
79.0
78.67
48.0
50.67
38.67
36.33
32.33
30.33
22.67
23.67
16.0
21.33
21.67
23.67
25.67
28.67
26.33
15.67
15.33
25.67
21.33
28.67
32.0
24.0
33.67
40.67
22.67
32.0
45.0
33.0
24.67
47.0
34.67
41.33
45.0
37.67
45.33
43.0
39.0
46.67
38.33
46.67
52.67
50.33
34.33
51.33
43.0
44.0
37.0
39.33
36.67
37.33
31.67
25.67
29.0
32.33
25.33
24.33
18.67
23.0
19.0
16.67
19.0
14.67
19.0
11.0
16.0
17.33
11.67
12.33
24.67
2.33
18.33
11.33
5.67
9.0
6.67
8.67
0.33
23.0
8.67
14.67
8.0
11.33
12.67
-0.67
11.0
6.0
13.0
11.33
10.33
21.0
17.33
9.0
18.67
6.0
8.0
16.0
13.67
20.67
14.67
9.0
13.33
13.0
28.0
19.67
19.67
16.0
18.67
14.0
25.67
11.0
22.0
16.0
12.0
37.67
19.0
15.33
18.67
9.67
21.33
19.0
44.33
13.33
48.33
34.33
17.0
17.67
25.0
27.0
14.0
38.0
22.33
23.33
24.33
22.0
33.33
29.67
20.67
21.0
8.33
5.0
11.33
17.67
8.33
21.33
20.0
14.0
16.0
12.0
13.0
14.33
13.33
13.0
14.67
10.67
5.33
28.33
1.67
19.33
13.67
33.0
4.0
13.67
7.0
20.0
9.0
3.67
20.67
20.0
21.67
11.0
5.0
7.0
26.0
3.33
12.67
15.67
32.67
19.33
7.67
14.67
4.0
16.0
5.0
10.0
11.33
6.0
9.33
21.33
6.67
9.67
7.67
11.67
11.0
11.67
10.33
15.0
4.0
15.67
9.33
10.67
7.67
14.0
3.67
7.33
5.0
0.67
0.0
4.33
4.67
6.0
11.67
11.0
18.0
-1.33
8.67
0.33
12.33
6.67
6.0
12.33
5.67
1.0
6.33
-0.33
8.0
9.67
9.33
7.0
9.67
25.33
13.0
9.67
14.67
6.67
17.33
12.0
16.0
8.67
17.33
-1.33
12.0
16.0
7.33
-2.0
16.0
21.33
1.33
9.0
4.67
-2.0
18.0
5.33
-1.33
14.0
28.33
4.67
4.67
23.0
8.33
2.67
6.33
11.33
10.33
-0.67
12.0
17.67
1.33
11.0
-4.67
12.33
15.0
3.33
4.33
15.67
14.67
-3.67
-3.67
-1.33
-1.0
7.33
8.67
14.0
2.33
9.67
12.33
4.0
13.67
1.0
11.0
2.67
7.33
3.33
9.67
10.0
9.33
3.67
5.0
14.67
10.0
6.0
7.67
20.67
5.33
3.0
14.33
12.33
-3.0
5.33
6.67
10.0
1.67
10.0
12.67
11.33
15.0
3.0
10.33
-0.33
9.33
8.33
8.0
-4.0
3.33
7.67
12.67
11.67
19.0
8.0
0.67
13.67
8.67
16.0
10.33
7.67
3.67
21.33
8.0
10.33
19.0
22.67
8.33
-0.33
11.67
14.0
15.33
12.67
3.0
26.0
13.67
7.67
18.33
7.67
17.0
19.0
11.33
-0.67
20.0
24.67
20.33
14.33
20.67
21.0
19.33
32.33
17.67
15.0
22.67
10.33
17.0
20.67
16.67
13.33
26.0
3.33
24.0
16.33
20.33
23.0
11.0
0.0
-1.67
9.0
12.33
12.0
11.0
5.0
8.33
11.33
12.33
17.0
5.67
9.67
4.33
-1.67
14.33
2.67
0.33
2.67
9.33
10.67
7.33
-1.33
-1.33
3.67
0.0
-5.67
-3.33
10.33
10.67
3.33
6.33
5.0
7.0
2.33
2.33
-2.67
11.67
4.0
-0.67
4.67
8.67
3.67
19.0
4.67
11.67
5.67
6.33
4.33
10.67
12.33
2.67
0.67
7.67
18.0
5.67
5.67
0.67
6.67
9.33
2.0
-3.33
11.0
10.0
-2.67
5.0
-1.33
3.33
0.0
2.0
-5.0
15.33
-3.0
4.33
8.33
0.0
12.33
3.67
6.33
10.0
3.67
2.67
7.0
5.67
21.33
10.33
6.33
9.0
9.67
11.67
6.67
-0.67
9.33
2.33
16.67
-1.0
5.67
2.33
5.0
8.67
-3.67
-0.33
0.33
3.0
1.0
-0.33
1.67
-2.67
4.33
2.0
-4.67
4.67
-2.33
3.0
16.0
0.0
12.33
6.33
-2.0
8.33
10.33
-0.33
3.33
4.33
6.67
5.67
1.0
5.67
0.33
1.67
5.33
9.33
1.33
-3.67
0.33
9.67
6.33
7.33
7.0
-2.33
5.67
3.33
2.0
1.0
1.33
2.67
5.33
6.0
11.0
11.67
6.67
11.67
5.67
6.33
2.67
3.33
-0.67
3.33
3.0
-5.0
3.67
-4.33
5.67
8.67
5.33
9.33
11.33
6.33
-5.67
7.0
7.33
5.0
2.33
10.33
-3.67
6.33
8.67
3.0
5.0
10.33
4.33
1.0
2.33
1.67
21.67
6.33
12.67
11.33
9.33
2.33
3.0
11.67
9.33
5.67
12.67
5.67
8.67
7.67
-2.33
5.0
10.67
2.33
-1.67
-1.33
5.33
-0.67
1.0
3.0
-0.33
-1.0
-4.0
0.33
-3.0
10.0
1.0
5.0
3.33
-1.0
-3.0
-1.0
3.67
-1.0
3.33
9.67
5.33
5.0
-3.33
3.0
11.0
1.67
-7.67
2.33
5.0
11.67
8.67
-2.67
2.67
5.0
0.33
-4.0
12.0
-2.0
0.33
11.67
16.0
2.33
8.33
3.0
7.33
-12.67
6.67
-0.33
5.33
-4.33
8.0
1.33
-2.33
-9.67
6.33
10.33
11.33
11.67
5.33
9.0
3.33
-3.0
2.67
-2.0
-3.33
13.0
4.67
4.0
9.67
-2.33
3.33
5.33
4.0
3.0
4.0
4.67
-3.67
5.67
8.0
7.0
0.67
10.33
3.33
0.67
9.0
12.0
2.33
7.0
7.33
3.33
5.33
5.33
-1.33
-2.67
5.0
12.33
5.67
0.33
1.33
1.67
4.0
10.33
1.33
1.33
6.0
4.67
2.0
0.33
4.33
3.33
-2.0
3.33
7.67
7.0
-3.33
-2.0
5.33
4.33
-0.33
4.67
-2.0
4.0
3.0
11.67
-3.67
-0.67
2.67
1.0
5.0
10.67
9.67
5.67
3.33
5.0
-1.67
-0.67
3.0
0.33
-4.67
-1.33
-0.67
8.0
0.33
5.33
4.67
4.67
5.0
0.0
-0.67
3.67
8.67
2.67
3.33
4.33
3.67
3.33
6.33
-5.67
-0.33
-1.67
10.67
3.67
5.33
11.0
4.0
6.33
0.67
1.0
11.0
-1.67
0.33
15.67
8.67
-4.0
5.67
2.33
7.0
9.33
6.0
3.0
4.67
-3.33
7.67
-2.0
-1.0
3.67
0.67
2.67
2.33
2.0
1.33
-2.33
2.0
-3.33
-1.0
2.33
0.0
12.33
-6.67
-1.0
-2.67
-3.33
2.0
4.0
-0.33
3.33
14.33
3.0
4.0
2.67
-1.0
3.67
0.33
2.33
-2.67
2.0
9.33
-3.33
6.33
-6.67
4.0
3.67
9.0
2.0
-0.67
-2.0
4.67
2.33
-6.33
6.0
-1.67
2.33
5.67
-1.33
1.0
0.33
5.33
9.67
-1.33
-1.67
8.33
2.33
-1.33
-1.33
0.33
-4.67
-0.33
-1.33
2.33
-1.0
0.0
1.67
1.0
-4.67
