0.0
-16.33
4.67
-101.67
-21.67
43.0
16.67
-38.0
8.0
-53.33
-59.0
-74.0
42.67
-9.33
7.0
-56.0
97.0
-19.0
-23.67
-32.67
24.33
3.67
-16.33
-1.0
18.33
-6.67
-8.67
-11.0
-1.0
-9.0
-1.0
0.67
-0.33
3.33
-3.0
0.67
-2.33
-1.33
-1.0
-0.67
-0.67
1.33
-0.33
-0.67
0.0
-0.67
1.0
0.0
-0.33
-0.33
0.0
2.0
0.0
-0.67
0.0
1.33
-0.33
0.0
-0.67
-0.33
-0.67
0.0
-1.67
-0.67
0.33
-0.33
0.0
0.33
-1.0
-0.67
0.0
-0.33
0.0
0.67
-0.33
0.67
-1.33
0.67
1.0
-1.0
0.0
0.67
-0.33
-0.33
-0.33
-0.33
1.67
0.33
0.67
0.0
1.0
-0.33
-1.0
0.33
-1.33
-1.0
1.33
-0.33
0.33
2.0
-0.67
0.33
0.33
1.67
-2.0
1.0
1.0
1.67
1.67
-1.67
-0.67
1.33
2.67
-1.0
4.0
1.67
1.67
4.67
2.33
1.67
0.0
0.67
3.0
-1.33
2.33
5.33
-1.0
1.0
4.67
0.33
2.33
0.33
3.33
1.33
7.67
-3.0
-1.67
-3.0
-3.33
3.67
7.67
4.0
4.33
0.67
7.0
6.0
-0.33
2.67
-1.67
-4.0
9.67
-2.33
-5.67
9.33
-1.0
7.33
-4.33
-0.33
0.0
1.0
5.0
5.67
3.67
-1.33
5.0
1.33
5.33
3.33
4.0
12.67
8.67
-1.0
2.33
6.0
-1.0
4.0
7.0
9.0
-2.67
0.67
10.67
-1.67
0.67
6.0
1.33
-2.67
2.67
5.0
5.33
12.33
5.0
2.67
6.0
5.0
7.33
3.33
7.33
2.33
5.33
13.33
-1.0
-2.33
7.33
5.0
1.33
-1.67
8.33
8.33
2.0
4.33
-6.33
1.33
-3.33
3.33
-0.33
12.33
7.0
1.0
0.33
4.67
2.67
3.0
6.67
7.67
4.67
5.67
-1.67
2.33
8.67
0.0
2.67
2.67
1.33
1.33
5.33
0.33
0.33
4.33
-1.0
4.0
2.67
8.67
-1.67
-3.33
11.0
2.0
4.0
2.33
3.33
7.33
6.0
10.0
1.33
-3.0
2.0
10.67
7.0
-0.33
2.0
-0.67
0.33
4.0
7.0
6.0
10.67
8.67
2.0
3.33
9.33
7.67
2.33
-5.33
11.67
-2.33
2.33
1.67
4.67
10.67
2.0
0.67
0.0
-3.0
-1.33
-1.0
10.33
-0.33
2.33
0.0
-1.0
4.33
10.33
1.67
8.67
6.67
0.67
2.67
2.67
-0.67
3.33
7.33
-0.67
-4.33
5.33
-1.0
6.67
2.33
7.0
0.67
-2.0
2.0
4.0
0.33
7.67
2.0
1.33
-0.67
-8.33
4.67
2.67
3.0
2.0
5.0
0.33
4.67
4.0
4.67
1.0
6.0
7.0
4.0
1.0
-1.33
-7.0
4.33
10.33
4.33
5.67
2.0
2.0
2.0
4.33
6.0
13.0
3.67
-0.33
1.67
3.33
0.0
8.0
2.33
5.33
0.67
4.67
-0.33
3.0
7.0
5.33
0.0
3.33
-4.67
-0.33
4.0
-1.67
3.0
4.67
1.33
4.0
6.33
0.67
0.67
-2.33
-2.0
3.33
1.33
2.67
5.0
-1.0
2.33
1.0
3.0
2.0
2.33
1.33
6.0
3.0
7.33
-0.67
1.67
2.33
6.33
4.0
5.33
2.67
4.0
7.0
-1.33
5.67
8.67
0.67
2.67
-4.33
-6.67
1.0
3.67
2.67
3.33
9.33
2.33
4.67
4.0
0.33
0.0
4.33
4.67
3.0
-0.33
3.0
0.67
-0.67
4.33
6.67
0.0
6.67
4.33
6.67
3.33
-5.0
12.33
0.33
1.67
4.33
2.67
-3.0
3.0
9.33
-4.0
2.33
0.67
5.67
5.0
4.0
1.67
2.0
5.67
1.0
-2.33
6.33
3.0
-4.67
6.0
0.67
2.67
2.67
-1.0
-2.67
-0.67
1.0
-4.33
-3.67
3.33
0.33
7.33
-2.33
3.33
-2.0
4.33
2.33
8.67
12.0
2.0
2.0
6.0
-0.33
2.33
4.33
3.33
-1.33
-0.67
0.67
2.67
-1.67
2.33
1.0
1.33
0.33
5.0
1.67
3.0
7.0
1.67
3.33
4.67
-0.67
-2.0
1.0
0.33
-0.67
-3.67
0.67
5.67
1.33
2.33
-1.33
-3.0
7.33
0.67
-2.33
-2.33
0.67
2.33
-0.33
2.67
0.33
2.67
1.33
1.33
-2.67
3.33
2.0
2.0
-4.0
3.67
2.0
-2.33
6.67
2.33
-0.33
5.33
1.67
-2.67
2.33
-1.0
0.67
2.33
0.67
-1.33
3.0
1.67
4.67
-1.33
-5.0
2.67
2.67
-0.33
-4.33
1.67
-0.67
-1.0
-0.33
1.0
2.67
2.0
11.0
0.0
2.0
-2.33
0.67
-1.0
1.0
3.0
-3.33
-1.67
-0.33
-2.0
0.0
2.67
0.67
-1.33
1.0
2.0
5.67
1.0
-3.0
2.0
2.0
1.0
-0.67
2.67
3.0
-1.33
-0.33
-0.33
-4.0
-1.0
1.33
-3.33
-1.0
2.0
1.0
0.67
2.33
1.67
-0.67
4.0
-3.67
-1.0
-1.33
2.67
-1.33
-0.67
-2.0
-1.0
1.33
-2.33
-0.67
0.33
2.67
2.0
6.0
0.0
-1.33
4.33
2.67
-1.0
2.67
0.67
-1.0
-2.33
8.33
-3.0
-4.33
4.33
1.33
4.33
5.67
-2.33
1.33
-0.67
6.67
7.33
4.0
-0.33
-2.0
4.67
1.0
1.67
-1.33
1.33
6.33
2.0
3.0
1.0
-0.33
3.0
0.0
9.0
2.33
-2.0
2.33
0.0
-2.67
1.0
-2.0
9.67
-0.33
4.67
-0.67
-3.0
1.33
0.0
1.67
2.67
-1.33
3.67
-3.67
-1.0
-1.33
-2.33
-1.0
0.0
0.0
1.33
-1.33
5.67
2.33
2.33
1.0
-0.33
-0.33
2.67
2.67
6.33
1.67
-1.0
-1.33
-5.67
4.67
0.0
2.0
5.0
0.0
1.33
1.0
5.0
3.67
0.67
7.0
5.67
-2.0
3.33
-1.67
2.33
0.33
1.67
0.67
6.33
3.0
-2.67
-4.67
-4.67
0.67
0.0
0.0
0.0
4.0
1.67
1.67
7.0
-0.67
1.67
-4.67
-3.67
-4.67
5.33
2.67
2.33
1.67
0.33
3.67
4.67
1.0
0.33
-2.33
1.0
1.33
-2.0
-2.0
5.33
2.0
-1.67
0.67
3.67
4.0
-1.67
1.0
3.0
9.33
3.33
3.0
4.0
3.67
2.0
0.0
-2.33
-4.67
-1.67
0.0
1.0
-4.0
-5.33
1.33
-5.67
3.67
2.67
1.33
-2.33
-4.0
-2.0
3.0
4.33
0.0
9.67
4.0
5.0
4.33
3.33
5.0
-1.67
1.67
-2.33
-4.0
4.67
-3.67
7.67
7.0
2.33
-2.0
0.33
-1.0
4.67
-0.33
4.67
2.33
-0.33
4.0
-0.33
0.67
3.33
-3.0
-1.33
3.0
-3.67
1.0
1.67
-3.0
2.67
4.0
11.33
0.0
3.67
5.0
2.33
-2.67
0.33
-0.67
1.0
5.67
3.67
5.33
-2.0
5.67
6.33
5.67
1.33
-1.67
2.67
2.67
11.0
6.33
-1.33
2.67
-0.67
2.67
8.33
4.67
-3.0
-5.33
3.33
4.0
10.33
8.67
2.33
6.33
5.33
3.33
6.67
3.67
5.0
9.67
2.67
-1.0
1.0
4.0
2.67
11.67
3.67
4.0
3.33
-2.33
9.33
4.67
4.33
12.0
6.33
6.0
1.67
5.67
2.67
7.67
11.33
4.33
6.33
8.67
1.33
5.33
3.33
13.67
-2.0
10.33
3.0
5.33
0.67
0.33
4.67
7.67
1.33
2.0
11.67
-0.33
4.33
9.33
-2.33
12.67
6.0
6.0
4.33
1.67
12.67
6.67
10.67
3.67
8.33
4.33
2.0
8.0
2.0
3.33
5.33
3.33
7.0
7.33
11.67
6.33
1.33
11.33
3.0
8.67
7.0
6.67
7.33
7.0
3.0
6.0
8.33
1.67
8.33
5.0
19.33
-2.33
13.33
14.67
18.67
19.67
16.67
19.33
24.0
24.33
30.0
30.0
33.0
46.33
34.0
46.67
48.33
37.0
33.67
49.0
36.67
51.67
40.0
44.0
18.0
19.0
16.67
21.0
10.33
16.33
3.67
5.67
12.33
7.67
14.67
13.33
15.67
12.0
9.67
11.33
10.33
1.0
4.0
8.67
15.67
11.33
7.67
17.33
14.0
13.0
19.33
11.0
10.0
11.67
10.0
25.0
21.33
23.67
19.67
19.0
33.33
25.0
18.33
19.0
24.67
15.33
20.33
26.33
21.33
14.0
20.0
20.33
18.67
17.0
11.67
21.33
10.67
15.0
8.33
18.67
21.67
23.67
11.33
11.67
12.0
14.33
11.0
14.33
30.33
18.0
13.33
15.33
12.33
23.0
14.0
18.67
30.33
32.67
19.33
38.33
18.67
27.0
25.67
20.33
28.0
19.0
18.0
20.0
15.67
18.33
12.67
11.0
17.67
17.33
14.0
9.0
6.67
17.33
16.33
26.67
8.0
21.33
24.67
26.0
22.0
32.0
27.33
29.67
39.67
26.67
19.67
22.0
27.67
26.67
24.67
35.33
22.0
20.33
19.0
25.67
11.67
22.0
27.67
21.33
22.33
21.0
18.0
10.0
15.67
10.0
28.33
10.0
10.33
8.33
6.0
17.33
16.33
15.0
25.67
12.33
15.33
18.67
20.67
11.67
13.33
10.67
18.67
17.67
14.0
20.33
11.0
16.33
18.0
16.67
8.67
9.67
10.0
23.67
14.67
13.67
6.33
15.0
9.67
11.33
15.33
8.33
17.0
9.33
5.67
13.33
6.67
6.33
10.0
8.67
11.67
13.67
4.0
17.33
-2.0
11.0
8.67
5.33
8.33
13.0
7.67
10.67
11.67
18.33
19.0
5.67
13.0
18.0
11.67
13.67
13.0
9.33
15.33
26.33
9.67
17.33
6.33
7.0
16.67
3.67
13.0
26.67
4.67
15.67
17.0
15.67
13.0
15.33
12.0
18.0
2.0
14.67
10.0
15.0
11.0
15.33
9.33
10.0
11.33
12.0
18.33
24.33
17.33
33.0
33.0
25.33
31.0
44.0
47.0
53.0
51.0
68.0
87.33
109.33
121.0
147.33
152.67
149.33
184.0
200.33
165.67
234.33
221.0
185.33
213.33
203.0
195.67
143.0
142.67
152.67
145.33
124.67
103.67
101.0
81.67
77.67
45.0
57.0
31.0
31.67
28.0
21.67
25.67
23.33
18.33
11.33
13.67
14.67
14.0
12.33
16.67
11.67
4.67
12.67
23.33
14.67
21.33
20.67
23.33
12.67
30.0
23.0
31.67
23.67
37.67
28.0
39.0
33.0
33.67
38.0
25.67
33.33
25.0
34.67
26.33
51.0
46.0
33.67
49.33
40.67
49.67
51.33
43.33
35.33
50.0
39.0
39.0
43.33
40.67
37.33
23.67
38.67
26.0
23.33
29.33
22.33
22.67
21.0
26.0
20.67
15.0
24.67
12.0
14.0
15.0
17.33
10.67
-3.67
16.67
13.33
9.33
0.33
12.67
14.0
5.67
15.67
9.33
16.0
2.67
11.67
6.0
13.33
9.67
1.33
2.0
5.0
7.0
1.33
23.33
-2.0
14.33
12.0
22.67
11.0
20.0
16.0
16.67
16.67
14.67
12.0
15.33
8.0
27.0
20.67
19.67
16.0
12.67
20.0
9.67
20.0
17.0
22.0
27.0
33.67
16.0
26.33
16.67
20.67
21.33
25.0
32.33
26.33
7.33
22.33
13.0
12.67
17.0
28.0
8.0
29.0
11.33
20.33
14.33
16.0
24.33
17.67
15.67
25.0
15.33
10.0
-3.67
19.67
20.33
13.33
14.0
14.0
18.0
17.0
18.0
4.33
13.33
21.0
29.67
17.67
26.33
29.33
2.67
27.33
15.67
14.0
16.0
4.67
6.0
7.0
6.0
12.67
24.67
6.0
1.67
16.0
-2.0
9.0
8.0
11.33
7.67
12.67
20.67
17.33
7.67
10.67
0.0
5.0
2.0
15.0
9.33
6.0
11.33
9.33
5.67
8.67
3.67
3.67
15.0
4.67
4.33
3.0
1.0
2.67
14.33
13.67
1.67
11.0
5.67
11.33
9.0
6.67
11.0
18.33
8.67
12.0
14.67
2.0
11.0
4.67
5.67
6.33
22.33
16.67
3.0
11.33
-2.33
12.0
29.33
12.67
10.0
13.67
16.33
12.0
11.67
19.33
15.0
10.67
10.67
3.67
9.33
9.0
9.0
5.67
6.33
11.67
15.0
11.0
16.33
9.0
11.0
16.33
2.33
13.0
0.67
8.0
17.0
16.33
2.67
-1.0
15.33
11.67
10.67
15.0
7.33
11.67
11.33
6.33
17.33
1.33
16.0
16.67
6.33
12.0
-1.67
14.33
16.0
11.33
4.33
9.67
9.67
2.33
14.33
-1.33
2.0
4.33
7.67
1.0
4.33
4.67
9.33
19.0
13.67
12.0
2.0
5.67
-1.67
14.33
-0.33
16.0
-2.67
-6.33
9.0
24.67
7.0
7.0
6.67
10.67
0.33
7.0
5.33
-1.67
9.0
5.33
3.67
3.0
0.67
8.0
4.67
1.33
15.0
17.0
23.33
10.67
7.33
4.33
6.0
7.0
12.33
1.67
12.67
11.67
22.0
1.0
13.67
12.67
21.67
10.0
11.33
3.67
17.67
14.33
14.0
2.33
14.0
14.67
4.33
15.67
3.67
14.0
7.33
6.67
16.0
11.0
2.67
-1.33
6.33
-0.33
7.0
10.0
8.33
16.33
19.0
8.67
9.33
20.33
21.67
20.0
26.33
25.33
11.67
18.0
18.67
19.33
16.0
19.67
20.67
1.33
29.0
14.33
14.0
9.33
7.33
17.0
17.0
9.0
0.33
12.0
14.33
15.0
10.0
25.0
12.33
10.33
6.33
3.0
21.67
6.67
12.33
13.33
2.33
1.67
24.33
-0.33
18.33
-3.33
7.33
3.67
-0.33
5.67
1.0
-2.67
15.67
7.33
13.67
7.33
4.33
14.0
6.0
15.33
5.33
1.33
12.67
7.0
-9.67
4.67
14.67
3.67
-5.0
-1.33
15.67
18.67
1.33
3.33
12.67
9.33
11.67
3.67
4.67
12.0
3.67
6.67
20.67
3.67
2.33
10.0
4.67
-1.0
6.0
6.33
8.0
5.67
1.33
6.0
2.0
0.0
-5.67
-3.0
-0.67
13.33
11.0
9.33
-0.33
7.33
0.0
2.67
8.67
9.0
4.67
7.33
1.33
5.33
4.0
8.67
9.67
6.67
6.33
-1.67
5.33
0.67
0.0
4.67
3.33
3.0
1.67
15.33
-4.33
-0.67
6.0
1.0
0.67
5.67
-4.67
6.33
-1.0
1.33
1.67
8.67
15.0
14.0
8.0
2.33
8.33
-12.0
4.33
5.33
8.67
-5.67
8.33
10.67
-0.33
-2.0
0.67
-0.67
-0.33
8.33
-3.67
8.33
11.33
-0.67
5.67
9.33
11.33
6.0
0.67
-0.33
10.33
7.0
0.0
-1.67
-1.33
7.33
0.0
12.0
-0.33
8.67
-0.33
17.67
-4.67
0.67
1.33
-2.67
5.33
2.0
0.0
9.67
5.67
7.67
3.67
7.33
4.33
7.33
0.33
-1.67
10.0
6.33
-4.0
2.33
10.33
-2.67
3.33
8.67
-1.0
5.0
2.33
14.33
9.0
9.33
-1.33
6.67
14.33
11.67
10.33
-0.67
8.33
3.0
9.67
7.33
5.67
1.67
4.67
8.67
10.67
8.67
8.0
-0.33
6.33
1.33
5.67
2.33
-4.67
7.0
10.0
-5.33
5.0
-5.0
-4.67
5.0
7.0
5.0
-2.0
-3.67
0.0
1.0
7.0
-0.33
0.0
6.33
9.67
2.33
17.0
2.67
1.0
2.0
1.67
-4.67
15.33
3.0
7.67
-3.33
1.33
5.67
3.0
0.33
5.0
12.0
-1.0
-3.67
-6.33
5.0
-2.67
2.33
-3.0
7.33
-9.67
-1.33
1.67
2.33
-10.33
8.0
6.33
5.67
2.33
1.33
3.33
7.33
-1.33
-3.67
-1.0
2.33
-2.0
5.67
-1.0
0.67
5.0
5.67
3.0
2.67
-1.33
2.33
3.33
6.0
10.0
2.0
11.67
8.33
-1.33
1.0
4.0
2.67
9.33
-2.67
5.67
3.0
9.0
-1.67
2.0
1.33
1.33
0.33
10.33
2.67
3.33
6.0
5.33
7.67
-1.67
-0.67
5.67
4.0
6.33
6.33
1.33
-1.0
9.67
5.0
3.33
-1.67
8.33
-6.0
5.33
1.67
3.0
3.67
-3.0
2.33
8.33
1.67
-5.33
-4.0
-1.0
-5.0
-0.33
-1.67
-4.67
6.67
6.0
6.0
9.67
2.67
4.67
6.33
4.0
2.33
5.33
-1.0
-0.67
1.33
2.67
-0.67
3.0
3.33
9.33
-3.33
-0.33
-6.0
5.0
7.33
0.67
3.67
2.67
4.33
-1.67
0.67
-3.67
-0.67
1.33
1.67
3.33
3.67
6.67
-1.67
5.0
6.0
-2.67
-0.33
2.0
3.0
2.33
-1.67
3.67
3.67
5.0
1.67
5.33
5.0
7.33
5.0
-2.0
1.67
-1.33
3.67
-1.0
1.0
4.67
3.67
6.67
-0.67
4.0
5.33
-2.33
9.0
-1.33
-5.0
3.33
1.0
0.33
4.33
-2.0
1.33
1.67
4.0
5.0
-2.33
9.33
2.33
0.0
1.0
0.67
3.0
0.67
-0.67
8.33
6.33
5.0
1.33
-2.33
2.33
-5.67
0.0
8.67
0.0
-3.0
-0.67
4.0
7.67
2.33
-0.33
0.0
-0.67
3.33
2.67
-3.33
6.0
4.33
3.33
0.67
-1.33
-3.67
5.33
0.33
0.67
3.67
1.33
-5.67
-3.33
2.67
9.33
0.0
3.0
2.67
-2.0
-2.67
