0.0
-54.33
20.67
-19.67
8.33
62.0
-50.33
-48.0
31.0
-29.33
-74.0
-61.0
-53.33
12.67
-33.0
-62.0
33.0
-16.0
10.33
-37.67
-3.67
-3.33
-30.33
-6.0
21.33
-4.67
-6.67
-13.0
-8.0
6.0
4.0
5.67
0.67
-2.67
0.0
1.67
-3.33
-0.33
2.0
1.33
1.33
0.33
-0.33
-0.67
0.0
-0.67
0.0
0.0
-0.33
-0.33
0.0
2.0
2.0
0.33
1.0
-0.67
0.67
1.0
-0.67
-0.33
-0.67
0.0
-1.67
-0.67
-0.67
0.67
0.0
0.33
-1.0
1.33
0.0
0.67
0.0
0.67
0.67
-0.33
-1.33
0.67
0.0
1.0
0.0
-0.33
-0.33
-0.33
-0.33
0.67
0.67
-0.67
0.67
0.0
-1.0
-2.33
-1.0
-0.67
-1.33
-1.0
-0.67
-0.33
-1.67
1.0
-0.67
-0.67
-0.67
-0.33
-1.0
-1.0
3.0
3.67
1.67
-2.67
3.33
2.33
1.67
-2.0
-2.0
-0.33
5.67
-0.33
-2.67
4.67
-1.0
1.67
2.0
0.67
4.33
4.33
0.0
0.0
-1.33
0.33
2.33
5.33
1.33
3.33
0.67
-4.0
7.33
-6.0
-1.33
1.67
8.67
5.0
4.33
0.67
-1.0
9.0
4.67
5.67
-3.67
7.0
6.67
-1.33
-2.67
1.33
2.0
-1.67
1.67
1.67
-4.0
1.0
5.0
8.67
-3.33
3.67
2.0
0.33
4.33
5.33
9.0
9.67
1.67
4.0
2.33
11.0
2.0
13.0
2.0
8.0
-1.67
3.67
6.67
6.33
6.67
6.0
6.33
6.33
3.67
4.0
6.33
4.33
4.0
-0.33
6.0
13.0
4.33
2.33
1.33
9.33
-3.67
10.33
4.0
0.67
0.33
3.0
10.33
2.33
0.33
3.33
-4.0
4.33
1.67
-1.67
-1.33
-2.67
1.67
9.33
5.0
1.0
0.33
4.67
3.67
2.0
7.67
1.67
1.67
9.67
11.33
-1.67
4.67
3.0
9.67
2.67
2.33
-1.67
6.33
-0.67
4.33
8.33
-1.0
-1.0
5.67
2.67
-1.67
0.67
2.0
5.0
-2.0
2.33
9.33
-1.67
5.0
-3.0
3.33
1.0
3.0
-0.33
0.0
1.67
0.0
-2.67
9.33
7.0
3.0
4.0
4.67
-5.33
0.0
2.33
0.33
2.67
5.33
1.67
1.67
2.67
0.33
8.67
-1.33
4.67
-1.0
3.67
6.0
-3.0
3.67
4.0
3.33
2.67
5.33
-4.0
0.0
0.33
12.33
-1.33
7.67
8.67
9.67
3.67
0.67
3.33
3.33
1.33
7.33
5.67
1.33
8.0
1.67
1.33
7.0
0.67
-2.0
8.0
6.0
0.33
-2.33
0.0
0.33
1.33
2.67
1.67
5.67
4.0
5.0
2.0
1.33
4.67
-1.0
2.67
7.0
11.0
4.0
5.0
3.0
-1.33
-3.0
2.33
3.33
1.33
4.67
4.0
5.0
0.0
-4.67
5.0
1.0
-4.33
2.67
6.67
1.33
1.0
0.0
-0.67
14.33
1.67
9.67
5.67
2.0
1.0
-0.67
-2.0
0.33
-1.67
5.67
3.0
-1.67
6.0
-2.33
7.33
10.0
1.33
0.67
3.67
0.67
1.0
4.33
-0.67
6.67
4.0
-2.0
5.33
5.0
1.0
4.0
-3.67
-3.67
-2.0
2.0
7.33
4.33
2.67
5.33
2.33
5.0
3.33
-0.33
3.0
0.0
4.67
6.67
5.67
2.67
-2.33
-1.33
-1.67
-1.0
7.67
1.67
1.33
5.33
-0.67
-2.33
-1.0
5.33
4.0
1.33
-0.33
1.0
-3.33
1.0
5.67
4.33
1.33
0.67
5.0
10.67
2.33
2.67
-2.67
0.0
4.33
2.33
3.67
1.33
1.67
2.0
3.0
3.33
0.0
3.33
2.67
-2.33
7.0
-2.0
1.67
8.0
0.67
3.0
1.67
5.33
1.0
0.33
-1.0
0.67
3.67
1.67
1.0
6.33
9.33
3.0
0.67
-3.67
5.33
-6.67
1.33
0.67
0.33
-2.0
2.33
6.33
3.67
4.0
-1.0
2.0
3.0
-1.33
2.33
8.33
1.33
6.67
2.33
5.67
-2.33
2.33
0.33
-1.0
-2.67
5.33
0.0
4.67
-2.0
6.0
2.67
3.33
1.67
5.33
-1.0
-3.0
-1.67
1.33
-1.67
-3.33
4.67
4.33
-0.67
-2.33
-1.0
2.33
1.67
-1.33
-1.33
8.67
0.33
-1.33
-1.33
2.33
-1.33
4.33
-0.67
-0.67
1.33
1.0
-1.0
-1.0
4.67
4.0
-0.33
5.67
3.33
0.67
-0.67
2.67
2.33
1.33
0.0
4.67
0.33
0.67
-1.33
0.0
4.67
1.67
1.67
-1.0
-2.33
1.67
6.67
-4.33
4.67
1.33
-2.0
0.67
2.0
-3.33
5.0
2.0
3.0
4.0
-0.33
-0.33
1.0
-1.0
1.0
1.67
2.33
6.67
-2.0
-4.0
1.67
2.67
0.67
3.0
0.0
1.67
-1.0
-4.0
5.0
-1.0
6.0
2.33
0.67
0.0
-0.33
2.67
0.67
2.0
2.0
0.33
0.67
1.0
-3.0
-1.0
5.67
0.33
5.67
4.33
4.0
-1.67
1.0
4.67
1.67
3.67
-1.67
-4.0
-4.0
-0.67
-2.33
-0.67
1.33
5.67
2.0
0.0
1.0
1.67
3.33
2.67
-1.0
-0.33
3.67
-1.0
-0.33
5.33
-2.0
-3.33
0.33
2.33
1.33
-1.33
-0.33
-1.67
-3.67
2.67
2.33
4.0
-0.33
-3.0
0.67
7.0
-2.33
-0.33
4.33
4.33
1.0
-3.0
1.0
-1.33
0.0
-2.0
1.0
2.33
7.0
2.33
3.0
-0.67
1.0
-2.0
2.67
-0.33
0.67
-1.67
2.0
4.33
2.0
-4.33
-1.33
5.67
4.67
-4.67
3.0
2.67
0.67
3.0
4.0
-2.0
5.33
0.67
8.67
2.33
4.33
3.0
0.67
-3.33
-2.33
2.67
8.33
-1.33
-2.0
-1.33
-6.67
-2.33
4.0
3.0
1.0
-1.0
3.33
0.0
1.0
2.67
-3.33
-1.0
-0.33
0.0
-1.67
0.33
0.33
2.33
4.67
0.67
4.33
3.0
0.33
0.33
-1.67
5.67
5.0
-1.0
8.0
-5.0
0.67
7.67
4.0
0.33
1.67
-0.67
-0.67
-0.67
-1.67
0.67
1.33
-3.33
0.33
4.67
-1.33
-1.0
1.33
3.67
2.0
-0.67
-2.0
2.0
4.33
4.0
-2.67
5.67
4.67
-3.0
1.33
0.0
2.0
-0.67
-1.67
1.0
4.0
2.67
-1.0
1.0
-3.33
2.33
0.33
2.0
2.0
5.0
3.67
1.33
-1.67
-0.33
0.67
-0.67
4.67
-4.0
1.0
5.0
3.33
-1.0
7.67
-4.0
4.0
-1.67
1.33
2.0
1.33
4.67
-1.33
-7.0
6.67
-2.67
0.67
7.0
4.33
1.0
-5.67
3.0
2.67
3.67
7.67
0.33
7.67
2.0
0.67
-0.33
2.33
2.0
0.67
5.0
5.33
0.0
1.67
4.0
3.67
1.0
6.33
0.0
4.67
1.0
2.33
5.33
2.33
4.33
2.0
6.67
1.67
1.33
4.0
0.67
2.33
1.67
2.33
7.33
3.67
7.67
5.0
2.33
1.67
2.67
6.33
2.67
4.33
9.67
1.0
3.67
10.33
8.0
0.33
2.67
7.33
5.33
7.33
5.33
7.67
3.67
8.0
2.67
5.67
5.0
4.0
2.0
3.67
4.67
10.67
7.0
0.33
1.67
3.33
4.67
4.33
10.0
9.33
2.0
5.67
3.67
3.67
1.67
1.33
10.33
10.33
5.67
1.33
7.33
6.33
11.67
9.0
5.33
6.0
2.33
1.67
1.33
11.67
4.67
5.33
15.0
6.67
2.67
4.33
4.33
-2.33
12.67
8.0
3.0
10.33
4.67
5.67
7.67
9.67
8.67
3.33
8.33
3.0
7.0
12.0
7.33
6.33
2.33
2.0
9.33
9.67
3.33
5.33
3.33
9.0
7.67
6.0
3.67
10.33
6.0
11.0
3.0
2.33
12.67
7.33
2.0
6.33
6.67
12.33
21.67
9.67
26.67
15.67
18.33
33.0
16.33
20.0
16.0
32.0
25.33
46.0
38.67
41.33
36.0
36.67
30.0
43.67
28.67
34.0
26.0
15.0
15.0
12.67
8.0
7.33
13.33
16.67
9.67
7.33
15.67
6.67
5.33
7.67
6.0
2.67
8.33
7.33
9.0
11.0
0.67
9.67
17.33
3.67
11.33
13.0
6.0
12.33
28.0
14.0
16.67
11.0
11.0
24.33
19.67
10.67
20.0
20.33
12.0
18.33
24.0
14.67
23.33
15.33
23.33
22.33
18.0
13.0
18.33
19.67
16.0
18.67
17.33
19.67
19.0
24.33
16.67
16.67
15.67
28.33
21.67
30.0
18.33
32.0
5.33
14.33
15.0
20.33
17.33
19.33
21.0
15.0
15.67
28.33
24.67
19.33
20.33
17.67
21.0
20.67
20.33
14.0
23.0
29.0
15.0
8.67
21.33
28.67
14.0
20.67
18.33
23.0
17.0
24.67
14.33
26.33
27.67
26.0
15.33
21.67
14.0
25.0
25.0
31.33
34.67
32.67
42.67
32.67
28.0
17.67
28.67
23.67
27.33
15.0
23.33
9.0
16.67
25.67
25.0
26.67
21.33
25.33
23.0
14.0
23.0
21.67
9.0
20.33
20.0
24.33
23.33
19.0
16.33
11.33
15.0
24.67
15.33
20.33
8.67
23.67
20.67
12.33
14.67
30.67
15.67
24.0
32.33
13.0
7.33
21.0
17.67
13.67
20.67
18.0
23.67
13.67
22.67
4.33
20.0
16.67
26.33
11.33
16.33
4.0
11.33
18.67
11.33
9.67
5.33
14.0
7.67
3.67
18.67
12.0
6.33
9.0
6.0
12.67
7.33
21.33
17.0
9.67
14.67
1.67
15.33
10.0
8.67
18.0
9.0
11.67
10.67
23.0
14.33
15.33
16.33
9.67
10.33
11.33
3.0
23.67
23.67
17.0
15.67
11.67
14.67
16.0
13.67
18.0
1.33
21.0
4.0
6.0
10.67
16.0
17.0
18.0
14.33
12.33
4.0
10.33
16.0
17.33
22.33
21.33
26.0
33.0
43.33
60.0
69.0
74.0
98.0
110.0
132.0
137.33
162.33
202.0
233.33
194.67
206.33
254.0
231.33
228.67
238.33
279.0
239.33
259.33
203.0
209.67
246.0
249.67
223.67
196.33
197.67
141.67
130.0
124.67
133.67
97.0
87.0
105.0
72.67
43.0
46.67
48.67
29.33
37.33
22.33
20.67
22.67
21.0
13.33
19.67
21.67
7.67
13.67
17.33
17.67
17.33
21.67
23.33
22.67
32.0
37.0
30.67
31.67
36.67
24.0
33.0
41.0
46.67
37.0
29.67
43.33
54.0
56.67
36.33
60.0
44.0
40.67
47.33
45.67
46.67
27.33
28.33
35.33
39.0
27.0
38.0
23.33
41.67
39.33
39.67
31.67
24.0
22.33
33.33
23.33
20.67
23.0
8.0
18.67
18.0
11.67
15.0
23.0
15.0
20.33
19.67
4.33
21.67
9.33
19.33
15.33
5.67
18.0
6.67
7.67
15.33
11.0
5.67
12.67
6.0
13.33
13.67
3.33
17.0
3.0
11.0
15.33
15.33
-3.0
10.33
13.0
12.67
12.0
12.0
14.0
15.67
27.67
13.67
3.0
8.33
19.0
15.0
16.67
13.67
19.0
17.67
27.0
18.67
25.0
17.0
17.0
13.0
25.67
21.0
20.33
21.67
9.67
23.33
18.0
20.33
9.33
19.33
27.33
14.0
7.67
23.0
13.0
17.0
30.0
11.33
14.33
14.33
14.0
26.33
28.67
22.67
16.0
16.33
17.0
29.33
15.67
10.33
18.33
10.0
19.0
13.0
19.0
9.0
12.33
11.33
20.0
23.67
14.67
20.33
9.33
12.67
20.33
5.67
17.0
16.0
9.67
9.0
0.0
18.0
9.67
23.67
22.0
11.67
15.0
10.0
21.0
27.0
11.33
9.67
-0.33
13.67
10.33
1.67
11.67
-7.0
15.0
1.0
14.0
12.33
4.0
17.33
9.33
7.67
15.67
0.67
8.67
5.0
4.67
8.33
6.0
12.0
10.67
9.33
9.67
7.67
21.0
13.67
-1.67
10.0
-0.33
6.0
10.33
16.67
6.0
6.67
12.0
9.0
12.67
2.67
12.33
7.33
15.67
6.0
5.33
1.67
7.0
18.33
8.67
3.0
18.67
11.33
14.0
8.67
12.33
26.0
13.67
15.67
20.67
4.33
12.0
11.0
8.67
8.33
5.67
5.0
9.0
7.33
1.0
19.0
14.33
6.33
5.0
3.67
-4.0
7.0
2.33
-1.33
13.0
11.33
1.67
-3.33
19.0
-2.67
6.67
11.33
-6.67
0.33
-1.67
3.0
13.67
10.33
10.0
-2.67
10.33
3.0
10.33
19.33
1.67
21.67
13.33
8.33
-0.33
8.0
1.33
-1.33
4.0
9.33
4.67
6.33
13.0
3.67
10.0
9.0
-3.33
7.33
13.33
9.67
11.0
8.33
3.67
6.0
4.67
7.0
2.0
6.67
7.67
-1.67
9.0
4.33
3.33
2.0
3.33
12.67
16.0
8.67
15.0
16.67
20.33
4.0
-8.0
10.33
8.67
6.33
7.33
17.0
6.0
16.33
6.67
7.67
-2.33
10.0
5.0
0.67
10.67
1.67
13.0
9.33
-10.33
-1.33
11.33
6.0
-6.67
8.0
3.67
20.33
13.67
16.67
8.0
8.33
12.67
23.0
7.0
4.67
-1.33
11.33
16.67
19.0
22.0
8.33
13.33
29.0
8.67
12.33
18.33
11.67
21.0
15.33
17.33
2.67
18.0
18.67
17.33
22.0
14.67
5.67
8.33
20.0
16.33
20.0
8.33
17.33
14.0
11.0
-2.0
5.33
6.0
5.33
10.0
15.0
25.0
0.33
7.33
8.33
2.0
3.67
13.67
6.33
15.33
21.33
-5.33
1.33
11.67
7.33
5.67
13.33
3.67
5.67
4.67
5.0
10.33
8.67
16.33
0.67
8.33
13.33
9.0
12.0
10.33
6.33
8.33
8.67
15.0
-8.67
18.67
8.67
1.67
12.0
4.67
8.67
2.67
5.33
12.33
7.67
15.33
14.67
12.67
13.67
-2.0
-5.33
19.67
9.67
-4.33
12.33
0.0
1.67
8.0
10.0
6.33
7.0
-5.33
23.33
2.0
1.0
6.0
8.33
6.0
-1.67
10.33
12.0
3.33
7.67
1.33
-5.0
0.67
-1.33
4.0
9.67
1.33
6.33
4.33
7.0
8.67
-5.33
10.67
8.33
3.33
0.33
-1.33
-1.0
8.67
10.33
1.0
-2.33
3.33
1.67
0.33
-3.0
10.0
13.67
3.67
12.33
-3.67
5.0
6.33
0.67
5.67
1.0
6.0
2.0
3.33
6.33
7.0
8.33
-5.67
7.67
11.33
0.33
3.67
0.67
0.0
-2.33
-5.67
0.67
2.33
1.33
-4.67
6.33
0.33
9.67
3.33
-0.67
10.0
-7.33
-1.33
9.33
3.0
6.0
1.33
0.67
7.33
10.0
6.0
7.67
2.67
-4.33
8.67
3.33
2.67
-1.67
4.33
-2.67
2.0
3.0
4.67
8.67
9.67
3.67
9.33
10.33
6.33
4.33
6.33
4.0
0.33
9.0
5.33
1.33
-1.67
6.33
9.67
6.0
0.0
4.33
7.33
3.0
4.33
2.67
14.67
2.33
8.67
-5.67
-0.67
3.33
3.0
6.67
4.33
0.67
-1.33
2.67
3.67
1.67
-0.33
3.0
8.67
5.33
0.33
3.67
2.33
6.33
0.0
-6.0
6.67
-2.0
1.0
3.33
1.0
4.0
11.0
4.0
-2.67
5.0
1.0
-1.0
3.67
-5.0
-2.67
2.67
0.33
2.0
-4.33
3.0
1.0
0.67
-2.67
8.33
1.0
5.67
9.67
4.33
8.67
-3.0
3.33
3.0
11.0
-2.0
4.33
1.67
12.0
-3.67
8.33
-2.0
-1.67
0.33
4.67
10.67
0.33
3.67
13.0
5.33
-2.33
-5.67
5.33
2.33
6.33
2.67
-3.67
-2.0
5.33
-4.0
-7.33
-1.0
-4.33
5.0
6.67
-2.0
6.67
-1.33
0.33
2.33
8.0
8.0
2.0
4.67
-2.67
10.67
5.0
2.0
-6.33
6.33
-1.67
-1.33
1.0
6.0
1.33
14.0
2.33
2.33
3.33
7.33
2.67
-1.67
10.0
5.33
-0.33
2.33
0.33
1.67
0.0
7.33
4.33
9.33
9.0
3.67
4.0
6.33
6.33
3.33
-2.0
1.33
1.67
4.0
1.67
-3.0
8.33
2.33
2.67
-0.33
0.0
5.0
-3.0
14.67
1.33
0.33
5.67
1.0
0.0
3.67
0.67
0.67
2.33
9.0
-0.67
3.33
2.0
3.33
-1.67
4.67
-0.67
1.0
4.33
5.33
-0.33
4.67
2.0
7.0
-4.67
-3.33
6.67
1.67
0.33
-0.67
3.67
6.33
1.33
0.33
2.67
-0.67
-2.33
4.67
3.33
-1.0
5.0
-1.67
3.67
-1.0
6.0
1.33
1.33
1.67
-1.33
6.0
5.67
9.33
1.0
9.33
8.0
1.0
0.67
-2.33
0.67
5.0
1.0
0.67
2.67
1.67
5.33
7.0
4.33
2.67
8.0
-4.33
2.0
0.33
4.0
0.33
-4.67
-1.0
-3.67
-4.33
8.0
0.0
1.67
-0.67
3.33
2.0
4.0
2.67
2.0
2.67
-0.67
4.33
-1.67
5.0
-0.67
4.67
5.33
-5.67
2.0
1.67
1.0
2.0
1.33
4.0
8.67
-2.67
-1.33
-1.0
-4.67
-1.67
-2.33
1.67
0.0
-0.67
0.33
-0.33
-2.33
-3.67
2.33
3.33
1.67
-5.33
1.33
0.33
-0.33
1.67
1.33
1.0
5.0
0.67
-2.0
-0.67
