0.0
-58.33
-37.33
-109.67
-29.67
143.0
-60.33
-95.0
8.0
-2.33
-78.0
-70.0
-52.33
-23.33
62.0
-20.0
15.0
0.0
-15.67
8.33
8.33
-17.33
-29.33
-5.0
6.33
-1.67
-10.67
-9.0
7.0
-3.0
-1.0
6.67
-4.33
5.33
7.0
-2.33
-4.33
-0.33
2.0
-0.67
1.33
0.33
1.67
0.33
0.0
-0.67
0.0
1.0
-0.33
0.67
0.0
0.0
0.0
0.33
1.0
-0.67
0.67
0.0
-0.67
-0.33
0.33
0.0
-1.67
0.33
1.33
-0.33
0.0
-0.67
-1.0
1.33
0.0
-0.33
1.0
0.67
-0.33
1.67
-1.33
0.67
0.0
-1.0
1.0
0.67
0.67
-0.33
-0.33
-0.33
0.67
0.33
-0.33
3.0
0.0
-2.33
1.0
-0.67
-1.33
0.0
-0.67
1.67
0.33
2.0
3.33
1.33
1.33
-0.33
-2.0
-1.0
0.0
0.67
0.67
-0.67
-0.67
-0.67
-0.33
2.0
1.0
-0.33
3.67
3.67
3.33
-3.33
0.0
-1.33
9.0
1.67
3.33
3.33
1.0
4.0
-0.33
2.33
0.33
5.33
0.33
2.33
2.67
4.0
-0.67
4.0
0.67
2.67
4.67
2.0
1.33
4.67
4.0
0.0
13.67
-0.33
3.33
-1.0
4.67
4.67
-4.67
4.33
6.0
4.33
3.67
5.67
0.0
-5.0
0.0
6.67
-3.33
4.67
3.0
0.33
5.33
3.33
3.0
6.67
1.67
-1.0
5.33
5.0
0.0
6.0
7.0
14.0
6.33
5.67
3.67
5.33
-2.33
1.0
3.33
0.33
5.67
-5.0
1.33
10.33
3.0
12.67
12.0
0.0
5.33
1.33
6.33
7.33
0.33
8.33
9.0
4.67
-1.67
3.0
7.33
2.33
9.33
11.33
1.0
0.33
5.67
-2.67
4.67
5.33
-1.33
2.33
2.0
1.0
3.33
5.67
3.67
2.0
4.67
9.67
-1.33
-3.33
12.33
-2.67
-3.33
13.0
8.67
8.67
1.33
4.33
6.33
5.33
6.33
1.33
4.0
2.0
0.67
4.67
6.33
-2.33
0.0
-3.0
0.0
1.33
5.33
1.33
1.0
4.0
3.33
-1.0
0.0
9.67
0.0
-3.33
7.0
-1.67
1.33
6.0
7.0
6.0
2.67
-3.33
8.0
2.33
7.33
6.67
3.33
-0.33
8.67
3.67
3.33
1.67
4.67
2.67
3.0
1.67
3.0
-3.0
1.67
-5.0
1.33
3.67
0.33
5.0
-1.0
1.33
3.33
-2.33
1.67
-1.33
2.67
6.67
-0.33
4.33
7.33
3.33
5.33
2.67
1.33
0.0
-0.33
4.33
8.0
1.67
6.0
5.0
2.0
-0.67
5.67
5.0
6.33
3.33
-3.33
-0.33
6.67
-1.0
7.0
4.0
-0.67
5.67
1.0
-2.33
-4.0
1.0
10.0
2.0
3.0
7.67
-6.0
4.33
5.33
7.33
4.67
0.0
10.0
2.0
3.33
-1.0
2.0
3.67
1.67
2.67
5.33
1.0
-6.0
2.33
6.33
5.67
1.67
-2.33
-4.0
1.0
1.33
6.0
13.33
-0.67
1.67
9.0
1.33
5.0
-3.33
8.33
3.0
4.33
4.67
5.67
9.67
0.0
2.33
-0.67
6.67
0.0
1.0
1.33
2.0
6.0
4.0
-1.67
-4.67
6.0
2.0
6.33
0.33
-6.33
1.33
4.33
-3.0
2.33
5.67
5.0
0.0
4.67
2.67
3.67
9.67
-2.33
0.67
-8.67
-3.0
3.67
6.67
-1.67
1.33
-3.67
-0.33
1.0
5.33
5.0
9.33
2.67
5.0
9.67
3.0
1.67
2.33
3.33
2.67
2.0
3.67
-0.67
-4.33
1.33
1.0
0.33
1.33
-1.33
0.33
2.67
6.0
-4.0
0.33
-1.0
5.33
-1.33
4.67
3.0
4.0
3.67
4.0
5.67
5.0
3.67
3.33
2.0
4.33
8.0
-0.33
0.67
-0.33
2.0
0.33
-0.67
-3.0
4.67
4.33
1.33
-3.67
4.33
-4.33
-1.67
-1.0
3.33
0.33
5.67
8.0
1.0
1.0
2.0
2.67
2.33
-1.67
-0.67
2.67
2.33
0.67
1.67
2.33
5.33
-1.0
-0.67
9.33
3.0
0.67
-4.0
5.0
2.67
1.33
-2.33
9.33
-3.0
2.0
0.33
-0.67
10.33
3.67
6.67
-0.67
2.33
0.67
7.0
4.33
3.67
-0.33
1.67
0.67
0.33
3.67
-1.33
-0.67
2.67
0.33
3.33
2.33
1.33
6.0
-1.0
-1.0
-0.33
6.0
1.67
4.67
1.33
-1.33
4.33
-2.33
-0.67
0.33
1.0
4.67
4.33
0.67
-6.33
8.0
-0.33
-3.33
-2.33
-1.0
4.67
2.67
1.67
-6.33
-0.33
1.33
0.0
0.67
-3.0
-1.33
2.0
4.0
1.0
1.0
-1.33
1.67
-2.0
-3.0
2.0
-0.33
-0.67
1.67
-3.0
-1.0
5.67
0.67
1.67
3.0
-1.0
-0.33
3.0
-3.0
2.0
3.0
1.0
1.33
0.67
0.0
0.67
0.67
3.67
0.0
0.0
5.33
0.67
-3.0
0.0
0.0
0.67
-2.67
3.67
5.33
0.0
-3.67
-3.0
0.67
0.67
-0.33
-5.67
0.0
-1.0
3.33
-0.33
1.33
2.33
6.67
1.0
2.0
1.0
-0.33
2.33
0.67
4.0
3.67
-0.33
-3.0
2.67
3.33
-3.0
-3.33
-0.67
1.33
0.33
5.67
-1.33
1.33
5.33
0.67
3.33
5.0
1.67
-2.0
5.67
2.0
3.67
1.67
0.33
-1.67
3.0
-2.0
-1.0
3.67
2.0
3.0
-1.0
0.33
2.0
0.33
5.0
0.33
0.0
-1.0
-1.33
-1.33
0.67
-0.67
0.0
5.33
-3.0
-3.33
2.67
1.67
-0.33
-4.67
3.0
-2.33
1.67
5.0
-3.0
1.0
-2.67
-1.33
-0.33
4.33
3.33
4.0
-0.33
1.67
3.67
2.67
5.33
4.67
-3.0
-1.33
-3.67
0.67
-3.0
1.0
-4.0
2.0
2.33
1.0
1.0
1.67
-3.33
3.0
5.67
0.0
-4.67
-0.67
-2.67
-1.67
5.67
0.67
2.33
4.0
0.33
2.33
-2.67
8.67
5.0
-1.0
0.0
0.0
-1.33
1.67
0.0
-1.67
-2.33
7.33
-0.67
2.33
0.33
0.67
3.33
1.67
2.33
2.67
-3.33
1.0
1.33
0.67
2.0
4.33
-5.0
8.0
7.33
0.0
2.33
-0.33
2.67
3.0
4.33
-3.0
6.0
6.33
3.33
1.0
4.0
-0.33
-1.0
1.0
-1.33
4.33
6.33
0.0
8.0
1.0
-1.33
0.33
-0.67
2.67
0.67
2.33
0.67
6.0
4.0
6.0
1.33
2.0
7.67
1.0
5.0
1.33
-1.67
3.0
1.33
2.67
0.67
-1.0
-5.33
2.33
5.67
5.0
12.33
2.0
-4.67
9.0
9.67
-0.33
0.67
6.33
-1.33
-4.0
-3.33
-2.33
-1.67
4.0
-1.33
7.0
9.33
-1.0
2.67
-1.0
4.67
1.0
12.33
-1.0
1.67
9.0
3.33
3.33
0.33
4.33
3.0
2.67
5.67
3.33
7.0
-5.33
1.33
-0.33
6.33
5.33
-1.33
5.67
3.0
1.33
0.67
2.67
5.33
3.67
3.33
2.67
3.0
0.67
7.33
2.0
5.33
2.67
3.33
2.33
1.33
5.33
0.67
11.67
4.0
5.67
7.67
6.0
4.0
5.0
6.67
5.67
9.67
11.0
1.33
0.67
-3.67
9.67
6.33
10.0
3.33
3.0
3.67
4.67
2.67
8.67
0.33
-3.67
13.33
3.67
2.33
13.33
14.33
7.67
5.0
7.33
1.0
-2.67
1.67
4.33
11.67
5.67
7.33
3.0
13.67
-0.33
8.33
13.33
13.67
11.67
10.0
4.0
2.33
8.67
9.67
0.67
9.67
7.67
7.33
8.33
12.0
6.0
16.0
11.33
10.33
6.33
-1.0
0.33
9.67
6.33
-0.67
8.33
-5.0
2.67
8.0
7.67
0.33
14.0
4.0
2.0
7.33
7.67
14.33
6.0
13.33
18.67
18.33
1.67
18.67
15.67
16.67
16.33
20.0
25.33
27.0
7.0
30.0
25.33
30.0
37.67
32.33
37.0
33.67
47.0
34.67
34.67
29.0
32.0
12.0
24.0
15.67
19.0
6.33
7.33
8.67
13.67
8.33
14.67
5.67
12.33
7.67
18.0
10.67
4.33
11.33
7.0
4.0
12.67
3.67
19.33
4.67
17.33
17.0
13.0
17.33
12.0
25.0
10.67
18.0
22.0
34.33
23.67
13.67
21.0
19.33
20.0
13.33
22.0
25.67
19.33
13.33
20.33
13.33
15.0
4.0
8.33
8.67
16.0
9.67
15.33
22.67
17.0
29.33
27.67
17.67
10.67
30.33
25.67
20.0
21.33
23.0
15.33
19.33
18.0
17.33
16.33
14.33
12.0
21.0
21.67
29.33
11.67
25.33
24.33
10.67
30.0
22.67
7.33
23.0
11.0
21.0
24.0
11.67
27.33
21.67
12.0
21.67
21.33
21.0
15.0
9.67
11.33
16.33
28.67
18.0
27.33
37.67
24.0
28.0
28.0
34.33
21.67
45.67
39.67
33.67
37.0
33.67
25.67
23.67
30.33
34.0
22.33
32.0
29.67
20.67
36.0
27.67
22.33
19.33
21.0
20.0
20.0
11.67
17.0
14.33
18.0
18.33
10.33
12.0
11.33
10.33
7.0
15.67
12.33
11.33
9.67
14.67
24.67
9.33
8.67
11.67
14.67
17.0
18.33
9.0
36.33
15.0
18.67
12.67
14.67
27.0
19.67
17.67
7.67
22.33
26.0
12.67
16.33
16.33
13.33
16.0
16.33
13.67
20.33
20.67
14.33
12.0
8.67
14.67
-0.33
12.0
10.33
10.0
11.0
4.67
9.33
21.33
20.0
11.67
6.67
1.67
5.33
15.0
7.67
18.0
10.0
13.67
8.67
16.0
16.33
16.33
10.33
15.67
11.33
15.33
13.0
21.67
14.67
17.0
16.67
5.67
14.67
6.0
13.67
6.0
13.33
8.0
13.0
15.0
15.67
20.0
18.0
9.0
17.33
12.33
14.0
17.33
18.0
12.33
11.33
23.33
35.0
49.0
40.33
59.0
53.0
84.0
98.0
115.0
124.0
119.33
169.33
169.0
185.33
189.67
179.33
188.0
182.33
187.67
191.33
179.0
201.33
202.33
194.0
148.67
159.0
140.67
133.67
127.33
116.67
124.67
101.0
89.67
87.67
93.0
63.0
84.0
65.67
50.0
30.67
34.67
24.33
31.33
16.33
17.67
20.67
14.0
18.33
18.67
27.67
12.67
19.67
30.33
22.67
27.33
41.67
24.33
37.67
32.0
37.0
53.67
25.67
22.67
45.0
29.0
30.0
33.67
39.0
30.67
33.33
26.0
45.67
27.33
33.0
38.0
44.67
43.33
34.67
28.67
41.33
42.33
37.33
30.0
35.0
34.0
33.33
33.67
29.33
38.67
30.67
16.0
26.33
22.33
24.33
30.67
25.0
11.0
29.67
12.0
11.67
9.0
18.0
16.0
22.33
17.67
18.33
12.67
10.33
15.33
17.33
7.67
9.0
5.67
15.67
11.33
17.0
9.67
6.67
0.0
5.33
16.67
12.33
16.0
5.0
15.0
3.33
18.33
15.0
1.33
17.0
16.67
6.0
9.0
22.0
10.67
14.67
16.67
2.0
6.33
19.0
22.0
15.67
15.67
14.0
15.67
24.0
23.67
12.0
21.0
21.0
24.0
28.67
23.0
19.33
24.67
24.67
21.33
8.0
19.33
13.33
29.33
24.33
24.0
6.67
13.0
20.0
16.0
34.0
15.33
19.33
11.33
15.0
23.33
26.67
11.67
26.0
13.33
6.0
16.33
14.67
27.33
22.33
12.0
17.0
21.0
18.0
10.0
9.33
12.33
22.0
17.67
19.67
31.33
12.33
23.67
13.33
18.67
25.0
26.0
25.67
6.0
17.0
5.0
17.67
6.67
21.0
7.67
22.0
25.0
17.0
13.0
12.33
11.67
16.67
19.67
7.33
5.67
15.67
3.0
7.0
4.0
9.0
12.33
-1.0
15.33
6.33
11.67
3.67
14.67
10.67
14.0
4.67
2.33
20.0
10.0
14.67
21.33
19.67
12.67
26.0
11.67
14.33
9.0
1.67
12.0
14.33
3.67
10.0
6.67
11.0
11.0
13.67
1.67
3.33
4.33
16.67
7.0
13.33
10.67
14.0
12.33
10.67
17.0
9.67
13.33
23.0
16.67
17.33
21.0
13.67
23.67
21.67
11.33
9.0
10.0
7.67
9.33
2.67
12.0
13.0
4.33
1.0
30.0
12.33
8.33
12.0
6.67
14.0
11.0
5.33
1.67
11.0
7.33
2.67
10.67
13.0
1.33
-4.33
-1.67
11.33
8.33
2.33
6.0
13.67
8.33
9.0
3.33
6.33
7.0
10.33
7.33
21.67
3.67
9.33
5.33
4.67
9.0
5.33
-6.33
3.0
8.33
-0.33
2.33
15.0
3.67
2.0
-10.0
9.67
1.33
4.33
-0.33
17.0
1.33
8.67
8.0
3.67
14.0
12.0
5.67
13.67
-0.67
9.0
-4.67
-1.67
1.0
10.33
7.67
13.0
9.67
11.0
9.67
9.33
12.0
8.0
7.33
7.67
-2.67
13.33
12.0
6.0
-2.67
5.67
2.67
14.67
6.0
7.0
1.67
8.67
6.67
4.0
10.33
2.67
-0.33
11.33
6.0
9.33
12.0
0.67
2.33
20.67
1.67
11.0
25.33
2.67
6.0
13.0
11.67
7.67
11.33
4.67
11.0
16.0
24.33
4.33
22.0
18.67
20.33
27.33
18.67
23.0
15.33
22.33
8.67
11.0
15.67
18.33
20.0
25.67
13.67
6.33
23.0
-3.67
19.0
15.33
4.33
7.0
2.0
1.0
5.33
5.0
2.33
16.0
5.0
12.0
7.33
12.33
14.33
15.0
13.67
9.67
9.33
-3.67
9.33
6.67
0.33
5.67
2.33
5.67
12.33
9.67
12.67
12.67
-6.0
4.33
3.67
3.33
26.67
7.33
17.33
7.0
16.0
0.33
21.33
7.33
27.67
14.0
5.33
7.67
12.67
10.67
13.0
6.67
8.67
10.67
-1.67
7.33
4.67
11.33
3.67
4.67
1.67
6.0
8.67
4.67
21.67
9.67
1.33
-3.0
1.67
2.0
-3.0
7.33
19.0
-1.33
3.33
6.0
4.0
7.0
4.33
14.0
0.33
-0.67
7.0
4.33
0.67
8.33
6.0
2.67
-1.33
15.0
16.67
3.33
3.33
-2.67
13.0
5.67
-1.33
9.67
8.33
1.33
2.33
6.67
0.0
5.67
-3.67
-3.0
11.67
0.33
3.67
-3.67
4.0
7.0
3.67
3.67
-6.67
5.33
1.0
-3.67
-0.33
1.67
1.0
-1.0
4.0
0.33
-5.67
5.0
-1.67
4.33
-4.33
-0.67
10.33
9.67
18.67
3.0
4.67
-4.67
2.67
7.33
1.33
3.33
11.33
2.33
4.67
8.33
5.33
15.0
-6.33
2.67
7.33
4.0
2.0
-3.67
-3.33
9.33
-1.0
4.0
-11.33
7.67
-0.33
5.67
5.33
1.67
3.33
-1.67
-8.67
6.0
-2.0
3.67
-4.33
-2.33
1.67
-2.67
5.33
7.33
7.33
9.33
3.0
8.33
1.0
3.33
0.33
-9.67
2.33
7.67
3.0
-5.0
6.33
3.33
6.0
7.33
-3.33
9.67
14.33
13.67
-8.67
6.33
0.33
8.0
-0.33
11.33
4.67
-2.33
5.67
7.67
-0.33
-1.33
6.0
0.67
-4.67
3.33
-0.33
2.33
2.33
1.0
-6.0
4.67
-2.0
-1.0
-0.67
4.0
9.0
-2.0
2.0
-4.67
0.0
1.0
-6.0
6.67
5.0
9.33
4.67
-4.67
1.0
6.67
7.0
5.0
-3.33
-4.67
-3.67
5.0
4.67
6.67
-4.67
-2.33
-2.0
1.33
1.0
0.0
0.0
-7.67
3.67
10.0
3.33
0.33
1.0
7.33
-0.67
-4.33
6.67
-1.67
3.67
5.0
-1.67
-3.33
3.33
11.33
6.33
3.33
-0.33
2.33
1.0
12.33
8.0
1.67
3.0
-5.33
6.0
4.67
0.0
5.67
-3.33
-0.67
-1.67
6.0
-2.0
-6.0
-0.33
-0.67
0.67
-1.0
2.0
-7.33
-0.67
2.33
2.67
6.0
9.0
5.33
5.0
-1.67
2.33
8.33
3.33
1.67
-3.67
10.0
5.33
3.67
-0.67
0.33
8.67
2.0
6.33
3.33
5.33
-1.0
4.67
1.0
-1.67
5.33
8.33
-2.0
6.33
4.67
5.0
3.67
0.0
3.33
6.33
-2.33
1.67
1.0
4.0
0.0
0.67
-1.67
5.33
2.67
8.0
2.0
4.67
8.67
3.67
10.33
2.0
0.33
4.33
0.0
0.33
3.33
-0.33
-3.67
-4.0
-2.67
7.33
5.67
-4.33
-2.0
-1.0
-5.67
-0.33
2.67
-2.33
0.33
2.33
6.67
6.33
4.33
-5.67
7.67
-2.67
3.67
3.67
0.33
1.0
3.0
1.33
3.67
-3.0
4.0
4.33
10.33
2.67
0.67
1.0
-0.33
2.33
2.0
6.33
6.0
2.0
0.67
-7.33
0.67
4.0
-1.0
10.67
0.67
7.67
1.33
0.0
3.33
-0.33
9.0
-4.33
6.0
0.33
-5.0
4.33
-8.67
-4.0
-2.67
-3.33
4.0
1.0
-0.33
0.33
2.33
4.0
1.0
2.67
2.0
2.67
8.33
6.33
-3.67
3.0
5.33
-7.33
5.33
-2.67
-3.0
3.67
3.0
-6.0
4.33
5.0
7.67
1.33
2.67
3.0
1.33
-5.67
2.67
-4.33
-1.0
4.33
-1.67
2.67
-1.33
-2.67
-4.67
4.33
1.67
-3.33
0.33
0.33
3.67
-0.33
6.33
-3.0
3.0
4.67
2.0
1.33
