0.0
-1.33
-46.33
-58.67
-66.67
79.0
-81.33
-89.0
-39.0
-44.33
11.0
-84.0
-63.33
4.67
5.0
-66.0
22.0
-21.0
-18.67
-2.67
11.33
23.67
-20.33
-2.0
17.33
0.33
-10.67
-6.0
-12.0
4.0
-4.0
1.67
-1.33
-5.67
-3.0
2.67
-0.33
2.67
1.0
-1.67
-0.67
0.33
-0.33
-0.67
0.0
-0.67
0.0
0.0
-0.33
-0.33
0.0
2.0
0.0
0.33
0.0
-0.67
0.67
1.0
0.33
-0.33
-0.67
3.0
-1.67
0.33
0.33
-0.33
0.0
-0.67
0.0
0.33
0.0
-0.33
0.0
-0.33
-0.33
0.67
-1.33
-0.33
0.0
1.0
0.0
-0.33
-0.33
-0.33
0.67
-0.33
-0.33
-0.67
0.67
0.0
1.0
1.67
0.0
0.33
-0.33
-1.0
2.33
0.67
-1.67
1.0
1.33
2.33
1.33
-0.33
0.0
0.0
-1.0
-0.33
-1.33
2.33
-0.67
-0.67
0.67
-1.0
3.0
-0.33
6.67
2.67
-0.67
-1.33
6.0
1.67
1.0
4.67
1.33
0.33
2.0
4.0
-0.33
2.33
2.33
5.33
5.33
1.33
2.67
1.0
-2.67
4.0
-4.33
5.67
9.67
2.0
5.33
2.67
-3.0
5.0
-2.33
1.67
6.33
-3.0
-0.33
3.67
-3.67
9.33
0.0
2.33
2.67
3.67
-1.0
3.0
-1.0
0.67
-2.33
5.67
-4.0
3.33
0.33
1.33
-5.0
6.67
-4.33
0.0
-0.67
0.0
-1.0
3.0
5.0
6.0
-1.67
1.67
6.67
0.33
4.67
6.0
1.33
2.33
11.67
3.0
6.33
10.33
3.0
-1.33
6.0
13.0
3.33
4.33
2.33
6.33
0.33
5.33
1.0
-3.33
5.33
2.0
7.33
8.33
-2.67
5.33
3.0
0.33
1.67
4.33
-0.33
4.33
4.67
4.33
1.0
1.0
-2.67
5.67
1.67
1.0
-0.33
2.67
-3.33
8.67
5.33
-2.67
6.67
5.0
11.67
7.67
5.33
1.33
5.33
0.33
4.33
8.33
3.0
1.0
6.67
6.67
-0.67
-3.33
2.0
2.0
-4.0
-1.67
3.33
10.33
1.0
-5.0
10.33
-3.0
2.0
2.67
7.0
-4.33
10.0
2.33
2.33
6.0
3.0
3.0
9.67
6.67
7.0
0.33
2.33
4.67
5.33
1.67
13.67
5.67
-1.67
9.67
5.67
4.67
1.0
0.67
0.0
2.0
2.67
4.0
-2.67
7.67
-0.67
1.0
4.0
2.33
2.33
-1.33
6.67
4.67
4.67
5.67
-0.33
-0.67
-0.67
-0.67
3.33
2.67
-2.67
0.0
3.67
1.33
6.0
-1.33
-5.0
9.0
1.0
4.33
1.67
0.0
-3.67
-0.67
-5.33
8.67
1.67
4.0
2.0
1.0
1.33
3.67
-1.0
0.67
0.0
-3.0
10.0
-2.0
-2.0
4.67
-4.0
4.33
4.33
7.33
0.67
-1.0
0.0
5.0
7.33
5.0
4.0
-1.33
-0.33
2.67
8.33
2.0
0.0
5.33
2.33
1.67
4.67
0.67
-5.0
1.0
3.33
3.0
-0.67
-1.67
-0.33
-3.0
-2.67
4.0
-1.33
3.33
0.0
2.33
3.67
5.67
0.67
-2.0
-0.67
3.33
10.67
7.0
6.0
0.33
6.0
4.0
0.0
2.33
-1.67
3.0
-2.0
8.33
0.33
-2.33
4.33
2.33
2.0
3.33
-0.33
5.0
-1.0
3.67
0.67
5.67
3.67
1.67
-0.33
0.33
4.0
6.67
1.67
2.33
3.33
-3.67
-2.33
1.0
5.33
-1.0
8.33
2.67
5.0
-0.33
4.0
0.67
3.33
0.33
1.67
10.0
4.67
7.33
-2.33
1.33
-4.0
1.33
4.33
3.67
2.33
-0.33
0.0
-2.0
5.33
-6.0
1.33
-0.33
2.67
8.0
-1.0
-0.33
2.0
7.67
-2.0
-1.33
-0.67
1.0
3.33
6.0
-0.33
4.67
3.67
1.0
-4.67
1.33
1.0
2.67
1.33
-0.67
2.33
3.33
-3.33
3.33
-2.0
-1.67
0.33
11.67
-2.0
3.0
1.0
3.0
4.67
3.33
0.33
-0.67
0.67
-1.67
2.67
-1.33
1.33
4.33
0.0
-1.67
2.33
-4.0
-0.33
1.0
1.0
3.67
0.33
-0.33
0.33
2.0
-3.0
-5.67
5.33
-3.67
-1.33
1.67
1.33
3.33
-1.33
-2.0
5.33
3.67
-2.33
0.67
2.67
2.33
0.67
-2.33
0.33
1.67
3.33
3.33
0.33
1.33
-3.0
-2.0
8.0
1.67
2.0
-0.33
-1.33
3.33
-1.33
-0.67
6.67
1.33
-0.67
-3.0
4.67
2.33
2.67
-3.33
6.0
1.67
2.67
-2.33
-5.0
2.67
0.67
0.67
-5.33
-2.33
-1.67
3.0
0.67
5.0
0.67
1.0
0.0
1.0
6.0
-2.33
0.67
-2.0
0.0
0.0
3.67
-2.67
1.67
1.0
4.0
5.67
3.67
-0.33
1.0
-2.0
-1.33
1.0
-2.0
2.0
2.0
2.0
1.33
0.67
6.0
-2.33
5.67
1.67
6.0
3.0
-2.67
-0.33
0.0
-3.0
-1.0
0.67
-3.67
9.67
-0.67
2.0
-0.67
4.0
4.67
0.67
0.67
-2.67
-1.0
-2.0
2.33
-2.33
-0.67
1.33
2.67
0.0
4.0
3.0
7.67
4.33
6.67
0.0
2.67
-1.33
-2.0
-4.33
1.33
-1.0
1.67
-1.67
1.33
0.33
-1.33
-2.33
-1.67
-1.67
1.67
4.33
4.0
4.67
1.0
3.67
1.0
3.67
0.67
2.33
0.33
-2.0
-3.0
1.0
-0.33
0.0
2.0
1.0
0.33
0.0
0.33
-1.0
-1.67
-4.0
3.0
4.67
-1.33
-0.33
4.33
-4.0
2.33
-3.0
3.67
-1.33
0.67
4.67
-4.67
0.0
3.67
4.67
3.0
-3.0
0.0
3.33
1.67
3.67
0.33
7.33
4.0
-4.33
-0.33
-0.33
-0.33
2.33
6.67
-6.0
1.67
-5.67
-0.33
0.0
2.0
0.0
-1.0
-0.67
2.0
1.0
-2.33
-0.33
2.0
0.67
5.0
-0.67
0.33
-1.67
0.33
4.67
2.67
0.33
0.0
2.33
-1.67
6.33
3.67
4.0
-2.0
0.0
-4.0
2.67
5.67
10.0
-1.67
-1.33
1.33
-1.67
1.33
-1.67
-0.33
1.33
-2.33
4.33
-2.33
-2.33
1.0
-0.67
-1.33
7.0
-1.67
2.0
0.0
3.33
4.0
-0.67
2.67
4.67
7.0
-1.67
-3.0
5.0
0.33
0.33
4.0
1.0
-0.33
1.0
3.0
2.67
3.33
-0.67
0.0
4.0
-1.0
-0.33
3.33
-0.67
-2.33
3.67
-1.67
2.67
0.0
1.0
6.0
1.33
-3.0
5.67
6.0
7.0
1.33
1.33
-2.0
-2.67
-0.33
-2.33
2.0
4.67
2.33
6.67
5.0
-0.67
2.0
1.33
12.0
4.67
2.67
2.67
5.33
8.67
-9.0
3.67
-0.33
-3.67
5.0
6.67
7.0
4.33
-2.0
-2.33
0.0
6.67
4.0
7.33
5.0
12.67
-1.0
7.33
7.33
1.33
1.33
2.0
-0.33
6.67
6.33
12.0
-0.33
6.33
3.67
9.33
1.33
8.67
-1.33
1.0
5.33
-0.33
1.67
9.33
5.67
8.33
6.67
-1.0
4.67
2.33
11.0
2.33
8.67
9.33
2.33
6.33
9.33
1.67
1.67
3.0
7.67
14.67
-3.0
5.0
-1.0
5.67
15.67
1.67
8.0
-4.67
5.67
2.33
0.67
5.33
12.0
7.33
9.0
2.67
0.67
5.67
3.67
4.33
8.33
5.33
2.67
0.33
2.33
10.33
3.67
4.0
4.33
2.0
2.33
-0.33
9.33
11.67
12.67
6.33
11.0
3.67
3.67
14.33
7.33
-0.33
7.67
6.0
6.0
3.33
8.67
1.67
13.67
11.67
8.67
2.33
17.33
8.0
2.0
9.0
6.33
8.33
8.33
5.0
10.33
11.67
4.33
5.33
11.33
5.0
12.67
3.0
7.67
9.33
6.0
8.0
8.0
2.33
7.67
2.33
5.0
13.33
7.67
6.33
12.67
17.67
9.67
11.67
22.33
21.0
19.33
17.0
17.0
17.0
23.33
16.0
9.67
11.33
28.0
14.67
10.0
18.67
9.67
11.0
16.0
7.0
13.0
11.67
14.0
6.33
12.33
7.67
13.67
13.33
5.67
8.67
9.33
11.67
16.0
13.67
10.33
8.33
15.0
10.0
8.67
8.67
15.33
15.67
17.33
16.0
16.0
25.33
14.0
18.0
18.67
26.0
19.0
16.33
18.67
18.67
16.0
26.33
19.0
16.33
17.0
20.67
23.33
8.33
16.33
25.33
18.0
19.0
2.33
17.67
15.0
10.67
12.33
20.67
15.0
8.33
10.67
18.67
8.67
19.33
21.67
18.0
14.33
24.0
18.33
16.33
29.0
18.33
22.33
16.33
12.0
20.0
22.67
17.33
10.67
18.33
20.33
20.67
18.0
25.67
18.33
16.0
17.0
31.0
18.0
16.67
19.33
8.67
16.0
10.67
22.33
12.0
7.0
15.67
3.33
10.33
25.67
22.0
11.33
13.67
11.0
29.0
21.0
34.33
39.67
48.67
35.67
30.67
37.0
36.67
29.67
23.67
50.33
37.0
37.33
40.0
49.67
33.67
40.0
32.67
45.33
41.33
29.0
37.0
32.0
22.67
28.0
36.33
31.0
19.33
31.33
31.0
27.33
34.33
28.0
19.67
22.33
8.33
18.67
26.67
22.67
24.33
25.67
25.67
22.67
14.0
19.33
30.0
15.33
13.0
6.67
19.67
12.67
15.0
15.67
9.67
16.67
17.33
14.0
10.67
10.33
13.33
9.33
14.0
9.33
10.67
23.33
14.67
12.33
11.0
13.67
1.67
4.67
9.0
6.33
-2.0
12.0
18.67
7.33
15.33
9.0
12.67
7.67
3.67
12.33
18.0
3.67
7.0
2.0
12.67
18.67
18.0
5.33
25.33
15.33
13.67
20.33
10.33
34.0
30.67
6.67
23.0
29.67
14.67
28.67
28.0
24.67
14.0
0.33
10.0
17.0
11.0
15.67
11.0
4.0
5.0
16.33
17.33
8.0
13.33
14.0
3.33
16.33
27.33
35.0
34.0
35.33
32.0
45.0
55.0
69.0
84.0
84.0
98.33
118.33
110.0
155.33
165.67
188.33
185.0
159.33
175.67
156.33
150.0
149.33
160.33
141.0
153.67
122.0
148.67
109.67
125.33
113.67
86.67
73.0
65.67
65.67
69.0
52.0
51.0
41.67
20.0
35.67
43.67
35.33
33.33
34.33
33.67
32.67
23.0
29.33
43.67
46.67
52.67
33.67
35.33
36.67
32.33
48.67
47.33
42.67
36.0
48.0
58.67
29.67
36.67
30.0
35.0
35.0
33.67
34.0
26.67
39.33
39.0
27.67
40.33
42.0
27.0
36.67
30.33
39.67
30.67
31.33
25.33
21.33
21.0
22.0
24.0
17.33
31.67
41.33
24.67
13.67
8.0
7.33
10.33
15.33
14.67
18.0
10.0
18.67
11.0
32.67
14.0
14.0
15.0
24.33
10.67
4.33
26.67
13.33
13.33
11.33
6.67
14.0
14.67
8.67
10.33
18.0
0.67
12.67
10.0
-0.67
6.67
8.33
2.0
8.0
14.0
12.33
19.33
16.0
29.33
16.0
7.67
13.0
13.0
13.0
18.67
15.67
19.67
16.0
9.33
12.0
20.0
14.67
10.67
20.0
23.67
29.0
11.67
27.0
24.0
32.0
29.0
28.67
37.0
21.33
20.67
24.67
25.33
20.0
24.33
22.33
38.33
25.33
21.0
19.67
27.0
16.0
12.0
19.0
11.33
17.33
6.33
10.0
25.33
11.67
9.67
20.0
35.33
17.0
24.33
20.67
14.33
19.33
25.0
11.0
20.0
9.0
23.0
26.33
18.33
20.0
17.67
31.67
15.33
25.33
14.67
25.33
15.67
34.0
26.0
24.67
36.0
26.0
34.0
28.67
27.67
32.0
26.67
29.0
28.0
18.0
16.0
14.33
5.67
9.67
12.67
12.33
15.67
20.67
11.0
12.0
2.0
15.0
10.33
12.0
16.33
24.33
13.67
21.67
13.67
12.67
28.0
14.67
13.33
24.0
8.0
16.67
20.33
25.67
4.67
14.0
4.67
15.33
23.0
26.67
13.0
9.33
22.67
5.0
12.67
7.0
20.0
7.67
1.67
2.33
10.33
16.67
23.0
8.33
14.67
11.0
16.33
6.67
10.0
14.67
7.33
6.0
10.67
15.33
18.0
13.67
13.67
8.67
10.33
9.0
-2.0
4.67
11.33
0.67
7.0
11.0
6.33
12.0
9.0
11.33
10.33
15.0
8.67
2.0
-1.0
5.33
-3.33
22.0
6.33
6.67
3.67
14.0
1.33
8.67
-5.67
-0.67
5.33
8.33
0.0
9.67
6.33
6.0
-0.67
4.33
-2.0
11.33
12.33
4.67
13.67
-1.67
10.33
4.67
8.0
10.33
12.67
9.0
-1.67
-3.33
6.33
12.0
8.67
-4.0
21.0
1.67
4.33
9.33
1.67
11.0
-4.67
12.67
12.0
4.67
17.0
-1.0
6.67
15.67
8.33
7.0
2.33
2.33
11.0
23.33
-2.33
6.0
12.67
6.0
12.67
15.33
20.0
7.0
10.33
13.67
11.33
13.33
4.0
5.0
13.33
7.67
9.67
-5.33
-1.0
11.0
15.67
5.67
5.67
6.0
10.33
10.67
11.67
19.33
9.0
9.33
27.0
10.67
17.33
20.67
16.67
10.0
8.33
17.67
11.0
15.0
15.67
13.67
17.33
4.67
1.0
18.0
24.33
16.33
20.0
22.67
8.33
10.33
9.67
21.0
11.33
8.33
6.67
22.0
12.67
10.33
14.0
12.67
15.67
11.33
18.0
9.33
17.0
21.33
12.33
12.0
3.0
3.0
-1.67
0.0
4.33
-3.0
7.0
10.0
6.33
9.33
9.33
16.0
17.67
8.67
-0.67
-5.67
20.33
2.67
4.33
4.67
1.33
7.67
1.33
2.67
-6.33
-1.33
9.0
-0.67
11.67
9.33
3.67
11.33
0.33
9.0
14.0
13.33
7.33
7.33
6.67
19.0
-5.67
9.67
5.67
-6.33
1.0
15.67
7.67
10.67
13.33
13.33
16.67
19.33
0.67
13.67
15.67
1.0
1.67
3.67
4.67
11.67
-5.67
0.0
3.67
6.0
-2.0
5.33
9.0
0.67
1.33
16.0
0.0
-1.0
1.33
4.0
1.33
6.33
7.0
5.33
3.67
8.33
3.0
-0.33
-2.33
7.0
8.67
6.33
8.33
-1.67
0.0
22.67
3.67
2.67
-1.67
4.33
3.33
12.67
3.0
-4.33
5.33
11.0
-6.33
4.33
-4.33
-0.67
-1.0
5.0
10.67
6.67
7.33
1.33
1.0
-2.67
-3.33
7.67
7.0
3.0
6.0
6.33
8.33
1.0
5.33
-1.67
-4.33
-6.67
14.33
-1.33
1.67
7.0
-3.33
9.33
3.67
1.33
-9.67
-1.67
0.33
-0.67
3.67
6.33
6.33
8.0
1.67
3.67
1.33
-1.0
8.0
4.33
0.67
8.33
-4.0
-2.0
-2.33
7.67
-0.33
7.67
7.33
5.67
7.33
-0.67
5.33
8.0
2.0
7.67
1.67
8.67
9.67
10.33
1.33
0.33
-1.67
2.33
2.0
6.33
7.0
7.33
2.33
6.33
9.33
11.67
-6.0
-7.0
2.33
9.33
2.0
1.33
-0.33
3.67
8.33
3.67
-0.67
-5.67
-1.67
7.0
-3.33
5.33
2.67
7.67
2.67
4.67
-3.33
4.67
2.0
7.67
2.33
-2.67
2.67
6.33
4.33
9.0
7.0
9.67
7.0
3.0
0.33
3.0
2.0
5.0
10.0
-1.67
2.0
-6.0
-3.0
3.67
-4.0
4.33
4.67
0.33
6.0
1.67
0.0
6.0
-0.33
-6.67
2.33
5.0
9.67
1.67
-1.67
3.67
8.0
-4.67
-7.0
3.0
-5.0
-6.67
-3.33
8.0
1.33
-2.67
5.0
1.33
-0.67
-4.33
1.67
3.33
-6.33
2.0
4.33
-3.33
7.33
-3.67
1.33
5.33
4.67
4.33
4.0
6.33
-9.0
3.67
5.0
2.67
13.0
4.67
6.0
5.67
6.67
-2.67
3.33
4.0
4.0
0.0
-0.33
8.33
-0.33
-1.0
-1.0
-2.33
0.33
2.33
0.67
3.0
6.0
0.33
11.0
0.33
0.33
0.33
2.33
-5.33
3.33
2.0
2.33
6.67
3.33
1.33
9.67
2.0
6.33
3.33
-4.67
3.0
3.67
-7.0
2.33
2.33
3.33
2.0
3.33
6.67
4.0
-2.33
-4.0
-2.67
-0.67
-0.33
-1.33
1.0
-1.0
-3.0
2.67
3.33
0.33
-4.33
4.0
8.0
9.67
7.67
1.67
9.33
-1.0
-1.67
10.33
-1.0
0.33
-2.67
-3.33
5.33
5.0
-5.67
7.33
-2.33
2.67
-4.0
-4.0
-0.67
-0.33
3.67
3.67
5.33
8.33
2.67
0.33
0.33
6.33
2.67
-3.67
-1.33
4.67
-0.67
2.0
2.0
-3.67
2.67
-5.0
7.0
7.33
4.33
7.67
6.67
-1.0
0.67
-1.67
0.0
13.33
4.0
8.0
5.67
-5.33
2.67
7.0
0.0
1.67
7.67
9.67
6.33
-2.0
7.33
5.67
3.0
4.67
4.0
-1.67
9.0
3.33
-3.67
-4.0
-6.67
2.67
3.0
9.0
-1.33
-1.67
4.33
0.0
8.0
-0.33
1.0
2.67
-1.67
-0.67
0.33
1.0
2.33
-4.33
1.33
-1.67
3.0
2.67
5.0
-4.0
-2.67
1.0
3.67
1.33
4.67
-1.0
-1.67
-1.67
2.67
-4.33
-5.0
2.33
5.33
2.67
0.67
-3.67
-1.67
5.33
-2.33
-2.33
-1.67
5.33
-2.33
0.67
9.33
-3.0
4.0
-2.33
5.0
1.33
