0.0
12.0
18.0
67.0
11.0
-3.67
-31.0
-17.33
-48.67
-20.67
-7.0
41.33
-20.33
-5.67
-97.33
21.33
23.67
-33.67
62.67
-11.67
1.33
-16.33
37.33
-12.33
14.33
-13.67
-23.33
1.33
2.67
0.67
4.33
-2.67
-4.0
0.33
4.33
1.33
-0.33
2.33
0.67
0.33
1.0
0.0
1.33
1.0
-0.33
-1.0
0.67
0.0
0.0
1.0
-0.67
0.33
-0.67
1.0
0.0
-0.33
-1.0
0.67
-0.33
0.0
-0.33
2.0
0.0
0.67
0.0
-0.33
0.0
-0.33
-0.33
0.67
-0.33
0.0
0.0
1.0
-1.0
0.0
-0.67
-0.33
1.0
-0.33
1.0
1.0
-0.33
0.0
0.67
0.33
-0.33
1.0
-0.33
-0.67
1.0
0.33
-0.67
-1.0
-0.33
0.67
2.67
-0.67
0.67
-0.33
-1.0
-0.67
0.0
0.0
1.33
-3.33
0.0
3.0
-1.33
-0.67
0.67
-0.67
2.67
0.33
-1.33
-0.33
-1.0
4.67
1.0
2.33
0.0
3.33
-3.0
0.0
3.67
4.33
2.67
-1.67
0.33
4.0
1.33
2.67
6.33
0.0
-1.33
5.0
3.33
-5.33
0.33
5.33
1.67
1.67
1.0
0.67
2.33
-0.33
-3.67
-4.0
5.67
2.67
3.67
-3.33
13.67
4.67
6.0
5.33
-3.33
-5.33
-3.0
-0.67
8.33
-3.67
-2.67
5.0
-1.0
2.33
-3.67
6.0
2.67
1.33
2.67
1.67
2.33
7.67
2.33
-4.0
4.33
1.67
-5.67
-0.33
-2.33
3.33
0.67
8.0
-0.67
-2.33
-1.0
9.0
-1.0
-2.0
-1.0
-5.0
-0.33
0.0
7.33
-3.33
6.67
0.67
3.67
-2.0
-3.0
5.67
0.0
8.33
3.33
5.0
2.0
8.33
-0.67
-3.67
-4.67
-5.0
2.33
6.33
7.33
-0.33
2.67
6.67
2.67
0.33
-5.67
-0.33
5.0
1.67
7.33
5.0
0.0
4.67
6.0
-2.67
4.0
0.67
-4.0
2.0
-2.33
7.67
1.0
-6.33
-4.0
2.33
-3.0
3.0
3.0
-7.33
4.67
7.67
2.0
5.0
-1.67
-0.67
7.33
1.67
5.33
2.33
-6.33
0.33
-1.0
3.33
-5.33
10.0
-0.67
5.33
6.33
-1.67
0.33
5.33
-3.33
7.0
-2.33
-0.33
-4.33
-4.0
2.67
2.67
7.0
-0.33
-1.33
3.0
-2.33
-1.33
0.33
-0.67
-1.0
2.67
-0.67
-1.67
-1.0
-2.33
3.33
1.0
2.0
3.33
0.33
2.0
-7.0
1.33
11.67
-2.33
2.67
7.0
-2.33
6.33
5.67
7.67
-1.0
-2.33
1.0
5.33
-1.33
-1.67
9.33
1.67
4.33
2.33
9.0
9.0
0.0
0.0
2.33
2.67
1.0
-2.33
5.33
4.67
-4.0
9.0
0.67
5.33
0.67
-0.67
-4.33
2.67
-2.0
1.33
-1.33
-4.33
2.0
0.67
7.33
4.0
-5.67
7.0
8.33
1.67
-4.0
4.67
3.33
0.33
-0.67
2.67
0.0
0.67
4.33
1.67
-1.33
1.33
-2.67
2.67
1.67
2.67
3.33
4.33
-1.33
-0.33
1.67
2.67
-3.67
1.0
4.33
2.67
1.33
-2.33
1.67
-1.0
5.67
3.33
4.0
0.67
2.33
9.0
-2.0
-2.0
0.33
-0.33
5.33
4.0
4.0
-0.67
0.33
2.0
-2.33
3.33
-5.67
2.67
8.0
-4.0
4.0
-1.33
2.33
0.67
3.0
1.33
1.67
6.33
3.33
3.33
0.0
4.0
1.0
-1.33
-1.33
3.0
3.33
-0.33
4.67
-2.0
5.33
1.33
3.67
6.33
7.0
4.67
8.33
-0.67
0.67
-1.0
-1.67
1.33
3.67
0.67
-1.0
-1.33
-1.0
1.0
6.33
2.0
-5.33
-0.67
-2.67
-4.67
3.33
-0.33
-4.33
4.0
-2.67
-1.67
-2.0
-1.33
0.33
-1.67
2.33
-3.67
1.0
6.33
-2.0
1.33
6.33
4.0
4.67
1.67
3.0
-2.0
-1.67
1.33
0.33
0.67
0.67
-6.0
4.67
2.0
-6.0
1.0
2.67
-3.33
-4.0
2.67
0.67
1.0
2.0
3.33
5.67
2.67
-1.33
-5.67
1.33
2.0
-3.0
-1.67
0.33
1.33
-1.67
-3.33
-2.67
3.67
4.0
2.67
0.67
0.67
1.67
4.33
0.33
-4.67
-4.33
-5.0
-5.67
-1.67
2.0
-4.0
0.33
4.33
6.0
1.33
-2.33
-1.33
3.0
-0.67
1.67
-0.33
1.0
-1.0
0.0
5.33
-3.67
5.67
0.0
1.0
1.33
-1.0
3.67
-4.33
1.0
1.0
2.67
-0.67
-3.33
-0.33
-0.33
4.0
-5.33
3.0
0.67
-2.0
2.67
-2.0
3.33
6.0
2.0
-1.0
-0.33
0.0
2.0
7.0
-6.0
-1.33
-2.33
-2.67
-0.67
-3.67
-1.67
-1.0
-0.33
-2.67
1.0
5.0
3.33
-0.67
2.0
1.67
-1.0
3.67
-3.0
-4.0
-1.0
-0.33
-1.67
1.0
-0.33
-3.0
-0.67
-0.33
4.33
1.33
-1.0
-4.0
-2.33
-0.67
1.0
0.33
0.33
2.0
0.0
5.33
2.0
0.33
-3.0
0.0
-1.0
-1.0
3.0
4.0
-5.33
-1.33
-1.33
1.0
1.67
1.0
-2.0
-1.33
4.33
0.33
-5.33
-1.0
2.67
0.67
1.67
2.0
-4.33
1.0
-1.33
2.33
1.33
-1.33
7.0
-1.33
-2.0
-2.33
-0.33
0.0
0.67
2.33
-3.0
-2.0
-1.0
0.67
-1.0
2.33
-3.33
-6.67
-3.0
5.33
0.67
-1.0
1.33
0.67
-5.33
-2.0
-4.33
-5.0
-5.33
-2.33
-2.0
1.67
-2.0
-1.33
-3.67
-1.0
3.33
-3.33
-1.33
-2.0
-1.33
-1.67
-4.0
-1.33
-6.67
1.0
4.33
-3.0
-0.33
-3.0
2.67
-3.67
-3.33
2.33
-6.33
-3.0
-6.67
-3.0
-2.33
0.0
0.67
-5.67
-5.0
1.0
-5.33
-1.67
-5.0
-3.67
2.33
-5.0
0.33
-3.0
1.33
-0.67
-3.67
-3.33
4.0
3.33
-6.67
1.0
-2.67
-6.0
-1.67
-2.33
-4.33
0.33
-4.33
-1.33
-1.67
-2.67
-2.0
-1.67
1.67
0.67
-4.0
0.0
-4.33
-5.33
-3.67
5.0
2.67
-4.0
0.67
-2.33
-8.33
0.33
0.0
-5.67
-0.33
1.0
-2.0
-5.67
-4.33
-3.0
-5.67
-8.67
-7.0
-3.0
2.67
-4.67
-0.67
-2.33
-1.67
-5.67
-10.33
-1.67
-2.33
-2.0
-5.0
-0.33
-8.67
-7.67
0.67
-3.67
-6.0
1.67
-9.0
-9.0
-3.33
0.33
5.0
-3.0
-3.0
-0.33
-11.0
-4.33
-3.67
-4.67
-1.0
-3.67
-2.0
-5.0
-3.67
-6.67
-3.67
1.0
3.33
-7.67
1.0
-4.67
2.67
4.0
2.67
-2.33
-1.67
-5.67
-3.0
-1.33
-1.33
-0.67
7.33
-1.0
5.0
-2.67
-1.33
-0.67
5.33
10.67
-0.67
5.67
9.33
14.0
13.33
18.33
16.0
17.33
18.33
26.0
20.0
28.33
29.0
27.0
32.67
31.0
38.33
34.33
27.0
24.67
33.33
27.67
20.67
25.0
21.67
0.33
10.0
0.33
1.67
6.67
7.0
7.0
0.33
5.33
-3.33
-1.0
5.33
3.67
-9.33
-0.67
-3.67
-3.67
-0.33
2.0
1.33
-1.67
5.33
-0.33
-4.0
2.67
6.67
8.0
-6.67
-2.0
-4.0
3.33
-7.0
4.33
8.67
-3.0
-1.0
1.0
-1.67
-4.33
-3.67
-2.0
-6.0
-1.0
0.0
-7.67
-9.0
-6.33
-7.33
-6.33
6.67
3.67
-3.0
-3.67
-10.67
0.0
-7.0
-11.33
1.67
-13.33
5.0
-7.0
0.0
-11.67
-3.33
3.33
8.0
2.33
-6.67
-7.33
-2.67
-13.33
-5.0
-0.67
-8.0
-2.67
-5.0
-6.0
-0.67
-5.67
-7.67
-9.67
-0.33
-1.67
-9.0
-5.67
-1.33
-4.67
-6.67
-9.33
-2.0
-5.33
-1.67
-2.67
-2.67
3.33
-10.33
1.33
-4.67
0.67
4.33
-3.0
0.0
-4.0
-4.0
-8.0
-1.67
-8.0
-2.0
-3.0
3.33
-11.0
-9.0
2.0
-7.33
5.67
7.33
1.33
0.33
-1.0
-7.0
6.0
-7.67
-0.33
0.67
-7.0
9.67
-7.33
-3.0
-2.0
5.0
-9.33
-6.67
-2.33
-0.33
-1.67
-15.33
-6.33
-6.67
-8.67
-5.33
-5.0
-0.67
-2.33
3.33
0.67
-2.0
5.33
-7.33
-0.67
-4.67
-5.0
2.33
-9.67
-1.0
-0.33
7.67
6.33
-4.0
-3.67
-5.67
2.33
0.67
-9.33
-1.33
-7.67
3.0
-8.67
6.67
-5.33
4.0
2.67
-10.67
7.33
0.33
0.33
-7.33
-3.0
-3.0
-3.0
2.67
0.67
6.67
4.33
-8.0
-3.0
-1.0
-5.0
-1.67
5.0
2.33
0.33
-1.33
-1.67
-0.67
3.33
5.0
0.67
4.33
2.0
0.0
16.67
13.33
13.67
8.33
16.33
16.33
14.67
19.33
11.33
22.0
13.0
17.67
19.0
13.67
27.0
12.33
11.33
16.67
30.33
19.33
16.33
31.67
14.0
4.0
15.0
7.0
14.33
-3.0
17.0
-6.67
10.67
1.67
2.67
3.0
4.0
7.0
0.0
7.33
2.33
-0.67
0.0
12.0
7.67
-2.0
3.67
11.33
-8.0
2.0
-5.33
3.33
4.67
6.33
5.33
-11.67
5.33
-6.67
-4.0
-3.0
12.67
0.33
3.33
-0.33
-1.33
2.0
6.0
4.0
11.33
8.67
0.0
1.67
0.0
8.0
1.67
8.67
7.33
13.67
5.67
10.0
5.0
0.33
0.33
8.33
1.0
4.0
4.67
9.0
1.33
15.33
-2.0
6.67
-0.33
14.67
5.33
3.0
5.33
3.67
5.33
4.0
10.67
3.0
13.33
2.0
6.67
2.0
5.33
-2.67
3.67
8.67
11.67
3.67
3.33
-0.67
5.0
9.0
8.67
5.0
11.67
1.67
13.33
-2.67
6.33
6.67
-2.67
10.67
11.0
10.33
8.0
17.33
12.33
10.33
16.67
2.33
0.67
3.67
3.67
6.0
8.33
9.67
1.0
5.33
17.33
14.67
3.0
9.33
7.33
0.0
8.0
12.0
-6.0
1.0
9.0
11.67
10.67
11.33
13.0
-4.67
8.0
5.67
15.33
20.0
-5.33
14.33
6.67
12.67
-1.67
18.67
6.33
2.0
4.67
2.67
4.67
9.33
2.67
4.67
12.0
11.0
2.0
4.67
8.67
9.33
17.0
-2.0
5.33
4.33
5.33
10.33
10.0
-3.0
-2.0
3.67
3.0
2.67
16.33
6.0
4.33
15.33
6.0
11.33
3.0
0.33
6.33
9.67
8.0
2.0
-4.0
-1.33
10.67
18.0
5.67
-3.33
11.33
-4.33
-1.33
0.67
1.67
13.33
10.0
1.67
6.67
3.33
10.0
8.67
7.33
13.33
12.0
-1.0
4.67
15.0
7.33
9.67
-4.0
8.67
3.0
9.67
8.33
2.0
3.67
24.0
6.0
-0.67
5.33
13.0
6.33
17.0
10.33
5.67
19.33
20.33
12.0
10.0
14.67
11.33
2.33
9.67
12.0
13.67
-0.67
22.0
22.33
23.33
16.0
11.67
13.33
27.0
16.0
22.67
26.33
28.0
13.67
31.0
30.0
18.33
27.67
23.33
46.67
44.0
38.0
35.33
40.67
53.33
58.33
80.0
61.33
62.67
71.0
94.33
89.0
128.0
94.33
127.0
122.33
104.33
121.67
118.67
126.67
124.33
124.0
118.0
119.67
109.33
104.33
99.67
102.67
95.33
81.33
66.33
54.0
65.33
42.33
34.67
25.0
58.0
33.67
-0.67
21.33
26.33
11.67
26.33
2.33
6.67
8.33
17.33
11.67
0.67
16.0
5.33
5.67
4.67
-3.33
14.0
1.67
1.33
19.0
3.33
4.67
21.0
9.67
16.0
0.67
8.33
8.33
18.67
15.0
17.67
10.0
11.33
15.67
16.0
1.0
13.0
3.0
0.67
1.33
4.33
11.0
6.67
15.0
11.33
13.33
3.0
11.67
7.67
13.0
6.67
9.0
13.67
13.33
-2.33
0.33
3.33
4.67
5.33
6.33
12.33
9.33
1.33
11.0
23.0
6.33
4.67
5.0
5.67
6.67
19.67
12.33
9.33
11.33
20.0
7.0
13.33
12.33
6.0
-4.33
20.67
13.33
-1.0
5.67
3.0
-0.33
12.33
13.33
11.0
12.33
8.67
11.33
7.67
-2.33
3.0
14.33
18.0
3.33
2.33
-0.33
3.0
2.0
8.33
6.0
7.33
6.33
-0.33
10.67
9.0
12.67
5.0
15.67
6.33
3.67
1.0
10.67
7.67
3.67
-0.33
14.0
0.0
3.33
12.0
-0.67
3.33
15.0
4.33
7.67
1.0
6.33
6.33
7.0
10.33
9.67
-0.67
4.33
4.33
4.33
-1.0
-1.33
0.67
9.33
7.0
7.33
5.67
13.67
3.0
-2.33
0.33
11.67
4.67
1.33
10.0
2.33
0.33
0.67
5.33
15.0
4.67
8.0
16.33
5.67
18.0
18.33
11.0
22.0
19.0
22.0
23.33
23.33
19.33
31.33
32.0
23.0
13.33
27.67
22.33
46.0
32.0
25.33
39.67
27.33
26.33
29.67
16.67
20.67
25.0
34.67
22.67
17.33
31.33
25.0
39.33
12.0
27.67
24.33
19.33
27.67
21.0
19.0
24.33
16.0
2.33
7.67
21.33
16.33
7.0
2.33
15.0
8.67
-2.67
0.0
-4.33
4.67
1.67
5.33
6.67
0.33
14.67
-1.33
-0.67
8.0
8.33
10.33
21.67
-0.67
0.0
15.0
10.67
2.67
4.33
2.0
-2.33
-1.33
-6.33
10.67
-0.67
3.67
5.0
12.67
-3.0
-3.67
-2.67
-7.0
8.33
-0.33
-1.67
25.0
8.67
11.33
-5.67
-2.0
8.33
1.33
7.67
14.0
9.0
1.0
13.67
9.0
8.0
13.0
8.0
7.33
-1.33
5.67
16.67
10.33
5.33
0.67
9.0
2.0
9.0
-4.67
6.33
6.67
3.67
1.0
9.0
6.0
-9.33
2.67
10.0
-4.67
8.0
4.67
-0.67
6.33
0.0
0.67
3.33
9.33
8.33
9.0
-1.67
-5.0
18.33
14.0
3.67
6.67
3.67
13.67
15.0
12.67
2.33
7.0
-5.33
-5.33
13.67
1.0
3.0
13.33
0.67
10.0
-3.67
0.0
5.0
4.67
7.33
2.0
9.0
-11.67
-8.0
-11.67
-8.0
0.67
1.67
1.67
11.33
7.0
-6.0
-5.0
12.33
3.67
4.67
6.33
4.33
1.33
9.33
2.67
1.0
3.67
0.33
-0.67
4.67
-4.33
-2.0
5.0
11.67
-0.67
-11.0
0.33
3.33
1.33
2.33
4.67
4.0
10.0
2.67
-2.33
1.33
-6.0
4.33
-0.67
-5.67
-12.33
10.67
12.33
4.33
1.67
-1.0
-8.67
14.33
4.0
-1.0
-7.33
3.0
0.0
9.33
-0.67
2.67
4.67
0.0
-3.33
-0.67
1.0
2.33
1.67
-0.67
2.33
9.67
8.0
4.0
8.33
3.67
5.0
-0.67
-5.33
6.67
4.0
5.67
0.67
7.0
5.67
2.33
-2.33
5.67
-0.33
6.0
6.0
2.67
8.67
7.33
13.33
6.0
7.67
5.67
-1.0
-1.67
13.33
0.0
-3.67
19.0
2.0
3.67
5.33
8.0
1.67
0.0
-2.0
-13.33
1.0
1.33
1.67
6.33
4.33
1.0
1.67
9.67
2.0
0.67
-6.67
-1.33
10.67
-8.67
4.0
1.67
6.33
0.0
-5.33
2.33
2.0
-6.0
-1.0
11.0
2.0
3.33
7.0
-2.33
8.67
2.67
2.33
3.0
4.0
-2.67
0.67
1.67
-1.67
3.0
4.0
1.0
0.0
0.67
1.67
5.33
3.33
-0.67
1.33
-2.33
3.0
1.0
4.33
3.0
4.67
-1.67
3.33
5.0
8.0
3.33
5.67
5.0
-3.67
6.33
-1.33
3.33
5.67
1.0
2.0
0.0
7.67
0.33
-7.0
2.67
0.67
0.67
-3.67
0.33
8.67
-6.33
2.33
-0.33
0.33
-7.0
1.0
6.0
-3.33
6.33
6.0
-2.67
-5.67
0.0
0.0
-6.33
-2.67
7.0
0.33
0.67
6.0
0.67
-3.0
-0.33
0.67
3.0
0.33
8.0
6.67
0.0
-2.33
2.33
0.0
1.0
-2.33
2.0
3.33
4.0
-0.67
6.67
3.0
6.67
3.0
3.0
5.0
2.0
4.0
5.0
0.33
4.0
1.33
4.67
0.33
-0.33
2.33
-0.67
3.67
-0.33
3.33
9.67
7.33
3.0
-4.33
-0.67
3.67
-2.0
-0.33
6.67
5.33
-5.33
-3.33
-0.67
-0.33
4.0
9.33
2.0
7.67
-1.0
0.67
5.67
7.0
-0.33
0.0
-1.0
-0.33
2.0
9.67
4.0
4.33
1.0
-2.33
0.0
1.67
1.67
3.0
-4.33
12.33
-3.33
0.33
-2.33
-2.33
6.0
0.33
0.0
-0.33
2.33
-2.33
5.67
0.67
6.67
10.33
2.67
0.67
6.0
1.0
-2.0
12.33
1.67
-3.33
-1.67
1.0
3.0
4.0
4.0
-4.67
-3.33
1.0
-2.33
-5.0
1.33
5.33
-7.67
-2.67
2.0
4.33
1.67
3.0
2.33
0.67
1.67
2.33
0.0
0.0
-1.67
-3.67
5.67
0.0
3.33
-0.33
-2.67
7.67
-2.67
1.0
1.67
7.0
2.67
7.33
-1.67
-2.67
-1.67
-0.67
4.33
-3.0
0.33
-1.67
0.67
1.33
1.67
4.67
-1.0
4.0
1.33
7.33
1.67
0.0
-2.67
3.67
3.0
-1.33
5.33
6.33
-0.33
1.0
0.33
4.33
-1.67
-2.0
-2.67
0.0
1.0
2.0
2.33
-3.0
-2.67
2.33
2.0
-0.33
0.67
-2.33
5.67
5.0
-1.0
3.67
1.67
4.0
