0.0
23.0
42.0
91.0
52.0
6.33
-4.0
42.67
-15.67
-23.67
-32.0
83.33
-3.33
79.33
13.67
51.33
7.67
16.33
34.67
-14.67
9.33
-7.33
6.33
-3.33
15.33
4.33
-17.33
-0.67
3.67
1.67
8.33
-4.67
4.0
-0.67
2.33
-0.67
3.67
-1.67
-1.33
-0.67
2.0
0.0
1.33
0.0
-0.33
0.0
0.67
1.0
0.0
0.0
0.33
-0.67
0.33
0.0
0.0
-0.33
-1.0
1.67
-0.33
0.0
0.67
1.0
0.0
-0.33
1.0
0.67
2.0
1.67
0.67
-0.33
0.67
0.0
1.0
0.0
-1.0
1.0
0.33
0.67
0.0
0.67
1.0
0.0
0.67
0.0
-0.33
-0.67
-0.33
1.0
-0.33
-0.67
0.0
-0.67
0.33
2.0
-1.33
0.67
0.67
1.33
0.67
-0.33
0.0
-1.67
-1.0
-1.0
-0.67
-2.33
0.0
2.0
1.67
-1.67
2.67
1.33
0.67
0.33
-2.33
-2.33
5.0
0.67
-1.0
0.33
-1.0
1.33
-2.0
0.0
1.67
1.33
-0.33
2.33
-1.67
-2.0
0.33
1.67
-4.67
0.0
-1.33
1.0
0.33
-4.33
4.33
1.33
4.67
-0.33
2.0
3.67
0.33
-3.33
1.33
0.0
7.67
-3.33
-2.33
3.67
5.67
0.67
6.0
6.33
-3.33
0.67
-2.0
2.33
-2.67
-1.67
0.33
5.0
1.0
2.33
6.33
-3.0
2.67
0.33
0.67
-3.33
4.33
-6.33
5.33
-1.0
3.33
-1.33
-0.67
2.67
-3.33
-2.67
-0.33
0.0
-1.67
3.67
7.0
9.0
-2.0
-6.0
0.0
-4.0
1.67
0.0
2.33
2.67
4.67
-0.33
8.67
-3.0
2.0
2.67
8.0
6.33
4.33
0.0
-2.0
-1.67
-2.67
0.33
0.33
-1.0
-0.67
1.33
1.33
1.67
5.67
3.67
2.67
-1.67
-2.67
-1.33
8.0
5.67
-0.67
-2.0
6.0
-2.33
-2.0
4.33
3.0
0.67
2.0
2.0
0.67
-2.33
-4.0
4.67
-3.0
3.33
0.0
6.0
5.0
-8.33
4.67
7.67
9.0
3.0
1.33
2.33
4.33
2.67
5.33
3.33
-1.33
8.33
8.0
3.33
-8.33
-4.0
2.33
3.33
5.33
3.33
3.33
1.33
3.67
3.0
-2.33
2.67
-2.33
-4.0
-3.33
0.67
4.0
2.67
-1.33
7.0
1.67
-1.33
1.33
5.33
-2.0
3.67
-2.67
-1.67
4.0
3.67
3.33
-1.0
0.0
9.33
7.33
7.0
1.0
-0.67
7.67
4.67
0.67
2.0
1.67
2.33
-0.33
-3.33
1.0
-1.33
-2.0
-0.67
3.67
1.33
10.33
10.67
7.33
3.33
4.0
5.0
-1.0
4.0
0.33
1.67
0.0
-5.33
0.33
0.67
0.0
9.0
-0.33
3.33
-1.33
3.33
-5.33
0.67
3.0
3.33
5.67
-4.33
5.0
-8.33
2.33
2.0
-2.67
12.0
-1.67
3.67
3.0
1.67
1.33
6.33
1.33
7.67
3.0
4.67
-1.67
0.67
-3.33
-1.67
0.33
6.67
4.67
5.67
-2.67
3.33
2.67
2.67
-2.33
3.67
-5.67
4.0
1.33
2.67
0.33
2.67
-1.33
1.0
7.67
1.33
0.0
-2.33
-0.67
6.0
0.0
-4.0
3.33
2.67
2.33
7.0
7.0
-0.67
4.33
-3.0
0.67
3.33
-2.67
3.67
12.0
3.0
0.0
-1.33
-1.67
-2.33
6.0
6.33
5.67
0.33
0.33
7.33
6.0
0.0
9.0
-1.33
-3.33
-5.0
0.33
-1.33
2.67
5.0
5.33
-1.67
1.67
-2.67
9.0
4.67
4.33
2.33
1.67
-1.0
-0.67
0.33
3.67
0.67
2.0
-0.33
6.0
-1.0
1.33
6.0
-1.33
-2.67
-2.67
0.33
2.33
-7.33
-6.33
3.0
0.33
-0.67
2.0
0.67
-4.67
-3.67
-2.67
0.33
-4.0
5.33
-1.0
-0.67
3.33
6.0
0.67
3.67
-1.0
2.0
0.33
5.33
-2.67
2.67
-1.33
0.0
1.67
-3.0
-3.0
0.0
10.67
2.67
-1.0
-2.33
-1.33
1.0
1.0
4.33
-0.33
4.67
2.67
2.33
0.33
-2.0
-3.0
-2.67
6.33
6.33
1.33
0.67
-0.67
-0.33
1.0
2.67
-2.33
-0.33
1.67
3.33
2.33
-2.67
2.67
-1.0
-2.67
2.33
1.0
-2.0
1.33
4.33
6.0
2.33
1.67
-1.33
3.0
0.33
4.67
2.67
1.0
-1.0
5.0
1.33
2.33
0.67
1.0
-1.0
-0.67
4.0
-1.33
-2.33
3.0
2.0
1.67
2.33
2.67
-3.33
-1.33
-3.0
-0.33
0.0
-2.33
2.0
1.67
1.0
2.33
-1.0
-2.0
-2.0
2.67
-1.0
0.0
3.0
-3.0
3.67
-0.33
-3.67
-0.67
1.33
-3.67
6.0
-0.33
-0.67
-2.0
0.0
-0.67
2.33
-1.0
1.67
1.0
3.67
2.0
-2.0
0.0
1.67
-2.67
2.0
-1.33
1.0
-0.67
1.67
-1.67
-0.67
-1.0
2.0
-5.33
0.33
1.0
2.33
-2.67
1.0
-5.0
3.33
2.0
-6.67
0.0
2.0
0.0
5.0
1.0
0.0
-2.33
0.67
3.67
0.0
0.67
2.0
2.0
1.67
-0.67
2.33
-4.33
3.0
-0.33
-2.33
-3.33
3.0
5.67
2.0
-2.33
-2.67
-3.67
1.67
-1.0
0.67
0.0
2.67
-3.33
2.0
1.67
-2.67
0.0
0.0
-3.0
0.67
3.0
0.33
0.67
-6.67
-6.0
-6.67
4.67
3.0
-2.67
2.67
-2.33
-2.0
1.67
-4.0
1.67
0.67
-3.0
-5.33
2.0
-1.33
-2.67
-5.0
-1.67
-0.33
0.67
-2.0
2.67
0.33
-2.0
-2.33
0.33
3.0
-0.67
1.0
-0.33
0.0
1.67
5.33
-0.33
-1.67
5.67
-1.0
-1.67
2.0
6.67
1.0
-2.33
-3.67
1.0
1.0
-3.33
-2.67
0.0
-0.67
-0.67
-2.0
-1.67
-5.0
-3.67
-3.67
-7.67
1.67
4.0
0.33
-3.67
2.0
0.33
-4.0
-2.67
1.67
-3.33
4.33
-6.33
4.67
-5.67
-5.67
4.0
-1.67
-4.33
-2.33
-2.0
11.0
-1.33
-3.33
1.33
0.0
-10.33
-2.0
0.67
-8.33
-3.33
-1.67
-3.0
-2.67
0.67
-3.0
-4.0
0.33
0.67
-5.0
-2.67
-2.67
-3.0
1.0
2.67
-11.67
-1.67
-3.33
-3.67
-2.67
-10.33
0.33
-3.33
0.0
-5.0
-1.33
-5.67
-4.67
-5.33
-3.67
-3.0
0.67
-9.0
0.0
-3.33
1.33
-1.0
3.0
-4.0
-2.33
-5.0
-1.33
-8.67
0.33
-9.0
-1.67
-1.0
-3.0
-8.67
-2.67
-6.67
0.0
-5.67
-0.67
-1.0
-5.67
7.67
-5.0
-2.33
1.67
-8.67
0.33
-2.0
2.67
4.67
1.33
5.33
-1.0
0.0
-4.67
1.67
5.33
1.33
7.67
3.33
1.67
7.33
14.0
13.33
16.33
16.0
17.33
22.33
21.0
22.0
22.33
40.0
29.0
38.67
32.0
16.33
37.33
23.0
19.67
14.33
14.67
16.67
20.0
14.67
13.33
8.0
5.33
5.67
6.67
7.0
-1.0
3.33
-1.67
1.67
6.0
-3.67
-2.33
-1.33
1.33
-1.67
-2.67
2.67
-2.0
-0.67
1.33
1.33
-5.33
5.0
-4.33
-4.33
-7.0
-0.67
5.0
-6.0
-5.67
4.0
11.33
2.67
-4.0
0.0
8.0
-4.67
-1.33
-0.67
0.0
-4.0
-2.0
-10.0
2.33
0.0
-1.33
-3.33
-1.33
1.67
-5.33
3.0
-8.67
-0.67
-4.0
-5.0
-3.33
1.67
-13.33
4.0
-6.0
-5.0
1.33
-2.33
0.33
-1.0
-2.67
-2.67
-5.33
-2.67
-7.33
5.0
-0.67
-2.0
-9.67
2.0
-1.0
-2.67
-5.67
1.33
-11.67
0.67
-5.67
-9.0
-3.67
-8.33
-12.67
-5.67
-9.33
-1.0
7.67
13.33
4.33
-5.67
0.33
-14.33
6.33
-4.67
4.67
4.33
-4.0
-1.0
1.0
-14.0
-6.0
-1.67
-7.0
11.0
-13.0
-3.67
7.0
-5.0
-2.0
-7.33
-10.33
-1.67
8.33
4.33
-1.0
-10.0
-5.0
-2.67
0.67
1.67
-3.0
2.67
-9.33
1.0
2.0
-2.0
-7.33
0.33
-0.33
7.67
-5.67
-0.33
-2.33
-1.67
-8.67
-2.33
-2.0
-4.67
7.67
2.33
9.67
1.0
1.33
-3.33
1.33
0.33
-9.0
-4.67
2.33
-2.0
-1.33
0.67
1.33
-7.0
-4.67
-5.67
-0.67
-3.33
-2.33
-9.33
0.33
-3.0
-1.67
-0.33
-9.33
0.0
-0.33
-9.67
4.33
3.33
-1.67
-1.33
-3.0
-1.0
2.0
2.67
-5.33
-6.33
2.33
-1.0
-1.0
-3.0
11.0
-2.67
2.0
1.33
3.33
-5.33
-0.67
-1.67
0.33
11.0
6.67
4.33
0.0
0.0
7.67
6.33
7.67
14.33
19.33
11.33
11.67
20.33
8.33
12.0
26.0
17.67
16.0
17.67
19.0
20.33
0.33
14.67
16.33
17.33
12.33
9.67
13.0
9.0
11.0
14.0
10.33
9.0
7.0
3.33
7.67
6.67
-2.33
1.0
4.0
11.0
-7.0
-0.67
4.33
3.33
10.0
11.0
6.67
6.0
-4.33
4.33
6.0
9.0
-0.33
0.33
-0.33
12.33
7.33
-4.67
6.33
1.33
1.0
15.0
11.67
1.33
6.33
2.67
-1.33
8.0
13.0
0.0
0.33
5.67
5.0
3.67
7.0
5.0
3.67
6.67
3.33
18.67
9.67
3.0
7.0
-4.67
4.33
5.33
6.0
6.0
-2.33
8.0
4.33
13.33
0.0
5.67
-1.33
-3.33
13.33
9.0
7.33
6.67
3.33
9.0
2.67
7.0
4.33
8.0
3.67
1.0
0.33
-1.67
2.67
-0.33
7.67
-3.33
4.33
2.33
2.0
7.0
2.67
7.0
0.67
-3.33
5.33
7.33
14.33
7.67
19.33
14.67
3.0
11.33
15.0
9.33
7.33
4.33
14.67
7.33
15.67
10.67
11.67
13.0
11.33
6.67
8.0
6.33
14.33
8.67
9.0
13.33
4.33
18.0
8.0
2.0
4.0
-3.0
7.0
10.67
6.67
-3.67
14.0
12.33
6.0
-4.33
20.33
1.0
9.67
18.33
9.67
12.67
0.33
0.67
17.33
9.0
11.67
5.67
20.67
6.33
4.67
11.67
14.0
17.0
2.0
3.67
4.67
-0.67
17.0
3.0
-1.67
15.33
7.33
4.33
10.0
13.0
8.0
1.67
12.0
5.67
9.33
19.0
5.33
6.33
6.0
2.33
8.0
-0.67
10.33
13.67
8.0
15.0
10.0
8.67
8.67
7.0
12.67
14.67
4.33
4.67
6.67
3.67
0.67
5.33
13.0
8.67
7.67
-2.67
6.0
9.67
14.33
6.33
3.0
-2.0
-0.33
-4.0
19.33
14.67
6.0
8.67
5.0
9.67
4.33
16.0
2.67
9.0
12.0
-1.67
15.33
12.0
10.33
14.0
3.33
13.67
15.33
5.33
6.0
7.0
8.67
7.33
8.33
12.67
16.0
13.67
12.33
31.0
25.33
13.33
18.0
16.67
24.33
17.0
18.0
16.67
17.33
27.0
20.67
28.0
19.0
18.33
24.67
29.33
36.67
29.0
35.0
48.33
61.67
65.33
49.33
62.0
63.33
68.67
98.0
95.33
92.0
119.0
124.33
137.0
105.33
132.33
147.67
133.67
108.67
130.33
131.0
121.0
111.67
112.33
107.33
96.67
113.67
84.33
71.33
65.33
55.0
67.33
45.33
31.67
30.0
35.0
21.67
28.33
24.33
17.33
25.67
4.33
8.33
9.67
22.33
14.33
10.67
6.67
18.0
7.33
13.67
1.67
-2.33
4.0
8.67
9.33
10.0
9.33
8.67
14.0
6.67
20.0
-0.33
10.33
4.33
2.67
3.0
11.67
17.0
9.33
12.67
1.0
11.0
0.0
9.0
11.67
6.33
15.33
13.0
13.67
9.0
14.33
20.33
12.0
14.67
4.67
10.0
-3.33
4.0
14.67
9.33
6.67
4.33
3.33
3.67
7.33
8.33
8.33
14.33
6.33
12.0
18.0
11.33
-0.33
6.0
17.67
18.67
9.67
6.33
-4.67
13.33
10.0
14.0
12.33
11.33
13.0
-3.33
9.67
12.33
21.0
-2.33
10.0
12.67
13.33
1.33
12.0
11.33
21.67
8.33
5.67
7.67
6.0
11.33
6.0
3.33
-0.67
10.67
3.0
5.0
17.33
9.0
5.33
3.33
21.67
5.67
7.0
12.67
12.0
-6.33
9.33
12.67
12.0
4.67
5.67
4.67
-3.33
18.0
10.0
3.33
10.0
-1.67
8.33
9.0
-3.67
3.67
22.0
7.33
7.33
2.0
13.33
15.67
-7.67
15.33
9.33
2.33
-2.0
5.67
0.67
16.33
5.0
-1.67
2.67
7.67
4.0
5.67
3.33
13.67
-0.33
8.33
7.0
4.33
3.33
-2.33
10.33
12.0
15.67
8.0
12.33
2.67
13.0
11.33
25.0
11.0
7.0
13.0
20.33
12.33
9.33
21.33
20.0
35.0
15.33
28.67
28.33
23.0
37.0
39.33
28.67
43.33
47.33
39.67
21.67
31.67
26.0
22.67
30.67
15.33
30.33
33.0
41.33
38.0
15.67
27.33
18.33
23.67
17.0
19.0
33.33
10.0
-4.67
17.67
8.33
19.33
6.0
13.33
10.0
15.67
6.33
10.0
11.67
3.67
0.67
12.33
5.67
1.33
27.67
8.67
10.33
11.0
3.33
13.33
11.67
0.33
0.0
12.0
-2.33
5.67
2.33
-3.0
3.67
-3.33
6.67
-6.33
7.33
2.67
10.0
10.67
5.0
3.33
10.33
7.0
1.33
-3.33
5.33
18.0
-1.33
18.33
5.33
3.0
-7.67
4.33
8.67
11.0
1.0
7.0
8.67
6.0
12.0
3.0
12.0
10.33
-4.33
0.67
17.67
21.33
-4.67
4.67
10.0
6.0
5.0
-4.67
10.33
-1.33
2.67
8.0
-2.0
8.0
-6.33
-2.33
6.0
2.33
-4.0
9.67
2.33
6.33
5.0
6.67
-3.67
6.33
20.33
-2.0
15.33
-2.0
9.33
-2.0
-1.33
4.67
-4.33
3.67
2.0
0.67
-7.67
4.0
-6.33
-7.33
-0.33
1.0
3.0
5.33
0.67
7.0
2.33
4.0
-1.0
9.67
5.33
-7.0
7.0
-0.67
-3.0
6.33
-3.0
-4.33
15.67
8.67
-1.67
11.0
5.0
-4.0
5.33
2.67
6.67
7.33
-4.67
2.33
4.33
-9.33
2.0
-3.33
7.33
-3.67
-2.33
0.67
-8.0
-2.0
10.67
1.33
4.0
2.33
13.33
-0.67
-2.67
-9.33
6.0
8.0
3.67
4.67
-3.67
-3.0
-3.67
11.33
2.33
5.67
9.67
-1.67
-2.67
-1.33
4.0
-2.67
10.33
0.0
1.0
-3.33
3.0
6.0
7.33
-4.67
4.67
9.67
8.0
5.67
2.33
1.0
0.33
9.67
13.33
-5.67
2.67
11.0
2.0
-1.67
1.67
-4.0
10.33
8.67
2.67
8.0
-0.33
4.67
6.0
13.67
5.33
4.67
2.67
7.67
12.0
11.0
5.67
12.67
7.33
2.33
7.0
3.67
-1.33
6.0
0.33
0.33
5.0
-2.67
7.0
12.0
7.67
9.33
12.0
8.67
5.0
-5.0
-8.33
-2.0
3.33
2.67
1.33
2.33
-4.0
0.67
0.67
1.0
6.67
0.33
7.67
0.67
0.33
-1.0
0.67
7.33
6.0
4.67
7.33
1.0
-7.0
5.0
1.0
-5.0
6.33
-1.0
-2.33
-2.33
9.67
6.33
-6.0
-2.0
-6.67
1.67
8.67
8.33
-4.0
-3.0
-1.0
5.0
1.67
-0.33
2.33
3.33
-0.67
2.33
0.67
3.0
7.0
3.33
10.0
2.67
-2.67
-6.67
8.0
1.0
-2.67
3.67
3.0
1.33
10.33
2.67
4.33
4.67
4.0
-12.0
2.0
8.67
2.33
1.0
6.67
5.67
0.67
4.33
-4.67
0.67
-3.33
0.33
-1.33
3.33
1.0
2.0
4.0
3.67
0.33
0.0
-1.67
-3.67
2.0
-2.0
-1.33
6.33
3.0
0.33
4.67
6.0
8.67
0.0
0.67
2.67
7.0
5.33
2.0
3.67
1.0
3.67
0.33
6.0
-1.0
1.67
-5.0
2.33
3.0
-3.67
6.67
-1.0
7.67
0.0
0.0
4.0
9.0
6.0
2.0
-0.67
-1.0
5.33
12.67
-0.67
1.67
1.33
11.33
10.67
0.67
6.33
3.67
0.33
2.0
2.67
4.33
-3.33
6.0
-1.33
10.67
3.33
-4.33
7.67
-3.67
-5.33
2.0
5.33
-1.0
0.67
3.0
-2.33
4.67
9.0
-0.33
2.0
0.0
2.67
6.0
3.67
1.0
6.33
0.0
-4.33
1.0
4.67
-4.33
-2.0
7.67
2.33
-2.33
-3.67
2.67
-1.33
0.0
-1.67
6.0
-3.33
-4.67
1.67
1.67
4.67
-0.33
2.33
-4.33
1.67
-2.0
-2.0
6.0
1.33
3.67
2.67
0.33
1.0
0.0
3.0
0.0
4.33
-2.33
7.0
1.67
2.0
-1.67
-0.67
2.33
2.33
2.0
2.33
1.67
2.0
0.33
1.67
-0.33
9.33
2.0
-2.0
-0.67
1.33
-3.33
7.0
-1.67
-1.33
-4.67
3.67
0.33
1.0
4.67
2.0
-1.33
7.33
5.33
-0.67
1.33
0.33
-1.67
-1.0
-1.67
-4.67
1.67
-0.67
-1.33
-1.33
0.0
6.0
0.33
-0.67
0.67
9.0
1.33
1.67
-1.0
-3.33
3.33
1.33
1.67
8.0
3.33
1.33
-1.67
-2.0
-4.67
-7.0
-4.0
-3.0
4.33
-1.0
1.33
4.33
2.0
1.67
-3.33
-4.33
2.67
3.0
0.0
2.67
6.67
5.0
