0.0
-56.0
9.0
110.0
72.0
-61.67
-9.0
-56.33
26.33
65.33
88.0
63.33
43.67
86.33
-3.33
94.33
73.67
0.33
20.67
-7.67
35.33
21.67
-2.67
1.67
25.33
10.33
-11.33
0.33
-1.33
3.67
2.33
-4.67
0.0
1.33
-0.67
-2.67
-0.33
0.33
-0.33
1.33
1.0
1.0
-0.67
2.0
0.67
-1.0
0.67
0.0
0.0
0.0
0.33
-0.67
-0.67
0.0
0.0
-0.33
-1.0
-0.33
-0.33
2.0
-1.33
0.0
0.0
-0.33
0.0
-0.33
1.0
-0.33
-0.33
-0.33
-0.33
0.0
0.0
1.0
1.0
2.0
0.33
-0.33
1.0
-0.33
0.0
1.0
0.67
1.0
-0.33
-0.67
-0.33
0.0
-0.33
-0.67
-1.0
-0.67
-1.67
0.0
-1.33
1.67
-0.33
-0.67
0.67
0.67
0.0
-1.67
1.0
-1.0
2.33
1.67
-1.0
1.0
0.67
5.33
2.67
3.33
0.67
5.33
-0.33
-1.33
1.0
-1.33
2.0
2.33
1.0
2.33
-1.0
1.0
2.67
0.33
-0.33
2.33
-1.67
-4.0
7.33
4.67
2.33
4.0
-0.33
14.0
0.33
-2.33
2.33
-0.67
4.67
2.67
1.0
7.67
3.33
6.67
-1.67
2.0
3.67
0.67
2.67
-3.33
0.67
-0.33
8.0
4.33
4.67
-0.33
-2.0
7.33
4.33
0.33
-4.67
5.0
6.0
1.33
2.33
-1.0
5.67
3.33
-4.33
0.67
1.33
3.67
-0.67
3.0
1.33
-2.33
0.33
-3.33
8.67
2.33
2.67
5.0
1.33
1.67
4.0
1.0
13.0
7.0
4.0
-1.0
10.67
10.0
7.33
6.67
0.67
2.67
4.67
-1.0
2.0
0.67
3.0
8.33
-1.67
-2.0
5.0
4.33
2.33
6.33
-2.67
4.0
3.33
8.33
6.33
5.67
1.67
-0.33
3.67
0.33
1.33
3.67
4.0
1.67
2.33
0.0
3.0
4.67
7.0
1.33
4.0
8.67
3.0
4.0
4.67
1.67
0.0
7.67
-3.0
5.33
0.0
2.0
1.0
-3.33
11.67
8.67
2.0
9.0
1.33
0.33
8.33
8.67
9.33
2.33
0.67
0.33
8.0
-3.67
-10.33
-1.0
0.33
1.33
2.33
0.33
4.33
0.33
4.67
7.0
5.67
5.67
-1.33
7.0
5.67
1.67
2.0
1.67
3.67
1.0
0.67
-2.33
5.33
-1.67
0.0
6.67
1.33
6.33
8.0
2.67
4.33
4.0
10.0
6.33
4.33
4.0
-4.0
0.33
2.67
0.67
4.67
2.0
-2.33
0.33
0.67
-0.33
-1.0
2.67
1.0
4.33
-1.33
1.33
4.33
3.67
-3.67
-2.67
1.0
6.0
4.0
6.0
0.33
4.67
4.0
-1.33
4.33
-2.33
-2.0
6.0
9.67
5.33
-4.33
5.33
-0.33
2.67
2.0
-1.67
0.67
-6.33
-5.0
-5.33
4.33
3.0
-3.67
8.0
6.33
-0.33
5.0
-0.33
0.33
3.33
-0.67
4.67
5.0
-4.33
2.33
4.67
2.67
3.33
-3.67
8.67
-1.33
9.67
-2.67
0.33
3.67
-0.33
-2.33
3.67
-6.67
15.0
3.33
3.67
2.33
1.67
0.67
1.0
6.67
6.33
2.0
-6.33
0.33
0.0
-1.0
1.0
3.33
1.67
-0.67
8.0
3.0
5.33
1.33
3.0
7.67
5.33
7.33
-3.33
3.0
4.0
5.0
6.67
0.33
0.67
2.0
-1.67
6.67
5.33
10.33
5.33
7.0
1.0
6.0
3.67
0.67
0.0
6.33
2.67
5.67
4.0
1.33
5.33
-1.33
-1.67
0.0
-1.33
5.33
8.33
1.67
4.0
-4.67
3.33
-1.33
3.67
2.0
0.67
4.0
0.0
6.33
1.0
4.67
1.33
-2.67
-1.67
1.33
1.67
2.67
0.0
1.33
4.33
3.0
3.67
2.33
-0.67
0.33
0.33
2.0
0.33
2.0
-0.67
-0.67
3.0
2.67
2.67
-1.0
1.0
1.33
1.33
0.33
-0.33
3.67
-6.0
-0.33
8.0
1.0
1.0
11.67
-4.33
-1.0
2.67
1.67
7.0
-1.0
3.33
1.67
0.67
0.67
2.33
2.33
4.0
-1.0
1.33
5.33
-1.67
4.33
-2.33
0.33
-2.33
6.0
8.67
-4.33
-2.33
-2.33
1.33
3.33
3.33
0.67
1.0
-5.67
1.33
-1.0
-4.0
-0.67
1.33
0.0
-3.67
1.67
-2.33
3.0
-3.67
3.67
5.67
2.0
1.0
1.0
2.33
0.33
2.67
1.0
1.0
-1.67
4.0
4.67
-3.33
2.0
1.0
-0.33
2.33
10.67
-1.33
0.67
1.0
-1.33
3.0
1.67
4.0
1.67
0.0
4.33
2.0
4.0
4.0
2.67
1.0
3.0
3.0
-3.0
3.67
-2.33
-0.67
4.33
0.33
1.33
-4.0
0.67
1.33
-2.0
8.0
-3.67
-3.67
5.0
2.67
1.0
2.67
2.0
-2.0
0.0
0.67
0.33
-3.0
1.67
6.0
-2.67
6.67
-2.67
-5.67
0.0
0.0
-2.33
3.33
-3.0
1.33
-1.67
2.0
-1.0
-0.67
2.0
-2.67
3.0
4.0
-2.0
4.0
5.0
-2.0
-3.33
-2.33
0.67
1.0
0.67
4.0
-2.0
-0.33
2.33
2.33
-1.33
3.0
-1.33
-1.33
1.67
2.0
2.67
7.0
-1.33
-3.67
-0.67
1.67
1.0
-0.33
3.0
-0.33
1.67
3.0
1.67
2.33
-5.0
-1.0
3.0
4.67
-1.0
4.33
-1.33
-5.67
-2.0
-0.67
3.67
-1.0
-0.67
-0.33
-1.33
5.0
-3.33
-4.0
-1.33
3.67
1.0
-2.33
-1.0
-2.33
0.33
-4.0
1.33
-5.33
-1.33
-5.0
0.67
1.33
2.0
-4.33
2.33
-1.0
-0.67
-2.0
0.67
-1.0
0.67
-2.67
-2.33
-0.67
-1.33
5.0
-4.67
5.0
-3.33
-4.0
3.67
0.33
-3.0
-2.0
-2.33
4.33
-4.0
-0.67
-2.67
-5.0
1.33
-2.0
-4.67
-3.67
-5.67
-1.33
6.0
5.33
-3.67
0.0
-0.67
-2.0
3.33
-2.33
-5.33
0.33
-4.33
-1.33
-4.67
-5.67
-1.0
-3.67
-0.33
0.67
-5.0
1.0
-3.33
-6.33
-6.67
0.0
-7.33
-3.0
2.67
-1.33
-5.33
-0.67
0.0
0.33
-6.33
-5.0
-1.0
2.33
-5.33
-8.0
-4.67
-7.67
-5.0
-1.0
-0.33
-8.67
6.33
-0.33
-1.67
-6.67
-11.33
0.33
-4.33
0.0
2.0
-4.33
0.33
-3.67
0.67
-8.67
-2.0
-5.33
-2.0
-4.0
0.67
-1.67
-1.0
0.0
-7.0
-3.33
-3.0
-1.33
-4.67
-3.67
-7.0
-1.67
-2.0
-4.0
-4.67
-7.67
-2.67
1.0
-0.67
-6.67
-5.0
-5.67
5.67
1.0
-1.33
-3.33
-3.67
-3.67
-4.0
1.67
-7.33
-3.67
-7.67
-2.0
6.0
-6.67
-5.33
0.33
11.33
0.67
-4.67
-4.33
0.33
1.0
14.33
9.33
9.0
8.33
13.33
9.0
12.0
15.33
14.0
17.0
17.67
9.0
22.33
30.33
15.0
4.67
17.33
10.67
-0.33
9.0
8.67
3.33
2.0
-5.67
-5.33
3.67
3.0
-10.0
-0.67
-8.67
-0.33
0.0
-1.67
1.67
-10.33
-4.67
-5.67
-4.67
-3.33
-6.0
-5.67
-2.67
4.33
-1.33
1.0
-5.33
-2.33
1.0
-0.67
2.0
-5.0
1.33
3.0
-3.67
-5.33
-2.0
-3.0
1.0
-7.67
-11.33
2.33
-7.0
-6.0
-3.0
-2.0
0.33
-3.0
-1.33
-5.33
-8.33
-0.33
-5.33
-5.0
-1.67
-10.67
-2.0
-7.0
-4.33
-4.33
-10.33
4.0
-8.0
-2.0
-4.67
-1.33
4.33
3.0
-5.67
-0.67
-9.33
-2.67
-4.33
-11.0
-4.67
-4.0
-1.67
-9.0
-3.0
-1.67
-6.67
-4.67
-9.67
-1.33
-0.67
-3.0
2.33
0.67
-10.67
3.33
-1.33
-6.0
-4.33
1.33
-5.67
-1.67
-4.67
-13.33
-0.67
1.33
2.67
-1.67
-3.0
0.0
-6.0
3.0
-5.0
-4.67
-6.0
1.0
0.0
0.33
-7.0
-7.0
4.0
-8.33
1.67
-4.67
-0.67
-5.67
-8.0
-4.0
-4.0
-8.67
0.67
1.67
-7.0
1.67
-6.33
-7.0
0.0
-3.0
-4.33
-6.67
-2.33
-0.33
-4.67
-13.33
1.67
-2.67
5.33
-9.33
-3.0
-4.67
5.67
-3.67
-6.33
3.0
1.33
-2.33
0.33
-0.67
-9.0
-1.67
0.33
7.0
-4.33
-1.33
-2.67
0.0
-4.67
-5.67
-2.67
-4.33
-4.33
-5.33
-6.67
5.0
-6.67
2.67
-9.33
-4.0
6.67
-7.67
2.33
3.33
5.33
-0.33
-4.0
-4.0
0.0
-0.33
-1.33
1.67
3.33
-6.0
-2.0
1.0
-4.0
0.33
1.0
0.33
5.33
2.67
-5.67
-4.67
6.33
3.0
1.67
2.33
10.0
6.0
10.67
6.33
5.67
13.33
12.33
10.33
18.67
10.33
7.33
7.0
16.0
15.67
5.0
13.67
22.0
15.33
3.33
14.67
16.33
2.33
7.33
10.67
16.0
9.0
3.0
25.0
-2.67
-3.0
6.0
-6.67
11.67
8.67
-9.33
-3.0
8.0
-3.0
-2.0
2.33
-1.67
0.33
-3.0
4.0
5.67
-1.0
0.67
3.33
-1.0
-3.0
3.67
6.33
8.67
13.33
12.33
-2.67
4.33
1.33
5.0
2.0
1.67
1.33
-2.67
15.67
-4.33
3.0
10.0
2.0
5.33
8.67
13.0
-0.33
6.0
14.0
4.67
2.67
10.33
13.67
11.67
2.0
4.0
1.33
13.33
5.33
3.0
14.0
1.67
9.0
8.33
-0.67
1.0
8.67
5.67
3.67
1.33
2.0
-2.67
-3.33
-3.67
9.0
4.67
1.0
6.33
5.0
2.67
3.0
4.33
15.33
4.67
-0.33
8.67
-0.33
14.33
1.33
9.0
6.0
2.67
-3.0
13.67
4.67
12.33
9.33
5.33
8.67
12.33
1.67
9.0
7.33
7.0
15.33
11.33
0.33
11.67
-1.67
12.67
-1.33
4.67
12.0
19.33
11.67
6.0
1.33
8.33
4.67
8.0
8.33
6.33
11.0
8.0
12.0
0.0
2.0
9.0
5.67
9.67
9.33
8.0
13.33
15.0
-2.33
-3.67
-2.0
5.67
5.33
4.67
22.67
20.33
8.67
13.33
11.0
5.67
1.67
13.67
9.33
10.67
8.67
13.0
14.0
8.0
0.67
5.67
8.33
1.0
-3.0
10.33
2.33
14.33
4.33
12.0
13.0
4.0
13.67
6.0
8.67
11.33
6.0
8.33
2.33
7.0
7.33
9.0
2.33
14.33
7.67
17.0
-1.0
3.0
19.67
0.67
4.0
4.67
4.67
9.33
-0.33
10.67
0.67
2.67
10.33
15.0
5.67
-1.33
-0.67
7.0
3.67
5.33
11.33
4.0
-1.0
1.67
11.0
1.33
11.67
12.0
8.67
10.0
8.67
5.33
11.0
6.67
5.0
9.0
3.33
11.33
7.0
9.33
17.0
5.33
7.67
7.33
4.33
7.0
11.0
7.67
-0.67
2.33
13.67
10.0
12.67
8.33
14.0
12.33
-4.67
24.0
9.67
28.33
19.0
19.0
12.67
26.33
18.0
10.67
33.0
24.0
26.33
40.67
27.33
27.67
34.0
17.0
38.33
28.67
39.33
31.33
47.0
44.33
43.67
57.0
57.33
75.0
62.0
65.33
85.0
64.33
71.33
76.67
97.67
84.67
82.33
89.0
79.0
69.67
60.33
74.33
69.67
84.67
61.33
46.33
49.33
34.0
41.33
30.33
20.67
34.0
27.0
22.67
28.33
7.33
2.33
5.67
18.33
7.33
11.67
8.33
9.33
4.67
3.67
11.0
-3.67
7.67
-6.33
9.67
11.0
3.67
3.33
4.0
-0.67
8.67
16.0
7.67
17.0
5.67
16.33
10.33
1.67
8.0
6.67
12.0
7.33
13.67
4.0
5.0
22.0
-2.0
11.67
-3.67
6.33
15.0
11.67
21.0
5.33
8.33
-1.0
11.67
11.67
-6.0
3.67
15.0
18.67
3.33
1.67
4.33
-0.67
3.67
2.33
0.33
11.33
0.33
4.33
4.0
16.0
16.33
-0.33
13.0
11.67
9.67
8.67
7.33
2.33
30.33
9.0
8.0
12.33
1.33
9.0
-2.33
8.67
1.33
12.0
7.67
9.0
11.67
19.33
3.33
0.0
17.33
16.67
26.33
14.67
6.67
10.0
4.33
23.0
25.33
7.33
9.67
-1.0
-2.0
12.33
0.0
9.33
8.33
9.67
11.67
13.0
4.67
6.0
-0.33
5.33
2.67
7.0
10.67
5.67
7.67
3.67
5.0
10.0
2.33
-3.0
8.33
7.33
4.0
6.33
6.67
15.0
14.33
3.33
6.0
4.33
2.67
11.33
2.33
6.33
16.33
0.0
7.67
6.67
-0.67
3.0
3.33
7.67
10.67
11.0
-0.33
-5.67
12.67
7.67
5.33
18.0
-4.67
12.33
1.67
11.33
11.0
17.67
2.0
8.33
24.67
6.0
30.33
15.0
11.0
25.0
12.0
15.33
12.33
26.33
25.33
26.0
28.0
32.33
26.67
26.33
33.0
22.0
38.33
25.67
23.33
41.33
19.67
35.67
26.67
32.0
22.67
26.67
30.33
35.33
22.0
40.33
41.0
21.67
22.33
14.33
23.67
23.0
30.0
22.33
12.0
14.33
22.67
7.33
17.33
29.0
1.33
6.0
8.67
8.33
9.0
-0.33
2.67
2.67
8.33
-0.33
-2.67
12.67
9.67
3.33
9.0
10.33
14.33
18.67
8.33
3.0
8.0
5.67
9.67
3.33
4.0
-10.33
6.67
4.67
12.67
12.33
5.67
2.0
11.67
7.0
1.33
3.33
-1.0
8.33
0.67
10.33
8.0
3.67
-0.67
3.33
-7.0
14.33
2.33
5.67
9.0
9.0
-6.0
5.67
17.0
19.0
10.0
10.0
21.33
13.67
1.67
16.67
15.33
10.33
8.67
9.0
-1.0
9.0
15.33
16.33
8.67
-0.33
-10.0
-1.0
8.0
-0.33
9.67
14.0
-7.67
-2.0
9.67
3.33
6.33
13.0
2.67
-5.67
14.33
3.33
3.0
5.33
-4.0
4.33
4.0
-2.33
8.67
-1.33
0.67
2.0
4.67
-9.67
1.0
-0.33
-7.33
3.67
-8.0
2.0
11.33
-7.33
19.0
-1.67
8.0
11.0
1.67
5.33
6.0
-4.0
0.33
-6.0
6.33
0.0
-4.33
4.67
6.67
-1.67
10.0
2.0
0.0
-1.67
-12.33
6.67
4.33
-6.67
3.33
18.33
-3.33
9.0
-4.33
9.33
-0.67
3.67
8.67
3.0
-1.0
6.67
7.33
6.0
-4.67
11.33
6.33
9.33
2.67
8.0
0.0
7.67
7.67
5.33
-7.0
-4.67
7.33
-2.67
-5.33
-1.33
2.33
4.33
-9.33
-1.0
-3.67
10.33
2.0
-1.0
0.67
5.0
9.0
5.33
-5.67
5.67
4.67
-4.0
-8.33
8.33
-5.0
6.33
6.67
5.33
6.33
-5.33
5.0
5.0
11.33
6.67
5.0
-4.67
2.67
2.67
15.0
6.67
2.67
7.0
6.67
5.33
12.67
5.67
-4.33
6.0
4.0
-1.33
11.67
-1.67
8.33
6.0
7.67
-1.33
-5.0
11.33
11.33
2.0
-3.67
4.0
13.0
9.67
7.33
-2.0
3.67
6.0
1.0
0.67
5.0
5.33
1.67
10.33
-9.67
6.0
-3.33
-2.33
5.0
7.67
1.33
10.67
7.67
4.33
13.0
15.67
9.33
3.0
1.67
2.33
-1.0
-5.0
3.0
7.0
0.0
6.33
5.0
9.67
0.67
0.67
8.33
1.0
0.0
1.33
8.67
-0.33
-4.67
7.0
2.0
4.0
2.0
3.67
-3.33
8.33
-6.67
5.33
8.33
4.67
3.0
6.0
9.33
2.0
15.67
2.33
0.33
4.0
1.0
6.33
1.67
4.0
8.33
2.33
6.67
7.33
4.67
4.0
0.0
4.0
1.67
6.33
4.0
2.67
5.67
-0.33
6.33
-6.67
2.67
2.67
-0.67
-0.33
4.33
7.0
2.0
-1.0
3.67
3.33
2.0
0.33
2.33
3.0
-3.0
4.67
2.33
-1.0
1.33
-4.33
5.0
5.67
0.0
1.67
-9.33
4.0
3.33
0.0
2.67
6.0
8.67
-2.67
4.0
-1.0
3.67
-3.0
2.33
-5.0
3.33
-0.33
8.0
-1.33
-1.0
8.0
0.0
8.0
5.0
2.0
5.33
9.0
6.33
4.67
-2.67
3.67
2.33
10.33
1.67
2.67
6.33
4.67
6.33
15.0
-0.33
-1.67
5.67
5.0
3.67
8.67
1.33
0.67
2.67
0.33
7.67
7.0
1.33
1.0
4.67
-3.0
-3.33
4.67
0.0
-6.33
5.0
-1.0
-4.33
0.0
9.67
2.0
-0.67
0.0
-4.33
5.0
0.67
-1.33
8.0
2.67
3.33
0.67
4.33
-1.33
-0.33
2.0
2.33
0.0
-3.33
-4.67
-1.33
7.67
9.67
11.67
3.33
-2.33
-5.33
2.0
0.0
1.0
1.33
3.67
7.67
9.33
1.0
-1.0
3.0
-1.0
-4.67
2.67
8.0
1.67
-1.0
3.33
-0.67
1.33
6.33
7.0
-0.67
0.67
3.0
0.33
3.67
-1.33
-4.67
2.0
-1.0
2.33
0.33
3.67
5.0
3.33
2.67
-4.67
4.67
4.33
1.0
2.67
5.0
-0.33
6.33
-1.67
0.33
0.33
0.33
1.33
1.0
5.33
3.33
1.67
-4.67
8.67
0.67
2.0
3.0
3.33
0.33
3.67
-2.0
1.33
1.67
3.0
-1.33
5.33
8.33
-0.33
2.0
4.33
2.33
1.33
-1.0
-2.67
-3.0
2.0
0.0
7.33
3.0
-0.67
5.33
3.0
6.67
2.67
8.67
-0.33
1.0
0.0
8.67
4.67
4.0
