0.0
-12.0
-28.0
10.0
-29.0
-8.67
7.0
-49.33
-138.67
-76.67
-11.0
-15.67
-34.33
41.33
-38.33
0.33
-16.33
-30.67
3.67
7.33
8.33
8.67
-14.67
-10.33
9.33
3.33
-17.33
-5.67
-6.33
-11.33
-1.67
-0.67
-1.0
-3.67
1.33
3.33
0.67
2.33
-1.33
-0.67
0.0
0.0
0.33
3.0
-0.33
1.0
-0.33
1.0
1.0
0.0
2.33
0.33
-0.67
0.0
0.0
-0.33
-1.0
0.67
-0.33
1.0
-1.33
0.0
0.0
-0.33
0.0
-0.33
1.0
0.67
0.67
2.67
-0.33
1.0
0.0
0.0
0.0
0.0
-0.67
-0.33
0.0
-0.33
0.0
2.0
-0.33
0.0
0.67
0.33
0.67
0.0
0.67
-0.67
-1.0
-0.67
-1.67
-1.0
0.67
-0.33
0.67
1.33
-0.33
-0.33
-1.0
0.33
0.0
-1.0
-0.67
-0.33
-2.0
3.0
3.67
0.33
-0.33
4.33
-1.33
-1.67
3.67
1.67
-1.0
3.67
0.0
0.33
1.0
2.33
-1.0
0.0
-2.33
2.33
3.67
7.33
3.33
-2.0
-1.67
1.67
-3.67
1.0
6.67
1.0
0.33
5.67
8.33
3.33
4.67
0.67
0.0
-1.33
-1.67
7.67
4.33
-6.0
8.67
-3.33
6.67
-2.33
-0.33
7.67
0.0
4.33
-1.33
1.67
-3.0
4.33
0.33
2.33
4.33
0.0
10.0
4.33
13.33
6.0
3.67
4.33
-4.33
-2.33
2.33
6.67
6.33
1.0
6.33
-2.33
-0.67
2.67
1.67
5.33
1.67
11.0
1.33
-4.33
-1.0
2.0
-1.0
5.0
0.0
-5.0
4.67
6.0
1.33
-3.33
9.67
3.67
9.67
-6.0
11.0
0.67
0.0
3.33
2.33
9.0
-1.0
4.33
3.33
-0.67
3.33
-6.0
5.33
3.33
2.33
-0.33
7.67
0.67
2.67
1.33
-6.67
-1.33
0.0
-1.33
-1.67
3.0
6.0
3.67
3.0
-0.67
-1.0
3.67
8.0
3.0
-1.33
6.67
5.0
3.67
-1.0
1.33
-1.0
15.0
6.0
2.67
4.67
5.67
5.0
4.0
0.33
1.33
3.33
-3.33
9.33
5.33
-1.33
3.33
5.0
8.33
-5.33
2.0
-1.67
-0.67
4.33
5.33
-0.67
3.33
2.67
1.0
3.67
-2.33
4.67
-5.0
-4.33
2.67
4.0
1.67
-3.33
3.0
13.67
6.67
-1.67
12.33
2.0
0.67
1.33
7.33
4.0
-0.33
5.33
7.0
5.0
10.33
4.33
1.0
-5.0
1.33
-1.33
5.67
-1.33
3.0
-1.33
5.33
4.67
2.67
-2.0
1.67
0.0
-3.67
-0.33
1.33
6.33
5.67
2.33
11.33
1.0
5.0
11.0
6.0
-0.67
8.67
-2.0
-0.33
3.33
-2.33
-3.0
1.0
-0.33
-3.67
6.67
2.33
1.67
5.67
2.0
2.33
2.67
-1.33
3.0
-2.33
-0.67
1.0
-3.67
-1.0
7.33
3.67
-2.0
2.67
7.33
1.33
4.33
2.67
4.0
-0.33
4.33
2.67
0.67
3.33
1.33
5.67
-2.33
1.67
-1.67
5.33
0.67
8.67
2.67
4.67
-7.67
7.0
13.33
1.67
0.33
-0.33
-2.33
2.0
4.67
3.33
0.0
-0.33
4.33
2.0
-3.0
2.0
4.33
-2.33
6.33
3.0
0.0
1.33
6.33
-1.0
1.67
-1.67
0.33
-3.33
7.0
6.0
0.0
3.67
-5.67
-2.33
4.0
0.33
2.67
5.33
2.33
3.33
4.0
6.0
4.0
-1.33
-0.33
-2.0
3.33
2.67
5.67
1.0
3.33
-1.67
1.67
-1.67
7.0
6.67
0.33
8.33
1.67
-2.0
-2.67
3.33
2.67
-0.33
-2.0
-3.33
1.0
1.0
1.33
10.0
3.67
2.33
-7.67
1.33
1.33
6.67
1.67
3.0
-5.67
-3.67
5.0
-0.33
8.33
-5.67
-4.67
1.33
-1.0
5.33
2.0
1.33
2.33
2.0
2.67
-3.33
0.0
-4.0
-0.67
1.33
2.33
0.67
-0.33
3.0
-1.33
1.0
2.0
1.0
0.67
-3.33
1.0
7.67
-1.33
-2.0
2.0
3.33
2.67
0.67
0.67
-1.67
4.33
-1.0
-2.0
3.33
-0.67
3.33
2.33
1.67
1.33
4.67
-3.0
3.67
-0.33
2.67
3.67
3.33
1.33
-2.67
-5.33
1.0
-1.67
-4.67
0.0
-4.0
3.33
-1.67
3.0
-0.67
-2.33
-1.33
4.0
3.33
2.67
2.67
0.0
0.0
8.0
-0.67
-1.67
0.67
0.0
4.0
-2.67
1.0
4.67
-3.33
1.0
-2.0
-2.33
-1.67
1.67
0.67
-3.33
-2.0
0.67
1.0
1.67
1.0
2.67
0.0
-0.67
1.0
3.0
-1.0
-0.33
1.0
-2.0
3.0
-3.0
6.67
0.67
1.33
0.33
0.33
-2.67
-6.0
2.67
0.33
0.0
-1.0
-1.67
1.33
-1.0
-0.33
6.0
-0.33
2.0
0.0
5.0
1.67
-1.67
-3.0
-4.33
-3.0
1.33
-0.33
0.33
-1.67
-1.0
-2.0
0.67
3.33
8.0
2.33
-0.67
0.0
-4.0
1.33
1.0
-4.67
4.0
9.0
-2.0
2.0
3.0
0.0
0.67
5.67
3.67
-2.0
3.67
3.0
-1.0
-0.33
-0.67
1.33
-0.33
2.0
-2.33
-3.33
5.67
2.0
3.67
3.0
-2.33
-1.67
-0.67
2.67
5.0
-4.33
1.0
-2.33
5.67
0.0
-2.33
-1.67
-2.0
-3.0
3.0
-1.33
-3.0
0.33
3.67
-4.67
-4.0
-1.67
-0.33
-5.0
-2.67
-2.33
-2.33
-2.0
0.67
1.0
-1.33
2.67
2.0
-2.33
-1.0
-4.33
-5.67
-3.0
-2.67
-3.33
-0.33
-4.0
-3.33
2.33
0.0
1.67
-3.67
1.0
-1.67
-3.0
-0.33
-3.0
-1.33
1.33
0.67
1.33
-5.33
0.0
-0.67
-1.0
0.67
-1.0
0.67
-0.67
-1.0
0.0
-4.33
-1.67
-2.0
-2.67
1.33
-2.0
-5.67
0.0
1.33
-4.67
2.33
-1.33
1.0
-3.67
-3.67
1.0
0.33
-8.0
-1.67
-2.33
-3.33
-3.67
-3.33
-1.33
-7.67
-3.67
-1.0
0.33
-0.33
2.67
-2.0
9.0
-1.33
-3.33
-1.67
1.0
-1.33
-6.0
3.67
-5.33
-4.33
2.33
1.0
-1.67
-3.33
2.0
-3.0
-3.67
-3.33
-3.0
-6.67
-2.67
4.0
1.0
4.67
-4.67
-4.67
-0.33
-0.67
-6.67
-4.33
1.33
2.67
-4.0
-4.0
0.67
-2.67
0.33
-7.33
-8.67
-2.0
-5.33
-6.0
-2.0
-5.33
-4.67
8.0
-5.0
0.0
-5.33
-1.0
-1.33
-3.67
-0.67
-9.0
-2.67
-5.0
-5.0
-1.67
-4.67
-6.67
2.0
-4.67
-7.67
-6.0
-8.67
2.67
-4.0
-3.33
-3.33
-3.67
-9.67
-5.0
2.67
7.67
-8.67
-0.67
-2.0
-2.0
1.33
-0.33
-3.67
0.33
4.67
-0.67
0.67
20.33
4.0
10.33
16.33
10.0
10.33
3.33
6.0
8.0
17.33
19.0
24.0
29.67
27.0
26.33
12.33
21.0
16.67
9.33
16.67
13.67
9.0
14.67
-2.67
5.0
-0.67
0.67
9.67
2.0
-2.0
-5.67
-2.67
-3.33
-1.0
-4.67
4.67
-4.33
-0.67
-0.67
-4.67
-10.33
0.0
-3.67
1.33
6.33
-3.33
-5.0
-4.33
-2.33
-3.0
4.33
-2.0
-9.0
-5.67
0.0
7.33
-3.33
-3.0
2.0
4.0
-4.67
-0.33
-0.67
5.0
-5.0
-6.0
-6.0
-6.67
2.0
1.67
-0.33
-6.33
-3.33
-2.33
2.0
-3.67
-7.67
-4.0
1.0
-10.33
-4.33
-3.33
8.0
-5.0
-6.0
-9.67
-12.33
1.33
-1.0
-8.67
0.33
-9.33
-1.67
-7.33
-7.0
1.33
-3.0
-9.67
-7.0
0.0
-5.67
-7.67
-7.67
-15.67
1.67
-1.67
-9.0
-1.67
0.67
-7.67
1.33
-5.33
-1.0
-2.33
7.33
0.33
-6.67
-2.67
-12.33
4.33
-8.67
-3.33
-1.67
-3.0
-7.0
-10.0
-1.0
-6.0
-5.67
-7.0
-2.0
-1.0
-6.67
-2.0
-11.0
2.0
-11.33
3.67
-2.67
3.33
-2.67
0.0
-13.0
-3.0
-7.67
-2.33
-8.33
-9.0
-4.33
-6.33
3.0
2.0
-9.0
-3.33
-6.67
-6.33
-3.33
-5.67
-18.33
-0.33
-5.67
-7.67
-3.33
3.0
2.33
2.67
-0.67
-3.33
-4.0
-5.67
-1.33
-6.67
-6.67
-6.0
-3.67
-1.67
1.0
-4.33
0.67
1.33
-5.0
-3.67
1.33
-4.67
-3.33
-10.33
-11.33
1.33
-8.0
-4.67
-5.33
-1.33
7.0
1.67
-8.67
13.33
-5.67
0.33
9.67
-1.0
2.0
-8.0
13.67
-4.33
-3.33
3.33
-3.0
-4.0
-6.0
-6.0
5.33
-1.0
-0.67
6.33
3.67
1.33
7.33
-0.67
0.0
-0.33
0.33
12.0
-1.0
0.67
11.33
9.67
16.33
4.33
10.33
18.67
13.33
15.33
15.0
25.0
21.67
11.0
5.67
20.0
15.33
18.33
15.67
18.33
4.33
1.33
34.67
14.0
3.0
6.0
12.0
2.33
-5.0
10.0
-1.67
5.67
3.67
-1.33
-3.0
13.0
5.0
-1.0
6.33
-1.67
4.33
4.0
1.0
8.67
-3.0
-10.33
6.33
1.0
-4.0
-4.33
-1.67
5.67
7.33
-1.67
-1.67
-1.67
12.33
7.0
2.0
2.67
-1.67
2.33
1.67
3.67
-1.0
9.0
5.0
1.33
9.67
6.0
2.67
0.0
4.0
6.67
8.67
9.33
6.67
3.67
5.0
8.0
3.33
3.33
1.33
-1.0
8.0
0.67
13.0
12.33
10.33
9.0
7.67
7.67
0.67
18.33
5.0
-2.67
15.67
4.33
10.0
10.67
7.0
9.33
-3.0
2.67
7.0
2.33
4.33
1.67
1.67
8.67
4.67
9.33
4.33
1.0
9.0
3.67
5.0
10.67
7.67
18.33
3.33
3.33
9.67
4.33
2.67
6.0
3.33
8.0
7.33
27.33
10.33
6.67
6.33
0.67
6.67
23.67
8.0
8.33
14.67
6.0
1.33
13.33
2.67
0.0
4.33
3.33
11.0
18.0
9.0
-3.0
7.0
11.0
10.67
7.67
3.33
8.0
8.33
-1.0
11.67
17.33
-2.0
23.67
-2.67
12.67
17.67
10.33
7.67
0.33
11.0
7.67
-2.33
9.67
5.33
7.67
3.67
0.0
7.0
4.0
-1.33
3.67
-2.67
12.0
5.0
-3.67
6.33
14.33
3.33
7.0
10.0
-4.0
3.67
5.0
7.67
2.33
6.0
9.33
14.33
8.0
12.33
-3.0
8.33
6.33
11.67
2.0
-5.0
3.0
3.67
3.67
3.0
-5.33
11.67
-0.67
8.67
7.67
5.67
5.67
10.33
12.0
11.67
4.67
2.33
17.0
3.67
0.33
8.33
5.0
-2.0
14.67
3.0
-1.67
0.67
13.0
5.67
-1.0
5.67
6.33
7.0
9.67
7.0
10.0
9.33
8.33
16.0
14.33
15.0
3.33
11.67
10.33
20.33
12.0
17.0
8.67
-0.67
5.33
9.67
5.0
7.67
15.33
21.0
14.33
8.33
24.0
18.67
11.33
20.0
13.0
9.67
16.33
8.0
15.67
20.0
20.0
8.33
19.67
21.33
19.67
31.0
46.0
34.33
47.67
38.33
41.33
39.0
45.33
60.67
74.0
70.33
66.0
86.0
85.33
83.0
72.33
67.33
104.67
91.67
103.67
100.33
85.0
92.0
88.67
90.33
94.33
74.67
81.67
78.33
57.33
56.33
64.0
44.33
32.33
22.67
30.0
16.0
27.67
16.33
15.33
19.33
8.67
10.33
8.33
10.67
14.33
11.33
2.67
4.67
16.0
16.33
6.67
3.67
0.67
22.0
6.67
18.33
11.0
14.33
-5.33
11.0
2.67
12.0
0.67
15.33
12.33
0.67
9.0
9.67
16.0
17.33
20.67
9.0
12.0
8.0
5.0
8.67
7.33
7.33
11.0
2.67
5.0
3.33
11.33
0.0
18.67
3.67
1.0
7.67
5.0
7.67
2.33
4.67
10.33
14.33
10.67
12.33
5.33
12.33
12.33
4.33
7.0
15.0
13.33
-3.33
8.0
10.67
12.67
8.67
10.33
4.33
9.33
12.0
8.0
19.33
11.33
7.0
-0.33
9.67
4.33
5.0
0.67
11.0
3.67
15.33
9.33
13.0
10.33
9.67
15.33
9.67
18.67
14.0
14.33
13.0
-0.67
7.33
5.67
5.0
10.0
8.33
4.0
-3.67
15.33
1.67
10.67
19.0
5.67
5.0
8.67
1.33
4.67
6.0
9.67
12.67
14.67
8.67
15.0
6.0
7.33
14.0
10.33
9.33
15.0
8.33
1.67
9.0
9.33
5.33
5.0
5.33
10.67
0.33
3.33
12.33
2.33
5.0
11.67
3.67
21.33
-1.0
4.33
12.67
22.67
7.0
5.67
10.33
15.67
-0.33
6.33
6.0
0.33
14.33
2.67
7.33
7.0
5.67
0.0
14.33
3.67
7.0
21.33
23.0
18.0
8.0
11.0
13.33
10.33
31.33
25.33
21.0
13.0
28.33
19.67
13.33
37.0
26.0
44.33
33.67
22.33
40.33
46.67
15.67
31.67
24.0
25.67
22.67
17.33
35.33
32.0
39.33
3.0
16.67
9.33
26.33
8.67
17.0
7.0
23.33
6.0
11.33
18.67
1.33
7.33
15.0
15.33
16.0
15.67
7.33
11.0
12.67
13.67
13.67
15.33
2.67
4.33
11.67
13.67
9.33
10.0
-0.67
16.33
8.67
1.33
9.0
19.0
-6.33
6.67
8.33
4.0
-8.33
1.67
5.67
6.67
17.33
11.67
11.0
9.67
8.0
-3.67
7.33
1.0
6.33
3.67
2.33
15.0
7.67
6.33
11.33
3.0
15.33
-4.67
-5.33
10.0
16.0
8.0
11.67
16.0
3.0
9.0
16.0
18.33
5.67
9.67
12.67
9.33
5.33
10.67
20.0
10.0
-1.0
2.33
5.33
13.67
4.67
0.0
21.0
17.0
-3.33
1.67
5.0
6.33
5.0
1.67
4.33
5.33
6.0
-0.33
0.33
6.33
16.33
-1.0
9.33
-9.0
2.33
7.0
-2.33
12.67
-9.33
2.67
8.0
-0.33
8.33
-1.0
4.67
-4.33
-4.33
4.0
-4.0
7.33
-0.33
12.0
5.33
-4.0
10.0
4.67
5.33
8.0
-6.0
1.33
3.0
4.33
-1.0
1.67
3.67
9.67
6.33
10.0
3.0
-2.0
8.33
-12.33
3.67
13.33
1.33
5.33
7.33
-0.33
9.0
6.67
10.33
7.33
7.67
2.67
5.0
-1.0
7.67
-1.67
2.0
-4.67
-3.67
13.33
2.33
2.67
6.0
13.0
9.67
-3.33
6.33
6.0
-3.67
4.33
4.33
3.67
-0.33
-2.67
11.33
5.67
0.0
-4.67
5.33
6.0
4.0
22.67
7.0
-1.0
8.33
-3.67
5.67
10.67
2.0
-3.33
1.33
2.0
0.33
6.67
11.33
12.33
-5.33
13.0
2.0
9.33
0.67
-4.0
2.33
2.67
9.67
2.0
3.67
4.67
2.0
0.67
-5.67
10.67
-1.33
6.67
11.0
10.0
6.67
14.67
3.33
9.33
11.0
11.67
11.67
0.0
6.33
9.33
-1.0
-1.67
2.0
-7.0
4.67
0.33
4.0
10.67
1.0
2.0
-2.33
-1.0
1.33
4.67
4.33
2.33
2.0
3.67
1.67
7.0
2.67
0.33
6.67
1.67
-2.67
-3.0
4.67
12.33
-1.0
-6.33
5.33
-6.0
-2.0
7.0
-1.0
4.0
-0.67
10.0
1.67
4.67
0.67
-2.67
4.0
6.0
-4.67
3.67
-0.33
0.33
10.0
3.0
11.0
6.0
3.67
6.67
1.33
4.33
2.33
-7.67
4.67
5.0
8.0
5.33
3.0
1.67
0.33
0.33
4.0
-1.0
0.33
13.67
6.0
7.33
9.33
-0.33
9.33
-1.33
-5.0
-2.0
-1.0
-3.33
5.33
7.0
2.67
4.67
3.67
3.33
7.33
6.67
5.67
-0.67
-3.33
5.33
0.0
6.0
9.0
3.67
3.33
8.0
-0.67
-3.67
2.0
-1.0
-5.33
3.33
0.0
0.33
5.67
8.0
-0.33
-2.0
10.67
-3.33
8.0
5.33
12.0
-1.33
3.0
8.67
1.33
9.0
1.0
2.67
-4.0
7.33
-2.0
5.33
1.67
0.0
-5.33
2.0
11.0
1.0
3.0
4.0
14.0
6.33
10.0
3.33
3.67
-2.67
3.67
2.33
1.33
11.67
1.67
6.33
7.67
6.33
9.0
2.67
6.33
0.67
4.0
0.67
5.67
10.33
2.67
12.67
-0.67
5.67
2.0
1.33
-4.0
0.67
9.0
1.67
-0.33
0.0
-4.33
5.0
2.0
3.67
0.0
8.67
-1.0
7.33
-1.0
9.67
6.0
0.67
1.67
7.0
-4.33
0.33
2.67
1.33
-1.33
-1.33
5.0
-1.67
1.0
3.67
-4.67
-3.33
2.67
9.67
3.67
11.33
6.67
6.67
-1.0
0.0
3.0
9.33
0.67
6.67
7.33
2.0
9.0
0.0
3.0
3.33
0.67
2.0
3.67
-1.0
-4.67
0.33
3.33
-0.67
7.0
-1.67
3.67
9.0
0.33
2.67
2.67
3.33
-2.0
-4.0
0.33
0.33
-1.33
2.0
0.33
-0.33
3.33
6.67
0.33
-1.0
2.67
5.0
-5.33
4.33
7.33
-1.67
-0.67
-1.67
6.33
7.0
3.33
-0.67
0.67
2.33
3.67
-1.33
2.0
3.0
2.33
5.33
1.67
-1.0
2.33
5.67
-1.0
-1.33
0.33
4.33
-2.33
-4.0
-3.67
-0.67
3.33
-2.0
-2.67
-4.0
-3.0
-4.0
4.33
4.0
-0.67
0.33
3.0
4.67
3.67
0.67
2.67
-2.0
-1.0
-1.33
-0.33
4.0
