0.0
-42.0
-26.0
40.0
28.0
8.33
95.0
89.67
43.33
36.33
28.0
4.33
55.67
14.33
-27.33
5.33
43.67
17.33
27.67
-6.67
1.33
-19.33
0.33
17.67
27.33
-10.67
-9.33
1.33
4.67
-7.33
1.33
-2.67
7.0
-3.67
2.33
4.33
3.67
-1.67
-1.33
-0.67
1.0
3.0
0.33
0.0
0.67
-1.0
0.67
0.0
0.0
0.0
-0.67
0.33
0.33
0.0
0.0
-0.33
-1.0
-0.33
-0.33
0.0
-1.33
0.0
1.0
-0.33
0.0
1.67
1.0
-0.33
-0.33
0.67
-0.33
1.0
1.0
0.0
0.0
0.0
-0.67
0.67
0.0
-0.33
0.0
1.0
0.67
0.0
0.67
1.33
-0.33
1.0
-0.33
-0.67
-1.0
0.33
-1.67
-1.0
-0.33
-0.33
0.67
-0.67
-0.33
-0.33
1.0
-1.67
-1.0
0.0
-0.67
-3.33
0.0
2.0
2.67
1.33
0.67
1.33
3.67
-1.67
-2.33
-0.33
3.0
-0.33
0.0
-1.67
3.0
5.33
-1.0
1.0
0.67
7.33
-1.33
6.33
-0.67
-1.0
3.33
-4.33
3.33
-1.0
5.67
2.0
-1.67
-0.33
2.33
6.33
4.67
2.67
-2.0
0.67
4.33
0.67
2.33
3.0
-0.33
-1.33
5.67
1.67
-1.33
3.67
9.0
10.33
-1.33
1.67
-2.0
9.33
-2.67
-0.67
0.33
3.0
4.0
3.33
-0.67
7.0
5.67
-0.67
0.67
3.67
3.33
-1.33
3.33
-1.0
-1.67
2.67
6.33
-2.33
0.67
2.33
0.67
3.0
1.33
-5.33
13.0
15.0
6.0
0.0
-3.0
-3.0
-1.33
3.0
10.33
3.67
8.67
3.67
10.67
1.0
3.0
1.67
2.0
2.33
1.33
-2.0
-6.0
4.33
2.33
1.33
-1.67
-1.0
-2.67
-0.67
-1.67
6.67
4.67
2.67
-1.33
1.33
-0.67
1.67
2.0
3.67
4.33
5.0
7.0
6.67
6.0
8.33
0.0
1.67
4.0
5.0
7.67
-3.33
6.0
-3.33
-7.0
5.33
5.0
4.0
3.0
-2.33
-0.33
3.67
-1.0
12.0
3.33
-4.67
5.33
-2.33
7.33
9.33
2.67
0.33
3.0
-0.67
-2.33
0.0
5.33
0.33
-0.67
5.33
-0.67
2.33
-1.33
6.0
1.67
3.67
3.67
-2.0
1.67
5.67
8.0
-1.33
-0.33
7.0
0.67
-0.33
2.33
5.33
4.0
7.67
4.33
-0.67
6.0
-0.33
5.33
5.0
6.0
-0.67
10.33
7.0
-5.0
7.33
-0.33
2.67
9.67
7.0
-2.33
3.33
4.67
-3.33
2.0
6.67
6.0
-0.67
-2.33
8.33
4.33
3.67
-0.67
10.33
4.0
5.0
-5.0
3.0
-2.67
1.67
6.0
-1.33
2.33
0.67
-1.0
3.0
8.67
4.33
1.67
-3.67
1.67
-2.33
3.0
4.33
1.67
-6.33
0.0
-2.33
2.33
5.0
-1.67
0.0
9.33
-0.33
9.0
1.67
0.33
1.33
6.33
0.67
6.0
2.67
3.33
0.67
-2.33
-2.67
4.33
0.67
-1.33
3.67
-3.67
2.33
3.67
1.67
-2.33
0.67
-1.67
3.0
6.33
3.67
2.33
1.67
0.67
2.0
11.67
3.33
6.0
-2.33
3.33
-2.0
-2.0
4.0
2.33
-0.33
7.33
0.0
1.0
4.33
3.33
-2.0
-0.33
2.33
2.33
-0.33
4.0
-1.0
0.0
-0.33
4.33
-0.33
4.0
1.33
3.67
8.33
-0.67
5.33
0.0
6.0
7.0
-7.33
-0.33
2.0
6.33
1.67
8.67
0.0
7.33
8.33
7.67
3.33
2.0
9.67
0.33
0.33
0.67
1.0
3.33
5.33
5.67
1.67
8.0
-0.33
-1.0
-1.0
8.33
3.0
0.67
0.33
0.33
3.33
-1.67
1.67
-5.33
0.0
1.33
1.33
2.0
3.67
-0.67
-1.67
3.33
2.33
-4.0
4.33
0.0
5.33
5.33
7.0
5.67
3.67
3.0
0.0
1.33
1.33
2.33
4.67
4.67
-2.0
5.67
4.0
1.0
1.0
6.67
-1.33
2.0
4.67
1.67
-1.0
2.0
6.33
-1.33
3.67
8.67
-1.67
4.33
0.0
-2.0
-4.67
-2.67
2.33
3.33
-2.33
2.33
7.67
2.0
2.67
-4.33
-1.33
1.67
0.33
1.33
-0.67
1.67
4.0
0.33
-7.67
4.0
0.0
1.33
-0.67
-1.0
0.33
-0.33
0.67
5.0
0.33
-0.33
-2.33
0.0
2.0
4.0
-0.67
0.33
6.67
-1.0
1.0
2.33
-3.0
-0.33
0.67
0.0
0.0
3.67
5.33
-0.33
8.67
0.67
1.0
7.67
0.0
2.67
2.0
5.67
2.0
0.33
-5.0
0.0
2.0
-1.33
1.0
-1.0
0.0
-1.0
-2.33
-2.33
-3.67
3.33
-2.67
1.33
0.0
-3.33
-0.67
3.0
-4.0
-1.67
1.33
2.0
2.67
3.0
4.67
-2.0
0.0
3.0
0.67
6.33
-3.0
-5.33
-4.0
-1.67
1.67
-3.67
-1.67
1.0
5.0
2.67
2.33
-2.0
-0.67
-1.67
-2.0
-1.0
-0.67
-2.0
-1.67
-4.0
1.0
0.0
2.0
6.0
1.0
-5.33
-1.33
0.67
4.0
-2.33
-1.0
-2.0
-4.33
1.33
0.33
-1.33
4.0
1.67
-2.33
4.67
0.0
-3.33
4.0
0.67
-0.67
1.33
-1.33
-1.0
4.67
1.0
-2.33
0.67
2.0
4.67
-1.67
-3.0
-3.0
4.0
-0.33
0.0
1.33
-0.33
-4.67
-3.0
-4.67
1.67
1.0
2.33
0.67
-1.33
0.0
-1.33
-3.0
4.67
-1.33
1.0
0.67
-1.0
-0.33
-0.67
-7.0
2.33
-4.33
-1.33
3.0
-2.33
-3.67
-1.0
-3.33
2.33
3.0
-0.67
2.0
-1.33
-3.0
1.67
-4.67
-5.33
0.33
-5.33
2.0
-2.67
2.0
-2.33
-3.0
4.67
-4.67
-4.0
5.0
-0.33
-1.67
3.0
0.33
-5.67
-6.0
-2.67
-6.0
-0.67
-6.67
-5.67
-1.33
1.0
-0.67
2.33
0.0
-2.67
-7.0
-1.67
-2.33
-0.33
7.33
1.67
-2.33
-7.67
-5.67
-5.0
3.33
-3.33
-1.33
-1.0
3.0
-0.33
0.67
-4.67
-6.0
-4.33
-3.0
-1.33
-0.33
-1.33
-1.67
2.0
1.33
-0.33
-4.0
-6.0
-6.67
0.67
-4.0
-0.67
-9.67
0.0
2.0
-1.33
-6.67
-0.67
-2.33
-1.67
-3.67
-6.33
-1.67
-7.33
-2.0
2.0
-6.33
-3.67
-1.67
-10.33
-6.67
-2.0
2.67
-6.0
-9.0
-6.33
0.33
-3.0
-3.0
-3.0
-4.33
-9.0
-7.33
-7.67
-4.67
-5.0
-4.67
-3.0
-5.0
-6.67
-3.67
-3.67
-3.0
-1.67
-4.67
-4.0
-12.67
0.67
-6.0
1.67
1.67
-3.67
-0.67
-4.0
-1.33
-0.33
3.33
5.33
-6.0
-10.0
4.33
-2.33
14.33
0.33
1.67
7.33
3.67
6.33
9.0
6.33
11.33
2.0
14.33
11.33
16.0
18.0
13.33
25.0
12.0
10.67
16.0
24.33
25.33
18.0
6.67
13.33
11.67
8.67
17.0
15.67
2.33
1.0
-3.67
-0.33
9.67
2.0
-4.0
1.33
-2.67
-0.33
-1.0
-7.67
-2.33
-3.33
-0.67
-9.67
-5.67
0.67
2.0
-5.67
-4.67
3.33
-6.33
-2.0
-0.33
-6.33
-1.0
-7.67
-2.0
0.0
-3.67
-5.0
0.33
1.67
-9.0
-3.0
10.0
-4.67
-0.33
-4.67
1.0
-5.0
2.0
-6.0
-0.67
-6.0
-0.33
0.67
-8.33
2.67
3.67
-3.0
0.33
-8.67
-3.0
2.0
-8.33
-6.33
-6.33
0.0
-13.0
-5.0
-0.67
-4.33
0.33
7.0
-3.67
-7.67
-2.33
-3.67
-4.33
-6.0
-7.67
-8.0
-6.67
-5.0
-7.0
3.33
1.33
-5.67
-10.67
-1.33
5.33
-9.0
-3.67
4.67
-3.67
-4.67
-7.33
-1.0
3.67
13.33
-2.67
2.33
1.33
-14.33
2.33
-2.67
3.67
-5.67
1.0
-3.0
-8.0
-4.0
-2.0
1.33
-6.0
-12.0
-2.0
-1.67
-6.0
-12.0
-3.0
-3.33
-4.33
5.33
-1.67
-1.67
-3.0
-2.0
-7.0
-0.67
4.67
-1.33
-7.0
0.67
-9.33
1.0
10.0
-6.0
-3.33
-5.67
-2.33
1.67
-2.67
-12.33
2.67
-0.67
-3.67
-7.33
-9.0
-0.67
2.67
-3.67
-5.33
-3.0
0.33
5.67
-3.67
-1.67
-10.0
-0.67
3.33
-5.0
-10.33
-3.33
-3.67
-5.0
-5.67
-2.67
-5.67
-5.33
-3.33
-3.33
2.33
0.0
-1.67
-2.33
-10.33
4.0
2.67
-2.67
5.33
-4.67
2.33
6.67
0.0
2.0
-4.0
-1.33
-4.33
-0.33
3.33
-5.0
-1.0
2.0
-1.0
-4.67
-5.0
-0.67
1.33
2.67
-4.67
-5.67
8.33
-4.0
-1.33
0.33
11.0
-7.0
4.67
10.33
14.67
19.33
6.33
4.33
18.67
20.33
10.33
8.0
26.0
15.67
10.0
4.67
16.0
15.33
5.33
9.67
10.33
3.33
9.33
11.67
7.0
12.0
11.0
-1.0
-5.67
2.0
4.0
6.33
9.67
3.67
-0.33
4.0
7.0
4.0
-1.0
2.33
-2.67
1.33
0.0
6.0
2.67
0.0
0.67
-2.67
5.0
7.0
-5.33
-7.67
10.67
4.33
4.33
-7.67
6.33
2.33
-3.0
9.0
-1.33
-2.67
-2.67
7.67
10.67
-12.0
12.0
-7.0
4.33
0.67
-2.0
2.67
5.0
17.0
6.67
7.67
9.33
-0.33
2.67
8.0
-1.0
-1.67
11.33
5.33
2.0
18.0
3.67
3.0
5.33
1.33
5.0
12.67
3.67
5.67
0.33
9.0
2.33
4.67
7.33
9.0
-1.33
2.0
12.33
-2.0
2.67
6.0
10.33
0.33
2.67
8.67
12.67
1.67
8.33
7.33
14.0
1.0
7.67
1.0
10.67
-8.33
4.33
1.33
3.33
-0.33
11.33
13.67
2.0
4.33
18.0
7.33
10.33
14.33
10.67
9.33
8.67
5.67
-0.33
15.0
1.33
2.67
4.0
16.33
13.33
8.67
3.0
8.33
4.33
14.0
8.0
5.0
-4.0
6.0
3.0
5.67
8.67
1.33
5.0
7.33
9.0
18.67
9.33
12.0
8.67
0.33
16.67
5.67
8.33
7.67
4.33
9.0
0.67
6.67
2.67
3.33
4.67
6.67
7.0
19.0
6.0
5.67
3.67
4.33
9.0
-1.0
2.33
7.33
8.33
-2.67
13.0
3.0
-3.0
13.67
9.0
-0.33
1.33
5.0
9.33
10.33
4.0
9.33
6.0
2.33
3.33
7.67
16.0
3.0
6.0
10.67
10.67
6.0
6.67
3.67
15.33
9.67
2.67
4.67
1.67
6.33
13.0
6.67
13.67
2.33
12.0
3.67
4.33
12.33
9.0
0.0
8.67
5.0
1.33
9.67
8.0
-0.33
1.0
5.67
7.33
0.0
14.67
9.0
1.0
6.33
10.33
20.0
9.33
17.0
6.33
2.67
5.33
9.33
9.0
17.0
10.67
9.33
9.33
23.67
16.0
14.67
18.33
20.0
29.33
16.33
13.0
9.67
18.33
11.0
13.0
22.67
19.33
12.0
17.67
22.0
14.0
19.33
20.67
26.33
24.67
31.0
36.0
43.33
38.67
42.33
45.33
44.0
41.33
73.67
67.0
73.33
80.0
84.0
93.33
100.0
91.33
93.33
75.67
109.67
101.67
118.33
97.0
105.0
87.67
87.33
76.33
88.67
57.67
67.33
55.33
65.33
57.0
48.33
35.33
38.67
29.0
20.0
20.67
6.33
19.33
11.33
17.67
4.33
14.33
29.67
12.33
16.33
7.67
-2.33
24.0
12.33
3.67
0.67
-1.33
9.0
8.67
0.33
10.0
7.33
2.67
23.0
6.67
17.0
10.67
14.33
7.33
12.67
9.0
2.67
4.0
-4.67
5.67
8.0
2.0
5.0
11.0
1.67
1.33
-2.67
19.0
13.67
5.0
-1.67
11.33
8.0
14.67
8.67
8.0
12.67
4.0
20.67
1.33
4.67
5.33
5.33
12.67
6.33
-1.67
9.33
9.33
1.33
12.0
9.0
7.33
9.67
8.0
10.67
5.67
16.67
14.33
10.33
11.33
10.0
9.0
13.33
15.33
11.0
3.67
13.67
18.33
4.0
4.67
-6.0
13.67
5.33
12.33
12.0
15.33
9.67
9.33
6.67
1.67
5.0
15.33
16.0
8.33
-7.67
10.67
4.0
6.0
12.33
2.0
6.33
5.33
-6.33
9.67
16.0
-4.33
13.0
13.67
-2.67
4.67
-1.0
-6.33
5.67
12.67
-6.33
6.0
6.0
-5.67
1.0
1.33
5.33
5.0
9.33
4.67
7.0
3.33
0.33
0.0
6.33
7.67
7.33
9.33
11.33
5.33
11.0
4.67
15.67
14.33
2.0
8.33
2.67
11.67
1.0
-8.33
5.33
12.67
5.67
0.33
5.0
-5.67
7.33
7.67
13.33
7.0
3.67
17.0
14.33
11.67
17.0
8.33
21.0
12.0
22.0
4.0
18.33
17.33
25.33
18.33
24.0
12.0
24.33
28.67
32.33
28.0
34.0
25.33
30.67
26.33
28.33
20.67
23.67
6.67
25.0
31.67
19.67
10.33
24.33
25.0
36.33
32.0
15.67
38.33
28.33
17.67
12.0
9.0
21.33
2.0
8.33
11.67
19.33
19.33
7.0
7.33
15.0
1.67
10.33
7.0
11.67
4.67
8.67
15.33
-4.33
1.33
1.67
8.67
-2.67
1.0
17.33
1.33
8.67
11.33
11.0
14.0
-3.33
1.67
2.33
-4.0
2.67
-10.33
7.67
-1.33
16.33
12.67
13.0
3.67
2.0
0.33
3.33
-1.0
6.33
-3.33
8.33
11.0
3.67
16.33
11.33
7.0
2.33
5.33
2.67
20.0
14.0
-6.0
8.67
11.0
10.0
7.0
15.0
9.33
17.67
6.67
0.67
12.33
-8.67
14.67
3.0
11.0
17.0
4.33
17.33
15.67
0.67
0.0
8.0
6.0
-3.33
6.67
3.0
3.33
-4.0
14.67
18.33
6.33
18.0
12.67
8.33
5.33
5.33
-9.0
7.33
-10.0
13.33
12.0
6.67
-3.33
-6.33
3.67
1.0
7.67
2.33
-6.0
-6.33
-2.33
5.67
-4.0
-8.0
6.33
0.67
-1.0
8.33
0.0
3.0
16.67
4.33
2.0
-2.0
-0.67
-1.0
4.33
-2.0
-5.33
2.67
-1.33
-0.67
-2.0
3.0
0.0
3.33
2.67
-1.33
9.33
0.33
-0.67
11.33
2.67
5.0
-9.33
2.33
-3.67
0.67
1.67
1.0
3.0
13.67
-1.67
11.0
-4.67
8.33
11.33
15.33
0.67
6.0
11.0
3.67
-0.33
-2.67
-3.0
15.33
5.33
15.33
-1.33
8.67
5.33
-1.67
-3.33
0.0
2.33
1.33
11.0
2.0
5.67
3.0
-1.0
5.33
-1.67
10.67
6.67
4.0
4.67
3.33
-7.0
7.33
-3.33
5.33
1.33
4.67
13.0
0.0
5.33
2.67
10.0
0.33
4.67
5.67
6.0
1.67
-0.33
9.0
16.67
0.33
17.67
0.67
-0.33
0.0
4.0
4.67
5.67
1.33
7.33
4.0
20.67
10.67
1.0
7.33
23.33
9.0
5.33
13.0
15.0
6.67
8.33
12.0
12.67
-2.0
-3.0
-9.33
2.0
3.33
-2.33
16.33
-3.67
13.0
-0.33
-2.33
3.0
9.67
3.33
-2.33
-5.33
-2.67
8.0
11.67
3.33
4.0
-0.33
6.33
-7.0
-2.0
9.0
1.0
7.0
-4.67
20.0
11.67
4.67
7.67
-1.67
0.0
5.0
-2.67
-3.33
-3.33
1.33
5.0
0.0
0.0
2.0
0.67
-9.33
10.33
0.33
-5.67
-5.67
4.67
11.0
7.0
-0.67
2.0
9.67
7.33
-0.67
10.0
0.0
9.33
10.67
7.0
0.33
6.33
-5.33
7.33
-0.33
5.0
-6.0
9.0
-3.33
-3.67
-3.0
10.67
7.67
-6.33
-3.67
2.33
7.67
-2.33
-1.67
-4.33
2.33
2.0
2.0
4.0
2.67
6.33
5.0
11.33
-5.67
7.0
-1.0
2.67
-0.67
1.0
-3.67
2.67
4.0
4.67
1.0
2.67
-2.33
3.0
3.33
2.0
-0.33
-5.0
2.67
7.33
9.0
-8.0
3.67
-8.0
-0.67
-1.0
4.33
-1.33
5.0
0.67
-3.0
5.0
1.0
5.0
5.0
0.0
4.33
9.0
-0.67
2.67
0.33
3.67
-0.67
11.33
0.67
2.67
6.33
11.67
5.33
8.0
4.67
6.33
5.67
5.0
2.67
10.67
2.33
5.67
1.67
10.33
-1.33
10.0
5.33
-1.0
6.67
6.0
2.67
4.67
-4.0
-5.33
0.0
-2.0
-4.33
5.0
5.67
3.0
4.33
1.0
7.67
7.0
-0.33
2.67
5.0
7.67
2.33
-3.33
4.33
-2.33
1.67
2.0
-2.67
3.0
3.67
-3.67
0.67
2.67
4.67
6.67
0.33
-1.33
0.67
6.0
0.0
3.0
7.33
-0.33
0.67
2.33
0.0
-3.0
1.0
2.0
3.33
-0.33
8.0
0.67
7.0
2.33
3.33
-1.67
0.33
6.0
0.33
10.67
1.0
4.33
6.67
0.67
7.33
0.0
-3.0
4.33
-4.67
0.67
3.0
3.33
11.67
-1.67
0.67
-0.67
-1.0
5.67
-3.0
-1.33
-5.67
-1.67
-2.67
-1.67
-3.67
7.33
-2.0
3.33
-0.67
3.67
4.33
0.67
-1.33
-3.0
3.0
6.33
5.33
3.67
3.0
3.33
-2.33
13.0
3.67
4.33
4.33
-2.33
4.0
0.33
4.33
3.33
5.0
2.33
-4.0
0.0
3.0
2.33
4.0
2.33
1.33
-1.0
4.67
0.67
-3.33
4.67
-1.0
7.0
0.67
0.67
1.0
