0.0
-42.0
-42.0
56.0
58.0
73.33
50.0
29.67
-37.67
65.33
8.0
49.33
9.67
152.33
21.67
54.33
-4.33
7.33
36.67
39.33
4.33
-7.33
2.33
10.67
30.33
2.33
-25.33
12.33
2.67
0.67
-2.67
2.33
2.0
-0.67
5.33
4.33
-0.33
-0.67
0.67
-0.67
1.0
2.0
-0.67
3.0
0.67
0.0
-0.33
0.0
1.0
1.0
0.33
-0.67
-0.67
1.0
0.0
-0.33
-1.0
-0.33
-0.33
0.0
-1.33
0.0
0.0
0.67
0.0
-0.33
1.0
-0.33
-0.33
0.67
0.67
0.0
0.0
2.0
0.0
0.0
-0.67
0.67
2.0
0.67
0.0
0.0
-0.33
0.0
0.67
-0.67
1.67
0.0
-0.33
-0.67
-1.0
0.33
-1.67
-1.0
0.67
-0.33
0.67
-0.67
0.67
1.67
-2.0
0.33
1.0
0.0
-0.67
-2.33
-1.0
0.0
2.67
0.33
-0.33
-0.67
-0.33
-2.67
0.67
-2.33
-1.0
-0.33
1.0
0.33
-2.0
1.33
4.0
0.0
-2.33
3.33
0.67
1.33
0.33
2.0
2.33
5.67
3.33
0.0
-1.33
2.0
1.33
0.67
4.33
3.33
3.67
-1.33
-4.0
1.67
2.33
8.67
2.33
1.0
1.67
1.67
5.67
-3.33
1.67
2.67
7.0
5.33
7.67
2.67
-8.0
6.33
-0.67
-0.67
3.33
-1.0
7.0
6.33
3.33
-4.0
7.67
1.33
4.67
-0.33
6.33
-2.33
1.33
2.0
4.33
0.67
5.33
-1.33
-1.33
7.33
4.67
-3.0
0.33
-4.33
4.0
5.0
0.0
-1.0
-2.0
4.0
0.67
0.0
-3.67
-2.33
1.67
0.67
5.67
-3.0
4.0
8.67
-3.0
2.33
-1.67
3.0
4.0
3.33
-1.67
0.33
0.33
-2.0
1.33
0.33
3.33
-1.33
0.67
-4.33
13.67
1.33
0.33
9.67
1.0
-0.33
-1.67
-5.0
1.0
9.67
2.0
3.33
5.0
8.67
4.0
2.0
3.67
4.67
5.0
3.67
-11.0
7.33
2.0
10.0
2.0
3.67
5.67
3.67
5.0
7.0
4.33
0.33
3.33
4.67
4.33
4.33
6.67
-2.67
4.0
3.33
-9.33
9.0
-1.67
9.33
-3.67
3.33
4.33
7.33
2.67
5.0
10.67
-1.33
-0.33
-1.0
1.67
4.67
4.0
10.67
-2.33
-1.0
1.67
0.67
0.33
3.33
3.0
3.67
0.33
1.33
6.0
0.67
2.33
6.0
-1.0
2.33
14.33
4.0
-1.0
1.33
6.67
-0.33
4.67
-1.0
5.67
6.33
-0.33
7.67
1.0
3.67
4.0
-2.67
-1.33
4.33
9.33
-0.33
-1.67
6.33
0.0
3.0
0.0
-3.0
3.33
0.67
-6.0
-1.33
1.33
-0.33
2.0
1.0
8.67
-1.67
-2.33
-2.67
2.67
3.67
3.0
8.33
-0.33
1.67
-4.0
-0.33
5.33
1.0
3.33
3.0
6.33
3.67
1.0
-1.33
2.33
6.33
3.33
13.67
10.0
-2.33
2.33
5.67
0.67
0.33
-0.67
10.67
-2.33
6.67
-0.67
1.33
0.67
0.67
3.67
5.67
-4.67
4.0
2.33
1.67
3.33
1.67
0.67
-1.0
7.67
2.33
3.0
1.67
1.33
2.0
3.0
1.0
-1.67
4.67
2.33
-1.0
5.0
5.33
0.33
0.0
1.67
0.33
-1.67
1.67
3.0
-1.0
3.0
0.67
3.33
-4.33
2.0
0.33
1.67
8.33
4.33
0.33
4.0
2.0
6.0
-0.33
-3.33
4.0
0.33
5.67
9.67
10.0
4.33
5.33
6.67
0.33
7.0
6.67
1.33
-3.67
4.67
-1.0
0.33
6.33
-2.33
-3.33
3.0
0.67
-5.0
2.0
4.33
0.0
3.67
-4.67
-5.67
2.33
1.33
3.67
0.67
4.0
0.33
1.33
5.0
4.67
2.33
-0.67
-1.67
-6.67
1.0
6.33
-1.0
0.33
4.33
-2.0
4.67
-2.33
0.0
-5.0
-0.67
-1.67
2.33
4.67
1.67
-4.0
0.67
-2.0
0.0
5.0
4.67
1.67
-1.0
4.67
-0.33
5.0
2.0
4.33
1.67
0.67
0.67
-2.67
-0.67
-4.0
0.0
6.33
5.33
-1.67
3.33
2.67
7.33
2.67
1.0
-0.33
-2.33
-0.33
-2.33
3.33
-0.67
4.33
-4.33
-3.0
-5.67
-4.67
0.0
-3.0
7.33
-0.67
0.0
-5.67
-0.33
0.67
-2.0
-0.67
-2.33
2.67
3.0
2.0
2.0
2.33
-3.67
-0.33
-1.0
2.0
0.33
-1.0
1.67
1.67
4.0
-1.0
2.67
4.33
1.67
-1.33
-3.33
3.0
0.67
3.0
1.67
-1.0
2.67
-3.0
1.33
0.0
0.0
4.0
1.67
0.0
0.0
0.0
3.0
-4.33
-2.33
0.33
2.33
-0.67
-2.67
-2.0
2.67
-3.67
0.0
-1.0
2.33
0.33
4.0
-0.33
2.0
2.67
-1.0
0.0
-1.0
0.67
3.33
-1.0
-2.33
-5.0
-1.67
-2.33
-3.67
-0.67
3.0
1.0
-0.33
-2.67
0.0
4.33
-0.67
0.0
-2.0
2.33
-1.0
-2.67
-1.0
5.0
2.0
1.0
5.0
3.0
-0.33
-3.33
1.67
6.0
2.67
2.0
2.0
-0.33
-1.67
4.33
-0.33
4.0
-2.33
-2.33
0.67
3.0
0.67
4.0
-0.33
-3.67
-1.67
3.67
0.0
6.67
1.0
-1.33
-2.33
3.0
0.67
3.33
2.0
-4.0
-2.0
2.67
-1.0
4.33
-1.33
-1.67
-5.0
4.33
3.67
-2.0
-1.67
-3.33
-3.33
-1.0
-3.33
-3.0
-1.33
1.67
-5.0
4.67
-2.0
-2.33
-2.67
-1.0
-1.67
-2.33
-4.33
-3.0
-2.33
3.33
2.0
-5.33
-3.67
2.0
1.33
1.0
0.67
-3.0
-2.33
-0.67
-1.33
3.33
-6.33
1.0
-4.67
2.0
-5.33
3.0
0.67
-3.67
2.0
0.0
-5.33
-3.67
-3.0
-2.67
-2.67
-6.0
0.33
-3.0
-2.67
-0.67
-1.67
-0.33
-3.0
-1.67
1.33
6.0
1.33
-7.0
-4.67
-2.33
-3.33
2.33
0.67
-3.33
1.33
-1.67
1.0
-3.67
-0.33
1.67
-5.0
9.0
-1.33
-0.33
-4.67
5.0
-6.33
-2.0
3.67
-5.33
-7.33
1.33
1.0
-1.67
0.67
-1.0
-2.0
-3.67
-4.33
-8.0
-5.67
-5.67
0.0
-4.0
4.67
-6.67
-5.67
-5.33
-3.67
-3.67
-9.33
2.33
-4.33
-1.0
1.0
-4.33
-9.67
-1.67
-6.33
-6.67
1.0
-0.33
-8.0
-7.0
-3.33
0.33
1.0
-1.0
1.0
-1.33
-8.0
-4.33
-2.67
1.33
-5.0
-3.67
-3.0
0.0
-5.67
-0.67
-0.67
0.0
-2.67
-1.67
-4.0
-6.67
3.67
-5.0
-1.33
-0.33
-7.67
0.33
-2.0
0.67
-2.33
-4.67
-1.67
-7.0
-5.0
-8.67
-4.33
-5.67
5.33
-1.33
0.33
1.67
10.33
14.0
9.33
11.33
12.0
5.33
4.33
3.0
8.0
22.33
12.0
26.0
18.67
16.0
26.33
27.33
17.0
17.67
15.33
6.67
6.67
6.0
12.67
4.33
6.0
0.33
0.67
10.67
15.0
-4.0
-1.67
-2.67
-2.33
-4.0
-1.67
-0.33
-7.33
-2.67
-1.67
-3.67
-0.33
1.0
-4.67
2.33
-1.67
1.67
-5.0
-4.33
-4.33
-1.0
2.33
8.0
-7.0
1.33
-2.0
5.33
3.67
-3.0
-2.0
1.0
-5.67
-3.33
-2.67
-4.0
-11.0
-5.0
-2.0
2.33
-6.0
0.67
-2.33
-9.33
-0.33
-7.33
-2.0
-4.67
-8.67
1.0
-7.0
-7.33
-5.33
-6.33
-1.0
-9.0
-7.0
-9.67
-13.33
0.33
-7.0
-1.67
-2.67
-4.33
-0.67
-0.33
0.0
5.33
-3.0
-12.67
-4.0
-5.0
0.33
-5.67
-0.67
-7.67
-3.33
-3.67
-8.0
-0.67
10.67
-4.67
4.33
-1.33
-2.0
-4.33
1.33
-2.67
-9.67
-1.67
-16.33
1.33
-4.67
9.67
-2.67
0.0
-2.0
-2.0
-3.0
6.0
-1.67
-5.0
-6.0
-9.0
1.33
-6.0
-14.0
5.0
-5.33
0.67
4.33
6.33
-3.67
3.0
-11.0
-6.0
-6.67
-2.33
7.67
-15.0
6.67
-9.33
1.0
4.0
-3.0
-1.33
-5.67
-10.33
-1.33
-3.67
-4.33
-1.33
-2.67
-1.67
-8.33
7.0
3.33
4.67
2.33
3.67
-4.0
1.33
-7.33
-0.67
-3.67
-2.0
-3.67
-3.67
-3.0
-12.33
9.67
-2.67
-8.0
-5.67
3.33
-5.67
-1.33
-5.33
-10.33
-3.67
-1.0
-5.67
0.67
-3.33
4.0
-1.33
-10.67
8.33
-5.67
-3.67
-11.33
6.0
4.0
-1.0
4.67
2.67
2.67
6.33
-8.0
-1.0
-7.0
1.0
-3.67
-1.0
1.33
5.33
2.67
-8.67
1.33
-0.67
2.0
5.67
-3.67
6.0
0.0
3.67
7.33
3.67
6.33
10.33
6.33
14.67
11.33
5.33
26.0
20.0
20.67
14.0
12.67
8.0
24.33
6.33
13.67
15.33
17.33
17.33
17.67
1.0
6.0
-1.0
10.0
7.33
7.0
2.0
1.33
9.67
7.67
-8.33
-4.0
9.0
10.0
3.0
3.33
6.33
2.33
6.0
4.0
0.67
6.0
4.67
7.33
1.0
5.0
-6.33
-0.67
2.67
-2.67
4.33
-1.67
0.33
6.33
4.0
0.0
3.67
-3.67
7.33
11.67
5.67
-2.0
8.0
2.0
-2.67
4.67
2.0
2.67
3.0
11.0
12.67
0.67
5.33
1.67
10.67
2.0
1.0
1.33
11.33
6.33
-1.0
9.0
7.67
5.0
8.33
7.33
2.0
8.67
-4.33
9.67
7.33
6.0
1.33
7.67
5.33
2.0
-3.33
7.0
13.33
3.0
2.67
2.0
6.33
-4.67
0.67
11.67
8.67
0.67
4.33
6.33
2.0
15.0
7.67
4.0
19.67
6.67
11.33
2.33
11.33
-4.33
21.33
5.67
5.0
6.33
16.0
16.33
11.33
12.33
11.67
9.33
12.67
-0.33
10.67
7.0
7.33
6.67
9.0
12.33
7.33
3.67
7.0
6.33
0.33
3.0
5.0
3.0
-10.0
13.0
5.0
8.67
4.67
6.33
13.0
15.33
15.0
16.67
9.33
-7.0
20.67
18.33
5.67
6.67
12.33
0.67
3.33
13.0
0.67
0.67
3.67
10.33
6.67
11.67
12.0
8.0
0.0
3.67
13.67
1.33
7.0
0.0
3.33
0.33
8.33
10.33
13.0
7.0
0.0
11.67
9.0
-1.33
2.33
5.0
17.33
16.33
8.0
10.33
10.0
6.33
4.33
10.67
14.0
-2.0
7.0
11.67
6.67
1.0
1.67
17.67
6.33
0.67
4.67
7.67
5.67
10.33
9.0
-0.33
5.67
2.33
5.0
4.67
-1.67
12.33
5.0
-2.0
9.67
9.0
2.33
7.67
-1.0
-4.33
10.0
-2.33
20.33
7.0
8.67
7.0
5.0
1.33
12.33
14.0
12.33
13.0
-3.67
10.67
10.33
6.33
14.0
12.0
5.67
13.33
15.33
12.67
12.0
5.67
11.33
18.0
24.33
-2.67
20.0
16.67
15.33
19.0
16.0
22.67
17.33
14.0
25.67
27.0
13.0
31.33
22.67
22.33
37.67
26.0
32.0
36.33
61.67
42.33
49.33
55.0
61.33
64.67
67.0
81.33
98.0
78.0
102.33
94.0
76.33
91.33
88.67
83.67
97.67
91.33
97.0
84.0
88.67
98.33
102.33
92.67
72.67
55.33
68.33
58.33
50.0
39.33
30.33
35.67
35.0
28.0
28.67
28.33
7.33
20.33
19.67
8.33
8.33
19.67
4.33
4.33
14.67
-0.33
25.0
11.33
20.67
3.67
18.67
10.0
13.67
4.33
8.0
15.33
9.67
8.0
10.67
16.0
4.67
20.33
5.33
0.67
8.0
8.67
13.0
19.33
5.67
12.0
9.0
17.0
8.0
3.67
-1.67
7.33
18.0
2.67
13.0
16.33
10.33
5.0
13.67
2.67
12.0
5.67
5.0
10.67
12.33
2.67
11.33
7.33
-4.33
6.33
5.33
9.33
6.33
1.33
8.0
23.0
6.33
15.67
-2.0
16.67
3.67
4.67
7.33
11.33
5.33
12.0
11.0
10.33
6.33
7.0
4.67
4.67
2.33
0.0
12.67
10.0
-7.33
9.33
3.33
14.0
11.33
12.67
8.33
0.67
6.67
8.0
7.33
7.0
4.33
9.33
17.67
0.0
8.0
7.33
19.0
10.33
16.33
13.67
11.67
-2.0
3.67
9.0
-7.33
0.33
13.67
5.0
12.67
11.67
10.67
-2.33
13.0
2.0
3.33
9.0
10.33
9.33
20.0
17.33
20.67
2.0
1.33
-4.67
4.0
3.33
10.67
5.33
4.33
6.33
-0.67
10.0
8.67
14.67
13.33
15.0
-6.67
3.67
5.67
9.0
-0.33
5.33
11.67
-2.33
8.33
11.0
0.33
0.33
2.67
-2.67
7.0
7.67
17.0
12.33
7.67
4.0
14.33
18.0
14.0
13.0
8.0
26.33
8.33
27.33
13.33
19.0
24.0
29.33
23.67
22.33
17.0
25.0
35.33
39.67
32.33
26.33
34.67
30.67
14.67
16.0
34.67
47.67
21.33
22.33
25.0
35.33
25.0
24.67
27.33
21.33
20.67
23.0
6.0
23.33
14.0
22.33
13.67
18.33
12.33
-3.0
-0.67
2.0
3.67
8.33
-12.0
15.67
10.67
3.67
18.33
5.67
5.33
4.67
7.67
5.33
6.0
9.33
0.33
20.67
10.33
9.0
13.0
2.67
5.67
-5.67
2.0
5.67
10.67
-1.33
-1.33
9.33
3.67
9.0
12.67
20.0
7.33
-1.67
-6.0
14.33
12.67
2.33
9.0
3.67
14.33
15.33
12.0
11.33
0.33
0.67
12.0
14.0
1.0
13.67
20.0
0.0
14.0
14.0
10.33
0.67
19.67
8.67
9.33
14.33
12.67
19.0
16.0
7.0
12.33
5.33
3.67
2.67
11.0
6.0
0.0
-6.33
-0.33
17.0
2.33
8.0
11.67
-1.67
8.33
4.0
10.67
2.33
9.33
2.33
0.0
8.33
-1.0
-3.67
9.0
-6.33
14.67
-6.33
5.67
0.0
-1.33
-6.67
14.0
-3.33
-6.33
6.67
3.0
9.0
-2.67
-3.33
8.0
0.33
2.0
2.0
15.67
8.33
-1.0
-1.0
6.33
-6.0
-7.67
3.0
-8.33
-0.33
-2.33
2.33
0.0
-4.0
-1.0
-4.67
-1.33
-4.33
9.33
-12.67
7.33
5.33
3.67
3.0
-2.33
1.33
-1.67
0.67
2.67
-2.0
-3.0
1.67
0.33
-4.0
5.33
-0.67
3.33
8.33
-1.33
14.0
0.0
4.67
-3.33
3.33
-13.0
5.33
2.33
-1.67
-9.33
0.67
2.33
3.33
5.67
-5.0
-4.67
9.33
3.0
3.0
7.67
1.0
8.0
5.33
-3.67
4.67
9.67
5.0
0.67
2.33
8.0
7.33
8.67
14.33
10.33
6.67
12.0
-1.0
0.33
5.67
5.0
12.33
-4.33
10.67
4.0
2.67
-1.33
2.0
8.67
4.33
3.67
-1.33
-2.33
11.0
5.0
6.67
8.67
3.33
6.33
15.0
6.67
14.67
-3.0
-2.67
5.33
-2.0
0.33
6.0
8.0
0.67
1.33
7.0
8.67
6.0
-4.0
-3.33
11.0
8.33
6.67
3.33
-1.67
6.0
3.67
12.67
7.0
3.67
-0.67
-4.33
0.67
-2.67
7.0
6.67
-2.67
7.0
0.67
10.33
-2.0
1.0
4.0
9.0
-3.0
4.33
0.0
-0.33
-3.33
9.67
5.33
3.0
0.0
3.33
-0.33
-1.33
2.33
2.0
-5.0
1.0
-5.0
3.67
4.67
3.33
0.33
3.33
4.33
5.67
3.0
-3.0
-0.67
2.0
5.67
9.33
-6.67
0.0
-1.0
9.33
7.67
5.0
7.33
13.33
0.67
0.33
8.67
1.0
-2.0
16.0
-0.33
8.33
0.0
-1.33
5.67
2.67
-1.67
6.33
5.67
8.67
-0.67
-3.33
-0.67
-6.0
3.0
10.0
-0.33
10.33
10.0
4.33
-1.67
5.0
2.0
5.67
-5.67
15.0
-0.67
2.67
-1.0
1.67
6.0
2.67
-2.33
2.0
3.33
4.0
4.67
-2.0
5.67
6.33
6.0
-6.0
-0.33
-5.0
0.33
4.0
-6.67
-3.33
-2.0
2.67
3.0
-5.0
1.0
4.0
3.0
-1.0
11.33
6.0
5.33
12.67
-2.67
4.67
1.33
0.33
1.67
-6.33
1.33
2.67
8.33
17.0
-1.33
4.33
4.67
10.0
-2.33
3.67
6.33
1.67
9.67
4.33
6.67
1.0
2.33
1.0
3.67
5.0
7.67
3.67
6.0
-0.33
4.0
-3.0
7.67
-2.0
4.67
1.0
5.33
-2.0
3.67
-4.0
0.67
2.67
5.0
-2.33
-0.67
2.67
5.33
5.67
-2.33
0.0
1.33
1.0
-2.33
-3.67
4.67
-1.33
1.67
8.67
5.33
-0.33
-4.33
-4.0
-1.0
-4.0
6.33
-0.33
5.67
0.33
-4.0
-4.0
-4.0
1.0
8.33
-4.33
-1.0
-0.33
6.0
-3.67
3.33
-2.67
4.33
3.0
2.33
4.67
2.0
-1.67
1.67
-5.33
0.33
4.0
1.0
2.33
2.33
-5.33
3.0
2.33
-4.33
-2.67
5.67
-5.67
2.0
4.67
5.0
0.67
-0.67
8.33
-2.67
-1.67
-0.67
1.33
-2.0
-2.67
2.33
-3.33
-1.67
2.67
-3.33
3.0
3.0
1.33
0.33
0.67
0.0
-3.67
5.67
2.0
-5.33
3.33
9.33
6.67
0.0
3.33
1.33
0.33
-2.0
-0.67
-7.0
-4.0
1.0
3.33
-2.0
0.33
-2.67
5.0
3.67
-0.33
2.67
-2.33
2.0
-2.0
-0.33
1.67
3.0
