0.0
-41.0
-20.0
40.0
17.0
-15.67
-14.0
-41.33
-55.67
-64.67
-57.0
30.33
31.67
-42.67
-29.33
-12.67
18.67
-8.67
4.67
-4.67
6.33
-22.33
-22.67
17.67
15.33
-4.67
-20.33
-3.67
-2.33
-8.33
10.33
-7.67
5.0
-2.67
5.33
1.33
-0.33
-1.67
0.67
1.33
1.0
1.0
0.33
0.0
-0.33
-1.0
-0.33
0.0
1.0
1.0
-0.67
-0.67
-0.67
1.0
0.0
-0.33
1.0
0.67
0.67
0.0
-1.33
1.0
0.0
-0.33
1.0
-0.33
0.0
-0.33
0.67
-0.33
-0.33
0.0
1.0
0.0
0.0
0.0
0.33
0.67
0.0
0.67
0.0
0.0
-0.33
0.0
-0.33
0.33
0.67
0.0
0.67
0.33
-1.0
-0.67
-1.67
-1.0
1.67
-0.33
0.67
-0.67
-0.33
0.67
-2.0
0.33
1.0
-1.0
3.33
1.67
0.0
0.0
-0.33
1.33
0.67
-0.67
-0.33
-0.67
-0.33
2.67
-3.0
-0.33
1.0
0.33
-2.0
8.33
-4.0
1.0
-1.33
3.33
0.67
6.33
1.33
-4.0
3.33
3.67
-0.67
1.0
4.67
9.0
3.33
4.67
3.33
9.33
5.67
7.67
6.0
3.67
-5.67
10.67
0.33
5.0
5.67
2.67
2.67
1.67
2.67
-0.33
-1.0
5.33
-4.33
1.67
-1.0
2.33
3.33
-1.67
-2.67
4.0
-2.0
1.33
8.33
2.0
5.67
4.33
1.67
-1.33
4.33
3.67
-3.67
2.0
1.33
-3.33
4.33
-3.33
6.67
6.33
4.67
3.0
1.33
0.67
7.0
8.0
0.0
-4.0
2.0
5.0
-1.33
0.0
7.33
-2.33
6.67
-1.33
8.67
-2.0
8.0
6.67
7.0
11.33
-1.67
2.0
-7.0
2.33
-1.67
-6.67
-4.67
-3.0
6.33
2.33
2.33
5.67
2.67
-0.33
3.67
1.33
2.33
0.67
1.0
-1.33
0.33
6.0
-3.0
2.67
-2.0
-0.67
2.0
0.67
-1.0
6.0
0.67
7.67
6.0
-1.33
-8.0
2.33
2.0
7.0
2.0
-2.33
10.67
3.67
9.0
8.0
3.33
-3.67
5.33
6.67
3.33
9.33
-2.33
-2.67
-1.0
0.33
-0.33
0.0
2.33
2.33
-1.67
0.33
-2.67
3.33
-1.33
-3.0
-1.33
0.67
-0.33
5.0
3.67
-1.33
6.0
5.67
5.67
1.0
-0.33
6.67
2.33
2.33
1.0
5.67
-1.67
-1.67
2.0
3.67
3.33
5.0
8.0
8.33
7.33
-1.0
2.0
-2.67
6.67
6.67
5.67
1.0
-5.33
7.33
-1.33
-0.33
-8.0
3.67
-4.0
-4.67
2.67
1.33
5.33
5.67
5.33
1.33
6.0
1.0
-1.0
2.0
-4.67
6.67
-3.0
-3.33
3.33
1.67
0.0
4.0
3.67
6.33
4.67
4.33
-1.33
10.67
6.0
-0.67
-0.33
-4.33
6.0
5.67
-3.67
3.0
1.33
6.0
0.33
-3.33
-1.0
0.67
0.33
9.33
3.33
1.67
5.0
-2.33
0.33
5.67
8.67
1.33
1.33
3.67
-0.33
8.67
-5.67
2.33
-1.33
-0.33
-1.33
5.67
1.33
8.0
3.33
4.67
4.33
-0.33
2.67
-3.0
5.67
1.33
2.0
-0.33
2.33
0.0
-2.0
1.0
-0.67
-0.33
5.33
6.0
5.0
5.33
0.33
3.0
-7.33
1.33
0.33
-3.33
5.0
3.0
2.0
6.67
0.33
4.67
10.0
0.33
-0.33
4.33
-0.67
4.33
4.0
1.0
4.0
-2.33
1.67
0.0
3.33
2.67
2.67
2.0
11.33
7.33
2.67
-3.67
0.0
0.67
0.33
4.33
-1.33
-1.0
9.33
3.33
-1.33
-1.33
3.0
1.67
1.0
0.0
2.33
4.0
-1.33
0.33
-7.67
7.33
4.33
2.67
-3.33
1.0
4.33
-2.67
-1.0
-0.33
3.33
-3.67
4.33
-0.67
1.0
10.33
2.0
-0.67
3.33
-1.0
5.67
2.67
1.0
3.0
-3.67
1.33
-0.67
2.67
-0.33
3.0
4.67
4.0
-1.0
2.0
-0.33
1.67
4.0
3.67
-2.33
4.0
-3.0
3.33
-1.33
0.67
-0.33
-1.67
0.33
-2.0
3.0
-2.67
1.33
1.33
-3.67
4.67
4.33
3.67
4.0
1.67
-0.33
2.67
0.67
0.33
-2.67
-4.67
-1.33
2.0
-5.67
-3.67
-2.0
-2.0
-0.67
-0.67
3.0
-1.67
-0.33
-1.33
1.0
-2.67
0.67
-2.33
3.0
-2.0
5.0
3.33
-2.67
-1.33
-1.0
1.0
3.33
-1.0
-0.33
-1.33
6.0
5.0
3.67
2.33
-2.33
0.67
-2.33
0.0
2.67
6.0
4.67
-1.0
0.67
-2.0
-0.67
1.0
1.0
-1.0
-1.33
-4.0
-2.0
2.0
4.0
4.67
-1.33
-1.67
1.33
-1.67
1.33
-4.0
1.67
-0.67
-2.0
-1.0
-3.67
-2.67
3.0
-1.33
1.0
1.67
-1.0
-1.0
0.0
3.67
4.33
0.0
-2.33
0.0
-3.67
0.67
-2.67
2.33
3.0
5.0
-2.33
4.33
0.0
-1.67
-1.67
3.0
3.0
3.33
0.0
0.33
-3.0
3.0
1.0
0.0
4.0
-1.0
-4.33
3.67
1.67
0.0
3.67
-3.0
2.0
1.67
1.33
0.33
4.67
3.0
0.67
-4.33
0.67
1.0
-0.33
0.0
-0.33
-0.67
1.33
3.67
3.0
3.67
-1.0
0.67
0.67
-2.0
-4.33
3.33
2.0
-2.0
-2.0
0.67
-3.0
3.33
-1.33
-0.67
-4.0
-4.67
-0.33
2.0
2.33
-3.33
-2.33
-5.0
5.67
2.0
1.67
0.67
-4.0
-3.33
1.0
1.67
-3.67
0.0
3.33
-2.33
-0.33
0.0
-0.33
-1.67
-5.0
-4.33
1.33
-1.0
-1.67
-3.0
-2.33
-1.0
-0.33
-2.67
-2.33
6.33
-5.33
8.0
-1.67
-2.0
1.67
0.0
2.67
1.33
-1.0
1.0
-0.33
-3.67
-5.0
-2.67
0.33
-9.0
0.33
-1.0
0.33
-2.67
-2.67
-1.33
7.0
2.33
-4.67
-5.0
-2.67
-4.0
-6.67
-2.33
-6.33
0.33
0.67
-3.33
-6.67
-6.67
-3.0
-3.67
-5.33
2.67
-5.0
8.0
-2.33
-3.33
-0.67
-3.0
-2.33
1.0
3.67
-0.33
-8.33
-0.67
-1.0
-6.67
-2.33
-1.0
0.0
-0.67
-3.33
-6.0
-4.67
-9.67
-1.0
4.0
5.67
-4.67
-1.67
-3.33
0.33
-5.67
-7.33
0.33
-0.33
-2.0
-5.0
-5.33
-3.67
-3.67
-3.33
-6.67
-6.0
2.67
-10.0
-10.0
1.67
1.33
-1.0
3.0
-2.0
-5.33
0.0
-9.33
-4.67
-5.67
-5.0
-3.67
-1.0
0.0
-3.67
-7.67
-0.67
-2.0
-1.67
-3.67
-2.0
-5.67
2.67
-5.0
-6.33
-9.33
-6.67
-7.67
-1.0
2.67
-0.33
7.33
0.33
2.0
-1.0
-2.67
1.67
1.33
-2.67
-4.33
2.33
1.67
4.33
4.0
10.33
22.33
12.0
11.33
14.33
9.0
3.0
23.33
26.0
25.0
22.67
17.0
23.33
25.33
9.0
16.67
17.33
18.67
1.67
8.0
14.67
0.33
2.0
3.33
5.67
8.67
8.0
9.0
-0.67
-2.67
-5.33
-8.0
-5.67
4.67
-3.33
-1.67
-4.67
-0.67
1.67
-2.0
-1.67
-1.67
-0.67
-6.33
-3.0
1.67
4.67
-1.0
-4.67
6.0
-6.0
-5.67
1.0
-0.67
7.67
-9.0
-5.0
3.0
-4.67
1.67
1.33
-7.0
-1.0
-3.0
-8.0
-8.67
-4.0
-8.33
-4.33
2.67
1.67
-6.33
1.0
-1.67
-10.67
-6.0
6.0
-3.33
-2.33
-3.33
4.0
-9.0
-7.0
-6.67
-9.33
3.33
3.0
-4.67
-5.67
-5.33
-7.67
-4.33
-4.0
-2.67
0.0
-6.67
-6.0
-3.0
4.33
4.33
-1.67
-12.67
0.67
-5.67
-1.0
0.33
-4.33
-8.67
-3.67
-5.33
-7.0
2.67
2.33
5.33
-1.67
-0.67
-3.33
2.33
-2.67
-1.33
-2.67
-6.0
-3.0
-2.0
-6.0
-8.0
-6.67
-3.0
0.0
-13.0
1.33
-7.0
-7.0
-4.0
-5.33
-2.33
-1.67
3.33
4.33
3.0
-2.0
-13.0
-7.67
1.67
4.67
-6.0
3.67
-2.33
1.0
4.0
-5.0
-2.33
-5.67
1.67
7.67
-2.67
-8.33
7.67
-2.67
-3.67
-10.33
3.0
2.33
0.67
-1.67
-4.33
-4.0
-0.67
0.67
2.33
1.33
-6.0
-0.67
-0.67
-6.0
-10.33
2.67
-0.67
-2.0
-7.67
-2.67
-7.67
4.67
0.67
-12.33
-2.67
4.0
-5.67
-3.33
-4.33
-5.0
-1.33
-4.67
3.33
-3.67
5.33
-7.33
-6.0
-1.0
-7.0
-4.33
-5.33
-0.33
-1.67
2.0
4.0
1.0
0.0
2.33
-3.0
-8.67
4.33
0.67
-0.67
3.33
4.33
7.0
5.67
-2.67
9.0
-6.0
2.67
8.33
4.67
14.33
16.33
8.33
12.67
12.33
13.33
20.0
21.0
16.67
6.0
3.67
24.0
19.33
10.33
9.67
8.33
1.33
15.33
6.67
20.0
10.0
-1.0
5.0
5.33
3.0
5.0
3.33
7.67
17.67
-7.33
-2.0
3.0
1.0
2.0
2.33
8.33
10.33
-2.0
16.0
-4.33
10.0
-0.33
2.33
-8.0
-1.0
-2.33
5.33
1.67
0.33
3.33
-1.67
5.33
2.33
8.0
2.0
11.67
7.33
4.33
9.67
7.67
5.0
3.0
6.0
4.33
11.67
-2.0
1.67
-5.0
10.0
-3.33
-1.33
6.33
5.67
7.67
3.0
9.0
-0.67
8.33
12.33
2.0
12.0
5.67
10.0
9.33
7.33
12.0
15.67
4.67
-6.33
8.33
1.0
5.33
1.67
0.33
8.0
10.67
7.0
3.33
15.0
-1.33
5.0
5.33
3.33
1.67
12.67
11.67
-4.33
6.33
11.33
11.0
8.0
5.67
5.0
-0.33
10.67
6.33
9.33
-0.67
1.67
11.33
8.67
4.0
7.33
18.0
5.33
18.33
5.33
2.67
5.33
3.67
7.67
6.67
-4.0
13.33
6.67
2.0
11.33
17.33
-1.33
6.0
-0.67
10.33
6.0
7.0
13.0
1.0
7.0
6.0
5.67
0.67
2.33
13.0
-3.67
4.0
4.67
15.33
-1.0
12.67
2.33
0.67
5.67
23.33
2.67
14.33
6.0
1.67
7.67
10.67
11.33
4.67
2.67
8.0
12.0
10.0
7.67
8.67
5.33
12.0
7.0
3.33
4.33
-0.67
-5.67
-1.0
8.0
-7.0
13.67
11.0
-1.33
7.33
7.0
4.33
15.33
8.0
5.33
11.0
2.33
9.33
11.67
12.0
0.0
5.0
18.67
4.67
4.0
5.67
5.67
3.33
1.67
5.67
4.67
14.67
9.33
11.0
5.67
10.67
4.33
9.0
6.67
8.33
12.33
1.0
0.0
13.67
13.0
11.33
10.67
1.0
7.67
1.0
8.67
7.33
8.0
9.67
10.0
11.0
9.33
11.33
9.0
15.33
14.0
4.33
13.67
24.33
-2.67
15.0
5.0
23.67
14.33
7.33
9.67
11.0
15.67
20.33
15.0
15.33
15.33
25.0
19.67
15.33
14.0
16.0
14.67
22.33
17.0
4.67
20.0
26.0
16.33
18.67
26.33
48.67
41.0
14.0
36.33
59.67
46.33
66.33
74.0
59.33
69.67
82.0
64.33
89.0
87.0
98.33
92.0
84.33
106.33
99.67
93.67
110.67
101.33
77.0
91.0
55.67
87.33
88.33
76.67
62.67
66.33
64.33
66.33
39.0
50.33
46.33
17.67
22.0
18.0
33.67
30.33
8.33
13.33
14.67
16.33
-0.67
14.67
13.33
15.33
17.67
-5.33
8.0
16.33
4.67
-4.33
4.67
16.0
-2.33
0.33
11.0
4.33
17.67
16.0
-3.33
16.0
6.67
14.33
4.33
20.67
6.0
-4.33
8.0
13.33
3.67
8.0
4.0
17.0
19.0
6.67
13.33
2.33
15.0
13.67
12.0
-0.67
18.33
15.0
19.67
2.67
11.0
-0.33
6.0
12.67
18.33
-0.33
9.33
-2.67
8.67
9.33
10.33
18.33
13.33
2.33
6.0
8.0
14.33
10.67
6.0
13.67
-0.33
11.67
6.33
12.33
15.33
8.0
1.0
5.33
11.33
0.0
7.67
29.67
9.33
1.0
-3.33
6.0
4.67
7.33
3.33
7.0
11.33
15.67
14.33
2.67
16.67
13.0
9.33
8.0
7.33
9.33
11.67
6.0
6.0
7.33
19.0
-0.67
2.33
10.67
9.67
13.0
8.67
14.0
8.67
7.33
7.67
1.0
9.67
9.67
2.67
4.67
7.0
7.0
6.33
-1.0
12.33
-5.67
5.0
7.33
3.67
11.0
2.33
-0.67
6.0
12.33
4.67
10.33
2.33
-1.67
-4.67
3.0
8.67
-3.33
20.33
18.0
6.33
5.67
6.67
9.0
-4.33
5.33
13.67
7.67
2.33
7.0
-5.67
18.33
10.67
21.33
14.0
4.67
19.0
18.33
6.67
5.0
16.33
24.0
20.0
11.0
15.0
17.33
1.33
25.33
3.33
18.0
12.0
23.33
13.67
26.33
33.0
23.0
26.33
38.67
31.33
41.33
18.67
29.67
24.67
28.0
20.67
34.67
16.33
26.33
12.0
38.33
30.0
19.67
12.33
20.33
19.67
15.0
25.0
15.33
12.0
7.33
15.67
16.33
5.33
0.0
-3.67
4.0
1.67
1.33
3.0
11.67
4.67
1.67
12.33
4.67
0.33
7.67
7.67
11.33
-1.0
15.33
3.33
11.67
6.33
2.0
8.0
-2.33
-5.33
0.33
-3.0
5.67
-3.33
3.67
2.67
7.33
5.67
-1.0
-1.33
-5.0
6.33
4.33
-3.0
7.33
-1.33
6.33
15.0
-0.33
13.33
-6.67
-1.0
-3.67
-11.67
3.67
11.0
16.0
-6.0
10.67
12.0
11.0
1.0
4.0
13.33
1.67
7.67
20.67
1.33
4.33
9.67
11.0
4.0
-3.0
-8.67
1.33
8.67
11.67
3.0
8.0
14.0
6.67
-2.33
4.0
7.33
-8.0
4.67
4.33
-5.67
8.0
7.67
7.33
13.33
11.33
1.0
-1.67
1.0
-4.67
3.0
3.67
5.67
-4.33
13.67
6.0
9.67
-3.67
5.0
-3.33
-10.33
-3.33
-5.0
5.0
7.33
-8.33
5.0
-7.67
5.0
13.0
1.67
10.33
4.0
-3.0
5.33
8.0
9.33
5.0
5.67
5.67
0.67
11.33
13.0
13.0
3.0
3.33
7.67
-4.33
14.33
4.33
0.33
10.33
3.67
12.0
0.67
5.33
-7.67
11.67
3.67
2.0
1.0
2.67
3.33
0.0
-6.67
3.33
0.33
9.33
-8.33
11.0
10.0
0.67
-5.33
0.33
6.0
-0.67
22.33
7.33
-1.33
6.67
6.33
1.33
-5.33
15.0
-11.67
8.33
-3.0
2.0
9.67
-2.0
10.0
-3.67
5.33
-1.33
2.67
9.0
4.67
4.33
2.0
3.33
2.67
7.33
7.33
5.67
17.0
5.0
4.33
5.67
6.0
2.33
6.67
2.67
10.0
0.67
8.67
14.0
14.67
6.33
3.67
7.67
-5.33
8.0
8.0
4.67
6.67
2.33
4.33
5.0
-2.33
4.67
5.0
1.33
7.33
6.0
0.33
1.0
11.0
-0.33
9.33
7.0
3.67
-6.0
2.0
3.67
2.0
2.33
6.67
-1.67
6.33
8.0
-5.33
1.67
9.0
4.67
-4.67
4.67
4.67
-5.67
3.0
-0.33
11.33
-2.0
-1.33
6.33
6.0
1.0
10.0
6.0
0.0
7.33
5.0
2.67
6.67
1.67
-3.67
4.0
5.0
-1.67
3.67
1.67
4.33
7.0
-6.0
3.0
1.0
-8.33
-3.33
5.33
6.33
-3.67
-0.67
-0.33
1.0
3.0
4.33
5.0
5.67
0.33
-2.67
5.0
-2.0
-1.67
7.67
8.0
3.33
0.33
0.67
11.33
3.67
-3.0
-11.0
0.0
7.67
7.33
-2.0
0.67
1.67
1.67
8.33
0.33
3.67
0.67
7.33
9.67
0.33
0.0
5.0
2.0
2.67
0.33
5.0
2.33
-1.67
3.0
-6.0
2.67
-2.67
7.0
-5.67
2.67
2.0
4.67
4.0
2.67
-6.33
9.0
2.33
7.0
-1.33
10.0
7.67
4.33
5.0
-2.0
3.67
-1.0
3.33
4.0
1.33
1.67
-1.0
3.67
4.0
-5.0
3.0
10.0
5.0
-1.0
2.33
2.0
2.33
-1.33
0.33
6.67
-2.67
2.33
3.67
-0.33
3.33
4.67
7.33
7.0
-0.33
-3.67
2.67
0.0
-4.33
2.67
5.33
1.67
7.67
1.33
-5.33
4.0
-2.67
-4.0
4.67
6.0
-1.33
1.67
4.0
-1.33
-1.0
-3.0
3.67
0.0
1.67
5.0
0.33
-2.0
-3.33
2.0
5.67
-3.33
-1.0
0.67
-2.67
-5.33
3.33
-4.33
-0.33
8.0
-3.67
-4.0
-2.33
-5.67
0.67
2.67
5.67
2.67
4.33
-3.33
-0.33
3.0
0.0
-1.0
3.33
2.67
4.67
-0.67
-4.0
9.0
2.0
2.0
4.33
-2.33
4.0
1.67
4.0
1.33
-2.67
6.33
1.33
6.0
6.33
7.67
-5.0
-0.67
-1.33
-0.33
-1.67
5.0
-2.0
0.33
-0.67
-1.33
2.0
0.33
1.67
-0.67
2.67
3.33
-2.0
0.67
9.0
6.67
4.33
-0.67
-1.67
4.33
-4.67
6.33
4.0
-0.67
-0.67
-3.33
-4.67
3.67
2.67
3.0
2.0
-0.67
0.33
4.67
0.0
-2.67
2.67
-3.0
-2.33
-0.67
7.33
9.67
4.0
4.33
0.33
2.33
2.0
1.33
-4.0
3.0
-3.0
4.33
2.0
3.33
2.33
9.0
6.67
3.67
-1.33
-0.33
0.0
-2.0
-0.33
0.67
4.0
