0.0
-10.0
-32.0
96.0
55.0
-42.67
127.0
-9.33
7.33
-6.67
106.0
63.33
104.67
24.33
37.67
69.33
3.67
33.33
9.67
9.33
40.33
-14.33
9.33
-3.33
31.33
-11.67
-26.33
-5.67
-5.33
9.67
5.33
-7.67
2.0
-1.67
-0.67
-0.67
3.67
0.33
-0.33
0.33
2.0
0.0
-0.67
0.0
0.67
-1.0
-0.33
0.0
0.0
1.0
0.33
-0.67
0.33
0.0
0.0
-0.33
-1.0
-0.33
-0.33
0.0
-0.33
1.0
1.0
2.67
0.0
0.67
0.0
-0.33
0.67
-0.33
0.67
0.0
0.0
2.0
0.0
0.0
0.33
1.67
0.0
0.67
0.0
0.0
-0.33
0.0
-0.33
-0.67
0.67
0.0
-0.33
0.33
1.0
2.33
-0.67
1.0
-1.33
-0.33
-0.33
-0.67
1.67
-0.33
-1.0
-0.67
-1.0
3.0
8.33
-2.33
-1.0
0.0
-1.33
-0.67
0.67
1.33
-0.33
3.33
1.67
-0.33
0.0
-1.33
4.0
0.33
0.0
2.33
1.0
-1.0
2.67
2.33
1.67
2.33
-3.67
4.0
7.33
-1.33
-4.67
3.0
-0.33
0.0
-2.67
-2.33
2.33
3.33
0.67
4.67
-4.0
5.67
3.33
3.67
0.33
0.0
9.67
-1.33
6.67
-4.33
4.67
-4.33
3.0
6.33
0.67
-6.33
-5.0
3.33
0.33
6.33
-3.67
5.0
3.0
1.33
6.33
-4.0
3.67
2.33
0.67
3.67
3.33
1.67
0.33
0.0
2.33
-0.33
-0.67
0.67
6.67
6.33
0.67
2.0
2.33
-1.33
4.0
4.0
2.0
0.0
-4.0
-3.0
7.67
-2.0
5.33
3.67
4.67
-0.33
3.67
-2.0
-1.0
-3.33
0.0
10.33
-1.67
6.0
0.0
1.33
-2.67
-0.67
4.33
-3.0
-3.67
1.33
-1.67
4.67
8.67
12.67
10.67
8.33
-0.67
1.67
-3.0
2.67
2.33
-3.0
0.0
9.67
1.0
7.33
7.0
3.67
6.0
5.0
1.67
5.67
10.0
-1.33
-1.0
4.33
-4.0
4.0
5.0
-2.33
2.67
5.67
-2.0
5.0
7.33
-5.67
1.33
-0.33
11.33
3.33
-1.33
3.33
-1.0
3.33
-1.33
2.0
3.33
-2.67
-3.67
4.33
-0.67
3.33
2.67
2.0
-1.33
0.67
-1.33
6.0
-4.33
4.67
3.0
3.67
1.67
0.0
-3.33
2.67
0.33
0.33
4.0
2.67
8.33
2.33
6.0
2.67
-4.67
-4.0
2.0
9.33
5.33
0.0
-2.0
0.33
4.67
0.67
1.67
3.0
-5.33
0.33
1.67
-2.33
-2.0
4.67
4.0
-3.67
1.67
3.33
2.33
4.67
-3.67
3.33
3.0
4.0
2.0
7.0
6.33
4.67
-2.0
1.67
2.33
1.67
1.0
5.0
5.67
-0.67
2.67
2.33
-1.33
-0.33
4.0
4.33
-3.33
-6.33
4.0
-0.33
2.33
4.0
-4.67
-1.0
1.33
-2.33
-2.0
3.67
4.33
0.33
4.33
3.67
7.0
1.67
0.33
1.67
3.67
1.33
3.33
4.67
-1.33
2.67
1.33
0.33
1.67
4.67
-1.33
-0.33
-5.67
5.0
0.33
1.67
6.33
1.67
0.67
4.0
6.67
-0.67
6.0
2.67
-1.67
4.0
-1.0
2.0
-2.67
0.67
6.33
3.0
-1.0
6.33
5.33
10.0
-0.33
2.33
-4.67
-0.33
0.0
-2.0
1.0
4.67
-2.67
0.67
-1.0
-2.67
0.67
-0.67
1.33
4.33
-2.0
0.0
4.0
0.67
-0.33
-4.0
1.33
-1.33
7.67
4.0
4.33
5.33
-1.33
-0.67
5.0
1.67
0.33
0.33
-1.33
-2.0
1.33
2.33
6.67
0.67
5.0
-3.33
3.0
-2.0
2.33
3.0
-2.33
2.33
0.33
-1.67
5.33
-1.33
-2.33
1.0
-1.67
-3.67
-2.0
3.67
3.33
-3.67
2.33
5.33
2.0
0.33
-2.0
7.33
1.33
9.0
2.67
0.67
4.0
-1.0
-1.67
7.33
2.33
5.67
-1.33
-3.0
-0.33
5.0
-1.0
4.0
4.67
-0.33
5.0
5.67
2.67
4.0
-3.0
1.33
3.67
0.67
2.67
-0.67
1.33
1.0
-5.0
-1.67
0.33
-0.67
3.33
-1.33
1.33
-2.33
3.0
8.67
-1.33
0.67
2.67
1.33
-0.67
-2.67
-0.33
-1.0
-3.67
-0.67
1.0
-1.0
2.33
2.33
2.0
2.33
-0.33
-0.33
6.0
3.33
6.67
-0.33
1.0
2.0
2.0
1.33
3.33
-0.33
-3.0
1.0
-2.67
-3.0
-3.33
-1.33
4.0
0.0
0.67
0.33
1.67
2.67
-1.33
3.0
-2.33
0.0
1.67
2.0
4.67
-3.0
1.33
-1.0
0.0
0.0
-5.33
-2.0
-1.0
5.0
0.0
3.67
5.67
-2.67
-1.67
0.33
0.33
-1.0
2.67
-0.67
0.0
1.0
-1.67
6.33
4.0
4.67
1.0
0.67
-1.0
2.0
-2.0
0.67
0.33
-3.0
-0.33
-3.0
2.33
4.67
-3.67
-1.67
5.0
0.0
0.67
0.33
-3.0
2.33
-0.67
6.0
-4.0
3.33
3.0
-7.67
0.0
5.0
1.0
2.0
3.0
-2.0
0.67
-1.33
-0.33
1.0
-0.33
1.0
0.0
-0.33
0.33
1.33
1.67
-1.0
2.67
1.67
1.67
0.0
1.67
3.0
1.67
-1.67
-2.67
-1.33
-1.0
-2.33
-1.0
-2.33
-1.33
2.0
-0.33
-0.67
-2.0
-1.0
0.0
1.67
-1.0
0.33
0.67
2.33
0.0
-2.67
3.67
3.0
1.33
-3.33
-6.33
-1.0
4.67
-1.0
-2.33
-2.33
-5.0
-3.33
5.0
-1.33
-1.67
-3.0
-0.67
-5.33
0.67
0.0
-1.33
2.33
-6.0
-5.33
-3.67
2.0
2.33
-2.0
-2.33
-4.0
3.67
-3.67
0.67
0.33
-3.33
-2.0
-4.67
-4.0
-1.33
-1.0
-3.33
-5.67
-1.0
1.0
-3.33
-1.67
0.0
-3.67
-2.67
-6.0
-1.67
-3.0
-0.67
0.33
-6.67
-3.33
-2.0
-5.67
-4.67
1.0
-2.67
-7.0
2.33
1.67
-6.33
0.33
-0.33
-4.33
-2.67
-6.67
-6.0
1.33
-4.33
-3.33
-7.0
6.0
-4.33
-3.33
-4.67
0.0
1.67
-3.0
-3.33
-1.33
-1.33
-0.67
-5.0
2.33
-3.33
-4.0
-2.0
-4.67
6.67
-6.0
-4.67
-2.67
-4.0
1.0
-1.33
-6.67
-0.67
0.67
-5.67
-3.67
-4.33
3.33
-5.33
2.0
-4.0
-2.33
-3.67
-1.67
-5.33
-3.67
-7.0
-3.33
-8.0
-8.0
-5.33
0.33
0.0
3.0
-4.0
2.67
-2.0
-3.33
-6.67
-3.67
-10.0
-4.67
-1.0
-1.0
-9.67
-4.67
0.33
-3.0
-0.67
-7.67
-2.0
-4.67
2.67
-2.0
-5.33
-4.33
-4.67
-9.67
0.0
1.67
-0.33
-2.67
8.33
2.0
-5.0
-4.67
0.67
1.33
-2.67
-0.33
4.33
3.67
6.33
6.0
10.33
14.33
7.0
32.33
22.33
17.0
22.0
22.33
28.0
26.0
35.67
21.0
30.33
23.33
27.0
17.67
22.33
20.67
15.67
15.0
10.67
-1.67
4.0
-3.67
0.67
8.67
3.0
-2.0
1.33
-3.67
-3.33
6.0
-0.67
1.67
-6.33
-7.67
-5.67
-2.67
4.67
1.0
-6.67
-0.67
8.33
3.67
-6.0
-1.33
-4.33
-2.0
-1.67
-1.0
-6.0
0.33
5.0
7.33
-6.33
-2.0
-6.0
-1.0
-8.67
-2.33
-2.67
-2.0
-6.0
-2.0
-8.0
-3.67
-1.0
3.67
1.67
-7.33
-2.33
-3.33
-4.0
-1.67
-5.67
-1.0
-8.0
-6.33
-3.33
-4.33
3.0
-6.0
-3.0
-5.67
-6.33
7.33
7.0
-2.67
5.33
-3.33
-1.67
-1.33
-6.0
-3.67
-5.0
-7.67
1.0
-4.0
0.33
-5.67
-3.67
-7.67
0.67
-3.67
-10.0
-3.67
-3.33
-6.67
1.33
-1.33
2.0
0.67
-6.67
2.33
-9.67
7.33
-9.33
-1.67
-2.67
0.67
-9.67
-1.0
-7.0
-4.0
-9.0
2.0
4.33
-6.0
-3.0
-6.0
-4.67
1.0
-9.0
2.0
-6.33
-2.33
-3.67
1.33
-5.67
-1.0
-6.0
-9.0
-7.67
0.67
-5.33
-7.0
2.67
-4.33
-1.0
2.0
-1.0
-3.33
-8.67
-12.33
4.67
2.33
-10.33
-4.33
-0.67
-9.67
-4.33
-9.0
-7.67
8.67
0.33
-2.33
4.0
4.33
-1.33
2.33
2.33
0.0
10.33
0.33
-6.0
-4.33
5.67
-2.67
-4.0
-5.67
-2.67
-2.67
4.67
-4.33
-0.33
-7.67
1.0
-3.67
1.67
-1.33
6.0
6.67
-8.67
3.33
-6.67
-1.67
5.67
12.0
-1.0
-5.0
1.67
-1.33
-7.33
1.33
-10.0
6.0
-6.0
-5.0
6.33
-2.0
-0.67
-1.67
-2.33
6.33
3.33
5.33
1.0
3.67
4.33
10.0
-2.0
5.67
-1.67
7.67
11.33
9.33
21.33
7.67
16.33
6.33
16.0
10.0
12.67
6.0
15.67
19.0
27.33
6.33
6.67
15.33
11.33
9.33
13.67
1.0
14.0
12.0
8.0
7.33
4.0
10.0
2.33
5.67
14.67
-2.33
-1.0
5.0
3.0
1.0
4.33
3.33
6.33
3.0
3.0
11.67
-3.0
7.67
5.33
0.0
2.0
4.67
5.33
4.67
5.33
6.33
-0.67
10.33
8.33
-1.0
-2.0
-1.33
0.33
-3.67
0.67
10.67
4.0
2.0
-3.0
4.33
3.67
10.0
2.67
2.0
6.0
6.67
9.67
1.33
-0.33
3.67
1.0
8.0
11.33
4.33
3.33
-1.0
10.0
-1.33
16.0
4.33
6.33
7.0
8.67
10.67
-0.33
0.33
5.0
8.33
1.67
0.33
7.0
2.67
4.0
8.33
2.0
0.67
1.0
7.33
-4.67
14.67
7.67
9.67
8.67
-1.67
2.33
8.0
4.0
-2.33
8.0
3.67
8.67
17.33
-1.67
16.33
13.67
5.33
-0.33
-3.0
10.33
19.0
16.33
24.33
-1.67
10.67
-1.67
-5.33
1.67
16.67
10.0
7.33
14.67
4.0
8.33
9.33
10.67
1.0
7.33
0.33
16.0
7.0
7.0
1.0
3.0
12.0
6.67
5.67
0.33
5.0
7.33
-2.0
3.67
9.33
-3.0
10.67
13.33
19.67
9.67
6.33
10.67
21.33
9.0
5.67
8.67
5.67
14.33
8.67
2.67
10.0
12.0
7.0
7.67
9.67
8.33
3.0
1.0
6.33
-1.67
11.33
-0.67
9.0
8.0
5.0
9.67
6.0
3.67
5.33
14.0
10.33
4.33
3.0
15.33
14.0
6.33
4.33
18.67
13.0
-6.0
9.0
1.67
3.67
6.0
5.67
-4.33
3.33
8.67
5.67
4.67
5.67
10.33
15.0
10.67
11.67
4.33
2.0
5.67
7.33
4.33
9.0
5.0
10.67
7.0
-1.67
9.67
14.0
12.67
3.0
9.67
14.33
6.0
3.67
6.0
4.0
-2.67
9.33
10.0
3.33
5.0
4.33
9.67
10.33
2.33
11.0
5.0
6.67
12.33
7.33
3.67
13.0
12.67
10.33
22.0
25.33
10.33
8.0
12.67
9.33
35.0
22.0
14.67
19.33
23.0
10.67
31.0
22.0
28.33
30.67
24.33
32.67
32.0
28.0
44.33
51.67
53.33
42.33
56.0
60.33
67.67
81.0
71.33
79.0
105.0
99.33
101.0
114.33
103.33
111.67
94.67
109.67
143.33
113.0
106.0
89.67
118.33
113.33
88.67
78.67
73.33
60.33
71.33
41.0
46.33
48.33
27.67
37.0
28.0
32.67
21.33
16.33
17.33
18.67
0.33
15.33
24.67
4.33
11.33
2.67
-2.33
5.0
4.33
9.67
0.67
-6.33
2.0
12.67
-1.67
12.0
3.33
7.67
19.0
2.67
13.0
11.67
3.33
12.33
15.67
11.0
9.67
13.0
2.33
11.67
4.0
16.0
7.0
18.0
17.67
-3.67
11.33
13.0
4.67
7.0
2.33
12.33
3.0
5.67
19.67
12.0
2.67
1.0
9.67
24.33
4.67
5.33
0.33
2.67
11.33
11.33
1.33
5.33
1.33
3.0
13.0
4.33
-1.33
12.0
1.67
2.67
8.67
7.33
-4.67
14.33
18.0
11.0
17.33
8.33
11.0
-1.33
9.67
2.33
10.0
14.67
14.0
-6.33
14.33
-0.67
0.0
15.33
8.67
26.33
8.67
2.67
17.0
19.33
15.0
4.33
22.33
1.67
10.0
8.0
13.33
14.0
5.33
10.33
15.67
1.67
5.0
2.67
8.0
11.67
3.33
8.67
5.0
13.67
17.67
12.67
-8.33
11.0
4.0
5.33
12.0
5.33
9.33
6.0
9.33
7.67
14.0
13.33
7.33
7.0
8.33
13.67
18.33
8.33
10.33
9.33
3.0
11.67
11.67
6.33
4.0
6.33
6.67
12.67
10.0
-1.33
3.33
18.67
0.67
4.33
1.0
-2.67
3.33
9.67
7.33
16.0
7.67
14.0
1.33
5.67
15.0
2.33
8.0
5.0
15.0
5.0
20.33
16.33
22.33
21.33
25.0
29.0
18.33
23.67
25.33
33.0
21.0
29.33
36.67
15.33
29.33
21.67
21.67
23.67
37.0
16.67
35.67
22.33
33.33
35.0
50.33
34.0
7.67
12.33
21.33
9.67
16.0
23.0
28.33
24.0
13.33
17.67
18.33
18.33
5.0
10.33
8.0
14.67
3.33
-1.0
12.67
5.67
-7.33
7.33
1.67
2.33
16.67
2.67
7.33
8.0
0.33
15.33
16.67
1.33
10.0
13.0
3.67
6.67
3.33
-2.0
-0.33
-0.33
4.67
11.67
11.33
14.67
22.0
-0.33
-2.0
1.33
9.33
-7.0
-2.67
2.67
7.33
13.0
-0.33
2.33
2.33
3.0
16.33
3.33
-2.33
0.0
7.0
4.0
10.67
19.0
14.0
0.0
19.0
3.33
7.67
14.67
18.67
9.33
0.33
12.67
6.0
5.0
1.0
10.33
9.33
13.67
6.67
-2.0
0.0
1.0
6.67
9.67
-1.0
-8.67
4.0
-5.33
10.33
14.33
9.0
12.67
7.33
8.33
1.33
8.0
6.33
7.0
3.33
-2.0
2.67
5.67
8.67
9.67
-2.0
-0.33
-10.67
2.0
-3.33
-9.33
1.67
11.0
1.0
2.33
-3.33
8.0
0.33
-6.0
5.0
-8.33
4.33
4.0
-2.0
-10.67
-2.0
-7.67
4.0
11.67
1.67
7.67
7.33
1.0
2.0
2.0
-0.67
-7.33
-0.33
9.33
-5.67
8.33
-0.67
-0.33
7.0
-5.33
3.33
3.33
2.67
3.67
15.0
-3.0
12.67
0.33
12.0
-2.67
7.33
-4.67
3.33
-2.33
12.0
10.0
0.67
-6.33
0.33
-7.0
-0.67
5.33
4.33
-2.33
4.67
-2.67
-0.67
0.67
2.0
0.33
-2.67
5.0
5.0
-0.33
-7.0
10.0
-2.67
3.33
7.67
-2.33
3.0
-7.33
-3.67
6.0
14.33
11.67
17.33
8.33
0.67
3.0
5.0
7.33
-0.33
14.0
5.33
0.67
-3.33
3.0
3.67
3.67
15.0
11.67
2.33
12.67
5.67
3.67
0.0
8.0
-0.33
5.67
6.33
1.33
8.0
15.67
4.67
3.0
9.33
13.33
13.0
-7.67
4.0
12.0
2.67
7.33
15.0
9.67
3.0
1.0
-3.33
-5.0
0.33
4.67
13.33
-0.67
0.0
4.67
3.67
1.0
9.67
0.33
-0.33
11.67
-3.67
7.0
12.67
7.33
5.0
3.67
-1.67
-4.0
3.0
11.0
7.0
9.0
3.33
1.0
-3.33
2.67
3.67
-1.67
-1.0
-3.0
1.33
-2.33
-1.33
-4.67
9.0
-4.0
-3.0
3.0
5.67
3.67
2.33
0.33
9.33
4.33
3.67
8.0
6.0
1.33
4.0
3.67
-6.67
-1.67
7.0
8.0
10.33
3.67
9.0
-0.67
6.33
2.67
4.33
3.67
-9.0
-1.0
2.0
0.67
0.33
-2.0
2.67
-1.33
-0.33
-2.67
-0.67
-4.33
0.67
-0.67
1.67
-6.67
-3.0
2.0
8.0
-0.33
3.33
10.0
5.33
0.33
-1.0
5.0
-6.33
2.33
-4.0
-0.67
-7.33
3.0
3.67
-1.0
8.67
0.67
1.0
0.33
-2.0
9.67
0.0
4.67
4.33
7.0
-1.0
0.67
-3.0
0.33
1.0
-3.67
-3.33
1.0
-1.33
9.0
3.0
-1.0
2.0
6.0
5.0
6.33
7.0
1.33
-2.33
2.33
6.67
8.33
-3.67
0.67
0.67
3.33
1.67
2.33
17.0
0.67
1.33
8.67
4.0
-1.33
1.67
0.33
3.67
2.67
2.33
1.67
5.0
3.33
2.0
-0.33
-4.0
0.67
0.67
9.0
1.67
9.0
-2.0
-0.33
-1.0
0.67
8.0
9.33
1.0
1.67
2.0
3.67
1.67
2.0
-2.33
1.33
-1.33
-1.67
1.67
-1.33
4.0
-2.67
4.0
-5.33
-5.67
2.67
-3.33
3.67
5.67
2.33
-0.33
2.67
-4.0
-4.0
4.0
6.33
4.67
4.67
3.33
-4.0
0.0
-2.0
-1.0
6.33
-4.33
1.0
-2.33
2.0
0.33
8.33
-0.67
-0.67
7.0
5.33
6.67
2.0
4.33
0.67
0.67
0.33
-1.0
1.0
-1.67
-1.67
1.67
8.0
-1.67
3.67
0.33
2.67
-1.67
1.0
5.67
4.0
1.67
5.33
1.33
-1.67
5.33
3.33
3.33
0.0
1.33
6.33
-1.33
3.33
3.67
4.67
2.0
5.0
-0.67
2.33
-0.33
-2.0
-0.67
2.67
-5.0
6.67
3.33
4.33
0.67
0.0
1.33
-2.67
6.33
-1.0
-3.67
-3.0
-2.0
0.0
0.33
-2.0
-6.67
7.33
-2.0
0.67
1.67
-0.33
4.67
-1.0
0.0
0.67
1.67
1.0
