0.0
-17.0
18.0
89.0
-24.0
26.33
-10.0
107.67
20.33
55.33
69.0
45.33
101.67
55.33
-6.33
11.33
10.67
0.33
-0.33
23.33
17.33
-7.33
14.33
-0.33
18.33
-9.67
-14.33
-15.67
-4.33
6.67
-1.67
-6.67
-1.0
2.33
-2.67
0.33
5.67
-1.67
-0.33
2.33
1.0
0.0
0.33
0.0
-0.33
-1.0
-0.33
1.0
1.0
0.0
0.33
-0.67
-0.67
0.0
1.0
-0.33
0.0
1.67
0.67
1.0
-1.33
0.0
0.0
-0.33
1.0
-0.33
0.0
-0.33
-0.33
-0.33
-0.33
1.0
0.0
0.0
-1.0
0.0
1.33
0.67
0.0
1.67
0.0
0.0
-0.33
0.0
-0.33
-0.67
1.67
0.0
-0.33
1.33
-1.0
-0.67
-1.67
-1.0
-0.33
-0.33
1.67
0.33
0.67
0.67
-1.0
-1.67
2.0
0.0
1.33
-1.33
0.0
2.0
-0.33
0.33
-1.33
0.33
-2.33
-0.67
-1.33
-2.33
-2.0
0.67
1.0
1.33
0.0
4.33
-5.0
-4.0
-0.33
2.33
0.67
0.33
1.33
-1.0
6.33
-0.33
2.33
2.0
1.67
5.0
7.33
-2.33
3.33
4.33
0.67
2.67
-3.0
1.67
0.33
5.67
-1.67
7.0
2.67
0.67
2.67
2.67
0.67
-3.33
2.0
7.33
-2.33
0.67
-2.0
5.33
6.33
-1.67
8.33
-1.0
0.0
-1.67
14.33
1.0
10.67
-1.67
1.67
0.67
6.33
9.67
5.33
0.0
1.33
3.67
3.33
-1.33
0.67
1.33
-2.33
-5.0
5.33
0.67
5.0
10.0
3.0
-2.0
-6.0
3.0
8.67
6.0
5.33
-3.33
6.67
2.67
5.67
-3.0
1.0
0.67
3.0
8.33
1.33
-3.0
5.0
6.33
-2.67
2.33
-8.67
-7.0
3.33
-1.67
-0.67
-5.33
0.67
5.67
2.67
3.33
9.33
3.67
-2.0
4.67
2.33
-2.0
-1.0
2.67
3.0
0.33
-1.0
2.67
-1.0
7.0
2.67
1.67
4.0
3.67
-5.0
4.33
1.0
3.0
0.0
-0.33
4.67
4.67
1.0
14.0
-1.67
1.33
0.33
-1.33
9.33
4.33
0.67
8.33
6.0
2.33
-2.33
-2.0
2.33
9.33
5.33
5.33
4.33
6.33
0.67
1.0
3.67
0.67
4.67
4.0
-4.33
5.67
11.0
6.67
-2.33
5.0
0.67
-0.33
2.33
3.33
3.0
2.67
-2.67
-6.67
4.0
-6.33
3.33
3.0
1.0
5.33
0.33
3.0
-1.0
0.33
1.67
7.67
2.67
7.0
-1.33
7.33
2.67
-1.33
8.0
6.67
1.0
1.33
5.67
0.33
8.33
3.67
-2.67
3.33
-1.0
6.0
-5.0
0.0
0.33
2.67
3.0
0.67
-4.67
1.67
-6.0
2.0
-2.33
1.33
-0.33
3.33
-0.33
-2.33
1.0
-0.67
2.67
2.67
1.0
-3.33
-7.67
-1.0
-4.67
2.0
-0.67
5.67
1.0
7.67
1.33
7.33
6.33
-0.33
4.0
1.67
2.33
3.67
3.67
1.33
-3.67
6.67
0.67
0.67
2.33
5.33
1.67
6.67
4.67
6.67
0.33
2.0
2.33
11.67
3.33
-2.33
3.67
2.0
9.67
-0.67
-5.0
-2.33
2.33
2.0
-1.0
1.0
3.33
2.67
3.33
5.0
2.0
4.33
3.33
4.0
0.67
-1.67
0.33
-6.33
1.0
1.0
5.0
0.67
-0.67
-2.33
1.0
8.33
1.67
3.33
-1.67
1.33
2.0
0.0
5.0
-0.33
9.67
-3.0
5.33
-0.33
-1.33
7.0
7.33
-0.67
0.67
-1.67
6.0
6.67
2.33
4.33
0.67
-1.0
-3.67
4.33
5.67
0.67
7.0
0.67
1.0
-2.0
4.33
8.0
-0.33
-0.67
-4.67
-0.67
7.33
-0.33
-0.33
0.0
1.33
0.33
-3.0
0.67
3.33
-0.67
-1.67
-0.67
-1.0
-1.67
-3.0
0.33
0.33
8.0
3.67
4.67
1.0
0.0
3.33
3.33
4.33
2.67
-0.33
0.0
1.67
2.0
6.0
2.0
1.67
-1.33
-1.0
4.67
-1.33
0.0
-2.0
7.33
6.67
1.67
-0.33
-4.67
-3.67
5.0
-1.0
-2.67
-2.67
1.33
2.33
-0.33
-0.67
0.67
4.0
2.67
-2.33
-1.33
1.67
-1.67
-1.67
1.33
-3.33
-5.0
-1.67
1.33
1.0
0.0
1.33
8.33
3.0
1.33
-0.33
0.67
2.0
-0.67
1.67
2.67
1.0
3.0
0.0
-2.67
6.33
5.67
1.0
0.0
1.33
2.0
1.67
-2.33
0.0
-2.0
-1.33
-0.67
-0.33
-3.33
-4.33
3.0
-0.33
3.0
3.67
-1.0
0.67
4.0
6.33
-2.0
-2.0
-2.0
0.67
2.0
5.0
4.0
5.0
3.67
-1.33
-1.67
4.33
-0.67
0.33
-2.0
1.67
-5.67
2.0
-1.0
-3.67
-1.67
3.0
9.67
0.0
3.67
0.0
-1.0
1.0
-2.33
-0.67
-4.0
-1.33
-2.0
-0.67
5.67
-4.67
-2.67
1.0
-1.0
-3.33
3.33
1.0
-0.67
5.33
-2.0
-2.0
3.33
6.0
-2.67
2.0
5.0
-3.0
3.0
3.0
-2.0
0.67
-1.33
0.67
2.0
-0.33
-1.0
0.0
3.67
-0.67
-0.67
1.67
3.0
2.67
3.67
-1.33
2.0
-1.33
2.0
-0.33
-0.67
1.33
0.67
0.0
-0.33
-2.0
-0.33
-2.33
-1.0
0.67
1.33
-5.0
0.0
0.0
-0.33
0.0
3.33
-1.33
-3.67
1.0
-2.67
2.67
-4.0
1.33
-1.33
0.67
-3.0
4.67
-4.0
-3.33
1.67
-7.0
1.67
5.0
-1.33
1.33
-2.0
0.33
-2.33
-2.33
-2.0
-2.33
1.33
-4.0
-5.33
-4.67
1.0
1.33
0.0
-3.33
-4.0
-0.33
-4.67
-0.33
1.33
-4.33
3.0
-5.67
-2.0
-0.33
2.0
-0.33
-1.67
0.0
4.0
0.67
-0.67
-1.0
-5.67
-0.67
2.0
1.33
3.0
-1.67
-2.67
-8.67
-2.33
3.0
-0.67
-2.67
-2.0
-4.67
-5.0
-3.67
2.67
-0.33
-1.67
-0.33
-7.33
-0.67
-4.67
-2.0
6.33
-3.33
2.67
-4.0
7.0
-2.33
-1.33
-0.67
2.0
-8.33
-3.0
-1.33
-5.33
-4.33
2.33
-2.0
-2.67
-7.33
-4.0
3.0
-0.67
-4.33
-8.0
-5.67
-6.67
-1.0
-3.0
-1.33
1.33
-2.67
-2.33
-4.67
-5.67
-6.33
-5.67
-9.33
0.0
-4.0
-7.33
-8.67
-8.67
-0.33
-5.67
-3.0
-8.33
-9.0
-2.0
-2.33
1.33
4.0
6.0
-7.0
-3.33
-7.0
-1.33
-1.67
-4.67
-2.0
-0.67
-1.0
-4.0
0.33
-2.67
-6.67
-2.0
2.33
-5.67
-10.0
-3.67
3.67
-10.0
-0.33
-6.33
0.33
-8.67
-10.0
-3.33
-1.33
-1.67
-5.67
-7.0
-1.0
-5.67
0.67
-1.67
0.33
-5.33
4.33
11.67
1.33
4.0
16.33
10.33
14.0
3.33
21.33
15.0
16.0
32.33
29.0
23.0
14.67
23.0
22.33
32.33
33.0
19.67
29.33
19.67
20.67
26.0
13.67
0.33
10.0
3.33
0.67
3.67
-1.0
10.0
3.33
8.33
2.67
-4.0
-0.67
5.67
1.67
-7.67
1.33
-2.67
0.67
-1.0
-0.67
8.33
0.33
1.67
-2.0
-2.33
-0.33
3.0
0.33
2.0
-7.0
3.33
-1.0
4.33
5.67
5.0
-4.0
2.0
-1.67
-7.33
-3.67
-3.0
-11.0
-1.0
-6.0
-8.67
-9.0
-5.33
-3.33
-1.33
2.67
-5.33
-1.0
-6.67
-8.67
-2.0
-10.0
-7.33
-7.33
-1.33
6.0
-4.0
-3.0
-2.67
1.67
1.33
-1.0
-8.67
3.33
-7.33
-6.67
-8.33
-11.0
2.33
3.0
-5.67
-2.0
-3.0
-0.67
-6.67
-1.67
-9.67
0.67
-2.67
-14.0
-5.67
2.67
-10.67
3.33
-11.33
-4.0
-5.33
-8.67
9.33
-14.67
-7.67
-10.33
-0.67
-2.67
-3.33
-3.67
1.0
-7.0
-2.0
-6.0
-5.0
1.33
-4.0
-7.0
-2.0
-7.67
-2.0
0.0
-1.0
-8.33
-5.33
0.33
-3.67
3.33
7.0
-2.0
-2.0
-6.67
-1.33
-2.33
-9.0
0.67
-11.33
6.0
-5.0
-5.0
-3.33
-12.67
-1.33
3.67
3.33
-8.33
2.67
-4.67
2.33
-7.33
0.0
0.33
4.67
7.33
-0.33
-1.0
-4.67
-0.33
-9.67
-1.67
-11.0
4.33
-7.67
5.0
-1.33
6.67
0.33
-3.0
-5.67
-3.67
-10.67
-8.33
-9.33
-4.33
-3.67
3.0
-2.67
2.67
-4.33
2.0
-3.33
-5.67
0.33
2.33
1.33
2.67
-3.0
7.0
-1.0
2.67
5.67
7.67
6.33
-2.0
-7.0
-4.0
0.0
-0.67
4.0
1.33
5.33
0.67
-0.67
-8.67
6.33
5.0
2.67
4.33
13.0
-3.0
6.67
11.33
10.67
16.33
14.33
15.33
15.67
9.33
18.33
25.0
23.0
29.67
11.0
14.67
19.0
15.33
12.33
11.67
22.33
10.33
6.33
5.67
12.0
13.0
2.0
5.0
4.33
-5.0
6.0
2.33
1.67
6.67
0.67
2.0
9.0
0.0
-7.0
-0.67
-1.67
19.33
5.0
8.0
12.67
4.0
1.67
5.33
-1.0
3.0
-0.33
-3.67
-3.33
1.33
5.33
3.33
4.33
7.33
4.0
7.0
-0.33
-2.67
6.33
-3.33
2.67
5.0
6.0
11.0
5.33
0.67
9.0
10.67
2.0
5.0
9.67
1.67
4.33
-2.33
10.67
1.0
2.0
5.33
6.33
12.33
8.0
9.0
-0.33
4.0
6.33
5.33
6.0
7.67
1.67
-5.33
11.33
8.0
10.33
-1.33
2.33
8.0
9.67
9.0
4.33
2.0
3.67
7.0
5.33
5.33
-3.33
20.67
11.67
3.67
0.33
-0.67
11.0
8.0
4.67
2.0
6.67
5.67
8.33
-4.67
6.33
11.67
25.33
3.67
6.0
0.33
25.0
11.33
15.33
-3.67
15.67
5.33
-0.33
0.67
14.67
-2.0
4.33
3.67
7.0
0.33
6.33
4.67
-1.0
4.33
7.33
10.0
7.0
2.0
6.0
5.0
1.0
11.67
4.67
3.33
11.0
7.33
12.0
14.67
22.33
4.0
7.67
4.33
1.67
11.67
1.33
3.67
17.33
8.0
3.67
6.67
13.67
7.33
-2.33
1.67
16.0
11.0
15.0
5.67
5.67
-0.67
17.0
-2.0
1.33
11.33
5.33
0.33
11.0
12.0
5.0
2.67
-1.0
9.67
4.33
6.0
12.33
6.33
5.0
22.33
6.0
9.33
7.33
8.67
7.0
0.0
16.0
4.67
2.67
10.0
5.67
3.67
6.33
11.67
3.67
6.67
4.67
12.33
10.0
6.67
10.67
8.33
8.0
8.67
12.33
1.33
9.0
7.0
8.67
9.0
7.33
9.67
4.0
3.67
7.0
12.67
5.33
4.0
9.67
5.0
19.0
9.33
18.33
9.0
8.33
17.0
13.33
4.67
16.33
3.33
9.0
20.0
19.67
18.33
11.33
6.67
13.0
6.67
17.33
20.0
12.33
9.33
15.0
26.67
17.33
23.0
12.0
17.67
4.33
20.0
17.67
18.0
19.0
9.33
22.67
21.33
28.67
40.0
23.0
62.33
41.67
55.33
48.33
55.0
60.33
55.67
77.0
83.33
99.0
117.0
93.33
118.0
79.33
120.33
117.67
95.67
116.67
107.33
89.0
110.0
106.67
100.33
108.33
82.67
66.67
92.33
75.33
63.33
50.0
71.33
24.33
33.67
22.0
34.0
26.67
25.33
23.33
8.33
28.67
11.33
25.33
11.67
8.33
6.33
4.67
8.67
16.0
15.33
8.67
12.67
5.67
5.0
11.67
3.33
11.0
17.33
-5.33
10.0
8.67
17.0
3.67
4.33
7.33
12.67
2.0
9.67
15.0
6.33
8.67
14.0
11.0
16.0
5.0
2.67
-2.67
7.33
8.0
8.67
15.0
16.33
8.33
6.0
17.67
6.67
12.0
-1.33
7.0
12.67
6.33
-2.33
0.33
-4.67
7.67
12.33
11.33
0.33
13.33
6.33
3.0
14.0
10.33
4.67
13.0
15.67
5.67
11.67
-2.67
11.33
6.33
10.0
14.0
19.33
12.33
16.0
11.67
18.67
13.33
-4.0
2.67
1.0
9.67
22.33
8.33
12.0
11.33
10.67
8.33
23.67
19.67
16.0
14.33
13.0
7.33
12.33
6.67
3.0
0.0
3.33
1.0
-8.67
3.33
-0.33
7.67
-1.0
1.67
9.0
1.67
12.33
7.67
5.0
4.67
8.67
3.67
2.67
14.0
8.0
6.33
0.0
-5.67
2.33
14.0
-3.67
8.67
5.0
12.33
9.33
1.0
9.33
14.67
6.33
-4.67
0.33
10.33
15.0
2.67
13.67
10.33
11.0
4.33
21.67
-5.33
1.0
-0.33
10.33
8.67
1.67
8.33
21.0
6.33
3.33
6.67
12.33
11.0
14.67
7.0
23.33
9.67
8.0
11.33
16.0
13.0
5.0
14.0
10.33
20.33
15.33
18.33
19.0
22.0
31.33
28.67
10.33
27.0
25.0
23.33
43.67
36.33
31.33
24.67
44.67
31.67
38.0
43.67
39.67
28.33
24.33
24.0
25.33
11.0
29.67
32.33
22.33
23.67
28.0
17.0
15.33
18.0
12.33
17.67
5.33
13.33
-3.0
15.33
18.0
0.67
1.33
6.0
-2.33
13.67
12.67
12.33
1.67
5.33
0.67
3.67
13.33
7.0
21.33
10.33
10.67
12.33
0.0
13.0
3.67
-1.33
10.33
-4.0
-0.33
2.67
7.67
9.67
11.33
2.67
13.0
2.67
-3.0
-2.67
16.33
-2.0
15.33
7.67
11.33
8.0
13.67
3.33
10.33
-5.0
6.33
5.33
7.67
19.0
5.0
-1.0
7.67
17.0
13.0
12.0
16.0
4.33
7.67
7.67
20.67
-7.67
9.33
7.67
6.0
7.0
10.0
1.33
4.33
0.67
3.67
1.0
3.0
3.0
-5.33
-9.33
27.0
-6.67
5.0
8.67
9.33
-2.67
9.0
4.67
5.33
8.33
3.33
5.0
1.33
-7.0
5.33
13.0
7.67
0.67
-2.33
12.67
-1.0
10.67
-5.67
-3.0
-9.33
-0.33
11.67
-11.0
-2.0
3.33
-7.33
2.0
9.33
-8.0
15.0
1.67
6.33
3.0
-7.0
-8.67
3.0
3.33
-1.0
7.67
4.67
3.67
2.33
-4.0
0.0
0.0
5.33
-4.33
-0.33
7.33
-9.67
-2.67
4.33
-1.33
9.0
2.67
11.33
-0.67
11.67
-0.33
-2.0
5.0
7.67
-1.67
-4.0
-0.67
3.33
5.33
11.33
4.67
3.0
7.0
7.67
-0.33
1.33
-8.0
10.33
1.33
2.33
-2.33
1.67
2.33
2.33
1.67
-2.0
-5.67
10.33
0.0
-4.0
7.67
3.0
2.0
0.33
-2.67
1.67
2.67
1.0
7.67
9.33
-1.0
12.33
4.67
-2.67
0.33
2.67
5.0
-5.0
10.33
15.67
4.0
-0.67
3.67
-0.33
8.0
6.67
9.67
9.0
0.67
6.33
10.67
5.67
-0.33
1.0
9.0
5.67
13.67
1.33
17.33
8.0
8.67
-3.33
1.0
8.33
7.33
4.0
8.33
2.0
4.0
8.67
9.33
2.0
5.67
-4.0
9.0
-6.33
5.0
8.33
4.67
6.33
-4.67
8.0
-0.33
11.67
1.0
3.67
-1.67
-6.33
4.67
-1.67
5.0
8.67
6.33
-5.0
3.67
1.33
-1.0
1.0
8.0
10.0
6.0
-2.67
5.0
3.67
2.67
10.67
1.33
6.0
2.0
-1.67
11.67
-2.33
-3.67
-7.0
-4.0
5.0
9.0
-3.33
-6.33
0.33
11.33
0.33
0.33
0.67
6.0
3.0
8.33
4.0
7.67
-0.67
-1.67
6.0
0.0
4.33
1.67
1.0
8.33
5.33
9.67
-2.67
10.67
5.0
1.0
15.0
4.67
9.33
-3.0
2.67
4.67
0.67
2.33
3.33
3.67
-0.33
9.33
0.67
8.33
7.0
-1.0
11.0
-4.33
-4.67
14.0
-1.67
-2.67
4.0
-5.0
-1.33
5.33
10.0
2.33
-6.33
4.0
-4.33
3.0
0.67
-5.33
7.0
7.33
0.0
2.67
-2.0
2.67
6.33
5.0
-5.0
0.67
-4.0
9.33
-3.0
0.33
-0.33
8.0
0.67
4.0
0.0
5.0
15.0
4.0
6.0
7.33
3.0
-6.67
1.67
-3.67
4.67
-3.67
4.33
0.67
-5.33
2.33
0.67
6.33
12.0
-0.33
-0.67
7.67
4.0
7.67
5.67
5.33
-1.33
2.67
3.33
3.67
2.0
1.33
1.0
1.67
5.0
-7.33
3.67
4.0
-5.33
4.0
-2.0
7.67
-2.0
1.67
-2.0
1.33
-2.0
-4.33
-5.0
0.67
3.67
5.0
-1.33
7.33
-1.33
0.33
-2.33
-0.33
3.0
3.33
1.0
-4.33
-2.67
4.67
9.67
-0.33
-0.33
3.33
-2.33
4.67
-6.0
2.0
-1.0
5.33
8.67
3.67
-0.67
-2.0
0.0
2.0
3.0
-3.67
-2.33
-2.0
-0.33
1.0
1.33
9.33
-3.67
-0.67
6.0
1.33
7.67
0.0
0.33
0.67
6.67
-3.67
1.0
3.0
-0.67
2.33
-2.33
2.0
6.33
4.67
-0.67
4.67
-2.67
3.0
-1.33
1.0
3.67
2.33
3.33
3.33
-0.67
2.33
0.33
-1.0
6.33
2.33
3.67
3.33
-0.33
1.67
-4.0
5.0
1.33
2.33
4.67
2.0
-1.67
0.67
-3.0
-0.33
1.33
4.33
1.67
-2.0
0.33
-4.67
1.33
-2.0
-2.67
-1.0
2.0
2.0
-2.67
8.0
0.33
3.33
1.0
7.67
9.67
0.67
-2.33
1.0
-3.0
-2.33
-1.33
2.0
