0.0
-128.0
-43.0
32.0
-9.0
-60.67
-86.0
-31.33
-54.67
-6.67
11.0
-43.67
11.67
73.33
-92.33
35.33
28.67
-6.67
8.67
16.33
2.33
-14.33
-15.67
8.67
3.33
-10.67
-29.33
9.33
-2.33
-2.33
1.33
-4.67
4.0
-3.67
2.33
1.33
-0.33
2.33
-1.33
-0.67
1.0
2.0
-0.67
2.0
-0.33
-1.0
-0.33
2.0
0.0
0.0
-0.67
-0.67
-0.67
0.0
0.0
1.67
0.0
-0.33
0.67
0.0
0.67
0.0
0.0
-0.33
0.0
0.67
0.0
-0.33
-0.33
0.67
-0.33
0.0
1.0
0.0
-1.0
1.0
-0.67
0.67
0.0
0.67
0.0
0.0
-0.33
1.0
0.67
-0.67
1.67
2.0
-0.33
-0.67
0.0
-0.67
1.33
0.0
-1.33
-0.33
2.67
-0.67
0.67
0.67
0.0
1.33
-1.0
0.0
0.33
-2.33
1.0
1.0
-1.33
-1.67
-0.33
-0.67
1.67
0.33
1.67
-1.33
-2.0
1.67
1.0
-1.67
1.0
0.33
2.0
1.0
-1.33
0.33
-0.33
0.33
-3.67
-3.0
8.33
0.67
-3.67
0.0
4.67
7.0
-0.67
-0.33
2.33
1.33
2.67
2.67
0.0
5.67
1.33
2.67
-0.67
3.0
0.67
3.67
3.67
2.67
-1.33
8.67
3.0
6.33
0.67
-1.33
5.0
3.33
0.33
10.33
2.33
0.0
4.0
3.33
-3.67
-4.0
0.67
4.33
2.67
-0.33
11.33
0.67
-1.67
-1.0
2.33
0.67
-0.67
-2.33
4.67
-0.67
3.67
-1.0
-0.67
3.67
-4.0
-6.0
0.0
0.0
-3.0
-3.0
2.67
7.0
1.33
0.67
5.67
0.67
15.67
2.0
-1.0
1.67
-1.0
4.33
-0.67
-3.0
-2.0
-1.67
-6.67
-8.67
3.33
3.0
4.33
0.33
2.33
-0.33
0.67
0.67
-3.33
7.33
-1.67
0.67
8.0
2.67
1.33
5.0
-1.0
4.67
7.0
0.33
1.0
7.67
-4.0
0.0
-6.33
3.67
8.0
-0.33
-4.0
4.33
4.0
10.0
3.0
-4.33
4.67
3.67
10.0
9.0
-0.67
0.33
2.33
-1.33
5.33
4.33
3.67
5.33
-1.0
-0.67
-1.33
0.0
-3.67
1.33
-2.67
6.33
6.33
-1.67
-1.33
6.0
5.67
-0.33
-2.33
3.0
0.67
4.67
2.0
-1.33
1.67
3.0
-1.33
7.67
-3.67
4.33
6.0
7.67
2.33
-0.67
5.0
-4.33
-2.67
4.0
1.0
4.33
0.33
1.0
0.0
1.33
6.67
6.67
8.67
1.0
9.67
1.33
8.67
-0.33
-1.0
3.67
9.0
0.33
5.67
5.33
4.33
-2.33
4.33
-2.67
6.0
4.0
6.0
4.0
0.33
1.67
2.0
-3.33
7.33
4.67
2.0
8.0
4.67
-2.67
-2.33
-1.67
-0.33
-5.33
1.0
4.33
-2.33
-0.33
-1.0
-2.33
-1.67
2.0
-0.67
-2.0
5.33
0.67
2.0
0.67
4.33
-0.67
6.33
2.67
-2.0
-0.33
10.33
-1.33
-1.33
1.33
-2.67
-2.33
1.67
7.67
-5.67
-0.67
5.67
-5.33
-1.33
-0.33
-2.67
0.0
2.33
2.67
-1.67
9.67
-1.33
3.0
7.67
0.33
0.0
-0.33
1.33
1.0
8.0
2.0
0.33
-0.33
5.33
2.0
2.0
-1.67
1.33
-1.0
-2.33
0.33
3.33
-6.33
9.0
-3.0
2.0
1.67
6.33
3.67
1.0
4.33
0.67
3.33
-1.67
5.33
0.0
-2.0
8.0
0.67
0.67
-1.0
-0.67
3.67
2.67
3.0
3.33
6.33
4.67
3.33
4.0
4.67
7.33
2.33
5.67
3.0
0.33
7.33
2.67
2.67
7.0
2.67
-4.0
-3.0
1.33
4.0
0.67
1.33
-1.67
-2.67
4.33
5.67
-5.33
0.0
6.33
-3.67
-1.0
3.67
0.33
-6.67
5.33
0.33
1.0
-1.67
-3.0
-3.67
1.33
5.0
5.67
-0.33
0.0
-5.0
-3.67
2.33
-2.67
2.67
3.67
-6.0
1.67
3.0
-3.0
-1.0
2.67
-1.33
1.0
-0.33
3.67
4.0
1.0
-4.67
5.67
0.67
-0.33
-4.67
-2.67
3.0
-1.0
6.33
0.33
-0.67
1.33
-0.33
-0.67
-1.33
0.0
2.67
-4.33
1.67
1.67
1.33
1.33
0.33
-2.33
-4.0
-1.67
-0.67
1.0
1.0
2.33
7.33
1.0
2.33
-0.33
-3.33
1.0
2.33
0.67
-3.33
1.0
3.0
0.0
1.33
1.33
0.67
-1.0
1.0
-1.67
-5.0
-0.33
-1.33
0.0
3.0
3.67
7.33
-2.33
2.67
-6.33
0.0
3.67
4.0
-1.33
3.0
-0.33
0.0
2.33
-2.0
6.0
1.0
1.67
3.0
0.0
4.0
-3.0
1.67
-1.33
2.33
1.33
-1.67
-3.67
-3.0
-1.33
-1.67
2.0
-3.0
-1.67
-2.67
6.0
0.67
-2.0
2.67
1.0
-2.0
-2.0
1.67
-2.67
-1.0
-1.33
0.0
-4.67
-0.33
-2.67
-3.67
1.0
1.0
-1.33
4.33
-2.0
0.33
-3.67
0.0
-3.0
2.33
0.0
-0.67
1.0
1.0
3.0
4.0
-1.0
-1.0
-2.33
-2.33
-0.33
3.0
1.67
-2.0
1.0
-3.33
-2.67
-0.67
-2.33
0.0
-0.33
-0.33
0.67
0.0
-0.33
0.0
-1.33
-0.67
2.33
-1.33
1.0
1.67
0.0
-0.33
-2.33
0.0
0.67
0.33
-3.0
-3.0
2.0
-3.33
2.0
3.33
-1.33
-0.67
-4.0
-0.67
3.67
-1.0
-2.67
0.67
1.67
5.0
1.67
-2.0
-0.33
0.67
4.0
1.67
2.0
1.67
0.33
-2.0
0.33
-1.33
4.67
-1.0
-3.33
-1.67
-4.0
-1.33
-5.67
4.0
-1.67
1.0
0.67
-2.0
3.67
-0.67
4.67
-0.67
-4.33
0.0
-3.67
0.0
-2.33
-1.0
1.67
-4.67
0.0
0.0
-5.33
-1.67
0.0
-5.67
2.33
0.0
-2.67
-1.0
-3.67
-1.67
-2.67
-3.33
2.0
-4.67
-3.67
1.0
-3.67
-5.0
0.33
-3.33
1.67
-2.67
-2.33
-8.33
-1.67
-1.67
1.0
-3.67
-3.33
3.67
-5.0
5.0
-1.33
-5.33
-2.67
-4.0
-4.33
-2.0
2.67
-0.33
-6.33
3.33
-4.0
-5.67
-3.33
-6.0
-5.0
-4.67
-4.33
-4.0
-3.67
-5.67
-5.0
7.0
-1.33
-3.67
0.33
3.67
-7.67
0.33
-8.33
5.33
-5.33
-2.0
-3.0
-2.33
-9.67
-1.67
-3.33
-6.67
-2.0
1.67
-9.0
-3.0
-2.33
-0.67
3.0
0.0
-6.0
-5.33
-10.0
-6.33
-3.67
-3.67
-2.0
-3.67
0.0
-5.0
-10.67
-4.67
-3.67
-2.0
-1.67
-4.67
-4.0
-7.67
8.67
-4.0
-2.33
-0.33
-4.67
-7.67
-1.0
1.67
-1.33
-4.67
4.33
1.0
-6.0
-0.67
-0.33
3.33
-0.67
6.67
4.33
0.67
4.33
13.0
4.33
12.33
16.0
10.33
11.33
22.0
25.0
29.33
22.0
17.0
22.67
25.0
45.33
34.33
33.0
44.67
31.33
15.67
17.67
23.0
10.67
12.33
13.0
11.33
-3.33
6.67
5.0
8.0
4.33
-4.67
-1.33
4.0
-0.67
7.67
-9.33
-10.67
-6.67
-4.67
-8.33
4.0
-3.67
3.33
7.33
-0.33
-2.0
-6.33
-8.33
0.0
1.33
7.0
-1.0
-5.67
4.0
7.33
-3.33
-6.0
-8.0
4.0
1.33
5.67
-3.67
-5.0
-8.0
1.0
-2.0
-0.67
-4.0
-1.33
-2.33
-11.33
6.67
-4.33
-1.0
-0.67
-9.67
-2.0
-1.0
-5.33
0.67
-0.33
-3.0
-5.0
-6.0
-8.67
-7.33
-2.67
-1.0
-5.67
-1.67
-8.33
-2.67
-8.33
-10.0
3.33
-8.0
-7.67
-4.0
-3.0
2.33
-0.67
5.33
-10.67
-4.33
2.33
-12.0
0.33
-1.33
-5.67
3.33
-7.33
3.0
-4.33
0.33
4.33
-0.67
1.33
-6.33
-3.67
1.33
3.67
4.33
-5.0
-1.0
-3.0
-11.0
2.0
-6.67
3.0
-1.0
-8.0
-10.67
-5.0
-1.0
1.0
-9.33
-1.33
-7.67
-1.67
3.33
4.0
-11.0
-7.0
-9.67
-1.33
2.67
-5.0
3.67
-6.33
-2.0
5.0
-3.0
-5.33
-11.67
-5.33
1.67
8.33
-7.33
-1.33
-10.67
-6.67
-9.33
1.0
-2.67
1.67
-3.67
4.67
2.0
4.33
-4.33
-3.67
1.33
-7.0
-4.67
-8.67
-1.0
-8.33
1.67
-3.67
-4.0
-3.67
-1.67
-5.67
-7.33
-4.33
-4.33
-7.67
7.0
1.33
2.67
-8.33
1.0
-5.33
-3.67
7.33
1.33
-1.67
-5.33
-3.0
-3.0
-3.0
5.67
3.67
-1.33
0.33
-8.0
0.0
-3.0
6.0
1.33
-7.0
-5.67
7.33
-4.33
-2.67
6.33
5.33
-1.0
-3.33
-0.67
9.0
-2.0
5.67
8.33
6.67
5.33
12.33
30.33
29.67
14.33
10.33
20.0
17.0
23.67
6.0
7.67
32.0
23.33
17.33
16.67
15.33
14.33
6.33
14.67
12.0
8.0
10.0
10.0
3.33
6.0
-6.0
5.33
6.67
9.67
-1.33
-1.0
1.0
9.0
-2.0
8.33
8.33
2.33
0.0
4.0
0.67
-7.0
10.67
5.33
5.0
-4.0
6.67
11.33
2.67
12.33
1.33
6.33
-1.67
9.33
6.0
2.0
6.67
0.33
8.33
11.67
0.67
2.0
11.0
-3.0
3.33
3.67
5.0
0.67
3.0
21.0
6.67
-5.33
6.33
3.67
5.67
13.0
6.0
2.33
3.33
9.33
10.0
6.0
0.67
-1.0
4.33
3.33
2.0
6.67
9.67
3.67
10.33
6.0
9.33
5.67
2.33
8.0
4.67
1.0
8.33
-2.0
7.67
5.0
7.33
-2.67
0.67
0.67
10.67
8.67
19.33
9.33
5.0
11.0
7.67
7.0
5.67
6.67
11.33
1.33
9.33
9.67
10.33
3.67
-3.0
-5.67
15.0
2.33
14.33
-2.67
2.67
4.33
2.67
-3.33
11.67
-1.0
5.33
4.67
6.0
-0.67
15.33
8.67
1.0
-0.67
6.33
12.0
11.0
9.0
-4.0
-1.0
13.0
5.67
6.67
14.33
-2.0
5.33
7.0
3.67
14.33
3.0
0.67
5.33
11.67
1.67
-2.67
0.67
14.33
13.0
5.67
10.67
11.67
5.33
2.67
13.67
9.0
7.0
10.0
6.67
-3.33
-0.67
13.0
10.0
7.33
4.33
12.33
11.33
8.0
4.0
6.0
-0.33
5.0
1.67
5.33
3.0
5.33
6.33
13.0
3.33
12.0
-0.67
8.33
-0.33
13.0
12.0
10.0
5.67
-1.33
5.0
8.67
1.67
4.33
8.67
1.67
3.67
10.67
13.33
18.0
1.67
6.67
1.33
10.0
22.67
6.33
6.33
11.0
7.0
9.67
9.0
9.33
4.67
5.0
8.67
13.0
5.67
4.33
12.0
5.67
9.0
8.0
4.33
13.33
11.0
8.33
21.0
4.33
10.67
7.33
5.33
13.0
11.0
7.67
21.33
11.33
3.67
14.0
2.67
14.33
23.0
18.33
18.33
18.0
12.67
19.33
19.0
22.0
21.67
30.33
24.0
16.67
33.0
28.0
26.33
27.67
34.33
31.67
36.0
31.0
42.33
40.67
48.33
63.33
50.0
62.33
86.67
94.0
73.33
108.0
129.0
102.33
99.0
143.33
107.33
137.67
106.67
112.67
117.33
116.0
98.0
99.67
108.33
96.33
91.67
79.67
80.33
41.33
42.33
71.0
53.33
50.33
26.67
30.0
23.0
15.67
20.33
9.33
19.33
5.67
7.33
17.33
32.67
1.33
8.33
15.67
10.67
18.0
11.33
23.67
1.67
7.67
3.0
1.67
3.33
21.0
-1.67
9.67
9.0
9.67
13.0
15.67
18.33
8.33
2.67
4.0
8.67
15.0
3.33
11.67
0.0
-1.0
5.0
14.0
3.67
6.33
1.33
10.0
0.67
14.0
3.33
6.33
6.0
7.67
9.67
10.0
7.67
6.0
9.67
8.33
-6.33
18.33
4.33
7.67
9.33
11.33
12.33
9.33
14.33
16.0
24.0
7.33
8.67
15.0
13.67
5.67
12.67
9.33
11.33
5.33
24.0
16.0
9.33
7.33
1.0
7.67
13.67
14.33
5.0
13.67
7.0
2.67
7.33
4.33
4.0
19.33
11.67
17.33
13.67
14.67
13.0
16.33
3.0
6.33
9.33
1.67
16.0
13.0
22.33
9.0
6.33
8.33
9.67
11.67
6.0
-0.33
4.0
3.67
11.33
14.67
-5.0
5.67
9.67
1.67
5.67
6.0
8.0
4.33
12.0
19.33
6.33
7.0
7.33
-0.33
10.0
5.33
2.33
-1.0
14.33
19.67
5.33
12.33
7.33
5.33
1.0
4.67
6.67
8.33
10.0
9.33
8.67
6.67
2.0
-7.33
-3.67
11.67
-1.33
6.33
13.0
0.33
1.33
12.67
12.33
15.0
15.67
3.0
6.33
-2.33
-5.0
23.33
22.0
16.0
8.0
19.0
14.33
21.33
26.33
31.33
19.0
28.0
26.33
27.67
24.33
14.0
34.0
35.33
36.67
32.33
55.33
35.67
21.67
26.67
39.0
17.67
32.67
28.33
32.33
34.0
36.33
34.0
25.67
37.33
15.33
12.67
18.0
-1.0
24.33
6.0
14.33
11.67
7.33
4.33
14.0
2.33
20.0
15.67
5.33
8.0
5.67
10.67
9.67
7.33
4.67
2.33
6.67
15.67
-7.67
10.0
12.33
2.33
9.67
-5.67
17.0
13.0
-0.33
3.67
8.33
4.0
2.67
-7.33
5.67
5.67
1.33
1.67
7.0
16.67
5.0
-14.67
7.33
-1.0
11.33
-2.33
-0.67
3.0
1.67
-1.67
2.33
-7.0
15.33
6.33
-0.33
7.0
12.0
-2.0
4.67
12.0
5.0
-1.0
13.0
5.33
12.67
8.67
4.67
2.33
9.33
14.67
14.0
1.0
-2.0
1.33
6.33
-0.33
6.67
-8.0
8.0
-1.0
5.67
-2.33
11.0
-2.67
-8.0
6.67
14.33
5.33
12.0
16.67
-0.67
10.33
8.33
2.0
8.33
-3.0
6.33
4.0
5.67
6.67
2.67
10.67
0.0
3.67
-7.67
-2.0
-3.33
-5.33
-0.33
-6.0
9.0
6.33
2.67
4.0
-6.67
-13.0
1.0
14.67
9.33
-3.0
2.0
4.33
-2.0
1.33
11.0
-6.33
7.67
-7.33
5.33
17.0
-3.0
0.0
-1.67
-9.33
0.67
4.33
-11.67
-4.67
-3.67
-0.33
5.0
3.67
11.33
3.33
4.67
-8.33
0.0
4.0
0.67
3.33
6.0
-6.67
8.33
-6.67
0.33
-6.33
6.0
2.0
0.67
-1.33
-4.67
0.0
4.33
2.33
-2.67
-0.33
-1.33
-0.67
3.33
-9.33
4.0
-0.67
16.33
4.0
-2.0
5.67
2.0
-1.0
0.33
-2.67
0.67
2.67
8.0
3.67
7.33
1.0
8.33
3.67
7.33
-1.67
2.67
1.0
-6.0
-3.67
-3.33
4.0
7.33
0.67
7.67
4.0
5.67
-0.33
0.0
2.67
5.33
-3.33
4.67
7.67
7.0
10.0
3.67
17.67
10.33
5.33
10.0
1.67
14.67
-4.0
7.33
13.33
9.0
0.33
0.0
14.0
18.67
5.33
1.0
3.67
-5.0
-4.0
0.67
13.0
-0.67
10.67
10.33
-3.67
-4.0
0.67
4.67
0.0
2.67
-2.67
0.67
5.67
-0.67
3.0
12.67
12.33
0.0
4.67
1.33
3.0
-4.0
5.0
8.0
9.0
9.33
2.0
-0.33
-4.33
2.67
1.33
6.0
-1.0
-10.67
-3.33
6.67
4.33
4.0
2.0
5.0
3.0
-4.33
-3.33
1.33
-2.67
-1.67
-3.67
1.67
3.0
-3.0
0.33
5.0
8.67
4.33
-8.67
1.0
-1.0
5.33
6.67
0.0
-0.67
10.33
6.67
-2.67
3.67
1.0
1.0
1.0
10.67
-2.67
2.0
0.67
7.67
-1.33
-6.67
3.33
4.67
-1.33
-2.67
-4.33
2.33
-2.0
-3.0
-3.0
-1.33
7.33
7.0
-4.67
0.33
1.0
-4.0
4.67
-1.67
6.0
-0.67
2.67
0.0
5.67
-3.0
5.67
-4.33
9.0
-1.67
-2.0
14.67
11.0
2.67
0.33
1.0
-6.0
-0.33
-5.0
5.33
3.0
4.33
-3.33
-3.0
5.67
3.0
8.0
-3.0
11.0
6.0
5.0
-3.67
4.0
0.33
-0.33
4.33
1.67
1.33
-1.67
-1.33
-1.33
1.33
2.67
1.33
10.0
0.67
3.33
1.67
2.0
1.67
6.67
3.33
6.67
13.67
2.33
0.67
5.0
5.33
2.0
6.67
3.0
3.67
-0.33
10.0
-4.33
1.0
-2.0
-0.33
3.0
1.67
4.0
4.33
1.0
2.67
0.0
-0.33
-0.33
1.0
8.67
2.33
-1.33
2.33
-0.33
-1.33
0.0
-3.67
5.0
4.67
-2.67
1.67
4.67
-1.33
1.67
0.33
1.67
-4.33
-4.0
-2.0
1.0
2.33
3.67
4.67
5.33
2.0
5.0
2.0
3.0
2.33
-8.33
0.0
2.67
4.0
-0.67
-3.67
0.33
6.33
1.0
1.33
5.67
5.0
0.33
6.67
2.67
0.33
11.0
3.0
-0.67
1.33
2.67
4.0
1.33
2.67
-0.67
2.67
7.33
4.0
8.67
-1.0
0.67
7.33
-1.67
-0.67
3.33
1.33
5.33
-5.0
-1.67
0.33
0.67
-0.67
2.67
0.67
4.0
1.0
-4.67
2.33
1.67
4.0
-1.67
0.67
-4.0
0.67
6.33
5.33
1.67
3.0
0.33
0.33
-1.67
1.0
-5.67
4.0
11.0
-3.0
3.33
2.0
0.33
-1.67
2.0
6.67
4.67
-0.33
-0.33
-1.0
-2.0
-0.33
2.67
1.0
