0.0
57.33
33.0
5.33
1.67
-70.67
-28.0
32.67
43.33
24.67
-14.33
-39.33
-27.33
-22.0
-77.33
42.0
-45.67
-40.33
5.0
4.67
-2.0
-26.33
-3.0
8.0
9.67
-7.67
-1.33
-6.67
6.33
6.33
-0.67
3.33
0.33
-3.0
-4.33
3.0
-0.67
0.0
-3.33
1.33
0.67
-1.0
0.0
-1.0
-0.67
0.33
1.0
0.0
-0.33
0.67
-0.67
0.0
0.0
0.33
0.0
0.67
0.67
-1.33
1.0
0.67
0.0
-0.33
1.0
0.67
0.0
0.0
0.0
0.0
0.0
-0.33
0.33
2.0
0.0
-0.33
2.0
0.0
-0.67
-0.33
0.67
-1.33
0.0
-0.33
-0.33
0.67
0.0
-0.67
-0.67
-0.67
-0.33
1.0
-0.33
-1.33
-0.67
1.0
-0.33
-0.67
0.67
-0.67
0.33
3.0
-1.0
-0.67
-1.67
-0.33
-1.0
-1.33
1.67
-0.33
1.0
2.0
1.0
-1.67
-2.0
3.67
2.33
2.0
-2.33
-1.67
3.0
2.0
-1.67
0.67
3.33
3.0
-2.0
7.0
4.0
4.33
3.33
-1.0
1.0
-1.67
1.0
-0.67
0.0
0.0
-0.67
4.67
-2.33
3.0
0.33
-3.67
7.0
-4.67
-3.33
-2.0
0.33
-7.33
6.0
0.33
-2.67
3.67
4.0
0.67
2.33
2.67
4.33
-3.33
4.33
0.33
1.0
2.33
15.33
10.67
3.67
10.0
-1.0
-4.33
0.33
3.0
-1.0
5.0
-0.33
2.0
4.33
-3.0
-0.33
0.0
1.33
-2.67
7.0
3.33
3.67
-1.0
-0.67
-3.67
-0.33
-2.33
-3.0
4.33
-2.67
-1.33
-1.33
2.0
3.33
3.33
9.33
9.0
-2.67
-0.33
-1.0
0.0
2.67
5.0
1.33
6.67
0.33
0.0
2.67
-5.67
2.0
3.67
8.33
5.33
-2.0
5.0
-2.33
2.67
3.67
2.67
-0.33
2.67
6.67
1.33
5.0
9.33
4.67
3.0
9.0
1.33
4.67
1.67
9.0
0.67
3.33
1.67
-1.67
3.67
9.67
-3.67
0.33
4.67
0.67
-4.0
4.67
4.67
3.33
3.67
-3.33
-2.0
-0.67
4.67
4.0
0.33
1.33
4.33
-1.33
6.33
0.67
7.33
6.67
1.33
1.33
6.0
2.33
-2.33
-1.0
1.67
-1.33
2.0
7.0
-0.67
4.0
0.67
8.0
3.67
8.0
7.33
4.0
8.0
-6.33
0.0
4.0
0.33
-2.67
5.33
7.67
5.33
-1.0
2.0
-1.67
4.33
4.0
6.33
1.33
-1.0
0.33
4.0
-2.33
1.67
2.33
-2.33
5.67
-0.33
3.33
4.0
0.0
-4.67
3.67
-1.67
5.67
2.0
-2.67
-3.33
-0.33
3.33
0.33
2.67
-1.33
-4.0
1.67
-2.0
0.0
-0.33
0.0
-1.33
5.0
-2.0
1.67
-0.33
-2.0
-0.67
0.67
-4.67
-3.67
4.33
4.67
3.0
1.33
0.0
1.0
4.33
-4.0
1.33
-1.33
5.67
0.67
2.0
-0.67
1.33
1.67
-5.0
6.33
0.0
5.67
1.33
1.67
5.33
1.67
0.0
4.0
-1.0
-1.33
0.0
-1.67
-2.67
4.33
5.0
3.33
4.0
6.0
2.67
7.67
-2.33
1.67
-3.67
5.0
-9.33
2.67
4.0
1.33
4.0
6.67
1.0
-3.67
0.0
-0.67
3.33
1.0
2.67
-2.0
-0.67
7.0
1.67
-3.0
1.0
-0.67
-1.33
-1.67
4.33
-0.67
0.0
-3.0
0.33
0.67
2.33
6.0
7.67
-0.67
-5.33
0.67
1.33
3.33
-2.0
1.0
-3.33
3.67
-1.0
-2.33
6.0
-0.67
-0.67
-3.0
-3.67
0.0
0.67
0.33
-4.0
0.0
-1.33
1.0
5.0
-1.33
1.0
-3.33
4.33
-2.0
-0.67
2.67
9.0
-1.67
3.67
5.0
-4.33
1.33
-1.0
-0.33
0.0
4.33
6.0
4.67
1.67
0.33
1.0
-1.0
-0.33
0.67
2.33
0.33
-1.0
7.33
2.67
2.33
-1.0
-1.33
4.67
10.0
2.0
0.67
3.0
6.0
2.33
2.0
-2.0
-2.67
0.0
4.33
-1.33
-3.33
3.0
-1.33
-2.33
0.67
2.67
8.33
-1.33
3.67
1.33
-0.33
-4.67
1.33
0.67
1.67
-1.67
2.0
-1.0
3.67
3.0
-0.33
2.33
2.67
1.33
2.0
3.33
-1.67
3.67
5.67
-2.33
3.67
-1.67
2.67
4.0
3.67
1.33
3.67
3.67
-5.0
2.0
5.0
-3.0
-4.33
-0.33
-2.0
-2.0
-3.0
3.67
-0.33
-1.67
5.33
1.33
1.67
-1.0
0.0
6.33
0.67
4.33
-2.33
2.0
6.33
-0.33
-0.67
1.33
-2.0
-0.33
1.33
2.33
0.67
3.0
2.0
-1.67
-6.0
0.67
2.67
-1.0
0.0
1.33
1.33
1.67
-0.67
0.0
1.0
3.0
-0.67
3.33
-2.33
2.33
5.0
2.0
5.33
4.33
9.67
2.67
1.67
5.0
3.33
-2.33
-0.67
2.67
0.33
4.33
-1.33
5.67
-2.0
1.67
0.67
1.0
2.67
0.33
0.33
-2.0
0.0
4.33
-2.33
2.0
-3.33
-1.33
-4.0
0.33
-3.67
1.0
7.0
3.0
-0.33
2.0
0.0
1.67
5.67
-0.33
-2.0
-2.33
-1.0
3.0
0.0
-0.33
0.67
1.67
-3.0
5.0
-1.0
1.33
-1.33
-2.67
1.0
1.67
0.0
5.0
-1.0
2.0
-2.67
0.0
4.0
0.33
-1.0
2.33
1.0
-1.33
2.0
2.0
0.33
-1.67
0.33
4.33
2.33
-0.67
3.67
0.0
1.33
2.67
7.0
-3.0
4.0
1.67
1.33
-5.33
0.0
-2.67
4.0
-2.67
0.33
2.0
-5.0
-1.33
-2.33
1.0
-3.33
1.0
-1.0
1.67
-5.67
0.0
0.33
1.0
-2.33
1.0
5.67
2.0
1.33
4.0
3.33
-0.33
3.67
3.33
1.33
0.0
-2.67
3.33
-2.0
2.33
-0.67
-2.67
-4.67
-2.33
1.33
-3.33
2.67
2.67
0.33
3.0
-1.0
2.67
4.33
-1.67
3.0
0.33
4.0
3.0
6.33
3.67
0.33
6.67
4.33
-0.33
1.33
1.33
-3.0
4.0
0.67
5.0
0.0
0.33
-0.67
3.0
1.0
1.0
1.33
2.0
5.33
8.0
1.67
2.67
7.33
0.67
-0.33
-3.0
1.67
0.67
-2.67
6.33
5.33
3.0
5.33
-0.33
4.67
1.0
3.0
-5.33
2.0
-0.67
2.0
1.0
6.0
4.0
1.0
2.33
5.0
4.0
1.67
0.67
6.67
-1.33
0.0
2.67
6.33
1.33
2.0
4.33
1.0
0.0
4.33
7.0
4.0
0.0
-2.67
4.33
2.0
4.0
-0.33
0.67
3.33
-0.67
0.67
-1.0
4.0
5.0
-1.0
6.67
2.33
6.33
1.0
5.0
4.67
5.67
3.0
3.67
1.67
9.33
2.33
11.33
5.0
0.33
4.33
9.0
3.67
1.33
2.0
7.67
-2.33
6.0
12.67
-3.33
11.0
12.67
5.33
8.0
1.0
6.33
4.0
4.0
5.33
4.33
2.33
6.0
7.33
-1.0
0.0
4.33
6.0
2.33
3.67
7.67
7.67
9.33
9.67
0.33
5.0
3.33
10.67
3.0
1.0
6.0
3.33
1.67
0.0
9.67
8.67
4.33
1.67
10.0
0.33
5.67
1.0
3.0
-2.33
0.33
11.67
11.33
3.67
6.33
8.0
11.0
5.33
3.0
8.67
16.0
10.0
5.0
9.33
1.67
3.67
11.0
9.0
6.67
12.33
2.67
3.67
9.33
13.33
9.67
6.0
9.33
11.33
11.0
8.67
0.67
10.67
6.0
12.67
10.33
16.67
15.33
8.0
13.67
5.67
11.33
8.0
7.67
13.33
13.0
9.33
12.67
5.33
9.0
15.0
8.67
7.67
17.67
12.33
10.67
12.33
4.0
10.67
16.0
11.0
12.33
20.33
12.0
5.0
8.67
8.33
23.33
14.33
25.0
16.33
10.0
17.0
20.0
30.0
33.0
44.67
46.33
54.67
65.67
52.67
48.0
60.67
62.67
71.67
70.33
75.0
69.67
59.0
64.0
51.67
71.0
83.67
96.0
85.33
112.67
110.33
88.67
108.0
137.0
113.67
90.67
88.0
75.33
54.33
50.67
55.67
29.33
34.33
25.0
24.0
17.0
15.0
5.0
11.67
24.33
6.0
10.0
22.0
12.33
18.33
16.33
17.33
17.67
14.33
27.33
35.0
30.33
33.33
46.0
47.33
58.67
43.67
49.0
58.67
67.67
64.33
53.0
91.33
72.0
50.0
73.33
61.67
50.0
61.67
42.33
35.33
25.33
31.67
23.67
32.33
13.67
27.67
24.0
19.0
19.33
15.0
14.33
19.67
16.0
11.67
29.67
14.0
10.33
17.0
13.0
13.0
29.67
21.67
20.0
23.33
17.67
18.0
7.67
23.67
9.0
19.33
22.0
22.33
25.67
32.33
23.33
25.33
31.0
22.33
37.33
37.0
39.67
39.33
39.0
30.67
35.0
42.67
51.33
50.33
49.67
53.33
37.67
49.67
57.33
50.33
40.67
60.0
49.67
62.0
51.67
33.33
39.33
49.67
48.67
42.67
53.67
29.33
37.33
30.33
26.67
36.67
32.33
31.33
33.33
37.33
31.33
26.33
39.0
26.0
33.0
22.67
50.0
41.0
28.0
30.67
33.67
32.0
23.0
27.0
28.33
29.67
27.67
33.67
23.33
19.0
29.0
18.0
17.67
26.67
24.0
18.33
19.33
9.67
26.33
12.33
15.0
22.67
17.0
8.33
16.33
16.0
11.0
12.0
14.67
10.33
18.0
10.0
4.0
7.0
9.0
11.67
7.33
13.33
9.67
20.0
5.33
11.33
6.33
12.0
12.67
13.67
14.33
11.0
7.33
10.33
11.33
5.67
12.67
25.67
11.0
18.33
15.33
21.33
30.0
23.33
17.67
40.0
15.67
21.0
16.67
16.67
28.33
21.67
40.67
22.67
25.0
35.0
30.67
38.33
29.0
15.0
28.33
25.0
5.67
16.33
6.0
18.0
19.67
19.33
3.67
13.67
13.33
26.33
29.67
40.33
40.67
33.33
38.33
52.67
69.33
100.33
112.0
109.0
121.33
128.67
139.33
145.0
160.33
150.67
143.33
153.0
159.33
175.67
156.67
145.33
129.67
142.67
127.67
127.0
136.67
117.33
135.67
132.67
123.33
94.67
99.0
102.67
105.67
79.0
73.0
64.67
62.33
60.0
47.33
52.0
32.0
24.33
25.0
37.0
25.0
13.67
15.67
27.67
15.67
27.0
15.67
22.0
22.33
12.33
26.33
29.67
23.67
26.0
36.33
21.33
29.33
42.0
36.0
29.33
32.33
33.33
37.33
32.33
32.67
23.67
34.33
35.67
43.33
28.67
32.33
45.33
27.67
26.0
22.33
24.33
31.33
28.67
20.33
32.33
14.0
24.33
24.67
27.0
23.67
9.67
24.0
26.0
13.67
28.0
23.33
22.33
25.33
12.0
21.67
9.67
25.33
10.67
18.67
11.67
15.0
10.0
10.0
21.0
16.67
3.33
9.0
19.0
18.33
7.33
5.33
12.0
8.33
3.67
8.67
17.0
19.67
15.67
12.0
12.67
10.33
13.33
7.67
22.67
9.0
17.33
23.67
18.67
10.67
13.67
6.67
23.67
28.33
31.33
17.0
22.67
20.33
28.33
25.67
29.33
24.67
20.33
21.0
39.33
28.0
18.67
27.33
28.33
42.0
43.0
29.0
21.0
27.0
36.67
20.33
23.0
28.67
30.33
27.0
39.0
25.33
20.33
28.67
30.0
25.67
17.0
12.67
15.67
12.0
8.67
14.67
31.0
26.33
34.0
24.0
20.33
32.33
31.67
29.67
19.67
42.0
31.33
40.67
61.0
57.33
52.0
46.33
48.67
45.0
44.0
50.67
38.0
43.67
30.0
50.33
39.0
30.33
28.67
47.33
16.0
25.33
29.67
17.67
16.33
22.67
12.67
23.67
25.33
13.0
15.67
22.0
23.67
9.67
12.33
2.0
9.67
4.67
5.0
6.0
3.67
16.67
7.33
8.0
23.0
13.67
12.0
8.0
17.0
19.0
16.67
5.0
21.33
14.0
20.0
2.33
8.0
7.33
6.33
3.33
8.0
13.33
-0.33
11.67
14.33
12.0
12.67
20.0
11.33
16.67
11.67
10.67
10.33
17.67
10.0
11.67
23.67
9.0
10.33
15.0
26.67
25.0
14.33
20.0
14.67
20.0
10.33
9.0
19.33
18.33
13.33
10.0
15.67
8.33
4.33
6.0
7.67
8.67
9.67
9.67
-4.0
13.33
15.33
4.67
-6.0
1.67
-0.33
-2.67
12.0
18.67
6.33
5.33
3.67
18.33
8.67
0.0
-2.33
10.67
2.0
6.33
0.33
12.67
8.0
-2.33
-11.67
12.0
13.33
7.0
1.67
-1.67
-2.33
2.0
8.33
13.67
-6.33
4.33
4.33
-1.67
12.67
-1.0
19.67
4.33
16.0
5.33
5.33
13.0
8.0
5.33
-2.67
6.0
13.0
1.33
3.33
14.67
8.0
5.67
-8.67
2.67
1.33
11.67
8.0
-3.67
15.0
18.33
1.0
9.33
2.33
-5.0
13.0
5.33
6.33
-0.33
13.33
2.33
18.67
12.33
6.33
2.33
10.0
1.33
-0.67
-5.0
11.0
10.33
1.33
-1.0
7.0
-7.0
6.33
13.33
20.33
11.67
8.67
6.67
5.33
3.33
6.0
-6.33
2.33
9.0
6.67
13.67
11.67
12.67
0.0
3.0
10.67
2.67
17.33
-5.0
17.67
16.67
5.33
10.0
7.33
12.0
13.0
19.33
9.67
6.33
10.0
15.33
9.33
12.33
10.0
4.33
18.67
16.0
2.67
15.33
18.33
8.67
13.67
5.0
17.33
9.0
10.0
20.33
0.0
8.67
3.33
-10.33
18.67
1.33
3.0
12.0
14.67
9.0
3.33
5.67
-0.33
2.67
2.67
13.33
21.0
5.33
14.67
20.0
18.33
10.33
11.67
4.0
1.0
7.67
9.33
2.0
2.67
-0.67
11.0
11.33
2.67
-0.33
2.67
11.33
15.0
1.67
6.67
5.67
-4.67
11.0
13.67
25.67
3.33
-5.33
3.67
15.33
10.67
7.67
2.67
2.33
6.0
1.67
17.0
6.33
9.67
8.0
11.67
6.0
15.67
-1.0
8.0
6.33
20.0
4.0
3.0
6.67
-2.67
5.67
9.33
13.67
7.33
4.0
3.67
10.0
16.0
2.0
6.0
2.0
11.67
8.33
-1.33
3.67
6.67
0.33
6.33
3.0
4.33
6.67
6.0
-1.0
-0.33
7.0
2.67
11.67
0.33
1.33
-1.0
-2.0
6.0
6.0
-9.33
-0.67
-4.67
1.0
-1.0
11.67
6.0
8.0
-4.67
-6.0
5.0
7.67
-4.0
9.0
3.33
10.33
-2.33
2.33
-1.33
-0.33
10.67
-4.33
6.33
1.67
1.0
4.33
-8.0
-5.33
9.33
-3.33
-5.67
6.33
5.33
-7.33
-6.0
-1.0
7.67
-1.67
-2.67
-2.33
10.33
2.33
-1.67
6.67
10.33
-0.67
2.33
-0.33
-3.0
7.67
22.0
18.33
2.0
13.0
6.33
8.33
-0.33
-3.0
9.0
6.33
3.0
-0.33
2.0
2.33
6.67
1.33
1.0
6.0
5.67
-4.0
6.67
5.0
6.67
7.0
-3.33
-1.67
2.67
0.33
-0.33
16.67
6.67
-7.0
10.0
4.33
4.33
5.67
-6.0
5.33
-2.0
0.67
4.0
3.33
4.33
8.0
-1.67
9.67
13.0
5.0
-4.0
0.67
5.33
5.67
-1.0
-0.33
5.67
6.0
-1.33
1.33
2.67
2.0
1.33
7.67
3.33
7.33
4.33
-2.0
-1.33
-1.33
7.0
-1.33
10.33
0.33
-4.67
2.33
19.0
4.33
0.67
3.33
1.33
3.67
2.67
-3.33
-2.33
-6.0
1.67
-2.33
2.0
11.67
10.67
-5.67
4.67
-1.67
1.0
5.0
5.33
-5.33
1.33
3.67
2.67
-0.67
0.67
2.67
-2.0
6.33
2.33
3.33
6.33
-3.67
2.67
4.67
1.67
-0.67
-1.0
5.33
1.33
8.0
2.67
-5.0
7.0
10.0
7.67
9.33
11.0
5.0
16.33
4.0
0.0
1.0
1.33
-1.0
7.67
7.67
8.67
-0.67
-0.67
14.0
-5.0
-4.67
2.67
1.33
2.33
-0.67
1.0
7.0
-3.33
-2.33
5.67
7.0
6.0
3.67
0.67
3.33
3.33
2.33
2.67
11.0
-0.33
0.67
6.67
-1.33
1.67
4.33
5.0
4.33
11.0
-7.0
10.33
-3.67
1.67
-0.33
2.0
3.0
3.33
2.33
-5.33
-2.0
9.33
7.33
2.33
2.33
-2.33
-1.67
6.67
5.0
-2.0
-1.33
4.67
0.0
-3.67
0.67
-4.33
3.0
-1.0
4.0
-4.33
8.33
0.67
-3.33
0.67
-4.67
1.33
2.0
4.67
4.67
-2.67
2.33
-1.0
1.0
4.33
-4.67
-3.67
-2.0
-4.67
-3.0
-3.0
1.33
1.0
-0.33
-2.0
-4.67
-2.33
-0.67
-0.67
3.67
1.67
2.0
-2.0
3.67
3.67
0.67
0.33
3.0
-2.67
-3.0
-5.33
9.33
1.0
-1.0
-0.67
6.33
5.0
2.0
2.33
-3.67
2.33
2.67
5.0
4.33
1.33
4.67
3.0
0.67
-2.33
-5.33
7.67
3.33
-0.67
3.0
3.0
-0.67
3.33
0.67
2.0
1.33
-7.0
-1.67
0.67
-3.0
-2.33
0.33
0.33
2.67
2.0
3.33
-3.33
-1.33
0.67
-1.33
0.67
-1.0
-2.0
5.0
5.0
-2.33
3.33
3.33
1.0
1.0
-1.33
2.33
1.33
0.0
6.0
-0.67
-2.67
2.0
4.67
-0.33
3.33
1.0
0.67
4.0
