0.0
13.33
26.0
70.33
72.67
-97.67
-39.0
62.67
-10.67
-16.33
-26.33
50.67
-23.33
23.0
-2.33
30.0
4.33
-27.33
-58.0
-23.33
30.0
-40.33
8.0
3.0
9.67
-6.67
-2.33
-2.67
-5.67
2.33
3.33
3.33
2.33
0.0
-1.33
-1.0
1.33
2.0
-3.33
0.33
2.67
1.0
0.0
0.0
-0.67
-0.67
0.0
0.0
-0.33
0.67
-0.67
0.0
-1.0
-0.67
1.0
-0.33
-0.33
-1.33
1.0
-0.33
1.0
-0.33
0.0
-0.33
0.0
0.0
-1.0
0.0
0.0
-0.33
-0.67
0.0
1.0
-0.33
0.0
0.0
0.33
-0.33
-0.33
-1.33
0.0
-0.33
-0.33
-0.33
0.0
-0.67
-0.67
0.33
-0.33
0.0
-0.33
-1.33
0.33
0.0
0.67
0.33
0.67
-0.67
-1.67
0.0
1.0
-0.67
0.33
-1.33
0.0
0.67
-1.33
2.67
1.0
2.0
4.0
-1.67
1.0
-0.33
-0.67
-1.0
-2.33
-0.67
3.0
1.0
0.33
-0.33
2.33
-2.0
-1.0
-1.0
1.0
2.33
2.33
-5.0
0.0
-2.67
0.0
5.33
2.0
7.0
5.33
1.67
4.67
2.0
-0.67
0.33
3.0
-3.67
3.67
-2.0
2.33
-3.33
1.0
-0.67
1.33
-1.33
6.0
-1.33
4.33
3.67
0.33
1.67
2.33
3.33
5.0
1.33
-1.67
-0.33
2.67
10.0
2.0
0.67
2.33
4.0
2.0
0.0
3.67
7.0
5.33
3.0
8.67
4.0
4.33
0.33
-1.0
-1.67
0.67
3.0
0.33
0.33
2.67
3.67
3.0
1.33
1.33
-1.33
0.67
-2.0
6.33
7.33
0.33
3.0
0.33
1.67
1.0
7.0
1.67
-2.0
4.33
2.67
-4.67
0.0
5.67
-4.67
-4.0
-2.33
1.33
0.33
-1.0
1.0
-4.33
6.67
4.67
-1.33
1.67
-5.33
6.67
-4.67
-1.0
4.33
-1.33
-1.0
0.0
9.33
7.67
-1.33
7.0
6.67
0.33
-1.33
3.33
3.67
6.67
-5.67
0.33
4.67
7.67
6.0
3.67
8.67
-2.67
1.67
-0.33
-4.0
-4.67
3.67
4.0
8.33
6.33
5.33
2.67
-2.67
3.67
9.33
5.67
-2.67
0.33
2.0
0.33
-1.33
-2.0
2.67
-3.33
3.0
1.0
2.33
-7.0
-8.33
0.0
2.67
7.0
-0.67
1.0
3.0
3.67
0.0
-1.0
-3.67
-2.67
4.33
1.67
10.33
0.0
-3.0
0.33
5.33
5.0
7.33
4.33
5.0
-4.67
-3.0
-2.33
2.67
-0.67
-4.33
2.67
-4.33
4.33
8.0
1.0
5.33
7.67
-2.67
6.67
7.0
-6.67
-4.33
1.67
7.33
0.33
-0.33
-0.33
1.0
5.67
4.0
0.0
6.67
5.0
-0.33
1.0
-4.0
0.67
1.67
4.0
5.33
1.67
-2.67
1.33
-0.67
-2.33
2.0
-2.67
0.0
-2.0
4.33
4.0
4.33
3.67
5.67
0.67
-3.0
1.33
0.33
0.67
-3.0
1.33
0.0
0.67
6.33
-4.33
3.33
4.67
0.0
7.0
2.0
-3.33
-5.0
-1.67
-1.67
-1.67
1.0
6.33
-2.0
1.0
-3.33
-2.33
1.67
0.67
-0.67
4.0
-5.33
5.67
1.0
6.33
-5.0
2.67
-2.0
-1.67
2.0
2.33
-0.67
3.0
4.67
1.0
3.33
-2.0
-0.33
3.0
1.0
-1.67
-0.33
-2.67
3.33
-0.67
-2.0
2.0
-3.67
-0.33
0.33
2.0
-0.33
-1.67
-0.33
9.67
-2.67
0.33
-4.0
4.0
-0.33
-1.33
-3.0
-1.33
0.0
2.33
3.33
-6.0
-4.67
-1.0
-1.33
-1.67
3.0
1.0
-0.33
1.0
-4.0
-1.33
-2.0
3.67
-0.67
-2.0
0.33
0.67
2.0
-2.67
1.67
3.0
-4.33
0.33
5.0
2.67
1.0
-2.67
2.0
-4.33
1.67
-0.67
1.0
-1.0
6.67
1.67
2.33
4.33
-1.0
-1.67
0.67
6.33
-6.0
-1.33
-2.33
7.0
-4.0
5.67
3.0
0.0
-2.67
-2.0
2.0
-2.67
0.0
6.33
-1.33
0.67
5.0
-2.33
-2.33
0.67
2.67
2.33
-1.33
4.67
-0.67
-1.33
-2.67
2.33
1.67
2.67
-1.67
3.0
1.0
1.67
1.0
2.67
0.33
0.67
1.33
5.0
-1.67
0.33
3.67
4.67
1.67
1.67
-0.67
-1.33
0.0
1.67
-0.67
5.67
2.67
-5.0
1.0
3.0
1.0
-0.33
-1.33
2.0
2.0
-1.0
-0.33
2.67
-1.67
1.33
2.33
4.67
0.0
-1.0
3.33
1.67
4.33
-0.33
3.0
3.33
5.67
-3.67
-0.67
-2.0
2.67
-3.67
5.33
1.67
1.0
2.0
-4.67
3.0
-1.33
0.67
-3.0
-2.0
-1.67
1.33
-2.33
0.33
2.0
-5.0
8.0
0.33
0.33
4.67
3.33
4.0
3.0
-0.67
5.33
-0.33
6.67
2.67
2.0
-0.67
0.67
-1.67
1.67
3.33
-1.67
0.67
0.67
0.0
3.67
3.67
-3.0
-4.33
7.33
0.33
-3.0
0.0
-3.67
-0.33
-1.0
3.67
-0.33
-5.0
-4.67
-1.67
5.0
2.0
0.0
3.67
3.0
-1.0
-1.33
-0.33
-2.33
2.0
4.67
2.0
3.0
1.0
-0.33
1.67
6.67
1.0
1.0
-2.0
2.33
0.67
-1.67
2.0
2.67
4.0
2.0
1.0
2.0
-1.67
-1.0
7.0
4.33
0.0
-1.67
0.0
3.67
1.0
2.0
0.33
2.33
0.33
3.33
2.33
-1.67
7.67
8.0
3.33
6.67
2.0
-2.0
1.0
-4.33
-0.67
-3.33
-1.0
-1.67
2.0
-2.67
-0.67
-1.0
-1.0
-1.33
2.67
4.0
-3.33
1.0
0.0
0.67
3.33
0.0
1.33
5.0
2.67
3.0
5.67
2.0
2.33
3.0
1.33
5.67
1.67
0.33
6.33
-1.0
8.33
3.33
0.0
2.33
5.33
-1.67
-0.67
7.67
1.33
6.67
-2.33
3.67
2.33
0.0
1.0
-0.33
-0.67
6.33
0.0
-3.67
0.0
2.0
16.33
0.67
-2.67
0.67
-0.67
0.67
3.33
0.33
2.0
3.0
12.67
5.0
4.0
-0.67
-0.67
2.0
-1.0
5.0
0.33
0.0
7.33
5.0
2.67
-1.33
4.33
6.67
9.67
1.0
-1.33
3.67
-1.67
-0.67
0.33
-1.0
7.33
-0.33
-1.33
1.0
3.0
0.67
-5.0
3.33
-1.0
0.0
9.0
3.0
1.0
6.33
0.0
4.0
5.67
-3.33
2.67
-3.33
0.0
-0.33
-0.67
4.33
1.0
1.33
-7.0
-3.0
3.33
0.0
5.0
9.0
7.33
3.33
3.0
6.0
-0.33
-4.33
7.33
-0.67
-3.33
-2.0
4.0
2.0
7.0
-0.33
3.33
-1.67
3.0
5.0
7.67
1.67
6.0
2.67
0.67
3.33
12.33
4.33
3.0
-3.67
2.33
0.0
5.67
7.33
-2.0
-5.33
-3.33
5.0
1.67
0.67
1.0
6.67
7.33
-1.0
2.0
1.33
3.0
-1.0
1.33
5.33
2.33
7.0
1.33
6.0
0.0
8.33
3.0
7.33
2.67
1.67
10.67
8.33
7.67
0.33
0.0
-0.67
-0.33
1.0
9.0
2.0
7.33
1.67
1.0
2.67
5.67
3.33
7.67
8.0
5.33
1.67
3.0
4.0
3.67
-0.67
7.67
3.33
-0.33
3.33
1.0
5.0
7.33
-3.0
5.67
5.0
7.0
9.0
7.33
-0.33
4.67
6.0
3.0
5.67
5.33
0.67
2.67
-1.67
2.33
11.67
14.0
9.33
9.33
4.0
3.67
11.67
2.67
11.0
4.67
4.33
2.67
2.33
7.0
7.67
6.67
14.33
3.0
6.67
6.33
7.0
1.33
6.67
-2.67
4.0
9.0
4.67
4.67
13.67
0.33
4.67
13.33
3.0
8.67
5.0
1.0
9.33
8.33
2.0
2.0
6.67
10.33
11.33
3.33
9.0
15.33
15.0
12.0
10.0
22.0
18.0
13.67
23.33
11.67
16.67
23.67
27.0
22.67
30.67
28.67
31.33
38.0
33.67
22.0
39.0
27.67
28.0
39.67
31.0
26.33
43.67
52.33
40.67
53.0
57.0
54.67
51.67
40.0
37.33
30.33
18.67
25.67
23.33
15.33
10.0
12.0
19.0
5.0
8.0
9.67
7.33
11.0
6.0
8.0
10.33
12.33
5.33
13.33
9.67
11.33
24.33
6.0
19.33
23.33
21.0
10.33
29.67
19.67
27.0
16.67
32.67
29.33
26.0
17.33
9.0
12.0
32.33
31.67
22.0
23.67
19.33
17.33
12.33
19.67
17.67
8.33
20.67
24.67
11.0
12.0
20.33
13.0
15.33
26.67
9.0
12.67
11.67
13.0
11.33
11.0
11.0
2.0
18.67
13.67
7.0
18.33
26.67
15.0
24.67
19.67
14.0
20.33
34.0
36.33
22.67
38.33
15.33
28.33
36.0
19.33
15.33
24.0
28.67
36.33
30.0
19.67
37.0
43.67
39.33
38.33
21.67
58.33
44.67
43.67
53.33
57.33
54.67
58.0
63.67
67.0
64.67
58.33
50.33
66.67
50.67
67.67
60.67
36.33
45.33
51.33
37.67
49.67
37.33
45.33
26.33
32.33
39.33
37.33
50.0
29.0
34.0
34.67
45.0
30.0
40.0
35.67
22.67
40.0
18.0
37.0
29.33
34.67
34.67
31.67
28.33
24.0
32.0
31.0
22.67
25.67
13.0
25.33
19.33
17.67
28.33
15.33
5.0
20.67
19.0
12.33
11.33
11.0
19.0
18.0
18.67
20.33
10.0
6.0
13.0
-2.0
14.0
12.67
10.33
8.33
10.67
10.0
1.33
6.33
6.33
-3.0
3.67
17.67
0.33
8.0
16.33
3.33
9.33
11.67
3.67
8.67
7.0
8.33
13.33
13.33
13.0
20.33
5.67
17.0
24.67
5.0
13.67
21.67
19.33
12.67
21.67
20.67
21.0
22.0
20.67
33.33
25.0
18.0
26.33
10.0
14.67
22.33
16.0
12.0
10.67
5.33
12.67
9.67
13.33
17.33
25.67
17.33
16.67
28.33
23.33
24.67
33.33
35.33
32.0
56.0
33.33
44.67
43.33
49.0
55.33
72.67
65.33
71.0
75.33
83.67
74.67
87.33
88.67
106.67
89.67
82.0
67.67
68.33
56.67
60.67
69.33
58.67
58.0
69.67
78.67
82.0
47.0
33.67
50.33
40.0
42.33
31.0
26.0
31.33
24.0
8.0
29.0
19.67
26.67
25.67
15.67
31.0
20.67
31.0
31.33
18.33
29.33
32.67
20.67
21.0
28.33
19.33
27.33
39.0
29.0
26.33
27.33
23.33
26.33
44.33
35.67
43.67
47.33
51.67
42.33
59.67
46.33
60.33
38.67
54.0
55.33
57.33
45.33
33.67
34.33
29.33
44.0
29.33
35.67
25.0
26.67
20.67
14.0
14.0
28.67
23.0
18.33
11.33
15.33
15.0
23.67
15.67
14.33
9.67
10.67
16.67
3.0
4.0
14.0
-2.0
9.67
1.33
10.0
9.0
5.33
3.33
4.33
0.0
6.33
6.67
17.67
11.0
5.67
7.67
12.0
7.67
13.33
6.33
8.67
9.67
20.0
14.33
9.67
17.67
8.67
4.67
22.67
22.67
26.33
24.33
8.0
21.67
29.33
20.33
33.67
30.33
36.67
27.33
36.0
51.33
36.0
39.67
37.33
36.33
35.0
38.0
34.0
36.0
27.0
17.67
25.33
20.0
18.67
29.33
22.0
19.0
11.33
1.33
1.67
22.0
24.67
15.0
8.67
18.67
8.0
27.67
25.67
29.0
16.33
34.0
14.0
23.33
25.33
16.67
16.67
13.67
23.0
13.33
15.67
24.0
18.33
36.0
26.33
19.67
24.0
17.0
21.67
18.0
13.67
25.0
28.33
24.0
17.33
14.67
11.33
24.0
13.33
-0.33
7.67
12.33
7.67
1.67
20.67
12.33
17.0
11.67
18.0
5.67
6.67
15.33
10.0
11.67
3.67
0.0
9.0
3.67
7.67
14.33
4.0
10.0
1.67
8.0
10.0
3.0
9.0
6.67
-2.0
5.33
13.0
2.0
10.33
11.0
10.33
-0.67
-3.67
13.0
-3.67
-0.33
7.67
0.33
3.0
5.67
9.0
3.33
8.67
10.67
-4.33
14.33
12.67
1.0
7.67
11.67
9.0
1.33
-3.0
-1.33
3.0
1.33
8.0
2.67
3.0
-2.67
10.0
1.33
5.33
-2.67
8.0
1.67
-0.67
0.33
2.0
-2.33
8.67
9.67
-0.33
5.0
2.33
-2.67
-6.33
6.0
9.67
1.67
11.33
15.0
-4.33
4.33
9.33
0.67
3.33
1.67
-5.0
2.67
5.67
-2.0
10.33
3.33
14.67
-3.0
-9.33
2.33
13.0
5.33
16.0
-0.33
4.33
6.67
2.0
-0.67
-1.33
-3.33
5.33
-7.67
7.33
-2.33
6.0
8.67
9.33
1.0
11.33
7.33
0.0
-11.0
10.33
0.33
-4.0
4.0
5.33
-4.67
6.67
15.0
7.67
2.33
1.67
1.33
10.67
14.0
2.33
9.0
3.33
5.0
3.33
4.33
9.0
3.0
8.33
6.33
10.67
10.33
12.33
16.67
0.33
-4.67
5.33
8.0
4.33
11.33
10.0
0.0
0.33
2.33
-2.0
12.0
-15.0
5.33
13.33
14.33
-4.33
5.67
-5.33
11.33
4.33
-1.0
5.67
-3.67
1.0
6.67
5.67
18.67
0.67
2.0
1.0
9.67
1.67
18.33
5.0
8.67
8.67
8.33
12.0
1.33
4.0
27.0
15.33
-1.33
-0.67
1.0
9.33
4.33
11.33
-3.0
-6.67
-1.33
16.0
10.67
7.33
9.33
12.67
7.67
9.0
10.33
8.0
2.0
10.33
-3.0
18.67
17.33
-0.33
11.67
-4.67
-3.0
1.0
1.67
8.0
5.33
3.67
3.67
-1.33
2.67
-1.67
17.0
11.33
-7.33
4.0
-3.67
1.33
-6.33
-3.0
-2.0
12.67
11.33
11.0
-1.33
2.33
2.0
5.33
13.67
-1.33
-3.33
6.33
9.0
5.67
4.67
5.67
-0.67
6.0
-1.33
15.67
2.33
-8.33
1.67
4.33
-10.33
3.67
11.67
7.33
13.0
14.67
2.0
-3.67
7.67
13.0
0.67
18.0
-0.33
-10.0
13.0
5.33
7.0
7.0
13.0
-1.33
4.33
4.67
-0.67
9.67
12.33
12.0
7.67
6.0
2.0
11.0
7.0
1.0
0.67
1.33
-1.33
6.67
-6.33
-2.67
5.33
-5.0
0.33
-4.33
0.0
-3.0
-5.33
4.0
-2.33
-1.33
-1.67
-3.67
-7.0
0.0
3.0
7.0
-2.33
-1.67
-6.67
4.0
-1.0
4.67
7.0
8.0
-1.67
-5.0
-4.0
2.67
-12.0
-3.0
4.33
-4.67
3.67
1.33
4.67
10.67
5.67
-6.33
2.33
-3.33
5.0
2.33
2.0
2.67
16.33
-0.33
1.33
-1.67
-4.67
-10.33
1.0
0.0
3.67
-0.67
3.33
4.67
9.33
6.33
-1.67
7.67
5.33
-1.67
-3.67
-3.33
1.0
0.67
13.0
1.33
-3.0
7.0
11.33
8.33
-4.33
0.0
5.0
6.33
-2.0
7.67
11.0
-1.67
6.67
-0.67
2.0
3.0
5.67
-3.0
-0.33
-1.0
-1.33
4.0
-5.33
1.33
7.67
-2.67
2.67
5.67
-4.33
2.0
4.0
1.33
-2.67
5.67
5.0
5.33
-2.0
1.67
-1.0
4.33
-1.67
1.0
-3.67
1.67
6.0
9.0
-4.0
9.67
-4.67
-1.33
0.0
3.67
8.67
4.0
4.67
6.33
3.67
11.0
-1.67
5.67
-0.67
10.33
-3.67
-1.0
-2.33
4.67
3.0
10.67
10.33
2.33
-0.67
5.33
4.0
4.33
0.67
1.33
6.33
1.67
0.67
-3.33
3.67
-6.0
2.67
0.67
10.0
-0.33
0.67
-7.67
3.67
-1.67
5.0
-7.0
0.33
3.67
-1.67
-1.33
3.67
-5.67
0.67
-5.33
3.0
3.33
0.33
5.33
2.33
8.33
-1.33
3.67
7.67
-3.67
6.0
-7.67
-2.67
5.0
5.67
-2.0
-3.0
2.0
3.67
4.33
-3.0
-2.0
8.33
-6.0
1.0
0.0
4.33
6.0
3.67
1.67
-0.33
-3.67
4.33
11.0
2.0
6.33
10.67
6.33
6.33
2.33
2.0
-3.0
2.67
0.67
-2.33
0.0
-2.0
0.67
1.67
1.33
2.33
0.33
2.67
2.0
-3.33
5.67
4.67
0.67
2.67
0.33
4.0
-6.67
3.0
-3.0
-0.67
8.33
-0.33
-11.33
9.0
7.0
3.33
5.33
-1.33
1.0
7.33
4.33
1.33
1.33
1.67
0.33
0.67
2.0
3.0
-2.33
1.67
3.0
1.33
2.67
-1.33
1.0
3.0
-1.0
-0.33
5.33
3.67
-6.33
6.67
-3.67
3.33
5.0
6.67
0.67
6.33
2.33
-1.0
3.0
0.33
-5.67
4.33
7.0
7.33
2.0
1.0
1.33
3.0
-0.33
0.0
-3.67
-1.33
-0.67
0.33
0.67
8.67
8.0
8.0
-0.33
-2.33
2.67
-0.67
5.0
-1.67
1.0
-1.33
0.33
2.0
-5.0
4.33
-1.67
-1.0
9.0
4.33
0.33
-0.67
-1.33
2.0
3.33
2.33
0.67
-1.0
0.67
-0.33
0.67
4.67
1.33
5.33
-2.0
-3.0
0.33
2.33
0.67
3.0
0.33
1.0
3.33
2.67
11.0
-3.33
-0.67
-2.67
-5.33
1.0
6.33
0.67
1.67
2.67
-3.33
-0.33
1.0
2.0
8.0
5.0
-4.33
1.33
6.33
3.0
-1.0
5.67
2.33
0.33
-3.0
4.0
0.33
4.33
1.0
-3.33
-1.33
4.33
1.0
1.67
4.0
