0.0
32.33
-14.0
3.33
24.67
-18.67
6.0
53.67
24.33
-20.33
-1.33
8.67
44.67
53.0
43.67
59.0
2.33
22.67
-10.0
44.67
13.0
-46.33
-1.0
0.0
0.67
-6.67
7.67
-2.67
13.33
2.33
6.33
-0.67
6.33
-3.0
-1.33
-1.0
3.33
0.0
-2.33
1.33
1.67
2.0
-1.0
0.0
-0.67
1.33
2.0
0.0
1.67
0.67
-0.67
1.0
-1.0
-0.67
0.0
-0.33
-0.33
0.67
0.0
-0.33
0.0
-0.33
0.0
-0.33
0.0
0.0
-1.0
0.0
1.0
-0.33
1.33
0.0
0.0
1.67
0.0
1.0
-0.67
-0.33
-0.33
-1.33
0.0
-0.33
-0.33
-0.33
0.0
-0.67
0.33
0.33
-0.33
0.0
0.67
0.67
-0.67
0.0
0.67
-0.67
-0.33
0.33
0.33
-1.0
0.0
0.33
1.33
-0.33
0.0
1.67
1.67
-1.33
3.0
1.0
3.0
1.33
0.0
0.67
0.33
0.0
1.67
1.33
2.0
2.0
-1.67
0.67
6.33
4.0
0.0
0.0
1.0
1.33
-0.67
-1.0
1.0
0.33
2.0
0.33
8.0
2.0
6.33
2.67
-3.33
4.0
1.33
-4.67
7.0
-0.67
3.67
-2.0
-3.67
-3.33
6.0
1.33
9.33
6.67
4.0
-0.33
5.33
4.67
6.33
-1.33
1.33
6.33
13.0
6.33
3.33
10.67
-0.33
7.0
4.0
2.67
3.33
2.0
-1.0
5.0
3.67
1.0
1.33
-3.0
5.67
1.0
8.33
5.33
10.0
-3.67
3.67
-2.0
-1.67
0.33
3.67
3.67
5.0
2.33
-0.67
9.67
0.67
3.0
5.33
-1.67
5.33
-3.0
-0.67
3.67
9.0
2.0
7.67
2.0
9.33
4.67
3.33
1.0
9.67
2.33
-2.0
-0.33
5.33
6.33
4.0
6.0
6.67
3.67
13.67
10.67
0.67
-0.33
10.67
1.33
0.0
6.33
4.67
4.0
6.0
6.33
3.67
6.67
6.0
8.67
2.33
2.67
5.33
0.67
3.67
4.33
2.33
3.67
6.67
4.0
3.67
6.67
0.33
2.67
3.67
-1.0
6.33
4.67
4.0
3.33
3.33
5.33
0.67
-0.67
5.67
7.33
11.67
4.33
7.33
-1.0
0.33
2.67
0.0
0.67
2.67
-1.0
5.0
-2.67
-5.0
3.67
10.0
5.67
9.0
11.33
10.0
4.0
-5.33
2.0
1.0
10.33
8.33
7.33
6.67
1.33
6.0
-2.0
-1.67
0.33
6.0
9.33
1.33
8.0
1.33
5.0
10.67
5.67
-0.67
2.67
8.67
-2.33
0.33
8.0
10.0
7.33
4.67
-1.67
5.67
4.0
2.33
2.67
2.67
6.33
1.33
0.67
-0.33
2.0
-2.33
5.0
2.0
-1.33
-2.0
1.67
4.0
0.0
0.67
6.67
5.0
3.33
-1.33
1.33
0.33
6.33
7.67
2.0
2.33
4.0
5.0
2.33
9.0
5.33
2.67
6.67
2.67
2.0
5.33
-1.67
0.67
3.0
2.33
6.0
1.67
6.33
-2.33
5.33
4.67
-1.0
2.0
0.0
6.67
1.0
0.33
6.33
2.33
-2.0
3.33
4.0
2.0
-0.33
6.67
1.67
2.67
2.33
5.0
-5.33
8.67
12.0
-1.67
-1.0
0.67
0.0
-1.67
2.0
8.33
6.33
8.0
3.67
3.0
-2.67
3.0
0.67
1.0
4.0
4.33
1.67
-1.67
10.33
5.33
2.0
-8.0
0.33
0.67
-0.67
4.0
9.67
4.33
-3.33
3.67
1.33
-0.67
4.0
1.0
0.67
-2.33
-2.0
2.67
5.0
-0.67
3.33
4.0
6.33
3.0
-0.33
6.33
5.0
3.0
1.67
3.0
2.0
6.67
-2.0
0.67
4.33
5.0
-2.67
1.67
3.0
-3.67
1.67
2.0
-3.33
7.33
-1.0
2.67
0.0
5.33
3.0
5.67
1.67
-2.67
7.0
-1.0
2.67
4.67
3.33
4.33
4.0
5.33
3.67
2.33
3.0
-2.33
4.67
5.0
0.0
4.67
4.0
-2.0
2.33
-1.0
-2.0
-1.67
6.0
5.33
-0.33
4.67
5.0
2.67
2.67
0.67
2.67
4.33
-2.33
2.67
6.33
5.67
1.33
4.33
2.67
2.67
-2.67
9.0
2.0
6.67
4.0
1.67
0.33
1.67
0.33
-1.0
0.33
-0.67
-1.33
8.67
2.67
-0.33
1.33
-2.33
1.0
-0.33
0.33
0.67
2.67
3.0
6.0
8.0
2.0
2.67
0.67
-2.0
-4.0
-1.0
-3.33
7.67
2.33
2.33
-0.67
0.67
-2.0
0.0
3.33
0.67
-1.67
6.67
5.0
4.33
0.67
5.33
-2.67
2.0
-0.33
2.33
-1.67
3.67
2.0
0.0
-0.67
0.0
-0.33
3.67
6.0
5.0
-0.67
9.33
1.67
-1.67
2.0
1.0
1.0
-1.67
7.33
-1.33
2.33
1.0
5.0
0.33
1.33
7.67
1.67
2.67
0.0
0.33
3.67
5.33
2.67
7.33
4.33
0.67
-0.33
0.0
1.67
1.67
-1.0
-0.33
0.33
2.33
5.0
0.0
-0.67
1.67
0.0
0.67
3.67
5.0
-1.67
-3.67
8.0
4.0
0.0
0.67
0.0
4.0
5.67
6.67
0.67
3.0
1.67
2.0
1.0
4.0
2.67
1.67
2.67
2.0
3.0
0.0
5.33
0.67
2.33
0.0
4.67
2.0
3.0
6.0
9.0
0.33
-1.0
3.0
4.33
3.0
-2.67
4.0
-2.33
3.0
2.0
1.33
-0.67
-2.67
1.33
0.33
2.33
0.67
4.0
3.33
3.67
5.0
2.0
1.0
3.67
3.33
0.67
3.0
1.33
0.0
1.33
-2.67
1.0
1.0
-1.33
-0.33
2.0
1.67
-2.0
-3.0
-0.33
1.33
-2.0
-1.67
2.0
2.67
-2.0
2.67
0.0
-3.67
4.0
5.33
4.67
4.67
-2.67
4.33
-2.0
0.33
2.33
-4.0
-0.67
0.33
1.33
-2.67
4.67
-2.67
-0.33
2.67
-0.33
4.33
-1.0
-1.0
-0.33
2.33
2.33
4.0
2.33
4.0
6.0
4.33
3.67
-2.67
0.67
-1.67
4.67
-0.67
0.33
3.0
-2.0
1.67
0.0
1.0
-0.67
1.33
2.0
-3.0
-2.0
-1.67
2.0
5.33
1.0
-2.33
3.67
1.33
-2.33
-0.33
1.0
-0.33
1.67
3.33
-0.67
2.33
1.0
5.33
-3.33
-1.33
1.0
5.0
-1.33
2.0
-3.67
2.0
-2.0
-1.0
4.0
0.0
-2.67
4.0
0.0
0.67
-0.33
2.67
-1.33
3.0
-2.33
2.33
1.33
-1.0
2.33
5.0
-3.0
-5.67
1.0
0.0
3.0
-1.67
7.33
0.0
-4.0
-2.33
5.67
-0.67
-4.67
-0.33
5.0
2.0
4.0
-3.0
-1.33
-4.67
0.33
3.0
3.0
0.67
0.67
2.0
4.67
-2.33
-1.67
1.33
4.33
3.0
-0.67
9.33
-3.0
1.67
4.33
1.0
-0.33
-1.33
6.0
5.67
-0.33
5.0
5.67
3.33
2.0
3.0
-2.67
-3.0
3.0
3.33
1.33
-0.67
4.0
9.33
6.0
-1.0
6.33
7.0
3.33
1.67
0.67
-0.33
5.33
7.67
3.33
1.0
4.33
7.67
-1.0
2.0
3.0
4.33
1.67
8.0
7.67
11.67
-1.67
4.67
0.0
0.33
1.67
-1.0
3.0
1.67
13.33
9.67
1.33
8.67
5.33
7.0
-4.0
7.33
-1.0
6.67
6.0
11.0
3.0
8.33
-0.33
1.67
1.0
10.0
3.67
14.33
2.67
-1.33
5.33
3.33
10.67
-2.0
5.33
7.33
8.0
1.67
0.67
3.67
6.0
6.67
5.33
3.67
9.33
3.0
13.67
1.67
12.33
1.0
4.67
10.33
16.0
9.33
3.67
-0.67
6.0
3.0
1.67
5.67
-2.33
7.33
5.67
9.33
11.0
3.67
7.0
-2.0
3.33
15.33
1.0
0.0
2.67
11.33
4.33
12.33
13.0
7.33
5.0
3.0
18.0
7.0
17.0
8.67
5.33
24.67
16.67
22.67
16.0
7.67
7.67
10.67
28.33
9.0
18.67
18.0
18.0
5.67
9.0
20.67
13.0
13.33
14.67
3.33
12.67
8.0
6.0
6.67
4.67
15.0
6.33
12.33
11.67
7.67
8.33
14.33
7.0
8.0
8.0
11.0
7.0
7.67
19.33
10.0
10.0
16.0
13.33
13.33
14.33
8.33
4.67
11.33
25.33
14.0
16.33
20.33
19.0
11.33
13.67
15.67
26.0
31.67
23.67
25.33
25.0
21.33
24.0
31.0
29.33
8.67
16.0
14.67
22.33
25.33
12.33
17.67
8.67
16.33
11.67
16.67
12.0
4.0
10.33
7.0
9.33
8.67
12.0
11.67
4.67
6.0
9.33
13.0
7.0
5.0
13.67
8.67
10.0
13.33
11.67
16.0
14.67
2.67
13.0
15.33
8.0
2.33
18.67
13.33
7.33
10.33
22.0
11.33
20.33
21.0
21.67
11.33
20.0
23.67
22.0
33.67
20.33
15.33
18.67
13.33
11.67
23.67
17.33
21.33
16.67
13.0
18.67
25.0
10.67
25.33
19.33
17.67
21.67
26.67
29.67
24.33
17.33
20.33
19.67
16.67
8.33
15.33
22.33
28.33
24.33
21.33
18.0
15.0
30.0
20.67
19.0
21.0
16.0
12.67
17.67
19.0
12.0
22.0
26.33
26.67
22.67
20.67
24.33
20.0
18.0
27.0
7.67
26.67
17.0
8.33
12.33
18.67
14.33
22.33
14.0
25.67
15.0
16.33
13.33
14.0
3.0
9.0
7.67
10.33
15.0
1.0
9.0
6.0
6.0
7.67
12.33
11.33
3.67
18.0
21.33
11.33
20.33
7.0
22.67
22.67
10.33
24.0
9.33
23.33
15.33
16.67
22.67
10.67
6.0
17.33
7.33
25.33
17.0
21.33
5.67
15.0
26.67
13.0
8.67
13.67
12.33
6.67
17.67
17.67
11.0
14.0
14.67
6.33
9.0
22.0
14.33
16.0
5.67
12.33
18.0
14.0
13.67
17.33
9.67
15.67
17.33
7.33
14.67
15.33
16.67
13.33
14.33
27.67
29.33
32.33
46.0
45.0
55.33
71.67
87.33
69.0
107.33
109.67
134.33
112.0
152.33
131.67
152.67
149.33
157.67
133.67
136.67
131.0
89.67
108.33
89.67
90.67
74.33
75.67
59.0
64.67
52.67
49.0
31.0
23.67
36.33
17.0
9.33
22.0
22.0
20.33
19.0
6.0
21.0
5.67
22.67
21.67
15.67
17.0
23.67
19.0
27.33
21.33
33.33
11.67
12.67
18.0
39.33
24.33
35.33
38.0
21.0
37.33
36.33
36.33
31.33
39.33
41.67
38.67
46.33
33.67
23.33
27.67
38.33
43.33
25.67
32.0
26.33
46.33
23.33
27.67
25.33
38.33
33.0
32.33
30.67
27.0
18.67
16.67
10.0
23.0
26.67
16.0
18.33
25.33
25.33
13.0
19.67
13.67
16.33
6.67
19.67
21.67
14.0
15.0
4.0
16.0
19.67
3.33
12.0
17.0
6.33
10.33
4.33
12.0
3.33
5.67
14.67
18.0
13.67
6.67
15.0
9.67
11.33
11.33
13.67
14.67
19.0
9.33
19.67
11.67
14.67
11.67
11.67
22.67
15.33
23.33
15.0
20.67
29.33
30.33
28.67
27.33
34.67
22.33
28.0
32.33
23.0
9.67
46.33
22.33
24.0
21.0
38.0
13.0
36.0
27.67
35.33
38.0
32.67
37.33
21.0
19.0
17.33
3.33
19.67
21.0
31.67
14.0
10.67
6.67
21.0
16.67
9.67
20.0
21.33
17.0
24.0
21.33
11.33
13.67
35.67
33.67
15.0
21.33
36.67
32.0
26.33
22.0
25.33
28.67
16.0
24.0
26.67
26.0
35.67
12.0
22.33
23.0
20.33
16.67
25.33
15.0
8.33
11.67
10.67
5.33
13.67
15.67
20.67
16.33
25.0
18.67
15.0
15.67
5.67
17.33
21.0
14.67
1.67
10.0
19.0
8.67
4.67
15.33
11.0
10.0
23.67
18.0
9.0
3.0
16.0
7.67
8.0
5.33
9.0
17.0
13.33
11.0
10.33
7.33
-2.67
8.0
0.33
11.67
17.67
9.33
12.0
7.67
8.0
22.33
9.67
8.67
10.67
12.33
14.67
16.0
5.67
17.67
3.0
-0.67
11.0
12.67
5.0
1.33
3.0
5.67
14.0
11.33
5.0
10.33
17.33
7.33
10.0
6.67
14.33
10.33
24.0
10.67
4.67
2.67
5.67
7.0
16.33
8.33
-0.33
20.0
-3.33
5.67
23.33
13.0
18.67
18.33
15.33
13.67
17.33
12.67
9.0
6.67
12.67
12.0
15.33
8.33
13.67
27.0
7.67
6.33
16.0
15.33
15.0
17.67
-1.67
8.67
-1.0
3.33
11.67
2.67
11.33
0.33
8.33
2.67
21.0
12.67
5.33
1.0
17.33
5.33
5.0
-10.0
-0.67
17.33
3.0
12.0
0.33
7.33
1.67
4.0
5.67
3.33
5.67
4.33
11.67
10.0
-1.67
18.0
16.33
14.0
10.33
8.33
11.0
11.0
16.33
5.33
3.67
8.33
3.33
13.67
20.33
8.33
22.33
10.0
5.33
12.33
3.0
-3.0
12.33
11.33
11.0
13.0
6.0
1.33
10.33
21.33
14.67
8.67
8.67
10.33
16.33
30.0
3.67
8.33
14.0
0.67
20.67
4.67
12.67
6.0
19.0
12.67
13.67
24.33
2.0
11.67
23.67
4.33
19.0
9.33
2.0
8.0
21.33
6.67
3.33
23.0
12.33
16.33
9.33
23.0
12.33
13.67
10.0
5.67
14.33
21.33
15.67
9.67
-7.0
19.33
9.0
15.0
21.33
1.0
11.67
33.33
-2.33
6.67
9.33
15.0
9.0
16.67
13.0
9.33
6.67
13.67
20.67
-3.33
13.33
15.0
16.33
-2.33
-6.0
10.33
4.33
5.67
13.0
11.0
30.67
14.33
12.0
10.67
10.33
19.0
12.33
15.67
2.67
6.67
6.33
7.0
-5.33
3.67
4.67
10.33
9.0
2.67
13.67
20.33
12.67
7.67
7.33
18.67
14.67
14.67
12.33
4.0
5.67
4.0
7.33
4.67
5.0
5.67
16.0
5.67
6.0
6.0
-4.67
0.0
11.0
18.0
6.67
-1.67
21.67
11.33
-0.33
5.33
4.0
5.67
-3.0
16.0
9.0
10.0
6.0
9.67
15.33
3.67
9.67
4.67
14.33
9.33
0.0
12.33
5.67
6.0
3.0
1.67
7.0
13.67
-3.33
3.33
-12.67
9.0
4.0
6.0
10.0
8.67
6.33
0.33
18.0
2.0
8.67
2.0
2.0
4.33
-3.0
3.0
2.67
-6.0
5.0
3.33
5.33
4.67
9.33
-6.33
7.67
10.67
8.67
3.33
3.67
0.0
2.33
1.0
5.67
12.33
2.67
-2.67
11.33
1.33
5.67
17.0
6.0
1.67
-3.67
0.33
3.67
7.33
4.33
6.33
6.67
-3.67
12.33
7.33
0.67
5.0
19.67
19.0
-5.67
15.0
11.0
16.33
7.33
8.67
5.0
-4.0
8.33
12.0
6.67
8.0
3.33
6.67
3.33
11.0
2.0
9.67
0.0
5.67
6.0
10.67
1.0
6.67
1.33
10.67
-0.67
-2.33
7.67
-1.33
2.0
0.0
1.33
2.33
7.67
8.0
0.33
3.0
3.67
-1.0
2.33
6.33
6.0
-10.67
0.67
6.0
8.0
5.0
8.67
1.33
2.67
3.0
3.67
13.67
5.0
4.67
4.33
6.67
5.0
8.33
12.67
2.33
1.33
5.33
5.0
2.67
5.67
10.0
3.67
3.33
7.33
5.33
5.33
16.0
7.33
3.67
9.33
7.33
4.67
3.67
-4.33
2.67
4.0
3.67
1.67
8.0
6.67
0.67
0.33
14.67
-1.67
-3.0
5.0
-2.67
3.67
-4.67
3.67
1.67
0.33
-1.33
7.67
-2.0
2.33
3.33
5.33
1.33
-0.67
2.67
8.67
5.67
0.33
0.0
7.33
7.33
3.0
-7.33
-2.0
-3.0
8.0
5.67
6.33
1.0
6.0
7.33
3.0
1.0
8.0
4.33
3.0
5.67
2.67
8.67
-1.67
4.33
18.0
6.0
12.33
8.67
11.33
1.33
2.33
-3.0
3.0
4.67
5.67
0.67
3.0
4.0
2.67
1.67
7.33
-2.67
-2.67
-0.33
5.0
6.67
2.67
3.67
-0.33
2.67
4.33
2.0
0.33
3.0
-4.0
-1.67
13.33
2.67
-7.33
11.0
4.0
2.33
5.33
-0.33
1.0
5.33
5.33
10.33
-1.67
-4.33
3.33
4.67
-1.0
-2.0
0.67
7.67
1.0
2.33
-1.33
3.67
7.0
-1.0
5.0
6.67
7.33
4.67
-2.33
0.67
-0.67
1.33
6.0
1.67
3.67
4.33
-0.67
5.0
-4.0
-1.67
0.33
0.33
7.0
4.33
5.0
-2.0
-2.67
9.0
-0.33
0.0
0.33
6.67
5.33
-4.67
8.67
-3.33
3.0
7.0
0.67
5.67
-1.33
-0.67
-1.0
4.33
-1.0
1.67
12.33
1.0
-2.0
5.33
2.33
4.0
7.0
5.33
8.33
-0.67
0.67
12.0
7.33
6.33
5.67
0.0
-2.33
0.67
0.67
2.67
6.33
1.33
6.0
4.0
0.33
2.33
-0.33
5.0
7.33
6.0
2.33
6.67
4.0
5.67
0.33
1.33
0.67
-4.0
1.33
3.67
0.67
2.67
0.67
5.67
1.0
5.0
2.0
0.0
3.67
6.33
2.33
-5.0
-2.0
5.67
-0.67
3.33
1.0
11.0
6.33
5.33
0.0
-1.33
-0.33
4.33
-1.0
0.67
1.0
