0.0
22.33
25.0
71.33
-44.33
31.33
-45.0
86.67
-34.67
-15.33
-43.33
102.67
-87.33
-12.0
59.67
29.0
7.33
5.67
-43.0
-3.33
44.0
-18.33
38.0
-10.0
-13.33
7.33
-0.33
1.33
-0.67
5.33
3.33
2.33
8.33
-2.0
-5.33
-3.0
1.33
0.0
-0.33
0.33
0.67
2.0
0.0
1.0
0.33
1.33
0.0
2.0
-0.33
-0.33
-0.67
2.0
-1.0
-0.67
0.0
1.67
0.67
-1.33
0.0
-0.33
0.0
-0.33
1.0
-0.33
0.0
1.0
-1.0
0.0
0.0
-0.33
-0.67
0.0
0.0
-0.33
1.0
0.0
0.33
0.67
-0.33
-1.33
0.0
-0.33
-0.33
-0.33
1.0
-0.67
-0.67
-0.67
-0.33
1.0
0.67
-1.33
-0.67
0.0
2.67
-0.67
0.67
-0.67
-1.67
0.0
-1.0
0.33
0.33
-0.33
-2.0
-0.33
0.67
1.67
-2.0
0.0
2.0
1.33
-1.0
1.67
-0.67
0.0
-0.33
0.33
0.0
2.0
1.33
1.67
-0.67
5.0
-1.0
-2.0
1.0
4.33
3.33
0.0
-2.0
-4.67
1.0
2.33
1.0
-5.0
8.33
2.67
-2.33
4.0
2.33
-1.67
6.0
-0.67
4.67
2.0
2.33
1.67
6.0
0.33
3.33
0.67
0.0
1.67
8.33
1.67
-2.67
0.67
4.33
7.33
8.0
2.33
1.33
2.67
0.67
3.0
-3.0
3.67
6.33
5.0
11.0
3.0
7.67
1.0
2.33
1.0
4.67
7.0
7.33
2.33
2.0
0.33
5.67
0.0
7.33
2.33
1.67
7.67
1.0
1.33
-2.67
9.67
3.67
-2.0
3.33
7.33
5.33
5.0
4.33
4.67
5.0
2.0
1.67
5.0
6.33
8.67
4.33
0.0
-2.33
-1.67
2.0
-1.33
7.33
8.33
0.0
9.0
-1.33
3.67
2.67
2.67
-0.33
2.67
1.67
0.33
6.0
2.33
4.67
-4.0
5.0
4.33
3.67
7.67
8.0
1.67
3.33
0.67
1.33
6.67
9.67
1.33
-0.67
3.67
-0.33
-3.0
4.67
-1.33
4.33
2.67
2.67
10.0
3.33
2.67
3.0
3.33
7.33
-0.67
3.67
5.33
4.67
4.33
3.67
-1.67
5.33
2.0
-1.67
-2.33
0.0
5.67
-2.33
2.0
-2.0
-1.67
-2.0
-1.33
11.0
7.67
-1.0
-0.67
8.0
12.0
1.67
1.0
7.0
3.33
1.33
7.33
5.67
4.33
-2.0
-1.0
-0.67
4.33
1.0
9.33
-0.67
3.0
-3.67
0.0
7.67
2.67
5.33
-3.33
2.67
-0.33
5.33
5.0
1.0
3.33
7.67
-2.67
-0.33
0.0
-1.67
-6.33
7.67
0.33
2.33
5.67
5.67
7.0
4.67
-3.0
-1.0
3.67
8.0
3.67
7.0
-4.0
0.67
0.67
2.0
2.33
1.67
3.33
7.33
2.33
3.67
3.0
-1.67
7.0
1.0
2.33
7.0
8.33
2.67
-0.33
11.67
2.0
1.33
1.33
-2.33
1.0
5.33
-5.0
3.67
6.33
0.67
2.33
8.67
0.0
3.0
2.0
3.67
1.0
-1.67
1.33
5.33
2.0
8.33
2.0
5.0
1.67
6.67
0.67
2.67
4.33
1.0
1.67
2.67
6.0
-2.67
5.0
2.67
-2.0
-1.67
4.0
7.33
4.33
2.0
6.67
4.0
-2.67
0.0
2.67
-1.0
2.0
4.33
-0.33
-3.67
4.33
5.33
7.0
2.0
-8.67
3.67
3.33
5.0
2.67
9.33
2.67
1.67
3.33
1.33
7.0
-4.0
0.67
-1.33
7.0
4.67
4.0
-0.67
3.33
-1.0
-0.67
4.0
2.67
1.33
-1.0
3.0
3.67
-3.0
0.0
0.67
0.0
-4.33
3.33
1.0
1.33
3.67
1.0
1.33
4.67
2.0
-2.33
3.33
3.0
0.67
-3.0
1.33
-3.0
2.67
1.67
1.33
7.0
1.0
4.67
-1.33
1.33
3.33
0.0
2.33
1.67
8.33
5.0
-1.33
-2.33
3.0
3.0
-0.33
5.0
1.0
5.33
2.0
0.0
2.33
6.0
4.33
-4.33
3.67
2.0
0.67
-1.33
4.67
0.67
2.33
-3.33
3.67
3.33
-1.33
0.33
2.33
3.67
-2.33
-1.67
3.0
2.0
1.67
2.0
-0.33
0.33
0.67
1.33
7.0
-1.67
4.33
3.67
-1.33
-3.33
0.67
2.33
-0.33
-1.0
-1.33
0.33
2.67
0.67
-4.0
0.0
2.0
-3.0
-4.33
-0.33
2.0
-1.0
8.0
1.67
0.67
0.33
1.33
2.33
0.67
0.0
-1.0
5.33
-2.33
7.33
1.67
-1.0
2.33
6.67
-0.67
-1.67
5.0
-0.33
2.33
4.33
-0.33
2.0
-3.0
-2.67
1.0
2.67
-0.33
1.0
0.0
2.33
-0.67
1.67
0.33
-2.0
6.0
-1.0
0.33
-1.67
-2.33
2.33
1.0
1.0
-1.67
4.33
2.67
0.67
5.67
1.0
-0.67
0.67
6.33
2.67
1.33
1.33
-0.33
0.67
2.0
2.67
0.67
-2.0
-2.33
0.33
3.33
-5.0
1.0
-3.67
-3.33
1.0
-3.33
-0.33
3.0
-3.67
-2.67
3.0
2.0
1.0
3.67
-2.0
1.0
1.67
2.67
-1.33
2.0
-0.33
4.0
0.0
4.0
-1.33
-3.33
1.67
0.0
0.0
1.0
-1.67
2.67
-0.67
2.0
1.67
0.0
1.0
1.0
3.0
3.33
1.0
2.0
2.33
2.0
1.33
4.0
0.67
-1.0
3.0
-2.67
-0.67
1.33
6.33
1.33
1.33
2.67
-2.0
3.33
-0.33
3.0
7.0
0.0
-1.33
1.33
-0.33
-3.0
0.33
3.0
1.33
-1.67
0.0
3.0
-2.33
3.67
3.0
-2.33
1.0
7.0
1.67
-0.67
2.0
0.33
-2.0
-2.33
3.0
-0.33
1.0
-1.67
1.0
-2.67
5.67
2.67
2.33
3.33
-2.0
0.33
1.33
0.0
2.33
-1.67
-0.67
-1.67
6.67
0.33
-2.33
5.67
-0.33
3.33
3.0
-1.0
-1.33
6.33
0.33
1.0
0.33
5.0
5.0
6.33
1.67
1.33
0.67
2.33
-0.33
1.33
-4.67
-2.0
4.0
4.67
0.0
-1.0
-2.67
-3.67
2.0
-1.0
7.0
-1.67
0.0
-0.67
4.0
-1.33
-2.33
6.33
2.67
4.67
2.0
-1.33
-2.33
-0.67
1.33
7.33
1.0
4.33
0.67
-0.33
1.0
13.0
-3.33
8.0
4.33
5.0
3.0
1.0
2.0
-2.0
6.33
-1.0
3.0
3.67
4.67
6.67
-5.33
-3.0
2.67
4.33
0.33
2.0
8.33
-5.0
5.0
-2.67
6.0
8.0
1.0
-0.67
-0.67
3.0
9.0
-0.33
3.67
-0.67
-2.67
-2.33
1.0
0.0
6.0
-2.0
5.67
1.33
3.33
2.0
-3.0
8.67
4.67
1.0
3.67
4.67
12.33
2.33
-0.67
6.0
4.33
1.33
0.0
5.67
6.33
3.0
3.67
-3.33
11.0
4.67
-5.33
6.0
-1.33
6.33
-2.0
2.0
-2.67
5.0
4.0
5.33
11.33
4.33
7.0
4.33
5.0
6.0
3.33
8.0
2.33
-2.33
4.67
7.67
7.33
8.67
8.33
3.0
5.33
3.67
4.0
9.0
6.0
5.33
-5.33
2.0
4.67
8.67
4.33
2.67
-2.0
6.33
0.67
6.0
8.0
6.67
5.33
8.67
6.33
3.67
9.33
4.0
0.0
10.33
2.0
3.67
9.0
8.0
15.0
1.33
9.67
4.67
3.0
8.0
4.67
12.33
3.67
2.67
3.33
6.33
12.67
5.0
9.33
4.33
8.0
-0.33
10.67
5.67
2.0
4.67
6.33
14.67
7.33
13.0
5.67
5.67
6.33
6.0
19.67
9.33
9.0
5.33
5.67
6.33
10.0
15.0
9.67
11.67
12.67
6.33
0.67
24.33
10.0
11.67
10.0
4.0
14.33
7.33
4.0
13.0
5.67
9.33
18.33
6.33
4.0
4.33
1.0
16.0
13.0
24.0
23.0
18.67
29.33
38.67
49.67
45.67
55.0
77.67
86.67
80.67
111.33
110.0
93.67
82.0
79.0
89.67
72.0
61.67
42.0
30.33
18.67
23.33
22.67
33.0
18.0
20.67
5.67
15.0
14.33
7.33
11.67
16.67
25.33
20.33
17.0
16.0
11.0
2.0
18.0
16.67
16.33
10.0
10.0
21.0
26.33
25.33
31.33
34.33
43.67
55.33
65.33
50.0
60.33
83.33
74.0
67.33
81.67
83.67
57.0
63.67
42.67
43.33
49.0
42.33
43.0
39.0
38.33
30.67
34.0
27.67
32.33
26.33
20.33
17.67
11.67
18.33
12.67
18.67
12.0
15.0
12.33
16.0
10.33
8.67
9.0
3.67
13.67
4.0
9.33
24.0
13.0
7.0
13.67
12.67
14.0
16.33
8.67
11.0
16.67
9.67
29.0
12.33
21.0
20.33
19.67
26.33
21.33
25.33
29.0
29.33
24.33
23.0
20.67
28.33
22.0
24.67
35.0
24.67
17.33
18.33
25.67
19.33
17.67
21.67
24.33
22.33
24.67
32.0
27.67
21.0
37.67
34.33
56.33
50.67
49.67
33.67
40.67
34.33
42.33
54.33
27.67
31.67
19.33
37.33
40.33
41.33
34.33
29.33
29.0
32.0
39.0
30.67
25.0
17.0
31.0
31.67
30.67
36.0
26.0
22.0
33.33
23.67
21.67
20.67
26.33
25.0
14.0
12.0
19.67
1.67
9.0
17.33
14.33
16.67
16.33
10.33
15.0
13.67
15.0
13.33
3.33
14.0
7.0
13.0
16.67
11.33
9.0
10.0
11.0
3.0
14.0
13.67
9.33
12.33
11.67
3.0
8.33
2.33
15.33
2.0
16.67
16.67
11.33
9.0
11.33
12.33
11.33
5.67
10.67
8.67
17.0
7.33
11.33
11.33
16.0
15.33
13.67
15.0
18.67
13.0
19.67
22.67
14.33
-1.33
17.67
5.67
4.0
12.0
16.67
8.33
18.0
25.0
22.33
12.0
17.67
14.33
8.0
11.0
5.67
6.33
8.67
12.67
14.33
20.33
13.67
10.33
15.67
14.33
19.33
23.67
6.33
17.33
28.0
26.0
25.33
25.67
31.33
31.0
43.33
34.67
55.33
43.0
68.33
54.67
74.67
74.33
93.67
79.67
87.67
83.0
81.67
93.33
87.67
102.67
93.33
79.67
83.0
85.67
76.67
64.0
49.0
35.67
48.33
48.0
24.33
48.0
54.0
26.33
33.0
21.0
31.0
26.67
30.67
25.67
22.67
27.0
26.67
40.0
26.33
21.33
32.33
28.67
31.67
34.0
37.33
31.33
27.33
41.0
56.0
49.33
43.33
48.33
41.33
46.33
29.67
46.67
40.33
58.67
72.33
62.67
68.33
59.33
65.67
55.0
66.33
74.33
65.33
63.67
63.33
52.33
65.0
54.33
48.67
42.0
36.67
20.67
30.0
35.0
33.67
19.0
30.33
20.33
26.33
8.0
28.67
20.67
19.33
19.67
12.67
20.67
22.0
16.0
13.0
8.0
20.67
4.33
11.0
22.0
5.33
6.33
5.33
24.0
-3.67
15.67
13.67
9.0
26.67
14.67
14.0
18.67
12.33
5.33
10.67
14.67
7.0
8.33
12.67
22.67
25.67
17.67
18.67
30.67
29.33
19.33
24.0
21.67
24.33
25.33
24.67
25.33
28.67
30.33
35.0
30.33
31.0
21.67
24.33
24.33
30.0
29.0
21.0
22.0
29.0
17.67
23.33
13.0
22.67
29.33
13.0
24.0
23.33
27.33
19.67
14.0
26.67
22.0
19.67
9.67
18.0
7.67
3.67
20.0
24.33
25.0
3.0
10.33
7.33
18.67
21.67
23.67
25.0
33.33
20.67
39.0
33.33
41.0
18.33
39.67
33.0
33.0
26.67
16.0
29.67
14.0
27.33
28.0
15.33
16.67
33.33
32.0
8.33
14.67
7.67
4.33
13.67
4.67
12.67
0.33
11.0
20.67
19.0
8.67
13.67
15.33
15.0
19.67
10.67
3.0
12.0
3.67
5.67
8.33
5.0
18.0
12.67
11.0
11.0
8.0
24.0
12.67
7.0
9.33
17.0
14.0
5.33
9.0
4.33
10.33
14.33
11.0
17.33
15.67
1.67
5.33
4.0
14.67
11.0
17.33
2.67
22.67
-1.33
12.33
15.67
13.0
17.67
2.67
-5.0
-0.67
10.0
17.67
10.0
13.33
13.0
1.67
5.0
4.33
6.0
7.33
16.33
9.33
19.0
3.67
17.33
3.33
9.0
10.67
6.67
3.67
12.67
9.0
3.33
18.33
15.67
8.0
-3.33
-0.33
14.33
17.0
8.67
7.33
20.33
6.67
5.33
10.67
20.0
5.67
7.67
4.0
6.33
0.33
1.67
12.0
11.67
-3.67
2.0
7.33
8.0
6.67
7.33
6.67
2.0
-3.67
2.67
10.67
2.33
6.33
7.33
-0.33
20.0
8.67
7.33
3.0
16.33
7.33
1.0
0.0
5.33
16.33
10.0
0.0
2.33
10.33
3.67
14.0
13.67
8.33
15.67
-2.67
11.67
17.0
15.33
14.0
16.33
8.0
9.33
16.33
11.0
6.0
-3.67
1.33
15.67
14.33
23.33
12.67
10.33
4.33
10.33
4.0
1.33
23.33
10.0
5.0
11.33
-0.67
-3.0
13.0
-6.0
0.33
14.33
7.33
10.67
-1.33
14.67
11.33
14.33
17.0
5.67
8.33
7.0
2.67
6.67
7.67
4.67
15.0
8.0
2.67
15.67
26.33
7.0
8.67
26.67
7.33
9.0
6.33
22.0
16.0
17.33
13.67
14.33
6.0
8.33
17.33
14.33
7.0
8.33
10.67
12.0
11.67
11.33
9.33
16.67
7.67
10.0
16.33
15.0
14.0
21.33
6.0
8.67
9.33
-9.33
13.67
-2.67
12.0
16.0
13.67
-3.0
3.33
5.67
11.67
4.67
10.67
12.33
7.0
11.33
-3.33
1.0
20.33
12.33
0.67
16.0
15.0
16.67
14.33
14.0
-6.33
8.33
16.0
2.33
5.67
-3.33
7.67
18.33
20.0
9.67
6.67
8.67
5.33
11.0
3.67
4.67
2.33
10.67
-2.33
12.33
0.67
14.67
14.67
2.33
9.0
8.67
5.0
5.33
8.67
13.0
-3.33
3.0
4.67
-5.0
3.0
-3.67
2.0
1.0
4.0
6.67
6.33
14.67
-5.67
3.67
-0.67
11.0
2.67
1.0
5.0
15.0
5.0
9.0
3.67
-3.67
-0.33
9.67
3.67
0.33
0.33
3.0
1.33
5.67
8.0
1.0
5.67
2.0
15.67
9.67
5.33
-3.67
-3.0
1.0
-1.0
3.0
-3.33
7.33
-1.67
20.0
9.0
11.67
2.0
6.0
0.33
5.0
-1.0
1.67
-9.0
-3.0
0.33
-0.67
-1.33
5.33
-11.33
-1.33
10.67
4.67
12.33
-3.33
2.0
7.33
-4.0
-1.33
17.33
5.67
-2.67
-5.67
0.33
0.67
3.0
-3.0
2.67
7.33
8.33
12.67
9.33
10.33
-6.67
7.67
4.33
7.33
-4.67
-5.33
-5.0
-0.33
17.0
3.33
6.0
13.0
2.33
4.33
11.67
4.0
-2.0
1.33
10.0
-1.33
1.0
4.33
5.67
0.33
5.0
11.0
-0.33
1.0
-2.33
-2.0
-1.33
7.0
-2.33
1.33
4.67
4.33
-2.33
1.67
-1.33
5.0
2.0
1.33
-1.67
9.67
7.0
-3.67
-1.0
10.67
6.0
5.33
5.33
2.0
0.33
10.67
7.0
7.0
-5.0
3.67
1.33
1.67
3.0
-2.33
-1.33
6.0
3.67
13.33
0.67
7.0
0.33
13.67
-2.67
0.33
11.33
3.0
-6.33
5.67
3.0
3.67
8.33
12.33
5.33
-0.67
8.0
2.33
4.67
3.33
7.33
8.67
6.67
2.67
6.67
2.0
-3.33
-1.33
5.0
7.67
-1.33
-5.67
9.67
3.33
8.0
-5.0
0.33
5.67
-1.67
5.67
8.67
-1.67
-2.33
5.67
2.0
2.33
4.33
3.33
5.33
-3.67
0.67
2.67
6.67
2.33
-1.0
10.33
4.33
10.0
2.67
0.0
-5.0
-1.0
-1.33
7.33
6.0
3.0
0.33
2.0
3.0
5.0
4.33
2.0
8.67
9.67
9.67
6.33
5.33
16.0
8.0
12.33
13.67
17.33
15.33
11.33
0.0
9.0
13.67
1.67
3.67
8.0
8.0
0.67
1.67
12.33
3.33
2.33
0.67
2.0
2.67
0.67
3.67
2.67
-4.33
4.33
0.0
0.33
2.0
-1.0
9.33
-1.67
4.67
-3.33
1.0
11.0
0.33
4.33
-6.33
3.0
-0.67
5.33
4.33
0.33
2.67
1.33
0.67
4.0
5.0
5.67
-0.33
-4.0
7.33
-0.33
0.67
5.0
-1.0
6.0
-2.33
5.33
-5.33
-2.33
-1.33
-2.67
2.33
3.0
-1.33
4.67
-1.67
1.33
8.0
7.0
-1.67
1.33
-2.67
0.0
-5.67
9.0
0.0
4.33
10.0
3.67
2.0
-0.67
9.67
7.33
-1.67
1.67
3.67
3.0
2.0
0.67
1.67
-5.33
-3.67
5.0
-1.67
-1.0
-4.33
3.33
-1.0
-6.0
11.33
-1.67
1.0
3.0
4.33
6.33
0.33
5.67
2.0
10.33
5.33
3.67
-1.0
1.67
1.67
1.67
-0.33
6.33
4.33
2.0
1.0
-0.67
5.33
-0.33
4.0
2.33
-3.0
6.33
1.67
1.0
5.67
4.33
-3.67
-4.33
-2.0
-1.67
5.67
2.67
-2.33
-2.33
1.67
-2.0
5.0
1.0
1.0
-0.33
5.33
5.33
8.0
3.0
1.67
1.33
-1.67
-1.0
6.0
0.33
-1.67
0.0
-4.33
0.67
0.33
6.0
1.67
7.0
