0.0
44.33
27.0
33.33
4.67
27.33
-126.0
-65.33
28.33
-65.33
-68.33
-24.33
-109.33
56.0
-50.33
22.0
8.33
-55.33
-65.0
17.67
2.0
-47.33
19.0
3.0
-1.33
-1.67
-2.33
-7.67
2.33
8.33
-1.67
-1.67
3.33
-3.0
-2.33
2.0
1.33
5.0
-0.33
0.33
0.67
-1.0
-1.0
-1.0
1.33
-0.67
0.0
0.0
-0.33
2.67
-0.67
0.0
0.0
-0.67
0.0
0.67
-0.33
-0.33
0.0
-0.33
1.0
-0.33
0.0
-0.33
2.0
0.0
-1.0
0.0
0.0
-0.33
-0.67
0.0
0.0
-0.33
0.0
0.0
1.33
0.67
-0.33
-0.33
1.0
-0.33
0.67
-0.33
1.0
-0.67
0.33
-0.67
-0.33
1.0
0.67
-1.33
0.33
1.0
0.67
2.33
1.67
-0.67
0.33
2.0
0.0
-0.67
0.33
-1.33
-2.0
-0.33
-0.33
0.67
0.0
-1.0
0.0
-1.67
0.0
1.67
2.33
-1.0
0.67
0.33
-1.0
1.0
-2.67
2.67
-0.67
0.0
-2.0
1.0
-1.0
5.33
4.33
-1.0
0.0
-2.67
1.0
1.33
3.0
2.0
5.33
1.67
-0.33
4.0
3.33
-2.67
3.0
-0.67
1.67
-8.0
10.33
2.67
-1.0
0.33
-1.67
4.67
1.0
3.67
6.33
2.67
3.33
0.67
-0.67
9.33
2.0
1.33
5.33
7.67
-0.33
6.0
7.0
1.67
0.33
3.0
5.0
2.0
1.67
-3.0
2.33
-3.0
1.67
2.0
5.33
4.33
3.0
2.33
2.67
-2.0
6.33
0.33
-1.33
4.67
3.0
3.33
-2.67
6.67
-1.33
-4.0
-2.67
8.33
-1.67
-2.0
2.33
3.67
0.0
4.0
-1.33
9.0
3.33
9.67
2.33
4.0
6.67
4.33
4.0
-2.33
6.33
4.33
5.0
2.0
0.67
11.67
6.67
1.67
-2.33
-0.33
6.67
2.33
7.0
3.33
2.67
1.0
6.0
8.33
5.67
5.67
-1.0
5.67
0.33
-0.33
4.33
3.67
3.67
-0.67
1.33
7.67
-1.33
-1.0
4.67
2.67
6.33
-3.33
-3.33
-4.0
4.33
2.67
5.0
6.33
-4.67
12.33
6.67
0.33
4.67
6.33
4.67
2.33
1.33
0.0
4.33
-3.33
4.0
2.67
3.67
0.0
3.0
-2.67
1.0
-4.33
4.0
5.67
4.0
-1.67
1.0
7.0
-0.33
-1.0
5.0
4.33
0.33
10.33
9.67
-1.67
6.0
1.0
5.33
7.33
10.0
0.33
-3.67
7.0
7.33
1.0
3.67
9.67
7.33
-0.33
2.67
1.67
4.33
8.0
4.0
-2.67
6.67
-0.67
2.67
12.0
-1.67
1.67
-1.33
3.33
-0.67
3.67
9.67
5.0
-3.33
-1.0
-3.0
-1.33
1.0
-7.33
5.0
-2.0
-0.33
4.67
1.0
3.33
0.67
-0.67
2.33
-0.67
5.67
7.0
1.33
4.0
3.0
1.33
4.0
1.33
-6.33
3.67
2.67
-4.0
1.33
-1.67
0.67
2.0
4.33
0.0
5.67
2.33
2.67
5.33
5.67
-2.0
4.0
2.0
-3.33
-5.0
0.33
0.33
-3.67
5.0
-1.67
0.0
1.0
2.67
4.67
-3.33
0.67
-0.67
6.0
-6.33
8.67
11.0
3.33
0.0
1.67
-4.0
0.33
3.0
3.33
4.33
5.0
5.67
5.0
-6.67
4.0
-0.33
10.0
3.0
0.33
1.67
2.33
-2.67
4.33
3.0
-5.0
-4.67
-0.33
1.33
2.0
3.67
0.33
-4.33
3.67
1.33
4.33
9.0
0.0
-1.33
4.67
-1.0
-3.33
0.0
2.33
0.33
-4.0
1.33
8.0
1.67
3.33
-3.0
2.0
-3.33
4.0
2.0
2.67
5.0
-1.33
6.33
1.0
-2.67
-2.33
-2.0
-0.67
-3.33
2.0
-0.33
0.33
1.0
-1.33
-4.0
3.33
1.0
2.67
-3.33
1.33
4.0
-2.0
6.67
-0.33
8.33
3.33
6.0
1.33
0.67
1.33
-2.0
-1.33
-2.33
1.0
1.0
1.67
3.0
0.0
0.33
-3.0
-1.0
1.33
10.0
9.33
-1.33
2.67
2.0
-2.33
1.67
-1.33
-0.33
5.33
-4.33
-0.33
1.33
-1.33
-1.67
-0.67
5.67
5.67
0.33
0.0
-2.0
1.67
4.0
1.67
2.33
-0.33
-1.67
0.0
-2.67
5.33
3.67
6.67
-0.33
-0.33
-1.67
7.67
1.0
-0.33
4.33
2.67
6.67
-1.0
4.0
4.0
0.0
-3.33
0.67
2.0
-2.0
-3.0
-1.33
0.67
0.33
0.33
2.33
1.67
-1.0
3.0
5.33
-0.33
2.33
5.67
2.0
2.33
-0.33
2.33
1.33
-3.0
5.67
-1.67
1.33
1.67
2.0
1.0
5.33
-1.0
-0.33
-0.33
0.0
1.0
-0.67
2.33
-2.33
2.33
0.0
-2.0
2.0
-0.67
3.33
2.67
-1.67
4.0
1.0
4.33
5.33
1.67
-0.33
4.67
3.0
2.33
2.67
0.33
3.67
5.33
-0.67
-2.33
-2.33
0.0
1.67
-1.33
-2.0
-2.33
6.33
1.33
-3.0
-2.0
-1.67
0.67
-1.0
-2.33
1.67
-3.0
-2.67
-1.67
6.0
1.0
0.0
2.67
-3.0
-1.0
1.67
-0.33
-0.33
0.0
-0.33
6.0
-1.0
4.0
4.67
1.67
0.67
-2.0
0.0
2.0
4.33
-2.33
4.33
-1.0
-2.33
1.0
1.0
-2.0
3.0
-0.67
0.0
2.0
2.33
5.0
-0.67
0.0
2.67
2.0
1.0
1.33
-3.67
-1.67
1.33
0.33
-0.67
-0.33
1.0
-2.67
-2.33
2.0
2.0
-1.0
0.67
5.33
-3.33
0.0
-2.67
0.0
2.33
1.33
2.0
-6.0
0.67
4.67
1.0
-0.33
-1.0
3.0
4.67
1.33
4.0
0.33
-2.0
-4.33
4.0
1.67
5.0
-2.67
3.0
-2.67
-0.33
2.67
1.33
-2.67
-5.0
1.33
2.33
0.0
0.33
0.33
0.33
1.33
-1.33
2.33
-1.33
-0.33
2.67
3.33
1.0
3.0
-2.33
-0.67
-0.67
-1.0
0.33
5.0
1.0
3.33
0.67
2.33
4.67
-2.67
-2.33
3.33
6.33
-1.0
3.0
1.67
4.0
2.0
0.33
-1.67
-2.0
0.0
4.0
0.33
-3.0
1.33
1.0
0.67
-4.33
4.33
-4.33
3.67
-4.0
1.67
-0.33
-1.67
-2.67
9.33
5.0
5.33
0.67
-2.33
2.0
3.0
-2.33
7.0
-1.67
-3.0
1.0
3.0
9.0
3.0
-2.67
5.0
0.0
4.67
5.67
6.67
-5.33
-1.0
-0.33
4.33
-0.67
0.0
8.33
-4.0
0.0
-0.67
2.0
5.0
4.0
-2.67
6.33
5.0
2.0
1.67
5.67
0.33
5.33
-5.33
1.0
0.0
1.0
0.0
-1.33
0.33
3.33
-2.0
4.0
1.67
-1.33
5.0
9.67
-3.33
5.33
-0.67
3.33
4.0
7.33
0.33
2.0
6.67
2.33
2.0
-0.33
-0.33
9.0
4.67
-2.33
1.0
7.67
10.33
4.0
2.0
-5.67
2.0
4.0
5.33
7.33
-0.67
1.0
4.33
1.0
2.0
13.33
13.0
10.33
1.67
-1.33
9.67
4.33
1.67
-2.67
2.0
0.33
3.67
2.0
9.0
2.0
9.33
2.67
-1.0
9.67
4.67
6.33
5.67
7.0
9.33
5.67
4.0
16.0
6.67
8.33
7.67
7.33
6.67
5.33
7.0
-1.0
2.33
2.0
14.67
12.0
5.0
11.0
15.33
9.67
3.67
9.0
6.0
9.67
11.33
7.67
5.67
10.33
10.33
13.67
13.0
10.33
10.33
10.0
11.67
4.67
11.67
-2.0
12.67
11.33
7.67
10.33
1.0
6.67
8.67
7.33
8.0
9.67
5.33
7.0
7.33
12.67
6.33
6.0
11.0
8.67
12.67
3.67
7.33
6.67
18.33
5.0
13.67
3.0
5.0
17.33
8.33
16.0
1.0
6.67
16.33
11.33
8.33
8.0
9.33
16.0
10.0
20.0
14.0
33.0
19.67
19.33
26.67
22.67
31.67
46.0
39.67
40.67
53.67
61.33
65.0
63.67
71.0
74.0
76.67
79.0
78.67
68.0
78.33
94.67
68.33
80.67
80.0
63.0
60.67
60.67
28.0
37.33
32.33
26.67
30.67
28.33
20.33
20.0
21.0
9.0
5.0
17.0
22.67
14.33
13.0
9.0
18.0
19.33
28.33
31.33
31.33
39.67
43.33
50.33
54.0
50.33
50.33
56.0
48.33
43.67
55.67
42.0
47.67
46.67
48.33
38.0
32.33
36.0
17.0
27.33
26.67
19.0
24.67
24.33
19.33
11.33
16.67
8.67
14.33
16.67
15.67
7.0
9.0
17.33
14.0
11.33
8.67
13.0
4.67
14.67
9.0
13.33
14.0
17.0
16.0
18.67
20.67
11.0
11.33
28.67
19.0
15.67
17.67
22.0
16.33
18.0
19.33
12.67
22.33
15.33
22.33
15.0
15.33
30.33
21.0
23.67
11.33
16.0
34.67
15.0
17.67
17.33
23.33
24.67
10.33
20.67
26.67
26.33
13.33
15.67
30.0
19.67
27.0
24.67
29.33
34.33
46.67
43.67
29.67
40.67
38.33
43.33
40.33
41.67
53.67
39.33
39.33
29.33
30.33
49.33
30.33
41.0
31.0
32.0
28.67
24.0
34.0
24.0
25.67
31.67
19.0
27.0
26.0
27.33
19.67
25.67
33.67
18.33
15.0
17.0
23.0
11.67
9.67
37.0
22.33
23.33
12.67
27.33
14.33
23.0
21.67
23.0
16.33
12.33
19.0
6.0
20.0
11.67
11.33
21.0
14.0
5.0
5.0
10.0
13.67
6.33
18.33
19.67
7.0
12.33
7.33
9.33
4.0
16.67
13.67
13.33
14.0
5.33
9.33
9.33
7.67
9.67
15.67
14.0
10.33
14.33
16.33
4.0
22.33
3.67
12.0
-0.33
11.0
23.67
23.67
5.33
23.67
13.67
12.67
11.0
12.0
9.67
18.33
11.0
17.0
11.33
8.0
12.67
28.33
15.0
23.0
6.67
11.33
5.67
15.67
12.33
12.33
14.67
9.33
23.67
13.33
18.33
22.67
34.33
21.33
36.0
24.0
39.33
52.67
52.33
81.0
98.33
104.67
105.33
102.0
93.33
117.67
130.67
143.33
132.67
154.67
137.67
134.0
170.67
157.33
127.67
123.67
134.33
113.67
112.0
107.67
97.67
86.0
93.0
75.67
55.33
67.0
73.33
56.0
62.0
50.33
46.0
56.0
33.0
51.67
35.67
46.67
43.67
34.0
28.67
38.0
31.33
29.33
37.33
35.67
39.67
59.0
54.33
54.33
75.33
66.0
96.0
86.33
104.33
93.33
95.33
109.33
114.67
99.67
92.33
71.67
92.33
94.67
88.33
61.33
78.67
55.0
65.33
56.33
64.33
48.67
49.33
48.33
28.0
35.33
41.67
37.0
18.67
25.67
16.0
12.0
30.67
15.0
10.33
28.33
20.33
2.0
12.67
13.67
16.33
17.67
2.67
12.67
-1.0
13.0
6.0
13.0
6.67
5.33
5.0
11.0
5.33
7.33
-0.67
7.0
2.33
-1.33
17.67
11.0
12.67
4.67
15.0
6.67
19.33
10.33
13.67
7.67
7.0
17.33
14.67
21.67
21.67
14.67
18.67
21.67
24.33
20.33
25.0
20.67
27.33
24.33
31.67
22.33
28.67
25.33
39.0
40.33
47.0
31.67
31.33
35.33
31.0
41.0
27.0
34.0
39.0
22.67
19.33
24.0
19.67
42.33
16.0
18.0
16.33
25.33
23.67
30.0
31.67
28.0
22.67
18.67
21.0
14.67
21.67
24.0
24.33
23.0
28.0
25.33
35.33
26.67
47.67
31.67
30.0
29.33
35.67
43.0
36.33
25.0
55.33
29.67
27.0
30.0
38.67
17.0
32.67
25.0
23.33
27.0
34.33
34.67
18.33
41.0
14.33
23.67
25.67
27.33
9.67
11.67
25.67
13.33
10.0
20.67
21.0
11.67
22.67
12.33
10.0
8.67
9.67
7.0
16.0
15.67
7.67
7.33
7.0
4.0
13.67
2.0
5.0
6.0
2.0
0.67
12.0
25.33
23.0
5.0
15.33
9.0
17.33
8.33
12.33
10.0
5.33
9.67
3.67
10.33
17.0
20.67
14.0
9.33
9.67
4.67
6.67
15.33
2.67
7.0
14.67
4.67
5.0
12.33
21.0
10.67
8.0
8.33
7.0
12.67
23.0
-0.67
3.0
6.33
11.33
5.33
15.0
16.67
11.33
13.33
12.0
14.67
4.67
3.67
1.67
2.0
10.33
10.33
6.67
5.0
2.67
5.67
8.33
20.0
7.67
5.33
9.33
3.67
10.33
16.67
15.0
6.67
8.67
3.0
-5.67
1.33
8.67
6.0
4.67
-8.67
8.0
11.33
6.0
12.67
6.33
-1.33
7.0
-0.67
8.67
15.67
3.33
1.33
3.33
-3.33
14.0
13.67
3.33
-7.0
3.33
3.33
15.0
-4.0
1.33
4.33
18.0
11.0
1.33
3.33
8.67
7.0
4.67
10.33
8.67
12.33
7.67
6.0
8.33
2.0
16.33
-4.0
5.33
10.33
-4.0
3.0
21.33
16.33
17.67
7.33
9.33
12.67
12.33
4.33
10.33
15.0
6.33
23.33
16.0
3.0
8.33
13.33
4.0
7.0
-8.0
-0.67
24.33
6.33
9.67
-1.33
0.67
-3.67
1.33
19.0
8.67
9.33
6.0
4.67
4.67
3.67
12.67
6.0
10.0
18.67
24.67
21.33
7.0
29.67
26.67
13.33
9.0
14.33
10.0
27.0
26.33
13.67
13.33
27.0
14.33
5.33
8.33
-1.0
4.33
10.67
8.0
14.67
14.33
12.33
2.67
7.67
3.0
4.33
12.0
7.0
21.33
9.0
11.67
9.33
-8.33
5.67
3.33
9.0
7.0
-4.33
7.0
10.33
-1.33
5.67
5.67
10.67
4.33
8.0
11.33
-0.33
0.0
7.33
5.33
9.67
18.0
8.0
10.67
7.33
11.0
6.67
5.33
16.0
7.33
4.67
4.67
3.67
2.33
8.0
8.67
-2.33
1.67
-6.67
9.0
9.67
8.67
7.33
18.67
10.67
19.33
-4.33
6.67
1.67
4.33
6.0
9.67
19.0
5.33
8.67
10.0
-2.33
16.0
3.67
-5.0
13.0
-14.67
16.0
10.0
19.0
7.67
7.33
12.67
8.33
10.67
6.33
10.0
3.67
0.0
-7.0
12.0
10.0
5.0
2.67
-0.67
1.67
10.67
-2.33
8.33
0.33
3.0
0.33
-7.33
-2.0
9.0
9.67
9.0
7.67
10.67
1.33
-3.67
6.0
1.0
6.0
14.0
-4.33
9.33
-3.67
11.0
2.0
1.67
2.0
13.0
11.33
-1.0
-1.0
2.67
-7.0
13.0
13.33
-1.67
5.67
10.33
-1.33
1.67
7.67
-0.33
-3.67
-4.33
4.0
-0.67
8.0
-2.33
6.33
-0.33
4.33
6.33
-0.67
0.67
14.0
1.0
1.67
5.33
6.33
2.67
23.33
-1.67
3.33
1.67
10.33
13.33
-6.67
3.67
7.0
2.67
5.0
1.33
5.0
10.0
7.33
3.33
4.67
-6.0
0.0
1.33
5.0
1.67
1.0
5.33
0.67
1.33
-1.0
6.0
4.67
3.0
1.67
-3.0
6.67
2.0
-3.33
-0.67
-1.33
1.33
-1.33
0.67
3.67
8.0
0.0
11.33
-0.67
0.67
13.0
6.33
2.0
-1.33
4.0
2.33
7.33
-1.0
1.33
2.67
1.0
7.0
2.0
4.67
9.33
4.67
0.0
-1.33
7.67
6.0
-6.33
6.33
1.67
10.0
7.33
9.67
2.33
8.33
7.33
1.0
2.67
2.67
9.0
5.67
9.33
3.33
-3.67
2.33
8.0
8.33
2.67
7.33
9.33
3.67
2.67
7.67
-2.33
-4.0
-1.33
3.67
4.0
-0.33
3.67
2.33
8.67
-6.67
3.0
-5.0
-3.67
4.67
4.33
10.67
3.67
1.33
-1.33
3.67
0.0
-0.67
1.33
0.33
2.33
2.33
11.67
6.67
5.67
2.33
5.0
3.33
2.33
0.0
4.67
1.0
2.0
1.0
10.67
4.33
8.0
-2.0
5.33
-1.0
-2.0
-1.0
14.33
11.0
5.67
5.67
8.67
-1.67
5.33
8.0
-4.0
5.33
10.67
9.33
3.33
6.33
4.0
5.0
4.67
-1.33
1.67
6.0
2.0
0.67
0.67
0.33
8.33
9.33
-1.33
5.0
1.67
8.67
1.67
-4.33
2.67
-1.67
3.0
0.33
8.0
-2.0
6.33
2.33
-2.33
-2.33
1.0
1.0
0.33
7.33
-1.33
4.0
3.33
3.33
6.33
-1.67
2.67
4.33
0.67
2.0
0.0
-1.33
-4.33
-1.0
6.33
-2.33
0.67
3.0
1.0
2.0
-0.33
3.33
2.67
2.67
-8.33
0.33
6.33
6.0
-0.33
2.67
0.33
1.33
6.0
2.0
1.33
3.33
1.33
5.0
5.33
1.0
8.0
-0.67
-2.0
-1.33
7.0
3.33
7.67
0.33
2.33
4.67
2.67
8.0
2.0
2.67
2.67
-1.33
0.33
6.0
-1.67
-4.0
1.67
5.33
5.0
-3.0
0.33
-0.67
-4.0
5.0
1.33
2.33
1.33
5.67
2.0
3.33
9.33
6.67
2.0
-2.33
1.67
-1.33
2.67
0.33
7.33
13.0
-2.0
2.33
1.33
-1.33
1.0
-3.67
0.0
-1.67
2.67
8.0
-4.33
0.33
-2.67
-0.33
0.0
2.33
-0.33
-1.33
0.67
3.67
-0.33
4.0
6.0
4.0
2.0
2.67
1.33
1.33
1.0
-3.0
2.67
0.33
0.33
0.0
11.0
-2.67
0.33
5.0
1.67
-2.33
0.33
-1.0
2.67
-2.0
