0.0
-0.67
66.0
42.33
11.67
-121.67
-93.0
-21.33
-8.67
-39.33
-31.33
15.67
-57.33
8.0
-10.33
63.0
20.33
-42.33
13.0
29.67
-16.0
-27.33
20.0
-5.0
-4.33
-3.67
9.67
7.33
-0.67
5.33
-2.67
-2.67
-1.67
2.0
-4.33
0.0
1.33
0.0
0.67
0.33
0.67
-1.0
0.0
1.0
-0.67
-0.67
0.0
0.0
0.67
-0.33
0.33
0.0
-1.0
0.33
0.0
1.67
1.67
-1.33
1.0
-0.33
2.0
-0.33
0.0
-0.33
1.0
0.0
0.0
0.0
1.0
0.67
-0.67
0.0
0.0
-0.33
1.0
1.0
-0.67
-0.33
0.67
-1.33
0.0
-0.33
0.67
-0.33
1.0
-0.67
-0.67
1.33
-0.33
1.0
2.67
-1.33
0.33
0.0
0.67
2.33
0.67
1.33
-1.67
0.0
0.0
2.33
-0.67
0.67
0.0
-1.33
-1.33
2.67
0.0
0.0
0.0
-2.67
0.0
1.67
0.33
1.0
-1.33
-2.67
1.0
0.0
-2.67
-1.33
0.33
2.0
3.0
1.0
-2.0
0.33
2.33
-3.0
-1.0
-0.67
1.0
6.33
3.0
1.0
5.33
-2.33
0.67
0.0
4.33
-2.67
5.0
-2.67
4.67
3.0
1.33
2.67
0.0
1.33
6.33
9.67
3.0
5.67
0.33
2.67
-1.67
-5.33
6.33
1.33
2.0
7.33
7.33
6.67
-1.33
7.0
-2.0
-3.33
7.33
5.0
8.0
5.0
0.67
0.0
4.33
-4.0
5.67
7.0
1.33
-0.67
5.0
3.33
-0.33
-3.0
4.33
3.33
3.67
5.67
-1.0
-2.67
-2.67
3.67
-1.33
-2.0
2.33
-0.67
0.33
-2.0
4.33
4.67
3.0
8.0
-1.33
4.0
2.33
3.67
5.33
0.0
4.67
-1.67
0.0
6.67
4.33
10.33
-4.0
6.0
-3.33
1.67
9.67
0.67
-1.33
-0.33
-0.33
4.33
6.0
3.33
12.67
0.0
3.0
4.33
7.67
7.67
6.0
0.67
5.33
0.67
3.33
1.67
-0.33
-3.67
1.33
7.67
-0.33
9.0
2.67
4.67
1.33
2.67
5.67
0.0
-2.67
5.67
0.0
6.33
-1.67
9.33
1.67
3.33
7.67
4.33
12.67
-2.67
-0.67
2.0
5.33
4.67
1.0
3.67
-3.33
6.0
5.0
-1.67
-4.0
-4.33
4.0
5.67
-1.0
2.33
5.0
1.0
0.67
-1.0
4.0
1.33
1.33
7.33
-2.33
11.33
9.0
-4.0
0.33
-1.67
5.0
0.33
1.33
2.0
0.33
-7.0
6.67
5.67
0.33
-2.33
-2.33
4.67
-1.67
7.0
-3.0
3.33
6.67
-0.67
5.67
7.0
1.33
-1.33
3.67
4.33
1.33
0.67
3.67
2.0
-2.33
7.0
6.0
-0.33
4.0
1.67
3.0
-3.0
0.67
4.67
8.0
1.33
7.67
0.33
4.33
-1.67
-1.33
-4.0
-1.67
6.0
4.0
6.33
1.0
-0.67
-8.33
4.67
1.67
4.0
0.33
6.33
0.67
1.0
4.33
4.0
4.67
10.33
-0.33
6.33
8.67
2.0
0.0
0.0
-0.33
-1.0
0.33
2.33
4.33
1.0
0.33
-2.0
3.0
-1.33
-1.33
-0.33
5.67
1.33
5.0
-1.33
-0.33
5.0
-0.67
-1.0
1.67
4.0
-3.67
-2.0
3.33
3.33
1.0
4.67
9.0
7.33
0.0
-0.33
-2.0
0.0
2.33
-1.33
-4.67
-1.67
-1.67
11.0
-5.0
1.33
-0.33
3.33
-1.0
1.67
1.33
-0.33
1.67
-4.67
-1.67
1.0
3.0
-1.33
-2.33
6.0
-3.33
-2.0
1.33
0.33
1.0
-6.67
0.0
0.67
2.33
-1.0
7.0
-1.33
-3.0
-2.0
1.67
-1.0
1.67
-0.67
-2.0
-0.67
5.67
5.0
0.33
0.67
5.0
-1.33
1.33
3.0
4.67
0.0
1.33
2.0
-0.33
1.67
-2.67
2.0
-2.0
0.67
5.67
5.33
9.33
8.0
6.33
3.67
1.33
-4.0
-2.33
-2.33
2.0
0.0
10.67
4.0
0.0
4.33
-2.0
2.0
2.33
-1.0
0.33
0.67
2.67
2.0
0.67
-3.33
2.67
0.67
3.33
-0.33
0.67
-0.67
-1.33
2.33
0.33
5.67
-0.33
-0.67
6.0
2.0
-2.33
4.0
-1.33
4.33
-4.33
-0.67
4.0
-1.67
5.33
6.67
-0.33
-2.33
3.67
-1.67
-0.33
4.0
0.67
1.33
2.67
1.67
1.0
5.0
4.0
-3.0
-0.33
-1.33
-3.0
2.0
0.0
-0.33
0.67
1.33
-1.67
1.33
-1.33
-2.0
-2.0
7.33
1.67
2.33
-1.33
1.0
3.33
-0.33
-0.67
1.33
-1.0
4.67
-2.67
2.33
0.67
1.0
0.0
-1.67
-1.0
3.67
2.67
-3.0
1.0
-0.67
0.33
0.67
1.33
0.0
-2.0
0.0
4.33
1.33
-0.33
3.33
2.0
4.0
-3.67
1.33
5.67
6.67
2.67
3.0
2.33
-0.33
-1.67
2.67
10.33
-3.67
1.67
-0.33
-3.0
2.67
-0.33
-5.0
-2.33
-1.67
1.33
-3.0
0.0
-3.67
2.67
-6.0
2.67
-1.33
3.0
0.33
1.33
2.0
3.0
0.0
0.67
-1.0
-3.0
-0.33
-1.33
-0.33
8.0
1.67
4.0
4.0
-1.0
8.67
1.67
0.67
2.0
0.0
5.0
3.33
-1.33
3.33
3.0
4.67
-2.0
1.0
-1.0
4.0
-0.67
3.0
7.0
-0.67
3.0
2.33
5.0
-2.33
3.0
-1.0
0.33
-3.67
-0.67
0.33
5.33
-0.67
-0.33
5.0
1.33
0.67
3.0
4.0
-1.0
-1.33
3.33
0.67
-1.0
-2.67
3.0
-1.67
-1.67
-2.0
1.0
-2.33
3.67
0.0
0.67
1.0
8.0
0.67
1.33
2.0
3.33
-6.0
3.67
3.0
2.67
-3.0
-0.67
4.0
-0.67
4.67
1.67
3.33
-2.67
-1.0
-0.67
1.33
-3.0
-0.67
-2.67
-3.67
0.33
-2.33
-5.67
1.67
-1.33
4.67
4.33
0.0
6.0
4.67
8.33
-0.67
2.0
1.33
1.0
5.0
2.33
5.67
-3.67
1.67
0.33
1.67
6.33
0.33
0.0
-6.0
7.67
0.0
5.0
-0.67
5.33
1.0
3.0
7.0
-1.67
-4.0
7.33
5.0
-3.33
2.67
0.33
-5.33
2.67
1.0
-0.33
0.67
2.33
-1.67
3.33
0.0
2.33
4.67
2.67
3.0
6.0
-0.33
-1.0
3.33
-3.0
-2.0
0.0
8.0
7.0
1.33
8.0
5.0
0.67
-2.33
0.67
-2.33
5.0
-0.33
3.33
1.33
4.0
2.33
2.0
-2.0
7.33
7.0
2.0
1.0
1.33
5.33
3.0
-1.0
1.67
1.67
2.33
2.33
-0.33
6.0
0.0
0.0
0.0
2.67
3.33
6.33
6.0
4.0
11.67
0.67
7.0
4.67
5.67
8.33
1.33
5.33
11.0
1.33
1.33
5.0
2.67
4.33
5.0
1.67
1.67
5.0
9.67
1.67
10.0
6.67
5.33
4.0
8.0
-0.67
0.0
5.0
1.33
6.33
7.33
10.0
7.33
2.0
-2.0
6.33
3.0
7.33
-3.33
5.67
5.67
6.33
5.67
2.33
5.0
4.33
8.67
7.0
5.0
6.0
6.33
-0.33
4.0
12.67
6.67
1.33
2.67
5.0
5.33
14.67
0.0
6.0
6.67
4.33
7.67
4.33
1.67
4.33
-1.0
-1.0
3.33
2.0
9.67
3.0
5.0
9.0
9.33
5.67
12.67
3.0
5.0
10.67
5.33
5.67
-2.33
4.33
4.33
18.67
5.0
10.33
9.33
4.0
1.67
9.67
4.67
6.0
7.67
12.33
5.67
10.33
2.0
6.67
0.67
7.33
2.0
12.67
13.33
8.0
4.33
7.67
11.33
8.0
11.0
6.67
10.67
7.67
13.33
12.67
10.33
12.0
10.67
7.0
3.0
11.33
10.33
10.0
10.0
7.67
5.33
15.33
9.33
15.0
13.33
7.0
10.0
11.0
31.0
28.0
25.67
23.33
23.67
29.67
27.67
31.0
35.67
35.67
37.67
44.33
46.0
44.67
40.0
50.0
45.67
69.0
66.67
68.0
65.33
91.67
83.33
87.67
82.0
92.0
89.67
66.67
74.0
45.33
64.33
54.67
34.67
29.33
22.33
19.0
34.0
14.0
19.0
21.0
14.67
12.33
7.0
15.0
20.0
24.33
21.33
32.33
27.33
40.67
38.33
44.33
46.0
44.33
56.33
48.0
44.33
43.67
55.67
58.0
41.67
52.67
54.33
51.0
42.33
47.0
26.0
34.33
40.67
32.0
35.67
27.33
22.33
23.33
23.67
12.67
19.33
26.67
6.67
11.0
12.0
15.33
18.0
10.33
4.67
13.0
10.67
14.67
10.0
9.33
16.0
1.0
8.0
17.67
19.67
13.0
17.33
25.67
25.0
20.67
27.67
10.0
14.33
19.0
13.33
23.67
23.33
12.33
16.33
16.0
20.33
24.33
16.0
22.67
14.33
27.0
20.67
16.0
32.67
15.33
23.33
9.67
21.33
18.67
18.67
24.33
16.33
17.67
27.0
32.67
25.0
32.67
25.33
38.33
35.67
38.67
56.67
53.67
40.33
61.33
44.33
41.67
54.67
47.33
41.33
45.33
52.33
58.33
53.33
26.0
37.0
41.0
38.67
23.0
34.0
37.0
36.67
33.67
30.0
34.0
28.0
28.33
32.67
30.67
26.67
33.33
20.0
24.0
26.0
18.67
18.67
30.0
20.33
14.33
22.67
15.33
26.33
16.0
10.67
21.0
19.33
13.33
17.0
4.0
15.0
16.67
14.33
13.0
9.0
4.0
7.0
13.0
12.67
3.33
13.33
16.67
3.0
2.33
9.33
16.33
10.0
13.67
13.67
8.33
9.0
14.33
14.33
13.33
4.67
11.67
14.67
16.0
19.33
9.33
8.33
11.0
18.33
9.67
22.0
12.67
10.0
8.67
13.67
9.33
25.67
22.67
11.67
10.0
20.0
15.67
19.33
19.0
19.0
18.33
19.0
8.67
12.33
7.0
12.0
9.67
13.33
10.67
12.67
9.33
11.33
26.67
14.33
16.67
18.33
26.33
18.67
37.33
18.33
27.0
47.0
28.33
51.67
54.33
67.0
61.33
67.67
92.33
76.0
75.33
105.67
96.67
97.33
103.67
96.67
92.67
92.0
99.67
89.33
90.67
61.67
81.33
63.67
58.0
51.67
58.67
35.0
47.0
46.67
47.33
52.0
42.33
59.0
50.0
58.33
60.0
47.0
43.0
29.67
47.67
45.67
30.67
33.0
44.67
37.0
43.33
39.33
40.33
40.67
54.67
62.0
67.33
57.33
73.33
61.0
80.0
86.33
75.33
105.33
97.33
67.33
97.67
93.67
69.33
85.67
80.33
87.67
89.33
65.33
65.67
64.0
54.33
73.33
45.33
52.67
52.33
47.33
34.0
24.33
30.67
28.0
23.67
17.67
25.0
24.0
23.67
31.0
23.33
30.33
24.33
12.0
13.67
3.67
17.33
20.67
22.67
8.67
2.0
5.0
7.0
21.0
23.67
7.33
14.0
11.0
5.33
12.33
2.33
13.0
6.33
10.67
9.67
17.0
9.67
8.67
11.0
6.67
10.33
23.33
13.67
18.67
23.0
11.33
15.67
24.67
16.67
18.67
13.67
22.67
31.33
31.33
21.0
30.67
23.33
23.33
24.67
24.33
31.67
39.33
38.0
30.33
29.0
16.67
38.33
34.33
36.0
27.0
32.0
35.0
43.0
19.67
23.33
19.0
16.67
29.33
15.0
27.0
26.33
25.33
30.67
24.0
35.67
18.0
-0.33
10.67
27.0
16.67
19.67
32.0
18.33
23.0
15.0
10.33
22.33
21.67
18.67
46.67
32.0
34.33
34.67
23.0
35.33
40.0
34.33
29.67
38.0
41.0
39.67
29.0
35.67
48.0
44.33
48.0
31.33
38.67
49.33
38.0
15.33
25.67
26.67
28.33
21.67
18.67
21.67
10.33
27.0
22.67
17.0
16.67
27.67
9.33
15.0
5.67
15.67
11.0
23.0
13.67
-1.33
14.33
7.0
8.0
1.67
11.0
14.0
9.0
12.0
13.67
13.0
9.33
22.0
4.0
4.33
10.0
12.33
3.33
12.33
10.0
4.33
8.67
13.67
5.33
7.0
7.67
3.0
7.33
13.67
10.67
6.67
12.33
21.67
13.0
14.67
11.67
12.0
10.33
5.0
11.67
15.0
16.33
1.0
8.67
17.0
13.33
11.0
16.33
11.33
11.33
13.0
1.67
3.33
15.33
23.0
2.67
17.67
6.67
11.67
1.0
14.33
13.33
3.67
5.0
4.67
-0.33
7.33
9.0
5.67
8.33
17.33
2.67
19.33
6.67
7.0
1.67
1.67
3.0
7.33
3.33
16.67
2.0
0.67
2.33
8.0
12.33
22.0
12.67
1.33
13.67
14.0
7.33
8.67
9.67
-6.67
12.33
2.33
4.67
16.0
10.67
8.33
5.0
26.33
10.33
11.0
-1.0
8.33
4.33
20.0
14.0
-3.67
3.33
0.67
12.0
4.67
4.33
10.67
1.33
17.67
23.0
2.33
22.0
12.33
10.0
6.33
15.33
1.0
5.0
21.33
15.33
14.67
12.33
-0.67
16.67
9.33
-1.67
9.33
7.0
10.33
13.33
9.0
9.0
15.33
14.33
10.0
1.0
16.0
14.33
15.33
22.33
2.67
0.67
18.67
8.33
6.33
20.0
23.67
1.33
14.0
-6.33
5.67
13.67
9.67
15.0
18.0
8.67
12.67
24.33
11.0
17.67
3.67
7.33
10.0
6.33
22.0
14.0
19.33
9.67
17.33
3.0
9.33
-2.67
15.33
15.0
4.33
11.67
14.0
8.67
15.33
27.33
13.67
25.67
3.0
15.33
7.0
4.0
16.33
2.0
0.67
9.33
9.67
13.67
-9.67
4.0
9.0
2.67
23.0
6.33
6.67
2.67
5.67
23.67
10.33
9.0
13.33
-1.33
9.0
15.33
10.33
2.67
10.0
12.0
16.67
11.33
-4.0
-4.33
7.33
12.0
11.33
18.67
-3.33
10.67
6.33
9.0
12.67
10.67
7.67
7.33
13.0
15.67
11.67
25.33
15.67
-0.33
6.33
7.67
6.67
5.67
-1.67
21.0
6.67
-1.0
5.33
6.67
18.0
15.67
15.0
11.67
16.0
17.0
11.33
11.0
18.0
18.0
7.67
10.33
9.67
8.33
11.67
4.33
7.0
6.67
8.0
3.0
2.0
15.0
-3.0
0.67
5.33
-4.33
4.67
6.67
16.33
2.33
1.0
3.33
1.67
5.0
13.0
0.67
18.0
-3.33
10.67
0.33
1.33
3.0
9.0
0.0
3.0
-0.33
-1.67
-0.67
-1.0
1.0
4.67
2.0
12.0
0.33
2.0
-7.0
11.67
-3.0
4.0
2.33
-8.67
2.67
9.33
-3.33
6.67
6.67
-6.33
0.33
4.67
-6.0
1.33
5.0
9.67
11.33
-1.33
-4.67
-1.67
-1.67
7.67
-3.0
14.0
-4.33
7.33
8.33
-1.33
2.33
-0.67
4.33
6.67
-0.67
9.33
-8.67
-0.33
1.0
-2.33
13.0
1.33
2.0
7.0
11.33
2.33
7.67
0.0
-1.0
6.33
0.0
0.67
4.0
0.33
-1.33
-3.67
4.0
10.0
8.67
1.0
15.67
10.0
6.67
8.0
-0.33
-1.67
0.67
0.33
-4.33
-4.33
-1.33
3.0
1.0
3.33
1.33
5.67
4.0
-1.67
-8.0
1.67
4.0
-2.67
16.33
9.0
-0.67
7.67
0.0
5.0
-3.0
3.67
1.33
-1.33
3.0
4.67
1.67
1.0
5.67
7.33
3.67
0.0
3.33
0.67
1.33
4.33
5.33
7.0
0.67
13.67
5.0
10.67
4.33
-0.67
3.33
-0.67
8.0
-1.67
-0.33
4.33
-0.67
2.67
4.67
1.67
4.67
3.0
1.67
1.67
3.0
7.67
4.67
5.33
-0.33
1.33
4.0
-5.0
9.33
-1.33
-4.67
8.67
2.67
5.33
1.67
-1.33
-2.0
11.33
-1.67
2.33
6.33
2.33
5.67
5.67
0.67
1.33
-1.0
5.33
2.33
2.0
3.67
-5.0
-1.0
-1.0
4.67
0.33
5.0
9.0
-0.67
0.0
-1.0
0.0
6.33
0.0
0.67
-0.33
8.67
1.33
5.33
4.0
0.0
8.33
3.67
5.33
12.33
3.33
5.0
6.0
3.67
-2.33
1.67
5.0
4.0
4.67
1.67
7.33
3.33
6.33
4.67
6.0
0.67
7.67
0.67
-2.33
-1.33
8.33
3.0
-0.67
15.0
6.0
0.33
5.33
-1.33
-3.33
-1.0
7.0
-0.67
6.33
-3.33
-1.0
2.33
0.33
3.33
3.33
-3.33
-0.67
0.67
7.0
8.0
-1.33
1.67
1.0
6.33
-6.33
1.67
7.0
-4.0
1.0
-4.33
2.33
-3.33
0.67
-1.33
-1.67
7.33
2.0
1.67
-1.33
1.33
4.33
3.0
-1.0
-3.67
1.33
2.33
7.0
-0.67
-2.0
-3.0
3.33
5.0
1.67
-1.0
2.33
2.67
3.33
1.33
1.67
6.67
0.0
3.0
5.67
3.67
-1.33
4.33
2.0
-4.67
-1.0
-2.33
5.33
-2.0
2.0
6.33
-3.67
-2.0
7.0
0.33
4.33
0.33
4.67
5.0
-2.67
5.33
2.67
5.0
-1.33
0.67
-2.33
3.67
1.33
1.33
0.0
0.0
5.33
-0.67
6.67
7.0
-0.67
4.0
-4.67
3.67
3.0
0.67
3.33
-1.67
0.67
3.0
5.33
-3.33
-2.33
5.67
-0.33
2.67
1.0
5.0
2.0
7.0
0.67
2.33
0.33
6.0
1.0
-1.33
6.33
5.33
0.0
6.0
-0.67
2.33
4.0
1.67
-3.33
-1.67
4.0
-1.33
6.0
