0.0
125.33
2.0
28.33
-50.33
-9.67
-3.0
11.67
-25.67
33.67
-20.33
9.67
14.67
16.0
-49.33
36.0
-2.67
-20.33
-28.0
45.67
40.0
-13.33
48.0
-21.0
-3.33
-11.67
7.67
-18.67
5.33
3.33
-1.67
0.33
3.33
-1.0
-0.33
0.0
-1.67
2.0
-2.33
-0.67
0.67
0.0
-1.0
-1.0
-0.67
0.33
1.0
1.0
0.67
-0.33
-0.67
0.0
-1.0
-0.67
0.0
-0.33
0.67
-1.33
0.0
-0.33
0.0
-0.33
0.0
0.67
1.0
0.0
-1.0
0.0
0.0
0.67
0.33
0.0
0.0
0.67
0.0
0.0
-0.67
-0.33
-0.33
-0.33
1.0
-0.33
-0.33
0.67
1.0
-0.67
0.33
-0.67
0.67
1.0
0.67
-1.33
1.33
1.0
-0.33
1.33
1.67
0.33
0.33
0.0
0.0
0.33
-1.67
0.67
-1.0
-0.33
-0.33
0.67
1.0
1.0
0.0
0.33
2.0
-0.33
-0.67
1.0
1.67
-1.67
3.0
-1.0
-4.67
-2.33
3.33
1.0
0.0
-3.0
1.0
0.33
8.33
0.0
-1.0
-1.67
2.0
8.33
4.0
4.0
7.33
7.67
-5.33
-1.0
1.33
2.33
1.0
-1.67
4.67
-3.0
0.33
1.67
-1.0
0.33
5.33
6.67
8.0
-1.33
5.33
3.67
-0.67
-4.33
-4.67
4.33
3.0
6.33
-0.67
3.67
-2.33
4.0
-3.0
4.67
-0.67
6.0
3.0
4.0
2.67
5.0
-0.67
-4.0
8.67
2.0
7.33
-1.67
5.0
-2.67
6.67
9.0
11.33
2.33
-0.33
0.67
4.0
5.33
-3.67
3.67
3.67
0.0
0.33
9.33
5.33
-2.0
11.33
6.67
-2.0
0.0
-4.33
-3.0
7.33
0.67
1.33
1.0
-2.33
1.33
1.0
-3.33
-1.67
-0.67
-4.0
8.0
4.67
4.67
-1.33
5.67
4.67
3.67
-0.33
0.33
3.0
-0.67
6.67
1.0
6.0
7.33
8.67
2.67
10.0
6.67
-2.67
-2.33
7.33
5.67
14.67
3.33
2.33
-0.33
1.67
5.0
-2.33
2.67
2.33
6.67
0.67
2.0
-4.67
-0.33
1.0
4.33
0.33
4.33
4.67
-2.67
6.67
4.33
4.67
-0.67
1.33
-1.0
8.33
-0.33
2.0
3.67
1.67
-3.0
2.0
3.33
-2.0
0.67
1.0
4.67
8.0
3.33
8.0
8.0
0.67
1.0
4.0
1.33
8.33
3.33
6.67
1.33
5.0
-2.0
4.33
1.33
2.0
5.33
-3.67
6.0
-1.67
2.0
2.67
0.67
-5.67
2.67
0.67
-2.33
9.33
8.0
1.0
6.33
1.67
1.33
5.67
9.0
-1.67
-4.33
-3.33
1.33
-1.67
0.67
-1.33
0.0
3.67
-3.0
0.0
1.67
5.0
-5.33
6.0
-1.0
2.67
1.67
-4.0
2.33
0.67
9.33
-0.67
-0.67
3.67
-1.0
-3.67
3.0
7.0
-1.67
2.0
5.33
-3.33
3.67
1.67
6.0
-5.67
-0.67
1.67
2.0
5.33
6.0
4.67
10.33
-0.33
0.33
5.67
0.0
0.0
-5.0
-4.33
-2.0
-0.67
0.33
1.33
3.0
2.33
3.0
0.0
0.67
5.67
1.67
4.67
2.33
-1.0
-2.33
5.67
4.0
-2.67
-4.0
12.67
4.0
-3.67
1.0
7.33
3.33
9.0
1.67
1.0
-2.67
2.0
-3.33
1.0
2.0
5.33
3.67
1.33
-3.67
0.33
0.0
-2.0
-3.67
0.67
-1.67
1.0
0.67
1.33
-2.33
1.67
-1.67
7.33
0.0
-1.0
-0.33
-1.33
1.0
-4.33
3.0
-0.67
-0.67
3.0
1.33
3.0
-1.33
-0.67
5.0
1.0
-0.33
4.0
2.0
0.67
1.0
0.67
3.33
2.0
1.33
4.67
2.0
3.33
0.67
2.0
-5.33
3.33
1.0
0.67
-1.0
2.33
1.0
3.67
-3.33
-1.67
9.0
-1.0
4.67
6.67
1.33
2.33
1.0
5.33
5.67
7.33
1.0
3.67
-0.33
5.0
5.0
11.67
9.0
-1.0
1.33
3.0
3.0
2.33
2.0
-0.67
-2.33
1.67
-3.0
-3.33
-2.33
3.67
-1.33
2.33
-1.33
1.67
0.33
3.67
1.33
1.33
4.67
3.67
0.33
4.0
0.0
1.67
4.0
0.67
2.33
6.67
0.33
1.0
-5.67
3.33
4.67
2.67
4.67
2.67
0.33
-1.33
0.0
3.67
1.33
0.67
1.67
3.0
7.0
5.0
-2.0
-0.33
-3.33
-1.0
0.0
-3.0
-3.33
1.67
4.33
-1.67
4.33
0.67
-4.0
1.0
3.33
3.67
4.33
-1.33
1.0
3.33
0.67
1.33
2.33
-2.0
-0.33
0.33
5.33
0.67
0.0
2.0
3.33
1.0
-2.33
0.67
1.0
-1.0
-2.67
-0.67
-1.33
-1.67
-1.0
3.0
0.0
-2.67
0.33
-0.33
1.33
0.0
0.0
-1.67
2.33
-2.33
6.67
3.67
2.0
4.33
-2.33
2.33
6.67
4.33
1.33
-2.33
1.67
-1.0
-1.33
-0.33
-3.0
-1.33
-3.67
4.33
0.0
2.0
-3.67
-2.33
-2.0
1.67
-1.33
-1.0
-2.67
0.33
4.0
3.0
0.0
0.67
-3.0
-3.0
-1.33
-1.33
1.67
-1.0
0.67
5.0
0.0
0.0
1.67
0.67
-1.33
0.0
2.0
0.0
3.33
-3.33
2.33
0.0
0.67
4.0
4.0
-1.0
3.0
6.33
2.0
3.0
-0.67
6.0
-2.67
2.0
-0.33
-1.0
2.0
-3.67
3.33
-2.67
-0.67
-1.67
-3.67
-0.33
4.0
5.33
1.67
2.0
0.0
-2.0
-1.33
2.33
0.67
-3.0
-4.67
1.0
-1.67
-2.67
-1.0
-3.0
0.67
1.67
-1.0
-0.33
2.0
3.0
-0.33
0.33
3.0
0.33
4.0
0.67
-4.0
0.67
3.0
-2.67
2.0
2.33
-1.33
0.67
3.33
4.33
1.0
4.33
3.33
-3.0
-0.67
-0.67
-1.67
-2.67
0.67
-0.67
-2.33
4.67
3.67
-2.67
0.0
2.0
0.67
1.33
1.33
1.0
1.33
4.0
3.0
4.33
1.67
0.33
4.67
-2.67
-1.33
0.33
1.33
5.0
0.0
7.67
9.0
5.0
2.33
0.33
0.0
4.0
3.0
5.33
-2.0
-0.67
-1.0
3.67
1.67
0.33
5.67
0.67
-3.0
-5.33
2.67
-0.67
3.33
2.33
3.0
4.33
-0.33
1.67
2.0
7.0
1.67
-2.0
7.33
4.0
-2.0
4.0
4.0
1.0
4.33
5.0
2.0
2.67
5.67
3.67
-6.33
7.0
2.67
6.33
1.33
2.0
4.33
0.0
2.0
13.33
5.0
5.0
5.0
-1.67
9.33
5.0
9.0
3.67
2.67
3.33
6.33
-0.33
-4.0
3.0
5.0
2.0
2.67
0.33
5.33
9.0
11.0
2.67
4.67
13.0
3.67
6.67
8.33
5.33
10.33
8.0
5.33
3.33
4.0
7.67
3.33
4.0
1.67
0.67
9.0
2.67
2.67
3.0
6.67
2.33
-1.0
4.0
3.33
2.0
9.0
4.33
6.33
4.33
11.0
1.33
-2.0
0.0
6.33
2.0
0.33
4.67
4.67
5.67
1.33
4.67
2.33
2.0
8.33
8.67
-3.0
-3.0
4.0
1.33
0.67
4.0
14.67
5.67
4.33
7.67
9.0
7.33
7.67
3.0
3.0
-1.33
5.33
15.67
4.33
4.67
2.33
7.0
14.0
13.33
4.0
9.67
3.0
3.0
13.0
13.33
0.67
7.67
11.0
1.0
11.67
4.33
11.67
1.67
5.33
8.33
8.67
8.0
9.33
11.33
5.0
10.67
14.67
4.67
11.0
15.67
5.33
13.67
8.33
0.0
13.67
12.67
16.33
13.0
11.67
12.33
5.0
13.33
8.67
5.33
22.0
13.0
3.67
12.67
12.67
11.33
6.67
10.33
17.0
5.67
9.0
5.0
11.33
13.33
-3.0
5.0
4.67
12.33
11.33
17.33
8.0
11.33
11.0
14.0
8.0
17.0
18.0
10.67
17.33
17.67
17.67
34.67
27.0
25.67
25.67
29.67
22.33
40.0
29.67
45.0
41.0
58.67
62.0
79.67
80.0
77.33
91.67
100.33
115.67
108.0
104.0
88.67
100.67
88.0
63.33
63.33
55.67
39.67
29.33
23.33
14.0
15.0
16.0
11.0
14.0
12.67
33.33
14.0
21.0
17.0
12.33
12.33
23.33
13.33
15.67
18.33
34.33
23.0
35.33
34.33
34.0
35.33
29.67
40.67
42.0
24.67
32.67
31.33
39.0
40.33
32.0
34.0
45.33
31.67
29.0
37.67
19.33
29.33
22.33
17.67
28.67
12.33
23.67
22.67
23.0
16.0
6.33
16.0
20.33
18.67
17.0
14.67
21.67
20.0
19.33
26.0
8.0
14.0
21.67
28.67
18.0
29.33
19.67
20.0
24.67
19.67
16.0
15.33
22.0
25.33
31.67
25.33
21.33
18.33
23.0
28.33
22.33
17.0
28.67
14.33
19.0
18.67
29.0
25.67
18.33
27.33
21.67
25.33
32.67
19.67
21.33
10.33
30.67
30.0
19.67
34.0
18.67
26.33
33.33
32.67
47.67
49.67
55.67
48.33
54.33
55.33
57.67
57.67
51.33
51.33
44.33
49.33
66.33
53.33
40.0
37.0
63.0
41.67
64.0
44.0
48.0
39.67
42.67
52.0
44.0
45.0
45.33
46.67
40.67
42.67
43.33
32.0
46.0
33.0
24.67
12.67
27.0
19.33
27.33
26.67
30.33
23.33
30.0
16.67
18.0
7.33
15.33
13.0
9.0
12.0
18.67
23.33
18.0
12.0
1.0
19.0
13.0
15.67
3.33
8.33
16.67
9.0
3.33
9.33
12.33
8.0
15.67
22.67
7.33
18.0
6.33
15.33
20.33
9.67
11.67
24.67
22.0
12.33
7.33
18.33
22.0
14.33
1.67
13.0
18.67
17.0
17.67
20.67
9.33
9.67
9.67
8.67
11.0
29.0
15.67
13.33
16.0
27.0
17.33
13.0
11.67
15.33
13.0
25.0
22.67
10.33
11.67
30.67
20.33
34.33
25.67
23.33
23.67
20.33
24.33
19.67
33.33
32.33
44.0
47.0
46.33
56.67
57.33
47.0
74.33
78.67
91.33
92.0
86.33
96.67
103.67
87.33
88.67
105.67
93.67
99.0
78.67
88.33
79.67
73.67
89.33
83.67
75.0
66.67
70.67
72.0
73.0
59.67
70.33
68.0
59.33
59.0
82.0
53.33
59.0
53.0
51.0
36.67
53.67
44.67
51.67
43.0
36.67
35.0
42.33
35.33
36.33
42.67
45.67
69.0
52.33
45.33
53.33
59.0
51.0
45.33
60.33
63.33
63.33
66.33
54.67
72.67
53.33
60.67
48.33
58.67
81.33
36.33
36.67
44.0
51.33
65.33
59.33
46.67
41.33
51.33
31.0
39.33
50.67
34.0
44.67
30.67
28.0
31.0
26.67
25.0
16.33
21.33
21.33
17.0
24.67
20.67
15.33
4.67
16.67
11.67
6.0
18.0
10.0
20.0
19.67
6.33
12.0
20.0
17.33
13.33
2.33
16.0
4.33
2.67
22.67
16.0
8.67
17.67
17.0
15.67
18.33
10.33
16.67
4.67
13.0
16.33
18.67
16.67
22.67
15.67
13.67
16.67
31.33
22.33
27.0
15.67
37.33
27.33
30.67
29.33
16.67
26.33
23.0
39.33
21.0
29.67
31.33
27.33
43.0
37.0
33.0
44.0
37.0
36.67
27.33
33.0
25.67
36.33
29.0
37.0
31.33
15.33
31.67
39.0
38.67
39.0
20.67
20.67
15.0
16.67
12.67
18.0
29.33
21.0
21.0
31.33
10.33
25.67
23.67
38.67
36.0
44.33
30.67
29.0
42.33
42.0
38.33
20.67
34.0
53.0
36.67
35.0
40.67
38.0
49.33
50.0
29.33
35.67
32.33
33.0
30.33
21.67
21.67
15.33
15.67
19.67
23.67
23.33
28.0
19.67
9.0
22.67
19.67
19.33
4.0
20.67
7.67
6.0
7.0
15.67
16.67
15.33
15.0
7.0
19.67
20.0
9.0
9.0
20.0
3.67
12.0
8.33
12.0
9.0
5.33
19.0
16.33
4.33
11.33
15.0
5.33
15.67
12.67
9.33
17.0
3.67
9.0
16.33
12.67
18.67
14.67
19.33
18.67
14.0
9.67
5.67
12.0
3.33
20.0
10.67
20.0
9.33
9.0
10.67
2.0
8.33
12.0
12.33
15.33
16.33
12.0
15.67
10.33
3.33
15.0
3.67
14.67
11.67
12.67
8.0
12.33
14.33
15.67
5.0
5.67
8.67
8.33
11.0
7.67
24.33
13.33
3.67
24.33
11.67
16.0
9.67
7.67
10.0
6.33
5.33
3.67
8.0
4.67
17.33
8.0
10.33
14.0
7.67
10.33
8.67
3.0
10.33
10.67
0.67
6.33
6.33
5.33
-1.33
18.0
8.67
4.33
5.0
19.33
8.33
10.0
-3.0
10.33
6.33
10.0
8.0
-6.67
8.33
13.67
15.0
6.67
7.33
2.67
2.33
11.67
4.0
10.33
4.0
1.33
11.0
17.33
5.33
4.0
-8.0
15.33
8.33
1.67
13.33
15.33
8.67
-2.67
-0.67
5.33
10.0
-2.67
11.33
14.0
15.0
12.33
4.33
13.0
15.0
-3.0
10.33
18.33
6.33
7.67
6.67
-1.33
8.33
11.33
15.0
6.67
10.33
6.0
-5.33
15.67
2.67
0.67
1.0
3.0
10.67
3.67
21.33
11.0
10.67
19.67
18.33
8.0
-3.67
3.0
17.0
6.33
11.67
12.33
1.0
17.33
15.33
9.33
-3.0
5.33
25.67
14.0
14.67
16.33
-0.67
7.67
33.67
16.0
23.33
1.0
12.0
4.33
-2.0
7.67
19.33
3.67
14.67
2.33
6.0
14.0
5.67
14.0
17.33
10.67
4.67
4.67
9.67
3.33
4.0
12.33
-8.33
-7.0
8.33
8.33
-0.33
12.0
4.0
13.67
11.33
3.0
-1.33
3.33
12.0
15.33
8.67
-0.33
-3.33
16.33
14.0
10.67
12.67
5.67
12.33
6.0
-0.33
21.67
1.33
12.67
9.67
12.33
15.67
-3.33
13.67
17.33
7.0
10.67
16.0
-1.67
-1.33
10.0
9.67
15.0
15.67
-8.0
4.0
0.33
5.0
8.0
9.0
13.67
17.33
12.67
15.33
9.67
8.33
12.0
-5.33
19.0
3.0
-2.0
11.0
24.0
2.67
14.33
1.67
0.67
0.67
8.33
9.33
8.0
7.33
0.67
1.0
11.0
0.67
1.0
6.67
12.67
4.33
12.33
2.0
-5.0
0.0
3.0
-6.33
3.33
5.33
11.0
5.0
3.67
-6.0
18.0
1.33
3.0
9.0
-4.33
-7.0
-3.0
2.33
2.33
-4.33
5.33
-12.33
2.67
2.67
-1.33
13.33
-0.33
2.0
3.33
1.0
1.67
3.33
-1.33
-4.67
0.33
0.33
-3.33
-5.0
3.0
-2.33
0.33
2.33
1.67
5.33
-7.67
4.33
-0.33
4.33
-1.67
4.33
-0.33
-3.0
0.67
12.0
8.33
9.0
17.0
-3.67
10.33
11.67
1.0
2.0
8.33
5.0
7.67
2.0
0.33
4.67
0.33
8.0
11.0
2.67
8.0
-0.33
5.0
3.67
3.0
1.67
0.33
1.67
-3.67
-0.33
1.67
2.67
8.0
12.0
5.33
-0.67
-0.33
3.0
-5.67
-4.0
3.67
7.0
5.33
1.33
3.0
2.33
11.67
1.0
1.0
-1.0
3.67
-1.67
-4.33
0.0
0.67
1.67
0.0
-0.33
7.33
4.67
4.0
-1.67
3.67
2.33
-5.67
-0.67
-3.0
1.67
5.67
4.0
2.67
-1.67
2.33
0.33
-3.67
7.0
-0.67
2.67
-2.67
2.33
5.67
4.67
-3.33
8.67
1.0
-2.33
-3.33
0.0
8.67
7.67
8.33
2.67
3.33
-3.0
2.0
-3.67
7.67
5.33
10.67
6.67
4.33
7.67
4.67
7.0
1.33
5.33
-3.67
1.33
1.33
6.67
5.67
10.67
-2.67
-4.0
5.33
2.33
2.0
3.67
2.0
-3.0
6.0
2.67
7.33
-4.0
0.0
-0.67
-2.0
2.0
-2.0
-0.67
2.0
5.67
4.67
13.67
0.33
3.33
9.0
4.0
7.33
12.67
10.33
0.33
2.33
1.0
0.0
-2.33
-2.33
5.67
9.0
2.0
9.67
0.67
10.33
1.33
-0.67
6.67
5.0
2.67
-0.33
3.67
1.67
6.67
5.33
1.0
4.33
11.0
-3.0
-0.67
-0.67
7.67
1.67
4.0
3.0
4.33
1.33
-1.33
-2.0
7.33
4.33
2.33
8.33
-4.33
0.33
0.67
8.0
-6.0
-3.33
4.67
1.0
1.33
-3.33
-7.33
1.0
1.0
-1.0
3.67
3.33
0.67
-1.33
-0.33
6.33
-3.67
1.0
5.67
0.67
0.33
6.33
7.0
5.0
-3.67
6.33
2.33
-2.0
2.33
1.0
-1.0
5.33
5.0
2.67
6.0
-3.67
8.67
0.33
3.33
4.67
4.67
1.0
2.0
-1.33
0.67
-0.33
-3.67
1.0
-0.67
-6.0
1.67
3.33
-2.0
0.0
2.33
7.33
6.0
2.0
1.33
1.33
0.33
-1.33
10.0
5.33
1.33
10.67
2.0
4.67
-4.33
-0.33
-1.33
7.33
-3.67
1.0
2.0
-2.67
0.33
-2.33
7.0
3.33
-9.0
-1.67
0.67
4.0
-1.33
7.33
2.33
2.67
2.0
1.33
0.67
8.67
-1.33
2.67
-1.33
3.0
-2.0
-1.0
5.0
-5.33
1.33
-0.67
-5.0
-6.0
5.67
8.33
-1.67
5.0
5.0
2.33
3.33
2.0
1.67
1.67
-0.67
2.0
5.67
-5.0
