0.0
-2.67
-40.0
-64.67
49.67
-51.67
6.0
66.67
-52.67
67.67
-17.33
95.67
-33.33
-34.0
14.67
76.0
26.33
11.67
18.0
49.67
-19.0
-8.33
11.0
9.0
-16.33
18.33
-9.33
-16.67
-0.67
4.33
2.33
-0.67
0.33
5.0
-4.33
-1.0
-0.67
-1.0
-0.33
-0.67
2.67
0.0
-1.0
-1.0
-0.67
0.33
0.0
1.0
0.67
0.67
-0.67
0.0
-1.0
-0.67
0.0
-0.33
-0.33
-0.33
1.0
-0.33
0.0
-0.33
0.0
0.67
0.0
0.0
0.0
0.0
1.0
-0.33
-0.67
0.0
0.0
-0.33
0.0
0.0
-0.67
0.67
0.67
-1.33
0.0
1.67
-0.33
-0.33
0.0
-0.67
-0.67
1.33
-0.33
0.0
-0.33
0.67
-0.67
0.0
-0.33
0.33
1.67
0.33
-0.67
0.0
0.0
1.33
-1.67
-0.33
2.0
0.67
1.67
-1.33
-1.0
0.0
-1.0
1.33
0.0
1.67
1.33
2.0
1.67
1.33
3.0
0.0
-2.67
0.67
8.33
5.0
0.0
4.0
2.0
4.33
-0.67
1.0
2.0
-2.67
-1.0
5.33
3.0
-1.0
2.33
1.67
-0.33
-2.0
2.33
-1.67
3.0
1.33
3.67
-3.0
3.33
-0.33
2.0
5.33
10.33
-2.33
5.0
5.67
6.33
-0.33
4.33
-1.33
-3.67
2.33
2.0
1.33
9.33
7.67
0.67
4.0
6.0
0.67
-0.67
1.0
5.0
1.0
0.67
4.0
-0.67
-2.0
9.67
5.0
6.33
-5.67
2.0
-8.67
5.67
-2.0
-3.67
-1.67
6.67
-3.33
2.0
1.33
-0.67
-1.33
-1.33
0.0
4.33
8.33
-1.67
0.0
11.33
2.67
5.0
0.0
0.67
2.0
1.33
-0.33
-0.67
1.0
0.67
-5.67
-4.0
-3.33
2.33
3.33
1.0
-2.0
-1.33
7.67
0.67
-1.33
2.67
0.67
8.67
5.33
1.0
6.33
4.67
-7.0
10.0
6.33
6.67
6.67
8.0
6.67
4.33
-5.33
13.33
-1.33
4.67
2.33
-1.67
3.67
6.67
0.0
6.67
0.67
3.33
4.67
3.67
3.0
2.33
9.67
2.0
1.33
1.33
3.33
4.67
1.33
3.67
4.33
5.67
0.33
9.33
2.0
-1.67
-1.33
7.0
7.67
-2.33
2.0
-1.0
-3.67
2.0
-6.33
9.0
2.67
1.0
-0.67
-1.0
5.0
-1.33
0.0
-1.0
8.33
5.33
6.33
0.67
3.33
4.0
-5.0
-2.67
0.33
3.0
7.33
-3.67
7.0
1.33
5.0
-0.33
-0.33
4.33
2.67
0.67
0.67
4.33
6.0
-3.0
8.33
9.67
2.33
5.67
4.0
-2.67
-3.33
-4.33
11.33
-2.67
-2.33
-1.33
3.0
3.67
0.0
4.0
3.67
-1.0
1.67
4.0
-6.0
3.67
1.67
1.0
3.33
-2.33
2.33
-3.67
0.33
3.67
-1.0
-5.67
2.0
5.0
0.33
1.0
0.33
1.67
7.67
-4.33
5.0
1.33
5.33
4.67
-5.0
-0.67
-6.0
1.67
1.33
3.67
2.33
-1.33
1.0
6.0
3.0
-5.33
1.0
-2.67
0.33
7.33
3.0
3.33
5.0
-2.0
-1.33
1.67
-3.33
9.67
-1.67
7.0
-3.33
3.67
10.0
-0.67
3.0
0.67
1.0
1.33
2.0
6.33
-3.67
2.0
5.67
6.0
-1.67
1.0
1.67
5.0
4.0
1.33
-1.33
-1.67
5.33
3.33
2.0
-3.0
0.33
0.67
2.33
-1.0
8.67
1.33
-2.33
3.67
-1.67
2.33
6.0
-1.0
-2.33
-3.33
-5.0
-3.33
0.0
0.33
0.33
-3.0
1.33
6.0
9.67
-0.67
2.0
2.0
-2.33
-2.0
2.0
-1.33
2.0
-1.33
2.33
3.0
-1.67
6.67
3.0
-1.67
5.67
6.0
-4.33
8.33
0.0
2.67
0.0
4.33
4.0
4.67
8.67
-3.67
8.0
-5.0
2.67
3.67
0.33
4.33
1.0
1.33
5.67
2.33
0.0
-4.33
1.67
3.0
-1.0
1.67
0.0
1.0
-1.67
1.0
4.0
-2.67
0.0
8.33
-3.33
2.67
2.0
3.67
-0.33
2.67
0.67
5.33
1.67
2.67
2.33
-0.33
-0.67
2.33
-2.33
1.67
0.33
-1.0
0.0
3.67
2.0
-1.33
1.33
0.67
-2.67
1.0
-1.67
9.33
-1.33
2.67
4.67
0.67
-0.67
-1.33
0.0
1.67
-0.67
1.67
2.67
-3.0
-1.0
-2.0
4.0
-1.33
1.67
-4.0
3.0
-2.0
1.67
0.67
0.33
-2.67
-0.67
-0.33
1.0
0.0
3.33
0.67
0.33
-0.33
-1.0
5.33
1.67
4.33
-2.67
-3.0
1.67
-1.67
-1.67
1.67
-1.0
-2.0
-2.67
2.0
-1.33
1.67
-3.0
-1.0
-0.67
3.33
-0.33
-1.67
-3.0
0.0
0.0
-4.67
0.33
6.67
2.33
1.0
2.0
-0.67
-0.67
9.67
2.67
-0.33
1.0
3.33
5.67
3.33
1.67
6.33
4.33
-1.33
3.67
0.0
-2.33
-0.33
-1.0
-1.33
0.33
0.33
-1.0
-2.0
-0.67
5.67
0.0
-0.33
2.67
0.0
-1.67
-0.67
0.0
0.0
-2.0
0.67
1.0
3.0
1.67
2.67
-1.33
4.0
7.67
3.0
2.0
2.0
-1.33
-2.33
-0.33
3.0
2.0
-2.0
2.33
4.67
1.33
3.0
2.67
2.0
4.0
4.0
-1.0
-2.67
-3.0
3.0
5.33
0.0
-1.67
1.0
-1.33
7.0
0.0
2.33
-0.67
-1.67
3.33
-2.67
-1.67
-1.33
2.0
6.33
-2.33
1.0
0.0
2.0
1.67
-0.67
0.67
-1.0
4.33
-2.0
-2.67
-1.67
-2.0
-3.0
-0.33
-1.33
-1.0
0.67
3.0
4.0
3.67
-0.67
0.0
-0.67
-3.0
-2.33
-2.0
-1.33
2.0
-3.67
8.0
5.33
1.67
2.67
1.33
6.33
5.0
1.33
-1.67
-3.0
0.33
0.33
-0.67
1.33
8.67
-3.67
-0.33
7.67
4.67
-1.67
6.0
2.0
2.67
0.33
0.33
-1.0
0.33
6.0
2.0
3.33
1.67
-0.67
2.67
6.33
0.67
8.33
3.33
-3.0
1.0
7.67
5.0
4.0
5.33
-0.67
8.0
-1.0
4.0
3.33
-5.0
1.33
0.0
2.67
-2.33
3.33
1.67
-0.33
-3.0
-4.33
0.67
2.33
1.33
0.33
-2.0
6.33
3.67
3.67
4.0
4.0
-0.33
6.0
4.33
0.0
-2.0
5.0
2.0
-2.0
2.33
4.0
3.0
0.67
2.67
6.67
-5.33
3.0
1.67
3.33
4.33
4.0
4.33
1.0
-1.0
0.33
11.0
5.0
2.0
3.33
15.33
6.0
3.0
-1.33
5.67
8.33
-2.67
0.67
3.0
6.0
-1.0
5.0
3.67
0.33
3.33
5.0
2.0
2.67
4.67
3.0
3.67
4.67
6.33
3.33
3.33
3.0
2.33
2.33
4.0
7.67
3.33
3.0
-1.33
0.67
5.0
9.67
-1.33
2.0
-3.33
14.33
11.0
10.0
-5.67
0.0
3.0
-0.67
0.33
5.33
6.0
10.33
3.0
2.0
4.33
8.0
-2.67
-0.33
5.67
5.67
8.33
6.67
6.33
-1.0
10.33
14.67
8.0
2.0
5.0
12.33
1.67
-7.0
11.67
13.67
5.33
4.67
9.0
1.33
6.67
11.0
9.0
6.67
15.33
13.67
6.33
6.67
13.33
10.0
1.0
5.33
9.0
7.67
8.0
6.0
9.0
10.33
7.67
2.67
7.0
6.0
3.67
16.33
6.67
7.67
11.33
19.33
7.67
5.0
13.33
14.33
4.0
13.67
3.67
8.67
9.0
4.67
12.33
7.67
19.33
4.0
7.67
7.67
6.33
6.0
11.67
8.33
16.0
9.33
10.67
7.33
1.0
11.0
9.67
7.67
9.67
15.33
13.67
11.33
10.0
15.67
3.0
12.0
15.33
13.33
14.0
-2.0
5.67
11.33
13.33
16.33
21.0
17.33
12.0
11.0
20.0
33.0
29.0
30.67
34.33
35.67
53.67
48.67
66.0
42.67
67.67
52.67
67.33
58.0
67.67
54.0
71.0
64.67
62.0
79.67
94.0
79.33
109.67
123.33
101.67
118.0
111.0
85.67
90.67
77.0
68.33
57.33
59.67
30.67
29.33
12.33
25.0
15.0
24.0
19.0
10.0
7.67
9.33
9.0
15.0
20.0
11.33
8.33
18.33
14.33
16.67
24.33
20.33
20.0
10.33
39.33
44.0
39.33
28.67
38.67
39.0
47.67
58.67
42.33
64.0
49.33
49.0
54.0
55.33
55.67
51.0
40.67
43.33
31.33
35.33
35.67
22.67
28.33
32.67
14.67
21.0
22.0
15.33
19.0
17.33
20.67
14.0
19.67
17.67
6.0
19.33
20.0
10.0
12.0
26.67
17.67
14.0
11.33
19.67
23.0
27.67
5.67
19.0
15.33
24.0
25.33
22.67
33.33
19.33
35.33
25.0
21.33
23.33
21.0
22.67
23.33
28.0
22.67
19.0
24.67
34.33
28.33
29.67
32.33
27.67
39.67
33.33
13.33
37.67
38.0
30.67
42.0
42.67
39.33
39.33
60.67
46.67
54.67
45.67
62.33
62.33
84.33
49.67
66.67
50.33
62.33
63.33
57.33
54.33
43.33
47.0
55.0
35.0
51.67
57.0
23.0
39.0
51.67
25.67
51.0
34.0
49.0
38.33
41.67
36.67
46.67
32.33
37.0
29.0
30.0
32.67
21.67
21.0
17.33
27.33
17.67
25.33
17.33
17.0
17.67
28.0
25.33
18.33
19.0
9.0
18.0
19.67
17.33
17.0
2.0
3.0
13.0
18.0
4.67
1.33
4.33
12.67
7.0
9.33
8.33
10.33
11.0
13.67
21.67
20.33
26.0
9.33
7.33
11.33
5.67
19.67
15.67
19.0
5.33
16.33
17.33
19.0
28.33
17.67
19.0
11.67
17.0
29.67
7.67
13.33
23.67
23.67
15.67
23.0
36.0
27.67
23.33
16.0
14.0
22.33
12.0
12.67
6.33
16.0
13.0
11.67
3.33
11.67
23.67
13.33
27.33
21.67
17.33
46.67
46.33
36.33
37.67
43.33
62.33
60.0
67.0
90.33
99.67
76.33
97.0
99.33
89.67
122.33
104.0
134.33
120.67
89.67
130.33
100.67
103.67
101.67
97.0
91.67
101.33
108.67
77.67
82.33
89.67
76.0
70.67
55.67
60.0
42.0
48.67
50.33
54.0
46.33
44.0
63.0
49.33
31.0
26.0
40.0
10.67
25.67
36.67
28.67
26.0
39.67
32.0
28.33
24.33
31.33
36.67
33.67
38.0
47.33
52.33
46.33
47.0
45.0
76.33
65.33
55.33
72.33
61.33
42.67
59.67
49.33
77.67
69.33
51.67
66.33
39.33
46.67
62.0
37.33
45.33
53.33
34.67
36.33
24.33
22.0
27.33
34.67
24.0
35.67
21.67
21.0
32.0
24.67
21.0
24.33
18.33
15.33
4.0
25.67
19.67
10.33
11.67
7.67
18.67
10.0
13.0
8.0
10.0
16.67
8.33
11.0
13.0
12.33
6.33
6.33
15.0
8.33
9.67
22.67
30.0
8.67
20.67
4.0
17.67
11.33
16.33
13.67
20.67
13.0
20.33
27.67
39.67
17.67
10.67
5.67
12.67
30.33
27.33
17.0
21.67
30.33
17.33
17.67
32.33
35.67
33.33
42.0
38.33
34.0
38.67
34.33
30.33
37.0
35.0
28.0
32.0
32.0
34.67
26.33
29.0
35.67
34.33
33.0
34.0
23.33
18.33
21.67
27.0
32.67
24.0
33.67
30.67
22.0
23.67
35.67
32.0
32.33
22.0
19.0
26.33
33.33
27.67
34.67
35.67
14.0
27.33
44.67
46.0
48.33
25.0
52.33
25.67
40.0
39.0
44.67
28.0
33.67
32.0
31.33
31.0
18.33
25.67
30.33
30.0
16.33
9.67
14.67
9.33
12.67
19.67
5.67
0.33
13.0
15.67
18.0
15.67
19.67
16.33
6.0
6.67
17.67
5.0
-3.0
7.67
4.67
11.33
-1.0
4.0
23.67
6.0
15.0
2.0
7.0
5.67
12.0
5.33
14.0
8.0
9.33
9.0
8.33
-2.67
6.33
2.0
24.33
1.67
14.67
6.33
8.0
13.67
11.0
6.33
7.67
4.67
-0.33
20.33
14.67
11.0
7.67
9.67
16.0
-0.67
19.0
12.67
17.0
13.33
0.0
1.67
3.0
18.33
9.0
-4.67
3.33
-3.67
16.0
8.67
36.33
5.33
9.0
7.67
22.67
15.67
1.67
1.0
4.33
14.33
3.67
8.0
9.67
4.67
12.33
15.0
1.67
13.33
19.33
6.67
9.33
6.67
14.0
6.67
3.67
14.0
0.33
1.33
9.67
12.0
0.67
-9.67
14.0
0.33
15.0
5.67
11.33
7.67
13.0
10.33
3.67
18.67
-7.67
4.33
17.33
14.67
10.0
14.67
-0.67
11.0
20.33
6.33
6.0
3.0
7.33
8.33
12.0
17.0
-2.67
9.33
8.67
3.0
12.67
5.33
2.67
10.33
2.67
13.0
11.33
14.0
8.33
1.0
6.33
15.33
11.0
-3.0
19.33
24.33
4.67
9.33
10.33
9.67
8.33
5.33
9.33
11.0
-4.67
14.33
13.0
4.0
1.33
1.33
5.0
19.0
5.0
-6.67
10.33
11.33
-5.33
7.67
4.67
4.33
7.33
19.0
7.67
15.33
5.0
-6.33
16.67
-2.33
13.67
14.0
10.0
16.67
31.67
23.33
2.0
13.67
8.67
7.33
4.0
8.33
14.0
15.0
16.33
15.67
2.33
11.0
6.33
14.33
7.33
2.0
6.33
12.67
13.0
4.67
-1.67
12.33
9.67
14.67
7.0
9.33
0.0
-3.0
17.33
10.0
5.67
0.33
3.67
10.67
8.33
10.0
15.0
5.67
27.0
0.33
2.67
12.67
10.67
4.67
20.33
10.0
21.33
-3.33
6.0
18.33
11.33
-2.33
19.0
18.0
14.67
15.33
0.0
2.67
9.33
13.0
14.33
16.67
-0.33
-10.33
13.33
16.0
14.67
6.67
16.67
3.33
13.0
17.67
20.67
18.33
11.67
7.67
11.33
-2.33
6.67
12.67
2.33
0.0
4.67
8.0
3.33
13.67
17.0
7.67
14.0
6.67
2.0
9.0
-1.67
10.0
-3.0
13.0
14.67
12.33
7.67
5.33
14.67
3.33
8.0
1.67
6.0
0.0
-3.0
9.0
-3.0
6.67
10.33
11.67
8.67
-4.33
4.33
5.33
3.0
8.33
-2.33
3.0
-3.0
8.67
0.0
2.67
6.67
3.33
-5.67
-5.0
-4.0
-3.0
3.0
-4.33
8.33
-0.67
2.0
11.0
7.67
-3.0
17.0
4.33
6.0
8.0
0.67
-11.0
2.0
0.33
1.33
-5.33
11.33
-10.33
3.67
-0.33
-1.33
1.33
5.67
10.0
-1.67
6.0
10.67
1.33
-0.33
-2.67
5.33
-1.67
-6.33
-5.0
1.0
7.67
8.33
2.33
-1.33
11.33
10.33
9.33
-0.33
-7.67
2.33
2.33
1.67
-4.0
5.67
14.0
11.33
3.0
9.0
0.33
3.33
5.67
10.0
-2.0
4.33
-3.0
8.67
2.0
-0.67
7.67
7.33
9.0
5.0
1.67
6.0
0.67
-1.0
3.67
11.0
3.67
0.33
1.67
-1.67
-2.33
0.67
-2.33
1.0
7.0
3.33
-3.67
4.67
1.0
-0.67
3.0
-3.33
6.0
3.33
-3.67
1.0
-6.67
8.67
5.0
4.0
0.0
8.67
10.33
9.67
7.0
1.67
4.67
0.0
-1.33
0.33
-1.33
-1.0
1.33
3.67
1.33
9.33
-0.67
1.0
5.67
14.67
0.0
7.67
0.33
-1.67
-2.67
5.33
4.0
-2.67
12.67
6.33
8.33
4.67
7.67
0.67
-0.33
0.0
7.67
-5.33
2.0
7.67
-1.33
-5.67
3.67
3.33
-7.0
-3.0
-3.67
-5.33
5.33
6.67
0.67
6.33
1.67
2.67
6.0
2.33
3.33
6.33
4.33
2.33
6.67
7.67
10.67
-0.67
5.0
2.33
1.33
0.0
5.67
-5.0
-4.0
-2.0
5.67
0.33
0.0
2.0
0.33
5.0
8.0
-1.0
1.33
2.0
0.67
2.67
1.67
-3.67
7.33
7.0
-2.0
8.33
4.67
-0.67
3.33
5.33
3.0
3.0
3.67
5.67
5.67
-1.0
-1.0
5.67
-2.33
2.33
3.33
5.33
1.67
10.0
-5.33
0.67
4.67
-0.33
5.67
0.33
7.0
-0.67
1.0
4.0
9.33
5.33
3.67
-1.33
4.0
0.0
1.33
-0.67
7.67
0.0
4.33
4.33
2.33
0.33
3.67
7.33
0.67
-2.0
0.0
-2.33
-4.33
-2.0
3.33
2.67
-0.33
0.0
3.0
0.0
-3.33
9.33
2.67
0.67
9.67
-1.67
7.33
0.0
-2.33
0.67
-3.67
0.33
3.0
0.0
2.33
3.33
0.33
6.0
1.33
-3.0
4.0
-0.67
-3.0
3.67
1.0
1.33
-0.33
5.33
-5.67
0.67
4.67
-3.0
-1.0
0.67
2.67
-0.33
4.33
-2.0
-0.67
-10.0
-4.33
4.33
-1.0
4.0
-0.67
0.33
3.0
10.0
-1.67
0.33
-5.67
-1.33
0.0
6.33
8.33
7.67
9.0
-2.33
-1.33
1.67
0.67
2.33
6.33
5.0
-4.0
-2.67
1.33
-3.33
1.0
-3.67
-5.0
0.33
0.67
3.0
0.67
2.33
-2.67
-4.33
2.0
-0.67
-1.33
3.67
-1.33
-2.33
3.67
0.0
7.0
-2.0
0.0
2.67
-0.67
2.33
0.0
1.0
-0.33
5.33
1.33
-2.0
2.0
-3.67
6.33
3.0
-0.33
-2.33
7.33
2.0
5.67
2.0
