0.0
50.33
-13.0
22.33
-2.33
-51.67
-91.0
66.67
-96.67
-56.33
-194.33
-17.33
8.67
41.0
-28.33
10.0
5.33
-30.33
-28.0
47.67
1.0
-7.33
7.0
-9.0
-15.33
-17.67
-17.33
-10.67
4.33
5.33
1.33
-0.67
0.33
-3.0
-7.33
-1.0
-0.67
1.0
-0.33
2.33
-0.33
1.0
-1.0
-1.0
-0.67
-0.67
1.0
1.0
-0.33
-0.33
-0.67
1.0
1.0
0.33
0.0
0.67
-0.33
-1.33
1.0
-0.33
1.0
-0.33
0.0
-0.33
1.0
2.0
-1.0
1.0
0.0
-0.33
-0.67
0.0
1.0
-0.33
0.0
0.0
0.33
-0.33
-0.33
-1.33
2.0
-0.33
-0.33
0.67
0.0
-0.67
-0.67
-0.67
0.67
0.0
-0.33
0.67
0.33
0.0
-0.33
0.33
2.67
-0.67
-1.67
-1.0
0.0
0.33
-1.67
-0.33
-1.0
1.67
-1.33
-0.33
1.0
0.0
1.0
-1.67
-1.0
0.67
-0.67
-1.0
-1.33
-2.67
0.0
5.0
0.33
-2.33
3.33
-3.0
-4.0
-3.0
-4.0
4.33
5.33
-3.0
1.0
-2.67
-3.0
1.33
-1.0
-3.0
0.33
6.67
-2.33
1.0
-0.67
-1.67
9.0
0.33
-1.33
0.0
0.33
-3.33
-3.0
-2.67
-1.67
-4.33
0.0
4.67
-1.67
4.67
-3.67
-4.33
2.33
4.33
6.0
4.33
-1.67
0.67
4.67
8.0
5.0
10.67
-0.67
3.0
2.0
3.0
1.67
3.0
3.33
-3.0
5.67
-2.0
5.33
-6.67
6.0
-4.67
3.67
0.0
2.33
0.33
-2.33
-0.33
5.0
1.33
-0.67
1.67
1.67
0.0
-2.67
-0.67
5.33
-3.0
3.33
-1.33
4.0
11.0
4.67
0.0
3.33
1.67
8.33
0.0
3.67
-4.67
0.0
-0.33
3.33
3.33
-2.0
2.0
1.67
-0.33
0.67
2.67
8.67
3.67
1.67
0.33
2.0
7.33
2.67
3.0
6.0
-1.67
2.67
3.67
5.0
-0.33
3.33
-1.33
7.33
8.67
2.67
-3.67
-4.67
-3.33
4.67
2.0
2.67
5.67
6.33
1.67
3.67
-1.0
2.33
-6.33
0.0
2.33
3.33
3.33
-0.33
-0.67
5.67
3.33
11.67
5.33
3.33
2.0
2.33
3.67
2.0
2.67
2.67
4.0
3.0
-5.67
-1.0
-2.33
4.0
1.67
4.0
-3.67
2.0
10.0
-3.33
0.0
4.0
8.33
0.33
6.33
4.67
0.33
1.0
0.0
2.33
0.33
9.0
-0.67
-5.67
2.0
-3.67
1.0
3.67
4.67
0.33
-2.33
3.67
0.67
3.33
3.0
0.0
7.33
9.67
-4.67
0.67
4.0
-2.67
-5.33
5.67
2.33
-5.67
1.67
1.67
4.0
-0.33
3.0
4.0
0.67
10.0
0.67
4.0
-2.0
-3.33
-0.33
4.0
-1.67
6.67
2.33
5.33
-1.67
5.67
0.0
2.33
6.0
9.0
1.33
3.0
5.33
1.67
7.67
1.67
-1.0
-4.67
-0.67
0.67
-2.0
6.33
-2.0
3.67
1.33
-0.33
-1.67
2.67
-4.0
-1.0
1.0
2.67
4.0
-2.67
2.33
0.33
4.0
0.33
-2.0
0.0
-6.33
2.67
-3.33
5.67
-2.67
1.0
-1.33
4.67
3.0
7.33
-2.0
3.67
0.0
0.33
1.0
3.33
0.33
4.0
7.67
2.0
0.33
-3.0
-0.33
5.0
1.0
5.33
7.67
0.33
-0.67
-2.67
2.0
-5.0
-1.67
-1.33
0.33
-4.0
-3.33
0.33
-1.33
-0.33
-2.67
-0.67
0.0
-2.0
2.67
-4.33
-2.0
3.67
0.0
-2.67
2.33
1.0
0.33
3.0
-0.33
0.33
-3.0
0.0
1.67
-1.0
4.0
1.67
3.0
-1.33
0.33
1.0
-2.67
-0.33
3.0
3.33
3.67
-2.0
-3.33
6.33
2.0
-0.33
-1.0
2.33
-2.0
-1.33
1.67
-2.67
7.0
0.0
-1.33
1.67
0.33
-1.67
-1.0
1.33
0.67
0.33
3.0
-2.33
-2.33
2.0
-3.0
0.67
3.0
-2.0
-0.67
0.0
-2.0
4.33
0.0
1.33
-1.33
2.67
3.0
3.67
-0.33
-0.33
-0.33
4.33
-3.33
3.67
4.33
-2.33
-1.67
-0.67
4.67
6.67
-0.67
4.0
-2.0
0.67
0.0
1.67
4.33
1.67
-3.67
4.0
0.33
8.33
0.67
4.67
-1.33
1.67
1.33
-0.33
2.0
3.67
3.33
3.67
-0.33
-2.0
-2.0
0.0
1.0
1.67
1.67
1.0
1.0
-2.0
-1.33
1.67
-1.67
0.33
1.33
0.67
-2.0
4.0
1.33
-1.33
1.33
0.67
2.0
0.33
2.67
1.33
-2.67
6.0
0.67
-1.67
0.33
-0.33
3.0
-1.0
-1.67
1.0
-0.33
-2.33
4.0
-1.0
2.33
7.33
-1.33
5.33
0.0
0.0
0.0
0.33
0.33
-0.33
2.33
-3.0
2.0
1.33
1.33
0.67
1.67
4.67
4.0
4.33
1.67
-2.67
1.67
1.33
2.33
1.67
0.67
1.0
-2.33
0.67
-5.0
-4.33
1.33
5.33
2.0
-4.0
-4.67
-0.33
-1.0
-2.33
0.67
0.0
2.33
-2.67
0.0
2.0
1.0
4.67
-4.0
-2.0
-2.33
4.67
-1.33
2.0
-2.33
2.0
-3.0
3.0
-2.33
0.67
-2.33
0.0
2.0
4.0
-0.67
-0.33
1.33
0.0
2.67
3.0
8.0
1.0
0.0
4.33
4.0
3.0
0.33
0.0
-0.67
1.0
0.67
4.0
3.0
6.33
-1.67
-0.67
4.33
0.33
-2.67
1.67
4.0
3.33
-1.33
5.0
-1.0
1.0
1.67
1.33
-1.33
3.0
-0.67
1.0
-2.67
2.33
3.0
0.0
1.67
1.67
0.0
-3.33
1.0
0.0
-2.33
-1.67
-1.0
-1.67
0.0
1.67
1.0
5.67
3.0
-3.67
0.0
4.33
2.67
-0.33
6.33
1.33
1.0
4.33
-0.67
4.0
3.33
2.33
-1.67
-3.67
-0.33
-2.67
1.67
6.67
3.67
0.33
3.0
1.0
-3.33
8.33
-1.67
1.0
6.33
4.0
5.0
2.33
2.67
-0.67
3.67
3.33
1.67
1.33
-0.67
4.0
-2.0
-2.33
-1.0
0.0
-0.67
1.33
1.0
-1.0
9.0
1.33
-3.0
-1.67
2.0
-3.33
0.67
4.33
-1.33
-2.33
5.0
1.67
3.67
4.33
5.33
-0.67
2.0
3.33
2.67
1.67
3.0
6.0
0.67
5.0
2.33
2.0
-1.0
3.0
5.0
-2.0
0.33
3.0
4.0
7.67
-3.33
4.67
0.67
2.0
4.67
2.33
5.33
4.0
3.33
-2.0
-2.0
-0.67
2.0
2.0
7.0
-0.67
3.33
8.0
2.0
1.67
2.67
8.33
-1.67
-0.33
11.0
6.0
-2.0
1.0
-1.33
2.33
10.33
2.0
6.0
-0.33
5.67
-3.0
-3.33
3.67
2.33
2.33
3.33
2.0
12.33
-1.67
4.0
4.67
3.33
-3.0
-1.33
3.67
11.0
5.67
6.67
6.0
7.67
4.33
-3.0
14.0
0.33
1.0
-2.0
6.33
3.33
6.33
6.0
2.33
4.0
-1.0
5.33
3.0
4.33
-0.33
4.67
5.67
9.33
2.67
0.33
9.0
9.33
6.67
-1.0
3.0
2.0
8.33
-0.33
1.0
2.67
12.67
5.33
7.67
16.0
9.33
4.67
1.0
1.0
0.67
6.33
6.67
0.33
2.67
7.33
13.0
0.0
12.33
5.0
13.67
5.0
5.0
7.0
15.33
14.67
5.67
10.0
11.0
6.67
6.33
6.67
6.67
-3.67
7.33
8.67
10.0
8.33
11.33
1.0
3.67
3.67
2.67
7.0
9.67
5.33
10.67
7.33
3.0
11.67
10.67
9.33
8.0
5.67
9.33
8.0
13.33
7.67
4.33
3.0
14.0
8.67
9.67
2.67
0.33
4.67
0.33
2.0
8.67
6.0
5.0
11.33
13.33
12.0
6.0
0.67
7.33
17.33
9.33
5.0
14.33
24.0
21.0
20.0
23.0
38.0
30.67
45.33
41.67
46.67
66.67
67.0
71.67
54.67
74.67
61.33
67.0
63.67
70.0
64.0
56.67
53.0
56.67
67.0
55.33
78.67
87.33
88.67
78.0
75.0
71.67
78.67
71.0
41.33
62.33
43.67
47.67
31.33
28.33
16.0
25.0
12.0
11.0
9.0
18.67
20.33
2.0
10.0
17.0
14.33
15.33
12.33
6.33
1.67
21.33
22.33
13.0
11.33
26.33
25.0
19.33
25.67
27.67
37.0
42.67
43.67
45.33
42.0
58.33
57.0
36.0
42.33
25.67
37.0
40.67
27.33
31.33
31.33
23.67
20.67
25.33
20.67
4.67
10.0
11.0
10.33
11.0
15.33
17.67
19.0
12.67
19.67
25.0
20.33
13.0
15.0
11.0
13.67
15.67
10.0
15.33
27.67
18.0
17.67
14.67
28.0
14.33
8.0
13.33
29.67
27.33
8.33
26.33
33.0
31.33
20.33
29.0
22.67
39.33
39.0
50.67
41.0
56.67
57.33
66.33
46.67
67.33
44.67
47.67
63.33
53.33
35.67
50.0
44.67
37.0
49.67
35.33
43.33
40.67
50.67
40.67
44.67
30.33
45.33
24.33
27.67
28.67
27.33
30.33
27.33
30.33
40.33
25.33
36.0
30.0
39.0
44.67
45.0
44.0
40.0
55.67
33.67
45.0
42.0
45.0
61.33
43.67
32.67
40.67
25.33
28.0
27.0
37.0
28.67
13.67
23.0
30.33
23.33
27.67
35.33
31.33
22.0
19.67
25.0
17.33
9.33
27.0
15.0
15.0
12.67
20.33
16.0
4.0
9.0
11.0
18.0
14.67
10.33
22.33
11.67
10.0
6.33
6.33
6.33
4.0
25.67
9.67
14.33
19.0
14.33
16.33
6.33
0.67
10.67
19.67
3.0
12.33
12.33
13.33
22.0
23.33
4.67
11.0
20.67
25.0
27.67
24.67
17.33
24.67
36.67
38.67
18.0
25.0
22.67
24.33
26.0
15.0
31.33
33.0
20.67
4.33
10.0
24.0
13.67
19.33
13.67
25.67
19.33
38.33
36.67
40.33
39.67
59.33
56.33
60.67
53.33
75.33
99.0
101.0
84.33
87.67
105.33
83.0
120.33
119.67
136.33
131.0
108.33
118.67
124.67
117.33
129.67
124.67
94.67
106.0
131.67
103.33
108.67
97.67
106.33
69.67
84.0
69.67
52.67
51.0
58.0
45.67
44.33
40.0
47.33
29.0
25.0
22.33
21.0
13.0
11.0
14.67
22.67
20.67
22.67
26.0
27.67
24.0
25.33
23.33
23.33
34.67
38.67
37.0
34.33
44.33
34.33
46.0
48.0
30.33
48.33
41.33
42.33
42.33
62.67
37.67
40.33
33.67
47.33
36.67
58.33
40.33
44.67
32.0
33.33
32.33
33.33
31.67
23.33
20.33
19.0
13.33
23.67
20.0
20.67
22.67
9.0
15.0
4.67
31.0
11.33
15.33
19.33
12.0
14.67
10.67
18.33
13.67
22.67
18.67
26.0
11.0
15.0
7.0
15.67
11.33
11.0
19.0
8.33
1.33
1.33
5.0
8.33
-4.33
10.67
13.0
3.67
17.67
3.0
13.67
14.33
17.33
11.67
13.67
19.0
12.33
16.67
25.67
14.67
13.67
19.67
25.67
33.33
28.33
21.0
8.67
30.33
18.33
19.67
34.33
27.67
16.33
32.0
16.33
26.0
26.67
24.33
37.33
34.0
30.0
19.0
17.0
39.0
20.67
22.33
14.0
16.67
25.33
9.0
12.0
9.33
7.33
18.67
10.0
14.67
12.0
21.67
15.67
10.0
16.67
15.67
24.0
13.33
26.0
15.0
34.33
29.33
17.67
25.67
36.67
23.0
26.33
38.67
34.0
42.33
46.0
43.33
39.67
42.0
42.0
53.67
41.0
33.67
35.0
45.33
35.0
36.33
37.67
45.33
34.0
30.33
23.67
8.67
22.33
28.67
23.67
20.67
22.33
27.0
11.67
23.0
8.67
3.67
11.33
10.0
7.67
14.67
8.0
16.0
11.67
12.67
21.33
5.0
7.0
6.67
10.0
1.0
15.0
7.0
4.67
-2.0
10.33
12.0
6.0
12.33
15.0
0.33
1.33
7.33
10.0
2.33
7.67
10.67
8.33
9.0
9.67
10.0
9.33
19.67
13.67
2.67
18.33
16.67
2.0
15.67
9.67
19.0
3.33
13.0
6.67
5.0
14.33
10.0
13.67
9.0
12.33
9.0
5.33
13.33
7.33
18.0
7.67
-0.67
9.33
15.0
4.67
8.67
12.67
-0.33
11.0
7.33
9.33
3.67
3.0
1.67
9.67
12.33
18.0
9.67
14.33
12.33
-2.33
0.33
1.67
0.0
3.67
6.67
7.0
2.33
-3.67
6.67
7.0
-1.33
-4.67
13.0
3.33
2.0
4.67
13.33
10.67
11.0
9.33
3.67
5.67
-5.67
-2.67
6.33
15.67
15.0
11.67
19.33
5.0
3.33
3.33
10.0
-2.0
-0.67
9.33
19.0
10.0
-11.67
15.33
8.67
4.0
6.67
7.33
-3.33
3.33
7.67
6.0
11.33
12.0
4.33
6.0
-3.67
9.33
-5.0
4.0
15.33
11.33
8.67
10.33
7.33
-3.33
-2.67
19.33
7.33
17.0
1.33
17.33
-1.0
2.0
-1.67
-4.67
-7.0
7.0
-6.0
-0.67
6.33
9.33
3.67
4.67
-0.33
6.33
-1.67
11.0
-10.33
3.33
10.0
-0.33
2.67
1.67
-0.33
-4.0
3.0
4.67
8.67
19.33
1.0
11.67
15.67
5.33
0.0
5.33
18.0
21.0
4.33
9.67
10.33
10.0
13.33
-0.67
13.33
9.0
1.33
10.67
1.0
6.67
12.33
9.33
9.67
14.67
-1.0
11.33
8.0
2.0
4.33
0.0
17.67
0.33
-7.33
6.67
6.33
-1.0
8.0
-9.33
11.0
1.33
-3.33
6.67
5.67
0.67
3.33
4.0
17.33
-1.33
6.0
8.33
1.33
6.67
2.0
2.0
2.67
7.33
7.0
3.67
1.33
11.0
1.33
8.67
-2.33
-6.33
2.33
10.0
3.67
4.67
0.67
-7.67
8.0
3.67
8.67
13.33
9.67
-9.33
14.33
2.67
-1.33
10.67
-3.67
10.0
9.67
-1.0
-8.67
1.67
12.0
8.67
1.0
6.67
-4.0
2.0
0.33
11.0
8.0
15.0
6.67
9.33
2.67
0.33
6.67
10.33
3.0
-0.33
-3.0
-4.0
7.0
13.0
1.0
-3.33
4.33
-0.33
3.67
-4.33
-0.67
4.33
12.0
4.33
-13.33
4.0
1.0
6.67
7.0
1.67
5.67
9.33
-3.67
5.0
-2.0
-3.0
4.0
-0.33
3.33
-3.67
5.0
2.0
0.67
0.0
19.0
-7.67
0.0
-1.0
10.67
-9.0
5.0
4.33
-1.67
-6.33
6.33
-1.33
9.67
-0.33
2.67
0.33
0.67
3.0
6.33
-3.0
8.67
11.33
-2.33
-0.67
6.33
5.33
-1.33
0.0
1.0
4.67
5.33
5.33
-9.33
6.33
5.33
-3.67
2.67
7.33
-3.67
1.33
10.67
0.0
8.67
20.0
3.33
4.0
7.0
1.33
2.33
13.67
4.0
-9.0
0.33
5.0
4.67
1.0
-4.67
8.67
-4.67
5.0
1.0
-1.33
10.0
-3.33
-3.0
1.67
9.0
5.67
-0.67
15.67
9.33
6.67
0.67
-0.33
-3.0
8.0
1.33
11.33
-6.33
6.0
1.33
-5.0
-6.33
0.0
-2.67
1.33
-1.0
-3.67
5.67
1.0
7.0
3.0
2.67
-0.67
10.67
6.0
4.67
4.67
7.0
-3.33
9.33
-0.33
2.0
-3.67
8.67
5.33
1.33
3.33
1.0
0.67
10.67
2.0
0.67
2.33
2.33
-5.67
7.33
9.0
4.33
0.67
5.33
11.33
-1.33
5.67
2.67
3.67
1.0
3.67
-0.33
-2.0
7.67
-0.33
5.33
1.67
4.33
4.0
2.0
2.33
-3.33
3.33
3.67
8.67
8.33
-5.33
-3.33
4.0
3.33
7.33
0.33
0.33
-1.67
-3.33
13.67
1.67
1.33
6.0
-3.67
0.33
2.0
0.67
-1.0
4.0
-4.0
6.67
-1.67
4.0
3.0
6.33
4.0
-1.0
-6.0
3.33
5.0
-0.33
2.67
2.67
-2.67
3.33
6.0
5.0
8.33
11.67
2.33
3.33
3.33
-2.0
5.0
9.67
-1.33
-1.33
10.0
-4.0
-2.33
3.67
5.33
-1.67
3.33
8.67
4.0
2.67
-6.33
6.67
-0.33
-1.33
3.33
8.0
1.33
2.0
7.0
1.33
5.33
-4.33
-5.33
6.0
4.0
-1.67
1.33
2.67
-2.0
5.33
0.33
6.33
1.33
2.67
-1.67
6.67
1.0
-3.0
2.67
-1.33
0.0
-2.67
-4.33
3.67
5.0
9.0
-2.0
2.67
4.33
6.67
-3.33
-4.33
-3.67
6.33
6.0
3.67
2.67
-0.67
-1.67
4.0
3.0
-1.67
6.33
2.33
5.0
-0.67
4.0
-1.0
-2.67
3.0
0.67
0.0
3.33
4.67
-1.67
-1.67
7.67
0.67
-2.0
2.0
5.67
2.67
-4.33
2.33
4.0
-0.67
-7.0
3.67
2.33
-1.0
-6.0
9.33
5.33
-1.0
6.0
3.33
0.33
2.33
4.67
1.0
3.33
5.33
2.67
1.0
0.67
-0.33
-5.33
0.67
0.33
4.33
3.0
-1.0
-1.67
5.33
5.67
3.0
11.33
-3.0
3.33
-3.33
1.0
-0.33
2.33
-5.67
-1.33
-1.0
-3.67
2.67
0.67
6.67
-4.33
2.67
-5.0
5.0
2.0
7.0
-1.33
-2.67
-0.67
3.0
2.0
9.67
5.33
-1.67
6.0
5.0
-2.67
1.33
1.0
-1.33
-4.33
0.33
3.0
5.67
-4.0
