0.0
106.33
42.0
52.33
42.67
-42.67
-64.0
89.67
5.33
22.67
-101.33
56.67
38.67
10.0
12.67
48.0
18.33
25.67
-12.0
10.67
43.0
1.67
19.0
-1.0
-0.33
2.33
12.67
10.33
8.33
2.33
-3.67
4.33
-1.67
-1.0
1.67
-1.0
1.33
3.0
-1.33
0.33
1.67
-1.0
0.0
-1.0
-0.67
-0.67
0.0
1.0
-0.33
-0.33
-0.67
0.0
-1.0
-0.67
0.0
-0.33
-0.33
-1.33
0.0
-0.33
0.0
-0.33
0.0
0.67
0.0
0.0
-1.0
0.0
2.0
-0.33
-0.67
1.0
0.0
-0.33
0.0
1.0
-0.67
-0.33
-0.33
-1.33
0.0
0.67
-0.33
-0.33
0.0
-0.67
-0.67
-0.67
-0.33
0.0
-0.33
-1.33
-0.67
0.0
-0.33
-0.67
-0.33
-0.67
-1.67
2.0
-1.0
1.33
0.33
0.67
0.0
-0.33
-1.33
0.67
1.0
0.0
0.0
-2.67
1.0
-0.33
0.33
1.0
-0.33
0.33
1.0
-2.0
-2.67
0.67
0.33
1.0
0.0
0.0
1.0
4.33
2.33
-3.0
-3.0
2.33
-2.0
1.33
-1.0
4.0
-1.67
3.67
-1.33
0.0
-1.67
-4.67
-1.0
-2.67
1.67
-6.0
-4.67
-4.33
1.0
0.33
3.33
3.67
6.0
-6.33
0.33
2.67
-2.67
0.67
4.33
4.33
-2.0
3.33
6.33
4.67
-3.33
0.0
-2.0
1.67
-1.67
0.0
3.0
1.0
-1.33
-5.0
3.33
-5.0
2.67
-5.0
4.33
2.33
0.0
-4.67
4.67
-4.0
2.33
3.33
3.67
4.67
4.0
-0.67
2.33
-4.33
-1.33
-1.0
2.33
2.33
-1.67
-3.0
-0.67
-4.33
0.0
-3.0
6.67
-2.0
1.33
4.67
3.33
0.0
-2.33
-4.67
-7.0
-2.33
0.33
4.33
-3.0
2.0
-1.33
-0.33
0.67
5.67
1.67
2.67
-1.33
-1.67
-1.0
-0.67
2.67
-4.0
0.0
7.33
5.67
-0.33
1.0
4.67
7.33
-1.33
-1.67
-1.33
4.67
-1.67
-0.67
2.67
-1.33
-2.0
-2.33
-1.33
5.33
-0.33
-0.33
-2.0
3.33
2.67
1.0
-1.67
3.33
-1.67
-1.33
-3.67
-1.33
0.33
11.67
0.33
0.33
-1.0
4.33
-5.33
-4.0
-0.33
-2.33
4.0
-1.0
5.33
-1.0
-8.33
5.0
3.67
1.0
1.33
-2.0
6.0
-5.33
3.0
0.0
-2.67
-0.67
4.33
-1.33
-2.67
2.0
0.0
-2.67
-3.67
3.0
10.33
-4.67
2.0
-2.67
-2.0
-1.33
-2.33
3.33
1.67
4.67
8.67
-0.67
1.0
2.0
4.33
3.67
-0.67
1.67
-1.0
-7.67
2.67
-4.33
-1.67
0.33
0.67
1.67
1.0
3.67
5.0
0.0
-2.33
5.0
1.67
-1.0
-3.0
-2.33
-0.33
-3.0
0.33
-1.33
0.33
1.33
-1.67
4.67
1.0
-3.67
1.0
5.0
-0.67
9.0
2.33
-5.33
4.67
-1.33
-1.0
3.33
-1.67
7.67
-4.0
2.33
4.0
3.67
6.33
3.67
-2.67
1.67
-4.0
0.0
0.0
-2.33
-2.0
-1.67
2.33
3.33
-5.0
2.33
-4.0
-2.0
-7.33
4.67
4.67
3.67
-3.67
4.0
-3.33
3.67
0.0
-0.67
-2.0
4.67
1.0
7.33
-1.0
3.33
-1.67
4.0
-2.33
2.0
7.33
1.0
-3.33
2.0
1.0
3.33
3.67
2.33
-0.67
-5.67
1.0
2.0
-2.67
-3.33
-1.67
2.0
1.67
-0.67
2.67
-2.33
0.33
6.33
-1.0
-1.0
-3.33
-1.33
-2.0
-0.33
-2.0
-1.67
4.33
0.0
-1.67
0.0
-3.33
-0.67
-1.0
8.0
1.67
2.0
2.0
6.67
1.0
-0.33
1.33
1.0
-1.67
4.67
0.0
0.33
-2.33
1.0
-3.33
1.33
2.0
2.67
-2.0
5.33
6.0
-0.33
3.67
5.33
1.0
-4.0
-1.33
0.67
-0.67
7.33
-3.0
3.33
4.67
3.33
-3.0
-3.33
0.67
1.0
1.0
0.67
3.0
0.0
0.33
-2.0
-1.0
-0.67
1.0
1.33
-1.33
1.67
2.0
0.67
0.67
-1.33
-0.33
-0.67
0.67
1.67
3.33
-1.33
1.33
-0.67
-1.33
5.67
0.33
5.0
-4.0
3.67
1.0
-1.33
1.33
0.67
-2.67
-2.0
-1.67
-0.67
-1.33
-2.33
-0.33
2.67
-2.67
0.67
2.0
1.67
1.33
-2.33
-0.33
-4.0
-2.0
-1.0
-2.0
-5.33
-2.33
2.0
0.0
-1.0
1.67
0.67
3.33
-0.67
-1.67
-0.33
-5.0
0.0
2.33
-1.33
-0.67
2.67
-3.0
-0.67
3.67
-2.67
-1.67
-1.0
-0.33
3.33
4.33
-0.33
4.0
-3.0
-2.67
-4.0
-3.33
-2.33
-4.0
3.0
-1.67
-2.67
0.67
-0.67
-1.0
1.0
2.0
0.33
0.33
-1.33
4.33
-2.0
2.0
-2.67
2.33
-2.33
3.67
2.67
-1.0
-0.67
-0.33
0.33
-0.33
2.33
3.33
1.67
4.67
-4.0
-1.33
-2.33
1.0
-3.33
4.33
0.33
-3.0
0.0
-1.67
-1.33
-3.0
-6.33
-2.33
1.0
-1.67
-1.67
1.0
4.0
3.0
-0.33
-3.0
-4.0
2.67
0.67
-1.33
0.0
3.67
3.0
0.0
-2.0
5.67
1.67
-0.33
4.0
3.0
3.0
0.33
-3.33
-0.67
1.0
1.67
2.0
1.0
0.0
4.0
-0.67
-3.0
3.0
1.33
-2.0
-3.67
0.0
-0.33
5.0
1.0
1.33
-1.67
-2.67
6.33
-0.67
-2.67
-1.33
7.0
2.33
-3.33
2.0
4.0
2.0
1.67
1.33
1.67
-2.0
1.33
-2.0
-2.67
-3.67
2.0
-4.0
0.67
3.67
2.0
-2.33
-2.0
-2.0
3.67
-0.67
0.0
2.33
-2.0
-3.33
-1.0
-1.33
-3.0
-4.67
2.0
4.33
3.67
-1.33
-0.67
1.33
-4.0
0.33
0.33
0.0
0.33
1.33
-2.67
-0.67
-0.33
-2.67
-4.33
-1.33
-2.33
-3.67
1.0
-5.0
-5.33
1.33
-2.67
2.0
-4.67
5.0
4.0
1.33
2.67
-2.67
0.67
-0.67
-1.33
2.33
0.33
-7.0
-1.0
-1.33
-1.0
-2.0
-1.67
-2.67
-1.0
-3.0
1.0
-2.67
-2.0
-1.67
6.0
-1.33
-0.33
0.33
-1.33
1.67
1.0
-4.33
3.67
3.33
-0.67
4.33
6.0
-2.67
-4.33
0.67
1.0
-1.0
-2.33
-4.0
-2.67
2.0
-1.0
1.0
0.0
-6.0
-4.67
-3.0
3.0
1.67
-4.33
4.67
-6.33
-3.0
-0.33
2.33
-0.67
-5.0
7.33
-4.0
-4.0
-1.67
6.0
3.0
-2.0
-2.67
-1.67
-1.0
2.0
-1.33
1.67
3.33
0.33
-3.33
-4.0
-3.0
5.0
-1.0
-2.33
-5.67
-3.67
0.0
1.0
-1.33
-2.33
4.0
0.67
-1.33
0.33
-2.67
-3.67
-2.0
-1.67
-3.67
-2.0
0.67
4.33
2.0
-5.33
-1.33
5.0
0.67
-8.33
3.0
-6.33
-2.67
-1.0
-1.0
-3.67
0.0
-3.0
-1.67
4.33
-6.67
-1.0
0.33
-1.0
-1.0
2.33
-3.0
2.33
-3.33
-1.33
2.67
3.33
4.67
-2.67
-4.0
4.33
-2.33
-3.0
2.0
-4.0
-1.67
-4.33
-6.0
3.67
-2.33
-4.67
-0.33
2.0
-1.67
-0.33
2.0
-2.0
-8.33
1.33
7.67
-3.67
0.67
0.33
-1.0
-2.0
-2.67
-2.0
-3.33
-1.0
-1.0
2.0
-1.67
-3.33
0.67
1.0
0.0
-0.33
5.33
-6.33
-5.33
-2.67
-1.67
-0.33
1.0
3.33
0.33
-2.0
-3.33
-1.33
-1.33
-6.0
-0.33
-0.67
-4.33
1.33
-2.0
-0.33
-5.33
6.33
-5.0
3.67
5.33
-6.0
-2.67
-0.33
-2.67
-2.0
8.0
-0.33
1.67
-4.33
-1.67
-8.33
-2.67
-4.0
7.67
4.0
3.0
6.33
10.33
-1.0
-3.0
-8.33
-3.67
-1.67
10.33
-1.0
3.33
-9.0
-3.0
-4.0
0.0
2.0
-0.33
7.33
-3.33
-2.33
-3.33
-5.0
-6.33
-7.33
5.67
-2.67
-2.0
2.67
-7.0
4.0
-2.33
-3.0
1.67
-6.0
-0.67
-2.33
1.33
-5.33
1.0
-2.0
-3.33
2.67
4.0
10.33
-1.67
0.67
-0.33
3.33
-1.67
2.0
-4.0
-3.0
-8.0
1.0
-1.33
-2.67
-2.0
-4.0
3.0
-1.67
0.33
-2.67
-3.67
-2.33
1.33
-4.67
-1.0
-3.67
2.33
-4.0
-0.67
0.67
-6.33
-4.0
4.67
1.67
3.33
0.0
-2.67
4.0
-4.0
4.33
-2.33
-1.0
2.67
6.33
-0.67
-5.67
1.67
-0.33
-0.67
-0.33
-6.33
-4.0
-6.0
-2.67
-3.0
3.33
0.67
5.0
-6.33
1.67
9.0
-1.67
6.0
-5.0
-4.0
-0.33
-2.33
5.0
1.33
4.67
2.0
0.67
-0.33
0.0
-4.67
-2.0
8.33
9.67
1.33
-2.67
-0.67
-1.0
-2.67
-3.67
2.0
1.67
2.33
-3.0
-2.33
4.0
-1.33
-2.67
-1.67
0.67
4.33
-0.33
-1.33
-1.67
1.33
-6.33
-3.0
-5.33
-1.0
-7.33
3.33
-1.67
0.67
2.67
2.67
6.67
-0.67
1.33
-3.67
-0.33
-2.33
-0.67
2.33
-3.67
-2.67
5.33
2.33
-4.0
1.0
9.0
1.67
0.0
-6.0
-3.0
5.67
-6.33
0.0
1.0
0.0
-2.67
-0.33
5.67
-1.33
3.33
0.0
10.0
1.0
-1.33
1.67
0.0
-2.67
0.33
-3.33
1.33
4.33
-2.0
4.67
1.0
2.33
-1.67
-2.0
0.0
4.0
2.67
-4.67
-1.0
-5.0
-2.0
-4.0
3.0
-1.33
-1.67
5.33
4.67
-5.0
-2.67
0.33
-1.67
-7.0
3.67
2.67
2.33
-1.0
1.33
-3.67
3.33
5.67
6.67
3.67
-3.0
9.33
5.33
1.33
-4.0
0.33
-12.33
2.0
-8.33
-12.0
0.67
7.67
2.33
-11.33
1.67
0.67
-1.0
9.0
-1.33
-3.67
-3.0
3.0
9.33
-4.0
8.67
4.33
1.0
0.0
1.67
1.33
-9.33
-4.33
-2.67
3.33
-5.33
3.33
-0.33
-5.67
5.33
-7.33
-10.67
1.33
1.0
7.0
-6.67
-0.33
-6.67
4.0
5.33
10.67
4.33
-2.0
2.33
-8.33
6.67
0.33
2.67
-8.33
-1.33
-8.0
-1.33
5.33
1.67
1.67
3.33
-0.33
-5.0
4.67
-4.33
4.0
-3.0
-5.33
-7.67
-6.0
-2.67
5.0
3.0
-2.67
0.0
-6.0
3.0
-10.33
2.67
-4.33
2.67
5.0
-3.33
-3.0
0.33
-0.67
0.33
0.67
-7.33
0.0
2.33
-5.67
-3.67
-8.0
0.0
-2.67
4.33
2.33
-0.67
-7.67
-8.33
1.67
-1.67
-0.33
-2.67
-5.33
-2.67
4.33
0.67
1.0
-3.67
-5.67
-3.67
-2.33
6.33
3.33
-3.0
-0.67
0.67
-1.0
1.67
-5.33
0.0
8.0
1.67
13.0
1.33
7.33
-6.67
-3.0
1.67
-3.33
8.33
-7.33
-3.33
2.67
-4.0
-1.0
2.0
2.0
7.67
-7.67
1.0
-6.0
-4.67
-5.67
-5.67
0.0
-5.67
-2.33
1.67
-1.0
-4.33
-0.33
-6.0
6.67
0.33
1.33
1.67
3.67
5.0
0.33
10.67
3.67
-0.33
0.67
3.67
0.67
4.33
1.33
2.0
3.67
3.33
2.33
2.67
3.33
4.67
1.33
3.0
6.33
4.0
-0.33
-1.67
4.33
3.0
1.0
1.0
-1.0
5.0
1.67
0.33
3.0
-4.33
0.33
1.0
10.0
-0.67
-2.67
13.67
5.0
4.67
-1.0
-9.33
4.67
6.0
-2.33
-4.33
2.0
-2.67
3.0
4.0
-6.67
-8.67
5.67
1.67
-1.33
-2.0
-4.67
-2.33
10.0
0.33
0.0
1.33
-7.33
1.0
6.0
1.67
-6.0
4.67
4.0
-1.67
-2.0
3.33
5.67
2.33
1.0
-3.67
-3.33
5.67
-3.67
-8.33
-8.33
1.67
-4.67
8.0
2.67
-4.0
-1.33
2.67
7.33
-1.0
7.67
3.67
-4.0
5.0
-7.33
-3.33
-4.67
2.0
-6.0
-4.33
-7.0
0.0
-11.0
7.0
-8.33
-6.0
4.33
1.0
2.0
-1.67
4.0
2.33
-7.67
1.33
3.0
0.33
-3.33
7.67
-7.67
2.0
0.67
6.0
0.33
-2.33
-8.33
-8.33
3.33
-2.33
-4.0
2.67
-1.33
-6.0
4.33
1.0
7.67
-1.0
2.33
5.0
-8.33
-2.0
-4.67
-2.0
2.33
4.33
-4.67
7.0
3.67
1.33
1.33
-8.0
1.67
2.67
5.67
-9.33
4.0
1.33
0.33
-0.33
2.0
-0.33
-8.33
8.33
10.0
-1.33
7.33
14.33
3.67
0.33
-5.33
2.0
-1.33
0.67
1.0
2.33
7.33
5.67
-3.0
1.67
-2.67
1.0
0.33
0.0
0.67
-0.67
-4.33
0.0
4.33
-1.33
1.67
-5.67
-6.67
-3.67
4.67
5.0
-1.33
-7.67
1.0
10.33
-3.67
9.0
-6.0
2.33
13.33
11.0
-7.0
-5.67
3.33
2.67
4.0
6.67
-3.67
-1.33
-6.67
-2.33
-2.0
6.33
5.0
5.33
-1.0
-2.67
7.33
-5.0
-2.0
-3.67
4.33
11.67
6.33
10.33
8.67
-0.67
1.33
14.33
1.0
-8.67
-2.67
0.0
-5.0
2.33
-5.67
-1.0
1.0
-8.0
-1.67
11.33
0.33
-0.33
-8.33
-4.33
-9.67
3.33
-6.0
-4.33
-10.67
9.0
-4.33
1.67
-3.33
6.67
1.0
2.0
-3.33
6.67
3.33
-8.0
2.67
5.67
1.33
-7.0
-1.67
9.0
15.0
-2.67
-3.33
-7.67
-2.0
-6.67
3.33
7.33
-3.0
-2.67
2.67
-2.0
2.67
8.33
-1.67
6.67
-3.33
-7.0
-5.67
2.0
-10.0
-2.67
-5.0
3.67
1.33
-10.33
2.67
-10.67
-4.0
-3.0
-1.33
9.0
-3.67
-5.33
-0.33
-5.33
-10.33
0.33
2.0
2.33
-10.33
0.0
0.33
-1.67
7.67
1.0
9.0
12.67
7.33
-3.0
-1.33
4.33
6.0
-1.67
0.67
0.67
-5.33
-2.67
1.0
10.67
0.67
2.67
-12.67
5.0
-4.33
4.67
5.33
-8.33
-1.33
2.33
7.67
1.67
-4.33
-0.67
-6.0
8.67
13.0
0.33
-1.33
-4.0
1.67
4.0
0.67
-12.0
-4.0
-11.67
5.0
9.0
3.0
5.67
-0.67
-5.33
-7.67
-8.33
6.33
0.0
2.67
0.0
-10.0
9.0
-3.0
6.0
8.67
9.33
3.67
-7.33
0.67
3.33
1.33
0.0
2.33
-6.33
6.0
-1.0
2.67
13.0
2.67
-2.33
5.33
-12.67
3.0
2.0
-5.0
1.0
4.67
8.33
-3.67
4.0
-4.0
1.67
-11.0
5.0
-0.67
-2.0
6.0
-1.33
-2.0
-7.0
12.33
-4.67
1.67
11.33
-0.33
-1.33
-0.33
-2.33
-6.67
2.67
0.0
-3.67
3.0
0.67
0.33
1.67
3.33
-4.67
5.33
-8.33
3.0
5.0
-2.33
5.33
5.33
-8.33
5.33
-3.67
2.33
1.67
-1.67
3.33
-7.67
2.67
-8.0
-3.33
9.0
-7.67
0.0
8.0
-1.67
6.33
-3.33
-3.0
-10.0
3.33
3.0
-5.33
-1.0
-0.67
-2.33
-4.67
1.0
1.0
4.67
-7.0
0.67
-4.0
4.67
14.0
-7.33
1.33
-0.33
-0.67
-10.33
-1.33
-0.33
-2.0
-2.0
8.33
-1.67
-2.33
1.0
-5.67
-1.0
-1.33
-4.0
1.33
3.33
3.0
-8.67
1.67
2.0
4.0
-7.0
3.67
9.33
1.67
-8.0
2.67
-2.33
0.0
-0.33
4.33
1.67
9.0
-3.67
5.67
-0.67
-2.67
-2.67
-4.0
0.67
1.67
-1.0
2.67
-1.67
2.33
7.33
-0.67
6.0
-2.67
-1.33
7.33
6.33
0.67
0.67
2.67
-3.33
-4.0
4.67
5.67
1.0
-2.33
1.67
2.33
-4.33
-6.67
2.0
-7.0
-4.67
1.67
-0.67
4.67
-0.33
-4.67
-3.33
3.67
-5.0
2.33
-2.67
-0.67
-4.67
2.33
2.67
4.67
5.67
2.33
1.0
-1.67
-5.67
1.0
-7.33
-2.0
9.0
2.0
1.67
-0.67
-4.0
1.0
8.33
5.0
5.0
-1.0
-0.67
0.0
-2.33
-1.33
-0.33
-0.67
1.33
7.0
0.0
0.33
9.67
-1.67
2.33
4.33
-6.0
-1.0
4.67
4.67
-6.33
5.0
-1.0
4.67
-2.33
2.33
7.33
-0.67
-1.33
1.0
0.67
-3.33
1.67
0.67
-0.33
-2.67
-1.0
-5.67
0.0
-7.0
4.33
3.33
2.67
-2.33
-1.0
1.0
11.33
3.33
-1.33
-3.0
3.33
7.33
-2.67
-2.67
7.67
0.33
-2.33
-5.0
1.0
-6.33
-1.33
-4.0
3.33
-5.33
-3.33
0.0
2.0
1.0
-6.33
-0.67
2.67
-1.33
0.67
-3.67
-5.67
4.0
1.67
-0.33
-3.67
4.33
1.0
-1.0
-5.67
-3.67
-1.67
1.0
-4.67
1.0
-2.0
0.33
-1.0
-0.33
1.0
5.33
2.67
6.33
-5.67
2.67
2.67
3.0
-2.0
0.67
-6.33
-6.33
0.33
8.0
-1.67
-9.0
-1.33
1.33
-2.0
1.0
0.33
-1.67
-1.0
7.0
0.33
1.33
-3.67
6.67
-2.0
4.33
8.33
2.67
-3.0
-5.33
3.67
4.67
7.67
3.33
-1.67
4.0
0.0
-2.67
-3.67
-3.33
1.0
-2.67
-3.0
-0.67
-0.33
3.0
-1.33
1.33
-2.67
-3.33
-5.0
2.33
-1.33
0.67
3.67
-2.33
-2.33
-1.0
0.0
-1.0
-1.0
-0.33
0.33
3.33
1.0
-2.0
1.67
5.33
2.33
5.0
1.0
-2.67
-2.67
-5.0
-1.33
1.67
1.33
3.0
-1.33
-5.0
