0.0
-15.67
-11.0
-12.67
26.67
-75.67
-48.0
-87.33
1.33
-95.33
-68.33
-105.33
-57.33
31.0
-17.33
-40.0
4.33
-22.33
-32.0
22.67
-9.0
-11.33
29.0
1.0
-16.33
-18.67
-3.33
-4.67
10.33
-2.67
0.33
13.33
3.33
0.0
-1.33
-2.0
2.33
0.0
-1.33
2.33
-0.33
-1.0
0.0
-1.0
-0.67
0.33
0.0
1.0
0.67
-0.33
-0.67
0.0
-1.0
1.33
0.0
1.67
-0.33
-1.33
1.0
-0.33
0.0
1.67
0.0
-0.33
0.0
1.0
-1.0
0.0
0.0
-0.33
-0.67
2.0
0.0
-0.33
1.0
1.0
-0.67
0.67
0.67
-1.33
0.0
-0.33
-0.33
-0.33
0.0
-0.67
-0.67
-0.67
-0.33
1.0
-0.33
1.67
0.33
0.0
0.67
2.33
1.67
0.33
-1.67
0.0
1.0
-0.67
1.33
1.67
-1.0
2.67
-0.33
1.67
1.0
0.0
2.0
-2.67
0.0
3.67
1.33
-2.0
1.67
-0.67
2.0
-1.0
-1.67
-0.33
5.33
0.0
2.0
1.0
-1.0
-0.67
2.33
2.0
3.0
3.33
0.0
1.33
2.0
-2.0
5.33
6.67
-2.33
8.0
0.33
-4.67
2.0
-0.67
5.67
8.0
-1.67
-3.33
2.0
5.33
-0.67
2.67
9.0
4.67
2.33
2.67
4.33
-0.33
1.33
10.33
3.0
5.33
0.33
5.67
11.67
8.0
14.0
0.67
1.33
3.0
4.0
1.0
0.67
6.0
1.33
-1.0
9.67
3.0
9.33
6.33
6.0
-2.67
1.67
-2.0
8.33
2.33
2.67
-1.33
-2.0
-0.67
5.33
4.67
-0.33
0.0
-0.67
4.33
3.33
6.0
0.33
3.67
3.0
9.0
7.67
-3.0
1.33
2.67
7.33
0.0
2.67
2.33
3.0
3.67
4.33
8.33
3.0
6.0
1.67
-1.33
5.67
4.67
-5.33
5.67
7.67
5.33
3.0
7.33
-1.33
5.0
11.0
8.33
1.67
4.67
8.0
-0.33
0.33
-3.33
11.33
13.67
9.67
3.33
5.33
6.67
6.67
2.0
6.67
4.67
5.33
9.67
5.67
0.0
1.33
4.67
3.0
4.33
3.33
8.33
3.67
-2.67
11.67
3.33
5.67
5.33
3.33
3.0
11.33
4.67
4.0
12.67
3.67
6.0
7.0
0.33
0.0
-2.33
7.0
2.67
17.0
3.33
6.0
5.0
-3.33
-2.0
5.0
-0.67
0.33
15.33
10.67
2.33
5.0
-3.0
4.33
-0.67
4.0
4.33
-0.67
9.0
-0.67
0.0
7.67
5.67
0.33
0.67
0.67
0.67
8.33
8.0
2.0
1.33
1.67
0.33
3.67
12.0
-0.67
0.67
-5.33
1.33
4.33
0.67
-0.33
2.0
0.67
0.0
2.0
6.67
8.0
0.67
-2.0
1.0
2.67
3.67
-2.0
3.33
-1.33
2.33
-1.67
2.33
6.67
-2.0
-1.67
3.0
8.0
2.33
3.0
15.33
-1.33
1.67
4.67
-3.0
0.33
7.33
4.67
0.0
1.33
5.0
1.67
1.33
-1.33
11.33
0.67
-1.0
3.0
2.0
-2.33
-3.0
-1.67
1.33
-0.67
1.0
3.33
5.0
6.0
-1.33
6.67
1.67
4.67
6.33
2.0
-5.33
-0.33
2.0
2.33
-1.0
1.67
8.0
-3.67
1.0
4.33
6.33
3.0
7.67
7.0
4.33
3.0
3.67
6.0
2.0
6.33
2.67
4.33
9.33
-4.67
3.0
1.0
3.33
2.67
4.33
2.0
-4.33
3.33
0.67
1.67
-3.67
7.33
4.0
1.0
-3.33
-0.33
-2.0
-1.33
-2.0
-2.67
3.33
-5.0
-2.67
-2.0
5.67
3.33
1.0
1.0
2.67
-2.0
1.0
1.67
9.0
5.67
4.33
-1.0
-3.67
1.67
10.0
4.33
-0.33
0.0
0.67
2.33
-1.0
4.67
0.0
11.33
5.0
5.67
2.67
3.33
2.0
-1.0
5.67
0.67
-0.67
2.33
2.0
2.33
3.67
4.33
0.0
3.67
1.67
8.0
1.0
1.67
4.0
1.0
5.33
-1.0
1.0
-0.67
6.0
2.33
3.67
9.67
8.0
1.67
3.67
1.67
1.67
7.33
-0.33
2.67
3.33
1.67
3.33
7.33
3.67
2.67
3.33
3.0
2.0
2.67
5.0
1.67
-0.67
0.67
-0.67
-1.0
2.33
4.33
3.67
3.67
-0.33
-1.33
3.33
5.67
4.0
-0.33
3.33
1.67
2.67
2.0
5.0
-1.0
2.0
-2.33
-1.33
1.0
4.0
6.0
5.67
4.67
9.33
2.33
7.33
3.67
-1.0
3.0
6.33
1.67
1.33
-2.33
3.0
2.33
1.67
-1.67
1.33
4.0
3.67
-0.67
5.33
-3.33
-1.0
0.0
3.33
-4.0
0.67
0.67
2.0
1.0
4.33
2.33
0.67
0.33
0.0
0.0
1.0
-2.67
0.33
-1.33
4.33
3.0
2.0
2.33
1.33
-0.33
0.67
1.67
3.0
-1.67
1.67
0.33
3.67
4.33
3.33
2.67
3.67
6.0
-1.33
1.67
0.0
-1.33
0.33
7.33
-3.0
-1.0
-0.67
-1.33
-6.0
-1.33
5.67
2.0
-4.67
2.33
2.0
2.0
2.0
2.67
0.0
-4.0
-0.33
-1.33
1.67
5.0
1.67
4.0
3.0
1.0
0.67
0.67
0.67
0.0
8.0
4.0
5.33
5.67
3.33
7.0
-0.33
0.0
1.0
5.0
7.0
2.33
0.0
1.0
6.33
1.0
-1.67
0.0
0.67
8.0
0.0
4.33
-3.67
-6.67
0.33
0.33
-3.67
-2.33
2.0
0.33
-1.33
3.0
5.0
0.0
-1.33
-2.67
1.67
1.0
-0.67
3.0
4.33
1.33
-1.0
0.0
8.67
5.67
9.0
-0.33
1.0
1.0
2.67
-3.67
5.0
0.33
-3.0
-1.33
-2.0
5.67
-1.0
-0.67
5.0
6.33
0.67
0.67
3.33
7.33
1.0
2.33
0.33
1.0
1.33
6.33
-3.67
-0.67
2.67
2.33
-2.33
4.67
5.67
0.33
4.0
1.0
2.67
2.33
1.33
-2.0
3.33
5.0
3.0
9.33
0.67
-1.67
-3.33
4.33
0.67
7.33
0.33
2.0
1.0
1.67
2.0
1.0
1.33
-1.67
0.0
0.0
6.0
0.33
-5.0
6.33
1.0
-3.33
2.67
2.33
-1.33
-1.33
-3.0
-0.33
2.67
1.33
1.33
-2.67
1.0
0.33
2.67
2.67
0.0
0.0
2.67
0.0
1.33
-1.0
-1.0
2.0
5.0
1.0
5.33
3.0
3.0
10.67
1.67
3.67
-3.33
1.0
-3.33
4.33
3.33
-4.0
2.33
5.0
0.0
5.33
4.0
0.0
7.0
1.33
3.33
-1.0
-1.0
2.67
4.67
8.33
1.33
-0.33
0.0
-2.0
5.0
-2.0
-4.33
3.33
2.33
1.0
4.0
3.67
2.67
3.0
-3.33
-0.33
4.33
3.33
-3.67
5.0
1.33
0.33
1.0
0.67
-0.67
-2.0
-5.33
-5.33
8.0
4.67
-2.33
-3.0
7.67
1.33
5.0
4.0
1.33
0.0
3.0
3.33
1.33
3.33
3.0
9.33
-2.0
2.0
1.33
8.0
5.33
1.67
2.67
3.67
2.33
1.67
-3.67
-4.0
11.33
10.67
-1.0
5.0
4.0
4.33
-6.33
0.0
10.67
8.67
1.33
4.67
7.0
6.33
7.67
5.0
5.0
1.67
8.33
6.67
4.33
9.67
9.33
2.0
0.0
13.33
6.0
5.67
6.0
5.0
4.0
10.33
-1.33
1.67
4.0
13.0
-6.33
6.33
0.67
0.67
3.33
10.33
4.67
3.0
4.33
5.33
5.0
7.67
6.67
4.67
1.0
-2.33
6.33
14.67
11.33
5.0
13.67
5.67
8.33
3.0
3.67
8.33
5.0
5.33
3.67
-0.67
4.0
10.0
4.67
12.67
10.67
8.33
3.67
4.33
5.0
6.67
0.0
-2.0
12.33
7.33
1.0
9.0
9.67
17.33
15.33
8.33
3.0
-1.67
2.0
0.0
7.0
10.0
21.0
8.67
11.33
10.67
6.67
18.67
18.0
12.67
19.67
20.67
21.33
20.0
23.67
22.0
16.0
6.67
15.0
20.67
25.0
14.33
10.67
8.33
13.67
15.0
7.0
12.67
5.67
10.0
7.33
7.33
13.67
13.67
9.33
13.33
9.0
4.0
9.0
6.0
7.0
9.67
13.33
9.0
6.0
9.0
10.33
13.33
17.33
8.33
7.67
14.33
14.33
15.0
10.33
26.33
14.0
7.33
25.67
21.67
16.0
16.67
11.67
24.33
9.0
18.33
19.0
20.0
17.33
16.67
10.0
13.67
13.33
7.33
6.33
11.67
20.67
13.33
-3.33
7.67
6.0
10.0
10.33
12.0
11.33
13.67
5.0
12.67
8.67
5.0
9.33
26.0
4.0
5.0
18.67
16.67
11.0
16.33
17.67
9.0
17.67
15.67
10.0
21.33
15.0
12.33
13.67
15.33
13.33
18.33
14.0
19.33
6.33
11.0
12.67
10.33
9.0
11.67
16.0
10.67
14.33
19.33
17.67
11.33
16.67
22.67
22.33
16.33
11.67
31.0
19.67
34.0
22.67
24.33
39.33
46.67
39.67
45.67
35.67
55.33
40.33
44.33
36.67
33.67
23.33
27.33
45.33
26.33
32.33
32.33
13.0
14.0
27.0
23.67
28.0
19.0
32.0
24.67
27.67
28.0
12.0
24.0
11.33
29.67
23.67
23.67
30.33
13.0
34.0
19.0
29.67
29.67
7.0
16.33
26.33
25.67
31.33
22.33
17.0
15.67
15.0
5.33
10.33
14.0
8.0
18.0
14.67
13.33
13.0
14.0
3.0
10.0
18.0
13.67
2.33
14.33
17.67
6.0
19.33
16.33
12.33
8.0
13.67
16.67
9.33
21.0
4.33
10.33
13.33
15.67
16.67
15.67
6.0
9.33
23.33
10.33
13.0
18.33
12.67
17.0
19.67
6.0
21.67
31.67
13.33
8.67
15.67
11.67
12.0
7.0
24.67
2.33
8.0
11.0
19.33
7.0
5.67
19.33
15.0
21.0
15.67
10.33
4.67
10.67
17.33
17.33
18.67
22.33
27.67
30.33
33.33
8.67
26.33
31.33
31.0
46.0
45.33
76.67
63.33
89.0
80.33
83.67
122.33
123.0
148.33
131.67
177.67
142.33
187.67
188.67
170.67
162.0
163.67
138.33
124.67
143.67
137.33
115.67
101.0
98.67
85.67
69.0
77.0
71.67
44.33
51.0
42.33
43.0
45.0
26.33
32.0
13.0
26.0
5.67
18.67
20.67
23.67
20.0
28.67
7.0
35.33
25.33
18.33
18.67
15.67
22.0
23.33
22.33
20.33
17.0
31.0
25.33
21.33
13.33
23.33
14.33
26.67
20.67
29.33
32.67
25.33
30.67
45.33
37.33
23.67
36.0
29.33
27.33
33.33
31.67
42.33
33.33
26.0
44.33
29.67
26.0
26.67
32.67
30.0
20.0
30.67
25.0
30.33
32.33
15.33
14.0
24.67
12.67
27.33
6.67
12.67
12.67
16.0
15.0
16.0
21.0
8.67
1.33
18.0
15.0
12.33
2.33
4.33
9.0
7.33
-2.33
20.67
23.0
12.67
7.67
25.0
12.67
8.33
4.33
4.67
4.67
26.0
11.33
24.67
23.67
15.67
17.67
5.67
21.67
30.33
30.33
23.0
37.67
27.33
30.33
28.67
30.33
41.67
19.33
48.0
30.33
32.0
18.67
34.33
20.33
41.0
18.0
25.0
44.0
36.0
32.67
31.33
21.0
23.67
33.33
20.0
39.0
38.33
24.33
26.67
22.0
25.67
17.0
29.67
22.67
23.0
19.67
13.67
29.0
16.33
27.0
21.0
20.33
17.33
16.67
16.67
20.67
30.0
22.33
24.67
19.0
16.33
26.0
25.33
12.67
18.0
10.0
23.67
21.0
17.67
21.0
20.33
18.0
13.33
25.67
14.33
18.0
23.33
9.67
7.67
13.33
11.67
2.67
19.67
13.33
23.0
12.67
15.0
12.67
-3.33
14.33
9.0
0.67
8.67
4.0
3.0
3.67
14.67
11.33
9.0
8.0
22.67
22.0
2.0
9.0
13.0
19.67
-1.0
7.33
6.0
15.0
11.33
8.0
8.33
-5.67
15.33
6.0
8.33
6.67
5.67
13.33
12.0
-2.33
13.0
14.33
15.67
10.67
5.67
18.33
3.67
4.0
9.67
7.67
8.0
15.33
23.0
10.67
10.0
8.33
13.0
10.67
6.0
10.33
10.0
21.33
9.33
4.33
23.0
13.67
12.33
1.33
11.0
12.67
12.67
1.67
9.67
-5.0
6.33
13.33
-4.33
6.0
2.67
5.67
14.33
19.0
1.67
15.33
11.33
1.67
14.33
5.67
5.0
10.67
13.67
10.0
9.33
10.33
6.67
3.0
-3.33
12.33
10.0
22.33
7.0
4.67
12.33
13.67
11.0
4.33
13.67
7.67
6.33
3.33
13.33
3.67
16.0
8.67
13.33
14.0
8.33
8.33
18.0
5.0
-2.67
0.33
24.0
1.0
2.33
4.33
14.67
2.0
9.67
4.33
8.67
-2.67
13.67
25.0
1.33
5.0
15.33
20.0
10.33
10.33
12.0
15.0
22.33
15.33
6.67
9.33
20.33
2.67
11.33
13.33
22.33
6.0
8.33
17.33
8.0
7.0
12.33
11.33
7.0
12.0
6.0
9.33
12.33
20.33
5.67
16.67
14.67
23.33
9.33
15.0
17.67
-0.67
8.0
-1.33
14.67
-0.33
-1.33
8.0
-4.0
11.67
15.67
23.33
8.0
8.67
11.67
22.33
21.0
8.33
14.0
11.0
16.33
20.67
17.33
17.0
5.33
2.33
16.33
5.0
8.33
13.67
12.0
9.67
15.33
9.33
14.67
20.67
12.0
11.33
12.0
11.0
20.33
16.0
20.67
16.33
-1.33
18.67
14.33
19.0
15.0
8.67
9.0
10.33
5.67
20.67
6.67
15.67
7.33
8.0
18.33
5.67
4.0
10.33
14.33
14.67
14.0
15.0
16.67
23.33
8.0
-4.33
13.33
21.0
12.33
18.67
6.67
8.67
9.33
19.0
12.67
16.67
1.67
12.33
7.0
14.67
9.67
6.33
2.67
6.67
10.33
3.67
9.67
15.67
6.33
17.0
9.67
12.0
4.33
-2.33
2.0
-3.33
5.0
10.67
-3.0
8.0
-1.67
11.0
2.0
20.0
6.67
3.33
2.67
5.33
-3.33
1.33
4.0
15.67
1.0
5.0
-9.0
2.0
-1.0
10.67
2.33
22.67
-2.33
9.67
5.33
15.33
-7.0
7.33
-1.33
1.0
7.0
5.67
1.0
3.67
4.67
2.33
0.33
6.0
-2.0
3.0
-1.0
7.67
-5.67
5.33
6.0
1.0
2.67
5.0
15.0
2.33
6.0
-5.0
12.67
5.0
5.0
7.33
0.33
8.67
6.33
-12.33
5.67
5.67
0.67
5.33
8.67
-2.0
9.33
10.0
7.67
8.33
0.67
9.33
-2.67
2.33
-4.33
2.0
3.0
2.67
4.33
-1.67
-3.33
8.33
-10.67
1.33
5.67
7.33
11.33
-0.67
8.67
11.0
2.67
14.0
11.33
12.0
11.0
4.33
0.33
0.67
4.0
-4.0
0.33
9.0
2.67
9.0
9.33
8.67
2.33
10.0
4.0
1.67
10.0
0.67
0.0
8.67
6.0
2.67
-5.67
2.67
5.33
2.67
-0.33
2.67
4.0
3.0
10.33
7.33
-2.33
1.0
9.33
4.0
13.67
2.0
4.33
3.33
2.0
-3.67
3.67
15.0
9.0
4.0
7.67
5.33
3.67
6.0
9.67
0.67
7.0
7.67
10.33
2.67
4.0
11.33
9.67
3.33
10.33
1.33
-1.0
-4.33
6.67
0.0
11.67
4.33
2.33
6.33
0.33
14.0
3.33
-0.33
0.33
-2.67
0.67
6.67
3.67
3.67
-1.0
0.67
-0.33
7.0
15.67
8.67
7.33
4.67
4.33
3.0
-7.0
6.33
4.67
0.33
10.67
7.67
-2.67
1.67
9.67
2.0
2.33
2.33
2.33
-0.67
6.33
7.67
2.67
6.67
9.33
6.0
0.33
2.33
3.0
1.67
1.0
1.0
1.0
6.67
5.33
2.0
0.0
11.33
4.0
4.0
1.0
0.33
12.0
1.67
-1.33
7.67
-4.67
4.33
7.0
4.0
7.33
11.67
7.33
1.33
7.33
3.0
3.0
1.67
-0.33
-2.33
7.0
11.0
1.67
7.67
7.33
-0.67
-1.67
-5.33
2.0
1.67
-3.33
8.67
3.67
2.67
7.33
6.0
-4.67
-1.0
2.0
11.33
7.33
1.67
0.67
10.0
-2.0
2.33
7.33
2.67
1.0
7.33
3.33
6.33
9.33
-0.33
-0.67
-1.33
7.0
0.0
4.67
5.67
-6.0
0.33
-5.33
3.67
4.0
0.0
4.0
0.67
7.33
3.67
2.67
5.67
-2.67
6.33
7.0
5.67
7.67
5.33
0.33
4.0
12.0
5.33
1.33
7.33
8.0
10.33
1.0
4.0
0.33
-2.0
6.67
6.0
0.33
6.67
6.33
1.33
-1.33
7.67
0.0
4.0
3.67
-6.33
2.67
-6.67
8.0
0.33
1.0
-4.33
11.33
-1.0
3.0
3.33
0.33
9.0
1.0
3.33
5.33
-4.67
3.67
-1.0
4.33
6.33
0.67
0.0
2.67
4.67
-2.33
5.67
5.33
3.33
4.0
-2.0
4.33
5.33
1.67
3.0
-3.67
-5.0
4.33
4.67
5.0
0.67
3.33
5.33
-4.33
3.0
8.33
1.67
-0.33
6.67
2.67
-2.33
5.0
3.0
10.0
4.0
0.67
-2.67
1.33
-3.0
-2.0
12.67
6.33
11.33
6.0
5.0
2.33
6.33
1.0
-2.33
1.67
0.33
7.0
4.67
2.0
