0.0
14.33
-17.0
35.33
31.67
-87.67
-140.0
-39.33
-43.67
-16.33
-15.33
33.67
-21.33
62.0
57.67
23.0
-32.67
-10.33
-17.0
66.67
10.0
-7.33
12.0
2.0
-4.33
5.33
21.67
-1.67
1.33
8.33
0.33
-1.67
9.33
0.0
-4.33
-1.0
-0.67
-1.0
-1.33
-0.67
0.67
-1.0
0.0
1.0
0.33
0.33
1.0
0.0
-0.33
-0.33
-0.67
0.0
-1.0
-0.67
0.0
0.67
-0.33
-1.33
0.0
2.67
0.0
-0.33
1.0
-0.33
0.0
0.0
-1.0
0.0
0.0
-0.33
-0.67
1.0
1.0
-0.33
0.0
1.0
-0.67
-0.33
-0.33
-0.33
1.0
0.67
-0.33
-0.33
1.0
1.33
-0.67
0.33
-0.33
0.0
1.67
-1.33
0.33
1.0
-0.33
0.33
-0.33
0.33
-0.67
1.0
1.0
-0.67
-1.67
2.67
-1.0
1.67
0.67
2.67
0.0
1.0
1.0
5.33
1.0
1.67
1.33
-1.0
-0.33
-0.67
2.0
1.0
3.33
0.67
2.33
1.0
2.0
6.0
0.0
0.33
5.33
-1.0
4.0
-4.67
0.0
2.33
0.0
-1.0
0.33
0.67
3.67
3.0
1.33
-3.67
3.0
0.33
0.67
-4.0
2.33
0.67
4.0
3.33
3.33
10.67
0.0
4.67
5.33
6.67
0.33
2.67
-2.67
-1.67
0.0
4.33
3.33
4.67
2.67
10.0
-3.0
-1.33
6.33
6.0
3.0
1.0
4.67
1.0
5.33
-2.0
5.67
2.0
14.33
-1.67
5.0
-5.67
7.67
-4.0
10.33
5.33
2.67
0.67
12.0
3.33
6.33
3.67
1.67
0.0
9.33
6.33
2.33
3.0
9.33
3.67
-1.0
3.0
-0.33
5.0
6.33
8.67
9.33
4.0
11.67
-1.67
-1.0
-0.33
5.33
4.33
0.0
3.0
1.67
0.67
0.67
6.67
-0.33
-0.33
5.67
9.33
8.0
6.33
-1.33
4.0
12.0
10.33
10.67
4.67
3.0
7.67
0.33
5.67
3.33
6.67
6.67
-0.67
4.33
-2.33
8.67
7.0
6.67
2.67
5.33
1.67
4.67
-3.0
0.33
3.67
8.0
5.33
4.33
12.33
-4.33
5.33
10.67
-2.67
2.67
5.33
-0.67
2.0
1.33
3.67
7.0
3.67
4.67
0.0
6.0
-2.67
6.0
0.67
6.0
5.67
3.0
4.33
9.0
7.0
3.67
6.0
9.0
2.33
0.33
6.33
1.67
-2.67
9.0
-2.0
5.33
1.33
-1.0
3.33
1.33
8.0
-4.67
1.0
-0.33
8.67
5.33
1.67
7.67
3.67
-1.67
8.0
7.0
-0.67
2.67
-0.67
4.67
8.0
-1.67
-3.33
0.67
3.33
-5.67
-0.33
-0.33
7.0
5.67
1.0
2.0
5.67
3.0
0.67
8.0
1.0
1.67
4.67
-1.0
0.33
7.67
3.33
7.33
-0.67
6.67
2.0
5.33
9.0
6.0
3.33
8.0
-3.67
-0.33
4.67
0.67
6.0
0.33
-1.67
6.67
0.0
1.33
4.0
4.67
7.33
0.67
1.33
4.67
-1.0
4.0
-6.0
-8.33
-3.0
-1.67
3.33
0.33
5.0
2.33
0.0
1.0
-1.33
4.67
3.67
1.67
-0.67
4.0
-0.33
5.67
7.0
1.33
4.0
2.67
-1.0
-5.67
3.0
7.33
8.33
6.0
9.67
8.0
-0.67
1.0
0.67
4.0
0.0
1.33
3.67
0.33
-1.67
1.33
2.0
-6.0
1.33
2.67
4.33
3.0
3.67
-2.67
4.67
4.67
-0.67
10.33
3.0
-1.0
-2.33
0.67
1.0
1.67
-1.0
-3.67
1.33
4.0
-0.67
7.0
5.67
4.33
3.0
4.0
2.67
2.0
1.0
-2.33
8.0
0.67
0.33
2.0
-0.67
2.67
1.0
-2.67
1.67
1.0
1.67
11.33
4.0
2.67
-6.0
4.33
7.0
4.67
1.67
-3.67
2.0
1.0
4.67
0.67
1.33
0.33
2.0
10.33
5.67
2.33
-2.0
-4.33
0.67
6.0
7.0
8.67
5.0
0.0
1.33
-2.0
5.0
3.33
2.0
6.33
-7.33
0.67
8.0
1.67
0.67
4.67
-0.33
10.33
1.67
1.67
-1.67
-1.33
5.33
2.33
4.67
3.67
-4.67
4.0
6.0
5.67
0.0
3.67
-0.67
-0.33
1.33
5.0
-0.67
5.33
5.67
1.67
3.67
0.67
2.33
1.67
7.0
0.67
-1.67
5.67
1.67
-2.0
0.0
0.0
-1.0
-3.33
-4.33
2.0
0.0
4.0
1.67
2.67
1.33
2.33
-0.67
-0.33
1.0
1.0
2.33
-0.33
1.33
2.67
4.0
3.33
6.67
-0.67
3.33
7.0
5.67
4.33
6.33
0.67
4.0
1.0
-2.67
1.0
-2.33
-1.33
1.0
3.0
0.33
-1.67
2.67
0.33
2.0
1.0
-3.0
-0.67
4.33
-1.33
-3.67
2.0
2.0
3.33
3.33
7.67
3.67
1.67
4.0
-2.67
-0.33
1.33
1.67
7.33
-1.67
3.67
3.67
0.0
1.67
1.67
0.0
1.67
0.33
0.33
-2.0
-3.0
2.33
-1.33
1.0
-1.33
2.67
3.0
-1.67
3.33
2.0
5.0
1.0
9.67
6.0
-4.0
-1.33
2.67
2.67
2.0
0.67
0.0
3.0
-2.0
-1.33
3.67
0.67
0.0
1.0
8.0
4.33
-0.33
5.33
2.0
-2.33
2.0
4.0
2.0
0.0
2.33
2.0
4.0
5.33
1.0
2.33
3.0
-1.33
8.0
3.0
1.33
-2.67
-1.67
5.33
0.33
2.33
-1.33
5.0
1.33
-0.33
6.0
1.0
0.0
-0.33
1.33
-1.33
-3.0
1.33
0.0
-3.67
3.33
-1.0
-1.0
-2.33
1.67
1.0
1.67
0.0
2.0
-1.33
-3.67
-3.0
-4.67
-4.0
0.67
0.0
4.67
1.0
-0.67
5.0
-2.67
0.67
3.67
10.33
1.33
-4.0
-2.67
3.33
2.0
0.33
-2.67
3.33
-0.67
2.67
1.33
2.67
-0.33
0.67
-0.67
1.0
-2.0
-0.33
4.33
4.33
3.0
-0.67
0.0
5.0
4.33
4.67
-4.67
-0.33
5.33
-0.33
-1.67
4.33
4.0
1.0
1.67
1.0
0.0
4.33
-1.67
-1.0
2.0
1.0
0.33
-3.0
0.33
5.0
1.67
-2.33
-1.67
1.67
-1.33
3.0
-2.33
1.67
11.33
1.33
2.33
1.0
0.33
1.67
3.67
1.0
7.0
1.67
1.0
0.33
1.0
-2.0
2.0
4.0
-1.0
1.33
-2.0
5.0
1.67
4.67
2.67
-4.33
2.0
-0.33
1.33
2.33
-4.0
0.33
0.0
-2.0
5.33
3.0
-4.0
9.0
-6.67
0.33
4.0
-2.0
-3.33
5.67
5.33
1.33
-0.33
7.0
5.0
-4.0
10.0
0.67
2.33
5.33
5.0
1.0
-1.33
-2.33
8.0
1.67
8.67
4.33
3.33
5.33
3.0
-1.67
0.33
0.0
-3.33
3.33
6.0
-0.33
-0.33
-2.0
3.67
-7.33
1.0
1.67
8.33
3.0
5.0
-0.67
4.0
-3.0
1.33
12.33
2.33
8.0
2.33
0.0
-1.0
2.33
6.0
-3.67
-6.33
4.67
1.67
11.33
10.67
0.33
1.0
5.33
4.67
0.0
2.0
6.0
10.33
-4.33
-3.0
5.67
11.67
-1.67
4.67
4.0
-1.67
-0.33
0.0
1.0
2.67
6.33
6.67
5.33
1.67
0.33
6.0
2.0
7.33
6.0
5.67
5.0
4.0
3.0
5.33
1.67
2.67
3.0
6.0
4.67
6.33
2.67
2.67
3.33
7.33
3.67
9.0
4.33
13.33
6.0
14.67
5.67
8.67
8.0
6.67
10.33
5.67
4.33
0.0
3.67
9.67
9.33
3.0
15.67
8.33
8.0
0.33
6.67
2.33
6.0
18.0
0.67
7.67
3.67
-1.67
-0.33
16.33
-2.0
12.67
10.0
4.0
13.33
10.33
5.0
6.0
5.67
12.33
16.33
12.33
13.0
5.33
2.0
6.0
13.0
7.0
16.0
4.67
12.33
13.67
20.67
18.67
12.0
7.67
31.67
33.67
32.33
34.0
30.67
40.0
44.0
22.67
33.0
34.67
27.0
28.33
34.67
18.33
14.67
21.0
27.0
12.67
3.67
16.0
9.33
8.33
12.67
6.67
12.33
10.33
14.0
14.0
11.0
-2.0
8.0
14.67
12.33
1.0
8.0
11.0
7.33
9.33
14.33
12.33
7.67
21.33
11.33
19.0
17.33
27.33
34.0
24.33
36.67
31.67
20.0
29.67
32.67
46.33
33.0
29.33
30.0
18.0
23.33
23.67
18.0
22.67
9.33
11.33
21.33
6.67
10.67
9.33
7.67
8.67
11.0
9.0
9.33
16.0
7.33
11.67
5.0
6.67
15.67
12.0
9.33
19.0
7.0
9.0
10.67
10.67
16.0
8.33
11.67
13.0
14.67
8.67
15.0
16.33
13.0
14.33
16.67
18.33
16.33
14.33
11.0
13.33
11.33
13.0
13.67
12.33
23.0
22.67
12.0
22.67
23.33
13.33
19.67
8.33
19.67
27.67
26.33
30.33
31.67
25.0
27.67
38.0
27.67
27.33
50.33
21.67
33.67
21.67
34.67
37.33
43.33
36.33
36.67
30.67
36.33
33.33
39.33
49.33
34.33
43.33
45.0
38.0
40.0
44.67
40.0
35.0
34.0
25.67
33.67
39.0
21.0
31.0
19.33
35.67
18.67
23.67
22.33
27.0
25.0
19.0
15.67
16.67
18.0
19.33
22.33
16.67
9.33
20.33
9.0
17.67
21.0
9.33
14.33
14.0
3.0
20.0
21.67
7.33
8.0
7.0
4.0
16.0
9.0
11.67
4.33
4.33
2.67
10.0
9.33
7.33
12.33
-2.0
15.67
18.67
14.33
12.0
6.33
21.33
11.33
5.67
14.67
15.67
5.0
15.33
12.33
12.33
13.0
27.33
-1.33
10.0
4.67
8.0
12.67
15.67
15.33
14.67
16.67
14.67
14.0
16.0
21.67
2.33
10.0
10.0
19.33
10.0
6.67
7.33
1.0
18.0
10.67
9.33
20.67
8.67
12.33
12.33
17.67
14.33
16.67
16.33
24.33
24.67
24.33
28.33
46.0
42.0
26.33
43.67
48.33
31.0
62.33
59.67
49.33
52.0
61.33
70.67
61.67
72.33
72.67
76.67
58.67
66.0
63.67
63.33
46.67
47.67
54.33
50.67
35.0
47.67
31.67
54.0
43.0
44.67
34.33
47.0
30.33
56.0
55.0
60.33
59.0
39.0
61.0
61.67
62.67
57.67
46.67
52.0
43.67
52.0
39.33
42.33
35.33
25.67
18.67
38.0
24.33
33.33
29.33
28.0
22.0
25.33
42.33
24.33
35.33
29.33
29.67
45.67
43.33
44.67
57.33
59.67
54.33
52.33
49.67
49.0
59.33
50.33
54.33
60.67
34.33
46.33
46.0
34.33
32.67
42.0
28.67
35.67
29.0
21.0
23.67
24.0
23.33
30.33
20.33
22.0
19.67
10.67
14.33
9.67
8.67
21.67
9.0
11.0
19.0
3.0
18.67
3.33
5.0
17.0
8.33
12.33
-1.67
12.0
8.33
2.67
13.67
18.0
20.67
8.67
9.0
10.67
4.33
20.33
15.67
17.67
17.0
6.33
11.67
36.67
13.67
16.67
11.67
25.67
16.33
32.33
28.0
20.67
15.33
24.33
20.67
27.33
19.67
10.33
26.0
21.33
31.0
15.67
19.33
17.33
26.0
28.0
28.0
28.0
34.0
26.67
22.33
29.0
24.67
19.33
20.0
22.0
10.33
23.33
23.67
31.0
35.67
14.0
27.67
10.67
10.0
22.67
20.67
17.0
19.33
26.0
18.0
18.33
18.33
19.67
17.67
30.67
15.0
20.33
13.67
18.0
18.33
20.0
30.33
16.67
20.0
28.0
11.67
12.0
13.67
18.0
25.33
31.0
10.33
11.67
34.33
14.0
15.33
11.67
11.67
9.33
6.67
10.67
21.67
11.33
17.0
4.67
16.0
25.67
2.67
12.33
4.0
9.67
2.67
6.0
10.0
-4.33
7.67
13.33
-1.0
12.0
6.67
27.0
0.0
14.0
20.0
2.67
5.0
-4.67
0.0
8.0
21.33
8.0
-0.67
3.33
3.33
15.0
10.33
22.67
8.67
17.33
18.0
11.67
11.0
10.33
13.67
20.67
-2.33
17.33
5.67
9.0
11.67
-0.33
8.0
3.33
13.0
20.67
3.0
16.33
11.0
0.67
12.0
6.33
7.0
-1.67
2.33
3.33
21.0
10.67
5.33
7.33
10.0
14.67
19.67
11.67
0.67
14.0
18.33
8.33
6.67
3.0
-0.33
6.67
8.33
18.0
6.67
15.33
6.33
4.67
15.33
1.67
11.0
14.67
-1.33
13.0
4.33
8.33
10.67
10.0
0.67
-1.67
18.0
-0.67
16.0
6.67
15.33
1.67
15.0
4.33
11.67
16.67
9.33
12.33
1.33
2.67
19.0
11.67
1.33
2.0
21.33
18.33
10.0
6.0
0.33
12.33
13.0
1.0
-2.67
12.33
7.67
9.0
21.67
6.33
8.67
12.33
4.67
11.0
5.33
15.0
5.33
-4.0
3.33
20.33
12.0
9.0
13.33
12.33
5.67
7.33
24.33
8.67
9.33
9.33
4.33
6.0
13.33
13.33
7.0
7.0
18.33
19.33
16.0
14.0
12.0
18.33
7.33
18.33
11.67
9.67
9.67
21.33
21.33
12.0
8.67
24.33
19.0
9.67
11.67
17.67
9.67
2.0
19.0
12.67
14.67
16.33
7.0
16.67
24.67
15.33
13.0
18.33
14.0
22.0
11.33
21.67
11.33
13.0
18.33
13.33
11.33
4.0
24.33
27.67
12.0
18.67
20.33
24.33
20.67
28.67
17.0
25.33
7.0
15.0
34.33
27.0
27.67
17.33
2.67
29.67
15.33
10.0
23.0
15.67
20.0
13.33
6.67
21.67
15.67
24.67
12.33
17.0
9.33
12.67
5.0
9.33
8.33
4.67
12.0
9.0
21.67
22.33
20.0
3.67
6.33
5.0
13.33
5.67
-1.33
-3.33
10.33
11.0
18.67
11.67
5.67
3.33
6.0
21.67
19.67
10.33
6.67
9.67
5.33
12.67
8.67
11.67
7.33
7.0
14.67
8.0
-2.67
2.67
0.0
13.67
6.0
7.67
2.0
9.0
-7.67
12.0
11.0
10.0
8.67
-3.67
6.67
-2.67
-0.33
6.33
9.0
-8.33
-4.0
8.0
14.0
2.0
7.0
-2.33
0.33
6.67
8.67
-1.33
10.33
0.33
6.0
4.33
-9.33
7.0
7.0
1.67
7.0
6.67
4.67
0.33
-4.67
6.0
4.0
16.0
-4.0
2.67
11.33
-3.67
-2.0
3.0
4.67
9.0
8.0
1.33
7.0
-2.0
1.67
4.0
2.0
3.33
-1.67
3.67
4.33
-6.33
-0.33
2.67
1.67
9.33
-6.33
6.0
3.33
3.0
3.67
9.33
-5.33
4.33
12.33
8.33
-7.33
11.0
3.0
7.67
15.33
14.33
-3.33
6.33
8.33
6.33
9.67
1.33
3.33
-2.67
12.67
4.0
10.67
9.0
2.33
9.0
6.0
7.33
6.33
3.67
7.0
-4.0
-0.67
4.0
6.67
5.0
6.33
0.67
-6.67
-3.0
-1.0
0.67
12.0
5.67
8.0
-2.33
15.0
0.67
12.33
5.67
1.33
-1.33
7.67
-0.33
3.0
2.0
9.33
1.33
-0.33
5.0
5.33
11.0
-0.33
-2.0
14.33
2.33
8.0
6.33
8.67
13.0
9.0
2.0
10.67
4.33
4.67
3.0
2.67
2.67
6.0
2.67
6.33
9.67
13.0
-2.67
3.67
6.33
9.33
9.33
1.0
2.67
7.67
10.0
4.67
-0.67
-0.67
-2.67
-2.67
13.0
2.33
0.67
3.33
3.33
7.67
3.67
7.67
1.67
-6.0
2.67
1.67
12.0
10.67
0.67
-7.67
8.67
1.33
5.0
-7.0
9.33
-1.33
2.33
14.67
5.67
3.33
0.67
2.67
-1.0
4.33
-1.67
5.33
10.33
0.33
6.67
1.67
10.67
7.33
-3.0
4.33
4.33
8.0
3.67
1.0
1.0
4.0
12.67
6.33
-1.0
7.0
2.33
-2.0
5.0
4.0
0.33
-1.0
6.67
4.67
10.67
1.33
-1.67
5.0
0.0
2.33
7.67
17.33
13.33
3.33
2.0
3.0
0.67
2.67
4.67
5.0
3.0
2.67
3.67
5.33
4.33
8.33
0.67
7.0
-7.33
1.67
5.67
2.67
4.67
1.33
1.0
1.33
4.0
2.0
3.33
6.33
7.67
-0.33
-1.0
3.0
5.33
8.33
9.67
-4.0
5.33
4.33
11.33
9.33
4.67
2.33
6.67
1.0
4.0
-2.33
6.67
1.0
6.33
-4.33
1.67
0.0
5.0
2.0
3.67
9.33
4.67
5.67
4.67
6.33
5.33
-2.0
7.67
4.67
5.33
0.33
6.0
3.0
6.33
-5.67
2.33
0.0
6.33
2.0
1.0
-1.67
3.0
4.67
3.0
3.33
-1.33
4.33
1.33
5.67
6.67
-2.0
-2.0
-0.33
4.67
-0.33
-0.67
9.0
2.33
-3.0
5.67
7.33
7.0
2.0
2.33
2.33
4.0
9.0
0.33
4.33
-1.67
-0.33
5.0
-3.67
4.33
7.67
7.0
-4.33
1.67
8.67
11.67
7.33
-1.67
7.0
3.0
-1.67
2.33
-0.33
1.0
-5.67
-4.0
-1.67
2.67
3.0
3.67
2.33
9.33
-4.33
0.0
4.33
3.67
-1.33
5.67
0.67
0.67
3.0
10.0
1.0
3.0
-2.33
1.33
5.33
-5.0
3.0
7.67
3.33
3.33
5.0
10.0
-1.67
3.33
5.0
3.67
-2.33
0.33
3.0
-2.33
1.0
