0.0
-36.67
-76.0
7.33
55.67
-47.67
-69.0
-20.33
-8.67
10.67
-0.33
-8.33
-48.33
-16.0
-18.33
-15.0
32.33
-16.33
-59.0
12.67
19.0
-18.33
46.0
-16.0
-9.33
-16.67
3.67
-4.67
-1.67
0.33
6.33
5.33
5.33
-2.0
-0.33
-3.0
5.33
2.0
-1.33
0.33
-0.33
-1.0
0.0
0.0
0.33
0.33
0.0
0.0
0.67
-0.33
-0.67
1.0
0.0
-0.67
0.0
-0.33
-0.33
-1.33
0.0
-0.33
0.0
1.67
0.0
-0.33
0.0
1.0
-1.0
0.0
2.0
-0.33
0.33
0.0
0.0
0.67
0.0
1.0
0.33
2.67
-0.33
-0.33
2.0
1.67
-0.33
0.67
1.0
0.33
0.33
0.33
0.67
3.0
-0.33
-0.33
1.33
2.0
1.67
0.33
-0.33
0.33
0.33
2.0
0.0
1.33
0.33
-1.33
3.0
-0.33
-0.33
-0.33
0.0
-1.0
3.0
0.33
1.0
0.67
3.33
1.0
1.67
4.33
1.0
2.0
1.33
-1.33
1.33
-1.0
2.0
0.0
-2.0
3.33
3.33
0.0
3.0
1.33
-1.0
3.33
4.0
6.0
3.33
3.67
-1.33
-2.0
-2.67
-2.67
14.0
4.33
5.67
0.0
3.33
8.67
3.0
5.33
1.33
8.67
8.0
4.67
8.33
10.67
-1.67
-0.33
-2.67
3.33
6.0
2.33
3.33
2.67
3.67
8.0
3.0
3.67
-0.67
-1.0
2.0
6.0
-3.33
4.0
3.33
-7.0
9.67
8.0
4.33
1.33
10.0
2.33
4.67
-3.0
5.33
5.33
4.67
2.67
7.0
4.33
1.33
0.67
-0.33
8.0
7.33
10.33
8.33
1.0
8.33
-1.33
-2.0
4.0
8.67
8.0
4.33
10.67
4.33
0.0
9.67
1.33
0.0
7.67
4.33
2.33
-1.0
0.0
1.67
4.67
7.67
-0.33
5.67
1.67
6.67
-1.67
3.0
1.33
1.67
2.0
4.0
0.33
6.67
3.67
3.0
6.67
3.33
-3.33
7.33
-0.33
6.67
-4.67
0.33
1.67
2.67
3.0
8.67
1.67
7.33
0.67
1.67
-1.0
-3.67
2.67
4.0
0.33
2.33
-1.67
1.67
3.33
2.67
2.33
8.67
4.33
1.33
5.0
-1.67
-5.33
-2.0
9.67
-0.33
5.0
-3.0
1.33
0.0
-6.33
14.0
12.67
1.0
7.33
1.0
3.0
1.67
2.0
4.0
3.33
0.33
7.33
5.67
6.33
9.0
2.0
2.33
6.33
3.0
10.33
2.33
4.0
-0.67
9.0
7.67
-4.33
5.33
1.67
5.67
0.67
1.33
7.0
-1.0
-3.67
3.67
1.33
3.67
12.0
3.33
-2.33
0.67
-1.67
-0.67
1.67
3.67
2.0
1.67
1.0
2.0
9.67
6.0
4.67
-2.0
-5.0
0.67
0.67
3.0
1.33
-2.33
-3.67
4.33
-0.67
9.67
5.0
8.33
-2.0
9.0
0.33
10.0
1.33
-4.33
4.67
5.67
4.0
6.33
-1.67
-0.33
0.0
11.33
2.0
0.67
-0.67
0.67
-1.67
4.67
-2.0
2.0
3.0
3.67
2.0
-1.67
1.33
11.33
4.0
2.33
9.0
0.0
3.67
2.67
4.67
2.67
-1.67
1.0
-5.33
0.67
5.0
0.33
3.0
5.67
2.0
-1.67
5.0
1.33
3.33
0.0
3.67
3.0
0.33
6.0
1.67
0.0
3.0
6.33
-0.33
-0.67
8.33
-1.67
9.0
-2.0
0.33
-1.33
-0.67
-3.0
1.67
3.33
-2.33
2.67
1.33
0.33
3.0
-2.0
7.67
2.67
0.0
1.67
2.0
6.33
2.33
8.0
-3.67
1.0
-0.33
5.33
-4.0
4.0
2.67
1.0
2.0
5.67
7.0
-2.33
0.33
5.0
-2.67
0.67
5.0
3.33
-3.33
1.0
-1.33
4.33
2.0
1.67
1.0
5.33
4.0
1.67
-1.33
-2.67
5.0
-1.0
1.67
9.67
3.33
9.33
3.0
7.33
8.67
2.33
-5.0
2.67
5.67
0.0
2.0
0.67
2.0
-4.0
0.33
0.0
1.0
2.33
7.0
9.33
-2.33
1.67
7.0
6.67
0.67
3.67
5.67
3.33
-2.33
1.67
2.33
-2.33
0.33
11.33
1.67
-1.33
-2.67
1.0
3.0
-0.33
0.0
-2.33
0.33
-3.33
-0.67
3.0
-2.67
2.33
5.67
0.67
-0.33
-1.33
-0.67
2.67
-2.0
2.67
-1.67
0.67
2.67
1.0
-2.0
1.0
4.0
-0.33
1.67
1.0
-2.0
3.0
-2.33
-0.33
3.33
1.33
2.33
-2.33
6.0
-2.0
3.33
-1.33
1.33
-2.33
9.0
-1.67
9.67
0.33
-1.67
2.0
-0.33
0.33
-0.67
-1.33
3.0
4.0
2.33
0.0
3.67
-0.33
-1.0
-1.0
-0.67
0.33
5.67
2.33
-4.0
-1.0
0.0
-0.67
-2.67
-1.33
1.33
-1.0
7.0
-2.67
0.33
0.67
7.67
0.67
3.0
-0.67
1.67
0.33
4.67
0.33
-0.67
-3.33
0.67
1.0
1.67
-0.33
-1.0
-1.33
-0.67
0.33
-3.0
-1.0
2.33
3.67
-1.0
-4.33
2.67
-1.0
1.33
-0.67
1.0
2.0
2.0
1.67
3.0
1.0
1.67
3.67
0.67
1.0
0.67
4.0
0.0
0.0
6.67
2.67
1.67
-2.0
2.0
4.0
7.33
2.67
4.33
2.0
3.67
6.0
5.0
-1.0
1.0
1.33
0.0
7.0
1.33
0.0
-0.67
3.0
1.67
2.0
4.0
0.33
-1.67
-1.67
0.33
2.33
3.33
0.67
0.0
0.33
3.67
6.0
0.0
3.0
-0.33
0.33
-0.33
-1.0
-3.67
4.0
0.33
2.33
0.0
0.0
-3.33
1.67
-1.0
-0.33
0.0
1.0
1.67
4.33
3.0
-1.67
-2.0
3.67
-1.0
1.67
-2.0
1.33
6.0
-2.67
4.67
0.67
2.33
6.33
1.0
4.33
-0.67
-2.0
2.33
1.33
1.33
-1.67
-0.33
2.33
4.67
1.67
-0.33
-2.67
-1.0
-1.0
-2.33
6.33
0.33
3.0
0.33
4.0
2.0
5.33
1.67
-3.67
3.67
0.33
4.67
-2.67
1.33
-2.0
-4.0
-0.33
6.0
7.0
-0.67
-1.67
-2.0
5.0
6.0
-2.67
3.0
1.33
5.0
-0.33
0.67
4.33
5.67
6.67
0.0
-2.33
-0.33
1.33
-0.67
0.33
7.0
3.33
-4.33
0.67
0.0
2.0
0.67
0.0
-0.67
2.0
-1.0
1.0
0.0
0.0
3.33
6.0
-5.0
6.67
-4.33
4.67
-3.33
-2.0
6.67
1.33
5.33
2.0
1.33
2.0
1.0
3.33
-2.0
3.0
0.0
-1.67
9.33
4.0
-3.0
-1.33
1.67
6.33
0.33
-5.33
4.0
1.0
2.0
4.0
-0.33
3.33
3.33
1.0
4.0
1.67
-2.33
2.0
0.67
2.67
3.33
6.33
0.33
2.0
-0.67
-4.67
0.0
4.67
5.33
9.0
-4.33
-1.33
2.0
1.67
-1.33
2.0
2.67
6.33
-4.0
2.0
3.33
-2.0
2.0
3.33
2.33
3.33
7.0
7.33
2.0
-1.0
1.33
5.0
1.33
1.67
-0.33
7.67
7.33
5.67
4.33
-5.0
-4.67
4.67
3.0
3.0
0.0
6.33
-4.33
-1.0
7.67
7.67
-0.67
-0.33
8.0
0.33
5.67
3.0
5.0
-1.33
7.33
7.67
-2.67
1.67
2.33
10.0
-2.0
8.33
1.0
5.67
6.0
6.0
7.0
11.33
2.67
1.67
9.0
12.0
-2.33
12.33
6.67
-1.33
-1.67
2.33
9.67
3.0
15.33
3.33
5.0
9.67
7.67
0.67
6.0
3.67
8.33
15.67
10.33
2.0
-2.33
1.67
5.33
0.0
3.67
5.33
3.0
0.33
8.67
3.33
1.0
8.0
-1.33
7.67
13.67
4.33
8.67
11.33
8.0
5.67
3.0
4.0
12.33
7.33
5.0
1.0
2.67
13.33
4.33
7.33
7.0
6.33
12.0
12.0
4.0
8.0
8.0
13.67
24.33
19.67
17.67
14.67
29.0
4.67
24.67
24.67
37.33
27.0
19.67
7.0
40.0
23.67
26.0
28.67
15.0
16.33
10.67
10.33
8.67
19.0
14.0
11.67
13.67
10.0
18.33
-0.67
11.67
15.67
6.33
11.33
7.0
9.0
11.0
3.0
8.0
6.67
9.33
10.0
11.0
10.0
14.33
6.33
13.33
19.33
7.67
25.33
13.33
15.0
17.33
22.33
28.0
22.33
24.67
9.67
36.0
28.67
44.67
26.33
30.0
39.33
31.0
25.0
26.33
25.67
19.0
11.67
19.33
17.33
2.33
8.67
9.67
6.33
13.67
7.67
10.0
15.0
8.33
16.0
7.33
14.67
14.0
11.67
15.67
9.0
16.33
17.0
16.0
10.0
16.67
17.67
18.0
10.33
8.67
13.0
10.67
10.67
15.0
13.33
11.0
10.33
14.67
9.33
17.33
20.33
14.0
14.33
17.33
20.0
9.67
26.33
16.0
25.67
14.0
22.67
19.33
17.33
4.67
13.33
13.67
16.67
26.33
27.33
28.67
24.0
38.67
40.0
41.67
50.33
29.33
53.67
39.67
37.67
48.67
55.33
48.33
48.33
54.67
51.67
48.33
43.33
43.33
51.33
43.33
59.33
40.0
27.0
49.0
42.67
36.0
36.0
32.0
48.67
36.67
37.0
22.0
31.0
26.33
28.67
20.67
21.67
23.33
15.0
17.0
23.0
21.67
30.67
18.0
18.33
25.33
18.67
7.33
17.33
14.0
16.67
16.0
7.33
4.33
17.0
7.0
8.0
8.67
12.33
24.0
0.0
6.0
6.0
11.0
8.67
4.33
15.33
9.67
11.0
1.33
7.33
8.33
6.0
9.67
6.67
11.33
12.0
8.33
9.33
9.33
9.67
16.67
8.67
14.0
13.33
16.33
10.33
17.0
22.33
12.67
9.0
11.67
17.0
28.67
24.67
14.33
3.67
15.67
5.67
13.0
6.0
8.67
16.33
14.0
24.0
19.33
6.0
9.67
16.33
7.0
8.0
7.67
9.33
12.67
10.67
8.33
11.33
8.67
13.33
23.67
12.33
22.33
6.67
23.33
24.33
36.0
15.0
52.33
60.67
48.33
47.0
58.33
53.67
86.33
66.0
62.33
58.67
89.67
64.33
57.67
67.67
68.67
60.0
69.67
65.33
56.67
63.67
57.33
64.67
68.0
51.67
60.67
67.0
55.0
58.67
41.33
55.0
42.33
66.0
68.0
58.33
61.0
51.0
87.0
73.67
83.67
75.67
76.67
80.0
100.67
76.0
61.33
55.33
58.33
37.67
48.67
52.0
43.33
52.33
40.33
40.0
50.0
59.33
48.33
50.33
46.33
46.33
47.67
53.67
43.33
56.67
67.33
57.67
50.33
67.33
44.67
48.0
51.33
42.33
44.33
33.67
31.33
44.33
35.0
32.33
34.67
42.0
24.67
31.67
28.0
21.0
23.67
26.0
9.33
20.33
13.33
10.0
14.67
2.67
19.33
9.67
6.67
16.67
4.0
16.0
13.0
0.0
20.67
5.33
15.0
8.0
7.33
18.33
-3.67
19.0
11.33
4.67
4.67
23.0
2.67
13.67
8.0
14.67
16.33
10.33
17.67
14.67
16.0
7.33
27.67
15.67
26.67
12.67
16.67
20.67
26.33
19.33
20.0
14.67
28.33
17.33
28.67
27.33
29.67
17.33
35.0
37.33
37.0
36.67
29.33
21.33
37.0
35.0
29.0
24.0
29.0
25.67
29.33
37.0
33.67
40.33
11.0
22.0
16.33
18.33
26.67
32.0
24.67
16.0
12.67
19.67
16.0
23.67
14.67
22.0
10.33
17.0
15.0
22.33
5.33
15.67
25.67
14.67
13.0
19.33
27.67
23.0
17.33
12.0
8.33
3.67
30.0
24.0
13.67
25.0
17.67
13.0
22.33
29.0
4.33
19.67
19.33
12.0
15.33
7.67
14.67
13.33
2.67
6.67
18.67
16.33
10.0
9.67
25.0
16.67
8.67
11.33
3.0
18.67
9.67
9.0
24.0
-0.33
-1.33
14.33
-1.0
11.0
4.67
16.0
12.0
11.0
17.0
11.67
13.0
6.33
10.0
3.0
7.33
13.0
7.33
18.33
12.33
25.0
17.33
8.67
18.67
9.33
5.0
17.67
11.0
4.33
8.67
10.67
6.67
6.33
10.67
19.0
22.67
13.67
4.0
9.33
7.0
11.67
15.0
7.33
9.0
-1.33
10.0
16.33
3.0
6.33
-3.67
11.33
18.0
12.67
9.33
14.33
9.0
11.67
5.67
14.67
0.67
11.0
14.33
14.33
4.67
8.0
7.67
1.67
8.33
19.0
10.67
11.33
15.33
13.67
9.33
20.67
11.0
6.67
10.67
7.0
5.33
7.33
4.67
12.0
4.67
7.33
12.0
1.33
9.0
1.67
10.33
4.67
9.0
8.33
19.67
-9.33
-4.67
13.33
10.33
3.67
0.0
16.67
5.33
4.0
17.33
5.33
12.0
16.0
-10.67
-0.67
11.0
8.0
0.33
4.33
6.67
8.0
13.67
5.33
11.67
-1.67
17.67
25.0
16.33
34.0
13.33
12.0
11.33
20.33
6.0
9.0
15.33
18.33
11.67
17.33
6.33
13.67
-0.67
16.33
8.33
10.0
2.33
16.33
5.0
11.0
12.33
6.33
4.0
14.0
-2.0
4.33
8.33
16.33
1.67
2.67
-1.33
8.33
20.33
7.0
8.67
6.33
15.0
0.67
23.67
10.67
2.67
10.0
20.0
13.67
21.67
18.33
11.0
11.67
25.67
15.33
21.0
13.33
19.0
27.0
9.33
8.67
-3.67
9.0
19.33
8.33
13.33
-7.0
10.33
22.67
3.0
21.67
15.33
1.33
9.67
24.67
7.0
9.33
-2.0
2.0
15.33
0.0
8.67
5.33
-6.33
4.67
2.33
-3.0
15.0
3.67
-1.0
9.33
15.67
10.67
7.67
3.67
10.33
5.0
6.33
4.67
4.0
13.33
10.33
11.67
14.0
21.0
7.67
12.33
-5.0
2.67
-2.67
10.0
14.33
15.67
4.67
6.67
18.33
8.0
15.67
13.67
3.67
-7.67
0.0
7.67
16.67
4.33
21.67
-0.33
9.33
8.67
-1.33
-2.33
16.33
-3.0
10.67
7.0
-1.67
5.67
5.0
11.67
-2.0
18.67
0.0
13.0
2.33
6.0
-2.0
6.0
3.67
5.33
18.67
13.33
-1.33
9.33
14.0
3.67
0.0
-2.0
1.0
7.0
8.0
-0.33
0.33
13.67
4.67
9.67
4.33
7.33
6.0
6.33
-8.33
2.0
5.0
9.67
10.0
-5.33
4.67
3.33
-8.67
3.0
-1.0
3.0
9.0
1.67
13.33
0.33
8.0
4.0
1.67
4.0
5.0
2.33
-5.0
-5.0
2.67
-9.0
10.0
7.33
1.33
-3.33
2.33
-4.33
-0.33
2.67
-6.33
1.33
-3.33
-6.0
7.33
-7.0
1.67
7.33
8.67
4.33
13.33
-7.67
-4.33
-4.0
6.0
11.67
7.33
7.33
-2.33
10.33
8.33
3.33
12.67
2.33
2.33
8.33
2.67
1.0
8.67
13.0
-3.67
9.0
7.0
7.33
6.33
3.67
-3.0
0.0
-1.67
18.0
7.67
7.0
-2.67
2.67
5.33
10.0
10.0
2.67
-1.0
2.67
6.0
9.67
10.0
-0.33
6.33
0.67
1.33
-6.33
0.67
-6.33
6.0
4.0
10.33
-10.67
14.67
-2.0
-2.67
-5.0
10.67
12.0
-2.67
2.33
0.0
1.33
12.67
6.0
11.0
1.0
6.67
0.33
7.67
4.0
5.67
6.67
0.0
4.67
4.33
4.67
16.0
2.33
16.67
2.33
5.33
2.33
1.0
-2.33
9.67
3.0
2.67
8.33
1.33
6.33
2.33
13.0
2.33
6.67
7.33
7.33
3.67
2.67
0.67
-6.33
5.0
2.67
10.67
9.0
3.67
4.67
10.33
8.67
0.33
3.0
-6.0
0.33
10.67
-0.67
11.67
8.67
0.33
-3.33
-0.33
7.0
0.33
-1.67
6.33
1.33
3.33
2.67
5.67
0.67
5.33
-6.0
-2.67
-2.67
3.0
-3.33
3.0
2.0
9.0
2.67
-0.67
7.0
6.0
-0.67
7.0
5.0
0.0
4.33
5.0
6.67
0.67
6.67
-3.67
17.33
8.0
0.0
3.33
6.67
1.33
10.33
4.33
4.0
2.0
-3.33
3.67
10.67
10.0
7.0
2.67
-0.33
2.33
7.33
-3.67
0.67
7.0
0.67
-3.33
1.67
-0.33
-2.33
1.33
1.0
-2.67
5.0
-3.0
5.33
4.33
4.67
1.67
4.0
4.0
-0.67
-0.67
-1.33
0.0
3.33
10.33
0.33
3.33
1.67
-2.67
4.67
4.0
8.0
-3.33
-1.33
6.0
8.33
-3.33
-3.33
3.0
-1.0
7.0
-4.33
1.33
3.67
-1.33
-1.33
-0.67
-4.67
0.0
5.67
0.67
2.33
6.33
4.0
1.0
-0.67
2.33
2.33
3.0
2.33
5.0
4.0
-3.67
8.0
8.67
5.0
3.33
1.67
8.33
6.33
-0.33
3.67
9.0
4.0
5.67
0.67
-2.33
-1.67
9.0
-1.67
-3.0
3.67
3.33
5.0
-3.0
3.33
1.33
6.0
6.0
-1.67
4.33
-4.67
5.67
2.0
0.33
9.33
5.67
5.0
4.67
-0.33
-0.33
6.67
0.33
1.33
6.0
1.0
3.33
-0.67
2.67
4.0
1.33
6.0
1.33
-1.33
4.0
-6.33
7.33
5.33
-3.33
0.0
-4.67
-1.33
2.67
1.67
-0.33
5.67
2.0
8.0
0.0
8.0
1.67
0.33
2.33
0.0
0.0
-3.33
2.33
-2.67
6.0
5.0
6.33
4.33
3.0
0.67
0.67
3.33
5.0
3.67
7.0
