0.0
42.33
-24.0
99.33
21.67
-120.67
-64.0
12.67
-5.67
62.67
-32.33
-100.33
-60.33
-50.0
-11.33
2.0
-65.67
-36.33
-35.0
-1.33
18.0
-36.33
-17.0
9.0
-1.33
-2.67
-7.33
-6.67
-5.67
4.33
-1.67
7.33
-0.67
-3.0
-6.33
-2.0
0.33
1.0
1.67
0.33
-0.33
0.0
1.0
0.0
0.33
0.33
1.0
1.0
0.67
-0.33
-0.67
3.0
0.0
-0.67
1.0
0.67
0.67
-0.33
2.0
0.67
1.0
-0.33
1.0
-0.33
0.0
0.0
-1.0
0.0
0.0
1.67
0.33
0.0
0.0
0.67
2.0
0.0
1.33
-0.33
-0.33
-1.33
1.0
0.67
-0.33
0.67
0.0
-0.67
-0.67
-0.67
-0.33
2.0
0.67
0.67
0.33
0.0
1.67
0.33
0.67
0.33
0.33
0.0
0.0
-0.67
0.33
0.67
-2.0
1.67
-0.33
-1.33
-1.0
2.0
-1.0
-1.67
-1.0
2.67
-1.67
2.0
2.67
1.33
-1.0
0.0
1.33
-0.33
5.33
0.0
-1.0
0.0
-2.0
7.33
0.33
2.0
3.0
0.33
0.0
-1.67
2.0
3.0
1.33
2.67
2.67
8.0
-1.67
2.33
1.0
3.33
1.67
-1.0
1.33
-0.33
-1.0
1.33
5.33
2.67
2.0
3.67
5.33
10.67
5.33
0.67
0.33
6.33
0.0
2.33
5.33
8.67
1.67
7.0
3.0
1.67
-0.67
9.0
6.0
1.0
2.67
7.0
4.33
2.0
3.67
4.0
3.33
-1.67
1.0
3.33
-0.33
-3.0
2.33
3.33
5.67
1.67
6.0
1.33
2.33
6.67
0.67
5.0
7.33
7.33
3.33
3.0
1.33
8.67
3.0
1.0
-0.33
2.0
4.33
5.67
0.33
9.0
6.67
-3.67
1.0
1.67
7.33
1.33
-5.0
11.0
-1.33
0.67
12.67
4.67
-0.33
0.67
7.67
3.33
8.0
12.33
1.67
1.0
11.0
4.33
3.67
3.67
2.0
2.67
5.33
-0.33
11.33
2.67
14.67
-7.67
1.33
7.67
2.67
12.0
4.67
-1.33
3.33
0.67
-0.33
2.0
-0.67
7.67
4.0
2.33
6.33
5.33
-0.33
6.33
3.67
5.33
7.67
7.33
-0.67
0.0
9.33
-1.33
-3.0
7.67
5.67
4.0
6.0
1.33
7.0
0.67
8.0
5.67
0.0
1.33
3.0
2.0
1.67
6.0
3.0
3.33
2.33
7.33
2.67
-0.67
4.0
0.0
-4.67
-1.67
5.0
4.33
1.33
7.0
-0.67
6.0
12.67
4.67
-1.67
1.67
-2.33
0.67
6.33
3.0
-9.0
-2.67
-1.33
2.33
10.67
12.0
-1.67
-4.33
2.67
11.33
-2.67
8.67
-2.33
-3.0
8.67
7.0
5.0
2.67
3.0
-1.33
6.0
-3.0
-0.33
4.67
5.0
3.33
4.67
1.33
4.33
5.33
6.67
2.0
0.33
-3.0
-2.0
-3.67
4.0
7.33
2.67
2.67
-0.33
7.0
4.33
0.33
-2.33
2.0
1.33
0.0
2.67
10.33
-3.33
0.33
3.67
1.0
6.0
5.0
-1.33
-3.0
0.33
3.33
6.33
0.0
5.33
-3.0
3.0
-0.33
0.67
0.67
1.67
6.33
3.0
2.67
7.67
8.0
6.33
5.0
9.67
10.0
-1.67
9.0
2.33
0.33
1.0
11.67
2.0
0.33
3.0
-0.33
0.0
6.0
0.33
-0.33
-4.67
6.33
-3.67
-3.0
1.0
1.33
5.67
2.33
-2.0
-0.33
6.33
-1.33
2.67
0.33
6.33
2.0
-2.0
0.67
4.67
-2.0
-1.33
-1.0
1.33
-0.67
0.0
3.33
10.0
1.67
3.33
3.0
-2.0
-1.33
4.0
7.0
6.67
2.0
-2.33
3.33
5.0
0.33
4.67
0.0
2.33
2.67
2.0
-0.33
0.33
7.0
0.67
0.0
3.33
1.0
4.67
-4.33
-2.67
1.0
-2.0
4.67
-1.33
0.33
0.33
0.0
5.33
4.67
2.33
-2.0
-0.33
2.67
1.0
-3.0
2.67
7.0
-4.0
2.33
1.0
0.0
-2.67
3.0
3.33
-4.33
5.67
2.0
2.67
0.67
0.67
0.67
0.33
4.67
0.67
1.33
1.67
0.33
-0.67
1.67
7.67
2.33
3.0
1.0
0.67
6.0
-1.33
2.33
-3.33
-2.67
4.0
1.33
7.33
-1.33
3.67
2.67
-1.33
3.33
-1.33
4.0
3.67
0.33
4.67
1.67
0.0
6.0
-4.0
-1.0
-1.33
1.67
-1.0
1.0
-2.0
-2.33
1.67
2.33
1.33
2.33
0.67
4.0
1.0
5.33
-1.33
3.33
-0.33
6.0
3.33
3.67
-1.67
6.33
1.0
-0.33
3.33
-0.67
0.67
2.0
-1.0
-3.67
2.0
2.67
3.67
-1.0
-1.0
1.33
0.33
5.67
-2.67
-2.0
-1.0
0.0
-4.67
0.33
1.67
3.33
-1.0
1.0
-1.67
6.33
1.67
7.67
2.67
2.0
1.33
1.67
3.33
4.67
2.33
1.33
0.67
1.67
-2.0
2.67
1.67
4.0
0.67
0.33
3.33
0.0
-1.0
0.33
0.67
-1.0
-4.33
0.67
2.0
-2.67
-1.67
2.0
1.0
3.0
2.67
0.0
-1.0
-0.33
3.67
-1.33
4.0
0.67
3.0
0.0
2.0
-1.33
-0.33
-1.33
0.0
1.0
3.0
5.33
4.67
-0.67
3.0
-1.33
0.0
-3.0
0.0
3.0
6.33
2.0
4.0
5.33
3.0
1.33
8.0
5.67
1.0
-1.0
-1.67
3.33
2.33
5.33
6.33
-4.67
3.67
1.0
9.33
0.67
1.0
0.0
6.0
-3.33
2.33
4.67
4.0
-2.67
0.0
-0.67
4.33
0.0
3.0
0.67
-2.33
-3.0
1.67
5.0
1.0
-0.33
-0.67
-1.0
-1.67
-1.0
1.67
3.0
2.67
0.0
-4.67
13.0
0.33
-1.33
2.67
2.33
1.33
-1.0
0.33
4.33
0.0
-1.67
2.33
1.33
0.33
3.67
2.33
3.67
2.67
-1.33
2.33
2.0
0.0
1.67
0.33
3.33
0.0
0.33
5.0
4.0
3.33
1.67
-1.67
5.67
1.33
0.67
2.33
4.33
1.0
-2.0
5.67
5.0
3.0
5.33
-4.67
1.0
0.0
4.0
0.33
-1.0
-2.67
4.0
-2.33
-2.33
-0.67
3.67
0.67
-3.0
-1.33
3.67
3.33
0.33
-0.67
0.0
-2.67
-3.33
2.67
2.0
2.0
-0.33
-1.0
4.33
-1.0
-5.0
-1.0
7.0
-5.0
1.33
0.0
0.0
2.67
1.67
4.67
-1.33
-2.0
7.67
5.33
6.33
0.0
5.33
-1.0
4.0
-2.67
7.0
-3.0
8.0
-0.67
-2.67
-3.0
3.0
3.67
4.67
6.33
6.33
-4.33
1.0
0.0
8.0
-2.0
-4.33
4.33
4.33
4.0
4.0
5.67
2.67
5.0
0.67
1.67
-3.67
-0.67
3.33
2.0
0.33
3.33
1.0
3.67
3.33
-1.0
6.67
1.67
6.0
7.67
4.67
2.0
1.67
2.33
2.0
5.0
-6.67
4.0
2.0
8.33
4.33
7.33
6.0
0.33
-2.0
4.0
4.33
3.0
6.33
7.67
1.67
5.67
12.33
8.67
10.33
2.0
4.33
3.67
4.0
2.0
-1.0
4.33
3.67
1.0
2.67
7.67
1.33
6.67
8.0
-0.67
1.67
5.0
3.0
5.67
8.33
7.67
0.33
0.67
8.33
12.0
-2.0
7.33
7.0
6.67
0.0
5.0
9.0
-1.67
6.67
4.67
1.0
3.0
-0.33
5.33
-0.33
-4.33
3.33
5.33
2.67
7.0
8.33
15.33
8.0
4.67
3.67
6.67
3.0
10.67
1.33
2.67
4.33
-4.0
-1.33
4.67
5.33
6.0
10.67
7.33
6.0
11.33
7.67
5.33
6.0
0.0
-0.33
6.67
9.67
8.33
5.67
9.33
7.0
12.67
4.0
1.0
9.33
3.33
8.0
2.0
9.67
7.33
15.33
8.33
9.0
3.33
10.0
7.0
4.0
13.0
13.0
18.67
5.33
10.67
16.67
12.67
11.0
16.67
15.67
15.67
20.33
24.0
14.67
13.0
20.0
12.67
22.0
17.67
17.0
14.33
8.67
15.33
15.67
22.0
13.0
11.67
12.67
3.0
10.33
7.33
7.67
6.67
10.33
7.33
12.0
4.0
19.0
2.0
8.0
8.67
6.33
14.0
10.0
3.0
13.33
8.33
8.33
6.33
10.67
8.33
10.33
26.0
14.33
16.33
18.0
23.33
26.67
23.67
31.0
37.67
21.67
32.33
28.0
29.33
33.0
31.0
31.33
33.67
25.0
15.67
12.33
13.33
18.33
16.67
6.67
14.33
10.67
5.67
6.0
12.0
11.33
7.0
6.33
9.67
11.0
10.67
5.67
4.0
0.33
14.0
11.0
4.0
5.67
6.67
9.0
25.33
19.67
17.0
13.67
18.67
16.0
17.33
19.0
10.33
7.67
18.33
14.33
3.33
19.0
23.33
14.33
18.0
24.67
22.33
25.0
20.67
22.0
38.67
22.33
31.33
39.67
48.33
36.67
49.67
46.33
47.33
71.67
56.0
55.67
53.0
27.67
49.33
41.33
37.67
40.67
39.67
45.67
37.33
35.33
55.33
52.67
42.67
46.33
49.33
41.33
51.33
53.33
49.33
35.0
39.0
56.0
38.67
52.0
31.0
31.0
36.67
32.67
45.0
29.0
36.0
37.33
25.67
41.67
19.67
23.33
30.0
26.0
28.0
26.67
28.67
29.0
14.33
28.33
18.67
20.33
12.33
21.0
17.67
20.0
6.33
14.33
12.0
9.0
12.0
13.67
14.33
21.0
6.0
11.0
7.0
9.0
16.67
11.33
9.33
9.67
5.0
12.33
9.33
9.33
4.0
6.67
13.67
12.33
11.0
11.33
11.33
9.33
6.67
10.67
8.67
6.0
15.33
7.33
15.33
17.0
10.33
8.67
20.0
7.67
23.0
18.67
16.67
17.33
13.67
17.67
13.67
9.0
7.0
10.67
5.33
10.0
16.0
27.33
17.0
21.67
20.33
8.0
9.0
4.67
8.33
10.67
12.67
8.33
11.33
14.67
13.33
9.67
25.33
42.33
14.67
27.33
35.33
25.0
36.0
40.33
62.67
29.33
55.0
56.33
74.67
85.33
84.0
80.33
92.67
92.67
126.33
111.67
105.67
98.67
130.0
105.67
113.33
113.67
138.67
133.33
140.67
106.0
129.67
94.67
104.0
92.0
91.67
88.33
74.0
56.33
63.0
56.0
55.33
46.0
53.0
50.0
57.67
60.67
65.67
72.67
84.0
77.67
92.0
95.33
90.33
79.33
77.67
73.67
58.0
76.33
63.33
67.33
58.0
63.0
58.33
70.33
55.33
65.33
71.33
70.67
74.67
94.33
106.67
78.33
95.67
113.33
85.33
81.67
101.0
90.33
79.33
64.33
58.67
64.33
54.33
38.0
47.33
51.67
40.0
43.67
25.67
30.0
21.0
20.67
25.0
29.33
24.33
19.33
11.0
16.67
12.67
23.33
3.67
6.67
2.67
14.0
12.0
7.0
10.0
13.67
4.33
11.0
12.0
9.33
10.33
-0.67
20.0
10.33
1.67
17.67
15.0
4.67
24.67
11.0
13.67
11.33
4.33
17.67
13.67
20.0
13.33
19.67
19.67
8.67
12.67
13.67
5.67
20.33
13.33
24.0
28.67
24.33
20.33
8.67
16.33
28.67
23.33
21.0
31.33
32.0
15.67
31.33
27.33
40.0
50.0
27.0
21.0
36.0
26.67
31.33
33.0
37.67
25.33
17.0
38.0
27.33
27.33
25.67
14.0
34.67
24.0
20.67
18.67
15.0
10.67
10.67
4.0
5.33
20.0
16.0
7.33
24.33
15.67
25.67
25.67
13.0
22.33
16.67
35.0
17.33
24.0
27.33
10.67
20.0
34.0
27.67
17.0
20.67
6.0
19.33
18.0
11.33
16.67
36.33
12.0
15.33
6.67
9.67
12.33
7.67
4.67
4.67
17.33
25.0
7.67
13.0
8.67
2.67
14.33
17.0
6.67
11.67
15.0
15.0
11.67
3.67
11.33
2.0
15.0
8.67
7.0
4.0
10.0
5.0
8.67
15.0
12.33
5.0
14.0
1.33
2.0
2.33
-4.67
10.33
8.0
6.33
-2.33
4.67
1.33
14.0
10.67
10.0
10.33
11.67
13.67
12.67
11.33
8.67
3.0
10.67
3.67
5.0
1.33
20.0
15.67
8.0
7.33
17.0
5.67
4.0
14.33
-3.0
9.33
5.33
1.33
9.0
3.67
17.33
2.33
9.0
14.67
11.67
10.67
12.67
10.0
16.33
7.33
8.67
14.0
-1.33
7.67
13.33
19.0
2.67
0.33
28.33
10.67
8.33
16.67
8.0
9.67
2.67
7.0
6.33
7.33
9.67
7.0
9.67
8.33
12.0
8.33
15.0
2.67
11.33
8.67
-4.0
0.33
3.67
6.67
11.33
13.33
1.33
12.67
13.0
14.67
9.33
21.0
11.33
14.33
12.0
-8.0
5.33
24.33
19.0
19.0
-3.67
3.33
8.67
0.0
16.67
10.33
4.67
-4.67
17.67
10.0
12.33
14.0
10.33
6.0
8.33
8.33
2.0
12.0
16.33
15.33
6.67
11.33
22.33
14.67
26.33
4.33
6.33
13.0
-1.67
12.33
-2.0
22.0
0.33
-2.67
17.0
12.0
4.0
19.33
23.33
15.33
9.67
1.67
21.67
16.33
16.33
17.0
8.67
10.33
12.0
-2.33
13.67
2.67
-6.33
10.0
13.0
12.67
15.67
20.33
-5.0
22.67
23.67
13.33
11.0
13.33
14.0
16.0
14.33
16.67
1.33
-1.0
10.33
8.33
10.33
13.0
12.33
10.67
13.0
6.67
14.33
4.33
5.67
11.67
9.0
15.33
-10.0
12.0
11.33
3.0
0.67
9.33
0.67
11.67
1.33
21.0
5.0
18.67
3.0
6.33
-0.33
8.67
9.67
7.67
8.33
9.0
18.33
-6.33
4.0
12.33
5.33
8.67
4.0
8.0
13.67
10.33
7.0
-1.33
11.33
8.0
6.33
16.67
-0.33
-7.33
9.33
8.0
-1.33
14.67
2.67
0.33
11.0
12.67
19.67
5.33
6.67
-1.33
12.33
11.67
3.67
5.67
17.33
13.0
9.67
-4.0
-0.67
7.67
18.0
3.67
12.0
3.67
-7.0
9.0
2.33
1.0
8.0
5.0
8.67
14.33
4.67
8.33
-5.33
2.33
10.0
-0.33
-4.0
3.0
1.0
15.0
6.0
-0.33
9.33
4.67
15.67
10.67
17.33
-1.67
-9.0
9.33
3.67
1.0
12.0
0.67
10.0
11.67
1.67
-3.67
4.33
-1.0
11.0
1.0
3.0
6.67
8.33
10.33
2.0
0.0
8.67
8.0
10.0
-5.67
-2.0
-1.0
12.67
-3.0
5.0
15.33
-3.67
-5.33
6.33
-4.33
9.67
8.67
-5.33
8.33
-3.33
8.0
-0.67
-3.0
7.67
5.33
-6.33
-3.67
10.33
4.33
1.67
1.0
9.0
9.67
8.33
7.33
-2.33
9.33
-3.67
5.33
4.67
11.33
0.33
4.33
1.67
2.0
4.67
13.0
8.33
0.0
12.0
3.33
-1.67
3.67
-7.0
2.0
7.33
8.0
15.67
6.0
2.33
7.67
0.33
10.0
16.0
3.67
5.0
3.67
3.0
4.67
5.0
-2.33
6.33
7.67
10.33
0.67
4.67
-4.33
5.0
4.0
8.33
10.33
1.67
-10.0
1.33
-4.0
6.67
7.0
6.33
5.33
2.0
3.33
6.67
10.0
7.0
-2.0
1.67
7.33
1.67
5.0
-3.33
0.67
4.0
5.67
10.33
8.67
14.0
-0.67
8.67
1.33
2.33
-5.67
2.0
2.67
9.67
9.0
2.67
11.33
1.33
9.33
-2.67
11.0
-0.67
2.67
3.33
6.33
3.67
5.67
1.67
5.67
-2.0
2.67
2.67
7.0
3.67
-0.33
4.33
1.67
-1.67
-1.0
-9.0
-1.67
10.67
3.33
4.67
7.67
-0.67
2.67
10.67
1.0
3.33
4.33
0.33
3.33
-0.67
6.67
6.67
7.67
5.33
0.0
-3.67
0.33
-1.0
5.67
-4.0
1.0
1.0
-0.33
10.33
8.0
4.0
-2.67
2.0
3.0
6.0
3.33
3.0
3.67
-0.33
5.67
2.33
5.33
8.0
5.0
0.33
2.67
6.33
9.33
4.33
4.0
4.0
2.67
2.67
-0.33
4.0
1.0
2.67
-2.33
2.33
3.33
3.33
-0.33
6.0
-1.33
1.67
10.67
12.67
0.67
3.33
2.0
-5.67
6.0
8.0
3.33
8.33
2.67
-3.33
0.0
1.0
2.33
3.33
0.67
6.0
5.33
-0.67
0.33
5.33
0.67
1.33
4.67
3.0
0.0
6.67
2.67
0.0
0.33
-2.33
-1.33
1.0
3.0
3.0
5.67
0.33
-4.33
-4.33
4.67
2.33
4.33
5.0
4.67
5.67
2.33
2.33
8.0
2.0
0.33
5.33
0.33
14.0
-1.67
9.0
4.0
1.33
-1.0
5.67
0.0
3.33
1.67
1.33
-6.67
4.67
2.67
9.0
2.0
-1.33
-2.33
-3.33
-0.67
10.0
-0.67
-2.0
5.67
1.33
-2.0
-1.0
4.33
4.33
1.0
5.0
6.33
-1.67
-3.67
8.67
-2.0
2.33
-0.67
-1.33
-2.0
3.67
3.67
3.67
7.67
2.33
6.33
-2.0
-2.0
0.33
3.33
-0.33
1.0
-1.67
0.0
5.33
2.67
4.0
-4.33
5.33
-3.67
-0.33
0.0
4.33
-4.33
7.67
2.67
-3.33
2.67
2.0
4.0
1.0
0.0
0.67
2.33
5.33
-1.0
-2.0
8.67
-1.67
4.33
1.0
9.0
-0.67
-0.67
0.0
-3.33
-1.33
2.33
6.0
2.67
-3.0
