0.0
20.33
10.0
51.33
44.67
-10.67
-21.0
1.67
10.33
-8.33
-77.33
9.67
21.67
9.0
-24.33
33.0
66.33
-21.33
-42.0
12.67
-4.0
-53.33
0.0
-11.0
-5.33
-3.67
6.67
-3.67
2.33
9.33
2.33
-5.67
-0.67
0.0
-4.33
-1.0
0.33
1.0
2.67
1.33
0.67
-1.0
-1.0
-1.0
0.33
0.33
0.0
0.0
1.67
-0.33
0.33
1.0
0.0
0.33
0.0
-0.33
-0.33
-0.33
0.0
0.67
0.0
0.67
0.0
-0.33
0.0
0.0
0.0
0.0
1.0
-0.33
-0.67
0.0
0.0
-0.33
0.0
1.0
-0.67
0.67
0.67
-1.33
3.0
1.67
-0.33
-0.33
0.0
0.33
-0.67
-0.67
0.67
0.0
0.67
-1.33
0.33
2.0
2.67
-0.67
-0.33
-0.67
-0.67
0.0
2.0
1.33
-1.67
-0.33
0.0
-0.33
-0.33
1.67
-1.0
1.0
5.0
2.33
1.0
1.67
2.33
2.0
-0.33
2.33
2.0
-1.0
6.33
1.67
2.33
3.0
3.0
-2.0
1.0
1.33
3.33
-1.0
2.0
1.33
5.0
0.33
4.0
2.0
5.33
1.67
-0.33
2.0
3.33
1.33
6.0
-0.67
0.67
3.0
0.33
-2.33
-7.0
3.33
-0.67
1.67
7.0
7.67
1.33
1.67
2.33
0.67
-1.67
6.33
3.0
8.33
9.33
0.67
0.67
3.0
2.0
0.67
-2.67
3.0
8.0
5.0
4.67
5.0
6.33
-4.0
12.67
9.0
9.33
0.33
4.0
-3.67
5.67
0.0
9.33
9.33
3.67
9.67
2.0
5.33
-0.67
5.67
3.67
3.0
0.33
10.33
2.33
-2.0
-1.67
2.67
0.0
6.0
1.67
0.0
5.33
0.67
1.33
7.0
-1.33
-0.67
2.0
9.67
2.33
7.33
-3.0
9.0
10.67
0.67
0.67
7.67
-1.33
1.67
5.67
3.33
6.0
8.33
6.67
-1.0
9.0
3.33
3.67
4.67
4.0
-3.33
2.33
5.67
4.33
5.67
3.67
2.33
2.33
7.67
-0.33
0.0
-0.33
4.67
2.33
12.67
1.67
1.0
1.33
2.67
1.0
4.33
-3.67
9.33
4.67
-1.67
4.67
5.33
0.67
10.33
-0.67
-2.0
-0.67
-3.33
0.0
0.67
-5.33
7.0
2.0
1.33
-2.0
0.67
7.0
11.67
7.0
5.33
10.0
12.0
7.67
1.0
2.0
9.33
9.33
8.33
6.67
7.33
2.0
1.0
-3.67
3.33
6.0
11.33
2.33
16.0
1.33
-5.0
2.67
7.67
8.33
3.67
5.67
-1.33
8.33
3.0
0.0
0.33
10.67
8.33
3.67
0.0
2.33
-0.33
4.67
2.33
1.33
2.67
2.67
4.0
-1.33
3.0
3.0
0.67
3.0
-3.33
1.0
3.0
4.67
2.67
13.0
6.33
-1.33
5.33
5.33
-0.67
11.67
-2.0
3.33
-4.0
0.0
7.33
7.0
0.33
-4.33
5.67
6.67
2.0
-4.67
2.33
1.67
0.0
5.33
1.0
0.67
3.33
-1.33
1.33
6.67
-3.0
8.0
7.0
-1.33
3.0
-1.67
-0.67
2.33
1.0
7.33
-1.0
4.0
-3.33
4.67
7.67
2.67
0.33
0.0
-2.33
9.67
3.0
3.33
3.0
5.67
0.0
-2.67
3.0
3.33
7.33
4.0
3.67
3.0
-3.67
4.0
2.67
1.0
5.0
3.33
-1.33
4.33
1.33
1.33
4.0
0.0
3.33
4.67
5.33
2.0
1.67
2.33
2.67
2.67
1.33
5.33
3.0
-4.0
1.67
-1.33
-2.0
-2.33
3.0
5.33
-1.67
2.0
2.33
3.0
3.67
-1.67
3.0
3.0
2.67
4.0
-1.0
-0.33
5.0
3.67
3.33
4.0
1.33
0.67
0.0
2.33
1.67
0.0
2.67
4.33
3.0
-0.33
3.0
4.33
6.0
4.67
1.67
-0.67
3.0
3.0
1.67
-2.33
-2.67
3.33
1.0
3.33
-0.33
2.33
-2.0
0.67
3.67
3.0
5.0
2.67
6.0
-2.0
6.33
0.0
3.0
-0.67
0.0
5.33
-2.33
6.67
2.0
6.67
-1.33
1.67
0.67
2.33
1.67
-0.33
2.33
0.67
4.33
1.33
2.67
0.67
-1.67
7.0
1.0
1.67
0.0
2.67
-1.67
-0.33
4.33
2.0
1.33
5.33
-0.33
2.67
2.67
-1.33
-0.67
-2.33
3.0
0.67
-1.67
5.67
-1.33
1.0
-3.0
1.0
-1.0
1.67
3.67
6.0
-2.0
2.0
-0.33
1.67
-1.67
1.33
-0.67
-2.33
1.0
1.0
5.33
0.67
3.33
-2.33
-2.0
0.33
3.67
-0.67
0.33
-1.0
-0.33
2.33
0.33
1.67
1.0
-3.0
0.33
3.0
0.67
4.67
-1.0
-2.0
-1.67
4.33
5.67
1.33
0.0
-1.0
1.0
-3.67
0.33
-1.33
0.33
4.0
-1.0
4.33
7.33
-1.33
1.67
1.67
4.0
3.33
-1.33
6.33
0.67
7.33
-1.67
0.67
1.67
-3.0
-0.33
1.67
-1.0
-1.33
4.33
1.33
-5.0
1.0
-2.67
0.67
-2.0
0.67
-2.33
4.0
0.33
-2.67
-3.0
5.0
-1.0
7.67
4.0
-4.0
1.67
-0.33
0.67
3.0
2.67
-1.0
1.0
2.0
-2.33
-1.33
3.67
-2.0
0.0
1.0
3.33
1.67
0.33
-2.0
3.67
4.0
5.0
3.0
-2.0
0.33
-2.0
2.0
9.33
4.0
1.33
1.0
-1.33
4.0
5.0
-2.67
-0.67
-5.67
2.33
2.33
1.33
2.67
4.0
3.33
-2.33
3.0
2.0
2.0
-3.33
4.33
0.67
-1.0
1.33
-1.0
2.33
-0.67
6.0
-2.0
-5.33
3.67
-4.0
2.67
0.0
1.0
-0.33
-2.67
1.0
-2.67
-4.0
-5.33
2.0
0.67
0.0
1.33
1.0
2.33
4.67
-0.33
3.33
-2.67
-4.0
-2.67
2.33
-3.0
-0.67
3.33
0.33
-2.67
10.67
-3.67
2.67
-0.33
1.67
1.33
1.0
0.0
-2.33
-0.67
1.33
3.0
3.33
2.0
1.0
3.33
1.67
-0.67
0.67
3.33
-0.33
-0.67
-2.67
-3.0
-1.0
2.67
2.0
3.0
1.33
4.33
1.0
2.0
-1.0
-2.67
7.0
0.33
2.0
-3.33
-1.33
3.33
4.67
-0.33
1.0
1.67
-0.33
-1.67
-1.67
-2.67
-1.0
7.33
-4.33
-2.33
1.0
4.0
-3.33
2.0
-0.67
0.0
0.0
2.0
-1.0
-3.0
2.33
0.0
6.0
-0.33
0.67
-1.33
-2.33
-2.0
5.67
3.33
3.33
4.0
6.33
6.0
-1.0
4.33
3.0
2.0
4.0
0.33
7.33
0.0
1.0
2.67
-0.33
1.33
2.33
-2.33
6.0
3.0
4.0
-5.0
3.67
1.33
2.33
0.0
2.0
9.67
-1.33
1.0
0.67
5.67
-0.67
1.33
6.33
0.0
-0.67
-2.67
5.0
1.67
-0.67
3.0
-1.33
-1.33
4.0
7.67
-3.33
8.0
0.67
6.33
0.0
2.0
-5.67
1.0
4.0
3.33
4.33
6.33
-1.0
11.33
-3.0
1.0
5.33
1.0
7.33
4.67
1.67
3.67
7.33
6.67
3.33
7.0
1.33
5.67
2.0
3.0
1.0
2.33
-0.33
2.0
8.67
10.67
-2.67
1.67
4.0
9.33
5.67
-3.0
2.0
-0.33
11.33
5.67
4.33
2.67
0.33
-2.0
-6.0
8.33
3.0
6.67
6.0
14.0
1.0
7.33
4.67
9.67
3.0
5.0
-2.33
4.33
-0.33
-1.33
6.33
8.33
6.67
7.0
9.33
6.33
2.0
10.67
0.67
2.67
4.0
2.67
7.33
2.67
10.33
5.0
15.67
-0.33
4.33
3.0
5.67
9.33
3.0
3.33
8.67
4.33
10.0
8.0
3.67
16.67
7.67
5.33
10.67
3.33
10.0
3.67
8.0
7.0
10.33
8.33
9.0
6.0
8.67
11.33
6.33
14.33
10.0
1.33
2.0
13.0
5.0
4.0
11.0
12.67
4.33
16.67
20.67
11.67
16.0
14.67
16.67
18.67
21.33
4.0
12.67
5.0
17.0
0.67
14.0
15.67
8.0
14.33
7.67
11.33
10.67
16.0
6.0
2.67
2.67
10.0
7.33
8.33
14.67
7.67
8.33
1.33
5.0
10.0
5.0
11.0
9.0
1.67
8.33
5.0
4.0
14.0
15.33
12.33
16.33
4.33
12.67
12.33
19.33
19.0
19.33
14.33
12.0
16.33
15.67
29.67
24.0
28.67
24.67
27.33
17.0
18.33
18.0
18.0
17.33
21.67
24.0
11.67
15.33
11.33
9.33
13.67
11.67
9.33
12.67
7.67
2.0
5.0
2.33
8.0
8.33
13.67
3.0
13.67
13.67
17.0
15.33
15.0
12.0
6.0
15.67
4.67
6.0
11.33
24.67
13.0
17.67
10.67
21.0
15.33
7.0
6.33
7.67
24.33
5.33
18.33
16.0
17.33
19.33
14.0
25.67
16.33
33.0
26.67
27.0
37.67
33.33
45.33
29.67
35.33
53.67
48.67
47.33
45.33
54.67
50.0
40.67
38.0
16.67
35.33
48.33
42.67
26.67
30.67
41.67
39.33
41.33
43.33
36.67
40.67
36.33
40.33
47.33
47.33
46.33
28.33
38.0
36.0
32.0
34.67
31.0
24.0
32.0
27.67
30.67
28.0
20.0
29.0
40.33
22.67
17.67
43.67
34.33
23.0
35.0
25.0
27.67
42.67
43.0
36.33
34.33
42.67
27.33
23.33
30.0
31.67
37.0
16.33
19.33
17.0
14.0
8.0
15.67
13.33
12.0
5.0
10.0
2.0
10.0
16.67
8.33
15.33
6.67
8.0
6.33
1.33
11.33
9.0
9.67
6.67
14.33
3.0
22.33
13.33
2.33
10.67
11.67
9.67
4.0
12.33
7.33
24.33
13.0
16.33
-2.33
17.0
12.67
8.0
13.67
6.67
22.33
12.67
10.67
10.67
9.0
15.0
16.67
8.33
13.0
11.0
15.33
16.0
10.67
10.33
10.0
24.0
6.67
12.33
6.67
7.67
9.33
17.33
19.67
18.33
13.67
26.33
17.33
19.67
22.33
28.33
31.0
42.0
43.33
72.67
50.33
82.0
64.33
73.67
94.33
72.0
77.33
104.67
83.67
112.33
108.67
105.67
111.67
99.0
117.67
116.33
133.67
122.67
112.33
117.67
99.0
85.67
74.67
86.0
84.0
61.67
67.33
46.0
43.33
40.0
48.0
34.33
33.0
33.0
42.0
34.67
45.67
34.67
47.67
57.0
66.67
62.0
55.33
63.33
69.33
50.67
61.67
74.0
55.33
60.33
43.33
39.0
66.0
46.33
60.33
36.33
41.33
55.33
37.67
59.67
62.33
50.67
61.33
54.67
66.33
57.33
57.67
64.0
49.33
49.33
49.33
56.67
49.33
44.33
24.0
44.33
35.67
35.0
41.67
30.67
29.0
17.0
24.67
18.0
21.33
23.33
25.33
13.0
32.67
3.67
20.33
13.67
12.67
15.67
4.0
3.0
20.0
1.0
11.67
4.33
8.0
10.0
2.33
18.33
2.33
11.0
7.33
8.67
12.67
10.0
6.67
11.67
14.0
1.67
13.33
4.33
10.67
19.67
9.0
5.33
14.67
15.67
16.67
24.67
10.67
19.67
16.33
19.33
25.0
13.67
30.33
26.33
23.67
24.33
23.67
27.33
36.0
25.33
42.0
30.67
23.33
23.33
23.0
23.0
25.0
10.0
34.0
12.67
16.33
32.0
12.67
10.33
25.0
21.0
19.33
30.33
14.67
20.0
19.67
27.0
14.67
13.67
21.0
12.67
4.67
17.0
11.33
21.0
12.0
15.33
15.33
19.67
11.67
17.67
21.0
7.33
18.67
17.0
13.33
10.0
17.33
10.67
12.0
35.0
29.67
5.0
10.67
22.0
25.33
14.0
9.33
23.67
10.33
21.0
15.33
9.67
13.67
14.33
5.67
11.67
14.67
22.33
20.0
15.67
20.0
7.67
10.67
7.33
4.0
3.67
16.67
6.0
5.0
1.67
7.67
6.33
2.0
11.0
11.67
5.0
10.0
4.0
8.0
4.67
19.0
12.33
10.0
7.0
23.33
11.0
10.33
2.33
11.33
16.0
0.33
8.67
15.67
1.33
10.0
0.67
4.0
4.33
15.67
12.67
13.67
14.33
13.67
-1.0
11.67
4.67
0.0
-0.67
12.0
9.67
14.0
11.33
8.0
10.67
6.0
5.33
14.0
8.33
13.33
15.33
5.0
15.67
4.33
10.33
13.0
0.67
13.67
11.67
-2.33
7.0
4.33
9.33
5.67
6.0
1.67
-2.33
16.33
19.0
10.67
10.33
12.33
12.67
11.33
3.67
20.0
-7.33
13.67
6.0
5.33
2.33
3.67
-1.0
15.67
6.33
15.0
11.33
10.0
7.67
5.33
2.67
4.0
4.33
7.67
-0.33
1.33
-1.67
10.33
5.67
20.0
7.67
14.33
17.0
10.33
0.33
6.0
0.0
9.33
4.33
7.0
3.0
1.33
7.33
8.67
1.0
4.67
3.33
-0.33
0.33
6.67
10.0
7.33
8.0
9.33
6.0
4.33
28.33
-1.0
21.0
16.33
15.33
14.67
5.33
11.33
4.67
11.33
9.33
11.33
6.0
5.33
18.33
16.0
16.0
4.33
8.33
6.0
6.0
6.0
6.33
18.33
20.33
6.67
18.67
8.67
16.33
9.33
18.0
24.67
11.33
14.0
11.67
12.67
7.67
14.67
12.0
28.0
22.67
20.67
23.33
5.0
1.67
17.67
11.33
2.0
6.33
13.0
17.0
31.33
16.67
9.33
7.0
23.33
11.33
19.33
10.0
14.33
12.67
13.0
12.67
10.33
15.33
13.67
15.67
16.0
33.33
20.0
1.0
13.33
11.0
3.67
4.33
1.67
19.67
8.33
1.0
16.0
5.67
9.0
6.33
15.67
8.67
-5.33
5.67
7.33
5.0
14.33
2.67
3.0
14.33
1.33
-2.33
18.0
9.0
26.67
6.33
-2.0
9.67
4.33
20.0
9.33
10.67
11.67
4.67
7.33
15.0
3.67
2.67
5.67
9.33
1.0
1.67
9.67
9.33
2.67
3.67
16.33
13.67
-1.33
16.67
6.33
16.0
10.67
5.0
5.33
14.67
12.0
2.67
6.0
9.67
3.0
5.0
-3.67
2.0
3.0
0.0
9.67
6.33
10.67
10.33
-5.33
10.33
8.0
9.67
8.0
2.0
9.0
10.0
7.0
12.67
1.33
9.67
12.67
-2.33
4.33
15.33
5.0
13.33
9.67
8.0
5.0
6.67
11.0
1.67
13.67
13.33
-5.67
2.0
3.0
-6.0
3.0
6.67
7.33
-8.67
5.0
4.0
7.67
-1.0
8.0
7.33
4.0
-2.0
1.67
-6.0
5.0
3.33
1.33
-1.33
5.33
12.67
5.67
-0.33
0.67
-1.67
-2.33
7.0
11.33
3.0
1.67
10.33
-6.33
-0.67
7.33
13.33
-3.33
17.0
9.0
2.67
14.33
11.33
10.67
17.33
2.33
2.33
7.67
-3.67
3.33
-11.67
-4.33
10.0
4.67
13.0
4.33
5.0
7.0
14.33
3.33
8.67
6.0
2.0
4.33
2.0
1.67
14.0
6.33
1.67
7.33
7.0
0.0
1.67
2.0
10.67
6.0
9.67
1.0
-3.33
-6.67
0.67
11.33
-1.33
7.67
0.67
5.0
11.0
7.33
-0.67
1.67
4.0
8.33
2.0
-0.33
-4.0
6.33
10.33
1.0
0.33
4.67
11.0
3.0
-2.0
1.67
8.33
-0.33
3.0
-5.33
5.67
7.0
8.67
-3.67
-2.33
11.0
-2.67
6.67
-1.67
10.33
2.33
3.0
-7.33
5.67
-4.0
1.67
2.33
0.33
-1.67
-1.67
8.0
1.33
-8.33
2.33
8.33
7.67
5.67
5.67
5.67
-1.0
3.67
4.67
2.0
5.67
1.67
3.33
9.67
-1.67
5.0
3.0
-3.67
7.67
-6.67
16.67
2.67
1.33
4.67
1.67
-1.0
1.33
2.33
-4.67
-2.67
2.33
1.67
4.67
7.67
1.33
-1.0
6.33
-4.67
2.0
-2.33
2.0
0.0
4.0
-0.33
1.33
8.0
-1.0
-1.67
5.0
-3.0
6.0
1.33
5.0
4.67
3.67
12.67
3.33
10.33
9.0
6.0
13.33
9.67
2.33
10.33
2.33
3.0
4.0
-0.33
-0.33
-0.33
7.0
4.0
7.67
-6.33
2.33
10.33
0.33
-1.33
-3.0
2.67
6.67
8.67
1.67
0.67
2.33
4.0
2.33
0.0
2.0
6.33
6.33
1.67
-2.33
-4.0
5.0
8.33
11.33
0.67
0.0
5.33
7.33
4.33
3.33
5.67
-0.67
-1.33
10.0
0.0
-0.33
-0.33
-1.0
10.33
-9.33
-4.33
3.0
-5.0
4.0
-1.33
8.33
2.67
-3.33
7.67
-4.67
5.33
-2.0
-2.33
1.67
6.33
0.33
6.0
11.0
7.33
4.33
-2.67
0.0
1.33
3.0
1.0
1.33
7.0
4.67
8.0
2.33
-2.33
4.33
1.33
6.67
9.67
1.0
-2.0
6.67
3.67
-3.33
2.33
8.0
0.33
-2.0
5.67
0.33
8.0
0.0
0.33
4.33
1.0
3.0
5.33
3.33
-1.67
1.67
-4.0
1.33
-0.67
4.67
6.0
1.67
3.67
-1.33
3.67
6.33
2.33
2.0
-3.0
0.33
8.33
-2.33
3.0
-2.67
-1.0
5.33
3.67
5.0
1.67
-0.67
0.33
-1.33
2.0
-1.67
2.67
5.67
2.67
1.67
0.67
0.0
3.0
10.0
2.0
6.67
6.33
5.33
3.0
5.0
2.67
-1.67
5.33
-1.0
0.0
6.33
1.33
0.0
0.67
-1.33
0.33
6.0
4.67
1.0
