0.0
0.33
-14.0
45.33
105.67
-93.67
-27.0
18.67
-6.67
-13.33
23.67
-59.33
-47.33
8.0
17.67
57.0
-48.67
-6.33
-5.0
8.67
30.0
-6.33
31.0
-13.0
-6.33
-0.67
2.67
14.33
-7.67
4.33
-11.67
-1.67
4.33
1.0
-8.33
-3.0
-2.67
1.0
-2.33
1.33
0.67
0.0
-1.0
0.0
-0.67
0.33
0.0
0.0
-0.33
-0.33
1.33
0.0
-1.0
-0.67
1.0
-0.33
-0.33
-1.33
0.0
-0.33
0.0
-0.33
0.0
0.67
0.0
0.0
0.0
1.0
0.0
0.67
-0.67
0.0
0.0
-0.33
0.0
2.0
-0.67
0.67
-0.33
-1.33
1.0
-0.33
0.67
-0.33
1.0
-0.67
-0.67
-0.67
1.67
0.0
-0.33
-1.33
1.33
0.0
1.67
-0.67
0.67
1.33
1.33
-1.0
1.0
2.33
-1.67
4.67
-1.0
0.67
0.67
-0.33
0.0
1.0
1.0
1.33
0.0
0.67
-1.67
-1.0
1.67
0.33
2.0
4.0
-1.67
0.67
-0.67
0.0
-1.0
1.0
2.0
1.33
1.33
0.0
1.0
0.33
-1.0
-0.67
-1.0
4.0
5.33
9.67
-4.33
7.0
5.33
-1.67
5.0
3.33
3.67
0.0
0.33
11.67
7.0
-1.67
6.33
5.67
5.0
9.67
9.33
2.67
-1.67
0.67
3.33
6.33
3.0
3.33
6.33
1.67
9.67
4.0
3.0
4.67
3.33
4.0
6.0
7.0
-1.33
-3.0
4.33
-3.0
0.67
8.0
0.33
2.33
4.0
0.33
1.67
11.0
7.33
2.33
8.67
4.67
8.0
9.33
4.33
13.67
1.67
-3.0
7.33
3.33
5.33
4.0
6.33
-2.33
3.0
2.0
5.67
5.0
4.33
5.67
1.33
10.0
9.67
-0.67
2.0
-0.33
2.33
2.33
-2.0
-1.0
-0.33
1.67
4.67
2.67
1.67
5.67
6.67
3.33
5.0
2.33
6.67
0.0
12.0
7.33
1.67
4.67
9.0
3.67
1.33
-6.33
8.33
3.67
4.67
-4.67
-4.67
3.67
2.67
-1.0
6.67
1.67
3.33
1.67
1.67
-5.0
5.33
5.67
4.0
-1.67
3.33
3.33
3.67
1.33
8.67
3.33
1.67
2.33
0.33
-5.0
0.33
1.67
5.0
-2.33
4.67
9.0
2.0
3.33
-1.0
-6.33
2.0
9.67
3.0
3.33
7.0
9.0
3.67
4.0
-1.0
3.33
0.33
8.33
3.67
7.33
2.0
5.0
-1.67
-3.67
6.0
1.33
4.33
3.0
-4.67
-4.0
2.67
1.67
6.33
3.67
1.67
0.67
4.33
4.0
-1.0
7.33
0.67
0.33
3.67
3.0
-0.67
5.67
5.67
-2.67
-0.67
2.67
5.67
4.0
1.67
0.0
5.0
0.67
3.0
-0.33
5.0
3.0
7.67
0.67
-2.0
5.33
6.67
8.33
11.33
2.33
6.67
0.0
0.33
-2.0
10.0
2.33
12.0
4.33
-1.33
2.67
-1.33
-3.0
2.33
-3.67
1.67
2.0
1.33
2.0
11.67
3.33
2.67
2.33
3.67
3.0
4.0
5.0
-3.33
-3.0
9.33
-1.67
-1.67
4.0
1.33
5.0
1.0
6.67
3.67
0.67
6.67
-0.67
6.0
-6.33
2.67
4.0
-1.67
3.0
7.67
4.0
-4.67
0.0
5.33
2.33
5.0
11.67
2.0
1.33
7.0
-2.33
3.0
1.0
2.33
1.67
0.33
0.33
-0.67
5.0
-3.0
-2.67
3.67
-4.67
7.0
-2.33
2.33
-2.33
-2.33
8.33
7.33
1.0
6.0
3.67
5.67
-4.0
3.67
6.0
1.33
-0.67
-1.0
5.33
8.0
0.67
5.33
4.0
-5.0
4.67
-2.0
1.0
2.67
2.0
2.67
3.33
4.0
-1.67
1.67
2.0
-0.67
2.67
0.0
-1.33
4.33
2.0
0.67
-2.0
4.33
0.0
5.67
-2.33
-2.67
0.0
-2.0
-0.33
1.67
4.33
1.33
-1.0
3.33
1.67
1.33
-4.0
-4.33
5.67
0.0
3.0
-0.33
2.0
0.0
0.33
0.0
-3.0
-3.67
7.0
8.33
-4.33
2.67
5.0
1.67
0.67
-0.33
0.67
1.33
-3.33
2.67
1.33
3.67
0.33
2.33
0.67
2.67
1.33
4.0
0.0
1.67
6.0
2.67
3.33
2.67
-2.67
2.0
-4.67
12.33
4.67
-0.33
-3.33
-1.33
-1.67
-2.33
1.0
5.67
-1.67
3.67
-0.33
-1.0
2.0
-1.0
4.0
-2.33
-2.33
2.0
-3.0
3.0
2.67
-0.33
3.33
0.33
2.33
4.67
-2.0
-1.0
3.33
-2.33
2.33
5.67
0.0
2.33
-0.33
-0.67
4.33
1.0
6.67
5.33
0.33
0.67
5.0
4.0
-2.67
0.0
2.67
0.67
1.0
4.0
4.33
-1.67
3.67
4.33
-1.0
2.0
-1.0
-2.67
0.33
-1.33
4.33
3.0
1.0
-0.67
-0.67
4.67
-0.33
-2.33
-1.0
5.33
-1.33
0.33
3.67
2.33
2.33
2.67
0.67
5.0
-0.33
-1.33
1.0
-1.33
4.33
2.33
2.0
1.0
-1.67
-2.33
-2.0
0.67
2.67
5.0
-2.67
-4.67
2.0
1.0
0.0
2.67
2.0
2.0
-0.33
7.67
-1.33
2.0
2.67
2.0
3.0
1.0
-3.33
-4.33
3.67
-3.0
0.0
3.0
1.33
-1.33
2.33
3.0
-2.33
0.0
2.0
5.0
3.0
7.33
-1.0
5.0
6.33
5.0
-2.67
2.0
0.67
6.0
2.0
-3.67
-2.67
3.33
3.33
2.33
-3.67
7.67
6.0
1.33
2.67
1.0
-1.0
2.0
-1.33
0.33
0.67
0.0
0.33
-1.0
-2.67
-1.67
1.0
3.0
1.67
-0.33
2.0
1.67
6.0
-1.0
0.67
2.33
6.0
2.33
4.0
4.67
4.0
-0.33
6.0
-2.67
7.0
0.33
-1.33
4.67
5.33
1.33
-1.0
-0.67
0.33
-3.0
-2.67
3.33
-0.67
-2.67
3.67
-1.67
4.67
-0.33
4.67
-0.67
7.0
-2.0
-4.33
-0.67
-0.67
7.0
-1.67
4.0
1.0
6.33
3.67
-3.67
-0.33
-0.67
5.67
5.33
4.33
-2.0
1.0
4.67
1.0
2.0
-0.67
6.33
-5.0
-3.0
4.0
-0.67
3.0
2.33
1.0
-3.33
1.67
6.33
-3.33
-0.33
2.0
3.67
3.67
3.33
-0.67
3.33
1.0
1.33
1.67
-2.33
0.0
1.0
-1.33
2.0
4.33
1.0
2.0
1.0
-1.0
-3.0
5.33
-1.0
-1.0
4.67
-2.33
0.67
0.67
4.0
6.67
5.33
1.33
4.0
2.33
-4.0
2.0
9.33
2.0
-2.0
6.0
4.33
7.33
3.0
4.0
2.67
1.67
8.33
0.33
2.67
6.0
6.0
1.0
-2.0
-0.33
-1.67
-2.67
6.0
2.0
3.67
1.67
5.0
2.67
-1.33
5.33
0.33
6.33
1.0
1.33
-1.67
1.0
-1.33
6.33
4.0
-1.33
2.67
8.0
4.67
-3.33
6.0
2.67
3.33
2.0
7.0
-5.67
-8.0
-3.0
3.33
2.33
2.33
2.0
4.33
2.0
-5.0
3.33
3.0
6.33
-1.33
1.67
3.67
5.33
5.67
-1.67
7.0
7.33
10.67
3.0
7.0
-3.0
4.33
2.67
-2.0
11.67
7.67
2.33
4.67
3.0
4.33
-1.33
1.0
5.0
1.67
5.33
7.67
7.33
12.67
2.33
11.0
1.0
10.33
9.0
13.67
10.0
1.0
17.0
6.33
-0.33
4.67
7.0
7.0
-0.33
10.33
0.67
-4.33
10.33
12.33
8.67
8.0
9.33
11.33
4.0
8.67
8.67
3.67
5.0
10.67
5.33
6.67
5.33
-4.0
5.67
10.67
1.33
6.0
8.67
7.33
16.0
10.33
12.67
7.33
-1.0
5.0
10.67
8.67
6.67
3.33
-0.33
7.33
4.0
5.67
4.0
2.0
19.33
9.33
9.0
10.0
0.67
6.33
20.33
6.33
5.0
14.33
14.0
8.0
8.0
22.0
15.0
25.67
17.33
20.67
14.67
16.67
16.0
8.67
20.67
34.67
30.33
34.0
26.67
34.0
28.0
43.67
50.0
38.67
42.0
46.33
35.67
43.33
37.67
33.0
42.0
28.67
30.67
29.0
30.33
18.33
18.67
20.67
23.33
15.33
15.0
17.0
16.0
4.0
9.0
11.67
22.33
9.0
15.0
15.0
16.33
17.33
12.33
11.33
21.67
15.33
25.33
29.0
31.33
31.33
30.0
41.33
44.67
39.67
47.0
58.67
42.67
60.33
49.0
46.33
40.0
36.0
39.33
36.67
28.0
30.67
26.33
9.33
24.33
22.67
14.67
19.33
16.67
16.67
17.0
12.0
11.33
27.0
17.33
24.67
19.0
15.67
24.67
18.0
20.33
22.0
18.0
12.0
18.67
22.67
17.0
10.33
24.67
27.0
21.67
32.67
12.0
27.33
22.0
16.33
23.67
26.33
11.33
18.33
25.0
13.33
24.33
22.0
24.67
12.33
18.0
19.67
14.0
14.67
13.33
10.33
12.67
11.33
13.67
22.67
16.33
6.33
23.67
24.0
21.67
21.0
13.67
19.33
25.33
32.67
28.67
39.67
37.67
24.33
35.33
42.33
20.67
30.67
35.33
33.33
34.33
30.33
27.33
32.33
39.0
25.0
31.0
17.67
16.0
23.0
24.0
22.67
17.67
14.0
18.0
14.0
9.33
17.67
19.67
26.67
20.33
7.0
21.0
16.0
5.67
12.67
12.0
7.33
15.33
11.67
15.33
16.33
15.0
18.67
7.0
12.33
11.33
14.0
10.0
13.0
14.67
8.33
11.0
2.0
8.0
5.0
13.0
10.67
13.33
11.33
9.67
14.0
-1.67
8.33
7.33
2.0
14.67
11.67
5.33
13.0
15.33
16.33
18.33
19.67
6.67
8.67
3.0
9.33
10.33
8.33
9.0
21.33
1.67
10.0
18.67
21.0
12.67
21.67
6.33
12.67
14.67
15.67
14.0
15.0
9.67
12.33
21.0
12.0
13.33
14.0
25.67
1.33
15.0
20.0
16.67
14.33
8.67
29.67
5.33
10.33
14.67
12.33
20.67
23.33
30.33
30.67
29.33
37.33
51.0
34.0
45.33
67.67
48.33
65.0
86.33
87.67
93.33
104.0
87.33
108.67
98.67
87.33
128.67
94.67
82.67
68.0
80.67
59.33
73.67
65.67
51.33
33.67
53.0
42.67
31.67
33.0
27.0
29.67
28.33
25.0
27.33
29.0
16.0
20.33
28.0
18.0
24.0
13.67
33.67
35.67
38.67
26.0
26.67
15.0
30.33
16.33
24.33
26.67
31.67
41.0
43.33
31.33
43.33
22.0
31.0
35.33
44.33
38.33
35.33
28.33
40.67
37.67
56.33
39.67
52.33
43.67
46.33
31.33
40.67
45.0
36.33
32.33
43.33
42.67
34.33
33.33
21.0
30.33
18.67
21.0
18.67
21.67
21.0
19.0
28.67
16.0
10.33
27.33
5.33
14.0
22.67
16.67
19.33
8.67
5.67
15.67
9.0
15.0
18.0
12.0
13.67
17.33
22.0
14.0
11.33
9.33
5.33
19.0
6.33
5.67
9.67
14.0
13.67
21.67
0.0
14.67
6.33
10.33
13.67
12.67
20.0
9.33
33.67
18.67
8.67
21.67
16.67
18.67
24.33
13.33
27.0
19.67
22.33
27.33
15.67
24.33
27.67
44.33
27.0
26.33
38.0
27.67
36.33
26.33
26.0
37.0
30.0
32.0
34.0
31.67
25.33
25.0
40.67
24.33
17.0
21.0
11.33
18.33
25.67
25.0
18.67
23.0
7.67
14.67
17.0
2.67
9.67
23.0
9.33
9.0
24.0
24.33
16.33
22.67
17.67
18.67
16.0
25.33
18.67
17.0
23.33
18.0
24.33
6.67
22.0
29.0
27.67
17.0
12.67
12.0
16.33
12.0
19.33
16.67
16.33
16.0
5.33
7.67
25.67
11.33
28.67
11.67
8.67
11.33
13.0
17.67
13.0
7.67
14.67
12.33
12.0
12.67
20.67
16.0
14.0
6.67
16.67
15.33
15.0
12.0
11.67
9.0
13.0
0.0
12.0
2.67
9.0
9.33
18.0
11.0
3.33
18.0
5.33
3.33
1.33
10.0
6.33
8.67
8.67
10.33
14.0
7.67
11.0
1.33
7.67
7.67
1.67
9.33
10.67
11.0
-2.33
19.67
19.0
4.33
15.0
28.67
-7.0
1.33
16.0
16.67
10.0
12.33
16.0
1.33
8.33
11.33
14.0
7.67
3.33
5.33
22.0
7.67
26.67
7.67
0.67
4.0
3.33
17.33
-1.33
12.0
-4.33
-1.33
13.33
22.0
11.67
15.33
18.33
-5.33
8.33
12.67
17.0
-7.33
8.67
3.0
7.33
4.33
6.67
4.0
5.67
22.33
8.0
18.33
4.0
6.67
8.33
5.67
10.0
0.33
18.67
8.67
2.33
3.33
8.33
-3.33
17.0
20.67
3.33
13.0
8.33
12.33
15.0
-5.0
6.33
4.33
10.0
4.0
-7.67
8.33
6.67
3.0
0.67
0.33
-5.33
-0.67
17.67
15.0
9.33
13.0
19.33
9.0
0.33
20.33
3.0
9.0
8.33
13.33
14.67
11.33
1.33
19.67
12.33
14.33
19.33
11.0
14.33
28.33
17.0
18.0
-0.67
30.33
12.0
23.0
15.0
10.33
24.33
27.33
11.67
22.67
13.67
17.33
17.33
14.0
10.67
19.33
18.0
-5.33
11.67
1.67
11.67
0.0
6.0
20.67
14.67
27.33
4.0
9.67
29.67
7.33
3.0
-5.67
21.0
22.0
15.33
22.67
-3.67
25.0
15.33
10.33
15.33
23.0
12.33
7.67
17.0
23.67
13.33
0.33
16.67
15.67
4.0
27.33
15.0
4.0
18.33
9.0
17.67
10.33
-5.33
10.67
0.33
20.0
23.0
8.67
16.0
8.33
1.67
17.67
-2.33
0.67
10.33
15.0
7.33
-0.33
-1.0
1.33
8.33
5.67
7.0
7.0
13.67
7.33
7.0
2.67
6.33
10.0
24.33
17.67
-3.33
-0.33
13.33
25.0
4.67
8.67
9.67
6.33
4.0
-0.33
21.67
14.33
3.67
10.67
12.33
1.67
11.67
13.67
-0.67
7.0
0.67
3.0
-11.67
19.67
11.0
9.67
8.0
8.67
5.0
12.0
3.33
11.0
-1.0
7.0
19.67
6.33
1.67
3.33
7.67
0.33
5.0
0.67
-3.0
7.0
7.0
6.0
12.0
2.67
5.33
-0.33
4.67
-1.33
-3.67
7.33
12.0
10.33
0.67
5.0
7.0
2.67
-1.0
11.67
8.67
7.33
1.33
-2.0
0.0
6.0
3.0
4.67
6.33
-2.67
9.0
0.0
1.67
9.0
0.0
10.33
-7.0
3.0
2.67
-4.0
-1.0
0.33
6.33
-5.33
4.33
-8.33
0.67
1.67
3.67
5.33
4.67
4.0
13.33
8.0
3.67
9.33
-4.33
1.33
1.33
0.33
1.67
2.0
10.0
7.67
8.33
10.33
4.67
-0.67
-3.67
9.33
2.67
7.33
-2.67
-1.67
-4.33
-3.0
8.67
6.0
-1.67
1.0
10.0
3.33
6.33
7.67
0.0
-1.0
8.33
3.0
2.67
-2.0
5.33
8.67
-1.67
7.0
6.0
1.67
4.0
-1.33
9.0
-1.33
13.0
-5.33
13.33
2.67
9.33
-9.33
-5.33
-0.33
4.0
5.0
1.33
-5.67
-0.33
2.0
2.33
1.0
12.67
8.0
-4.67
-0.67
-6.0
0.33
9.67
1.0
3.0
-1.0
2.67
6.33
3.67
1.0
0.67
0.67
6.0
2.67
12.33
-1.33
1.0
1.33
6.67
-1.67
-2.67
4.33
3.0
-1.33
13.67
6.0
5.67
1.33
1.33
4.33
8.33
5.0
0.33
-2.33
1.33
5.33
9.67
12.67
5.67
-0.33
3.0
3.67
-1.33
2.0
1.67
-2.33
0.33
6.67
-5.67
-4.0
-3.0
-6.67
-0.33
-5.67
2.67
6.67
3.33
3.67
-0.33
7.0
3.33
9.33
-1.67
6.33
7.33
0.67
6.67
2.67
4.33
0.0
3.33
3.33
2.0
-0.33
0.0
-1.0
1.0
0.67
1.33
-3.0
5.0
12.33
-2.0
1.0
1.0
2.33
2.0
2.67
10.67
8.67
-6.67
7.33
6.0
-1.0
6.33
7.67
7.33
6.33
5.33
7.0
6.0
2.67
-0.33
0.67
0.0
6.0
3.67
2.67
2.33
1.33
4.33
8.67
4.0
-0.33
4.67
3.67
3.67
-5.33
-0.67
-4.0
3.33
7.0
1.0
3.33
2.33
3.67
-7.33
9.0
-3.0
5.33
3.33
1.67
-2.0
7.33
-1.67
-2.67
0.33
5.67
0.33
4.67
-2.0
0.0
-6.33
0.67
-3.0
-0.67
0.67
-3.33
8.0
2.0
6.0
-0.33
4.33
-1.33
-2.33
-2.33
0.33
6.33
0.0
4.67
8.67
0.33
4.33
9.0
-4.0
-1.67
2.33
9.33
8.0
1.33
-1.0
6.0
2.33
6.0
0.67
2.0
2.33
9.67
5.33
-1.67
-0.33
4.67
0.0
2.0
-2.33
7.67
0.67
0.33
3.0
-1.67
-8.0
3.67
-0.67
6.0
-6.0
1.33
6.33
0.0
5.0
1.33
0.33
4.33
0.67
0.0
5.33
6.33
3.67
6.0
-4.33
8.67
-0.33
3.67
3.33
7.33
2.0
-3.0
2.33
5.33
0.67
0.0
-3.67
-2.0
4.33
0.67
4.0
-2.33
6.33
4.33
-2.33
8.0
4.33
1.67
4.67
9.67
3.67
0.67
-2.0
12.0
1.0
1.0
-4.33
1.33
2.33
2.0
1.0
2.67
-0.67
-0.67
-4.0
7.0
3.33
5.33
-6.0
-0.33
-0.33
1.33
8.0
3.67
3.0
