0.0
16.33
52.0
55.33
2.67
-17.67
28.0
105.67
56.33
-102.33
-31.33
129.67
-15.33
25.0
-29.33
29.0
55.33
-66.33
-11.0
38.67
16.0
-4.33
16.0
-5.0
-1.33
-6.67
-7.33
-6.67
5.33
16.33
-0.67
-0.67
-0.67
3.0
-5.33
-3.0
1.33
1.0
-0.33
-0.67
1.67
-1.0
-1.0
-1.0
-0.67
0.33
1.0
0.0
-0.33
0.67
-0.67
2.0
-1.0
-0.67
1.0
0.67
-0.33
-1.33
1.0
-0.33
0.0
-0.33
0.0
0.67
0.0
0.0
-1.0
1.0
1.0
-0.33
-0.67
0.0
0.0
-0.33
0.0
0.0
0.33
-0.33
0.67
-1.33
1.0
-0.33
0.67
-0.33
1.0
1.33
-0.67
-0.67
-0.33
0.0
-0.33
-1.33
1.33
1.0
0.67
1.33
0.67
0.33
-0.67
-1.0
0.0
2.33
2.33
-0.33
-2.0
-0.33
0.67
-0.33
0.0
0.0
3.0
-0.67
1.0
1.67
-0.67
-1.0
-1.33
-0.67
1.0
-2.0
-1.67
2.67
-0.67
2.0
3.0
-2.0
1.0
0.33
2.33
-2.0
4.0
-0.67
6.0
2.33
0.0
8.0
4.33
1.67
-0.33
-3.0
7.33
-0.67
4.0
-6.67
2.67
1.0
-0.67
-3.33
6.0
3.33
5.33
-2.33
4.0
9.67
6.33
3.67
-7.67
1.67
2.33
3.33
2.0
1.33
10.33
5.67
5.67
8.0
2.0
-0.33
1.33
4.0
8.0
0.0
2.67
0.0
5.33
-2.0
-2.33
2.0
-1.67
2.33
2.0
-3.67
1.67
1.0
2.33
9.33
5.67
4.67
3.0
-0.67
-7.67
-5.33
-2.33
1.0
3.33
1.33
6.33
0.0
-0.67
-0.33
-3.0
3.0
0.67
2.0
4.33
5.67
0.33
4.0
4.67
-1.67
1.0
1.67
3.33
6.33
0.0
2.0
0.67
2.67
7.67
-2.33
-0.33
2.67
6.67
1.33
5.0
-2.67
-3.33
5.0
4.0
8.33
2.67
-3.33
6.0
7.67
1.33
1.67
0.33
-0.33
2.67
3.33
3.33
-0.33
1.67
7.0
-1.33
0.67
-0.67
8.67
3.67
1.0
-3.67
-0.33
4.0
6.33
-0.67
-0.67
6.67
0.33
2.67
0.33
8.67
0.33
2.33
2.0
5.33
-2.33
1.0
3.67
-0.33
1.0
4.0
3.33
0.0
-2.33
5.0
3.67
1.0
0.33
6.0
5.0
0.67
-1.0
1.0
0.33
3.33
7.33
1.67
0.33
5.0
1.0
5.33
-2.67
2.0
5.33
-3.67
8.0
-1.67
3.0
9.67
2.67
-2.67
4.67
1.67
1.67
2.33
3.0
0.0
1.33
3.67
0.33
8.67
5.0
6.33
-0.33
4.67
1.33
0.33
4.67
-0.33
4.0
6.67
-7.0
-6.0
-2.33
9.0
3.67
8.0
-2.0
5.67
3.67
4.0
0.33
-1.33
-3.67
1.33
-3.67
1.67
2.0
0.33
2.0
1.0
1.33
1.0
3.33
1.67
1.67
3.67
0.0
2.33
2.33
6.67
8.0
5.33
1.0
4.67
3.33
-1.33
0.33
6.67
1.0
6.0
-1.0
1.67
0.0
5.33
2.33
8.33
-2.0
1.33
-3.0
-1.0
-1.33
6.67
4.67
2.67
3.33
3.0
-2.33
2.67
4.0
-3.67
4.0
2.67
6.0
-3.67
-1.0
3.33
-1.67
8.0
1.67
3.0
2.33
6.0
-0.33
-2.0
4.0
10.33
-1.33
-0.67
5.33
0.33
3.0
-6.0
-3.67
0.67
6.33
4.0
-1.33
0.33
-1.33
1.67
0.33
0.33
5.0
-2.0
0.67
0.67
2.0
3.67
-4.0
-2.67
-1.67
1.0
0.33
3.0
-2.33
0.33
3.0
-1.0
-0.33
4.0
1.0
-0.33
0.0
-4.33
7.33
-2.0
-2.67
3.67
4.0
-0.67
2.67
0.0
-1.33
4.33
2.0
0.67
-2.0
-0.67
5.0
-2.33
3.67
1.33
5.0
-2.0
0.67
2.67
-0.67
7.33
3.0
4.33
3.67
3.33
-4.0
-0.33
-2.33
3.0
2.0
7.67
4.0
-2.0
0.33
2.0
2.0
-1.67
2.0
1.33
-1.33
3.67
5.0
-0.33
2.67
0.67
2.67
6.33
1.67
4.67
0.33
-2.33
1.33
-1.67
3.67
3.67
2.33
4.0
3.0
4.67
1.0
-1.33
4.33
1.67
1.33
1.0
1.33
2.33
6.67
-1.33
5.67
0.67
1.33
-1.33
1.0
3.67
1.33
-1.33
4.67
-5.0
1.0
0.0
4.0
-2.33
-0.33
-1.0
-4.0
2.0
-1.33
2.67
3.33
1.33
-0.67
-0.33
-1.0
0.0
5.33
2.67
-0.67
-1.33
-1.0
0.33
-0.33
0.33
-1.67
-1.0
-1.33
2.33
0.33
-1.33
1.0
-4.0
-0.67
0.0
-1.33
-0.33
1.0
4.0
0.33
7.33
-0.33
1.33
0.0
-1.0
2.0
-0.67
-1.67
-2.33
1.33
0.0
2.0
-0.67
4.33
2.67
0.67
0.67
-2.0
0.33
0.67
5.33
2.67
0.33
-0.67
1.67
1.67
4.0
1.67
2.67
2.0
-2.33
0.33
0.33
-2.0
0.0
1.33
-1.33
-2.0
1.67
2.67
3.0
0.33
-0.67
0.0
3.0
0.0
1.67
-1.0
0.0
1.67
3.67
0.67
1.0
1.67
5.0
4.0
1.0
-1.33
1.67
0.67
4.0
1.0
0.0
2.33
-2.33
4.33
3.0
0.67
2.0
1.0
5.0
0.0
1.33
0.0
4.0
6.33
-2.0
-3.67
3.0
2.67
4.0
-1.0
3.33
-1.67
-4.67
2.33
-2.67
-0.67
-2.33
5.0
2.33
-0.33
1.0
6.0
3.0
-3.33
-3.67
0.67
-2.0
1.33
3.0
-1.67
0.33
-1.0
-2.0
-2.33
0.67
3.0
-0.33
1.0
-2.0
1.67
-3.67
1.0
-2.67
-3.0
2.67
-5.0
2.67
1.0
3.33
4.0
8.33
1.67
0.67
5.33
0.33
-5.0
3.33
4.33
-1.0
-0.67
4.33
1.33
3.33
1.67
6.33
-1.33
-0.33
1.67
4.33
2.0
0.0
-3.33
1.33
-0.67
0.0
1.33
2.0
3.0
2.33
3.67
-4.67
-1.33
2.33
-0.33
1.33
-3.67
0.0
0.0
5.67
2.0
3.0
-1.67
-5.67
0.0
-2.0
0.0
5.33
-2.0
1.33
0.0
1.67
-1.33
3.33
4.67
1.67
3.0
0.67
-1.33
1.33
3.33
0.33
3.0
0.33
-0.33
4.67
-1.0
8.0
-1.33
1.0
-0.67
3.0
0.0
-2.0
2.0
-4.0
3.33
3.0
5.0
3.67
-0.33
-0.33
-1.33
3.0
2.67
-2.67
1.33
-1.0
0.33
-1.0
-4.0
-1.67
9.0
5.0
3.0
-0.67
6.33
0.0
2.0
-4.33
6.67
-0.67
8.33
-3.33
2.0
7.0
3.0
-3.0
-1.33
1.33
1.33
-1.0
-3.0
4.67
-1.33
5.0
0.67
2.67
5.33
2.33
4.33
0.0
2.33
-0.67
2.0
-3.33
0.33
5.0
1.67
1.67
2.0
2.67
2.67
4.0
4.67
4.33
0.0
1.0
1.33
-2.0
1.0
1.33
1.33
2.33
2.0
7.33
6.0
2.0
6.33
5.0
0.33
4.67
3.67
10.67
6.33
0.67
2.33
4.0
5.33
3.67
-1.0
3.0
0.0
5.33
2.67
0.0
5.67
9.67
4.33
5.67
5.0
0.33
6.67
11.0
7.0
1.67
8.33
3.67
1.33
5.67
1.33
9.0
9.0
15.33
4.0
7.67
7.0
10.0
8.0
13.33
5.67
7.67
12.0
1.0
5.67
5.33
6.67
4.67
8.33
15.33
6.67
9.0
11.33
7.33
5.0
3.67
1.67
5.67
-2.0
10.67
11.33
11.67
6.33
14.0
9.67
4.67
10.33
9.0
9.67
10.33
6.0
8.33
3.67
3.33
0.0
6.0
0.67
4.67
8.67
12.33
3.67
15.33
9.0
9.67
1.0
9.0
8.33
11.33
9.0
8.0
2.67
7.33
8.33
9.33
3.0
10.33
8.0
12.0
5.0
11.0
17.0
15.67
11.33
23.67
7.67
16.67
28.0
17.67
31.67
22.67
41.33
51.0
46.67
55.0
64.0
55.67
66.0
50.67
64.0
50.33
46.67
53.33
39.67
32.0
23.0
32.67
23.67
26.0
11.33
18.33
18.67
13.67
19.33
11.33
19.0
7.0
14.0
7.0
7.0
12.67
17.33
17.0
13.0
9.0
17.33
13.33
20.33
14.33
16.67
34.33
32.33
36.0
35.33
51.33
37.0
29.33
48.67
38.67
41.0
56.67
34.67
38.33
52.0
37.33
32.0
36.0
29.33
34.67
26.0
33.67
27.33
28.33
20.33
12.67
12.67
18.33
10.67
14.67
22.0
8.0
9.33
11.0
17.33
9.67
18.0
8.67
23.67
13.0
7.33
20.0
12.0
16.0
20.67
14.67
11.0
16.33
20.67
18.0
18.67
12.67
16.0
18.33
21.0
18.33
13.67
19.33
13.33
12.33
17.0
14.33
23.33
10.0
22.67
22.33
14.0
15.67
14.0
22.67
17.33
18.33
19.67
17.33
15.67
21.67
16.33
18.33
22.67
28.0
20.67
18.0
12.67
24.33
20.33
18.67
23.67
36.67
29.67
28.33
30.33
19.33
24.67
25.67
24.33
22.33
31.33
30.33
28.33
13.33
30.0
26.0
32.0
27.67
35.0
23.0
29.0
25.67
20.67
25.0
25.0
22.0
24.33
17.67
27.67
21.67
20.33
18.0
14.0
43.0
10.67
12.67
23.0
28.33
22.33
7.67
19.33
19.33
16.0
16.67
21.0
11.33
13.33
10.0
12.0
9.0
13.67
12.33
21.0
5.0
10.0
7.0
13.0
11.67
12.33
12.33
18.67
12.0
17.33
12.33
13.33
5.0
10.67
11.67
15.33
22.0
14.33
11.33
11.33
11.67
16.67
19.67
6.0
4.33
6.33
14.33
13.0
12.33
5.67
18.0
12.67
9.0
15.67
13.67
25.33
-1.33
3.67
17.67
5.0
20.0
12.67
17.33
13.0
11.0
18.33
13.0
7.67
13.33
13.0
21.0
25.67
18.33
4.67
10.67
17.33
41.33
24.67
20.33
37.67
39.33
36.33
37.67
36.33
60.33
39.0
57.0
33.33
61.67
43.33
61.0
86.33
69.67
72.33
64.0
79.33
85.67
93.67
86.33
87.67
90.67
91.67
75.0
65.67
77.33
70.67
61.67
68.33
67.67
42.0
53.67
63.67
53.0
46.0
42.67
27.33
35.0
35.33
36.0
45.0
32.33
26.0
28.0
42.0
22.67
42.67
36.67
36.67
30.0
35.67
23.0
30.33
22.33
26.33
27.67
41.67
38.0
38.33
38.33
30.33
43.0
39.0
49.33
44.33
48.33
62.33
46.33
48.67
36.67
51.33
47.67
49.33
40.67
48.33
42.33
38.67
53.0
40.33
39.33
42.33
37.67
33.33
32.33
40.0
26.33
21.67
33.0
27.67
34.67
13.0
10.0
18.67
27.0
21.33
16.33
19.33
9.0
18.67
11.67
23.33
16.67
10.67
16.67
9.0
6.0
4.0
14.0
17.67
11.33
8.0
15.0
11.33
-3.67
0.33
8.0
20.33
13.67
14.67
13.0
9.67
13.67
12.0
16.67
14.33
9.33
9.67
19.67
15.0
13.33
14.67
14.67
28.67
20.67
13.67
23.67
25.33
24.33
23.0
19.67
26.33
19.33
29.67
29.33
22.67
31.33
34.0
35.33
37.0
27.67
34.33
26.33
30.0
34.0
40.0
42.0
41.0
34.67
30.33
15.0
35.67
32.33
28.0
24.0
35.33
23.33
21.67
29.0
22.67
26.0
32.67
14.67
11.0
10.67
15.67
15.0
6.33
17.0
22.0
10.33
13.33
14.67
11.67
10.67
10.0
13.33
16.67
31.0
28.33
10.0
17.33
10.67
14.0
18.0
17.67
15.0
19.67
5.0
20.33
14.0
12.33
20.67
16.33
26.0
6.33
0.67
19.67
9.33
4.67
6.67
19.67
12.33
20.0
1.67
19.0
14.67
0.67
13.33
7.0
6.67
14.67
15.0
0.0
4.67
5.67
13.33
2.0
12.0
6.67
16.0
13.0
5.0
18.0
-1.33
12.0
0.33
15.0
11.0
4.33
10.0
14.33
3.33
18.33
15.0
9.33
13.67
5.67
6.33
6.0
3.67
13.0
8.33
10.67
11.67
3.67
15.33
6.67
4.0
8.67
10.67
9.0
-1.67
16.0
14.67
16.0
9.33
14.0
3.67
13.0
11.33
14.0
3.33
13.33
14.33
17.0
11.67
15.33
-0.67
23.0
9.67
9.67
13.67
12.67
13.0
8.33
5.33
-3.33
-1.0
2.67
-1.33
11.33
14.0
12.67
2.33
17.33
6.67
3.33
-4.33
9.0
14.67
0.67
7.0
12.33
5.33
2.67
10.0
16.67
3.33
8.0
11.33
13.0
0.67
7.33
3.67
4.0
8.33
10.67
7.67
1.33
2.33
10.33
5.67
16.0
7.67
12.33
6.0
8.33
5.33
6.0
-5.0
0.33
8.33
17.0
0.0
8.33
0.33
3.67
22.0
16.67
12.33
4.67
4.33
3.67
9.0
8.33
13.0
14.33
11.0
-2.67
9.33
1.0
5.0
10.33
0.33
20.67
22.33
18.33
14.67
7.33
21.33
4.33
13.0
5.33
24.33
14.0
10.0
6.33
21.33
13.0
28.0
9.0
8.33
16.33
16.33
24.67
3.67
3.67
26.33
10.33
18.0
5.67
13.33
11.0
6.67
11.67
-9.33
21.67
5.0
28.0
19.67
7.67
11.33
5.0
6.67
11.67
20.33
7.0
10.33
21.0
16.0
21.33
19.67
7.33
21.0
8.33
3.33
17.33
0.0
9.33
6.67
9.0
15.67
3.33
13.33
13.67
17.67
-2.0
9.33
3.0
2.0
25.33
10.0
11.67
10.33
-13.33
16.67
0.33
17.0
8.0
2.67
14.0
17.33
6.67
10.67
6.67
2.67
6.33
23.0
2.33
0.67
-7.0
5.33
5.33
-1.33
17.0
6.0
7.67
24.33
10.0
-3.33
16.33
9.0
11.33
4.67
8.67
-0.33
13.33
24.0
17.67
4.67
13.67
6.33
6.0
16.67
7.67
7.33
15.67
3.67
17.33
9.67
7.67
11.67
5.33
7.0
8.67
6.0
0.33
3.67
7.0
3.67
6.0
6.67
-7.0
-2.0
-0.67
5.0
16.0
4.0
6.67
7.33
6.67
2.33
2.67
7.33
6.0
3.67
6.0
5.0
12.0
6.0
-2.0
8.67
-1.67
5.67
-0.33
5.67
-1.67
1.33
-6.0
-7.67
2.67
5.0
1.0
7.67
3.0
5.67
1.67
2.33
4.33
-6.0
1.0
14.0
1.0
3.67
6.33
-0.67
4.0
11.0
10.67
-8.0
10.0
2.33
-8.0
6.0
10.67
-1.0
5.0
1.33
0.33
-0.33
10.33
-4.33
3.67
0.67
-8.33
-0.67
2.67
2.0
4.33
5.0
6.67
14.33
-2.33
-3.67
4.33
-1.67
1.67
11.0
7.0
-1.33
-5.67
8.33
7.67
9.33
4.33
-1.67
11.67
12.33
22.33
8.33
15.67
-3.0
6.67
15.0
2.33
6.0
11.0
5.33
10.33
4.67
6.0
7.0
4.33
-1.0
5.67
8.0
4.33
6.67
7.33
16.0
-1.0
7.67
2.0
3.67
5.0
6.67
11.0
-1.33
-3.67
0.67
10.33
-4.33
9.67
-1.33
4.0
8.0
3.33
-2.67
-0.33
2.0
2.33
5.0
5.67
11.0
3.33
-4.67
0.0
-3.67
3.67
3.0
11.0
1.0
10.67
4.33
-1.33
5.0
9.67
7.67
6.0
3.67
3.33
4.67
7.0
2.33
1.67
1.33
2.33
3.33
6.0
-8.33
1.67
13.0
2.67
-1.67
2.33
8.33
3.33
15.0
0.33
9.67
2.33
3.33
6.67
8.67
7.67
-0.33
-7.0
5.67
-1.33
1.0
0.67
1.67
1.33
7.67
5.33
0.0
-1.0
-5.67
4.67
6.33
4.67
5.67
-2.67
4.67
16.67
2.0
0.33
4.33
0.33
4.33
-1.67
0.67
6.67
7.67
-1.67
0.0
4.33
2.33
3.0
3.67
-2.0
-1.0
-1.0
6.67
2.33
-2.0
8.0
1.33
1.0
9.0
-4.0
2.33
-1.0
3.67
6.67
7.67
4.33
4.33
21.0
3.0
-1.67
10.67
5.33
9.33
5.33
2.0
5.0
-1.33
-2.33
8.67
14.0
5.0
2.67
0.67
8.33
6.33
10.33
2.67
11.0
1.67
-4.33
0.67
-0.33
0.67
-2.67
-3.0
4.33
6.0
5.0
7.33
4.33
6.67
0.67
-3.0
7.0
2.33
5.33
-2.33
-3.0
-0.67
-1.67
3.33
2.33
-1.33
1.33
0.67
3.0
2.0
-6.33
-1.33
-5.0
0.33
-4.33
0.67
-2.0
-3.0
0.0
-1.33
6.33
5.67
-0.33
1.67
-3.67
-1.67
3.0
3.67
5.67
6.33
3.33
8.0
1.0
-4.67
-1.67
9.33
1.0
4.33
-2.0
3.0
1.33
4.0
-0.33
0.0
2.33
4.67
1.33
-2.67
0.67
5.67
1.0
-4.0
10.67
1.67
3.67
-0.67
14.0
4.33
-4.0
-2.33
7.33
5.0
6.0
1.33
-0.67
-5.0
6.0
4.33
0.33
1.33
3.67
-1.0
1.33
7.33
0.67
6.0
4.67
3.67
0.67
1.67
2.33
1.33
0.0
-1.0
0.33
7.33
-0.33
3.0
0.33
0.0
2.33
8.67
4.0
-2.33
-0.67
3.33
0.67
1.0
-2.67
4.67
4.67
6.67
5.67
1.67
0.0
1.0
3.0
6.0
-0.33
-2.67
3.33
-3.0
1.0
8.67
3.33
1.33
7.0
6.0
-0.67
2.33
-5.0
-0.33
-1.33
-1.67
-1.0
7.67
3.0
