0.0
-22.33
-80.33
-120.33
-28.33
-26.33
-31.67
50.0
-110.0
-75.67
10.67
-1.33
-77.33
-37.33
-33.0
-31.67
-20.0
-13.67
30.33
-10.67
-9.67
-38.0
0.33
9.33
21.67
0.33
-7.33
-11.67
10.0
-4.33
2.0
-2.33
6.67
0.67
-4.67
0.0
-3.0
1.33
3.0
-1.67
-0.33
1.67
-0.67
-0.33
1.0
1.67
1.67
1.0
-0.33
-1.33
1.0
-0.33
3.0
2.0
0.67
2.0
-1.0
0.67
0.0
-0.33
-0.33
-0.33
0.0
1.0
-0.33
0.0
0.67
1.0
0.0
0.67
0.67
-0.67
0.0
-0.67
0.0
-0.67
0.0
-0.67
1.67
-0.67
-1.0
-0.67
0.67
-0.33
1.0
0.67
0.33
-1.0
-0.33
-0.67
-0.33
-0.33
-0.67
-0.67
-0.33
0.33
0.33
1.0
-0.33
-0.67
-0.67
0.33
0.67
-1.33
0.67
-0.67
-1.67
-0.67
1.0
1.67
-1.0
-2.33
0.67
0.67
4.67
3.0
-0.33
0.0
4.67
0.0
2.0
-3.67
5.0
-1.33
1.33
-1.0
1.0
1.0
1.0
5.33
-0.33
0.33
7.67
2.33
-0.33
5.33
1.33
-0.67
2.33
-4.0
1.67
0.67
-5.33
3.33
5.0
3.0
-2.0
3.33
7.33
0.0
3.0
6.0
-3.0
10.67
3.67
-3.0
1.0
3.0
0.67
1.67
-0.67
3.67
-4.0
2.33
4.67
3.0
0.0
0.33
5.33
2.33
5.67
4.67
4.33
7.33
3.0
-1.33
2.67
6.33
1.0
-0.67
0.67
10.0
2.0
2.67
6.33
-1.67
11.67
-4.67
-1.33
-2.0
6.0
-1.0
2.0
7.33
6.33
1.0
4.67
0.33
-7.33
0.0
-1.0
8.0
-3.0
4.0
3.67
-2.0
-1.0
0.67
10.33
2.0
1.33
-1.67
-2.0
1.0
-1.33
8.67
3.33
-1.33
0.67
3.0
8.67
12.0
3.0
1.67
2.67
-3.0
8.0
8.0
1.33
5.0
-4.0
-1.67
5.0
0.67
-1.33
0.67
6.0
8.67
12.0
7.67
3.67
9.33
-5.33
3.0
-1.67
-3.0
5.0
8.67
8.33
5.0
-1.67
-0.67
1.33
12.67
1.0
-2.0
0.33
6.0
3.67
-3.33
0.0
-2.67
1.0
0.67
1.33
3.33
10.0
2.0
7.67
5.0
-2.67
0.67
2.67
1.67
-1.0
10.0
0.67
0.33
5.0
0.0
4.0
3.0
-0.67
5.0
10.0
-0.67
5.0
1.33
2.33
-2.0
1.0
6.0
4.0
0.33
1.0
2.0
2.0
-2.67
-2.33
0.67
7.67
2.33
-1.67
4.0
1.67
0.67
-2.67
-1.0
3.67
-1.67
1.0
0.33
9.0
3.67
4.0
-1.0
-2.0
2.67
5.67
0.33
0.67
-0.67
3.0
10.33
-1.67
7.33
-1.67
-0.67
-0.67
6.67
0.0
-2.33
0.67
1.33
4.33
-0.67
-2.67
3.33
1.33
1.0
-0.33
5.67
-3.33
-1.33
4.33
-1.67
4.67
3.67
3.0
1.67
4.0
2.67
2.67
3.33
6.33
4.67
2.0
-6.33
3.67
0.33
3.33
-1.33
1.0
7.0
0.33
-3.33
-2.67
0.67
-2.67
2.67
0.0
-3.0
1.33
4.67
2.0
-2.67
-1.0
5.0
2.67
1.67
-4.0
2.67
-1.67
4.33
-1.33
-1.33
0.67
5.33
0.67
4.0
2.0
-6.33
-0.67
4.0
4.33
-5.67
1.67
4.33
2.33
2.67
2.33
4.0
-2.0
3.67
4.33
5.0
-2.0
-4.67
-3.67
4.33
4.67
2.0
0.0
11.67
-2.67
2.67
5.0
-1.33
-1.33
3.0
2.33
-1.67
2.67
1.0
3.33
-2.33
-1.67
-1.0
6.0
-0.33
-2.0
2.0
2.33
-6.0
1.0
-4.0
-4.0
-4.67
3.33
3.0
3.0
4.0
-0.67
-0.33
1.33
3.33
-0.33
3.67
4.67
2.0
2.0
4.33
-0.67
-4.67
3.33
-0.33
5.33
5.0
2.0
-4.33
4.0
1.0
4.0
1.67
2.0
-0.67
4.33
1.67
2.33
7.33
2.67
-1.0
1.67
5.0
-2.33
-2.67
-1.33
0.67
-2.33
3.0
-4.33
1.67
-5.33
4.0
3.0
1.67
0.0
-1.0
0.33
2.67
3.33
5.33
3.33
-1.33
-4.67
3.33
-1.0
-6.67
5.0
3.67
5.67
0.33
0.67
-1.33
3.33
2.67
-2.33
4.0
12.67
0.0
-1.67
2.33
0.0
-0.33
1.67
0.67
0.33
-1.67
1.0
-1.0
3.67
4.67
-2.33
4.33
2.33
3.33
0.0
1.0
0.67
0.0
-2.0
3.0
2.33
0.67
3.33
1.67
1.0
0.33
2.0
4.33
5.0
2.67
1.33
-2.0
2.0
-6.33
-1.0
1.33
-5.0
1.67
1.0
3.0
1.0
2.33
3.0
-1.67
2.33
1.0
-2.33
3.33
-1.67
0.0
3.0
-3.33
-0.33
2.33
-0.33
1.67
1.33
-3.67
2.0
1.0
2.33
-1.33
1.0
-0.33
1.67
1.67
2.33
1.0
0.33
0.67
1.67
-1.0
3.0
0.67
-2.67
-2.0
1.67
-2.33
2.67
3.67
3.0
6.67
2.33
5.33
2.67
-0.67
1.33
3.67
-0.67
1.33
-1.33
-1.67
7.0
5.0
-0.33
-4.33
2.33
-1.67
2.33
2.67
1.0
0.0
0.33
1.0
1.0
0.33
5.67
-2.0
-2.33
4.67
-1.33
2.0
3.33
3.33
0.67
-2.33
-0.67
2.67
0.67
0.33
-1.33
-4.0
-0.33
1.67
2.67
1.0
-3.33
0.67
1.67
-1.67
-0.67
-1.33
0.33
-5.33
5.33
-2.33
1.33
-1.33
7.0
-1.33
7.33
-3.67
-1.67
0.67
1.33
0.0
-2.67
0.67
-3.33
1.67
0.67
-0.33
5.0
-1.67
2.67
1.0
0.67
-4.0
-0.67
-2.67
-3.67
-6.0
-5.67
3.0
-1.0
-4.0
3.33
1.0
-2.67
3.0
-3.0
-3.33
3.0
1.33
0.33
-1.33
-1.33
2.67
0.0
-2.67
1.0
-3.67
1.67
-2.0
7.67
-3.33
-2.67
4.0
0.0
-0.67
-0.67
1.33
-1.33
-2.0
-1.33
2.0
0.0
-0.33
3.67
-2.0
4.33
-2.67
4.0
2.33
-2.67
-9.0
-5.0
1.33
-2.0
-1.0
-3.33
1.0
7.0
-6.33
-2.33
-2.67
-0.67
1.0
1.67
-1.0
-3.33
-2.67
-0.33
-10.67
-0.33
-3.0
-1.33
-3.0
-5.0
-5.0
4.33
-1.33
-1.67
-1.0
-1.33
-4.67
4.0
3.0
7.0
-4.33
3.0
-2.0
-1.67
-2.33
-0.33
1.67
3.33
-1.33
-1.67
-8.0
-2.33
4.0
-0.33
2.33
7.0
-3.67
-1.67
-2.33
-2.33
3.67
2.33
3.67
-6.33
2.33
0.33
-2.33
-3.33
2.33
5.0
3.33
0.0
2.33
-5.0
1.33
-0.67
0.67
-2.67
0.67
0.0
3.0
5.67
-4.67
4.67
-5.0
-1.0
-3.0
1.0
3.67
-1.0
1.67
5.33
-3.0
-1.67
-3.0
0.67
-1.33
1.33
-0.33
1.67
-3.67
-3.67
-2.0
-4.67
4.33
5.67
2.0
7.0
4.33
1.0
-1.33
6.0
-3.67
-1.0
1.0
2.67
-2.0
0.33
-9.67
2.0
-4.33
-3.67
2.0
-0.33
-0.67
-1.33
-5.33
-3.67
0.0
5.33
-2.0
-4.33
-4.67
0.0
4.33
-3.0
3.67
4.0
1.0
11.67
7.33
2.0
0.67
2.0
6.0
8.0
-0.67
7.33
19.33
3.33
-0.33
-1.33
-1.0
6.0
6.33
-3.0
-1.0
8.33
4.33
-1.33
-1.67
5.67
4.0
0.67
-1.67
6.0
6.33
-1.33
-7.0
0.33
2.0
2.0
-1.0
4.0
8.33
1.33
13.33
7.67
3.33
6.67
11.0
-3.33
5.67
1.0
5.0
-2.0
1.33
9.33
3.33
4.33
3.67
4.33
11.67
5.33
10.0
2.33
-1.33
6.67
5.33
2.0
19.67
2.0
5.0
7.67
0.67
9.33
7.67
2.33
7.33
14.0
18.67
21.33
10.33
29.0
20.67
31.33
49.0
33.67
44.33
53.67
65.33
75.33
60.0
66.67
70.33
86.33
72.33
82.67
67.0
68.0
69.0
74.33
59.33
54.33
67.33
53.67
59.0
42.0
36.33
24.33
16.33
19.33
29.0
5.33
18.0
0.67
13.33
7.33
0.33
4.67
8.67
13.33
12.33
12.67
-1.67
11.0
1.67
-0.33
3.33
1.33
1.33
18.33
1.67
18.33
7.0
18.0
6.67
7.67
20.67
30.33
29.33
40.67
35.67
39.33
54.67
55.67
73.0
84.67
102.0
97.33
130.33
115.67
118.0
101.33
83.67
103.0
89.33
68.33
55.0
43.33
41.0
37.33
24.0
14.33
16.0
6.33
15.67
6.33
2.33
19.0
4.67
5.33
4.33
15.67
9.0
16.67
7.33
9.33
9.67
18.33
1.33
10.0
14.67
15.0
2.33
15.67
13.67
14.0
21.0
19.67
22.33
18.67
25.0
24.33
42.67
44.67
40.33
12.33
39.33
26.33
24.33
43.0
32.67
10.0
29.67
26.67
27.0
41.67
34.67
30.67
27.67
41.0
50.33
46.33
50.33
33.0
54.33
43.33
55.0
55.0
52.67
59.67
55.0
56.0
55.0
56.67
84.0
60.33
80.0
59.33
73.0
77.33
54.67
69.33
68.67
64.33
63.0
63.67
68.67
36.67
34.33
37.67
38.67
32.33
29.33
39.33
35.67
28.0
22.33
27.0
25.0
18.0
22.67
25.33
15.33
17.0
22.0
27.67
15.67
6.0
11.67
20.33
12.0
16.0
3.67
10.0
4.33
15.33
17.0
12.67
8.67
11.67
-5.0
-3.33
2.33
14.0
19.33
7.33
8.33
3.33
6.67
14.67
14.0
9.67
8.0
6.67
14.33
12.0
7.0
11.67
9.67
7.67
15.0
9.67
11.0
16.0
5.33
17.0
9.33
9.0
34.0
17.33
20.0
18.0
21.33
22.0
32.33
18.33
22.0
19.0
9.67
13.0
16.0
19.0
11.0
19.67
28.0
22.33
18.67
23.67
24.33
6.33
27.67
9.67
18.0
19.0
32.0
23.33
16.33
3.33
20.67
1.67
23.33
29.67
20.67
5.33
23.0
19.67
24.67
47.33
35.67
55.67
76.0
62.33
87.0
114.33
118.0
145.67
131.67
161.67
152.33
180.0
141.67
177.33
155.0
202.0
174.67
155.33
138.33
156.67
117.33
119.33
107.0
103.67
83.0
86.0
89.67
68.0
50.0
52.0
27.33
45.0
35.33
37.0
49.0
43.0
23.33
30.67
38.0
24.0
43.33
33.33
35.33
49.33
38.67
50.0
56.33
39.0
46.33
44.33
46.33
24.33
21.67
54.67
37.0
54.0
32.67
37.67
39.67
58.0
42.0
52.67
40.67
45.67
40.33
60.33
46.0
43.67
37.67
41.0
47.0
45.33
35.33
41.67
47.33
36.67
50.0
29.33
10.33
26.0
35.33
36.33
13.0
23.0
24.0
25.67
25.0
15.67
19.33
18.33
16.0
12.33
11.33
6.33
14.67
12.0
16.0
11.67
5.0
19.33
8.33
10.0
7.0
6.67
7.0
16.0
13.33
8.67
15.33
4.33
7.67
19.0
11.0
12.33
7.67
3.0
9.0
3.33
8.33
22.67
29.33
17.33
14.0
30.33
24.33
17.67
13.0
6.67
21.67
18.0
18.67
18.0
17.67
20.33
28.0
31.67
34.67
18.33
29.0
26.33
23.67
33.67
15.33
22.0
22.67
18.0
40.33
16.0
22.33
9.67
8.67
26.33
19.0
-0.33
31.33
23.67
10.67
17.33
15.67
24.33
29.33
31.67
18.0
7.0
21.0
20.0
24.67
23.33
19.0
17.33
8.33
12.33
17.67
19.67
16.67
16.33
20.67
19.0
15.67
15.33
10.33
7.67
25.33
21.33
20.33
12.0
20.33
33.33
12.0
6.33
17.67
4.67
9.33
22.0
10.33
7.67
7.0
10.33
22.67
15.33
11.33
22.67
2.33
14.67
15.67
-0.33
0.33
8.33
8.0
5.0
17.33
15.67
15.0
-2.67
4.0
15.33
5.0
9.67
4.67
13.0
7.33
16.67
1.0
19.67
3.33
11.0
9.67
12.0
12.33
18.0
1.67
6.33
4.0
1.33
7.33
4.0
11.0
-1.0
8.67
6.0
1.0
4.0
9.0
13.0
11.33
10.67
15.67
0.67
3.33
6.33
1.0
13.67
0.33
17.67
1.0
5.0
4.67
9.67
3.0
12.0
24.67
10.33
4.67
25.67
6.67
12.67
9.67
15.67
12.33
4.0
5.67
10.0
10.67
6.33
18.67
12.67
-1.67
8.0
8.33
5.33
6.33
13.0
-1.0
7.67
-5.33
11.67
3.0
5.0
10.33
4.0
5.0
-2.0
12.0
8.33
14.33
7.0
8.0
5.67
10.33
6.0
1.0
6.0
10.67
-5.0
3.67
6.67
1.67
-0.67
1.67
9.0
7.33
2.0
-1.67
4.0
8.33
-2.67
14.33
3.67
8.0
-2.0
8.33
1.0
11.0
11.33
3.33
-10.0
12.67
-0.33
3.67
4.33
5.0
15.0
5.67
13.0
13.0
3.0
6.67
5.67
-3.33
18.67
1.67
6.33
-2.33
3.0
-3.67
12.33
8.33
9.0
7.0
8.33
6.0
17.0
9.0
7.0
14.0
3.0
8.33
14.33
-3.33
11.0
9.33
21.0
6.33
-7.0
1.33
8.33
9.0
9.0
0.33
15.33
3.67
9.33
-1.33
6.33
3.0
10.33
10.0
17.0
12.33
9.33
13.0
17.0
5.33
5.0
-1.0
19.0
5.67
2.0
9.0
12.67
4.0
8.33
8.33
5.0
13.33
8.67
5.0
23.33
21.67
5.67
10.0
17.67
12.0
4.67
16.67
17.0
13.0
8.33
10.67
16.33
10.0
17.67
3.33
3.67
2.67
7.67
26.33
13.0
13.67
6.67
7.0
14.67
-0.67
7.67
5.33
4.67
-3.0
4.0
7.33
-1.33
1.0
0.67
11.0
11.0
-5.0
6.0
-2.0
9.33
6.67
18.0
6.0
5.0
8.67
14.33
9.33
1.0
2.0
0.33
12.67
11.0
11.0
5.33
10.0
11.0
9.33
-0.33
-5.0
14.0
8.0
8.0
-4.33
13.0
9.33
6.0
3.33
3.67
6.67
5.33
10.67
3.33
3.0
5.0
-5.67
3.67
0.33
-2.0
0.67
5.33
10.33
-3.33
7.0
0.67
1.67
2.67
5.33
6.67
-4.33
-1.33
5.0
-0.67
-4.67
15.33
6.33
4.67
5.33
5.0
11.33
-4.33
10.0
-1.67
2.67
4.0
2.67
7.67
-0.33
2.67
3.0
10.67
-0.67
7.0
0.0
10.33
4.33
3.33
-8.0
9.0
-0.67
1.67
4.0
1.67
8.0
-2.67
6.33
16.0
-1.0
8.67
-1.67
-6.33
14.67
0.33
-5.0
-1.0
-2.0
4.0
-3.67
6.33
6.33
-1.67
-0.67
1.0
1.33
8.0
5.0
8.67
4.0
0.33
10.67
20.0
10.67
9.0
3.67
1.67
4.67
1.33
0.0
20.0
13.33
13.33
3.67
1.0
4.0
4.0
25.0
-3.67
8.0
9.33
12.33
-5.67
6.0
7.0
-1.67
2.0
6.67
17.67
3.0
12.67
8.0
3.0
10.0
4.0
9.67
7.0
18.67
7.67
-1.33
-0.33
1.67
0.0
-4.33
7.67
-1.0
6.0
-6.67
7.0
-1.67
6.67
-1.33
-0.33
0.33
1.67
1.67
8.33
3.0
1.33
4.33
2.0
0.0
0.67
1.33
7.67
5.67
-5.33
-7.67
-2.67
6.0
-6.33
3.0
4.33
3.33
-2.0
-5.0
1.33
2.67
1.33
2.0
1.33
4.33
7.67
5.0
0.0
-3.33
1.33
5.67
2.0
0.67
-5.0
1.67
0.0
2.67
4.33
0.0
4.33
-0.67
1.67
3.33
3.33
-3.33
6.33
17.0
0.0
-0.33
-5.67
4.33
-4.0
-4.0
3.0
9.33
-2.33
9.67
-5.67
1.67
-3.0
5.33
-6.33
6.0
5.0
4.67
6.0
2.67
8.0
3.33
3.67
5.67
1.33
1.33
3.33
-2.33
2.33
-3.33
5.67
-1.33
0.33
-2.33
1.67
-2.0
-2.67
2.67
1.67
4.33
5.67
4.33
4.67
1.0
1.0
1.0
4.33
4.67
10.33
9.67
1.67
1.33
2.33
-1.0
2.0
8.67
-4.0
1.33
5.33
0.33
5.0
-0.33
0.33
-2.67
1.33
2.67
-0.33
-2.0
8.33
3.0
2.33
4.0
5.33
3.67
3.0
3.67
1.33
4.67
-3.33
5.0
-2.33
-2.67
2.0
2.33
1.33
5.67
1.33
2.0
3.33
2.33
8.33
1.0
5.33
3.67
1.0
2.33
-2.33
2.67
6.33
-2.67
6.67
13.33
-7.0
0.67
0.0
3.0
-5.67
0.67
0.67
1.33
8.33
6.33
2.0
6.33
2.67
1.0
3.67
4.0
-2.67
4.0
1.67
6.67
-3.33
-0.33
2.67
3.33
3.33
10.0
0.0
5.67
8.33
5.0
5.67
-1.67
3.0
5.33
3.0
4.0
6.0
0.0
1.33
2.33
1.67
7.67
3.67
5.67
4.33
4.67
8.0
1.0
0.67
-1.33
4.67
2.0
5.67
2.33
3.33
2.67
3.0
4.33
-0.67
0.33
1.67
1.67
-0.33
-3.33
-2.33
-2.33
2.67
7.33
6.33
3.0
-3.67
-0.33
2.0
5.0
-0.67
6.67
-4.67
-6.0
4.67
0.0
6.0
-4.33
9.0
0.67
-0.67
-2.33
1.0
2.0
2.33
2.33
0.33
-0.67
4.33
1.67
-0.67
-2.67
2.33
2.0
7.33
-0.33
1.67
-5.0
-2.33
-1.67
2.67
-3.67
-5.33
3.67
1.33
0.0
-0.67
0.67
-2.67
-2.33
0.67
0.67
