0.0
-82.33
-71.33
-61.33
-18.33
-89.33
-23.67
-3.0
-35.0
-56.67
-39.33
13.67
-11.33
-27.33
-96.0
2.33
-33.0
-28.67
9.33
-29.67
-37.67
-31.0
-3.67
-6.67
4.67
-9.67
-10.33
-7.67
-4.0
-2.33
1.0
3.67
1.67
2.67
-0.67
0.0
-1.0
-0.67
-2.0
1.33
-0.33
-1.33
-0.67
-0.33
0.0
0.67
-0.33
0.0
-0.33
-0.33
0.0
-0.33
1.0
2.0
0.67
0.0
0.0
-0.33
0.0
-0.33
-0.33
-0.33
1.0
2.0
-0.33
0.0
0.67
0.0
0.0
-0.33
0.67
-0.67
0.0
0.33
0.0
0.33
0.0
-0.67
-0.33
-0.67
0.0
-0.67
-0.33
-0.33
2.0
-0.33
-0.67
-1.0
-0.33
0.33
0.67
1.67
0.33
-0.67
3.67
0.33
-0.67
-1.0
0.67
-0.67
1.33
1.33
-1.33
0.67
-1.33
1.33
0.33
0.33
1.0
2.67
-1.0
-1.33
2.67
-0.33
2.67
0.0
2.67
-1.0
4.67
1.0
2.0
1.33
4.0
-0.33
-1.67
2.0
4.0
-4.0
1.0
3.33
-0.33
5.33
-2.33
3.33
-0.33
-2.67
5.33
2.33
-3.67
-1.0
-0.33
1.67
-3.33
2.33
2.0
4.0
-2.0
0.33
0.33
-2.0
5.0
5.0
-3.0
4.67
-2.33
-3.0
6.0
5.0
-3.33
7.67
-1.67
2.67
1.0
5.33
0.67
-3.0
-3.0
2.33
-0.67
9.33
9.67
-3.33
5.33
0.33
-4.0
-2.33
1.67
-0.67
3.0
4.33
3.67
0.0
-3.0
2.67
-1.67
-7.67
4.67
1.33
1.67
3.0
-1.0
-1.0
-3.0
2.33
7.33
4.0
-2.33
3.33
2.67
2.0
-3.0
9.0
5.0
1.0
-3.33
3.0
-1.0
0.67
-0.67
1.0
3.33
-2.67
-3.0
3.0
3.67
10.67
6.33
-3.33
7.67
2.0
3.67
8.0
6.0
5.67
4.67
4.0
9.0
1.0
2.33
0.0
1.0
3.33
0.0
3.67
4.67
0.67
10.0
5.67
-3.0
0.67
7.67
4.33
-2.33
6.0
-3.67
2.0
3.0
3.67
2.33
4.0
0.33
3.33
0.33
1.67
6.0
8.0
-1.67
3.0
1.67
-3.33
-2.0
-2.67
2.0
2.67
0.33
-3.67
7.0
5.0
4.67
8.0
5.33
2.67
5.67
3.67
6.0
4.0
0.67
-0.67
1.0
-5.0
1.0
3.0
5.33
5.0
-5.0
7.33
4.0
1.33
5.33
6.0
-1.0
1.0
-1.0
0.33
1.0
11.0
0.0
-3.67
-2.33
-1.33
9.67
2.33
0.33
4.0
5.67
2.67
2.33
4.0
1.67
-3.67
-1.0
-5.67
-2.0
3.67
3.0
4.0
1.0
2.67
9.67
1.33
2.67
5.33
2.0
0.33
0.33
-0.67
-1.67
9.33
0.33
4.67
-2.0
3.67
0.67
0.33
3.33
-0.67
0.33
-2.67
-1.67
3.0
0.67
0.67
4.67
-2.33
3.33
5.33
4.67
9.67
3.0
2.67
3.0
0.67
5.67
1.33
-1.67
-1.33
4.0
5.67
0.67
2.33
-2.67
-0.33
-3.0
7.0
4.33
0.67
-4.67
2.67
3.33
-3.33
11.0
2.0
-1.67
1.67
2.0
-1.67
-1.0
1.0
4.67
-0.33
0.0
4.67
7.33
3.33
-1.33
-0.33
0.67
0.33
-4.33
5.0
-1.0
-1.33
0.33
2.0
0.33
-4.67
0.67
-0.67
1.33
-0.33
2.33
1.0
-1.0
0.67
8.33
-3.0
2.0
0.33
-0.67
6.33
1.67
3.0
1.0
6.67
2.33
-1.33
3.0
-1.33
0.67
2.0
0.33
1.33
5.67
-2.0
3.33
2.67
2.33
0.0
3.0
1.67
0.0
0.0
-0.67
-5.0
1.0
10.0
3.0
-4.67
-1.67
7.0
-1.0
1.0
3.33
-1.33
4.33
3.33
-2.33
5.67
-1.33
1.0
3.0
0.33
-0.67
-2.67
0.33
1.67
3.33
0.0
2.0
-1.33
3.0
3.0
5.0
-3.33
0.0
1.33
0.33
1.67
4.33
7.33
0.67
-3.0
0.67
4.0
-1.33
2.33
0.67
-1.33
-1.33
1.0
-1.33
-0.33
0.67
0.0
1.0
0.67
4.0
3.0
0.33
2.67
1.33
5.33
5.33
-1.33
1.33
7.33
-4.0
-5.67
2.0
3.67
-0.33
1.33
3.67
-3.33
1.33
-0.33
5.67
3.0
-1.33
4.0
1.33
1.33
1.0
1.67
3.67
4.67
6.33
3.33
2.0
4.0
-0.33
0.67
4.67
-1.67
1.33
-1.67
2.0
8.0
6.67
2.0
2.0
-3.0
0.33
1.67
4.33
1.67
-1.0
4.33
6.0
0.33
5.0
2.67
-0.67
0.0
-2.0
-3.33
6.0
1.33
-1.0
5.67
-3.0
2.0
4.0
2.33
3.0
-3.67
1.33
-1.0
-4.33
-1.67
1.33
1.0
1.0
-3.33
0.67
1.33
-1.33
-0.33
-2.67
-1.67
0.0
-3.0
7.33
-1.33
-1.0
5.67
0.67
1.67
3.33
7.0
0.33
1.67
0.67
-2.0
-1.0
2.67
-3.67
3.0
-1.33
-1.33
2.67
3.67
2.0
-1.33
-1.67
0.33
-1.33
-1.67
-4.67
-0.33
-3.67
0.33
-2.33
1.33
-1.0
8.0
0.67
0.67
-0.67
1.33
4.33
-0.33
0.0
2.0
-1.67
-1.0
3.0
-1.67
6.67
-2.0
0.67
-1.33
0.67
1.0
0.33
4.33
3.67
0.67
1.33
0.67
-0.33
0.33
0.67
-1.0
-2.33
1.67
3.67
-2.0
-3.33
4.67
0.67
-3.67
-1.67
4.67
-2.67
-0.33
3.33
-4.33
0.33
-6.33
4.0
-1.33
0.33
-1.67
2.33
-0.33
1.33
1.0
-0.67
1.67
1.67
3.67
1.67
3.67
-2.0
-2.67
-1.33
-2.0
1.67
-3.0
0.33
4.33
-4.67
-1.0
-4.67
4.0
-2.0
-3.0
2.33
3.0
5.33
0.0
2.0
-4.33
1.0
-1.67
0.33
0.67
-4.33
4.67
0.0
-1.67
-1.0
-0.67
0.67
3.0
1.67
-0.33
-0.67
4.0
-1.0
-7.67
1.33
0.33
0.67
-1.0
-4.33
1.0
1.0
4.67
-0.33
-2.0
0.33
1.33
5.0
4.33
-0.67
-7.0
1.0
-0.67
3.0
0.0
-5.33
-1.0
-1.0
-8.33
1.67
3.33
2.33
5.0
-3.33
1.0
2.67
-1.67
-4.33
-2.67
4.67
-3.0
-1.33
1.0
-5.0
-3.0
0.33
2.67
-0.67
1.0
-9.33
0.33
2.0
2.0
-1.0
0.67
-1.0
-1.0
-7.67
-4.33
-2.33
1.67
6.33
-4.33
4.33
-2.0
-1.33
5.0
1.67
-3.67
1.0
-2.67
-0.67
-0.33
1.67
-6.33
0.33
1.67
-3.33
6.33
2.33
-2.33
-4.33
-3.67
6.0
2.33
-8.0
5.33
-8.0
3.33
2.33
2.67
-1.67
3.67
-6.0
-6.0
5.67
-3.67
0.67
-5.0
-2.0
3.0
-4.0
8.67
4.0
-3.33
5.33
7.0
0.33
-1.0
1.67
-2.33
-5.67
8.67
-0.33
-3.67
1.33
6.0
-1.67
4.33
5.67
1.0
2.0
0.33
-1.0
1.67
3.0
-2.67
-3.0
0.0
-5.33
-1.0
-1.67
-3.67
-3.0
-3.33
3.33
1.0
6.67
1.33
-3.33
-4.33
11.33
-2.0
3.33
-1.0
5.67
0.33
0.0
1.33
1.0
3.67
-2.0
5.0
3.67
1.33
4.0
5.67
3.0
4.0
2.0
5.33
5.33
9.33
5.33
4.67
12.67
-3.0
8.0
11.33
6.0
3.0
-2.67
2.33
1.67
0.33
1.67
-2.0
-1.33
12.33
-2.0
0.33
5.67
-6.0
11.33
5.0
4.0
2.0
6.0
6.33
6.33
11.33
-1.33
-3.67
1.67
10.0
-2.33
-3.33
1.0
-4.0
8.0
-1.67
12.33
-3.67
0.33
1.67
12.33
17.67
3.33
2.0
1.33
-2.33
1.67
9.33
11.0
10.67
1.0
11.0
13.67
9.67
10.33
-2.33
11.33
5.33
6.0
8.67
6.33
7.33
5.0
22.67
24.33
29.0
20.67
31.33
35.67
31.33
50.33
49.0
55.67
56.33
50.33
42.33
52.67
69.0
86.0
83.0
74.33
61.33
66.33
74.33
74.67
65.0
82.0
72.33
54.33
52.33
54.33
47.0
32.33
34.0
20.67
27.33
19.33
22.33
15.67
22.67
12.33
17.33
8.67
18.33
18.0
3.67
7.67
12.33
7.33
6.33
9.33
0.67
15.33
10.0
2.0
14.67
12.67
26.67
20.33
24.33
29.67
29.67
38.33
41.67
44.67
50.0
47.67
64.0
91.33
81.33
100.67
87.0
86.33
78.67
80.0
70.33
63.33
46.0
43.33
30.0
36.33
25.0
18.33
21.0
11.33
11.67
17.33
3.33
22.0
-2.33
9.33
5.33
17.67
11.0
3.67
11.33
17.33
13.67
6.33
2.33
5.0
14.67
18.0
12.33
10.67
16.67
19.0
22.0
16.67
25.33
22.67
22.0
22.33
18.67
28.67
19.33
18.33
25.33
27.33
28.33
18.0
37.67
23.0
28.67
20.67
49.0
52.67
57.67
58.67
56.67
65.0
64.33
70.33
67.33
63.0
73.33
89.33
84.0
73.0
82.67
71.67
74.0
65.0
64.0
73.67
67.0
89.33
71.0
66.33
74.0
74.33
65.67
63.33
53.67
49.33
36.0
52.67
41.67
52.67
51.33
49.67
56.67
40.33
54.33
58.33
43.67
55.0
36.33
41.0
58.0
44.0
42.67
39.33
20.33
29.0
40.0
24.67
21.67
19.0
22.67
37.33
5.0
17.0
18.67
14.0
10.33
14.33
14.0
8.67
11.67
9.67
7.0
4.67
11.33
18.0
12.33
9.33
9.33
9.33
5.67
11.67
12.0
-0.33
20.0
6.67
9.33
7.0
9.0
11.67
6.67
5.67
7.0
15.67
8.0
10.0
7.33
24.0
27.33
23.0
25.0
14.33
36.0
20.0
27.33
30.0
22.33
10.33
28.0
22.0
10.67
15.0
24.0
31.0
17.0
31.67
31.0
25.33
25.67
30.67
36.33
6.33
15.67
21.67
30.0
6.0
30.0
8.33
15.33
23.33
6.67
17.67
14.33
21.67
14.67
23.33
15.0
23.67
27.67
44.33
39.67
33.67
46.0
72.33
80.0
62.33
105.0
97.67
124.67
96.67
126.33
109.0
89.67
110.33
115.0
126.0
84.67
107.33
82.33
88.67
73.33
83.33
72.0
60.67
63.0
43.0
43.67
29.0
35.0
33.0
19.33
33.0
17.33
17.0
33.0
21.0
28.33
36.67
44.0
37.0
26.33
44.33
30.33
41.33
38.67
29.0
31.33
32.0
41.33
37.33
35.33
44.33
44.67
36.67
51.0
37.0
53.67
32.67
37.67
41.0
43.0
48.67
37.67
54.67
37.33
35.33
38.0
52.67
57.67
46.0
40.0
51.33
44.33
37.67
36.33
40.67
26.0
40.33
25.33
22.0
36.33
28.33
28.0
28.0
27.0
32.67
17.0
11.67
15.33
7.33
18.0
23.33
11.33
16.33
20.67
20.0
8.0
17.67
15.0
11.33
12.33
13.0
10.0
7.67
4.0
16.0
6.33
21.67
10.33
16.33
10.67
12.0
10.0
9.33
7.67
14.0
14.0
8.33
18.33
7.67
15.33
15.33
13.0
16.33
21.33
8.67
33.0
13.67
21.67
30.0
24.67
23.0
25.67
24.33
25.0
33.67
20.67
32.33
20.0
36.33
41.67
32.67
28.33
36.0
33.67
22.0
42.33
32.0
18.33
27.67
36.67
40.33
12.0
27.67
22.33
29.67
24.67
37.33
42.67
37.33
26.33
36.67
22.0
15.0
25.0
35.0
26.67
15.33
16.0
24.33
8.33
11.33
26.67
22.67
13.67
21.33
11.67
7.0
26.67
23.33
15.33
25.67
20.33
21.33
14.33
18.0
24.33
22.33
15.0
27.33
22.67
-5.33
12.33
29.0
6.33
20.67
32.0
6.33
16.67
7.33
-2.67
20.67
2.33
12.67
20.67
6.67
7.33
-1.67
-2.0
16.0
12.33
6.67
18.0
7.33
24.0
12.33
4.0
20.67
8.67
13.0
9.33
9.67
0.0
8.67
-1.67
6.0
7.67
7.0
15.33
16.0
2.67
5.33
10.0
4.33
7.33
-2.0
20.0
8.0
7.67
9.0
12.0
9.0
4.0
0.0
6.33
23.67
11.67
8.67
-3.67
10.33
1.0
8.67
-0.67
9.67
0.0
10.0
4.67
0.67
12.0
4.0
12.67
-1.67
10.67
12.67
7.67
17.67
-1.33
3.67
14.33
3.0
9.67
8.0
8.67
18.33
14.67
15.67
5.33
6.0
11.33
11.33
10.33
10.0
5.0
10.67
-2.33
-4.33
6.0
20.0
0.33
1.0
7.0
4.0
17.0
-1.67
-3.67
-2.0
5.0
10.67
-1.67
1.0
0.0
10.0
8.67
9.0
7.67
10.67
-16.33
5.33
-0.33
-11.0
1.33
11.0
2.33
3.0
1.33
3.33
16.33
16.67
-1.0
0.0
5.33
7.0
12.0
7.33
7.33
-3.0
10.67
3.67
7.67
13.33
-2.0
2.0
6.67
1.0
9.0
15.0
-6.33
10.67
12.67
12.67
5.67
8.33
0.67
5.0
15.33
15.33
9.33
14.0
9.0
9.33
12.0
10.0
21.0
7.0
8.0
5.0
19.33
5.33
9.67
22.0
16.33
11.0
7.33
16.0
5.33
-2.67
23.0
8.0
0.33
4.33
6.67
5.33
10.67
13.33
10.0
13.33
4.0
14.0
5.33
4.33
16.0
19.0
15.33
0.0
2.0
18.0
12.67
7.0
5.0
15.67
18.0
14.33
1.33
5.0
0.33
-3.33
3.0
8.33
8.67
6.67
0.0
11.67
6.0
4.67
7.67
9.0
4.0
10.33
16.67
1.33
13.0
17.67
4.33
-1.33
-1.33
14.67
8.33
7.0
9.67
-0.33
12.0
-1.33
19.33
8.67
11.33
15.67
-2.0
5.0
-2.67
-2.33
4.0
2.67
6.0
-6.0
1.0
6.0
-4.0
5.33
-0.33
10.0
8.0
7.0
-0.33
11.33
17.33
-7.0
2.0
12.33
6.67
5.0
7.0
11.33
12.0
13.0
1.33
7.67
-2.0
-5.0
-4.0
10.0
9.67
7.0
1.33
-11.0
4.33
-1.33
-1.33
1.33
-0.33
-2.67
-5.0
1.0
1.33
-0.33
3.33
12.0
-5.33
3.33
13.33
-1.33
-1.0
3.67
0.67
12.67
8.33
4.67
-4.33
13.67
0.0
4.33
3.33
11.33
7.33
6.67
8.33
12.0
7.33
-8.33
-10.0
11.33
-2.33
15.0
-4.33
7.67
3.67
8.67
5.0
-2.33
-2.67
4.0
-1.0
5.33
-0.67
3.33
-6.0
18.0
6.33
-5.33
7.0
-14.33
9.0
-6.67
-2.67
12.0
2.0
2.67
-2.67
-2.33
2.67
0.33
2.0
7.0
7.0
14.0
-0.67
10.33
0.33
2.33
-3.67
1.0
4.33
4.0
4.0
13.67
14.0
7.33
3.67
10.0
-7.33
6.0
5.67
6.67
7.67
6.33
-5.0
13.0
3.33
16.33
3.67
4.0
2.0
15.0
-2.0
11.33
7.0
4.33
21.33
2.33
5.0
2.0
7.33
10.0
5.67
-0.33
6.0
4.67
-5.0
7.0
11.0
4.0
10.67
9.0
-5.33
4.67
2.67
3.67
4.67
11.0
0.67
10.67
10.0
8.0
5.33
1.0
8.33
1.67
-3.33
0.67
9.33
-1.33
2.67
2.33
1.0
1.33
12.33
12.0
6.0
3.67
5.33
2.67
-4.33
-8.33
-6.67
3.33
-1.0
3.67
9.0
4.33
-2.67
5.0
0.0
-4.67
15.67
4.33
22.0
4.33
8.33
-1.33
3.0
-1.0
-8.33
-1.67
-0.33
2.0
8.67
-1.0
3.67
5.0
8.67
0.33
-1.0
1.33
0.33
1.67
11.33
-5.67
-1.33
1.33
5.0
4.0
1.67
-0.67
4.33
-5.0
3.0
5.0
10.33
3.67
1.67
0.33
-0.33
6.0
5.33
-4.33
4.0
-1.0
-2.33
-3.0
1.67
-3.0
-0.67
1.67
7.67
4.33
1.33
2.33
1.67
-0.67
-3.33
5.67
-0.33
7.33
-2.33
5.67
-3.0
6.33
5.67
0.67
5.33
-0.33
-0.67
-1.33
3.0
5.0
0.0
-2.67
3.67
12.33
6.67
4.67
4.33
5.33
-5.0
4.0
5.67
2.0
5.33
5.33
2.33
8.0
0.67
3.33
2.33
2.33
3.67
5.67
1.0
2.33
2.0
2.33
5.0
4.33
2.67
4.0
1.67
4.33
2.67
-1.33
2.0
-4.33
4.33
1.0
1.33
-0.67
-4.33
0.33
-1.0
0.33
1.33
0.33
1.0
1.33
6.67
1.0
-5.67
-2.33
3.67
1.33
0.33
1.67
3.33
-2.0
1.67
-5.0
10.0
5.33
3.67
-2.33
0.33
5.33
2.33
2.0
2.33
2.67
6.0
3.67
0.0
2.33
1.0
3.67
8.67
1.67
1.67
0.67
1.33
2.33
1.0
5.0
5.67
11.33
14.0
7.67
2.33
7.0
6.33
0.0
3.0
11.0
0.0
5.33
-2.67
-0.33
2.67
0.67
1.67
7.33
3.67
5.0
0.0
0.67
1.67
6.67
6.0
7.67
9.33
4.33
-3.33
4.0
0.33
-1.67
1.33
2.67
0.67
-0.33
2.67
10.67
-2.33
-2.33
-0.67
7.33
3.0
-0.67
-0.33
3.0
7.0
3.33
1.67
1.33
-5.0
3.67
-1.0
4.0
4.67
0.0
-3.33
3.33
0.67
3.0
1.0
-2.67
-2.67
2.33
0.33
-4.67
4.67
1.33
-2.67
-2.67
5.0
1.33
4.67
-1.33
0.0
-1.33
-0.67
-0.33
-0.67
-0.33
5.67
-1.67
5.0
0.33
2.67
-0.67
0.67
0.67
0.67
