0.0
2.67
-38.33
6.67
-61.33
-93.33
57.33
60.0
-17.0
-14.67
8.67
7.67
-78.33
-4.33
-3.0
4.33
-22.0
-8.67
-45.67
2.33
-22.67
-32.0
11.33
1.33
16.67
-7.67
-24.33
-13.67
7.0
0.67
-13.0
-6.33
6.67
-1.33
-3.67
1.0
0.0
2.33
1.0
0.33
0.67
0.67
0.33
-0.33
0.0
-0.33
-0.33
1.0
0.67
-1.33
0.0
1.67
2.0
0.0
-0.33
0.0
-1.0
-0.33
1.0
-0.33
-0.33
-0.33
0.0
1.0
-0.33
1.0
0.67
0.0
0.0
-0.33
-0.33
1.33
0.0
-0.67
0.0
-0.67
0.0
-0.67
0.67
-0.67
-1.0
0.33
-0.33
-0.33
0.0
0.67
-0.67
0.0
0.67
1.33
-0.33
2.67
1.33
1.33
-0.33
1.33
-0.67
-1.0
0.67
0.33
-1.67
0.33
-0.33
-1.33
-0.33
-0.67
-1.67
-1.67
0.0
0.67
3.0
1.67
0.67
3.67
1.67
0.0
-2.33
0.0
-2.33
0.0
3.0
0.33
1.0
4.67
-1.67
-1.0
-1.0
0.0
0.0
4.33
-0.33
1.33
0.67
-0.67
-4.33
-1.67
4.33
0.33
-1.67
-2.0
6.67
1.67
-3.33
-2.67
1.0
5.0
0.0
-0.67
3.33
-3.0
6.0
1.0
3.0
8.67
-1.33
-4.0
1.0
6.0
1.67
6.67
-0.67
2.67
2.0
-1.67
-0.33
1.0
-1.0
3.33
3.33
5.33
7.67
2.67
3.33
-0.67
3.0
1.67
-5.33
1.33
-1.0
3.33
6.67
3.0
0.0
2.67
0.33
0.33
6.67
6.33
2.67
2.0
6.0
-1.0
-3.0
-0.67
3.33
-8.0
-5.33
-3.67
6.67
4.0
-5.0
12.0
2.0
5.0
6.67
1.0
6.0
-1.33
9.33
-3.0
5.33
2.33
-4.0
1.0
7.67
3.67
5.33
-0.33
-0.33
-3.0
3.67
10.0
3.0
-5.33
-6.33
6.0
11.0
4.0
1.33
1.0
0.0
2.33
8.0
0.67
0.67
11.67
4.0
4.67
3.0
1.67
1.67
0.33
-3.33
-3.0
-3.67
11.0
1.0
3.67
-3.67
8.0
3.33
4.33
-0.67
0.67
3.0
-1.0
-5.67
3.0
-1.33
-4.33
2.0
-4.67
3.0
6.67
4.33
1.33
-1.0
10.0
4.67
-1.0
-0.67
-1.33
-0.33
11.67
-1.0
7.0
1.67
4.33
10.0
4.0
3.0
0.0
1.33
0.0
1.0
4.33
3.0
5.33
3.33
2.0
1.0
6.0
1.0
-0.67
2.0
2.0
0.0
-5.67
0.67
-1.33
7.67
1.33
-0.67
3.0
-1.33
4.67
6.33
1.0
0.67
2.33
0.0
-0.67
-2.0
4.67
1.0
-2.0
-2.0
8.67
0.67
-2.67
4.67
2.33
3.0
7.33
-1.67
8.33
0.33
7.33
-2.67
0.67
-1.0
5.67
2.67
-2.67
7.33
3.33
0.33
1.33
6.33
2.0
-0.33
4.67
-0.33
0.67
2.33
5.33
-2.33
-1.33
3.0
10.67
5.0
-0.33
3.67
0.33
-1.67
-0.33
1.0
-1.33
-1.33
6.33
-1.67
-1.33
10.0
0.0
-0.67
-0.33
-2.67
4.67
-3.67
-4.33
0.0
1.0
-1.67
3.67
5.0
2.33
0.0
3.0
8.67
2.67
0.0
0.67
2.33
8.33
2.67
-0.33
0.67
5.33
-3.33
0.0
3.0
-3.33
-3.67
-1.0
1.33
-8.67
2.67
3.33
0.33
0.67
-5.67
7.0
-3.0
0.67
10.33
2.0
-3.0
0.33
-1.67
3.33
5.67
6.0
2.0
7.67
2.33
-4.33
0.0
1.67
-0.33
-2.0
2.33
0.33
1.67
-2.0
3.33
-1.33
5.33
1.0
3.0
0.67
-1.0
-2.0
3.33
-5.0
2.0
-2.0
6.0
1.33
1.33
3.0
-3.0
8.0
-3.67
-0.33
3.33
-0.67
-2.33
3.67
5.67
-1.0
2.0
-0.67
1.33
0.33
-0.67
-3.33
4.33
1.0
0.0
-1.33
1.0
-4.0
-2.0
3.67
-3.0
7.33
0.33
3.67
-2.67
0.33
-3.33
-2.0
-3.33
2.0
6.67
-0.67
-3.33
-2.33
1.67
1.0
-5.33
-4.33
-4.33
4.0
2.0
0.67
1.0
0.0
1.33
1.67
2.33
1.33
1.33
1.67
-2.67
1.33
4.0
-5.67
2.0
3.67
3.67
0.33
6.67
4.67
-1.67
-1.33
-2.33
0.0
3.67
6.0
3.33
-2.67
3.0
0.67
6.67
-1.33
-0.67
1.33
1.0
-4.0
5.67
1.67
-1.33
5.33
1.33
0.33
3.0
5.0
-2.33
0.0
2.0
5.0
-4.67
3.67
8.33
3.67
1.0
2.33
3.0
3.33
6.0
0.67
-0.67
3.0
-1.0
-3.33
-2.0
1.33
1.0
3.67
-1.0
1.0
1.0
-0.67
3.0
-1.67
-0.67
0.0
-3.33
0.33
2.33
-1.0
4.0
-4.33
-0.33
-2.67
-2.33
-3.33
1.33
3.33
0.0
-3.0
1.33
1.67
-1.0
4.67
-0.33
-0.33
2.33
5.0
2.33
-0.33
-2.33
-3.0
6.0
-4.33
-2.67
1.0
-0.33
0.67
0.67
4.67
7.0
-2.33
-1.67
2.33
3.67
-5.67
-2.67
1.67
1.33
7.33
0.67
0.33
0.0
3.0
-0.33
-2.33
-3.67
4.33
5.33
2.67
-1.0
-4.0
3.33
4.0
-1.0
-1.67
3.67
-1.0
-1.33
-0.33
-3.33
3.0
4.33
-2.67
0.67
2.67
4.33
1.67
-4.33
2.33
3.67
-3.0
-1.33
1.67
0.67
0.0
-2.33
0.67
-4.33
-0.67
-0.67
-1.33
1.33
-2.33
2.33
-5.33
1.33
-3.33
3.0
-0.33
1.33
1.33
2.33
-0.33
3.33
6.0
0.33
-0.33
-2.33
-1.33
-0.33
-2.33
3.0
0.33
4.67
-1.0
1.67
1.0
-3.67
0.33
-7.67
-3.0
-3.67
3.0
4.0
-1.0
1.33
0.0
-2.67
-2.0
-1.0
-6.33
-2.0
4.33
0.33
-4.33
-0.33
2.67
0.0
-2.67
1.0
-1.67
-0.33
-2.0
-1.33
-3.33
1.33
-2.0
-3.0
-2.67
-1.67
-0.67
0.67
-1.0
-1.33
-4.0
-2.0
-4.33
-1.33
0.0
-0.67
-1.67
6.0
1.33
0.33
-4.0
-7.0
1.33
-2.0
0.0
-3.33
3.0
-6.0
-4.33
-0.33
-0.67
-1.67
-3.0
3.67
0.0
-2.33
-2.67
-3.33
-4.67
1.67
-5.0
-3.33
-3.0
-1.0
-1.0
0.33
-0.33
-0.67
-2.0
-4.33
-7.67
0.0
2.0
4.0
-0.33
3.0
-2.0
-0.67
-4.33
-7.33
2.67
10.33
-2.33
1.33
-4.0
-1.33
-1.0
0.67
-6.67
0.0
-0.67
2.33
0.67
5.67
-5.33
1.33
-1.33
-2.33
-2.67
4.33
2.67
-2.33
-2.67
-3.0
2.33
-4.0
1.33
-4.0
-1.67
2.33
3.67
1.33
2.67
-4.0
1.0
7.67
-5.67
3.67
-1.0
-2.0
4.0
-4.0
1.67
3.0
-0.33
-2.67
4.0
-0.67
0.0
5.67
-1.33
-2.67
-2.33
3.67
2.33
-9.67
3.0
-7.67
1.33
-0.33
3.0
8.0
0.33
1.0
1.67
-1.0
-2.67
-1.0
1.0
-2.33
-3.0
-1.67
-3.67
4.0
-3.33
-0.67
2.0
7.67
0.33
1.67
2.67
-1.67
4.0
0.33
0.0
2.67
7.33
-1.0
3.33
6.0
8.67
5.0
-3.0
0.67
-0.67
-1.0
-3.33
4.0
8.0
3.0
-1.67
5.33
-6.67
8.33
5.67
3.67
-5.0
16.0
3.33
0.0
6.0
-1.67
-2.67
0.67
9.33
-0.33
6.0
3.67
4.33
-4.0
12.33
3.67
-7.0
7.33
7.0
0.0
6.0
2.0
6.33
2.33
10.33
1.67
-0.67
3.67
11.0
-0.33
5.67
3.0
6.0
1.0
-1.67
8.33
0.33
1.33
5.67
8.33
-0.33
-1.67
-3.0
-6.67
4.67
12.67
3.33
3.0
8.67
-4.0
7.0
8.67
1.67
1.33
10.67
7.33
2.33
7.0
6.67
8.33
9.33
14.0
15.67
33.33
38.0
45.67
47.33
50.67
60.33
68.33
80.0
91.67
90.33
102.33
97.33
87.67
98.0
102.0
74.0
89.33
93.33
75.33
72.33
77.67
67.0
76.0
64.33
74.33
75.33
44.33
51.0
41.33
47.0
33.67
33.33
24.33
23.33
16.67
17.67
12.33
11.33
2.67
6.33
6.0
10.67
-0.33
12.33
4.33
9.33
9.33
6.67
7.33
17.0
18.0
17.67
22.67
29.67
25.33
26.33
31.67
37.67
30.33
41.67
51.67
65.0
48.67
35.0
33.33
53.33
61.67
40.0
50.33
39.67
38.0
30.33
25.33
22.0
15.33
7.0
17.33
10.0
7.33
15.0
11.33
13.67
11.33
5.33
21.0
1.67
6.33
7.33
13.67
17.0
23.67
9.33
18.33
14.67
7.33
11.33
4.0
18.67
12.0
8.33
17.67
14.67
19.0
20.0
17.67
15.33
27.67
25.0
20.33
20.67
26.67
30.33
26.33
26.33
32.33
26.33
11.0
25.67
27.0
40.67
41.67
39.0
43.67
58.67
45.67
52.67
51.0
73.33
64.33
90.33
94.0
80.33
90.33
121.0
83.0
97.67
76.67
89.0
83.0
82.0
65.67
73.0
71.33
56.0
55.33
60.0
57.33
51.67
46.33
44.67
46.33
52.0
44.67
46.67
35.67
44.33
50.67
35.67
50.33
54.33
40.33
43.67
58.0
45.33
43.0
51.0
38.0
39.67
38.33
32.33
30.0
38.0
16.67
16.67
12.0
16.67
20.33
22.0
19.0
18.67
18.0
11.33
6.33
14.0
16.67
9.67
8.67
3.0
6.67
10.33
21.0
7.33
4.33
14.33
10.33
11.67
3.67
16.0
3.67
14.0
9.67
12.33
4.0
4.0
8.67
13.67
0.67
4.0
9.67
13.0
11.0
12.33
7.0
1.33
6.0
20.0
18.33
16.0
12.0
21.33
19.0
19.33
16.33
16.0
25.0
30.67
8.0
22.0
22.0
18.0
24.67
24.0
17.33
13.67
22.67
29.33
19.33
21.67
20.67
20.0
17.0
21.0
23.33
10.33
19.33
10.67
4.67
16.33
21.67
18.67
12.33
17.0
3.67
31.67
23.33
28.67
31.67
39.0
28.33
42.0
46.33
41.0
65.67
79.67
70.67
57.33
59.0
69.67
87.33
72.0
62.0
56.67
68.33
57.33
62.67
57.33
40.33
55.0
42.67
32.0
30.0
32.67
34.0
25.0
18.0
21.33
30.0
12.33
18.0
19.0
21.0
17.33
15.67
14.0
21.0
26.33
29.33
27.33
31.33
26.67
37.0
16.33
35.0
44.33
30.33
38.33
45.33
46.67
35.67
31.0
32.0
27.67
36.67
33.67
42.0
34.0
46.67
38.67
39.67
29.33
31.33
43.0
35.67
38.67
25.0
36.0
43.33
35.33
32.67
32.33
24.67
29.0
30.33
22.33
15.0
32.33
25.33
20.0
25.0
30.0
22.67
17.0
9.67
15.33
20.33
14.0
17.33
26.33
20.33
11.67
9.0
12.0
17.67
14.0
11.33
3.33
11.0
15.0
0.67
-1.0
11.0
9.33
11.67
14.33
-0.67
2.67
11.0
16.0
16.33
9.67
15.0
5.0
9.33
11.33
13.67
15.33
19.33
8.0
18.33
13.33
13.67
19.0
13.67
29.67
17.0
26.67
21.0
23.67
35.33
17.0
20.67
36.67
22.33
32.0
21.33
25.67
34.67
32.33
24.0
33.67
35.0
29.33
30.0
23.33
35.67
21.67
35.33
23.0
31.67
36.33
47.67
24.67
27.33
10.67
27.33
14.33
19.67
27.0
17.0
7.0
40.0
17.67
21.33
12.0
13.33
7.33
18.33
13.67
30.67
20.67
29.33
18.67
22.0
23.67
18.33
23.33
18.67
22.33
23.33
25.33
26.0
15.33
10.33
41.0
17.33
18.67
6.67
22.33
27.0
6.33
12.67
19.0
2.33
12.67
8.33
10.33
25.67
12.33
24.67
6.67
-1.33
11.33
13.33
13.0
4.0
10.33
-4.33
9.0
1.33
8.0
5.33
13.0
13.67
15.67
16.0
10.33
-4.33
2.0
2.67
10.33
20.0
4.67
12.0
11.33
11.0
13.67
10.33
2.0
13.33
4.33
14.0
20.0
1.0
5.67
13.0
7.0
11.0
10.0
9.0
-0.67
-0.33
1.67
16.67
4.33
4.33
6.0
7.67
9.33
9.67
12.0
11.0
5.67
3.67
6.0
14.0
7.67
-0.67
19.67
14.67
5.67
14.67
12.67
20.67
8.33
2.0
4.67
-2.0
21.67
10.33
6.67
11.67
-2.67
11.0
11.33
-2.67
9.33
13.0
10.0
5.67
6.67
2.67
11.0
10.0
8.33
9.0
23.0
5.0
8.0
14.33
11.33
1.0
15.0
11.67
6.33
19.0
-3.0
-1.0
10.67
1.0
2.67
5.67
-13.33
5.33
8.67
0.0
3.33
17.0
1.33
14.0
-6.67
6.33
13.33
16.67
-9.0
15.0
5.33
-1.0
4.0
3.33
10.33
7.0
6.67
8.67
15.67
7.33
-2.0
13.0
5.67
4.0
8.0
8.0
9.67
7.67
3.67
6.67
11.67
-7.67
12.67
5.0
11.33
13.33
-0.67
9.0
9.0
8.33
4.0
1.0
4.0
4.0
7.0
5.0
9.33
11.33
-0.33
15.0
-0.67
-3.0
0.33
7.0
-0.67
4.33
5.0
1.0
7.33
-1.67
6.67
21.33
4.67
7.33
11.0
0.33
18.0
8.0
12.33
15.33
20.0
12.0
5.33
12.0
14.0
28.0
10.67
7.0
19.0
6.67
1.0
8.33
10.33
13.0
12.33
14.67
16.0
16.33
20.67
12.67
12.0
16.67
11.0
-4.33
6.67
2.0
9.0
3.33
10.67
9.33
5.0
14.67
6.33
-6.33
11.67
0.67
-4.67
6.0
11.67
-1.33
12.0
6.67
10.33
-1.33
-4.67
3.67
1.0
2.0
7.33
1.67
6.0
6.67
7.0
10.0
2.0
-1.0
4.0
2.33
-1.33
19.0
15.0
10.0
-6.33
14.33
4.33
6.0
-3.0
4.33
13.67
5.0
-6.0
2.33
-1.0
17.0
0.33
0.67
-7.0
3.0
-12.0
-2.0
-2.33
0.0
1.33
-4.0
9.33
2.67
0.67
9.33
0.67
-3.67
7.0
23.0
9.33
11.67
6.33
0.0
-4.33
-1.67
10.33
1.67
-3.0
0.67
-1.33
2.67
12.33
3.67
1.67
7.67
7.0
-1.67
-3.67
-5.67
2.33
-4.33
7.33
-1.0
5.33
-10.33
-4.0
-1.67
-5.33
7.0
-3.33
8.67
3.67
4.67
3.0
-1.33
4.33
5.0
7.0
2.33
15.33
14.33
9.0
9.0
0.33
-0.33
8.0
-1.33
-2.0
6.33
-0.67
14.0
9.0
2.67
2.33
-3.33
2.67
2.33
-2.0
8.0
16.0
5.0
2.33
10.33
-2.67
1.33
2.33
-1.0
-6.67
-1.0
4.0
10.67
5.0
-0.67
2.67
3.0
-5.33
3.0
-1.33
1.67
6.67
3.33
0.0
7.0
2.33
11.33
2.67
4.0
0.0
9.0
4.0
7.33
8.0
5.33
8.33
-5.67
8.0
-1.0
0.33
1.0
10.67
0.67
9.0
7.67
12.0
4.0
3.0
8.0
18.67
-2.0
3.67
15.67
16.67
13.67
4.67
1.0
-2.33
10.67
-3.0
1.0
6.33
-6.0
7.33
7.67
-2.33
1.67
-1.67
6.67
6.67
5.33
4.0
5.33
3.33
11.0
-3.0
14.67
0.33
1.67
1.67
-4.33
-4.67
7.33
-2.0
-1.33
1.0
2.33
8.33
7.0
11.0
0.33
12.67
4.33
16.0
5.33
6.33
12.67
0.0
13.0
5.67
5.33
5.67
-1.0
1.67
-2.0
-4.33
5.0
-4.33
-0.67
3.0
-3.67
3.33
2.67
-0.67
-4.67
5.67
-1.67
6.0
-1.0
2.67
-5.67
1.33
-8.0
-2.0
-2.0
8.33
3.67
2.67
3.33
5.67
7.0
0.33
0.67
11.0
5.0
4.67
5.0
0.67
5.0
0.33
5.67
0.67
4.33
2.33
7.33
-4.33
7.33
-4.33
5.67
-3.33
2.33
-3.33
-4.33
-3.0
3.33
2.67
5.67
1.33
4.67
4.33
0.67
1.0
6.0
7.0
5.33
7.67
5.33
11.67
1.67
7.33
5.33
1.0
4.0
2.67
7.0
-2.67
5.33
4.33
-1.0
-0.33
4.33
-0.67
0.33
1.67
-3.33
1.0
9.33
1.0
0.33
4.0
-3.67
6.67
3.0
-3.33
2.33
7.67
-2.33
2.0
-0.33
2.33
1.0
-4.67
-2.67
-1.33
6.33
1.0
6.33
3.33
4.33
3.0
3.33
11.67
1.0
6.33
-3.33
4.67
-0.67
3.33
0.67
0.33
-4.0
2.67
-4.0
8.0
4.33
6.67
-1.33
0.33
0.33
-0.67
1.0
-0.67
-1.33
2.0
7.67
3.0
-3.67
-3.0
-1.33
-0.33
-1.33
2.67
5.67
6.33
7.33
1.0
10.0
1.67
4.33
0.0
4.67
3.33
2.0
-1.67
1.0
5.0
2.0
0.0
3.33
-2.67
2.67
7.67
-2.33
3.67
4.33
3.67
8.0
5.0
7.67
-3.33
7.67
-3.0
6.67
8.33
0.33
1.67
-1.0
7.33
-0.67
5.33
0.67
6.67
-5.33
1.67
3.67
-1.33
-0.33
0.33
-0.67
0.0
-0.67
7.67
-1.0
1.0
-0.67
-0.33
1.33
-2.0
2.67
1.0
7.0
4.67
-2.0
-0.33
6.33
-1.33
0.0
5.0
-1.67
-0.67
-0.67
-0.67
-4.67
0.67
-0.67
-0.67
1.33
2.0
3.33
-0.33
3.67
0.0
2.67
-3.67
-1.33
-2.67
-1.33
-2.33
1.33
2.0
-2.67
0.67
0.33
1.67
3.67
-2.33
