0.0
-55.33
-35.33
-26.33
-74.33
-64.33
57.33
36.0
-56.0
-19.67
-71.33
38.67
-81.33
71.67
-21.0
-31.67
-58.0
-52.67
5.33
-58.67
-2.67
-27.0
24.33
-17.67
-5.33
-12.67
-4.33
-14.67
-2.0
8.67
-3.0
-4.33
-0.33
6.67
-6.67
-3.0
1.0
1.33
0.0
-1.67
-0.33
-0.33
0.33
-0.33
0.0
-0.33
-0.33
0.0
0.67
-1.33
1.0
0.67
0.0
0.0
-0.33
0.0
-1.0
-0.33
0.0
-0.33
-0.33
-0.33
1.0
0.0
-0.33
0.0
-0.33
0.0
0.0
-0.33
-0.33
-0.67
0.0
-0.67
1.0
-0.67
0.0
-0.67
-0.33
-0.67
-1.0
-0.67
-0.33
-0.33
0.0
0.67
0.33
-1.0
0.67
-0.67
-0.33
0.67
-0.67
-0.67
-0.33
0.33
2.33
-1.0
-0.33
-1.67
-1.67
2.33
-1.33
0.67
-0.33
0.33
0.33
0.33
2.0
-0.33
1.0
-0.33
-0.33
1.67
5.67
1.0
2.67
-1.0
2.67
-4.0
8.0
-0.67
1.0
0.67
-1.67
-1.0
0.0
-1.0
3.0
2.33
0.67
2.33
-1.33
-1.67
2.67
2.33
1.33
2.33
-2.67
-2.0
-0.33
-2.33
-7.33
4.33
1.0
6.0
-5.0
-1.67
-0.67
0.0
3.0
0.0
-5.0
6.67
-0.33
1.0
5.0
-1.0
-0.33
3.67
-3.67
-2.33
-6.0
1.33
-2.33
1.0
-5.0
2.33
1.33
-1.67
4.67
-0.33
7.33
-4.67
-1.0
-2.33
-2.33
4.33
-3.0
5.33
1.67
3.0
-1.0
3.67
0.33
0.33
1.67
6.33
2.67
3.0
1.0
-3.0
0.0
2.33
1.33
-1.0
-1.33
4.33
-6.33
-5.0
3.0
9.0
7.0
9.0
-1.33
-3.0
1.0
2.67
4.33
-1.0
1.33
1.33
-3.0
6.0
6.67
1.67
0.33
-4.33
7.67
3.0
0.67
7.0
7.0
-2.33
4.67
-6.0
1.0
2.0
4.33
4.0
-4.0
3.33
9.0
0.67
2.67
5.67
4.0
9.67
3.0
1.67
8.67
2.33
2.67
-1.0
-0.67
6.0
9.0
-1.33
10.33
8.0
-2.67
3.33
4.33
2.67
-1.0
-1.0
-7.67
13.0
2.67
-0.33
-4.0
-0.67
-3.0
4.67
-1.67
-5.67
1.0
0.0
-0.33
-2.0
1.33
1.67
4.67
4.67
2.0
13.0
-1.33
4.33
3.0
-3.0
3.0
3.0
7.33
8.0
1.0
1.33
1.0
-2.67
3.33
2.0
-3.0
1.0
8.0
-2.67
-4.0
2.0
5.0
-1.67
2.67
0.67
6.67
3.33
-4.67
6.0
3.67
0.67
2.33
-5.0
2.67
-2.67
2.0
-4.67
5.0
9.67
2.0
2.0
1.0
3.67
-0.33
2.33
3.67
0.33
-2.0
4.33
0.33
0.33
0.33
2.33
1.33
-1.33
1.0
3.67
-1.33
0.33
-2.67
-0.67
2.33
2.33
-0.67
-1.0
-1.33
3.67
-5.33
-2.33
4.33
0.33
-1.33
4.67
2.0
1.67
6.0
-1.33
-1.33
2.33
-1.67
0.67
-1.0
-2.33
1.67
2.33
-3.67
4.67
3.0
1.0
-2.67
-4.33
-3.67
1.67
1.33
-1.33
-6.0
0.0
3.33
-0.33
4.0
6.33
6.0
5.0
4.67
-0.33
7.0
1.67
7.33
3.33
10.67
2.67
-3.33
2.33
-3.33
-1.0
4.0
-0.33
-0.67
2.0
4.33
-4.67
4.67
0.33
2.33
1.67
0.33
7.0
-1.0
3.67
1.33
-2.0
-2.0
-0.67
0.33
6.33
2.67
9.0
5.0
7.67
2.33
-2.33
3.0
0.67
3.67
2.0
-0.67
-1.67
0.67
2.0
5.33
0.67
-3.67
-2.0
2.0
-3.33
2.0
0.0
1.33
-3.0
1.0
3.0
2.0
0.33
3.33
2.0
0.0
-2.0
2.33
6.67
3.33
0.33
1.67
-0.33
-3.33
4.0
3.0
2.33
0.33
1.33
-0.67
1.67
1.33
0.0
2.0
1.67
1.0
-1.0
3.0
3.67
-2.0
3.33
2.33
-2.33
-1.67
6.33
1.67
0.0
3.67
2.0
-3.33
5.33
0.67
-0.33
1.67
2.0
-3.33
5.67
-2.33
3.0
0.0
-0.33
1.0
1.0
-1.67
2.67
0.33
1.33
0.33
2.67
0.33
-0.67
-4.0
1.33
7.0
-1.33
7.67
3.33
1.67
5.67
-2.67
7.67
0.67
4.0
-0.33
0.0
5.33
2.33
4.0
-2.33
2.67
-0.33
-1.67
-2.67
-2.0
0.0
-0.33
-1.33
0.67
-0.67
3.33
1.33
2.0
8.0
0.67
5.0
-2.0
4.0
-0.67
0.67
3.33
1.67
2.0
3.33
0.0
2.33
2.0
-4.33
5.33
0.0
-2.0
-5.33
2.0
-0.67
-3.0
4.67
-2.0
3.0
1.0
0.33
-1.0
0.33
1.33
-2.0
-3.33
5.33
2.33
1.0
1.0
-3.33
-0.33
4.33
0.67
-1.33
-0.67
0.33
1.0
-2.0
3.33
0.67
1.0
0.67
2.67
4.67
-0.67
3.0
1.33
2.67
-1.33
-4.0
3.0
-1.33
1.33
4.0
3.67
-2.33
0.67
0.67
7.0
-1.33
0.33
1.33
0.67
-4.67
-3.67
2.67
2.33
4.33
-2.33
4.33
3.0
3.0
1.67
-0.33
2.33
4.33
0.33
1.67
-2.0
-1.0
0.33
1.0
-3.0
-0.67
-0.33
-2.0
1.67
1.67
-1.33
-2.0
8.33
0.33
4.67
-1.33
-0.67
-2.33
1.67
1.33
4.67
-5.0
0.67
-1.33
1.67
3.0
2.67
-0.33
-2.33
-3.67
2.33
-0.33
-3.67
-2.33
-0.67
-3.33
2.33
-4.33
0.0
-2.33
0.33
-3.67
1.33
0.67
-0.67
4.0
1.33
-4.33
-2.33
4.67
2.67
0.67
1.0
0.33
-1.33
1.0
2.67
2.0
-2.67
-3.67
-3.67
-6.0
-0.67
5.0
-2.0
-4.0
4.33
3.0
-3.67
-5.0
-1.0
-1.33
-4.0
-0.67
-4.67
-2.33
2.67
5.67
-2.0
-5.67
4.0
3.33
-2.33
0.0
4.67
-2.33
-1.67
2.0
3.0
-3.67
-0.67
0.33
-3.33
4.0
-5.33
3.0
5.0
-0.33
-4.33
-6.0
-0.67
-2.67
0.0
1.33
-4.67
-5.0
-4.0
-2.67
0.0
2.0
-6.33
2.0
-3.0
-5.33
2.67
2.33
0.33
-1.0
-6.33
4.0
-4.33
-4.67
-2.33
-5.67
-0.33
-3.0
-2.33
-3.0
-6.0
-6.0
2.33
-1.33
1.33
0.0
1.67
-3.67
6.0
-3.0
5.0
-2.33
-7.0
1.0
-1.67
0.67
6.67
0.67
-0.67
-4.33
-6.67
-4.0
2.67
3.0
-5.33
-5.67
0.0
0.33
1.33
1.67
3.67
0.67
-3.67
-0.33
-6.33
-1.67
0.33
-3.33
-2.33
-0.67
-4.0
-2.67
-7.0
-1.67
2.0
-2.67
-0.67
-2.33
5.33
2.67
-3.0
-7.0
5.67
6.33
4.67
-2.0
-2.0
-1.0
-3.0
0.67
4.0
2.67
0.33
3.0
7.33
4.0
1.67
0.67
-0.67
3.67
2.67
4.33
-6.67
0.0
-1.67
-1.67
4.67
6.0
4.0
-3.67
2.0
-3.33
13.0
-2.67
-2.0
4.0
2.67
-1.0
1.33
-4.67
-1.0
-1.33
1.33
8.0
-2.33
0.33
1.67
-6.33
-2.67
2.0
1.33
0.0
1.67
3.33
2.0
1.33
0.0
1.67
2.0
0.0
5.67
3.33
-3.0
11.67
0.0
0.0
3.0
3.33
-2.67
5.33
-2.67
4.67
5.67
-7.0
-1.0
1.33
-5.0
1.0
-3.67
-1.67
-3.33
3.33
6.67
6.0
3.67
2.33
-2.0
5.33
-2.33
-3.0
5.33
-1.0
-2.0
7.0
3.0
12.33
7.33
6.33
2.67
-3.67
8.67
2.0
8.67
-1.33
5.0
-2.0
17.0
9.33
2.33
1.33
5.33
3.67
9.33
5.67
2.33
9.0
3.33
2.67
1.67
4.33
-3.0
3.67
0.0
-4.0
9.67
9.67
13.33
13.67
2.33
8.33
4.0
-3.33
7.33
1.33
10.0
1.67
12.33
17.0
14.67
23.33
27.67
17.33
23.33
20.0
34.67
38.33
36.33
34.33
38.67
32.0
32.0
45.0
23.33
44.33
48.33
41.33
28.67
25.0
34.0
45.33
39.33
34.33
47.33
43.0
27.33
34.0
18.67
19.33
19.33
14.33
15.67
24.67
11.33
12.33
14.67
2.33
10.0
8.67
9.67
9.33
12.33
7.33
3.33
2.67
12.33
10.0
9.0
16.67
16.67
18.67
16.33
15.33
28.67
34.67
15.33
26.67
33.67
30.0
31.67
37.0
29.33
20.33
33.67
22.0
18.33
28.67
6.0
20.33
20.33
3.0
7.33
13.0
14.33
15.0
6.33
8.0
1.33
10.67
5.33
-0.67
11.0
-3.33
7.33
-3.67
7.67
17.0
18.67
12.33
1.33
15.67
11.33
9.33
8.0
8.67
11.0
5.33
15.67
8.67
12.0
8.0
10.67
29.33
9.67
11.0
5.33
8.67
16.67
9.33
15.33
25.33
22.33
13.33
20.0
27.67
18.0
26.67
26.67
22.0
23.67
30.67
33.67
26.67
36.0
22.33
34.33
23.33
19.0
34.33
26.33
48.0
31.0
19.67
25.67
19.0
21.0
26.0
28.67
32.0
23.33
29.0
12.33
15.0
27.33
15.67
10.33
24.67
33.33
24.0
18.67
15.67
12.67
21.33
20.67
24.67
15.33
33.33
9.33
21.67
14.0
22.33
26.0
15.0
22.0
15.67
30.33
7.33
21.0
15.0
11.67
8.67
12.0
5.67
5.33
13.0
14.0
3.67
10.0
18.33
8.33
6.0
9.67
-3.33
4.67
0.0
-0.33
7.33
9.0
11.33
10.33
4.33
3.33
-0.33
1.67
4.0
10.67
3.0
-3.33
13.33
10.0
3.0
6.67
9.67
6.67
20.0
7.67
7.0
9.0
0.33
9.0
11.33
10.0
17.0
15.33
18.0
6.0
14.33
20.0
16.33
8.33
15.0
19.0
12.67
9.0
12.0
28.0
19.0
16.67
14.0
19.33
14.67
10.67
10.33
-0.67
7.67
14.67
8.0
9.0
12.0
15.33
31.33
20.33
17.67
10.67
18.33
23.67
30.67
26.33
33.0
31.67
44.67
29.33
40.67
51.67
59.0
67.33
84.0
66.33
74.0
60.67
89.67
88.67
86.33
65.0
88.67
100.33
92.0
85.0
91.67
61.33
86.33
59.67
59.33
64.33
50.0
37.67
53.0
41.0
42.67
36.0
33.0
19.0
36.33
33.0
11.33
14.0
18.0
18.0
21.33
12.67
11.0
12.0
7.33
13.33
19.33
13.33
16.67
36.0
11.33
14.0
18.33
19.33
38.33
33.33
30.67
34.67
36.0
44.0
42.67
49.67
44.67
48.0
66.0
70.67
56.67
82.67
49.33
84.33
74.0
71.67
79.67
68.0
81.0
83.33
76.33
66.67
52.33
51.67
57.0
45.33
31.33
28.0
31.33
40.33
37.0
30.0
42.0
28.67
37.0
47.67
37.33
18.33
32.0
22.33
20.33
18.33
25.67
21.0
12.0
23.67
10.0
13.33
5.33
12.0
8.0
8.67
13.0
0.0
19.33
7.67
12.33
7.33
5.67
14.0
8.0
10.33
5.67
15.0
6.0
4.33
9.33
12.67
14.33
10.33
19.0
24.33
27.33
6.67
17.0
15.67
20.67
19.0
20.67
18.0
26.67
25.33
21.0
14.67
34.67
19.33
11.0
24.33
13.67
29.67
23.33
19.0
24.67
25.0
33.33
48.0
20.33
16.67
11.67
28.33
29.0
14.67
19.33
20.67
20.67
27.33
14.67
24.33
30.33
17.67
25.0
7.0
10.0
27.0
24.67
5.33
20.0
10.33
23.33
19.33
11.67
19.67
17.67
16.33
20.67
29.0
25.67
27.33
26.33
43.67
31.33
46.33
34.33
28.0
35.33
26.33
40.0
26.33
28.67
20.67
24.33
19.0
19.33
25.67
16.0
5.33
14.67
4.33
3.33
11.67
7.33
8.67
15.67
4.67
-4.67
18.33
1.0
5.0
6.33
-3.33
10.0
12.33
7.0
15.33
12.0
11.67
-1.33
17.0
7.33
10.67
5.0
19.67
10.33
23.0
-11.33
-2.0
2.33
11.0
13.67
11.33
0.0
5.33
13.33
5.0
7.0
-2.0
0.67
1.0
13.0
7.0
12.0
-3.0
-0.67
4.67
-7.33
19.67
-1.67
12.33
4.0
0.67
3.33
7.67
4.0
17.0
5.67
6.67
5.0
4.0
7.67
6.33
14.67
3.67
11.67
11.67
9.67
9.67
6.33
3.0
5.67
1.0
4.67
18.33
3.67
12.67
15.33
18.0
8.33
5.33
8.33
12.0
6.0
3.67
1.67
-2.33
9.0
16.0
6.33
-5.0
12.0
8.0
17.0
1.33
14.33
12.0
-1.0
-4.33
12.33
1.0
1.0
1.0
1.67
3.0
-10.33
6.67
-16.33
6.33
7.67
12.0
8.33
-1.0
4.33
-1.0
-4.67
12.33
7.33
9.67
-1.0
-1.0
0.33
9.0
-5.0
3.33
11.33
4.0
11.67
9.67
12.67
5.33
-7.0
-1.0
5.67
9.0
5.0
10.0
1.67
1.67
-5.33
14.67
1.67
8.33
11.67
12.0
-2.67
19.33
-0.67
2.0
1.0
-1.67
5.0
3.0
11.0
22.0
8.0
4.0
-2.67
4.33
4.67
16.0
3.33
10.0
2.33
4.0
0.33
-3.67
9.0
19.0
15.33
15.33
14.67
14.33
12.67
-13.67
0.0
13.33
10.0
7.0
3.33
6.33
9.0
11.0
6.33
5.0
-2.0
16.0
3.67
-6.0
21.0
13.67
11.0
0.33
7.33
5.0
8.33
2.67
11.0
8.33
4.67
6.67
18.0
3.67
8.0
3.67
3.67
11.0
10.0
6.33
18.67
16.33
22.0
10.67
7.33
9.67
4.67
11.67
5.33
19.0
4.67
-2.33
9.0
7.67
6.33
1.67
-3.67
-2.33
-8.0
-5.0
10.33
14.67
6.0
14.67
9.0
-3.0
10.0
6.0
10.0
-2.67
11.67
10.0
4.0
4.0
11.67
-2.67
11.33
5.0
-7.0
-2.67
10.67
13.0
3.0
2.33
13.0
16.0
14.33
0.67
8.0
-4.0
-9.0
4.0
-1.33
3.0
-3.67
11.0
7.33
0.67
0.67
10.33
3.67
-6.67
7.0
3.0
4.33
8.67
2.33
2.0
4.67
1.33
1.33
-0.33
-5.0
-1.33
0.67
1.67
3.33
7.67
4.67
6.67
2.0
2.33
0.33
5.33
-4.67
-4.33
2.33
19.0
3.33
-3.33
2.0
-3.67
5.67
-4.0
-2.33
4.67
-5.33
3.67
6.0
6.67
5.33
-1.0
-10.0
4.33
5.33
12.33
1.0
10.0
16.33
-3.33
7.0
-0.33
1.0
1.33
12.33
18.0
9.0
-0.33
9.33
-7.33
12.67
-4.67
4.0
2.0
11.0
5.0
7.33
5.33
3.33
-2.67
11.33
1.0
-1.67
2.0
7.0
-2.33
5.0
5.33
1.67
3.0
-4.33
5.0
1.67
-2.33
-0.33
6.33
-4.0
12.0
-8.67
5.33
3.67
7.0
3.0
9.0
17.0
3.33
9.0
10.33
11.33
-3.67
4.0
-4.0
7.33
-2.0
2.67
1.67
-1.0
9.67
-4.0
4.0
3.0
7.0
1.67
-1.0
3.67
4.67
5.67
-0.33
6.67
-1.0
-10.33
3.67
3.0
6.0
1.33
8.0
4.33
6.67
-10.33
4.67
-0.67
9.67
-3.33
6.33
-7.0
2.33
6.33
8.0
1.0
5.67
-2.67
9.67
1.67
-4.33
2.33
4.33
-4.0
8.67
1.0
7.33
2.33
6.0
-3.0
-0.67
3.67
-0.67
0.0
6.33
3.33
-2.33
-1.0
3.0
4.67
-0.67
2.67
-7.0
3.67
5.0
-2.33
4.0
7.67
4.33
-5.0
-2.67
3.33
-5.33
10.33
-3.67
1.67
1.33
15.0
-3.0
3.67
-6.67
0.33
1.0
-6.0
4.0
4.33
-5.33
4.67
2.33
-0.33
10.0
8.33
-8.33
2.0
2.0
-2.33
1.0
2.67
1.0
-2.67
-1.33
0.67
4.33
3.33
6.33
5.67
3.33
-8.33
-1.33
-2.33
4.33
-3.33
-1.33
-1.0
-4.67
0.67
-2.33
-1.67
-1.33
9.33
1.67
-6.0
7.0
-3.0
12.33
3.67
4.33
5.67
6.67
12.33
1.33
-3.0
9.0
7.67
1.0
4.33
3.33
0.33
16.0
0.67
2.33
4.33
5.33
7.67
3.67
-1.0
8.33
8.0
0.33
4.0
0.33
-2.33
0.0
-0.33
-1.67
3.67
0.67
3.0
0.67
7.33
-1.0
-1.67
-0.67
1.67
0.33
2.0
3.33
5.33
-0.67
7.0
8.33
4.67
-2.0
6.33
-1.33
-1.33
-4.67
1.33
1.67
7.33
-4.0
0.67
-3.0
5.0
-2.67
-0.33
-6.33
0.33
4.33
-0.67
4.0
9.33
-2.33
-5.0
1.67
3.0
3.33
-2.0
-0.33
7.67
4.67
-0.33
-3.33
7.33
6.33
1.0
13.0
0.67
2.33
3.0
6.67
-3.67
2.0
3.33
3.0
1.0
7.0
-4.0
-0.67
-1.67
-3.33
0.67
3.67
7.67
11.33
-1.33
1.0
4.0
2.67
-2.33
3.67
5.0
6.67
4.33
-0.67
-1.33
0.0
3.33
1.33
-0.67
-3.33
4.67
0.67
1.67
0.67
-1.33
0.67
-1.67
-1.67
1.0
1.33
5.67
1.0
1.0
0.33
5.67
6.33
-2.0
0.67
-2.0
6.0
-0.33
-2.0
-0.33
-0.67
0.67
4.0
-1.0
2.33
-0.67
0.33
5.33
2.33
5.67
2.33
-1.67
2.33
1.0
-0.67
-3.33
0.67
-2.0
1.67
-4.67
-1.33
-1.67
-0.33
-2.33
7.33
3.0
0.33
1.67
-0.67
0.67
3.67
-0.33
