0.0
16.67
-7.33
-7.33
-28.33
14.67
34.33
135.0
15.0
49.33
-14.33
-35.33
1.67
9.67
10.0
-25.67
0.0
-8.67
-5.67
-22.67
0.33
20.0
14.33
16.33
22.67
2.33
-8.33
-6.67
-1.0
0.67
4.0
-0.33
2.67
6.67
-1.67
4.0
1.0
-1.67
0.0
0.33
-1.33
-0.33
-0.67
-0.33
0.0
-0.33
-0.33
0.0
-0.33
-1.33
1.0
-0.33
0.0
1.0
0.67
0.0
0.0
-0.33
0.0
-0.33
0.67
-0.33
0.0
0.0
0.67
0.0
-0.33
0.0
0.0
-0.33
0.67
0.33
0.0
-0.67
0.0
-0.67
0.0
1.33
-0.33
0.33
-1.0
0.33
-0.33
-0.33
0.0
0.67
-0.67
-1.0
-0.33
-0.67
-0.33
0.67
-0.67
-0.67
-0.33
0.33
-0.67
0.0
0.67
-0.67
-1.67
1.33
1.67
-1.33
-1.33
-0.67
0.33
-0.67
-1.0
0.67
-1.0
2.67
-1.33
1.67
1.67
3.0
-0.33
-2.0
0.67
0.0
1.0
-3.67
2.0
-1.33
-0.67
-1.0
2.0
-4.0
4.0
-0.67
-2.33
6.33
1.67
-4.67
-0.33
1.33
-0.67
-4.67
4.33
-2.0
-0.33
-1.33
-5.33
7.33
-3.0
1.0
-2.0
-0.67
6.33
0.0
0.0
-1.0
3.0
8.67
-0.33
-1.0
2.0
1.0
-1.33
-2.33
-4.67
-1.33
1.0
0.33
-3.33
2.0
-3.0
6.33
-2.67
-0.67
4.67
1.67
1.33
1.33
-4.0
-0.33
-7.33
0.33
-1.0
-1.67
2.67
1.0
3.0
-4.33
6.33
1.33
3.67
-4.67
3.67
-2.0
-2.0
-4.0
0.0
-4.67
0.33
2.0
-1.33
3.33
0.67
2.0
-6.0
2.0
0.0
0.0
-3.33
2.0
1.0
1.67
4.33
2.0
-0.67
0.33
-1.0
2.0
8.67
7.67
-3.67
-4.33
4.67
2.0
-0.33
1.0
-1.0
5.67
-0.33
-5.0
4.0
-2.0
-0.67
4.0
-2.0
-0.67
-4.0
4.67
1.67
4.67
-2.0
2.67
5.0
-5.33
1.67
-0.67
-1.33
10.0
-0.67
3.0
4.0
-2.33
-1.67
1.0
3.33
2.33
4.33
3.67
-1.0
0.0
-0.67
0.0
8.67
-1.33
-5.0
-7.67
-4.0
-0.33
-3.67
0.33
-1.0
4.0
-2.33
7.0
1.33
-0.33
2.67
4.67
3.0
8.0
3.67
-3.67
5.0
-2.0
6.0
-3.0
0.33
4.0
-3.0
2.33
1.0
-6.67
1.33
-8.0
-3.0
4.0
2.0
4.33
2.0
1.0
-2.0
-5.67
-1.33
-0.33
3.67
-0.67
0.33
1.0
1.67
0.67
-2.67
-6.0
0.67
1.33
0.0
-0.67
1.0
6.67
3.0
4.0
3.0
4.67
-1.33
-2.67
3.67
-1.67
4.0
0.33
1.33
1.33
-2.67
1.33
0.33
8.67
-2.0
-2.33
1.67
2.33
-2.67
4.33
-3.67
0.33
4.33
-5.0
-4.33
-6.33
-3.33
-1.33
4.33
4.33
2.67
-0.33
4.0
-2.33
2.0
5.67
4.67
3.33
0.33
4.67
3.0
0.67
0.67
0.33
3.33
0.67
3.0
3.0
-1.67
-5.33
1.33
2.67
-4.67
1.67
3.0
-2.0
1.33
-4.33
2.0
4.33
-4.0
1.0
4.67
-0.33
0.0
1.67
5.33
2.33
-0.33
4.67
3.67
-3.67
-0.33
0.0
2.0
2.67
-5.67
-1.0
2.33
-8.67
4.67
-0.67
4.33
-1.33
-1.67
11.0
2.0
-2.33
-1.67
1.0
-2.0
-2.67
0.33
3.33
0.67
4.0
3.0
3.67
0.33
0.67
0.0
-1.33
-1.33
1.0
2.33
-1.67
-0.33
2.0
-0.67
-2.33
1.33
-2.0
0.0
0.67
0.0
-1.0
3.33
-4.0
2.0
-4.0
-2.0
-2.67
2.33
1.0
-1.0
2.0
-0.67
3.67
1.33
0.33
6.67
2.67
0.67
-1.0
1.0
3.33
-0.67
-5.67
1.33
-0.33
-0.67
0.0
-3.0
1.67
2.0
0.0
5.0
0.67
-2.0
1.33
0.33
4.67
2.33
3.33
-0.33
-6.0
-3.33
3.0
-0.33
-1.67
-4.33
0.67
-5.33
2.0
-3.33
1.67
-2.33
4.0
0.0
3.67
-1.0
0.0
1.33
6.67
2.33
0.33
1.33
-4.33
3.33
-1.67
-2.0
-3.67
-1.0
0.67
1.67
1.33
1.67
1.67
2.33
-3.33
3.67
0.0
1.67
0.0
3.33
2.33
1.0
0.67
2.67
-0.33
5.33
-0.67
0.0
-1.0
-1.33
-4.33
-1.33
3.33
-0.67
3.33
7.0
0.0
-0.33
2.0
-3.0
-1.0
-1.67
0.67
4.33
5.67
-1.0
3.33
0.0
0.33
3.0
0.67
-0.67
-1.0
-2.0
-0.33
1.0
6.33
-4.0
6.67
5.0
0.0
1.0
1.33
1.0
2.33
6.33
-2.0
-0.33
-0.67
-0.67
1.0
5.0
-2.33
-2.33
7.33
0.67
-1.33
-1.67
-3.67
4.0
-3.0
0.33
-2.33
-2.0
2.67
1.67
2.67
2.33
7.0
5.33
1.67
2.67
3.0
0.0
-3.33
-2.67
2.0
3.67
4.67
3.67
1.67
0.0
2.67
2.33
2.33
-1.33
-5.67
-1.67
2.67
-2.67
-0.67
-3.33
-0.67
-2.0
-1.0
-2.33
-4.33
-2.67
2.33
2.33
2.67
-3.0
-2.0
2.33
4.0
2.0
-1.67
0.67
-4.0
-2.33
1.67
-2.33
-3.0
3.33
-1.67
5.67
-0.33
-1.67
0.67
-0.33
2.33
0.67
-1.0
-0.33
2.67
-4.33
-1.0
-4.33
1.67
-0.33
-2.67
3.33
0.67
-0.67
-5.33
-3.67
2.67
3.33
1.67
2.0
-2.33
0.33
2.33
0.33
1.67
1.33
-1.0
-1.67
-1.33
-2.33
-1.33
1.67
-4.33
1.0
1.33
-0.33
-2.0
1.67
1.0
-2.67
-0.67
-2.67
-4.0
-4.67
4.0
0.0
-2.0
-2.67
-3.0
-1.67
1.0
-2.0
-3.33
1.0
-3.67
-2.67
-3.33
-0.33
-0.33
0.0
-3.67
0.0
-2.67
-1.33
-2.0
5.67
-6.33
-3.67
3.0
-2.0
-5.67
-0.67
-3.67
1.67
4.0
-5.33
5.0
0.0
-2.33
-0.33
0.0
-1.67
-4.67
-3.0
1.33
-3.67
-8.0
-8.0
1.33
-2.0
-6.0
-4.33
1.0
-2.0
-3.33
-4.33
1.33
-5.67
-1.0
-5.33
3.0
-2.33
-5.67
-1.33
-10.67
-1.33
-2.0
-3.33
-3.0
0.0
-3.0
0.33
-4.33
1.33
-3.0
-6.33
-3.67
2.0
-6.0
-1.0
-1.33
-2.0
-1.0
-11.67
-6.33
0.67
4.67
6.33
5.67
-4.67
-7.0
-4.33
5.0
-2.33
-6.67
0.0
-0.67
-2.67
-5.33
-6.33
-3.33
5.33
-4.33
-6.33
-3.67
1.33
-3.33
-7.33
-6.67
2.0
2.33
-6.0
0.33
-4.0
-5.67
0.33
-3.33
-4.67
-2.33
1.0
-4.0
5.67
-3.67
-4.33
-8.0
0.0
-2.0
0.0
0.67
2.0
-0.33
4.33
4.0
3.33
1.0
-1.33
1.67
-4.67
-2.33
-7.33
4.33
-5.67
-2.0
-1.67
-1.67
2.67
-5.0
-2.0
0.33
-2.0
-5.33
-1.0
-5.67
3.0
-7.0
-8.33
-2.0
0.33
-9.67
-1.0
-4.33
1.33
-2.0
-3.33
-2.67
-3.33
-7.33
-0.67
-7.0
2.33
-2.0
0.67
-6.67
1.0
-1.67
3.0
1.67
-3.0
5.0
6.67
-1.67
-3.0
-0.33
-1.0
-4.0
3.0
2.33
-2.67
0.33
5.33
-2.33
-7.33
1.0
-5.0
-4.67
-11.0
3.0
-1.67
-5.67
-3.33
-1.67
-0.33
-4.0
-4.33
2.33
-4.0
0.33
-1.33
-8.0
-1.67
-2.0
-2.0
-4.0
-4.0
-1.67
2.33
11.33
6.67
-1.67
4.67
0.0
-4.33
-4.33
-2.0
-1.0
1.0
-4.67
3.33
1.33
-3.67
-0.33
-4.67
8.67
-2.67
0.0
-9.67
0.67
-1.33
4.33
-4.0
0.67
-1.0
2.0
6.67
2.67
6.33
-3.33
-5.67
-1.67
3.0
-0.33
3.33
-3.67
21.0
3.67
17.33
18.0
16.67
18.33
14.67
17.33
10.33
19.0
12.67
22.33
9.33
5.33
7.67
9.0
13.0
2.0
10.33
14.33
7.33
-2.67
10.67
7.0
4.0
1.33
7.33
9.33
0.33
4.0
-0.67
1.0
0.67
-3.67
1.33
2.33
-2.33
-0.33
-4.67
5.33
2.67
-4.67
3.0
0.67
-3.33
7.33
6.33
3.33
-2.67
-3.33
0.33
3.0
2.0
10.67
-7.33
4.67
5.33
6.33
9.67
1.67
8.33
-2.33
1.67
-3.0
12.67
6.0
8.33
-0.67
10.67
5.0
2.33
4.67
5.0
8.33
6.33
1.0
4.33
-2.0
5.33
9.0
2.33
2.0
2.33
3.67
-3.67
-2.67
3.0
-3.33
-1.67
-2.67
2.67
2.0
0.67
-2.67
6.33
-5.33
3.33
-4.67
-5.0
-0.33
0.0
1.33
-6.33
4.67
1.0
5.0
0.67
11.33
2.67
1.0
-3.67
-0.33
3.67
-6.67
-1.67
4.33
14.33
1.33
1.0
3.67
7.0
10.67
-0.33
3.0
16.67
4.67
8.67
2.67
11.0
7.33
8.33
25.33
14.0
14.33
31.33
23.0
22.0
35.67
20.67
19.0
24.0
26.0
14.67
20.0
12.33
13.0
4.33
-3.0
3.33
3.67
-0.67
1.67
3.33
4.0
7.67
5.67
-4.33
11.33
7.67
-0.33
2.33
5.33
2.33
4.67
9.0
9.33
12.0
8.0
14.0
5.67
-0.67
4.33
2.0
11.0
6.67
2.67
4.0
4.67
6.33
6.0
-1.0
7.67
1.0
-2.67
-7.67
7.0
-5.33
2.67
5.67
-4.0
6.67
-0.67
3.0
3.33
2.33
-5.67
-0.67
-2.33
1.67
1.0
1.67
-1.0
-6.33
2.33
6.0
-9.0
0.67
7.67
0.67
-1.0
-4.33
10.0
0.0
-2.67
3.0
-2.67
3.0
-2.0
9.33
10.0
6.0
13.33
7.0
0.33
8.33
0.0
5.0
4.67
8.0
3.0
22.0
0.0
16.67
6.0
0.33
2.67
5.67
16.33
0.33
9.67
5.67
8.0
8.0
6.0
-0.67
6.33
-3.67
3.67
-5.33
5.33
5.67
0.67
12.33
16.0
4.67
4.67
8.33
11.67
17.67
32.0
18.33
29.0
27.33
28.0
49.67
52.67
56.67
53.33
77.0
81.67
75.33
87.0
97.0
107.67
89.33
78.33
79.67
74.33
69.33
62.0
51.67
63.0
51.0
48.67
39.0
38.0
18.0
15.33
15.0
20.33
13.0
9.0
7.0
4.33
8.67
-5.0
4.0
10.33
2.33
6.33
12.33
6.67
-2.0
3.33
7.0
6.33
11.33
0.33
1.33
17.67
13.67
4.0
20.0
9.67
8.67
15.67
23.0
20.0
18.67
17.67
25.67
22.33
19.33
26.0
25.67
38.67
20.0
31.0
38.33
37.33
35.67
40.33
36.67
38.0
34.33
31.33
31.0
34.33
33.33
22.0
28.0
32.0
14.67
23.0
15.67
16.33
12.33
6.0
12.33
9.33
3.33
-0.33
16.0
6.0
6.67
2.0
8.33
1.33
6.0
-1.0
2.67
10.0
0.0
3.33
-3.33
3.33
-1.67
9.67
1.0
16.0
4.33
7.67
-1.0
-1.0
4.33
-0.67
-0.33
15.33
2.33
2.0
16.33
18.33
6.67
5.0
11.67
7.67
3.0
18.67
14.0
10.67
19.33
11.0
9.67
6.67
18.33
17.0
8.33
13.67
12.67
11.33
16.0
10.67
5.0
20.33
14.0
8.33
7.67
4.67
5.33
5.0
3.67
11.33
22.67
4.67
4.33
2.67
16.33
5.33
8.67
-2.0
-3.0
1.0
5.0
3.67
-4.67
5.0
-0.67
-2.67
2.33
18.67
5.67
-9.33
-1.67
0.67
12.0
-0.33
12.33
3.33
3.67
9.33
21.33
11.33
3.0
5.33
-4.67
9.0
12.33
2.67
-6.33
16.33
-7.0
9.33
-7.33
5.0
8.33
5.67
7.33
-0.67
-3.33
0.33
-3.33
2.67
-1.33
-1.67
8.33
-3.0
3.0
2.33
5.67
7.0
0.33
2.0
-3.67
3.0
13.67
11.67
8.0
5.33
1.67
-8.0
4.67
-6.67
3.0
0.67
1.0
6.33
0.0
8.67
-1.67
3.0
4.33
11.33
-1.0
1.0
0.0
4.67
-1.0
-1.0
3.0
4.0
3.0
1.33
6.67
-4.33
6.67
-7.67
-8.67
-2.0
9.67
-3.67
0.67
3.0
-4.0
-5.33
-9.33
-7.0
0.0
1.67
1.33
10.67
1.67
-4.33
8.67
7.67
-4.33
6.33
4.0
8.67
-1.0
-4.33
2.33
-1.33
2.67
3.33
1.0
0.33
4.33
-1.67
3.0
-4.0
1.67
-2.33
4.67
-2.0
8.0
-4.67
7.0
5.0
9.0
4.0
3.33
0.33
-1.0
-1.0
-4.33
-2.67
6.0
-7.0
-2.0
4.67
7.0
-5.33
4.67
-6.33
-2.67
0.67
11.0
3.33
-2.0
0.33
-3.0
0.33
8.33
-2.67
4.67
-14.0
4.0
1.33
-2.0
12.0
2.33
-2.67
7.0
-5.33
-6.33
-3.33
0.33
-1.0
-2.0
-7.33
-2.0
11.0
6.0
-1.33
1.67
-0.33
2.67
-10.33
-3.67
-7.33
1.0
-5.67
-0.67
-3.67
9.0
-4.0
-1.67
0.0
-3.0
5.0
-5.0
-4.0
12.0
12.33
3.33
5.67
-2.0
7.33
10.0
-1.67
8.0
-6.67
8.33
-3.0
9.0
-2.67
1.33
-1.33
14.33
4.67
5.33
0.0
-4.67
3.0
8.0
4.33
-2.67
9.0
11.0
5.33
3.0
-1.0
12.0
-8.33
3.0
5.0
5.67
5.0
-1.67
1.33
1.0
5.33
8.67
12.0
5.33
13.67
5.67
0.0
-2.33
2.0
0.67
-7.33
-10.0
17.0
-3.67
-5.33
4.33
7.0
1.67
-15.67
-0.33
6.67
-0.33
2.33
-4.0
3.67
-7.33
13.0
3.67
10.33
3.67
14.33
-5.33
7.0
-1.0
11.33
-12.33
2.0
-5.33
3.0
4.0
-6.0
-9.0
-11.0
6.33
8.67
5.0
-7.0
6.0
6.67
3.33
5.33
2.0
1.0
1.33
7.67
-4.0
-2.0
9.33
-5.0
9.0
2.33
10.67
-2.0
8.0
-3.0
0.0
-6.33
0.0
-2.67
-6.0
3.33
1.67
-0.33
-6.67
-0.33
-8.67
-1.0
3.0
0.33
1.67
3.33
1.0
-0.33
-0.67
5.33
4.67
6.0
-3.33
-8.33
0.67
5.33
-7.33
-3.33
-12.33
12.0
1.33
5.33
8.33
2.33
-1.33
-7.67
5.0
2.33
-6.33
-3.0
-2.67
-7.33
-1.0
-6.33
0.67
-2.33
1.67
0.0
7.67
8.33
-2.0
-2.0
-5.67
-0.67
3.33
-4.0
7.0
5.33
3.67
-2.0
1.67
12.0
-1.67
4.33
12.0
-7.0
2.67
1.33
-4.33
0.67
3.33
0.0
2.0
-4.0
10.0
-7.67
4.33
5.33
-5.67
-7.67
-4.0
2.33
6.0
2.0
0.67
11.0
-1.67
2.67
5.0
5.67
4.0
3.67
0.67
3.67
0.33
-5.0
10.0
-6.67
2.33
-1.33
4.0
-5.0
4.0
8.0
1.33
7.0
-2.67
11.33
-6.67
4.0
-6.0
4.33
4.0
-6.33
-2.33
4.0
-4.33
-1.0
1.0
4.0
-1.0
6.67
-3.0
-4.33
4.67
-2.33
1.67
5.67
1.0
3.67
6.67
1.0
-1.0
-0.67
4.0
0.33
1.67
-4.33
1.67
-2.67
-0.33
11.67
4.33
3.0
2.33
0.33
-1.0
8.0
-4.33
5.33
4.67
-4.33
-4.33
-3.67
4.33
-5.0
5.67
0.0
7.33
2.33
1.0
-4.0
3.33
3.67
-5.67
3.0
6.33
9.33
6.67
-2.0
7.0
-0.33
7.33
-1.33
6.0
0.67
-3.0
8.67
6.0
-5.33
2.33
-4.0
-2.67
-4.67
-3.33
2.33
3.33
-3.33
4.33
8.0
1.0
5.67
-8.67
-2.67
-6.0
-8.0
-4.0
7.33
2.67
3.67
1.33
-7.33
8.0
2.33
-2.33
6.0
3.0
-1.33
0.0
7.67
0.0
0.33
2.67
7.67
7.33
-3.67
-3.67
1.67
-3.67
-0.33
-2.33
-1.33
4.33
-2.33
-3.33
-5.0
3.33
-0.33
8.67
5.33
-0.33
6.33
-4.33
-7.0
-1.0
3.0
1.33
6.67
-2.67
-1.33
0.67
4.33
-2.67
-3.0
-1.0
-4.33
-3.0
-5.67
-2.67
-0.67
4.0
3.67
0.33
-3.67
3.33
-1.33
0.67
2.0
-0.67
-3.0
-2.67
7.0
1.33
-5.33
-2.0
4.67
-2.67
-0.33
-2.33
0.0
-2.33
0.33
0.0
0.33
-0.67
-3.33
1.33
3.0
2.33
9.33
2.33
2.0
3.33
0.67
-3.0
-1.67
-0.33
2.67
-2.67
-5.67
8.67
5.33
-3.0
-1.33
5.0
3.0
-0.67
0.67
-7.33
7.33
0.33
0.33
8.0
1.33
2.67
0.0
8.67
2.0
6.33
1.0
-4.33
-0.33
-1.33
2.67
-3.33
4.33
4.33
-2.0
1.0
-2.33
9.33
8.0
1.67
-2.67
3.0
-2.67
-3.0
2.0
3.0
1.0
-1.67
0.33
-1.33
3.67
-1.33
3.67
5.33
-1.33
3.0
0.0
-0.33
-1.33
3.67
-6.0
0.67
4.33
1.33
2.67
2.0
-1.67
-1.67
-0.67
-0.33
3.67
3.67
1.67
2.67
-2.33
-1.33
0.33
-1.67
1.0
5.33
-3.33
-3.0
3.0
5.33
7.67
0.33
-1.0
-0.33
-2.0
2.0
-1.33
-1.0
3.67
-0.67
2.67
3.0
3.0
-4.67
-4.67
1.33
-1.67
-1.67
-1.33
3.33
-2.67
-3.67
2.0
9.33
0.67
0.67
0.0
-0.33
3.33
-3.33
-4.67
-3.33
-0.33
-0.67
-3.0
-0.67
1.67
-0.67
5.67
-0.33
-1.33
