0.0
-30.33
-26.33
-64.33
-87.33
-79.33
-69.67
-61.0
-34.0
33.33
-58.33
-40.33
-82.33
-19.33
-4.0
-32.67
24.0
-3.67
-26.67
-36.67
-5.67
-37.0
14.33
14.33
9.67
-6.67
3.67
-4.67
-2.0
10.67
-5.0
-4.33
-0.33
0.67
-3.67
1.0
-1.0
1.33
-1.0
-0.67
-0.33
-0.33
0.33
-0.33
1.0
0.67
0.67
0.0
-0.33
-1.33
0.0
0.67
0.0
1.0
-0.33
0.0
-1.0
-0.33
1.0
-0.33
2.67
-0.33
0.0
0.0
-0.33
0.0
-0.33
1.0
0.0
-0.33
2.67
-0.67
0.0
-0.67
0.0
-0.67
1.0
0.33
-0.33
1.33
-1.0
0.33
-0.33
-0.33
0.0
-0.33
0.33
1.0
1.67
0.33
1.67
-0.33
2.33
0.33
1.67
-0.67
2.33
-1.0
-0.33
-0.67
-1.67
-0.67
0.67
-0.33
2.67
1.33
-0.67
-0.67
2.0
0.67
1.0
-1.33
0.67
-0.33
0.67
2.0
6.67
0.0
1.67
1.0
-1.0
-2.67
1.0
1.67
1.33
10.0
4.0
-1.0
1.0
4.33
-1.33
12.33
0.67
4.33
1.67
-0.67
-3.67
-1.67
4.33
0.0
2.67
1.67
-2.33
14.33
6.0
6.0
1.0
6.33
6.33
0.0
4.0
1.0
3.0
4.67
6.67
-2.0
1.0
8.0
5.67
2.67
-0.67
1.67
-4.0
3.33
5.67
-1.0
-5.0
1.33
4.33
2.33
2.67
2.67
7.33
3.33
1.0
3.67
-2.33
6.33
2.0
2.33
5.67
7.0
-2.0
4.67
-0.67
-1.67
5.67
4.33
9.67
4.0
2.0
5.0
12.0
7.33
2.33
-2.0
6.67
4.33
-1.33
-2.0
-2.0
6.0
-4.0
9.0
2.67
2.0
1.0
4.67
11.33
0.0
-0.67
2.33
3.0
1.0
7.67
3.67
-3.67
9.67
5.67
7.0
2.67
5.0
8.0
1.67
2.67
6.0
9.0
9.0
-2.67
12.0
0.0
8.33
7.0
6.67
1.67
4.67
1.0
0.67
2.0
5.67
2.67
-0.67
0.67
4.0
3.33
8.0
8.0
-4.33
4.33
12.0
2.33
3.33
-3.67
7.67
5.0
4.0
-4.67
1.0
3.67
-1.33
2.0
-1.67
-6.0
8.67
-1.67
10.33
6.0
11.0
-1.33
6.0
-2.67
0.67
4.67
2.67
11.0
2.0
9.67
4.33
7.0
2.0
2.0
4.0
0.33
2.0
5.0
6.33
2.0
-1.67
6.33
-2.0
2.0
1.0
8.0
0.33
3.0
6.0
1.0
-2.67
-0.33
6.67
9.67
5.33
1.33
4.0
13.67
1.67
7.33
2.0
4.67
4.33
2.0
-0.67
1.0
6.67
7.0
4.0
-1.0
5.67
4.67
-4.67
-1.33
1.33
5.0
2.33
6.33
3.33
-0.67
6.33
5.33
4.67
3.0
8.67
3.67
1.33
5.33
2.33
2.33
1.33
3.33
3.0
-1.33
4.67
-5.33
-2.33
3.33
-1.67
1.67
11.67
6.0
8.67
4.0
-0.33
2.67
-0.67
-1.67
4.67
6.0
2.67
4.67
3.33
-3.67
-5.33
8.0
1.0
0.33
2.67
4.33
3.67
9.33
1.67
-2.0
-4.0
5.33
4.67
3.0
-3.67
7.0
3.0
7.67
-2.33
0.0
4.67
-0.67
1.33
0.67
0.67
9.67
2.33
-5.33
2.0
6.0
0.67
6.33
1.0
2.33
-4.67
1.67
3.33
4.33
-1.33
3.33
6.0
4.0
3.67
2.33
3.0
5.0
0.33
2.33
3.33
-0.33
3.0
4.0
8.67
4.33
-1.33
6.0
5.67
0.67
-2.0
-0.67
-1.67
1.67
2.0
2.33
2.67
4.33
1.0
0.0
7.67
4.0
0.0
3.33
-2.0
5.0
4.0
-2.0
2.33
4.33
3.0
3.0
3.0
4.33
1.67
1.33
5.33
2.67
-0.33
0.67
6.0
1.0
0.33
2.33
0.33
1.33
2.67
6.33
0.0
1.0
1.67
5.0
2.0
3.0
-0.33
-2.0
8.33
0.33
3.67
-0.67
4.33
-1.33
-3.0
3.67
3.0
-1.33
2.33
3.67
0.67
0.67
1.0
3.67
3.67
0.67
2.0
-3.0
1.67
7.0
3.0
0.33
1.67
6.33
5.33
-0.67
-1.33
-0.67
3.33
-3.0
-5.67
3.0
1.67
3.67
0.33
-0.33
2.67
1.33
-1.33
3.67
1.0
2.67
1.0
-1.67
-2.67
1.0
0.67
7.67
2.67
0.33
1.33
-1.0
-3.0
0.67
0.67
1.67
3.33
-3.67
2.33
4.0
2.0
0.67
6.0
5.0
0.0
0.33
6.67
0.33
4.67
3.0
-1.67
2.0
1.33
5.0
-0.33
3.33
3.0
8.0
2.67
2.0
-2.67
2.0
2.67
2.0
4.0
0.0
6.33
1.0
4.33
1.33
1.0
0.67
2.33
1.33
3.0
1.0
-1.33
0.67
0.33
2.67
-2.33
-1.67
1.33
4.0
-1.0
1.33
-0.33
3.0
2.67
1.67
2.67
0.33
2.0
-1.67
1.67
5.67
1.0
7.0
-0.33
-0.67
3.0
1.67
1.67
0.67
4.67
4.0
2.67
1.33
4.33
-3.33
-0.67
0.33
2.67
-2.67
6.33
-0.33
1.33
0.0
4.0
3.67
0.67
-1.67
4.33
4.33
-1.33
6.0
-3.0
-1.67
7.0
0.0
-1.67
-0.33
-4.0
0.67
4.67
-2.33
-1.0
2.33
4.33
1.67
-0.33
-3.67
3.67
-1.33
3.33
1.67
-4.0
-1.33
-2.33
2.67
0.0
-1.33
-3.33
-1.33
1.33
2.33
-2.33
7.33
0.67
-2.67
-2.33
1.33
1.67
2.0
-2.33
4.33
-0.67
2.33
6.67
11.33
4.0
-0.67
2.67
-4.33
2.67
1.67
0.67
4.0
-1.67
0.67
-3.0
1.67
0.0
-3.67
0.33
-1.67
-2.0
-0.67
5.0
-3.0
-4.0
4.33
1.0
-2.67
0.0
1.0
-4.33
9.0
-3.67
1.33
-1.33
0.67
-1.33
-1.0
1.33
-1.0
-4.67
-3.33
0.0
0.67
-6.33
0.33
2.0
-2.0
-4.67
-0.67
1.33
3.67
3.0
3.67
0.0
-5.0
0.67
-2.33
-3.0
-1.67
-7.67
3.0
4.33
1.33
-5.0
3.0
3.33
3.0
-4.0
-2.33
7.0
0.0
-6.33
3.67
0.33
2.33
1.0
-0.33
7.0
-0.33
-0.67
-2.33
-3.67
-3.33
-8.0
-0.33
-3.0
-5.0
-5.0
-0.67
1.67
-0.67
-2.0
2.67
-3.67
4.0
0.0
-1.0
0.67
-7.0
3.0
0.33
0.67
3.67
-2.33
0.33
3.67
-6.67
-4.0
-3.33
1.0
-0.33
-3.67
-2.0
-1.67
-0.67
-1.33
-2.33
-6.33
1.33
-4.33
-3.33
-6.67
-3.67
-0.33
-4.33
-5.67
-1.0
2.33
-1.0
0.33
-3.0
-3.67
-1.67
0.67
-1.67
4.67
-3.0
0.0
0.67
-5.67
0.67
0.0
-6.0
-1.0
-1.0
-3.33
5.0
-0.33
-4.67
4.0
3.33
-3.0
-6.33
1.67
2.33
3.67
3.67
3.33
-3.67
-2.0
-2.67
-0.67
6.67
3.0
2.0
0.33
3.0
-2.33
4.0
-4.67
5.0
0.0
-3.33
5.0
0.33
-7.67
3.0
0.67
-4.67
1.0
-3.33
-0.67
-5.33
-4.33
-0.67
-7.0
3.33
5.0
-1.33
-5.67
-1.0
2.33
2.0
-3.33
-1.0
-5.0
2.67
-1.67
-1.0
-0.33
-1.0
5.0
3.0
-0.67
-3.67
1.33
6.33
-1.33
-0.33
5.0
8.0
2.33
-4.0
-2.0
-5.67
1.33
-5.33
-5.67
0.67
-2.0
-1.33
3.33
-5.0
5.33
-4.33
2.0
0.33
6.0
-1.0
-5.0
9.0
4.33
1.33
5.33
3.67
-6.67
0.67
4.0
-5.33
-3.33
-1.0
4.0
1.0
-3.67
4.33
-4.67
-5.67
5.67
2.33
8.67
0.33
-1.0
1.33
6.67
1.67
3.33
2.0
-2.33
1.0
-3.0
-0.33
9.67
7.33
10.67
10.33
4.33
11.0
7.67
3.33
2.33
14.0
7.67
25.33
16.0
5.67
15.33
12.67
10.33
16.33
3.0
10.67
14.33
19.33
0.33
3.67
10.0
3.0
8.0
8.33
11.33
14.33
4.33
5.67
14.0
-1.0
14.33
3.33
6.33
9.33
4.0
0.33
1.0
5.67
3.33
-0.67
-5.67
-1.33
16.67
3.33
7.33
2.67
-2.67
14.0
13.67
-0.33
13.33
10.33
15.33
7.33
16.67
25.33
30.0
37.0
39.67
37.67
40.67
58.33
44.33
58.67
43.67
49.33
30.67
46.67
48.0
42.67
27.0
26.33
20.33
31.67
23.0
13.33
21.67
18.0
20.33
19.33
11.0
16.33
11.0
15.33
10.0
-0.67
4.0
0.33
4.67
12.33
6.33
17.0
7.67
14.33
-1.67
13.67
12.0
10.67
4.33
11.33
12.67
2.33
7.33
1.0
14.67
5.0
8.33
8.67
-1.33
13.0
12.0
13.67
11.33
1.67
3.0
3.33
7.67
8.67
11.33
11.33
12.33
8.33
16.33
8.0
12.67
12.0
9.67
19.67
16.0
13.67
15.67
13.67
25.67
11.0
16.33
17.33
28.33
19.0
20.33
12.33
22.0
19.0
15.67
32.67
22.0
20.0
11.0
19.67
18.0
14.33
20.0
16.33
12.0
19.33
9.67
13.33
18.67
18.33
15.0
9.67
15.67
1.67
9.33
13.67
17.67
11.33
6.33
16.33
9.67
11.0
15.33
14.0
8.0
12.0
12.67
15.33
3.33
8.0
17.0
19.67
6.67
14.0
13.67
8.33
3.0
10.0
10.67
5.0
12.33
1.33
15.0
7.67
1.67
3.67
4.0
11.67
13.33
14.0
4.33
8.33
10.33
7.33
3.67
5.67
1.0
12.67
7.0
8.67
9.33
11.0
-4.0
15.67
9.67
5.67
17.0
8.67
8.0
13.0
10.33
10.0
15.33
10.0
13.0
23.33
18.0
2.0
13.33
12.0
9.33
16.33
8.0
20.0
11.67
17.0
7.0
12.0
-3.0
8.67
5.0
13.33
-0.33
10.67
9.33
3.33
3.67
5.67
8.0
7.0
13.0
22.33
19.33
25.33
9.67
7.67
24.33
25.67
27.67
30.33
32.0
24.67
33.67
66.33
43.67
61.67
88.0
87.33
117.0
101.33
123.0
155.67
157.67
147.67
195.33
190.0
169.67
175.33
167.0
172.0
143.67
127.33
115.33
114.67
78.33
70.33
66.0
53.67
63.0
42.0
39.67
18.0
22.0
8.0
22.33
19.0
15.33
6.0
18.0
7.0
15.33
5.67
14.0
5.0
12.33
9.33
11.33
13.33
5.67
12.0
17.33
19.0
19.33
8.33
14.33
23.33
15.67
22.67
26.0
27.0
25.67
23.67
27.67
19.0
24.0
33.67
43.67
44.67
28.33
23.33
45.0
54.67
47.67
39.0
41.0
31.33
28.33
27.67
35.33
18.67
28.0
33.33
23.33
17.0
20.33
24.33
20.0
15.0
11.0
23.67
21.0
9.67
7.33
20.33
11.0
14.33
14.33
19.33
19.67
17.0
1.0
9.67
10.0
13.33
13.33
10.0
2.0
6.67
10.0
4.0
3.33
11.67
8.33
15.33
19.67
17.0
5.0
17.33
9.67
14.0
7.0
11.33
2.33
6.67
15.33
5.33
19.0
18.33
16.33
6.67
5.0
17.67
8.67
15.0
17.67
25.0
22.67
21.33
27.0
27.67
19.67
32.33
23.0
24.33
31.67
28.67
26.33
35.0
9.67
16.0
31.33
30.0
21.33
27.67
35.67
14.33
22.0
28.67
32.33
27.67
8.67
32.33
16.67
19.33
17.33
9.67
13.0
19.0
11.0
23.0
18.67
16.33
7.0
18.33
3.33
10.33
10.67
18.67
15.67
11.33
14.67
25.0
17.67
16.33
14.33
21.67
19.33
16.33
20.33
15.0
13.33
15.33
25.0
18.33
16.67
1.67
14.33
16.0
14.33
12.67
19.0
5.33
25.67
12.33
8.33
12.67
24.33
16.67
17.67
8.67
7.33
11.33
13.0
9.0
13.33
15.67
25.0
2.33
26.0
16.33
6.0
6.67
12.67
12.0
16.33
7.67
3.0
9.67
9.33
7.0
-6.33
5.0
3.33
15.0
5.67
6.33
4.0
6.33
6.33
6.0
12.0
9.0
2.67
6.0
13.0
24.0
18.0
5.0
4.33
14.67
15.67
14.67
7.33
8.33
14.0
8.67
8.33
16.67
8.0
7.0
7.67
8.67
10.0
-1.0
14.67
6.33
20.67
6.67
9.67
19.67
5.67
-5.33
3.33
6.0
12.67
1.0
23.67
12.33
11.67
6.67
1.33
12.0
14.33
8.33
14.33
7.0
20.0
5.67
5.67
3.67
6.0
17.0
20.33
1.0
9.0
1.0
13.0
11.33
5.33
3.0
6.0
1.67
-6.67
23.0
-2.0
17.0
11.67
-4.0
6.67
11.67
1.67
5.33
2.67
-1.0
9.33
14.0
1.33
2.0
2.33
2.33
12.33
10.67
6.0
6.0
20.33
2.0
5.0
6.33
2.33
2.0
14.67
13.67
19.67
9.33
-1.0
5.0
1.67
8.0
12.0
8.0
13.67
4.67
0.67
8.67
6.67
5.33
-3.33
6.0
2.33
18.33
4.33
13.0
7.0
8.33
-1.0
5.0
18.0
-2.0
18.0
12.0
6.33
4.33
7.67
16.0
3.33
6.0
5.33
-3.0
-0.67
0.33
14.0
9.0
9.33
3.33
14.67
15.33
16.67
8.33
3.0
8.33
20.0
25.0
14.33
21.33
18.0
22.0
14.33
11.0
13.0
21.0
8.67
8.0
21.0
26.67
15.0
0.33
21.33
-2.0
12.33
2.67
7.0
9.33
9.67
13.67
15.0
22.67
19.0
2.67
-3.33
6.0
10.0
15.33
1.67
8.33
8.0
6.67
7.33
13.67
7.67
10.67
0.33
5.0
15.67
4.67
26.0
-4.33
13.33
2.67
21.33
6.67
-6.0
18.0
10.33
-2.33
-1.0
8.67
8.0
1.0
15.0
11.0
3.0
-0.67
6.67
0.0
16.0
11.0
10.67
9.33
11.33
19.0
8.0
7.33
14.67
9.0
9.0
12.33
22.0
17.0
6.33
6.67
2.0
0.0
-2.0
8.0
1.67
2.0
11.33
1.0
16.33
8.67
9.67
-0.67
-0.33
0.33
3.0
4.0
0.33
7.67
-2.67
8.0
11.67
6.33
7.33
7.67
16.0
-3.33
0.67
6.67
9.33
12.67
5.67
-1.33
7.0
7.33
3.33
2.33
4.33
-1.33
12.33
5.0
9.33
17.67
-7.0
-2.67
5.67
8.0
-5.33
9.67
-2.33
4.67
11.0
-0.33
-3.67
2.0
12.0
1.33
14.33
11.33
-1.0
10.0
2.33
-0.33
6.0
-0.33
7.0
5.33
2.33
6.0
0.0
5.67
7.33
4.67
14.67
7.33
8.0
4.0
0.0
-1.0
16.33
8.33
2.33
-0.67
0.33
8.0
8.33
4.0
3.0
7.67
16.0
5.33
5.67
0.0
-6.33
10.0
7.67
4.67
6.67
2.33
-10.0
9.0
1.33
0.33
1.67
10.0
6.0
1.0
-6.0
2.33
7.0
9.33
13.33
2.33
14.0
8.0
7.33
4.0
7.67
4.67
-2.0
10.67
12.0
3.0
3.0
1.0
-0.33
0.0
3.67
-0.33
1.67
5.67
2.67
2.0
-9.33
7.67
-1.0
20.0
10.33
2.0
7.33
3.67
1.67
5.67
7.33
2.67
14.67
5.33
0.0
6.33
4.33
3.0
4.0
8.67
3.33
4.67
11.67
-6.33
12.33
7.33
0.0
-1.33
-1.0
1.33
1.33
2.0
2.0
0.33
12.67
-4.67
3.0
8.33
7.33
10.67
14.0
8.0
8.67
0.33
2.67
4.0
-6.33
-11.0
1.67
11.0
2.67
2.33
17.0
4.33
6.33
3.67
-0.67
2.33
8.67
6.33
2.0
-4.0
7.67
-1.67
6.33
-5.0
1.0
6.0
3.33
-0.33
9.67
3.33
-0.33
6.0
11.33
-0.33
3.0
7.0
7.67
2.0
9.67
13.0
5.33
0.67
5.67
18.33
7.33
9.33
6.67
1.33
-5.33
0.67
-0.33
4.33
-5.33
3.67
0.0
4.33
0.67
5.67
-3.67
7.67
5.33
3.67
-7.0
0.0
10.0
3.33
5.67
8.33
4.67
11.67
4.33
5.33
4.0
-2.0
6.67
9.0
1.33
8.33
5.33
7.0
-0.33
4.33
1.33
10.33
7.67
7.67
4.0
0.33
3.0
2.33
0.0
7.33
5.67
4.0
11.67
4.33
7.67
2.67
5.0
3.67
-0.67
0.0
-0.67
0.33
-1.33
10.33
-1.0
6.33
-1.67
-1.67
3.0
-1.67
6.67
7.0
-1.67
3.67
2.67
-0.67
1.33
1.67
12.33
-8.0
4.67
6.0
7.0
2.33
1.67
5.67
3.33
2.33
2.33
3.0
2.33
-1.33
11.0
1.67
1.0
4.33
5.0
-1.33
5.67
1.67
5.67
4.67
4.33
2.33
8.0
3.0
7.67
7.33
1.0
5.67
1.33
6.0
7.33
-1.0
5.0
5.0
-4.0
6.33
6.33
-1.33
7.67
4.67
6.67
11.33
3.67
5.0
3.0
5.67
-1.33
9.67
4.0
8.67
8.33
3.33
-2.33
1.0
0.33
5.33
6.33
6.67
6.67
0.67
12.67
0.67
-4.33
-0.33
1.33
3.33
0.0
-0.67
2.67
3.0
4.0
-3.67
1.67
1.33
5.0
2.67
0.0
10.0
4.67
-2.0
-2.33
5.33
3.67
-1.0
3.0
1.33
1.33
-2.67
1.33
0.33
5.67
1.33
9.33
1.33
12.0
2.33
1.67
0.67
-2.0
2.67
-4.67
3.67
-2.67
1.67
1.67
4.33
6.0
3.33
1.67
0.33
1.67
4.67
1.67
