0.0
-66.33
-105.33
-43.33
-133.33
-118.33
-18.67
-17.0
-16.0
-20.67
57.67
4.67
23.67
39.67
-60.0
-19.67
-63.0
17.33
21.33
5.33
-2.67
-24.0
7.33
22.33
19.67
13.33
-10.33
-10.67
-7.0
3.67
-9.0
-5.33
0.67
2.67
-2.67
-1.0
3.0
-0.67
0.0
-0.67
1.67
-0.33
-0.67
-1.33
1.0
2.67
-0.33
0.0
-0.33
-1.33
1.0
-0.33
2.0
0.0
-0.33
0.0
-1.0
1.67
0.0
-0.33
-0.33
-0.33
1.0
0.0
-0.33
1.0
-0.33
1.0
0.0
-0.33
-0.33
-0.67
0.0
0.33
3.0
-0.67
0.0
1.33
-0.33
-0.67
0.0
0.33
0.67
-0.33
2.0
0.67
1.33
0.0
0.67
0.33
0.67
1.67
-0.67
-0.67
0.67
0.33
1.33
0.0
1.67
-1.67
-0.67
0.33
0.67
1.67
1.67
0.33
-1.67
0.33
0.0
0.67
5.0
-1.33
-0.33
-1.33
0.67
0.0
1.67
4.0
0.67
-2.0
0.0
-4.67
3.0
2.67
2.33
1.0
3.0
-6.0
6.0
7.33
0.67
3.33
0.67
-2.67
0.67
0.33
1.33
-1.67
4.33
7.0
6.67
0.67
-9.33
9.33
-2.0
5.0
1.0
1.33
4.33
5.0
5.0
2.0
-4.0
2.67
6.67
-3.0
2.0
-1.0
1.67
7.67
0.33
3.67
-1.0
2.33
8.67
0.0
2.0
6.33
7.33
-1.67
5.67
0.67
9.33
4.33
0.0
-1.33
1.67
-0.67
4.0
3.33
10.67
7.0
-2.0
0.67
3.33
-1.67
2.67
10.33
15.67
4.0
8.0
5.0
5.0
1.33
4.33
4.0
-1.33
4.33
4.67
-1.0
1.0
11.0
3.0
3.0
0.67
5.0
3.0
5.67
10.33
2.0
1.33
-2.67
-1.0
3.0
7.67
10.67
5.33
1.67
8.67
4.0
0.67
6.0
5.0
1.67
2.67
10.0
3.0
6.0
-3.67
0.0
1.0
8.33
4.0
-0.33
-2.33
3.67
6.0
9.67
3.0
3.67
2.67
1.33
6.67
0.0
-1.67
0.0
11.0
-1.33
7.33
5.0
8.33
3.33
16.33
11.67
4.0
0.0
1.33
7.0
-1.33
5.67
8.0
2.33
4.0
9.67
-0.67
0.33
8.0
10.0
2.67
10.0
7.33
7.67
10.67
6.67
4.0
9.0
-1.33
6.33
1.0
-1.0
6.0
2.0
7.33
2.0
0.0
7.33
5.0
4.33
3.33
3.0
1.0
4.0
7.0
1.33
4.0
4.0
1.0
5.33
-3.33
4.67
10.67
5.33
3.33
-3.0
2.67
0.67
5.33
2.0
4.67
1.33
0.0
2.33
-4.0
4.67
2.0
4.0
3.0
0.67
1.67
-4.67
0.67
4.33
5.0
4.33
2.33
0.33
2.33
4.33
3.33
6.67
-1.0
1.67
2.67
1.33
9.33
5.33
5.33
-0.67
5.33
-2.0
3.67
4.67
-2.33
0.67
6.33
0.33
-1.33
3.67
3.0
2.67
5.0
-0.33
0.67
1.33
3.33
4.67
6.0
1.67
0.67
2.33
0.33
1.67
7.0
3.0
-0.67
2.67
-3.67
5.67
1.33
1.67
4.0
-2.0
1.33
0.67
1.0
6.33
2.0
7.0
4.67
2.67
0.0
3.67
-1.67
-3.67
5.67
2.67
-1.33
-2.67
3.67
1.0
-1.0
12.67
1.33
4.0
0.33
-3.67
-1.33
4.33
7.33
-0.33
5.33
2.0
1.0
1.67
3.33
-2.0
-1.0
-0.67
4.33
5.33
-0.33
5.0
7.0
11.67
-0.67
-1.33
0.0
3.67
-0.33
3.0
-0.67
2.33
2.67
-2.0
2.33
1.67
5.33
2.0
5.0
0.67
2.0
4.0
4.33
-2.0
-1.0
0.0
-4.0
1.33
1.33
3.0
1.0
2.0
5.33
6.67
-2.67
6.33
1.67
0.67
-1.33
3.0
0.0
4.33
-0.67
-0.67
0.33
3.67
1.33
2.0
3.0
1.67
2.0
-1.0
6.0
-0.33
-1.0
3.33
0.33
6.67
-1.67
-0.67
1.67
0.0
4.67
6.0
-2.33
3.33
2.67
-1.33
-1.33
-3.0
-3.33
-5.33
5.67
3.0
10.0
1.67
4.0
7.0
0.33
-1.33
5.33
-0.67
2.33
0.67
-3.67
1.33
0.0
-4.67
5.0
5.67
2.67
0.33
4.67
-2.33
-0.67
0.67
-1.33
2.0
1.67
2.0
1.33
0.33
5.0
6.67
0.67
0.67
0.33
4.33
6.0
4.0
6.67
-0.33
-1.33
3.33
4.33
2.33
4.0
4.0
-1.33
2.0
9.0
2.0
0.33
-0.33
2.33
6.67
4.0
2.33
2.0
3.33
3.0
0.67
0.33
0.0
0.0
-3.33
6.0
-1.67
-4.0
0.67
-1.0
7.0
2.0
4.33
0.0
-0.67
1.33
1.0
2.67
-0.67
-2.67
7.0
5.0
-2.33
3.67
-1.67
0.67
-3.33
1.33
-5.67
1.0
0.0
4.33
2.67
1.0
6.67
-0.33
0.67
3.33
2.0
-1.67
-0.33
4.67
3.0
1.0
1.67
-1.67
-2.0
5.67
-4.33
-0.33
3.67
5.0
1.67
4.33
5.33
2.67
-0.67
3.33
1.67
-0.67
4.33
5.67
-0.67
9.0
3.0
-1.33
0.67
-1.67
0.33
4.33
6.67
1.0
1.0
3.33
1.0
-2.0
1.33
2.67
-1.0
1.67
2.67
-1.33
3.0
1.33
1.33
3.67
-0.33
0.33
-1.33
0.67
-1.67
4.67
0.0
3.67
3.67
-3.33
-2.0
-0.33
-0.33
2.67
2.33
4.33
-2.33
0.33
2.67
1.33
-1.33
1.33
-3.33
6.0
-4.33
4.33
-1.67
0.33
8.67
1.33
-3.0
1.33
-1.33
-0.33
2.67
1.67
1.67
2.0
-2.67
-1.33
-3.0
3.67
0.0
1.33
-2.67
-0.67
-1.0
-4.67
1.0
-6.0
-2.0
-0.67
0.0
-3.67
-2.0
-2.0
-5.33
1.0
-1.67
0.33
-4.33
-1.33
7.67
2.0
-0.67
3.0
-3.67
-2.33
-2.0
0.67
-5.33
1.33
2.0
0.0
-3.67
-0.67
1.33
3.67
0.0
-2.33
1.0
6.0
-1.33
-3.33
0.0
2.33
-0.67
-2.0
4.33
0.33
-7.0
-6.0
-1.67
-3.0
1.0
0.67
8.0
-2.0
-10.33
0.67
1.33
-3.67
-1.0
-7.33
7.0
1.67
-5.67
-6.33
-2.67
0.67
-3.0
1.67
1.0
-1.0
0.0
-2.67
-2.33
-3.67
-3.0
-7.33
0.33
2.0
3.0
0.0
-4.33
1.0
0.0
-0.67
1.67
-3.33
5.67
5.33
-2.33
1.33
-2.0
-0.33
6.0
-3.33
2.33
1.0
-3.67
-6.67
4.67
-0.33
-3.33
-3.67
0.67
3.67
-0.67
0.33
-2.33
-4.33
-1.67
-3.0
-1.67
-6.0
-1.67
-1.0
-0.67
1.33
-5.33
-1.67
1.67
-3.0
-1.0
0.67
-1.67
-0.33
-4.0
5.0
2.0
3.0
3.67
3.0
2.67
1.33
1.0
5.33
5.0
2.67
-6.33
0.33
3.67
-7.33
0.33
3.33
5.0
1.33
-2.67
9.67
-4.0
0.0
-3.67
3.0
1.67
2.0
-5.67
7.0
3.0
-7.33
0.0
8.33
9.33
1.0
-1.33
0.33
-1.0
1.67
-1.67
-1.33
0.67
-0.67
2.0
-1.67
-3.0
-2.33
-4.67
-1.0
-3.67
1.0
-0.33
0.0
3.0
2.67
2.33
-2.0
-7.33
-6.0
0.0
7.0
0.33
-0.67
2.33
-1.67
3.67
0.67
-7.0
1.0
-0.67
-10.0
8.0
-5.67
-2.67
-9.33
-5.67
-2.33
2.0
2.67
3.33
-1.0
-0.67
8.67
0.0
1.33
4.0
-4.0
5.0
-1.0
1.33
0.33
8.33
0.67
-2.67
-3.33
1.0
-3.33
-2.33
5.0
4.0
3.0
-1.67
5.33
4.33
-2.67
-0.33
0.33
13.67
3.33
1.0
-6.67
13.67
5.67
-4.67
-1.0
1.67
-12.0
5.0
-1.33
5.67
2.33
12.67
-0.67
0.33
2.0
8.67
0.33
1.33
6.0
4.67
15.33
2.0
11.67
6.33
3.67
11.33
7.33
15.0
9.67
10.33
12.33
8.33
14.67
7.0
15.0
4.0
6.33
11.33
20.33
11.33
13.67
12.0
7.0
0.33
14.33
5.33
0.33
11.0
0.33
-2.0
-2.33
1.33
6.33
0.33
6.67
3.67
-0.67
13.33
5.67
8.33
11.0
9.67
6.67
12.33
5.33
6.33
22.33
15.67
33.33
44.0
34.0
38.67
38.67
51.67
66.33
56.33
60.67
50.67
49.33
51.67
48.67
36.0
35.67
22.0
32.33
27.33
21.67
17.0
19.33
1.67
11.0
21.33
12.33
12.0
2.33
16.0
8.33
10.0
3.33
13.0
13.33
12.67
11.33
3.33
17.0
12.67
15.33
14.33
14.67
22.0
20.67
16.33
25.33
8.67
11.33
6.33
8.0
4.67
23.0
4.33
2.67
11.67
8.0
15.0
8.67
12.33
5.67
10.0
-3.67
12.67
12.67
9.33
8.33
17.33
8.33
14.33
3.0
19.67
0.0
4.67
9.67
8.0
10.67
10.67
22.67
9.67
12.0
30.33
15.33
16.33
5.0
21.33
12.33
8.0
28.0
5.67
11.67
20.0
10.0
15.0
24.67
9.0
20.33
23.0
9.33
12.0
22.33
7.67
6.33
0.67
5.33
17.0
10.67
13.67
7.67
10.33
7.67
17.67
2.33
16.33
7.33
14.67
10.0
5.33
23.0
9.0
21.0
15.67
12.33
13.33
25.0
13.0
20.67
11.67
14.0
6.67
23.33
14.0
22.0
11.67
4.0
2.33
1.33
15.0
4.67
5.67
6.67
-1.0
5.67
3.33
13.0
9.33
11.33
15.33
0.33
6.67
1.67
-1.0
16.67
11.0
3.67
7.33
11.0
6.0
9.67
4.67
10.67
3.0
18.67
8.0
15.0
6.33
11.0
12.33
12.0
12.0
12.33
16.0
15.0
26.33
28.0
10.33
16.33
11.0
12.0
-3.33
18.0
4.0
15.0
0.0
11.67
7.0
9.33
5.67
16.67
12.33
4.33
14.67
14.67
10.0
11.0
9.0
15.33
8.33
18.33
17.67
9.67
25.33
41.67
20.67
24.33
35.0
38.67
43.67
43.33
60.67
61.67
70.0
69.33
80.0
82.33
81.0
97.67
96.67
97.67
94.33
102.0
91.67
102.33
93.0
94.0
70.67
55.33
41.33
64.67
52.33
47.33
43.0
36.67
52.0
26.0
27.67
20.0
16.0
29.0
10.33
27.0
23.33
8.0
17.0
26.0
14.33
17.67
7.0
2.0
13.33
21.33
19.33
10.33
5.67
14.0
29.33
15.0
11.33
16.33
34.33
32.33
28.67
17.67
25.0
20.0
25.67
15.67
20.67
32.0
34.0
26.67
22.67
39.67
31.33
44.33
43.0
31.67
59.67
45.0
45.0
56.33
43.33
45.67
36.33
23.67
34.0
20.33
27.33
23.0
37.33
16.33
22.0
15.0
19.0
22.67
25.0
12.67
21.33
12.33
21.0
8.33
11.33
4.33
8.67
14.0
5.0
17.67
8.0
3.33
8.33
14.0
13.0
14.67
8.0
10.0
9.33
9.67
13.33
0.33
8.67
8.0
16.0
13.33
4.67
15.0
11.0
8.33
11.33
15.67
19.33
14.33
-4.0
11.33
11.33
5.67
24.0
13.67
20.67
14.0
15.67
9.0
20.67
21.33
8.0
22.67
21.67
15.33
22.0
18.33
23.67
22.67
23.33
27.0
26.67
17.0
27.33
37.0
42.33
24.67
29.67
23.33
36.0
13.67
25.33
28.67
19.67
26.33
16.67
36.33
32.33
21.67
13.0
20.0
7.0
20.0
28.67
13.33
27.0
14.33
3.33
9.33
5.67
10.67
9.67
5.33
17.67
19.0
12.67
18.33
16.33
6.67
29.33
31.33
17.33
19.0
27.33
17.33
28.0
12.33
24.67
6.67
16.33
6.0
22.33
18.67
14.0
8.33
19.67
9.33
8.33
24.67
17.33
22.67
12.67
3.67
10.33
15.33
12.0
9.0
15.33
9.67
17.0
2.33
18.0
5.33
7.0
8.67
6.67
2.0
10.33
6.67
-1.0
7.67
11.33
29.0
9.67
3.0
12.33
13.0
-0.33
11.33
-2.0
4.33
10.33
2.0
11.0
3.0
8.67
0.0
7.0
17.0
12.0
2.0
12.33
7.67
0.67
20.67
10.33
14.33
6.0
14.67
18.33
7.67
-4.0
-2.0
10.67
14.67
8.0
5.0
9.67
6.33
11.67
11.67
11.67
3.67
11.67
6.67
5.33
2.0
12.67
14.0
14.67
9.33
11.67
16.67
5.33
2.0
1.33
5.33
14.33
18.0
3.0
15.67
-1.33
13.67
-1.0
6.0
14.33
1.0
8.0
-3.0
8.0
8.33
11.33
-6.0
16.0
0.67
-1.67
12.0
2.0
14.0
13.67
0.0
22.67
6.67
-6.33
-1.67
-6.33
-4.0
4.33
13.0
10.33
5.0
8.33
-2.67
16.33
13.67
-7.0
1.0
15.33
3.0
6.0
-0.67
6.33
5.0
3.67
18.67
14.67
0.33
0.0
16.0
3.67
-1.0
9.0
10.0
8.67
12.67
5.67
2.67
-1.33
12.33
8.67
10.0
-3.67
6.33
-0.67
13.0
0.0
-2.67
17.0
10.0
8.0
2.0
16.0
4.0
2.33
7.33
0.67
8.0
8.33
8.0
-3.67
15.0
6.33
-0.67
11.0
7.0
9.33
4.33
-5.33
15.33
9.67
8.33
14.0
-7.67
11.0
17.0
7.33
9.33
27.0
6.0
0.33
-4.0
0.0
19.0
13.67
12.0
13.0
23.67
12.0
9.33
7.33
14.0
23.33
10.67
10.0
16.33
15.67
14.67
13.0
21.67
11.0
7.67
0.67
-2.0
12.0
11.33
-1.33
11.33
8.0
8.67
-10.67
10.67
10.67
18.67
-4.67
9.0
3.67
1.67
5.0
0.67
14.33
9.67
3.33
1.67
-1.0
1.0
9.33
-0.33
1.0
14.67
10.0
8.0
6.0
1.0
11.0
3.33
12.67
2.0
5.0
7.0
2.67
16.33
10.33
-2.0
8.0
20.33
17.67
-10.0
10.0
16.33
8.0
10.0
19.33
12.67
11.0
1.0
-1.0
-1.0
7.67
3.0
5.33
12.0
6.33
6.67
3.67
7.33
3.67
15.33
6.0
4.0
5.33
9.67
2.33
5.0
8.67
-2.67
6.33
0.67
12.0
5.67
5.67
-0.33
17.33
6.67
4.67
5.67
9.0
6.33
6.33
3.33
0.33
-4.33
-1.67
2.0
-0.67
7.67
5.0
-4.67
1.67
-1.0
-1.33
10.67
-10.33
12.67
10.0
-0.33
2.33
11.0
5.0
7.33
6.33
6.33
4.0
7.0
9.33
-1.33
0.0
-6.33
12.0
18.33
-0.67
14.0
9.0
5.67
3.33
-2.33
7.67
-6.67
4.0
5.0
-2.0
4.0
10.33
-0.67
7.33
2.33
1.33
9.0
0.33
4.0
2.0
1.67
15.0
-1.67
5.67
1.0
-2.33
3.0
5.67
-1.33
16.67
6.33
2.0
16.0
-0.67
10.33
3.67
13.0
0.0
9.0
8.0
12.33
20.0
-3.67
9.33
-1.67
8.0
3.0
9.33
-4.0
1.67
0.67
6.0
1.67
6.0
14.0
5.0
2.0
5.67
-3.0
5.67
-3.33
10.67
0.67
1.67
0.0
2.67
8.67
4.0
1.0
6.33
6.0
8.33
3.67
5.67
-5.33
10.33
3.67
13.67
5.33
7.0
9.33
6.33
7.0
12.0
1.67
6.33
8.67
-5.33
10.67
2.33
6.33
-1.0
-4.33
-1.0
7.33
-1.67
3.0
-1.0
1.33
6.67
-3.67
1.0
5.33
5.33
8.67
3.0
4.0
6.67
8.33
4.67
-3.0
3.67
10.0
1.67
4.0
11.67
-6.67
-7.0
1.33
6.33
-3.33
2.33
0.33
4.67
4.33
4.0
-3.0
2.67
-12.67
3.33
-5.0
12.0
4.0
3.33
-1.33
-2.33
-2.67
1.67
-2.0
-2.67
2.67
14.0
3.0
8.67
-1.0
-0.33
4.0
3.33
4.67
6.67
2.33
7.33
7.33
2.67
5.33
1.67
0.67
2.67
-0.67
-3.33
-0.33
-1.0
12.33
2.67
-0.33
7.33
2.67
-2.67
0.67
2.0
5.0
7.0
-0.67
-0.33
1.33
7.67
5.67
19.33
-3.67
-3.0
8.0
3.67
8.0
1.33
6.33
-1.67
10.0
6.67
7.33
-1.67
6.33
-5.33
-1.33
-4.0
12.33
4.0
2.33
3.0
3.33
4.67
1.0
3.67
3.33
5.67
5.67
9.0
-1.33
2.33
-3.0
5.33
5.33
0.67
7.33
5.0
7.33
2.33
-3.67
0.0
7.33
9.67
6.0
-2.67
6.67
-0.33
-0.67
-3.67
0.67
8.33
-2.0
2.67
7.0
1.0
-2.67
12.67
-0.33
-2.67
3.33
3.33
7.0
4.33
3.67
1.0
3.67
4.0
4.33
-1.0
2.67
4.67
11.67
3.67
2.67
6.33
7.33
2.0
6.0
6.67
4.33
6.0
6.67
-3.67
4.0
7.33
4.0
7.0
0.0
0.0
3.33
10.33
5.67
3.67
6.67
10.67
-0.67
2.67
-1.0
4.0
3.67
-4.33
4.67
4.0
3.67
8.33
4.33
0.67
0.0
3.33
-0.67
-0.67
-0.33
1.67
-4.33
6.67
2.67
0.67
2.67
9.33
7.33
-5.0
1.33
1.67
0.0
7.0
2.33
9.67
6.33
5.0
10.67
-2.0
3.0
2.67
-1.0
-2.33
3.33
-3.33
2.0
3.0
10.33
-0.67
6.33
3.33
-1.67
2.67
1.33
8.33
10.33
1.0
11.33
0.67
0.67
2.0
2.67
3.33
2.67
5.33
-3.33
2.67
-0.67
3.0
-3.67
3.67
-2.67
1.67
7.67
-2.33
