0.0
33.67
-6.33
2.67
-2.33
-22.33
79.33
92.0
51.0
-24.67
70.67
68.67
2.67
-0.33
49.0
6.33
57.0
-9.67
20.33
14.33
-35.67
-15.0
-13.67
2.33
19.67
18.33
9.67
-14.67
3.0
0.67
-3.0
-6.33
8.67
1.67
-4.67
-1.0
1.0
-1.67
0.0
0.33
0.67
-1.33
-0.67
-1.33
1.0
-0.33
1.67
0.0
0.67
-1.33
0.0
0.67
1.0
0.0
-0.33
0.0
-1.0
0.67
1.0
0.67
-0.33
-0.33
1.0
0.0
-0.33
1.0
1.67
0.0
1.0
-0.33
-0.33
0.33
3.0
0.33
0.0
0.33
0.0
-0.67
0.67
-0.67
0.0
1.33
-0.33
0.67
0.0
-0.33
-0.67
-1.0
0.67
-0.67
-0.33
-0.33
0.33
0.33
-0.33
0.33
-0.67
1.0
-0.33
-0.67
-0.67
2.33
-0.33
0.67
0.67
2.33
1.33
-0.67
1.0
-0.33
1.0
-1.33
0.67
1.67
1.67
-1.0
-0.33
6.0
-1.33
2.0
4.0
-1.67
3.0
-0.33
4.33
3.0
4.0
2.0
5.0
3.33
-4.33
0.33
-5.33
1.33
4.67
6.33
3.33
6.33
3.33
6.0
3.67
2.67
-6.33
4.33
2.0
9.0
0.0
-0.67
3.33
-1.0
2.0
2.0
-1.0
-2.33
5.67
8.0
13.0
3.0
2.67
-2.33
-1.67
0.67
-1.0
1.33
-3.33
6.0
3.0
6.33
-2.67
8.33
6.67
3.67
3.33
0.33
2.0
-2.33
3.67
3.33
0.0
7.33
7.67
7.0
3.0
0.67
1.33
-1.67
0.67
-4.67
5.67
8.0
10.0
4.0
1.0
6.33
0.33
4.0
0.67
6.33
1.67
-2.0
3.0
1.0
-2.0
6.0
0.67
5.0
7.0
-0.33
4.33
2.0
-0.67
2.33
-2.0
6.0
4.67
5.67
2.33
3.67
2.67
6.0
0.67
2.0
0.0
9.67
2.67
-2.0
5.0
7.0
-1.67
11.0
9.0
5.33
11.0
3.67
4.67
-0.33
9.0
8.67
5.0
1.67
3.67
5.33
0.67
0.0
8.33
-2.0
8.0
3.67
2.33
6.0
5.33
3.33
4.33
4.67
5.0
1.0
-4.67
3.0
-0.33
0.67
2.0
1.33
3.0
6.67
0.33
2.33
1.0
7.0
-0.33
4.0
0.33
2.67
-0.33
4.67
2.0
7.0
4.67
10.33
7.0
2.0
-1.0
2.0
9.33
2.0
-1.0
3.33
6.0
1.33
5.33
0.0
3.0
7.0
7.0
-1.67
3.0
0.0
-1.0
4.33
1.67
3.67
2.67
2.33
4.33
1.0
3.67
3.67
2.33
-1.0
9.67
-2.67
3.0
0.33
4.0
8.67
2.0
2.0
2.0
-1.33
-0.33
7.33
0.67
0.33
4.0
9.33
-2.67
14.33
-5.67
14.33
2.33
-2.33
4.0
7.67
0.67
8.33
5.33
-1.67
2.33
2.33
5.33
-1.0
3.67
-0.33
-3.33
4.67
0.33
2.33
6.67
3.67
5.0
5.67
5.0
4.67
4.67
-4.67
5.33
4.67
7.0
3.67
5.67
0.33
6.33
-3.33
4.0
1.0
0.33
-2.33
-0.67
0.67
4.33
0.67
3.0
0.0
-1.67
1.67
7.0
1.33
9.0
6.0
3.67
-0.33
4.0
8.67
0.33
6.33
3.67
-1.33
1.67
0.33
-0.33
-1.0
3.0
-2.33
-1.67
7.0
7.33
1.33
9.67
4.33
3.33
2.67
4.33
2.0
1.0
-0.33
-0.67
-5.0
-2.0
-2.67
-1.67
15.33
5.67
1.0
1.0
7.67
0.33
-1.33
6.0
0.67
-0.33
-2.0
2.33
-2.67
2.67
1.0
-1.67
1.67
-0.67
-1.0
5.0
1.67
-2.0
1.0
8.33
4.0
1.0
-1.0
2.0
0.33
2.33
4.0
0.0
5.0
-1.67
-1.33
5.33
10.33
2.67
5.67
1.67
4.0
-2.0
3.33
2.33
0.33
2.33
2.67
0.33
1.0
14.0
-1.33
1.0
2.0
2.0
1.67
-2.0
-1.67
-3.67
2.67
-1.67
4.33
3.67
-3.0
0.67
2.0
5.67
2.33
7.67
-1.33
-0.33
-1.0
-0.33
-0.33
-2.33
6.0
2.0
3.67
0.0
1.0
3.33
5.67
4.33
3.33
4.33
2.67
5.33
4.33
3.0
-5.67
3.0
9.67
0.67
-2.67
0.67
2.67
5.33
0.67
6.67
1.0
2.67
-1.0
-1.67
3.33
-2.0
1.67
2.67
2.67
0.33
2.33
2.0
0.0
1.67
0.67
-0.33
-0.67
1.33
1.33
4.0
5.0
-1.33
0.0
5.0
1.0
7.33
6.67
3.33
4.67
1.0
4.33
2.0
-1.67
8.0
2.67
-0.67
3.0
5.0
-1.33
2.0
4.33
-6.0
3.67
0.0
0.0
0.0
2.33
4.0
1.33
7.33
0.0
-2.33
4.33
6.33
7.0
3.0
-0.33
-1.33
2.33
1.67
-0.33
0.33
1.33
5.0
0.0
3.33
5.67
0.0
6.67
-1.33
0.67
4.33
4.0
-1.67
1.67
-0.33
-1.0
-1.0
1.67
-1.67
3.0
0.67
-3.33
7.67
2.67
4.0
-0.33
1.33
1.33
3.67
-0.67
1.33
-1.33
3.33
2.33
-0.33
3.33
3.0
2.0
4.67
-0.33
0.33
0.33
2.33
4.67
0.0
2.0
0.33
1.0
2.0
2.33
1.67
1.0
3.67
0.67
2.67
0.0
5.33
1.33
1.67
-3.33
0.33
0.67
1.67
-0.67
-1.33
-3.0
2.67
0.67
0.67
0.0
-0.33
-0.33
0.67
0.33
1.33
-5.33
2.33
-1.33
-2.67
-2.33
0.33
-0.33
1.0
5.67
1.33
-4.67
3.33
2.67
3.33
1.0
0.33
4.67
-0.33
0.67
4.67
-0.33
4.0
-0.67
-0.33
-2.0
0.67
4.0
0.33
-1.67
-4.67
-3.0
1.33
1.0
-1.0
-5.0
0.33
2.0
-2.67
-1.0
0.0
-5.33
5.0
-3.67
2.33
-1.33
-0.33
3.67
4.0
-1.67
1.0
-3.67
-1.33
-1.0
0.67
-5.33
1.33
2.0
-3.0
-1.67
0.33
3.33
2.67
2.0
-3.33
0.0
-2.0
0.67
-2.33
-1.0
-2.67
-3.67
1.0
1.33
-3.67
-6.0
-1.0
4.33
-4.0
2.0
-3.33
2.0
-2.0
-5.33
3.67
-1.67
-2.67
1.0
-4.33
-2.0
-6.33
-2.67
-3.33
-5.67
-0.33
1.0
-2.33
-4.0
-1.0
-3.0
2.33
-1.33
-0.67
1.0
-2.33
-5.67
-2.0
-1.0
-2.0
-0.33
0.0
1.0
-2.67
7.67
0.67
0.67
9.33
-3.33
-8.67
-3.0
7.67
4.0
-1.33
-4.67
-1.0
-0.67
-2.67
0.67
2.67
-0.33
4.33
1.67
-0.33
-1.67
1.33
-1.33
-5.33
-4.67
1.0
-1.67
-6.0
-2.67
-5.0
1.33
0.33
3.67
-2.67
3.67
-3.0
2.0
6.67
-7.67
-5.33
-5.0
-2.0
-1.0
-1.0
-5.33
1.0
-5.33
4.33
4.0
3.33
2.0
-0.33
-4.33
-1.67
-3.33
1.67
-1.67
-4.67
-1.0
-4.67
6.33
3.67
1.0
5.0
1.33
0.0
0.67
-3.0
-1.67
1.0
3.0
-6.33
2.0
3.33
-1.67
-2.0
-4.33
2.33
-1.0
1.67
-4.67
-2.33
-7.33
-2.67
1.0
-4.67
-3.0
1.67
3.33
0.0
-1.67
-5.0
-1.33
-7.0
0.0
0.67
-0.67
0.0
-1.33
-5.0
1.0
0.0
4.33
8.33
1.33
2.33
1.67
2.67
-6.0
8.0
-1.67
-4.0
-1.0
-0.67
-4.67
-2.33
0.33
-3.33
3.0
-1.33
-2.67
1.0
0.33
-2.33
-4.0
0.33
-6.0
-1.0
-1.0
2.0
1.33
7.33
9.33
1.67
0.33
0.67
2.0
4.67
0.67
2.0
-2.0
-3.0
-0.67
8.33
-3.67
-1.67
5.67
0.33
4.67
-1.67
-2.0
2.33
-3.33
3.67
5.33
5.0
10.67
-7.0
1.0
6.67
3.67
1.33
13.67
-2.67
-2.67
3.0
1.67
4.33
1.33
2.0
4.67
7.33
0.0
6.67
2.33
11.67
0.33
10.33
4.0
20.67
18.33
15.33
17.33
20.67
28.0
22.0
21.0
24.33
15.33
12.33
9.33
18.67
17.0
7.0
9.33
13.33
0.33
11.33
4.0
10.33
6.0
-1.33
3.33
5.33
0.33
7.67
4.67
3.33
8.33
5.67
-2.67
23.0
15.67
15.67
16.33
6.33
12.33
12.33
16.67
26.33
35.0
37.0
40.67
54.67
46.67
52.33
68.33
60.67
39.67
54.33
51.67
30.67
36.0
34.67
28.0
20.33
23.33
23.67
9.0
5.33
9.67
12.0
8.33
15.33
8.0
10.33
2.0
14.33
13.0
14.33
9.0
13.33
13.67
4.33
9.33
24.0
14.67
8.33
18.33
17.67
20.0
16.67
12.33
17.33
5.67
17.33
-1.67
12.0
3.67
8.0
5.33
4.67
12.67
17.0
6.0
19.67
11.33
3.67
8.0
5.33
6.67
16.67
12.33
3.33
21.33
19.33
19.33
2.0
7.67
3.0
15.67
3.67
18.0
12.67
16.67
13.67
16.67
13.0
21.33
15.33
14.33
4.0
12.33
5.33
16.0
15.0
14.67
18.67
25.0
22.0
32.0
25.67
15.0
15.33
23.0
13.33
17.0
14.33
8.67
8.33
9.67
7.33
11.0
16.67
9.67
8.67
14.33
5.67
7.67
10.33
7.33
22.33
8.67
19.0
21.33
11.0
9.0
18.0
8.67
11.33
15.33
20.0
16.0
23.67
8.67
20.0
14.67
21.33
23.0
30.0
13.67
16.0
9.33
-2.67
11.0
17.67
2.67
17.67
9.0
19.67
5.33
16.0
9.33
3.33
4.33
5.33
2.67
11.67
4.0
11.67
5.0
4.67
7.33
9.0
3.0
1.67
9.67
5.67
7.0
8.67
1.0
23.0
10.33
10.0
10.33
6.0
12.0
12.33
17.0
0.0
22.33
11.0
12.33
7.33
6.0
12.0
24.67
9.0
5.0
13.0
8.0
5.67
6.0
4.33
13.67
17.67
5.33
6.33
14.67
4.67
1.0
11.0
18.0
4.33
9.33
14.33
7.67
10.67
10.33
16.67
5.67
23.33
29.0
33.67
56.67
43.33
46.67
40.67
63.0
59.33
71.0
67.33
61.0
85.67
91.67
102.67
129.33
97.0
103.67
123.33
119.0
101.0
78.67
97.33
77.33
60.67
44.33
60.33
52.0
34.67
27.0
28.0
23.67
15.0
16.0
15.0
8.33
16.0
8.33
13.0
19.0
17.0
26.33
32.67
17.0
21.0
38.33
40.33
36.33
34.33
37.67
51.0
45.33
48.0
51.33
57.33
66.33
71.33
49.67
48.67
60.0
47.0
63.67
64.67
56.67
49.0
64.0
60.67
78.67
70.67
69.33
75.33
67.0
76.67
70.67
62.0
64.0
63.33
56.33
53.67
62.33
34.67
34.0
42.33
28.33
21.0
25.33
29.33
26.0
15.0
24.0
15.67
23.0
0.67
18.33
14.33
16.0
9.33
15.33
13.33
11.67
10.0
7.0
15.67
14.0
13.33
9.33
12.0
16.0
18.67
6.0
10.0
21.33
5.67
7.33
3.33
9.67
10.0
15.0
9.33
6.67
8.0
11.0
13.33
23.33
10.67
29.33
16.33
22.0
20.33
22.33
14.67
12.0
12.67
23.67
23.0
26.67
16.0
25.67
11.33
19.0
8.67
23.67
37.33
34.0
25.33
21.67
42.67
32.33
32.0
34.67
26.0
26.33
14.0
25.33
23.67
34.67
32.33
26.0
19.67
25.33
28.67
17.67
26.33
24.67
40.33
9.33
28.67
21.0
17.0
7.0
15.0
16.67
12.33
10.0
19.33
-0.67
27.33
8.67
19.67
18.67
18.33
15.67
9.0
17.67
14.33
18.33
22.67
13.33
12.33
9.33
14.0
18.33
18.33
14.0
2.33
18.67
13.67
13.33
10.0
18.33
19.67
20.0
18.33
24.67
17.33
12.33
1.67
15.33
11.67
15.67
0.67
11.33
10.33
17.0
3.0
13.33
9.67
23.0
3.33
12.0
5.33
18.0
5.67
8.67
15.0
9.33
15.67
9.0
12.67
0.33
23.0
7.67
8.0
3.33
5.0
-0.33
7.33
11.0
1.33
5.33
3.0
17.0
9.0
7.67
18.0
-1.0
-5.0
5.0
-5.0
-3.67
7.67
5.67
0.67
17.33
3.33
3.0
4.67
20.33
16.67
-6.0
6.0
11.67
-0.33
3.0
-1.0
13.67
12.33
1.67
5.67
-3.33
-3.33
10.67
4.67
6.33
21.0
18.67
10.0
11.67
19.33
11.67
3.67
6.33
20.0
12.33
7.33
1.33
18.0
3.0
9.67
5.67
-4.33
2.0
12.0
-6.67
2.0
4.0
10.0
5.0
-0.67
7.33
14.0
18.0
8.67
-5.67
7.0
12.0
18.0
-5.33
0.0
5.67
9.67
-7.33
1.33
10.67
6.0
9.33
9.0
-2.67
4.0
-7.67
5.33
6.33
9.67
0.0
0.0
0.33
2.0
9.0
10.33
17.33
-7.0
7.67
5.67
12.67
0.33
-9.0
10.0
15.67
3.0
20.0
2.0
-3.33
14.67
12.67
15.67
11.67
22.33
6.67
6.0
17.33
6.33
3.33
4.0
18.0
-1.67
6.0
9.0
8.0
5.0
-6.0
1.0
3.33
27.33
1.67
7.0
13.33
9.0
1.33
5.0
2.33
-1.67
15.0
13.0
17.33
8.33
22.67
12.33
19.67
8.33
11.0
21.33
14.0
12.0
15.33
14.33
27.0
28.0
19.33
3.0
9.0
12.0
18.67
3.0
18.0
-0.33
11.0
7.33
10.33
8.0
20.33
9.67
-2.0
18.33
9.67
7.67
1.0
18.67
6.0
12.67
12.67
6.0
20.0
7.33
10.67
0.33
4.0
22.67
8.33
0.67
9.67
15.67
11.33
11.0
14.67
4.67
15.0
11.67
10.33
1.67
13.33
4.67
13.0
6.0
13.33
3.67
5.0
7.67
24.0
8.0
6.0
1.0
12.0
4.33
6.67
10.0
19.0
20.0
3.67
13.33
24.33
-5.0
5.0
5.33
16.67
4.0
15.0
8.33
6.0
2.0
8.33
8.67
17.0
13.0
-1.0
9.0
-0.33
6.0
11.33
0.0
12.33
5.67
-4.33
-2.67
4.67
-2.67
14.0
-3.0
3.33
-2.33
-3.67
3.0
3.67
1.33
8.33
5.67
18.0
6.67
7.67
4.67
13.33
14.67
7.67
9.67
11.0
-5.67
14.33
8.33
3.33
-0.33
11.33
3.0
9.33
-0.33
7.0
11.33
-2.33
7.0
-0.33
9.67
-1.33
7.67
4.0
4.67
0.33
4.0
-3.0
4.33
0.33
11.33
9.0
11.0
7.33
6.67
9.0
-3.33
12.0
1.33
-3.67
6.0
14.0
-2.33
16.33
-2.33
9.67
1.33
0.0
1.0
-3.0
4.0
-4.67
5.33
8.33
2.33
12.33
0.0
7.33
3.0
4.0
-1.33
2.0
6.33
5.67
14.0
-5.33
-1.0
0.67
1.67
3.67
0.33
0.0
5.0
7.33
2.33
3.67
9.0
5.0
2.0
1.0
6.33
12.0
5.33
15.33
-9.67
11.0
0.0
0.33
1.0
4.67
0.67
-4.0
2.67
6.0
0.0
10.0
4.0
15.67
-1.0
5.67
1.67
8.67
9.67
13.67
4.0
1.67
3.67
5.0
2.0
13.33
2.0
4.33
-1.33
2.67
7.67
11.33
10.67
2.67
8.33
-2.0
7.33
2.33
8.0
3.0
8.67
-0.67
2.67
1.67
-3.33
8.33
6.33
3.0
-2.33
-2.0
7.33
0.33
11.0
6.0
6.33
3.67
2.33
6.0
3.33
17.33
5.67
6.0
9.0
4.67
4.33
1.67
18.0
7.67
-3.0
5.67
4.0
10.67
-3.67
9.0
4.33
8.33
2.67
4.33
3.33
2.67
4.33
9.0
-2.0
2.67
-0.67
9.33
0.0
-1.0
5.0
4.33
0.67
3.67
2.33
6.67
3.0
6.33
-5.33
5.0
0.0
2.67
2.0
5.67
1.0
6.33
5.67
9.67
2.33
-2.67
15.33
11.67
1.33
2.67
2.67
8.67
6.33
-7.33
11.67
6.0
8.33
5.67
0.67
7.33
-3.33
-3.67
3.67
-4.0
5.0
10.0
2.33
2.67
9.33
6.67
3.67
5.33
0.33
2.0
4.0
5.67
3.0
2.33
8.33
-1.67
4.0
3.67
2.33
3.33
6.33
9.67
0.67
-2.0
8.33
2.0
-1.67
3.0
6.33
1.67
8.0
-2.33
0.33
1.67
-3.33
5.0
5.67
3.33
1.0
4.33
5.33
1.67
0.33
1.0
5.33
5.33
-2.67
5.0
8.33
5.67
11.0
-0.67
-0.33
1.67
7.33
-1.67
1.67
9.33
-3.0
1.67
1.0
4.0
4.33
-1.33
6.67
-0.67
3.33
-0.67
1.0
13.33
-0.33
5.0
1.67
2.0
3.33
1.0
1.67
11.67
0.67
3.67
2.67
-1.67
2.33
9.0
9.0
0.67
5.33
1.0
11.67
6.33
11.0
-0.67
-5.0
6.0
-3.0
-2.0
5.33
7.33
10.67
-0.33
1.67
-2.33
1.33
-4.33
-1.0
8.0
1.67
1.67
4.67
8.0
6.67
5.33
0.33
-4.33
0.0
-2.67
-3.67
3.33
1.67
-1.33
-3.33
4.67
3.67
11.67
4.67
6.33
0.33
4.0
-0.67
1.67
1.0
3.0
-0.67
3.67
-1.67
2.0
2.67
-1.0
8.0
7.67
-2.0
0.67
-0.67
5.67
4.0
5.0
-3.67
-3.67
-3.67
-1.67
-0.67
2.67
8.33
1.33
-4.67
-1.0
4.33
-2.33
4.67
2.0
3.67
2.33
-0.33
1.33
1.67
0.67
1.33
2.0
-0.67
2.67
1.33
2.67
4.67
-2.33
