0.0
13.67
-59.33
-57.33
-79.33
5.67
38.33
-67.0
23.0
-25.67
20.67
-4.33
33.67
82.67
15.0
2.33
-11.0
23.33
23.33
10.33
4.33
-25.0
10.33
-17.67
4.67
-13.67
-1.33
-2.67
3.0
1.67
5.0
-5.33
5.67
-1.33
-2.67
1.0
1.0
-2.67
-1.0
-0.67
1.67
-1.33
-0.67
-1.33
1.0
-0.33
-0.33
1.0
-0.33
-1.33
0.0
1.67
0.0
1.0
0.67
0.0
-1.0
-0.33
1.0
0.67
-0.33
-0.33
0.0
0.0
0.67
1.0
-0.33
0.0
0.0
-0.33
1.67
-0.67
0.0
0.33
1.0
-0.67
0.0
-0.67
-0.33
-0.67
0.0
0.33
-0.33
1.67
0.0
0.67
0.33
-1.0
-0.33
-0.67
-0.33
0.67
-0.67
0.33
-0.33
-0.67
2.33
5.0
0.67
0.33
-0.67
1.33
-1.33
0.67
-1.33
1.33
0.33
-1.67
2.0
1.67
0.0
-2.33
-0.33
0.67
2.67
3.0
1.67
2.0
-2.33
1.0
0.0
-2.67
1.0
0.67
-1.67
1.0
5.0
-3.0
1.0
1.33
-2.33
5.33
5.67
-0.67
3.67
-0.67
3.33
-0.67
2.33
5.0
2.67
2.67
-6.33
1.33
6.0
6.0
-2.0
3.33
7.33
6.0
-3.0
0.0
1.0
6.67
0.67
-7.0
5.0
0.0
4.67
2.67
2.33
1.67
-3.0
-1.67
5.67
-1.0
1.0
2.33
1.33
-1.67
11.67
0.67
9.33
3.33
2.0
-0.33
1.67
5.33
0.0
5.33
2.67
1.0
5.0
3.67
-1.67
-2.67
4.67
-0.67
6.67
8.0
3.0
4.0
-3.0
2.33
2.33
1.0
0.67
3.33
1.67
-1.0
11.0
6.0
-1.0
-2.0
0.67
3.0
5.0
3.67
3.33
1.0
-0.67
3.33
1.0
5.0
1.67
6.67
1.33
-0.33
5.67
-2.0
5.67
5.0
3.0
4.67
1.67
4.0
9.0
1.0
-1.67
3.0
1.0
8.33
-2.0
4.67
-0.33
-0.33
6.0
3.67
4.0
8.67
6.67
12.33
-3.33
10.0
-0.67
5.0
1.0
-0.33
2.33
4.0
3.33
5.33
6.33
10.67
3.0
2.0
-0.67
2.0
-0.33
-1.33
2.0
2.33
2.0
8.67
8.33
3.33
2.0
9.0
-1.33
3.0
0.33
0.67
0.67
4.67
5.0
8.0
-1.33
2.33
7.0
-2.0
4.0
2.0
12.33
3.0
6.0
7.33
-2.0
2.33
13.33
-8.0
3.0
-2.0
0.0
-0.67
4.0
4.0
3.0
0.33
2.67
-6.33
9.67
5.33
1.33
-1.0
-0.33
1.67
4.33
-4.0
1.67
1.33
0.0
-1.67
4.0
2.67
1.0
-1.0
1.0
1.67
-1.33
-3.67
0.67
0.33
1.0
2.33
5.33
5.33
11.33
0.33
-2.67
10.67
-1.0
11.67
-7.33
7.33
2.33
1.33
6.33
1.33
2.33
-3.0
-6.33
3.67
-5.33
4.67
10.33
3.33
-3.33
0.67
4.0
9.67
6.0
-0.33
-3.33
-0.67
-0.67
4.67
1.0
-1.33
2.67
2.33
0.33
1.67
3.0
6.0
-1.67
-4.33
0.33
1.67
0.33
3.67
-3.0
-1.0
-0.67
1.67
7.0
6.33
-1.0
7.0
8.67
0.67
-2.0
2.67
3.33
7.33
0.67
6.67
2.67
5.33
3.67
4.0
-1.0
-3.33
4.33
7.0
2.33
-3.67
-3.33
0.33
8.33
3.67
1.33
7.0
1.0
-4.33
9.33
-2.0
-5.0
-1.67
-1.67
-1.67
2.67
5.0
3.0
5.67
-2.67
-3.33
6.0
-1.33
5.67
4.0
-2.67
2.33
2.67
0.0
4.33
0.67
1.33
7.0
3.0
-2.33
1.0
6.0
7.33
4.0
1.0
1.0
1.0
-1.67
1.33
4.0
3.0
6.0
-3.67
3.67
-2.67
3.33
0.67
2.67
-0.33
0.0
3.0
4.33
-2.67
-3.67
-1.67
3.67
6.33
2.0
3.0
4.67
1.0
1.0
1.0
2.67
-1.0
0.33
7.33
2.67
1.33
-0.67
-1.33
3.0
-1.33
4.0
-1.33
3.33
0.67
7.67
2.67
-1.0
-0.33
-3.33
-2.33
7.0
-1.0
-1.33
4.0
1.0
0.33
0.67
1.33
3.33
3.33
-0.33
4.33
12.33
2.0
-0.67
-2.0
2.67
-1.33
-1.67
-0.33
-1.33
2.33
-0.33
-1.33
3.0
-1.33
0.0
-0.67
2.33
5.0
0.67
0.67
-2.33
1.33
3.33
-1.0
-1.0
-0.33
1.67
2.67
3.33
-1.67
-3.67
0.0
0.0
0.67
3.0
-2.0
0.0
2.33
-0.33
-1.67
1.67
6.0
3.33
3.0
2.33
0.0
-2.33
3.33
5.0
0.0
-2.33
4.0
4.33
-4.0
-0.33
-1.0
2.0
6.0
2.33
1.0
4.33
2.33
-1.0
-4.33
0.33
3.33
1.0
4.0
-1.33
-1.33
1.33
1.67
-0.33
1.33
-1.67
4.0
0.0
7.33
2.67
2.0
7.67
-0.33
3.67
-1.67
2.0
-1.67
4.67
4.67
1.0
1.0
-2.33
-6.67
2.0
-0.33
1.67
0.67
0.67
2.0
1.67
2.33
7.33
5.67
-1.67
-1.67
-0.33
1.33
4.33
-3.33
0.33
1.0
6.0
-0.33
-3.33
-0.67
2.33
2.33
0.67
0.0
-1.0
-3.67
-3.0
-1.0
-1.67
0.67
-4.0
0.67
2.67
0.67
-2.0
-1.67
-0.67
-0.33
3.67
-0.67
1.67
0.67
-1.67
-0.33
-3.0
-1.33
-2.33
-0.33
2.0
-1.33
-1.33
-1.33
-5.67
-1.67
-0.33
-0.67
-3.33
-2.67
-2.33
1.33
-0.33
4.0
0.67
7.33
0.33
0.33
3.67
5.33
0.0
2.33
-3.33
-0.33
-1.33
2.67
0.67
2.0
2.33
2.67
-3.0
0.67
-2.0
-3.67
1.33
-6.67
1.0
-1.67
2.0
4.0
0.0
-2.67
-1.0
-1.67
-1.0
1.0
1.67
-2.0
-1.67
-2.67
-1.33
-5.33
6.67
-6.0
2.33
1.0
-3.67
-1.33
-2.0
7.67
-4.33
-4.67
1.0
-1.0
0.33
1.33
-3.67
-0.33
2.0
-4.33
0.0
3.0
3.67
2.67
0.0
1.33
-3.67
0.0
3.33
-5.67
-2.0
2.0
6.33
-5.0
0.0
-1.33
4.0
-2.0
-8.33
0.67
-4.67
1.33
0.0
-4.33
3.0
-3.33
1.33
-7.33
-6.67
-2.33
-3.0
3.67
-5.0
7.0
-5.0
-2.67
1.67
-3.67
0.0
-2.33
1.33
-1.0
-1.0
-4.0
-5.33
-1.0
5.0
-0.67
-1.33
-5.33
2.67
2.33
-4.33
-4.67
1.0
-0.33
0.0
-1.33
0.33
0.0
-2.67
-2.67
1.67
1.67
-1.33
6.33
-7.33
-4.33
-0.67
-2.67
1.67
-3.33
-0.67
-2.0
0.33
-7.0
-2.67
-1.0
-0.67
-0.67
-0.33
-2.67
-2.33
1.0
0.0
4.67
0.33
-3.33
-1.0
-3.0
4.0
-3.0
0.67
0.0
3.67
1.33
5.0
1.33
-3.0
0.67
1.67
-8.67
1.67
-0.33
-0.67
-1.67
2.0
0.33
7.33
5.67
0.0
3.0
-0.67
-1.0
-1.33
1.0
-1.67
1.0
1.0
1.67
-1.0
0.33
1.33
1.0
0.67
3.33
0.0
2.67
-4.67
0.67
-2.33
-0.67
-3.0
1.33
-5.0
-2.33
-1.67
1.0
7.33
-3.0
0.67
1.0
6.0
7.67
3.33
1.0
-5.33
-2.0
9.0
1.0
4.33
6.33
1.33
2.33
0.67
0.67
2.0
10.0
-0.67
-5.0
-1.0
1.33
-4.67
-3.33
4.33
-1.33
1.0
-0.33
1.33
0.0
7.33
8.67
-5.0
3.33
1.0
-4.0
10.0
-3.0
2.33
7.33
8.33
5.67
-2.67
2.67
4.0
2.67
-3.33
2.0
-4.0
0.0
-4.67
5.33
1.33
-5.67
-1.33
-0.67
7.67
11.33
2.0
2.33
2.67
12.67
3.33
11.0
5.67
-9.0
5.0
5.67
-1.33
2.33
0.67
-0.67
-3.67
2.0
-7.33
12.33
3.33
7.0
5.67
22.33
20.0
14.67
25.33
27.67
15.33
24.33
36.0
27.67
36.33
28.33
32.33
43.67
33.0
43.0
33.0
36.33
35.33
41.33
37.33
29.67
28.0
15.0
22.33
12.33
17.33
22.33
11.0
19.33
13.0
12.67
18.33
5.33
0.33
8.67
8.67
3.33
-1.67
4.67
-0.67
11.0
4.67
9.67
8.33
10.33
5.33
-0.67
8.67
3.33
6.0
11.0
11.67
2.67
6.67
14.33
18.33
16.67
18.67
16.33
24.67
12.67
20.0
17.67
19.0
28.33
12.33
16.67
7.0
13.33
17.67
16.0
17.33
11.33
14.0
18.33
5.0
11.33
8.0
10.33
7.0
6.33
2.67
10.33
10.33
15.0
-1.33
11.33
2.33
5.67
2.0
14.67
9.33
3.33
1.67
3.33
0.33
10.0
4.67
7.0
12.33
5.67
13.67
14.0
21.0
3.67
11.33
10.67
4.0
15.33
11.67
10.67
6.33
9.33
14.33
17.33
2.33
8.0
5.67
9.0
4.67
13.67
7.0
19.67
20.67
17.67
6.67
16.0
33.33
27.33
36.33
31.0
21.33
21.33
51.0
45.0
35.67
33.67
43.0
42.0
21.0
32.67
24.0
19.33
22.0
19.33
16.0
12.33
9.67
23.33
4.67
10.33
13.0
9.67
10.67
2.67
12.33
19.67
6.67
6.33
18.33
16.33
10.67
8.0
2.33
10.0
23.0
20.0
19.67
17.33
1.33
24.0
22.0
9.67
27.67
15.0
13.67
20.33
21.0
14.0
12.67
9.0
5.33
15.33
15.0
4.67
4.67
3.67
6.0
3.67
6.33
13.0
9.33
6.33
2.33
4.33
4.67
13.67
16.0
10.67
10.0
7.67
9.33
7.0
15.0
4.67
15.67
8.67
12.0
19.67
19.0
10.0
7.33
13.0
7.33
19.0
10.0
3.33
27.0
21.0
31.33
16.0
18.33
13.33
13.0
19.0
5.67
29.0
9.0
8.0
22.0
6.67
16.0
8.33
13.67
10.67
5.33
2.33
9.67
13.67
7.0
9.0
23.0
8.33
4.33
-1.67
19.67
-0.33
5.33
20.67
18.67
20.33
23.0
7.67
37.67
7.33
15.67
24.67
32.0
26.33
19.0
29.33
50.0
48.67
47.67
39.67
61.33
31.0
54.67
66.33
53.0
57.0
81.67
76.33
66.33
65.67
107.33
93.33
91.0
87.67
74.0
65.0
71.67
64.0
56.0
45.0
38.33
28.0
20.33
34.0
18.0
27.0
17.33
15.67
20.0
22.0
16.33
19.33
9.33
25.33
17.67
32.0
27.33
41.0
36.33
36.33
49.33
46.33
44.67
45.67
38.0
49.0
62.67
62.67
60.67
76.0
57.0
63.67
48.67
50.67
51.33
61.33
55.0
62.67
53.67
40.0
43.0
42.33
34.33
37.67
45.33
41.67
11.0
39.33
26.33
27.0
31.33
19.33
23.0
27.0
30.0
24.67
18.0
19.67
27.33
12.33
10.0
12.33
19.33
15.33
23.67
13.0
23.0
10.67
16.0
9.33
8.33
13.0
13.0
18.67
19.0
14.0
2.33
4.67
19.33
3.33
3.67
9.0
7.0
9.33
1.67
11.0
12.0
9.33
8.33
13.67
17.33
5.33
12.0
13.33
20.33
12.67
9.0
1.67
12.67
15.0
28.67
11.0
14.67
19.33
11.0
22.67
22.67
23.33
36.0
25.33
36.67
26.67
12.33
32.0
22.67
22.0
23.33
25.0
15.33
28.67
19.67
28.33
32.0
34.67
17.33
36.67
30.67
28.33
8.67
10.33
16.33
19.67
17.0
24.0
23.0
12.0
14.67
20.33
11.0
16.33
11.33
20.33
25.67
23.67
19.67
38.33
34.67
22.0
18.67
25.33
27.33
16.67
24.33
23.33
21.33
6.0
13.33
13.33
20.0
17.33
10.67
6.67
11.33
10.0
16.33
20.67
19.0
20.33
21.67
20.33
9.33
22.67
18.33
18.67
12.67
6.67
2.33
6.33
6.0
15.0
18.33
12.67
19.0
9.33
7.0
1.33
12.0
12.67
8.67
5.0
9.33
8.67
2.0
17.67
8.33
17.0
3.67
8.0
9.33
5.0
21.67
5.33
-2.0
3.33
11.33
7.0
14.0
-1.0
3.67
6.0
14.0
18.0
10.0
2.0
12.33
11.67
8.67
16.67
4.33
7.33
0.0
0.67
18.33
5.67
-3.0
3.0
8.67
1.67
0.0
-5.0
6.67
11.33
3.67
5.67
10.67
9.67
10.67
10.67
6.33
7.0
-2.33
-7.0
6.67
10.33
8.67
25.67
9.33
11.0
7.33
10.33
25.33
7.0
3.0
3.67
11.67
-1.33
23.0
10.0
-2.67
3.0
2.0
2.0
11.0
5.33
4.33
8.0
15.0
1.67
-1.67
2.0
6.0
8.0
6.67
8.0
2.67
10.67
0.67
4.33
-4.33
11.0
2.33
16.0
7.33
4.0
-1.67
5.33
17.33
5.67
11.0
-4.0
6.33
-1.0
11.0
17.33
7.33
10.0
6.67
7.67
6.67
4.33
-3.0
4.0
3.67
3.0
6.0
1.0
3.67
9.67
-0.33
7.67
3.67
13.33
10.67
4.0
4.33
7.33
-1.67
5.0
10.0
10.33
-2.0
-2.0
12.0
1.0
14.0
3.0
4.33
2.33
9.67
11.0
9.33
6.0
7.33
6.0
8.33
7.33
25.0
13.0
1.33
12.33
18.67
4.33
18.67
7.33
5.0
10.33
6.0
8.0
3.33
12.33
10.0
22.0
5.33
8.0
3.0
10.0
3.67
4.0
18.0
4.67
22.0
9.33
7.33
14.0
3.33
10.67
15.0
8.33
15.67
13.67
7.0
4.67
14.0
-5.33
7.67
10.0
3.0
12.33
23.67
-1.67
11.0
14.67
-0.67
10.67
-0.33
8.67
1.33
5.0
11.67
6.67
4.0
24.67
12.33
-0.33
11.33
7.67
6.0
4.0
3.33
1.67
23.0
12.67
10.0
9.0
5.0
18.0
14.0
12.33
0.67
1.0
6.0
-2.0
2.67
3.33
19.33
-6.0
-2.0
3.33
9.67
14.0
16.0
9.33
12.0
17.0
7.33
8.67
7.0
8.0
10.0
11.0
7.67
2.0
5.33
2.0
-5.67
5.67
14.67
13.33
1.67
0.33
17.0
12.0
5.33
11.67
2.33
7.0
1.67
-6.67
4.33
9.67
10.0
7.67
1.67
6.67
12.33
14.67
3.67
11.67
7.0
11.33
-4.67
12.33
4.33
-1.33
4.33
10.0
17.33
4.67
2.0
2.33
8.67
6.0
-5.33
5.67
-3.33
8.67
2.0
4.67
-2.67
1.0
-1.0
3.33
3.33
13.33
1.0
6.0
-0.67
-1.33
9.0
-0.33
18.0
-3.67
7.33
-1.0
2.0
7.67
10.33
-2.33
6.67
0.33
6.0
6.0
9.0
5.0
-4.67
1.33
-4.67
-4.67
3.33
10.0
11.33
2.0
0.0
0.67
23.0
-0.67
2.67
7.0
-2.33
1.0
0.67
-2.33
2.67
6.33
2.0
12.0
-2.67
4.33
11.67
11.0
4.0
8.0
0.0
0.33
10.0
-2.67
12.33
-0.67
2.0
6.0
6.33
3.0
8.67
3.67
-1.0
5.67
-2.0
9.0
4.0
-7.0
6.67
5.0
1.67
-0.33
2.67
2.67
1.67
3.0
6.67
4.67
-3.0
7.0
0.33
-4.0
3.33
4.67
-2.33
7.67
9.33
-2.33
6.67
6.33
-4.0
4.33
7.33
4.0
6.0
3.67
-2.67
7.67
-5.33
4.67
3.33
-2.67
0.0
2.67
-4.0
6.33
7.33
1.0
-6.0
5.33
11.67
2.33
5.0
-3.67
7.33
6.67
0.0
2.0
-2.33
7.33
2.67
0.0
3.67
0.0
-0.33
8.0
0.67
-0.67
4.0
-1.67
0.33
0.67
5.33
4.33
7.67
-0.67
8.0
3.0
7.67
6.33
6.33
5.0
-3.0
8.0
9.33
8.67
-3.33
-6.67
2.67
0.0
-0.67
1.67
6.0
12.0
12.67
14.0
1.67
-1.0
2.33
4.67
2.67
5.33
-7.67
8.33
2.67
8.33
1.67
-4.33
-0.33
8.33
-2.33
-1.33
-1.0
7.33
6.67
1.67
4.33
-3.33
-1.67
6.67
2.0
1.0
10.0
1.33
3.67
6.33
6.67
3.67
8.33
6.33
3.0
10.0
4.67
4.0
7.33
6.33
4.33
7.0
4.67
-2.67
6.33
1.33
0.67
-3.33
3.0
0.33
-2.0
4.33
5.0
10.33
2.67
-2.0
1.67
-0.67
3.67
-0.33
5.0
3.67
2.33
3.0
2.33
-0.67
0.67
0.33
4.0
4.33
7.33
0.33
4.0
2.33
6.67
3.0
-2.67
-1.33
9.67
2.33
8.33
-1.33
7.33
3.0
-3.33
-1.0
1.0
8.33
4.67
0.67
4.33
8.33
8.33
0.0
4.33
5.67
3.0
8.67
4.0
3.33
6.0
-3.33
4.67
3.67
1.67
4.67
10.33
1.33
-2.0
2.0
-3.33
8.33
14.0
9.67
6.33
1.0
4.33
2.0
1.0
0.0
5.0
5.33
2.33
-4.33
6.67
7.67
2.67
6.33
3.67
4.0
-1.0
4.67
0.67
7.67
1.0
7.67
11.33
6.33
-1.33
8.0
0.33
0.33
1.33
1.67
8.67
6.67
0.67
0.67
-1.33
3.67
6.33
2.33
0.0
1.33
0.67
5.0
8.0
0.33
3.67
-2.67
2.0
1.67
1.0
3.0
9.67
5.0
-2.33
-0.67
-3.33
3.0
7.0
3.33
0.33
2.33
-0.67
1.33
6.67
0.33
1.33
2.33
-2.0
4.33
3.67
-0.33
3.0
3.67
2.33
2.67
1.33
-2.33
-2.33
7.33
0.0
2.33
4.67
-4.67
4.67
3.67
1.67
