0.0
31.67
-35.33
31.67
-28.33
-12.33
10.33
39.0
30.0
38.33
-32.33
9.67
-24.33
40.67
-17.0
-30.67
5.0
-37.67
-30.67
2.33
-10.67
-22.0
9.33
-11.67
18.67
8.33
-14.33
6.33
9.0
1.67
-7.0
-3.33
4.67
2.67
5.33
4.0
2.0
0.33
-1.0
1.33
-1.33
-1.33
1.33
-1.33
1.0
-0.33
-0.33
0.0
-0.33
-1.33
0.0
0.67
0.0
0.0
-0.33
1.0
-1.0
-0.33
1.0
-0.33
-0.33
0.67
0.0
0.0
-0.33
1.0
-0.33
0.0
0.0
-0.33
-0.33
-0.67
0.0
0.33
0.0
2.33
1.0
-0.67
-0.33
-0.67
-1.0
-0.67
3.67
-0.33
1.0
0.67
-0.67
-1.0
-0.33
0.33
-0.33
-0.33
0.33
-0.67
0.67
0.33
0.33
-1.0
-0.33
-0.67
-0.67
0.33
0.67
1.67
-0.33
2.33
-1.67
-1.67
1.0
-0.33
1.0
1.67
-0.33
0.67
0.67
1.0
4.67
1.0
6.67
3.0
1.0
-0.67
3.0
0.67
-0.67
-1.0
1.0
1.0
1.0
7.33
0.67
7.33
-1.33
0.33
4.67
2.33
2.33
0.33
5.33
-1.0
0.67
0.67
2.67
0.33
4.0
5.0
0.0
3.33
5.33
6.0
-1.0
10.0
-4.0
3.67
0.67
-4.0
-2.0
-2.0
-4.33
3.67
2.33
0.67
-1.0
1.33
1.67
5.0
-1.0
6.33
3.33
3.33
1.67
8.67
2.33
0.33
-7.0
3.67
1.67
5.33
1.0
6.33
3.67
4.0
4.0
1.67
2.33
4.33
1.67
-2.67
3.67
5.0
8.0
-2.0
8.0
9.33
-0.67
-1.0
3.67
4.33
4.67
-1.0
-4.0
7.0
-3.0
0.0
4.67
6.0
2.0
1.67
7.33
10.0
4.33
-3.67
-5.0
-2.0
6.67
5.67
4.33
-3.33
3.67
2.0
3.67
5.0
0.0
-1.33
7.67
1.0
0.0
2.0
-1.67
8.0
-6.0
7.33
2.0
0.67
-0.33
4.67
7.0
3.67
-2.0
6.67
7.67
5.33
4.67
-1.0
5.33
-2.0
6.0
-4.33
4.33
6.0
-0.67
10.33
4.33
7.67
5.0
4.0
-0.67
3.0
11.67
4.67
1.0
2.33
0.0
0.67
2.33
1.33
-5.0
4.0
4.67
3.0
6.33
0.67
0.67
3.67
-2.0
12.0
-2.33
-1.67
5.0
-2.0
12.0
5.0
2.33
2.0
4.0
6.33
4.0
1.33
6.33
-4.0
-1.0
3.0
-1.0
4.33
7.0
3.0
2.0
3.33
2.67
-1.33
4.67
-0.67
1.33
8.0
5.67
-0.33
6.33
-4.0
5.67
-0.67
9.0
-2.67
3.0
3.67
3.0
2.0
5.0
2.67
3.67
-6.67
0.67
-2.67
4.0
0.33
2.33
2.33
-1.67
8.33
4.33
-0.33
1.0
2.67
-1.33
4.33
1.33
-2.67
0.33
1.33
2.33
-1.0
-1.33
5.67
-2.33
-1.33
7.33
7.33
-2.33
0.67
0.0
0.67
6.0
-3.33
3.67
0.33
6.33
4.67
2.0
2.67
-1.33
8.33
0.33
0.67
7.0
4.0
0.33
-1.33
-4.67
0.67
4.33
-3.33
0.0
1.0
6.33
-2.33
6.0
4.33
3.0
4.0
2.67
-3.33
1.0
-0.33
2.33
5.33
-1.33
5.67
-3.33
0.33
-0.33
-1.0
4.0
3.67
1.33
0.0
5.33
-4.67
-1.33
5.33
4.33
1.67
2.33
3.0
-2.0
-1.33
1.33
-1.0
-2.0
3.33
-1.67
3.33
4.67
-1.0
3.0
5.67
-0.67
-0.33
4.0
4.67
-3.33
3.0
1.33
6.33
1.67
3.0
2.33
-4.33
-2.67
1.0
-1.0
-2.33
-1.0
-1.0
3.33
-3.0
2.0
4.0
2.0
3.33
3.33
-2.0
1.0
7.0
0.33
5.67
1.33
1.33
-2.33
-3.33
0.67
2.0
4.0
1.33
-0.67
-1.67
5.33
0.67
2.33
-1.0
-2.0
0.67
0.0
2.0
3.0
0.67
2.0
-0.67
-0.67
-0.33
-4.67
9.33
0.67
-1.0
2.67
-2.0
-0.33
1.33
2.67
2.67
4.67
1.0
3.67
-3.33
0.67
4.0
5.0
0.67
-1.0
0.0
0.33
1.67
4.33
2.33
4.33
-2.33
-2.67
0.33
3.0
-3.67
-1.0
-1.33
-2.33
-0.67
4.67
3.67
0.33
-4.33
4.67
5.0
3.67
4.0
-1.67
-3.67
1.0
2.67
0.67
2.67
5.33
-0.67
9.0
-1.0
3.67
-3.33
-3.33
-0.67
1.33
-2.67
1.0
1.0
-0.33
2.0
-4.0
-1.0
1.33
-0.33
3.33
-2.33
3.0
-0.67
5.0
0.33
5.0
1.67
-1.67
5.0
1.0
3.67
-1.0
2.33
0.0
-1.33
-1.0
-2.0
1.0
0.33
0.0
1.33
3.33
6.0
-3.33
5.33
2.33
5.0
4.0
-3.33
-0.33
4.33
2.67
-2.33
-1.67
0.33
6.0
-2.0
6.33
0.67
5.0
3.67
-3.33
1.67
0.33
0.0
-2.67
4.67
-0.33
-2.0
4.0
2.67
1.33
2.0
1.67
0.67
-2.33
6.67
2.0
1.67
-1.67
2.33
0.67
1.33
-3.67
2.67
1.33
4.33
0.67
4.33
2.0
2.0
-1.33
3.67
-1.67
1.33
-1.67
-0.33
2.0
2.0
0.33
2.0
2.0
-2.67
-2.33
-1.0
2.67
-0.33
5.67
-2.0
3.33
-0.67
4.67
5.67
2.33
2.67
1.67
-0.67
3.67
-5.0
-0.33
0.67
0.67
2.0
-3.33
3.67
-0.33
0.33
3.33
-1.33
-1.67
-3.33
-1.67
-0.33
1.33
-2.33
0.0
-2.33
-0.67
1.33
2.33
1.67
1.33
-1.0
-3.67
1.67
-1.33
-0.33
1.67
-0.33
7.0
-1.67
1.67
2.0
2.67
0.0
1.33
1.33
-6.67
1.0
-4.67
0.0
-2.0
0.0
5.33
-3.0
-1.67
1.0
0.0
-2.33
3.0
0.33
2.33
0.67
-1.33
1.67
3.0
-0.67
-3.0
1.33
-6.33
0.0
2.67
-6.33
6.33
0.0
0.0
-0.67
0.33
-4.67
-2.33
0.0
-2.33
3.0
6.0
-0.33
-4.33
-1.0
2.33
-2.67
7.0
2.33
-1.67
0.0
-1.0
0.33
2.0
1.0
0.67
3.0
2.0
-5.33
2.67
-1.67
-3.67
2.0
1.67
3.0
-2.33
-6.67
-2.33
-2.67
-6.33
-2.0
-0.33
4.0
-6.0
-5.0
2.33
-1.33
-2.67
1.0
0.67
-1.67
3.0
-2.0
-6.0
2.67
-2.0
-4.0
-8.67
5.67
0.67
3.67
2.33
-4.33
-4.67
-1.0
-1.33
6.0
-3.33
-6.67
2.0
2.33
-4.67
-1.33
2.67
2.67
2.33
4.67
0.67
-0.67
-2.67
-1.33
-0.33
-5.67
-1.0
5.33
-1.0
-0.67
-2.0
-3.67
2.33
-2.33
-4.67
0.67
2.0
5.0
3.67
1.33
3.67
-3.0
-2.0
2.0
-2.0
-2.33
-1.0
3.67
3.33
2.0
1.33
-3.0
-1.33
2.67
-1.67
8.67
3.67
-4.67
-1.67
5.0
-1.67
3.33
0.67
0.0
6.0
7.33
-3.0
-1.33
7.0
-2.67
3.0
-1.0
-1.33
-8.0
-1.67
-0.67
1.0
-3.33
7.33
2.0
-0.33
-3.67
-3.33
3.67
-1.67
1.0
7.33
-5.0
6.67
-3.67
2.0
4.33
-1.0
1.67
0.0
5.0
3.67
4.33
5.0
4.67
-1.0
5.0
-1.0
5.33
-0.67
5.33
0.33
2.67
2.67
-1.0
-2.0
-3.67
-1.0
1.0
-0.67
-0.67
-2.33
-5.67
8.67
3.0
-6.33
7.33
3.0
4.33
5.67
1.0
3.33
1.0
-4.0
2.0
3.0
-1.67
-4.67
12.33
5.67
-5.67
-1.33
6.0
4.67
-0.33
5.0
-3.0
0.0
-5.67
6.33
3.33
0.33
-3.33
3.33
8.67
-0.67
4.0
0.33
4.67
0.67
8.33
-2.0
6.67
8.0
12.0
15.67
0.67
6.33
13.67
3.33
-0.67
17.0
2.67
7.33
14.33
1.0
3.67
22.33
15.0
16.67
21.33
17.67
17.33
29.33
15.0
22.67
29.33
35.33
36.33
39.67
39.0
44.0
44.0
42.33
44.33
36.33
30.33
32.67
42.0
27.0
33.33
14.33
16.33
8.33
15.0
14.33
3.0
8.67
5.33
2.33
0.33
4.67
8.67
-1.67
12.33
5.67
1.33
13.0
11.67
7.67
4.33
7.33
4.33
10.33
18.67
15.33
9.0
11.0
25.67
14.67
23.67
36.33
24.33
44.67
33.67
30.33
45.67
46.67
53.0
36.67
59.0
67.33
67.33
39.67
53.0
46.33
30.67
44.0
39.33
45.33
37.0
20.33
25.0
44.33
39.0
41.33
42.0
51.33
53.67
57.33
32.33
46.0
37.67
35.33
19.33
30.67
33.0
21.67
13.33
24.33
21.67
8.33
6.33
-1.0
13.67
24.0
2.33
4.67
11.67
17.0
22.0
11.67
29.33
24.67
22.0
21.33
33.67
44.67
33.33
21.33
34.33
24.33
16.33
20.0
21.67
28.0
29.67
14.67
10.0
15.67
13.67
23.67
16.67
19.0
15.33
7.33
29.33
21.0
4.33
29.33
43.0
26.0
23.67
27.67
41.0
33.0
20.0
33.67
52.0
54.33
57.0
49.33
58.0
58.33
62.67
67.33
51.67
69.33
57.0
52.67
40.67
38.67
34.33
39.67
14.67
30.33
25.33
18.33
14.67
22.0
10.33
9.0
14.0
13.0
23.67
10.33
7.33
15.0
19.0
12.67
5.67
20.0
18.67
28.33
27.0
17.0
27.67
20.0
7.33
15.33
15.0
13.67
7.67
4.67
15.0
15.67
-2.67
18.0
10.33
15.33
10.33
3.33
10.67
18.67
21.0
15.67
9.0
6.67
6.33
2.0
10.0
12.67
10.67
8.67
26.0
19.67
20.0
13.0
5.33
3.0
8.33
5.0
20.0
11.33
29.0
28.0
29.33
6.0
17.33
11.33
17.0
21.0
17.67
20.0
21.0
36.0
25.0
16.67
26.0
15.33
17.67
19.67
15.33
15.33
14.67
12.67
12.0
15.0
26.0
18.33
23.33
15.33
25.67
4.67
28.33
48.67
29.67
51.33
67.0
73.67
87.67
111.33
108.67
135.67
186.0
184.33
192.0
219.33
217.0
208.67
272.67
243.67
247.33
231.0
245.67
210.33
212.0
188.0
194.67
164.33
167.33
141.67
153.33
110.33
110.0
92.67
74.0
79.0
67.67
38.0
41.0
29.0
45.33
29.0
26.33
26.0
23.0
25.0
17.33
26.67
31.0
8.0
26.33
9.33
21.33
6.33
21.67
29.0
21.33
32.0
28.33
34.33
25.33
46.33
42.67
47.67
51.0
51.0
60.67
27.67
52.67
47.0
61.0
52.67
40.67
49.67
47.33
54.33
66.0
42.67
53.67
46.0
49.0
51.33
36.33
49.67
49.33
47.67
41.0
38.33
33.33
29.0
34.33
27.33
19.0
28.0
22.0
22.67
15.0
17.67
25.33
17.33
10.0
13.33
8.33
8.33
28.67
10.0
3.0
9.67
9.0
14.33
9.33
20.0
7.0
9.67
12.0
10.0
8.33
5.67
11.33
8.33
-0.33
7.0
10.0
23.33
11.67
19.0
8.0
9.33
9.33
12.67
13.33
16.33
5.0
22.33
16.33
7.67
10.0
16.67
18.67
18.0
21.67
29.0
22.67
34.33
13.0
25.67
22.67
44.33
26.0
29.33
23.67
39.67
23.33
47.0
35.67
38.0
43.33
51.0
41.33
32.67
41.67
46.33
41.0
42.67
57.33
47.67
23.67
31.33
33.67
39.33
36.33
22.67
27.0
19.0
21.0
29.0
9.67
21.33
23.0
16.33
3.33
13.33
12.67
21.67
21.67
10.33
24.67
32.0
18.67
13.33
32.33
31.67
34.33
23.33
35.33
17.0
25.33
23.33
18.0
19.33
23.67
20.67
20.33
18.0
9.33
8.67
14.0
12.33
7.67
20.33
-0.67
9.67
14.33
5.67
7.67
2.67
-1.67
12.33
-5.0
22.0
-0.67
12.67
23.0
24.33
12.0
12.33
9.0
16.67
3.67
16.0
16.33
17.67
3.0
8.67
6.33
8.0
-0.33
7.0
13.33
12.0
17.67
7.33
6.0
3.33
0.33
-2.0
20.0
7.0
22.67
15.0
5.0
2.0
14.0
3.0
4.33
8.67
5.67
7.67
7.33
3.33
2.0
11.67
6.33
8.67
2.0
2.0
3.67
5.67
10.0
9.0
27.67
3.33
11.67
8.67
3.67
11.67
9.67
0.67
13.33
0.0
-0.33
-2.0
11.67
2.33
10.67
15.67
5.33
10.0
-1.67
5.33
10.33
2.0
1.0
7.67
7.67
-5.33
7.0
9.0
6.33
12.0
16.0
-2.0
19.0
6.33
2.33
1.0
8.0
3.67
14.33
2.0
-4.0
4.0
5.67
5.0
11.67
18.67
-1.33
6.33
2.67
-2.0
11.33
8.0
-8.67
8.0
-3.67
15.33
12.33
26.67
12.0
11.0
9.33
7.0
1.0
6.33
1.33
10.0
4.67
-12.33
6.67
0.33
12.0
14.0
-9.33
-3.0
10.0
1.0
13.67
-3.33
-2.33
5.67
-0.33
6.33
-3.33
9.0
6.33
-4.67
-0.67
1.0
3.0
12.33
10.0
11.0
9.0
5.0
11.0
-8.0
-1.67
-1.67
4.67
17.0
10.33
0.0
1.33
12.0
3.33
7.33
4.0
5.0
10.33
7.33
11.67
15.33
11.67
11.33
13.0
15.33
24.0
22.0
16.33
14.33
5.0
8.0
-0.67
-2.0
3.0
24.0
-2.33
15.0
13.0
14.67
14.0
16.33
17.33
9.0
14.33
12.67
16.0
10.33
10.67
18.67
-6.0
22.67
6.0
-1.33
14.67
18.0
16.0
5.33
8.67
12.33
13.0
8.67
17.33
0.67
3.67
19.67
3.33
12.0
7.67
2.67
13.0
9.67
10.33
10.67
3.33
7.67
-3.0
-1.0
10.33
-0.33
-6.0
4.67
8.0
0.0
3.0
5.0
-3.0
2.33
-5.33
12.0
6.0
7.0
10.67
1.33
9.33
14.0
-10.0
-0.67
8.67
8.0
4.0
-0.67
7.0
8.0
3.33
-6.33
4.0
5.0
-16.0
8.0
-8.33
1.0
3.33
5.0
6.33
0.67
0.67
2.33
11.67
0.33
3.0
7.0
8.33
8.67
8.33
3.0
17.67
-1.67
4.33
1.67
14.0
5.67
2.67
2.67
7.33
5.67
-6.33
-6.33
-5.0
0.33
-1.67
12.33
-3.67
0.67
2.33
6.0
8.33
-2.33
-2.0
-1.67
6.67
3.0
8.67
11.67
-7.33
4.67
-1.0
1.67
-4.67
-4.0
4.0
7.33
2.33
10.33
-10.0
7.0
6.33
2.67
4.0
-3.33
12.0
-0.67
11.33
10.0
5.0
10.67
1.33
-1.33
14.67
5.33
-1.0
6.0
4.0
0.0
-4.67
0.33
1.33
1.33
-6.67
-3.0
5.33
-1.0
0.0
3.67
9.0
3.33
4.67
3.0
-4.33
1.0
4.67
-3.33
12.67
3.33
0.0
2.0
-9.67
18.33
1.67
6.0
6.0
-2.0
2.0
4.33
1.0
6.33
15.33
3.33
9.0
7.0
-0.67
14.0
3.67
3.67
6.0
6.67
-1.0
9.0
4.0
2.0
7.67
-1.0
3.67
2.67
-2.33
0.67
3.67
6.0
-2.33
8.67
3.0
6.0
13.33
-2.0
5.33
9.67
-0.33
6.67
1.33
4.67
0.67
5.33
-5.0
3.33
16.33
5.0
-2.0
-2.33
-3.67
3.67
-6.33
-2.33
-4.67
9.33
4.0
-1.33
3.0
2.33
-0.67
-1.0
1.0
1.33
6.67
0.33
10.0
2.33
10.33
3.67
1.0
10.0
2.67
5.33
-0.33
0.0
1.67
-7.0
2.67
6.0
-2.33
-3.67
4.0
5.33
3.33
-7.33
5.33
-2.67
3.67
0.33
13.0
-4.0
2.67
0.33
2.33
-2.0
-1.0
2.0
2.33
0.67
1.67
6.33
-3.33
3.0
-0.67
3.67
10.0
3.0
-5.33
-4.0
-1.33
2.0
2.33
3.67
3.67
5.33
-3.67
1.33
6.67
2.33
-1.33
-1.33
-3.33
1.33
-7.33
2.67
7.0
-0.67
-1.33
4.67
1.33
2.67
-0.67
8.67
3.0
-1.0
5.0
2.33
5.67
3.33
8.67
-2.33
6.33
5.33
-4.0
0.0
4.67
17.0
2.33
9.33
3.33
14.0
-0.33
-1.67
-2.67
-1.67
2.67
2.67
2.0
14.33
2.0
5.33
3.0
5.33
-0.33
6.0
2.67
-4.67
5.67
-1.33
7.0
-2.33
5.33
-1.0
7.33
2.33
1.67
4.33
5.0
2.33
-1.67
8.33
2.0
0.33
2.67
3.0
1.33
-4.33
0.67
4.33
-3.67
7.67
2.33
4.0
-2.33
9.0
2.0
4.33
-2.33
-1.33
-2.67
2.33
3.33
3.0
0.33
-0.33
4.0
3.67
3.0
-0.67
1.0
1.67
3.67
4.67
-0.33
-0.33
-0.67
-1.67
1.0
3.0
0.67
4.33
12.0
10.67
3.33
-1.0
5.33
7.0
3.0
2.0
1.0
7.33
3.33
0.67
3.67
0.67
10.67
1.33
2.67
8.0
5.0
-1.33
-0.33
5.67
-4.0
6.67
5.33
11.33
2.67
8.0
2.33
3.33
1.33
0.67
5.67
-0.33
2.67
-0.33
-0.33
-1.33
-0.67
3.33
-1.0
1.33
11.67
1.0
6.0
-0.67
5.67
-4.67
7.0
9.67
-1.0
1.0
5.67
1.0
-5.33
5.33
-3.33
-2.0
3.0
5.33
3.33
4.33
-3.67
2.33
5.67
-1.67
13.33
0.33
-1.0
2.33
2.67
-1.33
-1.0
-4.33
4.33
-2.33
1.33
-4.33
0.67
-2.67
1.0
1.33
-2.33
2.33
2.67
6.67
0.67
