0.0
37.67
-28.33
-109.33
-49.33
-36.33
87.33
-7.0
47.0
43.33
23.67
-32.33
31.67
36.67
-19.0
14.33
-19.0
-8.67
5.33
18.33
-21.67
-14.0
-20.67
-6.67
34.67
12.33
2.67
-18.67
-10.0
0.67
-5.0
-2.33
7.67
12.67
-1.67
4.0
-4.0
3.33
1.0
-1.67
-0.33
0.67
-0.67
0.67
0.0
1.67
-0.33
1.0
-0.33
-1.33
0.0
-0.33
0.0
0.0
0.67
0.0
-1.0
-0.33
0.0
0.67
-0.33
0.67
0.0
0.0
-0.33
0.0
0.67
0.0
0.0
-0.33
-0.33
1.33
0.0
-0.67
1.0
-0.67
0.0
-0.67
0.67
0.33
2.0
-0.67
-0.33
-0.33
0.0
-0.33
0.33
-1.0
-0.33
-0.67
-0.33
-0.33
-0.67
-0.67
0.67
-0.67
-0.67
0.0
-0.33
-0.67
-0.67
0.33
0.67
-1.33
-0.33
1.33
1.33
1.33
2.0
-0.33
0.0
0.67
-0.33
2.67
2.67
4.0
2.67
0.0
-0.33
-3.0
3.0
-3.67
5.0
1.67
-2.67
3.0
-1.0
-1.0
-1.0
4.33
-0.33
0.33
3.67
3.33
-2.33
3.33
-1.67
1.33
6.33
2.0
8.67
3.67
-0.33
4.33
5.0
3.0
-1.0
3.33
1.33
6.0
11.0
3.0
-3.0
5.67
-0.33
-5.0
2.0
-7.0
-4.33
4.67
-2.67
3.67
-6.0
9.33
0.67
5.0
1.0
11.33
-1.67
5.33
6.67
3.67
8.33
1.33
0.0
2.67
-3.33
2.33
1.0
-2.67
7.67
2.0
5.0
3.67
7.33
-1.67
6.67
-1.67
4.67
-1.0
3.0
-1.0
6.0
1.33
2.33
3.0
0.67
9.33
-1.33
5.0
1.0
6.0
9.0
5.0
-1.33
6.0
2.0
-1.33
6.33
8.0
4.33
-4.67
2.0
7.0
6.67
12.67
1.33
-5.33
3.67
2.0
0.67
6.0
-1.0
-0.33
5.67
3.0
1.0
6.0
4.33
7.0
0.0
2.33
1.0
4.67
-2.33
1.67
4.0
5.67
7.0
11.67
3.67
2.33
-4.33
1.0
3.33
-2.0
5.0
0.67
4.33
5.0
5.33
3.33
2.33
0.67
-3.0
1.0
-5.67
5.0
3.67
1.67
3.0
2.33
-2.0
7.67
-0.67
2.33
6.0
9.0
-0.33
7.0
-3.67
6.67
3.67
4.67
-2.0
3.0
-0.33
0.33
7.0
-2.0
3.0
1.0
-0.67
4.0
4.0
1.33
3.0
-1.67
4.33
-5.0
3.0
3.0
5.0
1.33
0.0
0.0
2.0
-4.67
-2.33
-4.33
2.67
10.33
0.33
5.0
4.67
6.67
6.33
-6.0
0.67
-2.67
5.0
1.33
6.0
3.67
1.0
9.0
5.0
4.67
5.67
2.33
4.67
9.33
5.0
1.33
2.33
0.33
-0.67
6.33
-0.67
-1.33
2.0
2.67
-5.33
3.33
0.33
-0.67
1.33
-0.67
7.33
1.0
3.67
7.67
-1.33
-1.33
-0.67
4.33
-2.33
-0.33
9.0
10.67
4.0
0.67
4.67
2.33
5.33
0.67
6.0
-3.33
-3.33
4.33
-1.67
1.67
-2.0
6.0
-1.67
5.67
1.33
6.67
1.33
-2.33
-6.0
-1.0
3.33
2.67
2.0
4.33
2.0
5.0
0.67
1.67
4.0
4.67
7.33
5.33
0.67
1.67
-0.33
0.33
-2.33
2.0
4.0
-1.33
-3.67
1.0
0.33
-1.67
6.67
-2.67
0.33
-0.33
0.33
1.0
-4.0
3.67
4.33
5.0
-3.0
0.33
1.33
1.33
3.67
3.0
-2.0
2.67
8.33
-2.33
-1.0
6.67
1.67
3.0
-1.67
-1.67
5.67
0.0
2.33
-2.33
-1.67
-2.0
1.0
-2.33
0.0
3.0
-1.67
1.0
1.0
-1.0
-1.0
5.33
2.33
1.0
4.0
3.0
-3.67
5.67
3.33
1.33
6.67
3.67
3.67
4.0
1.0
2.33
-0.67
5.33
-4.67
0.67
0.33
0.0
6.0
-2.33
-3.0
-1.0
4.0
4.67
2.0
2.33
-1.67
3.67
1.33
6.33
0.67
-3.0
3.67
3.0
-1.33
4.33
2.67
2.67
-1.33
2.0
-0.33
-1.33
-4.33
-1.0
1.0
0.67
1.0
2.0
-2.67
2.67
4.33
1.33
2.33
-2.33
-1.67
1.33
-2.0
-4.67
-4.0
1.67
-0.33
3.33
3.67
-3.33
0.33
0.67
-1.33
3.0
0.67
0.0
0.33
-0.67
2.0
-0.33
-1.33
7.67
1.33
0.33
7.0
3.0
-1.33
-2.33
1.67
4.33
0.33
2.33
-1.0
3.0
0.67
0.0
-1.0
-3.0
-1.67
-0.33
4.33
-1.33
-2.0
-1.67
-1.0
5.33
3.0
-2.33
5.33
1.0
0.0
1.67
-1.0
-0.67
-3.0
0.67
1.0
3.0
-1.0
4.33
1.0
-2.67
-0.67
-1.0
-3.33
-0.67
-0.67
2.0
6.0
-4.33
0.67
1.33
3.67
0.67
1.33
1.33
2.0
0.0
0.33
-2.33
-1.0
1.67
0.67
1.67
0.33
9.0
2.33
3.67
2.67
-3.0
-1.0
-0.33
-1.67
-1.0
-2.33
3.67
0.67
9.67
-1.0
-1.33
2.33
4.33
-1.33
-3.67
-0.67
3.67
-3.67
5.33
-0.33
-0.67
2.0
1.0
0.67
-3.33
0.33
1.33
1.33
0.67
-4.0
-1.0
0.33
3.0
7.0
-1.67
0.67
-4.0
0.67
3.67
-2.33
0.0
2.33
0.33
0.67
3.67
-0.67
5.67
1.67
1.33
0.67
-3.0
-3.33
-2.33
-3.33
1.0
-2.33
0.67
-1.33
2.33
-0.67
0.67
1.33
-1.33
-3.67
-4.33
-0.67
-3.33
3.0
-0.33
2.33
1.33
5.33
0.67
4.33
-2.0
-0.67
0.67
-1.33
-1.33
2.67
-1.33
6.0
-3.67
1.67
-3.0
1.67
0.0
5.33
-3.67
-3.67
-2.0
2.33
2.0
3.0
-3.0
4.33
-2.0
-0.67
-4.0
-4.0
-5.33
1.0
4.33
-3.67
-3.33
-5.33
1.67
2.0
-3.67
3.0
1.33
-0.33
2.0
7.67
-2.33
7.33
1.0
0.0
0.33
1.33
0.33
-1.33
-1.0
-4.33
-3.0
1.0
-1.33
-2.33
1.0
-0.67
-1.67
4.0
5.33
-1.67
-5.0
2.0
-0.67
-4.0
-2.0
3.67
-1.0
-5.0
-7.33
-2.33
-2.67
-1.67
0.0
-5.33
2.0
1.67
0.33
-5.33
-0.67
-2.33
-7.0
-2.33
-4.0
-4.0
-7.0
1.33
2.67
0.33
-3.0
-0.33
-0.67
1.0
-1.0
-3.0
-0.33
-2.0
-1.0
-1.67
-0.33
-3.33
1.67
8.33
-2.33
-0.67
-2.0
0.67
6.0
-5.33
1.33
3.0
-0.67
-0.67
-6.33
-0.33
-6.33
1.33
-4.33
-0.33
3.33
-5.67
-1.33
-6.33
-6.67
2.0
-1.67
-5.0
6.33
-3.0
-2.67
1.33
-6.33
4.33
-3.33
-2.0
-1.0
11.67
-0.67
-1.33
2.0
1.0
-2.0
-6.0
3.67
9.0
8.67
0.33
2.0
2.33
-5.0
1.67
0.67
0.33
-1.33
2.67
6.33
-2.67
-1.0
1.33
-0.67
5.67
8.0
3.0
4.33
3.0
0.67
1.0
-1.67
4.0
9.0
-2.33
-4.0
-2.67
-1.67
1.0
-3.33
-0.67
4.0
2.67
-4.67
2.67
-1.33
3.33
-5.0
2.33
-3.0
8.67
1.33
6.0
-3.67
2.0
-1.33
6.0
3.0
3.67
3.33
6.0
4.67
4.0
10.0
5.0
0.33
0.33
-3.67
5.33
-1.33
2.67
2.0
-3.0
-0.67
-1.0
-6.0
-0.67
-4.67
3.67
4.33
4.67
-4.0
-7.33
5.33
1.0
5.33
-1.33
-9.0
3.33
4.0
3.0
-2.0
11.0
8.33
-1.67
12.33
12.67
-1.67
-0.33
2.0
-5.33
-0.33
1.0
1.0
6.0
-3.67
6.33
1.33
10.33
-1.33
8.33
2.67
5.33
2.0
2.33
9.67
6.67
-3.67
6.0
12.67
-1.0
0.0
10.67
13.67
11.33
9.67
-0.67
5.33
1.0
2.67
-3.67
-1.67
-1.0
8.67
22.33
4.0
8.67
14.33
11.67
21.33
21.33
12.0
20.67
14.33
20.33
18.33
18.67
31.0
48.0
38.0
44.33
40.33
37.33
28.33
34.67
21.0
40.0
33.33
21.33
20.33
14.33
20.0
13.33
3.0
2.67
14.33
16.33
5.33
4.67
10.67
6.33
7.33
14.67
4.33
11.0
1.67
4.67
-0.67
5.33
15.33
12.33
7.67
6.33
9.0
11.0
9.67
15.67
27.67
18.33
10.33
33.67
32.67
41.33
33.67
58.67
54.0
61.67
63.0
74.33
92.33
96.67
86.0
79.33
76.67
76.0
64.33
68.33
57.0
58.33
57.0
46.33
45.0
62.33
58.0
49.33
59.67
68.33
52.33
82.0
31.67
39.33
36.33
30.67
29.0
20.67
22.33
17.33
18.67
30.33
13.33
9.0
4.67
11.0
11.33
11.67
14.67
18.0
19.0
21.67
20.33
10.67
28.0
28.33
28.67
45.67
24.33
28.33
36.33
37.33
35.33
20.0
24.67
19.0
26.67
24.67
21.0
25.67
14.67
19.67
18.67
19.0
18.33
16.33
25.33
25.0
24.33
14.33
26.0
25.0
24.67
38.67
32.0
51.0
46.0
54.67
51.0
76.33
72.0
87.33
86.0
104.33
75.67
75.33
73.67
83.33
59.0
72.67
52.67
39.67
35.33
48.67
31.67
23.33
34.33
21.33
21.67
23.0
19.33
31.0
31.0
33.0
26.67
35.33
16.33
28.0
22.0
14.67
18.67
20.0
20.67
36.33
23.0
23.0
25.67
13.0
9.33
6.33
18.0
14.67
15.67
9.67
5.0
12.67
7.33
19.0
12.33
4.33
13.33
11.33
13.67
10.67
7.0
17.67
7.0
12.67
9.33
10.0
4.0
21.67
9.67
7.67
11.0
12.67
18.0
21.0
7.33
16.0
12.33
12.0
20.0
16.33
23.0
13.0
25.33
16.0
19.33
19.33
17.0
17.0
18.67
24.0
6.0
17.0
5.0
7.67
20.0
13.33
1.67
13.67
17.33
15.33
14.67
13.67
17.0
14.0
16.0
16.33
11.33
24.33
20.67
8.67
31.33
35.67
20.67
42.33
44.0
60.67
64.67
89.33
90.67
119.67
182.0
171.33
200.0
195.33
197.0
215.67
265.67
296.67
263.33
298.0
275.67
311.33
300.0
280.0
256.67
254.33
218.33
187.67
186.33
174.33
145.0
119.67
103.0
81.0
80.67
65.0
53.0
33.0
36.33
29.0
20.33
16.0
26.0
26.0
20.33
20.67
16.0
16.0
19.33
15.33
30.33
36.33
33.67
31.0
27.33
33.0
38.33
33.33
39.33
34.33
61.67
47.67
42.0
59.0
57.67
42.67
55.67
42.0
48.0
59.67
72.67
47.67
41.33
52.33
43.0
51.67
41.67
33.0
58.0
49.33
25.33
34.67
40.33
35.67
41.0
23.33
37.33
15.0
37.33
37.33
18.0
33.0
28.0
29.67
17.0
30.67
12.33
22.33
11.0
18.33
21.33
9.33
12.67
19.0
12.0
7.67
0.0
17.33
9.33
7.0
16.0
0.67
9.0
10.0
11.33
3.67
6.33
15.33
8.67
13.0
6.0
8.33
13.67
4.0
3.0
7.33
8.33
13.67
13.33
2.33
5.0
18.33
13.33
8.67
16.0
19.67
16.67
13.0
11.67
13.0
24.67
20.33
16.0
14.67
19.67
22.33
33.0
22.33
32.67
27.67
24.33
26.0
16.67
15.0
33.33
36.0
27.33
28.67
18.67
25.33
18.0
32.67
25.33
25.67
9.67
16.33
10.67
19.33
9.33
23.67
9.0
17.0
12.0
21.0
6.67
12.33
15.0
22.33
-2.67
17.33
2.67
23.67
14.67
18.33
9.67
9.0
2.67
15.33
19.33
8.67
11.33
15.33
23.33
5.0
10.33
18.33
26.0
14.33
19.67
11.67
6.33
23.0
6.33
8.67
10.0
7.33
11.67
19.33
10.33
15.67
12.33
10.67
10.67
4.67
2.33
15.33
3.0
0.0
17.33
9.67
26.0
-3.67
11.0
-1.67
5.0
13.67
5.67
0.0
9.33
8.67
12.0
5.67
4.33
10.0
7.67
8.0
5.33
13.0
15.67
14.33
9.0
3.33
6.33
-1.0
10.0
8.0
3.67
7.0
-6.0
10.0
5.0
9.0
3.33
7.67
13.67
1.67
-3.67
1.33
-2.0
8.67
12.33
3.67
2.0
-1.0
9.67
-3.33
18.0
22.0
1.67
1.33
21.67
2.67
9.67
11.67
15.67
8.67
11.33
7.0
22.67
7.0
23.67
17.33
4.67
10.67
0.33
3.0
-6.67
5.33
16.33
19.0
3.0
11.67
13.67
2.67
9.0
15.0
13.33
7.0
7.0
14.0
11.0
2.33
2.33
2.0
5.0
-1.33
-2.67
5.0
-1.0
6.0
11.67
16.0
-3.33
5.67
11.67
10.33
8.67
-2.0
13.33
7.0
-3.67
16.0
-1.67
5.33
9.33
7.67
4.0
6.0
17.33
9.0
12.0
4.33
3.33
5.0
15.67
12.67
5.67
-0.67
10.0
7.0
4.67
16.0
4.0
-4.0
-7.33
3.67
16.67
3.67
-0.33
4.33
0.67
6.0
12.33
-3.67
4.33
9.0
20.0
3.33
4.0
4.0
11.0
4.0
13.0
-5.0
-2.67
14.33
6.67
12.0
9.33
9.0
9.33
-4.0
9.33
5.33
7.0
8.0
-1.67
6.33
13.67
5.33
1.67
1.33
11.0
-3.67
9.0
9.0
16.33
4.33
12.0
24.0
12.33
-2.0
22.0
24.0
15.67
6.0
17.0
13.67
6.0
1.33
10.33
10.0
22.33
18.67
2.0
16.33
5.67
13.67
9.0
4.67
13.0
4.67
9.67
15.0
11.0
12.33
10.67
17.33
8.0
17.67
22.33
14.67
4.67
4.67
14.33
0.0
6.67
-3.33
-2.0
-1.33
14.33
0.67
0.33
14.67
-13.0
-1.0
5.33
-4.33
2.0
9.67
8.0
2.0
8.0
11.0
-3.0
9.33
3.67
3.0
-3.0
4.0
9.67
5.33
2.33
5.0
-2.0
-0.67
3.67
5.0
7.0
1.33
-6.0
15.0
-2.67
3.67
5.0
-2.0
6.0
9.0
-2.33
14.0
-5.67
-2.0
12.33
2.67
2.67
3.33
10.67
3.33
7.0
2.0
-1.67
4.67
-6.67
1.0
5.67
-4.67
7.33
6.67
4.0
7.67
5.67
0.67
9.33
5.67
-0.33
12.67
9.0
5.33
-4.67
-2.67
8.33
1.67
2.33
7.0
13.33
-1.33
0.0
1.33
7.67
4.0
0.67
1.67
-0.33
-1.33
-6.0
7.67
-6.67
5.0
7.0
5.33
3.33
9.33
0.0
8.0
10.33
-5.33
4.0
-3.33
4.0
2.33
1.33
7.0
-1.0
6.67
7.33
0.67
8.67
-1.67
7.0
12.0
0.0
3.0
0.33
9.33
-8.67
-4.67
2.33
10.0
0.33
8.0
10.0
10.67
19.0
12.33
4.67
10.0
-2.33
10.0
8.67
9.67
16.67
-4.67
-2.0
17.0
12.33
8.33
12.67
11.0
16.0
8.0
13.0
3.33
6.0
15.33
10.33
7.33
0.0
1.0
4.33
9.0
5.67
11.67
-6.0
-0.33
-1.0
6.0
10.0
-3.0
7.67
1.0
10.67
4.67
0.67
3.67
-3.33
-1.0
-0.33
8.67
11.0
-2.0
2.33
-3.0
6.33
4.67
-6.33
-1.33
-4.67
-1.33
4.67
4.33
-1.0
11.33
11.33
2.0
8.0
6.67
5.33
3.67
0.67
-2.33
-1.67
5.33
2.0
-0.33
3.0
1.33
4.33
8.0
0.0
2.33
2.67
-1.67
4.0
-0.67
7.33
0.67
5.0
3.0
1.67
6.33
6.67
3.0
4.67
8.0
-1.33
10.0
1.67
-1.67
4.0
2.33
5.33
8.67
9.33
0.33
2.67
8.33
5.0
-5.0
5.67
-4.67
-0.67
-2.0
5.0
-1.0
6.33
0.67
8.67
2.33
1.67
-1.0
8.33
-6.33
10.0
10.0
6.67
11.0
3.67
1.0
-3.67
1.67
12.67
1.33
0.33
-2.67
-5.33
6.33
-0.33
1.67
-7.33
3.33
1.67
1.67
-2.0
4.33
-0.33
-2.33
1.33
6.67
5.33
2.67
-6.0
4.0
4.0
-1.67
8.67
2.33
5.67
4.67
4.33
-5.67
-9.0
-4.0
-3.33
0.0
3.33
6.33
3.33
12.0
7.67
-0.67
-2.67
5.33
3.67
6.67
7.0
5.33
9.0
-0.67
7.0
9.33
4.67
1.0
3.67
6.33
1.67
3.67
4.0
7.67
5.33
1.0
4.33
-5.67
-4.33
6.33
-4.0
-0.67
0.33
2.33
0.0
1.33
4.67
3.0
-1.67
3.67
0.67
-4.67
-1.67
1.67
8.33
-7.0
4.67
-1.0
3.0
-1.67
-0.33
-1.33
0.33
2.33
5.33
3.0
2.33
-6.33
4.0
2.67
1.0
10.33
-1.0
4.67
10.67
-0.33
4.67
-1.33
5.33
8.33
-1.0
3.0
-1.33
4.33
7.0
8.67
-3.67
2.0
-1.67
1.0
3.0
3.0
-2.0
-0.67
4.33
2.67
0.67
2.67
5.67
7.33
-3.33
4.0
11.0
1.67
-1.33
3.67
5.0
3.67
3.33
2.33
-2.33
-3.0
-1.67
-5.67
2.33
-2.33
1.67
-0.33
11.67
5.67
-1.33
-1.33
-0.67
8.33
-3.0
-2.67
3.67
2.0
12.0
6.33
6.67
2.33
1.0
-1.33
3.0
0.0
3.67
0.0
1.67
6.33
5.67
5.0
6.0
1.33
0.33
2.33
-1.67
-0.67
6.67
-2.67
6.33
0.33
-2.0
3.33
-2.33
4.67
-1.0
-2.33
-3.67
-0.33
-3.67
1.67
-0.33
-0.67
-1.0
-2.67
2.67
-1.67
4.67
3.67
-1.33
