0.0
39.33
58.33
31.0
-9.67
33.33
2.0
69.0
14.0
-19.0
-8.33
32.0
27.33
50.33
-24.67
-17.33
1.67
-35.67
5.33
-13.67
-7.33
15.67
13.33
20.67
1.33
5.33
-3.0
-10.0
-8.0
9.0
-3.67
-1.0
3.0
1.67
-1.0
2.67
0.67
0.0
0.33
1.0
0.67
1.67
-0.33
-0.33
-0.33
-0.33
-1.0
1.0
0.0
-0.33
-0.33
0.0
-0.67
-0.67
1.0
-1.0
0.0
0.0
1.0
0.0
0.33
-0.33
0.0
-0.33
0.67
-0.33
1.0
0.33
-0.33
-0.33
-0.33
2.0
-0.33
-0.33
1.0
1.0
0.67
0.0
1.0
0.0
2.0
0.33
0.67
-1.33
0.0
-0.67
-0.33
-0.33
0.67
-0.33
1.0
0.33
0.67
-1.0
-1.0
1.0
-1.0
-0.67
1.33
-0.67
-1.67
-1.67
-0.67
-2.33
-1.0
-0.33
-0.67
-0.67
-1.0
5.33
-0.33
-1.33
3.33
0.0
2.0
-1.0
-0.33
-3.33
2.67
3.33
2.33
-1.67
-4.0
0.67
2.33
1.0
-1.33
-3.0
4.33
-2.67
3.0
-1.67
-1.67
3.33
-2.0
2.0
-2.67
0.67
2.33
0.33
-1.0
1.0
-0.33
0.0
-0.67
9.0
-2.0
2.33
2.0
-0.67
3.0
0.0
-1.0
-2.0
8.67
3.33
1.33
5.33
-1.33
2.67
0.33
2.33
6.67
0.67
3.33
-3.67
-2.67
-3.0
11.33
-0.33
-1.33
-3.33
-5.67
2.33
2.0
-4.67
-1.67
-5.67
-3.33
6.0
-0.67
-2.0
3.33
1.67
6.0
-1.33
1.33
-2.67
0.67
0.67
-4.67
-6.67
-0.33
6.0
3.0
8.0
-4.67
-2.67
5.33
3.0
-1.33
-1.0
2.33
9.67
5.33
5.0
3.0
-1.67
0.33
0.67
2.67
5.0
1.33
-0.33
3.67
1.67
-0.33
2.0
0.33
6.0
4.67
2.67
-5.33
-0.33
4.67
4.67
5.0
0.33
-2.33
7.33
5.0
6.0
3.67
0.67
4.33
-2.0
3.33
-1.67
-1.67
1.33
-2.0
2.67
5.33
-1.33
-3.67
8.0
1.0
2.67
1.33
-3.67
2.67
-0.67
1.67
0.0
0.33
-3.67
4.0
9.0
-3.67
3.0
4.67
0.67
-2.67
2.0
3.33
2.33
3.0
-2.67
1.0
-3.0
0.67
5.33
-0.33
5.0
8.67
2.0
0.33
-3.33
-0.33
1.67
0.67
5.0
2.67
0.33
-5.67
1.33
-0.33
2.0
0.33
1.33
-2.67
0.0
3.67
-0.67
4.33
10.0
11.0
4.33
6.33
0.0
6.67
-3.0
2.33
6.33
-1.0
2.0
0.0
-1.67
3.0
-3.0
2.67
6.0
3.0
12.67
1.67
-1.0
-1.67
0.0
-0.33
11.33
1.67
3.0
2.33
-3.33
5.0
4.0
4.33
3.0
5.0
0.0
-2.33
4.33
5.0
-2.67
3.33
5.33
1.67
-2.0
2.33
-0.67
1.67
-4.67
3.33
0.33
5.0
3.67
4.0
-0.33
3.67
0.33
3.0
1.0
6.67
7.67
3.67
2.0
0.67
-1.33
-1.33
2.33
4.33
0.0
0.67
2.67
-1.33
-3.67
-5.67
3.33
0.33
3.0
-2.33
7.0
-2.0
-1.33
-3.0
-3.67
2.0
2.0
2.0
-1.0
-1.33
0.33
4.67
7.67
6.0
3.0
-0.33
0.0
-0.33
-2.33
2.0
1.67
3.33
1.67
-2.33
3.0
5.33
2.67
10.0
3.33
1.0
1.0
0.67
-1.67
4.33
8.67
6.0
-3.33
-1.0
0.0
1.33
9.0
-0.67
-3.0
-3.0
-3.67
1.33
1.0
5.33
-1.67
3.0
-5.0
1.33
-1.67
0.67
3.33
1.67
3.0
2.33
4.67
3.33
2.67
0.33
2.67
-3.67
2.33
5.0
3.33
4.67
-1.67
4.33
-5.33
1.67
7.0
5.67
-1.67
1.67
5.67
7.33
-2.33
1.67
0.33
1.0
0.33
2.67
-0.67
-7.0
0.33
5.33
0.0
4.0
-2.33
0.0
-2.0
-4.33
-0.67
-1.67
5.33
1.67
-3.33
-4.33
-2.67
0.0
-0.33
-3.0
-3.33
3.0
0.0
-0.33
-1.33
4.67
-1.0
1.33
-2.33
-0.33
0.33
-5.33
2.0
-2.67
-1.33
-1.33
-0.67
0.0
-3.0
1.0
-0.33
1.33
4.33
2.67
-0.33
-3.0
-0.67
-4.33
-2.67
0.0
-0.67
0.33
2.33
3.0
3.33
5.0
-0.33
3.33
0.67
-3.67
4.67
2.33
1.33
5.67
2.33
-0.67
2.0
-1.0
-3.33
1.0
1.0
-1.0
-1.0
-3.33
2.33
2.33
0.67
-4.33
-3.67
-3.33
1.0
-2.33
-5.0
2.33
6.0
1.67
-1.0
3.33
2.0
-1.67
0.67
-2.33
-2.33
3.0
4.0
6.67
-0.67
4.33
3.67
1.33
-3.67
2.0
3.33
2.33
-4.0
3.67
-1.67
1.67
-0.67
-2.67
2.0
0.33
-2.67
1.0
-0.33
-2.0
2.0
-1.33
5.0
-4.67
3.0
-1.0
-1.33
-4.67
2.0
-1.33
3.33
-1.67
3.67
-1.33
-2.0
-3.67
0.0
-7.33
-2.33
1.33
2.33
-1.0
-1.67
4.33
1.67
4.0
-2.33
-1.67
-0.33
-3.0
-1.33
-0.33
1.33
0.67
5.67
-1.67
-1.0
-2.67
1.67
-3.67
0.67
-0.67
1.67
2.33
-0.67
0.67
1.0
0.67
0.33
-6.0
-1.67
1.0
-1.0
-1.33
0.0
-5.0
2.67
4.33
-4.33
-3.0
3.33
4.67
0.33
-4.33
-1.67
-3.0
-1.67
0.67
1.33
-2.67
-1.67
0.67
0.0
-1.0
0.0
0.33
7.67
-0.67
-1.33
-0.67
-0.33
-3.0
-1.67
-1.33
0.0
-1.0
0.67
3.67
0.0
-7.33
1.67
0.0
-1.33
-5.33
-3.0
-5.67
2.67
-6.33
-3.33
-2.67
-8.67
-3.0
2.33
-5.0
-4.0
-3.67
-2.67
3.0
-1.0
-1.67
-3.0
-1.0
-0.67
-6.67
-2.33
-2.0
-2.33
-2.67
-8.33
1.0
-6.33
2.33
-2.0
-4.0
-4.0
0.0
-4.33
3.33
-2.33
-7.33
8.33
-5.33
-3.33
-0.67
3.0
5.67
-3.0
-1.0
3.67
-0.33
-4.67
-0.33
-1.67
-2.33
1.33
-1.67
-0.33
-0.33
-3.33
-1.33
-3.0
1.67
-3.0
-0.67
3.33
3.0
-0.67
0.0
-2.67
-2.67
-2.0
-6.33
-5.0
-3.0
-4.33
-4.33
-0.67
-8.0
-0.67
-6.33
-3.0
-7.0
-2.0
-2.0
4.33
4.0
-6.0
0.0
-9.0
-5.0
-2.67
-4.0
-3.33
0.33
-1.67
-6.67
-6.67
-6.0
-4.33
-2.67
-0.33
-6.0
-1.33
-5.33
-3.0
-7.33
0.0
-4.0
1.67
-4.0
-9.0
-0.33
-11.67
3.67
-2.0
0.67
-2.33
7.0
-0.67
-4.33
-4.67
0.0
-1.33
3.67
-8.0
-1.33
-1.0
-10.0
-4.33
-4.33
-3.33
1.0
5.33
-2.67
-4.0
7.33
7.0
6.67
13.67
19.67
14.67
10.67
7.0
10.0
24.33
13.0
15.0
28.67
40.0
32.33
33.33
42.0
31.33
37.33
34.33
35.67
29.0
22.67
21.0
16.33
9.67
19.33
12.67
9.33
-1.67
11.67
11.0
1.67
14.0
1.33
5.67
2.0
0.67
5.0
-3.0
5.67
-3.33
1.33
1.0
3.67
-1.67
1.67
-7.0
2.0
0.0
-2.0
-4.0
-3.0
4.33
8.0
9.67
5.67
-4.0
-2.67
-0.67
4.67
-5.67
2.67
-5.0
-10.67
-2.33
-3.0
1.33
-6.33
-7.0
0.33
-3.67
-5.33
-4.33
-2.67
0.33
4.0
0.67
-8.33
-2.67
-3.0
-3.33
-11.67
1.33
-7.67
-3.0
-2.0
1.33
2.33
-4.33
1.0
-1.0
-2.0
-4.33
-4.0
-4.33
-7.0
-1.33
4.33
0.33
-1.33
3.0
1.67
-1.0
7.0
0.67
-12.33
0.33
0.67
0.33
15.0
6.33
-1.67
3.67
-0.33
-0.67
1.33
-7.67
5.33
-9.67
-6.67
-1.67
-3.67
0.33
-5.33
-2.33
-0.33
4.33
0.67
-5.67
-2.67
1.67
-12.0
-6.67
-4.33
8.33
-17.0
4.0
4.33
-2.67
-8.67
-1.0
3.0
-3.67
-3.0
-5.0
-10.0
-1.67
-8.0
-5.67
1.67
0.0
3.67
-6.67
4.67
-10.67
-5.33
-2.67
-3.33
-2.0
-1.33
-6.0
-8.0
-2.67
-6.0
-2.67
-4.33
0.33
-0.67
-4.0
-2.0
4.33
2.67
-1.0
1.67
-6.67
-3.0
-1.0
9.0
7.33
1.0
-3.67
-2.67
8.67
-1.0
-2.67
1.33
2.0
-6.33
-5.0
4.67
5.67
2.67
12.0
-0.33
-1.67
3.67
-4.67
2.0
2.33
4.67
9.0
-8.0
2.0
2.0
2.67
-3.0
-8.67
6.67
-3.0
3.67
-3.67
2.67
-2.33
-3.33
-0.67
-17.67
11.33
-11.33
-3.67
-2.0
2.33
4.33
10.33
5.67
8.67
9.67
10.33
9.67
17.0
16.33
20.0
13.0
19.33
29.0
28.33
20.67
20.0
30.67
27.33
24.67
25.67
40.33
22.67
13.33
11.67
14.33
21.67
18.0
19.67
16.0
10.33
9.0
15.67
-0.67
10.33
4.67
4.0
9.67
-2.0
7.33
5.67
2.33
12.67
3.67
2.0
-3.33
5.33
12.0
8.0
2.33
13.0
13.67
-2.0
12.0
3.67
8.33
8.33
3.0
9.33
15.0
8.0
21.67
6.33
2.0
9.67
5.67
9.0
2.0
6.33
4.33
9.67
8.0
4.67
9.0
4.33
16.0
2.67
17.0
6.67
12.67
11.0
-2.67
5.33
16.33
10.0
3.33
2.33
12.33
14.0
6.0
4.0
7.0
0.67
11.33
6.67
7.0
17.67
-0.67
8.67
9.0
6.0
6.67
6.33
-0.33
9.67
4.33
5.67
13.33
6.67
-4.0
8.33
7.33
10.0
3.67
2.67
4.0
9.33
15.67
4.67
6.0
18.0
13.0
0.0
3.0
2.33
16.33
7.67
17.0
6.33
13.33
8.67
4.33
7.33
21.0
8.33
12.33
7.33
0.0
14.33
1.0
4.0
14.33
7.67
12.67
5.0
4.0
10.67
6.67
2.67
-2.33
-4.67
18.67
1.0
-1.33
17.0
-2.67
10.33
0.33
6.0
18.0
9.33
4.67
-1.67
6.0
-11.0
3.67
18.0
4.33
10.0
4.0
13.0
13.33
0.33
10.67
13.33
4.0
5.33
19.0
13.0
10.0
16.0
6.67
11.67
15.0
4.0
6.67
11.67
2.67
6.0
7.0
12.33
16.67
2.33
2.67
6.33
13.67
10.67
7.33
6.33
4.0
10.67
21.33
4.67
3.33
4.0
5.67
19.67
10.0
14.0
16.33
4.0
2.0
4.0
1.67
20.33
16.33
16.67
4.67
6.67
14.0
3.33
12.33
13.33
13.67
4.67
-1.0
14.33
9.33
10.33
10.67
10.0
2.0
5.67
14.33
25.67
13.67
1.0
9.67
3.33
4.33
13.0
8.33
13.33
16.0
20.0
6.33
8.0
11.0
21.33
12.33
18.0
16.67
2.67
15.33
15.0
11.33
31.67
0.33
7.67
13.33
16.33
10.33
18.67
20.67
33.67
22.67
23.67
19.0
30.0
5.0
23.67
34.33
14.67
18.33
26.67
13.33
21.33
22.0
37.0
33.0
31.0
19.67
39.0
40.67
64.33
53.67
51.67
98.33
83.67
76.0
64.33
77.33
90.67
92.0
103.0
108.67
109.0
116.33
94.0
104.67
120.0
114.0
111.33
90.0
110.0
103.0
101.0
97.33
92.0
89.0
62.33
53.0
45.33
54.33
39.67
35.67
17.33
19.0
34.67
27.67
21.67
23.0
18.67
16.33
6.33
9.67
12.67
6.0
2.67
4.33
14.0
6.33
11.0
10.67
11.67
15.67
-1.0
5.0
-5.0
12.0
14.67
4.33
16.33
13.0
0.0
13.0
2.67
8.67
22.0
8.0
17.33
4.33
2.33
12.33
8.0
11.0
11.33
12.0
17.67
0.67
18.33
23.0
8.33
11.33
4.0
18.33
-0.67
11.67
8.67
15.67
1.0
-5.67
7.0
21.67
13.0
14.67
16.67
15.0
5.33
18.0
6.33
1.33
5.67
17.33
-1.0
3.0
6.33
10.33
9.33
-3.0
9.33
-1.67
2.67
10.0
15.33
5.67
8.0
6.67
4.67
11.0
18.67
10.67
5.67
2.33
25.0
16.0
0.67
11.0
10.33
12.0
13.33
4.33
4.67
-4.0
8.0
15.0
10.33
17.33
16.0
15.67
4.0
7.67
21.67
4.0
5.33
15.33
13.67
4.0
7.0
9.33
11.33
20.0
10.0
18.0
5.67
5.67
-1.0
7.67
3.0
6.67
3.0
11.67
4.0
10.33
11.67
3.67
-3.67
9.67
3.0
8.0
-1.33
6.33
12.33
10.67
-1.67
3.67
11.33
17.67
5.67
7.33
15.33
2.67
9.67
5.67
10.33
8.0
21.67
25.67
10.0
0.33
0.67
11.0
10.33
13.0
0.33
6.33
-5.33
15.33
1.33
12.0
13.67
0.0
20.33
7.0
10.67
12.67
24.33
0.0
-4.33
36.67
22.67
12.33
42.67
8.0
29.33
22.0
24.33
22.33
40.0
38.67
27.33
36.33
34.0
18.67
28.33
50.0
22.67
33.33
30.67
25.0
32.33
26.33
35.0
18.33
24.33
24.33
25.0
22.33
26.33
24.0
24.67
17.0
11.67
-7.0
8.0
4.33
0.67
23.33
3.33
5.33
1.0
6.0
10.67
12.0
4.67
4.0
-0.67
-0.67
11.0
8.33
17.0
8.33
8.33
4.0
8.0
6.0
-1.33
19.0
5.67
10.0
5.33
9.33
4.33
-6.67
5.33
11.33
9.0
3.33
-5.33
12.67
8.67
1.33
-1.0
13.0
2.33
2.33
-2.0
-3.33
10.0
9.67
6.67
3.33
7.33
10.67
-2.33
3.33
4.0
5.0
25.0
9.67
12.0
6.33
-2.33
17.0
3.0
9.33
-2.0
11.67
13.0
10.0
-0.67
-5.0
7.0
7.67
9.67
8.0
9.67
0.0
1.0
2.67
1.0
-0.33
5.67
9.33
-0.67
-1.0
10.0
-4.67
-2.67
5.33
14.0
-8.0
-2.33
7.67
-2.0
-4.0
8.67
-1.67
1.67
8.33
-0.33
6.0
4.0
3.0
10.0
2.33
7.0
-1.67
13.0
-4.67
-6.67
1.67
-1.0
-5.67
-2.67
5.67
-1.0
6.33
7.33
-1.0
4.33
6.0
10.67
3.0
1.67
-6.33
0.33
8.33
-3.33
-6.33
-4.0
4.0
9.67
-0.33
-2.67
1.0
-7.33
7.33
4.0
9.0
2.33
-4.0
-3.67
-2.0
1.0
1.67
-2.0
-8.33
-4.0
-4.67
4.33
-5.0
1.33
1.0
5.33
3.33
-0.33
2.33
3.0
3.0
5.33
-0.67
-1.33
1.33
3.0
11.0
6.0
1.33
-7.33
3.33
2.33
5.0
-1.67
-9.67
-4.0
-7.33
-2.67
11.33
-0.67
-1.0
11.67
9.67
0.0
4.0
0.0
10.0
-2.67
-5.67
-7.33
-1.67
1.0
6.67
2.33
-3.67
4.33
10.0
12.67
2.0
-0.33
2.67
-11.33
1.67
13.33
2.33
0.0
14.67
8.33
15.67
2.0
8.33
1.0
14.67
10.67
2.67
16.33
5.33
0.33
10.67
-0.33
5.67
0.33
1.0
16.67
13.0
7.0
10.33
10.33
1.33
0.0
3.33
6.0
-5.33
-4.33
-1.33
2.67
-1.67
3.33
4.0
-0.67
5.67
-1.0
1.33
8.33
-3.67
6.33
6.33
-6.67
8.33
7.33
2.0
-1.33
11.67
0.67
5.0
3.0
9.0
8.33
1.33
-1.67
1.0
-1.0
8.67
1.33
4.67
3.0
14.67
-5.0
0.0
0.0
13.0
-1.0
14.67
4.67
8.0
6.67
1.67
-1.0
1.67
3.0
2.67
-1.33
-1.0
0.33
3.0
4.67
10.0
-6.0
-0.67
2.67
6.0
-0.33
5.67
1.67
-3.0
1.33
0.67
2.67
3.33
12.0
5.67
7.33
3.67
2.0
1.33
3.67
-2.33
-3.67
12.0
4.33
2.67
-7.67
-4.0
-0.67
8.33
5.67
0.0
6.0
6.67
-5.67
0.0
4.33
0.0
5.67
5.33
4.33
2.0
4.67
-1.67
2.33
0.0
6.67
11.0
1.0
2.67
5.33
3.33
-2.33
7.0
1.0
2.33
-2.67
1.67
0.33
-1.0
-1.33
1.67
-0.33
1.0
-1.67
1.33
-2.33
0.0
-4.0
3.67
3.0
-2.0
5.0
1.67
-6.0
7.0
-3.33
4.67
-0.33
5.67
6.33
11.67
13.33
3.67
2.0
3.0
2.0
6.67
0.33
8.0
2.0
9.67
2.0
6.0
0.0
5.33
1.0
5.33
0.67
3.67
1.0
-0.67
4.33
4.0
4.67
-9.33
4.0
-0.33
-5.33
-1.33
0.0
4.67
-5.0
3.33
-1.0
2.67
-4.33
-0.67
-4.0
6.0
0.67
2.67
-3.33
2.33
-2.0
-0.67
-5.0
-2.67
-0.33
0.67
0.67
2.33
-1.67
-2.0
4.67
3.0
2.67
1.33
7.67
2.67
0.33
-0.67
1.33
-1.33
-2.33
1.67
1.67
-2.0
-0.33
0.0
-1.0
-1.33
1.33
-2.0
5.0
-3.0
-3.67
-0.33
-1.33
-2.67
-8.67
4.0
2.67
2.0
0.33
-3.0
2.67
4.33
0.67
1.33
-0.33
9.33
0.67
-4.0
7.0
6.67
-0.67
3.67
-4.0
-1.0
-0.33
-3.0
5.67
0.0
7.0
-1.67
3.33
2.0
0.33
-2.67
3.67
4.67
-3.67
-5.67
1.33
9.33
1.67
-3.0
-6.67
2.33
-0.33
-3.67
-2.67
1.67
5.0
-0.33
-1.67
-0.33
2.67
3.67
-3.0
0.0
-1.0
2.67
-3.0
0.0
6.33
3.33
3.67
6.67
6.0
2.0
0.0
0.67
-2.0
-4.0
0.67
