0.0
-26.67
54.33
24.0
-11.67
2.33
-39.0
-45.0
-5.0
-41.0
-21.33
37.0
-5.67
-11.67
-62.67
54.67
-16.33
-69.67
-18.67
-22.67
8.67
6.67
-0.67
0.67
2.33
-15.67
5.0
13.0
7.0
0.0
-13.67
-4.0
5.0
-0.33
-4.0
-0.33
-0.33
0.0
2.33
-1.0
-0.33
1.67
0.67
1.67
0.67
-0.33
-1.0
0.0
1.0
-0.33
0.67
0.0
0.33
-0.67
0.0
0.0
1.0
0.0
1.0
1.0
0.33
0.67
3.0
-0.33
-0.33
-0.33
1.0
-0.67
-0.33
-0.33
-0.33
1.0
-0.33
-0.33
1.0
0.0
0.67
1.0
0.0
-1.0
0.0
-1.67
0.67
-1.33
0.0
-0.67
-0.33
-0.33
-0.33
-0.33
2.0
0.33
-0.33
0.0
-1.0
1.0
1.0
0.33
0.33
3.33
0.33
0.33
1.33
-0.33
0.0
-1.33
2.33
0.33
1.0
-0.67
0.67
-0.33
-0.67
0.0
1.0
-3.0
5.67
-2.33
0.67
2.33
-0.67
1.33
-2.0
1.67
2.33
-1.0
-2.33
2.0
1.33
1.33
3.0
-3.67
0.33
0.33
-7.0
-1.0
-0.67
-1.33
-0.67
-0.67
-2.0
4.0
-1.33
2.0
4.33
1.0
2.0
-2.67
-5.0
0.33
-3.0
-3.0
2.0
1.0
-0.33
0.33
3.33
1.33
0.67
7.67
1.33
1.33
3.67
1.67
-1.67
7.33
-3.67
-4.0
-0.67
3.67
0.67
-3.33
1.33
2.33
2.0
-4.67
-1.67
-4.67
5.67
11.0
-4.67
-1.0
-3.67
1.67
-5.0
1.67
-0.67
3.33
1.67
1.67
-0.67
-2.67
-1.33
-4.0
9.0
10.0
-2.67
1.33
-1.67
-3.0
2.67
-2.0
3.33
4.67
5.33
1.0
-2.0
2.33
4.33
3.67
2.67
2.0
1.33
4.67
-2.33
-0.33
-1.33
-1.0
2.33
-1.0
4.67
-1.33
0.67
-2.33
-3.33
3.67
0.0
3.33
1.67
5.33
6.0
10.0
7.67
0.67
0.33
3.0
-0.67
2.33
-0.67
2.33
1.0
-2.33
-0.67
-0.33
-5.67
1.0
-7.0
-1.33
2.33
-2.67
-3.33
3.33
3.67
1.0
2.33
7.33
4.0
7.0
4.33
0.0
-2.33
2.67
0.33
-1.0
5.33
3.33
-1.0
-3.67
15.0
0.0
4.67
0.33
-1.33
5.0
6.67
3.0
5.33
7.67
1.67
-1.33
0.67
7.0
6.67
-8.67
-4.67
0.33
0.67
10.0
6.33
-0.67
4.33
2.0
0.67
-0.67
8.33
1.0
6.0
3.33
9.33
-4.0
2.67
0.0
0.33
0.33
-2.0
3.0
4.0
2.33
8.0
3.0
3.67
4.0
2.0
4.67
1.67
-2.0
1.33
-2.0
-0.33
6.33
2.67
5.0
6.33
4.67
3.0
-1.0
0.33
3.0
5.0
-1.0
-4.33
4.33
6.0
4.33
3.33
0.33
-2.33
-5.0
-0.67
3.33
0.67
2.33
-5.67
1.33
2.0
-4.33
1.0
3.67
-3.33
1.33
-6.0
10.0
3.67
-0.33
1.67
2.0
-6.33
4.67
-1.33
6.33
6.33
7.0
1.67
-3.33
3.67
-3.67
-6.67
5.33
1.33
1.0
-0.33
4.0
0.0
5.67
3.0
4.33
-1.0
5.0
3.0
0.0
5.67
3.33
2.67
-1.33
2.0
10.0
2.67
2.0
0.67
-2.33
2.0
-0.33
7.33
1.67
2.67
4.0
0.33
-2.33
1.0
-1.67
3.0
-3.0
-1.33
-2.67
-6.67
3.67
-4.0
-1.33
0.0
1.0
2.33
3.0
-7.67
2.0
-2.0
-3.67
-0.67
1.0
1.33
1.33
3.0
3.0
1.33
-1.67
4.67
5.33
2.67
3.0
4.33
-4.33
2.33
3.67
-1.67
1.67
-1.67
3.33
-5.0
2.33
-0.33
3.33
0.33
-4.33
3.67
2.0
-2.33
6.33
1.67
-0.33
4.33
-0.33
4.67
0.33
0.0
1.33
-4.33
3.33
-2.0
-2.67
0.33
-1.0
2.0
0.67
4.0
-2.0
-5.33
-0.67
-0.67
1.33
0.67
-4.33
-6.33
-3.67
9.0
6.67
-3.0
-0.33
3.0
-2.0
0.67
-2.33
0.67
1.0
-0.67
-2.33
-2.33
0.33
-2.33
0.0
3.33
-1.33
-1.33
-0.67
-1.0
4.0
3.0
2.67
2.33
1.33
0.67
-2.33
-1.0
2.33
-1.33
-4.67
-6.0
-1.67
-0.67
1.33
1.0
0.33
0.0
-2.33
-0.67
0.67
3.33
2.67
2.33
0.33
0.67
1.33
-0.67
-1.0
0.0
-1.33
-4.0
1.0
-3.0
-2.0
-4.33
-3.67
5.33
1.67
-4.33
-1.67
0.67
-1.0
-0.33
2.0
-1.67
0.0
-1.33
0.0
0.33
6.0
-0.67
-1.33
-2.33
-1.33
-2.0
-1.0
-0.33
-2.67
-1.67
0.67
-2.67
-3.67
2.0
-2.67
2.33
0.0
-3.33
-0.67
-1.33
0.33
-0.67
-1.0
1.33
1.33
-3.0
1.67
0.0
6.0
-0.33
1.0
-1.67
-4.0
0.0
-1.33
-2.67
1.0
-2.33
5.33
-5.67
1.67
4.67
5.0
-2.67
-6.0
-5.33
1.67
-0.67
-6.67
2.0
2.33
4.33
2.67
4.0
-2.33
-1.67
1.67
0.0
4.67
3.67
3.33
-3.33
-1.33
1.33
2.0
-4.67
-1.33
-2.67
3.67
-0.67
1.67
-0.67
0.33
-4.33
-1.0
0.67
-2.67
-2.0
-2.67
4.0
-2.0
-7.33
-6.0
-4.0
-1.33
2.33
-1.33
1.0
1.33
-0.33
0.33
0.67
1.33
-3.0
-3.67
6.67
2.33
-2.67
-1.67
2.67
-5.0
2.0
4.0
1.33
0.67
-0.67
2.67
-2.67
-0.33
0.0
0.33
-2.33
6.0
-2.0
2.67
2.67
2.0
-0.33
0.67
0.0
0.67
1.67
-2.0
-6.67
2.67
1.67
-4.33
-2.67
2.33
1.0
0.33
2.0
-5.0
0.33
4.33
7.0
2.0
0.33
-3.0
1.0
5.33
-6.67
-6.33
-3.0
-2.33
-3.67
0.67
-4.0
-1.33
-2.67
-1.0
1.0
2.0
5.0
1.67
0.33
-6.33
-8.33
-3.67
-4.33
-4.33
1.33
4.0
2.67
1.0
-3.0
-2.33
1.67
-7.67
0.67
0.33
-2.33
7.33
-0.67
-3.33
3.67
1.67
-0.33
-2.0
3.67
2.0
-0.67
-2.67
1.0
-2.67
1.0
-3.67
-0.67
-5.0
3.67
-11.0
-8.0
4.67
-4.33
-0.67
-1.0
2.33
-1.33
-2.0
2.0
2.0
-1.0
-2.67
-2.0
-10.0
0.0
-9.0
3.0
-0.67
2.0
-3.33
-2.67
-4.67
-0.67
-1.67
1.0
-1.33
-7.67
1.67
-7.0
2.67
-1.33
4.0
-5.33
-3.0
-3.0
-0.33
-5.0
-3.0
-0.33
-11.67
-1.33
-1.0
0.67
-4.33
7.0
-1.67
2.67
7.33
-2.0
-5.33
3.67
0.0
-3.33
-3.0
-1.0
-3.33
2.67
3.67
4.0
5.33
7.33
-2.0
8.33
12.0
1.67
17.67
15.67
16.67
12.67
13.0
23.0
25.33
36.0
29.0
42.67
57.0
37.33
43.33
56.0
49.33
56.33
57.33
39.67
50.0
45.67
43.0
38.33
34.67
22.33
11.67
20.33
25.33
7.67
4.0
11.67
6.0
0.33
7.67
0.0
7.67
3.0
10.0
2.67
-1.33
2.33
3.0
4.67
5.33
1.67
-4.0
8.0
1.0
1.0
-4.0
14.0
6.33
5.0
-6.33
5.67
-4.0
4.33
3.33
-5.33
4.33
7.67
-9.0
-8.67
-6.33
1.0
-1.67
-5.33
-9.0
-7.67
8.33
-4.33
-5.33
4.33
-2.67
1.0
-5.33
-3.33
-12.67
-1.0
-2.33
-5.67
-4.67
-3.67
-3.0
-4.0
-2.67
0.33
-6.33
6.0
0.0
-7.0
-2.33
-4.0
0.67
-2.0
3.67
-0.67
6.33
3.67
-3.0
6.67
5.0
8.0
-10.33
-0.33
1.33
-4.33
0.33
1.0
-0.67
5.33
4.67
-2.33
1.33
0.33
-1.67
1.33
4.33
-2.67
-3.67
-3.67
0.33
2.67
4.67
4.67
-2.67
-3.33
-5.67
-2.67
-1.33
-5.0
-3.67
-0.33
0.33
-5.0
4.0
4.33
-1.67
1.33
-6.0
-5.0
3.33
-1.0
-2.0
2.0
-4.67
2.0
6.33
3.67
-2.0
8.67
-1.67
-7.33
-14.67
1.67
6.33
0.67
0.0
-2.33
1.0
-4.0
5.33
-3.0
0.33
-3.33
1.33
-4.67
0.0
0.0
6.33
0.67
0.0
-3.33
4.33
0.0
-5.0
2.0
-4.67
5.0
0.33
-3.67
2.67
5.0
-1.67
7.33
7.0
3.67
0.0
-3.33
0.67
-1.33
2.0
-0.33
15.33
1.67
3.33
0.0
5.33
7.67
2.0
5.0
12.0
1.0
1.67
-1.0
-6.67
8.67
15.0
-4.33
-0.67
3.67
-0.33
0.67
2.33
-5.67
8.33
-13.33
8.33
11.0
8.33
8.33
-6.67
1.67
18.67
4.67
16.33
24.67
8.0
15.33
13.0
11.0
12.33
23.0
15.33
13.67
21.0
30.67
31.33
20.67
22.67
30.33
15.67
32.33
18.67
22.33
36.67
19.0
14.67
15.0
13.33
10.0
-2.33
12.33
13.33
5.67
6.0
5.67
9.0
11.33
-0.33
4.33
6.67
11.67
3.0
0.67
3.33
2.0
9.0
5.33
3.0
-1.33
1.0
10.0
1.67
5.33
3.33
4.0
8.33
3.0
6.0
1.67
1.33
6.0
10.67
1.67
2.0
0.0
14.33
6.33
17.67
8.0
8.67
4.0
6.33
1.0
-1.33
6.0
0.67
-0.33
3.0
-5.67
4.33
1.33
13.0
4.33
8.33
6.33
5.0
-5.0
6.0
5.0
3.67
-1.67
4.67
5.0
-1.33
8.33
6.67
17.0
8.0
11.67
4.33
9.67
14.67
7.33
3.67
1.33
2.67
9.0
8.33
6.33
4.0
5.67
2.67
8.0
6.33
10.67
7.67
9.0
10.0
6.0
10.0
4.0
7.33
2.33
3.67
13.0
17.33
6.33
12.67
8.33
9.33
15.0
12.33
4.33
7.33
7.0
8.33
12.0
4.0
9.33
18.67
7.67
8.0
10.0
7.67
2.67
-1.33
4.67
16.33
6.67
12.0
13.67
17.0
8.33
4.33
21.33
10.0
11.0
5.33
14.67
-2.67
8.0
5.0
8.67
17.0
7.33
-7.0
16.0
5.0
10.33
11.33
9.67
11.33
4.0
8.33
20.0
12.0
12.0
9.0
5.67
12.67
22.0
9.0
4.67
5.67
15.67
5.0
7.0
9.33
11.67
4.33
-2.33
10.33
3.67
5.67
0.33
17.33
11.0
7.67
12.33
6.67
5.33
12.0
12.67
21.67
10.0
10.0
14.33
9.0
-5.0
3.0
-2.33
14.33
19.33
7.67
5.67
7.67
11.0
11.33
9.33
22.33
9.67
3.67
5.0
10.33
7.33
12.33
6.67
20.0
9.0
11.67
7.33
17.67
6.67
10.0
14.67
10.33
11.33
2.0
9.33
11.33
0.0
9.0
10.33
16.0
11.0
7.33
9.33
7.0
8.67
11.67
10.33
7.0
27.33
15.67
8.33
16.67
14.33
14.33
16.33
31.67
34.67
33.67
40.67
10.67
25.0
19.0
12.0
34.67
28.33
23.67
27.33
16.67
34.33
19.33
23.0
37.0
56.0
43.0
39.67
69.0
66.67
64.33
71.67
93.67
108.33
128.67
97.0
128.33
125.33
142.67
164.0
137.0
163.67
173.0
192.33
176.0
172.67
211.0
163.0
177.33
171.0
179.0
177.0
151.0
129.33
139.0
133.0
94.33
104.0
85.33
80.33
47.67
57.67
59.33
28.0
40.67
30.67
25.67
25.0
20.67
25.33
16.33
8.67
23.67
9.0
9.67
-1.67
18.0
10.33
5.0
13.67
1.67
14.67
11.0
8.0
-7.0
7.0
20.67
14.33
7.33
5.0
10.0
19.0
8.67
7.67
8.0
2.0
3.33
6.33
6.33
3.33
-1.0
21.0
14.33
5.0
7.67
11.67
9.33
8.0
21.33
11.33
13.0
20.33
3.33
9.67
8.67
3.67
14.0
5.33
12.0
15.67
16.0
14.67
10.67
12.0
12.33
14.0
16.33
-3.67
-0.33
12.33
9.0
6.0
14.33
11.33
7.33
4.0
11.33
16.33
8.67
12.0
10.33
-0.33
12.0
4.67
2.67
12.0
12.67
24.67
8.67
22.33
17.0
4.0
8.67
20.0
7.33
19.0
14.33
13.33
1.67
-2.0
11.0
12.0
10.33
10.33
16.0
12.67
4.0
9.67
3.67
-1.0
17.33
11.33
-6.33
4.0
13.0
13.33
2.33
-4.0
4.0
14.0
6.67
13.67
21.0
3.67
-8.0
15.67
9.0
6.67
10.0
8.33
6.67
2.67
5.33
17.67
14.0
11.0
22.67
13.33
19.33
7.67
-4.67
6.67
7.33
13.67
-3.33
8.33
12.33
5.67
5.67
3.67
12.33
6.0
2.67
8.67
7.0
4.33
6.67
11.0
5.33
10.0
14.33
5.33
5.67
26.33
5.33
0.0
10.67
9.0
13.33
13.0
25.67
18.67
23.33
13.0
5.67
25.67
5.67
27.33
27.67
19.0
15.33
27.0
19.33
19.33
30.0
46.67
26.33
32.33
22.0
37.67
34.33
49.0
23.67
27.33
31.67
34.0
32.33
25.33
41.0
34.33
35.33
19.33
23.0
37.33
38.33
16.0
12.67
9.0
9.67
14.0
12.0
2.33
4.67
12.33
14.33
17.33
-3.0
3.0
5.67
7.0
5.67
10.0
14.33
-0.67
16.0
5.33
17.0
4.33
2.33
14.0
11.0
9.0
1.67
4.0
2.67
8.0
4.33
7.33
2.33
15.33
-0.67
8.33
9.0
-11.67
5.67
2.67
5.67
16.33
9.0
6.0
18.33
6.33
8.0
18.67
7.0
-4.33
3.67
4.33
12.33
12.67
3.67
2.33
19.0
5.0
16.0
3.67
-3.0
13.33
0.67
7.0
14.0
2.33
4.0
13.67
11.0
4.0
-3.67
12.0
16.0
1.67
11.67
11.0
6.67
7.0
12.0
17.67
5.0
2.67
-0.33
-3.67
3.33
1.0
3.0
3.33
-6.67
-0.67
-2.0
-2.0
7.67
-2.33
1.0
-1.0
-5.33
-2.67
5.67
-15.67
-10.33
-1.0
-1.0
-4.0
1.0
3.33
5.0
1.33
0.0
-0.67
0.33
-8.33
-8.0
-12.67
7.33
5.67
1.0
10.33
-1.67
-7.0
6.33
15.0
-1.33
11.0
2.67
-1.33
0.33
3.33
-0.33
10.67
10.0
3.0
-0.33
3.67
8.33
10.0
-4.33
1.33
3.0
5.0
-2.67
5.0
6.33
-6.0
5.0
1.67
3.0
-0.33
-2.0
-3.67
0.33
9.0
2.33
1.0
-2.67
0.33
4.67
8.33
-6.0
4.0
-0.67
1.33
7.67
-0.67
3.0
-3.0
5.0
7.33
0.67
2.33
0.33
10.0
1.33
0.33
0.0
-0.33
7.33
4.33
2.33
3.0
10.67
6.67
-8.0
15.0
1.0
8.0
-4.67
-4.67
10.67
5.33
-8.0
9.67
0.33
2.33
-0.67
5.0
8.67
-1.0
10.67
2.67
2.67
5.67
2.33
6.33
10.0
13.67
8.33
13.67
9.0
9.33
3.0
6.67
10.67
1.67
12.33
9.33
1.33
9.67
6.67
7.67
12.33
8.0
4.67
9.0
11.0
7.33
6.33
-6.67
8.0
3.33
6.0
0.67
-2.33
-4.33
13.67
1.33
2.33
-2.0
8.33
12.67
-2.0
4.33
5.33
-1.67
-4.67
2.33
1.33
12.33
-0.67
-3.0
-3.33
5.67
3.67
1.0
7.0
14.0
0.33
2.33
-4.67
-2.0
9.0
0.67
12.33
10.67
-5.0
-1.33
-2.0
-4.0
1.0
9.0
3.0
-3.33
-7.33
-1.0
6.67
-0.33
-6.0
10.67
7.0
1.67
2.67
-1.0
2.33
3.0
1.67
5.0
-6.0
1.33
4.67
-2.0
2.67
3.67
2.67
-1.0
3.33
4.67
7.67
3.33
-1.0
-1.33
-1.67
-1.33
4.0
-0.67
-1.33
7.67
-2.67
7.0
2.33
1.67
-2.67
1.0
11.33
2.33
-0.33
5.0
-1.0
10.67
1.33
-1.0
0.33
9.0
-2.33
-4.67
1.33
3.0
2.67
-1.67
-4.67
5.0
5.67
6.0
2.0
4.67
3.33
2.33
-2.33
3.0
-6.0
-0.67
10.33
-4.33
1.33
3.0
-1.33
0.67
0.67
-1.0
5.33
-0.67
-0.33
5.0
-3.0
11.67
3.0
0.0
2.0
2.67
2.0
0.0
8.67
4.67
3.67
0.67
3.33
8.67
7.33
2.67
4.0
5.0
6.0
-0.33
4.33
3.0
5.0
4.67
4.0
2.0
1.0
4.33
-1.0
-0.67
2.67
1.67
8.0
-0.67
-0.67
1.0
0.67
-0.33
0.0
10.67
-2.33
3.67
9.0
5.67
0.0
1.33
2.0
-5.33
-0.33
-3.67
1.0
6.0
-0.33
1.67
-0.33
5.33
4.0
2.33
-4.0
5.33
1.67
-4.33
-3.33
-5.67
-3.67
-1.0
-2.33
0.0
0.67
2.33
-3.33
5.67
-0.67
1.33
-4.67
8.67
-2.33
3.67
3.67
0.0
1.67
-1.0
-4.0
-5.33
3.33
-4.0
2.0
7.0
-2.67
3.67
-2.33
4.33
-10.67
-3.0
2.67
-3.0
-5.67
-2.0
1.67
2.33
-1.33
-3.67
0.67
4.33
-1.33
-1.0
2.0
3.67
3.33
-4.33
1.0
-3.0
-0.33
-2.0
9.67
3.0
3.0
4.33
2.33
2.0
8.33
-1.67
2.67
1.67
-5.67
0.33
2.33
-0.67
0.67
-2.0
-1.67
5.33
2.67
0.33
-0.67
5.67
-2.0
-0.33
-5.67
4.67
-1.33
1.67
-4.0
7.0
-5.0
1.67
-7.0
1.0
0.33
-1.67
3.67
3.67
0.0
7.0
-2.0
-2.33
2.0
-2.0
-5.33
