0.0
43.33
47.33
35.0
23.33
58.33
86.0
122.0
-86.0
77.0
1.67
81.0
72.33
42.33
-28.67
105.67
50.67
5.33
-30.67
-30.67
50.67
-22.33
0.33
23.67
3.33
4.33
-7.0
0.0
1.0
-2.0
-4.67
-1.0
6.0
4.67
1.0
0.67
2.67
1.0
-0.67
0.0
1.67
1.67
0.67
1.67
0.67
-0.33
-1.0
0.0
1.0
-0.33
-0.33
1.0
-0.67
-0.67
0.0
0.0
0.0
1.0
0.0
0.0
-0.67
-0.33
0.0
-0.33
-0.33
-0.33
0.0
-0.67
-0.33
0.67
-0.33
0.0
-0.33
-0.33
2.0
1.0
-0.33
0.0
0.0
-1.0
1.0
-0.67
-0.33
-0.33
0.0
0.33
0.67
-0.33
0.67
0.67
1.0
-0.67
0.67
-1.0
0.0
1.0
2.0
0.33
1.33
1.33
-0.67
-0.67
-1.67
-2.33
0.0
0.67
2.33
0.33
3.0
1.33
4.67
-1.33
0.33
-2.0
-2.0
-4.0
3.67
1.67
0.67
0.33
-0.67
-1.67
-3.0
4.67
3.33
-1.0
2.67
0.0
0.33
1.33
1.0
3.33
5.33
0.33
2.0
-1.0
-5.67
-4.33
-0.67
-0.67
-3.0
2.0
3.67
-1.0
4.33
4.0
3.0
0.33
1.0
-2.67
-3.0
-3.0
7.0
4.0
3.67
6.33
4.33
4.33
-0.33
1.67
2.33
7.33
1.67
5.67
3.33
-0.67
4.33
5.0
1.33
5.67
0.67
-2.33
-0.67
5.33
3.0
-3.67
6.33
-1.67
-3.33
4.0
11.33
14.0
4.33
-0.33
-1.0
4.67
5.33
0.33
3.67
4.67
4.33
6.33
2.67
0.0
11.0
5.0
-1.67
7.33
2.33
4.0
2.67
6.0
3.33
3.67
2.33
-2.0
-1.0
3.33
-0.67
0.67
2.67
2.0
7.33
6.67
-5.33
2.67
0.67
-1.0
3.33
2.0
-5.33
-3.33
-0.33
0.67
4.67
0.67
7.0
2.33
0.67
4.33
8.0
9.0
6.67
2.67
5.33
6.0
-3.67
-0.67
1.33
-0.67
7.0
7.67
-2.67
1.67
0.33
0.0
2.0
1.67
6.33
0.33
0.67
0.33
8.67
5.0
0.33
8.33
3.0
3.0
-0.67
-6.0
3.67
-1.33
0.33
-1.0
4.33
-2.67
4.0
-0.67
5.0
-2.0
6.67
-0.67
3.67
-1.0
4.67
6.0
8.33
1.67
1.67
5.67
0.67
5.0
12.67
1.33
1.33
2.33
1.67
5.0
-3.67
0.33
5.33
7.0
7.67
-0.67
-1.67
-5.0
2.0
-2.67
1.33
2.0
7.67
2.0
2.33
6.33
1.0
4.0
-1.0
0.33
5.0
-2.0
-3.33
1.0
-2.0
1.67
1.67
4.0
5.33
8.0
3.67
-1.67
2.67
9.0
5.33
3.67
1.0
0.0
0.33
4.0
1.0
8.0
0.67
2.33
5.0
2.33
5.33
5.33
-3.33
0.0
2.33
1.33
9.67
1.33
-0.67
11.33
4.0
3.67
-1.0
4.67
0.67
-5.67
-3.0
5.0
-3.33
6.67
9.67
2.0
0.67
-5.33
0.67
1.33
7.33
1.0
-2.33
2.67
9.67
1.33
-1.67
4.33
1.33
-2.0
1.67
1.0
-6.0
-1.33
2.0
4.33
3.0
0.0
1.0
1.0
2.67
0.33
5.67
3.67
-3.0
-1.0
0.67
5.0
0.67
0.67
-1.0
0.67
4.33
3.67
3.67
2.0
6.33
1.67
3.0
0.33
1.0
2.0
6.67
-3.67
-4.67
3.67
9.0
0.67
-1.0
4.0
2.33
-1.0
-3.67
-3.0
-3.0
0.33
4.33
5.0
7.33
2.33
6.0
3.0
0.33
-0.67
7.67
7.33
1.67
5.0
0.33
-2.33
6.33
2.67
0.33
1.67
1.33
2.33
1.0
4.33
3.67
5.33
-1.67
-7.33
1.67
6.0
1.67
1.33
4.67
0.67
2.33
8.67
-0.33
0.33
-2.0
5.33
1.67
3.33
2.0
-4.67
13.33
0.0
3.0
1.67
-1.0
0.0
-6.33
2.33
-2.67
-0.67
8.67
3.67
3.67
-0.67
3.0
1.67
7.0
2.67
5.0
0.0
5.67
-1.33
4.67
0.0
6.33
-0.33
1.67
4.33
2.67
5.0
-3.67
0.67
0.67
2.33
6.0
-2.0
3.0
1.67
-3.67
-1.67
8.67
-4.33
1.0
-0.67
0.67
2.33
1.0
-1.67
-2.67
3.33
0.0
3.33
3.0
-3.33
1.33
6.67
3.33
-1.33
1.33
-0.67
-0.33
-4.67
-3.67
0.0
2.0
-4.33
5.0
-4.0
-3.0
6.0
2.67
0.33
-1.67
0.67
1.67
1.33
-4.33
-2.0
-0.33
-3.0
-3.67
5.0
-1.33
4.0
-0.67
0.0
-1.67
2.67
2.67
-0.33
0.0
2.0
1.67
3.33
-0.67
1.67
2.33
-2.67
2.0
-1.67
-2.67
0.0
-2.33
4.33
0.67
0.33
1.33
2.0
2.33
-1.67
-1.0
0.67
1.0
0.0
-1.33
5.0
-2.67
6.0
-3.0
-3.33
-1.67
3.0
-1.33
5.33
-3.67
-0.33
-1.33
2.0
-1.67
2.0
-2.33
-2.33
-1.67
-5.67
-1.0
-0.67
5.33
-2.33
3.0
0.67
3.33
1.67
-3.0
4.67
-0.33
5.33
2.67
2.67
-0.67
5.0
-2.67
1.67
-0.67
-3.33
-2.67
-2.33
-3.67
3.33
0.67
2.0
3.67
-1.67
5.0
-2.67
3.0
-1.0
-4.33
-1.0
-4.0
0.67
0.33
-3.33
0.0
4.33
2.67
2.33
2.67
5.33
-2.0
-0.67
-2.33
6.33
-0.67
-0.67
0.67
-3.0
5.0
1.0
-4.67
4.67
2.33
0.67
3.33
-0.33
2.0
1.33
-0.33
1.0
-4.0
1.67
-2.33
-2.0
-4.33
-3.33
-1.0
0.67
-1.33
-1.0
-4.67
5.67
-3.33
-2.33
-6.67
-4.67
-1.0
0.33
-2.0
0.0
-0.67
-6.67
2.0
1.0
0.33
3.0
-2.0
1.33
-4.67
-0.33
-2.0
1.67
-3.67
-4.33
-1.0
0.67
-0.67
0.0
2.0
-1.0
-1.0
-0.33
0.33
-2.33
-6.33
2.33
-2.33
-7.33
-4.67
1.0
2.67
1.0
-3.0
-1.33
0.67
0.33
-2.33
0.33
-5.33
8.33
-0.67
-3.33
-1.33
-5.33
-4.33
-6.0
-2.33
0.0
3.33
2.33
1.0
2.33
-2.0
-1.67
-2.67
0.0
0.67
-4.0
-6.0
-1.33
-2.33
-5.67
-6.0
-1.67
-2.33
-2.0
-6.0
6.0
0.0
3.33
0.0
-9.0
7.0
-7.0
-5.0
3.33
-1.0
-4.33
-5.67
-7.67
-2.67
-6.67
-3.0
-6.33
-4.67
0.67
-3.0
-0.33
-0.33
-3.0
-1.33
-3.0
-6.0
-2.33
-10.0
-6.0
2.67
-9.67
-1.33
1.0
0.67
-3.33
1.0
-1.67
-3.33
-7.67
-3.0
-1.33
5.67
-7.0
0.67
-3.0
-7.0
-5.33
-2.33
4.67
1.0
5.33
3.33
-3.0
-2.67
5.0
0.67
7.67
4.67
5.67
16.67
2.0
10.0
13.33
8.0
13.0
15.67
25.0
8.33
12.33
22.0
11.33
26.33
19.33
16.67
16.0
18.67
14.0
12.33
6.67
16.33
7.67
3.33
1.33
-2.33
0.0
-1.33
-4.0
1.33
10.67
-3.0
0.67
3.0
0.0
1.67
-3.33
0.33
-7.0
-7.33
0.33
1.67
-3.0
-1.0
7.0
-2.0
2.0
-4.0
-4.67
-3.0
-5.33
0.67
-1.0
-4.67
-8.67
1.67
-8.67
2.67
-6.0
-8.67
-0.33
-8.0
2.33
-4.33
-11.0
-5.67
-1.67
-4.33
-0.33
11.33
3.33
-5.0
-1.33
-3.33
-8.67
-3.0
1.67
-2.67
-5.67
-2.67
-4.0
-14.0
-6.67
5.33
-0.33
3.0
-3.0
-4.0
-6.33
-6.0
-9.33
-1.0
-3.33
-7.67
-2.67
-1.33
-2.0
-5.33
-1.0
1.0
-9.33
-9.33
1.33
-2.33
-0.67
-8.0
0.33
-10.67
-2.33
-3.33
-2.67
-2.67
-4.67
-1.67
-2.67
0.33
-3.67
-1.67
-6.67
-8.33
-0.33
8.67
-1.67
-2.33
-3.67
-2.67
-3.33
-7.0
3.33
0.67
10.33
-2.0
1.0
-4.67
-3.67
0.33
1.0
-2.0
-0.67
-3.0
-3.0
2.0
-2.67
-7.0
-3.67
2.67
-6.0
5.67
-4.67
5.67
-8.67
-4.33
3.33
-2.33
-2.0
-1.33
-8.0
-5.0
-5.67
3.0
-0.67
-1.33
1.33
-1.67
-1.0
-4.0
-0.67
1.67
8.0
1.67
-0.67
-1.0
-2.0
7.0
0.33
-3.0
-7.67
-1.67
-0.33
4.0
1.33
-1.67
-11.0
1.67
-9.0
-4.33
-4.33
-3.33
-1.0
-5.33
4.33
-6.33
5.33
-3.0
-7.67
-2.33
3.0
4.0
5.0
-13.0
-1.33
3.0
-12.67
-1.33
-3.0
-2.33
0.33
2.67
-3.33
-4.33
-0.67
-5.67
1.33
1.67
4.33
2.0
3.33
1.33
3.33
2.67
2.67
10.67
10.33
0.67
7.0
3.33
6.0
14.0
19.33
17.0
21.33
15.67
18.0
23.67
12.33
17.67
17.67
22.33
8.67
24.33
14.67
18.33
15.67
13.0
10.67
3.0
3.33
-5.0
12.67
-2.67
1.33
13.67
7.0
12.67
3.0
7.33
5.67
7.33
1.67
9.67
0.0
3.67
15.33
0.0
4.0
-0.67
7.0
8.67
-1.0
7.0
14.67
0.33
-4.67
5.0
-1.67
5.0
-2.0
-5.33
2.33
-3.0
8.67
8.67
3.0
-6.0
7.33
-0.67
11.67
3.0
5.67
6.0
7.33
11.0
-1.33
8.0
0.67
12.67
1.0
2.33
-5.67
5.33
2.0
6.33
7.33
4.33
7.0
5.0
-1.0
14.0
-5.33
4.33
6.67
-2.0
15.67
-0.67
-2.33
10.0
4.0
11.67
7.33
4.67
2.67
4.33
5.67
9.33
7.67
10.0
9.33
0.33
1.0
6.67
2.67
13.0
9.33
8.67
6.67
2.0
11.0
8.0
6.0
4.0
-2.67
5.33
6.67
8.0
16.33
10.33
10.67
22.33
12.33
12.0
-0.67
18.33
7.33
2.0
17.33
6.0
6.0
7.33
8.67
10.67
-1.0
3.0
12.67
6.67
9.67
3.67
-0.67
12.67
9.0
12.67
8.0
-2.67
9.33
8.33
27.0
8.0
15.33
25.67
5.33
4.0
13.0
5.67
13.0
6.33
-1.0
9.0
17.0
23.33
1.33
15.67
13.33
9.0
2.33
11.0
2.0
12.0
4.0
9.67
11.67
10.0
15.0
7.67
6.67
2.67
3.0
10.0
4.33
10.67
1.33
4.67
14.33
5.67
0.67
13.33
6.33
9.0
1.67
7.33
7.67
11.33
7.0
15.67
8.67
6.0
10.0
-0.67
4.0
1.0
8.0
20.67
9.33
9.33
7.67
14.67
0.67
7.0
-5.67
8.33
11.33
9.67
0.67
17.0
8.33
6.33
8.33
4.67
1.0
16.0
9.67
11.33
18.67
10.67
-1.0
-1.33
2.33
9.33
5.0
10.33
4.33
4.0
5.0
11.33
16.0
15.0
13.33
10.33
7.0
5.67
-1.33
6.33
13.0
17.33
12.67
23.33
8.67
7.33
14.33
11.33
18.67
17.67
13.67
10.67
20.67
23.0
16.0
11.0
6.67
31.33
16.67
12.33
26.67
25.33
9.33
8.0
20.0
25.0
25.0
32.67
32.0
12.67
34.33
27.67
56.67
43.33
45.67
48.0
55.33
64.33
48.67
68.0
73.0
76.67
76.0
74.33
67.0
60.67
62.0
67.0
67.33
80.0
46.0
59.0
70.0
56.33
54.0
60.0
43.33
43.0
35.33
50.33
33.67
28.67
13.33
18.0
31.67
3.67
17.67
28.0
6.67
13.33
14.33
7.67
14.67
5.0
5.67
8.33
12.0
12.33
13.0
7.67
5.67
5.67
1.0
-2.0
-4.0
15.0
8.67
9.33
13.33
12.0
6.0
14.0
2.67
-4.33
19.0
5.0
0.33
7.33
22.33
7.33
4.0
23.0
1.33
7.0
8.67
4.67
5.33
11.0
14.33
15.33
14.0
12.33
5.33
13.67
12.67
7.67
-7.0
11.33
0.0
3.67
20.0
9.67
13.67
11.0
4.33
5.0
6.33
7.33
12.67
11.33
8.0
-3.0
2.33
14.33
10.33
6.0
9.33
11.33
-4.33
19.0
27.33
9.67
11.0
-2.33
1.67
2.0
1.67
0.67
3.67
20.33
16.0
8.0
7.67
17.0
8.33
10.0
-1.67
19.33
7.67
6.0
21.0
22.0
13.33
8.33
22.0
0.67
11.0
16.67
18.67
2.0
4.33
14.33
2.67
12.0
10.0
21.33
15.33
5.0
6.0
15.0
-1.33
11.67
-6.0
-0.33
14.0
1.67
6.0
7.67
5.0
21.33
6.67
2.67
4.33
1.67
-3.0
7.0
12.67
-1.67
-2.67
14.67
2.33
5.67
16.33
17.67
14.67
11.33
10.33
-0.33
12.67
10.67
7.33
4.0
-2.33
6.67
6.0
8.33
1.67
12.0
5.33
9.0
19.33
4.33
-3.33
15.33
4.33
26.0
3.67
11.0
4.33
17.0
8.67
21.67
26.33
4.0
24.67
18.67
22.67
18.33
15.67
19.0
29.33
10.0
24.33
28.33
23.0
32.67
22.33
23.33
38.0
20.67
8.33
34.0
12.67
32.33
41.67
23.0
22.33
32.33
24.0
25.33
23.33
17.33
25.0
14.33
16.33
8.0
24.67
18.0
10.67
3.0
5.0
1.33
1.67
12.33
28.33
7.33
19.0
-7.0
-2.33
16.0
2.67
4.0
0.33
16.33
8.0
2.33
-1.0
2.33
7.33
8.0
2.0
5.0
6.67
6.0
4.67
8.0
8.33
13.33
1.33
6.33
-0.67
13.33
11.0
8.33
11.67
4.67
2.67
2.33
17.0
15.0
10.33
12.33
-5.0
19.67
9.0
7.67
9.67
5.33
15.33
16.67
0.67
-0.67
14.0
14.0
15.0
13.67
17.0
18.33
5.67
16.0
8.0
-1.67
5.0
-2.33
7.0
13.0
3.33
5.0
14.0
15.67
5.67
9.0
2.67
11.0
-2.0
1.67
17.0
12.67
8.67
7.33
3.33
2.0
11.0
5.33
-9.67
-1.67
-1.0
0.0
-3.33
6.67
9.0
-6.0
-8.33
5.33
6.67
4.33
-9.33
1.0
-7.0
-5.0
9.0
24.33
0.0
2.33
-4.0
1.33
3.33
0.67
-1.0
8.33
-0.67
6.67
5.0
9.33
1.33
6.0
5.33
0.0
9.67
18.0
10.67
-1.33
-2.67
6.33
1.67
3.67
12.0
1.0
1.67
-3.33
-2.67
12.0
-4.33
8.33
6.0
17.0
8.33
14.0
3.33
8.0
2.0
-12.33
9.0
7.67
8.0
1.33
4.33
-5.0
0.33
-4.0
-2.67
-1.67
4.67
2.33
3.0
11.0
-8.67
-5.67
-1.33
1.33
8.0
5.0
8.0
-0.67
6.67
-2.67
9.33
1.0
6.33
3.33
7.0
-1.33
-1.67
13.33
3.33
2.0
9.67
2.67
-3.0
4.0
11.0
4.0
12.33
6.33
-0.33
4.33
1.0
-3.33
2.33
5.33
-2.67
10.0
11.67
15.0
9.67
3.67
5.67
5.67
4.33
-2.67
19.0
8.67
14.33
5.67
3.0
9.33
-5.0
9.67
22.67
10.67
17.33
1.33
5.33
7.67
-1.33
0.67
3.33
-10.0
5.67
11.0
-2.0
10.33
14.33
-2.67
8.0
2.33
16.0
-2.33
4.67
3.67
10.67
-0.67
1.33
5.0
5.33
7.67
0.0
-6.67
1.33
-7.67
4.33
3.33
-5.67
4.33
6.33
1.0
-3.33
9.67
-2.33
5.0
-4.0
14.0
-1.67
5.33
7.33
0.0
15.0
-1.33
10.33
0.67
2.0
0.67
-2.0
7.0
12.0
6.0
7.0
0.67
-0.33
1.0
1.67
1.67
-1.0
-0.33
1.0
7.67
8.67
1.0
1.33
7.0
2.67
2.0
1.0
7.33
5.67
-7.0
4.67
1.67
-3.33
-1.0
4.33
3.67
4.67
10.33
2.0
10.67
3.33
6.67
5.0
2.33
9.67
2.67
0.33
1.0
4.33
-2.33
7.33
10.0
6.33
2.33
-3.33
9.0
-2.0
-4.33
5.33
2.0
7.33
9.0
-8.33
0.33
3.33
8.0
-3.33
-2.67
1.33
6.0
5.67
5.0
1.0
7.67
3.33
12.33
0.67
6.0
-1.0
3.33
-2.67
-2.33
4.33
0.0
3.67
0.67
2.67
5.0
-0.67
-0.67
-2.33
5.0
0.0
9.67
6.0
10.0
-2.0
12.67
-1.0
0.0
-3.33
9.67
-1.33
4.67
8.33
2.67
4.33
5.67
-2.0
-3.0
3.0
2.67
4.33
4.0
3.0
4.67
6.0
0.0
4.0
2.33
-1.0
2.33
0.67
0.67
2.0
0.33
6.33
3.0
6.67
3.67
1.0
-0.33
-0.33
0.67
4.0
3.67
-3.0
1.33
7.0
-2.33
1.67
3.33
-6.0
2.0
-6.33
0.67
-0.33
7.33
10.0
0.33
-2.0
-1.67
-1.33
-2.33
3.67
4.33
-7.67
0.0
3.67
4.0
-0.33
0.33
3.67
-0.33
5.33
4.33
5.33
4.67
-0.33
2.67
-1.33
0.0
9.67
6.0
-4.0
-1.33
2.33
-5.0
1.0
2.0
-2.67
8.67
-3.33
4.33
-5.67
1.0
8.67
5.0
4.33
-3.0
1.67
7.33
-2.33
4.33
5.67
3.33
-0.33
2.0
4.0
5.67
-2.67
2.67
0.0
5.0
0.67
-2.0
1.67
1.0
-1.0
-1.67
5.33
0.0
4.33
-0.67
5.67
-1.33
5.33
4.33
0.33
8.33
2.67
-5.0
2.33
-0.67
-2.33
3.33
-0.67
1.67
1.0
-0.33
-0.67
-0.33
-2.33
-0.33
5.0
0.0
-3.0
3.67
0.0
5.0
-0.67
0.33
1.67
-3.33
0.0
4.0
0.0
0.67
3.0
4.0
-1.33
