0.0
-60.67
6.33
-12.0
-17.67
46.33
-26.0
-33.0
-160.0
-80.0
-45.33
-19.0
-22.67
0.33
-25.67
-12.33
15.67
-2.67
-20.67
-18.67
-19.33
-2.33
-9.67
17.67
11.33
-11.67
6.0
-9.0
-4.0
-2.0
-12.67
-3.0
1.0
-0.33
1.0
-0.33
-0.33
4.0
-1.67
1.0
-0.33
2.67
-0.33
-0.33
1.67
0.67
0.0
1.0
1.0
0.67
-0.33
0.0
-0.67
-0.67
0.0
-1.0
0.0
0.0
0.0
0.0
-0.67
-0.33
0.0
0.67
0.67
-0.33
0.0
-0.67
-0.33
0.67
0.67
0.0
-0.33
-0.33
1.0
2.0
0.67
0.0
2.0
-1.0
0.0
-1.67
-0.33
0.67
0.0
-0.67
1.67
0.67
-0.33
-0.33
1.0
-0.67
-0.33
-1.0
-1.0
2.0
-1.0
0.33
0.33
-0.67
-0.67
-1.67
1.33
-0.33
1.0
-1.33
0.33
1.33
0.0
3.33
1.67
-2.33
-0.67
4.0
-3.0
-2.0
2.67
-3.33
0.67
-0.67
1.33
0.33
3.0
3.67
-1.67
0.0
-1.33
4.0
4.33
0.33
-1.0
0.33
4.33
3.33
-3.0
0.0
2.33
-2.33
7.33
1.33
4.0
-1.0
-1.33
-8.0
6.33
3.0
8.0
4.33
3.0
-4.67
-4.0
0.0
-3.0
5.0
0.67
3.33
-2.67
5.33
-1.33
2.67
-0.67
7.33
4.67
1.67
5.33
1.33
2.33
3.0
3.33
3.67
1.67
-3.33
0.33
1.33
5.0
0.33
3.33
0.33
-1.33
6.0
-2.67
3.0
0.33
0.67
0.0
15.67
2.33
4.33
2.67
4.67
0.33
-4.67
0.67
-2.0
6.0
10.0
2.33
2.33
0.33
14.0
8.67
2.0
-2.67
4.67
1.33
-2.0
6.0
0.33
-1.67
-1.33
3.67
2.0
0.33
-0.33
2.67
0.67
4.67
0.0
2.33
8.0
0.67
6.67
-1.33
-0.33
-0.33
1.67
-2.0
-4.67
-2.33
1.33
10.0
7.0
5.67
3.67
0.33
-2.0
-0.67
6.33
2.33
4.33
-1.0
3.67
1.33
0.67
1.33
-2.0
-1.0
3.67
2.33
2.33
-2.33
9.33
4.67
3.0
-1.67
8.33
2.0
5.0
1.33
-1.0
3.67
2.67
6.33
-3.0
6.33
9.33
2.0
2.33
1.0
-2.0
4.67
-4.67
-1.33
-3.0
5.67
5.0
4.33
8.67
-1.33
0.67
3.67
4.0
6.67
-1.67
1.33
7.33
-1.33
9.0
3.33
6.33
6.33
1.0
3.67
-3.67
5.33
3.0
8.0
1.33
3.33
0.0
10.67
-1.0
1.33
1.33
1.0
-2.0
7.0
-2.67
-1.0
5.0
0.67
4.0
0.0
2.67
3.67
8.0
4.33
-1.0
2.67
5.33
4.67
7.0
5.33
1.67
4.0
11.0
7.33
2.0
3.0
1.0
1.67
1.33
8.0
3.33
5.33
7.33
0.67
-1.0
-5.67
-5.67
2.67
2.33
0.33
-0.67
6.0
-3.33
-1.0
7.67
9.67
3.33
-2.0
5.0
8.67
12.67
11.67
6.0
-1.33
0.67
1.67
2.33
6.33
7.0
5.67
5.67
7.67
0.33
-5.67
-0.67
-1.67
2.0
2.67
3.0
3.0
2.67
4.0
6.33
7.0
5.0
3.0
3.0
-3.33
-3.67
2.67
3.67
4.0
3.0
1.67
4.0
3.67
5.67
6.0
0.67
-0.67
2.67
-1.33
-3.0
3.33
3.67
0.0
1.33
-3.0
2.0
-0.33
0.33
-2.67
-0.33
0.0
-0.33
-1.0
4.0
1.33
5.0
-1.67
4.0
-1.0
6.33
4.33
2.0
-1.67
-0.67
6.0
6.0
3.33
1.33
3.67
3.33
-3.33
-1.0
2.33
7.67
0.33
5.67
3.33
0.67
3.33
1.33
-3.0
0.33
-1.33
1.33
-0.67
-5.33
3.67
1.0
0.67
1.33
6.67
0.67
3.33
3.67
3.67
-4.67
-3.0
-0.67
4.67
3.33
-2.0
-2.67
2.33
3.0
5.0
-1.33
-1.0
2.0
-6.33
2.33
1.33
-0.67
4.67
-4.33
-1.33
2.33
0.0
2.67
0.0
3.67
0.0
9.0
4.67
-5.33
6.67
1.0
14.33
-0.33
-1.33
2.33
-0.33
6.0
-3.67
1.67
1.67
4.33
4.0
0.0
5.0
-1.33
-3.67
1.33
7.67
-3.33
9.0
0.33
0.67
2.33
3.0
1.33
1.33
2.33
-3.0
1.33
8.0
-4.33
3.33
2.67
1.33
-0.33
4.33
-1.67
4.67
-4.67
-2.67
0.0
3.0
-4.33
0.0
-1.0
-6.0
0.0
4.67
0.33
2.33
0.67
-0.33
2.33
-3.33
1.0
4.67
-5.0
-0.67
-5.0
-0.33
-1.0
-1.67
4.0
-0.67
8.67
2.67
-1.33
2.0
-1.0
2.67
5.33
2.33
1.67
-0.67
-1.67
1.0
2.33
2.33
2.0
5.67
-0.67
6.67
1.33
3.33
0.0
9.33
0.33
-3.0
0.67
2.0
1.0
-0.33
5.0
-1.67
-3.0
-3.0
-0.33
-3.67
2.0
2.67
3.33
0.33
0.67
1.67
3.0
-0.67
0.0
-7.33
4.67
1.33
-4.67
1.0
2.33
1.33
2.67
3.0
-1.33
-0.67
-0.33
-1.0
1.67
1.67
3.33
-2.33
-1.33
2.33
4.0
0.33
-0.33
0.33
5.67
2.33
1.67
0.33
-0.67
0.67
1.0
5.67
-1.67
-4.0
-1.67
1.0
2.0
2.67
-1.0
1.0
4.67
0.33
-1.33
1.0
2.33
1.67
-3.67
0.67
-2.67
-6.0
-1.67
0.67
5.33
-2.67
-1.67
2.67
-1.0
-2.0
-2.0
-3.67
-0.33
-2.67
-2.33
-1.67
-0.33
1.0
0.33
-0.33
1.0
0.0
2.67
-1.33
-2.0
-4.33
-0.33
-6.0
-1.33
2.67
-1.0
-3.67
2.67
-2.33
-3.33
-6.67
-7.67
3.0
0.33
-2.0
2.0
-3.67
1.33
2.0
-4.0
-0.67
-1.0
0.0
2.33
-3.67
-2.33
-1.0
2.67
-3.67
-2.33
-3.0
-6.33
1.33
2.0
-1.0
0.0
-4.0
-6.33
-1.67
-5.33
-0.33
2.33
-4.33
-5.33
1.33
-1.0
2.67
2.0
-4.0
3.67
-3.33
3.33
-3.33
-2.67
-3.33
2.33
-2.67
-6.33
1.67
-5.33
-0.33
-4.0
-3.33
-6.0
1.33
0.33
-1.0
-0.67
-1.0
-1.67
1.33
-3.0
-0.33
-8.0
-6.0
-6.33
0.67
-2.67
-7.0
-3.67
-2.33
-3.0
-7.0
0.0
-2.0
2.33
-2.0
-6.0
1.0
-10.0
2.0
0.33
-7.0
-1.33
-1.67
0.33
1.33
-5.67
-10.0
-0.33
-2.67
-5.33
-5.0
-4.33
-4.33
-6.0
-9.33
-3.0
0.0
-1.33
-7.0
-9.0
-1.33
-5.67
-4.33
1.0
1.67
0.67
7.0
1.33
-2.33
-2.67
-4.0
0.67
-4.33
-4.0
-9.33
1.0
-5.0
-5.33
-5.33
-1.33
-1.0
-3.67
-3.67
-6.0
5.33
2.0
-2.33
11.67
2.67
-6.33
4.67
-2.0
5.0
11.33
9.0
11.0
15.67
12.0
9.33
15.33
17.0
27.33
24.33
22.33
7.67
14.0
16.67
15.0
11.33
4.67
9.33
1.67
7.33
-1.67
2.67
2.0
3.67
0.0
1.33
3.67
-3.0
-4.33
-1.0
-1.0
-4.33
-7.33
-0.67
-3.0
-0.33
-2.67
2.67
-2.0
1.0
-2.0
6.0
5.0
4.0
1.33
-10.0
-5.33
7.67
1.0
-3.67
-2.67
-3.33
-4.67
4.67
-7.0
3.33
-5.33
-6.0
-2.67
-10.33
-3.0
2.33
-1.67
-4.33
-4.33
1.33
-6.67
-6.0
-8.33
-6.33
-6.67
-4.0
-4.33
-10.67
-6.67
-8.67
-5.0
-6.0
-7.67
3.33
-12.33
3.0
-3.0
-4.0
-7.33
-1.0
-3.33
0.0
2.67
1.33
-2.67
-3.33
-6.0
-0.33
4.0
1.0
-12.33
-6.33
-0.67
-4.33
-1.67
-4.0
-1.67
-1.67
5.67
-5.33
-5.67
5.33
0.33
-5.67
-6.67
2.33
-0.67
0.33
-4.67
-0.33
-4.33
2.67
-7.67
-3.33
-11.67
-3.67
-2.33
-4.0
-4.67
-0.33
18.33
-6.0
-5.0
-1.67
-5.67
0.33
0.0
1.0
1.33
-6.0
3.0
-2.0
2.33
-5.0
2.33
6.67
-5.0
4.67
-2.67
1.67
-8.67
-5.33
-6.67
-1.33
-6.0
-4.33
10.0
-7.0
0.33
-10.0
8.33
-2.33
-4.67
-4.67
2.0
-3.0
3.33
-0.33
5.0
3.67
4.33
-2.0
-1.0
0.0
5.33
-7.0
-8.67
1.33
0.67
5.0
-5.67
-1.67
5.0
4.67
-1.0
0.67
8.67
2.67
0.0
6.67
-0.67
1.67
-1.67
7.0
-0.67
-0.33
-4.0
-4.0
-2.0
-4.0
4.67
3.0
-5.67
3.67
6.0
4.67
4.33
5.67
10.67
-2.33
-1.67
-4.67
4.33
-6.33
-4.67
-4.0
4.33
-5.67
-6.67
-2.33
4.67
5.67
1.33
8.67
7.0
10.33
20.0
6.0
16.33
25.0
17.33
3.67
26.0
13.67
13.33
16.67
13.67
14.33
14.67
29.33
15.67
13.33
15.67
8.0
18.67
14.0
7.33
1.0
4.67
6.33
6.33
-0.33
5.0
5.67
-3.0
7.33
-1.33
3.33
13.67
1.67
4.0
8.67
1.33
-2.0
-1.0
0.33
5.0
-0.33
-2.0
2.0
6.67
1.33
3.33
1.0
2.33
2.0
-6.0
-1.33
0.33
-5.0
8.67
12.67
1.0
5.0
2.33
7.33
1.67
2.0
-0.33
12.0
13.33
-5.0
2.67
12.0
-2.33
6.67
4.0
-6.67
-2.67
10.33
1.0
-1.67
8.33
4.33
13.0
0.0
3.0
0.0
-3.33
15.33
10.67
-1.0
8.67
8.33
6.67
1.0
4.0
7.67
6.33
7.67
5.67
0.33
3.67
5.33
1.67
2.0
6.33
11.33
3.0
2.67
4.67
3.0
10.33
13.67
7.67
5.0
15.0
8.0
8.0
6.0
5.33
15.33
12.67
7.0
14.33
3.33
14.67
15.33
19.33
14.0
6.33
10.33
4.33
-4.0
8.33
3.0
-1.0
9.33
0.67
19.67
19.0
8.0
-0.33
11.67
2.67
-0.33
8.33
11.67
5.0
2.67
8.0
5.33
0.33
9.33
4.0
11.0
0.33
7.67
9.33
1.0
17.0
5.67
-6.0
13.33
-1.0
8.0
14.0
6.33
-8.67
13.67
11.33
2.0
8.33
7.0
9.0
5.0
5.0
9.67
8.67
13.0
9.0
3.67
9.67
18.67
14.0
2.0
9.33
12.67
7.33
8.67
12.33
10.67
6.67
9.33
6.33
-1.0
1.67
22.33
12.67
3.33
15.0
5.67
10.67
9.0
5.0
3.33
1.0
-3.0
8.0
7.67
8.33
17.33
13.67
10.67
15.67
11.0
-3.67
5.33
7.33
11.67
-0.33
2.0
-1.67
8.33
6.33
3.67
5.0
9.0
12.67
8.33
14.67
16.67
10.0
13.67
1.33
5.33
4.0
11.33
10.33
9.0
18.0
5.33
7.0
14.0
22.33
4.33
3.0
7.67
4.67
15.33
12.0
16.33
10.67
11.33
7.67
14.33
13.33
18.33
7.67
7.67
22.67
11.67
20.67
13.0
15.0
11.0
14.67
24.33
4.67
27.33
15.67
19.33
12.33
11.0
25.0
24.0
12.0
30.67
42.0
35.67
56.33
31.67
40.67
45.33
58.67
49.0
45.33
62.33
65.67
70.0
78.0
77.67
85.0
76.33
55.0
86.67
75.0
73.0
65.33
78.0
83.0
50.0
85.0
67.33
66.0
48.0
47.33
44.0
60.33
44.33
30.67
27.67
24.33
21.0
19.67
17.67
24.67
26.0
1.67
21.33
23.33
7.67
5.67
12.0
13.67
11.33
21.0
5.33
7.0
10.67
4.67
10.67
8.0
7.0
10.0
10.0
11.67
11.33
17.33
2.0
-2.0
11.0
13.67
4.67
17.0
14.0
10.33
6.33
6.33
3.33
5.0
15.0
3.33
1.0
5.67
14.67
19.33
10.0
1.33
12.33
-1.0
8.33
3.33
16.67
6.67
3.67
5.0
4.33
8.0
11.67
5.0
11.67
12.67
12.0
2.33
21.0
5.33
23.33
19.67
7.33
-1.0
6.0
10.33
10.33
8.33
2.0
12.33
10.33
7.67
7.0
19.33
8.67
4.0
2.67
6.67
4.0
-3.33
2.67
5.67
5.33
18.0
8.0
0.67
10.0
1.33
2.0
10.33
9.33
10.67
0.0
9.0
16.0
8.33
1.33
20.0
9.67
11.0
7.67
15.67
7.0
10.33
25.33
6.67
11.0
3.0
6.33
12.33
11.0
-2.0
17.0
9.67
4.67
2.0
7.67
4.0
3.67
6.0
18.67
18.0
5.33
6.67
4.67
0.33
-7.33
3.0
0.0
-1.33
-4.67
2.33
14.67
6.33
11.67
11.33
11.67
2.67
1.33
16.33
-8.33
2.67
-5.33
2.33
7.0
-3.33
7.67
6.0
6.33
8.67
20.0
7.33
19.0
5.33
7.33
-5.33
21.33
15.33
2.0
17.67
-5.0
22.33
11.0
16.67
16.67
11.33
5.0
22.67
12.67
7.67
16.33
13.67
13.0
29.33
26.0
19.33
20.33
39.0
29.67
24.33
24.33
32.0
17.67
26.33
29.0
23.67
29.33
22.67
27.0
32.33
37.33
18.0
18.33
13.33
13.33
10.0
25.33
15.33
10.0
21.67
4.0
12.67
10.0
6.0
12.33
-1.33
12.33
17.33
8.33
3.0
-3.0
9.67
12.0
4.67
12.0
13.33
0.33
-3.0
3.33
0.0
8.33
3.33
-1.0
8.0
1.0
-7.33
11.0
-5.33
15.0
-0.67
6.33
-0.67
13.33
10.33
2.33
13.0
3.33
-0.33
5.67
6.67
3.33
15.0
15.0
6.33
10.33
3.0
3.67
6.0
18.67
3.67
14.33
14.33
6.67
8.67
3.33
11.0
13.0
4.0
5.67
19.0
8.33
-2.33
7.0
9.0
10.33
10.0
4.67
1.0
9.0
-2.67
7.0
12.0
8.67
20.67
-1.0
4.67
5.0
8.0
7.67
11.0
-0.33
3.67
4.33
3.33
2.0
12.0
-0.67
0.33
8.33
11.0
-7.0
0.67
-2.33
10.0
8.0
9.67
4.33
-1.33
0.33
9.67
-2.0
4.0
7.0
-2.0
-0.67
28.0
10.33
11.0
6.33
2.33
-1.33
-1.0
7.33
3.33
2.67
0.0
12.33
14.33
-10.0
12.33
15.0
9.67
7.0
-2.33
-0.33
6.33
-4.67
8.67
11.67
3.0
12.0
-3.33
3.67
3.33
4.0
2.67
7.33
6.0
10.0
-3.67
2.0
6.33
-5.0
-5.0
-0.33
4.0
3.67
-3.0
3.33
12.33
2.0
14.33
-3.0
3.33
-0.67
11.67
-2.67
-3.0
2.0
-2.67
2.33
3.67
10.33
7.0
-2.0
0.0
7.33
-0.33
-5.67
5.33
-3.0
5.33
8.33
10.0
9.67
12.33
3.33
7.33
-2.0
3.67
15.67
-1.0
6.0
6.0
9.0
1.33
10.33
-1.33
2.33
3.0
-7.33
-3.67
-3.67
-0.67
1.0
3.67
1.0
6.67
-3.33
0.67
6.67
0.33
6.33
-2.0
9.67
4.33
20.67
0.0
0.33
6.0
8.67
6.67
12.67
21.33
4.33
5.33
3.67
6.67
7.67
9.33
10.0
5.67
9.0
6.0
11.33
-2.67
3.33
4.0
2.33
7.0
-5.33
0.67
-2.33
3.67
1.33
10.33
8.0
-2.67
7.67
7.0
5.33
-0.67
-0.67
1.33
9.33
8.33
2.33
6.33
12.0
0.67
6.67
-0.33
1.0
1.0
7.0
2.33
-3.67
1.33
4.0
1.0
6.67
6.33
2.67
6.0
9.67
-6.0
-2.0
6.0
9.0
4.0
4.67
3.67
-1.0
5.67
0.67
-3.0
6.67
6.0
0.67
10.67
3.0
9.33
13.0
1.67
11.0
-1.0
-1.67
6.67
11.0
6.67
12.67
1.67
2.0
-0.67
-2.33
5.67
4.33
6.0
5.67
2.33
2.67
10.0
-0.67
8.67
-1.33
5.33
3.0
4.33
5.67
4.33
-3.0
-0.67
-1.67
7.67
2.0
-1.0
-0.33
-3.67
0.0
5.33
2.0
0.67
4.33
4.33
13.0
-3.33
-8.67
6.33
0.0
3.67
7.0
2.0
4.67
6.33
6.33
6.67
5.0
-5.0
6.33
0.33
-0.33
4.33
1.0
-2.33
0.67
1.67
-1.0
2.33
5.33
-3.33
-6.0
6.0
2.67
4.0
3.0
-2.0
-1.33
1.0
0.0
2.67
-1.33
-0.33
0.67
5.33
5.67
4.33
4.67
-1.0
9.0
0.0
4.67
0.33
2.0
1.0
-0.33
-4.0
3.0
1.0
9.33
2.0
1.33
1.67
-5.33
10.0
-4.67
-1.67
1.0
8.67
-7.33
3.0
6.67
-1.33
2.67
3.0
4.67
-2.0
-0.67
3.0
-1.33
4.67
8.33
3.0
-1.0
-1.33
-1.33
7.67
1.33
0.0
6.33
7.0
0.33
2.67
2.67
-0.33
-0.67
6.33
-5.0
6.67
4.0
0.67
-1.67
5.67
2.67
0.33
3.33
-0.67
-1.33
3.67
7.67
-1.33
-2.0
7.67
-3.0
4.0
-5.33
1.33
4.0
-1.0
1.0
6.33
2.67
-3.33
1.33
-5.67
-3.0
-3.33
0.0
0.33
-1.0
-0.33
2.33
-0.33
2.33
-3.33
-3.67
1.67
3.0
5.0
-0.33
-1.67
0.67
-5.0
1.0
-0.33
1.0
2.67
-3.0
2.0
-0.67
0.33
-1.0
0.33
-2.67
-0.33
2.67
2.33
2.33
2.33
6.33
1.67
1.0
4.33
0.33
5.67
0.33
2.33
1.67
-2.0
-5.33
-2.67
-4.33
2.67
-2.33
-3.0
4.0
1.0
0.67
-5.0
0.0
3.33
-1.67
5.67
7.67
6.0
4.0
0.0
-2.33
-5.0
5.0
1.67
