0.0
-5.67
-21.67
27.0
-29.67
1.33
-7.0
-77.0
-67.0
-42.0
-55.33
18.0
-20.67
-8.67
-77.67
39.67
-23.33
-14.67
12.33
-51.67
2.67
22.67
-6.67
-3.33
-4.67
-8.67
-2.0
-2.0
4.0
-7.0
-11.67
1.0
3.0
0.67
-5.0
0.67
-0.33
2.0
-1.67
2.0
-0.33
1.67
1.67
1.67
-0.33
-0.33
-1.0
0.0
1.0
-0.33
0.67
0.0
-0.67
0.33
1.0
0.0
1.0
0.0
0.0
0.0
-0.67
-0.33
0.0
0.67
0.67
0.67
1.0
-0.67
-0.33
-0.33
-0.33
0.0
-0.33
-0.33
0.0
2.0
-0.33
0.0
1.0
-1.0
0.0
-1.67
1.67
-1.33
0.0
0.33
1.67
0.67
1.67
2.67
2.0
-0.67
0.67
0.0
-1.0
1.0
0.0
0.33
2.33
-0.67
-0.67
-0.67
-1.67
-1.33
1.0
0.67
-0.67
0.33
1.0
-0.67
1.67
-3.33
1.33
1.0
-3.0
-4.0
0.67
-2.33
-1.33
-2.67
4.33
-0.67
3.0
0.67
-0.67
2.0
-2.33
-1.0
0.33
1.33
4.0
-0.67
4.33
3.33
1.0
6.0
3.33
1.67
6.33
-2.67
2.0
4.0
2.67
-2.0
3.33
5.0
-2.0
3.33
1.0
2.33
4.0
-1.0
0.0
5.0
-0.33
6.33
1.33
2.33
2.67
1.67
-4.67
2.33
-1.33
5.67
3.33
1.33
2.33
3.0
6.33
-0.33
-2.33
-0.33
-7.67
0.33
4.0
-1.67
1.33
-0.67
-1.33
6.0
3.33
1.0
8.33
-4.33
9.0
2.67
0.33
-0.67
1.67
6.67
1.33
-0.67
0.67
1.0
8.0
1.0
5.33
0.33
4.33
1.0
-2.33
9.0
7.33
7.67
8.33
-4.0
8.0
0.33
0.33
-2.33
-0.33
-1.0
3.33
3.67
0.67
2.67
2.67
1.0
1.33
5.0
-0.33
-0.33
-4.33
2.67
-1.33
1.67
0.0
-2.67
-2.33
-0.67
2.0
5.0
2.67
1.67
1.33
3.0
-1.67
0.33
5.33
7.33
5.0
8.67
8.33
8.67
1.33
5.0
-1.0
4.67
3.33
4.33
1.67
-3.67
0.67
10.0
5.33
10.33
3.0
1.0
5.33
5.0
-1.33
-0.33
0.33
-3.0
4.33
6.33
11.0
0.33
13.0
1.0
-2.33
-1.67
6.67
-3.0
6.67
-2.0
6.33
13.67
7.67
3.67
4.67
7.0
7.67
3.33
-1.67
9.33
1.67
1.0
-0.67
1.33
-1.67
-1.0
6.67
3.33
4.33
5.0
1.0
-2.67
2.33
-2.0
0.67
-6.0
1.33
1.33
-1.0
4.0
2.0
3.33
7.0
-1.0
-0.33
-1.0
2.0
5.67
8.67
0.0
1.33
0.0
2.67
4.33
6.67
0.0
-1.67
6.67
-3.0
3.0
2.33
-3.0
3.0
0.0
-7.33
2.33
6.0
4.33
10.33
-6.67
-1.33
-2.0
-0.67
-0.67
3.67
-2.67
1.33
10.33
6.0
-0.33
6.0
3.67
6.67
-0.67
1.0
4.0
0.67
9.67
1.67
1.0
-2.33
-0.33
4.67
7.33
1.33
-1.0
6.67
3.67
4.67
0.33
-2.67
10.33
-0.67
3.0
-3.33
8.0
3.0
-2.33
6.0
3.33
4.0
0.0
2.0
-5.0
2.67
-2.67
0.67
5.67
4.0
0.0
-3.33
1.0
2.67
1.67
9.0
5.67
6.33
-1.33
-1.33
3.0
2.33
-1.33
-2.0
3.33
-1.0
2.0
1.67
1.33
-2.67
-3.33
1.0
-3.33
3.0
7.0
-1.67
7.0
-4.67
5.0
-5.0
0.33
-2.67
1.0
0.33
2.33
1.0
2.0
-2.67
0.33
4.67
5.33
3.67
2.0
5.33
0.67
6.33
4.67
-3.67
0.67
4.33
-1.67
0.0
4.33
1.67
-0.67
-0.67
-4.33
3.67
-1.0
1.67
4.33
5.67
4.67
-3.67
2.67
-2.33
6.33
2.0
-1.67
-1.33
-0.67
4.0
-2.67
-0.67
0.0
7.0
1.67
2.0
1.0
-5.33
3.33
5.33
5.33
1.67
-0.33
-3.33
-0.67
-3.0
3.67
-2.0
-0.33
0.0
-2.0
4.67
1.67
1.67
0.0
2.33
-2.33
1.67
1.33
1.67
-1.0
-3.67
0.67
2.67
0.33
3.0
-1.0
-2.0
6.67
4.33
-1.67
5.67
0.67
1.0
-0.67
-1.33
1.33
-7.0
0.33
4.33
1.33
0.0
-2.67
0.0
1.67
3.33
0.67
5.33
1.67
3.33
2.33
1.67
-5.67
-2.67
-3.0
-1.0
-0.33
7.0
-6.0
-4.0
2.0
-0.33
-0.67
2.33
1.67
-2.33
0.33
-5.33
4.0
0.67
-4.0
0.33
1.0
-0.33
-1.0
0.33
-1.0
-2.67
1.67
3.67
1.67
2.0
8.0
2.67
-1.67
-1.67
1.67
-1.67
0.33
3.0
5.33
1.33
2.0
3.67
-0.67
2.67
-0.67
5.33
3.0
6.33
-2.67
-2.0
0.67
-1.0
6.0
2.67
0.0
0.33
-2.0
1.0
-1.33
-3.67
0.0
5.67
3.33
-2.67
3.67
1.67
-2.0
0.33
-3.0
-3.33
2.67
2.33
0.33
-1.0
0.33
1.33
1.67
6.0
-0.33
0.33
1.67
1.0
0.67
0.67
4.33
1.67
2.67
-2.67
1.0
-4.67
2.67
-0.67
-2.33
2.33
-1.33
-5.67
-1.67
-1.33
4.0
3.67
-1.67
-3.0
-0.67
5.0
-2.0
-4.33
-7.0
-3.0
-1.33
0.33
-3.33
-1.0
-1.67
-2.33
1.33
-1.33
1.33
-3.0
-1.67
2.67
1.33
-2.67
-1.67
2.67
-3.0
-3.0
-1.0
4.33
3.67
-1.67
0.67
-4.67
3.67
-1.0
-0.67
-2.33
1.0
-4.0
-2.33
-3.33
-2.0
1.67
-5.33
-4.0
2.67
-0.33
2.0
-6.67
-1.33
-2.33
-3.33
1.33
-2.67
4.0
5.33
-3.0
-1.0
2.33
-2.67
4.0
-2.0
0.33
3.0
1.0
-2.67
-4.67
-5.33
-4.0
-4.33
-2.67
-7.33
-3.0
-7.33
-2.67
-4.0
0.0
0.0
-4.0
-2.33
-0.67
-4.33
-2.33
1.33
6.67
-1.33
1.33
0.0
-0.33
5.0
-2.0
-2.33
-4.33
0.33
-5.33
-5.67
-1.33
1.33
-0.67
-8.33
-2.33
-1.33
3.67
1.0
-5.33
-2.0
-4.67
-0.67
-5.0
-2.67
-2.0
-3.67
-4.67
-3.0
-2.33
-11.0
-2.0
-0.33
5.67
-0.67
-9.0
2.33
-0.33
-6.0
-3.0
-1.0
-2.0
-5.67
-4.0
-4.0
1.0
-9.0
-4.0
0.33
-5.0
-3.33
-6.67
-7.67
-3.67
-2.67
-11.0
-3.33
-5.67
-4.33
2.0
-3.33
-5.33
-5.0
-3.33
-9.0
-8.0
1.67
-5.0
-3.0
-5.33
-6.67
-1.33
1.0
-3.33
-7.33
1.0
-2.67
-2.33
2.33
-3.0
-4.33
0.67
-5.0
-7.33
-3.0
-2.0
-1.33
-5.33
-1.33
3.0
0.33
0.33
-7.0
-1.67
0.0
3.67
5.67
4.67
5.67
-2.33
3.0
4.0
11.33
17.0
15.0
13.67
24.0
9.33
18.33
11.0
24.33
15.33
12.33
16.67
23.0
17.67
12.0
13.33
6.67
14.33
2.67
4.33
-1.67
3.67
5.0
-2.33
3.0
3.33
-3.33
-4.0
0.67
-4.0
-3.0
-0.33
-1.33
-1.67
-1.0
-0.33
-3.67
-2.33
0.0
-2.0
-2.0
-3.0
-1.0
-2.0
3.33
-7.0
1.67
3.67
-11.0
-3.67
1.33
3.67
-2.67
1.67
-9.0
-3.67
-7.33
2.0
-4.67
-7.33
-10.0
-11.67
-1.67
-3.33
-7.33
3.33
-3.67
-5.0
-9.33
-1.33
-5.67
-2.0
1.67
-6.67
-0.67
-8.67
5.0
-7.0
1.33
-0.67
-10.33
4.0
0.0
-2.0
-1.33
1.0
-2.33
0.0
4.67
2.33
5.33
-1.33
-5.0
5.67
-7.0
-2.0
-14.33
-7.33
2.33
-4.33
5.33
2.0
2.33
2.33
1.67
2.67
2.33
4.33
9.33
-0.67
-0.67
-7.67
-0.67
-5.67
-0.67
-3.33
1.67
-1.33
-0.67
-0.33
-3.67
-9.67
-3.33
-8.0
3.33
-3.33
2.33
-11.0
-1.0
-0.67
-4.67
-2.67
5.0
1.0
-7.67
3.0
-2.0
-5.0
-4.67
-6.0
0.33
-2.33
-1.0
-4.33
-6.67
-3.33
-6.67
-3.33
3.33
-6.33
2.0
-10.33
-7.0
-7.0
-5.67
3.0
-2.67
-5.33
-5.67
-2.67
-2.0
1.0
0.33
0.67
-1.0
-1.33
-0.67
4.0
1.0
-1.0
-2.67
-3.0
-0.67
-2.67
8.67
0.0
-3.67
-2.67
-6.0
-2.33
-8.0
-11.33
-1.33
4.67
-4.0
1.67
4.33
-3.33
1.33
0.0
-5.67
1.67
-2.0
-2.0
-3.0
-9.0
4.67
-4.0
-7.67
2.67
0.0
1.67
0.33
1.67
-2.33
-3.33
7.33
-7.67
1.33
-4.33
-7.67
-1.0
-0.67
3.33
7.33
-3.33
13.67
2.67
10.33
5.67
16.0
11.33
11.0
7.0
15.33
9.0
20.33
15.67
11.0
16.67
17.33
21.67
10.67
7.33
18.67
18.33
15.67
19.33
11.67
12.0
18.67
16.0
14.33
1.0
-0.33
7.33
2.33
12.67
6.0
-5.33
1.0
8.33
-0.33
5.33
7.67
7.67
4.0
1.67
12.33
18.0
8.0
2.33
5.0
-1.33
2.0
12.0
0.67
2.33
1.33
3.0
-1.67
10.0
0.0
4.67
7.33
-1.0
6.67
7.67
3.0
5.0
8.33
9.33
7.67
-6.0
9.67
2.0
5.33
13.0
4.67
1.0
16.67
0.67
-4.0
-2.67
5.33
10.33
-3.0
5.33
12.33
1.33
9.0
5.0
7.0
2.0
-4.33
10.33
-3.33
1.0
4.67
18.33
0.67
5.0
12.0
10.67
1.33
0.67
-2.33
-0.67
2.67
0.33
7.67
7.0
-1.67
5.33
11.0
5.67
11.67
8.0
6.33
3.67
8.67
8.0
16.0
6.0
13.0
5.0
5.33
-0.67
1.67
11.0
16.33
13.33
14.67
14.33
13.33
4.0
0.33
15.33
-2.67
5.0
21.33
14.0
1.0
8.33
16.67
18.67
9.0
5.0
1.67
3.67
6.67
5.67
9.33
19.67
10.0
6.67
13.0
0.33
10.33
11.33
8.0
22.0
0.33
8.67
14.33
4.0
-1.0
19.67
13.0
10.33
-8.0
14.0
6.0
4.33
5.33
15.67
10.33
11.0
15.33
17.0
8.0
8.0
7.0
9.67
8.67
5.0
3.0
2.67
9.67
6.67
12.0
7.0
2.33
5.67
10.33
1.67
9.33
14.67
1.67
8.33
14.33
5.0
14.67
13.33
10.67
8.33
5.0
6.67
10.67
7.0
10.0
5.33
8.0
7.0
17.0
4.67
10.33
10.33
17.67
17.67
5.67
12.0
-5.67
17.33
5.33
15.67
0.67
6.0
12.33
2.33
2.33
5.67
14.0
3.0
12.67
9.33
8.67
5.67
10.0
13.67
6.33
2.33
12.0
15.33
2.33
0.0
6.0
7.33
2.0
4.0
8.33
6.33
20.0
9.67
11.67
15.33
11.0
23.33
18.67
4.33
18.67
18.33
9.33
12.33
12.67
9.67
22.67
7.67
6.67
21.0
7.0
3.0
12.67
25.33
10.67
22.33
18.67
17.33
24.33
18.0
23.0
24.0
19.0
17.67
23.0
26.67
39.33
33.67
29.67
58.33
45.67
67.0
67.33
44.33
76.67
52.0
77.0
78.67
81.0
85.33
88.0
76.67
77.0
97.0
62.33
74.0
64.0
70.0
60.0
56.33
62.0
66.0
51.33
59.0
43.33
26.33
27.67
21.67
24.33
17.0
16.67
14.67
31.67
11.0
14.67
6.33
16.33
8.67
15.67
15.0
6.67
1.33
18.0
8.33
7.0
1.67
8.67
17.67
5.0
13.0
2.0
4.0
22.67
1.33
6.33
4.0
6.0
20.0
-4.33
6.67
18.0
11.0
14.33
3.33
4.33
7.33
-1.0
13.0
5.33
-2.0
7.67
14.67
14.33
21.0
-3.67
14.33
1.0
24.33
8.33
10.67
1.67
0.67
-4.0
-2.67
11.0
11.67
7.0
2.67
6.67
23.0
13.33
15.0
10.33
5.33
0.67
8.33
0.0
-2.0
13.33
7.33
13.33
4.0
14.33
9.33
-3.33
19.0
16.33
0.67
6.0
15.67
7.67
4.0
7.67
6.67
10.67
12.33
11.0
5.0
13.67
7.0
14.33
12.0
8.33
11.33
1.67
12.0
6.0
19.0
14.33
15.33
24.0
4.67
1.0
15.67
2.67
0.0
22.33
12.33
-4.33
9.0
0.0
13.33
18.33
-3.0
0.0
6.0
0.67
13.67
1.0
20.67
4.0
1.67
6.0
13.67
8.0
10.33
0.67
10.67
16.33
16.67
-3.0
7.0
2.67
1.33
11.33
2.67
9.33
10.67
13.33
7.67
-4.33
1.33
16.33
14.67
-0.33
2.67
15.33
5.0
5.67
8.67
8.0
10.33
0.67
18.0
-2.67
10.0
7.33
3.33
4.67
20.33
0.33
7.0
14.67
11.0
8.33
13.0
16.67
20.67
27.33
3.0
24.67
18.67
10.67
10.33
33.67
16.0
15.33
19.0
10.33
15.33
32.0
35.67
31.33
25.33
20.0
29.67
32.33
48.0
25.67
21.33
23.67
32.0
43.33
25.33
17.0
27.33
22.33
16.33
12.0
23.33
16.33
25.0
8.67
16.0
8.67
5.0
16.0
4.33
-1.33
2.33
2.33
-5.67
9.0
3.0
16.67
18.0
3.67
6.0
13.33
-1.67
16.0
-0.67
1.0
14.33
4.33
14.0
5.0
0.0
7.67
8.0
-2.33
15.0
11.33
-6.67
2.33
2.33
8.33
-2.67
26.0
-0.67
9.67
2.67
12.67
5.33
13.0
9.0
12.33
13.33
-6.0
8.67
1.0
10.67
11.67
11.33
14.33
8.67
15.67
2.33
10.0
13.0
22.0
-4.33
21.0
15.33
9.67
5.0
5.0
8.33
13.0
11.67
16.0
8.0
8.33
1.0
12.0
14.67
11.67
5.0
16.67
6.0
-1.0
13.67
19.0
1.67
3.67
5.33
-1.67
4.0
12.0
4.33
-1.67
15.33
-1.0
-11.0
1.67
5.67
1.0
12.0
-1.33
5.33
2.67
3.33
-7.33
7.0
-2.0
-2.0
8.0
5.33
5.0
15.33
10.0
-2.67
-0.67
-3.33
-3.0
-3.67
-1.67
9.67
-6.0
7.33
7.33
3.0
-0.67
15.0
4.67
17.0
-1.33
4.67
9.33
9.33
1.67
-4.33
0.0
-6.0
8.67
0.67
8.33
9.0
-11.33
4.33
-1.0
8.0
3.33
5.0
2.33
4.0
-4.0
3.67
-2.0
8.67
-8.0
3.33
9.33
6.0
10.33
8.0
13.33
-1.67
8.67
14.33
10.0
9.0
1.33
2.33
-3.33
3.33
2.0
3.0
7.0
-4.67
-8.33
3.33
-0.67
3.0
3.33
-3.67
5.0
5.67
7.33
8.33
-6.67
4.0
7.67
5.67
-3.0
2.0
4.0
10.0
4.33
12.33
1.67
-9.67
2.0
4.67
-1.67
9.33
8.33
2.0
2.67
13.0
7.67
1.67
-5.33
13.67
3.33
9.33
5.0
2.67
12.33
20.67
4.0
0.33
11.0
-4.33
11.67
0.67
16.33
1.33
5.33
0.67
5.67
12.67
1.33
-4.0
3.67
9.0
13.0
4.33
11.33
4.33
4.0
3.33
11.0
13.67
-0.33
-4.33
-4.33
-1.67
-0.67
1.0
-1.67
13.67
4.0
-2.67
1.33
-8.67
3.33
-6.67
-0.67
6.33
-0.67
7.0
-4.33
9.67
0.67
6.0
5.0
3.0
-0.67
5.33
-1.67
0.0
0.0
3.67
10.33
2.67
10.0
-0.33
-6.0
-2.0
6.0
14.0
9.0
7.67
1.67
3.0
8.67
3.67
7.0
-2.33
5.0
3.67
0.67
15.0
1.33
4.0
3.67
0.0
2.0
3.33
2.67
3.0
0.67
4.67
0.67
2.0
1.33
1.67
7.67
9.33
4.0
9.67
1.33
-2.33
7.0
3.33
1.67
3.67
0.33
1.0
1.33
1.67
2.33
4.0
5.33
-1.67
0.67
6.0
7.0
1.67
1.33
13.0
10.33
4.0
1.67
-0.67
1.33
4.0
-2.33
-2.67
4.33
5.0
12.67
9.0
-1.0
3.67
8.33
5.33
-1.33
6.0
5.0
2.33
0.33
-1.33
4.33
2.0
-1.33
1.67
5.67
3.0
8.33
-3.67
7.67
6.0
-1.0
5.67
-1.0
7.0
-4.0
-0.33
-2.0
5.0
-2.33
8.67
3.67
1.67
7.33
1.67
2.33
-3.33
4.0
2.0
1.0
-4.33
5.33
-1.0
12.0
-1.33
2.0
2.0
-1.0
4.33
-1.0
-2.67
3.67
-3.33
6.0
1.33
-2.67
0.0
0.67
-3.33
2.0
-2.33
-4.33
0.67
1.0
6.67
-1.0
-1.67
1.0
-0.33
6.67
-1.67
1.0
10.0
-3.33
2.67
4.67
7.33
5.0
8.33
-4.0
-0.67
-2.33
0.67
3.67
4.33
-2.67
0.0
14.67
10.0
1.67
2.33
-2.33
-2.33
-2.67
3.33
-0.67
3.67
-0.33
4.67
-4.33
-1.0
3.67
0.0
-1.0
-3.33
-0.67
-4.0
2.0
6.0
-2.67
5.67
4.67
3.33
-0.67
6.0
-1.33
-3.0
-1.67
2.0
9.67
1.33
-3.33
-1.67
8.67
-0.67
-3.33
5.0
-2.0
-0.33
4.33
-0.33
0.0
5.0
-0.33
-1.0
3.67
1.0
2.0
5.33
-0.67
3.0
3.33
1.33
8.67
1.67
-2.67
3.33
8.33
5.33
0.67
1.0
3.33
1.33
-3.33
-0.67
2.33
-2.33
2.0
-3.33
5.33
5.67
2.67
-1.33
-2.0
3.0
-1.0
-1.33
0.0
-4.0
2.33
-5.67
-1.33
-2.33
0.0
6.0
-4.0
0.67
-4.0
-1.0
-3.33
