0.0
27.33
67.33
118.0
-21.67
1.33
-48.0
-64.0
-17.0
-101.0
-46.33
35.0
12.33
-2.67
-33.67
-28.33
45.67
20.33
-17.67
-21.67
2.67
-6.33
-2.67
10.67
-4.67
-30.67
-1.0
-7.0
-8.0
-5.0
-0.67
2.0
7.0
2.67
-4.0
4.67
1.67
1.0
0.33
0.0
-0.33
-0.33
-0.33
0.67
0.67
0.67
-1.0
1.0
0.0
0.67
0.67
1.0
-0.67
0.33
2.0
-1.0
0.0
0.0
0.0
0.0
-0.67
-0.33
1.0
-0.33
-0.33
-0.33
1.0
0.33
-0.33
1.67
-0.33
0.0
0.67
-0.33
0.0
0.0
-0.33
0.0
0.0
-1.0
0.0
-1.67
1.67
-1.33
0.0
-0.67
0.67
3.67
-0.33
0.67
0.0
0.33
-0.33
-1.0
1.0
0.0
0.0
1.33
0.33
-0.67
-0.67
-0.67
0.33
-1.33
-1.0
0.67
-0.67
3.33
0.0
1.33
0.67
-1.33
0.33
1.0
0.0
-4.0
-0.33
-2.33
-0.33
-4.67
1.33
2.33
-3.0
2.67
1.33
0.0
2.67
-1.0
4.33
0.33
0.0
-3.67
0.33
12.33
-3.0
0.0
1.33
0.67
2.33
1.33
0.0
4.0
8.67
2.0
8.33
1.0
11.0
1.33
0.0
-4.67
-1.0
1.0
0.0
3.0
5.67
3.33
2.33
6.33
1.67
5.67
1.33
5.33
0.67
7.67
4.33
10.33
3.33
0.0
2.33
0.67
2.67
-8.33
-5.67
-2.67
5.0
2.33
-3.67
-8.67
-3.33
3.0
6.33
1.0
-1.67
1.67
0.0
4.67
4.33
-1.67
3.67
5.67
3.33
3.33
5.67
-3.0
0.0
2.0
-1.67
1.33
-0.67
-5.0
-2.33
-2.0
2.33
5.67
2.33
5.0
9.0
6.33
1.33
-3.33
-1.33
-2.0
2.33
2.67
0.67
7.67
4.67
-1.0
10.33
7.0
1.67
7.67
-1.33
4.67
5.67
8.67
6.0
-2.67
-3.33
7.33
3.0
2.0
-0.33
0.67
1.33
4.0
0.33
9.33
3.33
-0.67
6.0
-2.33
-4.67
3.67
3.33
2.0
-1.0
6.67
4.33
0.33
-1.33
3.33
5.67
8.0
3.33
1.33
6.0
2.0
4.33
1.0
2.67
-2.33
3.33
3.0
3.33
-2.67
4.0
2.33
2.0
2.0
-1.33
8.33
2.67
5.0
5.67
4.0
3.33
-0.33
3.67
1.67
3.67
0.0
8.67
7.33
-2.67
5.33
2.67
2.0
1.33
12.33
5.33
8.0
11.67
4.33
4.33
3.0
11.0
1.33
-2.67
-3.0
5.67
-4.0
3.33
-3.67
-1.0
-3.0
10.0
6.33
9.0
8.0
0.67
2.0
-1.0
2.67
5.67
-2.0
-0.67
9.0
2.67
5.33
3.67
8.0
2.33
5.67
0.0
-1.0
1.33
7.0
4.0
5.0
-1.33
-0.67
6.0
1.33
2.33
8.33
0.67
2.0
1.33
1.33
-2.33
1.33
-3.67
6.33
7.0
2.67
0.0
0.67
3.67
2.33
-6.0
5.0
-1.33
5.67
3.67
1.0
2.67
-1.33
3.67
2.33
7.33
1.0
-0.33
5.67
3.67
0.33
-5.67
-2.67
-4.67
-2.0
-3.33
-1.0
3.0
0.67
3.0
1.33
8.0
-1.0
6.0
-2.0
1.67
9.33
3.67
0.67
0.0
-2.0
2.67
2.0
1.67
2.67
8.0
-1.33
4.33
5.67
2.67
0.0
1.33
2.67
10.0
-0.67
-3.0
2.0
-0.33
1.33
-4.67
-0.33
3.0
1.67
0.0
2.0
4.33
5.0
-2.67
-1.0
4.0
4.33
-3.67
10.0
3.33
2.33
1.0
1.0
-0.67
-2.67
6.67
5.33
-4.33
3.0
3.33
-2.33
3.33
4.67
1.33
2.67
9.33
0.33
-1.0
2.33
-3.33
-0.67
-0.67
-3.33
3.67
2.0
2.67
9.33
3.67
3.67
-0.67
-1.33
5.67
6.33
2.0
3.33
-0.33
7.33
-4.0
0.33
3.33
2.0
3.0
3.67
-1.0
-1.0
-0.33
1.33
3.33
6.33
1.67
-3.33
-3.33
-2.67
2.0
0.67
-2.0
1.67
1.0
-3.0
-1.33
-0.33
3.67
2.0
1.33
-0.33
-2.33
4.33
2.67
5.0
-3.67
2.67
0.67
4.33
5.0
-2.0
-3.0
1.67
0.33
-2.67
3.67
2.67
-3.0
5.33
-1.33
-2.67
-2.0
4.33
-1.67
-0.67
3.0
4.33
2.0
-4.33
1.33
4.67
0.33
1.67
-1.67
4.33
4.67
3.33
-3.67
-3.0
-4.0
-5.33
0.0
-3.0
-2.0
-4.0
2.67
1.33
5.33
2.67
-1.33
-1.67
-7.33
-2.0
3.67
-2.0
-2.67
2.0
-0.33
1.0
1.33
6.0
-3.67
3.67
-0.33
4.67
5.0
3.0
-3.33
1.33
4.33
1.67
-2.67
0.33
-3.0
-2.67
2.33
2.0
2.67
-1.67
3.67
2.33
0.33
1.0
1.33
2.33
5.0
0.67
1.0
1.0
-2.33
3.0
-1.67
-2.0
0.0
-1.33
3.33
1.0
-4.33
6.33
-1.67
2.67
-2.33
-1.0
-0.67
-3.0
-4.33
1.67
0.33
3.33
1.0
-0.67
5.33
1.67
1.0
-3.33
4.33
-0.33
1.0
-1.33
-1.33
-1.67
2.67
-0.33
-2.67
-3.0
-1.67
-0.33
-0.67
0.67
-1.67
0.67
-1.67
1.33
0.67
-2.0
2.67
-3.67
-1.0
-1.67
7.0
1.0
-0.33
-6.0
-3.0
5.67
-3.67
-3.33
-2.0
-2.67
-2.33
1.33
-0.33
2.33
-4.0
-0.67
4.67
-1.67
-4.67
-2.67
-1.33
-3.0
-2.0
2.0
-0.67
1.67
-1.67
2.67
-0.67
0.67
-2.0
-0.67
-3.33
3.0
-5.0
3.67
-3.33
-3.0
-1.33
-2.33
-2.0
4.67
-0.33
-2.0
-0.67
2.67
-1.33
-1.33
-2.67
-2.67
3.0
-0.67
-2.0
1.0
4.33
-3.67
4.0
1.0
-2.67
-3.0
-1.0
2.33
-0.67
-5.33
-4.0
0.67
-2.67
-7.33
-6.0
-4.33
3.33
2.0
-1.0
1.0
-1.0
-6.33
-3.67
-3.33
-4.33
1.33
-7.33
-3.33
-4.67
1.0
-1.33
1.0
3.0
0.67
-5.33
-6.67
2.67
-5.67
-2.33
2.33
-3.67
-4.33
1.67
-2.33
2.67
-4.0
-1.33
-2.0
3.33
-4.67
-3.0
0.33
0.0
-1.67
-3.67
1.0
-1.33
-6.0
-5.0
-3.33
-1.33
-1.67
-9.0
-2.67
-5.33
-2.0
-6.0
-3.0
-1.0
-1.67
0.0
-6.0
0.0
-7.0
-4.0
-6.67
-8.0
-9.33
1.33
-5.67
-2.67
-0.67
-8.0
-8.33
-6.67
-2.33
-8.0
-3.33
-0.33
-2.0
-10.33
-6.0
-4.0
-3.33
-9.0
-1.0
-3.33
-4.67
-1.33
1.0
-0.33
-9.33
-2.0
-2.67
-2.33
-0.67
-2.0
-2.33
1.67
-5.0
-6.33
1.0
-6.0
-4.33
-6.33
6.67
0.0
5.33
0.33
0.0
-3.67
-1.0
-6.33
2.67
6.67
5.67
14.67
6.0
8.0
1.33
7.0
17.0
21.67
27.0
17.33
23.33
24.0
14.33
27.33
27.33
19.67
22.0
16.67
16.0
17.33
13.67
6.33
4.67
9.33
-1.67
11.67
6.0
0.67
4.0
-0.67
1.67
-6.0
6.67
7.0
-2.0
-1.33
0.67
-0.67
-4.0
3.67
6.33
-0.33
-2.0
-3.0
-6.0
-3.0
-3.0
-2.0
-0.67
-3.0
-1.33
-3.33
-6.0
3.33
-3.67
0.67
-2.67
3.67
-4.0
-11.67
-2.33
0.0
-0.67
-4.33
-2.0
-11.67
-6.67
-10.33
-5.33
-3.67
-7.67
-8.0
0.67
2.67
-14.67
-7.0
-3.33
-11.67
2.33
0.33
-5.0
-10.0
-3.67
-5.67
-12.33
-3.0
4.0
-2.0
-7.33
4.0
-5.33
0.0
-5.33
8.33
3.33
-0.33
-4.0
4.67
0.0
1.0
-8.33
-11.33
-2.67
-1.33
-2.67
2.0
-0.67
-0.67
4.67
4.67
-7.67
5.33
-1.67
0.33
1.33
-5.67
-5.67
-5.67
-5.67
-4.33
-6.33
1.67
0.33
-5.33
-1.67
-5.67
-2.33
-8.0
-0.67
-4.33
2.33
-16.0
10.0
3.33
-3.67
-5.67
-5.0
7.0
2.33
-3.0
-4.0
-3.0
1.33
-3.0
0.33
6.67
-7.0
-4.33
-2.67
3.67
-10.67
-1.33
0.33
-7.33
-4.0
-8.33
-7.0
-5.0
-5.67
-8.0
2.33
-5.33
5.33
-1.67
-3.0
-7.0
-2.67
-2.33
-5.0
2.67
2.33
-7.0
-2.0
-1.0
0.33
5.0
-2.67
-3.67
-2.33
2.0
-1.67
3.33
8.0
1.67
-2.0
-5.33
2.67
-1.33
-3.0
8.67
7.33
3.67
7.33
2.0
-8.67
-0.33
-4.0
3.0
1.0
-9.0
2.67
-1.0
-6.67
0.67
0.0
-5.33
3.33
-0.33
-1.33
-2.33
5.33
-9.67
-4.67
2.67
14.33
2.0
2.33
9.33
5.33
11.67
7.67
10.67
10.33
10.67
2.0
5.33
23.0
9.0
19.33
4.0
17.33
11.67
13.0
31.67
22.33
15.67
22.67
19.33
16.67
17.33
22.67
10.33
22.67
19.0
13.67
5.0
6.33
0.0
5.67
-4.67
8.33
6.67
3.0
5.67
3.0
22.33
0.67
-1.67
3.67
8.67
-1.0
3.67
5.33
11.0
2.0
12.33
2.0
5.67
2.0
6.0
5.67
10.33
2.33
-2.0
2.33
3.0
0.0
4.67
10.33
3.0
8.67
3.67
14.0
-3.0
-4.67
6.33
9.67
4.0
5.67
6.0
3.33
5.0
-3.33
16.0
8.67
8.67
8.0
0.33
-1.67
8.33
4.0
8.33
6.33
0.33
9.0
5.0
-2.0
1.0
6.67
12.33
8.67
7.0
5.67
3.33
6.67
5.0
5.0
0.67
6.33
5.67
11.67
8.33
13.67
8.33
3.67
10.0
16.33
4.33
6.0
5.67
6.67
1.0
6.33
3.67
5.67
6.0
9.0
7.0
9.0
-1.0
2.33
12.33
-0.33
14.0
15.33
-3.67
12.67
14.33
5.33
16.0
0.33
12.33
1.33
-7.0
12.33
1.0
7.0
5.33
13.67
14.67
-2.0
3.0
8.67
9.67
7.67
-0.33
11.33
7.67
3.0
10.67
5.0
-1.67
7.33
7.33
10.0
12.0
2.33
16.67
9.33
21.0
7.0
7.67
-5.0
11.33
12.0
3.0
5.0
16.33
2.33
-0.33
16.33
13.0
-2.67
11.0
10.0
3.0
7.0
8.67
4.67
10.0
9.0
6.67
1.67
13.67
-2.0
0.0
7.33
5.67
1.33
-3.33
7.33
9.67
4.67
2.33
6.33
3.0
6.67
17.33
9.67
7.33
7.0
9.67
13.67
13.0
5.0
13.33
4.0
4.0
13.0
3.67
6.33
12.33
11.67
3.67
15.67
7.0
-0.67
2.33
16.33
17.67
8.67
2.0
2.33
5.33
5.33
-0.33
12.0
4.0
7.67
-4.67
17.67
3.67
-3.0
9.67
1.33
6.33
12.0
7.33
-0.67
5.0
17.0
5.33
6.0
5.0
6.33
8.33
20.0
7.67
-0.33
7.33
0.0
10.33
13.67
1.33
14.67
30.33
14.33
17.33
17.67
11.67
15.67
24.67
24.67
8.0
16.0
0.0
13.67
35.33
16.67
7.33
8.67
18.33
7.33
20.0
24.0
26.0
28.0
14.67
25.0
24.67
37.33
42.67
57.67
42.33
52.67
56.0
52.33
66.33
67.67
73.0
48.0
79.67
75.0
101.33
81.0
67.67
78.0
77.0
76.33
72.0
60.0
62.0
56.0
41.33
57.0
63.0
42.33
52.0
37.33
43.33
31.67
29.67
5.33
32.0
34.67
10.67
22.67
8.0
15.67
1.33
10.33
13.67
7.67
7.0
4.67
1.33
8.0
6.33
13.0
10.67
9.67
-3.33
12.0
10.0
12.0
7.0
7.67
0.33
11.33
14.0
6.0
19.0
-2.33
4.67
11.0
3.0
11.33
5.33
-2.67
16.33
12.0
20.0
12.33
16.0
3.67
-1.33
15.33
18.0
13.33
12.33
17.0
19.33
11.33
19.67
21.67
11.67
-7.0
10.33
4.0
13.67
-2.0
7.67
16.67
13.0
5.33
4.0
12.33
3.33
3.67
17.33
3.0
6.0
4.33
10.33
11.33
5.0
-4.67
9.33
11.67
5.0
13.33
5.67
7.0
8.67
4.67
13.0
9.67
1.67
11.67
20.33
14.0
7.0
3.67
10.0
6.33
15.0
9.33
4.33
0.67
3.0
13.0
16.0
9.33
10.33
13.0
1.67
7.0
7.67
7.67
-4.0
14.33
5.33
-1.33
10.0
12.0
11.33
8.33
5.0
13.0
21.0
10.67
6.67
14.0
0.67
5.0
14.67
7.0
7.67
16.0
11.33
4.67
8.67
7.33
-4.33
0.0
13.0
11.67
-2.67
7.33
26.67
-1.67
7.67
3.33
15.67
4.67
-2.67
10.33
12.67
8.67
5.67
7.33
19.0
15.67
1.67
8.0
2.33
9.67
8.0
12.33
4.0
-0.67
11.33
8.67
22.33
3.33
8.0
8.67
11.0
17.33
11.0
10.67
6.67
18.33
12.0
26.67
15.67
13.67
27.33
26.67
10.0
18.33
30.0
24.33
23.33
27.0
26.67
20.33
39.33
19.0
22.67
14.33
32.0
22.67
36.33
27.67
29.0
36.33
20.33
19.0
23.33
19.33
23.33
24.0
12.33
14.33
18.0
14.67
10.0
14.67
11.0
13.0
12.33
9.67
7.33
24.33
8.33
0.0
10.0
7.67
13.0
3.67
11.0
17.33
6.33
5.0
3.33
14.0
13.33
-5.67
7.0
10.0
10.0
10.67
9.0
1.67
3.0
6.33
1.33
-5.67
-0.67
7.33
2.33
9.0
8.33
9.67
7.67
4.67
8.33
8.0
11.0
9.33
7.33
5.0
7.67
4.0
12.67
16.67
2.33
6.33
11.67
-4.33
8.33
8.0
13.0
0.0
4.67
10.0
16.33
-5.33
8.0
-4.0
16.33
6.0
15.67
16.0
9.0
3.33
15.0
10.0
8.67
11.67
13.0
3.67
6.0
2.0
3.67
2.0
-6.33
3.67
2.33
-3.67
5.0
-1.0
-8.67
2.33
6.33
2.0
-1.0
3.67
7.67
0.0
8.0
9.67
-8.67
-3.33
3.33
-3.33
8.0
6.0
-5.0
1.0
12.33
-4.0
5.33
1.0
5.33
6.33
-10.33
-6.0
-1.67
-3.67
0.67
-2.0
-1.67
0.33
-4.0
9.33
-6.0
13.67
16.0
5.67
1.67
9.33
6.33
4.67
5.67
1.0
10.0
3.67
-5.33
15.33
10.0
-1.33
11.33
7.0
9.0
-2.67
3.0
5.33
1.0
-5.0
7.67
-7.0
-4.33
-12.0
-4.67
12.33
7.0
8.33
5.0
3.33
5.33
5.67
8.33
-1.0
-3.0
-4.67
-0.67
3.67
0.33
11.0
8.0
7.0
5.33
-3.33
8.33
1.33
5.0
10.33
8.33
12.0
8.67
4.33
1.33
1.33
4.0
2.67
11.67
8.0
3.0
9.0
15.0
5.33
-2.67
-7.33
4.33
-1.0
-9.33
8.33
6.33
3.33
11.0
7.67
7.0
9.67
2.67
12.67
11.67
0.33
8.33
4.0
13.67
9.33
2.67
4.0
1.33
8.0
9.67
2.67
-2.33
9.33
6.33
6.33
7.67
10.67
9.67
4.33
2.0
15.67
10.0
-3.0
10.33
1.33
1.33
-4.0
3.33
4.0
4.67
8.67
-1.33
5.67
2.33
2.33
0.0
-0.67
5.67
7.0
-1.67
0.33
-1.67
6.33
5.33
-2.67
11.33
3.33
7.0
-9.33
4.67
13.67
5.0
0.0
10.0
0.33
-2.67
6.33
-2.0
3.0
7.67
0.33
7.67
-2.0
7.67
1.0
-1.0
4.0
7.0
2.0
9.67
-4.33
10.0
13.67
-2.33
-2.0
-0.33
10.0
6.67
12.67
9.0
4.33
4.0
-5.33
5.0
-8.0
-13.67
-0.33
4.0
6.67
5.67
3.67
4.0
0.33
4.67
-2.33
-0.67
5.0
1.67
1.33
1.67
6.0
1.33
4.67
-9.33
-5.67
0.0
-1.67
0.67
11.33
4.0
2.33
6.33
-6.33
3.0
-2.0
0.67
0.33
-1.0
5.33
1.0
1.67
2.33
1.33
6.0
-0.33
-1.67
5.33
-2.0
5.67
6.0
-6.0
-3.33
1.33
5.33
-9.33
8.0
-2.0
4.33
-2.67
2.67
4.33
-4.0
2.67
6.67
3.67
6.0
0.33
-4.67
0.67
-1.0
-1.0
13.67
3.0
10.0
3.0
-2.33
8.0
0.0
-4.33
-1.33
-4.33
3.67
4.33
5.67
2.33
-3.33
0.0
0.0
6.0
2.67
3.33
-1.0
-2.0
4.67
-2.0
-6.0
-1.0
8.33
4.0
4.33
-1.33
-3.33
1.0
0.33
8.33
8.0
6.67
-1.33
0.0
10.67
0.67
-1.33
1.0
-1.33
0.0
-1.67
6.0
2.67
3.67
4.33
0.0
8.0
-0.33
1.67
0.67
4.33
3.0
1.33
-4.0
-1.67
3.67
2.67
2.67
1.33
0.33
3.0
4.67
2.0
2.67
1.33
-0.33
1.67
12.33
8.33
4.33
0.67
-5.33
1.67
1.67
-2.0
12.67
8.0
0.0
6.67
0.33
2.0
1.0
6.0
4.33
11.67
2.67
9.33
8.33
4.0
5.67
0.0
4.33
-2.0
0.67
-1.67
-0.33
3.33
0.67
8.33
6.67
7.0
5.0
0.67
2.33
1.67
-5.0
-1.0
7.67
4.0
1.67
-3.0
0.0
1.33
1.33
1.0
10.33
-3.67
5.67
3.67
0.33
1.33
4.33
5.33
-0.33
-5.0
0.33
-3.67
5.67
4.33
-1.67
-0.33
7.0
1.67
-1.67
-0.33
8.67
-0.33
-3.0
6.0
0.0
-0.33
0.0
1.0
-2.67
-8.67
2.67
12.67
-4.0
-1.0
0.0
0.67
-3.0
2.0
-0.33
