0.0
0.33
-34.67
44.0
93.33
55.33
-18.0
22.0
87.0
141.0
-50.33
47.0
81.33
30.33
15.33
18.67
-2.33
9.33
-57.67
13.33
44.67
1.67
27.33
17.67
-0.67
-15.67
-7.0
-3.0
9.0
-1.0
-8.67
0.0
5.0
-1.33
6.0
-0.33
-1.33
1.0
0.33
2.0
2.67
-0.33
-0.33
-0.33
1.67
0.67
1.0
0.0
0.0
-0.33
-0.33
0.0
-0.67
0.33
0.0
-1.0
0.0
0.0
2.0
0.0
-0.67
-0.33
0.0
-0.33
-0.33
-0.33
0.0
-0.67
1.67
-0.33
-0.33
0.0
-0.33
-0.33
1.0
1.0
-0.33
0.0
0.0
-1.0
1.0
-1.67
-0.33
-1.33
2.0
-0.67
1.67
-0.33
0.67
-0.33
0.0
0.33
0.67
0.0
-1.0
1.0
1.0
-0.67
1.33
1.33
-1.67
-0.67
-0.67
-2.33
1.0
-0.33
-1.67
2.33
1.0
1.33
2.67
-1.33
0.33
0.0
4.0
-1.0
-3.33
-2.33
1.67
1.33
1.33
2.33
0.0
1.67
1.33
3.0
-1.33
-2.0
0.33
2.33
0.0
-1.67
-1.67
3.33
-1.0
2.0
5.33
-4.33
-0.67
-2.67
4.0
0.0
4.67
4.0
9.33
5.0
4.0
9.33
1.0
1.33
-3.0
6.0
-1.0
-2.0
-0.33
3.33
1.33
0.33
-2.33
0.67
-2.67
2.33
4.67
8.67
0.33
0.33
2.33
0.0
0.33
-2.33
-6.33
-0.33
-0.67
8.33
8.0
-1.67
8.33
-5.67
-4.33
-4.0
0.33
5.0
2.33
-3.33
3.0
3.67
3.33
1.33
1.67
2.67
3.33
3.33
0.67
-8.0
9.0
7.0
-0.67
1.33
1.33
1.0
-1.33
-1.0
1.33
1.67
-3.67
4.0
-1.0
0.33
-5.67
-3.33
3.67
-2.0
1.33
5.67
-5.33
4.67
5.67
-4.0
5.33
-1.0
1.67
2.67
-1.33
5.67
2.67
3.67
7.0
2.33
1.67
3.33
5.0
7.0
7.67
2.67
9.33
0.0
-4.67
-0.67
2.33
2.33
-1.0
2.67
3.33
-3.33
3.33
5.0
7.0
-0.33
-3.67
1.33
1.67
2.33
8.67
2.0
5.33
6.33
-2.0
1.0
-3.67
0.0
-3.33
1.67
4.33
-3.0
1.33
3.33
7.0
-2.67
1.0
-3.0
2.67
8.33
0.67
2.0
0.67
-1.0
5.33
1.67
6.67
-0.33
2.67
2.0
6.67
-1.67
-1.67
2.33
6.67
7.0
-4.67
5.33
2.33
5.0
4.67
2.33
5.33
3.0
13.0
3.33
1.33
5.0
-0.33
4.0
5.33
5.33
9.0
0.0
1.0
2.33
2.0
-4.0
-3.33
4.0
5.0
7.67
7.67
1.0
0.33
1.0
1.67
5.33
2.67
12.0
4.33
2.67
-4.0
-1.0
1.33
-2.0
5.0
1.0
2.67
-1.67
4.0
3.33
6.33
-0.67
-3.33
6.0
3.33
5.33
10.67
1.33
2.33
-0.67
2.0
10.67
-1.0
0.67
-2.33
-4.67
5.0
6.0
1.67
7.67
5.67
9.0
0.67
7.67
0.67
5.33
12.33
3.0
3.67
-1.33
1.67
-4.67
-1.67
2.33
6.33
-3.0
0.67
2.0
-1.0
-3.33
4.0
7.33
3.0
2.0
-1.0
3.0
3.67
7.33
2.67
2.67
-2.0
-1.0
1.67
3.0
-1.33
-1.33
-3.0
2.67
6.33
0.67
-0.33
-3.0
9.33
7.67
5.0
-0.67
3.0
-5.0
-2.33
1.33
3.33
2.67
3.0
0.67
-4.0
3.0
-2.67
6.0
-2.67
4.0
0.0
-1.67
0.33
0.0
-1.67
-2.67
1.0
1.0
-1.67
0.33
6.67
7.33
3.67
4.0
-3.67
-5.33
3.33
6.67
-1.67
1.67
-3.67
2.33
-1.0
0.33
-1.33
0.33
0.33
-4.33
3.67
6.0
6.67
1.33
3.67
3.67
6.33
-1.33
3.67
-0.67
1.0
3.33
-0.33
6.33
-1.0
7.33
3.33
0.0
1.0
0.67
1.0
0.0
-3.33
-2.67
2.33
2.33
4.67
1.67
-3.33
2.33
-3.0
2.67
1.0
-0.33
-2.0
-3.0
2.67
0.67
6.67
-1.0
-1.67
-2.33
-0.33
4.33
3.67
1.0
-4.67
3.67
-2.33
4.33
1.0
-4.0
0.0
0.67
-0.67
-1.67
1.67
-5.33
1.0
-3.67
1.67
1.33
1.0
2.33
-0.67
-3.67
3.0
-1.67
6.0
0.67
3.33
-1.33
8.33
2.67
0.33
-1.67
7.67
-2.67
-0.67
-1.0
0.0
2.67
2.0
2.0
0.0
2.0
-0.33
3.33
2.33
2.67
-0.33
5.33
-4.33
-4.0
-0.33
0.0
-0.67
-3.0
-0.33
2.0
-1.67
-3.0
1.33
0.67
2.67
-1.33
-1.0
1.0
2.67
0.33
-2.67
3.67
0.33
-0.67
2.0
0.33
5.33
-1.0
4.67
0.33
1.67
3.33
1.33
0.0
4.33
-2.67
3.0
3.67
-4.0
1.0
2.67
0.0
-0.67
4.0
1.0
-4.33
-2.67
-1.0
0.67
1.33
1.33
-0.33
-1.33
4.0
0.33
2.0
-3.33
-0.33
-0.67
-3.67
5.0
-3.67
6.33
4.67
0.0
0.67
-2.67
1.67
0.0
3.67
-4.33
2.33
-0.33
-4.33
1.33
5.0
-1.67
0.67
-2.67
-0.33
-0.67
-0.33
-0.67
1.33
1.67
0.0
-1.33
-2.67
-1.0
-0.67
0.0
-4.0
-3.33
-4.0
-4.0
-2.33
6.33
-4.33
0.0
1.33
-2.33
-3.67
-2.33
3.33
1.0
-0.67
2.67
1.33
-2.67
-0.67
2.67
0.0
-1.0
-3.0
0.33
1.67
-4.67
5.67
-4.67
-1.33
-1.0
0.33
-0.33
4.0
-3.0
1.67
-3.33
2.0
0.67
0.67
1.0
-3.33
2.67
1.0
-1.67
4.67
-0.33
-2.33
-3.67
0.33
4.0
2.33
0.0
-1.0
-3.67
0.33
1.0
-1.0
-1.67
-2.0
-4.0
5.33
-2.67
0.67
1.0
-5.33
-1.67
-3.33
-4.0
-3.33
1.33
0.0
-2.0
3.0
0.0
-3.33
-6.67
-2.33
-5.33
-0.67
-4.33
-4.33
1.33
2.0
-0.33
3.0
1.0
2.67
-2.33
-4.67
-3.33
-2.67
-6.33
6.33
2.33
-10.33
-1.33
-4.33
1.67
1.0
-0.33
-6.0
1.33
-2.67
-1.0
3.33
2.0
1.33
0.33
-8.0
-5.33
-6.0
-4.0
-3.33
-4.33
-1.67
-8.0
4.33
-4.33
-3.0
-3.0
-4.0
1.0
0.33
-7.0
-8.0
-2.0
-10.0
-7.0
1.33
-3.0
-1.33
-1.67
-2.67
-0.67
-7.67
-7.0
0.67
-8.67
-4.33
-4.0
-5.33
-7.33
-3.0
-6.33
-7.0
-4.0
-2.33
-6.0
-9.0
0.67
-4.67
-3.33
-1.0
-4.33
-4.33
-3.0
-1.67
-4.33
-3.67
-6.0
5.67
2.67
-2.0
-1.33
-5.0
-8.0
1.67
-0.33
-1.33
1.0
1.33
-6.67
-3.0
-0.67
11.0
-0.33
7.67
12.67
-0.33
-2.33
10.0
8.0
14.33
15.0
21.0
17.67
29.0
27.33
35.33
29.0
26.33
21.33
32.33
20.67
24.0
19.67
12.0
19.33
12.67
8.33
7.67
21.33
4.33
0.67
0.0
4.67
-7.0
3.33
3.67
-5.0
-1.33
-2.0
-3.0
1.67
-6.33
9.33
9.0
-1.33
4.33
6.67
-4.0
6.0
0.0
6.0
-4.0
-3.0
1.33
0.0
-2.33
12.67
0.0
0.33
-3.67
-2.33
-3.67
-0.33
-5.0
-1.67
-6.33
8.0
0.33
-1.33
-1.0
-5.67
2.33
-1.33
-12.33
5.33
2.33
-9.0
-6.33
-2.33
-7.67
-5.0
-3.33
-9.67
-3.67
0.33
-4.0
1.0
-4.67
2.33
-14.33
9.0
-5.0
0.0
1.67
3.0
1.67
0.0
-3.33
1.33
5.33
-1.33
8.0
-2.33
-6.0
1.0
-10.33
-5.33
-3.67
0.67
-2.67
0.0
-3.67
-6.67
-4.33
3.67
-0.67
-2.67
-0.67
-4.67
-2.67
5.33
-11.67
3.33
0.33
-2.33
-1.33
-2.33
-4.67
4.67
-3.67
-5.67
1.67
-4.0
-4.67
3.67
2.33
-16.0
0.0
-3.67
-12.67
-1.67
-1.0
-5.0
-0.67
0.0
-3.0
3.0
-4.67
1.0
1.33
-6.33
-5.0
1.67
-0.67
1.67
-6.67
0.67
8.33
-5.33
-2.0
-2.33
-2.0
-4.0
-1.67
-2.0
0.33
-3.33
2.33
-3.67
-1.0
4.0
0.33
-2.33
-1.0
0.67
-8.67
-6.0
0.0
3.0
-1.67
0.0
-0.67
-2.67
2.67
3.0
-4.67
-5.67
-3.0
-1.33
-6.0
-3.33
0.67
5.67
-1.0
-2.33
-4.67
-3.33
-3.67
-3.0
-2.67
-1.33
-3.0
5.0
-7.0
-6.0
11.67
-1.0
-3.67
1.67
0.0
-3.33
1.33
8.67
3.67
-3.33
1.33
-5.67
-1.67
-8.33
-3.67
-4.0
5.33
2.33
3.33
5.67
7.67
2.67
12.33
6.67
13.0
11.33
12.0
14.0
20.33
19.0
10.33
10.67
17.0
11.67
15.33
14.67
12.67
17.33
24.67
12.33
22.67
13.33
4.67
9.0
19.67
10.0
10.33
-2.0
5.67
1.33
9.33
17.67
7.0
13.67
6.0
7.33
-0.33
3.33
14.67
-0.33
1.0
1.67
3.33
4.0
3.0
-1.67
1.0
6.67
-4.0
10.0
2.67
-0.67
1.33
8.0
13.33
6.0
-2.0
6.67
-4.67
0.0
6.67
3.67
6.0
0.0
9.33
1.33
11.67
1.0
4.67
2.0
1.33
2.0
3.67
13.0
-2.33
3.67
3.0
4.33
7.33
1.33
2.0
0.33
15.33
1.33
9.0
6.0
11.0
6.0
4.67
10.33
6.67
3.0
0.67
6.33
4.67
3.0
10.0
-0.33
-0.67
8.67
-1.33
-6.67
10.67
2.33
4.67
1.0
7.33
7.33
5.0
7.67
7.67
-1.0
7.33
6.67
6.67
6.0
14.0
4.0
10.0
-1.0
2.33
6.33
5.67
2.0
27.33
4.33
13.67
4.33
18.33
9.0
-3.67
6.33
-0.67
13.0
11.33
8.0
11.0
13.33
2.67
6.67
9.0
12.0
4.67
18.67
6.67
10.67
13.33
8.67
3.0
7.67
20.0
7.33
10.33
12.33
11.0
3.0
6.33
5.67
-1.67
7.0
7.0
12.67
11.0
4.33
14.0
7.0
10.0
34.33
-3.67
16.67
12.33
6.0
1.33
11.0
19.0
8.0
8.0
11.67
10.67
2.0
12.0
3.67
1.67
8.67
3.0
4.0
1.33
3.67
5.33
2.67
8.33
5.67
6.67
10.33
3.33
3.0
2.67
11.33
10.67
13.33
4.0
17.67
10.67
1.0
10.0
16.33
9.0
8.0
9.0
8.67
13.33
14.33
4.67
7.67
0.67
8.0
3.33
16.33
16.33
9.67
4.67
13.0
7.33
5.33
2.33
5.67
6.0
8.0
8.67
8.33
17.67
10.67
3.0
18.67
4.33
7.33
4.0
13.33
3.33
11.0
14.0
9.33
2.0
20.0
3.33
16.33
10.0
0.67
10.67
2.33
17.0
13.33
19.67
7.33
15.67
22.33
16.33
11.33
31.67
13.67
15.67
9.67
28.67
17.0
13.0
20.0
15.67
34.33
34.67
20.33
15.67
31.33
12.33
25.0
25.0
32.0
28.0
26.67
22.0
26.67
45.33
49.67
34.67
47.33
59.67
54.0
84.33
80.33
83.67
73.0
96.0
84.67
102.0
108.33
100.0
93.67
96.0
83.0
96.33
81.0
104.0
68.0
108.0
64.33
80.0
73.0
58.33
54.0
41.33
51.33
29.67
43.67
19.33
32.0
29.67
25.67
31.67
22.0
12.67
18.33
15.33
17.67
19.67
13.0
14.67
-5.67
11.0
11.33
14.0
13.67
-1.33
17.67
4.0
2.0
8.0
17.0
18.67
6.33
7.33
11.0
13.0
21.0
0.67
8.67
11.0
5.0
3.33
5.33
16.33
-4.67
5.0
12.0
11.33
10.0
1.67
-2.33
21.33
8.0
11.33
16.33
9.0
19.33
2.33
14.67
7.67
4.67
9.0
5.33
7.0
5.67
10.0
4.67
7.67
11.0
5.33
15.0
10.33
1.33
7.67
9.33
4.0
7.0
20.33
11.33
2.33
-3.0
0.33
20.33
-3.33
11.0
37.33
5.67
11.0
3.67
15.67
-2.0
1.67
-2.33
13.67
8.33
13.0
7.0
18.67
11.0
16.33
8.0
11.33
-1.67
7.67
4.0
7.0
8.0
5.33
6.33
20.0
3.67
16.0
15.67
15.67
-7.0
9.33
13.33
14.67
1.0
4.0
14.33
12.33
5.0
3.0
-4.0
17.67
14.67
17.0
4.67
4.0
5.67
7.0
3.67
17.0
4.33
7.67
12.67
1.33
10.67
5.0
11.0
3.67
-2.67
12.33
3.67
-3.67
8.67
8.33
6.67
13.67
8.33
7.33
4.67
4.67
19.67
5.33
8.0
14.67
12.67
18.0
-0.67
-6.33
4.0
0.33
-10.0
10.33
11.33
12.67
18.33
6.33
20.0
13.67
9.0
9.33
12.0
13.67
15.67
26.33
18.0
16.67
28.67
15.67
16.33
28.67
19.0
14.33
25.0
26.33
13.33
31.0
45.67
27.33
34.33
14.0
16.67
21.33
29.0
11.67
20.33
30.67
28.0
26.33
34.33
22.0
24.33
25.33
14.33
3.0
29.33
14.33
22.0
8.67
7.0
6.67
11.0
9.0
4.33
8.67
6.33
6.33
13.33
2.0
6.0
9.67
11.0
-4.33
-1.0
10.33
-1.67
4.0
9.33
14.0
6.33
6.33
16.0
3.0
4.0
1.67
7.0
15.67
14.0
8.33
0.33
-4.67
4.33
0.33
5.33
16.0
-0.67
3.67
-3.33
2.67
6.33
16.0
19.0
3.33
14.33
4.0
4.67
1.0
6.67
5.67
10.33
10.33
14.67
2.67
13.33
3.0
5.0
12.0
13.67
7.0
20.33
4.67
12.0
3.0
4.33
10.0
19.67
5.0
2.0
7.33
14.0
11.0
8.67
11.67
10.0
9.67
2.0
-2.0
0.67
11.0
5.67
7.67
4.33
4.33
1.0
10.0
8.33
-3.67
3.33
7.0
8.0
-1.33
7.67
-1.0
-7.0
7.67
-5.67
-3.33
-2.67
5.67
16.0
-6.0
1.0
-1.0
3.33
10.0
5.33
1.0
-11.67
1.33
5.67
-11.0
8.33
12.33
9.67
-3.0
8.33
6.33
4.0
7.33
9.0
8.67
11.0
0.67
2.67
5.33
3.33
10.67
1.67
8.0
10.0
-2.33
5.67
6.33
4.0
10.67
8.33
9.0
0.0
7.33
-4.0
-3.67
1.0
15.0
8.67
4.0
0.67
3.0
3.33
7.33
8.0
0.33
9.0
11.33
-1.67
3.67
8.33
2.0
8.0
1.33
2.33
7.67
-3.67
2.0
-1.0
9.0
10.33
-13.33
3.33
5.33
3.0
1.33
5.33
5.0
11.67
5.33
10.33
2.33
8.0
1.67
12.67
-10.0
-5.0
-2.0
12.0
-5.67
7.33
10.67
0.33
2.0
10.67
10.33
9.33
3.33
9.0
4.67
-2.0
-0.33
4.67
-2.33
-1.33
3.33
0.33
-3.0
5.67
8.33
12.67
3.0
0.33
9.0
9.67
14.67
9.67
14.33
-7.67
-3.67
7.67
7.67
-1.33
4.33
7.0
0.67
6.0
9.0
15.33
7.33
8.33
3.0
-3.67
8.0
-1.33
-1.33
-3.33
-1.33
0.33
0.33
3.0
3.33
0.67
10.0
6.33
-4.67
2.33
-0.67
4.33
-3.67
5.33
4.33
0.0
-4.33
6.67
0.67
-3.0
3.0
1.0
7.33
-4.67
7.33
-1.0
13.0
-2.33
0.33
12.67
6.0
8.67
4.0
3.0
5.0
20.0
-1.0
2.67
2.67
2.0
2.67
-0.33
-4.0
-3.33
13.0
0.67
3.67
1.0
5.33
3.0
-4.33
10.0
-7.0
4.33
5.67
4.0
5.67
6.67
-1.33
4.0
3.33
-1.33
8.67
1.33
-3.0
4.67
-3.67
4.67
8.0
-0.67
2.67
2.67
-5.67
5.0
-6.67
4.67
10.33
2.0
5.33
6.33
3.67
9.0
-3.0
11.67
-5.67
3.0
-0.67
0.0
0.67
5.33
-8.67
-5.0
-5.33
-6.67
1.33
-1.0
3.67
4.0
1.0
-1.33
6.33
0.33
-5.33
4.0
-2.0
8.33
-3.67
6.67
9.33
-4.0
6.67
4.67
-0.33
2.0
2.33
4.33
-0.33
3.0
4.0
8.67
9.0
7.0
2.0
0.67
1.0
0.0
8.67
-1.33
-0.33
8.67
-0.67
-0.33
14.33
6.67
-1.0
-2.0
3.0
6.67
7.33
0.0
2.0
-1.33
-6.0
4.0
14.0
2.33
5.0
4.33
-0.33
2.67
6.0
-1.67
2.33
0.0
7.67
-5.33
3.0
4.67
2.67
-3.33
-3.0
-1.33
4.0
1.33
5.0
4.67
1.67
1.33
-2.0
8.0
-5.33
-2.33
0.67
-0.67
4.0
7.33
-1.0
0.33
2.67
-1.33
0.67
0.33
-5.67
-3.0
-0.33
4.0
-1.33
2.33
0.67
-0.33
-0.67
6.33
4.33
6.67
-0.33
-4.33
6.67
1.0
0.67
3.0
0.0
-5.33
-0.67
0.0
0.0
1.0
1.33
-2.33
-3.33
9.33
1.33
-1.0
-1.33
0.0
0.33
-8.0
2.67
8.33
-0.33
-2.67
2.67
-5.67
-4.33
-2.0
2.0
-1.33
-0.67
2.67
1.0
-2.0
-0.33
-3.0
6.67
-3.0
-5.0
0.33
-2.67
-3.0
5.33
5.33
4.67
-2.33
0.33
3.33
-1.67
0.33
2.67
-1.0
-2.67
-1.67
-3.33
0.33
-4.67
4.67
0.0
-6.33
1.33
-0.33
3.67
-4.33
3.0
5.0
-2.0
-4.33
-2.0
-6.0
11.33
-3.67
1.67
6.67
-1.0
-1.0
4.0
0.67
2.0
-3.0
-4.33
