0.0
19.33
-4.33
4.33
58.33
156.0
56.67
24.33
13.0
23.33
30.33
-3.33
57.0
58.67
20.33
13.67
-55.33
10.33
2.67
14.67
-32.0
21.33
8.0
12.67
-13.0
-3.67
4.33
-2.0
-7.0
-4.0
-3.33
0.0
-2.0
5.0
-1.67
3.33
-0.33
1.0
-1.0
0.0
-1.0
-1.0
-1.0
-0.33
2.0
-0.67
-0.67
-0.33
-0.67
0.33
0.33
-0.33
-0.33
-0.67
-0.33
-0.33
0.33
0.67
-0.67
0.0
-0.33
-0.33
0.67
-0.33
0.33
-0.33
1.0
-0.33
0.0
-0.67
-0.33
-0.67
0.0
-0.67
-0.33
0.67
1.67
-0.33
-0.67
-0.33
-0.33
-1.0
0.67
-0.33
-0.33
0.33
1.0
0.0
-0.33
-0.33
0.67
-0.67
0.67
1.0
1.0
2.33
1.0
0.33
-0.33
-0.67
-0.33
0.33
-2.33
0.33
-0.33
-0.33
2.67
0.0
0.67
-1.67
2.33
-2.0
1.33
-0.33
-1.67
1.0
5.0
-1.0
2.33
3.0
-1.33
-2.67
2.0
3.0
-4.33
1.0
0.33
-2.33
4.0
-2.67
3.33
6.0
2.0
1.0
1.67
-1.67
0.67
2.0
5.0
0.0
-0.33
-3.0
-4.67
-0.67
-4.0
3.67
-5.33
4.0
-0.67
9.33
-4.0
1.0
-1.0
-0.33
-0.67
-0.33
-5.67
9.33
8.33
-2.67
-1.67
1.67
-2.0
1.0
-2.67
0.33
0.67
-6.67
5.67
-3.67
7.0
1.0
11.67
2.33
-4.33
3.33
8.33
5.0
3.33
-4.0
2.33
-1.67
-3.0
1.33
-2.0
5.0
-3.67
4.0
-6.67
-2.0
-0.67
3.0
2.0
3.33
0.0
0.0
8.0
3.33
4.67
-1.0
-3.33
5.33
1.67
0.67
4.33
7.33
-2.0
2.33
-2.33
6.0
1.0
1.67
-5.33
9.67
5.67
-3.33
0.67
7.33
-2.67
8.67
8.33
6.67
0.33
2.67
3.0
1.0
3.0
12.0
3.0
-1.67
-0.67
4.0
0.33
6.67
1.0
1.0
-0.67
0.33
-0.67
-2.33
6.0
-1.67
5.0
3.33
1.0
0.67
-0.33
2.67
-1.33
-1.33
0.33
-2.67
0.0
-0.67
1.33
-0.67
-1.67
-10.0
5.0
-2.0
2.67
-1.0
2.0
-0.33
4.33
-4.33
11.33
1.0
-1.0
1.33
5.33
8.0
-2.67
7.33
-2.33
-9.0
-3.67
0.0
-1.67
-6.0
2.33
5.0
5.33
-1.33
-1.0
-5.0
-4.0
4.67
0.0
-4.33
-0.33
0.0
3.67
4.67
0.33
9.67
-4.67
3.67
1.67
-2.0
6.67
-2.0
2.0
2.33
-4.67
-0.67
-0.67
0.0
-3.0
0.67
-6.67
4.67
11.67
0.0
-5.0
-0.33
-0.67
7.67
-6.67
0.67
0.0
-1.33
-7.33
1.33
1.67
4.0
-0.67
-5.0
-3.0
-4.0
7.33
1.67
4.33
6.0
-2.67
2.0
1.67
4.0
1.0
-5.33
-0.33
4.0
3.33
8.67
7.67
-1.33
0.33
-1.0
-4.0
-2.33
9.67
-6.67
3.0
0.67
7.33
3.0
-5.0
5.0
-3.0
0.67
-5.0
0.67
3.0
-2.0
4.33
-1.0
-0.33
-4.33
-6.67
-1.0
0.33
-3.33
11.67
4.33
-1.0
-2.67
-0.33
1.0
7.33
-2.67
-3.67
-2.33
0.67
-4.67
2.33
-0.33
1.33
2.33
6.33
4.67
2.0
0.67
-2.0
-0.67
-0.33
-1.33
-1.67
4.67
4.67
-2.67
3.33
-1.33
1.0
2.33
2.67
3.33
7.67
6.0
-2.67
7.0
4.33
-4.67
-1.33
2.33
-0.67
4.0
1.67
3.0
2.33
2.33
1.33
7.67
1.0
3.0
-3.0
5.0
0.0
4.0
4.0
-2.33
-3.33
2.67
2.33
-1.0
-1.67
3.33
-3.0
-1.67
2.33
2.0
7.67
-0.33
-0.33
8.0
-5.33
0.33
3.67
2.0
-1.67
-0.33
-0.67
1.67
-3.0
1.0
-3.67
3.33
-0.33
3.67
2.67
1.33
1.67
-1.33
-0.67
0.33
0.67
4.0
2.67
-0.67
1.0
0.33
1.33
1.0
-4.67
2.67
4.33
-3.0
-0.33
-0.67
-1.67
-2.0
5.33
-1.0
-0.33
-1.0
0.33
1.67
1.67
-2.67
0.67
0.0
2.33
3.67
-4.0
4.0
1.67
1.67
0.0
-2.0
2.0
-2.67
4.33
-1.67
3.0
4.0
-3.33
-1.0
2.0
3.67
1.0
1.0
-3.67
4.33
1.67
-6.33
6.67
-2.67
-0.67
1.67
1.0
-2.33
-4.67
-1.33
-0.67
0.0
4.33
-3.0
2.0
1.67
3.0
0.0
-0.67
-0.33
-4.67
5.67
-2.67
-1.33
-2.0
0.33
-1.0
1.0
0.33
-0.67
1.67
1.67
-1.0
-2.33
0.0
0.67
3.33
1.33
-2.0
-2.0
3.33
2.0
2.33
1.67
2.67
6.67
1.0
0.0
-1.67
-0.67
0.0
-0.33
0.67
3.0
2.0
1.67
0.33
1.33
-1.67
2.67
0.33
-1.33
1.33
-0.67
6.0
2.67
-2.33
2.33
0.0
-1.0
0.67
1.0
1.33
5.67
-5.67
-4.33
-2.33
-1.67
0.0
-3.67
-5.33
-5.67
1.33
1.0
-0.33
1.0
-0.33
0.0
3.67
4.0
1.67
0.33
-1.33
6.0
-1.33
-2.67
-0.67
-4.67
8.0
0.0
0.67
0.0
0.0
-2.33
2.67
0.33
-0.33
0.0
1.0
1.67
-2.33
-0.33
-1.0
4.67
-2.33
4.0
4.0
-0.33
-1.67
-1.0
-6.0
-3.67
-3.67
9.0
-0.67
0.0
-2.0
1.67
2.0
-1.0
2.33
-3.67
-2.33
-2.33
1.0
3.33
-2.33
-3.33
1.33
3.67
-1.67
-0.33
-2.0
-0.67
-0.67
-2.67
-5.33
-3.33
4.0
-3.33
-2.0
-1.67
-6.0
-3.0
-5.0
-9.0
-2.33
0.67
-4.67
-2.0
-2.33
0.67
-1.67
-6.67
-4.0
2.67
1.67
-2.0
-5.33
-3.0
-7.0
-1.0
-3.0
0.67
3.0
-0.33
-5.33
-2.67
-4.67
-2.33
-4.0
-6.0
-3.67
-5.0
2.0
0.67
-1.0
-2.33
-4.33
-4.0
-8.33
-5.33
1.33
-1.0
0.67
-2.67
-0.33
-2.67
1.33
-2.67
-2.0
-3.0
-3.0
-3.67
-5.0
1.0
-2.0
-6.67
-2.0
-2.0
-2.33
0.67
-7.67
-5.33
-2.0
-7.33
-4.67
-4.33
-3.0
-8.0
-9.33
-1.67
-7.0
-1.67
-6.33
-7.67
-8.0
-4.67
-0.67
-9.67
-4.67
-1.33
-3.33
-2.67
-7.33
-3.33
-8.0
1.33
-7.0
-5.0
-5.0
-4.33
-8.0
-2.33
-5.33
-1.33
-1.0
5.0
-3.33
-4.67
3.67
-1.67
1.0
-10.33
-9.0
-4.0
0.0
-6.33
-6.67
-9.0
-9.0
-0.33
-4.33
-6.0
-9.33
-4.33
-3.67
0.67
-7.33
-7.0
2.67
-4.0
-8.67
-5.33
2.67
-9.0
-10.0
1.0
1.67
-1.0
-0.33
-4.33
1.67
-1.67
-7.0
10.33
13.67
2.33
3.33
7.0
20.0
18.67
9.67
20.33
11.0
12.33
23.0
13.33
34.0
41.67
34.67
26.33
36.0
37.33
30.67
36.0
31.33
30.33
19.33
9.67
9.33
5.0
8.33
5.33
-1.0
0.33
5.0
-5.33
-4.67
-3.67
-7.0
-0.67
1.67
-2.0
-7.33
-1.0
-1.67
7.0
-10.0
-2.67
-6.33
1.33
0.33
-2.0
1.0
0.33
-1.0
-11.33
1.0
-3.0
1.33
-1.67
-2.67
7.67
0.33
-14.33
-2.33
-4.67
1.0
-4.67
-12.67
-4.33
-1.67
-5.33
-3.0
-8.33
-7.67
-10.0
-12.67
-4.0
-10.67
-11.67
-11.33
1.0
1.67
-11.67
-5.33
-3.67
-5.0
-2.0
-2.0
-12.67
-10.67
-6.0
-14.0
-7.33
-5.0
-10.0
-5.0
-11.0
-3.33
0.33
-2.0
-11.33
-6.33
-6.67
-12.33
-0.33
-12.0
-14.33
-10.33
-2.33
1.67
-4.33
1.33
0.67
-13.33
-7.33
-11.33
-7.33
-4.33
-1.67
-0.67
-3.0
-9.33
-9.0
-11.67
-1.33
-5.33
-10.33
-8.0
-11.0
-6.67
-9.33
-11.33
-6.0
-4.33
-2.67
-5.67
-11.0
-7.33
-8.0
-6.0
-2.67
-4.67
-2.33
-7.33
-5.0
-2.67
-4.67
-8.33
-10.0
-12.67
-6.33
-13.0
-7.67
-9.67
-1.33
-16.33
-4.0
-4.67
-9.0
-13.67
4.33
-9.33
-8.67
-11.33
-7.0
-9.67
-7.33
-9.0
-8.33
1.67
-6.0
-14.67
-0.67
-3.33
-3.67
1.0
-7.0
-4.0
-9.67
-4.33
-14.33
-10.0
-7.0
-8.0
-3.67
-6.33
-19.0
3.67
-7.67
-0.33
-10.33
-18.33
-2.67
-10.0
0.67
-4.67
-12.0
-16.33
-0.33
-6.33
-10.67
-1.33
-2.0
0.0
-11.0
-8.33
-13.0
-2.0
-15.33
-8.0
-10.33
4.0
-1.67
-3.0
6.33
-9.67
-2.33
-2.67
2.33
-5.33
-5.67
-3.67
-6.67
1.33
-1.0
10.67
-2.33
4.67
11.0
10.33
-1.33
6.33
14.0
13.0
9.0
8.33
7.67
11.0
1.67
6.67
20.67
28.0
20.0
20.0
21.33
10.33
8.0
1.67
18.33
15.0
12.33
12.0
8.0
4.67
-1.33
10.67
1.67
-8.67
5.67
4.0
7.0
-0.33
3.0
-11.67
-8.33
0.0
-4.67
-1.0
-8.67
2.33
-12.0
-0.67
-2.0
-6.33
1.0
-0.33
-0.67
3.67
5.33
-4.33
2.67
-7.33
0.33
6.0
-5.67
1.33
-1.67
-0.33
-1.33
-1.67
-3.0
10.33
-5.0
-1.33
-0.67
-1.33
-2.67
2.67
0.0
0.33
-1.0
5.33
-3.67
3.33
10.33
1.0
0.0
-4.33
1.67
6.67
-5.67
3.33
1.33
1.33
-0.67
-11.0
-5.33
-4.33
-1.0
0.67
-7.33
-4.0
6.33
-3.33
-1.33
-9.33
-2.0
3.33
-2.0
-2.33
4.0
-2.0
4.33
-3.33
0.67
-1.67
3.33
-4.67
1.67
-6.67
-1.67
-2.33
4.33
-7.0
-6.33
-0.33
4.33
-4.33
4.67
6.67
-9.67
-1.0
12.0
-0.67
-4.33
1.0
10.33
4.67
7.67
-2.0
6.33
5.33
1.67
10.33
4.0
2.0
1.0
12.33
-2.0
4.33
4.33
3.0
-3.67
7.33
3.33
8.33
0.67
0.0
5.33
3.67
-1.33
4.0
8.67
4.0
4.67
7.33
1.0
13.0
-3.33
-4.0
-6.33
7.67
-6.0
-5.0
-0.33
3.33
2.67
3.33
1.33
-6.33
8.33
2.67
-3.0
5.33
1.0
0.33
6.33
0.33
-3.0
0.67
4.67
0.67
6.0
-2.67
0.67
2.67
1.33
-3.67
3.67
-3.67
11.0
-5.67
4.67
8.0
8.0
8.0
10.67
1.67
1.33
-3.33
7.67
-3.0
3.67
7.0
2.0
-7.0
11.0
12.67
4.33
9.67
-6.0
-0.67
3.0
-3.33
7.0
-1.33
3.33
1.0
12.67
10.67
0.67
6.67
8.33
-2.33
17.67
2.33
6.33
0.67
5.0
-2.33
6.0
6.33
7.33
4.0
-1.67
-3.0
6.67
10.67
-2.33
5.0
11.0
2.0
8.67
9.0
4.67
-2.33
19.67
3.67
8.67
12.33
7.0
11.0
9.0
6.0
16.33
20.67
15.0
10.67
5.0
20.0
7.67
21.0
20.67
19.67
18.0
27.33
29.67
25.0
24.67
21.0
18.33
33.0
34.0
32.33
46.0
28.33
67.67
56.33
58.0
73.67
71.33
88.33
90.33
107.67
118.67
105.0
103.33
108.0
112.0
119.67
127.0
116.33
107.0
124.0
106.0
115.33
131.67
113.33
88.67
84.33
88.0
67.67
61.67
57.0
59.67
61.0
40.0
32.33
4.33
14.0
21.0
17.33
11.33
12.67
9.67
-8.67
8.0
-5.33
6.0
5.67
13.67
9.33
8.33
7.33
6.0
13.0
19.0
4.0
6.33
-0.67
10.67
1.33
9.0
0.0
4.0
0.67
5.0
-1.0
5.33
0.67
5.67
12.0
11.33
-7.0
6.33
12.0
1.67
7.33
3.33
-0.33
-1.0
6.67
-3.67
5.33
12.0
6.33
5.67
18.67
8.0
-3.33
7.33
4.0
-3.0
0.67
5.67
15.0
-1.33
11.0
16.67
3.67
14.67
7.33
8.67
-0.67
2.33
7.0
-0.33
-1.67
4.0
4.33
7.33
1.67
8.67
6.33
11.0
8.33
10.0
8.67
7.0
9.67
10.0
2.0
17.0
-0.33
5.0
7.33
-2.67
10.0
3.0
-4.0
11.67
12.0
5.33
-5.33
4.0
4.67
-5.33
18.67
9.33
2.33
7.67
4.33
10.67
15.33
10.67
9.0
12.67
13.67
3.33
10.0
5.0
8.0
9.33
15.33
0.0
9.67
6.33
14.33
-8.0
10.33
-2.33
2.0
6.33
-3.0
7.33
17.33
2.33
-0.67
13.0
5.67
5.0
5.67
4.67
1.33
3.67
-6.0
5.67
4.67
-2.0
-3.67
-4.67
1.33
5.0
-0.33
-2.33
13.33
22.0
-1.33
2.33
12.0
8.67
14.67
5.67
-0.67
5.0
6.67
8.67
5.33
1.67
7.0
18.33
-2.33
16.67
13.67
-1.33
10.0
-2.0
15.0
7.0
14.0
18.67
24.67
19.0
12.0
14.33
29.33
15.0
14.0
16.0
27.67
20.33
11.67
25.33
36.67
20.0
36.67
27.67
15.33
23.33
23.67
21.0
40.67
29.0
18.67
15.0
26.33
30.33
33.67
32.67
20.0
11.67
14.33
23.0
7.33
30.0
4.33
7.0
14.67
6.0
11.0
8.67
0.67
9.67
-4.33
7.67
13.0
7.67
21.33
6.67
10.67
-2.0
7.67
8.0
6.67
5.67
6.0
10.0
2.0
-5.33
2.67
3.67
5.0
-0.67
3.67
-2.0
-4.33
5.33
10.0
8.33
16.0
-4.33
6.0
4.33
1.0
6.33
-4.33
16.33
6.33
6.33
-4.0
0.33
3.0
-5.33
14.67
8.33
8.33
7.0
6.67
-3.33
4.33
17.33
25.67
3.67
-3.0
-6.33
10.33
0.33
-1.0
17.0
-0.67
10.33
-0.67
0.67
15.33
15.0
14.67
4.33
8.67
6.0
7.67
2.67
11.0
1.67
-8.0
10.0
-4.0
9.0
3.67
4.67
14.0
-8.67
8.0
1.33
-4.67
-4.0
-1.33
1.67
3.33
5.33
5.0
-2.67
-5.67
-0.67
18.67
-4.0
-0.67
3.33
-0.33
1.33
-5.33
7.0
-4.67
-4.33
4.0
1.33
4.67
-0.67
8.0
3.33
-0.67
-8.0
-0.67
13.0
3.0
4.33
-0.67
15.67
3.67
3.0
11.33
-6.33
5.33
0.0
0.33
20.0
3.67
10.0
9.0
1.33
-1.67
-0.33
5.67
-5.0
-2.67
-3.33
-11.33
-5.33
5.67
0.0
5.67
0.67
-10.33
-5.0
6.0
-0.33
4.33
-1.33
2.0
-1.67
-0.67
2.0
0.67
2.67
-5.0
-2.67
7.0
4.33
-7.0
7.0
-0.33
-4.33
7.33
5.33
-4.33
3.67
8.0
5.33
-4.0
3.0
1.67
-8.33
7.33
-1.0
0.0
6.0
8.0
1.0
-9.67
0.0
1.33
-3.33
-0.67
4.0
-7.33
10.67
3.67
2.67
2.33
4.67
13.33
7.0
2.0
7.0
1.0
1.0
12.67
3.67
3.33
-4.67
10.67
12.33
0.67
2.67
-2.67
2.33
8.0
0.67
5.67
-4.67
10.67
7.67
5.0
3.33
6.0
2.0
1.33
4.67
14.33
4.67
4.33
4.33
8.0
6.67
-6.33
2.33
1.67
-3.0
0.67
-2.67
4.33
-5.33
8.0
2.33
1.33
-5.0
-7.33
6.67
-0.33
3.33
2.33
3.0
-0.67
3.67
-3.0
-3.0
-4.0
1.0
0.67
7.0
7.67
0.33
-9.67
-3.33
7.0
-3.0
-8.0
-2.67
-1.0
-6.33
-4.0
11.67
-9.67
5.67
1.67
-7.33
3.33
2.33
-0.67
-2.67
4.33
10.0
9.67
2.0
-3.67
1.33
9.0
2.0
-0.33
6.67
1.33
-5.67
6.67
5.33
3.0
-0.33
5.67
8.67
6.33
-9.33
5.33
0.33
7.0
0.0
-1.0
-3.33
4.33
-1.67
2.0
-3.33
0.33
-0.33
8.67
2.0
-5.67
-3.33
-1.0
-4.0
-1.0
5.67
-7.67
-6.33
-4.67
-1.67
1.33
1.67
3.0
-4.0
-0.33
7.0
-0.33
3.0
0.67
-3.67
-2.0
3.67
5.33
-1.33
0.67
-2.0
8.0
-1.33
0.33
3.67
-1.0
-5.0
6.33
0.33
-4.67
-0.33
5.67
-8.67
-2.33
-1.67
4.67
0.0
-4.33
4.67
0.33
0.0
2.0
-1.0
2.0
3.67
6.33
3.33
4.0
2.0
1.0
1.67
8.67
-1.0
-3.67
3.0
4.0
7.67
1.67
2.0
-0.33
2.67
9.67
5.33
3.0
3.0
4.67
1.0
2.33
5.33
4.33
5.67
1.67
-2.67
1.0
5.0
-6.67
6.0
-2.0
-4.0
-2.0
6.67
2.67
2.67
-1.33
-4.0
-4.67
-3.33
0.33
3.0
0.33
4.33
-3.0
3.33
-1.67
1.33
-0.33
0.67
-2.33
7.67
-3.33
0.0
-1.0
-1.33
3.0
3.67
0.33
-4.0
-1.67
5.33
4.0
3.0
7.0
3.33
1.33
2.33
1.0
0.0
-8.67
2.67
-7.0
4.0
-2.67
7.67
-2.0
3.0
-0.67
-1.67
-0.33
2.67
3.67
1.67
4.0
-6.0
-3.0
-5.0
0.33
-5.33
0.67
-8.0
-2.33
1.67
3.0
4.67
-1.67
6.67
-1.33
-1.67
-4.0
0.33
12.33
-4.67
-4.0
9.0
7.0
-4.33
-7.67
3.33
-2.67
-2.0
-1.67
4.0
2.67
-3.0
-2.33
0.0
4.0
3.0
0.0
4.67
1.33
-0.67
-5.33
-0.33
-6.33
2.33
-9.0
-0.67
-1.33
-2.33
-1.67
2.0
-1.33
3.0
0.67
-1.0
-3.33
0.0
-1.0
-1.33
6.0
-0.33
3.67
-0.33
-1.67
0.0
