0.0
-39.67
-22.33
-57.67
-68.67
49.0
-31.33
-95.67
22.0
89.33
6.33
12.67
27.0
-75.33
3.33
18.67
5.67
-7.67
-46.33
-22.33
-31.0
3.33
-10.0
8.67
1.0
-11.67
0.33
8.0
-12.0
-11.0
1.67
-3.0
2.0
-1.0
0.33
5.33
-0.33
-1.0
0.0
1.0
-2.0
-1.0
-1.0
2.67
1.0
0.33
0.33
-0.33
0.33
0.33
1.33
0.67
0.67
-0.67
-0.33
-0.33
-0.67
0.67
-0.67
0.0
-0.33
-0.33
-0.33
0.67
-0.67
-0.33
0.0
-0.33
0.0
-0.67
1.67
-0.67
0.0
-0.67
-0.33
-0.33
-0.33
-0.33
-0.67
-1.33
-0.33
-1.0
-0.33
-0.33
0.67
-1.67
0.0
1.0
-0.33
-0.33
-0.33
0.33
0.67
0.0
1.0
-0.67
0.0
-0.67
-0.33
0.33
1.67
-0.67
0.67
0.33
0.67
-0.33
-0.33
0.0
2.67
-1.67
1.33
-2.0
2.33
-0.33
-1.67
2.0
1.0
-3.0
-0.67
-1.0
-0.33
-0.67
2.0
-1.0
-3.33
0.0
0.33
-3.33
0.0
0.33
-2.67
1.0
4.0
3.0
-2.33
-2.67
-0.33
0.0
-3.0
-2.0
3.67
4.0
2.33
2.33
-3.0
2.67
1.67
0.0
1.33
-3.67
2.0
-6.0
5.0
0.67
-10.67
-2.33
1.33
2.33
7.33
0.33
-3.67
2.67
7.0
-4.0
0.33
2.33
-2.33
-4.67
3.67
-2.67
0.0
-5.0
-0.33
1.33
0.67
1.33
-1.67
4.0
-2.67
-2.0
-7.67
0.33
2.0
-2.67
3.0
3.0
-0.67
1.0
-6.67
4.0
7.33
4.0
-2.0
0.33
2.0
0.0
2.0
-0.67
0.67
1.0
-5.33
2.33
7.67
4.67
9.33
4.33
6.0
6.33
3.67
4.0
-4.0
2.67
-4.33
4.67
-1.33
3.67
-2.33
-0.67
-1.67
-0.33
1.33
6.67
-2.67
11.67
4.0
-1.0
-1.0
14.0
-4.0
9.33
1.33
-1.0
6.33
0.67
4.0
1.0
-3.67
8.33
-0.67
3.67
4.0
-1.67
9.0
-0.67
1.0
14.67
2.67
3.67
-4.33
7.67
3.33
-3.67
2.0
-2.67
11.33
-2.67
2.33
-7.0
5.0
2.0
4.67
4.0
3.0
-0.33
-0.67
2.67
12.33
8.0
-3.0
-1.67
-0.67
4.0
-5.67
6.33
2.67
-3.0
-6.67
-2.0
-1.67
-5.0
8.33
6.0
4.33
2.67
4.0
3.0
2.0
2.67
-1.0
-7.33
2.67
0.0
-5.33
0.67
6.33
6.67
-4.67
-1.33
3.67
-4.0
4.67
12.0
0.0
-1.67
0.33
3.33
1.33
-1.0
6.0
-5.33
4.33
0.67
2.67
3.0
7.0
-0.33
6.33
1.67
2.33
6.67
4.0
0.67
6.67
0.33
4.67
5.0
-1.67
-6.0
1.0
6.0
4.33
-1.33
3.33
2.0
-0.67
-2.0
-0.33
1.0
6.0
0.67
1.67
-2.0
-2.67
2.67
6.67
7.67
3.33
2.0
-8.0
0.67
4.67
-6.67
2.0
-4.33
-0.67
-4.0
-1.0
-2.0
-6.0
-6.33
-1.0
2.67
-4.0
6.0
2.33
-1.0
3.67
-1.33
-3.67
3.0
1.33
1.67
8.67
-2.67
0.0
0.33
4.67
0.0
8.33
-2.67
-2.67
-2.33
1.67
-3.67
-0.67
3.67
-0.67
2.33
3.33
-4.33
7.0
3.67
2.0
0.33
5.67
5.67
3.33
0.67
2.67
1.33
5.33
-0.33
1.0
-1.67
5.67
2.33
-2.33
-3.0
-3.67
1.0
1.33
5.33
-0.33
-0.67
2.33
6.0
-1.33
3.0
4.33
0.33
-0.67
0.67
0.0
8.0
-4.0
-3.0
-1.0
0.0
3.0
2.67
-6.33
-2.33
1.33
-1.0
1.33
6.33
-4.0
-1.67
-0.67
0.0
5.67
5.67
-2.33
-2.0
2.67
-6.67
6.67
1.0
-3.67
-3.33
-0.67
-1.33
-2.0
2.0
0.33
1.33
-4.33
0.67
-4.33
1.33
4.67
-3.33
-2.67
-0.67
0.67
2.0
2.67
-1.67
-1.0
1.33
-1.67
-1.0
-0.67
-0.33
1.33
-3.0
3.67
1.33
-0.67
-1.0
6.33
0.0
-2.33
1.0
-3.67
-1.33
0.67
0.33
-3.33
-2.0
5.33
0.67
0.0
2.0
-0.33
0.67
-1.0
1.0
0.0
-3.67
1.33
0.33
-2.0
3.0
1.67
1.0
3.0
-1.33
2.0
4.0
-3.67
-2.67
-1.33
-3.33
-0.33
1.33
0.33
1.67
1.0
-5.33
-3.67
-2.33
-3.67
-2.0
3.33
-1.0
-1.0
-2.33
6.0
2.0
0.33
2.67
-3.67
6.67
3.33
2.67
-2.0
-0.67
0.0
1.0
2.33
-2.67
-3.33
-3.33
-1.0
-3.33
4.0
-5.33
1.33
-1.67
-3.0
5.0
0.33
-1.0
0.33
3.67
-1.33
2.67
0.0
1.0
2.33
-1.67
-2.0
-1.33
1.67
-1.0
2.0
0.67
-0.67
2.33
-0.67
3.67
-2.67
-0.33
1.33
-1.67
5.0
0.67
-2.33
0.33
-1.0
0.0
1.67
-4.0
2.33
-1.33
2.33
-3.33
-3.33
1.33
1.0
-3.67
-3.33
3.33
-0.67
-3.0
-3.33
-2.0
-2.33
5.0
1.67
1.0
-0.33
-5.67
0.67
-3.0
-1.33
1.33
-0.67
-2.67
-4.0
3.0
4.67
-2.0
0.0
-2.33
0.67
-0.67
-3.33
2.0
1.0
-0.33
1.67
0.67
2.0
-0.33
-0.33
5.0
0.0
-4.33
0.33
-3.0
-6.0
-4.67
1.33
-1.0
7.33
-1.0
-2.0
-3.33
-3.0
5.0
1.33
-2.67
-7.33
-1.33
-3.0
1.33
-3.33
-4.33
2.33
4.67
-4.67
-5.33
0.0
-1.67
3.33
-3.67
-0.33
-4.33
3.0
3.67
2.0
2.33
-2.0
-4.0
-5.0
-7.0
-5.33
-3.33
-2.67
-8.0
-3.33
1.67
-3.67
-4.67
-2.0
0.67
7.67
0.0
-6.33
1.0
-7.0
0.0
0.0
-4.33
-2.0
1.67
-5.33
-4.67
-0.67
-8.33
-4.0
-4.0
-5.67
-9.0
-4.0
-4.33
-5.0
-3.33
-1.33
-5.0
-4.33
-3.33
-2.67
-4.0
-5.33
-2.67
-2.33
-5.67
-3.67
-4.67
-8.0
-6.0
-6.0
-5.67
-9.0
-7.0
-2.0
-4.67
0.0
0.0
-5.33
-3.33
-2.67
-4.33
0.0
-6.33
0.33
-3.33
-6.0
-9.0
-8.33
-2.67
-7.0
-7.67
-4.33
-2.67
-11.0
-5.67
-7.67
-9.67
-5.67
-4.33
-2.33
-2.67
-6.33
-4.33
-7.0
-5.67
-10.0
-6.0
0.0
-2.33
-10.0
-1.33
3.67
3.67
2.0
0.0
-5.33
-5.67
-6.33
-1.67
7.0
-6.33
-8.0
-6.0
-8.0
-11.33
-3.67
-9.0
-5.0
-3.33
-5.33
-3.0
-6.33
-4.33
-5.67
-8.33
-6.33
-8.0
2.67
-4.0
-5.67
-7.33
1.67
-9.0
-6.0
-3.0
-4.33
-8.0
-9.33
-2.33
-6.33
-12.67
-4.0
0.33
-5.33
-4.67
-4.67
-10.0
-6.0
-2.33
-7.33
-1.67
-7.0
-5.67
-5.0
-2.67
2.0
2.67
-3.33
0.33
2.0
-1.67
-5.33
-4.0
-11.67
-4.67
-10.67
-6.33
-8.67
-6.0
-8.67
-8.67
-11.0
-10.67
-5.0
-4.33
-8.67
-6.67
-7.0
-5.67
-5.33
7.0
-12.33
-7.0
-6.67
-3.0
-1.0
0.33
-9.33
-8.67
-3.67
-12.0
-3.0
-6.67
-10.0
-11.33
-8.0
-11.0
1.33
-4.67
-11.67
-8.33
-1.67
-14.33
-1.33
-3.67
-5.0
-12.67
-11.67
-2.33
-3.67
-17.33
-4.0
-11.33
-4.67
2.0
-9.67
-1.0
-4.67
-6.67
-17.33
-3.0
-3.33
-14.67
-7.33
1.33
-9.0
-11.0
-7.0
-11.67
-13.67
-9.0
-6.0
-7.33
-5.0
-9.0
-8.0
-12.0
-1.33
-3.67
0.0
-5.33
-1.33
-8.67
-16.33
1.67
0.0
-13.33
-6.33
-1.33
-6.33
-1.33
-7.67
-4.33
-13.33
-3.33
-5.33
0.67
-4.33
-6.67
-3.67
4.0
-11.33
-13.0
-7.67
-0.33
-9.33
1.67
-7.0
-16.0
-8.67
-1.33
-10.33
-4.0
-12.33
-7.67
3.33
-9.0
-13.33
-3.0
-13.0
-12.67
-10.67
-2.33
-10.33
-1.0
-10.67
-6.67
-7.33
-9.0
-6.67
1.67
-10.0
-10.67
-9.67
-5.33
-17.33
-9.0
-4.67
-12.0
-8.67
-4.67
-10.33
-1.67
-14.33
0.0
-11.67
-9.33
-15.0
-5.33
-0.33
-2.0
-7.67
-9.67
-7.33
-5.67
-9.0
-9.0
-6.0
-7.67
-8.33
-6.33
-9.0
-7.0
-7.0
-10.67
-15.33
-11.0
-3.33
-5.67
-1.33
-10.33
-10.33
-2.67
-11.0
-4.33
1.33
-4.0
-10.33
-5.33
-5.33
-6.67
-4.33
-4.0
-3.0
-5.0
-11.33
-9.0
3.0
-12.33
-3.0
-0.33
3.0
-6.67
2.0
-4.67
-9.67
-3.33
-4.67
-1.67
-4.33
-1.67
-2.67
-6.67
-1.67
5.0
5.67
6.67
0.67
1.0
7.33
21.67
14.33
19.0
19.0
25.0
22.33
16.67
24.0
7.67
12.67
35.67
37.0
22.0
38.0
14.33
21.33
31.0
33.67
21.33
7.0
2.33
13.0
14.0
13.67
-0.33
21.67
5.67
4.33
10.67
5.0
9.0
4.67
4.0
-10.67
4.67
1.0
-4.67
-11.0
-3.67
-2.67
-1.0
-3.67
-7.0
10.67
-3.0
-8.33
2.33
-1.33
6.33
1.67
-2.33
-1.33
-9.67
-6.0
-2.67
-5.67
2.33
1.67
5.67
4.33
-10.0
-4.67
0.0
-3.33
0.33
12.67
-2.67
-0.33
3.0
-0.67
-6.0
-2.67
-5.67
-1.67
6.33
-3.0
15.0
-0.33
5.67
0.67
-1.67
5.33
2.33
-2.67
1.33
-4.0
3.67
1.67
5.0
2.67
-1.33
-3.0
8.33
6.67
1.67
-3.33
-9.0
-0.67
-4.0
4.67
0.0
13.0
2.33
9.67
4.67
-2.67
3.33
-1.67
-2.33
-2.67
1.33
-6.33
1.33
3.0
-1.33
-7.33
1.33
5.67
0.67
-0.33
-6.67
-4.0
8.0
15.33
0.67
-4.0
8.33
-1.33
6.67
-2.0
-2.67
6.33
4.67
5.33
8.0
11.0
-2.0
3.33
10.0
2.33
6.33
4.0
5.33
2.33
-5.67
7.33
2.67
0.0
8.33
8.67
-8.33
2.0
-0.33
0.0
4.67
-4.67
11.0
4.0
-2.33
8.0
-2.33
2.67
-9.0
-8.0
4.67
-5.67
-7.33
6.33
10.33
0.67
1.33
-2.33
-2.0
6.33
6.0
5.33
7.33
-3.67
1.0
-2.33
1.67
-3.33
3.0
5.33
-0.33
-4.33
1.33
-5.67
-1.33
8.33
7.0
-6.67
2.67
9.0
1.0
-1.0
8.67
4.67
2.33
-5.33
7.67
4.0
8.67
9.0
11.0
-5.0
4.0
4.67
7.33
2.67
-6.0
-4.67
3.0
-5.33
4.0
-4.33
9.33
3.0
6.67
4.67
1.67
5.67
2.33
2.67
2.67
-10.67
2.33
4.67
-5.0
-2.33
6.0
11.33
3.33
11.0
3.33
-7.0
17.67
-5.33
6.67
12.0
0.0
-2.0
9.67
8.0
3.67
3.67
10.67
0.67
4.67
10.33
11.0
5.0
6.0
-1.0
1.33
17.67
5.0
7.67
6.0
17.0
10.67
1.0
3.67
20.67
32.0
14.33
25.67
29.0
38.67
42.0
51.33
57.0
66.0
78.33
75.0
86.33
100.67
122.33
152.0
175.67
190.33
184.33
211.33
249.67
269.67
250.0
250.33
251.0
305.0
285.67
307.0
296.33
272.0
256.0
269.0
260.33
253.67
263.33
245.67
217.33
225.0
188.67
189.67
158.0
122.67
116.0
110.0
106.33
51.33
42.0
35.0
32.33
36.33
11.67
22.67
-2.67
18.0
8.67
2.0
21.67
18.67
14.33
6.33
15.33
6.0
19.0
17.0
3.0
-1.67
13.33
8.67
14.33
-8.0
-4.0
1.0
-1.33
6.0
9.0
10.33
-0.33
2.67
6.0
15.33
2.0
-2.67
3.0
-0.33
10.33
3.33
10.67
2.0
-3.33
2.33
-10.67
8.0
21.33
2.67
8.67
7.0
-0.33
13.33
7.0
-3.0
1.67
1.67
-1.0
5.67
-3.0
6.67
7.67
11.67
-3.67
9.67
-3.67
18.33
11.0
9.67
7.33
-4.0
2.33
15.33
5.67
6.67
19.33
1.0
8.33
15.0
10.67
2.0
2.67
23.0
4.0
7.0
2.67
5.0
11.33
6.33
6.0
3.0
0.0
7.67
0.0
11.33
3.67
12.0
5.67
7.67
8.67
-0.67
9.33
0.67
0.33
12.67
6.33
-13.33
6.0
14.67
12.67
2.33
12.0
0.0
3.0
1.33
8.33
5.0
17.67
-8.67
0.33
11.0
4.33
-11.33
6.0
2.33
-2.0
5.33
6.33
9.33
5.33
-4.0
-1.33
7.0
-1.33
-0.33
-4.67
-8.33
-8.0
6.67
16.67
-7.0
-10.67
-0.67
-3.67
12.0
1.67
-3.33
0.33
8.0
1.67
9.33
4.0
13.67
15.67
4.67
1.33
1.0
4.67
-0.33
-2.67
5.67
-3.0
5.33
-5.33
0.67
0.67
-1.33
11.0
2.0
-9.0
-3.0
-4.0
5.67
11.67
9.0
6.0
12.33
11.33
0.0
6.0
3.0
-0.33
-5.67
2.67
4.33
12.67
-1.0
11.67
8.67
7.33
1.33
-8.33
-10.0
4.67
4.0
2.67
0.0
-3.67
-0.67
-3.33
5.67
9.0
-2.33
-5.67
9.0
-6.67
2.0
-0.67
-2.0
-1.33
-5.0
-3.0
-5.33
13.67
-8.33
3.67
10.67
-1.0
-1.33
7.33
0.67
2.67
3.0
-0.33
0.0
7.67
3.67
9.0
3.0
4.0
5.67
-0.33
-0.33
-1.0
5.33
-2.33
-8.0
11.67
0.33
12.0
13.33
4.0
-2.33
-7.0
5.33
0.0
1.33
-4.33
9.33
9.33
20.33
6.0
18.33
5.0
-1.33
1.67
9.33
12.33
-4.0
-5.33
3.67
12.33
10.33
11.67
13.67
11.0
20.67
12.33
2.33
6.0
13.0
12.33
15.33
2.33
-6.33
18.33
13.0
11.67
7.33
6.67
20.0
15.67
-1.33
6.0
3.67
-10.0
1.0
-4.0
8.0
8.67
-5.33
-2.0
5.33
-2.0
15.33
0.33
0.0
-6.33
2.67
5.33
-4.67
2.0
0.33
-4.67
-0.67
12.67
-1.0
13.33
-0.67
-0.33
6.33
2.67
10.0
-0.67
-2.33
1.0
1.33
3.67
-1.67
12.0
4.33
-2.67
7.0
4.33
1.0
1.0
2.33
1.33
-1.33
-2.33
1.0
-1.67
2.67
-2.67
-1.0
4.33
12.0
9.67
8.0
4.0
-9.67
4.33
-0.33
-8.33
2.0
4.33
5.67
-6.33
-2.33
-3.33
5.0
-2.33
-4.33
-8.33
-13.0
0.0
-0.33
-0.67
4.67
0.0
-3.67
-1.67
-4.0
-1.33
-0.33
-1.0
2.33
11.0
4.33
4.0
-6.0
17.67
4.67
-9.67
-1.67
-11.33
4.67
10.0
8.33
16.0
6.0
-1.33
5.67
0.33
-4.0
5.0
-2.0
-1.0
0.0
-4.67
6.0
1.33
-1.33
3.33
3.0
-4.33
-2.33
5.67
-1.33
9.33
23.67
7.33
1.0
6.0
8.0
14.0
11.0
3.67
15.67
1.33
-1.67
4.67
16.33
13.67
15.67
9.33
12.33
12.0
-3.33
11.67
-4.67
15.67
14.67
3.0
10.33
11.0
11.0
9.33
2.67
-5.67
-2.33
3.33
0.33
13.0
2.67
2.67
0.33
-5.33
-9.0
2.67
-1.67
8.33
-3.33
3.0
-2.67
0.33
-3.0
-13.33
1.67
0.67
3.33
0.33
6.0
-5.67
-0.33
0.0
2.0
-3.0
-2.0
1.67
13.0
-0.33
1.33
-4.67
-1.33
-3.0
1.0
-2.0
-3.67
1.0
-0.33
-5.0
3.67
-3.67
4.67
1.67
-3.33
6.33
-6.67
3.33
0.33
-1.67
0.0
0.67
-1.0
-4.67
-0.67
1.0
-6.0
2.67
4.67
-0.67
4.33
7.67
-3.67
-4.0
-1.33
-3.33
4.67
3.33
8.67
3.33
4.33
-6.0
1.0
-2.0
2.67
4.33
1.33
-7.0
1.67
0.33
7.67
-0.33
1.0
-1.67
0.67
1.0
4.0
-5.0
-4.33
2.33
1.67
-6.67
2.33
-3.67
1.67
-1.0
-1.0
-2.33
9.0
1.67
0.0
-2.33
2.33
5.0
0.67
2.33
1.67
-0.33
4.0
3.0
0.67
5.33
2.67
-4.0
1.0
1.33
7.33
1.33
3.67
3.67
-5.67
2.67
2.33
8.67
6.0
8.67
-1.33
6.33
5.0
0.0
-2.0
3.0
0.67
7.33
7.33
15.0
-3.0
6.0
2.67
10.67
1.0
9.33
8.0
4.0
3.67
8.67
6.0
5.67
-3.33
1.67
10.33
11.0
6.0
6.67
10.0
7.33
1.33
3.33
-1.33
-0.33
1.33
3.0
3.0
-2.67
1.0
-1.0
-5.0
2.0
1.67
0.67
4.67
3.67
1.0
-5.67
-0.33
3.33
4.0
-3.67
3.33
-2.0
3.33
-1.67
1.33
-1.33
4.67
3.67
-4.33
0.67
-5.0
7.0
1.67
10.0
-2.33
-0.67
-8.0
1.33
7.33
-1.0
0.0
6.0
1.33
1.33
0.33
6.0
-5.0
-2.67
-1.33
3.0
0.0
-3.67
1.67
-6.0
5.0
-0.67
3.33
-5.33
-0.33
7.67
2.67
0.0
-1.0
-3.0
-4.0
-2.67
0.67
4.67
-1.0
-5.33
-1.33
-2.0
1.67
-1.67
-1.33
-4.33
-0.67
0.0
1.33
1.33
-3.67
-1.0
8.0
4.0
3.67
-7.67
0.33
-0.67
0.0
2.33
-1.0
0.67
-4.0
-6.33
-6.0
0.0
6.0
0.0
0.67
-5.67
0.33
-0.33
-2.33
-3.33
2.33
-5.0
8.33
1.67
-6.33
4.33
6.0
2.67
1.0
-2.33
-1.0
2.67
3.0
-3.0
0.67
3.0
3.67
9.67
-4.33
2.33
8.0
