0.0
12.33
-1.33
-24.67
101.33
-48.0
1.67
-97.67
-70.0
30.33
-19.67
8.67
50.0
-32.33
33.33
42.67
-46.33
2.33
-15.33
-10.33
14.0
20.33
10.0
-11.33
26.0
5.33
10.33
6.0
-3.0
-9.0
7.67
0.0
-3.0
6.0
-1.67
-1.67
-1.33
1.0
0.0
-1.0
1.0
0.0
0.0
3.67
1.0
0.33
-0.67
-0.33
-0.67
-0.67
-0.67
0.67
1.67
0.33
-0.33
0.67
-0.67
-0.33
-0.67
0.0
0.67
0.67
0.67
-0.33
-0.67
0.67
0.0
-0.33
0.0
-0.67
0.67
-0.67
1.0
1.33
-0.33
-0.33
-0.33
1.67
-0.67
-0.33
0.67
-1.0
-0.33
0.67
-0.33
-1.67
1.0
1.0
-0.33
-0.33
1.67
0.33
-0.33
3.0
0.0
0.33
2.0
-1.67
-0.33
0.33
-1.33
-0.67
0.67
-0.67
1.67
0.67
1.67
2.0
0.67
-0.67
1.33
-2.0
1.33
-1.33
1.33
1.0
0.0
-1.0
1.33
3.0
0.67
-1.67
0.0
1.0
4.67
-1.0
3.33
-2.33
1.0
0.33
4.33
4.0
0.0
5.0
3.67
0.33
0.67
9.0
4.0
3.0
3.67
1.0
-3.67
7.33
1.0
7.67
3.67
3.0
-2.67
5.33
-8.0
0.0
0.0
1.67
-7.67
-5.33
-0.67
3.33
4.33
0.33
3.33
-1.33
5.0
-4.0
3.33
2.33
4.67
1.33
-2.33
-1.67
2.0
-2.0
4.67
0.33
2.67
0.33
10.33
8.0
-3.67
4.0
-0.67
1.33
-2.0
4.33
1.0
2.0
1.33
4.0
3.33
3.0
11.33
1.0
0.0
3.33
-4.0
6.0
7.0
8.33
10.67
7.0
1.67
1.33
6.67
3.67
2.33
11.33
3.0
5.33
8.67
4.0
-5.0
2.67
-4.33
4.67
3.67
-0.33
6.67
3.33
5.33
5.67
-0.67
3.67
6.33
-1.33
-1.0
-2.0
-1.0
8.0
-6.0
-0.67
-4.67
4.0
-0.67
0.67
0.0
8.0
8.33
3.33
-7.67
3.67
6.0
-1.67
8.0
8.33
1.0
5.67
-2.33
7.67
2.67
0.67
5.33
1.33
3.0
6.33
10.33
0.33
-1.67
0.0
0.0
6.0
5.67
3.0
4.0
-0.33
7.33
6.67
8.33
0.0
0.0
0.33
2.33
7.0
-5.67
6.33
4.67
-6.0
1.33
-2.0
6.33
-1.0
1.33
3.0
2.33
0.67
0.0
11.0
0.0
-3.33
9.0
1.67
3.67
7.0
0.67
1.67
4.33
4.67
3.33
-0.33
2.67
1.0
-2.33
6.0
1.0
8.33
-3.67
-2.67
-2.67
3.0
2.0
-4.33
5.33
8.67
7.67
4.0
-2.0
3.67
0.33
1.67
2.33
8.67
0.0
1.67
-2.33
8.33
13.67
3.0
6.33
-1.0
1.0
-1.0
7.33
6.67
5.33
9.0
-1.67
0.0
3.67
2.0
1.0
2.67
2.67
1.0
-3.67
7.67
5.67
9.67
2.33
0.0
0.0
0.67
-1.33
-5.67
3.0
-1.33
10.33
0.0
-6.0
-1.0
1.0
9.67
8.0
1.67
2.0
-2.0
5.33
-4.0
-1.33
4.67
-1.67
-5.0
0.33
-0.33
0.67
-0.67
0.0
-1.67
1.67
5.0
2.33
-0.67
6.33
4.67
0.67
1.33
-2.67
2.67
-3.67
4.33
7.33
-2.33
5.0
3.67
-2.0
1.33
1.67
1.67
1.33
0.67
4.67
1.33
2.33
-2.33
3.0
1.33
-3.33
6.33
0.67
-1.0
-3.67
5.0
2.33
4.33
2.67
3.33
5.33
1.0
0.67
2.0
-0.67
2.33
4.33
-0.33
4.0
4.0
4.0
-2.0
7.0
2.0
6.0
4.67
-4.33
1.67
0.33
2.0
0.33
5.33
5.0
6.33
3.33
-1.0
5.67
1.67
0.67
8.0
-2.33
-3.67
5.67
2.0
-0.67
0.67
-2.67
-5.33
-1.0
4.0
-2.67
6.33
-6.33
3.67
-5.33
-0.67
1.67
1.67
-0.67
8.33
4.67
5.0
3.67
-1.67
0.0
1.33
4.33
0.0
3.33
2.67
-2.67
1.0
0.67
-3.67
4.33
0.0
9.33
3.0
0.67
6.0
1.33
5.67
0.67
2.33
1.67
4.0
1.33
5.67
-1.0
8.0
2.67
3.67
-3.0
0.0
2.0
1.33
7.33
-3.67
1.0
-2.0
-0.33
-1.0
-2.0
-2.33
2.0
0.0
3.33
-1.67
-2.33
-0.33
-3.33
-3.67
1.33
-2.33
0.0
0.67
-0.67
-5.33
-0.67
-1.0
5.33
1.0
0.0
-1.33
3.0
-3.0
1.33
1.67
-0.67
2.67
0.33
-1.33
2.0
8.33
-3.0
5.0
0.33
2.33
0.67
-0.33
-2.0
-4.33
3.0
3.67
5.33
5.33
-4.0
0.0
0.33
3.0
4.33
1.67
1.67
1.67
2.0
4.0
-2.67
0.33
1.0
2.67
-3.33
2.0
-2.0
-0.33
1.33
-1.67
3.33
-0.33
-1.67
2.67
5.33
3.33
3.0
3.67
0.67
0.33
0.0
-5.0
1.67
2.0
1.33
-3.33
-2.67
-1.33
0.67
6.33
2.0
0.33
0.67
-0.67
1.33
-1.0
0.67
0.0
1.67
1.0
0.67
-1.0
-1.33
1.33
-0.33
-3.0
1.67
-0.67
-0.67
-2.67
-4.0
-1.0
4.67
-2.0
-1.0
1.67
-0.33
-1.67
1.67
2.0
0.0
-1.33
-0.33
1.67
-6.0
1.67
0.67
1.0
-3.0
-4.33
-2.67
2.0
3.0
-4.67
-2.67
0.0
1.33
-1.0
5.0
2.67
-5.0
-1.0
-0.67
-2.67
-1.33
2.67
-2.0
2.33
4.67
-1.33
-4.67
1.67
-2.67
-1.33
1.0
1.33
2.33
-3.67
-6.33
-1.33
4.0
2.67
1.0
1.33
-6.0
-2.0
1.0
-2.0
0.67
2.67
-3.67
-7.0
-4.33
-5.33
-2.67
-2.67
1.0
-3.33
-0.33
-1.0
-4.33
-5.0
-6.0
-2.0
-3.0
1.67
1.0
-6.33
-2.33
-6.67
-3.67
-7.33
-1.0
-7.0
-6.67
-6.0
3.0
-3.33
-3.0
-6.33
-2.33
-3.0
-4.33
-1.33
-1.67
0.0
-5.33
-7.67
-5.33
-3.67
-4.67
-4.67
-6.0
-2.0
-3.0
2.33
-6.0
-8.0
-5.0
-3.67
4.0
-5.0
-2.33
0.67
-2.67
-6.33
0.0
-8.33
-5.67
2.67
-6.0
0.0
-9.33
-5.67
-8.0
-6.67
-7.33
-9.67
-9.0
-5.67
-5.67
-9.67
-4.67
0.67
-5.33
-3.67
-4.33
-1.33
-10.0
-2.67
-3.0
-5.0
2.0
-6.33
-8.0
-4.33
-0.33
-5.33
-7.0
-3.0
-5.33
-4.67
-4.33
-1.67
-3.0
-10.33
0.0
-8.0
-6.0
-5.33
-7.67
-12.0
-11.0
-4.33
-3.33
-4.0
-8.33
-5.33
-6.67
-8.33
-1.33
-9.0
-5.33
-6.0
-5.67
-5.33
-11.33
-1.0
-5.0
-7.0
-0.33
0.0
0.67
-2.33
1.67
0.33
-3.0
6.33
-1.33
-1.67
9.33
-4.0
12.0
12.67
-0.33
3.33
15.0
15.33
8.0
7.33
31.0
31.67
24.67
20.33
18.0
18.33
21.67
9.0
-0.67
7.33
11.33
7.67
7.33
6.0
2.33
-7.67
-4.0
-0.67
-4.0
-10.33
-7.67
0.33
-7.0
-5.67
-0.33
-1.0
-6.33
-5.0
0.33
-5.0
-6.0
-6.67
-3.33
-10.67
-4.67
-11.0
-6.0
-11.67
-9.0
-4.33
-2.0
-7.0
-2.67
-12.67
-3.67
-3.33
0.33
-10.33
-3.33
-2.67
3.0
-14.67
-10.67
-7.33
-3.67
1.67
-12.0
-9.33
-1.67
-7.0
-7.67
-10.0
-4.67
-4.67
-15.33
-2.0
-5.33
-7.67
-3.33
-3.67
-5.0
-10.0
-7.0
-12.67
-1.67
-6.0
-4.0
-10.33
-12.0
-11.0
5.0
-8.0
-4.33
-6.67
-8.0
-4.33
-13.33
-3.67
-9.33
-4.33
-5.0
-14.33
-4.33
-2.33
1.67
-13.33
-6.67
-7.33
-13.33
-5.33
0.67
-5.33
0.67
-3.67
-6.67
-7.0
-7.33
-3.0
-13.67
-3.33
1.67
-6.33
-5.0
-8.0
-5.67
-2.33
-8.33
-10.0
-8.33
-10.67
-0.67
-4.0
-20.33
-6.0
-2.0
-5.67
-4.67
-3.33
-12.33
-6.0
-4.67
-15.67
-8.33
-8.0
-18.67
-7.33
-7.0
-11.67
-11.67
-6.33
-17.33
-5.0
-12.67
-2.0
-1.67
-0.67
-8.33
-8.67
-9.33
-3.0
-2.67
-9.33
-17.0
-13.33
-2.33
-10.0
-13.67
-13.67
-5.33
-3.67
-13.0
-6.0
-7.0
-9.67
-3.33
-8.33
-7.0
-4.0
-11.0
-6.67
-13.33
-18.0
-8.33
-1.67
-11.33
-8.33
-3.33
-2.67
-14.0
-1.33
-1.67
-12.0
-9.33
-13.33
-12.33
-7.67
-6.33
-6.0
-1.0
-8.0
-7.33
-10.0
-5.0
-12.33
-1.0
-7.33
-7.0
0.33
-6.0
-1.67
-2.67
-5.33
0.33
0.33
-7.33
-8.67
-2.67
-14.67
-1.67
-1.0
4.67
-2.33
1.67
1.0
11.33
1.67
2.33
14.0
6.0
3.0
12.33
1.67
2.0
9.67
9.67
9.67
10.0
18.0
9.0
18.33
7.33
9.0
12.67
4.33
-1.0
0.33
3.0
10.0
2.67
0.67
11.67
5.67
-2.67
-0.33
-8.0
12.0
-3.33
2.0
-17.67
7.67
-10.0
-0.67
4.0
-11.67
-8.67
-6.0
5.33
-2.0
-0.33
-1.0
-3.33
-7.67
1.67
2.33
2.67
-0.33
-2.33
-5.67
-1.0
-3.67
-4.67
5.33
-1.33
-8.33
-5.67
-3.0
7.33
0.0
4.67
-1.67
6.67
0.33
4.67
8.0
-5.67
1.0
-6.67
-8.67
6.33
2.33
0.0
-4.0
-2.33
7.67
7.67
-0.67
-2.67
-8.67
-1.67
14.33
-1.0
-5.33
2.67
-5.0
-6.33
-6.33
4.0
4.33
3.67
-2.33
-3.33
-5.0
-1.67
5.0
-5.33
7.0
4.0
0.33
9.67
6.67
5.33
0.33
-1.67
6.67
-0.67
13.33
2.67
-4.67
-1.0
-0.33
17.67
1.33
-0.33
30.67
-3.33
1.33
-2.0
5.0
10.33
1.67
7.0
4.33
5.67
3.67
-5.0
2.33
13.33
5.67
0.33
4.0
8.0
-4.0
11.33
-2.0
13.33
3.33
1.0
-1.67
3.33
-0.67
1.33
10.67
5.0
-2.67
1.67
-5.33
3.0
7.67
14.0
-6.33
5.33
-7.0
8.0
4.67
8.0
-6.33
14.67
4.0
9.0
9.67
-3.67
4.67
2.33
4.33
-1.33
3.33
4.67
8.0
6.33
4.0
8.33
2.33
-0.67
-1.0
-0.33
4.67
2.67
5.0
8.33
-1.33
7.67
2.33
-3.67
-2.33
3.33
0.0
-1.67
11.67
-1.0
5.0
0.0
3.67
-4.33
4.33
-4.33
9.67
14.0
0.67
4.0
6.0
4.0
8.0
-10.33
10.33
3.67
-2.0
-0.67
2.0
3.67
12.0
1.67
4.33
2.0
5.67
13.67
7.67
12.67
8.33
-6.33
2.67
-1.67
0.33
-0.33
-10.0
3.67
-4.0
0.33
7.33
-1.0
4.33
-1.0
16.67
10.67
3.67
7.0
-2.0
10.0
6.67
0.0
0.67
9.67
16.67
14.67
4.67
9.33
15.0
6.0
8.0
-7.0
15.33
21.67
16.0
15.67
8.0
23.0
10.67
7.0
22.67
17.67
29.0
20.33
3.67
12.0
14.67
14.0
22.33
37.0
13.0
30.33
30.0
39.33
33.67
37.33
34.0
50.67
47.33
66.33
70.33
55.67
74.67
58.0
73.33
72.0
74.0
75.67
82.0
73.33
88.0
76.0
74.0
81.33
57.67
56.33
77.67
70.33
47.0
45.67
48.67
42.0
34.67
36.0
34.0
33.33
16.33
8.0
18.0
18.33
15.33
19.67
11.67
2.33
24.0
20.67
-3.0
8.67
-1.33
8.33
10.33
10.33
5.0
12.0
15.0
-5.0
1.33
6.33
10.67
10.33
4.0
0.0
5.0
-0.33
1.0
-1.0
4.33
7.67
0.67
12.0
13.33
1.0
-1.67
1.0
8.67
11.33
1.33
5.67
4.0
4.67
5.33
5.33
7.0
16.33
0.67
8.67
6.0
3.67
6.33
4.0
-1.0
4.67
9.67
16.0
21.67
4.0
10.67
4.67
9.67
6.33
-1.33
2.33
4.33
13.0
5.67
6.33
-1.0
6.33
15.33
-0.33
10.67
13.33
13.0
7.33
10.0
10.67
11.0
15.67
-4.0
2.0
4.0
-0.33
9.0
18.33
2.33
9.0
10.0
15.0
4.67
-2.0
4.33
14.67
10.0
0.67
10.67
18.67
14.33
9.33
2.67
0.33
9.67
15.33
1.67
0.0
24.67
17.67
1.33
4.0
7.0
6.0
-2.67
3.33
12.0
27.67
6.33
7.33
23.0
14.33
4.67
0.0
9.33
0.0
0.33
7.33
7.33
9.33
-2.0
2.67
10.0
9.67
-0.33
0.33
-2.33
-1.0
5.67
4.67
17.0
-1.67
-2.67
10.33
-1.0
7.67
4.67
9.33
8.0
-2.33
6.33
2.0
17.67
11.67
8.67
6.33
20.0
6.67
-0.33
-1.67
10.67
6.0
8.33
3.67
17.67
3.67
0.67
10.0
11.0
17.0
13.0
18.0
25.67
33.67
12.0
12.0
16.33
12.33
30.0
11.0
34.0
15.67
24.33
15.67
22.33
32.67
27.0
33.67
40.67
14.33
20.33
5.67
20.0
28.67
26.0
25.67
21.0
21.33
25.33
12.67
22.67
38.0
14.67
11.33
22.0
5.33
10.0
4.33
9.0
7.67
11.0
4.0
8.67
13.67
-3.33
5.67
8.67
1.0
20.67
14.33
2.67
9.67
9.0
8.67
10.0
0.67
-6.33
6.0
15.0
4.0
5.67
12.67
2.67
5.0
7.33
8.67
-1.0
9.67
14.33
5.0
6.33
7.0
3.67
8.0
-4.67
14.0
7.33
-6.33
3.33
10.33
14.33
5.0
16.33
3.0
7.67
2.67
6.33
3.33
16.0
12.67
18.67
5.33
9.33
1.67
14.67
14.0
7.67
0.33
6.33
7.0
4.0
5.33
11.33
0.33
14.67
4.33
0.0
4.67
5.33
16.67
7.0
2.67
10.67
5.0
11.67
-6.0
6.0
-4.0
2.0
3.67
2.67
0.0
1.33
0.0
2.33
12.33
-10.0
7.67
2.67
11.33
1.33
4.0
9.33
0.33
4.33
7.67
4.0
18.33
-2.67
8.67
7.33
4.67
5.0
14.33
-2.33
4.0
4.33
6.67
-5.67
-5.0
6.33
4.33
7.0
0.33
16.0
9.0
14.33
1.33
8.67
9.67
9.0
-2.67
-6.33
3.33
7.0
9.33
12.0
6.67
-5.0
2.0
-3.67
8.33
12.67
-1.33
-2.0
0.33
-8.33
-5.33
-1.33
10.67
-1.0
-2.33
8.67
-3.33
10.0
-7.0
8.67
8.33
-3.33
-3.0
-1.67
7.33
14.0
4.67
5.67
-2.0
1.33
-2.0
12.33
5.0
-3.0
0.67
2.67
1.33
7.33
-3.33
-1.33
8.0
2.33
4.0
3.0
-3.33
7.67
0.33
0.0
-10.0
3.0
11.0
3.0
6.33
-1.0
6.33
-9.33
7.33
17.0
6.67
-1.33
-2.33
-0.33
3.33
-0.33
-2.67
2.0
8.0
-1.0
6.0
4.0
0.67
-1.33
10.33
-5.67
13.67
7.33
-2.33
8.67
9.33
2.33
2.0
5.67
3.67
7.33
10.67
10.67
-2.0
0.33
2.0
13.0
7.33
8.67
1.33
2.67
2.33
0.33
-2.0
11.67
3.67
6.33
-0.33
5.0
-3.33
1.33
15.33
2.67
6.0
0.33
6.33
-6.0
1.67
2.67
-1.33
0.33
3.33
-2.0
9.33
1.67
0.0
9.0
-7.0
-8.0
0.67
14.0
-1.33
7.33
-6.67
4.67
0.0
-3.0
1.0
-3.67
-1.0
-8.33
-1.0
2.67
4.33
2.67
2.67
-0.33
8.33
0.33
4.33
8.33
6.33
1.0
4.67
2.0
2.33
-0.67
2.0
8.0
2.67
13.67
-0.67
6.33
6.67
2.33
6.0
-2.33
1.67
14.67
2.33
4.67
-2.67
-3.67
0.0
1.0
-2.0
-2.33
8.33
2.33
-6.0
6.67
2.33
-0.33
4.67
0.0
0.33
-1.33
5.0
0.0
8.0
7.67
-5.67
-6.33
-2.67
9.33
3.33
-0.33
0.0
2.0
3.67
9.0
1.67
3.0
1.67
3.33
0.0
-0.33
6.33
-1.33
4.67
5.0
7.0
2.67
-2.67
-3.33
4.0
-1.0
4.33
6.33
2.33
6.67
-0.33
-5.67
-0.33
-0.67
1.67
7.0
-3.33
5.67
13.33
5.0
7.0
2.0
7.0
-1.33
5.33
1.33
5.0
2.0
5.0
2.67
1.67
-1.0
-3.67
9.0
6.0
6.67
5.67
-4.0
0.67
3.67
7.67
2.33
2.0
2.0
3.67
-5.0
-1.67
8.33
-0.67
7.67
-0.33
2.33
2.0
10.0
1.33
-7.0
0.0
-4.0
-1.0
2.67
10.67
3.67
3.67
0.0
-1.67
-1.33
7.33
0.0
5.33
-1.67
-1.0
4.33
-0.67
-2.67
-0.33
7.67
5.67
-1.33
1.67
-5.0
3.0
-0.33
3.0
1.67
0.33
1.0
1.33
7.33
-2.0
5.0
4.0
-1.67
-3.67
3.33
1.0
-7.0
-5.67
5.67
2.0
4.0
-1.67
2.67
0.0
2.0
6.33
5.33
3.67
-1.33
2.67
2.67
-1.0
-3.0
-3.0
-8.0
2.33
-1.33
3.67
-1.0
-4.33
3.67
2.0
2.67
5.33
1.67
5.67
-0.67
-4.0
-4.67
9.33
6.33
-6.0
1.0
6.0
4.67
-3.67
6.33
-1.67
-7.0
6.33
3.0
3.67
-5.0
-2.33
-3.0
7.0
-1.0
-1.0
0.67
-0.67
4.33
1.67
-1.33
-7.33
0.33
-3.0
3.33
3.67
4.67
-4.67
3.0
2.67
-1.0
4.67
0.0
2.67
-4.0
-2.0
-1.33
1.0
4.67
3.67
1.67
3.33
6.0
