0.0
51.33
39.67
-54.67
26.33
-56.0
4.67
9.33
-73.0
-51.67
-43.67
-94.33
-16.0
-6.33
-39.67
-82.33
-47.33
-62.67
-39.33
27.67
10.0
16.33
-1.0
-7.33
-5.0
-10.67
-3.67
-4.0
9.0
2.0
-8.33
0.0
1.0
-4.0
0.33
-1.67
2.67
1.0
2.0
0.0
-1.0
0.0
0.0
1.67
2.0
-0.67
-0.67
-0.33
-0.67
-0.67
0.33
0.67
0.67
0.33
-0.33
2.67
-0.67
-0.33
-0.67
0.0
-0.33
-0.33
0.67
0.67
-0.67
0.67
0.0
-0.33
3.0
0.33
-0.33
-0.67
1.0
-0.67
-0.33
0.67
-0.33
0.67
-0.67
-1.33
-0.33
0.0
-0.33
0.67
-0.33
0.33
0.0
1.0
-0.33
-0.33
1.67
-0.67
0.67
-1.0
2.0
0.33
-1.0
-0.67
1.67
-0.67
-0.33
-0.67
-2.33
0.33
0.67
0.67
1.67
-1.0
0.67
2.33
0.33
-2.0
2.33
1.67
-0.67
2.0
-3.0
-1.0
-0.67
2.0
-0.33
0.33
-2.0
1.0
-0.33
-2.0
1.33
-1.33
4.0
1.33
2.33
-1.0
-2.0
-1.0
-0.33
1.33
-2.33
6.0
3.0
-1.0
3.67
5.0
-2.67
2.33
1.0
3.67
2.67
-1.0
0.33
-7.67
1.0
-2.0
7.0
3.67
-4.67
-3.33
2.33
3.33
4.33
3.33
7.33
-1.33
2.0
-3.0
3.33
-4.67
3.67
-5.67
2.67
-1.67
-2.0
2.0
6.67
-1.67
-4.33
-1.67
2.33
2.0
2.33
-6.0
4.33
2.33
5.0
10.33
4.0
7.0
-1.67
3.0
2.33
4.0
7.33
6.0
3.0
-0.67
-3.0
3.0
10.0
-5.67
-1.33
8.0
-6.33
11.33
2.67
0.67
0.33
4.33
-3.0
4.33
13.67
6.0
-5.0
2.67
-5.33
-1.33
0.67
-2.33
-1.33
-0.67
2.33
-2.33
5.33
2.67
-1.67
7.67
-1.0
-4.0
3.0
13.0
-2.0
0.33
1.33
8.0
2.33
3.67
3.0
3.0
1.33
6.33
-3.67
-1.33
0.0
-1.67
1.0
0.33
2.0
1.67
3.67
-0.33
1.67
3.67
3.33
-1.67
-5.0
3.33
6.33
4.33
4.33
0.0
0.0
1.0
4.67
0.0
6.0
-3.33
-1.67
6.67
2.33
-5.0
4.0
4.33
1.33
5.0
-1.67
8.33
-3.33
-3.0
-1.67
2.0
2.33
-5.0
-4.67
4.0
4.33
8.67
3.0
-1.0
-2.0
-2.33
5.0
-2.33
-0.33
3.0
-2.33
0.67
0.33
0.67
-4.67
-0.33
2.67
-2.0
-3.33
9.0
1.0
4.33
2.33
-1.67
-4.67
0.0
0.0
5.67
2.33
-6.33
-0.33
6.0
2.0
3.67
4.33
6.67
5.33
5.67
4.0
3.67
-1.33
4.33
10.67
4.0
4.33
-5.0
5.0
-3.0
7.33
-3.33
-0.67
0.0
-1.67
-4.0
1.67
-2.0
-2.0
-2.33
1.67
3.0
-0.67
7.67
1.67
-4.33
0.33
-3.0
0.0
1.67
3.67
1.33
2.0
-1.33
12.33
7.0
-5.0
8.0
1.0
-0.33
5.0
3.67
-1.0
0.0
1.33
-1.0
-2.33
-2.33
-1.67
1.0
-3.67
2.67
1.67
4.33
-2.0
11.33
-1.33
5.0
2.33
2.33
-3.67
0.67
0.67
-5.67
4.33
-2.33
-1.67
0.33
2.33
-3.33
3.0
-0.33
0.0
-2.67
3.67
1.67
-1.67
0.67
-2.33
0.33
0.33
-1.33
0.0
3.33
-3.33
1.33
-0.33
-1.0
-1.67
4.0
-1.67
1.33
-0.33
-0.67
-1.67
-2.0
-1.33
3.0
-1.67
5.33
3.33
7.67
4.0
3.0
5.0
1.0
3.0
5.0
3.0
-2.33
-7.33
2.67
1.33
0.0
0.33
3.33
-3.0
4.33
-0.67
-1.0
-0.33
4.67
-0.33
-1.0
4.67
8.33
0.67
1.0
2.33
1.67
5.33
-4.33
-2.0
4.0
5.33
2.33
0.67
4.67
-1.33
-0.67
0.67
4.67
3.33
0.33
0.67
-3.0
1.67
0.33
0.0
2.33
-2.67
8.0
-0.67
-0.33
-0.67
-4.0
-3.33
-3.67
-1.67
4.0
1.33
4.0
-3.33
-1.0
-1.67
-1.33
-2.33
2.33
0.67
-4.0
-0.67
0.67
-3.0
4.0
-2.33
3.67
1.0
-4.0
-1.0
-3.67
0.33
2.33
3.0
-3.0
-5.33
-5.0
0.0
-5.33
-1.0
-3.0
-4.67
3.33
-2.33
-3.33
2.67
3.33
1.33
-1.33
-2.0
0.67
-4.67
0.67
-0.67
0.0
-0.67
2.0
3.0
-0.33
1.0
0.0
0.33
-2.33
8.33
1.67
4.33
-2.33
-1.0
2.33
-2.0
-1.0
0.33
1.33
-2.33
-2.33
-4.0
-3.33
3.0
-0.33
-0.67
2.33
-1.0
0.0
8.33
3.0
4.33
3.67
1.67
0.67
2.0
0.0
4.33
2.33
4.0
-3.33
2.67
-1.0
-1.0
1.67
-2.67
1.33
1.33
1.67
-1.67
4.67
3.33
-2.67
3.0
1.67
1.67
-2.67
4.0
-2.0
2.67
1.0
4.33
3.67
-3.67
1.67
2.67
-0.67
-1.0
1.33
5.67
-0.67
-2.67
0.0
-3.33
2.0
0.67
0.0
-0.33
-3.0
1.67
-0.67
-1.33
0.0
-1.33
6.33
-2.67
1.33
-1.0
4.0
1.67
2.0
0.0
-1.33
-1.33
2.33
-3.33
-3.0
3.0
-4.33
2.67
0.67
2.0
4.67
3.67
3.0
0.0
-1.33
-4.67
-2.0
-7.0
-3.67
0.33
-3.0
1.33
4.0
1.0
-3.33
-4.0
4.0
-0.67
1.33
-1.33
-3.33
3.0
1.33
-3.33
-0.33
-6.67
-2.33
1.33
-5.33
-4.0
-3.67
2.33
-3.67
1.67
-5.33
3.0
-0.33
0.0
-0.67
-6.0
-3.0
-2.0
-6.0
-7.33
7.67
-1.67
-4.0
-6.33
-0.33
1.33
-4.67
0.0
-2.33
-4.33
-3.0
-5.33
0.0
-6.0
-1.0
-3.0
-2.33
1.0
-4.33
-4.33
4.33
2.33
-9.33
-2.0
-7.0
-4.67
-8.0
0.0
-7.33
3.0
-4.33
-2.33
-5.0
-9.33
-4.33
-0.67
-2.0
5.67
-8.67
-3.33
-5.67
-3.67
-7.67
-9.0
0.0
-5.0
-6.67
-6.0
-2.0
-3.0
-2.67
-6.0
4.0
-3.33
3.67
-5.67
1.67
-3.0
-7.33
-0.67
-2.33
-8.0
-5.0
-0.33
-2.67
-7.0
-9.67
-6.33
-5.67
-9.0
-1.67
-7.67
-4.67
-3.67
-1.33
-4.33
0.33
-1.33
-6.33
-8.0
-3.67
-9.0
-7.0
-2.0
-1.33
-6.0
-3.33
-6.33
-5.33
-6.0
-6.0
-2.33
-5.67
-1.33
-7.67
1.0
-10.33
-9.0
-11.0
-5.0
-10.33
-12.67
-7.0
-3.0
-6.33
-1.33
-8.0
-5.33
-5.33
-5.67
-5.33
-1.33
-9.0
0.67
-3.0
-4.67
-1.33
-10.33
-10.0
4.0
-3.0
-0.33
-1.0
-3.33
-5.33
-3.33
-8.67
-5.0
8.33
4.67
0.33
5.33
3.0
-4.0
6.67
9.67
10.33
11.0
11.33
25.0
15.33
30.0
34.67
17.67
28.33
23.0
25.33
17.67
20.0
9.33
14.33
6.33
17.67
11.33
5.0
1.33
4.33
-5.0
-9.67
5.0
-0.33
-3.67
-2.67
-7.0
0.33
3.67
-10.0
-6.33
3.0
-2.67
-2.0
-3.0
4.33
-0.33
-7.67
-0.67
-10.0
-2.0
-2.67
-10.0
-11.33
-1.0
-13.0
-9.67
-8.67
-5.67
-9.33
4.33
-12.33
-5.33
-8.67
4.0
-7.67
-11.67
-4.33
-9.67
-3.33
-12.0
-7.33
-1.67
-4.0
-0.67
-6.0
-8.67
-9.67
-16.33
-7.0
-7.33
-13.67
-1.33
-9.67
-7.0
-4.0
-7.0
-13.67
-12.67
-1.0
-8.0
-3.33
0.0
-11.0
-3.0
-10.0
-3.33
-9.67
-9.0
-6.33
-4.33
-8.67
-8.33
1.67
0.0
-16.33
-7.33
-6.33
-3.33
-13.33
-5.67
3.67
-10.33
-9.33
-8.33
-3.33
-3.33
-5.67
-1.67
3.0
-11.33
-10.0
-9.67
6.67
-10.33
-9.33
-4.0
-10.0
-7.67
-8.33
-15.33
1.0
-8.33
-9.67
0.33
-7.0
-6.33
-7.0
3.0
-3.67
-12.67
-2.33
-4.33
3.0
-9.67
-7.67
-5.33
-20.0
-12.67
-9.33
3.0
-15.67
-3.67
4.67
-13.33
-7.0
-5.67
-1.0
-7.67
-7.67
-8.33
-1.67
-14.33
-4.0
-11.67
-2.33
-8.0
-10.33
-7.33
-7.0
-12.67
-2.67
-8.33
2.33
-3.0
-7.0
-7.0
-10.67
-4.33
-8.33
-7.0
-11.0
-7.0
-4.67
-8.33
-10.0
-8.33
0.33
-14.33
-2.33
-11.33
0.33
-7.0
-11.33
-4.67
-11.0
-12.33
-5.33
-4.33
3.33
-6.33
-8.0
3.0
-5.0
-5.33
-8.0
-3.0
-25.33
-7.0
-14.33
-6.0
-1.67
-2.0
-1.67
-7.67
-5.33
-6.67
2.33
-0.33
-1.67
-7.67
-6.67
-0.67
5.0
-4.33
-6.33
0.67
0.0
2.33
0.67
5.33
10.0
10.0
2.0
12.33
4.67
2.0
9.67
2.67
18.67
20.0
14.0
18.0
19.33
2.33
24.0
3.67
7.33
2.0
4.33
8.0
7.0
12.67
4.67
8.67
13.67
-6.67
9.67
-13.0
8.0
1.67
4.0
-15.67
-6.33
-2.0
-2.67
3.0
-3.67
0.33
-10.0
-2.67
6.0
-5.33
-5.0
-3.33
1.33
-3.33
-4.67
2.67
-0.33
-4.33
-2.67
-5.0
8.33
-11.67
1.33
4.67
-4.33
0.33
-12.0
-7.67
-5.0
-3.33
-3.67
4.67
-2.67
-1.33
7.0
1.33
-12.0
-5.67
-7.67
-5.67
-2.67
-1.0
-1.0
-7.33
0.67
-0.33
-4.67
3.33
10.33
-4.67
4.33
-1.0
-4.33
4.67
1.0
4.67
-1.33
2.0
8.33
2.67
-2.33
-6.33
-2.0
1.33
5.0
-2.33
2.0
3.0
1.33
3.67
-1.33
-11.67
2.33
-2.67
-2.33
2.33
-2.67
2.67
-2.67
-5.0
6.67
2.67
7.33
-7.33
8.67
5.67
-7.67
-10.0
4.0
4.33
-0.33
-9.0
1.33
-8.33
7.67
-3.0
0.33
11.33
3.67
-2.67
15.0
9.0
3.0
7.33
-6.0
3.33
3.33
8.0
-0.67
-1.67
-3.67
10.33
24.67
0.0
8.33
6.67
-1.33
4.0
-10.33
6.0
0.67
16.33
3.0
13.0
4.67
6.0
6.67
9.67
-3.0
2.0
0.67
-7.67
-1.33
5.33
5.33
-10.33
2.33
-3.33
7.0
2.33
-7.0
-3.67
2.33
-5.67
-6.0
-5.33
14.67
0.67
4.0
-0.67
3.67
-1.33
0.33
3.33
4.67
-4.67
-1.0
6.33
6.67
4.0
5.0
-2.0
10.67
2.67
6.33
-1.33
5.67
15.0
-0.33
8.0
-1.0
1.0
3.0
6.67
0.33
8.67
-3.0
2.33
0.0
4.67
9.0
-2.33
9.33
9.0
7.67
11.67
7.67
8.67
1.33
-4.33
6.67
-8.67
5.33
10.67
5.0
6.67
0.0
2.33
4.33
2.0
2.33
4.0
2.67
2.67
7.67
4.0
4.0
-5.0
4.67
4.0
4.67
7.67
4.67
7.67
-5.33
11.33
1.0
21.0
6.0
16.0
18.33
19.67
17.0
18.67
17.0
12.0
5.67
0.0
17.67
16.67
12.0
24.33
12.67
27.0
19.67
25.0
17.33
18.0
27.0
33.33
33.0
36.33
38.67
36.33
33.0
45.67
55.33
47.33
49.33
74.67
66.67
74.0
86.33
106.0
88.0
105.67
81.0
89.33
100.0
99.0
84.0
86.33
61.67
86.33
88.67
59.33
71.0
58.67
39.67
51.0
25.67
31.0
26.0
34.33
24.33
23.0
16.0
10.33
23.33
27.67
15.67
10.33
13.0
10.67
-9.0
8.67
15.67
17.33
13.33
16.33
5.0
6.0
21.0
3.0
-1.67
2.33
6.67
8.33
1.0
-1.0
7.0
8.67
0.0
2.0
10.33
6.67
17.67
8.0
12.33
0.0
8.33
-2.0
-1.33
13.33
0.33
8.67
15.0
3.67
2.33
-5.67
6.0
13.33
10.67
9.67
-9.0
4.67
10.33
6.0
-2.0
3.67
11.67
7.0
3.67
4.0
-1.33
-12.33
12.67
4.33
3.67
4.33
11.33
-2.0
3.67
10.33
6.0
6.33
1.33
7.67
18.67
2.33
5.0
2.33
6.0
6.67
-3.0
10.67
17.0
0.0
1.0
12.67
0.0
1.33
-5.67
8.0
6.0
4.0
4.67
4.0
7.33
11.67
10.0
3.67
4.67
2.67
5.33
3.33
10.67
5.33
8.67
2.33
8.67
9.0
16.67
12.67
3.33
2.0
9.0
10.0
-1.67
11.33
5.0
13.67
0.33
4.33
0.0
3.33
-4.33
12.0
1.33
1.0
1.33
10.33
14.33
4.33
4.0
0.67
-3.0
12.67
5.67
-0.67
-1.33
10.0
5.67
9.67
-1.0
12.33
-2.67
4.33
8.0
11.67
6.67
7.33
14.0
12.67
5.33
9.0
6.67
8.67
11.67
2.33
8.0
5.67
6.67
3.33
4.67
14.0
7.33
8.67
12.67
16.67
4.67
12.0
-4.0
16.0
13.0
5.0
12.67
10.67
17.0
27.0
23.33
26.33
28.0
15.0
22.0
23.67
25.33
13.67
38.33
23.67
29.0
44.67
29.67
18.33
29.33
28.67
24.0
30.67
19.0
20.67
14.0
24.33
26.33
24.67
15.67
30.0
18.67
22.33
7.0
19.33
10.0
23.33
1.0
14.67
6.0
10.0
-2.33
-2.33
-0.33
11.67
17.67
6.0
13.67
8.33
5.67
3.67
-4.0
4.67
15.0
-2.33
8.67
13.0
16.0
2.0
9.67
7.67
4.67
-2.0
7.33
6.67
6.0
10.67
0.33
10.0
6.33
12.0
9.67
11.0
-2.67
5.0
3.33
6.67
25.33
11.33
10.33
20.0
2.33
5.0
0.67
-3.33
6.33
-1.67
11.0
-3.33
-9.33
14.33
19.33
5.67
12.67
5.0
2.67
-1.67
15.33
-2.0
14.0
10.33
14.33
22.33
-0.33
26.33
6.0
10.67
3.33
8.67
12.0
20.67
7.67
13.0
-1.33
-12.0
10.0
3.0
-1.0
3.67
-4.33
7.0
5.33
2.0
10.33
-5.67
2.0
-0.33
2.67
9.33
5.33
6.0
0.33
1.33
-1.67
6.67
10.0
14.33
8.33
9.67
-4.67
9.67
4.0
8.33
-3.33
8.0
5.33
5.67
-5.67
4.0
3.33
-0.67
-4.0
-3.67
0.0
2.0
8.33
18.33
5.67
0.67
4.0
3.33
2.67
-0.67
-7.0
-2.67
11.0
4.67
6.0
5.0
1.33
0.33
7.67
-10.33
-2.0
-10.67
8.67
-0.33
-5.33
-1.33
10.0
-4.33
0.67
2.67
-8.0
5.0
-11.33
5.33
2.67
10.0
3.33
-2.67
-2.0
5.67
1.67
3.0
7.33
9.0
4.33
12.0
2.0
5.67
7.67
5.33
0.33
4.67
0.67
-5.0
8.33
-5.0
1.0
-0.33
10.67
6.33
6.0
-1.0
-1.0
-1.0
-2.0
1.33
-5.0
3.33
-1.33
-6.67
2.0
-1.33
-0.33
4.67
4.67
-3.67
11.67
7.33
-2.0
12.0
7.0
5.0
-4.0
1.67
4.67
-1.67
-0.67
1.67
10.33
9.67
12.67
-2.67
9.33
8.0
-1.33
7.67
-0.67
4.67
3.67
-4.0
4.33
6.0
-3.0
1.33
-0.33
3.33
-0.33
1.33
4.33
6.0
8.67
6.67
-3.67
9.67
6.0
10.67
-3.67
-1.67
-3.33
2.0
2.33
2.33
6.0
-8.33
5.67
10.67
-5.67
-2.67
3.0
-1.67
-1.33
-2.0
-5.0
0.0
0.0
-3.33
5.0
4.67
6.33
-6.67
5.67
1.0
3.0
-5.0
-0.67
5.0
4.67
2.0
-0.33
-0.67
1.67
7.67
3.67
-0.67
-1.67
-3.67
2.33
4.33
6.0
5.67
-5.0
-1.67
2.33
5.0
-7.0
3.67
-3.33
2.33
-5.67
0.67
-2.67
-1.0
2.67
-3.33
-1.33
6.33
2.67
-1.67
4.33
-1.0
1.0
9.0
3.67
5.33
1.33
-1.0
3.67
2.33
1.67
-0.33
-2.0
6.33
-2.33
3.0
0.0
6.0
14.67
2.33
0.67
4.33
-6.67
-1.67
-1.33
8.0
3.0
6.67
-2.0
-5.33
3.0
-2.33
-3.67
1.0
-1.33
0.33
-7.33
-4.33
-6.0
2.0
4.67
1.33
-3.33
3.0
0.0
-0.67
4.33
6.33
2.67
-6.33
-0.67
1.67
0.33
4.67
4.0
8.67
4.67
8.33
4.0
4.0
1.0
-2.0
-4.33
-0.67
5.33
1.0
-4.0
4.0
-4.33
3.67
11.0
-4.67
-1.0
12.0
16.67
4.67
2.0
-1.33
-0.33
1.67
1.33
3.0
-4.0
5.67
2.0
1.33
4.33
-0.67
1.67
-0.33
2.33
2.0
8.0
-0.67
-4.0
-4.0
3.0
-3.0
-3.33
3.67
6.67
13.67
5.0
-4.67
4.67
-1.67
8.0
-0.67
7.33
-5.0
-6.67
4.33
4.33
3.67
5.67
1.67
9.67
-3.33
0.0
-1.0
-1.33
3.0
0.67
2.33
-2.0
5.33
13.33
0.0
2.0
8.0
2.33
-1.67
3.33
-1.0
4.0
-0.67
0.67
-1.0
6.0
0.33
-1.33
-1.0
1.0
4.33
-2.67
3.67
7.67
1.67
-3.33
-1.0
2.0
0.0
-6.0
-1.67
-1.33
0.67
-3.0
-5.33
1.67
1.0
5.67
6.33
6.67
1.67
0.33
1.0
-0.67
4.33
-2.67
-2.0
2.0
4.0
-2.33
-4.67
0.33
-2.67
-1.0
3.33
-2.0
2.67
-1.0
-2.33
2.0
0.0
-6.0
10.0
5.67
-2.67
4.33
5.67
5.67
-2.33
-0.67
-5.0
2.33
-6.33
5.67
-2.67
5.0
-2.33
-4.0
2.67
-5.0
1.67
2.0
-2.0
1.67
-8.0
-3.33
8.67
3.67
-2.67
3.0
