0.0
-7.33
6.0
-40.67
62.0
-42.33
13.33
-22.67
-30.67
11.33
-59.33
-37.33
25.0
30.67
-15.0
-34.67
15.67
-25.0
-1.67
-2.33
37.67
-4.0
42.0
-2.33
-14.33
-19.0
4.33
11.0
-3.67
3.33
12.67
-4.33
7.33
0.33
2.33
4.33
-3.0
0.0
0.0
-2.0
0.0
-0.33
-0.33
1.33
-0.33
-0.33
-0.33
-0.33
-0.67
0.0
0.0
0.0
-0.33
0.0
-0.67
-0.33
-0.67
0.0
0.67
0.67
1.0
-0.33
-0.67
0.33
0.67
-0.33
-0.33
0.33
-0.33
0.67
0.67
-1.0
-1.0
-0.33
0.0
1.0
1.67
1.0
1.0
-0.33
-0.33
0.33
0.0
0.67
-0.67
0.33
0.33
0.67
1.0
-1.33
-0.67
2.0
-0.33
-0.33
-0.33
0.33
-1.33
-1.0
1.0
2.67
-0.33
-0.67
-0.33
-1.0
-0.67
-0.33
1.0
-0.67
1.33
0.33
1.0
-0.67
-3.0
2.0
-0.33
3.0
-3.33
-1.33
1.33
2.67
0.33
-2.33
-0.33
1.33
2.33
0.67
2.33
3.0
1.33
-4.0
2.33
1.33
1.0
-2.0
3.0
-3.33
-0.67
0.67
3.0
0.0
-0.67
-1.0
5.67
3.0
-5.67
3.0
0.0
0.0
-1.33
3.33
-3.67
0.67
-0.67
5.33
0.67
1.33
0.33
3.0
-0.67
3.67
-3.0
-3.33
2.67
-1.67
0.0
5.0
-3.0
-1.0
4.67
-0.33
4.0
-1.67
-1.0
-0.67
4.33
4.67
2.0
-1.67
3.67
-2.67
-0.33
4.33
0.67
0.0
2.67
2.0
2.33
-0.67
1.33
1.33
-0.67
5.0
1.0
7.33
6.0
1.67
4.33
6.33
8.33
11.33
-1.33
4.33
1.33
-0.33
3.67
-0.67
11.67
1.67
-4.33
1.33
7.67
-1.67
5.33
6.33
0.33
7.0
2.33
3.0
0.67
0.33
4.33
0.0
2.67
8.67
9.67
0.67
7.33
4.0
-3.67
-0.67
1.33
8.67
-1.33
4.0
-1.67
5.0
-1.0
1.67
-2.0
10.33
2.67
-2.33
4.67
5.33
0.67
5.33
4.67
14.33
7.33
8.33
4.0
7.33
-1.0
5.0
2.0
2.0
0.67
3.67
7.33
0.33
-3.67
3.67
4.67
1.67
2.33
5.33
6.67
4.0
-0.67
1.67
9.0
-2.33
-3.0
2.67
0.33
1.67
2.33
-4.33
2.33
5.67
4.33
5.33
6.67
5.33
1.67
3.67
1.0
4.33
1.33
2.0
-3.0
-5.33
-5.0
3.67
-3.0
-1.33
6.33
2.67
1.67
6.0
3.33
-5.0
-1.0
7.33
9.0
-3.67
1.0
4.33
0.0
3.0
-1.33
3.33
-0.67
-2.0
-3.67
5.67
2.33
-3.33
4.67
1.33
1.0
0.33
3.33
3.33
4.33
2.33
-1.33
-1.0
4.0
-1.0
0.33
-3.0
-0.33
-0.67
6.33
2.33
6.0
1.0
-1.33
1.67
-1.67
7.33
-5.0
7.33
3.0
-2.67
0.67
0.0
1.33
3.0
4.0
4.33
-2.67
-1.0
-2.33
2.0
0.67
3.33
5.67
0.0
2.67
-2.67
4.0
0.67
5.33
2.0
2.0
-1.0
0.67
-2.33
-3.33
4.33
2.67
-4.0
-3.33
5.33
-2.67
-5.33
2.33
-1.0
-2.0
0.67
-3.33
6.33
-1.0
-0.33
-1.0
-1.33
5.0
3.67
1.67
-1.33
1.67
-1.33
2.67
1.67
2.33
-2.0
-3.67
7.67
-2.67
3.0
-5.0
1.0
-0.33
3.0
4.33
-1.67
-2.0
4.67
4.67
-1.67
1.33
1.0
1.0
1.33
-3.67
-1.0
3.0
5.67
2.67
2.67
-3.67
-1.67
-7.33
-1.0
-1.67
-2.67
-3.33
-2.33
0.67
-4.0
-2.67
1.67
-6.33
-1.33
2.67
7.0
2.67
1.33
-1.33
4.0
1.67
1.33
0.0
0.33
10.33
2.33
-2.33
-0.67
-1.0
-2.67
2.67
-3.0
-2.0
2.33
-4.33
2.33
1.33
5.67
1.67
2.67
-1.67
-1.67
3.0
4.67
-2.33
1.33
1.0
-2.33
3.33
1.67
3.0
-0.33
-3.0
0.67
0.67
4.67
2.0
1.0
0.33
5.0
0.33
0.0
-3.0
-1.0
-7.0
5.33
-2.67
0.67
3.33
1.33
1.67
3.33
4.33
-0.33
-3.0
-1.67
7.0
-4.0
-0.67
0.33
0.33
2.33
4.0
-2.0
-3.0
-1.0
2.0
2.0
2.0
0.67
1.67
-1.33
4.0
1.33
-1.0
-1.0
2.67
0.67
-4.0
1.33
1.33
2.67
0.33
-2.0
0.67
0.0
1.0
-0.33
0.33
0.33
2.33
-0.33
5.0
-2.67
3.67
1.67
-3.67
-2.0
0.33
-0.33
1.33
0.33
-3.67
-1.67
5.67
2.33
0.67
-1.0
-3.33
1.33
-2.33
-0.33
-1.33
-0.67
-1.67
0.0
1.67
0.33
-1.67
2.33
0.0
0.0
1.0
-0.67
0.67
-4.33
0.67
2.33
3.0
-0.33
-1.67
3.67
7.33
-0.67
0.0
6.33
3.33
0.33
3.67
0.0
3.33
-1.0
1.67
3.33
2.33
-1.33
1.67
0.33
8.33
-1.0
1.67
0.33
-3.33
2.0
0.0
1.67
0.67
-2.33
1.33
2.33
-0.33
-2.0
3.33
3.67
-3.67
4.67
-3.67
-0.33
0.67
1.33
-2.33
-3.67
-0.33
-2.33
1.0
1.67
3.0
-1.67
-0.67
-0.33
-1.67
2.33
5.67
1.67
6.33
2.67
7.67
-4.0
-3.0
-0.67
0.33
0.33
3.0
1.33
-3.33
6.67
-1.67
3.0
-1.33
2.33
2.0
6.67
-1.0
0.67
-2.67
1.33
-4.0
-0.33
-3.0
-2.67
2.0
1.67
-1.0
2.67
1.33
0.33
-2.67
9.33
-0.67
0.0
4.33
-2.0
1.67
1.67
-1.33
4.67
0.0
0.67
-1.67
3.33
-3.67
1.0
0.0
2.33
-1.33
2.0
-1.67
8.33
2.0
-2.33
0.0
1.0
3.33
5.0
3.33
-2.0
-4.33
1.33
-2.0
0.0
3.0
-3.33
0.33
3.67
1.0
-2.67
-1.0
0.33
0.33
-4.0
4.67
0.0
6.0
7.33
3.33
-3.33
2.67
8.67
-4.33
0.33
-1.0
1.67
8.0
10.0
3.33
-1.0
5.0
5.33
5.33
1.0
-1.67
-0.33
-0.67
2.67
3.33
4.33
0.33
3.33
5.33
-3.67
-1.67
1.33
1.33
-2.33
1.33
0.0
-1.0
1.0
1.67
4.0
-3.67
3.0
0.0
3.67
4.33
-1.0
4.33
-5.0
-2.33
4.0
3.33
1.0
-5.33
1.67
0.67
1.0
-0.33
5.67
-1.33
-5.0
8.33
-0.67
-4.33
8.33
-3.0
-2.0
0.0
-3.0
5.67
-1.33
1.33
5.67
4.0
6.33
-1.33
2.67
1.0
6.33
5.33
-2.0
0.33
-3.33
-5.0
1.0
1.33
3.67
-0.33
1.0
2.67
0.0
7.67
1.0
3.67
3.33
-0.67
8.0
-4.0
3.33
-2.0
-1.33
0.33
5.0
2.67
-2.33
2.0
7.67
0.67
10.33
2.0
5.33
-4.67
3.0
-3.0
2.33
7.0
-0.33
-3.67
6.33
6.67
-0.33
-2.67
2.33
3.33
-0.67
13.0
6.33
5.0
2.0
-2.0
7.0
6.33
9.33
1.33
4.0
-3.67
6.33
4.0
0.67
3.0
-0.33
-2.33
5.67
1.33
4.67
1.0
5.33
8.0
3.33
4.0
9.0
4.0
10.0
13.33
13.67
6.33
6.33
6.33
10.33
4.67
-1.33
-6.0
-3.0
17.0
8.0
2.0
4.67
6.33
5.0
8.0
3.0
5.67
8.0
7.67
8.33
7.33
7.33
3.0
4.0
8.67
2.67
8.33
4.67
10.0
7.67
9.33
7.0
1.67
6.0
8.0
-0.67
19.67
12.0
14.67
2.0
5.33
-2.0
2.0
3.33
19.33
15.0
13.0
8.67
9.67
13.33
6.67
7.67
1.0
-1.33
7.33
4.0
-2.33
13.67
11.67
6.33
11.33
9.0
5.0
4.33
13.0
20.0
18.0
20.0
20.0
30.67
22.33
28.33
32.33
37.0
52.0
40.0
49.33
62.67
68.67
66.0
72.33
66.33
86.67
78.33
84.67
77.33
91.0
67.0
52.0
41.33
47.33
33.67
41.0
21.33
13.0
12.67
30.0
18.0
17.67
10.0
9.33
13.67
10.33
11.33
5.67
12.0
15.67
6.67
6.33
1.0
2.0
17.0
4.33
11.0
10.67
9.33
12.33
16.33
20.0
20.0
19.0
15.67
21.33
19.0
31.67
29.33
33.0
30.33
39.67
18.33
21.33
26.0
42.0
26.67
36.67
41.67
39.67
37.0
31.33
43.67
42.33
42.67
39.0
49.33
36.67
41.67
46.33
22.67
39.67
29.33
28.33
25.67
27.0
22.0
16.67
30.33
15.67
6.67
11.33
13.33
12.67
5.33
21.0
12.33
13.33
13.0
6.67
8.67
10.0
11.0
19.67
21.0
15.33
13.67
18.0
20.67
23.33
18.67
19.67
21.0
13.33
18.0
18.0
25.33
9.67
15.0
10.33
15.67
30.67
18.0
13.0
14.0
22.0
22.67
20.33
21.33
22.67
25.33
41.33
20.67
32.67
34.67
21.33
31.67
29.0
37.33
28.33
49.67
41.0
40.33
32.67
23.33
44.0
39.67
15.0
31.0
29.33
27.67
44.67
40.33
37.0
43.67
56.67
57.67
48.0
60.67
61.67
58.67
73.67
57.0
47.67
47.33
57.33
59.0
41.0
41.67
42.0
31.0
29.33
22.33
31.33
26.0
22.67
22.67
28.33
21.0
11.0
21.0
28.67
14.0
28.33
17.67
23.33
12.33
12.33
15.0
14.67
19.67
23.67
9.33
18.67
23.67
18.0
18.67
9.33
18.0
12.33
12.0
14.33
28.67
15.0
13.67
14.0
18.33
19.67
26.33
15.33
14.0
13.0
12.0
14.0
27.33
14.0
11.33
24.33
29.0
26.0
37.33
25.67
24.33
34.33
32.67
35.0
50.0
35.33
55.33
41.0
45.0
50.33
60.0
79.67
60.33
70.0
63.33
75.33
41.0
51.67
51.67
46.0
44.33
19.67
21.0
30.33
23.33
25.0
15.0
24.33
31.67
5.33
20.0
39.0
36.0
31.33
36.67
41.0
50.67
48.33
34.0
66.0
50.67
66.0
101.67
54.33
88.33
84.67
98.0
85.67
85.67
92.33
101.67
121.33
115.33
127.67
101.33
116.33
117.33
108.67
117.33
115.67
100.33
86.0
117.0
112.67
95.0
105.0
86.0
98.0
82.0
80.67
75.67
59.0
56.0
41.33
44.33
40.0
37.67
49.33
25.33
29.33
22.33
27.67
33.67
21.67
30.0
44.0
40.67
30.0
39.0
56.33
66.0
55.67
68.33
72.33
92.33
86.0
101.33
92.67
102.67
115.67
108.33
115.0
148.67
153.0
159.0
151.33
154.0
154.0
160.0
140.0
161.33
139.67
137.33
113.0
115.33
83.67
76.0
68.0
66.33
50.0
38.33
42.33
38.33
40.33
35.33
24.33
12.0
24.0
9.0
13.0
19.67
10.33
7.33
6.67
5.67
18.33
11.0
13.33
9.67
14.33
1.67
13.33
7.67
4.33
-0.33
7.0
8.33
14.67
13.67
13.0
7.67
17.0
13.33
15.0
12.0
15.0
1.33
6.67
11.0
13.0
20.33
8.33
15.0
8.33
12.33
4.67
8.67
5.67
12.0
17.33
20.33
4.0
13.33
12.67
14.67
7.67
6.0
12.67
17.0
10.67
29.67
18.0
20.67
26.33
23.33
25.0
24.0
21.33
12.33
24.33
19.0
21.33
26.0
21.33
12.0
11.67
12.33
25.33
13.0
15.0
10.67
27.67
32.0
31.67
25.67
8.67
32.67
23.0
23.67
20.67
28.33
25.0
32.67
25.33
22.0
13.33
26.67
22.0
19.67
14.33
22.33
13.67
17.67
20.67
13.33
-3.67
17.33
27.33
35.33
16.67
5.0
-3.0
9.33
10.0
3.33
6.0
9.0
3.0
3.0
6.0
10.33
14.0
11.33
5.33
0.33
0.33
8.33
18.67
11.0
11.0
1.67
3.67
14.67
5.67
26.0
9.33
16.0
16.0
17.0
4.0
6.0
4.0
10.33
-1.0
14.67
15.0
11.33
11.0
1.0
7.67
4.67
12.33
10.67
5.67
21.0
8.67
9.33
3.67
12.33
9.0
6.33
16.33
1.0
15.33
8.33
2.33
8.67
11.67
11.67
7.33
24.67
7.67
3.67
3.33
16.33
-2.33
-0.67
21.33
12.33
8.0
0.67
19.67
12.33
10.67
8.33
-0.33
7.33
-9.33
-1.0
7.0
0.33
12.0
2.0
11.0
6.0
-1.0
9.33
8.33
2.67
-0.33
-1.0
10.67
7.0
4.33
3.0
12.33
6.33
16.0
7.0
5.67
15.0
-3.0
8.0
8.33
1.0
-7.67
13.33
11.67
-2.0
1.67
6.0
13.67
-2.0
-4.0
5.0
-5.33
-1.0
7.0
-4.67
3.0
18.67
-0.67
7.0
6.0
9.0
2.67
11.0
-6.33
10.33
-1.0
-0.33
4.33
-3.67
12.0
7.67
8.0
5.67
17.0
3.67
16.67
5.33
-1.0
-1.0
-8.33
12.0
11.33
19.67
11.33
6.0
18.67
7.0
10.0
8.0
6.33
3.67
-2.67
6.67
8.0
-1.0
3.33
3.0
4.67
11.67
5.67
-3.67
-12.0
14.0
6.33
1.33
15.33
16.33
8.0
-3.33
-3.33
21.67
1.67
3.67
10.0
-1.33
24.67
9.67
20.33
9.0
11.33
12.0
2.33
2.0
5.33
10.33
4.67
16.67
22.67
21.0
17.0
9.0
9.67
6.67
6.33
14.33
23.33
18.67
15.67
16.33
13.0
6.33
10.67
18.33
21.33
12.33
6.33
1.0
14.33
8.67
8.67
9.0
3.67
21.0
9.33
13.0
7.67
2.67
5.33
1.0
1.67
-1.0
-0.33
17.0
14.67
6.67
3.0
11.33
5.67
18.0
5.0
-5.33
20.33
0.67
-8.0
-4.33
12.0
10.0
0.0
3.33
16.67
-4.67
11.67
10.0
2.67
9.0
5.33
5.33
0.67
8.0
7.33
11.67
12.33
-0.67
4.67
11.33
-0.67
13.33
8.33
-6.0
-5.0
6.33
5.67
7.67
0.67
-7.67
18.67
2.33
-6.33
12.33
-5.33
10.67
3.33
0.33
8.33
4.33
0.0
-7.0
10.67
7.0
9.33
-2.33
-0.33
3.0
5.33
-4.67
6.67
8.33
-4.67
9.33
0.0
5.67
8.67
3.67
6.67
-6.33
0.0
7.67
4.33
0.0
5.67
-7.33
-1.33
-1.33
-6.33
0.67
4.33
-7.0
1.67
7.67
6.33
-1.0
1.67
1.33
-1.33
-9.0
11.0
1.0
0.67
5.67
-6.67
0.67
-1.0
11.33
-6.0
3.33
5.33
-7.33
-3.0
-3.67
2.0
0.67
2.0
0.67
7.67
3.33
-3.33
6.33
-12.0
-8.67
1.67
14.33
5.0
-5.33
4.67
-6.33
1.67
-8.67
5.0
1.0
0.0
-7.67
6.33
-4.0
1.0
-0.67
-2.0
4.67
5.67
11.0
6.0
4.67
-4.67
6.67
-2.0
6.0
6.33
1.0
9.33
10.33
6.33
-1.67
3.67
5.33
3.0
8.67
9.67
-2.0
1.33
2.33
7.0
5.0
0.67
-5.0
-1.67
9.33
2.67
3.33
7.0
8.33
-5.33
-1.33
0.0
11.0
-0.67
3.33
3.67
3.67
-1.0
-3.67
-1.33
-1.33
7.0
-1.67
6.33
2.33
4.33
6.33
5.0
0.33
-0.33
-3.67
4.67
1.67
1.67
-2.67
-2.0
7.33
-5.67
2.0
10.0
7.67
-4.0
1.33
-2.0
0.33
4.0
7.0
8.33
-0.33
8.33
-2.0
3.33
6.67
6.0
6.33
5.0
3.67
0.33
0.33
0.67
-0.67
5.0
5.67
-1.33
-0.33
3.0
6.67
0.33
5.33
1.33
-5.0
4.67
-7.33
-0.33
4.33
7.33
5.67
1.33
4.0
2.0
13.33
3.33
5.33
-0.33
1.0
4.0
-3.33
-2.33
-5.33
10.0
-0.67
-1.33
5.67
-0.33
1.0
-4.0
4.67
5.33
6.0
-0.33
10.0
7.0
6.0
-0.67
8.67
-1.0
0.33
1.67
-0.33
9.67
3.67
3.33
2.0
-3.67
3.67
10.33
7.67
2.33
5.33
13.0
-2.33
6.67
5.33
-0.33
0.0
3.0
-2.0
5.0
0.33
5.33
4.67
4.0
2.33
-0.33
0.0
2.33
-1.33
8.33
5.67
-1.0
-3.67
4.0
10.0
5.67
0.0
2.67
7.0
-3.0
4.67
-5.0
3.33
2.67
9.67
-2.33
0.33
1.67
5.33
-2.33
0.33
5.0
0.67
-4.33
2.0
9.67
6.67
3.67
5.0
-5.0
6.0
-1.33
1.67
-1.67
5.67
4.33
3.33
0.33
1.33
1.67
-3.33
6.67
-3.67
0.67
-1.0
1.67
-0.67
-6.0
-0.33
0.33
-4.67
-2.33
5.0
0.67
4.33
-12.0
5.33
-5.33
-2.33
3.67
5.0
1.67
2.33
-1.67
8.33
3.33
2.67
6.0
2.67
-2.0
-3.67
6.67
-4.67
-3.33
0.33
-5.0
7.67
-0.67
0.67
-4.33
1.67
1.33
-3.33
3.67
0.67
1.0
0.33
2.67
0.33
5.33
3.67
0.33
2.0
2.0
5.33
0.33
-2.0
-1.67
1.67
-1.0
-6.0
5.33
1.67
0.33
4.33
0.0
0.0
-1.0
5.67
2.33
2.33
5.67
3.67
2.0
3.0
-0.67
0.0
6.67
-1.33
3.33
4.33
3.33
4.33
1.67
-1.0
4.67
-1.67
5.67
-5.33
-1.33
1.0
2.0
-8.33
-0.33
-1.67
9.0
1.0
1.33
-4.0
1.0
-2.0
-1.33
3.67
1.67
1.0
3.33
0.67
-7.33
0.0
-2.0
4.0
