0.0
-4.33
51.0
36.33
48.0
-129.33
-74.67
79.33
-47.67
-9.67
-49.33
-33.33
-95.0
-65.33
-22.0
-78.67
20.67
2.0
-29.67
-23.33
37.67
4.0
1.0
-6.33
-18.33
-12.0
-3.67
3.0
-6.67
0.33
7.67
-10.33
8.33
-4.67
1.33
-1.67
-2.0
-2.0
1.0
-1.0
-1.0
0.67
-0.33
-0.67
-0.33
1.67
-0.33
-0.33
-0.67
2.0
0.0
0.0
0.67
1.0
-0.67
-0.33
-0.67
1.0
0.67
-0.33
0.0
-1.33
0.33
-0.67
-0.33
-0.33
-0.33
-0.67
-0.33
-0.33
-0.33
-1.0
0.0
-0.33
0.0
1.0
-0.33
0.0
0.0
0.67
0.67
-0.67
0.0
0.67
-0.67
-0.67
-0.67
-0.33
0.0
-1.33
0.33
1.0
0.67
0.67
-1.33
-0.67
-1.33
0.0
2.0
-0.33
-0.33
0.33
-0.33
-1.0
0.33
2.67
1.0
2.33
0.33
-0.67
-2.0
-0.67
-2.0
-3.0
-2.33
1.0
-3.33
-3.33
2.33
-1.33
-0.67
-1.33
-3.33
-2.67
-0.67
0.67
-1.67
1.0
3.33
2.0
1.33
-0.67
-3.0
1.0
5.0
-0.33
4.33
2.67
1.0
1.0
-0.67
-6.0
1.67
3.0
4.33
3.0
6.0
-1.0
7.67
0.33
-0.67
1.67
-0.67
2.33
-0.33
-0.67
8.33
0.0
0.33
1.67
1.0
2.67
0.67
0.33
-3.0
5.0
1.0
3.0
-2.33
2.67
-2.0
1.33
3.0
-6.67
-4.67
-0.33
3.0
-5.67
3.67
1.33
-0.33
0.33
0.67
2.0
3.67
3.0
8.33
8.33
7.33
0.33
-2.67
2.0
4.0
4.33
0.0
7.67
-5.67
3.33
7.33
0.33
2.67
-0.67
0.33
3.67
2.67
1.33
1.67
2.67
-7.33
-1.67
-1.33
0.33
3.33
-2.67
-2.67
2.0
5.33
7.0
-0.33
-0.67
0.33
-4.0
5.67
0.67
7.67
-6.33
3.33
2.0
0.33
-1.67
1.33
0.67
-2.33
-1.0
-0.67
2.0
-3.0
5.67
1.0
4.33
-5.33
0.67
3.67
0.33
0.67
11.33
-0.33
-0.67
-0.67
-0.67
4.0
5.33
-5.0
2.0
6.0
-1.0
4.67
-4.33
6.33
1.33
-0.67
0.67
10.67
1.67
-4.67
2.33
3.67
-1.0
-2.67
5.67
5.0
-1.33
-2.0
3.67
5.33
-5.33
3.33
-2.33
-0.67
4.67
4.33
-3.67
3.67
1.33
-2.33
-0.33
1.0
5.33
5.33
-1.0
2.0
-0.33
-2.0
-1.33
0.0
-0.33
7.33
5.67
-1.33
1.0
2.33
-1.0
1.0
1.33
5.0
1.33
0.0
0.33
2.0
-4.0
-2.33
4.33
-8.67
-6.0
-0.67
-4.33
1.33
2.67
4.67
-0.67
-1.0
-1.67
-0.67
0.33
7.33
2.33
2.67
-2.0
8.0
-2.0
6.33
7.0
-1.33
2.33
-2.67
2.33
2.0
1.0
1.67
1.67
3.33
0.33
-3.0
2.33
2.0
-3.67
3.67
0.0
-1.67
-2.0
3.0
-5.67
4.33
-1.0
4.67
-3.0
-5.33
1.33
-5.33
1.0
3.67
-2.67
-2.0
1.67
4.33
2.0
-1.0
2.0
-6.33
-2.33
-4.33
6.33
-4.33
1.0
-1.33
2.33
1.33
-2.33
-0.67
0.0
-5.0
3.67
-3.33
1.33
1.0
1.67
-4.0
3.67
-1.0
-3.33
2.67
-0.33
-2.33
2.67
3.67
3.67
-1.67
-2.0
-0.67
0.67
-2.67
4.0
-3.0
7.0
-5.33
-1.0
3.33
1.33
-1.0
-0.33
5.67
-0.67
-0.67
1.0
-3.0
-1.67
-6.67
-3.0
0.0
3.67
2.67
0.67
-1.67
-2.67
-4.33
2.0
-0.67
0.33
0.67
7.67
-4.33
3.0
-2.67
-0.33
-1.33
0.67
-0.33
2.0
-1.33
-1.67
0.67
7.0
-3.33
-0.67
-2.0
1.33
4.33
-6.67
1.67
2.33
2.0
-3.67
0.67
1.0
-1.0
-0.67
-2.33
1.33
-1.67
1.67
2.67
3.67
-0.67
0.33
0.0
-1.33
1.67
0.33
1.0
-2.33
4.33
3.67
0.0
4.67
-3.0
2.67
10.67
1.67
0.0
0.0
-3.67
0.0
8.33
3.0
1.0
0.0
-5.0
1.33
-1.67
-0.33
-0.67
-3.67
4.67
1.33
3.33
3.67
0.0
-1.67
3.0
1.0
2.33
1.33
-1.67
-1.67
6.0
-2.0
-7.0
-1.0
-1.0
0.0
1.0
1.67
-2.33
6.67
-1.0
1.33
1.0
1.0
2.67
-2.33
1.0
4.33
-0.67
6.67
1.33
-1.0
-0.33
0.0
-4.0
5.67
2.33
-2.67
-0.67
-1.33
1.0
-3.67
-3.33
-0.33
-2.67
-2.0
-3.67
-1.33
-1.67
6.33
5.33
4.33
-0.33
2.33
-2.33
3.0
-0.33
1.33
2.67
0.67
-0.33
-3.67
-6.67
0.0
1.67
0.33
0.33
-0.67
-3.0
2.0
2.0
-2.67
0.67
-2.33
-1.33
-0.67
4.0
-0.33
3.33
-0.33
0.33
0.33
-3.0
2.33
2.33
0.33
1.67
-2.0
1.33
0.0
0.67
0.33
1.33
0.67
0.67
-3.67
2.33
-2.0
-1.33
-0.67
-3.33
2.0
4.0
1.67
-0.33
0.67
-1.67
6.33
-0.33
1.0
0.33
-0.33
-0.67
2.67
-2.67
6.67
-2.33
5.33
-2.33
1.33
0.67
4.67
-2.0
1.67
2.0
1.33
3.33
0.67
-0.67
1.33
0.67
1.67
6.33
1.67
-0.33
-5.0
1.0
-1.67
2.33
-1.67
0.0
-1.67
0.67
1.67
1.33
-1.0
-3.33
2.33
0.0
-1.33
0.0
-2.33
-3.67
-2.67
1.0
-1.33
-5.0
0.33
2.0
-0.33
0.0
-1.33
-0.67
3.33
1.33
1.33
-1.67
-2.0
4.33
-1.0
-0.33
-2.33
-4.33
0.67
4.0
-2.33
4.33
1.33
-1.67
1.0
0.0
-3.67
1.67
6.0
0.33
-0.67
-2.0
3.67
1.0
5.0
4.33
7.0
0.33
-4.0
-4.33
4.33
0.0
0.0
2.0
-0.33
-4.67
-1.33
2.0
-6.67
-1.0
-3.67
-0.67
4.0
0.67
2.0
-2.0
6.33
-1.67
1.67
-4.33
2.67
-1.33
0.33
1.0
-0.33
-3.0
-4.0
3.33
-2.0
3.0
-6.67
1.33
-2.0
-2.67
1.67
-3.67
0.67
0.33
-3.67
-2.67
0.33
1.33
0.33
-2.67
0.33
-2.67
2.67
2.33
1.0
1.0
5.0
-0.33
1.0
-6.67
2.0
5.0
4.67
-3.67
-2.0
-4.67
-7.0
-0.33
-4.0
2.33
-1.0
0.67
5.67
1.67
-3.0
3.67
-2.33
5.67
1.0
3.33
1.33
-2.33
-0.67
7.0
-2.0
-1.0
-3.0
-3.33
0.67
-3.67
0.67
-3.0
0.33
-4.33
-3.33
3.0
8.33
1.33
-9.0
2.33
-1.33
-7.0
0.0
2.33
0.67
-3.33
-9.0
3.67
3.0
-0.33
-4.0
-0.33
5.33
-2.67
2.0
-4.0
-5.67
1.0
0.67
-4.67
-1.0
0.67
-5.33
-6.0
3.67
1.67
0.33
3.0
-0.67
1.33
1.0
1.0
1.33
2.0
-1.33
-3.67
6.33
1.67
-0.33
-3.67
-0.67
-0.67
-7.67
8.0
-0.67
4.0
-3.0
2.0
0.0
3.33
3.33
4.33
-3.0
-1.67
-0.67
3.0
-3.33
4.0
-3.33
-1.33
8.67
1.33
0.67
3.0
3.33
1.0
2.33
-1.0
11.0
-7.0
-5.0
4.33
7.67
6.33
1.33
-0.67
-0.67
2.67
-0.33
-1.0
-2.0
-1.0
12.0
-1.0
2.67
0.33
4.0
-5.0
1.0
-1.33
-2.0
1.67
-1.67
0.33
2.33
-2.0
0.0
-4.33
-1.33
-5.67
2.67
3.0
4.67
-2.67
0.0
-1.33
2.0
5.0
6.33
9.67
3.0
10.67
4.0
4.33
-1.0
-2.0
3.33
2.33
3.0
0.0
3.67
-0.33
6.33
0.67
2.67
-1.0
-1.33
4.33
-1.0
-1.33
10.67
7.67
0.33
-5.67
7.0
0.0
-1.67
4.0
2.0
0.0
-6.0
-1.0
-0.33
17.33
6.33
8.33
5.0
5.0
11.0
11.33
2.67
3.67
18.0
5.33
0.33
1.67
1.33
0.67
5.33
2.0
7.0
11.0
11.33
10.33
7.67
6.0
6.33
7.0
1.67
5.0
11.0
1.67
0.0
-1.67
3.67
4.33
1.33
1.67
-1.0
-2.33
2.67
5.33
4.0
-5.0
4.0
-1.67
0.0
6.67
-0.67
1.33
-2.67
9.0
-3.0
7.0
1.67
8.33
1.0
-5.33
5.33
3.0
4.33
13.67
9.33
-1.67
4.0
-3.0
3.67
1.67
0.67
3.67
-3.0
8.33
3.67
8.33
-1.33
7.0
2.33
4.67
9.67
14.33
-2.33
4.67
-4.67
4.33
4.67
-5.0
8.0
-3.33
4.33
-1.33
11.67
2.33
9.33
-1.33
4.33
7.0
-0.67
4.33
11.0
8.67
-3.33
-3.0
8.0
5.67
6.0
6.33
7.67
11.0
9.67
1.33
12.67
14.67
8.0
10.33
15.0
12.0
10.33
9.67
32.0
8.33
6.67
15.67
13.0
19.0
11.0
22.0
21.67
8.33
15.33
5.67
16.33
16.33
13.67
11.67
15.67
12.33
7.67
2.0
1.33
6.33
4.67
12.0
13.33
8.67
2.33
5.0
18.67
3.0
6.0
2.33
6.67
3.67
-0.67
9.0
10.67
6.67
11.67
3.0
3.67
7.67
11.67
3.67
8.0
8.67
9.33
12.33
7.0
10.0
9.67
9.0
16.0
17.33
4.33
16.33
10.0
7.67
2.67
11.33
19.0
8.0
6.0
15.67
0.0
6.33
8.67
0.33
6.33
2.33
14.0
3.67
4.67
5.67
9.33
1.67
5.67
5.0
4.67
2.33
5.0
3.33
11.0
-0.67
0.67
6.0
8.67
3.0
8.33
2.67
4.33
-4.67
0.0
5.0
4.0
0.0
-0.67
12.0
5.33
2.33
-2.0
11.0
17.33
4.67
8.33
0.33
0.67
0.0
8.0
2.33
2.33
2.0
-3.0
5.33
-2.0
-0.33
-2.67
-8.0
7.33
-0.67
3.0
-0.33
12.67
9.0
9.33
2.67
11.0
-0.67
3.33
1.0
4.0
11.33
-3.33
-5.67
8.0
-4.0
2.0
-0.67
4.67
-7.0
15.67
20.33
3.0
14.0
6.67
15.0
35.67
31.33
18.33
16.67
25.0
20.67
19.67
27.33
23.67
15.33
27.33
21.67
23.33
17.33
21.33
12.67
12.33
6.67
11.33
12.0
7.0
11.67
14.0
-4.0
11.0
9.0
11.0
14.67
8.67
10.0
-7.0
14.33
13.33
9.0
-2.33
18.33
-3.67
3.33
7.33
5.67
5.67
8.67
4.0
11.0
6.67
7.0
9.0
8.33
11.0
9.67
17.33
23.33
25.33
28.0
32.33
18.67
25.67
40.67
39.33
39.0
37.67
49.0
35.0
31.33
37.0
46.0
17.0
22.0
19.33
13.67
12.33
17.0
3.33
5.67
12.0
15.0
9.33
6.0
1.33
13.33
11.33
8.33
7.33
13.33
8.0
8.0
10.0
2.0
17.67
6.33
0.33
1.67
8.67
-3.67
-2.0
7.33
3.67
5.33
3.67
2.33
-2.33
2.33
2.67
-2.0
19.33
-2.33
-0.33
6.0
5.67
8.0
7.33
6.0
-2.0
-3.0
5.33
1.67
8.0
4.0
9.33
-1.67
-3.0
0.33
9.33
9.67
4.67
5.67
17.0
6.33
12.33
4.0
4.33
3.67
12.67
7.67
-3.0
15.67
2.0
10.67
14.67
5.0
2.67
8.33
9.33
19.0
8.0
13.33
-5.67
9.33
3.0
1.33
5.0
1.33
14.0
4.67
2.33
5.33
-3.0
3.0
2.67
0.67
7.0
13.67
-2.33
1.67
11.67
10.0
-6.33
12.67
6.33
13.0
8.67
-1.67
12.0
2.33
3.67
0.0
7.67
9.33
1.33
1.67
-4.33
-1.33
10.33
-1.67
7.33
7.33
7.33
0.67
-1.0
6.0
-6.67
-2.0
1.33
10.0
-1.0
-1.0
0.0
5.0
6.33
16.0
-6.67
19.33
-1.67
12.33
-3.67
3.67
1.0
22.0
-5.33
2.67
16.67
-2.33
0.0
-1.67
7.0
12.0
7.0
-4.0
-11.0
7.0
4.33
-1.0
4.67
6.0
4.33
7.0
11.0
5.67
13.67
-4.67
15.67
5.67
5.0
-3.33
10.33
-1.33
13.33
-12.0
-4.67
8.33
13.0
8.33
-8.67
-2.67
1.67
-1.33
-0.33
-0.67
8.67
-1.33
-0.33
6.33
6.33
-3.33
6.33
4.33
-2.67
-1.0
6.67
5.67
4.33
1.67
13.33
-4.33
5.33
-5.33
0.0
14.0
-10.67
14.0
-3.0
-5.0
9.0
1.0
4.33
-1.67
-4.33
0.67
3.0
-0.33
10.0
10.33
-2.0
5.33
-5.67
-4.0
3.0
9.67
7.0
-3.0
2.0
1.33
0.0
-3.67
0.33
16.67
-3.0
3.67
9.0
9.67
4.0
3.0
3.0
2.67
-4.0
-2.0
9.33
7.0
7.67
-6.67
-3.0
8.0
-6.0
-3.33
1.0
-3.33
13.33
3.0
-3.33
-5.67
-0.67
2.0
6.67
13.0
3.67
1.0
-12.33
-4.33
0.33
-2.0
-8.0
-2.33
2.0
-2.67
-1.33
3.33
-8.0
1.67
-10.0
-2.0
7.0
7.33
-4.33
2.33
6.67
3.0
-1.0
2.33
-2.0
11.67
10.67
-6.33
-3.67
-8.0
7.0
-3.67
-5.67
-2.67
-3.67
9.0
-1.33
-11.33
14.67
1.67
1.67
-3.0
-0.33
14.67
-6.33
7.33
-9.0
-0.67
11.0
0.33
6.0
1.33
-1.67
-6.33
12.67
5.67
2.0
11.0
-11.0
-6.33
-2.33
-9.67
-0.67
5.33
0.67
3.67
2.33
6.0
1.33
12.67
-5.67
-1.67
3.33
9.33
6.0
-1.67
0.67
-4.33
0.0
1.67
15.0
8.33
6.0
8.67
-7.33
-5.67
-4.0
-0.33
-11.0
-0.33
4.0
14.67
1.67
8.0
-3.67
3.67
-2.0
-3.0
5.67
-1.67
4.67
-4.0
-2.33
-9.0
11.0
5.0
4.33
-0.33
-13.67
4.67
15.0
1.67
-1.0
-4.67
-3.67
-5.33
9.0
1.33
6.67
5.33
-7.67
-6.33
12.33
6.33
4.33
-10.67
-2.0
-3.0
12.33
6.67
-7.33
-4.33
7.33
7.67
11.33
-0.33
-1.67
-6.33
5.67
2.33
0.33
0.33
5.33
-5.0
-6.0
4.67
2.0
-13.67
-2.33
9.67
1.0
6.33
3.33
2.67
-4.67
-4.67
0.33
9.0
7.67
-0.33
0.67
-1.33
-0.33
-1.0
8.67
-1.67
0.0
-0.33
2.67
-2.33
-6.33
3.67
8.67
7.33
-1.0
-8.33
4.67
-7.67
6.0
4.67
-5.67
1.67
5.0
3.0
7.0
-6.33
-0.33
-1.67
-0.33
-2.0
1.33
0.0
-2.67
0.33
9.67
-2.0
11.33
-3.0
5.67
6.0
-1.33
9.67
-3.67
0.67
-4.67
-2.0
-5.67
-8.33
-0.67
-2.0
-8.33
7.67
4.67
0.67
-3.67
8.0
-2.0
11.0
0.33
-5.67
0.0
-3.0
11.33
0.0
-0.33
3.67
4.0
2.0
3.67
-0.67
7.67
-5.0
0.0
-4.67
2.0
-0.67
0.33
-7.67
2.33
3.67
3.33
-5.0
3.67
5.67
-1.0
6.33
8.33
3.0
7.0
-1.33
6.0
4.33
-3.67
-6.33
-0.67
9.0
-3.67
-0.33
3.67
-2.0
0.0
-0.67
3.33
-1.33
0.67
-6.0
-2.67
0.67
3.67
-5.0
1.33
4.33
-2.67
-7.67
5.33
-3.0
7.33
1.67
6.33
-0.33
-1.33
1.67
-8.67
1.0
-2.67
-5.67
8.0
5.0
-0.33
-1.0
-6.67
-3.0
-3.67
-1.0
5.0
-8.67
0.67
7.33
-1.0
6.33
-0.33
3.0
-3.67
-2.0
-0.33
2.33
0.33
-1.33
-3.67
0.0
0.67
-6.33
-7.33
5.0
-3.33
-2.67
-4.67
4.33
-4.0
-4.33
-4.33
-1.33
-1.67
11.33
5.67
8.33
0.0
-1.0
9.33
4.33
4.33
-1.33
-1.0
3.0
2.67
-2.33
-0.33
-1.0
-6.67
-0.33
-7.33
-4.33
1.0
5.0
-0.33
-0.67
0.0
-1.33
-4.0
-2.0
6.0
8.33
6.67
-1.0
3.33
2.67
-6.33
0.67
-3.33
-0.67
4.0
-2.67
0.67
2.33
6.67
-1.67
4.33
4.0
1.67
7.67
4.33
-1.33
2.0
-2.0
7.0
1.0
-1.67
-0.67
-0.33
4.0
4.33
1.67
0.0
0.33
-2.33
4.33
-5.33
-2.0
4.33
2.0
1.0
-2.33
-3.0
4.67
3.0
0.0
2.67
1.0
7.33
-1.33
2.67
5.67
0.33
3.67
-1.67
3.67
-3.67
7.0
-1.33
3.67
3.0
5.67
5.67
-4.33
-1.0
-2.0
4.0
-2.33
-1.33
-0.67
0.67
4.33
4.33
0.33
-6.67
2.67
-4.33
2.67
-2.67
0.67
-1.0
-0.33
-5.67
-4.0
-1.33
1.33
-2.67
-3.33
-2.0
-0.33
2.33
-4.0
-2.67
0.67
12.67
-1.33
-2.0
0.67
0.33
-4.67
-0.67
-1.67
-0.33
-2.0
-2.33
0.0
-3.67
6.67
-1.67
-1.33
-6.67
-6.0
-1.33
-0.67
0.67
5.67
0.67
0.33
2.67
-2.33
3.67
-1.0
-2.67
1.67
0.33
1.33
5.67
1.33
-1.0
-6.0
3.33
-4.67
2.0
-1.67
-0.33
-4.0
-1.0
0.33
0.67
-2.67
7.33
2.0
2.0
0.0
1.67
3.33
-1.67
5.67
-0.33
-5.0
-5.0
-8.67
1.0
-0.33
-0.33
2.33
2.33
1.33
-0.67
-6.33
-2.0
3.67
-3.67
1.67
2.67
-0.33
6.0
3.0
-0.33
3.67
-0.67
5.0
3.0
1.33
2.0
-3.0
2.0
-0.33
0.67
0.67
1.0
-0.67
4.67
-4.33
-1.0
-4.0
-2.0
