0.0
45.67
41.0
12.33
77.0
-56.33
-90.67
-17.67
-11.67
-7.67
-21.33
-34.33
4.0
-26.33
-17.0
-7.67
14.67
6.0
23.33
-8.33
-2.33
-2.0
28.0
17.67
-11.33
-9.0
-3.67
1.0
9.33
4.33
-0.33
-4.33
-2.67
-4.67
4.33
0.33
-1.0
0.0
1.0
1.0
0.0
-0.33
-0.33
0.33
1.67
-0.33
-0.33
1.67
-0.67
0.0
0.0
1.0
-0.33
0.0
-0.67
-0.33
-0.67
1.0
0.67
-0.33
0.0
-1.33
0.33
0.33
1.67
-0.33
-0.33
-0.67
-0.33
-0.33
0.67
0.0
0.0
-0.33
1.0
0.0
0.67
0.0
0.0
0.67
0.67
-0.67
0.0
-0.33
1.33
-0.67
-0.67
-0.33
0.0
-1.33
-0.67
1.0
0.67
-0.33
-1.33
1.33
0.67
-1.0
1.0
0.67
-0.33
1.33
-0.33
0.0
2.33
1.67
1.0
1.33
-0.67
-0.67
-1.0
-1.67
-1.0
0.0
-2.33
0.0
-1.33
1.67
0.33
1.67
4.33
-4.33
-3.33
0.33
2.33
-0.33
1.33
1.0
0.33
0.0
-0.67
2.33
3.0
3.0
2.0
-0.33
3.33
0.67
0.0
1.0
2.33
-3.0
4.67
0.0
-2.67
2.0
-2.0
-1.0
-5.33
-2.67
-4.67
5.67
-0.67
1.33
-0.33
-1.67
1.33
-2.0
-4.67
6.67
2.0
-2.33
-6.33
1.33
3.0
-1.0
0.0
2.0
1.67
1.67
-3.0
1.33
0.0
0.33
-0.67
0.67
1.0
-1.67
5.67
5.33
-0.33
2.33
3.67
-5.0
-0.33
0.0
2.33
7.33
2.33
-0.67
3.33
-4.0
1.0
6.33
4.0
7.67
5.33
1.33
6.33
4.33
-6.33
-0.67
-0.67
0.67
-0.33
1.33
-0.33
0.67
-3.33
-3.67
-2.33
4.33
-1.67
5.33
-1.67
-3.0
1.33
-2.0
7.67
-7.67
-0.67
-2.0
0.67
4.67
-0.33
-1.33
5.33
4.0
-1.67
5.33
-0.67
-0.33
0.67
1.0
0.33
-4.0
-4.0
12.67
-2.0
-3.67
-4.33
-3.33
4.67
0.33
0.67
-0.67
0.67
3.33
0.33
-0.67
4.0
8.33
2.0
5.0
3.0
2.0
-0.33
1.67
5.33
5.33
0.33
-6.33
-0.33
-1.33
-3.67
-4.67
-1.33
-3.0
-0.67
2.67
-2.0
2.67
3.0
2.67
3.33
-2.33
-0.67
0.67
-2.67
1.67
0.33
1.33
-1.33
-0.67
5.67
1.67
3.0
0.33
0.33
-1.0
-3.0
-4.33
-2.0
-1.33
-3.0
-1.33
5.33
1.67
4.67
2.0
3.33
1.0
-1.0
8.33
0.0
1.33
-1.0
-4.67
1.0
1.0
-6.33
8.33
-4.67
-3.0
4.33
0.67
-0.67
2.67
2.67
3.33
5.0
-2.67
1.33
-1.67
3.33
-3.67
1.67
-4.0
2.0
1.0
-3.67
-3.0
-3.33
-0.67
-0.67
-3.67
4.0
-4.0
-0.33
-0.33
3.33
1.33
-3.0
-2.67
5.0
1.33
1.67
0.0
-3.67
3.0
1.0
5.33
-3.67
-5.0
-5.33
0.0
0.67
2.33
0.67
-6.0
-0.33
3.33
-3.0
3.67
1.33
0.0
0.0
0.0
-0.33
0.67
-3.33
1.33
-0.33
-2.0
0.67
-0.67
0.33
3.67
1.33
1.0
-5.0
1.67
-3.33
1.33
-6.0
-0.33
-1.0
4.67
7.0
0.67
2.67
-2.33
-2.33
0.67
-0.33
-0.33
1.33
-2.0
2.33
-0.33
-1.67
-2.0
-9.0
6.0
2.67
-1.0
3.33
1.33
-1.0
0.67
-1.33
-0.67
1.33
-1.0
-5.0
4.33
-1.67
1.0
7.0
-3.33
5.67
-2.33
-0.67
-2.67
-7.33
-5.0
-1.67
0.33
-1.33
3.67
0.67
3.0
-1.67
-1.33
1.67
2.67
-2.33
-2.0
3.67
-1.67
4.67
3.0
1.67
-1.67
-4.0
2.33
1.33
0.33
4.67
1.33
-1.0
1.33
0.67
-2.0
-1.0
0.33
-4.33
-2.67
1.33
2.67
-0.33
0.67
3.33
-4.67
3.0
3.67
-1.33
2.33
1.0
-1.33
2.33
2.67
1.0
-1.33
0.0
-4.33
0.67
1.67
1.0
-1.0
-0.67
3.0
-2.67
-6.0
-2.0
0.0
-5.0
4.33
-4.67
-3.33
4.33
2.33
3.67
2.33
-1.67
0.67
-4.0
-2.67
-2.0
1.0
2.33
0.33
5.33
0.33
4.0
-4.0
-8.0
-3.0
0.0
0.0
4.0
-0.33
-2.33
2.67
1.0
1.33
3.0
7.0
-0.33
2.67
-1.0
1.33
0.33
3.67
5.33
0.0
1.67
5.0
-3.0
-2.33
0.33
-0.67
-0.67
3.67
3.0
1.33
0.67
0.67
-1.67
7.0
-1.67
0.67
-0.67
2.33
-0.67
1.33
-1.33
1.33
2.67
-3.0
-1.33
-0.67
-2.33
6.67
-2.33
0.33
-2.67
0.0
-1.33
2.33
0.33
-1.67
4.0
5.0
6.0
-1.67
-0.33
-4.33
0.67
2.33
1.0
3.67
3.33
3.67
4.33
2.33
-2.0
2.33
1.33
-1.67
0.67
-3.0
2.33
-4.0
2.67
1.33
3.33
7.67
-1.33
-3.67
1.33
-3.0
-2.33
-2.67
-2.33
2.0
-1.0
4.67
2.67
-0.33
-1.67
4.33
-1.33
-2.0
0.33
4.67
-2.67
12.67
3.33
-0.33
-0.33
1.33
-4.33
-2.67
-0.33
1.67
-1.0
-1.33
4.0
4.33
-0.67
1.67
-0.67
-0.67
0.67
-1.33
1.33
2.67
1.67
0.0
2.0
0.33
0.33
-0.67
-5.0
-0.67
-2.33
2.67
-0.67
-1.0
-0.33
5.33
-4.0
1.67
2.0
-0.33
0.33
2.33
-2.0
-1.33
0.0
-0.67
-2.0
2.67
-3.0
-4.33
-0.67
-0.67
-2.67
5.33
7.33
-2.0
1.33
2.0
0.67
0.67
-3.33
6.67
-2.0
1.67
3.33
-0.67
-1.67
3.0
3.0
0.33
-0.33
2.0
-5.67
4.33
0.0
-0.33
1.0
4.0
0.33
1.0
0.33
1.0
-2.33
-0.67
-1.0
0.0
-2.0
-1.33
-0.67
1.67
3.0
1.33
0.0
-2.67
3.33
0.0
2.67
-2.0
-1.0
4.33
1.33
-1.33
1.67
-2.33
-4.33
2.33
-4.0
-4.33
2.0
-1.0
-3.67
0.0
0.0
1.33
-1.67
-1.0
-1.67
-0.33
0.33
7.67
-0.67
-0.67
-1.67
0.33
3.33
-1.67
-3.67
0.33
-5.67
3.67
0.33
2.0
1.0
2.0
0.67
2.0
-0.67
-3.0
0.0
9.67
-0.67
3.0
5.33
-2.0
-3.33
-3.0
4.33
4.0
0.67
3.67
2.67
-2.0
1.67
5.67
-2.33
5.0
7.33
-0.67
-0.33
-2.67
-2.0
0.0
-2.0
0.0
2.67
-5.33
-6.67
1.67
-2.0
-0.67
-1.33
-0.33
2.0
1.33
8.33
4.0
-6.67
0.67
0.0
9.0
3.33
-2.33
-2.33
-4.0
0.67
-3.0
0.67
-3.0
5.67
3.33
-3.67
-2.0
-1.0
7.33
3.0
-3.33
-10.67
2.0
1.67
-3.33
-2.0
1.67
-1.33
-0.67
-2.0
-0.67
2.33
-7.0
-2.0
6.33
6.0
2.67
-6.67
-2.67
-1.33
-1.33
-1.67
-0.67
2.33
-3.67
5.0
3.33
4.0
3.0
3.0
5.0
0.33
-0.67
-6.67
-2.0
2.33
4.33
3.0
-2.33
2.0
-2.33
-3.33
4.67
-3.67
-4.33
3.0
1.33
2.0
-0.67
-1.0
-1.0
-1.0
-3.0
4.33
1.67
-1.67
-4.67
5.33
5.33
-5.33
-0.33
-8.0
-1.0
0.0
5.0
-5.0
-4.33
0.33
5.0
-3.0
-7.0
-1.33
1.0
-1.33
-0.67
-6.67
1.33
-4.0
-3.0
-3.33
-0.33
0.33
-7.33
6.0
-0.33
-1.67
-7.0
-3.33
2.0
2.0
-4.67
1.67
1.0
1.67
-2.0
3.33
-7.0
0.0
1.33
7.33
7.0
-2.0
4.67
-3.33
10.33
-2.33
4.67
2.0
8.67
5.33
1.0
-8.33
-5.33
-2.33
-3.67
0.33
3.0
1.0
1.33
2.0
9.0
3.0
-4.0
0.0
-2.33
2.33
4.33
1.33
-2.0
4.0
0.0
1.33
0.67
-4.33
3.0
3.33
-1.67
0.67
-1.67
0.67
7.33
-1.0
4.0
5.0
-1.67
5.33
4.67
-7.0
-2.67
0.0
1.67
5.0
8.0
-6.33
-2.0
7.33
0.67
10.33
-5.67
-0.33
9.0
2.67
0.67
-3.67
-1.0
-1.0
1.0
0.33
8.0
-0.33
7.33
-4.67
4.33
1.0
0.0
5.0
0.67
1.33
7.0
-1.33
4.33
6.0
7.33
5.67
2.33
3.33
0.0
0.0
-3.33
10.67
7.67
-0.33
5.0
-2.67
-1.33
-3.67
2.67
3.0
6.33
5.67
5.67
5.33
-3.33
2.67
-5.67
5.33
0.67
-2.0
4.0
0.67
0.33
0.67
-1.33
3.33
7.33
-6.33
3.33
7.0
2.33
5.33
4.0
0.67
-8.33
3.0
4.0
7.67
1.0
2.33
3.67
7.0
3.67
0.33
-1.33
-0.33
2.0
-0.67
2.0
5.0
2.33
0.67
2.0
9.33
1.67
7.67
6.0
10.0
0.0
2.0
2.67
-4.67
0.33
2.67
7.33
7.33
2.67
0.67
2.67
-0.67
5.67
2.0
-1.67
4.33
3.67
1.0
1.33
2.67
7.33
6.0
3.67
-3.0
-3.0
-3.67
-2.33
2.67
-4.67
-2.0
1.67
6.67
6.67
-4.0
-2.33
2.67
2.67
-0.33
4.0
9.67
-1.67
-5.67
0.0
-2.0
1.67
3.0
5.0
-0.67
-5.67
2.33
7.0
-5.33
1.67
1.33
7.0
2.0
3.0
8.67
0.0
-3.67
0.67
-5.67
-0.67
-1.67
3.0
0.67
3.67
5.67
1.33
-1.33
-0.33
6.0
2.67
-4.67
-2.0
2.33
6.0
-3.67
-2.33
0.0
0.67
-5.0
-5.67
-5.33
4.33
-4.67
3.0
2.0
9.0
-3.0
1.33
3.0
-3.67
7.33
5.0
6.0
1.33
1.67
0.33
2.33
-9.33
12.0
10.0
0.33
4.33
10.0
3.0
0.33
-4.0
-2.33
-4.67
-5.0
2.33
-3.67
-2.0
-0.33
-3.33
1.0
2.33
-6.33
7.0
-5.67
3.33
0.0
1.0
-1.67
-1.33
-3.67
-3.0
-1.0
-1.0
-0.67
-3.33
-9.0
3.67
10.33
6.0
18.0
7.67
-1.0
2.67
-3.67
10.33
-0.33
4.0
-1.33
-1.33
8.33
13.67
-1.67
5.33
-1.33
1.33
-0.67
10.33
3.67
7.33
0.67
2.33
3.0
-4.0
-3.33
4.0
-4.0
-1.0
1.0
-2.0
2.67
1.67
5.0
-5.0
2.33
1.33
-4.0
7.67
1.33
1.33
-1.67
7.33
0.67
6.67
0.67
-1.0
0.0
-3.33
-2.0
-2.0
2.33
-5.0
3.67
4.33
-4.67
-2.67
10.0
8.33
2.67
-2.33
-0.33
0.33
5.0
4.67
4.0
4.0
5.33
2.0
-7.0
3.0
-2.0
1.33
-5.33
1.33
3.0
-3.67
-5.33
10.0
2.0
5.33
0.0
0.33
-5.67
2.33
2.33
6.33
3.33
5.0
-1.0
-4.0
1.0
-1.33
1.33
5.33
-0.33
-3.33
-0.67
-8.0
6.33
0.67
-5.67
-2.33
3.33
-5.33
-6.67
-0.33
-9.0
-4.67
5.67
-2.33
3.0
-2.33
1.0
3.33
-5.0
-7.0
-1.0
8.33
0.67
5.0
3.0
4.33
1.33
-2.0
8.33
3.33
0.67
4.67
-0.33
9.0
3.33
2.33
-4.0
-8.67
-1.33
-0.33
4.67
-1.0
11.67
8.0
-3.33
-0.33
-3.0
4.67
2.33
14.33
0.0
-2.0
13.33
-4.67
-4.67
10.0
7.33
14.0
3.33
2.0
6.67
0.33
6.33
-3.0
-8.0
-3.33
-9.33
5.0
6.67
1.67
-11.33
0.67
3.0
-4.33
-0.33
1.33
10.0
-0.33
2.33
2.0
4.33
0.67
16.0
-3.33
3.33
9.33
-2.33
-2.33
2.67
2.33
0.33
-1.67
-2.67
7.33
6.67
2.0
3.0
3.33
-2.0
-5.67
-1.0
3.0
3.0
-4.0
10.0
-9.67
-3.0
-3.67
2.33
10.33
-9.67
-9.67
-1.33
3.0
-2.0
-1.33
6.67
14.67
-6.33
-2.0
1.33
-10.0
5.0
-1.0
2.0
6.0
-1.0
1.33
0.0
-5.33
-3.0
-3.67
-2.0
4.0
4.67
-2.33
0.33
11.67
-0.33
1.0
-2.33
-6.67
0.67
2.33
-8.0
-2.67
5.33
0.0
5.33
8.33
-1.67
-3.33
-8.33
-7.33
-3.67
1.67
-0.33
0.67
0.33
13.33
-13.33
2.33
-6.67
6.33
0.0
-0.33
-1.33
-4.67
3.67
-1.67
-2.33
0.33
0.67
-12.0
3.0
-5.67
13.0
2.0
-9.0
1.0
-1.0
-1.67
6.33
0.67
-4.33
0.0
-4.33
7.0
-0.67
-7.0
1.33
-4.67
13.0
6.0
-2.33
9.0
-11.0
-5.0
-2.67
-2.0
-3.67
11.33
4.67
-3.0
3.67
10.0
-3.33
5.0
0.0
-10.0
-6.33
12.0
-4.0
-0.67
13.0
5.67
-11.67
3.0
3.0
9.0
7.67
6.0
-0.33
-7.67
-1.0
-10.33
14.33
-10.67
5.0
2.67
-2.0
-0.33
2.0
-10.33
0.67
8.33
-3.0
-8.0
-7.33
-7.0
2.33
11.67
2.33
12.0
8.67
6.0
25.0
-5.0
2.33
-2.33
1.33
-9.33
-5.0
-2.0
-6.67
-1.0
3.67
7.67
4.67
1.33
-7.0
0.0
-7.67
6.33
-3.67
5.33
-5.0
0.67
-1.33
15.67
3.67
-9.33
0.0
-10.33
12.67
4.67
4.33
-2.0
11.33
3.0
11.33
-5.0
3.33
3.33
4.67
13.67
-7.33
9.0
7.0
-1.0
6.67
-10.33
-2.67
-6.67
4.33
12.67
-3.33
1.33
-6.0
-0.67
1.67
2.33
11.33
10.33
-1.67
-1.0
1.33
4.67
2.67
6.0
2.67
2.0
0.33
5.0
-1.33
-8.33
7.33
-4.0
4.67
9.0
4.67
2.0
-7.33
4.67
-3.0
-2.67
-2.33
1.0
6.0
-2.33
-3.67
-7.33
-5.0
8.67
9.0
4.0
0.0
2.33
-7.33
0.33
0.67
-4.0
-8.33
4.0
1.33
3.33
-6.33
6.0
-10.67
3.67
-0.67
-0.67
-9.33
-2.67
6.33
10.33
3.33
3.0
0.0
2.33
-3.33
8.67
2.67
6.33
15.67
-1.67
3.67
-3.67
14.67
1.67
12.33
8.33
5.33
13.33
-2.0
2.0
-0.33
-3.0
-14.67
2.67
-0.33
6.0
-2.67
-2.67
2.67
-7.67
-9.67
-0.67
1.0
1.67
-1.33
-8.33
-0.33
-2.33
4.0
1.67
-5.67
-6.0
3.67
2.67
-8.33
-0.33
-2.33
4.67
-2.67
-13.0
6.67
12.67
-3.67
-3.0
7.67
0.33
-3.33
8.0
11.0
1.0
-3.33
0.67
-6.67
-6.33
9.0
0.33
-3.0
2.33
10.33
-4.33
3.0
3.33
-8.0
1.67
6.0
-8.33
0.67
-7.67
-6.33
-2.67
-4.0
-7.67
-0.33
1.33
2.0
1.67
1.67
-3.33
3.67
-2.67
6.0
-4.0
1.0
-2.67
3.33
0.0
-2.0
7.33
-7.0
-1.33
-4.33
4.0
8.0
1.67
3.33
2.67
1.0
0.0
1.33
5.0
-0.67
2.33
-7.67
2.33
3.67
1.33
4.0
12.67
3.67
-3.0
4.33
0.33
6.0
1.0
1.67
4.0
-1.67
3.33
-5.33
-2.67
7.0
0.33
-7.33
-8.33
2.0
5.0
-5.67
6.33
-4.33
6.67
0.0
-0.67
0.67
3.67
1.0
2.33
-0.67
0.33
0.33
-4.67
-9.0
-0.67
4.67
-0.67
2.67
-0.33
-5.33
-3.67
-8.0
-5.67
-8.67
7.0
7.0
1.67
0.0
-6.67
-6.0
-3.67
0.0
3.0
-4.67
-1.33
-3.67
-2.0
-1.67
0.67
5.0
-0.67
-5.0
0.67
-0.67
-2.67
4.67
2.33
-6.0
2.67
-8.33
0.67
-1.0
4.67
0.33
-1.67
8.33
3.0
2.67
-0.33
-2.33
2.33
1.33
7.67
-3.67
3.0
-1.0
3.33
-2.67
0.33
-1.33
3.0
-5.0
2.67
-4.33
0.67
7.0
-6.67
1.67
-0.33
-1.33
5.0
3.0
3.67
6.33
-3.0
-2.33
-1.0
0.0
-4.0
9.33
0.67
-1.0
6.33
0.67
0.67
7.67
1.67
0.33
3.0
2.33
-0.33
-2.67
-0.33
-3.67
-3.67
5.0
2.67
-0.33
2.33
-2.33
-2.0
-3.0
-1.0
-1.0
-0.67
-2.67
-1.33
1.0
-1.67
-3.33
-6.0
-5.67
-8.33
5.33
-5.33
-4.0
-1.67
5.0
4.0
6.67
-4.0
-1.33
1.0
2.0
-9.33
4.0
3.33
-0.33
3.67
-3.33
2.33
-5.33
-4.67
3.67
-1.67
1.0
-1.33
-4.33
-4.0
4.67
2.67
1.67
7.0
1.0
2.0
-0.33
0.67
3.33
-0.33
1.33
7.33
-3.67
5.33
0.67
-4.33
-0.33
-0.67
-0.33
1.0
-2.33
-4.67
0.0
-2.33
3.33
-1.67
-5.33
2.0
1.67
0.33
-2.0
-0.67
-0.33
-2.33
-0.33
-1.0
4.67
5.33
-3.67
0.33
2.33
-0.33
-4.0
3.67
3.0
-4.67
1.67
-7.67
-2.33
0.33
-4.0
1.67
-4.67
0.67
1.67
1.67
-1.67
4.67
-2.33
-0.33
4.0
-4.67
-3.33
-2.67
1.33
3.67
2.33
-4.0
-3.0
2.33
-5.67
6.0
2.33
-3.33
-4.0
2.0
-3.67
-0.33
0.33
2.33
1.0
0.0
-1.0
3.67
5.33
2.33
3.67
-3.33
-1.0
-4.0
-4.67
-1.0
1.67
-6.33
5.33
0.33
-0.67
0.33
1.67
-1.0
-0.33
1.33
-0.33
0.67
-0.33
-1.0
-2.0
-7.33
2.67
2.33
2.0
3.0
2.33
1.0
-2.0
1.0
0.67
-0.33
0.67
-4.0
-2.67
0.67
-1.33
5.0
-4.0
0.0
