0.0
-94.33
-66.0
-144.67
-66.0
-159.33
-175.67
-93.67
-100.67
-96.67
-67.33
-166.33
-21.0
-73.33
0.0
-31.67
18.67
-34.0
6.33
-23.33
7.67
12.0
-2.0
-18.33
-6.33
1.0
-3.67
-13.0
2.33
-3.67
1.67
0.67
0.33
4.33
3.33
-1.67
-2.0
-1.0
4.0
1.0
0.0
0.67
-0.33
0.33
-0.33
0.67
-0.33
1.67
0.33
0.0
3.0
0.0
-0.33
0.0
0.33
-0.33
-0.67
1.0
0.67
0.67
0.0
-1.33
-0.67
-0.67
-0.33
-0.33
-0.33
-0.67
-0.33
-0.33
0.67
-1.0
-1.0
0.67
0.0
1.0
-0.33
0.0
0.0
-0.33
0.67
-0.67
0.0
-0.33
-0.67
1.33
-0.67
-0.33
0.0
-1.33
-0.67
2.0
-0.33
-1.33
-0.33
0.33
-1.33
0.0
2.0
0.67
2.67
2.33
-0.33
1.0
1.33
-0.33
-1.0
1.33
2.33
-0.67
-1.0
0.33
-2.0
1.0
-0.33
0.0
-1.33
0.67
3.33
2.67
0.33
-1.33
-1.33
4.33
2.33
-0.33
1.33
3.0
-0.67
3.0
3.33
-0.67
2.0
1.0
5.0
4.67
1.33
0.67
-6.0
6.0
-1.67
-3.0
-1.33
3.0
2.33
3.0
4.0
-1.0
-1.33
2.33
-3.67
4.67
5.33
4.33
9.67
9.33
0.33
2.0
0.33
2.67
3.0
3.67
-2.33
4.33
3.0
3.0
-1.0
9.0
4.67
3.67
1.0
2.33
5.0
0.33
-1.67
2.67
5.0
-2.67
-0.33
-0.67
0.67
7.33
7.67
-2.0
7.67
-1.0
3.33
3.33
9.33
3.33
2.33
11.0
0.0
0.33
7.0
4.67
-1.67
5.33
2.33
2.33
5.67
3.33
0.33
-0.33
14.67
7.33
4.67
3.67
-5.33
8.33
2.67
1.33
-3.67
3.33
5.33
5.0
1.33
2.0
1.67
-0.67
3.33
-2.0
7.67
1.67
10.67
0.67
7.33
3.0
5.33
0.33
8.33
3.67
-1.33
0.0
-0.67
-1.0
3.0
5.67
6.0
5.33
-3.33
1.67
3.67
-1.67
1.67
7.33
4.67
1.33
0.33
2.33
6.0
3.33
6.0
-1.0
14.0
-2.0
-1.33
8.67
2.33
5.33
4.33
0.67
-1.33
4.67
-5.67
-0.67
2.67
3.0
-0.67
-0.33
8.0
0.67
-2.0
3.67
4.33
-0.33
9.33
1.67
6.33
10.67
4.33
10.33
1.67
7.33
3.67
-1.33
4.0
5.33
7.33
7.0
-3.0
2.67
1.0
-1.33
-1.0
0.67
-1.67
3.67
0.67
-1.0
7.33
0.0
0.0
12.33
-1.0
4.33
13.0
-1.67
7.0
4.0
3.67
4.33
1.33
2.0
7.33
-1.33
3.33
4.67
1.67
0.33
9.0
6.33
0.33
-2.67
9.33
4.33
7.67
-3.0
4.0
10.0
1.33
3.0
-0.33
10.33
4.33
-0.67
3.0
-1.0
2.67
2.67
-0.67
6.33
3.0
6.33
-2.0
0.33
-4.33
8.0
0.33
6.0
2.0
2.33
2.33
2.0
1.67
-2.0
0.67
-4.67
-1.33
3.0
2.67
-0.67
4.0
10.67
-0.67
4.0
3.0
-2.0
1.67
-1.33
-2.33
8.33
0.67
-1.0
4.67
4.33
-4.67
-1.33
4.33
11.0
6.0
-0.33
4.67
5.33
5.0
3.67
9.0
2.67
4.0
5.67
7.67
-0.33
0.67
4.67
5.67
4.67
0.33
8.0
9.33
-1.33
4.33
5.0
-2.0
5.0
0.67
6.0
3.33
3.33
0.0
-0.33
3.67
1.33
2.33
3.0
5.0
5.33
-1.67
0.0
5.0
2.67
6.67
-0.33
-3.67
-3.67
1.67
2.0
-3.67
0.33
-1.33
-1.33
2.67
2.0
3.33
-2.33
-1.33
-1.33
2.67
0.0
5.67
3.33
0.67
1.0
-2.33
7.33
1.0
2.33
0.33
-1.67
0.67
0.33
-1.0
1.33
6.67
3.0
-1.0
0.33
-0.33
5.33
-3.67
2.67
5.67
4.67
0.33
-1.67
5.0
0.67
6.67
6.33
-3.0
-1.33
5.33
0.67
6.0
3.67
-4.0
2.67
10.67
4.67
0.0
3.0
-3.67
3.0
2.33
-5.0
3.0
-1.0
-1.0
8.33
-1.67
-1.33
0.33
1.33
4.67
-0.67
2.33
-0.33
5.0
0.33
2.0
4.0
0.33
3.33
0.33
-2.67
2.0
1.0
-3.0
0.0
4.0
-1.0
3.0
6.67
-0.33
4.67
3.0
9.33
1.0
4.0
4.67
-1.33
-3.0
2.33
1.33
5.67
-0.67
0.0
3.67
-2.0
-2.0
3.67
2.33
2.33
-0.67
0.67
5.0
1.33
2.67
4.67
-3.67
5.0
2.33
-0.33
-2.67
4.33
1.33
3.33
-2.33
3.33
1.67
1.0
3.67
-2.67
3.67
2.67
2.67
1.33
-1.67
7.0
-1.33
4.33
0.33
-3.67
-1.0
0.0
3.0
0.33
2.67
-1.33
0.67
2.33
0.0
6.67
4.33
1.67
-3.67
3.33
-2.0
4.33
-1.67
1.33
3.67
2.0
4.33
0.0
1.67
6.33
3.33
-0.33
-1.33
-0.67
2.33
-2.0
-1.33
2.33
-2.33
6.0
-1.0
6.67
5.67
-1.33
2.33
-0.67
-1.33
-1.0
0.33
0.67
-0.67
-0.33
1.33
-0.33
-0.33
2.33
-3.33
-2.67
1.67
-2.33
2.0
2.67
0.0
0.33
0.33
0.67
0.33
4.33
3.67
4.67
1.33
1.67
0.67
1.0
1.0
-2.67
0.33
4.33
-3.0
1.33
-4.33
-0.33
4.33
5.0
-0.33
3.33
-3.0
0.67
-1.0
-0.33
-1.67
-1.67
0.0
1.67
3.0
2.33
3.0
1.67
2.0
-1.33
-0.67
-2.67
-1.67
0.33
2.33
1.0
5.33
0.0
-3.33
-1.33
-1.33
2.67
-1.0
-0.33
0.33
-0.67
-2.67
2.0
-2.0
3.33
3.67
2.0
0.33
-0.67
-3.0
3.67
-2.0
0.0
3.33
3.0
3.33
-2.0
3.67
-0.67
-1.0
2.0
-1.0
-2.33
-3.67
-2.33
-2.0
-1.67
-3.0
2.33
3.33
-1.0
0.67
-1.0
0.0
1.33
-0.67
-2.33
-0.33
1.67
-4.33
1.33
-2.0
0.67
-1.0
2.0
0.33
0.0
4.0
-2.67
-1.67
0.0
2.33
-1.33
1.33
0.67
-0.67
3.33
-5.67
4.33
4.33
-2.67
-1.67
6.33
-6.67
2.67
2.33
-1.0
0.0
-3.0
0.67
2.0
-3.67
1.0
3.0
-1.33
4.33
-4.0
3.33
-2.0
1.67
7.0
4.33
4.0
-0.33
1.67
-0.33
5.0
-2.33
2.67
-0.33
1.0
8.33
-0.67
-2.33
1.33
-3.0
-1.0
3.0
1.0
-3.33
-1.33
1.33
5.67
8.0
3.33
-4.33
-2.33
-1.0
0.33
0.33
-7.0
-0.67
0.67
0.0
2.0
-0.67
0.67
-0.33
4.0
0.67
2.0
-4.33
-2.0
1.67
-0.67
5.33
2.0
-3.0
-4.67
3.0
0.67
-1.67
0.0
1.67
-1.33
0.0
0.67
-2.33
7.33
6.0
-1.67
4.33
-6.0
-4.0
5.33
1.0
10.67
4.33
1.33
7.67
3.67
0.33
0.33
8.33
0.33
6.0
6.33
0.0
0.0
5.0
6.0
7.33
3.33
3.33
-1.0
-2.67
1.33
1.0
-4.33
8.0
0.67
0.67
9.67
0.33
1.67
0.0
-2.67
6.0
6.33
4.0
3.0
1.0
0.0
2.33
-2.33
4.33
0.33
7.33
8.33
7.67
5.67
-1.0
2.0
8.0
6.0
-1.0
4.67
2.33
0.0
1.0
5.0
-2.33
10.0
6.67
1.33
3.33
5.33
4.0
1.0
4.67
1.67
-0.67
5.67
5.0
10.67
4.33
7.0
1.67
6.0
8.0
1.33
5.67
2.0
5.67
-1.0
8.33
2.0
5.0
8.33
3.33
0.0
9.0
-1.33
7.67
11.33
8.67
4.67
12.0
1.67
4.33
5.0
-1.33
4.67
4.67
13.33
8.33
5.0
3.0
-0.67
4.0
11.0
8.0
7.0
7.0
13.67
13.33
21.33
19.33
25.0
48.0
49.0
37.33
36.67
44.67
52.0
64.33
68.33
74.67
82.33
72.67
74.33
79.0
51.0
60.0
84.33
59.33
63.67
54.0
38.33
57.0
25.67
22.0
28.0
21.67
7.0
16.33
9.67
13.33
13.33
20.67
3.0
7.67
8.67
6.33
9.0
8.0
4.0
10.33
13.0
8.67
9.33
9.33
16.33
9.0
6.0
13.0
8.67
18.33
14.0
18.67
8.33
21.0
9.33
24.67
8.33
19.33
21.0
17.0
24.67
9.67
30.67
13.67
24.0
24.33
21.67
2.33
9.67
25.0
11.33
12.67
6.67
12.33
3.67
15.67
3.33
16.33
7.67
8.0
16.0
6.67
2.33
8.67
11.67
11.33
3.33
12.67
19.33
24.0
16.33
7.33
11.0
7.67
-1.33
17.0
19.0
21.67
27.0
20.33
16.67
15.0
20.67
13.33
17.67
26.67
22.0
4.33
12.0
24.0
17.33
21.67
13.0
13.33
25.67
29.67
31.0
28.0
25.0
28.0
30.67
34.33
19.33
41.67
33.33
45.33
31.67
38.67
55.67
52.33
47.67
50.0
42.33
53.33
57.67
42.0
49.33
57.67
58.33
54.0
60.67
54.0
37.0
57.33
59.67
46.67
41.33
39.0
60.67
54.67
39.67
46.0
25.67
27.67
37.67
28.67
26.0
30.67
26.33
23.33
18.0
30.0
27.67
17.0
26.0
17.33
25.33
21.33
28.0
18.67
14.67
32.33
25.0
17.0
16.0
26.67
-1.0
14.33
15.67
4.33
6.33
6.33
12.0
5.67
16.67
10.67
12.33
22.67
12.67
10.0
10.67
8.33
17.0
2.33
8.0
9.33
13.67
13.0
16.67
12.0
10.33
3.67
26.33
12.33
11.0
17.0
9.0
10.0
14.33
6.0
8.33
19.33
10.0
11.0
22.33
14.67
26.33
18.33
16.67
27.0
17.0
19.33
29.33
14.0
16.0
28.33
18.0
25.67
6.33
14.0
35.33
14.33
12.0
5.67
15.67
8.0
19.33
11.67
7.0
9.33
13.33
7.0
23.0
15.33
17.67
-3.67
12.0
15.0
20.0
17.33
23.67
37.0
39.67
30.33
50.0
49.0
29.67
36.0
52.67
48.33
62.33
59.67
83.0
76.67
79.67
91.33
89.67
88.33
93.33
86.67
68.33
72.33
71.33
77.67
47.33
59.67
68.33
58.0
39.0
41.67
31.0
26.0
30.0
33.0
38.0
27.67
24.67
28.0
10.0
27.33
20.33
22.0
22.67
28.33
21.33
27.33
20.33
19.67
23.67
30.67
15.0
28.0
30.67
40.0
50.0
35.33
44.0
34.67
52.33
29.33
40.33
54.0
43.33
51.67
55.67
43.67
56.33
60.0
68.67
49.0
59.0
53.33
69.0
65.0
55.0
47.0
61.33
51.67
41.33
45.0
25.33
29.67
27.0
37.0
30.33
21.0
13.33
20.33
18.33
23.33
20.33
24.33
13.0
9.0
11.0
21.0
20.67
13.33
7.33
6.67
11.67
8.33
13.0
18.33
15.67
15.33
2.67
7.33
-7.33
12.33
10.67
-1.0
13.33
1.67
14.67
13.0
4.67
6.0
15.33
1.0
9.0
0.0
10.33
4.67
16.0
13.0
14.33
3.33
14.0
7.33
11.33
15.67
19.67
16.67
7.0
6.33
17.33
12.0
7.33
20.67
23.67
19.67
18.0
15.67
22.0
29.67
25.67
27.0
22.67
26.33
36.33
35.0
34.0
26.33
13.33
31.33
31.0
12.33
27.0
23.33
23.0
34.67
25.33
15.33
15.0
23.0
13.67
12.67
25.0
23.67
21.67
8.67
15.67
11.0
12.67
30.67
10.33
25.0
26.67
6.33
11.0
4.33
23.67
28.0
30.67
19.33
27.33
16.67
26.67
27.67
21.33
13.33
17.33
13.33
27.33
9.67
12.0
7.0
21.33
16.0
26.33
18.0
13.0
16.0
15.0
5.0
1.33
14.0
12.33
4.33
7.33
6.33
17.33
15.67
14.0
14.0
8.67
21.67
15.67
10.67
8.0
15.33
17.0
7.0
9.0
7.0
15.0
7.0
13.33
18.0
5.67
8.0
16.33
3.0
11.0
14.67
4.67
13.33
7.67
17.67
19.0
8.67
1.33
17.67
8.33
7.0
5.33
15.33
11.0
6.33
22.33
11.33
14.67
7.67
6.67
3.33
17.67
5.67
8.67
16.33
8.33
6.67
13.33
2.33
5.33
10.0
-4.33
13.67
2.33
5.67
13.33
-0.33
14.33
0.67
5.0
19.0
-1.67
18.0
-2.0
1.0
18.0
3.0
9.33
6.33
4.67
2.67
0.0
2.67
13.0
8.33
-5.0
6.33
4.33
19.0
5.0
7.67
13.0
1.0
9.0
2.33
6.0
7.33
11.33
9.67
18.0
9.67
-8.0
0.67
19.0
15.0
0.0
3.67
7.0
1.0
9.33
12.0
-0.33
4.33
-7.0
10.0
7.0
2.67
4.0
4.67
6.33
10.0
-8.33
2.33
9.33
7.0
10.67
16.0
6.67
6.0
-3.33
6.67
5.33
-5.0
4.0
-1.33
10.0
10.33
9.67
14.33
8.0
21.67
14.0
7.0
12.0
11.33
7.67
13.33
14.67
16.0
6.0
10.33
2.0
9.67
17.67
8.67
-7.67
4.0
9.0
13.33
8.33
5.33
18.33
8.0
1.67
11.67
31.67
15.67
6.67
8.0
10.67
22.67
8.67
10.33
14.0
15.33
16.0
15.33
2.0
15.33
14.33
10.67
13.67
8.67
11.0
12.0
13.0
18.67
9.67
7.33
13.33
4.33
19.67
10.67
9.33
2.0
20.33
3.67
-1.67
25.33
9.33
10.33
2.0
10.33
7.67
-2.33
15.0
3.67
12.0
11.33
-2.0
8.67
9.67
8.33
8.0
18.67
8.0
-7.33
5.0
19.67
15.67
14.0
-2.67
-3.33
20.0
13.0
3.67
5.33
8.67
-3.0
2.67
19.0
13.0
5.0
-1.67
0.67
-0.67
5.67
7.0
17.67
7.0
6.33
6.33
16.67
20.0
6.33
14.67
16.33
13.33
4.67
8.33
8.33
13.33
7.33
12.0
1.0
9.33
-4.33
9.67
-1.33
-6.67
6.67
9.33
-2.33
7.33
-0.33
13.67
6.33
6.33
5.33
10.33
2.0
5.0
-0.33
6.0
-9.67
8.67
8.67
4.0
-0.67
-0.67
7.67
5.33
3.33
13.33
7.0
5.67
9.67
0.67
5.67
10.67
7.0
8.67
-1.67
-1.0
13.67
2.67
-2.33
1.67
10.67
5.67
9.33
15.0
-3.33
18.67
3.33
2.0
-5.33
-2.67
2.67
9.0
5.0
6.0
-7.33
-2.33
-0.67
10.67
-2.0
2.33
-4.0
1.33
-3.67
2.67
0.0
3.33
-4.0
4.67
6.0
-1.33
-2.33
2.33
-1.33
8.33
2.0
5.33
1.67
8.33
8.0
-2.33
7.67
-1.33
10.67
1.33
3.0
-2.0
13.0
4.33
15.33
-10.0
1.0
-2.67
3.0
6.67
4.67
6.0
-2.0
13.67
8.33
3.67
0.0
12.0
-1.67
-1.0
8.33
6.33
13.33
10.33
12.67
-6.67
3.0
8.67
4.67
3.0
2.33
6.33
4.0
-2.0
8.67
5.0
2.33
-3.67
0.67
13.33
1.0
6.33
2.67
-9.33
11.0
9.0
11.33
3.33
2.67
2.67
10.0
-3.67
11.67
-0.33
9.0
2.33
6.33
-1.67
5.33
-5.67
3.0
5.33
13.67
14.33
4.67
5.67
4.67
7.33
3.0
5.33
-2.67
3.0
8.0
-1.33
4.0
9.33
-2.0
5.33
-3.0
4.0
1.33
-0.33
4.33
9.0
10.33
-4.33
3.0
-2.67
1.0
5.67
8.33
1.33
9.67
4.33
14.0
-1.33
3.67
-4.33
11.0
6.67
-6.67
-5.67
9.33
-2.0
4.67
0.67
3.67
-1.67
5.33
8.67
14.33
13.0
4.0
7.33
-0.67
10.33
5.67
5.0
4.0
4.67
2.67
-2.33
14.0
6.33
1.67
6.67
5.67
8.0
2.0
5.67
6.33
11.0
10.67
-8.0
1.0
0.0
4.33
0.67
-3.0
-2.67
11.67
3.67
9.67
1.67
-3.67
5.0
2.33
1.67
6.33
11.67
4.33
6.33
7.0
3.67
5.67
-0.67
7.67
8.0
0.0
7.0
1.0
0.33
-1.67
2.67
6.0
7.33
-2.33
-1.0
-2.67
0.67
4.33
8.67
-4.0
4.33
-1.0
7.0
1.67
-4.0
1.67
11.0
5.0
2.67
6.0
4.33
2.67
5.67
3.67
4.33
-4.33
-3.67
-1.33
-3.67
4.0
12.67
2.67
0.0
2.67
4.67
3.67
2.0
-3.0
5.0
-5.33
6.67
9.33
-4.33
0.33
2.33
-1.67
9.33
2.67
-6.33
2.67
0.33
-2.33
-7.0
3.67
-4.67
1.0
3.67
8.33
7.33
7.67
4.0
5.67
3.33
3.0
5.33
-5.33
-2.33
-0.33
0.0
7.67
8.33
-0.67
7.33
5.33
4.67
4.0
-3.33
10.0
-2.67
0.67
3.33
-2.33
0.33
6.0
-3.33
2.33
-2.33
1.67
1.67
0.33
-2.33
-1.33
6.67
4.0
1.33
2.67
13.33
3.33
-0.33
6.33
-2.0
-6.0
3.33
0.33
-2.0
-0.67
4.67
1.0
7.0
6.33
-2.33
8.33
7.33
-1.0
8.0
0.0
3.67
-0.67
3.33
5.67
-7.33
7.0
-7.0
-6.67
1.0
6.67
-1.33
0.33
-0.67
0.33
3.33
-0.33
-2.0
0.67
-0.67
-3.33
0.67
7.67
2.0
2.0
0.67
-4.33
-0.67
4.0
-1.0
2.33
4.0
-5.0
-5.0
5.67
6.67
5.67
-1.0
0.33
5.67
-4.33
-1.0
-8.0
2.0
