0.0
-34.33
-84.0
-10.67
56.0
-54.33
-75.67
-91.67
-83.67
-56.67
3.67
-65.33
-52.0
-19.33
50.0
-34.67
23.67
-13.0
-0.67
-23.33
-3.33
18.0
12.0
-19.33
-8.33
10.0
-8.67
10.0
-15.67
4.33
0.67
-4.33
-2.67
-2.67
3.33
-0.67
2.0
-1.0
1.0
-1.0
0.0
0.67
0.67
0.33
1.67
0.67
-0.33
-0.33
-0.67
0.0
0.0
0.0
-0.33
1.0
0.33
0.67
0.33
0.0
0.67
-0.33
0.0
-1.33
0.33
0.33
-0.33
-0.33
1.67
-0.67
-0.33
-0.33
-0.33
-1.0
-1.0
1.67
1.0
0.0
-0.33
0.0
2.0
-0.33
-0.33
0.33
0.0
-0.33
-0.67
-0.67
-0.67
-0.33
1.0
-1.33
0.33
0.0
-0.33
-1.33
-1.33
1.33
0.67
0.0
1.0
-0.33
1.67
1.33
-0.33
-1.0
0.33
4.67
1.0
-0.67
2.33
-2.67
-1.0
-0.67
1.0
-2.0
0.67
-2.0
-1.33
-2.33
0.33
-0.33
-1.67
-2.33
-0.33
2.33
2.33
2.67
1.33
0.0
2.33
2.0
0.33
0.33
0.0
0.0
6.0
0.67
9.33
3.67
2.0
1.0
1.33
1.0
0.67
5.0
2.33
-3.0
3.0
5.0
-3.33
5.33
1.33
0.67
1.33
-1.67
5.67
5.33
6.33
2.0
4.33
4.67
4.0
2.67
2.67
4.33
-2.0
-3.0
-5.0
0.0
3.67
1.67
8.0
0.33
6.0
-5.67
1.33
5.67
8.0
2.33
3.67
3.33
5.67
5.33
10.67
2.0
-1.33
-2.0
3.33
5.33
0.33
7.33
8.33
7.0
-1.0
3.33
5.0
8.67
4.33
2.33
10.33
9.33
-1.33
-2.67
2.33
1.67
4.67
-1.67
4.67
-0.33
6.67
2.33
1.67
6.33
0.33
6.33
4.33
3.0
5.33
2.0
1.67
-1.67
-4.67
3.0
9.67
11.67
2.67
-3.33
6.33
0.0
3.33
-1.67
2.33
-5.33
0.67
2.0
-0.67
6.0
3.0
1.67
-1.0
2.33
-0.33
3.67
7.67
-0.67
1.67
14.33
0.67
-1.67
2.33
4.33
8.0
1.33
2.0
5.0
6.0
-1.0
5.67
7.67
3.33
0.33
1.33
4.67
1.67
-0.33
2.33
1.33
4.67
-2.0
-3.67
2.67
3.0
-0.33
8.0
8.67
1.33
-2.33
6.33
-0.33
-4.67
1.67
5.33
-1.67
-1.33
7.33
8.67
6.67
2.0
-1.67
6.33
2.0
5.0
0.67
-1.0
7.67
-1.0
7.67
6.33
2.67
3.67
2.0
4.33
0.0
10.0
3.33
-6.0
4.33
4.0
-1.67
1.0
2.0
2.67
4.33
-9.67
-1.0
5.33
1.67
2.33
-5.33
3.67
1.33
7.0
-1.67
1.33
9.33
5.33
3.33
-1.33
-3.0
1.0
2.0
2.33
2.0
3.67
2.33
-0.67
1.33
7.0
-2.0
-2.33
0.67
4.33
0.33
3.0
5.33
3.0
-1.67
-1.33
0.0
1.33
-1.0
4.0
1.33
1.33
-2.0
3.67
3.0
-3.33
5.33
4.67
1.0
4.67
-0.67
-3.0
4.67
4.33
-1.0
7.0
2.0
2.67
-2.33
0.67
-0.67
0.67
2.0
-4.33
2.33
-5.67
1.67
-2.67
0.0
-2.0
6.67
1.67
4.33
0.0
4.67
3.0
-0.33
6.0
-1.33
9.67
-0.33
1.67
5.67
5.67
-1.33
0.33
1.0
2.33
0.67
2.33
4.0
0.0
4.0
-0.33
4.0
-0.67
7.33
1.0
-2.33
0.67
1.33
1.33
0.0
2.0
6.33
0.33
-1.0
2.0
2.67
1.67
5.67
0.33
-0.67
-7.33
-7.0
0.33
6.33
-3.33
-4.33
-0.33
-3.0
-0.67
2.67
5.67
2.67
3.67
1.0
0.67
5.33
1.67
2.0
0.67
3.33
4.0
-0.67
1.33
1.33
2.67
-0.67
2.0
9.33
-0.33
0.0
7.0
1.33
-1.33
5.33
-0.67
-1.33
-0.33
3.67
1.33
-1.67
5.0
2.67
-2.33
2.33
5.0
-0.33
0.33
3.67
1.0
0.67
0.0
3.67
1.67
1.67
1.0
1.0
-0.67
-2.0
3.33
-2.0
1.0
3.0
-1.0
8.33
2.33
-0.33
9.33
6.33
5.67
1.33
-3.67
3.67
0.0
4.33
2.0
4.0
7.33
7.33
0.33
2.33
3.0
-3.0
-4.0
2.0
0.0
-1.0
6.0
-2.33
-3.33
2.67
-4.0
-0.67
0.0
-2.0
0.67
0.67
-1.0
-0.67
5.33
3.67
5.33
4.0
-1.33
3.0
-2.0
2.67
-1.67
-1.67
1.33
-1.33
5.0
-3.67
4.67
0.67
-1.67
-1.0
4.33
-2.33
-2.67
1.33
-3.67
0.33
0.67
-0.67
1.67
0.0
-1.33
-1.67
1.67
1.67
1.67
-3.67
-2.67
2.0
2.67
0.33
-1.67
1.33
1.0
2.0
6.0
-2.67
1.67
-1.33
-0.33
2.33
1.0
3.67
-2.67
0.67
-1.67
1.33
3.0
0.33
0.33
0.33
3.67
-2.0
-1.67
-1.0
7.67
-2.67
0.33
2.67
-0.33
-0.67
-1.67
-1.0
2.67
-0.67
-1.33
1.0
-2.0
4.67
3.67
-2.33
2.33
3.33
-0.33
-2.0
0.33
1.67
-0.67
5.67
7.33
4.67
4.67
1.33
-5.33
3.33
1.67
3.67
-5.0
6.67
0.0
-3.67
4.33
4.67
0.33
1.33
-1.33
2.67
0.33
2.67
0.67
0.0
5.0
1.33
0.33
1.33
1.0
-1.67
-4.33
2.67
1.33
-1.0
-0.33
-1.67
0.0
0.67
-1.0
-1.33
-0.67
-2.67
0.0
0.67
-2.0
-2.67
3.0
-0.33
-5.0
-3.33
-1.67
1.33
0.33
-0.67
0.33
-1.0
-0.67
-1.0
2.67
-1.33
0.67
1.67
2.0
0.67
-1.67
5.33
-1.67
1.0
-1.0
-2.67
5.67
-1.0
-2.67
-0.67
1.0
-2.33
2.0
0.0
3.33
4.0
3.33
-3.0
-1.33
-0.67
1.0
3.0
5.0
-1.33
-1.67
-2.33
-1.0
1.33
0.0
0.33
-1.67
1.0
2.67
-2.0
4.0
4.33
3.33
0.67
1.67
0.67
-0.33
-0.67
-1.0
2.67
-1.0
8.0
1.33
-5.0
2.0
-4.67
4.33
1.0
-4.67
1.67
-0.67
7.67
-0.67
0.33
1.33
1.33
5.33
0.33
-0.67
1.33
-5.67
0.67
-1.67
1.0
8.0
2.0
2.67
0.0
-2.67
-1.0
4.0
1.67
3.33
2.0
-4.67
-6.0
0.67
2.0
0.33
4.0
0.67
5.67
4.67
4.0
-2.33
6.67
0.67
0.0
1.33
1.33
-1.33
5.33
6.0
2.0
8.0
-5.0
-0.33
2.67
-6.67
0.67
-4.0
-0.67
-5.33
-0.33
2.0
4.33
6.33
-1.0
4.33
0.67
-1.0
3.0
-2.67
0.67
-2.33
0.0
8.67
2.0
8.67
-2.0
0.67
8.33
2.33
-2.0
-5.0
-3.67
3.0
3.67
1.33
1.0
8.67
2.67
-3.0
3.67
-4.33
8.33
1.0
-3.67
5.33
8.0
2.0
6.33
6.0
-0.33
-3.67
2.33
5.67
6.67
2.33
7.33
4.33
-2.67
4.0
2.33
4.0
-1.0
3.0
5.0
5.33
4.33
1.33
8.0
0.33
3.33
9.0
1.67
-1.0
0.67
0.67
4.67
5.33
1.67
-2.0
13.33
7.0
2.33
3.0
6.0
-2.0
3.0
3.33
5.67
2.33
9.33
7.33
3.33
5.67
7.67
-7.0
7.0
1.0
2.0
-2.0
11.67
4.33
4.0
9.0
9.0
4.67
6.0
-2.33
2.33
3.33
1.33
0.0
2.0
2.67
7.67
2.33
0.67
12.0
16.67
11.33
10.0
8.67
5.0
4.0
-0.67
1.67
-1.0
9.67
10.0
2.33
5.0
6.0
8.33
7.33
15.0
11.0
10.67
6.67
4.33
7.67
8.67
10.0
1.67
1.33
-1.0
1.67
5.67
5.67
-1.67
-0.67
6.0
4.0
5.33
11.0
14.0
9.0
6.0
7.0
7.67
15.33
8.33
11.33
3.0
10.0
18.0
13.33
9.67
20.67
22.0
23.33
23.33
21.67
18.33
16.67
24.33
15.0
5.0
22.0
19.33
22.33
22.67
24.0
28.33
10.0
5.67
17.0
19.0
9.67
16.0
23.33
14.67
12.33
11.33
11.67
5.0
3.67
1.67
4.33
8.0
8.0
6.0
7.33
8.0
17.67
16.33
11.33
13.33
9.0
3.0
12.0
17.67
16.33
28.0
22.67
34.33
29.0
31.33
35.67
24.33
32.33
33.0
40.0
29.67
27.67
17.67
25.67
33.0
15.33
28.67
26.33
9.67
22.0
27.33
17.67
12.67
11.33
1.67
14.67
14.33
5.33
13.67
6.0
18.0
9.67
9.33
7.67
10.67
5.33
10.33
1.67
12.33
11.0
6.33
13.33
13.0
18.67
8.67
21.0
26.0
20.67
13.0
16.33
11.67
12.0
16.67
16.33
11.67
13.67
21.0
14.33
12.0
6.0
23.33
22.67
24.0
14.33
26.67
28.67
40.0
33.0
49.0
44.0
35.67
57.33
49.33
67.67
57.33
77.33
42.67
37.67
47.67
47.33
48.67
30.0
39.33
51.33
38.67
30.0
35.33
30.67
22.33
33.0
32.67
21.0
27.0
26.33
15.67
26.67
23.33
23.0
30.67
22.67
26.67
34.0
30.67
29.67
34.67
40.67
49.0
39.67
43.33
50.33
43.0
58.0
45.67
45.0
46.0
50.33
44.33
22.33
29.0
23.67
21.67
19.33
28.0
8.0
18.0
17.67
12.0
16.33
14.67
0.33
8.33
14.33
17.0
11.67
8.67
7.67
-0.67
10.67
13.67
10.0
11.67
5.33
15.0
8.33
9.0
0.33
5.67
14.0
4.67
9.0
23.33
7.67
26.33
7.33
0.0
18.0
19.0
9.0
17.33
16.0
13.33
17.33
20.0
26.0
12.33
18.67
18.33
4.33
10.67
31.0
12.0
20.33
14.33
16.0
17.0
29.33
13.0
18.67
16.33
5.0
6.33
16.33
7.0
8.67
8.67
16.0
14.33
17.67
8.0
14.33
10.33
15.0
7.0
18.33
5.67
5.33
16.0
5.0
28.0
23.33
30.67
31.0
41.67
34.33
44.0
75.0
67.67
51.0
77.67
61.33
87.33
51.67
60.0
68.67
73.67
61.33
82.67
70.33
77.33
63.67
33.33
57.33
61.33
50.67
44.33
53.67
40.33
50.0
58.0
32.67
39.0
29.0
33.0
21.0
13.0
19.67
29.67
27.0
14.0
18.33
21.33
17.0
22.67
15.33
20.33
14.33
30.33
14.67
31.67
27.67
17.0
33.0
32.67
38.0
22.0
21.33
31.0
33.67
29.33
31.33
31.33
43.0
49.33
39.67
34.67
39.67
50.33
40.0
61.67
49.0
49.0
46.33
48.0
43.0
34.0
33.0
32.33
21.67
32.33
24.0
25.33
21.67
26.0
21.0
35.33
33.0
17.33
17.33
22.33
21.33
14.33
26.33
20.0
16.0
13.0
17.0
30.67
23.33
23.33
23.67
9.67
26.33
14.0
20.33
12.67
15.33
11.67
12.33
2.67
1.33
9.67
2.0
14.33
22.67
5.67
12.0
4.67
8.0
3.33
7.0
8.0
11.0
11.33
9.67
13.0
5.0
12.33
9.33
13.0
18.33
28.33
22.67
9.67
14.67
19.0
16.33
20.33
13.0
15.33
20.67
23.67
11.67
25.0
8.67
4.0
8.67
20.67
22.0
20.67
25.33
31.33
19.0
19.0
28.33
37.33
19.33
25.0
18.33
34.0
13.33
11.0
28.67
26.33
41.33
27.0
35.0
14.67
14.67
36.0
17.67
11.67
18.67
10.67
19.0
-0.33
17.67
12.33
31.0
20.67
12.33
28.0
20.33
17.67
12.0
35.67
8.33
13.33
8.67
19.67
21.67
18.33
24.33
22.33
6.33
7.33
12.67
6.0
19.0
14.33
4.0
3.33
18.0
20.0
19.0
2.0
8.0
15.33
21.0
11.33
9.33
-0.67
7.33
2.33
6.67
15.0
16.0
9.67
9.67
12.67
7.67
6.0
14.33
18.0
15.0
9.0
5.0
12.0
14.0
6.33
9.0
9.67
9.0
7.33
19.0
12.0
15.67
13.67
4.33
22.67
14.67
15.0
2.67
8.33
13.67
26.33
8.0
7.33
16.33
9.0
5.33
28.33
4.33
-3.33
14.67
8.67
16.33
3.67
3.67
15.67
16.33
26.33
7.67
13.33
15.33
15.33
10.0
21.67
23.67
13.33
13.67
18.33
11.67
11.33
12.67
16.0
20.0
23.33
14.0
27.0
14.0
3.0
14.0
16.33
0.33
10.67
-1.33
1.0
3.67
20.0
8.33
6.0
5.33
0.33
10.0
3.0
-0.33
6.0
15.0
9.0
2.33
17.0
2.33
3.33
20.67
14.0
11.67
15.0
4.67
10.0
1.0
9.0
2.67
16.0
7.0
4.33
10.0
11.67
7.33
7.0
1.0
9.0
0.67
4.0
9.67
8.33
7.0
-0.33
14.33
-6.67
3.0
8.67
9.0
9.67
7.0
7.67
12.67
1.33
10.0
11.0
0.67
10.0
18.33
17.67
9.33
8.0
3.67
12.0
25.0
13.0
-4.67
-1.33
-9.67
13.67
9.0
5.0
-1.67
4.0
12.67
31.67
8.67
3.33
-6.0
18.0
-11.67
-3.67
12.33
26.33
8.0
5.67
6.67
14.67
17.67
12.67
11.0
5.67
26.67
19.67
20.33
3.0
7.33
18.0
19.33
16.0
15.33
8.33
11.67
11.67
22.67
13.0
12.0
22.0
3.67
0.67
7.33
2.33
19.33
6.67
15.67
23.33
16.0
14.33
8.67
15.33
9.33
18.33
-1.67
10.0
6.33
9.67
18.67
13.0
14.67
12.0
12.33
16.0
20.67
1.67
12.33
14.0
11.67
0.0
3.67
1.0
23.67
4.67
9.0
-3.67
4.67
17.0
6.0
9.67
-3.67
19.67
4.0
9.67
15.0
20.0
1.0
18.33
6.67
7.33
5.67
23.0
11.67
11.0
0.33
6.33
6.67
14.0
2.33
-2.33
11.33
15.33
8.67
9.33
15.33
12.33
13.33
3.0
5.0
9.33
4.67
7.67
2.67
-0.67
6.67
3.33
-2.33
1.33
7.67
5.67
14.33
11.33
9.33
9.33
4.0
5.0
9.67
4.0
-2.67
2.67
4.67
7.0
-6.67
6.33
10.67
-5.67
4.33
16.33
6.0
16.67
2.67
2.67
3.67
6.67
-8.0
12.67
8.33
1.0
5.67
7.67
-1.33
1.67
5.67
12.67
5.33
-2.0
0.67
7.67
8.33
-5.0
3.67
-0.67
0.67
7.0
5.0
1.0
1.67
4.67
-0.67
6.67
7.0
5.33
14.0
0.33
6.33
3.67
-2.0
-2.67
-1.0
8.67
6.0
4.67
7.67
-1.67
-5.33
0.33
3.0
0.33
-3.33
13.33
6.0
-5.33
12.67
4.67
4.67
0.33
7.0
-4.0
4.0
-3.67
-1.67
-5.0
5.0
5.33
3.0
2.67
1.67
9.0
8.0
10.67
9.33
4.67
5.0
1.0
1.33
3.0
-0.67
6.33
13.33
7.33
3.67
3.33
11.0
9.67
6.67
2.0
-0.67
5.33
8.0
3.0
4.67
11.0
6.33
-2.67
-1.33
9.33
8.0
-0.67
0.67
-4.33
-3.0
3.0
1.33
2.33
-10.33
2.67
-4.0
5.33
3.67
2.67
8.0
4.33
12.33
1.33
0.33
10.33
1.0
-1.67
1.67
3.33
1.67
5.67
2.67
2.33
2.0
-6.67
-11.67
7.0
9.0
-1.33
-1.0
2.33
-5.0
10.33
6.0
9.0
4.33
7.67
10.33
-3.0
-0.67
6.67
-1.0
-8.67
10.0
6.67
10.33
7.33
0.67
11.33
1.0
1.67
-4.33
-3.33
10.0
2.67
-2.67
6.33
4.33
3.0
2.67
-1.33
2.67
-3.67
3.33
9.67
2.33
9.0
10.0
13.33
-1.67
6.33
4.67
-3.0
-5.0
7.67
-3.33
-0.33
8.0
1.33
-1.33
2.67
-3.33
7.0
-3.0
11.67
3.33
2.0
-1.33
3.0
3.0
5.0
2.33
-0.33
-4.0
-2.67
5.67
0.67
1.67
1.67
0.33
5.0
-0.67
-3.33
1.33
6.67
9.33
7.33
8.0
2.67
5.67
1.33
12.67
6.0
5.0
-2.0
6.0
8.33
-2.67
4.67
2.0
4.33
0.67
2.0
-0.67
-3.33
14.33
-0.33
-6.0
1.33
8.0
1.0
-6.33
7.0
-4.33
7.0
2.0
1.67
-1.0
4.33
-6.33
8.67
-3.33
1.33
5.67
-0.67
-3.33
5.33
4.0
3.67
-3.33
0.0
0.67
-4.33
-1.33
5.0
-1.0
3.0
-1.33
-2.33
3.33
-4.33
4.33
3.33
-2.67
0.33
1.67
2.67
4.67
-0.67
4.67
-1.0
-3.33
-3.67
1.0
4.67
2.33
-4.67
-0.33
5.0
7.67
-0.67
-5.0
11.33
4.67
-0.33
-0.33
6.0
-3.33
1.33
-2.67
2.33
1.33
-2.33
2.0
4.67
10.0
2.33
-0.33
6.33
3.67
-1.67
-1.0
3.67
-6.67
4.67
6.67
7.67
3.33
1.67
5.67
11.67
4.0
-0.67
5.67
2.33
4.33
0.67
0.33
4.0
3.0
2.33
1.33
7.0
6.33
7.67
-2.0
3.0
-0.67
-1.33
2.33
4.33
6.0
1.0
10.0
12.67
1.33
1.33
6.67
2.67
0.0
-1.0
-3.67
2.0
3.67
-0.33
0.33
4.33
5.33
-1.67
-0.33
-1.0
1.67
-4.67
-2.33
-1.33
0.67
7.0
3.0
-4.33
1.67
-0.67
9.0
-1.0
3.33
-1.0
-1.0
2.0
1.67
6.67
0.67
1.0
0.33
5.67
-3.33
1.0
-3.0
2.0
