0.0
-7.67
-1.33
-7.0
12.33
17.33
17.33
69.33
76.0
-28.0
-10.33
-131.0
-67.33
-55.67
-8.0
15.0
-16.33
-40.67
-4.0
-2.33
11.0
-27.0
23.0
-11.67
-10.0
-13.67
-7.67
-16.33
1.67
-10.67
-3.0
-1.67
3.0
-0.67
-1.0
0.33
0.67
0.0
0.0
-0.33
-0.33
0.0
0.67
0.0
0.0
-1.33
0.0
1.0
-1.33
-0.67
-0.67
-0.33
0.67
0.33
-0.33
-0.33
-0.33
0.0
1.0
1.0
-0.33
-0.33
-0.67
-0.33
-0.33
0.0
0.0
-0.33
-0.67
2.0
-0.33
0.67
-0.33
0.33
0.33
-1.0
-0.67
0.0
0.67
-0.33
-0.67
3.33
-0.33
-1.0
-0.33
-0.33
0.0
0.0
-0.67
0.33
-0.33
-0.67
1.0
-1.0
-0.33
0.67
1.33
-1.0
0.0
1.0
0.0
-1.67
-1.0
0.0
0.67
-1.0
1.0
0.0
-1.0
0.0
0.0
-0.33
0.33
2.67
0.0
0.33
-0.33
5.67
-2.67
-0.67
1.33
0.67
3.33
-1.67
0.33
-0.33
0.67
-0.67
2.0
3.33
0.0
-0.33
1.33
0.33
6.33
5.67
3.33
0.67
-3.33
-1.67
-1.0
8.67
2.33
-1.0
1.0
0.0
1.33
8.33
4.33
7.0
7.33
-0.33
0.0
-3.0
6.67
-4.33
-2.0
0.67
-1.0
6.0
3.0
1.67
11.0
0.67
-3.0
1.33
-0.67
-2.33
-5.33
-3.33
7.33
-1.0
-3.33
5.0
6.67
0.67
2.67
-3.33
6.0
0.33
2.33
14.33
-5.67
-0.67
2.33
-2.67
-2.67
1.33
1.33
-1.67
1.33
7.0
5.33
-3.67
1.33
-0.33
1.33
4.33
-1.67
3.0
-3.0
4.0
4.33
3.33
-3.0
4.33
1.33
2.33
2.67
0.0
1.0
-5.0
4.33
-1.0
1.0
0.0
-1.33
2.33
3.67
6.33
2.33
0.67
3.33
14.0
0.0
2.33
0.0
-5.33
-4.0
1.67
-1.67
4.67
0.33
2.33
6.0
3.33
-1.33
11.67
4.0
-7.33
10.67
1.0
3.67
3.0
5.0
5.0
8.0
6.33
1.0
-0.67
4.0
-2.33
8.33
1.0
-1.0
-1.0
-5.0
13.0
6.67
3.0
3.67
6.67
7.0
5.67
2.67
4.0
9.67
0.67
5.0
5.0
3.67
-2.67
-3.67
-0.67
3.33
1.0
9.67
4.33
6.67
-3.0
3.67
-6.0
0.33
2.67
3.33
4.33
0.33
0.0
5.33
1.0
-5.33
-1.67
-1.33
5.0
6.33
4.33
-7.0
4.67
-1.33
-2.33
-0.67
2.67
1.33
-0.33
-1.0
0.0
-3.0
0.33
5.0
-7.67
1.0
1.67
-0.67
0.67
1.33
0.67
-3.0
8.0
-1.33
1.0
2.0
2.0
-3.67
3.67
-1.67
4.67
-0.67
6.33
6.33
-1.0
2.67
3.67
1.67
-1.0
9.33
-0.33
7.67
9.67
3.0
3.67
0.33
4.33
2.67
1.67
0.67
-1.0
7.67
6.33
-1.0
4.33
6.0
6.0
-4.33
7.33
2.67
-0.67
-2.0
3.67
-1.0
-1.33
7.33
-4.0
-1.33
5.67
-0.33
1.67
3.67
2.67
0.67
0.33
0.33
2.33
4.67
7.0
0.33
-3.0
2.0
-2.0
-1.67
6.33
2.33
1.33
6.67
-1.67
-2.0
-1.33
0.33
-2.0
2.33
-1.33
2.0
5.67
10.0
-2.0
6.0
2.33
-7.33
-2.0
-0.67
-3.0
-1.33
-8.33
-2.33
1.33
-5.0
-4.33
0.33
-9.33
-1.33
-0.67
1.0
2.33
2.33
4.67
1.33
8.67
9.33
2.0
0.67
4.33
-1.67
3.0
-1.33
3.0
-6.0
6.67
8.33
4.33
0.33
-3.0
-3.33
-2.0
3.33
-0.33
-1.33
-1.33
-3.0
-1.33
1.0
4.33
-1.67
-2.0
2.67
1.67
-0.67
4.33
-4.67
-3.33
2.0
4.67
1.0
0.33
2.0
-3.67
-1.33
-3.0
-3.33
0.33
2.33
2.0
-0.67
1.33
4.67
-1.67
2.0
4.67
5.0
2.67
3.0
0.67
-2.67
0.33
3.33
-1.33
-2.0
4.0
2.33
3.0
-3.67
-1.33
1.0
-3.0
2.67
5.67
5.33
-4.67
1.0
-1.33
4.0
-1.0
-0.67
0.67
1.33
-0.67
2.0
1.0
9.67
1.33
3.0
5.0
0.67
2.0
-4.33
1.67
-5.0
0.0
2.67
-2.67
-1.67
3.0
2.67
3.0
0.33
1.67
-4.33
7.33
0.33
-0.33
1.0
1.67
0.0
2.0
-0.67
-2.0
5.33
7.33
3.33
0.67
0.67
5.33
1.0
-0.33
-3.33
3.0
0.0
2.33
-2.67
-1.33
0.0
3.33
4.0
-3.0
-1.67
-0.33
-2.33
-1.0
-2.0
3.67
-2.33
2.0
-2.67
-2.0
-3.0
-2.33
-1.0
0.33
-1.33
1.67
2.33
2.0
2.33
4.33
2.67
3.33
0.0
-0.33
-2.67
3.67
-1.33
-1.67
4.67
0.33
-0.67
1.67
0.67
0.0
4.33
-0.67
3.67
4.67
1.0
7.0
5.67
-1.0
3.0
1.0
-1.33
-3.0
2.67
0.33
6.0
-2.33
-0.67
-0.33
0.33
-3.67
1.67
2.67
2.0
-0.33
1.33
-2.0
-1.67
1.0
5.67
-2.33
3.33
2.33
-3.33
-4.0
-0.33
8.33
3.0
1.67
0.0
-2.0
2.67
0.67
-0.67
-3.67
-0.33
-3.67
0.67
-1.67
-0.67
-1.33
-1.33
-1.33
0.33
0.33
2.67
-1.67
3.0
1.33
1.67
-1.0
-1.0
-2.0
2.33
1.33
-1.67
1.0
6.0
-0.33
-0.33
5.0
-3.0
-0.67
-2.33
-5.33
1.33
-2.67
-0.33
4.67
-0.67
-2.33
-1.0
2.67
-4.67
-3.0
1.0
1.33
0.33
0.33
-0.33
-1.0
0.33
2.0
1.67
-0.67
-0.33
-2.67
1.0
-1.33
1.67
5.0
-2.33
-0.33
-0.67
-5.0
1.0
0.0
-1.67
-0.33
-2.33
2.0
0.33
2.67
-4.67
3.67
-1.33
-1.33
4.67
1.67
-1.0
0.33
-2.33
-0.33
4.33
-0.67
5.67
-0.33
0.33
0.67
5.0
-2.67
-2.67
2.0
4.0
4.33
-0.33
-4.0
6.67
0.33
-2.33
3.0
-1.67
0.33
-0.33
0.0
2.0
-1.0
-3.67
0.33
0.33
-1.33
2.33
-4.0
4.67
4.0
-1.0
-1.67
3.67
-0.67
1.67
0.0
2.33
0.33
-6.33
6.0
-2.33
0.0
-0.33
0.0
-5.0
3.67
4.0
-4.33
4.33
-0.33
0.0
-1.67
5.0
5.33
5.33
4.0
5.67
-4.67
4.33
-3.67
-1.33
5.0
-2.67
0.67
1.0
7.0
2.67
0.0
2.33
2.33
-3.0
6.33
0.67
2.67
1.67
0.67
2.33
3.0
5.67
1.33
4.33
-2.0
2.67
4.67
4.33
4.33
3.0
-0.33
4.0
8.0
4.67
1.0
5.67
3.0
3.0
2.33
3.67
6.0
8.0
2.0
4.67
7.0
-2.33
0.0
-1.0
5.0
7.67
3.0
4.0
4.33
6.33
1.67
3.67
4.67
0.33
10.33
3.33
15.33
8.67
11.33
8.67
-5.67
12.0
8.33
0.33
2.67
6.0
7.0
3.67
-3.0
3.0
-2.0
9.33
2.0
1.0
4.0
6.0
2.0
7.0
-1.0
8.67
9.33
8.0
-0.33
7.33
2.0
0.0
17.33
0.67
2.67
9.67
10.67
1.67
5.33
-2.67
0.67
-0.67
-2.67
1.67
7.33
8.0
0.33
4.33
11.67
2.0
8.33
4.0
3.0
4.67
5.67
2.67
7.0
2.67
4.33
-1.67
4.0
2.33
4.67
4.33
5.67
2.67
7.0
-2.0
6.0
0.67
-2.33
1.67
5.0
3.33
8.67
4.0
-5.33
-2.0
3.67
6.67
6.33
7.67
-3.67
12.67
5.67
8.67
-1.0
7.33
12.0
4.67
9.33
14.67
7.33
10.67
5.33
3.0
8.33
16.67
3.67
-1.33
1.0
7.67
15.33
16.67
10.0
4.0
-0.67
5.67
4.33
1.0
9.33
9.67
-0.33
9.0
-1.67
4.0
4.67
11.33
4.67
-2.0
6.0
4.33
0.33
7.67
7.67
0.33
0.0
9.33
8.33
12.0
6.33
2.0
8.33
0.0
11.33
0.0
13.33
4.0
5.0
7.33
3.33
-1.33
7.67
3.0
3.0
0.33
0.33
7.0
5.67
0.67
1.67
20.0
8.67
8.67
-3.67
2.0
9.33
15.33
0.33
3.67
10.33
10.0
2.0
1.67
5.67
17.67
10.67
6.33
9.0
5.33
0.0
0.33
7.67
8.67
4.33
2.67
7.67
-9.67
5.67
2.67
11.0
2.33
14.67
7.33
5.67
3.67
6.33
-0.33
12.67
14.67
11.0
6.0
18.67
8.67
17.0
1.67
10.67
5.0
8.0
8.0
12.33
0.0
7.33
14.0
12.0
15.67
18.67
12.67
13.67
25.67
17.33
30.33
26.67
24.33
24.33
21.33
40.67
35.0
35.67
26.67
19.0
30.33
40.0
43.0
31.33
30.67
37.67
23.67
26.67
16.0
16.33
25.33
16.0
18.67
20.0
16.0
11.33
9.33
5.33
8.33
13.0
17.67
0.67
13.0
10.67
14.0
11.67
9.67
1.33
14.33
18.33
16.33
8.33
13.33
14.0
8.67
5.33
9.0
2.33
16.67
11.0
11.67
14.67
4.67
7.67
10.33
8.67
11.33
11.0
6.0
4.0
12.67
13.67
15.67
14.33
3.67
8.67
12.0
18.33
7.0
8.33
6.67
8.0
6.33
10.67
8.67
8.33
9.0
12.67
6.0
4.33
17.33
10.67
9.33
8.67
8.33
-0.33
9.67
9.33
12.33
5.67
-5.0
0.33
2.33
7.33
10.0
14.33
2.0
4.33
10.67
8.33
15.67
2.67
9.0
8.0
8.67
10.67
1.33
7.0
-2.0
16.67
10.0
5.67
10.33
4.0
2.33
0.0
5.67
7.67
10.33
-0.67
9.0
13.0
14.67
-5.33
4.67
13.33
3.67
10.67
7.0
2.0
7.0
15.0
15.33
14.33
3.67
10.0
9.67
8.67
6.0
8.0
5.33
2.33
10.0
7.0
7.0
-1.0
-0.33
12.67
4.67
3.33
8.0
7.67
27.33
6.67
2.67
9.67
17.0
13.0
3.67
14.67
10.33
20.67
2.67
12.67
6.33
17.67
-5.0
15.67
10.67
8.33
16.33
15.67
11.0
6.33
18.33
16.33
-4.67
9.33
-1.33
2.67
8.0
20.33
8.67
11.0
17.67
16.33
6.0
10.67
6.67
8.33
10.0
17.67
6.0
13.67
14.0
8.0
13.67
11.33
4.0
15.0
5.0
6.33
17.67
8.67
16.33
3.0
-0.33
10.67
5.33
17.67
9.67
11.0
21.33
10.0
17.0
10.33
6.33
3.33
10.67
9.67
21.0
8.0
7.67
7.33
-4.67
21.67
12.33
17.67
12.67
7.0
12.67
4.67
11.33
8.67
13.67
18.0
7.33
4.33
18.67
9.0
26.0
8.67
8.33
17.0
12.67
3.33
5.67
12.0
10.33
18.67
14.67
15.0
10.0
11.0
18.33
7.33
11.0
16.33
21.67
15.67
8.0
13.67
22.67
26.67
30.33
30.67
30.67
34.0
24.67
35.67
39.67
42.33
57.67
58.67
82.0
76.33
85.0
103.0
87.33
105.0
125.33
166.33
149.33
158.67
152.0
156.33
189.0
186.0
196.33
171.33
190.33
205.0
194.0
167.67
215.33
159.0
159.67
159.33
137.67
112.67
123.67
119.33
91.33
81.33
76.33
55.67
68.67
46.67
34.33
33.0
39.67
18.67
30.0
22.0
21.33
14.0
24.0
10.67
16.67
14.67
27.33
14.67
25.67
24.67
13.33
4.67
10.67
3.67
8.0
5.33
15.67
3.0
16.33
5.67
6.33
1.33
20.33
17.67
16.33
-5.33
4.67
1.33
9.0
9.33
11.67
17.67
10.33
13.67
14.0
18.0
12.0
16.33
9.0
-5.0
16.0
5.67
9.67
13.0
16.67
12.33
14.0
11.67
21.0
6.67
4.67
12.67
17.0
14.67
7.67
13.0
7.33
17.67
16.67
17.0
0.33
13.33
5.0
3.0
9.33
16.0
5.67
16.33
11.0
9.67
6.33
10.33
9.0
12.0
12.0
1.0
11.0
24.0
14.0
13.0
15.0
10.0
15.67
15.33
3.67
17.67
3.33
11.0
3.0
18.0
4.67
8.0
21.0
7.67
-3.67
4.0
-5.67
10.67
21.0
4.33
11.67
2.67
7.0
2.67
14.67
8.0
13.67
10.33
0.67
14.0
8.33
4.0
13.0
2.33
20.0
13.67
7.33
-2.0
6.33
7.67
2.0
8.0
-6.33
1.67
14.33
12.33
7.0
6.67
1.67
5.67
12.0
1.0
-0.33
4.0
9.33
4.0
2.33
0.0
10.0
3.0
-1.67
4.67
-3.67
-6.0
-2.33
10.67
-2.33
2.0
-2.33
4.67
3.0
8.0
-1.0
4.67
16.0
0.67
12.33
9.67
6.0
14.67
-0.33
7.0
5.0
-0.67
5.67
16.67
20.0
4.67
18.0
1.33
0.33
15.0
4.67
2.33
12.67
9.0
5.33
9.0
22.0
-1.33
14.0
-6.0
12.33
4.67
9.33
10.33
15.67
4.67
11.0
26.33
12.0
14.33
12.33
-1.33
10.0
3.33
8.0
-4.33
5.33
4.0
1.33
1.67
4.0
-0.67
3.33
6.33
11.33
-2.0
1.0
-11.0
-5.0
14.33
0.33
1.33
-7.33
4.33
15.33
6.0
11.33
-4.67
16.33
11.0
18.67
8.67
6.33
1.33
-9.0
2.67
9.33
14.33
-3.67
0.33
11.67
2.67
12.33
8.67
12.0
14.33
7.0
6.0
8.33
9.67
8.0
-1.67
8.67
-6.0
17.33
5.0
2.67
5.0
3.33
18.33
13.33
11.0
0.33
10.33
10.67
19.33
17.67
9.33
12.67
24.0
7.67
4.67
6.0
16.67
25.33
18.67
24.33
12.67
15.67
16.33
11.0
24.33
3.67
10.67
1.0
13.0
11.67
-3.33
13.0
5.33
-5.67
4.67
1.67
-0.33
10.33
8.67
6.0
12.33
21.33
6.33
5.0
17.67
3.67
-6.67
3.0
5.0
-9.67
-0.67
10.0
3.67
-2.33
-7.67
3.0
4.33
12.33
10.33
4.33
6.33
7.67
7.0
8.0
3.67
9.67
16.0
11.33
9.33
13.33
6.0
7.0
-7.33
-5.33
3.33
5.67
6.67
11.67
13.33
5.0
-1.0
4.67
3.0
0.0
-1.67
13.33
5.67
5.0
2.67
1.33
-2.67
7.33
-1.0
6.67
0.33
11.33
7.67
3.0
5.67
5.33
-4.33
1.0
0.0
-1.0
-2.33
9.67
2.0
-5.33
3.33
16.67
8.67
13.33
-4.0
9.0
0.0
2.0
-3.67
8.33
1.67
14.67
2.0
-2.67
-11.33
-3.0
2.33
2.33
7.33
3.67
3.67
7.0
-4.33
5.67
-3.33
2.0
1.33
4.33
9.0
1.33
7.33
-2.67
2.0
6.33
2.0
7.67
2.33
3.33
6.0
3.67
5.33
4.67
-4.33
3.33
9.33
9.67
11.33
6.67
10.67
10.0
8.33
6.0
15.33
13.0
19.0
10.67
17.0
0.0
5.0
11.0
3.67
7.67
1.67
8.0
1.67
4.33
13.0
9.33
4.0
5.67
5.33
2.67
8.67
-6.0
-12.67
-5.33
-2.33
3.0
3.33
1.67
1.0
1.0
-1.33
1.67
3.67
-2.67
15.33
2.33
-1.33
1.33
5.67
3.33
2.67
-7.33
3.0
-4.33
6.33
3.0
9.0
0.0
-2.33
-3.33
-3.33
0.33
-2.67
5.33
-2.0
-9.33
1.0
7.67
2.0
5.67
-3.0
0.0
0.67
2.67
3.67
15.33
-4.67
7.0
1.0
0.67
1.33
-1.33
4.67
9.67
7.33
-7.0
-3.0
0.0
2.67
0.67
1.67
2.67
-1.33
8.67
4.33
1.33
-1.0
-4.33
4.67
-0.67
1.33
-1.0
2.33
0.0
6.0
-2.33
-1.67
-1.0
2.33
-5.67
0.0
-4.33
7.0
5.67
2.67
4.67
-4.33
-3.33
1.67
-3.0
3.67
-6.33
2.0
-1.0
5.0
-2.33
-2.67
1.33
5.0
-0.67
5.67
-5.67
3.0
4.33
7.0
5.33
-0.67
1.67
3.0
10.33
-2.0
5.33
-2.0
5.33
6.33
6.33
1.33
2.0
6.0
4.33
3.67
-4.33
0.0
1.67
2.33
2.67
1.0
-0.33
2.67
4.67
8.67
-2.0
0.33
2.0
6.67
7.33
3.0
3.33
12.67
13.67
7.67
6.33
1.0
0.67
6.33
12.67
6.33
6.33
4.67
1.33
2.33
3.33
5.67
7.0
6.0
-0.33
8.0
5.67
4.67
-1.67
6.67
2.67
4.0
-0.33
-3.0
2.67
2.33
-2.67
3.67
2.67
6.67
2.0
4.33
4.67
2.33
1.33
-1.0
-1.33
-4.67
4.0
3.33
2.67
4.0
2.67
-0.67
1.33
9.33
-5.0
-6.67
-2.33
-2.67
3.67
2.67
0.67
-0.67
-1.0
2.33
1.0
-6.0
-10.33
-0.67
-0.67
-5.67
5.67
2.33
2.67
3.33
-1.0
3.0
4.67
1.67
7.33
9.33
0.0
2.67
-3.67
3.0
1.67
1.33
4.67
-3.33
-0.67
-2.0
3.33
1.0
-6.67
-2.0
4.33
5.33
-9.0
-2.67
5.67
6.67
-1.0
2.33
3.0
-6.33
-1.67
1.0
1.33
1.67
-5.33
-1.67
1.33
1.67
-4.33
4.33
0.67
-2.0
4.33
6.0
0.33
-1.67
-1.33
-3.0
5.0
3.0
2.67
-2.33
3.33
7.0
0.33
2.33
0.33
3.67
-1.67
0.0
-2.33
11.33
-1.0
-1.33
-1.33
6.0
2.67
5.33
-0.67
1.0
-0.67
-3.67
