0.0
-68.67
-38.33
10.0
-80.67
14.33
-74.67
5.33
-20.0
23.0
-44.33
-19.0
-64.33
-112.67
-58.0
-32.0
37.67
-62.67
1.0
-17.33
14.0
-15.0
-8.0
14.33
-7.0
-3.67
-5.67
0.67
-3.33
-0.67
0.0
3.33
-2.0
1.33
-2.0
0.33
0.67
1.0
3.0
0.67
0.67
0.0
-0.33
-1.0
0.0
-1.33
0.0
0.0
-1.33
-0.67
-0.67
0.67
-0.33
-0.67
-0.33
-0.33
-0.33
0.0
0.0
1.0
0.67
-0.33
0.33
-0.33
-0.33
1.0
0.0
0.67
0.33
0.0
-0.33
-0.33
0.67
-0.67
-0.67
-1.0
-0.67
1.0
0.67
-0.33
-0.67
-0.67
-0.33
0.0
-0.33
0.67
0.0
-1.0
-0.67
1.33
-0.33
2.33
2.0
0.0
-0.33
-0.33
-0.67
-1.0
1.0
-1.0
0.0
0.33
1.0
0.0
0.67
-2.0
2.0
2.0
0.0
1.0
2.0
0.67
1.33
3.67
1.0
0.33
-2.33
-0.33
-0.67
-1.67
0.33
-2.33
-0.67
0.33
5.33
0.67
1.67
-1.67
2.0
-1.67
7.0
0.67
-2.67
-0.67
1.33
-2.33
-0.67
-1.33
-3.33
-4.67
-2.0
1.67
-0.67
1.0
-4.0
1.0
5.33
7.33
0.33
5.0
1.33
3.67
-4.0
5.0
-1.33
-0.33
-2.0
-0.33
-1.0
3.0
0.0
-0.33
4.0
-3.33
1.0
8.33
2.33
-7.33
-2.33
3.67
8.33
1.0
7.67
1.0
1.67
2.67
1.67
4.67
3.0
-0.67
7.33
-2.67
2.33
4.33
3.33
-4.67
-4.67
3.33
3.33
-0.67
7.33
-1.0
-4.67
-1.67
-0.67
-4.33
6.33
2.33
-4.67
3.0
-2.0
-2.0
-4.67
2.33
-4.0
-4.67
1.33
1.33
1.67
-7.0
-1.0
-5.0
-0.67
4.0
-2.0
-2.0
1.67
2.33
6.67
5.33
-0.67
-0.33
3.33
-3.0
-1.0
2.33
1.0
-1.33
4.0
-3.33
0.33
3.67
-3.67
4.33
1.0
2.33
-4.33
8.67
0.0
-1.33
-0.33
-4.0
3.67
2.0
9.0
-4.0
0.0
6.33
9.0
8.33
4.0
1.67
3.33
1.0
-7.0
0.0
-1.0
12.0
3.67
-2.0
2.67
5.67
0.0
10.67
0.67
2.0
2.67
-3.33
9.0
6.0
4.67
-0.67
-3.67
5.33
0.33
-1.0
-1.33
2.33
-0.33
5.0
4.67
-2.0
-1.67
3.67
1.33
0.33
-0.67
-6.0
5.33
3.0
3.67
-1.67
-0.33
10.0
4.33
1.33
2.0
-2.33
1.67
2.67
-3.67
0.67
4.33
5.67
0.0
3.0
5.0
0.33
3.0
3.33
4.0
3.67
-2.67
-1.33
7.33
-1.33
4.0
8.0
4.67
5.0
-1.0
2.0
4.33
3.67
-1.67
3.67
0.33
1.33
-2.67
0.0
2.67
5.67
0.67
-2.0
4.33
-0.33
2.67
3.67
4.0
1.67
1.33
5.33
1.67
1.67
-4.33
8.0
1.67
3.33
5.0
-4.67
-1.0
1.0
-6.33
3.33
9.67
13.33
1.0
-0.33
7.0
-0.33
6.33
3.0
-2.33
1.67
3.67
3.67
-3.33
2.67
4.67
-1.67
-3.67
-1.67
0.67
-1.0
-2.67
1.0
1.0
3.0
3.33
3.33
1.33
3.33
0.67
-1.67
1.0
-2.33
3.33
-2.0
3.33
-4.33
5.0
-2.33
4.0
-3.0
-1.0
2.33
4.67
-2.0
0.33
-6.0
3.67
-5.33
-2.33
1.33
3.0
-0.33
-1.67
0.67
3.67
1.33
3.0
3.33
1.33
6.67
8.33
-1.33
-1.67
0.0
-1.33
3.33
5.33
-2.0
-0.33
-3.0
3.0
3.67
1.33
2.33
2.33
4.0
-0.33
3.0
3.33
5.67
-3.33
-0.33
1.0
2.67
0.0
-0.67
-1.67
6.0
1.67
1.67
-1.67
4.33
-4.67
4.67
0.0
7.67
-2.0
-0.67
2.0
-7.67
3.67
-6.0
-0.33
1.33
3.33
-1.0
-3.67
-0.67
6.67
-4.67
1.0
5.67
1.0
4.67
-1.0
-2.33
-1.67
-2.67
-3.67
-0.33
0.0
4.0
3.33
4.0
3.33
-2.33
0.0
-2.0
1.67
1.67
2.33
-3.67
3.0
-0.33
-1.0
-2.0
0.33
-4.33
0.33
1.33
-2.0
3.0
-3.33
0.33
3.0
2.0
-3.33
3.0
1.67
0.67
-4.0
1.0
-0.33
-1.67
-0.67
0.0
2.67
0.0
-3.67
4.67
0.67
-0.67
-0.67
-4.33
0.0
0.67
-2.0
-2.0
1.33
1.0
-1.67
0.33
-0.67
6.67
6.67
5.33
5.0
0.67
1.67
1.0
0.0
5.33
0.33
1.67
-1.0
1.33
3.0
-8.0
3.33
2.67
0.67
1.0
1.0
5.67
1.67
-4.0
3.33
-1.0
-5.0
-0.33
1.0
0.33
-1.33
2.67
-1.67
2.0
0.33
2.33
0.67
1.33
4.0
0.67
-2.67
-3.33
-4.33
0.33
-2.33
2.33
5.33
-0.33
0.67
1.0
7.33
5.33
-2.33
1.67
-1.0
1.0
2.67
-1.0
1.0
4.0
-1.33
1.0
-2.33
-2.67
-1.0
-2.33
-0.67
-1.33
0.33
-1.67
-0.33
3.67
-2.0
1.67
3.33
-2.0
2.33
0.0
-1.33
3.67
-0.67
2.33
-3.33
-1.0
-3.33
2.33
-5.0
-3.33
-3.0
-1.0
0.67
-2.33
2.33
-1.67
-1.33
1.33
2.67
-0.67
-1.67
-0.33
2.67
0.67
-1.67
-4.67
-1.33
-2.67
2.0
4.33
7.67
-3.0
-1.0
-2.0
2.33
1.33
2.33
3.0
0.0
-0.33
-0.33
-2.0
-5.0
2.33
1.67
-3.33
2.33
-1.67
0.67
2.67
-0.67
-3.33
-2.0
-2.33
-0.67
-1.0
3.0
2.33
7.33
-3.67
9.67
4.0
-0.67
1.0
-0.33
1.33
-1.33
-1.67
1.0
-1.33
3.67
2.0
-3.33
2.67
0.33
-2.0
-4.0
-2.0
0.33
-4.33
2.67
0.0
-4.67
1.67
-3.67
-0.33
-3.33
-2.33
1.67
0.67
3.0
0.33
-2.33
-2.33
0.33
0.33
7.67
5.67
0.33
2.67
4.0
0.33
2.33
7.0
1.0
2.33
-0.33
-1.0
1.67
4.33
-1.33
0.0
1.33
-0.67
1.67
2.0
-1.0
-2.0
0.33
4.33
0.33
1.67
5.33
-2.0
4.67
5.0
1.0
-0.67
3.67
2.33
-2.33
-1.0
3.33
9.33
-5.33
-1.0
7.67
1.0
-0.33
-2.0
1.0
2.67
-1.0
7.67
5.33
-1.33
-2.0
0.33
-4.0
7.33
4.33
6.0
10.67
3.33
4.33
3.33
2.67
2.0
-0.67
-0.33
0.0
3.0
-0.33
3.0
2.33
-4.67
-5.0
2.33
2.67
-1.33
6.67
0.67
5.33
-8.0
-2.33
3.33
4.33
1.0
-2.33
-2.33
12.33
7.33
0.0
5.67
4.0
1.0
6.67
0.0
8.67
0.0
5.0
2.33
0.67
4.0
-2.0
4.0
2.67
1.0
2.67
3.0
6.0
1.0
5.67
1.0
7.0
5.33
5.33
3.67
1.67
1.67
2.33
15.33
4.33
5.33
5.67
2.33
1.67
-2.67
2.0
7.33
0.33
5.67
3.0
-4.0
0.67
-2.0
0.0
3.0
2.33
6.0
2.0
1.0
3.0
5.0
5.0
10.0
-3.33
9.33
2.0
0.67
12.33
-4.0
-2.0
4.33
5.67
5.67
8.67
4.67
7.67
5.33
-2.67
6.67
3.33
3.33
-2.33
6.33
8.0
1.33
11.33
6.67
-1.0
9.33
3.0
5.0
8.67
7.67
-2.33
3.0
3.67
3.33
-1.67
6.0
4.33
4.67
-3.67
8.67
15.67
9.0
2.0
7.0
12.67
-1.33
8.67
5.0
9.33
3.67
6.0
8.67
-7.0
2.67
5.67
6.33
3.67
2.33
5.67
4.67
6.67
6.0
0.33
3.0
9.67
9.33
2.67
7.33
1.67
5.33
3.0
-1.67
6.67
1.67
-3.33
3.0
-0.33
7.33
6.67
3.0
7.0
4.33
6.67
15.33
7.0
0.33
0.67
1.67
5.0
6.33
6.0
7.67
-0.67
2.67
7.0
1.0
12.33
6.33
4.67
7.67
4.33
7.0
7.33
12.33
-5.0
8.33
1.0
0.33
6.0
7.33
5.0
4.33
11.0
2.0
5.33
1.33
10.67
3.67
-4.0
3.0
7.33
10.33
6.0
3.67
0.67
3.67
0.0
-3.33
6.67
7.33
11.0
6.33
8.33
8.33
4.67
8.33
6.0
1.0
5.67
8.67
0.67
4.67
7.33
16.0
-0.67
7.0
2.33
1.67
5.67
3.33
0.67
9.67
8.33
10.67
9.67
7.0
7.33
2.67
14.33
0.67
8.67
1.33
2.67
7.67
8.67
10.0
15.0
6.67
6.67
11.0
12.67
3.67
11.0
14.0
17.0
14.33
11.0
17.33
13.0
16.0
10.67
8.67
26.67
7.67
21.67
35.33
27.33
19.67
30.33
19.33
32.33
40.67
32.0
32.67
26.67
33.0
47.33
42.0
43.0
38.33
38.67
28.67
39.67
24.67
35.0
24.33
35.33
28.0
12.67
33.0
18.0
23.33
20.33
13.33
22.33
11.0
16.67
14.67
7.0
15.67
8.0
16.67
7.67
5.33
6.33
10.33
14.33
12.33
9.33
14.0
7.67
15.33
22.0
5.33
16.67
2.0
12.67
5.67
4.67
1.67
7.33
10.67
4.33
5.0
5.0
0.0
12.67
12.67
8.67
16.33
13.67
9.67
-3.0
8.33
8.0
0.33
8.67
6.0
7.33
4.67
16.67
8.33
6.0
6.67
9.0
7.33
20.33
12.67
4.33
0.67
14.33
10.67
10.67
15.33
7.33
5.67
3.0
9.33
-1.67
-1.67
3.0
13.33
8.0
1.33
8.67
5.33
7.67
7.67
5.0
9.0
9.67
11.67
13.33
-4.0
3.0
13.67
1.0
12.67
10.33
7.0
3.33
0.0
12.67
16.67
-0.67
19.33
9.0
8.0
4.67
3.67
12.67
17.33
4.67
9.67
7.0
15.0
11.0
23.0
13.33
10.33
4.67
8.0
7.67
9.67
5.0
5.0
11.33
7.33
2.0
3.0
9.0
7.0
15.67
2.67
3.67
1.33
4.0
2.67
20.33
-1.33
14.67
3.67
11.0
-1.0
7.67
8.67
9.33
5.67
9.67
19.67
-0.67
10.67
5.0
11.67
10.67
7.33
7.33
7.67
14.0
13.33
6.33
7.33
11.33
15.33
12.67
11.67
9.0
16.33
5.67
14.0
7.67
11.33
14.0
21.67
8.67
10.33
11.0
7.67
8.0
9.67
16.0
5.0
1.67
3.33
11.0
11.0
12.0
14.33
8.67
9.67
16.33
12.0
6.67
3.67
10.33
11.67
11.67
11.0
17.33
7.0
20.0
18.33
9.33
10.33
3.67
13.67
14.0
11.0
7.67
16.33
10.33
11.67
14.33
8.67
9.67
20.0
7.67
11.67
16.33
13.67
19.67
14.0
7.33
20.33
4.67
17.0
24.0
18.67
16.33
12.0
19.67
14.33
10.67
12.0
7.33
17.67
17.67
5.0
3.0
6.0
18.33
6.33
6.0
7.33
14.67
17.67
28.0
26.67
30.67
21.67
17.33
34.67
40.67
25.0
44.67
53.67
64.67
71.33
55.67
88.67
90.0
103.33
119.0
142.0
156.33
156.0
156.33
179.33
201.33
194.67
238.0
238.33
257.0
275.0
243.33
270.33
273.33
239.0
252.0
248.67
232.33
219.0
216.67
205.33
201.67
187.67
169.67
156.33
140.33
115.33
94.33
96.67
71.67
60.67
47.33
59.0
53.67
24.67
28.0
38.0
30.33
20.0
15.0
8.67
22.67
22.67
11.33
7.67
7.67
8.67
15.33
4.67
11.67
15.67
7.0
-3.67
20.67
11.0
24.33
-1.33
13.33
4.33
24.33
17.67
16.33
7.67
17.67
-6.67
23.0
9.33
7.67
16.67
4.33
0.67
12.0
8.0
0.0
4.33
19.0
-4.0
7.0
12.67
4.67
13.0
0.67
19.33
10.0
16.67
18.0
6.67
1.67
7.67
8.0
7.67
-0.33
14.0
19.33
12.67
22.67
14.0
9.33
14.33
12.0
9.0
20.33
9.0
7.67
19.33
18.0
18.67
11.33
9.33
15.0
11.0
6.0
10.0
27.0
7.0
9.0
9.0
18.0
9.0
16.67
13.33
10.67
7.67
0.33
2.0
12.0
7.0
-5.33
12.0
3.0
13.67
10.33
7.0
-0.67
2.67
13.0
-2.67
17.67
5.67
12.0
-1.33
10.67
10.0
3.67
7.33
3.67
7.0
-3.67
-2.0
6.0
5.33
17.0
20.67
4.33
19.0
14.33
-1.33
1.0
14.0
3.67
15.67
12.33
-0.67
3.0
12.67
-2.33
7.67
12.0
-1.0
15.67
8.0
7.33
12.0
9.33
2.0
6.0
0.0
-8.67
-6.33
13.33
-5.0
4.67
10.67
7.67
-2.0
-1.33
-2.33
9.0
5.0
14.0
-3.33
6.0
-2.33
2.33
20.67
9.0
0.67
0.67
7.0
4.0
10.33
10.67
22.67
8.0
3.67
7.0
-2.67
2.33
9.0
10.67
1.33
4.67
7.0
1.33
6.0
12.0
7.67
8.0
15.0
-7.67
-2.33
8.33
16.33
12.67
13.67
2.0
-3.67
3.0
15.33
23.33
-0.33
2.0
0.33
7.0
5.67
2.33
4.0
-1.67
0.67
-5.0
-0.67
1.33
17.33
5.33
-3.0
2.0
-4.0
4.0
0.33
6.33
-9.67
-1.33
14.33
4.33
3.0
4.33
2.33
8.33
-2.0
1.67
6.67
6.33
8.33
6.0
21.67
13.33
12.33
11.33
-2.67
13.67
9.67
0.33
6.67
-7.0
10.33
27.0
1.0
6.33
-0.33
0.0
5.33
-4.33
2.0
15.33
2.0
-4.33
1.0
9.33
1.33
11.33
14.0
1.33
7.33
4.67
13.33
9.67
29.33
14.67
16.0
10.67
16.67
11.0
21.67
22.33
9.67
27.33
15.67
16.67
24.33
2.0
18.33
8.67
-2.33
19.0
10.0
7.67
10.67
19.0
4.33
7.33
8.67
-1.33
14.67
7.33
3.67
-3.0
2.33
10.33
4.33
-1.0
11.67
7.67
-1.67
-6.0
-1.0
8.33
4.33
7.0
-2.33
14.67
1.33
3.0
9.33
7.33
1.33
-1.67
11.33
-0.33
0.0
3.0
2.67
13.67
11.0
1.33
-4.67
4.33
-9.0
15.0
3.67
-2.33
9.33
11.67
6.67
5.67
5.33
-11.0
0.0
-0.33
-5.0
-4.0
5.33
-1.67
0.67
-2.0
8.67
-0.67
9.33
2.33
6.0
4.67
2.33
13.33
2.67
-6.0
13.67
7.33
2.67
-3.0
-5.0
-5.0
8.67
13.67
-2.0
-5.33
1.33
-1.33
12.67
4.33
-8.0
4.0
0.0
9.0
-4.67
-4.67
1.67
16.67
9.0
12.33
13.67
4.0
-5.67
3.33
7.33
-2.33
2.67
2.0
2.67
2.67
5.67
1.0
-3.67
8.33
8.0
5.33
11.33
3.33
3.0
5.33
4.0
-0.33
-2.67
4.33
8.0
5.67
7.33
1.67
2.67
9.33
4.33
25.67
5.33
-2.33
23.67
7.0
16.33
6.0
-2.67
7.0
14.0
3.67
17.0
9.0
22.0
3.0
0.67
2.67
13.67
10.0
-3.33
17.33
17.0
2.33
1.0
17.67
6.33
0.67
0.67
0.0
-11.67
-2.33
0.67
1.0
2.33
4.67
3.0
1.0
3.67
9.67
1.67
-1.67
4.33
0.33
1.67
9.33
1.67
2.33
-1.33
-6.33
-7.0
-3.33
3.33
8.0
-1.0
-1.0
-0.33
-6.33
-8.33
0.33
1.33
9.33
-6.0
4.67
-1.0
-1.33
5.0
4.67
3.0
-3.0
-5.33
-4.33
2.67
4.33
-1.67
4.0
-10.0
-6.33
-5.67
-4.33
4.67
12.67
11.33
-2.0
-4.0
0.0
3.67
-8.33
8.67
-0.33
-2.33
5.67
3.33
7.33
0.0
4.67
0.67
1.33
11.33
11.0
4.33
3.0
2.0
-3.33
6.33
6.0
0.33
-4.67
3.0
1.67
1.0
2.67
0.67
-0.33
-2.33
1.67
0.67
-1.0
3.67
3.67
-4.0
3.0
-2.0
1.67
3.33
-2.67
4.0
-1.67
2.67
4.33
-1.0
0.33
9.0
-1.67
3.33
-3.33
3.0
-0.67
-8.0
8.33
3.0
7.33
7.33
3.33
5.33
0.0
1.0
2.33
0.67
-3.33
-6.0
2.67
2.33
6.67
11.0
-1.33
2.67
11.67
3.67
0.0
1.33
-1.0
5.67
10.33
7.0
0.33
5.67
12.67
-1.33
0.33
2.0
4.67
0.33
9.67
8.33
4.33
4.67
1.33
4.33
0.33
8.67
6.0
5.0
-7.33
3.0
6.67
1.67
0.33
3.67
0.67
-4.0
-3.33
-3.0
7.67
-4.67
-1.67
-0.33
3.67
-3.33
5.0
5.33
-0.33
3.33
7.33
3.0
0.67
1.33
8.0
1.33
1.67
1.0
-2.33
4.33
-4.67
3.33
0.0
6.33
-1.33
0.33
0.67
4.67
3.67
1.33
5.0
-1.67
-1.0
-2.0
3.67
3.33
-5.67
1.33
-1.33
-1.67
2.67
-1.67
-5.0
3.0
-1.33
5.67
3.33
0.33
4.0
3.67
-0.67
-1.0
2.67
-2.67
0.67
4.67
3.33
2.0
2.33
-1.0
-2.67
-8.0
5.33
1.33
-6.0
4.33
3.67
1.67
-3.0
3.33
4.0
-0.33
5.33
2.0
3.33
-2.33
3.67
0.33
2.33
1.67
-3.33
-3.67
2.67
0.0
-0.67
-4.0
1.33
-3.67
3.67
-2.0
-3.0
6.0
3.67
1.67
4.33
-2.0
-1.67
0.33
1.33
0.67
3.33
-1.0
1.67
-1.67
-1.0
-0.33
-4.33
6.0
-0.33
1.33
1.33
5.0
2.33
-1.67
