0.0
-17.67
10.67
37.0
-76.67
-55.67
42.33
-26.67
-51.0
-48.0
-47.33
-96.0
27.67
-16.67
-60.0
-13.0
-33.33
-83.67
-13.0
-23.33
0.0
-63.0
0.0
-5.67
-6.0
-4.67
-6.67
-14.33
-4.33
-17.67
7.0
9.33
-7.0
1.33
2.0
-0.67
0.67
0.0
0.0
0.67
-0.33
0.0
-0.33
0.0
0.0
-1.33
0.0
1.0
-0.33
0.33
-0.67
-0.33
-0.33
-0.67
-0.33
0.67
-0.33
0.0
0.0
2.0
-0.33
-0.33
0.33
0.67
1.67
0.0
0.0
-0.33
-0.67
0.0
-0.33
0.67
0.67
-0.67
-0.67
-1.0
1.33
0.0
-0.33
1.67
-0.67
0.33
0.67
-1.0
0.67
-0.33
-1.0
-1.0
-0.67
0.33
-1.33
-0.67
0.0
1.0
-0.33
0.67
0.33
-1.0
0.0
-1.0
-1.0
-0.67
0.0
0.0
-1.33
-1.0
1.0
1.0
3.0
5.0
-1.0
-1.33
0.33
0.67
2.0
-3.67
-1.33
1.67
0.33
2.33
0.33
2.67
-0.67
-1.67
4.33
1.67
0.67
0.33
-1.0
2.33
4.0
4.67
4.33
1.33
0.33
4.67
0.33
0.67
1.67
0.33
3.0
7.67
0.33
8.0
1.0
3.0
-0.67
5.33
-4.67
3.0
7.33
0.67
6.0
-5.0
-1.33
-4.33
1.0
0.67
0.0
1.0
3.0
4.67
3.0
1.67
3.0
6.33
4.33
-4.33
0.67
-2.33
2.33
5.0
3.67
2.0
3.67
2.67
-3.33
5.67
-4.0
5.33
3.33
-3.67
0.33
-3.67
-3.67
5.33
4.33
1.33
5.33
5.33
6.33
2.0
5.33
3.33
-3.67
-0.33
6.33
-0.67
-0.67
-3.0
3.0
1.0
0.33
2.33
2.0
9.33
6.33
7.33
-4.33
-2.0
2.0
1.0
-6.67
-2.0
0.0
1.0
0.67
-0.67
-0.33
3.33
-0.67
-3.33
9.33
0.0
-2.0
-2.67
1.0
-3.33
-2.0
6.67
2.33
-1.33
8.33
3.33
-2.0
-1.67
-4.33
2.67
7.0
3.67
4.67
7.0
-2.33
3.0
-1.0
0.0
-1.0
12.33
0.0
0.33
4.0
-2.33
7.33
5.0
-5.0
-2.0
-1.0
3.0
2.67
1.0
9.67
-1.33
7.0
12.67
0.67
1.0
2.67
5.67
-1.0
4.0
1.67
-1.67
3.33
3.33
2.33
2.0
-4.33
6.33
-7.33
5.0
1.67
1.0
2.33
-0.33
7.33
-2.67
2.33
-2.0
4.33
3.0
-3.33
3.33
-4.33
4.0
3.33
13.33
5.0
7.67
-2.33
6.67
16.33
1.67
4.33
5.67
8.0
0.0
-2.0
10.33
10.0
-0.67
-3.0
-1.33
-0.67
4.67
1.33
-3.33
5.0
3.0
3.67
7.0
-5.0
3.0
3.33
0.67
-3.67
-1.33
7.33
6.33
-0.67
1.0
1.67
-1.33
5.67
1.0
3.33
-3.33
6.67
7.67
6.0
2.67
9.33
2.33
2.67
-2.33
-2.33
3.0
7.67
-1.67
6.0
1.33
3.0
0.0
-0.33
3.33
4.67
6.33
-6.0
-0.33
7.0
-1.33
3.33
4.0
0.67
-0.33
1.67
-2.33
-2.33
4.67
-1.33
3.33
1.33
3.33
-6.33
6.0
-3.67
7.0
1.0
3.0
-0.67
0.33
0.33
1.33
3.67
5.33
2.0
-5.33
5.33
-3.0
5.33
0.67
5.0
-1.33
-1.0
0.0
8.0
1.33
3.67
2.0
6.33
-2.0
-0.33
-1.33
-3.33
4.33
-4.0
-3.33
0.33
-2.33
3.67
-1.67
3.0
1.33
1.33
1.67
6.33
2.67
5.33
1.0
-2.33
-1.67
10.33
-6.0
-3.33
-2.0
-5.0
4.67
3.33
-1.67
2.33
6.0
0.67
1.0
3.33
2.67
4.67
5.67
2.0
5.67
7.0
-3.67
2.33
4.0
1.67
1.67
0.33
-0.67
-0.67
-0.33
-1.0
3.67
1.0
1.33
2.0
-5.67
-4.33
-2.0
1.67
-3.67
4.33
-1.0
-1.67
3.33
2.67
-0.67
0.0
5.67
3.0
0.67
-5.0
1.67
-2.67
0.33
4.33
2.67
-4.0
4.0
1.33
3.0
-1.67
-1.33
-1.0
1.0
0.67
1.67
5.33
-3.67
-1.0
8.67
6.0
1.0
2.33
4.67
3.33
0.33
4.0
2.0
1.67
3.33
9.0
10.0
0.67
0.0
-0.33
1.67
-2.0
1.0
0.67
-0.67
2.33
0.0
6.67
4.0
-2.67
2.67
0.67
3.33
4.33
2.67
4.0
-1.33
0.0
-1.0
-2.67
3.0
1.33
5.33
2.33
5.67
1.67
0.33
4.0
-0.33
1.67
2.0
1.0
-0.67
-2.67
1.67
4.0
-2.67
1.0
-5.0
1.33
7.67
-2.33
3.0
4.0
5.67
-1.33
-2.0
2.33
1.0
-3.0
-2.33
-2.0
0.33
1.67
3.67
0.33
1.0
3.33
-0.67
2.67
2.33
-1.0
2.67
-0.67
-0.33
4.67
1.33
-1.33
-2.67
-0.67
2.67
2.67
-2.0
-2.67
4.33
-0.33
-1.33
-2.0
3.0
3.67
-3.0
-2.0
1.0
-2.33
-1.0
1.67
4.33
1.0
-2.33
3.33
-3.33
1.33
0.33
-1.33
2.67
-3.0
-1.33
4.33
3.0
-4.67
-1.0
0.67
0.67
1.33
4.33
-3.33
0.0
5.67
0.33
-1.0
-0.33
0.0
4.0
1.67
-2.33
-3.67
-3.67
1.67
-0.67
-0.33
-2.67
-1.67
4.67
-2.33
-2.33
6.33
0.33
-1.33
-2.67
3.0
0.33
-2.33
1.0
-2.0
-5.0
3.33
2.33
-3.67
2.0
4.0
2.67
-2.33
2.0
-4.0
-1.67
-3.33
-2.33
2.33
-2.67
2.67
0.67
1.33
-3.33
-2.0
2.67
-1.67
1.0
4.0
2.33
2.33
1.33
1.67
-3.0
-3.67
0.0
-0.33
0.33
1.67
3.33
0.0
0.67
-4.33
2.0
0.67
1.67
4.33
-4.0
-5.0
-2.0
-0.67
-0.33
-1.33
-1.0
5.33
2.67
-0.67
-1.33
6.67
2.67
-0.33
-0.33
2.0
4.33
-0.33
-3.33
1.33
2.33
4.67
3.67
5.33
-1.33
6.0
-0.67
0.33
-1.0
3.0
1.33
-0.33
0.0
7.67
-1.67
-2.33
5.0
0.33
2.33
2.67
-1.0
1.0
4.0
1.33
1.33
1.33
-0.33
1.33
-5.0
0.67
3.0
0.0
3.33
-0.33
-0.67
-2.33
-3.0
-0.67
4.33
-2.33
0.0
3.67
4.0
-1.33
3.0
2.0
5.67
9.0
4.67
3.33
-3.33
-2.0
6.33
4.0
4.33
-3.67
1.0
3.67
0.33
0.33
-2.67
-0.33
5.0
3.33
-1.33
2.0
1.0
-1.33
-3.0
-4.67
4.33
2.0
0.33
-3.33
1.67
0.67
1.67
1.33
7.0
3.67
11.33
6.33
-1.0
-2.33
1.67
12.33
-1.67
3.0
5.67
5.0
0.0
-1.33
4.0
3.67
4.0
3.0
3.33
10.67
6.0
5.0
11.0
9.67
11.0
8.67
11.0
16.0
24.0
21.67
26.0
25.0
32.33
20.33
35.67
18.67
39.67
26.33
33.33
28.33
31.33
29.67
24.33
12.67
14.33
16.0
11.33
14.33
9.67
18.0
7.0
13.67
7.0
5.0
7.0
8.33
1.0
4.0
3.0
6.0
3.0
1.0
0.0
4.67
11.33
3.0
2.67
4.33
-1.0
5.0
4.33
3.67
6.67
-0.33
7.67
7.67
11.33
0.33
-0.33
-0.67
1.33
8.67
9.33
7.0
7.33
6.33
8.67
3.0
8.33
3.0
2.0
0.67
0.67
-1.33
8.0
-0.33
7.33
4.33
6.0
9.33
6.67
5.33
4.67
2.67
1.0
5.0
3.0
8.67
-7.33
4.67
7.0
5.33
-1.33
10.0
1.67
1.0
3.67
4.67
2.33
6.67
1.33
2.67
6.67
2.67
3.0
6.33
2.0
0.67
5.33
5.67
7.33
12.67
7.33
6.0
5.33
9.67
8.67
3.67
2.0
3.67
9.33
10.67
10.0
10.0
-3.67
3.67
8.33
5.0
7.33
10.67
6.67
9.0
7.33
9.0
4.67
11.33
4.67
14.0
3.0
0.33
5.33
8.67
-2.33
4.33
4.0
-1.67
2.33
-3.0
1.33
3.0
-0.67
-3.0
10.33
9.0
3.33
4.0
6.0
7.33
-0.67
1.67
9.67
0.0
3.0
1.33
2.33
-2.0
2.67
2.67
0.67
10.0
0.67
0.67
3.33
11.0
13.33
0.33
9.33
5.67
5.33
6.0
-1.0
9.67
8.67
4.67
7.67
3.33
11.0
4.33
12.0
0.33
7.67
4.67
1.33
0.67
4.67
-0.67
3.67
6.67
12.0
-2.67
12.67
3.33
5.67
-1.33
9.33
-2.33
11.67
3.67
-1.0
8.0
6.67
9.67
16.0
2.67
16.67
7.0
0.0
10.0
11.33
8.0
1.33
13.0
6.0
11.67
9.67
13.67
10.67
9.67
17.33
23.33
13.67
22.33
15.33
26.33
20.67
13.0
14.67
32.67
23.0
20.33
19.0
23.0
29.33
18.67
20.67
8.67
28.67
20.0
8.33
15.33
10.0
-2.33
10.0
12.0
7.33
6.33
9.33
11.33
16.0
18.67
-2.33
8.0
7.67
6.0
15.67
7.67
11.33
8.33
4.33
7.33
12.33
12.33
9.0
10.67
9.33
16.0
8.33
20.67
-2.0
6.67
10.67
4.67
4.67
1.33
8.67
5.33
6.0
6.0
-2.0
0.67
13.67
11.67
17.33
3.67
8.67
3.0
8.33
3.0
-3.67
14.67
12.0
16.33
4.67
4.67
10.33
16.0
8.67
12.0
8.33
12.33
7.67
14.33
15.67
7.33
7.67
9.67
14.33
8.33
10.67
8.0
15.33
9.33
8.33
8.0
6.33
4.0
11.33
18.67
7.33
11.67
8.67
12.0
18.0
10.67
5.67
5.33
0.0
1.0
14.67
12.0
4.67
3.33
6.0
14.33
9.0
6.67
7.67
2.33
14.33
19.0
9.0
9.67
2.67
5.67
6.33
-3.33
2.67
11.0
5.0
16.0
5.0
6.33
3.33
7.67
8.0
8.67
9.67
1.0
15.0
10.33
0.33
16.0
10.0
9.0
2.0
5.67
4.67
2.67
18.33
22.0
-2.33
27.33
14.67
7.67
11.67
30.0
-2.0
-1.33
19.67
9.33
14.67
4.67
9.67
4.33
3.67
8.0
7.67
4.67
9.33
15.33
12.67
11.0
12.33
0.33
15.33
4.33
10.33
5.67
8.67
5.0
7.33
16.67
8.0
6.67
4.33
5.0
10.67
12.67
3.33
5.0
13.67
9.0
9.67
10.0
5.0
13.67
8.33
6.0
9.0
16.0
16.33
11.67
1.67
15.33
13.0
8.67
8.67
9.33
16.67
4.67
4.0
6.33
10.0
13.0
12.33
11.33
6.33
-2.33
8.67
17.0
9.0
-0.33
15.33
6.33
9.67
14.33
7.67
4.67
11.0
14.67
5.67
17.33
6.67
9.67
14.0
22.33
6.33
4.67
8.0
11.0
22.67
7.33
19.0
18.67
1.33
8.67
26.0
22.33
15.67
29.67
10.0
8.0
21.0
19.33
17.33
25.0
18.33
24.67
22.67
27.0
26.67
25.67
8.67
22.33
19.67
18.67
28.0
23.67
20.67
21.67
42.33
31.67
32.67
32.0
47.33
59.0
58.0
65.33
75.0
79.33
87.33
114.33
104.67
110.0
109.33
121.0
108.0
124.33
107.33
110.33
122.0
111.0
119.67
139.33
116.0
127.67
89.33
94.67
91.67
53.67
73.33
65.33
57.33
53.33
52.67
41.67
43.67
51.33
6.0
24.67
11.67
18.0
14.0
14.33
27.0
15.0
13.67
19.67
12.67
14.33
24.67
3.67
3.67
21.33
8.67
19.67
0.67
3.0
1.33
14.67
13.0
7.33
4.67
-2.67
7.33
17.33
21.67
9.33
11.67
8.67
-0.67
28.0
17.33
5.67
10.67
11.33
-3.33
24.0
13.0
2.0
6.33
22.0
4.0
21.0
15.67
24.67
20.0
5.67
12.33
8.0
1.67
0.0
1.67
-2.33
18.67
3.0
15.67
1.67
19.0
4.33
12.67
4.67
7.0
9.33
3.33
19.0
12.0
8.33
-2.0
10.67
10.33
-1.0
7.67
8.33
-1.67
10.0
25.0
5.0
9.0
4.0
9.0
3.0
24.0
12.0
4.0
21.67
13.33
7.67
8.67
-0.67
12.0
8.0
2.0
6.67
14.0
14.0
14.67
0.33
0.0
6.33
17.67
18.0
6.33
12.67
8.67
4.0
4.67
6.67
22.0
2.67
7.33
4.67
21.0
14.33
-1.0
14.0
8.33
14.0
10.67
7.33
-5.0
6.33
5.67
4.0
-4.0
-1.33
10.67
7.33
16.33
9.0
2.67
-4.33
-8.33
10.0
-9.0
-4.33
14.0
-0.67
10.0
-3.67
3.0
2.0
1.0
-9.67
4.67
2.33
-1.0
7.67
17.67
-1.33
14.0
2.67
1.67
16.0
9.0
6.0
1.67
10.0
8.67
12.33
11.67
17.0
12.67
15.67
23.0
13.0
20.33
9.67
17.67
14.0
29.67
32.0
27.33
20.33
21.0
23.67
32.33
22.67
34.0
39.33
38.0
54.0
28.67
36.0
14.0
30.33
27.67
14.33
30.33
22.67
12.67
26.0
28.33
33.0
23.33
27.33
18.67
26.0
18.33
17.0
23.67
9.33
26.0
16.33
11.67
11.0
2.33
-1.67
5.33
24.33
6.0
-2.0
0.0
10.0
2.33
2.33
13.33
1.67
10.33
9.33
14.0
13.33
21.33
12.33
2.0
3.67
11.67
17.33
-0.67
1.0
19.67
13.33
5.33
9.33
3.33
14.67
15.67
-3.67
8.67
7.0
-2.67
6.0
-1.0
-2.67
-6.33
14.0
7.33
7.67
6.0
18.33
2.0
-5.33
4.0
5.33
12.33
0.33
12.0
0.33
7.33
11.67
6.33
17.67
12.33
1.67
20.0
11.67
12.67
10.0
8.67
11.33
0.67
6.33
13.67
11.67
13.33
-1.0
1.33
6.67
11.67
13.0
7.0
8.67
-3.33
13.0
-1.67
1.33
-1.33
5.67
4.67
10.33
9.67
0.0
0.33
4.33
19.33
3.0
8.67
7.67
-10.67
8.0
-5.0
5.33
4.33
19.0
-0.33
-6.33
1.33
9.0
-1.67
5.33
9.33
13.33
15.33
4.67
22.0
5.0
2.67
7.67
15.0
-0.67
5.33
6.33
3.0
2.0
-6.33
-0.33
-5.67
2.67
11.67
5.67
9.33
6.0
3.0
-1.33
-8.0
9.0
-4.67
4.33
18.67
6.0
-3.33
3.33
6.33
12.33
13.0
-4.33
-3.67
0.33
1.67
-4.0
0.67
0.33
2.67
-2.0
6.0
1.0
-1.33
2.67
7.0
6.67
-3.67
23.67
5.67
4.33
-3.0
-2.0
6.0
3.0
0.33
6.33
13.67
22.67
6.0
6.33
0.67
-3.0
6.33
9.33
9.33
2.67
8.67
-7.0
11.67
-7.33
9.67
6.0
-2.67
-3.67
4.0
5.33
7.33
13.33
8.0
1.33
0.0
3.67
4.33
6.33
4.0
11.67
11.33
-9.33
7.67
8.33
10.33
15.67
9.33
13.67
14.67
5.0
0.33
10.0
3.33
7.0
19.0
6.67
5.0
6.0
6.0
5.0
9.67
17.67
-0.33
6.0
-5.33
1.33
12.0
6.33
5.0
-1.33
5.33
5.67
-0.33
-6.0
-4.67
1.67
-1.33
3.0
-2.67
-4.33
8.0
7.0
10.67
14.67
8.67
-5.67
4.33
1.33
0.67
10.33
4.67
-5.67
-0.33
3.67
-3.0
-0.33
-1.67
-1.0
7.0
5.0
3.67
0.67
6.67
-8.67
2.33
9.33
5.0
-10.33
4.0
5.67
15.0
-1.33
1.0
3.0
4.67
3.67
-0.33
3.33
0.33
12.0
1.0
9.67
-8.67
-5.33
-2.33
-4.33
1.33
3.0
-1.0
-1.0
10.67
-4.33
-0.33
-3.33
-1.33
9.67
3.33
3.33
-2.0
-0.33
-4.33
4.33
10.33
8.0
6.33
7.0
7.0
9.67
3.33
2.0
2.33
-4.67
-9.0
3.67
3.0
3.67
-3.33
2.67
-4.33
-1.33
-0.33
-1.0
0.67
2.67
3.0
1.0
4.0
-5.33
-1.67
-4.67
6.0
0.33
0.67
0.33
-2.0
3.33
-3.0
3.33
6.33
-0.33
0.0
1.33
-5.0
-0.67
4.0
2.33
-0.67
1.33
9.33
5.0
8.0
4.33
8.67
3.67
3.0
2.67
-3.67
5.67
3.0
-0.33
1.67
-1.33
8.67
1.0
0.33
-3.0
3.67
3.33
3.0
3.33
7.67
-5.33
-1.33
3.33
4.0
1.67
3.33
3.67
-4.67
3.33
1.67
-1.67
6.33
-4.67
1.67
3.0
13.0
3.67
-3.0
-0.33
-2.33
1.33
7.67
-5.33
-4.0
2.67
2.0
-4.33
7.33
0.33
8.67
9.67
1.67
8.0
12.33
-2.33
2.33
4.33
5.0
-5.33
-2.67
3.0
-3.67
-1.33
2.0
1.67
4.33
1.33
-0.67
-2.0
-1.67
-1.33
2.33
-0.33
1.67
2.67
0.33
2.0
0.33
-4.0
-4.0
-0.33
2.33
-2.67
6.33
-2.33
3.33
2.67
7.33
2.0
-5.0
1.67
7.67
2.33
8.33
9.0
9.67
0.33
3.0
3.67
6.33
12.67
-5.33
-0.67
-1.0
5.33
-1.0
2.33
-2.0
3.33
1.33
-2.0
-1.67
3.67
-2.33
-3.0
3.33
0.0
-3.33
-0.67
-1.0
3.33
6.67
2.67
2.33
10.33
5.67
-2.33
-1.67
-2.33
-4.0
0.33
-1.0
0.33
-0.67
-3.33
1.0
3.0
1.0
0.67
4.67
1.33
5.0
4.33
2.33
-0.67
-2.33
-2.67
-3.0
-0.33
2.33
3.0
-0.33
2.67
2.0
3.67
-2.67
-1.67
-1.0
3.33
2.33
