0.0
-26.67
-40.33
41.0
11.33
23.33
-63.67
25.33
10.0
42.0
-1.33
-65.0
-40.33
-31.67
-42.0
-45.0
-48.33
-52.67
-20.0
-33.33
12.0
-36.0
-26.0
-6.67
-15.0
-1.67
1.33
-1.33
7.67
-12.67
-5.0
-5.67
-4.0
-1.67
-1.0
1.33
2.67
1.0
1.0
1.67
-0.33
1.0
0.67
0.0
0.0
-1.33
0.0
1.0
-0.33
0.33
-0.67
-0.33
-0.33
-0.67
-0.33
-0.33
0.67
0.0
0.0
0.0
-0.33
0.67
1.33
-0.33
-0.33
0.0
1.0
-0.33
-0.67
0.0
0.67
-0.33
-0.33
-0.67
-0.67
-1.0
0.33
1.0
-0.33
-0.33
-0.67
-0.67
-0.33
-1.0
0.67
-0.33
0.0
-1.0
0.33
-0.67
-0.33
-0.67
0.0
0.0
0.67
1.67
-0.67
-1.0
0.0
1.0
1.0
2.33
-1.0
-1.0
-0.33
1.0
-1.0
2.0
1.0
1.0
1.0
0.67
-0.67
-0.33
1.0
2.33
2.67
2.67
-4.67
2.33
-1.67
0.67
-1.67
0.33
2.33
-0.33
-1.33
3.33
4.0
1.33
7.0
6.67
0.33
3.33
3.33
6.67
3.33
8.67
-1.33
-3.67
1.0
2.67
1.33
-1.0
2.0
-3.0
5.33
0.33
-0.67
1.0
2.33
-2.33
0.0
-6.0
-0.33
-5.33
5.0
2.67
4.0
-1.0
-1.0
3.67
1.0
5.67
-8.0
2.33
1.33
-2.33
2.67
2.67
7.33
7.0
-2.33
6.0
-4.33
4.67
-2.33
3.67
2.0
-3.67
5.33
7.33
1.33
-4.67
0.33
2.33
5.33
-1.67
7.33
5.33
3.33
5.0
-4.67
-1.67
10.33
1.67
2.33
1.33
-4.67
5.0
3.0
-4.0
5.33
3.33
0.0
-1.67
-4.67
0.33
4.67
-5.0
12.0
-11.0
0.33
1.0
5.0
0.0
1.67
5.33
9.67
0.33
4.33
0.67
10.33
6.0
2.0
2.33
-4.0
-1.33
-3.0
5.67
1.33
-1.33
2.33
2.33
6.0
7.33
-8.33
3.67
7.0
-0.33
2.67
6.0
-1.33
3.0
-1.0
2.0
7.0
3.33
0.0
7.33
5.0
5.67
6.33
7.0
6.0
-3.0
5.0
-3.0
3.67
3.0
4.67
-0.33
5.0
6.67
-0.33
3.0
5.67
-0.33
1.0
9.0
7.67
3.33
1.33
2.33
3.33
1.0
0.67
1.33
0.67
0.0
3.67
4.0
3.33
7.67
2.33
5.33
-0.67
0.0
3.33
7.0
0.67
1.33
-0.33
4.0
4.33
2.33
0.0
7.67
1.67
0.67
5.33
6.67
-0.67
4.67
-2.0
5.0
1.0
7.33
6.0
0.33
0.0
1.67
-1.67
-2.33
5.33
4.67
6.0
6.0
6.67
-4.0
-5.0
0.0
0.33
10.67
-4.67
1.67
-1.67
0.33
-0.67
5.0
5.67
1.67
2.67
0.0
7.33
-0.33
2.67
4.67
9.0
5.67
-1.67
0.33
3.67
0.67
-6.33
1.0
0.67
-1.67
0.0
2.33
-1.0
5.0
1.67
2.33
3.67
1.33
0.0
-0.33
4.0
2.67
-0.67
-1.0
-1.33
10.67
0.67
-3.33
-5.33
1.67
-5.33
1.33
-3.67
0.33
-1.33
1.0
-4.67
1.0
1.0
5.0
1.33
5.33
-1.67
1.33
10.67
3.33
0.0
4.67
-2.67
-3.0
4.33
-1.33
-1.0
5.67
3.0
-4.0
1.0
2.33
1.67
3.0
8.33
-6.0
1.67
3.67
0.67
-0.67
7.0
0.67
4.33
-6.33
5.67
6.33
4.0
3.33
0.33
-3.33
4.33
-1.33
1.33
-4.0
-0.33
-0.67
4.33
7.0
0.67
6.0
-3.0
5.67
-3.67
0.33
0.33
4.0
-0.33
-3.0
4.33
1.67
-1.33
-1.33
0.0
-0.33
7.0
0.33
-0.67
2.0
3.67
1.67
5.33
-0.67
4.33
-3.33
-4.0
1.67
8.0
1.33
1.0
-2.67
-0.33
-1.0
1.67
1.33
4.33
0.0
-3.67
2.33
3.67
1.33
1.0
1.67
-4.0
9.67
2.0
-1.33
-3.67
-0.67
4.33
-2.33
-3.0
1.0
2.33
9.0
4.33
-0.33
1.0
3.0
-0.33
0.67
1.33
-3.67
1.0
-2.33
3.0
-2.0
1.33
0.67
3.33
5.33
10.0
5.0
0.67
3.33
2.0
2.0
0.67
2.0
-1.33
-1.33
0.0
2.0
-2.33
-0.67
4.33
1.0
-1.33
1.0
-1.67
3.67
0.67
1.33
0.33
-2.33
-3.0
4.67
-1.0
4.0
3.33
2.0
-1.67
1.33
-0.67
2.67
8.67
2.33
1.0
1.67
-1.33
-1.0
0.0
-0.67
0.33
2.67
4.0
1.33
2.0
-7.0
-0.67
7.67
4.67
2.0
1.0
1.67
-0.33
3.0
0.33
3.0
-2.0
-3.33
2.0
-1.67
-1.33
3.67
-5.67
4.0
1.33
3.33
0.67
-1.67
1.0
-0.33
-3.67
2.67
-0.33
0.33
4.67
5.33
3.33
5.67
-4.33
4.0
-0.67
4.33
5.67
-1.33
1.0
0.0
1.67
-1.0
2.0
-1.0
1.67
-2.0
6.67
-0.67
0.0
-4.33
4.33
-1.33
-1.67
-1.67
0.67
2.67
-2.0
0.67
2.33
-3.0
0.33
-1.0
-0.33
1.67
-0.67
4.33
-3.33
-4.0
-0.33
2.33
1.0
-1.33
-2.0
-4.0
3.67
6.67
2.33
1.33
-2.33
0.33
-2.33
1.33
0.33
-0.33
1.67
-2.33
1.33
-1.67
0.67
0.33
-1.0
1.33
2.67
-2.0
-3.0
0.0
1.33
2.33
-4.67
0.0
1.0
-1.33
-4.33
1.0
0.0
2.33
-2.33
-2.33
2.33
0.33
4.67
-2.33
-2.67
-3.33
2.0
-1.33
-1.67
0.0
-3.0
1.33
-3.67
-2.67
-1.33
5.0
-2.67
0.0
-1.33
0.33
-2.33
-2.67
0.0
-1.33
-3.33
5.0
-1.33
2.67
0.33
5.0
0.0
1.0
0.33
-0.33
-1.33
-1.0
4.33
5.67
-4.67
1.67
-0.33
0.67
3.67
-2.33
1.0
5.33
1.67
0.67
6.33
4.33
3.67
10.67
-1.67
-0.33
0.0
1.33
2.33
2.0
0.0
5.33
1.67
2.0
0.67
4.33
2.67
2.0
3.33
7.33
2.67
3.0
-2.0
5.0
5.33
1.33
4.33
-2.33
1.33
-6.0
4.67
4.0
-1.0
-1.67
4.67
-3.67
2.67
3.0
-4.67
0.33
-3.33
-2.0
-0.33
6.0
-1.33
3.0
0.0
4.67
0.0
-1.33
4.33
1.67
-1.0
1.33
2.0
7.33
4.33
4.0
1.67
2.33
3.33
-1.67
-2.33
3.0
3.33
-0.33
-1.0
7.0
-1.33
-3.0
-1.67
-4.67
-2.0
1.33
5.67
2.67
0.67
-1.33
3.33
5.0
3.67
0.33
3.33
4.0
-2.33
3.67
7.33
-3.67
4.0
1.67
8.0
-2.0
4.67
5.0
2.67
6.0
2.0
1.33
5.67
8.0
3.0
20.0
9.67
1.0
12.67
5.0
9.0
11.0
10.67
12.0
13.0
16.33
21.33
24.67
27.67
14.67
21.33
19.33
18.33
22.33
12.67
14.33
20.67
7.33
29.0
11.33
8.33
4.67
9.0
5.0
9.67
16.0
-1.0
3.0
4.33
0.0
-1.0
1.0
8.0
4.0
5.0
5.0
8.67
4.33
-3.0
5.67
9.33
4.0
2.0
3.33
-0.33
6.67
10.67
12.67
2.67
10.33
0.33
1.67
5.33
2.33
3.67
2.33
3.0
5.33
2.33
2.67
-1.0
12.33
-1.0
9.0
7.67
2.67
1.67
2.0
1.67
4.33
3.33
1.0
4.33
1.67
-1.67
3.67
3.67
4.0
8.0
4.0
2.67
-4.33
-1.33
1.0
0.33
10.67
9.0
1.67
4.0
2.67
-6.33
3.33
6.67
-3.67
6.67
3.67
6.67
18.0
6.33
5.0
6.67
5.33
2.67
10.33
8.67
6.33
4.0
2.33
10.67
2.67
5.67
3.0
1.67
5.33
9.67
4.0
3.0
2.33
2.67
8.33
14.0
5.33
8.67
11.67
7.0
-0.67
18.0
9.67
6.33
4.67
4.0
7.0
14.33
4.33
5.67
-0.33
3.33
-1.0
-1.67
13.33
-1.0
3.33
4.0
3.33
2.0
10.33
5.0
10.33
6.0
8.0
9.33
-4.67
6.67
-5.33
5.0
4.0
8.33
-2.67
7.0
5.67
4.67
5.67
8.0
8.67
-0.33
2.33
1.0
8.33
6.33
-0.67
9.67
2.33
2.0
8.0
10.67
5.67
9.67
4.67
2.33
8.0
5.33
0.0
1.33
14.67
4.67
10.33
2.67
7.67
-2.67
3.67
9.67
9.0
0.33
8.67
9.33
7.67
10.67
5.33
7.67
7.67
10.67
11.0
9.0
13.67
8.67
5.0
6.67
5.67
13.0
13.0
19.0
1.33
11.0
15.33
20.0
17.0
19.67
15.67
18.67
8.67
16.67
15.33
23.33
16.67
17.33
25.33
35.33
24.67
26.0
22.67
22.67
31.0
23.33
25.0
34.0
18.33
22.67
19.67
28.67
21.67
18.0
19.33
18.33
18.0
11.67
13.0
19.0
19.33
21.33
7.33
12.33
9.0
11.67
2.67
13.0
19.67
6.0
6.67
5.67
9.33
10.33
12.33
11.33
6.33
14.33
11.0
13.67
1.33
7.0
1.33
3.67
7.0
14.67
0.67
11.67
11.67
0.33
0.67
13.33
18.0
12.0
15.0
3.67
2.67
13.67
11.33
10.67
17.67
2.0
6.33
4.0
2.33
10.67
9.0
9.33
15.67
8.67
6.33
11.0
7.67
9.0
7.33
12.33
9.67
2.33
21.67
17.33
9.67
16.67
13.33
11.33
12.67
1.0
10.33
13.33
5.33
10.0
2.33
6.0
6.33
17.67
5.33
8.67
12.67
4.0
5.0
8.67
10.67
11.33
0.0
1.0
4.67
4.0
4.67
3.33
8.0
15.33
11.0
9.67
6.67
5.33
12.33
6.0
15.0
7.67
17.67
13.67
9.33
-3.33
12.67
14.0
17.0
13.0
9.0
17.33
3.33
9.67
3.0
5.67
10.67
8.0
12.0
18.33
10.33
9.0
2.0
3.0
12.0
2.67
5.67
4.67
6.33
16.0
5.67
12.33
16.67
19.67
-2.33
24.0
9.0
6.67
17.67
7.33
13.67
-3.33
4.67
2.33
11.67
0.0
18.67
-0.33
16.33
22.33
3.67
4.0
6.33
11.33
1.33
5.33
11.33
10.67
10.67
15.0
18.33
5.67
12.0
5.67
3.33
10.0
10.67
8.67
11.33
6.0
12.67
12.0
7.67
13.0
7.0
7.67
6.33
9.0
9.0
17.0
16.33
8.67
4.67
8.33
3.0
12.67
1.67
-1.67
14.67
10.67
4.0
10.33
5.0
22.0
4.33
12.33
12.33
4.67
12.67
6.0
-2.0
5.67
9.33
-2.67
16.67
9.33
6.67
12.67
18.0
16.67
5.67
10.33
1.67
17.67
11.0
18.33
14.33
3.67
11.0
11.0
14.67
7.33
1.0
19.67
-0.67
18.67
5.0
12.33
20.67
12.67
15.0
12.0
12.0
23.33
20.33
12.0
22.33
30.67
12.67
12.0
22.67
19.67
15.67
21.33
30.67
24.67
14.0
22.67
39.67
34.67
37.33
37.67
55.67
48.0
72.33
60.0
82.0
79.33
101.0
109.33
81.33
127.33
135.67
148.0
115.33
114.0
133.0
153.33
168.33
134.33
150.0
144.0
124.67
137.33
150.0
161.67
121.33
126.67
97.67
87.67
81.33
70.33
73.33
65.33
72.67
54.67
53.67
33.33
29.0
29.67
37.67
43.0
26.0
30.33
17.0
17.0
9.67
5.67
27.67
8.33
13.67
10.67
9.67
8.33
-0.33
10.67
10.67
2.0
8.33
17.67
12.0
8.33
3.67
3.33
11.33
15.33
15.67
13.33
6.67
7.67
3.33
20.0
5.33
7.67
6.67
6.33
17.67
26.0
23.0
11.0
16.33
13.0
0.0
13.0
18.67
10.67
18.0
8.67
-3.67
3.0
4.67
15.0
4.67
0.67
13.67
21.0
11.67
20.67
11.0
2.33
4.67
23.67
7.0
-3.67
3.33
11.0
5.0
14.33
-4.0
5.67
22.33
11.0
15.67
15.33
4.33
10.0
11.0
12.0
16.0
12.0
20.0
15.0
21.0
10.0
5.0
14.67
9.33
13.67
18.67
-3.67
21.0
4.0
4.0
13.67
4.0
15.0
-3.33
-6.67
9.0
11.33
5.67
-3.0
8.33
9.67
3.67
16.0
4.67
7.67
18.0
-8.33
9.33
8.67
17.0
8.33
7.0
6.0
1.33
19.0
16.67
19.33
3.0
2.33
14.67
0.0
4.0
-2.33
12.67
3.33
-0.67
1.0
-0.33
1.67
-3.33
6.0
7.0
2.67
-2.0
2.33
8.0
11.33
12.0
2.0
-2.0
-7.67
-2.33
0.33
-5.0
3.67
7.67
8.67
17.0
4.67
6.67
8.0
12.0
4.0
2.67
3.0
7.67
12.33
8.67
18.0
9.67
2.67
18.0
4.0
1.33
18.67
26.67
9.0
15.67
19.0
15.33
22.33
14.0
11.67
0.33
-3.33
36.0
17.33
12.0
18.0
19.67
23.0
12.0
24.33
21.67
13.33
29.33
12.67
30.67
21.0
14.33
8.0
29.33
17.33
0.67
15.0
2.33
11.0
18.67
19.33
1.0
17.33
13.67
10.0
6.33
7.33
13.33
9.33
4.0
9.0
-4.0
2.0
8.33
11.33
13.33
2.67
7.33
15.33
20.0
18.33
9.33
11.33
11.0
12.67
17.67
15.33
-4.67
6.0
4.67
6.33
3.33
5.33
-6.67
22.67
20.67
18.33
2.67
-8.0
4.33
10.0
-3.0
7.33
5.67
4.0
-3.67
4.67
2.0
17.33
8.0
0.67
5.0
10.33
-4.67
5.33
5.0
6.33
11.33
5.67
21.33
7.67
8.33
9.67
20.0
15.67
21.67
9.0
8.67
14.33
-0.33
14.33
18.67
2.67
25.33
-8.0
2.33
7.67
-5.33
12.0
3.0
8.67
7.67
12.0
2.33
4.33
6.67
-0.33
-10.33
14.33
11.67
2.0
2.33
9.33
1.33
11.0
8.67
7.67
-10.67
5.0
2.0
2.33
-0.67
14.0
1.67
5.67
13.33
5.0
4.33
7.33
5.33
6.33
9.33
-3.33
13.0
1.0
10.67
5.67
11.0
11.33
-0.67
10.33
-3.0
4.0
-4.33
0.67
5.33
11.67
-6.33
3.67
-2.67
8.0
4.0
6.67
0.0
-1.0
5.33
3.33
9.67
9.0
-1.33
-0.67
6.33
10.33
3.0
8.67
1.33
-0.67
0.67
0.0
3.67
13.33
-1.33
1.0
1.0
-6.0
-0.33
4.67
6.0
0.67
-3.67
1.67
2.67
2.33
4.0
7.0
2.0
1.0
2.33
5.33
6.67
6.67
-2.0
2.33
8.67
0.0
7.33
-3.67
10.33
19.67
-2.33
0.0
7.67
1.67
-0.33
7.0
-6.67
-2.67
4.0
-0.67
7.33
-4.67
1.0
-5.67
10.0
11.67
-0.67
12.33
9.0
-1.33
14.33
9.67
2.67
11.33
-0.67
11.67
11.33
7.67
16.67
1.0
1.33
7.0
-0.67
8.0
13.0
12.67
16.0
6.0
7.0
4.0
12.67
13.67
10.67
1.0
-5.33
13.33
5.0
-5.67
5.0
3.67
3.33
0.67
11.67
4.0
-5.67
8.67
0.67
12.0
0.33
-7.33
1.0
-5.0
-0.33
1.67
-2.33
2.33
-0.67
-8.67
11.67
2.33
3.67
-2.67
-2.33
5.67
1.0
-1.33
-1.67
6.0
-1.0
2.0
-4.33
-0.33
-5.33
-3.67
-5.67
5.33
-2.0
-3.33
0.0
4.67
2.0
1.67
3.0
-7.0
2.67
-0.33
4.67
0.33
-6.67
-4.0
-3.0
1.67
8.33
5.67
10.67
-2.33
7.33
2.0
-5.0
3.0
-1.33
5.67
0.67
5.67
-4.33
6.67
6.33
1.33
-6.0
5.67
-4.33
4.33
4.33
8.0
5.33
-4.0
7.0
-0.33
-1.67
2.0
-3.67
4.33
5.0
3.67
6.0
-1.33
2.67
2.67
5.67
-2.33
15.67
-5.0
0.67
-2.33
6.0
3.0
3.0
4.67
4.33
-0.67
7.0
0.33
3.67
2.33
2.0
-0.67
-5.0
-2.67
-2.67
8.67
3.0
-1.67
-3.0
6.33
-3.0
7.33
1.33
5.33
-2.67
0.0
2.0
11.33
-0.33
9.67
-1.0
1.67
9.33
-1.33
1.0
-0.33
-1.33
2.67
8.67
6.0
0.33
8.0
5.67
7.33
9.0
9.33
5.67
10.67
10.67
8.33
3.0
0.67
3.33
6.67
-2.67
4.33
-3.33
3.33
5.33
-2.67
-0.33
12.0
5.0
1.67
0.0
-4.33
1.67
3.33
8.67
6.67
3.0
0.67
3.0
-2.33
1.33
-4.67
0.67
5.67
1.67
5.0
-3.67
5.67
2.33
3.33
-1.0
1.67
-6.67
7.0
1.33
5.67
-2.0
2.67
5.33
-4.67
0.33
0.0
-1.67
-0.33
3.33
2.67
-1.33
3.67
4.33
4.0
4.33
0.0
-5.0
-4.33
-2.67
-4.67
9.33
-3.33
0.33
-2.33
-1.67
-2.0
0.0
-3.33
5.67
7.33
7.33
3.0
5.67
-7.67
2.0
1.67
0.33
8.67
-4.33
-0.67
3.0
3.33
5.0
1.33
-3.0
8.33
-0.67
-1.0
-6.67
0.67
1.67
-2.0
3.33
-1.0
-1.33
2.33
0.0
0.33
3.67
2.67
-0.67
1.33
0.67
-2.33
-1.67
6.67
5.0
-4.67
0.0
4.33
1.33
1.67
-1.0
-5.0
-4.0
0.67
-2.33
-0.67
3.0
1.33
4.33
-1.67
-3.33
3.33
0.0
-3.33
-0.67
3.0
-0.33
1.67
2.0
0.67
-1.67
3.33
0.0
-1.67
1.33
