0.0
89.67
28.67
19.67
22.0
64.67
5.33
27.67
102.33
17.33
39.67
149.33
-1.67
59.67
114.67
53.0
0.0
19.67
-6.67
0.0
22.0
-19.67
21.67
14.0
-18.67
2.33
10.67
-5.33
-1.67
8.0
-7.33
-0.33
-2.67
5.33
3.33
-5.33
-2.33
-1.67
-0.33
-1.0
-1.33
-0.33
-0.67
-0.33
1.0
0.0
-1.0
-0.33
1.0
0.0
0.0
0.67
-0.33
-0.33
1.0
0.0
-0.67
0.0
1.0
0.0
-0.33
1.0
0.0
0.0
1.0
1.0
-0.33
-0.33
0.67
1.67
0.0
1.33
-0.67
-0.67
1.67
-0.33
0.0
0.0
-1.33
0.33
0.0
0.0
0.0
-0.67
-1.0
0.67
0.0
-1.0
0.0
-0.33
1.33
3.0
0.0
-0.33
0.67
-1.33
0.0
-1.33
1.0
-0.33
0.67
-1.0
-1.67
-0.33
1.67
-2.67
0.0
-1.33
-1.0
0.0
1.0
-0.33
-2.33
1.67
1.0
0.0
-3.0
-2.0
0.0
2.0
-1.33
-1.0
1.67
-1.0
3.67
3.67
-0.33
-1.67
-2.0
2.67
-0.67
0.67
1.33
0.67
-0.67
2.67
-0.67
-5.33
1.67
2.0
0.67
0.33
3.33
7.33
4.67
0.0
5.67
2.33
-3.0
-6.0
-0.67
0.33
2.0
-2.33
-0.67
-3.0
7.0
-2.0
0.67
1.67
3.67
8.0
1.33
-5.0
-0.33
0.0
1.33
-5.33
-1.0
0.0
-1.67
-0.67
11.33
-3.67
4.33
0.0
0.33
3.67
-2.33
3.33
8.67
1.0
0.33
5.67
1.33
2.0
1.0
4.67
-12.33
1.67
-1.0
4.0
2.67
2.0
2.33
-0.33
6.0
-3.67
-3.67
10.0
3.33
-4.33
4.33
5.67
-8.0
-4.33
0.33
6.33
9.67
-2.33
7.33
3.0
5.33
1.67
-1.33
4.67
0.67
-0.33
3.33
-3.33
0.67
-1.0
3.0
-1.33
0.0
-5.33
4.33
1.0
-2.0
-4.0
1.33
-0.33
0.67
1.0
-1.67
0.33
6.67
3.67
0.0
1.67
-3.67
1.33
-1.33
5.0
6.67
-2.33
3.0
-0.33
4.33
-2.33
1.33
9.0
10.0
0.67
5.0
13.33
3.33
-2.67
-1.0
4.0
4.0
8.0
0.0
-0.33
-1.33
3.67
-3.0
2.33
7.33
-1.67
0.67
0.33
2.33
-0.67
-0.67
3.33
11.33
1.33
4.0
-1.67
-0.67
-2.67
2.67
1.0
1.0
-0.67
7.33
4.0
6.0
-2.33
5.67
4.33
0.67
1.0
0.33
1.33
0.0
7.0
-0.67
7.67
-0.67
4.67
-0.33
1.67
0.33
5.33
3.33
2.0
1.33
2.33
0.0
1.67
5.33
3.0
4.33
3.0
3.67
2.0
-3.33
-3.33
2.67
0.33
3.0
4.0
-4.67
6.0
3.33
5.33
-3.33
-1.0
-0.67
5.33
-3.0
0.67
-4.0
2.33
-1.33
-0.67
1.0
-2.0
3.33
2.67
6.67
6.67
3.67
11.33
4.67
-2.0
-4.33
-1.0
0.67
-4.0
2.33
-4.0
1.33
-0.33
-2.33
-1.0
-0.67
1.0
0.0
-1.33
2.33
4.33
-2.67
1.0
2.0
-1.0
2.67
-1.67
5.33
-4.0
0.0
-3.67
-3.67
-2.33
1.67
-2.0
9.0
5.67
3.33
3.67
-2.33
1.0
-6.33
-1.33
-1.67
-1.0
4.67
-2.67
1.67
1.0
4.33
-0.33
8.33
4.67
4.0
-1.67
-0.33
6.67
7.33
2.0
6.0
-0.33
1.0
3.33
3.0
0.0
1.33
4.0
-1.33
5.0
-3.0
0.0
1.67
4.0
8.33
5.33
7.0
4.0
2.33
0.67
-2.33
-2.0
0.0
5.33
2.67
-4.33
-2.67
6.0
9.67
-2.0
-2.67
2.0
4.0
2.67
-1.33
2.0
2.67
5.67
0.0
1.33
-1.0
-1.33
-1.0
-8.33
2.67
-2.0
-0.33
2.67
-2.0
-2.33
6.33
6.0
3.33
5.33
-4.0
3.33
-2.67
4.67
4.67
-2.67
-1.33
-3.67
0.0
2.67
2.67
3.33
2.33
-2.0
6.67
-0.67
6.33
-1.67
-2.33
3.67
4.33
-2.33
-0.67
4.33
6.67
5.67
-1.33
5.67
5.0
1.0
-1.67
2.67
2.67
-1.0
-4.67
0.0
-1.33
0.0
-2.0
1.67
-1.67
-0.67
-2.33
-1.67
-0.67
-1.0
0.0
2.33
3.0
2.0
2.67
-1.33
2.33
-2.67
-1.0
-1.0
-1.33
3.0
0.33
1.0
2.0
0.0
1.33
0.67
6.33
1.0
-0.67
1.67
3.0
8.0
4.67
3.33
-0.67
-2.33
-3.0
6.33
1.67
0.67
-1.0
0.0
-0.67
-3.67
2.0
4.33
0.67
-2.33
2.67
3.67
-0.67
-1.33
2.0
-0.67
0.0
-0.33
2.33
2.67
-3.33
-3.0
1.67
2.67
1.0
5.0
2.67
2.67
3.67
-2.0
-2.33
3.0
1.33
-4.67
2.33
-3.33
-1.33
-2.33
1.33
2.33
0.0
0.0
1.0
-1.0
-0.33
3.33
-1.67
-2.33
-1.0
5.33
-0.67
-0.33
2.33
-0.67
-0.33
-2.0
3.0
-0.33
-4.0
0.0
0.33
1.0
0.0
-2.0
-2.0
2.33
0.67
3.0
-0.33
1.0
-3.67
2.33
-2.67
-4.0
-1.33
-2.0
-1.0
-2.0
9.33
1.33
-1.67
4.67
-4.33
0.0
-1.0
1.67
-2.67
-1.67
0.0
-2.0
-2.33
0.0
-1.0
1.67
-4.0
0.67
-1.0
0.33
0.33
-3.67
0.33
-0.33
0.67
-2.0
-1.0
-4.0
5.33
-3.33
3.67
-1.33
-3.67
-2.33
-0.33
1.0
-2.33
-0.67
-4.0
-0.33
0.33
1.67
-2.33
1.0
-4.33
0.0
-3.0
-6.67
-2.67
-4.0
-2.33
-5.0
-1.67
1.33
-1.33
-5.0
-1.67
-1.67
3.0
-3.0
-2.67
0.0
-2.33
-1.67
-6.0
1.0
4.0
-3.67
-2.33
-0.33
-6.67
-1.67
-2.0
-5.67
3.33
-2.33
1.0
-3.0
-3.33
-0.33
-7.0
4.0
4.67
-0.33
-7.0
-2.0
-0.33
-3.67
1.67
1.67
-5.67
0.33
0.0
2.33
-2.33
-1.33
2.0
-4.0
2.33
-1.0
1.33
0.67
-1.67
-4.67
4.67
1.0
-4.33
-3.0
-1.0
-4.67
-6.33
-4.33
-4.33
-6.33
1.0
0.0
-3.0
-3.0
2.33
-1.67
-5.67
-5.67
-0.67
4.0
1.0
-2.33
-5.67
-0.33
-3.0
-3.67
-2.67
1.0
-4.33
-8.67
-1.0
-5.67
-2.33
-2.67
-4.33
0.33
-3.0
-2.33
-0.67
-4.33
0.67
-2.67
2.0
-3.0
-8.33
2.33
-4.0
-5.0
-3.33
-6.33
2.67
-7.67
-4.33
-2.0
-4.67
2.33
-4.0
1.0
-6.0
-9.0
-6.0
1.33
-2.33
1.67
-6.33
-6.33
-4.33
8.0
-2.67
3.33
2.0
5.0
-0.67
0.0
-2.0
11.0
-3.0
-1.33
-0.67
15.67
5.67
-1.33
0.33
11.0
5.33
4.33
8.33
18.0
7.0
14.0
14.67
29.33
25.33
32.33
25.0
24.0
30.67
44.33
36.33
41.67
38.67
40.0
36.0
29.0
24.67
21.0
29.33
37.0
14.0
20.0
24.67
2.33
4.33
2.67
7.67
5.67
-4.0
3.33
3.33
7.67
3.33
3.33
-7.0
1.67
0.67
-5.0
-1.67
0.33
-5.0
6.0
-4.33
7.33
3.67
-0.33
8.67
6.0
-1.33
5.33
7.67
3.33
-2.0
-0.33
-3.67
0.0
3.0
-10.33
0.33
-4.33
1.33
1.67
3.33
4.33
-2.0
-4.33
3.0
-6.33
-6.0
6.0
5.67
2.67
1.67
0.67
-1.67
-1.0
-3.0
-1.67
-9.0
-3.33
-2.0
-4.33
-5.33
-2.33
-4.33
-6.0
-13.0
-2.67
1.67
-2.0
2.33
3.0
3.33
5.33
4.0
4.0
-6.0
-4.67
-10.67
-8.33
-3.33
-1.0
-2.67
10.0
1.0
8.0
-2.33
-0.33
-3.33
0.33
-1.33
-2.67
2.33
2.0
-1.0
-4.67
-2.67
-1.33
2.33
2.0
6.67
-2.33
-1.0
0.67
-9.0
-1.33
1.67
-0.33
-3.67
-2.67
5.67
-1.33
3.33
2.0
-7.0
-6.67
1.0
4.67
3.0
-6.33
-4.67
1.33
-0.67
-2.33
3.67
-0.67
-6.33
5.0
-0.67
7.33
0.67
-7.0
-3.33
0.33
-6.67
9.67
1.0
0.67
1.67
0.0
0.33
0.67
-1.67
-3.67
-2.67
4.67
-4.0
2.0
-1.33
0.33
2.33
1.33
-4.67
0.0
8.0
-2.0
-4.0
-4.0
-4.33
2.33
1.0
-1.0
-4.33
-6.67
-1.67
10.33
1.0
6.0
-2.0
-7.33
1.67
-3.33
2.33
8.67
-0.33
-5.67
-5.67
2.0
-5.67
2.0
-6.0
3.67
6.33
-2.67
-7.0
1.33
4.0
4.0
0.0
3.33
0.0
-0.33
-2.0
8.0
14.67
11.67
-0.33
7.67
5.33
-2.67
3.0
10.33
-1.0
4.67
14.0
18.67
18.33
15.0
33.33
21.0
16.0
22.33
27.67
17.0
18.33
35.0
29.67
14.67
20.33
13.33
14.67
14.0
23.33
15.67
10.67
11.33
2.67
16.67
9.67
13.0
11.33
3.33
7.67
4.67
5.33
-0.33
10.67
-0.33
6.0
1.33
0.33
4.0
13.0
4.0
6.33
0.0
16.0
-2.67
11.67
6.67
-4.0
-1.0
2.0
2.0
6.67
3.33
3.67
7.0
9.0
6.67
4.0
3.33
2.33
6.33
-0.67
6.67
7.0
-4.0
-4.33
-1.33
4.0
6.67
9.0
7.0
8.67
4.67
11.67
1.33
2.0
9.67
12.67
1.33
-0.33
-1.67
-2.0
7.67
2.67
7.0
12.0
5.33
4.33
11.0
15.33
2.0
5.0
4.67
7.67
0.67
6.67
-0.33
0.33
6.67
12.33
5.33
-2.67
2.0
9.33
1.0
4.67
15.67
2.0
14.33
4.0
9.0
8.33
11.67
3.67
2.0
5.67
-2.33
13.33
10.0
5.33
7.33
-6.33
1.0
2.67
22.0
17.33
16.0
4.67
15.33
11.33
8.33
11.33
9.33
8.0
3.33
5.67
4.33
5.67
7.0
3.33
1.33
4.67
17.67
7.67
12.0
15.0
9.67
10.67
9.33
12.33
11.67
1.33
16.67
-4.33
2.0
14.67
4.33
0.67
-1.0
-10.67
1.0
13.67
-1.0
-4.67
3.0
-5.33
5.0
5.0
8.67
5.33
8.0
-3.0
6.33
5.0
0.33
-2.67
2.33
4.0
5.67
7.67
7.33
-1.0
2.0
7.0
4.0
10.0
1.67
8.0
1.0
6.0
4.67
2.33
7.67
-0.67
11.67
4.0
7.67
1.67
5.33
2.67
19.33
7.0
8.33
11.33
11.0
11.67
15.67
11.67
20.0
7.0
10.67
3.0
8.33
4.33
10.0
5.33
7.33
0.67
13.67
24.33
3.33
10.0
7.67
4.33
9.67
4.0
4.67
6.33
7.33
8.67
9.0
9.0
7.0
12.67
13.67
9.0
16.67
16.67
3.0
9.33
3.67
12.33
12.0
2.33
12.0
12.33
13.33
13.67
16.33
26.33
18.67
14.33
8.33
7.67
10.67
11.0
17.33
22.0
18.33
18.0
15.33
22.0
11.67
27.33
19.67
25.33
12.33
18.33
38.33
41.0
24.33
32.0
22.33
24.0
52.33
43.67
50.0
49.67
67.33
58.33
73.33
78.33
87.67
104.67
92.33
94.67
113.33
111.67
118.67
107.33
103.33
101.67
105.67
105.33
109.33
114.67
103.0
101.33
93.67
108.0
89.67
68.67
66.67
71.67
49.67
54.67
47.33
38.67
28.0
22.33
15.67
18.67
28.67
16.67
21.0
18.33
15.33
10.0
9.67
6.67
6.0
8.33
6.67
6.33
4.67
12.0
7.67
8.33
8.33
13.0
15.0
5.0
11.0
8.67
8.67
-1.0
14.67
9.33
2.33
7.0
9.33
11.33
6.33
12.0
5.33
7.33
10.0
18.67
13.67
11.33
20.0
-0.33
6.67
1.33
13.0
-0.33
4.0
6.33
6.33
13.0
8.67
10.67
4.67
3.33
3.33
20.33
-6.67
6.33
-4.33
6.0
13.67
21.0
11.67
8.0
4.33
9.67
4.0
21.0
2.67
8.33
6.67
5.33
3.0
11.33
10.33
6.67
18.0
2.33
5.0
9.33
0.0
-0.33
8.67
6.33
11.0
0.0
-1.0
9.33
12.0
0.67
3.67
-0.67
-6.67
1.67
4.33
14.33
1.67
13.67
1.33
6.33
11.67
14.67
14.33
2.0
9.33
19.67
9.0
-0.67
7.0
13.33
9.33
0.67
4.0
13.33
1.33
13.33
10.33
-4.33
5.67
23.0
2.67
15.0
10.0
2.67
7.0
18.0
0.0
7.0
13.0
9.0
12.0
13.33
1.33
-1.0
5.0
10.67
3.33
-5.33
11.0
-3.0
-4.67
-0.33
-3.67
17.0
6.67
2.67
-4.67
-3.0
19.33
1.67
6.0
4.67
-1.67
8.33
9.67
5.0
1.67
-0.67
11.0
21.67
23.33
8.0
17.67
3.0
14.33
12.67
4.67
15.33
16.67
12.67
19.67
21.67
30.33
19.0
31.33
18.33
30.33
37.33
17.0
26.67
36.0
12.0
35.67
26.33
34.0
48.67
35.0
38.67
36.67
31.67
29.0
28.33
32.67
16.0
29.0
20.67
22.67
24.0
13.33
17.33
21.67
12.33
8.33
22.67
28.0
21.67
13.0
-6.33
12.0
4.67
8.33
19.67
5.33
15.0
12.0
6.0
8.33
-7.33
8.67
3.67
10.0
10.67
3.67
7.0
1.67
4.33
7.67
8.33
8.67
12.33
-5.33
6.67
3.67
5.67
12.67
3.67
5.33
25.67
-12.67
15.0
5.0
9.0
2.67
-1.67
8.67
0.67
8.67
8.0
-16.0
-0.67
-3.33
3.33
18.33
1.67
5.0
15.0
6.33
12.67
5.33
22.67
4.67
9.0
-5.67
6.0
4.67
9.0
5.67
5.67
15.0
-5.0
1.0
9.67
-6.0
13.33
10.67
13.0
8.33
-2.33
-4.0
3.0
15.67
8.67
15.33
9.0
13.0
5.0
13.67
-2.0
2.33
-11.0
5.67
13.33
-0.33
-4.67
1.0
2.0
4.0
-4.33
5.33
13.67
-1.33
9.33
-2.0
0.67
1.0
2.0
-6.0
1.67
11.33
8.33
3.33
-1.33
-1.33
7.0
5.33
-4.0
-7.67
18.33
4.33
-1.67
4.0
-2.0
8.33
-0.33
0.33
-2.67
6.0
4.0
4.33
3.67
12.33
2.67
10.33
-0.67
8.67
4.33
-4.67
-0.33
3.33
1.33
-6.33
3.33
0.33
4.33
0.33
-3.33
-4.0
7.0
7.33
-3.0
-4.67
-4.0
-1.0
-7.0
-0.67
-4.0
-1.67
6.0
11.33
-0.67
8.0
1.67
4.33
8.0
-1.67
3.33
-4.67
4.67
2.33
11.0
8.0
1.0
5.33
-3.33
2.67
3.33
-2.33
-2.67
-5.0
2.0
7.0
-4.33
9.67
1.0
9.0
2.33
11.67
-2.67
5.67
4.0
-3.67
-1.0
5.33
8.0
2.67
2.33
12.0
5.33
3.0
4.67
4.67
2.33
0.0
-0.33
1.0
8.33
-7.0
5.33
15.33
8.33
5.0
10.67
11.33
2.67
2.33
1.0
6.67
9.0
11.67
5.0
12.67
3.33
-2.67
6.67
2.67
12.0
5.67
5.33
2.67
1.0
5.33
11.67
-2.67
10.67
3.67
8.33
0.67
-1.0
9.67
5.33
5.0
-4.33
-1.0
1.0
3.0
1.67
0.0
-0.67
12.33
-0.67
5.67
6.33
2.0
0.67
-1.0
6.0
5.0
-2.0
-0.33
-4.0
-0.33
-6.33
4.33
7.33
4.67
10.67
-1.33
8.33
-4.67
2.67
-1.0
5.67
2.0
-5.33
-0.33
3.67
3.0
5.0
3.67
3.33
-4.67
-4.0
7.0
15.67
3.33
5.33
1.67
10.67
7.33
2.0
-2.67
-1.33
7.67
4.33
6.67
-0.33
3.67
3.33
-1.0
-6.33
-4.0
-1.33
6.33
4.67
-4.33
-2.67
7.0
5.0
-4.67
1.33
0.0
-2.0
0.67
-5.0
3.33
-9.0
3.33
0.0
-5.0
-3.67
-0.33
3.33
12.67
0.67
0.33
2.33
7.67
-0.67
7.0
2.33
6.0
-0.67
7.0
-8.33
8.33
-1.0
1.67
0.0
4.0
5.67
3.0
0.33
9.67
-5.0
5.0
-3.33
-2.67
3.33
3.67
3.67
1.0
-1.33
2.0
7.67
5.0
0.0
8.33
5.0
3.67
4.33
5.67
4.0
7.67
-7.0
4.0
0.33
2.0
-1.67
4.33
0.0
5.33
0.33
2.67
7.0
5.33
9.33
3.0
-2.0
3.0
4.0
8.33
5.67
2.33
2.67
-0.67
5.33
6.67
7.33
-1.67
-1.0
-3.67
5.33
-0.67
1.33
4.0
5.0
4.33
2.33
2.0
-2.0
2.67
6.67
-0.67
2.0
5.33
4.33
0.67
-1.0
1.0
3.67
0.0
4.67
-3.0
0.0
-2.33
-3.33
5.33
-4.0
-3.0
4.0
-4.67
4.67
-4.67
4.33
1.67
5.0
-5.0
3.33
-4.33
2.0
-0.67
-2.0
-1.67
-3.0
1.0
2.0
0.0
-4.0
0.0
6.0
4.0
1.33
7.67
5.0
6.0
5.0
1.33
1.33
0.33
2.67
-1.33
-5.67
2.67
-3.0
0.67
-2.33
-0.33
5.67
-1.0
5.33
9.0
2.33
2.33
0.33
-4.67
-3.0
-2.67
-5.67
3.67
2.0
5.0
1.33
0.33
-1.33
3.0
-0.67
2.0
-3.0
2.0
2.67
-2.33
0.33
8.67
-2.33
-3.33
2.0
-1.0
6.0
-2.67
-6.0
-5.33
-0.67
-4.33
-2.67
0.67
1.0
0.0
-1.0
-2.0
3.67
1.67
5.0
-3.67
-2.0
-1.67
-1.33
-4.33
-3.0
-3.33
2.0
0.33
2.0
0.0
