0.0
-21.33
52.67
60.67
132.0
8.67
0.33
128.67
15.33
-19.67
117.67
4.33
-35.67
60.67
28.67
36.0
39.0
60.67
38.33
23.0
18.0
-9.67
8.67
11.0
-14.67
12.33
3.67
-3.33
1.33
10.0
2.67
-0.33
-4.67
5.33
-1.67
-1.33
2.67
0.33
-2.33
1.0
-0.33
1.67
1.33
-0.33
0.0
-1.0
-1.0
0.67
-1.0
1.0
0.0
-0.33
-0.33
-0.33
0.0
1.0
-0.67
0.0
0.0
1.0
-0.33
0.0
0.0
0.0
0.0
2.0
1.67
0.67
-0.33
-0.33
0.0
0.33
-0.67
-0.67
-0.33
-0.33
0.0
0.0
-1.33
0.33
-1.0
1.0
0.0
-0.67
-1.0
-0.33
0.0
0.0
0.0
-0.33
0.33
0.0
1.0
-0.33
0.67
-2.33
0.0
0.67
0.0
1.67
-0.33
-1.0
-1.67
0.67
0.67
-2.67
1.0
0.67
-1.0
5.0
2.0
-0.33
-4.33
1.67
0.0
0.0
-3.0
-2.0
-1.0
0.0
1.67
3.0
3.67
-1.0
-4.33
2.67
-1.33
-0.67
1.0
5.67
0.33
-1.33
-1.67
-3.33
3.33
-2.33
-0.67
-7.33
6.67
3.0
-0.33
-0.67
-2.67
-2.67
0.67
-2.0
4.67
0.33
2.0
3.0
1.33
-3.67
2.0
-6.33
8.33
-1.0
7.0
-1.0
2.67
3.67
1.67
6.0
3.33
3.0
0.67
1.0
-3.67
0.67
1.0
-1.0
4.33
1.33
0.33
-1.67
-1.67
0.0
1.33
-3.33
-1.33
5.33
4.67
2.0
1.33
0.67
1.33
-2.0
7.0
-2.33
-8.33
-0.33
-1.0
-3.0
-1.33
8.0
-4.67
-3.33
2.0
4.33
-2.67
-2.0
2.33
0.67
1.33
-3.33
-2.0
-1.33
-3.67
3.33
3.67
4.67
-0.67
4.0
2.33
5.67
-1.33
-0.33
2.67
2.67
-1.67
1.67
-3.33
5.0
6.0
-1.33
-3.0
-0.33
1.33
-1.0
9.0
12.0
-4.67
4.67
-0.33
7.0
6.33
5.33
-1.33
0.67
10.0
3.67
-3.67
1.33
-2.33
-2.0
2.67
1.67
9.0
3.67
13.33
-1.33
6.33
4.0
-1.0
5.67
6.0
0.33
-4.67
5.33
11.0
6.0
6.0
6.0
1.0
5.67
4.67
4.67
-2.0
9.33
2.33
-6.67
-2.33
2.33
0.33
3.33
0.33
0.33
-2.67
3.33
3.0
3.33
-3.67
4.33
0.67
5.0
-1.0
1.33
6.33
4.0
0.0
-3.33
6.67
2.33
-3.33
5.0
5.33
-0.67
3.0
-1.0
4.33
-2.33
-6.67
3.67
-0.33
-0.33
1.33
2.33
0.33
0.0
2.33
6.33
-5.0
-0.33
3.33
2.0
7.33
8.0
9.67
-1.0
7.67
-4.33
4.67
-4.67
-3.0
2.0
-9.67
3.0
9.33
-0.67
-0.33
6.0
0.33
4.33
1.0
-1.33
0.0
-1.67
-3.33
1.33
9.0
-3.0
3.33
-3.33
5.67
3.67
4.67
2.33
-1.33
-1.0
-3.33
6.0
-0.33
7.0
6.33
0.0
4.33
2.67
-0.33
4.0
0.33
-2.0
7.0
1.67
0.33
5.33
2.33
-3.0
-1.0
1.0
-3.33
-0.67
-2.67
3.0
-2.0
-2.67
2.33
7.67
-0.33
1.0
3.0
-4.33
4.33
6.67
-1.33
1.0
-2.33
-1.33
0.33
-3.0
-1.33
2.33
-0.33
-2.0
1.33
4.67
2.33
0.67
3.0
2.33
0.67
0.67
-3.67
1.0
3.0
5.67
-1.0
-1.67
-6.0
-2.0
5.33
3.0
-5.33
-1.0
4.0
1.0
-1.33
5.0
2.33
0.33
-4.0
2.0
1.33
-1.33
-1.33
1.0
0.0
0.33
4.67
4.67
-3.67
6.0
4.67
1.0
0.33
-3.0
1.0
-0.33
-0.33
2.0
2.67
2.67
-1.0
4.33
-3.0
0.67
-1.0
0.67
1.67
0.0
-3.33
12.67
0.0
-3.33
0.33
2.0
-0.67
5.33
-6.0
0.33
2.33
3.67
0.67
-0.67
1.67
1.33
-2.0
2.67
5.67
0.33
-1.67
0.0
0.67
5.33
0.33
-3.67
-0.33
6.67
5.33
0.67
-2.67
2.33
0.67
0.67
4.67
-0.33
4.0
1.0
-2.67
3.67
-1.33
3.0
-3.67
7.0
-4.33
3.0
-2.0
-2.33
0.33
2.33
2.67
-1.67
-2.67
-3.0
3.0
2.33
-3.0
-2.0
3.67
2.67
2.33
-3.67
-3.0
6.0
5.67
5.0
2.33
0.0
1.0
0.0
-0.67
2.67
6.33
-1.0
-0.67
1.67
-1.0
0.0
1.67
2.33
0.33
1.67
1.0
-0.67
2.67
1.67
-1.0
6.0
1.33
-5.67
3.0
-3.67
-3.33
-1.33
-0.33
1.67
-3.67
-2.33
2.0
-1.67
1.0
4.67
-5.67
-2.33
0.67
-3.0
6.67
0.67
-2.0
5.0
1.67
1.67
0.67
0.0
-0.33
0.0
0.33
-1.67
4.33
-3.33
0.67
2.67
-2.67
-2.67
0.0
0.0
5.0
0.0
-3.33
4.33
-3.67
1.67
0.0
1.33
0.33
-2.33
-0.67
-3.67
-3.33
-2.0
1.0
-0.33
-4.0
-3.0
-0.67
3.0
-1.0
-1.0
3.0
-1.67
-2.33
1.0
0.67
0.0
0.33
3.33
-0.67
1.0
-4.33
-1.0
2.0
1.0
-0.67
1.33
-2.67
1.67
-3.33
2.0
3.0
-0.33
0.33
-1.67
-1.0
2.0
0.67
0.0
-1.0
0.67
3.0
-0.33
-2.0
-3.67
2.33
-2.67
-0.67
-0.33
0.67
5.0
0.0
2.0
2.33
-2.33
0.67
-2.33
1.33
-0.33
0.67
0.0
-3.33
-3.67
0.0
-2.33
0.33
1.67
0.67
3.0
3.67
-1.0
-5.0
-2.67
-0.67
-3.0
3.67
-2.0
1.33
4.33
-1.33
-1.0
-1.67
-0.67
0.0
3.0
1.33
-5.0
-5.33
-4.67
-7.0
0.0
4.0
-2.67
-4.33
-1.33
4.33
2.33
-1.0
2.33
1.33
-1.33
1.0
-3.0
-1.33
-3.33
-3.0
-2.0
-1.33
2.67
-2.0
-3.0
-2.33
3.33
-4.33
-2.33
-6.67
3.33
-4.0
0.33
-1.33
-1.33
-1.0
-4.0
1.33
-4.0
-1.67
-4.33
-2.67
3.33
5.67
1.0
-8.33
-2.0
3.0
-2.67
-2.33
0.67
-3.33
1.67
0.0
2.0
-5.0
-4.0
3.33
-1.67
1.33
-3.67
-1.67
-3.0
-1.0
-1.33
-2.67
4.67
-1.0
-5.67
0.33
3.0
-3.33
-4.67
-2.0
-2.67
-8.33
-2.67
-0.33
-3.67
-1.0
-2.33
-1.67
-3.33
-1.33
-3.67
-6.0
-1.0
-1.33
-3.67
-10.0
-4.0
1.67
-3.33
5.67
-3.67
-0.33
0.0
0.33
0.33
-6.0
-4.0
-8.0
-5.0
-4.0
-0.67
-2.33
1.67
-6.33
-3.33
0.67
1.0
-5.67
-3.67
0.0
-2.0
-3.67
-3.0
3.0
-3.0
0.0
-0.33
3.33
6.67
7.67
4.67
12.33
1.0
18.33
17.33
19.33
15.0
20.0
19.0
27.67
23.33
42.33
32.33
25.0
39.0
43.67
44.33
44.33
42.67
34.67
34.0
26.0
28.0
31.67
46.0
39.33
31.0
24.0
21.0
21.67
16.33
9.33
5.67
6.67
2.67
1.0
6.33
2.33
2.67
2.33
3.33
4.0
3.67
7.67
3.0
-2.67
-4.67
-6.0
-6.0
-3.33
7.33
0.67
2.67
0.67
-8.0
-0.33
15.33
0.67
1.33
-3.0
5.67
6.33
-7.0
2.0
-5.33
-2.67
-11.33
-2.67
-2.33
7.33
4.33
3.0
1.67
-5.0
0.67
-7.0
-2.0
11.67
-0.33
5.67
2.67
-0.67
-8.0
1.0
-3.67
-2.0
0.67
9.0
-3.33
2.67
3.67
-2.33
2.0
1.0
-6.67
4.67
2.0
3.33
2.0
-4.67
7.33
-3.0
6.0
-7.0
-6.67
-0.67
1.67
0.67
0.0
-2.67
3.0
-3.0
7.0
-4.33
7.67
-7.33
1.33
-9.33
-2.67
-4.67
1.0
-8.0
-6.67
-1.67
1.67
6.33
8.0
0.67
-5.33
-2.0
-4.33
2.0
-0.33
-0.33
-1.33
-1.67
-2.67
3.67
8.67
4.33
6.0
5.0
-1.67
-5.0
6.67
-2.0
-2.33
2.33
9.33
-1.67
-1.33
-1.33
-4.67
-6.33
9.0
10.33
-3.67
-1.33
-4.0
1.67
3.33
-8.67
-3.33
0.0
-3.33
-0.33
-3.0
6.33
3.67
7.33
-5.67
3.33
4.67
4.0
-1.0
7.67
-2.67
4.33
-7.67
-3.67
-3.0
-1.0
-3.0
4.0
-12.0
1.67
5.33
6.0
0.0
-2.33
3.33
1.33
4.33
-8.0
3.0
13.0
-6.33
-3.33
-1.33
-0.67
7.67
-2.33
3.33
8.33
2.0
3.33
0.0
2.0
0.67
0.33
9.33
8.0
7.33
-3.0
-2.0
-2.0
0.33
-2.0
3.67
6.0
3.0
7.67
7.67
6.67
10.67
4.33
5.33
4.0
15.33
13.0
7.67
7.0
11.67
12.33
16.0
26.33
30.0
25.0
26.33
9.67
12.0
30.33
21.0
29.67
11.67
28.33
24.33
10.67
10.0
11.33
21.67
11.67
7.33
5.67
10.67
6.67
6.0
3.33
5.33
9.67
1.67
-1.67
0.67
14.67
-0.33
5.0
3.33
9.33
15.0
0.0
6.0
6.33
3.0
15.0
2.33
7.67
8.67
1.0
10.0
9.0
9.0
5.67
4.33
15.67
-1.0
11.0
5.67
1.0
4.33
-2.67
15.33
4.33
9.67
8.0
2.0
5.67
4.67
1.0
-3.33
-1.0
13.0
6.67
-1.33
6.67
1.33
6.0
4.67
8.67
6.33
11.67
1.33
6.0
9.67
1.67
-2.0
12.0
15.33
13.33
11.0
8.33
13.0
0.0
7.67
8.67
3.67
7.67
4.67
-2.67
6.67
0.33
4.33
8.33
6.0
14.33
9.0
9.67
6.67
-1.0
4.33
8.0
1.0
7.33
9.67
20.67
-3.0
6.67
0.67
12.33
7.0
-0.67
14.33
-4.33
11.0
-6.33
-1.0
7.33
-2.0
23.67
7.33
10.33
2.33
3.33
2.33
5.0
16.33
13.67
7.33
3.67
13.0
7.33
5.33
16.67
6.67
11.67
12.0
6.0
7.67
3.67
5.33
11.33
0.67
14.33
2.67
3.67
-4.0
14.67
5.33
7.67
2.0
5.33
-4.0
17.67
7.0
1.33
7.0
7.67
1.0
10.0
5.67
4.33
19.0
4.0
4.33
4.0
13.33
-4.67
9.33
14.0
-10.33
3.67
14.33
5.0
9.0
-4.0
4.0
3.0
4.67
7.0
4.0
2.0
9.67
-3.67
6.67
0.33
3.67
3.0
14.67
9.67
4.33
6.67
17.33
15.0
5.33
10.33
8.0
6.67
8.67
-0.33
6.0
19.0
5.67
6.0
5.33
6.33
3.0
1.33
4.33
8.67
3.67
6.33
5.33
6.0
4.67
12.33
5.67
0.0
5.67
8.33
2.33
16.67
7.0
14.0
2.0
9.67
13.67
1.0
-1.33
8.67
10.0
14.33
10.67
13.33
8.0
5.33
14.0
14.33
7.33
9.67
15.33
20.33
22.67
15.33
22.33
24.67
8.67
20.0
22.33
17.0
16.33
26.0
21.33
24.0
28.67
16.33
17.67
30.33
13.33
19.33
29.33
25.0
31.33
40.0
43.33
38.0
65.33
33.67
72.0
54.67
59.33
91.33
90.33
91.33
96.67
107.67
113.33
116.67
110.33
111.67
117.67
139.33
124.33
122.67
126.67
108.33
94.33
134.67
120.0
89.33
99.67
91.0
80.67
80.67
82.67
75.67
40.67
43.67
36.33
42.67
48.0
28.33
17.67
20.67
17.67
24.67
21.0
13.33
13.33
22.0
4.67
13.67
11.0
14.33
12.67
19.33
24.67
5.0
10.67
8.33
4.33
14.0
15.0
-2.0
19.0
6.67
10.67
2.0
12.67
6.33
11.33
0.0
19.33
13.33
14.33
9.0
10.33
7.33
30.0
13.67
-4.33
14.33
16.0
5.67
10.67
0.33
13.0
5.67
6.0
3.33
9.33
-1.0
7.67
8.67
6.67
3.33
16.33
7.33
1.33
13.33
16.67
-1.0
3.67
17.0
2.67
10.0
10.33
-0.33
13.0
13.0
20.67
17.33
4.67
7.33
18.0
6.33
10.33
3.67
14.0
1.33
5.0
11.33
10.0
-2.33
9.67
18.33
13.0
1.0
16.0
19.33
15.0
7.67
1.67
0.33
7.33
8.67
11.33
12.33
7.67
1.67
6.33
3.33
15.67
-0.33
16.33
16.0
7.33
6.67
2.0
12.33
0.0
10.33
12.33
6.67
13.0
4.33
10.33
8.33
22.33
8.67
6.67
18.0
17.67
7.0
11.0
6.67
-1.0
12.0
11.0
2.0
13.0
9.0
7.0
12.33
18.33
-8.0
9.0
8.67
2.33
6.67
9.0
1.0
14.33
8.67
3.33
20.0
9.67
3.67
11.33
0.0
2.33
-5.33
5.0
-5.33
4.33
23.33
7.67
8.0
6.67
5.33
10.0
19.67
10.33
17.0
10.67
10.0
15.33
15.67
4.67
22.33
14.67
22.67
17.67
12.67
20.33
16.0
17.33
21.33
24.33
27.33
38.0
28.67
28.0
32.0
30.67
31.33
45.0
33.67
33.0
25.67
32.67
28.67
30.0
19.33
42.67
21.0
34.0
14.67
34.67
25.0
11.33
13.33
18.67
32.33
14.33
9.67
7.0
21.67
15.0
7.67
0.0
7.67
5.33
17.67
10.33
6.0
13.0
0.0
7.33
3.67
6.67
-1.33
11.0
0.67
13.67
-6.0
6.67
13.33
8.67
4.33
16.67
10.33
4.67
6.67
21.67
13.67
6.67
-12.33
1.33
18.67
7.33
10.0
-2.0
7.0
-1.33
-2.67
2.67
5.67
-3.33
15.0
-4.0
1.33
5.67
4.33
5.33
6.67
3.0
13.0
14.33
3.67
5.33
3.67
9.67
11.0
2.33
7.0
9.67
-5.0
3.67
14.67
13.0
14.0
7.0
8.67
9.0
14.33
-3.33
9.0
4.33
0.67
-9.0
0.0
19.67
6.67
-1.67
10.0
21.0
-5.0
3.67
4.0
2.33
-4.0
1.67
6.33
4.67
1.33
-4.0
-3.0
2.0
8.67
1.33
-2.33
5.67
-6.67
0.0
-3.33
8.0
4.0
4.0
6.67
11.33
-5.67
7.33
-5.33
-8.33
-1.0
2.33
-9.0
-2.67
10.33
-3.67
4.33
-12.0
1.0
4.33
6.67
-3.67
-1.67
0.0
0.0
5.33
6.67
-1.67
-8.33
2.33
11.33
4.67
4.33
-7.67
-4.33
12.33
2.33
-2.33
8.33
9.33
0.33
1.33
2.67
-6.0
8.0
8.33
-4.0
-4.67
1.0
2.0
-12.0
-1.67
2.0
7.33
3.0
7.33
0.33
1.0
7.67
7.33
-1.0
-2.67
-1.67
-2.67
12.67
-5.67
3.0
2.0
-6.0
0.33
-1.33
1.67
-5.67
1.67
-7.67
-5.0
4.0
-5.0
5.67
0.67
1.0
7.0
3.33
4.67
5.33
1.67
-6.0
-0.67
1.0
-8.67
5.0
6.67
-0.67
-4.0
3.33
5.0
3.67
1.67
7.33
-7.0
5.67
4.0
5.33
4.0
3.33
7.33
0.33
9.0
9.67
4.33
-1.33
-4.67
7.0
5.67
9.0
9.67
8.0
10.67
9.33
4.33
4.67
12.67
2.0
10.67
9.33
-1.33
4.0
-6.67
0.67
2.33
8.67
-7.33
1.33
-3.33
0.0
7.67
-1.67
-3.0
1.67
3.0
5.0
3.0
1.67
3.0
4.33
1.33
-4.67
3.67
6.33
2.0
5.67
4.0
0.0
0.0
-6.0
0.67
-7.0
4.67
-2.33
1.33
-0.67
-2.33
0.67
-4.33
-0.67
1.33
5.67
0.0
11.67
-3.0
-1.33
-3.33
-5.33
5.0
-1.0
-0.33
4.33
-0.67
2.0
0.0
9.67
4.33
6.33
-3.33
5.67
5.33
2.0
6.33
-8.33
-6.33
1.33
8.67
-3.33
6.67
-6.67
-2.0
-8.33
0.0
-2.33
0.33
9.67
1.67
-1.67
-6.0
3.0
-6.67
-0.67
1.0
2.0
3.67
0.0
6.33
2.0
1.33
3.0
8.0
0.33
-6.33
4.33
3.67
-6.33
2.33
2.33
1.67
0.33
3.0
3.33
4.0
0.33
6.0
-7.33
-1.67
-3.0
-1.33
1.0
-3.0
-2.33
0.0
9.33
2.67
-6.0
4.0
1.67
-4.67
-6.67
-0.33
-0.33
-3.0
-2.33
0.0
3.67
0.0
1.0
10.33
1.0
4.67
11.33
8.67
3.0
1.67
1.0
-2.0
5.33
1.0
4.33
4.33
7.0
6.33
1.33
2.67
5.0
1.33
5.33
3.0
2.0
6.0
8.0
5.33
2.67
5.33
4.67
5.33
-0.67
4.67
-3.67
-2.67
1.0
-2.67
4.33
-5.67
-0.67
2.0
7.0
-2.67
-5.67
2.0
1.0
-3.33
1.67
-0.67
-1.0
-3.67
5.33
-2.33
-10.0
-4.0
-1.33
4.0
0.67
-2.0
-1.0
6.67
-2.33
1.33
2.0
-4.0
-1.0
-5.67
6.67
-3.67
1.33
5.67
2.0
0.0
5.33
1.67
4.0
-2.67
4.0
-4.67
1.0
7.0
0.0
-1.0
-4.0
8.0
8.0
-3.0
3.33
-0.33
7.0
6.0
5.0
5.33
8.33
2.33
5.67
-3.33
0.33
-1.33
0.0
1.67
-0.33
-2.33
1.67
-3.0
16.33
4.0
-2.67
6.33
0.33
3.33
-3.0
-4.67
2.33
-1.33
-3.0
2.0
-1.67
-1.67
1.67
2.0
-2.67
-1.0
0.0
-1.0
2.67
8.67
0.33
1.67
0.67
-3.33
2.0
-1.0
-1.0
0.33
4.0
-3.33
1.33
-2.33
5.33
5.67
-2.0
1.0
-1.0
3.0
6.67
-2.33
5.0
-1.67
0.0
-0.67
-0.33
-2.33
-1.0
-6.33
1.0
4.33
-3.0
-5.0
