0.0
47.67
50.67
31.67
68.0
-54.33
-13.67
0.67
60.33
17.33
103.67
54.33
7.33
101.67
-44.33
1.0
83.0
67.67
38.33
14.0
6.0
-11.67
-1.33
24.0
-13.67
11.33
20.67
-16.33
2.33
3.0
-0.33
4.67
-2.67
-2.67
-1.67
-0.33
2.67
-1.67
-0.33
1.0
-1.33
-0.33
1.33
1.67
1.0
-1.0
-1.0
-0.33
-1.0
1.0
0.0
0.67
-0.33
-0.33
0.0
0.0
-0.67
0.0
0.0
0.0
1.67
0.0
0.0
0.0
1.0
0.0
-0.33
-0.33
-0.33
-0.33
0.0
1.33
-0.67
-0.67
-0.33
0.67
0.0
0.0
-1.33
-0.67
-1.0
0.0
0.0
-0.67
-1.0
-0.33
1.0
-1.0
1.0
-0.33
0.33
1.0
0.0
-1.33
0.67
-1.33
1.0
-1.33
0.0
0.67
-0.33
0.0
0.33
-0.33
0.67
-2.67
-1.0
0.67
-1.0
-1.0
-2.0
1.67
-2.33
-0.33
2.0
2.0
-3.0
-1.0
-2.0
0.0
3.67
1.0
0.67
6.0
-3.33
1.67
0.67
0.33
2.0
-0.33
2.33
2.67
-1.67
-1.33
4.33
0.67
-4.67
-6.33
8.67
2.0
4.67
-4.67
1.33
2.33
-5.33
4.0
1.67
0.33
4.0
1.0
1.33
-2.67
-1.0
-0.33
6.33
3.0
-1.0
1.0
-0.33
6.67
-5.33
-2.0
-2.67
1.0
-3.33
4.0
-7.67
-2.33
3.0
2.0
0.33
6.33
-0.67
-6.67
3.33
-2.0
1.33
3.67
-1.33
2.33
-7.33
6.0
4.33
2.67
1.33
-7.0
-2.0
-2.33
-6.33
-3.33
2.0
5.0
-5.33
-7.0
2.33
0.67
4.0
3.33
3.33
3.0
0.33
-4.33
7.33
-2.33
-3.0
-2.33
-1.67
-0.67
5.67
1.67
6.33
15.0
7.33
0.67
-1.33
2.67
2.67
5.67
5.33
-0.33
-1.33
-7.0
2.0
1.67
-4.0
-2.33
2.33
3.0
4.0
0.0
-2.67
-4.33
0.67
2.0
1.33
-1.67
0.67
-2.33
3.0
-0.33
-3.67
6.33
-2.33
9.0
-0.33
-4.33
2.0
4.67
3.33
-3.33
4.33
6.0
2.0
6.67
4.0
2.33
-1.67
1.33
10.0
1.0
3.0
6.0
0.0
-1.33
3.67
2.67
0.0
5.33
2.33
0.33
-2.33
0.33
-2.67
-0.67
2.33
-1.67
5.33
2.33
-1.0
-1.67
-4.67
1.33
-1.33
0.0
-2.0
-0.67
3.33
4.0
-5.0
-3.33
2.67
5.33
4.67
2.0
-3.67
-2.67
7.0
-3.0
8.33
-0.33
0.33
-4.33
2.67
5.67
-0.67
1.33
4.33
4.0
2.33
4.33
7.0
0.67
4.33
1.0
3.33
3.0
1.67
1.0
1.67
-1.33
8.67
2.33
5.0
2.0
-9.67
7.0
2.33
-0.67
-6.33
2.0
5.33
4.33
5.0
1.67
8.0
13.33
-5.33
-1.67
4.0
-3.0
3.33
-1.33
3.67
1.67
-0.33
-0.67
-2.33
0.0
5.67
-3.0
1.67
-4.0
1.33
-2.0
-1.67
1.67
0.67
2.0
-2.67
-5.0
1.0
0.67
6.33
2.33
3.33
-3.0
7.0
2.0
2.67
1.33
-4.67
0.0
-4.0
2.33
-1.67
0.67
3.67
6.0
1.0
0.67
1.33
2.67
-2.33
3.0
-2.33
-2.33
3.33
0.0
2.67
2.33
-4.33
-1.0
3.33
2.67
3.33
-1.33
0.0
-0.67
1.67
2.67
-4.67
1.0
-1.0
3.67
1.0
-1.67
-5.0
3.0
0.33
3.0
-1.33
-3.0
3.0
0.0
-1.33
-1.0
-1.67
7.33
-2.0
6.0
1.33
0.67
-3.33
0.0
7.0
3.33
-1.33
0.67
0.33
2.0
1.67
-3.0
1.33
0.0
-3.0
1.67
-3.33
-1.0
4.67
2.67
2.0
4.33
4.0
2.67
-2.0
-10.33
3.67
-5.0
-0.33
1.67
0.0
-1.33
5.33
4.0
-1.67
1.33
-1.0
4.33
1.33
-1.33
2.67
-4.67
1.67
-2.67
0.0
2.67
4.67
2.33
0.33
-3.0
0.67
-2.67
0.33
-1.67
-3.33
-0.33
1.33
4.67
4.33
2.33
4.67
2.67
1.67
1.67
4.0
-1.0
-3.67
1.67
1.67
3.0
-1.67
1.0
-1.33
2.0
0.0
3.67
5.33
-2.67
-0.33
4.33
-0.67
-2.0
3.0
3.33
-2.0
-4.0
-2.33
-2.33
-1.67
7.33
1.0
1.0
1.67
2.0
5.33
0.0
-1.0
1.0
-1.67
4.67
2.33
4.0
1.33
0.67
6.0
5.0
-1.33
-0.67
4.33
-0.33
0.0
0.33
-2.33
0.67
-4.0
-2.0
0.33
-2.67
0.0
-1.67
1.67
3.67
1.67
3.67
0.33
-1.33
0.0
2.33
-1.0
0.67
2.33
1.67
0.67
0.0
7.67
-0.33
-4.0
3.0
4.67
-3.33
3.67
-2.0
-2.33
0.0
3.33
-3.67
0.33
-0.33
3.67
-5.33
2.33
-0.67
3.0
0.0
-1.0
-4.0
-5.33
0.33
-1.67
-1.33
-2.0
1.33
1.33
1.67
-0.67
-1.67
-2.33
3.0
0.0
-2.33
-2.0
-2.0
-0.67
3.0
0.0
3.0
-1.0
2.33
5.67
1.0
0.67
-2.0
-6.67
-2.67
-0.67
0.0
-5.33
6.0
4.0
2.0
0.33
0.33
-2.67
4.67
0.67
1.0
-2.0
-1.33
0.33
6.33
2.0
0.0
-0.33
2.0
2.0
-4.33
-2.0
-0.33
-3.0
0.33
-0.67
2.33
-0.67
-0.33
3.67
0.0
-1.0
1.0
2.33
-5.33
-0.33
-3.33
-1.67
2.67
-3.33
1.0
-4.33
-2.67
4.0
0.67
0.33
4.67
-0.33
1.0
-1.33
-4.0
-1.0
0.33
2.33
-5.0
-8.33
-4.0
1.33
0.33
0.67
-1.0
0.33
-5.67
3.0
-3.0
-4.67
1.0
3.67
-2.67
-3.0
-3.0
4.0
-1.67
4.67
2.67
1.33
1.33
5.0
-4.67
1.33
1.67
0.0
-5.0
-2.33
0.67
-1.0
1.0
3.67
0.67
-4.0
-7.0
-1.33
-1.67
3.67
-4.33
-6.67
-5.67
-6.0
5.33
0.67
-1.33
2.0
0.0
2.33
-1.0
0.33
-5.33
-0.67
-0.67
-3.33
0.0
-1.33
-2.0
-5.0
2.33
-0.33
1.67
3.67
-5.33
-1.0
2.0
1.0
-4.0
-3.67
-1.67
-2.67
-3.67
-1.67
-5.0
1.0
-0.33
0.33
1.67
-5.0
-5.67
-1.67
6.0
-3.33
-2.67
-6.0
-1.67
-3.33
-5.67
-0.33
-3.67
-2.0
-1.33
4.33
-5.33
-4.33
-3.67
-3.0
-3.0
-1.33
0.33
-1.0
-5.0
-6.33
-8.33
0.67
-2.67
-5.33
0.0
8.33
-0.67
-4.0
3.0
-4.0
-7.0
0.0
0.33
-8.33
-1.33
-1.33
2.67
2.67
1.0
-5.67
2.33
1.0
0.0
3.33
-1.0
-6.0
-1.0
2.0
-2.33
12.33
8.67
3.67
0.67
14.33
9.0
11.33
13.33
16.33
24.0
11.0
9.0
11.67
40.33
18.33
40.33
40.0
30.0
47.67
48.33
44.33
50.67
57.67
49.0
42.0
48.0
37.67
35.0
36.33
30.0
36.0
15.0
24.67
15.33
8.33
11.67
10.67
13.67
9.0
-1.67
4.33
3.67
4.33
1.33
0.0
2.67
2.67
-5.0
2.33
9.33
-12.0
4.0
-1.33
-1.67
8.67
-0.33
-2.33
2.0
10.67
2.33
11.67
-0.67
7.0
-3.33
3.33
-3.0
3.0
-7.33
3.33
4.67
4.33
5.67
4.33
9.33
-11.0
-3.33
4.0
-7.33
-8.0
-7.0
-2.33
6.67
-0.33
-2.33
0.33
1.0
-4.0
-6.67
-6.0
-4.33
-1.0
7.67
-4.33
-5.33
-3.33
8.0
-10.0
-7.67
-1.33
1.0
0.33
0.0
3.33
5.33
-1.0
-5.0
-3.0
-4.67
-3.67
-0.33
1.67
8.0
-7.67
-1.0
5.0
0.0
-4.33
-4.33
1.67
-2.67
-7.33
-8.67
-3.67
1.0
-11.0
-6.67
-2.67
-2.33
-5.67
1.0
-3.33
7.67
5.0
-5.33
0.0
2.67
1.67
-5.33
1.33
2.33
-0.33
-0.33
3.33
0.0
4.0
-3.67
1.0
1.67
-3.0
-0.33
-0.67
0.33
1.33
0.67
1.67
-1.67
-0.33
-1.0
2.33
1.33
-9.33
-5.0
2.67
-3.67
-9.67
-4.33
-7.0
-1.33
-0.33
-1.0
6.33
0.67
4.33
3.33
0.33
-4.33
-7.0
4.0
1.67
-0.67
-3.67
5.33
-2.67
12.0
0.0
0.0
0.0
5.0
2.67
9.33
10.0
-4.0
-1.33
1.33
-1.67
4.33
1.0
5.0
6.0
1.67
-5.33
4.67
1.33
-1.33
6.67
3.33
-8.67
-8.0
5.33
1.0
2.0
-3.33
-1.67
-5.67
5.0
5.33
-3.0
12.0
7.0
1.33
-2.0
-2.33
1.0
6.0
6.67
6.67
7.67
12.67
5.33
10.33
12.0
15.33
12.0
17.67
14.0
5.67
15.33
13.0
14.33
21.0
18.0
29.33
26.67
14.0
39.33
40.0
29.67
23.67
28.33
24.33
21.67
17.0
20.33
10.67
4.67
14.33
7.67
14.67
9.67
7.0
9.33
15.33
4.67
3.67
-5.67
3.67
2.67
2.67
-2.0
11.33
13.33
7.0
10.0
13.0
-1.67
6.0
6.0
5.33
2.67
6.67
-1.0
2.0
4.0
15.0
1.67
8.33
-5.33
-4.0
2.0
12.67
0.0
-0.67
0.33
-0.67
-1.67
6.67
14.0
4.0
2.67
6.67
5.0
1.67
15.0
6.0
2.67
-1.33
7.67
4.33
14.0
4.67
9.67
-0.67
11.67
11.33
12.0
13.67
4.67
3.0
11.0
4.33
3.33
-4.0
14.33
16.0
6.0
6.67
6.67
5.67
3.67
-2.33
-2.67
2.67
4.33
10.33
11.33
-4.0
0.33
11.0
11.67
13.67
1.0
6.33
10.0
11.0
-0.67
2.67
1.67
5.0
-0.33
3.67
11.33
16.0
3.33
6.33
6.67
0.0
9.67
16.0
10.33
8.0
0.67
4.33
2.33
17.33
19.33
0.33
12.0
8.33
10.67
4.33
7.67
6.0
-2.67
7.33
10.67
17.67
5.67
20.0
8.0
11.67
1.67
-4.67
5.33
-6.33
9.33
9.67
0.67
-8.0
4.67
-1.67
16.67
-1.0
8.33
0.0
5.67
2.0
3.33
5.0
-3.33
-1.0
6.0
5.67
6.33
13.0
9.0
10.33
5.0
3.33
-4.67
10.33
9.0
7.67
10.67
0.33
3.0
-2.0
8.0
5.0
10.0
5.67
5.0
8.0
11.0
7.67
3.33
1.67
-0.67
7.67
10.0
6.67
16.67
2.33
0.67
0.33
8.0
1.33
8.33
12.0
7.67
2.67
12.67
17.0
24.0
6.67
-2.0
3.33
13.33
12.0
-2.67
4.33
6.67
18.67
7.33
3.33
14.0
13.67
8.33
8.67
6.0
17.67
11.33
9.33
9.67
7.0
2.0
12.0
18.67
4.67
4.0
10.67
21.67
16.0
13.33
9.67
10.33
7.0
13.33
19.0
15.33
12.33
17.67
14.33
16.33
19.67
31.33
9.33
32.67
18.67
29.0
18.33
17.0
23.33
30.0
24.33
14.0
28.67
27.33
20.67
24.33
6.33
19.33
20.33
30.0
44.33
46.0
37.33
50.0
72.33
53.67
69.0
78.67
77.33
83.33
103.33
117.33
132.67
130.67
138.33
140.67
166.33
144.67
145.67
178.33
175.33
169.67
143.67
154.33
155.33
152.67
133.0
157.33
123.67
151.0
133.67
124.67
105.67
86.67
76.67
71.67
57.33
41.67
29.0
52.33
21.67
25.67
19.67
26.67
23.0
10.33
19.33
16.0
11.67
18.67
18.0
2.33
7.67
9.33
13.67
6.0
10.67
6.33
-0.67
9.0
1.0
6.0
6.0
12.67
15.67
10.0
3.67
14.33
12.33
5.0
10.33
21.33
8.33
18.0
2.33
4.33
13.0
15.67
1.67
0.33
7.0
13.67
7.67
4.33
19.0
9.67
4.0
18.33
16.33
7.0
3.67
4.67
11.67
10.33
12.33
-0.67
-0.67
11.33
5.67
5.0
10.67
15.0
14.67
5.0
7.33
15.67
12.0
11.0
-4.33
14.33
14.67
19.33
10.0
16.33
17.33
13.67
16.0
10.33
24.0
12.33
-3.0
6.67
13.67
22.33
5.0
3.0
14.0
10.33
4.0
18.67
14.67
6.33
5.33
9.67
6.33
3.33
16.67
8.67
11.33
2.33
8.67
-0.33
17.33
9.0
10.33
13.67
-1.0
1.33
12.0
11.33
22.33
5.67
-1.0
16.33
-3.67
3.33
-1.67
1.67
2.67
9.0
0.67
-3.0
8.0
0.67
11.0
4.0
-4.0
-9.0
6.0
9.0
14.0
-6.67
11.33
4.0
2.0
8.67
10.33
6.67
0.0
-4.0
9.33
7.67
15.33
-1.0
8.67
12.67
6.33
2.0
15.33
2.67
-3.0
2.67
2.33
4.33
8.67
14.0
2.67
8.33
10.0
9.67
21.33
12.0
3.67
12.0
21.33
7.67
13.67
31.33
21.67
14.67
22.67
23.67
21.33
25.0
17.33
36.33
24.33
17.33
29.0
13.67
34.0
30.0
29.67
37.33
36.0
33.67
32.0
23.67
24.67
22.67
45.0
21.33
33.67
28.0
28.0
18.67
22.67
27.0
21.33
32.33
6.67
18.33
17.33
26.67
19.0
20.67
8.0
18.67
20.0
3.67
1.33
20.67
7.33
15.0
16.0
-3.0
13.33
-0.33
7.67
10.67
8.0
2.67
12.67
10.0
7.67
0.33
17.67
19.33
5.67
12.33
-0.33
-4.33
1.67
11.67
10.67
-0.33
6.33
3.67
1.33
9.0
3.0
8.0
11.67
-2.67
13.67
0.67
5.67
10.0
-2.0
4.33
9.67
13.33
17.33
4.67
4.0
6.0
0.33
20.67
4.33
-9.33
14.67
6.0
0.33
9.0
11.67
10.0
0.67
2.67
8.0
2.0
9.0
2.67
17.0
9.33
2.67
-3.0
8.33
-1.33
1.0
9.0
16.67
6.67
8.33
1.0
10.0
2.0
1.67
16.0
2.33
18.0
3.67
-2.67
-1.33
9.33
0.0
6.0
0.0
1.67
15.33
11.67
7.67
-4.67
10.0
-3.33
13.0
10.0
-2.0
2.67
0.33
4.33
2.33
-4.33
-1.33
-1.0
-4.67
4.0
-3.67
12.33
10.33
-3.67
-2.0
7.0
3.33
-1.33
3.33
0.33
6.0
-3.0
-5.67
-7.33
4.33
-6.33
0.33
2.33
-3.33
6.33
7.33
-0.33
-1.67
-9.67
-3.33
3.33
5.33
14.33
-0.67
9.67
0.0
5.0
7.33
-3.0
0.33
-1.0
8.0
-5.0
-1.67
-5.0
-9.67
-7.0
5.33
-4.67
13.0
8.67
-1.67
8.0
3.33
4.33
-3.67
3.67
1.33
-4.0
16.0
-2.0
3.33
-4.33
8.67
0.33
-1.33
-3.67
-3.0
0.0
0.0
-5.33
3.67
-6.0
14.0
4.33
6.67
-0.67
0.67
0.0
8.33
1.0
-2.67
3.0
5.67
-2.67
2.0
10.33
0.0
6.67
4.67
-2.67
4.0
-5.33
1.0
1.33
-2.0
-7.67
9.33
8.33
18.0
20.67
11.33
11.67
-0.67
7.0
10.67
13.0
10.67
12.0
7.67
2.33
1.33
6.67
0.67
4.0
4.67
-0.67
5.67
5.0
9.33
18.67
-6.67
0.67
0.67
7.33
2.67
5.0
-6.33
-1.67
2.0
-0.33
1.0
6.0
3.0
-2.33
2.0
4.33
6.33
-3.67
5.67
1.33
7.0
1.67
1.0
7.0
-1.0
-3.0
10.67
-9.0
-1.33
1.67
9.33
7.33
-6.33
1.67
2.67
4.33
1.33
2.67
2.0
6.67
-2.0
3.67
2.67
2.67
1.0
2.0
4.67
5.33
5.33
-10.0
10.0
7.67
3.33
-1.67
0.67
4.67
-6.67
3.0
3.33
-3.33
2.67
3.33
6.67
-1.33
7.67
0.33
-4.0
-6.33
-6.0
3.67
-4.67
11.67
-5.33
-3.67
0.0
-1.0
6.33
1.33
-5.0
-1.0
1.67
3.0
9.33
5.0
0.33
-8.0
5.0
-0.67
-2.33
-0.67
-2.33
-8.33
1.33
-5.67
-4.33
2.33
4.0
0.33
-6.0
-1.67
-7.0
-9.33
-3.67
-6.0
1.67
4.0
2.0
1.67
-1.0
0.33
-0.33
-4.0
0.0
4.67
-0.67
-5.67
-3.33
3.67
2.0
6.67
-4.0
3.67
-4.0
-3.0
13.33
0.0
5.67
8.33
6.67
6.0
3.67
-8.0
-1.0
3.33
-2.0
0.33
2.33
5.0
6.33
13.33
8.67
1.0
5.33
10.33
8.0
6.0
7.0
5.0
1.33
2.67
2.33
-4.33
3.33
9.33
6.67
7.33
-1.67
1.0
-0.67
1.33
-3.67
9.33
1.0
0.0
1.33
-1.67
-3.0
-1.0
6.67
2.67
1.33
5.0
-1.67
5.33
-1.33
-1.0
-7.0
6.67
7.0
2.67
-1.0
-1.0
-3.33
5.67
3.33
3.0
2.0
9.0
-1.67
4.67
-6.67
2.33
0.67
3.0
-2.0
0.33
-2.33
4.0
-0.67
4.0
-1.67
-5.0
8.0
3.0
2.0
0.0
2.0
-1.0
1.0
6.33
-2.33
-3.0
9.0
10.0
2.33
7.33
-3.67
-4.33
-2.33
0.33
-0.33
0.0
-3.33
-0.33
-3.33
5.67
5.0
2.33
1.0
0.33
-6.67
1.33
-5.67
1.0
1.33
-2.67
-3.33
4.0
-3.0
3.33
7.33
1.67
2.0
1.33
-7.0
7.0
-3.0
-5.33
4.67
4.33
0.67
-0.33
2.67
5.0
-1.0
5.0
-2.67
-5.0
-1.33
-4.67
1.67
2.33
5.67
4.0
-1.0
3.0
-3.0
4.67
3.67
4.0
2.33
2.0
2.33
0.67
-0.33
-4.0
0.67
2.0
4.33
6.0
2.0
