0.0
43.67
3.67
88.67
70.0
18.67
-25.67
39.67
-26.67
73.33
79.67
71.33
-37.67
58.67
40.67
21.0
25.0
-11.33
-3.67
26.0
18.0
-10.67
32.67
25.0
2.33
-2.67
2.67
-11.33
-8.67
-5.0
-5.33
4.67
-1.67
0.33
-2.67
0.67
-2.33
0.33
-2.33
1.0
-1.33
0.67
0.33
1.67
0.0
-1.0
2.0
0.67
-1.0
2.0
2.0
0.67
-0.33
-0.33
1.0
0.0
-0.67
1.0
2.0
0.0
1.67
1.0
1.0
0.0
0.0
0.0
0.67
-0.33
-0.33
-0.33
1.0
-0.67
-0.67
-0.67
0.67
-0.33
0.0
1.0
-1.33
0.33
-1.0
1.0
0.0
-0.67
0.0
0.67
1.0
0.0
0.0
-0.33
1.33
1.0
-1.0
-1.33
-0.33
-0.33
3.0
-0.33
-1.0
1.67
0.67
-1.0
0.33
0.67
0.67
-1.67
2.0
0.67
0.0
0.0
2.0
0.67
-3.33
0.67
2.0
0.0
-3.0
0.0
-2.0
4.0
-0.33
3.0
3.67
1.0
-3.33
5.67
-0.33
1.33
2.0
-1.33
6.33
1.67
1.33
-2.33
5.33
2.67
3.33
-3.33
2.67
4.0
0.67
3.33
1.33
3.33
3.67
6.0
0.67
1.33
1.0
1.0
6.33
1.33
-1.0
-0.33
-1.67
3.0
0.0
-2.0
-0.33
1.67
-0.33
-2.0
-1.67
6.0
2.67
1.0
10.33
-7.33
2.0
3.0
6.33
-0.67
6.33
1.33
3.33
0.0
5.33
1.67
6.67
2.33
2.67
6.0
-2.67
0.67
0.33
3.0
1.0
-3.33
7.67
4.67
3.0
1.0
3.67
1.0
3.33
-1.33
10.0
1.33
5.33
2.0
3.33
1.67
8.33
2.67
5.0
-0.33
7.33
7.33
6.67
2.67
2.33
9.0
3.33
2.67
4.67
-0.33
1.67
2.67
2.33
4.67
-0.33
1.0
6.0
4.67
-3.0
0.67
2.33
3.0
-5.0
0.0
3.33
6.67
0.67
4.0
1.33
-3.67
1.67
3.67
1.0
-0.33
1.33
4.33
9.67
5.0
1.67
1.67
9.0
-2.33
9.33
-4.33
2.33
3.0
1.0
2.67
2.0
0.33
-2.67
-3.67
-1.0
6.0
2.0
5.0
3.0
-0.33
0.67
-3.33
0.0
8.33
6.33
-4.67
3.67
0.33
4.33
2.33
5.33
0.33
1.33
4.33
5.0
5.33
1.33
0.33
4.67
0.0
1.0
9.33
7.33
8.0
4.0
0.67
5.67
5.33
3.67
1.0
2.33
8.33
5.0
-1.0
8.33
4.67
-2.67
3.67
4.67
0.67
3.33
4.33
-0.67
1.0
3.33
6.33
7.0
0.67
6.33
1.0
2.33
10.0
0.67
-1.0
1.67
14.67
4.67
9.33
0.0
7.0
1.33
4.0
7.33
-0.67
2.67
4.0
9.33
9.33
3.0
10.67
-1.0
6.33
3.67
-1.67
3.0
-2.0
7.33
1.67
6.67
3.67
-0.33
5.33
1.67
1.0
-4.33
2.0
1.67
-1.0
4.33
6.0
6.33
-3.33
-0.33
4.0
-0.67
3.0
10.0
-3.33
6.33
5.33
8.33
-1.0
2.0
0.0
-3.33
6.33
6.33
3.0
2.0
-7.67
6.33
9.67
8.67
-3.0
7.0
1.67
5.33
0.67
-2.33
0.0
10.67
10.67
-0.67
-3.0
2.67
-1.67
6.67
0.0
2.33
5.67
10.33
1.67
6.0
0.33
-4.33
6.67
4.33
-2.0
4.0
0.67
0.0
3.33
2.0
-4.0
3.33
0.0
-0.33
-1.0
-2.0
2.0
6.67
6.0
4.33
8.33
0.0
3.0
13.33
3.67
-3.33
2.0
1.0
1.33
4.67
-5.33
-0.67
3.0
2.67
-1.0
-2.67
4.0
3.0
-0.33
-1.33
5.0
0.67
2.67
-2.0
6.33
-1.0
3.67
0.0
-3.33
2.67
0.0
-1.33
1.67
1.0
4.67
4.33
14.0
3.33
-0.67
0.0
3.33
-0.67
4.67
0.67
-5.67
-1.33
-0.67
-1.0
1.67
7.67
1.33
2.33
-2.0
1.67
-1.67
5.33
2.33
2.67
3.67
0.33
6.67
-1.67
-0.67
2.67
3.67
-2.33
8.67
-2.0
-1.0
-1.67
5.67
4.67
1.0
0.33
2.0
1.67
0.0
4.0
-0.33
8.33
1.33
3.67
3.33
-0.67
0.0
-6.0
-2.67
-1.0
3.0
2.67
2.67
1.33
-0.67
-5.0
6.0
4.67
0.0
-1.67
7.0
1.0
-1.0
-1.67
-2.33
1.33
1.0
-0.67
2.67
5.0
0.0
1.67
-2.67
-2.67
-1.33
0.0
1.33
-1.33
-0.33
2.0
4.0
-0.67
1.33
-1.0
-1.67
-0.33
-3.33
2.67
0.67
-4.67
-1.33
-3.0
-3.67
3.0
3.67
4.33
-1.33
-1.33
-6.0
-0.33
1.67
3.0
4.0
-4.33
-0.33
-2.33
-6.0
-0.33
5.0
-0.67
-0.67
0.33
3.67
3.67
2.67
0.33
1.33
1.0
0.0
-3.0
0.0
-0.33
5.33
-1.67
2.67
1.0
0.33
2.33
-2.33
2.33
0.33
-3.33
0.0
1.0
0.67
-3.0
1.0
-0.67
5.0
2.0
-1.0
1.0
-1.67
3.67
5.0
4.67
2.0
-3.67
-0.67
-0.67
-3.0
-4.33
0.0
2.0
4.0
-2.67
-0.67
-1.67
5.67
2.67
0.0
-3.0
-2.33
-1.67
-2.67
0.0
1.0
-2.33
4.0
6.0
0.67
-1.0
0.67
-5.0
0.33
-2.67
-6.67
2.33
-1.33
2.67
-1.0
1.0
3.0
2.33
4.67
5.67
-3.33
3.33
1.67
-7.33
1.0
6.67
-3.67
2.0
0.67
0.33
2.67
0.67
0.0
3.67
0.0
-3.0
-5.67
-0.67
-1.0
-6.33
5.0
1.33
-0.67
0.67
-4.0
4.33
-0.67
-3.0
2.0
1.33
-5.0
-1.33
-4.67
-4.0
6.0
4.0
-0.67
-3.33
-3.33
-2.67
-3.67
0.0
-6.67
7.33
1.67
-2.0
-4.0
-0.33
-1.33
-4.0
-2.0
-0.33
1.67
-5.0
-3.0
-5.33
1.33
-1.33
-6.33
-6.67
-0.67
1.0
3.33
2.67
1.67
-1.0
-6.0
-5.67
-3.0
3.33
-3.33
0.33
-0.67
-0.33
2.0
-7.33
-9.0
-3.0
2.33
4.67
-2.33
-1.33
-2.33
-2.0
2.0
1.0
-6.0
-1.67
-4.67
-7.67
-4.67
-3.67
-2.0
-4.0
0.67
-3.67
-2.33
1.0
-1.67
-4.67
-3.0
-5.33
-3.67
-7.0
-5.67
2.67
-4.67
0.67
-1.67
-6.0
2.67
1.33
-5.33
-3.33
-0.67
-7.0
3.0
-2.33
-1.67
-4.0
-8.0
-0.33
-2.33
2.67
-6.67
-3.33
0.0
-2.67
-4.67
-2.0
-1.0
-1.0
-4.0
-8.0
1.33
-1.33
3.67
0.67
-6.33
2.67
7.0
-6.67
3.33
0.0
6.0
-1.67
-10.0
-9.0
0.0
-7.0
-0.33
2.33
5.67
-5.33
4.67
0.33
1.0
3.33
-3.67
11.33
10.0
9.0
14.0
8.67
11.33
14.33
10.33
15.0
20.0
23.67
13.33
23.33
21.67
22.67
25.0
15.0
21.0
17.67
18.0
0.33
11.0
9.0
15.0
1.67
9.33
3.33
2.67
8.67
3.67
2.0
5.33
1.33
0.67
2.33
-4.67
0.0
-2.33
5.67
-1.0
0.33
-1.67
-7.0
6.0
-8.33
-0.67
7.67
-5.33
-3.33
0.0
-4.33
-8.67
0.67
0.33
-3.0
4.67
-6.67
11.0
5.0
-3.33
-4.67
-0.33
1.33
-4.33
6.33
10.33
-2.0
-6.33
1.0
-8.33
-1.0
-5.0
-2.33
-3.33
2.67
-2.33
-1.67
2.0
0.0
0.33
-2.0
-3.33
6.0
0.67
-3.33
-3.33
-0.33
0.0
-8.0
-3.67
-0.33
-10.0
4.33
0.0
-0.67
-1.67
-8.0
-7.0
-9.0
-0.67
-1.67
4.67
-2.33
-2.0
0.33
6.0
-1.0
2.0
-0.33
-3.33
-13.33
-1.67
-4.33
10.33
-0.67
1.0
-1.0
-1.67
-1.67
2.67
-4.67
-8.0
2.67
-4.33
7.0
-7.33
-2.0
-3.33
-0.33
2.67
-0.67
-4.67
7.67
0.67
0.33
2.0
5.0
1.33
2.0
0.67
-4.0
-1.33
-2.67
-3.67
1.33
-7.33
0.67
-0.67
-10.33
-3.0
8.33
0.33
-4.33
1.0
2.67
1.33
-0.67
-3.33
1.0
3.67
-5.33
-4.0
2.33
4.67
3.33
-3.67
2.33
2.67
2.0
-3.0
-3.33
-4.67
5.33
-5.67
7.33
-10.0
-1.0
-2.0
-4.0
-2.0
-8.33
-0.67
4.0
-3.0
6.67
-1.67
0.33
2.33
0.0
3.0
-5.0
-9.33
-2.33
-2.33
3.33
-0.33
-4.33
4.33
-7.67
-2.0
4.33
0.0
5.0
-0.33
2.33
-2.67
2.0
-3.67
-3.0
7.0
4.0
5.33
-2.0
5.67
-3.0
1.0
4.67
3.67
1.67
1.67
8.33
-0.67
6.0
9.33
15.0
6.67
12.0
15.67
9.33
15.0
10.33
11.0
13.0
15.33
16.67
6.0
15.33
31.0
6.67
0.67
11.33
11.33
20.67
13.0
8.33
17.67
9.67
13.33
1.67
0.67
1.67
10.0
9.33
5.33
6.67
8.67
8.33
3.67
2.67
-2.33
15.0
2.33
14.33
6.0
-4.0
10.0
3.33
-7.0
2.0
-6.67
1.67
-1.33
5.0
-1.0
5.0
13.0
9.67
7.33
-0.33
0.0
-2.0
4.67
5.0
1.33
1.33
7.33
4.33
-7.33
10.0
5.0
7.67
-0.33
9.0
6.67
4.0
3.0
4.67
-4.33
9.67
8.33
2.0
9.67
7.67
5.33
6.67
0.33
6.0
11.67
3.67
6.0
3.0
12.33
12.33
2.0
17.33
9.0
-1.0
8.67
9.67
5.67
6.67
-0.33
7.33
8.67
6.33
11.33
12.33
8.0
6.33
5.0
15.67
5.67
10.0
-2.67
8.0
0.0
6.33
1.67
10.67
8.0
4.67
0.67
5.33
7.0
2.33
2.33
10.67
15.0
6.67
3.0
20.33
3.0
4.67
-1.67
7.33
9.33
20.33
5.33
14.0
-1.67
4.67
9.33
1.67
15.0
7.33
4.33
4.67
4.67
9.67
12.0
-2.0
12.67
1.67
-1.67
10.33
-1.33
12.33
4.67
0.67
-8.0
16.67
6.33
2.67
1.0
1.33
15.0
17.67
15.0
3.33
6.0
3.67
9.0
10.0
-1.33
0.33
8.0
13.0
1.33
10.0
-2.67
9.33
0.33
7.0
1.67
10.67
7.33
3.0
1.0
6.0
8.0
-3.0
7.67
10.0
9.0
-4.0
-0.33
-3.67
3.67
7.33
8.67
13.0
7.67
5.67
6.33
6.67
3.33
14.0
5.33
9.33
-1.0
5.67
9.67
8.67
15.0
5.0
1.67
10.0
9.33
9.33
3.0
11.33
13.33
18.67
8.67
7.33
7.33
6.0
0.67
8.33
7.67
2.0
8.67
11.33
1.33
7.67
-2.0
11.0
4.0
5.67
4.67
0.0
13.67
14.67
8.0
2.33
3.67
5.33
5.0
5.33
12.0
21.33
2.33
7.67
5.33
14.33
10.67
28.33
17.33
16.67
13.67
18.0
11.33
24.0
18.33
23.0
22.33
26.0
14.67
19.33
20.67
23.33
21.33
18.33
22.33
37.0
19.33
21.0
26.33
28.0
26.33
41.67
41.0
37.67
42.33
43.33
46.33
52.33
66.67
61.67
78.33
90.67
63.33
65.67
70.67
73.33
70.33
77.67
93.67
69.33
76.33
62.67
89.0
78.33
98.67
67.0
58.67
63.67
47.67
63.67
32.67
27.67
29.33
30.67
25.0
18.33
12.67
26.67
20.67
-0.33
23.0
-0.67
19.33
9.0
7.67
0.67
-2.0
3.33
-0.33
9.33
6.67
5.0
7.67
7.33
4.33
15.0
12.0
13.0
11.0
11.67
9.67
8.0
9.67
6.33
-2.67
9.0
6.33
15.33
4.33
19.0
7.33
16.33
0.0
12.67
2.67
15.33
19.0
15.67
7.67
6.33
20.0
-2.33
8.0
6.33
15.33
11.0
5.67
-0.33
4.67
14.33
2.33
6.33
7.33
15.33
0.67
6.0
8.67
26.0
19.67
7.0
9.33
9.67
17.0
9.0
6.67
5.33
-1.33
20.33
8.0
8.33
6.33
15.67
5.0
11.33
0.0
18.33
-1.0
0.67
14.67
9.33
5.0
-4.0
1.0
0.33
14.0
1.67
24.67
-1.67
2.33
11.67
17.33
6.33
10.67
5.67
-0.67
-3.67
13.67
1.67
11.33
5.0
1.33
16.67
-1.0
2.33
21.0
11.33
27.33
7.67
5.0
17.33
6.33
17.33
12.33
-2.33
8.67
11.0
6.67
5.0
7.0
-7.33
3.0
-3.0
5.0
19.0
9.0
12.0
15.0
12.33
6.33
5.0
3.0
16.67
-3.67
12.67
-5.0
5.0
7.33
-0.33
-3.67
9.0
17.67
4.67
10.33
3.0
0.33
-5.33
2.0
13.67
-4.67
9.33
11.67
9.0
10.67
16.33
14.0
1.67
17.33
6.0
9.67
8.0
13.33
25.67
12.67
14.33
17.67
19.67
21.67
16.67
25.33
19.0
14.33
34.33
32.33
18.33
5.0
22.67
22.0
19.0
18.67
28.33
38.0
47.67
28.0
27.67
32.67
30.67
28.0
14.33
23.67
30.0
37.0
25.67
20.67
25.0
20.33
25.33
30.67
22.33
9.33
8.67
10.0
30.67
6.0
4.67
8.0
0.67
3.33
15.67
11.33
6.0
6.0
11.0
4.33
6.67
11.67
5.67
10.0
8.67
16.67
-3.0
9.67
9.33
14.67
15.33
2.67
23.33
2.67
14.67
16.67
10.67
10.67
-1.33
12.33
5.67
1.33
20.0
9.0
6.0
5.67
4.33
-0.33
11.67
4.67
5.0
-5.0
-5.67
10.67
5.33
8.33
22.67
6.0
10.0
15.33
0.67
10.33
6.67
14.67
10.0
7.33
12.0
5.67
5.0
-3.33
1.67
-5.0
4.0
7.0
6.67
8.0
5.33
1.67
10.0
5.33
-2.33
7.0
7.0
2.67
19.67
7.33
8.0
17.0
6.0
11.67
-2.0
9.33
-4.0
7.67
6.33
7.67
3.33
4.0
3.0
12.0
1.67
4.33
3.67
-0.33
-8.67
2.0
1.67
8.0
8.0
11.0
-2.33
2.33
9.33
0.33
-2.33
2.67
-6.0
14.33
11.0
-0.67
12.33
5.33
6.33
-5.0
5.0
9.33
11.67
7.33
1.33
10.0
1.0
2.33
2.67
-5.67
9.67
13.33
4.33
2.67
5.33
7.33
4.67
4.33
16.33
2.67
2.33
8.33
11.33
8.33
10.67
-1.0
6.0
11.33
3.0
-11.67
0.0
5.0
-4.0
7.33
5.0
1.33
2.0
9.33
8.33
2.0
6.67
-6.67
7.0
-4.67
6.33
0.33
12.67
4.33
5.0
3.0
-2.0
9.33
6.67
7.67
4.33
15.67
1.33
3.0
7.0
-8.0
3.67
9.67
4.0
13.0
4.33
-0.33
12.33
8.67
0.0
1.33
2.0
3.33
9.0
9.67
-0.67
-5.0
2.33
14.0
6.67
2.67
10.33
-1.0
0.67
2.0
7.33
10.0
-6.67
7.33
5.33
0.0
1.67
6.33
3.67
1.33
5.0
3.67
1.0
5.67
9.0
4.67
14.33
3.33
-1.33
8.67
2.0
0.67
5.33
3.67
2.0
6.33
8.67
-7.67
19.67
8.67
-0.67
2.67
7.0
0.67
-0.67
1.0
1.67
2.0
-3.0
3.0
3.67
4.0
8.33
7.33
0.33
15.67
6.33
3.0
11.67
-1.0
9.0
0.0
4.0
5.67
3.0
1.67
0.67
8.33
2.33
-0.33
1.67
-1.33
2.33
-0.67
3.67
4.0
-3.33
-2.0
3.67
4.67
-3.33
4.0
8.0
6.67
12.33
-4.67
1.0
7.0
15.67
7.33
-0.67
4.67
0.67
1.33
0.0
6.33
12.67
4.67
5.33
9.67
-2.33
-0.33
-3.67
1.0
-2.33
4.0
3.67
-0.67
13.67
-5.33
2.33
1.0
1.0
2.33
9.33
7.0
2.0
-4.33
3.0
0.33
-1.0
1.33
2.0
-5.0
2.33
-5.33
2.33
3.67
4.67
3.33
4.33
2.67
3.33
-3.0
3.33
1.0
4.33
-1.0
2.67
3.33
2.0
4.67
1.0
-4.0
-4.33
0.0
5.33
9.67
6.0
5.0
0.67
5.33
2.33
1.67
3.67
10.0
7.67
5.0
4.67
2.0
5.0
5.33
2.0
-1.33
4.33
8.67
3.0
-2.33
-4.0
1.0
0.33
0.0
-4.67
2.33
0.0
-2.67
7.33
1.67
3.0
2.33
4.33
5.0
0.0
5.0
6.0
1.33
7.67
7.33
4.67
0.33
-2.67
-3.33
7.33
6.33
5.0
2.33
-1.67
-2.67
8.33
4.0
13.0
0.33
-5.67
4.0
3.0
-2.33
0.67
4.33
0.0
3.33
-1.67
3.67
-1.0
-5.0
-5.33
7.0
-3.33
5.0
0.0
-0.33
7.67
4.33
2.0
-2.0
-2.0
0.33
5.67
-2.67
2.33
3.67
4.0
1.0
0.33
6.67
1.0
2.33
5.0
3.33
-1.0
0.0
-1.0
1.0
-6.0
-1.0
2.0
4.0
6.33
-4.33
0.0
-1.0
3.0
3.33
3.33
-0.67
9.67
2.67
0.33
-0.33
-1.0
2.67
-0.33
-1.33
2.67
-4.0
4.33
10.0
-3.67
-3.67
-4.67
2.33
6.0
-3.67
-2.67
1.67
-1.0
-2.0
7.33
3.33
-1.33
2.0
-0.67
0.0
-3.0
0.0
-1.33
6.67
5.33
4.67
0.67
3.67
3.0
3.0
-2.0
1.33
-2.0
-3.33
-2.67
2.67
1.33
2.67
0.0
1.0
5.0
-1.0
2.67
0.67
4.0
2.33
-4.0
-1.67
2.67
-3.33
1.0
0.67
4.0
8.33
-1.0
-2.0
