0.0
39.67
21.67
63.67
17.0
52.67
2.33
9.67
67.33
-33.67
37.67
14.33
17.33
53.67
47.67
63.0
51.0
40.67
67.33
23.0
30.0
-7.67
2.67
25.0
-13.67
13.33
0.67
6.67
7.33
5.0
0.67
9.67
-3.67
3.33
-0.67
-2.33
2.67
0.33
0.67
2.0
-1.33
0.67
1.33
0.67
0.0
-1.0
0.0
1.67
-1.0
1.0
1.0
-0.33
0.67
0.67
0.0
0.0
-0.67
1.0
1.0
0.0
-0.33
1.0
1.0
1.0
1.0
2.0
0.67
-0.33
-0.33
-0.33
1.0
0.33
-0.67
-0.67
-0.33
0.67
0.0
1.0
-1.33
1.33
-1.0
1.0
1.0
-0.67
-1.0
0.67
1.0
0.0
1.0
-0.33
-0.67
0.0
-1.0
-1.33
0.67
-1.33
1.0
-0.33
0.0
-0.33
0.67
1.0
-0.67
-1.33
0.67
-0.67
1.0
-0.33
-2.0
2.0
-2.0
0.67
-3.33
1.67
3.0
3.0
-1.0
-3.0
1.0
4.0
2.67
3.0
5.67
2.0
0.67
1.67
3.67
-2.67
-1.0
3.67
-0.67
-1.33
2.33
-0.33
2.33
-1.33
0.33
1.67
10.67
1.0
3.67
-0.67
-1.67
2.33
5.67
-2.0
-2.33
-4.67
-3.0
1.0
4.33
-1.67
7.0
-4.33
-1.67
0.0
-8.0
4.0
-1.33
7.67
1.67
0.0
-1.67
-2.0
13.67
5.0
2.33
0.67
1.0
1.0
1.33
9.33
6.33
-1.67
-0.67
1.0
-2.67
2.67
4.67
4.33
10.67
1.0
4.33
11.67
7.33
5.0
2.0
-3.33
-2.33
0.67
2.0
4.0
2.67
7.0
-0.67
1.67
10.0
5.33
-0.67
2.0
8.33
2.67
6.33
-2.33
-1.0
-3.33
3.33
1.33
9.67
2.67
6.33
5.0
2.33
9.67
2.67
-5.33
0.67
2.67
0.33
8.67
-4.33
3.0
8.0
9.67
1.0
-2.33
6.33
5.0
6.0
-3.0
2.33
-2.33
-2.33
11.0
-0.67
0.33
-3.33
3.67
0.0
5.67
0.33
4.33
4.67
8.0
8.67
4.67
2.0
2.67
6.33
0.67
7.33
7.0
5.0
1.67
8.0
0.33
11.33
4.33
6.0
3.0
5.0
5.0
6.0
-0.33
-2.33
-1.33
1.0
-0.67
1.33
4.33
4.67
5.33
2.33
-0.67
5.33
5.33
4.33
-2.67
5.0
-1.67
2.33
-3.67
8.67
-1.0
-1.0
6.33
1.33
7.0
-1.0
-6.33
4.67
9.33
4.67
8.0
-0.67
2.33
4.0
4.0
10.33
1.67
2.33
0.67
6.67
6.67
-2.67
6.33
6.33
6.0
4.33
3.33
4.0
5.67
-0.67
8.0
8.33
4.0
5.67
5.0
6.67
3.67
1.67
0.33
2.0
2.0
-8.67
1.0
1.33
-1.67
0.67
11.0
1.33
2.33
2.0
1.67
5.0
4.33
2.67
0.33
4.0
-6.0
4.33
1.67
3.67
5.67
0.67
3.33
-2.33
1.0
-5.33
4.0
-1.33
5.0
-0.67
-1.0
5.33
5.67
3.67
3.0
9.33
0.0
8.0
4.67
7.33
4.33
-2.67
-1.0
0.0
1.0
3.67
2.33
3.33
7.0
7.0
-2.67
7.33
8.67
1.67
7.0
5.0
-1.33
3.33
-1.33
-7.33
3.0
3.67
2.67
1.33
3.0
5.67
2.33
2.67
3.0
3.33
-0.33
1.33
6.67
4.0
5.33
5.67
5.67
6.33
3.0
4.0
8.67
2.0
3.33
8.0
2.0
2.33
-2.0
0.67
2.0
2.0
3.0
7.67
6.0
8.33
4.33
3.0
6.0
4.33
5.67
-0.33
-3.0
0.0
5.33
4.67
-0.33
5.33
5.0
2.67
-2.0
7.33
4.0
2.0
2.67
-5.33
5.0
3.67
2.67
-2.0
7.33
-1.0
-0.33
3.0
-3.33
-0.33
-4.0
-0.33
2.67
4.0
3.67
2.33
2.0
2.33
0.33
-8.0
-0.67
-0.67
1.67
2.67
1.33
-1.33
4.33
1.0
4.67
-0.33
3.33
0.33
0.0
-1.33
-1.67
4.33
-0.67
0.67
4.67
-3.67
4.67
0.33
2.33
-1.33
4.67
1.67
-0.33
7.0
1.0
-1.67
0.67
-3.33
0.0
1.33
5.0
-0.33
3.0
-1.0
5.67
-2.67
5.33
-0.33
1.33
2.33
1.0
1.0
5.33
-1.0
0.0
2.67
0.67
-0.67
-1.67
6.0
2.0
1.67
7.0
4.33
2.0
-2.0
2.0
3.33
7.67
7.33
-1.0
-1.67
3.67
9.0
3.0
6.67
4.33
3.33
3.67
3.0
1.33
3.67
3.67
-1.0
-1.0
1.33
0.33
2.0
-2.67
1.67
-0.33
1.67
-1.33
-5.67
-3.33
-4.0
-1.67
-2.0
-1.33
7.33
-1.33
0.67
-1.0
-0.33
1.67
-1.0
2.0
-2.33
-0.33
1.67
-2.0
-0.33
3.0
1.33
-3.67
3.33
-1.33
5.67
-3.33
-0.67
4.33
0.0
0.0
2.0
2.0
-2.33
2.33
-1.67
-0.33
-1.0
5.33
4.33
-0.33
-0.67
2.33
-3.33
3.0
1.0
-1.33
-3.0
-1.0
2.33
-1.0
3.0
-2.0
0.0
-0.67
-1.33
5.0
-1.33
-2.0
-5.67
2.33
-1.67
2.0
-3.33
-1.0
0.0
-1.0
-1.67
-1.67
2.33
-0.33
-0.33
8.0
5.0
-3.33
-1.67
3.33
0.0
-3.0
1.67
-3.0
1.0
-0.33
0.0
-3.33
-1.0
3.33
-0.67
-4.67
-0.67
-0.33
-0.33
-2.0
-3.0
-1.0
-1.67
-0.33
2.67
-6.33
-2.67
-1.33
-2.33
-2.0
2.67
1.33
0.0
0.67
2.33
-0.33
0.67
2.0
1.67
2.0
-7.0
-4.67
-4.67
-7.0
-2.33
-2.0
0.33
1.33
-3.33
-1.0
-0.67
0.33
5.0
2.0
-1.67
-1.0
0.67
-5.67
-9.0
7.0
1.0
1.33
-1.33
-3.33
-2.67
-0.67
-1.0
0.33
2.33
-0.33
-3.0
0.0
-2.33
1.67
-4.0
-1.0
1.67
-2.33
-5.0
-2.0
-4.33
-3.67
-1.33
-2.33
-5.67
-3.67
4.0
0.33
4.67
-1.33
-4.0
-2.0
-2.67
-3.0
-4.67
-5.33
-2.67
4.33
0.67
1.0
-4.33
1.0
-1.0
5.33
-1.33
-4.33
-1.33
-4.33
-3.0
-1.0
-4.0
-6.0
-2.67
1.33
-0.67
-5.67
-2.67
-5.0
2.0
-2.33
-0.67
-3.33
-3.0
-2.67
-4.67
0.0
-1.33
-10.67
-4.0
-6.67
-9.33
-7.67
-0.33
3.33
-3.0
4.67
-1.67
-6.33
-0.33
3.33
0.0
6.0
-5.33
-3.67
-5.0
-3.0
-0.33
-5.33
1.67
-2.67
-5.33
-6.0
-4.67
-2.67
-1.0
-2.0
1.0
-4.0
0.0
0.33
-0.33
-4.33
2.67
-2.33
-1.33
-2.0
-5.67
-3.67
2.0
-3.0
-3.67
-6.0
2.0
2.0
-1.0
-6.33
2.33
1.67
4.67
-2.33
5.33
6.0
-5.67
-0.67
7.33
10.0
3.0
10.0
6.67
11.33
4.33
11.33
6.0
31.0
7.67
16.33
21.33
22.67
17.67
17.0
14.0
19.0
13.67
10.0
12.33
17.0
6.0
5.0
10.67
-3.67
8.33
0.67
-0.33
-3.33
-1.0
6.33
-5.67
-4.33
-1.67
-2.67
-4.0
0.67
4.67
-1.0
-4.67
2.33
-3.0
10.0
-5.33
-1.67
1.67
-8.33
-1.33
1.0
6.67
-0.67
-3.33
-1.67
0.0
7.67
-0.67
2.0
1.0
-7.33
1.33
-6.33
-3.67
0.67
-0.67
5.33
-2.0
-8.33
8.0
1.67
-7.0
-7.0
-3.33
-5.33
-4.33
-2.33
-9.67
-2.0
1.0
-8.67
-4.0
-5.33
-5.0
-2.33
-1.33
-4.33
-7.33
0.0
-10.0
-1.67
2.67
-6.0
-3.67
6.0
-3.67
2.33
1.0
-2.0
-9.0
-5.67
1.33
-6.33
-4.33
-2.0
-0.67
3.0
-2.0
-1.0
0.67
-5.33
-1.33
-2.67
-6.33
7.33
-6.67
0.0
-10.0
-10.67
1.33
3.67
0.33
0.0
0.67
2.67
-4.0
-2.33
-5.0
1.67
-0.33
-1.33
-1.67
-5.67
0.67
-3.33
-1.67
-4.0
1.0
5.33
-5.0
-0.33
-4.0
-4.33
2.33
-9.67
5.33
0.67
-3.33
-1.67
-7.33
3.0
4.33
-3.67
-1.33
4.0
-8.33
3.33
-6.67
1.67
-5.0
-0.33
0.67
1.0
4.33
1.67
2.33
-8.67
3.33
7.67
-4.0
2.0
4.67
2.33
-5.67
-1.67
-6.67
-5.0
-1.0
-2.0
5.0
-1.0
1.67
13.33
1.0
-4.0
-1.33
-8.67
-4.67
4.33
1.0
5.0
3.0
9.67
3.67
-0.33
13.33
-2.33
3.67
8.33
-4.67
1.0
2.33
12.0
0.0
2.67
-2.67
-4.67
-4.0
5.33
-6.0
7.0
4.0
5.33
-1.0
3.67
5.0
-5.0
1.67
4.67
-1.33
-0.33
5.33
-0.67
3.0
8.33
10.0
5.67
11.0
14.67
16.33
14.0
8.33
17.0
28.0
22.33
18.67
17.0
14.33
19.0
9.67
13.67
14.33
17.33
7.67
14.0
11.33
3.67
0.67
8.33
9.67
12.67
11.67
5.0
2.33
1.33
-3.33
2.67
-4.67
-1.33
6.67
12.67
0.0
5.33
-0.67
4.0
4.0
11.0
4.33
-8.0
9.0
4.33
16.67
5.67
0.0
4.0
8.0
13.0
12.67
-2.67
5.67
3.0
9.0
7.67
3.0
7.33
2.33
3.33
0.33
5.67
7.0
1.0
-5.33
3.67
-3.0
6.67
0.0
1.0
-3.33
-4.33
10.67
-4.67
-2.0
-4.33
4.67
1.33
10.67
12.33
8.0
9.67
6.67
6.0
7.0
8.33
0.33
0.0
7.33
11.0
3.0
6.67
3.67
5.67
14.67
6.67
-3.67
4.67
-3.67
0.33
3.33
9.0
-2.67
2.0
9.67
2.67
4.0
12.33
14.0
9.0
6.33
12.67
12.67
8.0
12.67
1.67
11.33
15.0
0.33
8.33
2.67
15.0
6.67
5.0
12.33
1.0
7.67
13.33
12.33
3.33
4.33
-0.67
6.0
-0.67
-2.33
7.33
2.67
8.0
3.33
-0.67
5.67
7.67
3.67
16.0
4.0
16.67
3.67
0.33
6.33
-0.33
12.33
17.67
8.67
-7.0
18.67
11.33
11.67
9.0
9.33
2.0
8.67
4.0
2.33
8.0
-1.33
5.0
16.0
2.67
5.33
9.0
5.0
5.33
2.0
5.33
3.33
11.33
-3.0
-1.33
11.67
14.33
8.0
6.0
8.0
3.0
13.0
4.67
11.0
11.0
5.0
3.67
8.33
-0.33
5.33
13.67
11.0
5.67
1.67
-8.67
2.67
14.33
6.0
14.33
14.33
5.0
12.67
14.67
7.67
12.0
24.0
6.67
6.0
-5.67
13.33
6.0
-0.67
11.33
4.67
7.67
4.33
8.33
5.0
-0.33
14.33
8.67
8.0
5.67
14.33
6.33
0.67
6.0
6.0
-2.0
3.67
13.67
8.0
11.67
5.67
4.0
11.33
4.67
8.33
7.0
5.33
8.0
21.33
10.33
2.67
5.33
2.33
2.67
15.33
11.33
23.67
9.67
17.0
6.33
9.0
12.33
28.0
23.33
19.0
15.67
28.33
15.67
20.33
3.33
11.33
29.33
34.0
17.33
24.0
24.33
35.0
36.33
27.67
31.0
43.67
51.33
43.33
43.33
54.33
42.67
51.67
72.33
71.67
67.33
58.67
74.67
86.33
70.33
77.67
80.67
80.33
71.33
67.67
93.0
59.33
72.67
69.0
73.67
64.67
44.67
60.67
38.67
41.67
30.33
21.67
39.0
28.33
20.67
25.67
22.67
7.67
19.0
10.33
11.33
6.0
7.67
7.67
14.0
7.33
10.67
17.33
11.67
3.0
6.67
7.33
7.33
19.0
18.0
8.0
14.0
7.67
11.67
-1.0
15.67
9.33
8.33
9.0
-0.67
18.33
11.33
14.0
15.33
7.33
15.0
7.67
14.67
3.33
18.0
-0.33
4.67
14.33
7.0
7.67
1.0
11.33
8.33
8.0
-1.33
10.67
2.67
3.33
12.33
4.33
-4.67
3.33
10.67
8.0
21.67
15.0
12.67
1.0
13.33
14.67
12.0
10.0
2.67
8.33
0.67
22.33
4.0
14.33
5.33
4.67
12.0
3.33
10.0
19.33
9.0
0.67
11.67
16.33
13.0
-3.0
17.0
16.33
6.0
7.67
11.67
1.33
17.33
18.67
10.33
4.33
21.67
5.67
4.33
8.33
22.67
7.67
13.33
8.0
-9.67
11.67
8.0
-0.67
-6.0
4.33
7.33
10.67
9.0
13.33
1.33
8.33
0.33
1.67
4.67
8.0
1.67
6.0
13.0
-0.33
5.0
5.0
5.0
2.0
13.0
12.0
13.0
1.33
11.33
8.0
2.0
15.67
3.33
12.67
0.0
8.0
5.33
8.67
9.33
7.0
5.67
8.67
-2.67
1.0
5.33
-0.33
20.0
23.67
-2.67
9.33
9.67
10.0
8.67
7.33
16.0
9.67
12.33
8.0
9.67
2.0
11.33
14.67
18.67
18.33
18.67
17.67
19.67
19.67
33.33
31.0
18.33
33.33
13.33
19.33
13.0
19.67
22.0
21.0
28.67
39.33
33.0
21.67
28.0
25.67
30.67
32.67
42.0
29.33
30.67
16.0
25.0
8.67
16.67
19.0
20.33
8.33
23.67
24.33
12.33
15.67
14.0
23.67
7.0
19.67
22.0
-6.33
1.33
14.67
18.33
-1.0
7.0
5.0
9.33
-0.33
4.67
11.67
27.0
14.67
2.67
4.0
13.67
2.33
11.67
16.33
9.67
20.33
3.67
11.67
10.67
10.67
12.67
-8.33
14.33
-1.33
2.33
16.0
7.0
6.0
-0.33
12.33
5.67
5.67
7.67
10.0
1.0
13.33
14.67
8.33
14.33
4.67
7.0
18.0
12.33
15.67
10.33
6.67
2.67
9.0
9.33
10.0
29.67
-2.0
6.67
15.67
11.0
13.0
8.0
5.67
18.0
20.33
7.67
7.0
9.33
1.67
14.0
4.0
20.67
8.67
8.33
-2.0
13.0
22.0
8.67
-1.0
1.33
5.0
3.67
16.33
-6.33
11.33
7.0
6.0
12.0
2.67
5.33
15.67
22.67
-5.67
-7.0
4.67
-3.0
0.0
4.0
4.67
5.33
9.33
4.33
0.67
11.67
-5.0
12.33
9.0
-3.67
12.33
11.33
-2.67
0.0
19.0
5.33
-1.33
5.33
1.33
14.0
9.0
2.33
-3.33
13.33
-4.33
1.33
-4.67
3.67
-3.67
10.33
-4.33
5.33
-3.67
9.67
5.33
6.33
5.33
-2.67
7.67
13.0
-5.0
12.33
-2.0
-2.67
-1.0
-4.0
-9.0
1.33
3.0
-10.67
8.0
6.33
8.33
-1.0
7.67
1.33
4.0
-0.67
-7.67
-3.67
6.67
2.33
5.0
-3.0
-6.0
1.33
10.67
24.67
-0.67
2.67
-7.67
-9.0
-2.0
-2.0
6.67
9.67
6.0
5.0
5.33
13.67
6.33
2.67
-3.0
11.33
-2.0
2.33
11.0
9.67
1.33
-2.0
1.33
10.0
6.67
-0.33
4.33
-1.0
9.67
6.0
10.33
9.0
5.33
12.33
11.33
5.0
9.67
4.33
8.67
3.33
1.0
12.67
14.0
5.67
5.0
-1.33
10.33
10.33
5.67
10.67
1.0
7.67
3.33
-0.33
14.0
0.33
12.67
0.33
2.67
7.67
8.33
10.67
-4.0
-4.33
1.33
6.0
9.67
6.0
2.0
6.0
10.67
0.0
1.33
9.33
-0.67
12.67
3.33
1.0
5.67
2.0
-1.0
-1.0
2.0
7.67
-7.0
8.67
5.67
-1.67
10.33
3.67
4.67
0.67
-1.67
9.33
4.67
-2.0
3.67
-10.0
8.67
10.67
0.67
11.0
2.0
8.67
6.33
-0.67
0.0
3.0
1.67
4.33
0.33
5.67
1.67
7.33
8.0
11.33
-3.33
1.67
2.33
4.67
-0.33
3.67
6.33
1.0
-10.33
-2.0
1.67
-3.67
4.67
-4.33
-4.67
9.0
2.0
8.33
8.33
4.0
4.0
-0.33
5.0
14.33
5.0
0.33
-5.0
-2.0
5.33
-1.33
6.33
3.67
0.67
5.33
1.33
9.67
-4.67
1.0
-3.67
6.0
2.33
0.0
3.67
1.33
-5.0
-5.33
0.0
-1.0
6.67
3.0
12.33
-1.33
3.0
5.0
2.67
1.33
1.33
-4.33
8.67
-1.0
-4.33
4.0
1.67
5.0
8.0
5.33
5.0
3.67
-0.67
5.67
5.0
5.67
1.0
-1.0
4.33
9.0
5.33
9.33
-6.0
4.33
6.33
3.67
3.0
13.33
0.33
-1.0
-2.0
4.0
3.0
-0.67
5.67
3.33
-1.33
4.33
8.33
4.67
-0.67
2.33
-1.0
5.33
-3.67
-1.67
-2.67
6.0
2.0
1.33
-1.67
5.0
3.0
-0.33
9.67
-8.67
0.0
3.33
8.33
-1.33
-7.0
-4.0
-3.33
7.0
5.67
3.0
1.0
4.67
0.67
1.33
-2.0
1.0
6.0
0.33
6.67
-2.67
1.33
3.67
4.0
-4.0
3.33
2.67
4.0
1.33
1.0
0.33
-5.0
3.0
-1.0
3.0
0.0
-3.0
3.0
10.0
5.33
-7.33
-1.0
5.0
5.0
-0.67
-0.67
1.33
7.67
0.67
3.33
-1.33
1.0
2.67
3.67
-2.33
5.67
0.0
1.33
6.0
-0.67
-2.67
0.33
-1.67
4.0
-2.67
2.33
6.67
6.0
3.0
0.33
3.33
1.67
-1.0
0.33
-4.0
1.0
-1.0
-0.33
3.67
-1.67
1.67
1.67
0.67
0.0
-2.0
1.0
1.33
3.0
-0.33
0.33
-0.33
1.33
7.67
4.0
1.0
-1.0
2.0
0.67
3.67
6.0
0.33
3.0
0.33
4.67
-3.33
2.0
2.67
6.0
8.33
-4.0
4.0
