0.0
62.67
30.67
44.67
80.0
35.67
-44.67
32.67
29.33
12.33
62.67
8.33
16.33
72.67
90.67
41.0
42.0
77.67
-3.67
-9.0
29.0
3.33
-20.33
35.0
-15.67
9.33
3.67
12.67
-0.67
-2.0
-2.33
0.67
-1.67
-3.67
0.33
-0.33
0.67
4.33
2.67
1.0
-1.33
-0.33
-0.67
-0.33
1.0
-1.0
-1.0
-0.33
-1.0
0.0
0.0
-0.33
-0.33
-0.33
0.0
0.0
0.33
1.0
0.0
0.0
-0.33
0.0
1.0
0.0
0.0
0.0
-0.33
-0.33
0.67
0.67
1.0
0.33
-0.67
0.33
0.67
0.67
1.0
0.0
-0.33
-0.67
0.0
0.0
0.0
-0.67
0.0
-0.33
0.0
-1.0
0.0
-0.33
0.33
1.0
0.0
0.67
0.67
-2.33
1.0
-1.33
1.0
-0.33
-1.33
2.0
-0.67
1.67
1.67
-0.67
0.0
-0.33
1.0
-1.0
-2.0
-0.33
-0.33
-0.33
5.0
1.0
-1.0
-2.0
-2.0
1.0
0.67
1.0
3.67
3.0
4.67
-0.33
-0.33
5.33
4.0
3.67
-0.67
2.67
4.33
-0.33
3.33
0.67
0.33
-5.33
6.67
6.0
-2.33
1.33
2.33
5.33
-1.33
0.0
-5.33
-2.67
3.0
5.0
4.33
2.33
1.0
-4.33
2.33
2.0
-4.0
-6.0
2.67
7.67
-1.33
7.0
4.33
1.0
4.67
-2.0
-0.67
2.67
0.0
2.0
-1.67
5.33
6.33
-8.67
-2.67
-3.0
2.33
5.67
2.67
2.33
3.67
10.0
1.33
3.67
4.33
-1.0
12.0
7.67
-6.33
-0.33
1.0
11.0
5.67
0.0
3.33
-5.33
2.0
3.33
1.33
1.0
9.33
2.67
10.33
2.67
-5.0
-4.33
7.33
0.33
3.67
-0.33
2.33
9.0
2.33
6.67
10.67
-1.33
0.67
3.67
7.33
0.67
-1.33
2.0
4.0
5.67
1.0
-1.33
1.33
8.0
1.0
13.0
3.33
5.67
-0.33
6.0
4.33
2.33
1.67
-0.33
8.0
2.67
1.33
1.33
1.67
7.0
2.67
-2.33
10.0
-0.33
4.33
-4.33
0.33
3.0
2.0
6.67
4.0
3.33
-4.67
1.33
-1.0
3.0
5.0
10.0
7.0
3.67
5.67
1.67
1.0
3.33
5.33
4.33
-1.33
2.33
2.33
-1.67
0.33
5.33
-4.67
5.33
3.0
1.33
-0.67
5.33
7.67
6.0
6.0
-0.67
8.33
-2.0
4.0
4.67
2.67
9.33
5.67
3.0
-3.67
3.33
8.0
2.0
4.33
3.67
0.33
4.67
3.67
1.67
-0.67
-3.67
7.33
6.0
7.33
6.33
5.0
1.67
7.33
4.0
0.33
6.0
4.67
8.0
1.67
-0.33
4.67
3.33
0.0
1.0
-3.67
6.0
8.33
1.33
5.67
-2.0
8.33
8.33
-2.0
3.67
-2.0
4.33
-5.33
0.33
-2.0
1.0
3.33
1.67
8.67
2.67
1.67
6.33
3.67
-6.0
-2.33
2.0
0.67
3.0
2.33
-1.0
0.33
2.67
5.67
-2.0
6.33
-1.0
3.0
-2.33
11.33
2.33
3.33
-1.0
3.0
3.0
6.67
6.33
1.33
1.0
-2.0
-1.67
-0.67
1.67
0.67
-1.0
5.0
2.67
6.33
1.67
0.67
-3.0
3.67
4.67
2.33
4.0
5.67
-1.67
-2.33
5.0
3.33
2.67
5.33
2.67
2.0
4.33
-3.33
8.67
7.33
-2.0
2.0
0.67
-1.0
1.33
2.0
4.0
5.33
1.0
-1.33
1.0
-1.0
0.0
5.67
0.0
3.33
6.33
-1.0
5.0
0.33
2.67
-4.33
-3.0
6.0
3.33
7.67
1.67
-2.67
2.0
6.67
-1.0
0.33
-4.0
0.0
-2.33
5.67
-3.0
6.67
0.67
-1.0
0.33
3.0
-4.33
-2.0
-2.33
2.67
1.0
2.67
6.67
2.0
2.67
2.33
3.0
0.33
0.33
-4.0
1.33
0.33
0.67
3.67
2.33
-4.33
-1.67
2.0
1.67
1.67
-0.67
-2.67
-3.0
0.67
-0.67
-0.67
4.33
-0.33
1.67
-1.67
1.67
-1.67
1.33
2.67
-1.33
2.67
0.67
0.0
-2.0
-0.67
2.67
5.67
5.0
0.33
1.0
-2.33
2.0
-1.0
0.67
2.33
2.33
-0.33
-1.67
5.33
3.0
-1.0
7.33
0.0
-1.0
-2.33
1.67
0.33
1.33
-2.0
1.0
1.67
0.0
4.33
3.0
1.0
2.0
0.33
8.67
4.33
2.0
2.33
1.67
4.0
2.0
7.67
2.33
3.33
2.67
1.0
4.33
0.67
0.67
3.0
4.0
-3.67
0.33
0.0
0.33
-5.33
4.67
7.67
3.67
0.33
0.67
-2.0
-0.67
1.0
1.67
4.33
-0.33
0.67
0.0
5.67
-0.33
5.0
3.0
-1.33
1.67
-0.33
-5.0
0.67
5.0
-0.67
1.33
2.33
2.67
6.67
-1.33
-2.67
2.33
1.0
1.0
0.0
3.0
-4.33
-2.67
-6.67
0.67
0.0
5.33
3.33
2.67
2.33
-3.67
-1.33
5.0
3.0
2.67
0.0
-1.0
-0.67
-1.0
-2.0
-3.0
4.0
-3.67
0.67
0.0
-0.33
2.0
-4.67
1.33
-4.67
-5.0
-6.33
4.0
0.0
-2.0
-2.67
1.33
-2.67
3.67
0.67
1.0
0.0
0.67
1.33
0.33
-5.0
-3.0
-2.33
7.0
-2.0
0.67
0.0
0.67
-3.0
1.33
-3.67
-4.67
5.33
0.67
-2.33
0.0
-1.0
4.0
-0.67
-2.33
0.67
0.67
0.33
-2.33
0.67
5.0
5.67
-0.67
-1.0
2.67
1.33
-0.33
0.67
2.0
0.67
-2.0
0.0
-2.67
4.33
-3.0
-1.33
0.0
0.33
-3.67
0.67
-2.0
1.33
-0.67
-1.0
1.0
3.33
-5.0
2.67
-5.67
-7.0
4.0
-2.0
3.33
1.67
0.67
-3.67
8.33
1.0
-2.67
1.33
-0.33
3.0
-4.0
0.67
-0.33
-4.0
-4.0
3.67
2.67
-5.0
-4.0
-3.33
-0.67
-3.33
-4.33
-5.67
-0.67
-5.0
3.33
-4.33
2.67
-1.0
-4.0
0.33
-1.0
2.33
-11.33
-4.67
-2.67
-2.33
1.0
-11.33
-1.0
-2.0
-2.67
-5.33
-6.33
1.67
-6.33
-3.0
0.0
-2.0
0.0
2.33
-1.67
-1.67
-7.67
0.33
0.0
-3.0
2.67
-2.67
2.67
-1.0
-5.67
-4.67
0.0
-7.33
-7.67
2.0
-6.67
-4.33
-9.67
-3.33
0.33
-3.0
-0.33
-0.67
-2.33
4.67
-7.67
1.0
-2.0
2.67
-4.67
-6.0
-7.0
-1.33
-9.33
6.67
-6.67
-4.33
1.0
-1.67
-0.67
-4.0
-1.0
-3.0
-2.0
1.0
3.33
-1.33
-4.33
3.67
-3.33
-4.33
0.0
-2.67
-2.67
-5.0
-3.0
2.33
-4.0
-3.0
4.0
0.0
-7.33
9.33
2.67
-3.33
2.67
6.33
12.0
-2.67
-7.67
13.33
10.0
4.0
7.0
2.67
23.33
11.33
27.33
22.0
28.0
15.67
31.33
24.33
25.67
25.67
15.0
27.0
30.0
10.67
20.0
5.33
14.0
16.0
21.0
4.67
5.33
7.33
3.67
2.67
2.67
2.0
3.33
0.33
-4.33
-2.67
-2.67
-2.0
-6.33
3.67
-4.0
1.33
1.33
1.0
6.0
-2.33
2.33
-0.33
-12.33
0.67
-5.0
3.67
-4.67
-2.33
-7.67
2.0
-0.33
-0.67
-5.0
1.0
-10.33
-1.67
1.67
1.33
-4.33
-5.67
2.33
-5.0
-7.33
0.0
-4.33
-7.0
-6.0
-3.33
-3.33
4.67
-4.33
-0.67
-5.0
-6.0
-3.67
-4.0
-6.33
0.0
-6.33
0.67
1.67
-2.33
0.0
-9.0
-4.67
-0.33
-4.0
-7.67
-2.0
-4.67
3.33
-6.0
-2.0
-5.0
-1.67
-1.67
5.67
-1.33
-3.0
-2.67
3.0
1.0
2.0
-7.33
0.67
-5.33
-6.67
1.67
2.33
-1.67
-2.0
0.0
-0.67
-3.67
4.67
1.33
1.0
-4.33
3.67
-4.0
-5.33
-4.0
-6.33
0.67
0.67
-5.67
-2.67
3.67
0.67
2.33
5.0
-1.0
5.33
2.0
-3.33
-3.0
-4.33
-5.67
2.33
0.33
1.67
-0.33
-8.67
-4.33
-2.0
1.33
-1.67
-4.33
6.0
-5.33
4.33
-1.67
4.67
-4.0
-5.33
0.67
-5.0
2.33
3.67
4.33
-5.67
5.33
-2.33
-2.0
1.0
-3.33
-7.67
7.33
-4.67
3.33
6.0
-1.0
0.0
-6.0
0.0
-2.33
1.33
2.0
-5.0
3.67
0.33
-4.67
-0.67
3.0
1.0
-3.0
0.67
4.67
2.67
9.33
7.67
3.67
4.33
0.33
0.0
-1.67
1.0
-3.0
2.67
3.33
2.33
-1.0
-3.67
-1.0
4.0
-2.0
8.33
0.0
-0.33
-3.0
2.0
1.67
3.67
-4.33
2.67
0.33
6.33
-2.0
21.33
4.0
14.67
6.0
10.67
19.33
3.0
16.33
10.0
17.0
11.33
19.67
12.0
7.33
5.0
17.67
5.67
16.33
13.33
5.67
17.0
13.33
12.67
20.67
13.33
13.67
1.67
5.67
-2.0
3.33
13.33
13.67
7.67
8.33
3.67
9.67
9.67
9.0
2.33
10.33
2.0
10.0
11.0
-1.67
4.0
15.0
1.33
3.67
3.67
5.0
3.0
-2.0
5.0
7.67
6.33
3.67
-3.0
-4.0
-0.33
11.0
3.33
0.33
10.33
5.33
-5.33
2.0
1.0
6.67
4.67
12.0
2.67
12.0
-3.0
4.67
-0.33
6.67
8.33
3.0
-1.33
-0.33
9.33
7.67
1.33
2.0
6.67
3.67
7.0
4.0
4.33
10.33
-1.0
9.33
-1.0
1.0
12.67
11.67
10.67
6.67
6.67
-0.67
5.67
-1.67
4.33
10.33
-3.0
4.33
8.0
-1.33
11.67
-3.0
1.33
7.0
9.0
4.33
5.67
7.67
-4.0
-5.33
5.67
-0.67
5.0
4.33
11.33
1.67
12.0
16.67
11.0
15.33
6.0
19.67
3.33
9.33
8.33
5.33
-1.67
11.0
12.33
8.67
2.33
13.67
8.0
10.33
-0.67
5.67
4.67
3.67
10.0
10.0
9.67
4.67
2.33
4.33
11.67
17.33
13.67
1.67
-2.0
3.67
3.33
1.67
11.0
9.33
8.0
2.67
19.0
1.33
27.0
10.67
3.0
7.0
2.67
12.33
9.0
-8.0
1.33
7.0
-0.67
11.33
8.33
10.0
8.67
6.67
7.33
5.0
-1.0
2.0
5.0
11.0
12.67
0.0
9.0
2.0
5.67
8.33
-2.33
0.33
5.67
11.0
3.67
6.67
12.33
-0.33
1.33
8.0
3.33
11.33
3.0
-0.33
9.67
12.67
11.0
16.0
-0.33
2.0
-1.67
21.33
2.0
-5.67
-2.67
15.67
16.67
15.33
-0.67
8.0
2.67
20.33
0.67
0.0
11.67
17.33
0.33
-0.33
-7.0
8.0
3.0
7.67
6.67
-5.0
11.67
12.67
6.0
5.33
11.67
5.33
18.0
5.33
13.0
16.33
6.33
9.67
9.33
15.33
3.67
20.33
13.33
9.67
11.67
17.0
20.33
17.0
21.33
11.0
27.33
25.0
19.67
18.33
14.67
19.33
15.33
11.33
10.33
24.0
24.33
24.0
25.33
28.0
28.33
28.67
34.0
37.67
41.33
49.33
54.33
58.33
55.67
59.67
48.33
58.67
76.33
78.67
78.67
68.33
89.33
85.67
72.67
88.33
70.33
76.67
101.0
89.33
77.67
54.0
71.67
63.67
59.67
40.67
40.67
43.67
38.33
25.67
42.0
21.33
16.67
10.67
10.67
16.67
10.0
10.33
6.33
12.0
18.67
4.67
20.0
6.33
-0.33
14.33
5.67
9.0
0.67
2.33
5.33
21.0
13.0
15.0
12.0
17.67
15.67
-7.0
11.67
3.33
4.33
3.0
15.33
16.33
5.33
6.0
-1.67
5.33
14.0
19.67
2.67
1.33
10.0
-1.33
0.67
12.33
13.0
9.67
10.0
3.33
15.33
9.0
12.67
1.67
2.67
7.33
1.33
-2.67
5.33
16.33
4.67
4.0
17.67
12.0
10.67
7.0
4.33
3.67
3.0
2.0
20.67
1.33
7.67
6.33
18.0
11.33
15.33
9.67
11.0
4.33
19.0
14.33
6.0
7.67
7.67
8.33
10.0
1.0
4.0
11.33
13.0
16.67
5.67
5.33
9.33
18.67
14.33
8.33
9.67
17.67
16.33
10.33
26.67
5.67
16.33
13.0
10.33
18.67
0.0
2.33
20.0
4.33
14.33
8.67
-2.0
5.33
12.33
1.33
24.33
2.67
15.67
-2.0
7.67
8.0
8.0
-1.33
8.0
11.0
-3.0
0.0
5.0
6.0
18.0
8.33
7.33
4.0
5.0
8.67
5.33
14.67
0.0
2.0
9.33
9.67
-8.67
8.0
14.67
2.67
1.33
1.0
10.33
6.67
11.0
1.67
-8.67
9.33
26.67
19.0
6.67
7.33
16.0
15.67
11.33
16.0
13.67
12.0
15.33
9.67
12.67
13.33
10.67
12.67
15.67
15.67
25.33
19.0
20.33
9.33
30.33
23.33
26.0
34.67
13.0
24.0
26.67
30.33
21.0
28.67
29.0
30.67
38.67
18.67
33.0
31.33
29.67
21.0
23.0
17.67
18.67
11.0
26.33
16.33
24.67
23.33
22.33
22.67
17.0
16.67
-7.0
9.67
4.0
11.67
14.33
4.67
7.33
14.0
5.0
18.0
7.33
3.67
7.67
-3.33
17.0
7.67
2.67
-4.0
11.67
11.33
10.67
9.33
-1.33
17.33
12.67
-3.33
16.67
10.67
-4.33
-5.33
12.33
9.67
-13.67
18.0
-1.0
-5.0
-0.33
-4.67
15.67
4.67
2.67
7.0
1.0
1.33
6.67
21.33
7.33
0.67
7.0
4.0
11.33
27.67
-2.67
6.67
0.67
14.0
8.33
2.0
11.67
-1.0
10.67
4.67
12.0
-1.0
3.0
11.67
4.0
16.33
0.67
15.0
9.33
-6.33
-2.0
6.0
1.67
15.67
7.33
4.0
-2.0
3.0
4.67
1.0
3.33
-1.0
16.67
9.33
-0.33
9.33
-3.0
2.0
0.0
4.67
6.33
8.67
7.67
-3.67
0.0
-6.33
10.0
2.0
-2.0
-2.33
5.33
-4.67
6.33
-3.33
2.67
8.0
-2.67
3.0
-7.67
13.33
-1.67
11.33
7.0
14.0
-11.67
0.67
-4.67
6.33
12.0
-6.0
-1.67
-3.33
-2.67
8.67
7.33
5.33
-2.33
-1.67
-4.67
5.67
-4.67
0.33
-5.33
-1.67
-1.67
5.33
-1.67
-1.33
2.0
-3.0
0.33
1.0
-3.67
3.0
2.0
-6.0
-0.67
8.0
-7.67
14.0
10.33
0.33
2.0
2.67
0.33
2.0
1.33
0.33
-4.67
2.67
1.33
0.0
7.0
2.0
-3.67
3.67
13.67
0.33
9.67
-6.67
-4.0
7.0
-1.0
13.67
5.67
2.0
6.0
2.33
11.67
0.33
4.67
4.0
0.33
3.0
2.33
11.0
-5.33
4.33
4.0
8.33
15.0
11.67
13.67
12.33
-2.0
1.67
2.0
18.33
6.0
2.33
7.33
15.33
3.0
4.67
6.33
10.67
10.33
7.0
-3.33
6.0
-2.33
7.0
7.67
0.33
2.33
9.67
1.67
4.0
6.67
0.33
3.67
4.0
-4.67
15.67
-2.67
0.67
3.67
4.33
2.67
-3.0
-2.33
1.33
-4.0
2.67
12.0
3.0
17.0
6.67
-8.0
-0.67
8.33
-0.67
7.67
9.33
1.0
8.67
3.0
3.0
2.0
5.0
2.67
-5.0
6.67
1.67
-2.67
-2.67
5.67
1.67
-1.33
-3.67
6.33
6.67
-2.0
5.67
6.0
-3.33
0.67
-0.33
-2.0
6.0
-1.33
4.33
7.33
-1.0
8.0
15.67
3.33
3.33
5.67
0.67
2.33
3.0
4.33
5.67
7.67
2.33
13.67
-0.33
3.67
4.33
5.0
-5.33
4.0
-2.33
4.33
6.67
-4.33
-0.67
3.0
1.0
7.33
6.33
5.0
-2.0
-1.33
2.0
6.33
-1.0
1.33
-3.0
-1.0
-3.67
-3.33
4.33
3.67
-4.33
-1.67
0.33
2.67
-1.67
1.0
4.33
3.0
5.33
6.0
-3.33
10.33
-5.0
7.67
1.0
4.0
-0.33
5.0
4.33
7.67
-4.0
-1.0
3.67
-0.67
6.33
4.67
5.67
4.0
-1.33
4.0
1.67
2.0
3.0
3.33
1.0
6.67
8.33
0.67
1.0
4.67
-4.0
-2.0
5.33
3.0
3.33
9.33
-2.0
0.33
1.33
3.67
3.0
6.33
7.33
-2.0
4.0
1.0
-2.0
2.33
3.67
7.33
-5.33
5.33
7.33
6.67
1.33
-0.67
-5.0
15.33
2.33
-2.67
5.33
4.0
-2.0
0.33
2.33
1.0
-2.0
5.67
9.67
-2.67
3.0
3.33
0.33
-2.33
-1.0
1.0
-2.33
2.0
2.67
1.0
-5.0
5.67
0.67
3.33
3.0
2.0
4.0
-4.67
1.67
-3.67
5.33
-0.33
-1.0
-8.0
6.33
-3.33
6.0
-1.67
-5.0
-1.67
-4.0
4.0
-2.0
1.0
-2.0
3.0
-1.0
2.0
1.33
1.67
0.0
1.0
5.0
8.33
-3.67
4.33
0.67
8.67
2.33
1.67
6.0
-0.33
-4.33
5.67
0.67
0.0
4.33
6.0
1.33
0.33
-0.67
3.33
-2.0
5.33
-3.67
4.67
10.0
2.0
2.33
-1.67
-0.33
4.0
2.33
-7.0
3.0
4.0
-0.33
-0.33
2.33
3.67
0.67
-0.33
4.0
-5.0
1.0
1.33
-4.0
4.67
1.33
-2.33
-1.67
2.67
-2.0
2.0
2.0
-5.0
-1.33
3.67
8.0
-0.67
1.0
6.33
-0.33
-2.33
-1.0
-0.33
-2.0
1.33
2.0
1.0
