0.0
68.67
58.67
81.67
71.0
74.67
11.33
72.67
-35.67
15.33
31.67
59.33
15.33
123.67
49.67
81.0
98.0
70.67
31.33
6.0
18.0
0.33
14.67
30.0
-5.67
-2.67
22.67
1.67
-1.67
-1.0
4.67
2.67
-7.67
2.33
3.33
-2.33
-0.33
3.33
-0.33
1.0
-0.33
-0.33
-0.67
1.67
0.0
-1.0
-1.0
-0.33
1.0
1.0
2.0
0.67
-0.33
-0.33
0.0
1.0
0.33
1.0
1.0
1.0
0.67
0.0
1.0
0.0
0.0
1.0
1.67
-0.33
-0.33
0.67
0.0
-0.67
-0.67
-0.67
0.67
0.67
0.0
0.0
-1.33
-0.67
-1.0
0.0
0.0
-0.67
-1.0
0.67
0.0
-1.0
0.0
-0.33
-0.67
0.0
0.0
-1.33
-0.33
-1.33
2.0
-1.33
1.0
-0.33
-0.33
0.0
-1.67
-0.33
-0.33
-0.67
0.0
2.67
-2.0
2.0
0.0
-1.33
-3.33
-0.33
-1.0
1.0
-1.0
-1.0
-3.0
-1.0
0.67
3.0
-1.33
2.0
-5.33
1.67
-0.33
0.33
3.0
-1.33
8.33
1.67
4.33
-2.33
0.33
-0.33
1.33
-4.33
1.67
3.0
-4.33
2.33
-2.67
2.33
0.67
-3.0
-3.33
-3.67
-2.0
7.0
6.33
0.33
0.0
3.67
3.33
4.0
-3.0
1.0
-0.33
5.67
-1.33
4.0
7.33
6.0
6.67
5.0
-0.67
-2.33
0.0
-3.0
-2.67
1.33
5.33
-6.67
-1.67
-2.0
2.33
4.67
-0.33
1.33
-0.33
6.0
3.33
5.67
5.33
-1.0
3.0
6.67
0.67
-5.33
-4.0
1.0
3.67
9.0
4.33
-1.33
7.0
5.33
0.33
5.0
8.33
1.67
5.33
4.67
-4.0
-4.33
3.33
1.33
4.67
3.67
5.33
10.0
7.33
2.67
7.67
1.67
-2.33
-0.33
1.33
-4.33
0.67
1.0
6.0
6.67
6.0
1.67
0.33
3.0
2.0
5.0
-3.67
0.67
-2.33
1.0
-2.67
-2.67
5.67
8.67
2.0
6.67
-0.67
1.33
1.67
12.0
2.67
0.67
3.0
2.67
5.33
-2.33
5.33
5.0
-1.0
2.67
5.0
7.33
-4.67
-3.67
-2.0
0.0
6.0
2.0
4.0
-2.33
-3.33
3.67
4.0
1.33
6.33
2.33
-0.33
1.33
-0.67
2.33
5.33
0.33
-0.67
3.33
6.0
8.33
-0.67
-4.67
-0.33
-5.0
-1.0
6.33
9.33
-4.0
3.0
1.67
0.67
7.33
-1.33
0.0
-0.67
4.33
6.0
1.0
5.33
2.67
-2.67
-0.33
5.67
7.67
0.33
-0.67
2.33
7.0
4.33
0.33
5.0
-0.33
4.33
3.0
-0.67
-1.0
5.67
4.0
2.67
6.67
3.67
-1.67
0.0
7.0
-9.67
0.0
0.33
4.33
3.67
4.0
7.33
3.33
1.0
4.67
-1.0
1.33
-1.33
2.33
3.0
-1.0
4.33
2.67
3.67
1.67
0.67
3.33
2.67
-1.0
-2.33
2.0
-4.33
-2.0
-1.67
1.0
1.33
-0.33
-1.33
3.0
-0.67
0.0
2.0
-1.33
6.33
3.33
3.33
-3.0
-1.0
2.0
5.67
7.33
10.33
-1.0
5.0
-6.67
3.33
-0.33
4.67
-4.0
4.0
3.67
6.33
0.67
-4.33
-4.0
3.67
-0.33
1.33
0.0
3.67
1.33
2.67
-1.0
5.33
0.67
0.33
-0.33
-2.0
2.33
-0.33
0.67
-3.67
2.0
-4.0
11.67
-2.0
2.33
1.0
-4.0
4.33
3.0
-0.33
7.0
5.0
0.0
2.67
0.0
2.33
4.33
1.0
4.0
1.33
3.67
4.67
-4.0
3.0
5.33
3.67
-1.33
3.33
2.0
5.67
0.0
-1.67
7.0
1.0
-3.33
7.67
6.0
6.67
5.67
2.0
-3.67
5.0
-4.33
1.0
-5.33
-0.33
3.0
-2.33
3.67
1.0
0.67
-2.67
5.0
-1.67
0.33
-3.0
3.33
0.33
-1.33
-0.33
-1.67
-0.33
-4.67
-1.0
0.67
-0.33
2.33
-0.67
1.0
4.67
-5.67
-0.67
-3.67
-4.33
0.67
-2.67
0.67
0.33
5.33
-1.33
-1.33
1.67
2.67
9.0
-1.0
-1.67
0.67
0.67
2.0
-1.67
7.0
5.67
1.0
3.0
5.67
1.33
3.33
-0.33
1.33
-2.67
3.0
1.0
-3.67
-1.0
1.0
-0.33
0.67
-5.67
-3.67
-4.0
1.0
2.67
-2.0
2.33
2.0
-3.0
-1.0
1.33
2.67
2.33
2.0
-0.67
5.67
0.0
4.0
1.67
1.33
0.33
-2.33
-2.0
3.33
-3.33
3.67
0.0
0.0
-1.67
-2.67
0.0
1.33
3.67
-1.33
5.67
0.67
-0.67
-3.33
0.0
-0.67
1.0
3.67
3.33
2.67
-2.33
-2.0
2.67
2.67
2.0
3.0
-2.33
-0.33
-1.33
-7.0
-2.33
0.0
0.33
-1.67
-1.67
2.67
7.67
-0.33
1.33
0.33
-3.0
7.0
0.0
-1.0
-1.33
1.33
0.33
1.67
1.0
3.33
-0.67
-2.33
2.33
-0.67
-2.33
-2.0
0.0
-0.33
1.0
-1.0
-0.67
0.0
1.0
-2.0
2.0
1.33
-3.33
2.0
2.67
0.0
-5.67
-2.67
-3.67
-4.0
-4.33
-3.0
-2.0
-4.0
-4.67
-1.67
0.33
0.67
-2.33
2.0
0.0
-0.33
-3.67
2.33
1.0
-2.0
0.67
1.0
4.0
0.67
1.0
0.67
0.0
-2.67
-1.67
-4.67
1.33
-2.33
5.67
0.0
-4.0
-1.0
-1.67
-7.33
3.67
-4.33
0.33
0.67
-1.33
1.0
1.67
-3.67
-1.0
1.67
1.33
0.67
-1.33
-1.0
0.67
-1.0
2.0
-0.67
-0.67
-6.0
-6.33
1.0
-0.67
-1.67
0.67
3.0
0.33
-1.67
0.0
1.0
1.33
-8.0
3.67
-1.67
-6.0
1.0
-1.0
-2.67
-2.33
-0.33
-3.67
1.33
3.0
-2.67
-1.67
2.67
-3.0
-1.0
-0.33
-0.33
1.0
4.0
-1.33
3.67
-6.0
1.0
-1.33
-4.67
-4.33
-2.33
-6.67
-4.67
0.0
2.33
-3.33
2.67
-1.0
0.0
-2.67
-5.0
-3.67
-8.33
2.33
4.33
3.67
1.0
-8.33
-6.0
5.0
0.33
-3.33
0.67
4.67
-2.33
0.0
1.0
-2.0
-2.0
-0.67
-0.67
-3.67
-5.67
-1.67
-4.0
-3.0
-2.33
0.33
2.67
-1.0
1.33
-3.67
-5.0
-4.33
-6.67
-5.0
-6.67
-1.33
-2.67
0.67
-0.67
-6.0
-0.33
-5.67
-2.33
-5.33
-2.67
-1.0
1.0
2.67
-3.67
-4.0
-7.0
-0.33
-3.33
2.67
-0.67
-2.33
-3.0
-2.67
-5.67
-4.0
2.0
-6.0
-9.0
-6.0
-1.67
-9.33
-1.33
-4.33
-0.33
-1.33
4.0
-3.67
-1.67
1.0
6.0
-2.67
3.0
-1.0
-3.0
-5.0
-4.33
5.33
3.67
4.67
2.67
1.33
0.0
7.33
0.33
23.33
7.0
9.0
23.0
4.67
18.33
18.33
15.33
24.0
26.0
25.67
31.33
23.33
25.67
18.67
25.0
23.0
21.0
19.67
28.0
9.33
12.0
14.0
14.0
13.67
4.33
-2.67
-1.33
2.67
-4.33
1.0
1.33
7.33
6.67
1.33
4.33
3.0
4.67
5.67
0.0
2.33
-6.67
-4.0
6.0
-2.33
5.33
2.67
-3.33
4.67
-2.0
1.67
-2.67
-1.33
-0.67
-3.0
-0.33
1.33
5.0
-1.0
-4.33
-1.67
-2.33
-4.67
-3.33
3.33
2.33
-4.0
-5.33
0.0
-7.33
-3.0
-8.0
-3.33
-0.33
-6.33
0.67
2.33
-3.0
-3.0
-2.67
0.0
-8.33
6.0
1.67
7.67
-0.33
-0.33
-2.0
0.0
6.33
-6.33
-6.0
0.33
-3.0
-1.67
5.33
5.0
1.0
-8.0
-1.67
-6.67
-5.33
-3.33
-3.0
-8.67
-2.0
-2.0
0.0
-0.33
-9.33
-4.33
1.33
-11.33
-0.67
-3.67
2.0
-12.0
-9.67
-1.67
4.67
-0.67
-1.0
-7.33
6.67
2.0
-7.33
-10.0
0.67
-6.33
0.67
-9.67
-2.67
4.67
7.67
3.33
2.0
11.0
-3.67
4.0
9.67
3.0
-0.33
11.33
-2.67
3.33
-9.33
1.67
4.33
-4.33
7.0
5.33
-6.67
-0.33
4.0
-10.33
4.33
-7.67
0.67
-3.0
8.67
4.67
-1.0
-0.67
6.67
2.33
-4.67
-4.67
2.67
6.0
-1.0
-1.33
-4.67
1.33
-2.67
-2.67
-2.0
-2.0
-7.0
-6.0
-5.0
-1.33
3.33
4.0
-4.0
-2.33
10.33
2.33
2.33
0.0
4.0
0.0
-1.33
-2.33
-1.33
5.33
1.67
1.67
3.33
-2.67
-5.0
-2.67
3.0
-8.0
4.67
-6.67
-3.67
1.0
3.33
-5.0
-2.0
-1.0
1.33
1.0
1.67
0.0
0.0
8.67
3.67
-0.33
10.67
1.33
5.33
6.0
11.33
1.0
21.67
13.0
5.67
8.33
13.0
17.33
19.0
18.0
29.33
20.67
16.0
21.33
24.0
31.67
7.67
12.33
16.33
23.67
13.0
11.33
17.67
7.67
11.33
1.67
7.67
4.67
5.0
3.33
-3.67
1.67
6.67
2.33
6.67
9.67
2.67
-1.0
6.33
6.33
14.0
2.0
9.0
4.33
1.0
6.0
5.33
-1.33
1.67
-4.0
2.0
-2.0
3.0
2.67
4.33
1.67
-10.0
3.0
8.67
0.0
-1.67
4.33
3.33
1.33
3.67
12.0
8.0
5.67
1.67
12.0
7.67
2.0
-2.0
5.67
-4.33
1.67
5.33
5.0
0.67
-1.33
0.33
10.67
3.33
4.0
9.67
8.67
-3.0
9.0
19.33
9.33
-4.0
8.33
10.0
7.0
10.67
12.67
2.67
4.67
4.67
5.33
3.67
1.33
8.33
-2.67
4.0
3.33
12.0
0.67
4.67
1.0
9.33
12.0
-2.0
5.33
3.67
10.67
1.0
5.67
1.67
17.33
11.0
12.33
12.33
0.67
10.0
0.67
-4.0
17.33
21.0
18.67
7.33
7.33
4.33
6.33
7.33
10.0
9.33
10.67
6.33
-0.33
12.0
7.33
18.33
0.67
1.67
9.67
10.0
13.0
7.67
0.67
1.33
-4.67
8.67
2.33
6.67
9.67
15.0
20.67
6.33
4.67
1.0
8.33
2.0
12.67
3.0
3.33
7.0
-7.33
12.0
1.0
5.67
9.33
21.0
7.0
7.33
7.0
3.33
0.33
20.33
6.0
14.67
3.67
12.33
19.0
12.0
7.0
0.0
6.0
1.67
12.0
8.0
1.0
-0.33
4.33
3.67
6.33
8.67
7.0
1.67
4.67
13.33
-1.33
9.33
10.0
3.33
13.33
10.0
0.67
6.67
4.67
10.0
11.0
6.67
8.0
5.33
5.33
11.0
1.33
16.33
6.67
10.67
7.33
13.33
5.0
6.67
10.33
9.67
10.0
1.67
8.33
11.33
12.67
7.0
7.0
0.0
0.67
7.67
4.0
13.67
13.67
-1.0
14.33
8.67
10.33
13.0
2.33
13.0
17.33
11.33
11.67
3.33
8.33
9.67
18.33
13.33
9.67
7.67
20.0
21.33
14.0
20.33
18.0
26.33
16.0
21.67
26.33
12.67
32.33
17.33
10.33
22.33
26.0
29.33
25.0
34.33
29.0
30.33
27.67
46.0
63.67
42.33
63.33
71.33
71.33
71.67
58.67
84.33
98.67
85.33
76.67
97.67
98.33
104.33
97.67
120.67
93.33
103.33
98.67
82.0
95.33
69.67
89.0
75.67
60.67
64.67
53.67
34.67
36.67
46.33
34.67
55.0
35.33
11.67
10.67
21.67
17.67
25.0
14.33
11.33
30.0
5.67
8.67
15.0
5.33
8.67
14.33
9.67
6.0
16.67
8.33
17.33
11.0
17.0
-2.0
15.0
10.67
6.67
5.0
9.67
7.33
8.33
7.0
0.33
14.33
2.33
15.0
12.33
11.33
21.0
-1.33
3.67
6.33
23.0
8.67
7.67
11.33
8.0
5.67
-3.0
14.33
17.33
22.0
1.67
9.67
-4.33
10.33
8.33
9.33
4.33
11.33
3.67
1.0
10.67
11.0
8.67
6.0
3.33
2.67
15.0
9.0
11.67
9.33
9.67
10.33
14.0
9.33
7.33
9.67
24.0
10.33
9.0
5.33
15.0
-4.33
2.67
14.33
9.0
10.0
14.0
19.33
6.0
6.67
11.67
8.33
4.33
15.67
13.33
3.33
16.67
9.67
-11.67
-4.67
4.67
18.67
14.33
-2.0
14.33
7.67
9.0
5.33
12.0
0.33
22.33
14.67
14.0
30.33
9.33
-0.67
7.33
6.67
9.67
9.0
5.67
17.0
13.0
1.67
9.0
8.0
4.0
6.0
10.0
7.0
6.0
5.33
1.33
-4.0
1.0
6.67
2.33
3.67
-2.0
15.0
11.33
4.67
8.33
23.0
10.67
19.67
7.33
14.0
12.33
-4.33
6.0
-1.33
7.33
10.33
16.67
3.0
13.67
1.33
11.0
4.67
21.33
10.0
-0.33
8.0
8.33
9.67
9.67
17.33
25.67
33.67
10.67
14.67
20.33
25.0
28.33
33.33
19.33
23.33
25.0
17.67
27.0
20.0
35.67
24.33
31.0
34.67
18.0
27.67
25.67
20.67
28.0
24.33
28.67
21.0
21.0
18.67
18.67
23.0
6.33
20.33
32.67
20.33
13.33
19.67
24.0
21.67
-2.0
12.67
15.0
-1.33
7.33
4.67
0.33
-5.0
7.0
6.0
4.33
-14.33
13.67
-5.33
11.0
9.67
12.67
9.0
-4.33
1.33
4.67
3.33
0.67
14.33
3.67
9.67
4.67
8.67
17.67
-14.33
-0.67
14.67
5.33
11.0
6.0
2.0
3.67
4.33
-2.33
5.67
3.67
9.0
5.0
3.33
7.67
12.33
15.33
3.67
0.0
9.0
11.33
17.67
-0.67
8.67
-2.33
14.0
4.33
2.0
5.67
13.0
8.67
3.67
11.0
-6.0
4.0
12.67
6.0
14.33
6.67
7.0
8.33
-6.33
-1.0
1.0
5.67
11.67
14.33
15.0
6.0
10.0
5.67
-2.0
3.33
6.0
6.67
1.33
3.67
4.33
2.0
10.0
7.0
0.67
1.33
-0.33
-3.33
1.33
2.0
1.67
4.0
10.0
3.0
15.67
7.33
10.33
8.33
-1.33
5.67
-4.0
-6.67
-2.0
5.33
7.33
1.33
7.33
-8.0
3.0
-1.67
10.67
-3.67
4.33
9.0
-1.0
3.33
-7.33
-0.67
9.67
7.33
4.33
13.67
0.33
-10.67
4.67
4.33
-6.67
2.67
6.33
8.33
-3.67
8.33
9.67
-1.0
1.0
1.33
-2.0
-1.67
-11.0
-3.0
-5.0
-11.67
6.0
-5.67
2.0
13.33
3.33
6.0
5.67
2.33
2.0
1.33
-1.67
2.33
4.67
-1.67
2.0
-1.0
-3.0
1.33
-3.33
6.67
1.33
4.67
8.33
-8.0
9.0
1.0
4.67
4.67
-1.0
0.0
12.33
8.67
3.33
5.67
0.0
5.33
1.0
0.33
2.0
1.67
0.33
6.0
3.33
8.0
0.67
-1.33
3.33
0.0
0.67
0.0
10.33
9.0
2.33
15.33
5.33
10.0
9.67
7.33
9.67
-1.67
2.0
3.67
4.0
6.67
2.0
3.67
12.33
-3.67
-3.33
2.67
19.0
6.67
6.33
-3.33
-5.0
0.33
16.67
-2.67
-3.33
0.67
-1.67
0.67
7.0
2.67
1.33
2.0
4.67
-1.0
2.0
-3.0
0.67
-1.0
4.33
11.33
5.33
4.67
4.33
5.0
1.67
7.0
-3.0
5.0
-6.0
8.67
1.0
6.67
-3.33
2.33
-0.67
1.67
4.67
4.67
8.33
-2.67
9.67
3.0
3.67
3.0
-2.33
-2.33
-1.33
-3.0
7.0
5.67
6.33
-3.67
-5.0
2.0
0.67
1.33
2.33
9.67
-1.33
-0.67
2.0
6.33
0.67
5.67
-2.67
2.67
-5.33
4.67
2.33
9.0
-4.33
-1.0
0.67
-3.67
6.67
-3.33
-9.67
5.0
-3.0
-2.67
-3.67
0.0
1.0
-1.33
9.0
6.33
1.0
9.33
1.0
-5.0
-2.67
-0.33
7.33
2.67
-6.33
4.33
-4.67
-1.33
2.33
0.0
0.33
6.0
5.33
0.0
0.67
0.33
-2.0
-1.33
0.0
2.0
3.67
-2.0
1.33
3.67
-5.0
-3.0
0.67
-6.67
-1.67
-3.33
-2.33
2.0
6.67
5.0
-1.33
-5.0
-1.0
5.33
0.0
0.67
5.33
6.67
4.0
-4.33
3.0
-5.0
-0.67
6.0
1.33
11.33
2.0
4.33
0.33
4.67
-2.0
0.33
6.33
0.0
4.0
16.0
3.0
0.33
13.67
16.33
2.67
-1.67
12.33
0.67
3.33
-1.67
1.0
5.33
0.33
2.33
6.33
0.0
5.0
1.33
-1.67
-2.0
2.0
-1.33
2.67
5.33
4.0
1.33
2.33
4.67
0.0
-2.0
6.67
6.0
-2.33
3.0
-1.0
-2.33
0.67
-2.67
4.0
-1.0
1.0
5.33
7.67
-5.67
-0.67
-0.33
3.0
-6.0
7.33
-1.33
5.0
1.33
1.0
-0.67
2.0
8.0
1.0
0.0
2.0
-7.0
3.0
0.0
1.33
0.67
3.0
-2.0
2.0
8.33
2.33
-1.67
5.67
1.67
-4.67
4.67
-3.0
5.67
-1.33
-3.33
-1.33
-1.0
6.33
1.0
2.33
-6.67
2.33
-0.67
-2.0
6.33
-0.67
0.67
-1.0
4.0
1.33
0.33
-2.33
2.0
-0.67
-2.0
-5.0
1.0
1.67
1.67
4.33
5.67
-3.33
1.67
7.0
-2.0
1.0
0.33
-3.0
-3.33
0.33
1.67
5.33
-0.33
-1.0
-1.0
5.0
-4.0
5.67
2.67
2.0
6.33
-1.0
1.33
1.67
-1.33
2.0
1.67
5.0
1.33
-3.0
2.0
