0.0
16.67
49.67
47.67
104.0
24.67
62.33
30.67
28.33
35.33
2.67
-36.67
43.33
29.67
69.67
48.0
75.0
22.67
10.33
40.0
12.0
-27.67
-1.33
24.0
12.33
1.33
21.67
3.67
9.33
-5.0
0.67
11.67
-4.67
1.33
6.33
1.67
-1.33
-0.67
-0.33
0.0
1.67
-0.33
2.33
-0.33
0.0
-1.0
-1.0
-0.33
-1.0
0.0
0.0
-0.33
-0.33
-0.33
1.0
1.0
0.33
0.0
0.0
0.0
-0.33
1.0
1.0
0.0
0.0
0.0
-0.33
-0.33
-0.33
0.67
1.0
-0.67
0.33
0.33
0.67
0.67
0.0
0.0
-1.33
-0.67
-1.0
1.0
0.0
-0.67
1.0
0.67
1.0
0.0
0.0
-0.33
0.33
0.0
0.0
-0.33
-0.33
-1.33
1.0
-0.33
-1.0
0.67
-1.33
0.0
-0.67
0.67
0.67
-2.67
-1.0
-1.33
3.0
-1.0
1.0
-1.33
-2.33
3.67
0.0
2.0
-2.0
-3.0
-1.0
3.0
-0.33
4.0
4.67
3.0
-2.33
1.67
1.67
0.33
1.0
-0.33
3.33
-0.33
-2.67
0.67
-3.67
-0.33
2.33
-2.33
8.67
1.0
4.67
-3.67
-1.67
8.33
-0.33
1.0
-2.33
-2.67
-5.0
7.0
-0.67
-0.67
-1.0
-1.33
-1.67
-3.0
-2.0
-4.0
-3.33
-0.33
1.67
4.0
1.33
2.0
2.67
9.0
-1.67
4.67
-6.0
-3.0
-2.67
4.33
10.33
-2.67
1.33
-1.0
2.33
2.67
2.67
1.33
-1.33
-2.0
3.33
2.67
5.33
8.0
1.0
-3.33
-6.33
1.67
5.0
1.0
-3.33
3.0
1.33
-2.33
-2.0
1.33
0.33
2.0
-0.67
0.67
11.33
-1.33
-2.0
-6.33
-2.67
0.33
6.67
4.67
3.33
13.0
4.33
7.67
-4.33
1.67
4.67
2.67
-0.67
-1.33
-4.33
6.0
7.0
1.67
1.0
-4.33
-0.67
3.0
4.0
0.0
5.33
12.67
0.67
1.0
0.33
1.33
-2.33
3.67
-1.0
1.67
2.33
-2.67
-0.33
4.0
2.67
0.67
4.0
-1.33
1.33
-1.33
3.33
4.0
-4.0
-0.33
8.0
-0.67
-2.67
1.33
2.0
8.0
2.0
1.0
0.0
0.67
2.67
1.67
6.0
-0.67
6.33
0.33
3.67
5.33
-1.67
3.33
4.33
3.33
-0.67
-1.67
0.0
-2.67
-4.67
-1.67
7.67
-1.0
0.0
0.33
1.33
5.0
1.0
-4.33
1.67
2.33
1.67
2.0
2.33
-1.67
1.0
-3.0
1.33
4.67
-4.67
2.67
3.67
5.67
-5.67
6.33
0.33
0.0
1.33
9.33
5.0
0.67
2.33
6.0
2.33
6.0
5.67
-1.0
3.67
-1.33
6.67
2.33
2.0
1.0
-2.67
4.0
10.33
-2.67
3.67
7.0
7.33
1.33
3.0
6.67
-5.0
4.33
-2.33
4.33
3.0
4.0
4.33
-3.33
1.67
1.67
0.67
5.33
-3.33
-1.0
-3.33
-3.0
-3.33
2.0
1.33
1.0
1.33
1.67
1.67
-1.0
5.33
3.0
3.0
-4.33
9.33
4.33
3.33
-2.0
1.0
0.0
1.67
5.33
-1.67
6.0
-2.0
-3.67
5.33
7.67
-2.33
5.0
9.0
0.67
5.33
-0.33
-3.33
1.0
2.67
0.67
5.33
-3.0
-2.33
-3.67
-2.33
-5.0
-0.67
-2.33
6.33
-2.33
2.0
5.33
-0.33
-2.33
1.33
0.0
5.0
4.67
2.0
-1.67
1.0
0.0
2.33
4.0
-1.33
-2.0
5.0
3.0
-1.33
2.0
3.33
3.33
6.0
10.0
-0.67
0.67
-3.33
-1.0
1.0
1.33
8.67
-0.33
0.33
6.0
2.67
-4.0
-1.67
1.0
-2.0
-1.33
-3.33
1.0
6.67
7.67
1.0
-2.67
-3.0
1.67
-4.0
-0.33
3.67
0.0
-1.33
4.67
2.0
-0.33
0.33
6.0
-1.67
-0.67
1.0
2.33
0.33
1.67
-2.33
-2.67
-2.33
-4.67
2.0
-1.33
-1.33
6.33
1.33
-1.0
2.67
0.33
0.33
-4.67
-2.33
1.67
1.33
4.67
-1.67
1.33
4.67
2.67
3.67
2.67
2.0
-3.0
-1.67
4.67
2.67
0.0
-2.67
2.0
-1.33
0.0
1.0
-0.33
6.33
-0.67
1.67
1.33
0.33
-3.0
1.0
2.33
-2.0
2.0
1.67
2.67
3.33
-0.67
-1.0
4.0
1.67
1.0
1.33
7.0
-2.0
1.0
0.33
-0.33
3.33
4.0
0.33
3.67
7.0
1.0
2.67
1.33
4.33
0.67
2.0
7.33
0.67
3.67
-1.0
3.0
-0.67
-3.67
-1.0
-2.67
-3.33
4.67
6.67
0.67
0.33
-0.33
2.0
1.33
0.0
-1.33
3.33
2.67
1.67
-1.0
0.67
1.67
1.0
4.0
3.67
-2.33
-1.33
-6.0
-2.33
0.0
1.33
-1.67
3.33
1.67
1.67
-2.33
-2.67
1.33
-1.0
3.0
3.0
0.0
-2.33
1.33
-0.67
3.67
-1.0
1.33
2.33
1.67
5.33
-4.67
-0.33
2.0
5.0
-3.33
0.0
4.0
1.33
3.0
3.0
0.0
-1.0
0.33
0.67
-1.0
-2.33
-2.0
-5.67
-1.67
-2.67
1.0
-7.33
-4.0
1.0
1.0
0.33
-1.67
-1.67
-1.33
1.67
-5.0
0.0
-0.33
3.33
-4.67
1.0
1.0
3.67
3.0
2.0
-1.33
3.0
-1.33
-3.0
0.33
3.33
0.33
-2.67
0.67
-1.33
-3.0
1.0
-1.0
0.33
0.67
-0.33
-5.33
0.33
0.67
-1.33
6.0
-0.33
-2.67
2.0
7.67
3.33
7.67
-0.33
-2.0
4.67
-2.0
0.0
-4.67
-0.67
-4.0
-3.33
-2.0
3.33
-2.67
4.67
-3.0
-1.67
-1.67
-1.0
1.0
-2.67
-3.0
-1.33
-4.67
-2.0
2.0
1.0
-1.67
-3.33
-0.33
0.33
3.33
-1.0
-3.67
2.33
1.67
0.0
3.0
-5.33
-3.33
-6.0
-1.0
0.67
1.67
0.0
-5.0
-1.33
0.33
-4.33
-6.33
-8.67
-2.67
-2.0
4.33
-5.33
5.67
1.0
-4.0
1.33
7.0
6.33
-2.33
-4.67
-2.67
-0.33
2.0
-3.33
3.0
1.0
5.33
-6.33
-1.33
-0.33
-5.33
-7.0
0.0
-3.0
-9.0
4.33
0.33
-1.67
-2.67
-5.67
0.0
-1.0
-1.33
-3.67
0.67
-3.0
-4.67
-4.67
2.0
-2.33
-2.67
-3.0
-2.67
-1.33
-7.67
-6.33
-0.67
1.0
4.67
3.33
-3.33
2.67
-6.67
-2.0
-3.0
-4.33
3.33
-5.0
-4.0
0.67
-7.33
6.67
-6.67
-1.33
0.0
-4.67
3.33
0.0
5.0
-2.0
1.0
-9.0
0.33
-9.33
-1.33
-7.33
0.67
-5.33
-1.0
-3.67
-2.67
3.0
-3.0
3.33
-2.0
-5.0
-3.0
2.0
-1.33
3.33
2.67
5.67
3.67
2.33
2.0
8.33
-4.67
10.33
10.0
13.0
16.0
7.67
16.33
21.33
17.33
26.0
30.0
31.67
34.33
20.33
26.67
28.67
39.0
22.0
27.0
20.67
22.0
23.33
29.0
13.0
12.0
17.67
13.33
7.33
5.67
3.67
-2.33
10.0
6.33
3.33
-2.33
5.33
5.33
-8.0
6.67
-1.33
-1.0
-7.67
0.33
-8.0
0.0
-4.33
-2.67
4.67
-2.33
-2.33
-1.0
2.67
2.33
-0.33
5.33
1.0
-6.33
-4.67
-3.0
-2.0
-7.33
3.33
-2.33
1.33
2.67
0.33
-0.67
-4.0
-7.33
0.0
-4.33
-2.0
-1.0
1.67
1.67
-9.33
-5.33
-1.67
7.0
0.0
0.33
-2.0
3.67
-6.0
-3.33
-5.33
6.67
-5.33
1.0
-6.0
-2.67
1.67
-5.0
-7.67
4.0
-3.67
6.33
1.0
6.0
-3.0
-2.67
1.33
2.67
-3.33
2.0
-7.67
7.0
0.0
1.0
-4.33
-1.33
2.67
-4.67
-2.33
2.33
3.33
2.0
-11.0
-6.67
-2.67
-0.33
-5.67
2.0
-0.33
1.67
3.0
-8.33
1.0
0.67
3.67
7.67
-4.67
-2.67
2.67
1.67
4.33
3.0
-4.0
0.33
8.0
4.67
1.0
-3.33
0.33
-6.67
-3.67
-0.33
2.67
0.33
-9.33
1.0
-1.67
-2.67
-3.33
-1.0
-8.33
7.33
-0.67
1.67
-3.0
-2.33
1.67
-2.0
1.33
3.67
-1.67
1.33
1.33
-2.33
-6.0
3.0
-1.33
2.33
7.33
0.33
1.33
4.0
2.0
-7.0
-7.0
2.0
-6.33
10.33
0.0
-2.0
-1.33
-3.67
-5.67
5.33
-3.0
4.0
-3.0
-2.33
4.67
-4.33
6.33
6.67
1.67
7.33
-1.67
4.0
0.33
0.0
-4.0
-0.33
3.33
7.33
-4.0
2.33
2.0
-4.0
-4.0
3.33
-5.0
4.67
-2.0
-3.0
5.67
6.67
-2.33
3.67
6.33
7.33
1.0
15.33
15.0
12.67
6.0
18.67
7.33
9.0
34.33
17.0
27.0
21.33
23.67
15.0
18.33
25.0
22.67
9.67
17.33
16.33
5.67
12.0
7.33
12.67
13.67
9.33
2.67
12.67
10.67
1.0
7.33
4.33
3.67
4.67
3.33
0.67
14.67
2.67
19.0
11.33
5.33
3.0
4.0
8.0
3.33
2.0
8.0
3.33
2.67
-0.33
-6.0
4.0
8.0
6.0
8.67
10.33
1.67
2.0
8.0
1.67
0.0
7.33
1.33
-1.67
2.33
12.67
9.0
-3.0
5.67
0.67
8.0
4.67
5.0
-4.0
2.67
5.67
13.67
8.33
17.0
9.67
14.67
10.33
-0.33
9.33
9.0
6.67
0.67
2.0
5.0
1.33
10.33
6.0
11.33
10.0
0.0
6.67
12.67
4.67
-2.33
5.67
-0.67
4.67
3.33
6.33
5.33
4.0
-2.67
7.0
-2.33
2.67
7.0
-1.67
13.0
-2.0
9.33
3.67
8.67
3.0
6.67
5.67
8.33
10.0
3.33
14.33
0.67
13.0
3.67
9.0
12.33
4.0
14.67
6.33
-7.67
6.33
6.33
-0.67
10.0
16.33
10.67
1.33
5.67
6.0
8.33
5.33
6.67
10.67
13.67
10.0
8.0
6.67
-1.33
7.33
14.33
2.67
10.33
13.67
4.67
0.0
10.67
0.33
1.67
4.0
13.33
8.0
15.67
5.0
8.33
0.0
-4.33
-1.0
8.0
2.67
8.33
14.0
2.0
13.33
-6.0
4.33
9.33
4.33
1.0
3.67
10.67
12.33
6.0
1.0
1.0
9.0
3.0
5.67
1.0
5.0
5.0
0.67
6.33
14.67
-9.67
9.67
13.0
1.67
12.67
13.33
2.67
14.33
14.0
8.33
10.33
3.0
6.67
10.67
19.67
13.0
10.0
1.67
4.0
6.33
9.33
0.0
1.33
14.33
6.67
8.67
6.33
13.33
14.0
-2.33
5.33
9.67
7.0
12.67
13.33
10.33
7.67
3.0
3.0
-2.0
14.67
6.67
-4.0
5.67
6.67
22.0
16.33
6.67
9.33
4.0
7.33
1.0
16.33
10.33
17.67
12.33
11.33
8.67
22.33
16.33
14.67
12.67
8.0
25.33
17.0
31.33
16.0
21.33
16.0
15.67
33.33
8.67
21.33
9.33
16.33
17.33
35.0
33.33
24.0
27.33
26.0
46.33
54.67
34.0
36.67
47.33
73.33
67.33
72.33
78.67
87.67
85.33
80.67
82.33
85.67
101.67
92.33
105.33
108.67
107.67
99.33
84.33
102.67
106.0
92.33
102.67
89.0
62.67
72.67
56.67
63.67
41.67
42.67
51.33
40.67
47.0
19.33
15.67
7.67
24.67
18.67
17.0
2.33
7.33
18.0
0.67
9.67
21.0
5.33
10.67
9.33
19.67
1.0
7.67
9.33
7.33
16.0
10.0
6.0
9.0
19.67
15.67
9.0
5.67
9.33
-3.67
-4.0
3.33
16.33
1.33
6.0
5.33
4.33
3.0
12.67
-0.33
6.33
23.0
3.67
3.67
2.33
8.0
-1.33
2.0
15.33
13.33
17.0
4.67
4.67
8.67
5.33
11.33
13.33
1.33
6.33
14.67
1.0
18.67
9.0
14.67
13.0
8.33
16.67
2.0
10.0
3.67
9.33
5.67
17.33
1.0
20.33
12.33
7.67
17.0
13.33
5.0
18.33
5.0
9.67
2.67
2.33
9.0
1.0
5.0
2.33
3.0
17.67
8.67
8.33
8.33
6.67
12.33
3.33
13.67
2.67
-6.67
6.33
12.67
3.67
25.33
4.0
6.33
9.67
0.0
8.33
1.0
7.33
12.33
12.67
-6.0
8.33
0.33
21.33
8.33
4.67
2.67
5.0
8.67
21.0
7.0
6.67
9.0
7.0
-4.0
13.0
11.0
2.0
17.0
1.33
-1.67
7.0
7.0
9.67
-3.67
2.67
-10.0
-1.0
9.33
10.67
3.33
5.0
7.67
9.67
9.33
-2.0
2.33
4.67
9.0
5.67
3.33
6.33
19.67
2.0
3.67
-2.67
12.0
21.67
6.33
18.0
21.67
13.0
2.33
10.67
3.67
16.33
13.67
13.67
22.67
4.67
24.33
29.0
24.33
21.33
19.33
16.33
18.0
18.67
20.0
32.0
32.67
28.33
32.0
30.67
19.0
26.67
28.67
32.67
42.0
27.33
34.67
29.0
28.0
18.67
30.67
16.0
7.33
11.33
15.67
18.33
8.33
16.67
21.0
8.67
3.0
15.67
1.0
-6.33
13.33
4.67
12.33
4.0
17.0
4.0
18.33
9.67
3.67
3.67
11.0
1.67
-3.33
3.0
-4.33
-0.67
6.67
-2.67
14.67
6.33
8.67
-2.33
10.67
12.67
11.67
-5.33
16.33
2.67
8.33
4.0
-4.0
5.0
-3.33
9.33
1.67
9.67
-5.33
18.0
5.0
5.33
13.67
16.33
11.33
7.67
2.0
13.0
13.33
8.67
0.33
9.67
7.67
9.0
7.33
3.0
5.67
-5.0
3.67
8.67
15.0
5.0
-2.0
2.67
4.0
6.33
0.67
-4.0
7.33
-1.33
12.0
0.0
3.67
6.67
10.33
2.0
9.0
16.0
4.67
-5.0
4.33
3.0
3.67
3.33
5.67
-6.67
5.0
3.0
4.0
3.67
8.33
2.67
-0.33
8.33
-8.0
-11.33
13.0
7.0
0.0
0.67
2.33
2.33
14.33
-1.33
-3.33
-10.0
5.33
12.0
9.33
6.33
6.33
-2.67
-10.0
9.0
6.33
6.67
-5.67
3.33
4.0
-5.0
3.33
-3.33
4.33
4.67
1.33
3.33
-0.33
6.33
-1.67
14.67
8.33
-5.67
-5.33
-5.67
5.33
5.33
-3.67
3.67
4.0
6.0
8.33
4.0
-6.67
4.0
-4.0
-7.0
-5.67
3.0
-10.67
4.0
7.33
-2.67
8.0
-5.33
8.33
-4.0
-5.67
6.33
-10.67
1.67
1.33
6.0
5.0
8.0
5.33
-2.33
5.67
8.33
0.67
12.33
-2.0
-2.0
7.0
5.67
8.67
-1.0
15.0
-1.67
-0.33
-3.67
5.67
1.0
-1.67
-4.0
-7.67
10.0
3.67
3.33
-3.0
6.33
3.0
4.67
2.67
15.33
7.0
12.67
-3.0
-1.67
1.0
3.33
-0.67
-0.67
9.0
6.67
3.33
11.67
8.33
8.0
7.67
-4.0
15.67
8.0
6.67
7.33
-2.67
3.67
3.67
0.0
8.67
-1.67
5.67
4.0
9.33
13.67
3.33
6.67
-1.33
8.33
4.67
6.0
4.67
-1.67
5.0
5.67
-1.0
9.0
-3.0
4.67
1.0
2.33
6.33
2.33
0.67
8.33
3.0
-1.33
-2.0
2.0
8.0
1.0
-1.33
2.0
5.67
-1.33
1.33
1.33
1.67
10.67
2.67
0.33
-1.67
0.67
3.0
-5.33
-3.0
-0.33
1.67
-2.33
2.0
5.0
9.67
10.33
-1.67
2.0
1.0
5.67
5.33
2.33
12.67
-2.33
5.33
3.0
3.33
-3.33
-4.33
-1.67
-0.33
-4.33
0.67
0.33
7.0
-5.33
3.0
-0.33
-2.67
5.67
-1.33
-7.67
-5.0
12.0
3.33
-6.67
5.0
4.0
2.67
0.0
6.33
9.0
2.33
-8.0
9.0
1.33
-4.33
3.33
-0.33
-8.33
5.33
6.33
-1.33
-3.67
7.0
-1.67
0.0
5.33
0.0
1.67
-2.67
-1.0
0.67
-1.0
2.0
2.67
10.0
-2.67
0.67
0.0
5.0
-0.33
1.33
4.33
3.67
1.67
-2.0
3.67
3.0
-0.33
-1.0
-4.0
3.33
-3.0
10.67
-2.67
6.67
1.0
-3.33
4.0
5.0
4.33
0.0
-0.67
6.33
5.0
12.33
6.33
-0.33
4.0
-2.67
2.33
3.0
10.0
7.0
-1.0
1.33
0.67
7.33
-1.33
-3.67
3.33
11.67
0.33
3.33
6.0
-0.67
-0.67
0.33
-2.67
4.0
3.0
-0.67
-3.67
-3.0
2.0
10.67
4.67
4.33
-5.0
-2.67
3.33
-0.33
1.0
-8.0
-0.33
4.0
5.67
-4.0
3.0
2.67
-0.33
-2.67
-1.0
3.0
3.0
0.33
5.67
-6.67
2.33
5.67
4.0
-2.0
7.33
-2.33
2.0
-6.67
3.0
12.33
-8.0
-1.0
0.0
5.0
1.0
2.0
0.0
3.0
9.33
3.67
-1.0
8.0
-5.0
5.33
10.33
7.33
0.67
-0.33
3.33
4.67
-4.0
0.67
0.67
-3.33
0.67
-3.0
3.33
1.0
-0.67
-8.67
0.33
2.33
1.0
1.33
-2.67
-1.33
0.0
-2.0
5.33
-0.67
2.67
4.0
1.33
-5.0
-2.0
-2.0
-3.33
1.67
6.33
-2.33
-2.33
4.67
0.0
0.0
9.0
-0.67
-2.0
-0.33
-1.67
-6.33
4.33
-0.33
-1.0
0.0
2.0
-2.0
10.67
8.67
6.0
-0.67
12.0
3.33
0.67
0.67
-1.0
2.67
4.0
2.33
6.0
0.0
