0.0
-48.67
-46.33
-33.0
-37.67
-103.67
-45.33
-81.0
-86.33
-46.67
55.0
-19.0
-10.67
-20.0
-70.33
-35.33
-49.33
27.33
11.33
3.0
29.67
-35.67
-27.67
2.0
15.33
10.67
5.0
12.0
-0.67
-2.0
-4.33
1.0
3.33
4.33
-0.67
2.33
-1.67
1.33
-1.33
0.67
-0.67
-0.67
0.67
-0.33
0.0
-1.0
0.0
0.0
-0.33
0.67
0.67
3.0
-0.67
-0.67
-0.33
-1.0
0.0
0.0
0.0
-0.33
1.0
1.0
-0.67
-0.33
0.0
-0.67
0.0
-0.33
0.0
0.0
0.0
-0.67
-0.67
0.67
0.0
-0.33
-1.0
1.0
-0.33
-0.33
-0.67
-0.33
2.0
-0.33
2.0
0.67
2.0
2.0
0.67
-0.67
-1.0
1.67
0.67
1.0
1.0
1.0
-0.67
-0.67
1.0
0.0
3.0
-1.33
2.67
0.0
-0.33
0.0
-2.0
1.67
0.33
0.0
-1.0
0.33
3.0
2.0
0.33
-2.0
-1.33
0.67
2.0
0.33
-2.67
0.67
5.0
1.0
4.0
-1.0
-2.67
4.33
0.0
1.33
3.33
-1.0
0.67
0.0
3.0
0.67
1.33
-4.33
1.33
-7.0
3.0
-0.67
-0.67
-2.33
1.67
2.33
0.0
8.67
0.0
1.0
2.0
10.0
1.0
2.67
2.0
0.33
-2.67
-3.0
-3.67
6.67
2.67
3.67
5.0
1.0
3.67
5.67
7.33
-1.33
0.0
6.67
-5.33
-1.0
3.67
2.0
-2.67
0.33
0.33
1.0
1.0
0.33
-1.0
-3.33
-4.67
-0.33
2.33
-3.0
5.0
1.67
-0.67
7.33
3.67
2.33
11.67
1.33
-3.33
2.0
3.0
6.0
0.67
8.0
-3.33
-2.0
-4.33
3.33
-6.67
-2.0
2.33
3.67
7.67
-1.67
4.0
1.67
-2.0
0.33
-1.33
7.33
8.0
4.0
1.0
-1.33
3.33
3.33
10.0
9.33
0.67
-2.0
1.33
-1.67
7.67
-1.33
4.0
7.0
-1.0
-5.0
0.67
-2.0
2.33
6.0
-1.0
4.33
8.67
2.0
12.0
-0.67
-1.33
-1.67
1.0
2.67
2.33
0.0
-0.67
9.33
5.33
6.67
5.67
2.0
1.33
5.67
-0.67
2.33
3.67
0.33
6.33
-6.0
5.33
4.33
4.67
-4.0
-2.67
9.33
5.0
11.0
2.0
1.33
0.67
5.0
-3.0
2.67
5.0
-3.67
0.0
-4.33
-0.67
-1.33
-3.33
3.33
-3.0
-2.67
-3.67
3.67
1.33
-3.33
3.67
3.33
8.33
7.33
-0.33
7.0
-4.67
0.67
1.0
1.67
0.67
9.33
4.0
6.0
4.67
2.0
1.33
3.33
-3.0
4.33
3.0
2.67
-0.67
-0.33
3.0
0.0
1.67
6.33
4.33
-5.0
3.0
4.0
5.0
8.0
3.33
0.67
-3.67
1.0
0.0
-6.67
3.33
0.33
-2.67
0.0
4.33
-0.67
2.33
2.33
0.0
-0.33
-2.0
0.0
8.33
0.67
-0.33
3.67
0.0
-3.0
5.0
3.0
4.0
2.33
3.0
-1.33
4.67
6.33
0.0
2.0
14.67
-2.67
-3.0
-1.33
1.0
0.0
-2.0
5.33
-0.33
0.33
-1.33
-1.33
4.67
2.67
2.67
-0.33
6.0
-0.33
2.0
-3.33
0.0
4.0
6.0
-6.33
-3.0
0.67
-1.67
7.67
-1.0
-2.0
3.67
1.0
2.33
4.67
4.0
7.33
2.33
-3.0
-1.0
-1.0
-0.33
-0.33
0.33
5.67
6.67
0.0
-4.33
3.67
0.67
0.67
4.0
-0.67
0.0
1.33
-5.33
-2.67
-6.67
3.0
2.0
-0.33
-6.0
2.67
4.0
1.33
-3.33
-1.67
-3.0
-2.67
-5.33
1.67
-3.0
6.33
3.33
-1.33
3.67
9.0
3.0
1.33
0.0
1.67
7.67
1.0
1.0
-1.67
-1.0
0.67
-3.33
-1.0
2.67
7.33
-3.33
1.0
5.0
2.67
0.33
0.67
3.33
-1.67
2.0
2.33
-1.0
-0.33
3.33
-2.0
-0.33
-0.33
3.0
-1.33
-5.33
-1.0
1.67
-2.67
-1.0
-0.33
4.33
1.0
6.67
8.67
-2.33
2.0
-0.67
0.0
3.33
-0.67
3.33
1.67
1.0
-2.0
4.33
-2.67
1.0
0.0
-5.0
-4.67
2.67
0.33
-1.67
-3.67
-2.0
0.67
1.67
0.33
1.0
0.67
5.0
-0.67
1.33
3.0
4.0
-4.0
0.0
1.33
-0.33
0.67
-1.67
-0.33
6.67
3.0
2.33
0.0
-3.33
-2.67
0.67
-2.33
-2.67
0.0
5.33
0.0
3.33
-3.0
-2.67
0.67
-1.67
3.33
-1.0
-0.33
3.0
-2.33
3.0
0.67
1.67
4.0
3.0
3.33
-2.33
0.67
-2.33
2.33
3.33
-0.67
3.0
1.0
3.0
2.0
0.0
-1.67
-2.0
3.67
-0.67
-2.33
2.0
3.33
-1.67
2.0
-2.33
-2.67
-0.33
2.0
2.67
2.67
-2.67
-0.67
4.0
3.0
0.0
-0.67
1.33
-1.33
-0.33
-4.67
-1.33
-0.67
-1.33
-1.33
6.33
1.33
0.0
-1.0
1.0
-2.67
4.67
0.0
1.0
5.0
-3.33
1.67
1.0
-0.33
-3.33
-0.67
4.67
0.33
3.67
1.67
-0.67
8.0
-2.0
1.67
0.67
3.67
0.67
0.33
-3.33
0.67
6.0
-2.67
-4.67
-2.33
-0.33
2.67
0.33
-1.33
-1.0
-2.0
-2.67
-3.0
-1.67
-1.0
-0.67
3.33
-2.67
-4.0
1.67
-0.33
0.33
-3.33
-1.0
0.67
8.0
2.0
-1.67
3.67
2.33
2.67
-5.0
3.33
2.33
-2.0
4.0
0.0
-3.0
-1.33
0.67
-3.33
-0.67
-0.33
3.33
4.33
1.0
-0.33
4.67
1.67
-2.33
4.0
2.67
0.0
-2.0
6.67
-0.33
1.33
4.0
0.67
-4.0
-2.33
-0.33
0.67
0.0
-3.67
3.33
-2.0
0.33
5.0
1.0
2.33
5.0
2.33
3.67
2.0
8.33
-3.0
1.0
3.67
-0.67
3.67
-2.67
-1.67
-1.0
0.0
2.67
1.67
1.33
4.33
1.0
0.33
2.0
3.33
0.67
4.67
1.33
-1.33
-1.33
-0.33
6.0
2.67
5.0
8.67
2.67
5.0
-3.67
-4.0
2.67
-1.33
-2.67
2.0
-0.33
-2.33
-1.67
-3.0
2.67
-3.0
1.0
0.0
-6.0
4.33
-0.67
-0.67
1.67
3.33
-2.67
-2.0
1.67
0.0
5.67
-2.67
1.33
1.33
-2.0
-3.0
3.0
0.67
-1.33
0.67
1.0
-0.67
-5.33
3.0
0.33
4.33
4.67
0.67
2.67
-1.0
5.33
-0.33
5.67
-7.33
-0.33
2.33
11.67
3.67
1.33
0.33
1.67
-2.33
4.33
8.0
-1.67
-4.0
7.33
4.67
1.33
5.0
7.33
0.67
-1.33
5.0
3.33
1.33
-1.67
2.33
1.33
-0.67
-2.33
8.33
9.67
7.67
8.33
4.0
7.67
13.0
11.33
15.33
18.33
25.67
18.0
25.33
23.0
30.0
27.67
33.33
32.33
36.0
43.67
42.33
48.33
34.33
44.0
37.67
37.67
35.33
36.33
29.33
16.33
22.33
27.33
19.67
11.33
10.33
7.33
13.67
9.0
3.67
12.67
8.67
19.33
3.0
8.67
2.0
7.33
3.67
1.0
1.0
7.33
2.0
5.67
7.33
0.33
2.33
8.33
8.67
1.33
-1.0
7.67
19.33
-3.0
2.67
2.0
10.67
9.67
8.0
4.33
3.0
2.67
2.33
4.67
-4.67
9.0
8.67
-0.33
6.33
1.33
1.0
-0.33
1.67
9.67
9.33
-2.0
-1.0
-2.67
3.67
-2.67
-0.67
12.67
4.0
2.0
14.33
5.33
3.33
2.67
7.0
4.67
10.33
3.0
10.67
4.0
-1.0
-0.67
1.33
2.0
14.67
11.0
9.33
5.67
4.67
3.67
-1.0
5.33
4.0
3.0
5.67
4.0
7.67
2.0
4.33
5.0
-1.0
0.0
2.33
2.67
-3.67
1.67
-5.67
4.67
12.33
9.0
-1.0
8.0
-0.33
4.33
5.67
4.67
3.67
0.33
6.0
12.33
4.0
10.0
7.67
-5.67
-3.0
4.67
7.67
-1.67
7.33
4.33
-2.0
4.0
3.33
3.67
0.67
2.0
14.67
10.67
3.33
9.0
0.0
-1.0
0.0
2.67
0.33
6.33
12.67
2.0
-3.67
0.67
2.67
11.67
0.33
8.67
5.67
10.33
4.33
5.33
10.67
4.0
3.67
11.0
1.0
1.0
4.0
6.67
-1.0
9.0
6.67
-1.33
1.0
5.67
1.33
4.33
3.0
10.0
8.67
12.0
8.67
2.33
2.67
9.0
12.0
-2.67
-1.0
9.0
3.33
7.0
6.0
0.0
16.0
4.0
9.0
8.67
5.33
11.33
11.0
10.33
6.33
4.0
16.0
9.67
4.67
6.33
8.0
17.67
12.67
6.0
18.0
27.33
16.33
20.33
28.33
23.33
16.0
27.0
26.0
20.33
33.33
30.0
38.33
31.67
28.33
29.0
27.0
20.0
16.67
7.33
21.33
27.33
19.0
24.0
14.67
15.67
7.0
13.33
16.33
13.67
6.67
19.67
2.33
-0.67
3.67
5.0
6.67
2.33
4.67
15.33
4.33
10.33
11.67
5.67
8.67
8.33
2.0
10.33
7.0
13.0
5.33
6.67
10.33
0.33
0.67
8.67
3.67
2.33
-1.33
2.67
9.33
5.0
14.67
12.67
12.67
10.33
15.0
14.33
12.67
8.33
3.33
5.33
12.67
10.0
6.0
7.67
3.33
3.67
8.67
1.33
7.0
6.33
9.33
4.33
11.67
-2.0
5.67
8.0
9.33
0.33
19.0
12.0
5.0
10.0
9.67
9.0
5.0
9.0
0.33
11.0
5.67
7.0
8.67
5.33
6.0
2.67
19.67
6.33
10.67
14.0
8.67
9.33
3.33
5.33
5.0
6.33
5.0
6.67
8.33
4.67
2.67
15.33
14.33
7.0
11.33
-2.67
13.0
5.67
7.0
15.33
8.67
21.67
2.33
11.0
1.67
8.67
11.67
16.67
8.67
6.67
9.67
1.33
18.0
6.0
3.67
6.67
3.33
0.33
16.33
4.33
10.0
11.67
15.33
-2.0
17.33
6.0
2.67
14.0
27.67
2.0
5.67
-4.33
0.67
15.33
-1.0
8.0
10.0
3.33
1.33
0.0
1.0
14.33
4.67
8.0
11.67
7.67
5.67
8.33
13.33
2.33
8.0
11.0
11.33
12.67
2.33
14.33
15.0
16.67
11.0
6.33
11.67
11.0
6.67
17.0
6.0
9.0
14.67
12.33
4.33
18.0
-0.67
1.33
18.33
6.67
5.33
6.67
17.33
14.67
2.0
7.33
-1.0
9.67
19.67
13.0
12.0
7.33
9.0
15.0
7.0
5.67
9.0
18.67
7.33
9.33
14.33
11.33
5.33
1.33
13.67
2.33
6.67
10.67
3.0
11.33
6.0
12.33
6.33
5.0
11.0
17.0
9.33
9.67
13.0
10.0
14.33
12.0
3.0
14.33
14.33
8.0
24.0
14.33
18.33
17.0
11.33
17.0
19.67
22.67
20.33
6.0
9.0
15.67
24.33
19.67
30.67
9.67
23.33
20.67
15.67
26.33
18.0
48.33
39.33
39.33
28.0
38.67
50.67
38.0
41.0
45.67
67.67
55.0
92.0
89.33
99.33
83.0
87.33
111.0
107.33
113.33
106.0
130.67
126.67
93.33
128.0
114.67
120.0
126.33
129.67
124.0
117.0
82.33
104.67
76.67
80.0
60.0
63.0
52.0
38.33
49.33
44.33
22.0
26.67
18.67
17.33
19.33
18.67
10.67
17.0
7.33
17.67
15.0
25.33
21.33
-2.67
8.67
18.0
5.67
13.0
0.33
8.0
11.33
11.33
3.33
13.0
18.67
8.67
7.33
6.33
4.0
8.0
25.0
7.67
15.0
13.67
4.67
18.0
11.67
14.33
7.0
11.33
1.0
12.0
4.0
2.33
9.33
9.0
-3.0
21.67
13.67
13.0
12.0
6.67
20.33
5.67
14.0
24.67
32.67
4.67
6.33
15.33
2.0
20.33
7.0
12.0
-2.0
5.33
17.33
9.0
13.33
6.33
4.0
16.67
10.33
18.0
10.67
4.0
15.0
1.33
18.67
10.33
9.67
3.33
14.33
19.67
16.33
7.0
12.33
6.67
7.33
8.33
7.33
2.67
7.67
4.67
4.0
9.0
6.67
18.33
9.0
4.67
3.33
20.33
1.67
17.67
15.33
2.67
2.33
17.33
15.67
14.0
19.0
24.33
5.0
0.33
11.0
11.0
-3.0
1.67
9.67
9.0
14.33
7.0
6.67
2.33
9.33
8.33
-1.33
9.0
2.33
13.0
4.33
-0.67
3.67
1.67
11.67
5.67
6.0
-3.33
4.33
-3.33
5.33
7.0
0.33
16.33
6.0
4.67
6.67
12.33
5.33
1.0
0.0
-1.0
1.33
12.33
2.0
21.33
5.67
7.0
7.33
6.67
3.0
3.67
2.33
9.67
2.0
24.67
-2.0
14.67
10.33
13.33
21.67
12.67
19.67
37.0
21.33
24.67
17.33
16.33
14.67
39.0
25.33
32.33
43.33
35.67
27.33
13.33
41.0
19.33
41.33
27.33
33.33
38.0
29.33
16.67
30.0
24.67
28.33
17.33
11.67
14.67
20.0
25.67
26.0
19.0
20.67
10.67
17.0
6.67
14.0
17.33
2.0
15.67
18.0
10.33
3.67
0.67
2.67
4.67
19.0
5.0
8.0
3.0
11.67
1.67
10.33
1.67
4.33
13.0
8.0
2.0
12.0
3.0
9.0
5.33
1.0
1.33
7.67
7.67
6.67
8.33
-4.67
6.33
10.0
4.67
5.67
0.67
8.33
8.0
10.0
9.33
8.33
-8.0
-5.67
13.0
29.33
-4.0
12.33
10.33
8.0
13.33
18.67
0.0
8.33
1.0
10.67
19.67
22.33
1.0
6.0
15.67
-5.0
-1.33
2.33
-6.33
0.67
10.0
3.0
1.67
2.0
-8.33
4.33
5.33
9.0
4.0
4.33
11.0
12.33
4.0
0.0
11.67
5.67
3.33
0.67
-2.0
-5.33
1.0
-8.67
8.0
-5.0
10.0
1.33
-4.0
2.67
-2.0
3.33
17.0
-6.0
2.33
4.33
-2.33
0.33
3.67
2.33
-1.0
-3.67
1.67
0.0
9.33
15.67
9.33
2.67
8.0
6.67
5.33
7.67
4.0
5.67
13.33
-1.67
0.33
5.67
5.0
-5.0
13.33
9.0
2.67
-1.0
-4.33
4.0
3.33
-0.67
-1.67
-0.67
4.67
-1.67
3.33
7.0
3.67
8.0
8.0
-4.33
9.0
8.0
7.67
-5.0
13.67
2.0
3.33
-6.0
2.0
7.67
-1.0
4.67
9.33
-4.0
2.0
-0.67
5.0
-2.33
3.0
-0.33
6.67
5.0
5.0
-6.67
3.0
-3.67
7.33
-3.33
2.33
-1.33
5.33
1.33
-7.33
-1.0
-8.33
-2.0
-4.67
7.67
4.33
3.33
-1.33
2.33
4.0
9.67
16.33
1.0
9.67
1.33
7.0
-6.33
-1.33
-5.67
16.67
18.67
-11.0
1.67
-4.33
6.33
12.33
11.0
9.0
5.0
27.33
1.33
7.67
4.67
6.67
2.67
14.0
12.67
14.0
0.0
15.67
1.67
3.0
5.67
6.67
6.33
17.0
4.0
1.67
3.0
0.67
13.67
-5.33
4.0
6.33
-2.0
2.33
-2.0
1.67
-3.67
6.33
-2.33
0.33
7.33
12.0
2.67
5.67
3.33
2.67
6.33
0.33
-2.67
5.33
6.67
2.67
-2.67
3.33
1.33
-3.67
0.67
-5.0
-0.67
-5.0
1.33
3.67
6.67
7.33
8.67
2.0
-7.0
8.33
13.33
2.0
-5.67
5.0
-0.33
10.0
7.33
-4.0
9.67
-2.67
0.33
2.67
-0.33
3.0
-1.0
0.67
1.0
7.0
13.0
4.0
-8.33
2.67
8.33
10.0
8.33
3.33
-5.0
-1.67
-2.67
2.33
-4.0
0.33
3.0
10.67
-2.0
6.33
-4.67
6.0
-7.0
4.33
-2.0
11.33
-1.0
0.33
11.67
2.33
8.67
0.0
7.33
0.33
2.67
-3.33
3.33
-3.33
-3.0
0.33
3.33
5.33
1.67
-1.0
7.67
5.0
1.67
-0.67
-3.0
2.33
2.33
1.33
-6.67
1.67
1.33
2.33
-7.0
0.0
5.0
4.67
2.67
2.33
-1.33
-6.33
-2.33
-4.33
-1.0
3.67
-6.33
8.33
-1.0
0.67
6.33
2.0
8.0
8.0
4.0
2.67
9.0
4.67
11.0
3.67
9.33
-2.67
4.67
1.33
7.33
3.33
0.0
4.33
6.67
2.67
4.67
8.0
7.0
4.0
3.33
5.0
-1.0
5.0
10.0
2.33
3.33
1.0
-0.67
-3.67
-2.33
4.0
-3.33
-5.67
1.0
4.0
9.33
2.67
-3.33
4.0
1.0
-5.67
7.0
0.0
1.0
-0.67
3.0
3.33
4.0
3.33
-3.33
-5.0
3.67
0.33
-3.33
-2.0
0.33
-2.0
4.67
1.67
-0.33
7.0
0.0
-4.67
4.33
5.0
1.0
1.33
0.0
7.33
-3.33
-0.33
1.33
3.67
-0.67
4.67
-1.0
-5.33
0.0
-3.67
2.0
2.67
2.0
-4.33
1.67
4.0
-0.33
2.33
4.33
3.33
0.0
-8.33
2.0
-3.0
-1.67
-1.67
-1.67
8.0
-3.0
-1.67
0.33
6.0
-5.0
3.0
2.0
3.67
10.0
1.0
-1.0
3.0
-4.33
-2.33
1.33
-5.33
4.0
0.67
3.67
2.0
2.0
3.33
0.67
1.0
1.67
4.67
-6.33
7.67
-2.67
1.0
-5.33
-2.67
0.67
5.33
1.67
1.33
-2.67
3.33
7.33
-5.0
-2.0
2.0
-0.67
-0.33
-1.67
6.0
-0.33
-3.67
2.67
1.67
