0.0
-40.67
-25.33
26.0
11.33
-42.67
-1.33
-118.0
6.67
49.33
-36.0
-90.0
38.33
-45.0
-12.33
-70.33
-76.33
-28.67
-46.67
-29.0
-23.33
-34.67
-40.67
-32.0
9.33
-10.33
7.0
4.0
-0.67
-10.0
-1.33
-6.0
-3.67
-2.67
-5.67
-0.67
2.33
-0.67
2.67
3.67
-0.67
-1.67
-0.33
1.67
2.0
0.0
0.0
-1.0
-0.33
-0.33
0.67
0.0
-0.67
-0.67
-0.33
-1.0
0.0
0.0
0.0
-0.33
1.0
1.0
-0.67
-0.33
1.0
0.33
1.0
-0.33
1.0
0.0
1.0
-0.67
0.33
-0.33
0.0
-0.33
-1.0
0.0
1.67
-0.33
-0.67
0.67
1.0
-0.33
1.0
0.67
1.0
-1.0
-0.33
-0.67
-1.0
0.67
-0.33
-1.0
0.0
0.0
-0.67
-0.67
0.0
0.0
0.0
0.67
1.67
0.0
0.67
0.0
-2.0
0.67
-0.67
-1.0
3.0
0.33
0.0
-1.0
-0.67
-1.0
4.67
-1.33
-2.0
0.33
-0.67
3.67
2.0
3.0
5.0
4.0
0.33
0.33
1.0
-3.67
2.33
-4.0
-4.33
3.0
1.0
-4.33
0.33
-0.33
-4.67
-2.0
5.0
0.33
4.33
1.67
-2.33
0.33
1.0
3.67
0.0
6.0
0.0
0.0
7.0
-0.33
6.0
0.33
-1.67
-4.0
-5.67
1.67
-4.33
8.67
-6.0
-4.0
5.67
5.67
5.33
4.67
-1.0
-0.33
-7.33
-1.0
5.67
12.0
3.33
0.33
7.33
0.0
5.0
0.33
-1.0
0.67
-5.67
1.67
7.33
1.0
-3.0
-0.33
2.33
6.33
0.67
-1.67
1.67
-3.67
-0.33
2.0
5.0
3.0
-0.33
6.0
-3.33
3.0
-6.33
3.33
0.33
4.0
6.33
2.67
1.67
5.33
2.0
1.67
1.0
2.33
-6.33
3.33
2.0
3.0
2.0
4.67
-5.67
-3.67
4.0
9.33
1.67
2.0
5.33
0.33
-0.33
6.67
2.0
0.0
-2.0
5.0
0.67
-2.0
4.33
2.0
-3.0
2.33
6.67
5.0
-5.0
6.33
0.67
-0.67
3.0
6.67
3.33
2.0
-4.67
3.33
5.33
2.67
8.67
-2.0
4.33
11.67
3.33
-0.67
-1.33
1.33
4.33
-7.0
3.33
2.33
-2.33
7.0
-3.67
3.33
3.0
3.0
-1.0
-1.67
6.67
1.0
-4.0
2.67
-2.0
0.33
2.0
2.67
4.33
1.67
0.67
1.33
2.0
1.33
2.33
4.67
3.33
-2.33
6.67
-3.67
1.33
7.33
3.67
5.0
0.33
1.67
5.0
3.67
-0.33
8.33
5.0
8.0
0.67
3.0
1.33
1.33
0.0
7.33
13.0
4.67
6.33
7.67
5.0
1.0
0.67
2.33
8.33
1.0
8.0
-2.0
6.0
-5.0
0.33
3.67
1.33
0.0
2.0
-1.67
3.33
-4.67
-3.67
4.0
1.33
3.33
0.33
2.33
5.0
9.67
3.0
2.0
3.33
2.67
3.67
4.67
-2.0
9.0
1.0
0.0
5.0
3.33
8.0
4.67
5.67
2.33
-4.0
3.0
8.67
6.33
-2.0
-8.33
2.0
-1.0
4.0
7.33
-2.33
-0.67
-2.33
2.67
-0.33
-3.33
-1.33
4.67
-1.0
-7.33
2.0
2.67
-2.0
3.0
-1.0
-0.33
0.0
3.67
-0.67
1.67
5.0
0.0
-4.33
-2.0
-2.67
8.67
2.0
-1.67
-0.67
6.0
1.0
1.0
0.67
2.67
-0.67
6.67
-0.33
2.0
-3.33
-3.33
0.67
-1.33
8.0
-0.67
-1.0
-0.67
0.67
4.33
2.33
7.0
1.0
1.67
2.0
-7.33
0.0
0.33
-0.33
-5.67
1.0
5.33
-4.33
-4.33
7.0
1.33
7.33
6.67
0.67
-2.0
9.0
-0.67
0.0
4.67
6.67
-7.0
-1.0
-3.67
3.0
3.67
-0.33
-4.0
-1.33
-1.67
0.67
1.0
3.0
0.67
3.33
0.67
-1.67
-0.67
-3.0
6.33
5.0
1.67
-3.67
1.0
-2.33
2.67
1.0
-0.33
2.67
1.0
0.67
4.33
-1.0
-1.33
0.33
6.0
-2.33
6.67
-0.33
0.0
5.33
0.0
3.33
1.33
-0.67
0.67
-1.0
-3.0
-1.67
-1.67
5.0
2.0
-7.0
-3.67
3.67
2.33
-2.67
-0.67
2.0
-5.33
4.67
-3.67
-3.0
4.67
-2.0
4.33
1.33
0.0
1.0
4.0
2.0
8.33
0.67
-0.33
-3.67
5.67
3.67
8.0
3.33
3.0
1.67
-1.67
1.67
-1.33
-2.67
0.0
0.33
4.0
3.33
-3.0
-0.67
6.67
-3.67
-1.67
-4.0
2.67
1.0
-0.33
-2.0
0.67
0.67
4.0
-3.0
-4.67
0.67
-3.33
0.67
6.33
3.33
0.33
1.0
0.0
-1.0
6.0
1.0
-0.67
3.0
-2.33
2.33
6.67
1.0
-1.67
-0.67
1.0
-7.33
0.33
-0.33
-3.0
5.67
-0.33
0.33
-3.67
4.0
-1.0
5.0
-0.67
0.33
1.67
-3.33
1.33
-0.33
-5.67
-1.33
2.67
-1.67
1.33
1.0
-3.0
0.0
-1.67
-0.33
0.0
-4.0
0.0
-3.33
5.67
1.0
4.67
1.67
-0.67
3.67
0.33
-1.33
0.67
2.33
3.0
2.0
8.67
0.67
5.67
3.67
-0.67
-4.33
-0.33
2.0
0.33
5.33
-0.33
0.67
-1.33
4.33
-1.33
-1.0
-2.0
3.33
-2.0
2.33
10.0
-0.67
-1.67
-0.67
-1.0
4.67
-0.33
4.33
2.67
3.0
-1.33
1.0
-3.0
-0.67
1.67
0.33
-3.33
-5.0
0.33
1.33
5.0
-1.0
-1.0
-2.0
-1.33
-4.33
-1.33
2.33
-0.33
1.33
2.33
5.0
-1.33
6.67
2.67
2.67
2.0
4.67
-1.0
1.0
4.67
0.67
1.33
-3.0
-1.33
-5.0
0.67
2.67
4.67
1.0
-2.67
0.33
0.0
0.33
3.0
5.0
1.33
-1.0
1.33
1.67
1.0
4.33
1.0
-1.0
-1.33
0.33
3.67
3.33
0.33
-1.0
8.0
-0.33
0.67
-3.67
-1.67
2.0
-0.67
5.0
-0.67
-2.33
4.67
3.33
-3.33
0.67
3.67
6.0
13.67
4.0
-3.33
11.67
2.0
2.33
2.0
4.67
-0.33
-1.67
1.0
2.67
3.67
2.33
0.0
2.67
-6.0
-1.0
1.0
3.0
6.33
0.33
6.33
-0.33
1.33
1.33
-4.0
2.67
4.0
1.67
-1.67
-1.67
-2.67
-2.0
-3.0
6.0
1.67
-1.33
2.67
3.0
8.33
0.67
4.0
6.33
4.33
-2.33
0.67
1.67
-3.0
4.33
2.67
-0.33
-2.33
-3.33
4.33
-1.33
1.67
1.33
-0.67
1.67
2.67
2.33
2.0
-1.67
2.0
0.33
4.67
-4.67
0.0
4.33
5.67
2.67
4.0
5.33
3.33
3.33
-0.67
-1.67
10.33
-3.33
6.33
-1.33
3.67
-1.67
7.0
7.67
9.0
1.33
11.33
6.33
12.67
16.0
21.33
7.0
14.0
17.67
18.33
19.33
26.0
20.67
23.33
11.33
15.33
14.0
10.67
10.67
11.33
15.33
18.33
6.33
4.33
9.33
10.67
6.33
-0.67
13.33
4.67
8.0
1.67
6.67
5.67
0.33
1.0
1.67
13.0
3.33
-2.33
2.0
0.0
6.33
5.0
1.67
1.33
5.33
-1.67
12.33
5.67
3.33
5.0
7.67
16.33
-1.0
12.67
1.0
3.67
4.67
1.0
4.33
10.0
0.67
5.33
9.67
1.33
16.0
4.67
2.67
0.33
5.33
1.0
1.67
2.67
3.67
5.33
-1.0
11.0
1.33
-1.33
4.33
-1.67
1.67
-5.0
4.0
1.33
4.33
0.33
17.67
3.0
4.67
0.33
5.0
-1.33
2.0
4.0
7.33
4.33
6.0
8.67
4.0
7.33
1.67
0.67
5.67
2.0
0.33
6.0
5.0
4.67
16.0
6.67
11.0
2.33
12.0
-3.0
7.0
8.33
9.67
7.33
3.67
1.33
1.67
3.33
11.0
6.0
16.0
5.67
2.33
8.67
8.67
1.67
-1.67
12.0
4.33
18.0
6.0
-3.33
0.33
10.0
1.67
9.67
0.33
6.33
0.33
11.0
3.0
4.33
11.67
0.67
0.0
12.67
4.67
18.33
7.0
4.0
11.0
6.0
2.67
-0.67
5.33
3.67
9.0
3.33
6.67
-3.33
-1.33
10.33
5.67
12.67
8.33
11.33
7.33
7.67
7.0
-0.33
7.0
6.0
10.0
5.0
-0.33
6.0
5.0
1.67
0.67
6.0
12.67
7.33
16.33
3.0
10.0
5.67
3.0
1.67
2.33
4.67
3.0
8.0
8.33
3.0
8.0
0.33
2.0
3.0
3.0
2.0
10.0
7.0
5.67
11.33
7.33
3.0
8.33
1.33
7.0
11.0
13.67
8.67
15.33
15.0
15.67
22.67
15.0
27.0
31.33
20.33
35.33
40.33
27.33
24.0
26.0
44.0
33.33
38.33
41.0
43.33
49.67
30.33
31.0
44.0
48.0
24.67
31.33
22.33
25.33
22.0
22.0
23.67
21.67
15.0
14.33
14.33
16.67
22.67
8.67
5.33
1.33
11.67
3.0
19.67
7.33
7.67
8.33
7.33
13.33
9.67
3.67
1.67
11.33
10.0
8.33
6.0
9.0
10.33
6.67
14.33
13.33
15.67
9.67
7.67
6.33
3.67
2.67
12.33
14.0
21.67
13.67
13.67
17.33
7.0
11.33
20.67
5.33
1.33
13.33
5.67
2.0
11.0
4.67
16.33
4.67
16.67
9.33
14.0
4.33
10.33
4.33
10.67
0.0
12.67
6.0
10.33
0.33
19.0
10.0
15.0
17.0
13.67
6.0
8.0
16.0
16.33
16.0
8.67
-2.0
3.67
18.33
6.0
13.67
9.67
6.33
2.67
13.0
16.67
5.33
1.33
9.33
11.0
10.33
14.0
11.67
8.33
-5.33
3.67
16.33
5.33
8.0
22.33
17.33
12.0
10.67
10.0
15.33
9.67
4.67
10.33
14.0
-1.33
17.67
6.67
18.67
5.67
4.67
10.67
2.33
16.0
14.0
4.67
8.67
1.33
7.33
8.33
12.33
13.0
5.67
5.33
13.0
5.33
3.0
5.67
8.0
15.67
15.0
12.67
0.67
11.67
9.33
-8.0
7.0
18.0
6.33
13.33
15.0
2.0
21.33
8.67
12.0
12.67
19.67
9.67
12.33
-1.67
9.33
0.0
6.0
17.33
19.67
13.33
12.33
17.0
14.67
9.0
11.33
0.67
4.0
11.67
18.0
2.0
18.0
4.67
12.33
8.33
8.0
7.33
17.33
9.33
16.67
17.33
14.67
9.33
15.67
8.0
-0.67
9.0
18.67
7.67
16.0
13.0
23.33
14.0
17.0
21.0
9.67
13.0
13.67
14.33
22.33
12.33
9.33
3.33
12.33
5.67
11.33
14.67
14.67
10.0
11.33
8.0
8.33
12.33
9.0
9.0
20.0
8.33
14.67
6.0
14.0
20.33
7.0
14.0
0.33
12.33
7.0
15.0
8.33
7.33
20.0
22.33
14.0
10.67
18.67
11.33
13.0
17.0
15.67
17.33
25.67
28.67
18.67
18.33
16.67
17.67
27.33
37.0
48.33
54.33
47.33
64.0
57.67
71.67
62.0
82.0
93.67
116.67
133.0
151.0
152.33
170.33
178.0
196.33
234.0
223.33
212.33
200.0
224.67
222.67
249.33
228.0
250.67
245.0
232.33
210.67
201.0
189.0
178.33
181.67
122.67
145.0
117.0
77.0
94.0
67.33
81.33
57.33
64.0
44.67
62.67
38.33
31.33
13.67
17.67
21.0
20.33
20.67
21.0
18.33
13.33
9.33
13.67
10.0
6.67
12.0
21.33
32.0
7.33
11.33
7.33
13.0
20.67
9.67
5.33
0.33
4.0
14.0
16.0
3.67
22.0
16.67
12.67
5.0
9.67
11.33
16.0
6.33
12.0
3.0
5.0
8.33
9.33
7.0
8.0
17.67
6.67
4.0
9.0
14.67
16.33
9.67
7.0
12.67
8.67
2.67
8.33
12.33
4.0
6.33
11.0
14.0
2.0
11.33
12.33
10.0
18.33
9.33
7.0
7.67
22.33
13.0
15.67
15.0
12.0
26.33
13.67
17.33
12.67
8.33
4.33
12.67
17.33
1.0
11.33
21.67
1.33
6.33
13.33
12.67
18.67
10.67
6.0
3.0
-0.33
12.33
24.0
18.67
-1.67
17.33
2.67
8.67
20.33
11.67
16.33
11.33
9.67
8.0
7.0
10.33
5.0
2.33
24.0
11.0
14.0
10.67
0.67
14.0
7.33
15.0
2.67
9.33
0.33
7.33
4.67
7.0
2.33
6.0
9.33
10.33
13.67
9.67
5.67
2.67
6.0
5.67
-1.67
-2.33
-0.67
18.0
10.33
12.33
11.0
9.67
6.67
15.33
0.33
4.0
7.0
1.0
4.33
4.33
20.0
7.33
8.67
2.0
-0.67
10.67
1.0
19.67
9.33
13.67
10.0
28.67
3.0
12.67
11.33
7.33
10.67
7.67
18.67
14.0
3.33
21.67
19.33
11.33
3.67
23.0
13.33
11.33
19.33
14.67
14.33
23.33
22.0
19.33
19.33
30.33
21.33
25.0
12.33
6.67
5.0
15.67
0.33
5.33
10.67
1.67
1.0
18.67
12.0
-4.0
9.67
2.67
17.0
10.67
6.0
16.33
6.0
16.67
3.0
7.33
14.67
0.67
-2.33
4.67
10.0
4.0
9.0
3.0
2.67
1.67
8.33
5.67
-3.67
14.0
12.0
-1.0
0.0
4.0
8.0
12.33
6.0
0.33
11.67
-2.33
10.67
7.33
3.33
4.33
8.0
7.67
13.67
2.67
11.33
11.0
8.0
12.33
5.33
9.0
6.33
17.0
3.33
14.0
6.33
5.33
2.0
1.33
10.67
26.0
8.33
9.0
9.67
21.67
12.33
20.0
13.0
19.67
14.0
7.67
12.33
12.67
5.67
17.0
-1.0
10.67
2.0
-0.33
7.33
11.33
10.0
0.0
-1.67
20.0
8.33
-3.0
-3.0
5.67
5.67
-6.67
-6.33
12.0
-1.33
0.0
-4.67
18.0
13.0
-2.0
-1.67
2.0
7.67
-2.0
3.33
3.0
1.0
16.33
1.33
-1.33
10.33
8.67
7.33
-2.0
-5.67
-8.33
7.0
8.33
5.67
5.33
-8.33
11.0
15.67
-2.67
9.67
9.0
-2.33
11.33
6.33
8.33
-3.33
8.0
7.0
4.33
2.0
2.67
6.0
5.67
-2.0
2.33
5.33
7.33
-1.67
-0.33
1.33
5.33
-9.0
-0.33
0.0
-3.0
-0.33
14.0
9.0
10.67
-5.0
1.67
-2.0
-3.67
7.0
2.0
10.67
-9.0
0.67
7.33
4.0
-2.0
3.33
-5.0
8.67
6.0
-3.33
0.67
-1.0
8.0
-9.67
13.0
1.33
-1.67
0.67
-10.67
2.67
-15.67
2.33
2.67
-2.0
1.67
-1.0
-2.67
10.67
10.33
2.33
-4.33
2.33
-4.0
9.67
-0.67
5.0
5.67
0.33
8.0
2.67
7.67
3.33
11.67
15.67
4.0
1.67
11.67
1.33
5.33
13.0
22.0
19.0
17.33
5.33
14.67
6.67
5.67
7.67
7.0
3.67
4.0
11.0
5.67
15.67
4.0
4.67
6.67
17.33
16.0
9.0
-1.33
11.0
6.67
3.67
-0.33
1.0
1.33
-5.0
0.33
2.0
1.67
10.33
1.33
-4.33
4.33
-0.67
5.0
-2.33
6.67
2.33
-1.33
-1.67
12.33
-1.67
-6.67
-0.33
1.67
1.33
-0.67
8.33
-5.67
-0.33
2.0
4.33
-1.0
1.33
5.67
6.67
8.33
-4.33
-1.0
4.0
12.33
2.33
4.0
-0.67
-1.0
-0.33
3.0
11.33
-2.0
4.67
0.33
2.33
-5.33
-1.33
2.0
3.0
-1.33
-3.0
9.0
-3.0
1.0
5.67
-6.33
-0.67
2.0
8.33
6.33
-8.0
5.33
-1.67
3.33
-3.0
12.33
3.0
8.67
-2.0
3.33
5.33
2.0
7.0
-0.67
-1.0
4.33
4.0
-3.67
1.67
3.33
4.67
-9.0
6.33
-1.67
-3.33
-0.33
6.33
4.67
0.0
-0.67
0.33
-0.67
3.67
3.0
2.67
-4.0
9.67
5.33
-1.0
-5.67
-0.67
0.33
0.33
-3.33
9.33
12.33
-5.0
7.0
-8.0
5.67
2.67
-5.67
3.67
6.67
5.67
1.67
-5.0
0.67
1.67
-3.67
-3.0
3.67
1.33
3.0
-1.0
4.0
5.0
6.67
6.0
4.67
3.0
7.67
10.33
4.33
7.67
2.33
2.33
-0.67
-1.0
9.33
5.67
2.67
0.67
3.0
6.0
-1.0
1.33
2.0
1.0
-1.0
-2.0
5.33
9.33
6.0
2.33
-0.67
-2.33
1.0
0.67
1.33
-4.0
0.0
3.33
-2.33
8.67
4.0
2.0
-2.67
0.0
-5.0
1.0
0.33
-5.0
3.33
5.0
-0.67
2.67
-7.0
0.67
2.33
0.67
-2.0
3.33
-3.0
-1.33
-1.33
-0.33
-2.0
1.0
-0.67
-6.67
-3.0
6.0
1.33
8.0
10.33
4.67
7.67
-1.67
0.67
0.33
1.67
2.0
-2.33
1.0
-3.67
1.0
0.67
-2.0
-1.33
2.67
-5.0
-3.33
2.33
-3.67
-1.67
2.0
-2.33
6.0
-11.0
4.33
2.33
1.33
5.0
-1.0
-2.67
-1.67
-1.0
-7.0
1.0
1.0
1.67
1.0
3.0
3.0
4.0
-5.33
-1.33
-5.67
-0.33
-4.0
-2.33
2.67
4.0
2.0
-1.67
-2.33
3.0
2.67
7.67
-4.33
0.67
-2.67
0.0
-3.33
-3.67
2.67
2.33
6.67
-0.67
2.33
0.33
3.33
-5.0
3.0
2.0
0.33
2.67
-3.67
7.0
-2.33
4.33
-0.33
5.67
