0.0
9.33
20.67
-23.0
5.33
-22.67
44.67
84.0
5.67
71.33
-23.0
-32.0
29.33
-68.0
-9.33
-35.33
-10.33
7.33
-21.67
-53.0
-26.33
-22.67
-60.67
-9.0
1.33
-7.33
-2.0
-3.0
-8.67
-5.0
-10.33
-6.0
-5.67
-5.67
1.33
-0.67
4.33
-3.67
-0.33
0.67
0.33
-0.67
0.67
-0.33
2.0
0.0
0.0
0.0
-0.33
0.67
-0.33
0.0
0.33
-0.67
-0.33
-1.0
0.0
0.0
1.0
0.67
0.0
0.0
0.33
0.67
1.0
-0.67
0.0
-0.33
0.0
0.0
0.0
-0.67
-0.67
-0.33
1.0
-0.33
0.0
0.0
-0.33
-0.33
-0.67
-0.33
0.0
0.67
1.0
0.67
0.0
0.0
-0.33
2.33
-1.0
-0.33
-1.33
0.0
1.0
2.0
-1.67
0.33
0.0
1.0
-1.0
-1.33
-1.33
0.0
0.67
1.0
-2.0
2.67
-0.67
-1.0
-2.0
0.33
1.0
0.0
0.33
-1.0
-2.33
-2.33
-3.0
-2.67
0.33
-1.33
0.0
-1.0
3.0
0.0
1.33
3.33
4.0
-4.67
3.33
1.0
-2.33
6.0
-3.0
0.67
-0.67
-2.33
-3.67
-5.0
3.0
1.33
-1.67
-4.33
-6.33
0.33
-2.0
4.67
2.0
1.0
-1.0
1.0
2.0
-2.33
4.0
3.33
3.33
-5.0
-7.67
0.67
5.67
0.67
-5.0
-1.0
8.67
6.67
0.33
-0.33
2.0
-4.33
-1.33
-11.0
2.67
6.0
5.33
-0.67
-1.67
-2.0
1.0
1.33
2.0
4.67
-0.67
6.67
4.33
-4.0
6.0
4.67
-3.67
2.33
-0.33
-2.67
2.67
2.33
3.67
-1.0
-2.0
-2.0
-2.33
6.0
-4.33
2.0
-4.33
-2.67
-7.67
-2.0
-1.67
3.67
-0.33
-2.67
1.0
6.67
6.0
2.33
-4.33
6.33
3.0
2.0
2.0
4.67
0.33
-4.67
-1.0
-1.67
1.67
-2.0
1.33
-0.67
0.67
3.67
-3.0
3.0
-5.0
0.0
0.67
-4.0
-1.67
2.0
5.0
2.33
-3.33
8.0
2.0
3.33
3.67
2.33
3.0
3.67
1.33
4.0
2.33
5.33
-3.67
5.67
1.67
-2.0
9.33
2.67
-3.67
2.33
0.67
-0.67
7.33
-2.0
8.33
3.33
0.67
4.0
-3.67
4.33
1.0
6.0
-3.0
-2.67
4.67
8.0
-5.0
0.67
0.0
-0.67
1.0
-1.33
-3.67
-0.33
2.67
2.33
-1.0
-4.67
4.33
3.67
1.33
-3.33
-0.33
-5.67
-2.67
7.33
6.67
2.0
1.33
-6.33
4.0
-0.33
2.67
-0.67
7.0
5.0
2.67
-2.0
-0.67
0.33
-1.0
-0.67
3.0
2.67
2.33
0.67
0.0
0.0
1.67
0.33
1.33
1.0
4.0
3.0
-5.0
7.0
3.33
1.67
2.33
-2.0
6.0
-3.67
-1.67
-4.67
-1.67
1.0
-0.67
0.33
5.33
-2.67
-2.0
5.67
-5.0
-2.0
2.33
5.67
4.67
3.67
3.0
4.0
5.0
4.0
3.0
2.33
-8.0
4.67
3.67
-0.67
-2.0
2.0
2.67
2.33
-1.0
-6.33
-1.0
6.0
1.0
6.33
-4.33
1.33
-2.33
7.67
-1.33
3.67
1.67
3.67
11.0
-2.33
5.0
1.67
-1.0
6.0
5.0
-7.33
-2.0
0.67
0.33
1.67
3.0
-2.0
-3.33
6.0
4.33
1.67
2.0
0.33
5.33
1.0
-4.0
1.0
3.67
-2.33
-0.67
-2.33
-0.33
-2.0
-6.33
3.67
5.67
1.67
6.0
19.33
0.0
-3.67
-2.33
-2.67
0.33
3.0
-3.0
-3.33
-1.0
-1.33
4.0
0.33
0.67
5.33
-4.0
-1.67
-5.33
-4.33
-2.0
1.33
2.33
-0.33
-0.33
3.0
3.0
8.33
5.0
3.67
2.67
-7.0
3.0
1.33
-1.0
-2.33
2.67
0.0
1.67
3.33
3.67
4.0
1.0
0.67
3.33
5.67
-3.67
-4.67
6.0
3.33
-1.0
3.67
2.33
1.0
0.67
0.67
3.0
0.67
-3.33
-4.0
-1.33
3.33
1.0
4.67
-2.67
7.0
0.67
3.67
-1.33
-1.0
3.33
-3.0
4.33
-4.67
1.33
0.67
-1.0
-4.0
1.33
2.33
2.0
6.0
-3.0
0.33
3.67
0.33
1.33
-1.67
2.0
-2.33
1.67
-4.67
0.0
4.67
1.0
3.33
-3.67
3.0
-3.0
1.0
-2.0
5.33
4.67
-1.33
-7.67
-2.33
-0.33
-1.0
2.33
1.0
-4.33
-2.67
0.67
2.67
1.33
0.0
5.33
1.0
1.33
-1.0
-2.67
2.67
-3.67
-0.67
-4.0
-2.33
3.0
-3.33
4.0
0.67
2.67
6.0
1.0
-1.67
5.67
0.67
3.67
-0.67
5.33
2.33
-3.0
3.0
1.0
-2.0
2.0
0.33
-3.0
0.67
3.33
-0.33
1.0
3.33
1.33
-2.0
-1.33
0.33
0.67
-1.0
5.67
3.67
2.33
-0.67
1.0
0.0
5.0
-4.67
-0.67
0.67
-0.33
-2.67
-0.33
-2.67
-1.33
-0.33
4.33
1.33
-1.0
-1.0
-1.0
-0.67
-2.33
4.0
-2.0
0.0
-0.33
0.67
2.0
-0.33
-3.33
-0.67
2.67
1.33
-1.33
-4.33
2.33
7.0
-4.0
-4.33
-0.33
0.67
5.67
6.33
0.67
0.67
2.0
-2.67
1.33
-2.33
-0.33
1.67
1.33
0.67
-3.0
2.0
-2.67
-3.0
3.33
3.0
2.33
-0.67
2.33
1.0
3.67
4.67
-1.67
0.67
6.0
-0.33
2.0
1.0
0.33
0.67
-0.67
-0.33
1.0
-0.67
-2.67
-3.0
0.0
-2.0
0.0
1.67
2.67
0.67
1.33
2.67
4.33
5.33
7.0
4.67
0.67
-1.33
-0.33
0.0
-0.33
-1.0
-4.0
6.67
-2.33
2.33
-2.0
1.67
0.0
-4.33
-0.33
-1.33
10.0
1.33
1.33
6.0
2.33
4.0
-1.0
1.33
2.0
2.33
1.67
2.0
1.33
1.0
-1.0
-2.33
-0.67
5.67
1.33
2.33
0.0
6.0
1.67
1.67
3.33
4.33
-4.0
-0.67
4.0
3.33
-0.33
7.67
1.33
0.67
3.67
-1.33
4.0
1.67
4.0
11.67
-2.33
-2.0
-1.67
1.0
-2.33
-0.33
5.33
1.0
0.67
3.67
2.33
-2.0
-0.33
-6.0
1.0
5.0
-4.0
-0.67
0.33
3.33
-1.33
1.33
4.33
2.0
-0.33
1.0
7.67
-5.67
3.33
5.33
-1.0
3.0
3.0
2.67
-3.33
0.67
-4.0
2.33
1.67
3.0
-0.67
-1.67
-1.33
1.67
2.67
-2.0
5.33
-2.33
7.67
-2.33
8.67
8.33
5.67
4.67
-1.67
2.33
2.67
4.67
5.33
3.0
-0.67
7.0
5.33
0.67
-1.67
9.0
1.33
-1.33
4.67
2.0
3.33
-0.67
5.33
3.33
0.33
3.33
6.67
-0.67
5.67
3.67
5.33
-1.0
-0.33
3.0
1.33
2.33
8.33
4.67
7.0
7.33
3.0
4.0
6.67
11.33
-1.67
5.0
6.67
11.33
9.33
1.33
-1.0
2.67
2.67
2.33
6.33
5.33
0.33
5.33
5.33
2.67
3.33
-0.67
4.33
4.67
4.0
5.67
2.67
-0.33
9.33
2.0
1.67
2.0
8.33
4.67
5.0
-2.0
3.33
4.0
3.67
3.33
8.33
6.33
11.33
10.67
8.33
1.0
3.67
10.33
-4.0
6.67
-1.0
3.67
5.67
0.0
8.33
5.0
6.67
8.33
5.67
5.33
4.0
5.67
-0.33
0.33
4.33
6.0
2.67
-0.33
12.67
6.33
2.0
-5.0
8.33
-2.33
3.33
3.33
-0.33
-2.0
10.0
4.33
3.33
6.33
10.67
12.0
16.67
-3.67
-4.0
-1.33
3.0
9.0
7.33
11.33
5.0
0.67
0.0
6.33
3.67
3.67
10.67
7.0
5.33
6.0
13.0
-0.33
6.0
1.67
8.0
4.33
11.0
0.0
-2.0
6.33
8.67
6.33
3.67
2.33
4.67
2.33
5.0
0.0
3.0
15.67
13.33
14.67
2.67
5.67
0.33
5.0
7.33
12.0
-2.0
5.67
1.33
7.0
11.67
8.67
8.33
12.33
7.33
9.0
4.0
9.33
2.67
-0.33
4.0
2.67
6.67
7.33
8.0
1.0
0.0
3.0
-0.33
-2.67
5.33
0.67
5.0
8.33
3.67
2.67
12.67
4.33
1.67
8.67
3.33
-0.67
9.33
9.67
5.0
0.67
9.0
2.0
13.0
8.0
9.67
2.0
9.0
16.67
5.67
2.0
6.67
6.33
3.33
5.0
10.0
4.67
-1.0
7.67
9.33
1.67
21.0
16.0
17.33
11.0
1.0
9.33
-1.0
2.0
9.0
5.0
0.0
8.0
2.67
6.33
1.33
7.0
7.33
9.33
13.0
20.0
11.67
12.67
17.33
11.0
12.67
17.67
18.0
26.0
31.33
22.33
31.33
41.33
19.33
34.0
33.0
36.0
46.33
39.33
42.0
43.33
38.67
39.33
34.0
35.0
46.0
53.67
29.33
34.33
35.33
27.0
17.0
25.67
19.67
18.0
18.33
9.33
16.67
4.67
6.67
3.33
11.33
13.67
9.0
20.67
0.33
0.67
8.33
21.33
22.33
5.67
4.67
5.67
9.33
12.0
17.33
8.0
9.0
2.33
7.67
5.33
19.33
15.67
2.67
7.67
13.33
2.67
16.67
4.33
-4.0
11.67
16.67
4.67
16.33
9.0
17.33
9.67
2.33
3.33
8.33
9.67
6.0
8.0
4.67
6.33
8.67
5.67
3.33
14.0
-2.67
7.33
3.33
15.67
10.0
1.67
9.0
5.33
3.33
20.0
8.0
8.0
11.0
9.67
8.0
11.0
7.0
3.33
10.0
4.67
-1.0
7.67
20.33
7.0
10.67
17.67
0.33
9.67
5.0
0.67
5.33
1.33
16.33
9.0
5.33
7.0
11.67
6.33
9.67
10.67
13.33
21.33
3.0
8.33
10.33
18.0
-6.33
5.0
8.33
8.67
4.67
12.33
9.0
4.67
16.67
12.67
18.67
14.67
10.67
12.67
17.33
9.0
11.0
9.67
14.67
7.33
5.33
9.33
7.33
3.0
6.67
1.33
10.0
17.33
2.0
6.67
1.0
6.67
7.0
4.67
-0.33
2.67
16.33
-5.0
12.0
21.0
11.33
12.33
9.0
12.0
20.33
7.67
10.0
15.67
6.67
-0.33
1.33
-1.67
11.33
4.0
4.0
17.33
17.67
2.33
4.33
6.0
8.67
10.0
25.33
7.67
14.0
10.67
13.0
1.0
10.0
14.67
0.33
11.33
14.0
9.33
16.33
-4.67
11.67
6.33
8.67
12.33
14.67
11.0
4.33
13.0
7.67
11.67
9.0
13.0
4.33
11.0
16.0
14.0
11.67
10.0
18.67
15.33
10.33
19.33
2.33
9.33
3.33
11.67
21.33
11.67
9.67
3.0
11.33
10.0
14.33
17.33
14.0
6.0
13.0
10.33
4.67
9.0
6.0
10.33
6.0
5.0
7.33
3.33
10.0
18.0
15.33
8.33
10.0
12.33
9.0
20.67
9.67
18.33
11.0
10.0
15.67
32.33
20.67
18.67
9.67
25.33
20.67
25.67
33.33
35.0
51.33
55.33
56.33
87.0
68.67
78.67
91.0
112.0
124.67
129.67
163.0
177.0
200.33
199.33
226.0
216.33
234.0
249.33
251.33
248.0
271.67
292.67
272.33
274.0
298.67
300.0
260.33
280.67
263.0
252.0
237.33
231.67
169.67
179.0
136.0
130.0
121.0
106.33
90.33
89.33
66.0
43.67
51.67
33.33
24.33
5.67
16.67
20.0
23.33
30.67
25.0
16.33
6.33
11.33
-3.33
9.0
10.67
4.0
21.33
7.0
21.33
16.33
12.33
7.0
14.67
9.67
8.33
12.33
15.0
17.0
13.0
16.67
23.0
17.67
14.67
12.0
11.67
10.33
5.0
20.33
8.0
6.0
15.0
2.33
13.33
8.0
8.0
13.67
8.67
20.0
18.0
19.67
11.33
7.67
22.0
11.67
14.67
-1.33
6.33
18.33
22.0
11.33
15.0
9.0
11.0
11.33
19.33
5.0
11.33
9.33
7.0
16.67
1.33
14.0
14.67
14.0
9.0
17.33
16.67
19.33
5.67
15.33
7.33
11.67
7.33
2.0
7.33
5.67
14.33
10.33
2.33
4.67
12.67
5.67
1.0
1.0
2.67
2.33
22.0
10.67
-2.67
7.33
-0.33
12.67
9.33
10.67
22.33
9.33
14.67
-3.0
11.0
4.33
6.0
15.33
9.0
12.0
24.0
13.67
9.67
16.0
4.33
4.0
3.67
10.33
8.33
15.33
16.67
4.0
15.33
1.0
8.33
7.33
-1.33
3.67
3.67
-1.33
8.0
-2.33
3.33
-4.33
1.33
-6.0
14.33
5.33
6.0
8.67
9.67
5.33
6.33
13.0
0.0
3.0
8.33
-1.67
-2.0
8.33
6.67
3.0
0.33
14.67
12.0
4.67
1.33
5.67
3.0
8.67
-2.0
10.67
-3.67
5.33
16.67
4.67
14.67
6.0
10.33
18.67
3.33
9.33
-4.33
1.0
12.33
13.33
2.33
-0.33
18.33
1.33
13.0
0.33
3.33
5.33
7.33
3.0
9.33
3.67
-1.0
9.67
6.33
3.33
-10.33
1.67
1.0
9.67
4.0
8.0
4.67
9.67
12.0
9.67
10.0
7.33
0.0
0.67
4.0
4.33
6.67
-6.33
0.67
4.67
4.0
2.0
7.0
-10.0
3.67
12.67
12.33
-4.33
5.33
7.0
1.0
5.0
-5.0
4.0
6.0
13.33
5.0
1.33
1.67
0.67
7.67
15.33
9.33
9.33
13.0
4.67
9.67
15.67
17.33
-5.0
4.0
11.33
24.33
2.0
8.33
5.0
8.33
3.0
13.33
1.33
4.0
0.33
19.67
6.0
4.33
4.0
18.67
11.67
9.33
22.0
12.0
16.67
8.0
7.67
9.33
14.67
1.67
16.0
20.0
6.67
3.0
10.67
1.33
15.33
9.0
3.0
-2.67
16.0
2.33
1.0
3.0
3.67
-0.33
-2.67
-4.33
5.0
-8.33
9.0
-6.67
9.0
7.0
-3.0
7.33
-5.0
-1.33
11.0
8.33
15.0
1.0
-5.67
0.33
1.67
6.33
4.67
-0.67
-14.0
5.33
-6.33
3.0
5.33
2.67
4.33
-4.33
2.0
13.67
1.33
5.67
13.0
3.67
7.33
10.33
-0.67
2.67
6.0
1.0
13.33
3.0
5.67
-2.0
3.67
2.0
8.33
3.33
4.33
2.33
8.67
18.33
0.33
2.0
2.67
-4.0
5.0
6.67
7.0
1.0
12.67
-13.0
11.67
-1.0
1.33
1.0
3.0
2.67
7.0
-2.33
8.33
-1.0
1.0
7.33
1.0
-3.33
3.0
-4.33
3.67
5.0
1.0
0.33
2.0
5.33
-0.67
7.67
-1.67
5.67
-2.67
7.33
4.67
-3.0
0.67
-10.0
0.33
10.67
9.33
13.33
5.67
5.33
8.0
8.67
2.33
10.0
0.67
4.33
12.0
9.67
5.67
7.33
5.67
18.67
3.0
15.67
10.67
6.33
9.33
9.0
9.0
8.0
10.33
2.33
9.67
7.67
3.67
6.67
14.0
-0.33
10.0
5.0
15.67
13.67
0.0
10.67
8.67
5.33
21.0
4.0
4.67
13.0
-3.33
5.67
10.67
9.0
5.33
-7.0
3.33
2.0
-0.33
7.33
-2.67
-3.33
4.33
0.33
11.0
-0.33
1.67
2.33
4.67
5.33
3.33
0.33
-4.67
5.67
5.67
-3.67
3.33
8.33
4.33
0.67
-7.0
-3.67
5.0
3.33
8.67
1.67
7.33
-0.33
-8.0
-9.0
-6.67
5.33
3.0
2.33
-4.0
17.67
-4.0
8.33
4.0
-2.33
0.33
-4.67
0.67
6.67
3.0
8.0
-1.33
-2.0
3.0
-3.0
9.0
0.67
-1.33
6.33
1.0
2.33
-4.67
1.0
7.33
-4.67
-0.67
-2.0
-2.67
1.0
9.67
1.0
2.33
-1.67
2.0
-9.0
5.33
10.0
4.33
0.0
3.33
0.67
9.33
1.67
-4.0
2.33
-0.67
-1.33
1.67
-4.67
-0.33
0.0
0.33
0.33
0.33
1.67
0.0
1.67
0.0
-1.33
4.33
-10.0
1.33
4.33
6.33
-5.67
-7.33
2.33
9.33
-5.0
1.0
7.0
1.67
9.67
-7.67
6.67
1.67
8.67
0.67
-4.0
4.67
2.67
2.33
6.0
6.67
5.33
7.0
1.0
5.0
0.0
11.67
8.0
1.67
5.0
5.67
4.33
3.33
6.67
2.33
8.33
-0.67
6.0
-4.67
6.67
0.67
4.67
4.0
8.0
14.0
8.33
8.0
9.0
5.0
1.0
6.33
3.33
4.0
-2.67
2.33
-3.33
1.0
2.67
0.33
6.0
5.0
-0.67
5.67
10.67
-1.0
0.0
1.33
3.0
2.0
4.0
-2.67
1.0
9.33
7.0
-1.67
0.67
0.0
8.67
4.33
1.67
-1.0
9.33
1.0
-4.33
4.67
-1.33
-2.0
1.0
0.33
2.33
2.0
2.0
1.33
0.0
1.33
-1.33
1.67
4.33
2.67
0.33
-1.33
3.0
0.67
2.0
1.33
-3.0
-0.33
1.0
3.67
0.67
-4.0
-1.33
4.33
-0.67
-3.67
4.0
-10.33
4.0
-4.0
0.33
1.33
0.33
-4.0
3.0
0.33
2.33
-2.0
-2.0
7.0
-3.0
2.67
-2.0
0.0
0.0
1.0
-2.33
-2.33
-1.67
-2.33
-4.0
1.67
3.67
3.0
6.0
-2.67
-3.33
-5.0
3.67
4.67
-4.33
1.67
4.33
7.0
-5.33
-0.67
-3.33
-1.67
2.67
-2.67
5.33
2.33
-0.67
0.0
-1.0
0.0
-0.67
-1.33
4.33
1.0
0.67
1.33
4.67
1.67
