0.0
-22.67
25.67
-4.0
-13.67
-117.67
-45.33
-27.0
-37.33
-76.67
79.0
-75.0
38.33
41.0
51.67
8.67
3.67
14.33
-3.67
-1.0
-4.33
-21.67
-21.67
-31.0
10.33
3.67
-8.0
8.0
3.33
5.0
4.67
1.0
-2.67
-0.67
2.33
2.33
-1.67
0.33
-0.33
-0.33
1.33
0.33
-0.33
0.67
0.0
-1.0
1.0
0.0
-0.33
-0.33
-0.33
0.0
-0.67
-0.67
-0.33
-1.0
1.0
1.0
1.0
0.67
2.0
0.0
-0.67
-0.33
1.0
1.33
1.0
-0.33
0.0
0.0
0.0
0.33
-0.67
-0.33
1.0
-0.33
-1.0
0.0
-0.33
-0.33
1.33
1.67
0.0
0.67
1.0
-0.33
0.0
-1.0
-0.33
-0.67
-1.0
0.67
-0.33
-1.0
1.0
0.0
0.33
-0.67
0.0
0.0
1.0
-0.33
1.67
1.0
-0.33
0.0
-1.0
-1.33
2.33
-1.0
2.0
-0.67
3.0
-2.0
2.33
3.0
4.67
-2.33
1.0
0.33
0.33
3.67
2.0
-1.0
0.0
0.0
-1.67
-1.67
-1.0
2.33
3.33
2.0
-1.33
8.0
2.0
-0.33
3.33
5.67
-1.67
1.0
0.0
2.33
3.33
2.67
-0.33
0.33
-1.0
3.67
2.0
9.0
-1.0
3.0
2.0
3.67
5.0
-0.67
6.33
1.0
0.33
6.67
3.67
2.67
-1.0
1.0
7.67
9.67
6.33
1.67
-3.0
1.67
0.67
-1.0
3.67
5.0
1.33
2.33
5.33
0.0
-1.0
-0.67
9.0
1.67
-1.67
3.67
4.33
-1.0
4.0
-4.33
11.33
8.33
6.67
0.33
5.67
2.33
1.67
-1.0
-2.0
9.0
0.67
6.0
-0.33
5.0
-2.33
4.33
-1.67
2.0
-0.67
3.67
-1.33
5.33
2.0
2.67
7.0
4.33
-0.33
6.33
5.0
0.0
3.0
0.67
2.33
4.33
-1.0
6.33
-2.33
0.0
8.33
-1.67
3.67
2.67
-5.0
6.0
1.0
-2.0
0.67
0.0
2.33
1.0
3.0
1.33
-1.33
3.0
10.0
9.33
3.67
-4.67
12.0
-2.33
-1.67
2.0
0.33
2.33
3.33
4.67
0.67
1.0
4.33
0.67
7.33
0.33
4.67
-0.67
7.33
-1.0
1.33
4.33
3.67
5.0
-0.67
1.33
1.0
5.0
1.0
-2.67
2.67
10.0
-1.0
11.67
-1.0
4.33
2.0
-1.33
-1.67
0.67
0.67
-0.67
4.0
1.33
0.33
1.67
6.33
-3.33
3.67
-4.67
1.33
4.33
-3.33
0.0
-2.67
2.67
10.0
8.67
10.67
6.33
2.0
8.0
-3.33
7.0
4.33
2.33
4.0
5.33
2.0
3.67
6.33
0.67
1.0
11.0
2.67
9.33
5.33
-1.0
-1.0
-5.0
4.0
2.0
-3.67
7.67
8.33
2.0
5.0
2.33
-2.67
2.33
-1.67
2.0
1.33
9.33
5.33
7.33
2.0
3.67
0.0
7.0
2.33
5.67
-0.33
-3.33
3.0
-3.0
7.0
1.0
4.0
6.33
0.0
0.67
6.67
7.33
4.0
-1.0
5.67
5.33
3.0
3.67
6.0
4.0
-3.0
4.33
-0.33
1.33
0.67
3.67
0.67
-2.33
-1.33
4.67
2.0
-5.33
-3.0
0.67
0.0
7.0
0.0
1.67
10.0
3.67
-1.67
7.67
1.0
4.0
-0.33
-1.0
7.33
1.67
1.0
5.33
4.33
4.0
1.0
3.0
4.67
-0.33
7.33
7.67
3.67
4.0
-1.33
6.67
5.67
4.67
2.0
6.33
-2.0
-1.67
4.67
-3.67
-3.67
1.0
1.0
5.67
2.0
-1.33
10.0
0.33
-4.33
5.33
0.0
4.33
-0.33
-4.33
4.0
3.33
7.33
-2.33
2.67
-1.0
3.0
1.33
-1.0
1.67
-2.33
0.0
8.0
-2.67
5.0
4.67
-0.33
-1.0
3.67
5.33
1.67
2.0
3.0
-0.33
-2.67
5.67
6.33
3.33
2.0
2.33
1.0
-0.33
-2.67
-3.0
1.67
3.67
-2.0
0.67
4.67
-3.0
2.67
10.33
0.0
6.67
0.33
1.0
-0.33
4.67
1.67
-3.0
0.33
8.0
2.33
1.33
0.33
-1.33
1.0
1.0
1.33
3.33
2.0
1.0
-2.0
0.33
1.67
1.33
5.33
1.33
1.0
-3.33
0.67
2.33
-1.0
-1.33
3.0
2.33
5.33
2.0
3.0
3.0
-2.0
2.33
3.67
-2.33
-1.67
-0.33
2.67
1.0
6.33
-2.0
2.67
3.33
2.67
5.67
0.33
10.0
3.33
1.0
3.33
-2.0
0.33
2.67
3.33
5.33
-1.0
2.67
5.0
-0.33
1.0
-0.33
-1.33
4.0
7.0
-0.67
-0.33
1.67
0.67
5.33
-0.67
2.33
3.0
4.0
4.0
-1.0
3.0
0.33
-2.0
-1.33
0.33
1.67
-5.0
2.33
7.33
6.0
0.67
-5.67
1.67
3.0
0.67
0.67
4.33
1.33
1.0
0.0
2.0
5.33
-0.67
0.67
2.67
3.33
0.67
-3.67
-1.33
0.67
4.33
3.33
3.0
-1.0
3.0
-0.67
-1.33
3.0
-1.0
-3.0
-2.33
3.67
3.0
4.67
-0.33
0.33
0.67
-0.67
1.67
-5.33
0.33
-1.0
2.0
-2.33
-3.33
0.67
4.67
-2.67
3.67
0.67
4.0
0.33
-0.67
2.67
-0.33
3.67
0.33
-2.33
0.0
2.0
4.33
1.0
-1.67
1.0
-0.67
1.33
-1.67
7.0
8.67
-0.33
6.33
2.67
-1.0
5.67
2.0
0.0
0.33
-1.33
1.33
4.67
-6.0
0.33
4.33
2.0
1.0
0.0
-5.0
5.67
-1.33
-2.33
4.33
4.67
0.33
2.33
1.0
2.67
5.67
2.67
-0.33
3.0
0.67
2.0
-1.0
2.67
0.67
3.33
0.0
0.67
2.0
-0.33
-1.33
-0.33
0.0
-0.67
3.33
1.0
-0.67
4.0
3.0
-2.67
4.0
4.33
5.67
1.0
3.33
4.0
4.0
3.67
5.33
1.67
-0.67
1.33
-1.0
2.0
1.67
-1.33
0.33
6.33
-1.0
-4.67
-5.0
0.33
4.67
2.67
3.33
-6.33
0.67
5.67
4.0
7.67
3.0
-4.33
-6.33
2.0
1.33
-1.0
1.67
-0.33
-0.67
-2.0
6.67
4.67
-2.67
1.0
-3.33
-5.0
1.0
3.0
-3.0
1.33
8.33
4.33
4.67
1.33
3.33
0.0
2.67
2.0
1.67
-5.67
-4.67
0.33
-2.0
-1.0
2.0
6.67
-1.33
-2.33
-5.0
-0.67
-5.33
4.0
-2.67
5.33
2.67
-0.33
0.67
-2.0
1.33
6.67
5.67
-5.33
-4.33
-0.67
-2.33
-0.33
1.33
1.33
2.67
1.67
3.33
-1.0
-2.67
3.0
0.33
3.67
2.33
9.0
1.33
-1.33
9.67
3.0
2.33
6.33
3.33
3.33
4.33
0.33
5.67
3.33
10.67
2.67
1.33
0.0
7.67
8.0
-0.67
13.33
6.33
8.67
16.0
10.33
17.0
18.0
25.67
30.33
18.33
30.0
19.67
28.33
29.33
24.33
23.0
23.67
21.67
16.33
22.33
15.33
6.33
5.33
1.33
9.67
9.33
0.33
7.33
5.67
10.0
1.67
6.67
7.67
10.33
10.0
2.67
7.0
-0.67
2.67
8.0
5.0
2.33
3.0
5.67
7.33
5.33
-1.67
13.33
3.67
2.33
-4.0
13.67
8.33
-1.0
8.67
-4.0
7.67
8.67
4.0
8.33
4.0
3.67
1.33
5.67
-2.67
-1.0
4.67
2.67
0.33
10.33
0.0
2.67
0.67
6.67
8.33
-1.0
-1.0
3.33
-0.33
11.33
4.33
3.67
1.0
8.0
4.33
3.33
0.33
4.67
3.0
6.67
2.33
3.0
7.67
-2.0
7.0
-0.67
-3.67
8.0
5.67
2.0
0.33
-2.33
8.67
2.67
3.0
-3.67
2.0
8.0
10.67
6.0
1.67
1.0
2.33
7.0
2.0
8.0
7.33
5.67
4.33
7.67
1.33
7.67
0.33
-2.0
3.0
3.0
10.67
7.33
12.67
14.67
3.67
-4.67
7.0
2.33
3.0
5.0
-0.33
-8.67
4.0
-0.33
3.67
5.33
16.33
2.33
3.0
4.0
-0.67
-0.33
-0.33
0.0
2.67
9.67
3.33
0.0
5.0
-2.0
4.0
4.67
2.33
7.33
4.67
6.0
-5.67
8.67
1.67
3.67
-4.67
9.67
6.67
5.33
4.33
2.33
13.67
8.0
3.67
4.0
-3.0
14.0
1.0
-1.33
7.0
12.0
10.67
5.67
7.0
6.67
14.33
1.33
3.0
5.0
5.67
4.0
2.67
7.33
14.67
4.0
3.0
4.33
6.0
-5.0
-4.67
-3.0
-3.0
10.0
6.0
3.0
2.0
9.67
0.33
5.33
-2.0
0.33
-2.67
3.0
7.0
-2.33
5.67
5.33
10.0
0.67
9.67
11.0
11.0
10.33
11.33
16.33
12.33
10.33
9.0
16.0
15.0
16.33
27.33
21.0
13.33
6.67
13.33
28.0
25.0
27.0
18.67
8.33
17.33
18.33
18.0
22.0
14.67
15.67
5.0
17.33
6.33
11.67
9.67
1.67
0.33
8.33
4.67
6.0
5.67
9.33
6.67
5.33
5.33
5.33
14.67
4.67
8.67
5.33
11.0
8.33
-3.0
9.0
8.33
2.67
6.33
3.33
17.67
2.67
3.67
9.33
1.67
10.67
10.33
10.0
15.67
9.67
7.67
6.33
10.0
9.33
5.67
19.33
-0.67
10.33
10.67
5.0
3.0
2.67
11.33
13.67
4.67
2.33
11.0
6.33
0.33
2.33
12.67
7.0
3.67
4.0
-4.67
4.33
14.0
1.0
1.0
7.0
3.67
13.0
11.0
4.0
6.33
6.0
5.67
3.0
5.67
8.33
8.0
15.67
9.67
1.33
6.67
7.0
21.67
6.33
6.33
4.33
18.0
20.33
17.0
12.67
14.33
6.67
10.67
17.33
16.33
21.0
12.33
13.33
8.0
0.67
8.0
0.33
19.67
15.67
15.33
21.0
1.67
3.67
13.67
3.67
7.67
11.67
3.67
-0.67
5.0
7.0
5.67
3.67
7.33
5.33
-1.67
10.33
18.0
12.67
5.33
17.0
16.33
11.0
1.67
15.0
18.67
17.0
18.67
-1.33
2.67
22.33
19.0
14.0
19.0
2.33
11.33
9.0
14.0
13.33
11.67
8.0
13.67
9.67
4.67
9.33
8.33
-1.67
8.0
2.0
2.33
1.67
9.33
11.33
8.0
13.67
7.0
11.33
12.67
15.0
20.67
2.0
9.0
19.0
3.67
11.33
13.33
8.0
10.33
10.33
4.33
2.67
5.33
21.67
15.33
9.67
7.0
-2.67
10.0
7.67
5.67
12.0
19.0
6.33
12.0
11.0
10.0
5.67
11.0
10.67
3.33
4.33
16.33
16.33
10.33
5.33
9.67
5.33
2.67
14.67
5.0
18.33
6.0
9.33
8.33
8.0
17.0
13.0
8.33
11.67
10.0
0.0
18.33
17.0
10.0
17.33
18.33
12.0
15.0
15.33
12.33
16.0
10.33
27.0
12.67
18.67
21.33
17.0
5.0
16.67
18.33
26.67
25.67
17.67
26.33
23.67
23.67
31.33
17.0
27.33
23.33
13.33
33.0
25.67
39.67
53.0
42.0
42.67
45.67
46.0
62.0
69.33
82.33
83.0
73.33
65.0
83.33
89.33
90.0
99.67
82.67
81.33
62.0
85.67
107.0
89.33
86.67
80.0
96.0
85.33
77.67
47.67
57.0
63.0
47.0
59.0
25.33
41.33
31.33
20.0
36.67
25.67
26.33
19.33
14.67
4.67
15.0
19.33
8.67
16.0
24.33
24.33
13.33
4.67
14.0
5.67
13.0
13.33
16.0
16.33
16.33
6.33
18.0
5.67
6.67
14.33
10.33
5.0
9.0
11.0
2.67
16.0
15.67
8.67
13.0
12.67
14.33
9.0
12.33
14.0
14.0
4.0
10.33
13.33
17.0
21.0
13.67
34.67
15.0
11.0
20.67
12.33
19.67
10.0
8.67
16.67
11.67
5.33
18.33
3.0
6.33
13.0
10.0
15.0
5.33
10.33
14.0
16.33
1.33
8.0
4.67
-1.67
20.0
15.67
14.0
23.0
12.33
27.67
18.33
17.67
1.33
20.33
6.67
15.33
7.0
18.33
16.67
10.33
10.33
22.33
4.67
27.67
0.67
11.0
8.0
14.67
16.33
5.0
14.67
13.33
13.33
-3.33
22.67
10.33
13.67
10.33
14.33
9.67
8.0
6.0
0.33
2.0
6.33
18.0
10.0
14.0
5.67
15.67
10.0
7.33
15.0
7.67
14.33
18.33
3.33
5.67
9.0
17.33
14.0
6.33
14.33
10.67
4.67
-0.33
10.67
7.0
-1.33
11.33
2.67
8.33
9.0
6.33
17.33
14.0
-9.33
4.67
24.33
-3.67
6.0
6.0
14.0
3.33
24.33
0.0
14.33
5.67
4.0
7.33
23.67
14.0
26.67
6.33
25.67
11.0
18.67
16.0
12.67
22.33
6.33
16.67
14.67
11.67
29.0
9.33
32.67
7.33
19.33
20.67
21.0
35.33
33.33
33.33
32.67
27.33
33.33
10.0
20.33
21.33
28.33
33.33
27.0
28.33
29.67
29.0
26.67
19.33
26.33
12.67
13.67
22.0
28.67
14.0
21.0
17.67
6.67
14.0
13.67
14.0
17.33
23.0
7.67
8.0
-0.67
14.67
11.67
8.67
3.67
2.0
-3.0
12.0
8.0
5.67
16.67
11.33
3.67
6.33
15.0
0.0
8.0
8.0
-5.0
7.0
9.33
8.0
5.33
9.67
4.67
6.67
16.33
8.33
7.33
10.0
9.67
2.67
1.67
0.33
-6.0
-3.0
4.33
7.33
7.0
5.33
14.0
17.33
0.0
13.33
7.33
23.0
23.33
12.67
13.0
4.33
0.0
8.67
18.67
13.33
15.0
16.0
12.67
-3.0
12.67
9.33
12.67
2.67
3.0
15.0
3.67
3.0
12.67
5.33
19.33
28.0
-2.0
6.33
16.0
5.33
-1.0
4.0
4.67
7.67
-5.67
4.67
19.0
10.67
4.0
-2.67
3.0
3.0
5.0
-0.67
13.0
4.67
6.0
9.33
11.0
5.0
2.33
8.33
0.67
-0.67
-1.33
6.33
3.0
1.33
2.67
-7.0
0.33
6.67
13.33
7.67
13.0
5.67
4.33
5.67
15.0
-0.33
17.33
-1.67
4.33
15.67
0.0
-3.0
3.33
12.0
3.67
4.0
2.67
7.0
6.33
-1.67
6.33
4.33
5.67
10.33
5.33
14.0
3.67
-9.0
19.0
16.67
7.0
6.0
11.67
-5.0
7.67
5.0
4.33
-6.0
0.0
11.67
6.0
2.67
4.33
14.0
0.0
3.33
7.0
3.67
1.0
-6.33
-3.33
-2.0
-4.0
-2.67
12.0
13.33
10.33
-0.33
10.33
-5.33
-8.67
2.33
0.67
-3.0
3.67
-2.0
-3.67
10.67
-4.67
3.33
5.67
-0.67
11.0
3.67
14.33
5.0
3.67
5.33
4.0
8.67
4.67
9.33
11.67
17.67
-1.0
9.67
8.67
0.33
9.33
5.0
4.0
16.0
21.33
-0.67
8.67
9.67
3.67
12.67
13.0
3.67
10.0
9.0
12.67
6.67
9.0
4.67
9.67
10.33
6.0
-1.0
-3.33
8.0
8.67
0.67
4.67
5.0
2.33
1.0
7.33
5.0
2.67
-4.67
1.33
-3.33
5.33
-1.67
2.0
8.67
7.67
2.33
13.67
4.33
7.33
-1.67
5.33
3.67
4.67
3.33
-0.67
12.33
7.33
1.67
-7.0
0.33
2.0
-3.67
3.67
1.67
6.33
1.67
7.0
-6.0
7.33
-0.67
8.0
2.33
-5.0
7.67
8.0
6.33
6.0
9.67
4.33
4.33
6.67
4.67
4.0
4.0
-4.33
4.0
3.0
-6.0
5.0
-3.33
7.67
6.33
6.0
7.33
3.33
-2.0
-3.67
4.33
-6.67
-6.0
5.33
3.0
3.67
2.0
8.33
1.33
1.0
3.0
9.33
3.0
6.33
5.0
-5.67
9.67
5.33
1.67
-1.0
7.33
3.33
-2.33
5.67
5.33
3.67
2.0
4.33
7.33
6.33
4.67
-2.0
0.67
-2.0
-4.33
-2.67
-5.0
6.33
-0.67
0.33
-2.67
-0.33
7.33
5.33
-7.0
2.0
2.0
5.67
12.67
2.33
4.67
1.67
-0.33
0.67
1.0
2.67
3.67
2.33
5.0
3.67
6.33
5.0
0.0
4.0
2.0
-1.33
5.0
4.67
-1.0
10.67
-1.67
-0.67
5.67
2.33
8.33
-5.67
-4.0
5.33
6.67
1.67
6.67
2.0
6.0
1.0
1.33
3.0
-2.0
0.0
4.0
5.33
4.33
5.0
6.33
7.33
-5.33
4.0
3.67
-3.67
5.0
3.0
8.33
1.67
1.67
-2.0
4.0
-1.67
0.0
3.0
4.0
-2.67
-2.0
9.33
5.0
3.33
10.67
1.0
2.67
3.33
-0.33
6.0
3.33
-4.0
-1.33
3.67
-2.33
-4.0
3.0
-1.67
-1.67
-1.0
1.0
-0.67
5.0
8.33
1.67
2.67
3.33
6.67
0.33
4.67
-6.0
1.67
3.0
4.33
6.0
-0.33
-1.0
-0.33
-3.33
4.0
1.67
-2.67
-1.67
1.33
8.0
-0.33
3.0
-4.0
4.33
5.33
-3.67
5.0
-4.0
1.33
2.33
2.0
2.0
6.0
-3.0
1.67
5.0
-1.0
7.0
-2.0
4.67
2.67
4.33
3.67
2.0
1.67
-2.33
5.0
2.0
-4.67
-1.33
2.0
-0.33
2.67
5.67
10.67
3.33
1.0
3.67
-2.67
1.67
12.33
4.67
2.33
-6.67
2.33
6.33
-1.0
2.0
5.0
6.33
-0.33
-4.67
-2.0
-0.33
-3.67
2.67
-0.33
