0.0
50.33
49.67
38.0
50.33
-27.67
33.67
74.0
30.67
39.33
36.0
-46.0
36.33
6.0
18.67
-45.33
7.67
36.33
26.33
16.0
-10.33
-27.67
-32.67
-5.0
14.33
-8.33
1.0
10.0
-6.67
5.0
-3.33
7.0
-2.67
0.33
5.33
1.33
-1.67
-0.67
-0.33
1.67
0.33
-1.67
0.67
-0.33
1.0
-1.0
1.0
-1.0
0.67
-0.33
-0.33
0.0
-0.67
-0.67
-0.33
-1.0
0.0
2.0
0.0
1.67
0.0
1.0
-0.67
0.67
0.0
-0.67
2.0
-0.33
0.0
1.0
0.0
1.33
-0.67
-0.33
0.0
0.67
-1.0
0.0
-0.33
-0.33
1.33
0.67
0.0
-0.33
2.0
-0.33
0.0
-1.0
0.67
0.33
0.0
-0.33
-1.33
-1.0
0.0
1.0
-1.67
0.33
-1.0
1.0
0.0
2.67
-1.33
0.0
-2.33
0.0
0.0
1.67
-1.67
1.0
0.0
0.33
2.0
-1.0
0.33
3.0
-1.33
-0.33
2.0
-1.67
1.33
1.67
0.0
-1.0
2.0
4.0
0.33
3.33
3.0
0.33
3.33
-1.0
-5.33
3.0
3.0
-2.33
0.33
-2.33
-2.67
0.0
4.0
1.33
3.33
-1.33
4.67
-2.67
8.0
4.67
6.0
8.0
4.0
2.0
2.0
-0.33
2.0
6.33
3.33
1.0
4.33
5.67
2.67
-0.33
-7.0
3.0
7.67
6.67
2.33
-3.33
4.0
-1.33
-5.33
-2.0
8.67
4.0
3.33
0.33
4.33
-2.0
1.0
4.33
1.0
3.67
-2.67
3.67
4.33
-2.0
3.0
0.67
8.33
0.33
8.67
3.33
6.67
1.33
3.67
-2.0
4.0
6.0
6.67
-2.0
-1.33
0.0
8.67
4.33
0.33
7.0
-3.67
6.67
2.67
-3.67
4.0
4.67
5.0
5.33
-2.33
4.33
5.0
3.0
3.0
3.67
-4.67
-1.67
0.0
-0.67
-3.33
5.0
3.33
-3.67
4.67
5.67
12.0
6.0
6.0
6.0
3.67
2.0
2.33
4.0
3.0
8.33
6.67
8.0
3.0
9.33
5.67
3.33
7.0
5.67
1.33
0.0
13.33
2.33
6.33
-0.33
3.67
0.0
3.33
6.67
3.33
6.33
0.67
10.33
6.33
-5.0
11.33
-0.67
2.67
1.0
3.33
11.33
2.0
1.0
6.0
-0.67
5.67
3.0
-5.0
6.67
3.0
5.33
6.0
2.67
1.33
8.67
-0.33
2.33
2.0
-5.67
4.33
2.67
0.33
6.67
2.67
10.33
3.33
5.33
3.67
-2.0
2.33
0.67
8.0
2.67
4.67
5.33
2.0
6.0
-7.33
2.0
0.33
0.33
2.0
3.33
9.0
14.67
-3.67
0.67
7.0
0.0
0.67
5.33
-0.67
-6.0
8.0
-2.0
2.0
8.0
1.33
1.67
5.33
4.0
1.0
-3.67
2.33
-4.67
-1.67
5.0
2.33
-1.67
0.33
6.33
3.0
9.67
-3.0
8.0
2.33
7.67
8.67
2.67
-2.0
-3.0
7.0
-1.0
5.0
5.33
1.0
-1.33
-1.33
0.33
-2.0
0.0
8.67
6.33
7.0
-7.33
5.0
2.0
3.0
1.33
3.67
2.33
3.67
5.67
3.67
-0.33
12.67
-0.33
1.0
1.67
2.0
-2.33
0.0
5.0
6.0
-3.33
-3.0
0.67
0.33
4.67
-1.0
2.0
-0.33
4.0
8.33
9.67
7.0
1.33
-4.67
0.0
-2.0
2.0
1.67
-0.33
8.33
0.67
2.67
2.0
-1.33
3.67
4.67
3.67
2.0
9.33
4.0
3.33
2.67
3.33
-2.67
-1.0
-2.0
-0.33
0.0
2.67
1.0
0.33
-4.33
3.33
-5.0
-0.67
1.67
-2.33
1.0
-4.67
7.33
-1.33
5.67
-2.0
2.0
6.33
-2.0
7.67
3.67
-3.0
4.0
-1.67
-1.0
1.67
9.67
-1.0
0.67
-1.67
1.67
2.0
4.0
1.67
2.33
3.67
1.33
2.33
5.0
1.33
5.0
1.67
2.33
0.0
10.67
2.67
-1.0
2.67
0.67
0.0
2.67
3.33
-4.0
0.67
-1.67
4.0
6.67
5.67
-0.33
-1.0
-2.67
1.0
-0.67
4.33
2.33
3.67
4.0
-3.0
3.33
8.33
1.0
7.0
4.0
2.33
7.67
8.33
-0.67
1.33
1.0
-4.33
1.67
8.33
-1.0
-2.33
-1.0
-0.67
3.33
4.0
3.0
4.0
-3.0
7.33
-1.33
-2.33
-1.67
5.67
5.67
4.0
3.33
3.0
-4.33
-2.67
-0.33
0.67
1.33
3.0
-0.67
1.0
1.33
-1.0
-0.67
0.67
-1.67
2.33
-5.0
5.67
3.0
-3.33
3.0
1.67
1.67
10.0
-2.0
-2.67
-1.33
3.67
-0.33
0.33
5.33
3.33
4.0
3.0
3.0
3.0
1.0
2.33
2.0
2.67
5.33
-2.33
-1.0
-2.67
2.33
-2.0
-3.33
-3.67
-1.33
-1.0
0.67
1.67
5.33
1.33
2.0
1.0
-2.0
-1.67
-0.67
1.67
0.67
-0.67
-0.33
0.33
8.67
7.67
3.33
4.33
7.0
-1.0
-2.0
-1.67
2.67
-3.0
0.0
0.0
0.67
1.67
8.0
6.67
-0.33
2.33
3.67
2.33
0.67
-0.33
6.33
-1.0
1.0
2.67
2.67
0.67
4.67
2.33
-0.33
1.67
6.0
-3.67
-1.67
0.67
-0.33
6.67
2.33
-2.33
-5.0
2.0
-1.67
-2.0
4.33
0.0
6.33
-1.67
-0.67
-2.0
-1.33
-0.33
2.33
-1.33
0.0
2.67
8.0
-3.0
3.33
0.67
0.33
-0.33
3.0
1.33
-0.67
1.0
2.0
1.0
-1.0
-0.33
-0.33
-4.33
1.33
5.67
-0.67
3.33
1.0
-2.33
-0.33
0.67
-3.33
1.0
-1.33
-3.0
-4.0
4.67
1.67
4.33
-2.0
-0.33
1.0
-0.33
0.67
-2.33
4.0
-3.67
4.33
1.0
1.33
2.0
-1.0
-2.67
2.0
-0.67
2.67
3.0
4.33
-3.0
5.0
2.67
-1.67
1.67
-3.67
-2.67
-3.0
-3.0
2.67
4.67
3.33
0.33
-3.0
1.33
-1.0
5.33
10.67
-2.33
-0.67
-0.33
1.67
-1.33
-1.0
3.67
-1.0
1.67
-2.33
1.0
1.33
-2.0
2.67
-2.33
6.33
8.0
-0.33
2.67
0.33
-1.0
4.67
-5.0
6.0
1.0
-2.0
-3.67
-0.67
2.33
-1.33
1.33
7.33
-2.0
-0.33
2.0
-0.33
-3.67
-0.67
1.33
-4.0
8.0
8.0
-0.33
-3.33
-4.33
-3.0
-0.67
-3.33
0.0
-0.67
3.33
0.67
-0.33
0.67
-2.0
1.33
4.67
2.67
-4.33
-1.33
-3.67
-1.33
5.67
5.33
2.33
1.67
-0.33
4.33
5.0
-4.67
-3.0
6.33
-2.33
-0.67
5.0
1.33
3.67
-0.33
-3.0
4.33
4.33
-0.67
4.33
5.33
11.33
3.67
4.33
4.67
-2.33
6.33
2.0
6.67
7.0
7.33
10.33
12.33
18.67
23.0
14.33
17.0
16.0
26.67
35.33
27.33
24.0
27.67
14.33
35.33
19.33
28.0
30.67
31.67
23.33
13.33
21.33
6.33
3.33
18.33
1.67
11.33
-0.67
2.33
2.67
-2.0
6.67
9.67
2.67
5.33
8.0
8.67
1.0
3.33
3.67
11.0
-2.0
-0.67
7.0
-2.33
3.33
7.33
0.33
6.33
4.67
0.33
5.0
1.67
5.33
3.0
-2.33
-2.0
2.67
12.67
5.0
7.33
1.0
3.67
3.33
8.67
4.33
6.0
9.67
-0.33
2.33
-1.67
1.0
1.67
-0.33
6.67
0.33
-4.0
1.0
4.33
-2.33
0.33
1.33
7.67
3.0
3.0
2.33
1.33
3.33
6.67
7.0
10.67
11.33
2.0
-0.33
-1.0
6.0
6.33
2.33
4.0
8.67
3.0
0.33
7.67
2.67
2.67
1.0
2.33
13.0
4.0
-3.33
6.0
7.67
4.0
-0.67
5.0
-2.0
-4.0
3.33
7.67
-1.67
9.67
-0.67
10.67
0.33
2.0
9.0
6.0
5.67
9.33
14.67
6.67
2.67
-5.67
13.0
6.33
0.0
8.0
-2.33
2.33
5.0
2.67
-0.33
7.33
10.33
5.33
5.0
9.0
3.33
9.67
0.67
4.0
-3.33
4.67
10.33
-3.0
7.0
-1.0
7.0
-2.33
1.33
0.33
2.67
7.0
11.33
3.67
-2.33
0.67
2.33
4.67
0.67
10.33
1.33
8.33
4.67
3.0
8.67
8.0
-2.0
8.0
5.0
-1.33
3.0
8.0
4.67
1.67
4.0
5.67
2.33
3.33
13.0
4.0
6.67
7.0
-0.33
1.33
3.67
7.0
10.0
2.33
3.0
8.0
2.33
4.0
2.0
10.0
10.0
5.0
9.0
1.67
14.33
8.33
5.0
4.33
4.33
5.0
10.0
-1.33
6.67
1.33
8.0
12.67
8.67
28.0
8.0
16.33
16.33
12.33
17.33
19.33
16.0
17.0
22.0
21.33
22.33
21.0
15.33
19.67
24.33
15.0
31.0
23.0
17.67
14.33
10.33
19.33
11.0
15.0
16.67
16.67
3.0
10.33
7.33
12.67
14.67
6.67
-2.67
9.33
11.67
6.0
4.67
4.33
7.67
7.33
4.33
15.33
20.67
2.67
12.67
5.33
7.0
3.33
5.0
7.0
-2.67
-2.33
6.33
11.33
14.67
11.67
5.67
9.33
1.67
5.67
6.33
10.0
16.67
13.67
6.67
8.33
7.0
4.33
9.67
22.33
5.33
7.33
2.67
3.0
8.0
8.67
10.33
-2.33
15.67
-1.67
8.0
10.33
15.33
-2.67
13.67
10.0
7.67
10.0
2.33
10.33
15.0
7.0
7.0
10.0
13.67
7.0
-1.0
9.0
12.33
5.0
2.67
6.0
11.67
4.33
7.0
8.67
7.67
22.33
3.67
10.0
4.67
5.33
11.33
8.33
14.0
0.33
16.0
9.67
8.33
12.67
8.67
6.33
14.33
8.0
17.33
12.33
15.0
4.67
17.0
2.33
5.67
11.67
6.33
14.0
7.67
10.67
1.67
13.67
1.67
9.67
7.67
1.33
6.0
12.0
2.67
6.67
14.33
9.33
11.33
7.33
21.0
9.67
24.33
14.0
8.33
8.0
4.67
7.0
16.67
11.0
14.67
-8.33
-5.33
14.33
11.0
13.0
7.0
9.33
1.33
4.0
8.0
14.33
10.67
1.0
8.67
9.67
1.67
14.33
9.33
3.33
6.0
2.0
6.33
9.67
9.33
4.33
7.0
17.67
11.0
8.33
4.67
6.0
21.67
10.0
5.0
5.0
4.67
14.33
11.33
17.0
8.33
6.33
9.33
7.67
3.33
17.67
12.33
18.67
19.0
1.33
8.0
14.67
10.67
15.0
10.0
8.33
9.0
10.0
11.0
15.67
10.0
16.67
10.33
21.33
14.33
9.33
13.33
12.33
8.67
6.33
21.67
13.67
12.0
0.33
21.0
12.33
6.33
5.0
10.0
10.0
13.33
15.67
1.0
13.0
12.33
15.0
14.0
3.33
16.33
9.0
15.0
26.33
15.33
19.0
11.33
13.0
9.67
23.67
15.33
11.0
17.0
13.67
21.33
26.67
18.67
11.67
30.33
23.67
14.67
18.33
33.0
25.33
24.33
21.33
37.0
22.67
29.67
45.0
38.0
46.67
45.67
39.0
52.0
68.33
71.33
76.0
70.33
74.0
112.33
86.33
93.0
89.67
83.67
82.33
82.0
80.67
101.0
99.33
65.67
95.0
83.0
68.33
85.67
64.67
75.0
50.0
61.0
47.0
41.33
47.33
29.33
25.0
14.67
30.67
24.33
13.33
19.67
7.67
18.0
22.33
16.67
21.0
-3.67
17.33
10.33
1.67
3.0
19.67
10.0
11.33
15.0
5.33
1.33
4.33
17.0
18.67
3.67
7.33
4.33
-2.0
11.0
15.0
5.67
20.0
20.67
10.67
4.0
10.67
9.33
4.0
19.33
15.0
13.0
34.0
4.33
8.33
10.0
12.0
20.67
24.67
20.0
6.0
10.67
8.33
15.67
29.0
16.67
17.67
16.67
3.33
14.33
-1.0
1.33
12.0
5.0
-5.0
3.33
7.33
13.0
8.33
-3.67
7.0
14.67
9.33
14.0
16.67
17.0
17.0
11.33
13.67
7.33
17.67
4.33
11.33
10.67
20.33
-1.0
16.33
-0.33
16.33
9.33
11.33
14.67
16.67
13.67
6.0
-3.0
8.67
15.33
18.0
5.67
5.33
0.33
-0.33
17.67
17.33
6.67
8.33
16.33
10.67
8.0
7.0
6.33
7.0
-3.67
10.0
18.0
0.0
-0.33
4.67
12.0
8.33
7.0
-4.33
4.33
9.33
10.33
7.67
6.0
6.33
5.0
4.33
8.33
7.67
-3.33
10.67
15.67
16.0
-5.33
6.33
-2.33
8.33
1.0
4.33
11.33
4.0
-10.33
9.67
7.33
12.33
-2.0
15.0
-1.0
10.33
20.33
11.0
15.33
5.67
5.0
1.33
14.67
17.0
9.67
13.33
16.67
6.0
13.67
2.0
21.67
30.33
6.33
12.67
8.67
22.67
34.0
25.33
20.67
11.33
12.33
8.67
25.0
28.33
24.33
39.33
22.67
21.33
26.33
28.0
28.33
32.33
37.33
24.33
19.0
24.33
24.67
25.0
27.67
30.33
37.33
17.67
12.67
8.0
12.67
10.0
17.0
23.67
15.67
3.0
13.67
7.0
19.33
19.0
5.67
-4.0
-4.67
22.67
1.67
16.67
21.67
4.0
12.0
13.0
6.0
11.67
6.67
1.33
-0.33
3.33
19.0
7.0
1.0
8.0
6.0
12.0
8.33
3.0
4.33
13.67
6.67
11.67
4.33
-9.67
11.33
11.0
14.67
18.67
5.67
9.33
2.0
1.0
11.33
9.33
4.0
8.33
-3.0
19.33
8.0
2.33
4.33
3.0
4.33
16.67
10.0
11.33
8.0
12.67
15.67
13.33
9.0
4.0
19.67
1.0
3.67
-12.67
3.67
-3.33
20.0
6.0
15.67
7.0
4.67
4.33
17.33
7.0
3.0
-7.67
8.0
-0.67
16.0
16.0
6.67
12.67
0.33
-0.33
13.0
5.67
3.0
-0.67
3.0
17.0
6.0
2.33
7.0
3.67
0.0
15.33
3.0
3.0
6.33
12.33
3.67
9.33
9.67
4.33
-11.0
-9.67
1.67
12.0
1.33
18.67
6.33
3.67
4.0
11.67
-2.67
7.67
15.0
-6.33
15.33
-0.67
-2.67
1.67
9.0
0.0
5.33
7.0
13.67
4.0
-3.33
-7.0
13.33
14.33
15.33
11.33
-3.33
2.33
-2.67
-2.0
7.67
2.0
5.0
5.67
11.0
3.0
4.67
-5.0
3.67
11.0
7.33
0.0
4.0
0.67
3.0
7.67
5.33
6.0
2.0
3.33
-2.0
-4.33
-2.0
-3.33
-1.33
1.0
13.0
-2.67
11.0
6.33
3.33
-3.33
-12.67
-3.33
12.33
11.33
11.67
4.0
2.67
1.0
3.33
9.67
14.33
12.33
12.67
10.33
1.0
0.67
16.33
8.0
7.67
16.33
6.0
13.67
11.67
7.33
5.67
11.67
1.0
10.67
8.67
10.33
8.33
8.0
9.0
8.0
30.33
2.33
11.67
1.67
10.67
5.67
12.0
3.67
7.0
8.0
7.67
10.67
8.0
18.67
8.67
5.33
12.0
12.0
5.67
9.0
3.67
5.67
6.67
-1.0
5.33
4.0
6.33
1.0
5.67
2.33
4.33
-5.33
2.33
5.33
1.0
5.67
16.67
4.33
2.67
-1.67
4.33
-3.67
-0.67
12.67
3.67
6.33
-0.67
-1.67
-0.67
2.67
-4.0
4.33
4.0
1.33
-1.33
18.67
14.33
11.67
5.0
-4.0
5.33
4.33
3.0
2.33
5.0
-1.33
6.0
5.33
4.0
-0.33
1.33
11.33
2.67
3.67
3.0
0.0
7.67
-2.0
0.0
5.0
6.0
0.67
-7.33
7.33
2.0
0.33
6.33
1.0
-1.67
2.33
0.33
-2.0
9.33
7.0
10.67
4.0
0.33
10.33
2.0
-1.0
3.33
5.0
12.33
9.0
0.33
7.67
11.33
2.67
3.0
10.33
7.33
8.67
4.67
-2.67
1.67
7.0
-3.67
-3.67
4.33
7.67
6.0
-5.33
-3.0
8.67
-2.67
6.0
0.33
5.33
0.33
-2.67
-8.33
2.33
0.33
-2.0
-2.0
-7.0
3.67
3.67
4.33
2.67
2.67
-0.33
3.67
3.0
14.67
5.67
4.33
-4.0
4.67
5.33
8.0
1.0
10.0
8.0
2.67
5.0
8.67
-2.0
7.67
3.33
1.33
6.67
-1.67
6.33
-1.67
-3.0
-8.67
4.67
2.67
1.67
7.0
5.0
3.0
5.33
3.0
3.0
4.0
4.0
5.33
4.33
-3.0
12.33
-3.67
5.67
0.0
4.67
-2.67
-2.0
5.0
0.33
-0.33
-0.33
-3.0
0.0
-5.67
1.0
2.0
-2.0
1.33
-4.0
5.33
-1.0
3.33
4.67
2.0
6.67
-0.67
-1.33
2.0
1.33
-6.0
5.67
1.67
4.67
1.0
2.0
0.33
3.33
0.0
2.0
2.33
-2.0
5.33
7.67
5.67
8.33
2.67
2.33
3.67
-2.0
-3.33
6.0
4.33
4.0
0.67
4.0
4.67
6.67
0.0
-6.33
-4.67
-2.67
-3.67
4.0
-0.33
4.0
-3.0
1.33
1.33
0.33
0.0
-1.0
-0.67
1.33
4.0
1.0
6.0
6.0
2.67
3.0
1.0
-4.0
6.0
-2.33
-2.33
-0.67
-2.33
3.0
1.67
4.67
0.0
8.0
-4.67
3.67
2.0
4.67
4.67
1.67
6.67
3.33
1.0
-5.33
0.33
1.67
-0.67
5.67
2.33
0.33
3.33
5.33
2.0
-2.0
4.0
0.33
5.67
1.33
3.0
-1.33
9.33
0.67
3.67
