0.0
66.33
16.67
40.0
-21.67
-46.67
-4.33
71.0
-1.33
8.33
-39.0
-26.0
24.33
15.0
5.67
-8.33
-58.33
-30.67
-30.67
15.0
-20.33
-8.67
-8.67
-24.0
13.33
-10.33
11.0
17.0
-8.67
-2.0
5.67
10.0
0.33
-1.67
6.33
-1.67
-1.67
0.33
-1.33
0.67
2.33
-0.67
1.67
-0.33
0.0
-1.0
0.0
1.0
-0.33
0.67
-0.33
0.0
-0.67
-0.67
1.67
-1.0
1.0
1.0
0.0
-0.33
0.0
1.0
-0.67
-0.33
0.0
-0.67
0.0
-0.33
1.0
1.0
0.0
-0.67
-0.67
0.67
1.0
1.67
-1.0
1.0
-0.33
-0.33
-0.67
-0.33
0.0
-0.33
0.0
0.67
0.0
-1.0
0.67
0.33
0.0
0.67
-0.33
0.0
0.0
3.0
-0.67
2.33
-1.0
2.0
1.0
-0.33
1.67
0.0
-1.33
-1.0
-1.0
-0.33
1.33
1.0
-1.0
1.33
-1.0
-1.0
3.33
1.0
-1.33
-0.33
-1.0
-0.67
0.33
1.67
2.0
4.0
3.0
0.0
2.33
-0.67
4.0
-0.67
0.33
-1.0
2.67
3.0
2.0
0.67
2.33
2.67
-0.67
0.0
6.0
1.33
1.33
-0.33
-0.33
3.33
1.0
8.67
9.0
7.0
0.0
4.0
0.0
10.67
10.0
3.33
-1.67
-1.0
-0.67
0.67
10.67
1.67
-2.0
-3.0
9.67
10.67
1.33
4.67
-2.0
0.67
-4.33
2.0
7.67
-3.0
2.33
2.33
1.33
0.0
1.0
-1.67
-5.0
-4.33
1.33
3.67
6.33
1.0
5.0
2.67
4.33
4.33
13.67
3.33
0.67
-0.67
5.67
-2.0
4.0
3.0
-1.33
-1.0
-4.33
4.0
4.67
2.33
-3.67
0.0
4.33
2.67
1.67
3.33
3.0
-1.33
-3.0
4.33
0.67
2.33
5.0
3.0
2.0
7.67
-2.67
-3.67
-2.0
2.33
-5.33
2.0
7.33
1.33
3.67
0.67
4.0
8.0
10.0
2.0
2.67
3.0
5.33
-1.0
-3.0
2.33
1.67
-2.0
0.0
7.33
1.67
6.33
4.0
12.67
4.33
-6.0
0.33
2.33
10.33
4.67
-1.33
3.0
6.33
0.67
4.33
6.33
-3.33
0.33
7.33
0.0
4.33
3.33
-1.33
8.0
6.33
10.33
12.0
-2.0
2.0
3.33
8.67
1.0
7.0
11.67
9.0
-2.67
0.0
-4.33
6.33
5.67
-0.33
6.33
-2.0
4.33
-2.67
5.67
1.33
-0.33
6.67
-0.67
-4.67
2.33
9.67
4.0
6.33
1.67
5.0
2.67
3.67
7.33
5.0
4.0
0.67
0.0
-0.67
5.33
5.0
8.33
8.0
0.67
3.33
4.67
2.0
7.0
3.67
5.33
5.33
1.0
8.0
4.0
2.0
4.0
-0.67
2.67
0.33
-4.0
3.0
1.33
-2.67
4.33
0.33
1.0
1.33
1.33
-0.67
7.33
-1.0
0.67
-3.0
5.0
3.33
-1.33
-0.33
3.67
9.0
-6.0
0.0
2.0
3.0
8.33
-3.0
-2.33
2.67
3.33
-2.0
5.0
2.67
0.33
5.0
-5.33
4.0
9.0
0.0
1.33
-0.33
5.33
-2.33
-1.33
4.67
4.67
0.67
6.67
4.0
-0.33
-1.0
4.67
0.0
2.0
-1.0
1.67
-1.0
0.67
6.33
3.67
-2.0
6.0
-2.33
-3.0
2.33
-0.33
5.0
0.33
2.33
5.0
7.0
0.0
-2.33
1.67
-1.67
9.67
2.67
12.0
-0.33
1.67
3.67
0.67
5.0
0.33
0.0
0.33
3.67
1.33
-3.67
-2.0
3.0
3.67
-1.0
0.67
4.0
0.33
-1.33
-0.67
-4.0
2.33
2.67
3.67
3.0
2.33
6.33
2.67
-1.33
-2.0
3.0
2.33
3.0
0.67
3.67
-5.0
3.0
-3.67
4.0
2.67
-3.33
3.0
-0.33
0.33
0.67
0.0
3.0
4.67
1.33
8.67
3.33
-3.67
9.0
6.33
0.0
1.67
-1.67
-2.0
4.67
5.67
1.0
2.67
0.67
3.0
1.67
3.33
1.0
1.67
-1.67
4.0
1.67
3.67
-1.33
0.0
2.33
1.0
1.33
-0.67
-1.67
1.67
1.0
-3.0
-0.67
-3.67
6.0
5.0
-6.0
0.33
3.67
2.33
4.33
-1.67
5.0
-5.33
2.67
-1.67
0.0
3.67
-1.0
3.33
3.33
1.0
-1.0
2.0
2.0
6.33
-0.33
0.67
-2.67
-1.33
-0.33
0.0
7.33
1.0
2.67
0.33
2.67
0.67
-1.67
3.0
-1.67
0.0
3.33
-4.0
-0.67
-3.33
0.33
-0.67
-3.0
4.67
2.0
3.67
8.0
0.67
4.67
4.0
2.0
4.33
0.67
1.67
2.67
2.33
0.33
4.33
2.0
-1.0
0.0
0.0
0.0
-0.67
-4.0
-0.33
4.33
0.67
-6.0
4.33
0.33
-3.0
-5.33
-1.67
0.67
-3.0
1.67
-0.33
2.33
-0.67
6.0
0.0
-1.0
-3.67
-0.67
-0.33
-3.33
-3.67
-2.33
-0.67
-0.33
1.67
2.33
4.33
2.0
-1.0
0.0
4.33
1.67
-2.0
3.0
4.0
-0.33
2.67
2.0
0.67
0.67
3.33
3.67
4.33
-1.33
-1.33
-2.67
0.0
1.0
-1.33
-4.33
1.67
2.67
2.33
-0.33
-2.33
2.0
-4.67
4.33
0.67
3.67
0.67
1.33
-0.33
-4.0
4.0
-1.67
-3.0
-3.67
0.0
2.33
1.33
-0.67
5.0
5.67
-0.33
0.33
5.67
0.0
5.67
1.0
-1.0
-1.67
5.67
-0.67
-1.33
-4.0
2.33
2.33
-1.0
1.0
-1.0
-1.0
2.67
0.67
1.67
-3.67
2.67
2.33
-1.67
2.0
-1.33
7.67
-1.33
-5.33
2.0
-0.33
-2.0
-5.0
1.67
2.67
3.33
4.0
-2.33
-1.0
1.67
0.67
3.67
6.0
2.33
4.33
2.0
1.33
2.0
1.0
-2.67
4.0
0.33
-1.33
3.0
2.33
-2.0
5.0
-3.33
-0.67
2.67
-2.67
-1.67
-4.0
-2.0
3.67
-1.33
3.33
1.33
-4.0
-0.67
-3.0
5.33
4.67
5.67
0.33
7.67
3.67
-0.33
9.0
3.67
2.0
-1.33
-5.33
4.0
-1.67
1.0
-1.33
-2.33
-2.67
-6.0
2.67
0.67
-0.67
1.0
1.67
-2.0
-2.0
0.0
-1.0
1.33
0.33
-3.67
-4.33
0.33
1.33
-6.0
-1.33
1.0
3.67
-1.67
-6.67
4.33
6.0
-5.0
5.0
-2.33
1.67
-3.33
6.0
-4.67
-1.33
3.0
-3.67
2.33
1.67
1.67
-1.33
0.0
2.33
3.67
-0.33
-3.33
2.67
-0.67
7.67
5.67
3.33
1.33
2.67
1.67
1.33
9.0
-2.67
2.0
2.33
5.67
0.33
6.0
2.33
10.67
6.67
4.0
1.33
0.33
3.33
5.33
4.33
5.33
1.67
3.33
1.67
5.67
4.33
2.0
3.67
18.0
7.33
7.33
10.33
19.67
23.0
14.33
20.0
14.0
29.67
18.33
25.33
21.0
22.67
21.33
25.33
34.33
23.0
23.67
15.67
23.33
17.33
34.33
13.33
11.33
9.33
16.67
12.33
3.33
13.33
-0.33
5.0
-0.33
15.67
4.67
6.33
6.0
7.67
-1.0
7.33
-2.33
4.0
6.0
4.33
-2.0
4.67
1.33
6.33
-2.67
5.33
9.67
5.33
4.0
1.67
4.33
2.0
7.67
-1.0
2.67
3.67
2.0
3.33
5.0
-1.33
-3.67
4.67
-2.67
7.0
0.67
10.67
5.33
2.33
4.0
9.67
-3.33
4.67
6.33
-5.0
4.0
-2.67
-4.33
-0.67
-3.67
4.67
-6.0
-1.0
3.33
3.33
-0.67
1.67
10.0
2.67
11.33
6.0
6.67
2.0
4.0
1.33
3.33
6.0
4.67
1.0
6.33
-2.33
1.67
0.67
2.0
-1.67
9.0
9.0
-5.33
5.0
10.67
2.0
3.33
6.0
9.0
1.0
-4.67
8.67
9.33
8.67
8.33
2.67
-2.67
4.0
5.0
6.0
6.67
7.33
5.67
11.67
-4.33
8.33
9.0
3.33
6.0
3.0
3.67
-2.67
13.0
5.67
13.67
2.33
12.33
2.33
3.0
2.0
2.33
2.67
-0.33
3.0
4.67
11.67
-1.67
7.0
6.0
-2.0
9.0
8.67
3.33
13.33
-1.33
8.0
-1.67
8.67
5.67
3.67
-4.67
9.67
0.67
5.33
6.33
5.33
4.67
9.0
6.67
3.0
5.0
6.0
6.0
1.67
8.0
5.0
3.67
-3.33
10.0
5.67
-2.67
10.33
6.0
5.0
2.67
8.0
10.67
0.33
7.67
10.0
0.0
6.33
5.0
7.0
2.33
3.0
0.0
3.0
7.0
4.0
14.0
5.67
5.33
4.33
6.0
2.33
0.33
11.0
19.0
6.67
8.67
4.33
7.0
10.67
15.67
13.0
15.0
8.33
20.33
17.33
13.33
20.33
13.0
9.0
28.0
9.33
28.33
29.0
18.33
14.67
17.33
13.0
12.0
17.0
16.67
13.33
24.33
21.33
19.0
19.0
16.67
9.67
5.0
8.33
9.33
7.67
4.67
16.67
7.33
3.33
10.67
10.0
7.67
7.33
6.67
12.33
14.33
13.33
-3.33
6.67
1.67
7.33
7.0
9.33
-6.0
18.0
2.33
8.67
11.33
-0.67
3.67
9.67
0.67
10.33
0.67
4.67
-1.67
10.0
10.67
15.67
10.67
14.33
-1.0
3.33
4.67
6.33
4.33
12.33
9.67
3.0
5.0
7.67
11.33
5.67
8.67
5.33
-2.0
-0.67
4.33
-0.67
12.67
-1.0
6.67
9.0
0.33
5.33
9.0
5.0
6.0
11.0
7.67
8.0
11.0
6.0
6.33
8.0
1.67
0.0
8.67
8.33
9.0
2.67
16.67
3.33
11.67
7.0
6.67
3.33
0.33
6.33
3.0
0.33
19.0
12.67
5.33
1.67
-1.33
16.33
12.33
14.0
12.33
11.33
8.0
13.67
12.0
-3.67
2.67
0.67
6.33
14.0
8.67
12.67
5.67
8.67
5.67
-1.33
12.67
15.33
12.0
15.0
4.67
9.67
10.33
6.33
5.33
9.33
9.0
7.67
10.33
10.0
4.33
13.0
7.67
-2.0
14.67
7.0
16.67
-7.33
3.67
18.33
8.0
0.0
12.0
6.33
1.33
13.0
12.0
20.33
5.67
17.0
2.67
10.67
-4.33
10.33
1.33
7.33
8.0
8.0
5.33
11.67
6.33
3.33
11.0
8.67
4.0
11.33
12.67
7.0
5.67
9.0
0.0
14.0
8.67
-1.67
7.33
14.0
14.33
12.33
0.33
18.67
10.33
13.67
8.33
9.67
14.0
14.33
10.0
8.67
9.67
16.0
11.0
9.33
5.0
13.0
15.0
10.67
9.0
23.67
6.33
14.33
12.33
10.33
12.33
3.33
11.67
6.33
11.67
12.67
7.0
18.33
8.0
11.33
17.33
7.0
5.0
9.0
8.33
17.67
2.0
14.0
11.33
11.0
17.0
20.33
13.33
8.0
25.0
16.33
17.33
21.0
11.33
11.0
20.67
18.67
18.33
15.0
8.0
21.67
21.33
23.67
35.67
12.67
28.33
14.67
20.67
35.33
29.0
26.33
41.33
15.33
9.0
26.67
33.67
40.0
39.0
26.67
53.67
63.0
62.0
58.33
76.33
81.0
83.33
88.0
97.33
107.33
99.0
97.67
108.67
113.33
105.0
95.67
96.0
82.33
115.67
89.0
102.0
75.33
75.67
69.67
66.0
64.0
63.0
57.0
29.33
25.33
26.33
30.0
29.67
30.67
22.33
20.33
22.67
3.67
11.0
16.33
20.67
30.0
6.33
17.33
13.33
3.67
12.0
1.67
3.0
10.33
18.0
10.33
8.33
7.33
15.0
10.67
8.67
2.33
4.33
4.0
20.0
9.0
2.67
9.0
3.67
13.67
18.0
10.67
15.33
10.0
14.33
1.0
19.0
11.0
4.33
1.33
14.0
13.0
7.67
24.67
8.0
8.0
12.67
25.33
4.67
27.0
4.67
15.67
6.67
-2.67
15.33
5.0
3.33
16.0
12.0
11.0
13.33
21.33
25.0
6.33
3.33
2.0
21.67
6.33
9.0
9.67
13.0
13.0
16.33
16.67
9.33
8.67
17.33
17.33
5.67
11.33
5.0
15.33
8.67
11.33
17.33
7.33
2.67
15.67
8.67
22.0
9.0
13.67
10.33
11.0
1.67
-1.67
3.33
6.67
16.67
12.33
-5.33
14.33
4.33
4.67
3.0
18.0
8.33
6.0
10.33
9.0
10.0
5.0
13.67
22.67
24.0
5.33
11.0
9.67
10.33
12.33
7.33
0.67
14.0
4.33
6.0
7.33
5.33
-3.33
-1.33
15.67
1.67
2.0
-7.33
7.33
-9.33
-2.67
5.0
13.33
12.33
9.0
8.67
2.67
17.33
5.33
4.0
4.0
11.0
7.33
22.33
12.0
0.33
1.67
6.0
19.33
16.67
7.0
12.67
10.33
3.67
-1.0
12.67
-2.0
20.67
3.33
19.33
10.67
18.67
18.67
15.0
29.33
24.67
18.33
23.33
12.67
24.0
41.33
32.33
29.33
23.67
31.33
47.33
37.0
32.33
19.33
27.33
31.33
29.0
29.33
32.67
21.0
31.67
29.33
27.33
11.67
12.67
10.0
7.67
22.0
4.0
13.67
20.67
10.0
8.67
15.0
19.33
1.0
9.67
3.0
1.33
8.67
5.67
1.67
6.67
4.0
3.0
2.0
10.0
4.67
3.67
1.33
11.67
10.33
3.0
5.0
0.0
6.0
2.0
19.0
1.33
11.0
5.33
7.67
3.67
15.67
8.33
-0.67
1.33
3.0
17.67
9.67
0.67
6.33
1.0
2.0
2.33
18.33
8.0
8.33
-3.0
12.33
1.0
6.33
9.33
0.0
8.33
8.67
17.0
2.33
2.0
14.67
15.67
13.33
16.0
10.0
7.67
21.0
7.67
-2.67
7.67
-2.33
19.0
7.0
4.67
4.0
-3.33
18.33
9.33
-1.0
-4.0
1.33
12.0
8.33
6.0
0.0
-5.33
14.67
6.33
6.67
11.0
-6.33
0.0
-10.67
7.0
0.0
-2.0
6.33
5.0
2.67
6.0
1.33
20.0
8.0
2.33
2.33
10.67
1.33
11.67
7.33
-1.0
-2.67
12.67
1.0
11.33
7.67
2.33
-0.33
7.0
18.67
12.33
10.67
14.0
-1.33
10.33
-3.67
7.33
3.67
17.0
-2.0
15.33
4.0
3.67
-4.0
7.67
-8.0
0.33
0.33
14.33
4.33
-2.33
6.33
1.33
-5.0
-2.33
1.0
11.0
10.67
6.0
14.0
1.67
5.0
1.67
3.0
0.33
-2.0
5.0
3.67
2.0
0.67
1.33
-3.0
-1.0
7.33
3.0
-4.33
0.0
7.67
-2.33
4.0
3.0
3.33
9.0
-0.67
10.33
-1.33
-4.67
0.67
1.33
9.33
7.67
2.0
-4.33
0.0
-4.67
4.67
-7.67
7.33
8.67
-1.67
5.0
2.67
2.33
-5.0
9.67
8.33
4.0
1.67
11.67
2.33
8.67
0.67
3.0
4.67
4.67
-6.67
5.33
14.0
17.0
1.0
10.33
4.33
1.67
12.67
-0.33
6.67
1.0
10.67
9.0
5.0
2.67
9.67
8.0
3.67
1.67
8.33
12.0
14.0
-0.33
2.0
9.67
-1.33
11.67
10.0
10.33
-8.0
0.33
-3.0
1.67
6.33
2.33
-2.33
3.33
-2.67
7.0
4.67
-3.33
3.33
5.67
2.33
0.33
5.33
9.33
0.67
1.67
-2.67
8.33
7.33
-1.67
3.67
-8.0
1.33
4.0
4.33
0.67
4.67
8.33
8.67
-1.0
2.0
-3.67
9.33
7.0
0.33
4.0
0.67
-1.0
10.33
-2.0
5.67
-2.67
-0.67
5.67
4.67
7.0
5.0
1.67
4.0
-3.0
2.0
6.0
-3.33
6.67
5.33
16.0
-3.67
-0.67
5.0
1.33
7.33
-2.67
4.0
0.33
3.0
5.67
6.0
-0.67
2.33
7.0
-2.0
2.33
4.0
3.33
5.0
0.33
3.67
11.33
-0.33
-1.0
3.33
1.33
-4.33
-1.33
0.33
-4.33
-1.0
1.33
8.33
-2.67
-7.33
3.0
5.67
-2.0
3.67
-1.67
-4.0
11.33
2.33
-3.67
-4.67
-7.33
6.33
3.33
-1.0
3.0
-4.0
0.67
13.67
-6.67
2.67
0.67
4.67
-0.33
2.0
0.67
-7.33
7.33
1.0
7.67
4.33
9.0
5.0
4.0
-2.0
0.67
6.0
8.67
9.0
12.67
3.33
-0.67
4.67
-0.67
3.33
0.33
-4.0
-4.67
9.67
2.67
6.67
6.0
9.0
-2.0
5.33
0.0
4.0
5.0
1.0
1.33
-1.67
1.0
7.33
-1.67
-0.33
6.0
-0.33
0.33
2.0
6.0
-0.67
-2.33
2.67
2.0
2.0
-5.67
6.0
-8.0
6.0
-1.67
0.0
5.33
0.0
1.33
-5.33
3.0
0.67
-2.67
2.67
4.0
3.33
-1.0
-3.33
1.67
-6.33
4.0
5.0
0.33
-0.67
-3.0
7.0
0.33
-2.0
3.33
-1.33
4.67
1.33
-6.33
-2.67
3.67
-2.0
4.67
0.0
-4.67
4.0
3.67
-3.0
2.67
6.67
0.0
-2.33
1.33
-1.67
-2.67
-2.0
-6.33
6.0
-3.0
-1.67
-1.67
2.33
-5.0
3.0
-5.67
-1.67
-2.0
-3.0
-2.0
1.0
5.67
3.0
-1.0
-3.0
0.0
-0.33
-0.33
-0.67
-3.33
3.0
-5.33
-1.33
5.0
-2.0
0.33
0.67
5.0
-1.33
3.67
5.67
2.67
-2.67
4.0
-1.33
-3.67
5.67
-1.67
4.67
1.33
-3.67
7.33
1.33
-1.0
-2.0
-1.0
-0.67
-0.33
1.33
-4.0
-4.33
-4.67
6.67
-0.33
