0.0
-49.67
54.67
87.0
75.33
-31.67
-41.33
121.0
60.67
67.33
127.0
62.0
21.33
76.0
2.67
46.67
-62.33
1.33
33.33
21.0
4.67
-6.67
-36.67
7.0
-11.67
-6.33
10.0
-2.0
-4.67
2.0
5.67
2.0
3.33
-4.67
-1.67
-0.67
-3.67
-1.67
1.67
2.67
-0.67
0.33
0.67
-0.33
2.0
0.0
0.0
0.0
-0.33
-0.33
0.67
1.0
-0.67
-0.67
-0.33
0.0
0.0
0.0
1.0
1.67
0.0
0.0
0.33
1.67
1.0
-0.67
0.0
0.67
0.0
0.0
0.0
0.33
-0.67
0.67
2.0
-0.33
-1.0
1.0
-0.33
-0.33
-0.67
-0.33
1.0
-0.33
1.0
-0.33
0.0
-1.0
-0.33
1.33
0.0
0.67
-1.33
0.0
0.0
0.0
-0.67
-0.67
1.0
1.0
2.0
-1.33
1.67
0.0
-1.33
2.0
-3.0
1.67
1.33
-2.0
1.0
1.33
3.0
2.0
-2.67
0.0
-1.33
0.67
-3.0
-2.67
-2.67
2.67
2.0
2.0
3.0
-1.0
-0.67
0.33
3.0
-0.67
-2.67
-2.0
0.67
4.0
1.0
-4.33
2.33
-2.33
0.33
-5.0
1.0
-0.67
-3.67
-5.33
2.67
0.33
-3.0
3.67
0.0
8.0
-6.0
2.0
3.0
3.67
-2.0
3.33
-3.67
6.0
3.33
5.67
0.67
6.67
-4.0
-3.0
3.67
3.67
8.33
-2.33
-1.0
-0.33
4.67
0.0
4.67
-1.0
7.33
3.33
6.33
1.0
4.0
7.33
12.0
-4.33
6.33
3.67
1.33
-2.0
2.0
3.67
3.33
0.33
3.67
-0.67
8.67
5.33
2.67
0.0
5.0
2.0
-2.33
8.0
-8.33
7.0
-1.33
-4.67
-0.67
-2.0
4.33
1.67
3.67
-0.67
3.0
1.67
5.0
5.33
4.67
2.33
6.0
-1.0
2.0
-0.33
-2.67
2.33
12.0
-1.67
1.67
-4.0
2.33
4.33
3.67
0.67
0.0
4.0
0.0
4.0
2.67
1.0
1.33
3.0
1.0
2.33
1.67
5.0
0.0
7.33
2.67
7.33
5.0
2.67
1.33
4.0
-3.67
6.33
10.33
0.67
-1.33
-1.0
4.33
5.67
-1.67
2.33
-4.33
0.33
4.33
-7.0
7.33
2.33
0.67
7.0
0.33
5.33
1.0
5.0
4.0
3.33
0.67
0.0
-6.0
5.67
2.0
1.33
-5.0
-4.33
2.33
0.67
-0.33
2.33
-4.0
-2.67
0.33
-1.33
-0.67
-1.33
0.67
1.33
2.33
0.33
3.67
3.0
3.33
-2.33
5.0
2.67
0.67
-0.67
4.0
4.0
-3.33
-2.0
3.33
5.33
-1.0
5.33
9.0
-1.33
4.33
-4.33
9.0
7.0
7.67
6.33
0.33
-2.0
6.0
5.0
-3.0
-2.0
-1.67
2.67
-2.67
-3.0
-1.0
-2.67
1.33
7.33
-0.67
2.0
-5.67
4.33
6.33
4.33
-2.0
6.67
-1.0
1.0
0.33
8.67
3.67
1.67
4.0
1.0
2.0
-1.0
1.0
-0.67
4.0
5.67
6.67
4.33
-3.0
-4.0
0.67
0.33
-1.0
3.67
2.0
0.0
5.0
6.33
0.67
1.33
2.67
5.67
5.67
0.67
-3.33
2.67
7.0
-1.33
-2.0
-0.33
-5.0
4.0
1.0
-4.33
2.0
-0.33
-2.67
6.67
-3.0
4.0
2.67
4.0
-0.67
0.67
3.0
1.33
2.33
-1.0
4.0
-5.0
1.67
6.67
-3.67
6.67
0.67
0.0
-4.33
5.67
2.67
-0.33
1.0
3.33
4.0
4.33
-4.33
0.33
5.33
-2.0
4.0
-2.33
1.0
-3.33
2.0
-0.67
1.67
0.33
1.0
3.33
-3.33
-2.33
4.0
5.33
0.33
2.67
5.67
1.0
5.0
-1.67
8.0
-0.33
2.67
-4.0
2.0
4.33
-2.0
-2.33
5.67
-1.0
4.67
0.33
3.67
2.0
0.0
2.67
-0.67
-0.33
4.33
-0.67
-1.0
7.33
5.0
-2.33
4.33
1.0
2.67
1.67
1.0
-2.33
4.67
-4.0
2.67
6.33
3.0
-0.33
0.33
11.0
1.67
4.67
5.67
-5.0
-0.67
2.0
-0.67
5.33
4.33
2.67
-4.0
4.0
0.33
1.33
0.0
0.0
3.0
3.33
3.67
8.33
2.33
4.33
6.0
-2.33
3.67
1.33
3.0
1.67
3.0
4.33
3.33
7.0
-2.0
-1.0
-1.0
3.33
2.67
0.67
-7.67
-0.33
2.67
-1.0
-0.67
-1.0
0.67
0.33
1.67
-2.33
1.33
-1.0
-1.67
-2.0
3.33
-1.0
2.33
-1.33
-0.67
3.33
-1.0
1.67
6.0
4.67
1.0
5.67
6.67
4.0
-3.0
1.33
4.67
0.67
1.67
-0.67
1.33
0.33
0.0
0.0
-3.0
1.0
3.0
-2.67
-1.0
-2.33
6.33
1.67
-3.0
-0.67
0.33
-1.0
1.67
1.33
-2.33
-1.0
-1.33
-0.33
5.33
2.33
-2.0
0.0
8.0
-3.67
-2.67
3.67
3.67
-2.67
1.67
0.33
-2.33
-2.33
2.33
-2.67
1.0
-2.0
0.0
-2.67
0.67
2.0
0.0
-1.0
-1.33
-0.33
3.0
5.67
-0.33
-2.67
1.67
4.33
3.67
-2.33
3.33
3.0
0.0
2.67
-1.33
3.67
4.67
0.33
-1.33
-0.33
3.0
1.33
4.33
-2.33
-2.33
-0.33
-0.67
-0.33
-1.0
3.0
-0.67
5.0
1.33
0.0
5.33
-2.67
-6.67
-2.0
3.67
-0.33
4.33
-0.33
4.0
1.67
-1.0
-2.0
-0.67
1.67
0.33
2.67
-5.0
2.33
0.33
4.0
1.0
4.0
2.0
1.67
-2.33
-1.33
-0.67
2.67
-2.67
-0.67
4.0
2.67
2.67
2.67
1.67
2.0
-0.33
-2.0
0.0
1.67
0.67
-0.67
2.0
-1.33
4.0
-1.33
-4.33
5.67
1.0
-3.67
0.33
-3.0
0.33
2.0
1.0
-3.67
3.0
2.33
1.67
2.0
5.33
4.0
-3.0
1.67
-2.67
2.67
1.33
-3.67
-2.0
-3.0
-5.33
-0.33
0.33
1.33
-1.0
0.33
-8.0
4.33
0.67
-1.33
5.33
2.67
-0.33
-3.33
7.0
1.67
1.0
2.67
-2.33
2.0
0.33
0.0
-1.33
-0.33
-2.67
-1.0
4.67
-3.33
-4.67
-4.0
4.67
-3.0
1.0
-3.0
-8.0
-2.67
3.33
1.33
5.67
-4.67
5.33
-6.0
-2.33
7.0
2.67
-7.67
1.33
-1.67
-1.0
3.0
-2.0
-1.33
-3.33
-2.33
4.0
4.33
3.67
6.0
2.33
0.33
7.67
3.67
-0.33
-5.0
-0.67
2.67
-4.33
-3.33
-0.33
1.33
1.67
-0.33
3.33
4.33
3.67
-1.33
3.33
2.0
-4.67
8.0
-0.67
-1.33
-0.67
-1.0
9.33
2.67
-0.33
3.0
9.33
-1.67
2.33
5.33
-2.67
3.33
6.67
-0.67
6.67
8.67
2.33
3.0
6.67
8.0
10.33
2.33
11.33
18.67
11.0
8.33
17.0
21.0
21.67
29.33
27.33
33.0
25.67
36.33
22.33
22.33
37.0
26.67
26.67
17.33
17.33
19.33
24.33
9.33
13.33
11.67
10.33
1.33
16.33
7.67
3.0
6.67
9.67
-0.33
9.33
3.0
7.67
4.0
2.33
-2.33
6.0
-4.0
6.33
-3.0
2.67
5.33
3.33
-0.67
14.33
11.67
-2.67
3.0
1.67
7.33
7.0
8.67
-4.0
6.67
6.67
0.0
8.33
11.0
0.67
3.33
-1.33
-2.67
1.0
3.67
-2.33
-1.67
-2.67
2.0
0.67
-2.33
6.67
4.33
2.0
5.0
-1.67
-0.33
2.33
-3.67
2.67
-1.0
3.0
5.33
2.33
-3.67
2.67
2.0
0.67
8.33
-2.0
4.67
1.0
11.0
3.33
-2.67
1.0
-0.33
7.0
3.33
1.67
3.67
4.67
-2.0
9.33
10.0
10.0
5.67
7.0
8.67
8.0
-1.67
9.0
-1.0
0.0
13.33
2.67
3.33
-0.33
0.33
0.67
7.33
-5.0
-4.0
8.0
1.67
-3.67
8.67
13.67
7.67
-0.67
2.0
-1.67
5.0
8.0
8.67
0.33
2.0
5.67
-1.33
0.33
3.33
0.33
2.0
2.0
8.33
7.67
-3.33
6.0
3.67
19.67
-0.67
-1.0
7.0
0.0
3.0
-1.33
2.33
4.33
5.67
8.0
-2.67
-2.33
-0.33
0.67
-1.67
5.67
9.67
8.33
-1.67
5.33
7.67
8.0
8.67
2.0
4.0
10.0
5.0
6.67
-3.0
7.0
3.67
6.67
1.0
2.67
0.33
0.33
1.0
4.0
0.67
12.0
3.67
6.33
2.67
2.0
9.0
7.33
3.0
7.0
-1.67
-1.0
7.0
12.0
5.0
2.0
9.0
10.67
-3.67
0.33
5.0
6.33
2.33
0.0
8.0
2.67
-0.33
6.33
5.0
16.67
2.67
4.0
17.0
23.33
9.33
16.33
14.33
10.33
28.0
14.0
17.0
33.33
27.33
19.0
26.33
18.67
20.33
22.0
19.0
23.0
20.67
26.33
18.33
24.33
19.0
27.0
13.67
20.67
4.0
14.33
2.33
9.67
7.67
5.67
-0.67
10.33
13.67
11.0
11.67
10.33
10.67
10.33
6.33
12.33
9.67
-2.33
10.67
6.33
0.0
2.33
2.0
14.0
9.33
14.67
3.33
3.33
9.67
-1.33
8.67
14.33
2.67
3.67
7.33
16.0
12.67
7.67
4.67
12.33
6.0
12.33
2.67
9.33
4.33
10.33
4.67
5.0
5.0
12.67
7.33
-4.33
11.67
1.33
13.0
4.33
11.33
-0.67
11.67
4.0
2.67
2.0
5.33
6.33
7.0
8.0
8.0
8.0
0.67
7.0
12.0
15.0
10.33
3.0
2.67
3.0
15.67
10.33
-2.0
9.67
2.67
-0.67
7.67
7.0
10.67
4.33
7.33
-3.67
4.0
2.33
8.0
8.67
5.33
6.67
10.67
15.33
9.33
20.0
11.33
10.33
19.0
7.67
-7.0
10.33
6.67
0.67
5.33
11.0
-2.33
7.67
7.67
3.67
3.67
5.67
14.67
-3.67
17.0
9.0
3.67
9.67
8.33
1.33
6.33
7.33
14.0
-3.33
7.33
1.0
12.33
-8.0
1.67
5.0
22.67
15.0
5.67
4.67
9.67
14.33
-1.0
10.0
11.0
1.33
1.33
7.0
12.0
15.33
15.67
0.0
7.67
10.67
2.67
13.33
12.33
16.33
6.0
12.0
14.33
12.67
6.33
6.33
4.0
14.67
8.0
4.33
7.67
5.0
19.67
12.0
1.0
10.0
4.67
6.33
13.33
17.0
6.33
11.33
7.33
12.67
13.33
-0.33
9.33
7.67
9.0
9.33
7.0
11.67
4.67
15.0
13.0
12.33
7.0
11.0
13.0
12.67
11.0
20.67
6.33
0.33
15.33
9.33
13.33
12.33
9.67
0.33
-0.33
3.67
11.0
10.33
3.0
17.33
16.33
9.0
11.0
10.0
8.33
15.67
11.0
13.0
12.33
13.0
7.0
6.33
14.33
10.0
17.0
4.33
9.33
20.0
22.33
18.0
16.67
22.67
14.33
20.0
11.0
16.67
16.33
22.67
25.67
9.67
19.33
18.67
31.67
16.33
31.0
35.33
36.33
29.33
21.0
27.67
26.67
52.0
44.0
34.67
46.67
51.0
51.0
59.33
82.33
75.0
80.33
86.0
89.33
104.33
96.0
113.67
103.67
88.33
114.0
99.67
87.0
120.33
99.67
96.0
82.0
53.33
81.67
54.67
71.0
64.0
37.0
44.0
33.33
45.33
38.33
19.0
29.67
20.67
12.33
15.33
11.67
1.67
13.0
13.33
12.67
13.0
0.33
20.33
19.33
15.67
7.0
9.67
8.0
6.33
16.0
15.33
6.33
2.33
13.0
14.67
17.67
10.33
-0.67
12.0
1.0
18.0
0.67
15.0
8.67
5.67
9.0
22.67
10.33
5.0
5.33
9.0
5.0
10.0
2.33
6.33
8.0
4.0
5.67
7.67
0.0
15.0
14.67
12.33
3.67
14.0
15.67
9.67
6.67
8.33
4.33
10.0
-0.67
14.0
21.0
9.0
12.33
9.33
23.0
9.33
9.33
7.0
12.67
-4.67
23.0
21.67
11.0
15.0
9.33
0.67
11.33
13.67
11.33
14.33
23.67
8.33
15.0
18.33
15.67
4.33
22.33
5.33
3.67
15.67
2.67
2.0
9.0
4.67
13.33
8.0
7.67
11.33
11.33
-1.33
11.67
9.33
13.67
2.33
14.33
2.67
4.0
4.0
6.33
5.0
7.33
8.0
17.0
10.0
22.67
16.67
22.0
12.33
8.0
3.67
11.33
0.33
4.33
7.67
2.0
10.33
-1.0
12.33
8.33
17.67
9.67
3.67
0.67
22.0
6.67
9.33
-0.33
11.33
3.0
11.33
7.33
9.0
-6.33
15.67
23.33
4.33
10.0
4.0
17.0
7.33
9.33
14.0
2.33
10.67
2.0
7.33
13.67
2.0
22.67
3.33
8.67
22.0
5.67
-5.0
23.67
19.33
20.33
27.67
17.67
16.67
32.0
18.33
22.67
25.33
33.33
13.67
22.0
25.33
33.33
30.33
31.67
27.33
28.33
33.0
40.33
15.33
13.33
31.33
33.0
28.33
47.67
29.0
16.67
34.33
16.33
20.67
1.67
13.0
18.67
16.0
13.0
18.67
23.67
0.0
29.67
7.0
13.33
7.0
7.67
7.0
17.33
17.67
3.67
11.67
11.67
12.0
6.0
3.0
12.0
4.67
9.67
-2.67
0.67
-4.67
24.0
4.0
7.0
8.0
11.0
3.0
10.33
-2.0
6.33
16.67
8.67
10.67
18.33
5.33
4.33
15.0
8.67
1.67
3.67
19.33
12.0
5.0
7.33
3.33
2.0
2.33
18.0
6.33
5.0
4.33
13.33
10.0
9.33
20.67
13.0
-2.67
2.0
8.67
11.67
14.33
18.0
13.0
14.67
0.0
14.67
-0.67
9.67
8.67
22.0
6.0
5.67
-2.0
6.67
4.33
3.33
7.0
-5.0
11.33
11.0
5.33
8.0
0.0
2.67
1.67
-1.67
1.67
6.0
5.67
6.0
3.33
11.0
11.0
7.0
6.33
1.0
5.67
10.0
6.33
10.0
11.0
5.33
-6.67
1.67
8.33
-2.33
14.33
4.0
7.33
-4.33
0.0
8.33
5.67
14.33
-12.33
2.0
10.67
10.33
19.67
16.0
1.67
6.33
4.33
9.33
2.67
9.0
-2.0
12.33
6.0
8.67
0.0
0.67
-2.0
11.33
-0.67
-1.67
-2.67
-1.33
11.33
0.33
-4.0
5.67
-2.0
1.0
9.67
15.0
-5.0
9.67
-11.0
4.67
11.0
-0.67
-3.0
2.0
9.67
4.0
6.67
7.33
0.0
5.0
4.33
8.0
0.67
13.0
4.67
-8.33
4.0
9.0
-2.67
9.0
0.33
7.33
14.67
-4.67
7.67
4.33
0.33
-0.33
-2.0
-2.33
-1.0
-4.67
12.67
4.33
5.33
-4.33
3.33
2.0
6.67
7.33
8.0
8.67
11.33
3.0
3.67
8.67
2.33
3.67
10.67
-1.0
5.67
4.67
-0.67
-0.67
2.0
7.0
18.0
17.33
3.33
0.67
5.67
0.67
4.67
2.0
-5.33
1.0
7.0
8.67
8.67
5.0
4.67
9.67
5.33
12.0
15.0
-7.33
6.0
3.67
4.67
-0.33
3.0
10.33
-2.0
-5.67
2.0
4.67
5.33
2.33
1.67
5.33
7.33
14.0
-1.33
8.67
3.33
10.67
-1.67
16.33
-3.67
3.33
-3.33
5.67
-2.67
-0.67
4.33
-0.67
4.67
3.0
3.33
2.0
-1.67
0.67
11.67
5.33
2.67
7.0
-5.0
10.33
5.33
-1.0
6.33
5.0
7.67
2.0
4.33
6.0
0.67
-1.67
-1.67
10.67
2.67
0.0
6.0
2.67
10.0
6.0
-2.0
14.0
-1.33
-2.33
-4.67
5.0
1.33
-3.67
-2.0
-2.67
-4.67
0.33
-1.0
4.33
2.0
5.67
12.0
6.33
-0.67
3.0
-2.0
1.33
-5.0
10.33
13.0
-1.67
5.67
5.33
1.67
-1.0
7.33
2.33
4.67
11.67
5.33
6.67
5.0
1.33
-0.67
4.33
0.67
5.0
-4.33
8.0
5.67
-3.67
-3.0
1.33
-0.67
-2.67
0.33
-4.33
5.33
4.33
-7.0
6.0
4.0
7.67
-0.33
-0.67
3.67
-1.33
9.67
6.67
-1.0
-1.33
0.67
8.33
-5.0
4.67
2.33
4.0
9.0
2.0
-1.0
1.67
4.0
3.67
1.0
9.67
4.33
5.33
4.67
4.33
2.33
2.33
1.0
-3.67
8.67
4.67
6.67
11.0
8.0
2.0
-0.67
12.0
8.0
3.0
3.0
7.33
-3.67
2.0
2.33
3.33
-1.33
6.0
0.67
3.33
3.0
3.0
-1.67
5.67
-0.33
7.0
1.0
-1.67
4.0
7.0
2.0
-0.67
0.0
7.33
6.0
0.33
4.67
-1.0
7.67
0.33
3.67
4.0
7.33
-2.0
6.67
3.67
-1.33
9.0
4.0
-4.67
1.33
0.0
3.0
-1.67
-5.0
7.33
1.67
1.67
5.33
1.67
6.33
8.67
-2.0
-5.33
-3.0
3.33
1.0
3.67
-4.0
0.67
3.67
8.0
-0.33
3.33
-0.67
2.33
0.0
2.67
-3.0
-4.0
-1.67
1.33
-1.67
2.0
1.0
-2.67
3.33
-1.0
1.0
-5.0
8.0
2.67
11.0
0.0
-2.0
1.0
-3.33
-4.33
-0.67
1.67
2.0
3.67
0.67
2.0
2.0
-4.67
-5.33
-2.0
-1.33
3.67
0.67
6.67
0.33
2.0
-4.33
-1.67
0.67
2.33
6.67
-1.67
-4.67
4.33
-1.67
6.0
-5.0
7.0
-0.67
3.67
0.33
2.0
-0.33
-1.67
2.67
3.67
