0.0
32.33
52.67
76.0
-47.67
70.33
-9.33
73.0
44.67
16.33
97.0
-13.0
67.33
72.0
5.67
33.67
48.67
0.33
1.33
-5.0
-4.33
1.33
-17.67
-24.0
12.33
4.67
11.0
3.0
-2.67
11.0
5.67
-1.0
2.33
-5.67
-0.67
-3.67
1.33
2.33
1.67
1.67
-0.67
-0.67
-0.33
0.67
0.0
-1.0
0.0
-1.0
-0.33
-0.33
-0.33
1.0
-0.67
-0.67
-0.33
-1.0
0.0
0.0
0.0
0.67
0.0
0.0
-0.67
0.67
0.0
-0.67
0.0
-0.33
2.0
0.0
0.0
0.33
-0.67
0.67
3.0
-0.33
0.0
1.0
0.67
-0.33
-0.67
0.67
0.0
0.67
0.0
-0.33
1.0
0.0
2.67
1.33
2.0
-0.33
-1.33
-1.0
0.0
0.0
0.33
0.33
0.0
3.0
0.0
1.67
-1.33
0.0
-1.33
0.0
-1.0
1.67
-0.67
-1.0
-1.0
-1.67
0.0
1.0
-0.67
0.0
0.67
0.67
-2.0
-1.67
3.33
3.67
2.0
2.0
-2.0
2.0
-1.67
3.33
8.0
0.33
2.33
1.0
-0.33
-1.0
-2.0
6.67
-1.67
0.67
2.33
-4.0
3.0
0.33
4.33
-9.33
0.67
-0.67
1.0
3.67
-2.0
7.0
-1.0
-2.0
-4.0
4.67
0.0
1.33
7.33
4.0
-1.67
-4.33
3.67
6.67
-1.0
-5.0
3.67
5.67
5.33
1.67
-2.0
4.67
-3.33
-2.0
9.67
-1.0
4.33
-3.67
1.33
2.0
3.0
5.33
3.0
-0.33
9.33
1.67
10.33
-3.0
1.0
3.67
0.33
5.33
9.67
-1.67
2.67
-2.67
-0.33
0.0
-3.0
2.0
6.67
3.0
2.67
5.0
-7.33
5.33
5.33
-1.0
2.33
1.67
5.67
-2.67
3.0
0.67
-2.0
4.33
-2.33
0.33
2.0
-2.0
6.0
2.67
-5.67
1.33
3.0
4.33
-1.33
0.0
0.33
9.33
5.67
0.67
6.0
7.0
6.0
0.0
8.67
0.0
10.33
-5.0
-1.0
-0.67
6.67
3.0
-4.0
-1.67
2.67
1.33
2.0
2.67
5.33
2.0
1.33
-2.67
0.33
0.67
5.67
-2.0
5.33
4.67
12.33
1.33
1.67
1.33
8.33
-2.0
2.33
6.33
-1.33
6.0
1.33
6.33
5.0
-2.0
5.0
1.33
5.67
3.0
5.0
8.67
2.0
-3.67
-3.0
-2.33
-1.67
3.67
-4.33
4.33
1.0
5.33
0.33
1.67
-0.67
-3.33
0.67
2.33
10.33
6.33
4.67
2.0
1.33
3.67
5.0
0.67
2.67
3.33
8.0
2.0
-0.33
1.0
1.33
1.33
2.0
11.33
3.0
2.67
8.33
2.67
6.0
8.0
-2.33
4.33
13.33
-3.0
5.0
8.0
0.0
0.0
1.33
1.67
2.33
4.0
3.0
-6.67
3.33
1.33
-1.67
0.0
2.33
3.33
10.33
1.33
3.0
-5.33
-2.0
4.0
3.33
6.67
4.67
-0.33
-1.0
1.0
7.0
5.0
-1.0
7.33
2.0
3.67
3.67
-0.67
2.0
1.0
7.67
2.33
0.0
-5.33
5.0
-1.0
3.0
3.33
7.67
3.33
-0.33
-1.33
7.67
3.67
-0.33
2.67
4.0
0.67
-2.0
-1.33
-6.0
6.0
2.0
4.67
6.0
3.67
5.33
4.67
2.0
-1.0
-2.33
-2.0
2.33
8.67
1.0
-0.67
4.33
-4.0
2.0
1.0
5.67
2.67
-2.67
10.67
4.67
5.0
-0.33
-0.33
2.67
0.67
9.0
2.33
-3.0
1.33
0.67
-1.67
-6.67
1.0
0.0
6.67
-5.0
-4.33
5.0
-0.67
-0.33
-1.67
0.0
-1.67
2.67
3.67
0.0
-0.67
2.33
1.67
2.67
-2.0
6.0
6.33
-1.0
7.67
5.67
-5.0
2.0
-5.67
1.0
0.67
1.67
-4.0
5.67
1.33
2.67
-1.0
-1.0
0.67
2.33
5.67
2.33
-1.67
6.0
0.33
4.0
6.67
-1.67
2.0
0.67
4.67
2.0
0.67
-1.33
-5.0
7.67
0.33
4.0
-0.33
6.33
2.0
3.67
3.67
-1.33
-1.0
3.33
2.0
1.33
-0.67
2.33
6.67
1.0
-4.0
2.33
5.33
-2.0
4.0
-2.0
1.33
2.67
4.33
5.33
1.33
0.0
3.67
3.67
-2.67
2.0
3.67
3.0
3.33
2.33
3.0
6.0
-2.0
1.0
2.33
1.67
4.67
-4.67
0.67
-1.33
1.0
3.33
1.0
-0.33
-1.67
-0.33
-0.33
-1.67
-2.0
0.33
1.0
4.33
0.0
2.33
1.67
-0.67
2.33
0.0
-0.33
-2.0
2.67
2.0
-2.33
-0.33
3.0
0.0
-2.67
1.67
6.67
2.67
0.33
5.33
1.33
5.0
-1.0
2.0
2.0
4.0
-3.67
1.0
3.67
4.33
-1.33
-3.0
-0.67
-1.67
2.0
-1.33
-5.67
0.67
1.0
2.67
4.67
1.33
1.33
1.0
-3.0
3.0
-0.67
4.33
3.67
4.67
-3.67
-4.33
-2.67
1.67
1.67
-0.67
0.33
-1.0
-2.0
-1.0
-2.67
4.67
2.0
5.0
-2.0
0.67
1.67
4.0
1.67
5.67
-1.67
0.67
-0.67
3.67
-1.33
1.33
1.0
-3.0
-1.33
1.67
6.67
4.67
0.33
-3.33
0.67
3.0
-4.67
-1.67
1.67
1.67
0.67
3.33
-0.33
-1.0
4.0
-1.67
-2.0
0.33
1.0
-1.67
-0.67
-2.67
-2.0
-0.33
0.67
1.33
0.67
3.0
-3.33
0.0
2.0
3.33
0.67
5.33
2.67
-4.0
0.33
2.33
0.0
2.0
2.0
-2.0
2.67
-3.33
-3.33
-0.67
-1.33
3.33
-1.67
4.0
-2.33
2.67
0.67
-1.33
2.0
0.67
3.0
2.0
5.67
3.67
3.33
-2.0
1.67
-2.0
-1.33
1.67
-0.33
1.0
-0.67
2.33
3.0
9.33
2.0
0.0
-0.67
5.0
6.33
3.67
0.0
3.33
-2.0
1.0
2.67
-1.67
2.67
-3.67
-1.67
2.0
3.0
-3.33
-1.33
1.33
7.33
3.0
3.33
-2.0
2.33
-0.33
2.67
-3.67
0.67
1.67
0.67
5.0
2.67
4.0
4.67
-2.33
0.0
-0.67
0.0
1.67
2.67
-1.67
-5.0
1.67
1.67
1.33
1.0
3.67
-8.0
5.0
5.0
-6.0
-4.67
2.33
2.33
-0.33
0.33
1.33
0.0
-3.33
-2.0
3.67
-3.67
1.33
3.33
-2.0
-1.0
-4.0
0.67
-4.33
0.67
0.0
-3.67
3.67
1.0
1.33
1.33
-2.33
-3.33
2.67
3.0
1.33
-0.33
0.67
-2.33
3.67
1.33
0.67
-0.33
0.33
0.33
-1.33
0.67
5.33
1.0
-0.67
8.0
1.33
0.67
3.33
3.0
2.33
-2.33
-3.33
14.0
4.33
-4.67
-0.67
-4.67
-3.67
6.33
8.67
-1.67
1.67
4.67
5.33
7.0
8.67
17.0
6.33
10.33
7.33
21.67
18.0
12.33
20.0
12.0
22.67
28.33
20.33
26.0
34.67
32.33
20.33
25.33
28.0
26.67
25.67
17.33
27.33
22.33
5.33
16.33
8.33
13.67
8.33
2.33
7.33
6.67
2.0
13.67
23.67
12.67
6.33
2.0
7.67
6.0
6.33
0.67
7.0
0.0
7.33
-3.0
10.67
-0.67
10.33
3.33
9.33
1.67
-2.67
7.0
6.67
10.33
-1.0
7.67
4.0
-2.33
7.67
3.0
3.33
4.0
1.67
3.33
9.67
0.33
1.0
7.67
5.67
-1.67
4.33
0.0
3.67
-2.33
2.67
4.33
0.0
8.0
3.33
7.67
5.33
-0.67
-3.33
8.0
-1.0
3.33
2.33
0.33
2.67
9.0
10.67
7.33
0.0
5.67
-6.0
5.0
2.33
3.33
3.0
5.67
-2.0
6.33
5.67
1.67
1.67
13.0
3.33
5.0
5.0
-2.33
8.0
10.67
-1.0
-3.67
7.0
2.0
3.0
-2.67
5.67
-1.67
0.67
1.33
7.67
4.33
-3.0
6.0
1.0
2.67
6.33
16.67
13.67
-1.33
-2.67
11.0
0.33
6.0
9.0
4.67
-1.67
3.0
4.67
4.67
8.33
7.33
3.33
3.0
3.0
0.33
7.67
-0.33
6.0
5.67
2.67
6.33
8.0
0.0
9.0
10.0
-0.33
3.33
7.33
2.67
13.0
-0.67
0.67
-1.33
-3.33
3.33
2.67
11.67
5.33
-2.67
7.33
8.67
0.0
-2.33
0.0
1.0
8.0
1.0
4.67
-2.0
6.0
3.67
3.67
12.0
7.67
8.33
7.33
3.0
8.0
0.67
5.0
11.67
-2.67
7.67
8.0
10.0
2.33
-2.0
14.0
9.33
1.0
4.0
5.0
9.0
-1.0
10.0
-2.33
2.33
9.33
5.0
12.33
6.33
10.0
6.0
3.67
5.67
4.33
8.0
15.67
1.67
7.0
11.0
25.33
9.33
14.33
13.33
19.33
12.0
18.0
16.0
15.33
8.33
25.0
22.33
16.67
29.33
14.0
15.0
11.0
19.67
12.33
9.33
21.33
9.0
16.0
16.67
11.67
4.0
7.33
15.33
9.67
4.67
8.67
4.33
1.33
-0.33
4.0
15.67
6.33
4.67
5.33
11.33
9.33
2.67
4.67
13.67
7.33
7.0
2.33
-4.0
10.0
13.33
16.67
4.33
1.33
5.67
9.67
8.67
7.33
1.67
6.67
7.33
3.0
11.67
6.67
2.67
15.33
6.0
6.33
4.67
0.33
-2.67
1.33
3.67
-3.0
12.0
9.67
16.33
-3.33
4.67
5.33
8.0
0.33
11.33
9.33
4.67
9.0
10.67
9.0
10.33
8.33
5.0
11.0
11.0
6.0
5.67
8.0
10.0
13.0
10.33
3.0
3.67
3.0
10.67
9.33
8.0
10.67
14.67
6.33
9.67
6.0
5.67
6.33
-4.67
9.33
5.0
6.33
12.0
5.67
6.33
13.67
5.67
7.33
21.33
4.0
9.33
3.33
7.0
1.67
-6.0
3.33
8.67
9.67
4.33
4.0
5.67
6.67
7.67
10.67
16.67
0.67
6.67
4.33
12.0
14.0
17.67
5.67
9.33
17.33
2.33
-1.67
14.0
11.67
21.33
12.0
10.33
8.0
0.67
8.0
18.67
19.0
21.67
18.67
5.67
20.33
5.0
6.0
7.0
-1.67
12.33
9.0
18.0
7.33
12.67
8.0
10.67
12.67
4.67
6.33
0.33
8.33
3.0
7.0
7.33
7.67
4.33
6.33
18.0
8.67
12.0
8.33
3.67
4.0
11.67
9.0
-3.0
1.0
0.67
13.33
0.33
10.0
8.33
11.33
7.33
15.67
6.33
1.67
15.33
17.67
19.0
12.33
6.0
8.67
17.67
5.0
5.0
8.33
18.0
20.0
10.0
12.67
3.0
14.67
14.33
10.33
12.33
3.33
14.33
5.33
6.67
5.33
-0.33
20.67
8.0
12.33
5.0
2.33
14.33
15.0
14.0
9.0
0.33
15.67
13.0
14.0
21.33
9.0
7.0
7.33
22.33
18.0
12.0
19.33
17.33
22.0
13.33
20.0
12.67
18.67
12.33
10.0
28.0
22.67
25.33
21.67
26.67
11.67
21.33
7.67
29.67
28.33
22.0
26.33
22.33
15.33
48.0
29.67
37.67
36.0
44.0
36.67
62.67
56.0
79.0
52.33
65.33
65.0
68.33
102.0
95.33
93.33
106.0
101.67
89.67
98.33
107.0
96.67
99.0
91.33
100.67
91.0
99.0
74.33
98.67
63.67
72.0
62.0
51.0
36.0
22.33
33.33
31.33
13.0
28.67
30.67
28.33
16.33
20.67
4.67
1.0
8.33
15.67
19.0
11.33
22.33
5.33
9.67
14.0
-2.33
7.0
26.33
13.0
3.33
4.33
14.33
15.0
15.67
13.67
-5.67
15.33
10.0
22.0
8.0
12.67
5.0
14.67
11.67
17.0
11.67
20.33
7.0
16.33
14.0
10.0
12.0
14.33
9.33
10.0
14.0
12.67
0.67
12.0
5.0
4.67
13.33
15.67
13.0
9.67
10.67
-2.33
2.33
4.33
7.0
3.33
13.0
15.0
9.0
18.33
10.33
9.0
6.33
-4.67
1.0
3.67
11.33
3.0
14.67
6.0
17.0
16.33
11.67
1.33
3.67
10.33
12.33
10.67
14.33
5.0
9.33
28.67
15.33
7.33
-8.67
2.67
19.67
8.67
11.0
7.0
10.67
15.33
27.0
14.67
-1.67
4.33
4.67
12.67
12.33
17.67
15.33
16.33
10.67
4.0
17.0
7.33
7.0
14.33
14.0
18.0
17.0
0.67
7.67
13.0
13.33
10.0
9.67
12.33
14.33
-2.67
15.67
5.0
5.33
4.0
15.33
6.33
9.67
18.67
15.67
12.67
12.0
0.67
8.33
-4.33
-1.67
-2.0
2.33
9.33
13.0
-5.33
9.67
14.33
2.33
6.0
7.0
16.0
11.33
8.33
13.0
3.33
5.67
-2.0
7.33
10.67
10.0
16.67
12.33
14.67
2.0
17.67
10.0
25.67
-0.67
10.33
15.67
20.67
37.67
17.0
14.33
32.67
9.33
19.33
18.67
24.0
28.33
35.33
39.33
34.67
27.33
20.33
30.0
40.33
29.33
36.33
21.33
25.0
38.33
34.67
38.0
33.67
36.33
25.33
7.67
12.67
11.0
25.67
18.0
18.0
19.67
11.67
10.0
7.67
22.0
14.33
2.0
13.67
11.0
4.33
19.67
-1.33
15.67
9.67
4.0
-1.0
6.0
9.0
-4.33
3.67
2.33
9.67
8.33
-1.0
-5.0
11.0
1.0
19.0
19.0
4.33
12.0
-4.67
11.67
20.67
7.67
6.33
2.33
-1.67
26.0
8.67
-2.33
0.67
20.33
-1.0
-1.0
-1.67
7.33
-7.0
13.33
16.0
15.33
2.0
5.33
18.33
7.0
11.33
3.67
10.0
-3.67
0.0
10.67
12.67
2.33
12.0
2.0
14.67
9.0
6.67
3.33
7.67
-6.33
27.0
9.0
-2.33
5.0
-2.33
11.33
4.33
9.0
2.0
6.33
4.0
1.33
7.0
-10.0
5.67
12.67
4.33
4.67
7.0
1.67
9.0
-3.67
16.0
11.0
6.0
2.33
3.0
2.67
5.0
10.33
14.0
2.0
-0.67
7.33
3.67
2.33
-1.33
7.33
-9.0
0.33
-1.33
0.0
7.33
9.67
11.33
-3.33
5.0
11.67
9.33
10.67
11.0
-0.33
11.33
3.33
6.33
13.67
2.0
-1.0
1.33
6.0
0.67
3.0
1.67
-4.0
7.33
7.33
-3.67
-0.67
-7.33
2.33
-1.67
13.0
-0.33
13.0
3.0
9.67
3.0
5.0
7.67
-2.0
11.67
10.0
3.33
15.0
11.0
11.67
-1.0
1.67
10.33
4.0
11.0
3.33
8.0
5.67
-1.0
7.67
-2.33
6.0
12.0
-0.67
3.0
0.33
12.33
8.67
3.33
-1.33
-2.67
7.33
11.67
-1.0
-1.33
-2.0
-1.67
8.67
-0.67
1.33
8.67
0.33
6.0
19.67
10.33
4.0
21.67
2.33
5.0
-0.33
11.67
-0.67
8.67
-0.33
-4.0
2.67
4.67
-1.67
7.33
6.0
14.0
8.0
11.33
5.33
4.67
-0.33
-3.33
0.67
14.0
5.67
8.0
9.0
12.67
14.67
-3.0
8.67
3.67
1.33
8.0
6.0
-2.33
6.0
-3.33
8.67
11.67
9.0
-1.67
-7.0
-0.67
-3.0
0.67
-5.67
-5.67
-4.33
14.33
1.33
11.0
2.67
12.67
2.33
3.67
5.33
-2.67
-2.67
-2.67
-0.33
3.67
1.33
9.33
0.33
-5.67
2.67
1.0
2.33
2.0
1.33
4.67
7.67
4.33
4.67
-1.0
4.0
2.33
8.33
1.0
11.33
9.0
5.67
-3.0
11.33
3.0
9.67
1.33
2.33
-2.33
7.67
8.0
3.0
-6.33
-1.0
2.0
3.0
3.0
3.67
-0.33
0.33
4.0
2.33
-6.67
-4.0
1.33
5.33
5.33
5.0
5.33
5.0
10.67
3.0
1.33
-3.67
-2.0
-7.0
-4.67
-2.0
7.33
2.0
0.33
4.67
4.33
-3.33
-3.0
11.33
0.33
2.67
4.67
6.33
3.67
1.0
8.33
5.33
-4.67
-2.33
-1.0
5.67
0.0
-5.33
5.33
1.0
0.33
2.33
8.33
-2.67
-0.33
2.33
-0.67
-7.0
9.0
4.0
1.67
0.67
-1.67
4.67
1.67
-4.33
-0.33
-3.0
-0.33
-2.33
5.33
-3.0
3.67
14.33
7.0
6.0
9.0
6.0
-1.33
11.0
-2.33
-1.0
7.67
2.33
-2.67
2.67
7.33
5.33
-1.67
2.0
-4.67
-0.33
-0.33
0.67
3.0
13.0
-2.0
3.33
6.0
4.0
4.0
-8.0
6.33
1.33
10.0
-2.67
1.33
-3.33
-1.0
2.67
0.33
0.0
1.0
-0.67
0.67
4.67
1.0
1.0
0.33
2.0
0.0
8.0
0.33
1.0
8.33
1.0
4.33
-0.33
-7.0
1.67
-2.67
3.67
5.0
3.33
-6.0
0.67
1.67
3.67
5.0
2.0
5.33
-0.67
-3.0
-4.0
0.33
-4.0
10.33
-0.33
1.67
2.33
-3.33
0.33
2.67
0.0
-1.33
1.0
0.33
-4.0
6.67
0.0
3.67
1.67
-1.0
-3.33
0.33
-1.67
1.33
6.0
-4.33
3.0
-7.0
4.33
6.33
-0.67
5.0
-6.0
-5.67
3.33
4.0
-4.0
0.0
3.0
-3.33
8.0
6.0
4.0
4.0
1.67
4.67
-5.67
3.67
2.0
1.67
5.67
-2.0
-3.0
-5.67
-0.33
1.0
-1.33
6.67
3.67
8.67
-0.67
-2.0
-6.33
-1.67
5.67
-0.67
1.67
7.33
-2.67
1.33
4.33
-1.0
1.0
9.0
-4.67
2.67
-2.67
-1.0
-0.33
1.33
3.67
-2.33
