0.0
-51.33
48.67
-68.67
-97.67
107.0
-3.33
-92.0
3.0
-12.33
-39.0
-34.0
42.67
-1.33
7.0
17.0
-6.0
-9.0
40.33
-4.67
15.33
14.67
2.67
-16.0
20.33
-16.67
4.33
-6.0
-1.0
-4.0
7.0
1.67
6.67
-2.67
6.0
2.67
-3.33
0.67
1.0
-0.67
2.33
2.33
0.67
-0.67
1.0
-0.67
0.0
0.0
-0.33
-0.33
0.0
2.0
0.0
0.33
0.0
-0.67
-0.33
0.0
0.33
-0.33
0.33
0.0
-1.67
-0.67
-0.67
0.67
0.0
-0.67
0.0
-0.67
1.0
-0.33
0.0
-0.33
0.67
-0.33
-1.33
-0.33
0.0
-1.0
0.0
-0.33
0.67
-0.33
-0.33
-0.33
-0.33
0.33
-0.33
1.0
-1.0
-1.33
1.0
-0.67
-0.33
0.0
0.33
0.67
-0.67
1.0
1.33
0.33
-0.67
1.67
-1.0
-2.0
0.0
1.67
1.67
-0.67
0.33
1.33
3.67
0.0
1.0
1.67
1.67
-0.33
0.33
-1.33
1.0
0.67
8.0
1.67
2.33
-0.67
4.0
4.0
-0.33
7.33
1.33
-1.67
3.33
6.33
2.67
3.0
3.33
1.0
-4.33
-1.33
3.67
2.0
2.33
0.67
4.0
12.0
5.67
1.67
0.33
-2.0
7.67
-5.33
-5.67
0.33
7.0
-0.67
1.67
4.67
-1.0
-5.0
-6.0
3.67
-1.33
2.67
0.0
-0.67
-1.67
6.33
1.0
0.67
-1.33
3.0
6.33
-3.0
4.0
7.0
-4.0
4.0
1.33
-3.33
1.67
6.33
1.67
-1.0
-1.67
3.33
4.67
-3.0
0.33
8.33
3.0
5.67
-1.0
6.0
3.33
6.33
5.33
6.33
-2.67
5.33
-5.0
-7.33
-2.67
0.0
2.33
3.33
0.33
1.33
6.0
2.33
2.67
-0.67
0.67
2.33
2.67
14.33
6.0
4.0
1.33
3.67
-3.33
7.0
8.67
-1.33
-2.33
3.67
3.33
0.33
-1.33
5.0
3.67
1.67
4.33
4.33
4.33
10.33
8.33
-0.67
0.0
-2.0
2.67
-0.33
-0.67
2.67
4.0
3.0
1.0
-0.67
0.33
2.33
0.0
4.0
-0.67
2.0
3.0
-0.33
6.0
6.67
3.0
0.33
3.33
-3.0
6.0
4.0
9.67
6.67
6.0
6.33
2.33
3.67
-1.67
-1.33
-0.33
0.67
6.33
5.67
-1.33
5.67
3.0
-1.33
0.0
0.0
-4.33
7.0
2.33
2.67
3.33
0.0
0.0
1.33
0.33
0.67
0.67
4.67
0.67
0.67
7.67
2.33
-1.67
-4.67
4.33
0.67
-0.67
2.0
2.67
-6.67
5.0
-0.33
1.0
2.0
3.0
5.33
-3.33
6.0
1.33
-3.67
-7.33
2.67
0.67
5.0
4.0
-4.0
4.33
8.67
2.0
-2.33
-1.0
1.0
4.0
4.0
1.0
1.67
-2.0
-0.67
0.33
4.33
-0.33
0.0
6.0
1.0
-0.67
9.0
-2.0
0.67
-3.33
3.67
7.33
1.0
-2.0
4.33
0.33
0.67
4.67
2.67
-4.0
5.0
-1.67
5.0
9.33
-0.67
0.67
2.0
-0.67
-2.0
-0.33
9.33
5.0
7.33
8.67
6.67
-0.33
2.0
-0.67
3.33
6.67
4.0
0.0
2.33
6.0
1.0
3.0
-0.67
-9.67
5.0
1.0
1.33
-0.67
-0.33
3.33
0.33
1.0
3.33
3.67
5.0
4.0
0.67
10.67
-1.33
2.67
-0.33
-0.33
-5.67
7.0
1.67
7.67
-0.67
-1.67
-1.67
0.67
2.0
2.33
-4.0
9.33
1.67
-1.0
2.67
-1.0
2.67
-0.67
4.33
0.67
0.0
2.67
-1.67
-0.33
2.33
-4.0
2.33
-2.67
-0.33
0.33
0.67
-8.0
-1.0
2.33
1.0
-0.67
-3.33
-0.33
3.0
2.0
5.67
3.0
8.67
6.0
1.67
3.33
1.0
-1.67
2.0
-5.33
-2.33
-3.33
0.0
1.33
0.33
3.0
-1.33
-1.67
0.33
0.33
7.33
-4.33
-4.67
-3.0
3.33
0.33
1.67
5.0
1.0
0.0
0.0
-5.33
4.33
-2.67
2.33
3.67
3.33
4.67
-0.33
0.33
-0.67
-3.0
3.33
0.33
-6.0
0.67
-1.0
2.0
-3.33
3.33
3.67
1.33
3.0
5.0
-0.67
4.33
-3.67
-0.33
2.67
0.33
0.33
-0.33
3.0
6.33
-2.33
0.67
-3.33
3.67
0.33
3.67
-0.33
-0.67
1.67
1.33
0.33
3.33
1.33
-1.0
-4.0
-3.0
-1.33
0.0
-0.33
4.67
2.33
-4.33
0.33
0.67
0.33
-0.67
2.0
1.67
1.33
-4.33
-3.33
1.0
-0.33
-3.33
-0.33
-5.0
-0.33
4.67
-0.33
1.67
-0.33
0.33
2.0
1.67
-1.0
0.67
-2.0
3.0
0.0
2.0
5.67
3.67
-2.0
2.0
4.0
-2.33
-6.67
7.67
3.0
-1.0
2.67
3.67
-3.33
2.0
0.0
2.67
0.0
-3.0
1.0
3.0
2.0
3.33
3.67
2.0
-2.33
7.67
-3.33
-1.0
1.0
1.33
-2.33
2.0
-2.0
4.0
1.67
1.33
9.67
2.33
4.0
-1.67
3.0
1.67
2.67
-0.33
4.33
0.0
-3.0
4.33
-3.33
2.33
-0.67
-3.33
3.0
4.0
0.0
3.67
2.33
2.67
4.0
2.67
-2.33
-2.0
0.67
2.33
-3.0
-5.33
4.33
0.33
4.33
1.67
0.67
-0.67
1.33
3.67
5.33
3.0
3.67
-2.0
1.67
-1.0
1.67
-0.33
-0.67
0.33
-1.0
-6.0
-3.0
-1.33
-2.0
-1.0
1.0
5.33
6.0
2.33
5.0
-0.67
-3.0
1.0
3.67
1.67
-1.33
0.33
-5.0
3.33
3.0
2.67
2.67
2.67
0.67
-3.67
-3.0
4.67
1.67
4.0
-5.0
2.0
4.33
0.67
6.67
-1.67
4.33
3.0
0.67
-0.33
5.67
4.67
3.33
1.67
-1.0
1.67
-4.67
-0.33
-1.0
1.0
0.0
3.0
0.33
7.0
3.0
6.67
2.67
0.0
0.67
-4.0
1.33
3.33
-5.67
-2.67
1.67
3.67
-0.67
-1.0
3.33
6.33
2.33
5.67
3.0
2.0
8.0
-2.0
2.67
-0.33
1.0
-0.67
5.67
1.33
-3.67
-0.67
4.33
4.67
4.33
-0.33
10.33
1.67
1.67
0.0
1.33
4.67
2.0
-1.67
-2.0
2.0
4.33
5.0
5.33
-1.33
1.67
6.0
-0.67
-1.0
9.0
0.33
3.33
9.0
3.0
0.67
5.0
1.0
-2.33
1.33
-4.67
-5.0
6.0
-5.0
4.67
5.33
1.33
0.67
3.67
0.33
3.67
3.0
2.0
2.0
1.33
5.0
-2.33
3.0
7.0
1.33
-2.67
5.0
1.33
4.67
-0.33
6.0
0.67
2.33
5.67
7.0
3.33
3.0
-1.67
3.0
5.67
11.67
8.67
2.33
1.67
3.0
2.67
-0.33
9.33
1.0
2.67
11.0
7.33
6.0
1.67
12.0
-2.33
3.0
12.33
7.0
8.67
7.0
8.33
1.33
12.33
7.33
2.0
14.67
4.67
5.33
2.0
0.67
3.33
6.67
12.33
2.33
3.67
6.67
6.0
3.33
4.67
5.67
4.33
7.67
8.33
11.67
-7.0
12.67
-0.67
11.0
9.33
4.67
2.33
3.33
4.33
8.33
4.67
7.67
14.0
3.67
9.67
8.0
10.0
7.0
-0.33
8.67
7.67
16.0
4.33
-1.33
10.33
11.67
7.33
17.0
15.33
6.0
6.67
0.67
10.67
11.67
5.33
3.33
7.33
6.67
6.33
10.33
14.33
8.67
8.0
26.33
6.0
8.33
5.67
6.33
7.67
18.67
10.33
6.0
4.67
-1.33
11.33
16.33
3.67
6.67
12.0
1.0
2.33
7.67
8.67
12.67
9.67
6.67
8.33
16.33
8.0
11.0
9.0
8.33
11.33
8.33
2.0
10.33
11.67
12.33
11.33
14.33
3.0
16.67
13.0
14.67
12.33
9.0
17.0
23.0
16.33
20.67
9.33
20.0
44.33
16.67
20.33
20.67
40.67
45.67
33.67
41.33
50.0
46.33
53.0
31.0
46.0
42.33
21.0
33.67
43.33
54.0
23.67
36.0
27.67
25.67
31.0
32.0
22.0
15.0
19.67
25.0
20.33
15.33
11.67
10.67
15.33
22.67
8.67
13.33
23.67
12.0
18.67
20.33
24.33
18.0
14.0
25.67
18.67
26.33
11.67
25.33
23.0
30.0
29.33
26.0
48.0
38.67
46.0
41.0
58.33
59.67
57.67
54.0
68.33
41.0
52.33
65.0
65.67
75.33
79.33
77.33
89.33
75.0
64.0
75.33
72.67
71.0
52.67
61.33
40.67
45.0
42.33
46.67
29.67
36.67
24.33
24.67
15.0
17.33
17.0
9.33
23.33
19.0
14.33
17.33
16.33
14.0
17.0
23.67
27.33
23.67
17.33
16.33
17.67
26.0
15.67
16.33
16.0
24.0
23.0
15.0
13.67
24.33
21.67
13.0
25.67
23.33
20.0
19.0
14.67
23.33
15.33
23.67
20.0
18.33
35.67
23.0
20.0
26.0
30.33
36.67
42.67
34.67
35.67
37.0
23.67
17.67
42.67
26.33
28.0
43.33
38.0
32.67
40.67
33.0
29.67
27.33
23.33
27.0
26.0
18.0
27.67
33.0
29.33
32.0
31.33
17.33
45.0
30.33
36.33
15.0
30.67
23.33
37.33
23.67
31.67
37.67
34.33
18.67
28.67
22.67
25.0
27.33
19.0
26.33
22.0
21.67
15.67
15.67
33.0
15.67
30.67
11.67
14.33
20.0
4.67
11.33
15.33
19.33
10.0
16.33
8.67
17.33
14.67
11.33
10.0
19.67
-0.33
9.67
12.0
3.33
16.0
18.0
11.67
-1.67
18.33
17.0
5.67
15.67
5.67
2.33
9.0
5.67
13.0
10.0
4.67
16.67
24.0
21.33
24.33
20.33
27.67
7.33
22.33
6.0
24.67
14.67
19.0
12.67
16.67
8.67
18.0
10.67
19.0
17.33
17.0
12.0
11.0
15.67
5.0
24.0
14.0
11.33
14.33
1.0
13.33
13.0
4.33
28.33
32.33
27.0
37.0
25.33
27.0
37.0
40.0
56.0
55.0
56.0
88.33
91.33
118.0
125.33
145.67
129.33
158.0
146.33
126.67
168.33
175.0
170.33
141.33
137.0
99.67
124.0
139.67
117.67
108.33
85.67
72.67
80.0
55.67
66.67
63.0
72.0
38.0
38.67
29.0
28.67
29.67
18.33
26.33
18.33
28.67
28.67
19.0
21.33
31.67
22.67
11.67
11.67
25.33
19.67
22.33
36.67
24.33
25.67
37.0
45.0
38.67
48.67
45.67
33.0
47.0
58.0
46.67
54.0
59.67
66.33
60.0
78.67
67.33
73.0
76.0
79.67
87.33
80.67
77.67
84.33
78.33
78.33
67.0
82.0
94.0
78.33
74.67
69.33
84.67
57.67
49.0
60.33
51.33
51.33
37.67
48.0
43.0
31.67
34.0
36.67
39.0
16.0
24.0
23.33
15.67
7.33
7.67
13.33
16.33
17.33
9.67
18.0
5.67
4.67
15.33
9.0
10.67
1.67
12.0
16.33
12.67
11.33
13.0
16.0
20.0
10.33
16.33
17.0
17.33
12.0
25.67
13.0
13.0
29.0
23.67
14.67
20.67
19.0
18.33
23.0
26.0
27.67
23.67
29.0
24.67
44.0
36.67
36.0
31.0
33.0
34.0
50.67
23.0
34.33
37.67
20.67
31.33
45.0
34.33
31.33
28.33
51.33
40.0
30.67
25.0
32.0
22.0
25.0
19.33
25.33
16.33
31.0
23.33
22.67
22.67
23.0
17.33
8.0
25.33
25.67
20.33
19.33
15.0
27.0
10.0
19.0
18.0
37.33
25.33
22.0
30.67
21.67
23.33
22.33
21.67
23.33
18.67
18.0
21.0
19.67
5.0
8.0
21.0
14.67
21.67
21.0
29.67
8.0
25.0
17.0
22.0
17.33
21.67
10.67
36.67
11.33
5.67
17.67
15.0
8.0
7.0
26.0
7.33
10.0
8.33
3.33
11.67
10.67
11.67
9.67
19.0
16.67
13.33
11.0
12.0
-1.33
6.33
13.67
13.67
13.0
18.67
10.33
12.0
6.67
12.0
6.33
14.67
23.0
20.67
16.0
15.0
3.67
-1.33
18.33
17.33
17.67
13.0
17.33
10.67
17.0
8.33
15.67
14.0
7.67
17.33
12.0
22.67
17.33
16.0
10.67
24.67
8.67
15.33
12.0
14.0
17.67
9.33
14.67
15.0
12.0
6.33
2.0
17.0
18.33
7.33
8.0
4.67
17.0
5.0
5.33
12.67
18.0
4.33
5.67
14.67
16.0
7.33
10.67
6.33
4.33
10.33
16.33
2.0
20.67
14.33
12.0
5.33
4.33
9.0
7.33
4.33
14.67
11.67
-3.67
3.33
5.67
9.0
15.33
9.67
4.0
-2.67
6.67
15.33
13.0
9.67
2.0
9.0
9.67
5.33
0.33
7.67
14.0
0.33
9.67
9.0
11.67
7.0
12.0
6.67
11.67
8.33
4.0
9.33
12.33
8.0
11.33
2.67
-1.0
6.67
5.0
9.67
-1.67
-1.0
1.0
10.33
9.67
7.33
5.33
17.0
9.0
13.33
6.67
15.67
5.67
15.0
10.0
6.67
5.67
17.67
6.0
23.33
11.67
3.67
-2.67
14.0
7.33
16.0
9.67
11.33
17.67
9.67
4.0
13.33
3.67
17.0
16.0
11.67
2.67
28.33
9.67
8.0
13.0
18.33
18.33
18.0
11.67
8.33
14.33
6.67
12.0
8.33
3.33
1.67
9.0
9.67
24.33
21.0
18.67
6.67
13.33
17.0
8.33
11.0
-0.67
18.33
10.0
-7.0
11.0
11.33
7.0
6.33
10.0
7.0
22.0
6.33
20.33
15.33
5.0
9.67
11.67
-7.67
3.33
17.33
-1.33
5.33
3.67
12.33
22.67
11.33
13.67
4.67
5.67
-9.0
1.33
14.67
11.33
6.67
5.33
12.33
17.0
2.0
1.33
20.33
5.33
6.67
9.0
-0.67
12.67
7.67
2.67
6.0
-3.33
1.67
14.67
-4.67
4.33
-3.33
8.33
12.67
-3.33
17.67
14.0
2.67
6.67
13.67
3.67
2.33
2.0
10.67
0.0
3.0
0.33
12.0
4.67
5.33
7.0
8.0
7.0
3.33
0.0
7.33
16.33
5.0
-1.67
17.67
2.33
2.0
15.67
12.67
8.0
6.67
6.33
14.33
6.33
8.0
0.67
12.67
4.67
-3.67
1.33
2.33
12.67
2.0
-7.33
8.33
-1.0
1.67
-1.67
-4.33
-3.67
-1.0
11.0
2.67
3.67
10.33
6.33
7.0
4.33
1.67
2.67
-6.0
7.0
4.0
0.33
4.33
4.0
6.33
-3.67
-0.33
5.33
8.33
3.67
3.67
5.0
8.67
-1.67
-2.33
0.33
-0.67
-8.67
-0.67
1.33
10.67
7.33
0.33
15.0
-3.33
1.67
5.33
7.0
6.0
7.33
10.67
21.33
8.0
8.0
-2.33
0.67
-1.33
5.67
11.33
2.67
-0.67
0.33
-1.67
2.0
3.0
1.67
-1.33
1.67
12.67
4.33
13.33
9.33
7.33
-3.67
0.0
1.33
1.0
2.33
16.33
2.33
-2.67
13.67
4.0
-9.0
0.33
-0.67
10.0
3.33
7.67
14.67
6.33
8.67
-0.67
0.33
7.33
5.0
2.67
2.33
5.67
-1.33
-2.33
14.67
-1.33
-0.33
5.0
-2.33
-3.67
-1.67
4.67
3.33
0.33
9.0
8.0
2.67
5.0
1.0
7.33
1.0
0.0
5.0
3.0
5.33
3.0
6.0
-10.0
5.67
3.0
3.33
-1.33
4.33
10.0
0.67
5.0
0.0
5.67
-6.67
-3.67
0.0
3.67
4.67
1.33
3.67
-4.0
0.33
2.0
10.0
5.0
2.33
10.67
11.0
-2.67
5.33
2.0
3.33
-5.67
2.67
-0.33
-0.67
-10.33
0.0
2.33
-4.33
2.33
-1.67
-1.67
-0.67
0.67
0.33
2.0
2.33
1.0
5.67
1.0
-0.33
5.0
3.67
5.0
15.67
4.67
4.33
-1.67
7.0
6.0
1.0
0.67
5.33
-2.33
3.0
3.0
-2.33
3.33
-0.67
4.67
1.0
6.0
4.33
2.0
3.33
9.33
0.33
0.33
-4.33
9.33
9.0
0.33
8.67
2.33
1.33
6.67
6.0
9.33
3.33
5.33
5.0
5.67
7.0
5.33
7.33
3.33
2.0
1.33
8.67
-1.0
3.67
-1.0
0.33
5.33
-1.33
3.67
5.0
8.0
-3.0
12.67
-0.67
5.33
3.67
3.0
5.0
2.67
9.67
-1.33
15.33
3.0
2.33
2.33
6.0
2.33
3.33
-1.33
-2.67
2.0
2.33
6.33
3.67
-2.33
1.0
-1.0
7.33
1.67
2.67
-4.33
-0.67
-0.67
-3.33
3.33
0.33
4.33
3.67
1.33
2.67
2.67
1.33
6.0
-3.0
-0.67
4.67
3.0
4.0
-2.67
4.33
2.67
1.67
1.0
4.67
2.33
3.0
7.33
1.0
0.0
3.67
6.67
-2.33
6.0
3.0
12.67
1.67
4.67
-3.67
-4.0
0.33
1.67
2.0
1.67
3.0
3.33
4.0
6.33
-2.67
-1.0
4.33
-2.33
-1.0
8.0
1.67
2.33
3.33
2.0
2.0
-3.33
1.0
-1.33
-4.67
11.33
-1.67
1.0
2.33
-2.33
-0.67
-6.67
1.0
3.67
2.0
-3.0
-1.67
3.0
3.67
-0.67
-2.33
0.0
-3.67
-0.67
8.67
-3.33
4.0
-1.67
1.33
-0.33
-4.33
-3.67
2.33
4.33
1.67
-5.33
-1.67
-0.67
-2.33
0.67
2.33
1.0
1.0
-0.33
4.0
6.33
