0.0
-56.33
66.67
-25.67
12.33
80.0
65.67
-7.0
52.0
-46.33
-5.0
2.0
24.67
38.67
6.0
42.0
49.0
-26.0
-22.67
-0.67
-3.67
8.67
-24.33
-7.0
23.33
-4.67
-4.67
-9.0
8.0
4.0
1.0
7.67
5.67
-3.67
-2.0
6.67
2.67
-2.33
0.0
1.33
-0.67
-0.67
0.67
-0.67
0.0
0.33
0.0
1.0
0.67
-0.33
1.0
0.0
0.0
0.33
0.0
-0.67
-0.33
0.0
-0.67
-0.33
-0.67
0.0
-0.67
-0.67
-0.67
-0.33
0.0
-0.67
0.0
-0.67
0.0
0.67
1.0
-0.33
0.67
-0.33
-0.33
0.67
0.0
-1.0
0.0
0.67
-0.33
-0.33
-0.33
-0.33
0.67
0.33
-0.33
-1.0
-1.0
-1.33
-1.0
0.33
0.67
1.0
1.33
-0.33
-1.67
0.0
-0.67
1.33
0.33
-0.33
-1.0
-2.0
3.0
-0.33
-1.33
0.33
-0.67
-0.67
0.67
2.0
-2.0
1.67
1.67
1.67
-0.67
0.67
-1.0
1.67
2.0
-0.33
-0.67
-0.67
-4.0
5.0
2.67
1.33
1.33
2.33
0.33
1.33
4.67
-2.0
-2.67
-2.0
-4.33
2.67
3.67
7.0
3.33
5.67
3.0
4.0
2.67
3.67
0.33
2.0
4.67
-2.33
-1.67
3.33
2.0
6.33
3.67
-1.33
-2.0
0.0
1.0
-2.33
-0.33
-2.33
8.0
-4.67
3.33
4.33
2.0
5.67
0.67
5.0
4.33
3.0
2.0
7.0
9.0
4.0
1.33
-1.33
1.67
7.33
-2.33
3.0
3.33
6.33
0.67
4.0
-0.67
3.33
6.0
0.67
-2.0
9.0
2.33
-6.67
0.33
3.33
1.33
2.33
-4.0
-1.33
1.33
4.0
3.33
0.33
1.33
5.33
5.0
2.33
0.67
-0.67
-3.33
3.33
2.67
2.33
7.0
11.0
3.33
1.67
0.67
0.0
7.67
4.67
-1.33
-1.33
0.33
-0.67
-4.33
8.0
8.67
6.67
3.33
5.33
4.33
4.33
10.33
3.33
-1.0
4.0
-1.33
4.67
6.33
-3.33
4.0
4.0
12.0
3.33
0.33
0.33
-2.0
4.0
11.33
2.0
7.0
4.67
5.0
-0.33
3.0
1.33
3.33
-4.0
4.0
-3.0
10.67
-3.33
2.0
0.33
1.33
3.67
3.33
-3.33
5.67
1.67
-2.67
3.67
-1.33
0.67
0.0
3.67
7.0
-5.0
-1.33
5.0
-1.67
3.67
1.33
8.0
7.0
1.33
5.33
3.67
1.67
1.67
5.67
1.67
6.67
0.33
4.33
-2.67
6.33
5.67
3.33
2.0
-0.33
-1.67
1.0
-2.33
-3.0
6.0
-1.0
-0.67
-4.33
8.0
7.33
4.33
-5.33
0.67
4.67
7.0
1.0
0.0
3.33
6.67
1.0
-1.33
-3.0
2.0
5.0
0.0
1.0
2.67
-4.0
3.33
2.33
1.33
3.67
-7.0
1.0
5.0
-0.67
-1.0
0.0
5.67
-2.33
2.67
-1.67
3.0
5.0
2.33
-4.67
1.67
4.67
6.67
3.0
6.0
1.33
1.0
-1.67
-1.67
-1.33
6.0
4.33
-2.0
-1.33
2.33
6.0
12.33
6.67
1.67
0.67
8.0
-1.67
-1.67
4.67
1.0
-3.0
-1.67
1.0
0.0
4.0
2.33
-6.67
3.0
1.0
6.33
-2.67
-1.33
3.33
-3.67
4.0
6.33
0.67
6.0
0.0
5.67
-0.33
5.67
-0.33
5.67
-4.33
0.33
0.0
2.67
-2.33
3.33
4.33
3.33
-0.33
-4.0
3.33
1.0
0.33
10.67
0.0
-0.33
0.0
1.67
2.33
0.33
3.67
6.0
10.67
1.33
6.67
4.33
-3.0
1.33
4.33
-0.33
-0.67
0.67
-1.0
2.0
2.33
4.0
2.33
0.67
0.67
4.0
-1.0
-0.33
-1.0
5.67
1.0
-1.33
0.33
0.0
-3.67
5.0
-3.33
3.67
2.67
-2.0
0.33
2.33
2.0
0.67
-3.67
2.33
3.33
0.33
-1.33
-1.67
-2.0
-2.67
0.33
0.67
-1.0
1.0
3.0
2.0
-4.33
3.33
1.33
1.33
1.67
2.33
0.67
3.67
-4.67
2.33
5.0
4.33
-2.67
0.0
3.67
3.0
4.0
0.67
-0.67
3.67
1.33
1.0
3.0
-3.67
0.33
-3.67
3.67
1.67
1.33
1.33
1.67
1.0
0.33
2.67
-0.33
2.67
-0.33
1.33
-3.33
0.67
-0.67
3.67
4.33
-0.67
3.33
-1.67
0.0
1.0
3.0
-0.33
2.0
-0.33
3.67
5.33
-2.33
3.33
2.67
3.33
-4.67
-2.0
0.67
2.33
-3.33
1.67
6.0
-0.33
-2.33
-2.33
3.0
2.67
-0.33
1.67
-1.33
1.67
-3.67
0.0
1.67
1.0
-3.33
5.0
2.0
-3.0
-3.0
0.67
0.67
3.0
-1.0
2.0
-1.33
-1.67
6.67
0.0
1.0
1.67
-0.33
-1.33
2.0
5.0
1.67
1.0
1.0
7.0
10.0
4.0
2.33
5.67
2.0
1.67
5.67
-0.33
-3.0
-1.0
2.33
0.67
-2.0
1.0
4.0
-3.33
-2.67
5.67
2.33
-1.0
0.33
-1.0
5.67
-0.33
2.67
-1.67
1.0
-2.0
-2.67
2.67
2.33
0.33
1.67
-2.0
2.0
1.0
3.67
5.33
4.67
2.0
3.67
-0.33
-2.0
0.67
7.33
0.0
-5.33
-2.67
3.33
8.33
2.67
0.67
4.33
3.33
1.67
2.33
-1.0
-0.33
-1.0
2.67
-4.0
0.67
2.67
-1.67
1.33
2.0
-4.0
-1.0
0.67
-2.0
0.0
0.0
-0.67
5.0
3.33
7.0
0.33
3.0
1.0
0.67
2.67
-1.33
-1.67
-5.0
1.33
3.0
-1.33
1.67
1.67
2.67
-4.67
3.0
4.67
0.67
0.0
-3.0
0.0
3.33
-0.33
-0.33
7.33
1.33
3.0
2.67
-0.33
0.67
1.67
-0.67
2.67
1.0
-2.33
2.33
-2.33
-2.0
-3.0
4.0
-1.0
2.33
-2.0
4.0
4.67
2.67
0.0
4.67
-1.0
-4.67
-0.67
1.33
0.33
2.67
0.67
1.33
0.0
1.33
-2.67
-3.67
-1.33
-1.0
1.0
4.0
4.0
-4.33
3.67
7.0
4.33
-1.33
-0.67
-1.67
3.33
-1.67
8.67
2.33
2.67
5.33
-4.33
3.67
5.0
-0.67
-0.33
2.0
0.33
2.0
0.0
5.33
8.0
5.33
0.67
3.67
4.0
2.33
-5.0
4.0
-3.67
0.33
8.0
6.0
-2.33
6.0
1.0
-2.33
1.33
-3.67
-5.0
7.0
1.0
6.67
4.33
1.33
-1.33
-0.33
1.33
0.67
-1.0
0.0
-1.0
10.33
-2.0
6.67
5.0
2.0
2.33
1.33
4.0
-1.67
4.67
-3.33
-1.0
1.67
-5.67
5.67
1.0
0.33
2.0
-1.67
12.0
-0.33
0.67
1.67
5.33
1.67
-2.0
4.67
2.67
5.33
6.0
7.67
4.0
1.33
4.0
6.67
5.0
0.67
4.0
13.33
10.0
2.67
3.0
3.33
6.33
12.33
5.33
3.0
2.67
6.67
3.33
6.0
2.67
6.33
8.67
8.33
6.33
2.67
6.67
4.0
13.33
11.67
3.67
1.33
4.67
1.33
8.67
1.0
5.67
0.33
10.0
8.33
1.67
7.33
9.33
4.33
3.33
-0.33
6.67
7.0
0.67
4.67
15.0
6.0
8.0
14.67
9.67
1.67
13.0
6.33
4.67
9.33
13.67
14.33
11.0
8.33
8.0
0.67
0.67
13.67
7.67
12.33
6.33
6.33
8.67
3.33
4.33
5.33
4.67
12.0
10.33
9.0
2.33
10.67
1.33
9.67
8.67
11.33
15.0
12.67
4.67
8.33
10.33
11.67
9.67
13.0
5.0
16.33
11.67
10.67
10.67
10.67
7.67
5.33
16.33
9.0
8.0
12.0
12.33
12.33
9.33
5.0
15.33
11.67
15.33
2.33
12.33
11.0
12.67
16.0
8.67
20.33
21.0
7.0
14.0
18.33
12.67
16.33
10.0
18.33
22.67
21.33
25.67
28.67
27.67
28.67
25.33
32.0
29.33
44.0
30.0
38.0
35.33
33.0
33.67
25.33
40.0
31.67
42.0
23.67
30.67
30.0
24.0
17.0
27.0
18.67
19.0
14.33
16.33
13.67
23.67
12.33
7.67
9.67
21.33
20.67
14.0
18.67
13.33
10.33
18.0
10.0
14.67
17.67
20.33
15.67
21.33
16.0
9.0
42.33
24.0
26.0
25.67
26.0
25.0
25.33
41.67
21.67
32.0
27.33
28.0
40.33
38.0
44.67
48.33
49.33
69.33
55.33
68.0
72.0
63.33
63.67
68.0
52.67
49.33
45.67
41.0
41.33
33.67
23.67
22.67
12.33
20.67
6.0
14.33
16.0
19.33
18.33
15.0
24.33
19.33
12.33
18.0
20.0
26.67
30.33
16.67
20.33
18.33
15.67
20.0
22.67
21.33
26.0
25.0
23.0
21.0
24.67
28.33
15.67
19.0
28.67
23.33
18.0
20.0
28.67
18.33
38.33
19.67
32.0
42.33
28.67
22.0
33.0
40.0
25.33
39.67
36.67
38.67
35.67
34.0
43.67
27.67
38.67
46.33
47.0
37.33
46.0
47.67
43.67
43.0
31.67
30.33
26.33
37.0
20.0
23.0
26.67
14.0
19.33
28.0
25.33
23.33
16.0
22.33
23.33
21.0
30.67
31.33
20.33
21.67
35.67
32.67
19.33
24.67
42.67
30.67
28.0
20.33
32.0
24.33
27.0
15.67
17.67
17.67
21.0
29.67
16.67
17.67
17.33
18.0
15.67
15.33
18.33
15.33
4.0
21.33
6.67
11.33
14.67
13.33
11.0
14.67
6.67
12.67
18.0
6.33
13.0
18.0
13.67
9.33
19.33
16.0
3.67
14.67
12.67
19.33
15.0
1.67
12.0
5.0
12.67
7.67
16.0
23.33
24.33
7.33
17.67
9.33
16.33
25.0
20.67
9.67
20.0
25.67
20.67
11.67
14.0
8.67
10.0
16.33
12.0
2.0
12.0
9.67
22.0
18.0
7.0
21.33
14.33
12.0
27.33
11.0
2.33
16.33
24.33
36.0
19.0
24.33
43.0
43.0
43.0
66.0
54.0
67.0
72.33
95.33
76.0
103.33
115.67
110.33
131.0
154.33
140.67
167.33
130.0
158.33
152.33
136.0
159.67
136.0
135.67
157.67
130.33
145.67
138.67
114.0
110.67
89.67
85.0
86.0
92.0
78.67
41.0
40.67
42.67
36.33
27.33
24.33
16.67
32.67
26.0
11.33
21.67
29.67
31.67
18.67
23.33
36.67
45.33
38.67
36.33
54.67
58.0
70.0
66.67
57.67
58.67
62.0
65.0
77.0
95.67
93.0
89.67
103.33
94.0
99.67
78.33
73.0
104.0
92.67
100.33
105.67
121.67
101.33
124.33
117.33
121.0
138.0
89.0
108.33
91.67
95.33
123.67
81.67
95.0
104.33
79.33
75.33
72.67
65.0
49.0
46.67
52.0
46.67
37.0
32.0
26.0
24.33
21.67
13.33
28.67
20.33
15.33
17.33
19.67
15.0
21.67
5.67
16.33
28.0
10.67
12.67
3.0
19.33
24.67
16.33
25.0
13.0
22.0
19.33
12.33
20.0
18.33
23.0
17.67
10.0
21.0
39.0
27.67
22.67
18.67
29.0
23.33
32.0
31.0
12.67
13.67
21.0
24.67
36.0
29.67
25.0
45.0
35.0
28.0
36.67
42.0
44.33
27.67
26.67
23.33
36.0
35.33
14.33
35.33
23.33
20.0
13.67
23.0
28.0
15.0
25.0
21.33
22.33
16.33
12.0
18.33
19.67
17.67
12.0
17.33
10.0
22.33
20.67
17.33
14.33
25.0
28.0
20.0
15.0
10.0
10.33
4.33
19.0
15.67
12.67
23.33
18.33
19.67
27.33
15.67
23.0
8.0
28.67
16.0
13.0
18.0
24.67
14.67
20.0
20.67
10.0
0.0
13.0
15.0
17.33
11.67
9.67
21.67
23.33
20.67
17.67
20.0
16.0
10.0
14.0
2.33
17.0
18.33
21.33
11.67
17.67
12.67
1.67
10.0
10.67
5.33
4.0
4.0
17.67
7.33
8.67
1.67
18.0
21.67
11.33
5.0
10.67
7.0
8.33
-0.33
14.0
5.67
11.0
9.0
11.67
5.67
10.33
8.33
21.67
14.0
15.33
9.67
7.0
5.33
6.67
2.0
13.67
15.33
17.0
7.67
7.33
18.0
18.67
19.67
6.67
15.33
4.0
10.0
12.67
17.33
5.67
9.0
8.0
18.33
-8.0
21.0
17.33
-3.67
7.0
-0.33
5.0
13.0
3.33
-5.33
16.0
17.33
-0.33
4.67
21.0
13.33
5.67
15.33
6.33
-1.67
2.33
7.0
9.67
5.33
6.0
4.33
10.33
4.0
0.33
13.33
-0.33
11.67
5.33
9.33
-13.33
-1.0
-5.67
-6.33
8.0
6.33
0.67
0.33
24.0
4.67
3.0
14.0
3.67
2.33
0.33
2.67
6.0
12.33
6.67
20.0
7.67
9.0
-1.0
10.67
14.67
-0.67
-1.0
-1.67
14.33
2.0
7.33
3.67
6.0
7.67
17.0
18.67
19.33
8.0
7.0
17.33
14.67
-4.67
23.33
12.0
-1.0
4.33
5.67
16.67
-0.33
5.0
6.0
14.67
5.67
15.67
3.0
8.33
3.67
12.67
4.33
8.0
7.33
3.0
23.67
2.33
16.67
10.67
-2.0
2.33
5.67
13.0
12.0
7.67
3.67
5.33
4.67
7.0
8.0
2.33
15.33
14.0
15.67
4.33
14.33
0.67
20.0
13.33
4.33
4.67
11.0
10.67
10.33
-2.0
12.67
5.67
15.33
10.0
14.33
23.0
14.33
16.33
16.0
16.0
5.0
5.33
16.0
15.33
12.0
4.0
19.0
1.33
25.33
14.33
9.0
12.67
28.67
-0.67
9.33
24.33
0.67
27.33
2.67
10.33
5.67
21.33
7.67
0.67
4.67
0.0
4.33
-2.33
10.33
10.67
6.33
9.33
18.0
13.0
4.33
17.33
0.33
17.67
10.0
-7.67
3.67
5.67
-1.33
15.0
4.67
11.67
15.67
3.33
11.33
1.67
13.33
19.67
8.67
7.67
-1.0
-3.33
10.67
17.67
-2.33
8.33
10.0
-7.33
7.0
7.0
9.33
7.0
3.67
7.33
11.0
-3.0
-1.0
0.33
-1.0
5.33
9.33
9.0
16.33
14.67
5.33
-9.0
12.67
0.67
20.0
9.67
7.33
12.33
5.33
1.0
14.67
3.67
3.67
5.33
-1.67
-3.67
1.67
3.0
-0.33
6.33
8.0
0.67
10.33
-2.33
-3.67
0.0
0.0
4.67
-4.33
0.33
12.33
1.0
3.33
1.67
-1.33
2.0
10.0
4.0
5.33
10.33
7.0
-6.67
-4.67
4.67
2.33
6.33
2.67
2.67
10.0
6.67
2.33
-4.33
-3.67
8.33
6.33
3.33
-7.67
3.67
11.33
5.33
9.0
-6.33
8.67
11.33
-4.0
-3.0
2.33
-6.33
7.33
6.0
-6.0
-7.33
6.67
-1.33
10.67
1.33
5.67
-2.67
4.33
3.33
4.0
4.0
15.67
3.67
6.67
9.67
4.33
8.33
3.33
2.33
0.33
6.0
-4.67
5.0
-1.67
7.33
-0.67
4.33
4.67
5.0
0.0
20.33
5.33
0.0
11.33
-3.33
5.67
4.33
5.67
-1.67
-2.67
0.33
5.0
3.67
6.33
14.67
11.67
-0.33
2.67
-0.33
10.67
10.0
8.67
5.33
-3.67
-0.33
3.33
4.33
-1.0
-5.0
3.67
-1.0
-6.0
4.33
2.0
-3.0
6.0
5.0
0.33
2.0
0.0
3.0
2.67
0.0
3.33
0.67
1.33
4.0
2.67
6.0
0.0
-9.33
-9.67
5.33
5.0
8.67
7.67
8.33
5.67
1.0
4.33
8.0
1.0
-3.0
-4.67
3.67
3.0
6.33
-3.67
6.0
4.33
-5.67
7.67
5.67
-5.67
0.67
5.0
-0.67
0.67
6.33
2.33
4.33
5.33
7.67
2.33
1.0
4.33
-5.0
2.67
2.0
7.67
10.0
2.67
-1.0
4.67
3.67
3.33
3.33
4.0
1.0
6.0
8.67
3.33
1.67
0.0
2.0
-3.33
6.33
-1.67
-5.33
5.0
9.0
-0.67
-1.0
5.33
1.33
5.33
1.33
-2.33
6.33
-2.0
6.33
7.67
4.33
-3.67
3.67
-2.0
14.33
5.33
4.33
11.0
10.67
6.0
9.33
2.33
8.33
1.0
1.33
6.67
4.0
2.67
3.0
11.33
4.33
1.67
2.67
0.0
2.0
-1.0
0.67
-3.67
1.33
-0.33
7.0
6.0
3.67
4.67
3.67
12.33
3.0
5.33
3.33
0.0
-3.67
-0.67
-2.33
-2.67
7.0
6.33
5.33
4.67
2.67
2.0
8.0
2.33
-1.33
2.67
-4.33
5.33
0.33
8.67
4.33
4.33
2.33
5.67
3.33
0.67
5.67
2.33
1.0
11.0
2.33
0.67
4.0
5.0
3.33
5.33
12.67
2.67
2.0
5.67
2.33
-4.0
6.33
5.0
1.0
1.67
-1.33
1.67
1.0
4.0
4.67
-0.33
2.67
8.33
3.0
3.33
0.67
2.0
-1.33
3.0
9.33
-2.0
-1.67
1.33
0.0
-0.67
-3.33
5.0
8.0
-1.33
6.33
2.33
0.0
1.0
2.67
0.0
4.67
0.33
5.33
2.33
-1.0
5.33
0.67
-2.67
2.33
4.0
1.67
1.0
2.0
-6.67
2.0
8.67
-3.67
-2.33
4.0
2.33
-1.67
-2.33
-1.33
1.0
3.33
-2.67
-1.33
1.67
-4.67
2.33
5.33
3.67
-2.33
1.33
-1.67
0.67
0.67
6.33
-4.0
4.0
-0.33
0.0
4.33
