0.0
-33.33
29.67
-43.67
-27.67
4.0
-74.33
-17.0
18.0
-104.33
-5.0
-49.0
-39.33
3.67
-37.0
-64.0
3.0
-48.0
-43.67
-18.67
-1.67
3.67
-18.33
0.0
8.33
3.33
-4.67
-4.0
-8.0
-6.0
3.0
8.67
-1.33
-3.67
-5.0
1.67
-3.33
-1.33
0.0
0.33
0.33
2.33
3.67
-0.67
0.0
-0.67
0.0
1.0
-0.33
-0.33
0.0
1.0
0.0
-0.67
0.0
-0.67
0.67
1.0
-0.67
0.67
0.33
1.0
-1.67
-0.67
0.33
-0.33
1.0
-0.67
-1.0
0.33
0.0
-0.33
1.0
-0.33
-0.33
0.67
0.67
0.67
0.0
-1.0
0.0
-0.33
-0.33
-0.33
-0.33
0.67
-0.33
-0.67
-0.33
-1.0
-1.0
-1.33
0.0
1.33
2.67
0.0
1.33
0.67
-0.67
1.0
1.33
0.33
-0.67
0.67
0.0
-2.0
-1.0
-0.33
-1.33
-2.67
0.33
-1.67
1.67
-1.0
1.0
2.67
4.67
1.67
-3.67
2.67
-1.0
2.67
3.0
1.67
1.33
4.33
-1.0
1.0
4.67
2.33
5.33
-1.67
3.33
0.33
4.67
4.0
-1.67
-1.0
-4.33
8.67
1.67
-4.0
-0.67
-2.33
-3.0
2.0
-2.33
0.67
5.33
-1.0
8.67
13.67
-4.67
6.33
-2.0
-1.67
-2.33
-1.33
3.0
-4.0
2.0
3.67
3.67
3.67
0.0
5.33
-3.67
2.33
1.0
-0.33
-4.33
5.0
1.33
3.0
6.0
8.0
5.0
4.0
-0.67
-2.33
1.67
-2.67
-1.33
8.0
5.33
5.33
1.67
-1.0
-0.67
4.33
7.0
-3.33
2.0
2.0
0.33
2.33
9.33
3.33
1.33
0.33
2.0
2.67
-0.67
3.0
2.33
6.33
2.33
3.33
5.0
5.33
0.67
-3.67
2.67
3.33
0.67
5.33
9.0
1.0
-1.67
6.67
-2.33
4.0
3.67
4.67
0.67
4.67
-0.67
2.33
6.67
3.0
2.67
-2.33
4.33
6.33
3.33
0.33
-0.67
3.33
0.0
-1.0
7.67
4.67
-1.67
3.67
-1.0
3.0
5.0
-4.67
-1.67
2.33
2.0
-1.0
1.33
-7.0
5.0
2.67
10.0
-1.33
6.0
-3.67
0.33
5.0
1.0
6.0
5.67
-3.33
2.0
-2.67
2.33
5.67
1.33
-2.33
7.67
6.67
0.33
1.67
3.67
0.67
5.0
2.67
-4.0
0.0
-1.33
3.0
-6.67
6.67
5.33
6.0
-4.0
-0.67
5.33
-4.33
5.67
-0.33
5.67
6.67
-1.33
0.33
0.33
0.33
3.33
4.67
3.33
5.0
3.67
4.33
6.0
-1.33
-5.0
5.0
2.0
2.33
-0.33
1.0
-2.67
0.33
-5.33
1.67
2.67
-2.0
1.0
-2.0
1.33
1.67
6.0
4.67
-1.0
2.0
4.0
1.0
7.0
1.67
-5.0
2.33
2.33
2.33
5.67
-4.0
7.0
1.0
6.33
1.0
0.0
-0.33
7.67
7.67
-3.67
-6.0
-2.0
3.33
2.33
0.67
2.67
0.67
0.0
4.0
1.33
-3.0
3.33
5.33
7.67
5.0
-4.67
-3.0
0.67
-1.67
5.0
7.33
1.67
3.67
0.67
4.0
4.33
1.33
4.67
0.0
-3.0
0.33
3.0
1.0
1.0
2.33
-5.67
1.0
7.0
4.33
8.33
2.67
0.33
0.33
5.0
2.33
2.67
4.0
3.0
-0.33
-0.33
4.67
4.67
-2.33
-5.33
-6.67
1.0
3.67
-3.33
4.33
8.33
1.33
0.67
-2.0
1.33
-2.0
-0.67
2.67
1.0
-0.33
1.0
0.67
-0.67
0.33
0.67
8.0
4.67
3.33
0.67
-1.67
-2.0
3.33
-2.67
5.67
4.33
-1.33
-5.0
1.0
2.33
-2.0
-0.67
-1.33
0.67
1.0
-4.0
5.67
0.0
2.67
5.0
-2.33
4.33
-2.0
-4.67
6.0
-1.33
3.67
0.67
4.0
1.33
5.33
3.0
3.67
-1.67
-2.67
-4.67
0.33
-2.33
4.33
-2.0
-1.67
0.33
-1.33
1.0
0.0
1.0
4.0
-2.33
2.33
3.33
1.33
0.67
2.33
-1.33
-3.33
-2.67
1.33
1.0
-0.67
-0.67
2.0
0.67
0.0
3.0
-4.33
5.33
-1.33
0.33
0.0
3.0
-3.67
1.33
-3.67
-0.33
6.67
-0.67
4.33
-1.33
-2.0
4.33
6.67
0.67
0.67
6.67
2.33
2.67
-0.33
0.33
1.67
7.33
3.33
2.33
-1.67
3.0
-2.0
1.0
2.67
1.0
-2.33
2.67
3.33
-0.33
2.33
0.67
0.33
1.33
1.0
3.67
-1.67
0.67
-3.33
1.0
2.67
0.67
-0.33
-3.0
1.67
2.67
1.67
0.67
0.67
0.33
1.0
5.67
-4.0
-1.33
4.0
7.0
0.0
-3.0
-0.33
1.67
-2.0
-3.0
0.0
4.67
3.33
1.67
0.0
1.0
4.67
4.67
3.67
1.0
3.0
0.67
-2.0
-7.0
3.0
3.0
0.0
3.33
6.67
5.0
1.67
-0.33
3.67
-3.0
1.0
3.33
1.67
-1.0
-1.0
4.0
-3.33
-0.67
-1.33
2.33
1.0
-1.67
1.0
-2.33
1.67
0.67
-5.67
3.0
-4.0
-0.67
-3.33
-2.67
2.33
4.67
-2.0
4.0
0.0
-0.33
1.33
-0.33
-1.0
6.67
-1.33
4.0
-0.33
2.33
-3.0
-0.33
-1.67
2.33
2.33
-0.33
0.67
5.33
-0.67
2.67
1.33
3.0
3.67
1.0
6.67
4.0
2.67
0.67
0.33
0.33
-3.0
-1.0
7.0
-2.33
0.0
-2.0
1.0
1.33
5.0
2.33
4.0
0.33
-2.0
-1.0
4.67
-2.33
1.67
-2.67
5.0
3.33
1.0
2.67
2.67
1.67
0.67
-0.67
7.0
2.67
1.67
-3.0
-7.0
-3.0
3.33
3.67
1.67
-1.67
2.33
5.0
-2.33
-2.33
-3.33
2.67
6.33
5.67
-2.0
-5.33
-6.67
-1.33
-1.0
-2.0
-4.0
-1.0
5.33
-2.0
4.0
5.67
0.67
1.0
-2.33
2.0
2.33
0.33
3.33
-0.67
0.67
0.67
2.33
-2.0
8.33
2.33
-1.67
9.67
4.0
-5.0
5.0
3.0
8.67
6.67
5.0
-0.67
-1.33
-1.67
-2.67
2.33
-1.67
2.67
1.33
-2.33
2.33
4.67
0.67
0.0
4.33
7.67
0.0
6.33
-4.0
4.0
1.33
3.0
2.33
3.67
5.67
2.0
-2.67
-5.0
5.0
2.33
-2.67
4.0
8.0
1.67
6.0
4.0
-4.33
4.33
-1.67
-5.0
5.0
-2.0
2.67
3.33
0.33
-2.33
4.67
2.33
5.67
2.0
1.0
5.0
2.33
1.0
4.67
4.0
9.0
7.33
-2.67
3.0
6.33
0.67
-1.33
1.0
-1.33
9.33
1.67
1.0
0.33
3.0
-3.67
2.0
5.67
4.67
3.67
5.33
1.67
-1.0
-0.33
-2.33
8.33
0.0
10.67
12.0
3.33
4.0
6.67
6.0
6.67
4.0
6.33
6.0
4.67
0.0
10.33
2.33
4.33
8.33
13.0
6.67
5.67
7.33
4.0
2.67
5.33
4.67
7.33
3.33
11.67
3.67
3.0
15.33
5.67
2.67
9.33
4.67
6.33
1.67
-5.0
2.67
0.33
8.0
7.33
-0.33
5.33
12.33
4.33
2.33
2.67
3.67
5.0
4.67
0.67
8.0
12.0
14.0
9.67
26.67
9.67
10.0
9.33
5.67
10.33
3.67
12.33
15.0
5.33
4.0
0.67
2.67
5.67
15.67
6.33
8.33
2.33
6.67
9.33
9.33
15.33
12.67
5.0
6.33
10.0
5.33
10.67
14.33
4.67
9.67
9.33
13.0
6.67
9.67
9.33
15.33
10.67
12.67
14.0
11.0
12.33
12.67
8.67
9.67
18.67
13.67
12.33
14.33
12.0
14.0
8.0
11.33
7.33
9.33
8.0
15.33
14.67
7.33
-3.67
11.33
3.0
1.67
17.0
8.67
11.33
9.0
0.0
4.0
19.33
8.67
1.33
13.0
11.33
13.67
20.33
25.67
28.67
19.67
14.67
25.33
27.0
23.33
26.0
23.0
29.0
33.33
16.0
34.67
18.33
31.0
22.67
26.0
31.67
24.67
12.0
23.0
14.0
22.0
19.67
21.0
19.33
11.33
5.67
26.67
11.33
11.67
10.67
18.33
19.67
15.0
8.67
9.33
18.33
9.0
18.0
10.67
19.67
12.33
17.67
22.33
20.0
12.0
21.33
46.0
24.0
25.67
23.0
24.0
42.33
37.67
38.67
53.0
59.33
47.0
49.33
57.0
54.67
51.33
59.33
62.33
49.33
47.0
48.0
53.33
38.67
37.0
24.67
35.33
18.67
20.0
23.33
31.67
25.67
29.67
25.33
8.67
19.0
25.33
11.0
16.33
10.33
17.0
19.33
14.33
15.33
11.0
16.0
15.67
17.33
20.67
14.33
20.33
15.67
24.0
26.67
12.33
22.0
14.0
20.0
24.0
20.67
30.33
15.67
15.0
27.67
25.33
18.0
16.0
18.67
23.33
25.33
23.67
25.0
18.33
11.67
21.0
31.0
39.0
43.33
32.67
40.67
29.67
36.67
41.0
42.67
48.67
48.67
61.33
47.0
48.33
50.0
50.67
40.67
57.0
40.67
52.33
47.33
36.0
30.0
37.0
30.67
29.0
40.33
44.0
29.33
27.33
21.0
20.33
19.33
18.0
20.67
26.33
30.33
24.67
27.67
20.67
18.33
26.67
27.67
27.67
24.0
28.33
27.0
17.33
21.0
9.67
30.67
12.67
26.0
17.67
24.67
12.67
12.33
19.0
8.67
20.33
13.33
10.33
10.0
3.33
6.67
10.33
14.67
14.33
14.0
6.67
5.67
14.67
15.0
9.33
7.0
21.0
10.67
12.33
14.33
7.0
14.67
3.67
11.67
11.33
14.0
14.67
19.0
16.0
4.67
18.67
11.0
13.33
21.33
12.33
13.67
16.33
10.33
12.0
25.67
9.67
18.0
23.67
14.67
14.67
9.0
14.67
14.0
19.33
11.0
8.0
9.0
16.67
2.0
14.0
22.0
24.33
19.33
12.0
18.33
15.0
17.33
31.33
21.33
51.0
51.0
46.33
40.0
60.0
69.0
75.0
87.0
93.0
90.33
109.33
122.0
121.33
113.67
101.33
130.0
128.33
122.67
146.33
108.0
133.33
117.33
120.0
126.67
107.0
90.67
99.67
101.33
88.67
82.67
82.0
94.67
89.67
67.0
65.0
57.0
40.67
75.0
36.67
41.67
31.33
23.33
26.33
15.67
23.67
17.0
10.33
21.67
27.67
29.67
26.67
33.33
29.67
34.33
45.67
39.33
35.67
53.0
64.0
66.67
80.67
54.67
65.0
86.0
86.0
66.67
87.0
85.67
75.33
67.0
77.67
86.33
74.0
61.0
49.67
44.33
57.67
53.67
46.33
33.33
26.33
31.0
39.0
37.0
30.33
44.67
38.33
27.67
31.67
23.0
37.33
21.33
33.33
33.67
31.0
20.0
18.67
20.0
25.67
13.0
21.0
16.0
14.33
9.67
2.33
21.67
13.33
13.33
8.33
12.67
19.0
17.67
15.67
6.33
15.0
3.67
10.67
15.0
11.33
13.67
5.33
3.0
7.0
21.0
24.33
19.33
23.0
23.33
16.0
20.67
11.0
15.0
27.0
37.67
28.67
27.67
18.0
13.33
16.0
26.0
27.67
22.67
33.0
44.67
30.0
27.67
29.0
29.0
37.0
22.0
38.67
44.0
35.33
34.67
40.67
37.33
34.0
25.33
27.33
31.33
42.33
24.0
30.67
26.0
24.0
16.0
36.0
15.33
31.33
12.33
20.0
34.33
19.67
29.67
18.0
21.33
18.0
23.33
16.67
16.33
21.33
35.0
22.0
34.0
23.0
9.0
10.33
24.33
17.0
15.67
22.67
17.33
28.33
7.67
11.33
16.67
25.0
6.0
7.67
18.0
11.0
13.0
9.67
37.67
28.0
13.67
10.0
16.0
4.0
13.0
2.33
7.67
3.67
34.67
19.33
16.67
11.67
10.0
18.0
4.0
5.0
3.33
6.0
10.33
6.33
15.67
13.67
14.67
17.67
18.0
0.67
15.33
13.0
4.0
16.67
5.33
19.67
3.67
19.0
15.67
10.33
6.0
15.67
4.0
14.33
8.67
14.0
3.67
15.0
18.0
20.67
2.67
11.33
28.33
11.67
22.0
5.33
5.67
14.0
11.33
22.67
20.0
18.67
24.33
8.0
18.67
9.33
19.0
19.67
19.67
7.67
15.33
18.0
16.0
14.67
8.33
7.67
12.0
32.0
8.33
16.0
16.0
13.33
13.33
10.0
0.67
9.0
4.0
10.33
10.67
8.0
12.33
2.67
13.67
14.0
7.33
4.67
-0.67
10.33
2.33
4.33
0.0
2.67
5.33
6.0
4.33
4.33
-1.0
9.33
6.33
15.67
9.67
4.33
4.33
0.67
-3.0
6.33
8.67
4.0
1.33
8.67
0.33
13.0
3.67
-1.0
8.0
-2.33
0.33
11.33
7.67
5.0
12.33
6.67
12.0
9.67
0.0
3.0
5.67
15.67
-2.67
10.0
9.33
4.33
2.0
4.33
10.67
5.0
11.67
4.0
13.67
14.33
1.0
2.0
13.33
2.67
11.33
10.33
10.0
-6.0
22.33
-2.33
4.67
6.67
-1.0
7.0
6.67
17.67
3.67
5.0
-2.67
14.67
-4.33
13.33
-5.0
-0.67
19.0
14.67
11.33
4.67
9.67
5.0
9.33
20.67
8.0
4.0
12.67
-0.33
19.33
11.67
15.0
20.0
7.33
12.33
18.0
26.67
27.33
15.33
0.67
18.0
10.33
5.33
11.67
9.0
18.67
15.33
2.0
15.67
8.67
16.33
21.0
7.33
15.0
0.33
13.33
20.0
6.0
-2.0
-1.67
2.0
14.33
14.0
5.0
16.0
11.33
26.33
9.33
12.0
14.67
9.67
-5.67
14.33
19.33
5.67
4.33
9.67
7.33
11.67
10.33
-1.33
1.67
6.67
8.0
12.33
6.67
4.33
4.67
0.33
4.33
4.0
3.0
4.33
13.33
13.33
9.67
19.0
7.33
8.67
11.67
11.67
9.0
9.67
21.67
9.67
-1.67
20.33
1.67
14.33
10.67
1.67
5.67
4.0
4.67
12.67
16.67
11.67
11.33
12.0
1.67
9.0
2.0
14.33
8.0
16.67
2.33
2.0
8.0
12.0
-0.67
2.0
0.33
5.33
3.0
9.33
14.67
5.33
8.0
-6.33
-6.33
6.0
16.67
2.33
11.33
-7.67
-3.0
8.67
-0.33
-1.33
5.33
-3.67
-0.67
-0.33
-10.0
-8.33
4.33
11.0
-1.33
11.33
5.67
-5.67
1.0
7.0
5.67
0.67
6.33
-2.67
3.0
2.33
0.67
-0.33
5.0
12.0
13.0
9.33
8.33
0.0
5.33
8.33
4.67
-2.67
9.33
-2.33
-1.33
4.0
5.67
-2.67
2.67
1.33
4.33
2.33
-0.67
-0.67
-0.33
3.33
7.33
1.0
-7.33
0.67
4.33
7.0
2.0
4.33
-8.33
3.33
2.0
3.0
-3.33
12.67
2.67
5.67
-2.67
-2.33
2.33
11.33
-1.67
1.0
-1.0
7.67
0.67
1.67
9.67
12.33
9.33
10.33
1.33
-1.67
6.0
3.33
1.0
0.33
7.33
-4.67
10.33
13.67
1.0
0.0
5.33
18.33
6.0
6.33
0.67
-5.33
-0.67
5.67
-1.67
5.33
-1.67
1.0
-3.33
1.33
16.67
9.67
8.67
3.67
7.67
2.67
5.0
-3.33
9.33
-0.67
14.67
-3.67
4.33
11.0
-2.0
-2.33
-2.0
1.0
9.33
3.0
6.0
7.0
8.0
5.33
5.0
-8.0
-3.0
3.67
-5.0
5.33
5.67
-0.67
1.0
1.67
3.0
6.0
5.67
-1.67
1.33
1.0
10.67
6.67
-2.67
1.67
5.0
0.33
-1.0
-4.0
2.0
-0.67
-3.33
2.0
3.33
-2.67
3.0
6.33
-6.67
4.67
-0.33
-5.67
-7.33
3.0
6.33
2.67
6.33
2.33
0.33
1.33
-2.33
8.33
2.0
3.33
-1.0
-3.33
-1.0
-1.33
0.0
7.67
2.0
12.67
-0.33
2.33
-2.67
2.0
1.0
-4.0
-0.33
-1.67
-0.33
7.0
2.0
-5.33
8.33
-1.67
-5.33
0.0
6.0
6.33
3.0
-0.67
1.33
3.33
-0.67
-5.33
1.33
-3.0
1.33
10.67
6.33
7.33
4.67
10.0
11.33
2.33
1.33
9.0
3.67
2.0
10.33
3.33
4.33
-1.0
-3.67
7.67
4.0
6.67
0.0
8.33
11.33
-5.33
1.67
2.0
7.0
3.0
0.67
8.33
-0.67
-0.33
-1.0
-2.0
2.67
13.67
-0.33
4.33
-2.0
0.33
0.33
2.0
3.33
-3.67
-7.33
1.33
-2.0
2.33
5.33
1.67
1.67
-1.0
-2.0
6.33
1.67
3.67
2.67
3.33
0.33
5.67
5.33
-1.67
-2.67
0.67
-5.67
0.67
2.67
-3.67
4.0
-3.0
-1.67
-0.33
-6.0
-1.0
2.33
4.33
2.67
3.67
0.0
0.67
7.33
-3.0
3.33
2.0
2.0
1.67
4.67
8.67
7.0
0.0
10.67
6.67
5.67
-5.67
4.0
12.33
0.67
3.0
-6.33
4.0
1.33
-2.0
5.33
-2.67
1.0
-0.67
-3.33
2.0
3.0
-3.33
6.33
8.33
2.0
4.0
0.67
2.0
2.67
-0.67
7.33
6.33
11.0
2.33
5.67
3.33
-2.67
3.0
5.67
6.0
0.0
-1.67
4.0
2.67
5.33
1.67
-1.0
-3.67
-4.67
4.67
-4.33
-1.0
0.33
1.33
1.67
1.67
-1.67
-0.67
7.33
-0.33
-5.33
-1.67
-2.67
-4.33
0.67
3.33
-1.0
3.0
6.67
3.0
-1.67
