0.0
-15.33
48.67
-23.67
43.33
106.0
38.67
95.0
14.0
8.67
-43.0
-23.0
-9.33
58.67
55.0
63.0
22.0
5.0
18.33
-25.67
25.33
2.67
-11.33
-11.0
-12.67
-15.67
-16.67
-2.0
-1.0
-1.0
12.0
-2.33
-1.33
-1.67
-5.0
0.67
0.67
-1.33
1.0
-0.67
-0.67
0.33
-0.33
-0.67
1.0
0.33
0.0
0.0
-0.33
0.67
0.0
0.0
0.0
-0.67
0.0
-0.67
-0.33
0.0
1.33
-0.33
-0.67
0.0
-1.67
-0.67
-0.67
-0.33
1.0
-0.67
0.0
-0.67
0.0
0.67
0.0
1.67
0.67
-0.33
-0.33
0.67
1.0
-1.0
0.0
-0.33
-0.33
-0.33
-0.33
0.67
0.67
-0.67
-0.33
-1.0
-1.0
-2.33
-1.0
1.33
-1.33
0.0
-0.67
-0.33
0.33
2.0
1.33
1.33
-0.67
1.67
0.0
-2.0
-1.0
2.67
-0.33
-0.67
-0.67
1.33
1.67
-1.0
-1.0
-1.33
4.67
4.67
1.33
-2.33
0.0
-0.33
4.0
-3.33
7.33
2.33
-1.0
-1.0
-0.33
1.33
3.33
1.33
0.33
-1.67
1.67
-1.0
0.33
-4.0
-3.33
2.67
0.67
2.0
0.33
-5.33
3.0
2.0
-2.33
0.67
-0.67
-2.0
-2.33
-2.33
-3.67
4.33
2.0
-1.67
1.67
-0.33
-3.0
-3.0
0.0
-2.33
2.67
1.67
6.0
-0.67
2.33
1.33
0.0
-3.33
-1.33
5.0
3.33
-5.0
-4.0
7.0
2.0
1.0
-3.67
-1.33
3.67
-1.67
0.67
8.0
1.33
1.33
2.67
4.0
6.33
1.33
-1.0
0.67
1.0
4.0
5.33
-2.67
3.33
3.33
2.33
2.33
-3.0
3.67
1.33
0.0
-2.67
-0.67
-1.67
3.33
3.0
5.33
-0.33
-0.67
-1.33
-0.67
0.67
7.33
9.0
-2.0
-1.67
4.67
-1.33
-1.0
2.67
2.67
3.67
4.67
1.33
-2.67
-2.33
-1.0
0.67
0.67
2.33
-0.67
1.33
3.33
1.33
1.33
-2.0
-2.0
4.67
5.67
-6.67
-0.33
12.0
2.0
-3.0
-7.67
3.33
2.33
5.0
-5.0
-3.67
-3.0
-2.0
-2.33
2.0
0.67
-1.0
4.33
0.33
-2.0
7.0
-2.0
0.67
-0.33
0.0
3.33
-3.67
-4.33
0.33
1.67
4.67
2.67
-1.67
-0.33
0.67
-1.33
3.0
-4.33
-5.0
-4.0
-0.33
-4.0
1.33
11.67
8.33
9.0
-2.0
4.33
5.33
1.67
-1.33
0.67
1.67
-4.33
3.67
-1.67
-4.67
-2.67
-3.67
-3.33
-0.67
2.0
-2.33
-1.67
5.0
2.67
-6.0
-2.0
1.0
-3.67
0.67
-1.0
4.33
-3.67
-0.33
-4.33
3.67
-2.0
-3.0
0.0
0.33
1.67
5.0
5.67
-2.0
-2.0
1.0
-2.0
-2.0
2.67
-3.0
4.33
3.33
5.33
3.67
-2.0
1.0
4.0
7.33
-4.0
2.0
-1.33
1.67
-1.33
-2.67
2.0
-3.0
0.33
-2.67
1.67
2.67
3.67
-5.0
10.0
5.33
0.0
2.33
-2.67
-1.33
-1.0
0.33
1.0
-1.33
-3.67
-1.0
3.33
1.67
-1.33
2.67
-1.0
-0.67
6.33
0.67
1.0
-3.0
-1.67
0.0
3.0
-3.0
-2.67
-1.67
2.0
4.0
0.33
0.33
0.67
-1.67
0.33
3.0
0.33
3.67
0.0
0.0
1.67
2.67
4.67
0.67
-4.33
-3.33
-7.67
-1.0
0.67
-1.33
-0.67
1.33
-0.67
-4.33
2.0
-0.67
-3.0
3.33
-3.33
0.0
2.67
0.0
-1.33
-3.67
-0.67
6.67
2.0
1.67
4.33
4.67
2.33
-3.0
-0.67
4.33
-1.33
-0.67
-0.33
0.0
0.0
-0.67
-2.0
3.33
-1.33
-4.33
0.0
4.0
1.67
3.0
3.67
6.0
-1.33
4.33
6.0
-0.67
11.0
-6.33
1.67
9.67
-5.0
0.33
0.33
0.0
-0.33
0.33
2.33
-3.67
2.33
-0.33
-2.67
1.0
1.33
5.33
-0.33
-1.0
5.0
3.0
2.0
-3.33
2.33
1.33
0.33
4.67
2.33
0.67
-0.33
-1.67
-3.67
-3.0
1.33
4.33
4.0
2.67
-2.0
0.0
-3.33
-1.67
0.67
3.33
0.0
0.0
-0.67
-3.67
-0.67
-0.33
-1.33
3.33
3.33
0.67
-1.0
5.33
-0.33
0.67
4.67
0.67
4.33
-0.33
-2.33
-1.67
3.67
0.33
-4.67
0.33
0.33
0.0
-2.0
-1.0
-1.33
4.0
-4.33
3.67
-2.67
3.67
2.33
1.67
0.33
-1.67
2.0
3.67
-1.67
-4.33
-1.33
4.0
1.67
-2.33
-1.33
-1.0
2.67
-1.33
-1.33
-3.33
0.67
1.33
0.0
-0.33
-1.0
1.67
2.0
5.0
-1.0
0.0
1.67
0.67
0.0
0.0
-3.0
4.67
-1.67
1.67
-2.0
0.0
1.67
1.67
-2.33
0.0
0.0
-0.33
0.0
-6.0
2.0
3.0
3.0
-2.67
-0.33
6.0
-0.33
-0.33
-4.33
-2.0
3.0
-0.67
3.67
0.0
5.0
4.0
-2.33
3.33
2.67
1.33
2.0
-3.67
0.0
1.67
2.67
3.67
2.33
-2.0
-2.0
1.33
-0.33
-2.67
4.33
-2.33
0.0
4.0
1.0
1.67
2.33
7.67
0.0
2.67
2.67
1.0
-0.33
3.33
0.0
0.67
3.33
1.33
1.33
4.67
0.67
2.33
1.33
0.67
2.33
2.0
6.67
-2.0
1.67
1.0
2.67
1.67
-1.67
1.33
0.0
-3.0
1.0
-4.33
-1.0
-2.0
1.0
2.33
4.0
5.33
-1.0
-0.67
6.0
0.0
-0.33
-2.33
4.67
-1.67
-6.0
2.33
2.0
-0.33
3.67
-1.33
0.67
1.33
0.0
3.67
0.67
0.0
-7.0
-2.0
5.33
3.67
-1.33
-1.67
1.33
2.0
0.67
2.67
-0.33
1.67
3.33
0.67
1.0
-1.33
-4.67
-2.33
-2.0
3.0
-1.0
-1.0
-2.67
-2.0
3.0
0.67
0.67
2.0
-0.33
0.0
-2.67
4.33
-2.67
-0.67
-1.33
-2.33
-1.67
-3.0
2.33
-2.67
0.33
3.67
5.0
-4.0
0.0
-3.0
0.67
4.67
1.0
-1.67
0.67
-0.67
0.33
2.33
-1.67
-0.33
2.33
-1.33
0.33
2.67
-0.33
-2.0
-3.67
-1.33
-1.0
-1.67
-2.0
1.0
3.33
1.0
-3.67
0.67
3.67
2.0
0.33
-6.0
-2.0
-3.67
1.33
-2.0
0.0
-3.33
1.0
-3.0
-3.33
-1.67
-0.67
-6.0
-3.0
-4.0
-2.33
0.33
-3.67
-5.33
-0.33
-1.67
-1.33
3.0
-1.0
1.0
-1.67
-2.0
3.67
-4.0
7.0
2.33
2.33
-2.0
-1.67
6.67
-6.33
-5.0
-4.33
1.33
-4.33
4.0
0.33
2.0
-3.67
4.0
1.67
-2.33
2.67
3.33
-2.33
-6.0
-6.33
-0.33
-1.67
-3.0
4.67
-4.0
0.33
2.0
-1.33
3.0
-4.33
-8.0
6.33
0.0
0.67
2.0
0.33
-1.67
1.33
4.33
3.0
-4.33
5.67
3.33
4.0
1.67
-3.67
3.67
5.33
-1.67
2.67
4.67
-2.0
4.33
-0.33
-2.33
2.33
4.67
0.33
2.67
-1.0
-4.33
-5.67
5.0
2.33
-3.33
4.33
-0.67
-2.67
4.33
-2.33
0.67
6.0
-6.33
-0.33
5.0
-1.0
6.0
3.67
5.67
5.67
8.0
1.33
-2.33
3.33
1.67
2.33
3.0
5.33
8.0
-0.33
1.67
-1.33
0.67
1.33
3.33
3.33
-3.33
2.33
3.33
-4.67
2.67
1.0
0.33
0.0
-1.67
-3.33
0.33
1.67
4.67
-4.67
2.0
2.67
-3.33
-1.67
6.33
-3.33
-1.33
4.0
2.0
1.33
5.67
1.67
2.67
4.67
-0.33
5.33
2.33
9.0
-1.0
-1.0
0.33
3.33
3.33
0.0
0.33
4.67
-0.67
6.33
0.33
2.0
4.67
6.0
4.67
-4.67
4.0
4.0
5.0
9.33
-1.33
5.33
3.0
-2.67
6.67
9.33
8.67
10.67
17.67
25.67
28.33
30.0
36.33
39.0
16.0
26.0
35.33
26.0
31.67
30.33
23.0
15.67
18.0
22.67
22.67
9.0
8.0
8.0
10.0
8.67
15.0
1.33
13.33
-6.33
4.67
5.33
4.67
10.67
3.33
11.67
5.0
0.67
2.33
-0.67
2.0
4.0
-3.33
-0.33
-1.67
3.67
0.33
1.0
-1.0
4.33
5.0
4.0
0.67
6.0
7.0
2.33
6.67
-0.33
10.0
8.33
2.0
4.33
10.0
5.67
12.33
6.33
10.33
7.33
5.0
5.0
-1.67
5.67
5.0
-1.33
9.33
-1.33
0.0
-0.67
-2.33
2.67
-2.33
4.33
1.67
1.0
3.33
0.0
-2.67
11.33
4.0
3.33
-3.67
-6.67
-1.0
0.0
5.67
3.33
0.67
3.33
-2.67
1.67
4.0
-1.33
-0.67
1.0
3.0
2.0
7.0
6.67
6.33
0.67
3.0
2.67
7.33
3.0
4.0
5.67
3.33
-3.67
3.67
1.0
4.33
-0.33
6.0
3.0
13.0
11.33
15.67
22.67
10.67
3.67
10.0
17.67
13.67
15.67
9.33
11.0
16.33
4.0
6.67
5.67
10.0
10.67
9.33
6.33
10.0
5.0
2.0
-4.33
6.0
3.33
10.0
-0.67
-0.67
8.0
5.33
6.33
-2.0
-1.33
3.33
6.33
-2.33
5.67
-0.33
6.33
-2.33
8.67
0.67
10.0
6.33
3.0
1.33
5.0
0.67
8.67
1.67
7.0
-2.33
4.67
-0.33
-5.67
3.0
-1.33
4.33
5.33
-2.67
8.0
-2.67
-4.33
-0.67
8.67
8.33
1.0
2.67
0.67
-3.33
4.0
0.33
0.0
1.0
-0.33
-0.67
1.33
6.0
3.67
6.67
1.67
-0.67
4.0
-8.33
1.0
5.0
1.67
2.67
4.0
3.33
16.33
15.33
3.67
-5.67
-0.67
6.0
15.67
9.67
6.0
9.67
15.67
-1.33
6.0
2.67
7.0
2.33
1.0
5.0
8.0
-0.33
7.0
4.0
1.0
3.33
7.33
2.0
9.33
5.0
-1.67
5.33
3.33
1.0
9.0
13.33
3.0
8.0
6.0
2.0
5.0
7.0
15.33
21.33
24.0
21.33
12.67
27.33
32.0
26.33
33.67
27.33
24.0
28.33
24.33
33.0
30.67
21.0
30.67
28.67
32.33
31.67
22.67
24.0
31.67
12.67
17.0
16.0
4.0
17.67
6.0
4.67
5.67
0.33
4.33
14.33
-5.33
7.67
14.0
11.33
16.67
21.67
16.67
12.67
26.33
23.67
25.33
29.67
37.33
35.67
45.0
59.0
57.67
50.67
61.67
32.0
37.0
39.0
49.67
48.0
42.67
51.33
31.0
43.67
66.33
48.0
48.0
56.67
75.33
85.67
69.67
83.33
99.33
103.33
88.0
102.0
105.0
88.33
76.67
95.33
67.67
48.67
57.0
54.33
36.33
45.33
29.67
31.0
17.0
8.67
16.0
16.67
12.0
21.0
3.0
2.33
20.67
3.33
9.67
7.33
11.33
11.33
5.67
16.0
2.67
2.67
7.33
5.0
0.67
5.67
5.0
5.33
-3.33
1.33
0.0
-8.0
-3.0
2.33
19.33
3.0
1.33
-1.0
15.67
3.0
2.0
6.0
12.67
2.67
7.67
9.0
5.33
0.0
3.0
11.67
10.67
7.0
4.67
2.0
8.67
10.0
3.0
-2.0
6.0
12.67
9.0
1.33
-3.33
3.67
14.33
10.0
10.33
-3.67
12.33
9.33
1.0
6.67
-2.0
1.0
-3.0
15.0
-9.67
2.33
-1.67
9.0
4.33
10.67
2.67
3.0
-1.67
6.0
-1.67
8.67
6.33
1.33
6.0
2.0
10.0
-9.0
1.0
-1.67
9.33
3.0
11.67
3.67
12.33
-4.67
-9.33
8.33
1.67
11.0
1.0
2.67
-6.0
5.0
3.0
1.67
10.67
-7.0
6.67
3.0
-7.0
2.0
1.0
1.33
-5.33
-3.33
11.67
12.33
10.67
0.67
-2.0
8.0
-9.0
4.0
-3.67
-3.0
8.33
4.33
-4.33
7.67
0.67
1.67
3.0
4.67
3.33
6.0
12.0
-4.33
5.33
-5.33
0.67
6.0
-7.33
5.33
1.0
-1.33
-11.0
-1.67
-1.33
-4.0
-0.33
-1.0
-4.0
-9.33
-7.33
3.33
-0.67
4.67
-6.0
11.33
-1.33
-1.0
5.33
3.67
1.0
4.67
1.33
-2.0
0.67
9.33
5.0
6.67
0.67
-3.33
-10.67
0.0
6.0
-3.33
7.33
9.67
14.0
16.0
6.33
-7.0
6.0
5.33
4.33
8.0
-2.33
3.0
7.0
0.33
0.67
2.0
12.33
-2.33
11.67
14.0
-2.67
8.67
1.33
2.33
2.33
-1.67
1.0
1.67
-13.67
3.0
-3.67
-4.67
2.0
0.33
-1.67
-3.33
-1.33
-3.67
4.33
-6.33
-3.0
-4.67
-2.33
8.0
3.33
-1.33
4.33
9.0
12.67
-6.0
0.0
3.67
5.33
8.33
1.67
5.0
0.33
7.67
3.0
0.67
6.0
-3.0
4.67
11.67
3.33
-2.0
-4.67
-1.67
2.0
-1.67
-4.33
1.0
-1.33
0.0
0.67
0.33
-1.0
-9.0
6.33
-0.33
-13.67
9.33
10.0
4.0
4.33
7.67
1.67
9.67
1.0
-10.0
-1.33
7.67
-4.33
-1.0
4.33
-4.33
3.67
2.33
-5.0
-6.67
3.0
-1.33
-6.67
-8.33
0.67
2.0
9.33
10.67
2.0
-1.0
5.67
3.67
-5.67
-8.33
-6.0
1.0
-5.67
0.33
-4.0
4.67
4.33
12.33
0.67
2.0
11.33
-10.67
-6.33
6.0
5.67
1.33
8.0
4.67
-1.33
-7.67
-6.0
1.33
-2.0
4.33
1.33
-9.0
4.0
6.0
-1.67
1.0
4.33
0.0
-9.0
6.0
8.33
7.33
-4.67
-1.0
0.67
-0.33
-1.67
-4.67
-2.67
-6.33
-4.67
-0.33
-0.67
6.67
-2.67
-4.33
6.67
3.67
-10.0
0.33
7.67
-0.67
3.67
1.33
3.33
-5.0
13.0
6.33
5.33
2.33
1.67
11.0
7.33
7.67
4.67
3.67
10.0
11.67
-2.33
12.67
10.33
9.33
2.67
3.33
-2.33
2.67
6.67
15.0
1.67
0.67
1.67
-0.33
-6.67
5.0
-0.33
3.0
4.0
-2.67
7.0
3.67
10.33
-5.0
2.0
-5.0
2.33
4.0
2.33
3.33
-4.0
-1.67
13.67
-1.67
-1.0
-3.33
-3.33
1.0
15.67
8.33
0.33
1.33
-5.0
8.67
-7.33
-2.33
-1.67
-8.67
7.33
-7.33
-5.0
-5.33
13.33
-2.0
7.67
0.33
-8.33
5.33
0.0
5.0
3.67
-0.33
-1.67
0.33
2.0
-5.67
6.67
0.67
-3.0
5.0
8.0
-1.67
5.33
4.0
0.33
-1.67
3.67
-2.67
2.33
5.67
-1.33
-12.0
4.67
0.33
10.67
-7.67
-0.67
2.33
-7.67
-5.67
5.67
2.33
0.33
7.0
-5.33
7.67
1.33
2.0
2.0
3.33
-5.33
10.33
-2.0
4.0
-8.33
-0.33
-1.33
8.67
7.33
1.67
-6.67
-5.67
-10.67
3.0
-2.0
-0.33
2.67
-0.33
1.67
-0.67
10.33
-3.67
1.33
2.33
0.0
8.33
3.0
3.33
7.33
-4.67
-2.67
6.67
-6.0
3.0
5.33
3.33
5.0
1.33
-2.33
2.67
-1.67
6.67
-6.67
-4.67
3.33
-1.0
3.67
-0.67
0.67
7.67
2.67
4.67
-2.33
2.67
-1.0
1.67
-0.67
-4.67
-5.33
4.33
-2.67
-3.0
-5.0
-5.33
-6.0
3.0
7.33
-2.0
3.0
2.0
0.0
0.33
0.0
-8.0
-1.0
4.67
0.0
2.33
-4.33
-3.67
-2.0
-4.33
2.0
3.0
3.67
4.33
-0.67
13.0
1.67
-1.33
-2.67
0.67
-3.0
-9.67
1.0
1.0
-1.0
-3.67
-5.33
2.0
-1.67
5.33
-6.0
3.33
-5.67
-4.33
-0.33
-10.67
-7.33
4.0
8.33
-2.33
-0.67
1.33
6.33
-0.67
-2.33
2.33
-3.0
-8.67
-2.0
-1.33
8.0
3.67
3.0
-4.33
4.0
-0.33
3.67
-1.67
2.33
-2.0
-5.0
3.0
-0.33
4.33
0.67
1.0
-2.0
-3.33
-0.67
0.33
2.67
-4.0
5.0
0.33
-2.0
0.33
-1.67
2.33
-1.67
-3.33
-0.67
-6.0
1.33
6.67
-0.67
-5.67
-0.33
2.0
3.33
3.33
-1.67
-4.0
-1.33
-6.0
9.33
0.33
4.33
-6.0
1.33
-0.33
2.0
-2.33
-4.0
0.33
3.33
-1.33
-6.33
-1.0
5.0
2.0
1.67
3.33
-0.67
3.67
1.0
1.0
4.67
10.67
2.67
8.33
1.0
3.33
0.33
5.0
6.33
1.33
-3.33
-2.67
3.0
-0.67
6.33
-4.33
-0.33
-8.0
-3.0
-1.67
-2.33
5.67
5.67
0.33
-2.67
-4.33
-0.67
-2.67
-2.67
-2.33
-4.67
-0.33
6.67
-3.67
4.0
3.0
-1.67
2.67
-2.0
-1.0
-0.67
-2.67
2.67
4.67
-3.0
4.67
3.33
5.0
6.33
7.0
-1.0
-1.33
-1.33
3.67
-3.0
1.0
4.67
7.67
2.67
-2.67
-3.0
1.33
-2.33
1.0
-6.33
6.0
1.33
-1.0
6.33
2.33
-2.0
-8.67
-2.33
7.0
6.0
-1.33
-0.67
7.33
4.0
-1.0
-1.33
-3.0
3.67
1.33
12.33
-0.67
10.0
2.33
2.67
3.33
-2.67
1.0
2.67
4.0
-6.0
4.33
-3.0
4.67
-2.67
-0.33
4.0
-1.67
-6.67
3.67
3.67
3.0
1.33
2.33
-3.33
-4.33
-7.67
0.33
0.33
-1.33
-5.33
-1.67
0.33
2.67
4.67
1.33
-3.0
0.0
1.67
2.0
-2.67
