0.0
-24.33
-6.33
-69.67
-27.67
59.0
-50.33
69.0
40.0
35.67
-29.0
45.0
-11.33
23.67
13.0
0.0
39.0
41.0
22.33
-30.67
29.33
46.67
-19.33
-23.0
2.33
4.33
-22.67
13.0
4.0
2.0
1.0
4.67
-0.33
0.33
0.0
5.67
0.67
0.67
-1.0
-1.67
0.33
-0.67
0.67
1.33
0.0
0.33
1.0
0.0
0.67
1.67
0.0
1.0
1.0
-0.67
0.0
-0.67
-0.33
0.0
-0.67
-0.33
0.33
1.0
-1.67
-0.67
-0.67
0.67
0.0
-0.67
-1.0
-0.67
0.0
0.67
2.0
-0.33
-0.33
-0.33
-1.33
-0.33
0.0
-1.0
1.0
-0.33
-0.33
0.67
-0.33
-0.33
0.67
0.33
-0.33
-1.0
2.0
0.67
-1.0
-0.67
-1.33
0.0
0.33
1.67
1.33
0.0
0.33
1.33
0.33
0.67
0.0
0.0
-1.0
-0.33
-1.33
-1.67
-1.67
0.33
0.67
0.0
1.0
2.67
3.67
2.67
0.33
-2.33
0.0
-0.33
5.0
0.67
2.33
2.33
2.0
5.0
1.67
3.33
8.33
-1.67
-0.67
3.33
5.67
-1.0
3.33
-2.0
-5.33
1.67
8.67
6.0
2.33
0.67
4.0
5.0
-1.33
5.67
10.33
-1.0
4.67
1.67
-1.67
6.33
-1.0
0.33
5.67
2.67
-2.0
-7.0
1.0
4.67
3.67
4.67
1.0
4.33
5.33
2.33
4.0
1.67
8.67
9.0
3.33
-2.0
8.0
5.0
3.0
5.0
4.33
1.67
6.67
6.33
5.67
7.0
4.33
3.33
7.67
0.0
3.33
8.33
3.0
4.67
1.0
8.0
4.33
3.33
7.33
5.33
3.33
1.33
2.0
7.67
-1.67
3.0
10.33
-0.67
2.33
6.33
1.0
4.33
1.67
12.33
5.67
5.33
-0.33
9.33
8.0
4.0
6.33
8.67
3.67
3.0
8.67
3.67
0.67
7.67
8.33
2.33
-0.33
9.0
6.67
8.67
2.33
2.33
1.33
8.33
-0.67
2.33
4.0
4.0
4.67
-0.33
1.33
6.67
7.0
-1.0
4.0
-5.67
1.33
7.33
5.0
-1.0
1.33
3.0
8.0
6.67
7.0
-1.33
6.0
3.33
3.33
2.0
2.0
5.0
10.67
5.67
4.0
10.33
1.33
4.67
3.33
-5.33
5.67
6.67
-2.67
-4.33
-1.33
1.67
5.0
2.67
-1.0
-2.0
-5.33
8.0
-3.67
2.67
-3.67
10.0
7.0
8.33
4.33
2.67
2.67
9.67
2.67
0.67
8.67
3.33
8.33
2.33
4.33
6.67
3.33
5.0
1.67
5.33
4.0
10.67
-1.0
3.0
4.0
-0.67
2.67
0.0
4.33
3.33
-2.33
3.67
2.67
5.0
11.0
4.0
0.33
0.67
-1.0
2.67
2.0
10.0
5.0
0.0
3.0
2.67
-1.0
6.33
7.33
7.33
1.67
6.0
2.0
2.0
6.33
3.0
3.0
4.67
3.67
3.67
-0.67
-1.0
-5.0
-1.67
5.33
4.67
-0.33
0.67
4.0
6.0
7.33
4.0
6.33
7.33
-6.33
5.0
2.33
2.0
0.67
3.33
9.0
12.33
3.67
3.67
-0.33
8.0
6.33
2.33
7.67
4.0
-1.0
7.33
1.0
2.0
4.0
-1.67
-5.67
2.0
4.0
3.33
0.33
4.67
-1.67
5.33
8.0
1.33
5.67
13.0
1.0
9.67
10.67
5.67
1.67
2.67
2.67
0.33
-1.0
6.67
2.67
0.33
-0.67
-3.67
4.67
1.0
3.33
-1.0
-0.67
8.67
5.0
1.67
1.0
-0.33
7.33
5.33
6.67
5.0
8.67
8.33
-1.33
-3.67
0.0
4.33
3.33
1.67
5.33
6.67
1.0
2.0
6.33
2.0
-1.67
6.67
5.67
5.0
2.0
5.67
0.0
6.67
1.0
-0.33
2.33
1.0
-0.67
3.0
-2.33
1.67
-2.33
0.0
1.33
-0.67
8.0
1.67
-1.67
-0.67
-1.67
6.33
-0.33
-0.67
-1.0
2.33
3.33
2.67
1.0
3.0
2.0
8.0
2.67
2.33
2.33
5.33
6.67
3.33
-0.33
3.67
7.33
-1.67
5.0
0.33
0.33
6.0
0.67
0.0
0.0
-3.33
0.33
7.67
1.33
-1.0
6.0
-0.67
3.33
-1.67
4.67
5.67
7.33
3.33
0.67
3.0
1.33
1.67
1.67
2.67
4.67
6.33
0.67
1.67
-0.67
-1.33
-0.67
2.33
1.33
6.33
8.0
-1.0
-1.0
-1.33
7.0
-0.33
4.67
-0.67
-2.33
3.33
4.67
-3.67
-1.67
1.0
1.67
1.33
-1.33
-0.33
7.0
3.67
0.67
1.67
0.0
-0.33
-1.33
2.67
-1.33
-0.33
-1.67
2.0
-1.33
4.0
3.67
-2.0
3.0
-2.0
-3.0
-5.33
4.67
-3.0
4.0
1.0
7.67
-1.67
1.67
3.0
-1.0
2.67
1.67
2.67
1.0
3.0
-1.33
2.0
0.0
5.0
4.0
2.0
1.33
3.67
5.0
2.67
2.67
-2.33
0.0
7.0
1.33
-0.33
-2.0
-1.0
0.0
-0.33
2.33
1.67
1.33
7.0
1.33
-4.0
3.67
5.67
0.67
0.33
3.0
1.0
2.33
1.67
0.33
1.33
1.67
2.0
3.0
6.0
4.67
1.33
4.67
0.0
-1.33
-1.33
-1.0
0.67
5.33
0.0
-0.33
1.33
1.33
2.33
-0.33
0.67
5.33
-1.67
-3.33
5.33
4.0
1.67
-2.0
3.67
-1.0
2.67
3.67
-0.67
1.33
-2.0
0.0
2.0
4.67
1.0
-2.0
4.0
1.33
-3.0
0.33
4.0
6.33
-3.0
-4.0
3.67
2.67
2.67
0.33
0.0
0.33
1.0
-2.33
-0.33
3.67
-1.33
-3.67
1.0
-2.33
1.67
5.0
-4.0
2.0
1.33
-2.33
4.67
-0.67
7.33
0.0
-3.33
0.67
0.67
0.67
3.33
2.67
0.0
2.67
-1.67
0.67
0.0
6.0
1.0
-4.0
3.33
0.0
5.0
-0.33
-0.33
6.0
0.67
-3.0
-1.67
-0.67
-1.67
1.33
1.67
-0.33
1.33
0.0
-2.67
1.33
-3.67
4.67
7.0
-2.0
6.0
2.0
-0.33
0.67
4.0
-2.67
-1.33
-1.67
4.33
-1.67
-2.67
-0.33
7.33
0.67
2.33
-0.33
2.67
-1.0
-0.67
-4.33
2.0
5.33
-2.0
0.0
1.33
5.0
-0.67
1.67
1.67
4.0
-0.67
-3.0
-5.0
4.33
0.33
1.0
-2.0
-0.33
0.0
0.0
-1.33
-2.67
0.33
0.0
2.0
4.0
-1.33
3.33
1.33
-0.33
5.67
5.33
1.67
1.0
-3.0
1.0
-1.67
-1.0
3.67
4.0
5.0
2.33
3.33
4.0
1.33
6.67
-0.33
-5.0
-4.33
0.33
-0.33
3.0
-2.67
0.0
0.33
3.0
0.67
-1.33
2.67
5.33
5.67
0.0
-0.33
1.67
-2.67
-2.0
-1.33
8.0
5.33
-1.0
4.67
6.0
3.67
-5.0
6.33
2.0
2.67
2.0
5.33
2.33
3.33
2.33
-2.0
2.67
6.67
10.33
0.0
4.67
4.33
-1.33
1.33
3.33
2.67
1.67
2.0
4.33
1.67
-1.33
-0.67
10.67
5.33
4.67
-7.0
-1.33
3.33
8.0
4.33
-0.33
5.33
2.33
1.33
4.33
1.67
-1.33
-3.0
6.67
1.67
3.0
3.0
5.0
-6.33
4.67
-2.33
6.0
1.33
-1.33
7.33
5.67
1.33
3.0
3.33
7.0
0.67
5.67
10.67
5.67
1.33
6.33
5.33
0.67
0.33
6.33
-0.67
4.67
0.0
-1.67
7.0
1.33
3.67
-2.67
7.67
6.67
4.33
9.0
6.67
6.67
0.33
8.33
4.67
4.67
9.0
9.0
6.33
9.67
8.67
5.67
4.67
7.67
8.33
6.33
8.0
-2.0
9.0
2.33
9.33
5.33
8.0
8.33
12.67
8.33
5.33
14.33
9.0
7.67
6.0
0.67
2.33
4.0
2.0
1.0
0.33
8.67
6.33
0.0
7.33
4.67
21.33
9.67
27.67
16.67
20.67
22.33
35.0
27.33
22.0
30.0
27.0
28.33
26.0
28.67
24.33
29.0
24.67
7.0
26.67
23.67
9.0
18.0
13.0
9.0
5.67
12.0
8.33
16.33
2.67
11.67
1.33
11.67
10.67
11.33
21.67
6.0
6.67
6.33
2.33
8.0
13.0
7.67
10.67
17.33
10.67
11.33
8.0
10.0
21.33
4.0
14.0
11.67
22.0
4.0
17.33
11.67
19.67
17.0
17.33
13.0
22.33
13.0
15.67
22.33
20.33
22.33
23.33
10.0
9.0
17.33
17.67
27.0
13.67
7.33
12.67
13.0
13.33
18.67
13.67
14.67
24.33
28.67
20.0
22.33
15.0
11.33
30.33
22.0
14.33
9.33
10.33
13.0
15.0
16.67
12.33
12.67
15.33
16.33
8.67
17.0
22.67
10.33
13.0
20.0
12.0
19.0
30.67
20.33
26.67
16.0
18.67
23.33
21.0
14.0
20.67
19.33
19.33
23.67
20.0
22.33
15.67
15.0
24.0
8.0
18.33
20.67
15.67
17.67
18.67
27.0
29.67
29.67
20.67
33.33
17.0
23.33
6.0
27.67
14.67
31.0
17.67
3.33
19.33
13.0
18.0
29.0
16.67
31.0
18.33
20.0
30.33
18.33
22.0
18.33
23.33
20.0
26.67
18.33
21.33
31.67
17.67
35.67
17.33
30.67
30.67
29.67
26.0
30.33
27.0
24.33
26.0
12.67
10.67
11.67
12.0
23.67
14.67
13.67
9.33
18.0
4.67
14.33
9.33
13.33
13.0
15.33
16.67
7.33
6.67
8.33
6.0
9.67
7.67
6.67
15.0
5.33
0.0
14.0
18.67
0.33
13.33
9.0
12.67
9.67
18.67
24.33
17.0
23.67
24.0
21.0
33.67
38.67
40.0
48.33
57.33
48.33
42.67
44.33
55.33
56.0
46.67
51.67
47.0
55.67
48.67
32.67
28.0
13.67
24.0
12.33
24.0
16.0
10.0
13.67
7.0
20.0
9.0
12.33
12.33
17.0
25.33
10.0
13.33
17.33
7.33
15.0
29.0
33.33
17.0
30.0
23.0
36.0
41.0
47.0
49.33
55.33
45.0
44.33
79.67
78.33
90.0
76.33
85.67
90.33
107.0
103.33
98.33
96.0
87.67
82.0
70.67
57.67
67.33
50.67
35.67
32.0
21.67
39.67
30.0
18.0
19.0
15.67
20.0
21.67
10.67
7.33
16.33
18.33
5.67
15.67
10.0
10.33
22.67
15.67
19.67
18.67
25.33
15.67
22.33
19.67
18.33
19.67
31.0
38.0
30.67
30.67
31.67
40.0
38.0
32.0
39.67
42.0
46.67
37.33
34.0
62.67
43.33
47.0
42.0
46.67
33.33
45.67
46.67
47.33
27.33
27.33
51.0
36.0
42.0
25.33
29.67
31.33
39.67
38.67
25.0
18.33
31.33
31.33
24.67
31.0
21.0
25.67
24.0
30.67
17.0
30.0
14.0
26.33
14.67
17.33
10.67
8.33
15.33
11.33
3.67
15.0
13.67
-1.33
11.33
-2.0
5.67
18.67
12.0
10.33
6.67
5.33
13.0
16.0
16.0
11.33
7.33
13.0
13.33
19.0
18.67
7.0
14.0
15.0
10.67
14.67
11.67
19.0
13.33
18.0
18.0
21.67
16.67
17.0
21.67
14.0
17.67
21.0
17.0
16.0
17.0
36.67
14.0
25.33
28.67
18.67
35.33
18.0
26.33
19.33
20.33
31.33
23.0
9.67
17.0
17.0
13.0
15.0
32.33
23.33
10.33
22.0
35.33
21.67
20.67
8.0
23.33
21.0
15.33
13.67
7.33
19.33
23.0
14.0
14.0
20.0
15.0
3.33
18.33
18.0
21.67
20.67
12.33
17.33
6.67
26.33
17.67
19.0
7.0
18.67
3.0
12.0
17.0
9.67
19.67
14.0
30.67
12.0
11.0
19.0
22.0
2.33
13.67
11.67
20.67
20.33
11.67
5.67
-5.0
18.0
4.0
8.0
14.33
15.0
8.33
4.33
3.67
20.67
11.67
7.67
16.0
4.67
8.33
18.0
10.0
1.67
14.33
9.67
6.67
13.0
11.67
8.33
15.0
2.67
-1.0
13.33
15.67
1.0
3.67
7.0
11.0
6.67
14.67
2.33
4.33
11.67
7.0
9.33
10.67
10.0
14.33
11.67
9.0
1.67
7.33
9.0
11.67
17.33
1.0
14.67
17.67
2.67
1.33
9.0
22.0
5.67
13.33
5.67
6.0
21.0
9.33
-2.0
10.0
13.33
15.33
21.0
7.67
8.0
9.0
0.33
2.67
23.0
5.33
8.67
19.67
22.0
8.33
18.67
6.33
4.33
20.33
4.33
6.0
17.67
-2.67
10.0
-2.67
4.33
3.0
8.33
18.33
-1.33
7.67
17.33
5.33
-5.33
11.0
1.33
3.67
-1.0
1.33
2.67
3.33
13.0
7.67
21.0
13.0
14.67
-4.67
1.33
11.67
18.0
11.33
19.67
22.0
12.67
8.0
13.0
0.67
10.67
1.33
4.0
1.33
8.33
9.0
18.33
9.67
8.0
9.67
11.0
18.67
15.33
15.0
2.0
13.33
12.67
11.33
22.33
3.0
11.0
15.33
6.67
11.67
2.67
10.0
8.0
5.67
15.67
5.67
6.0
5.33
9.67
6.67
21.33
11.0
8.33
16.0
14.67
7.33
4.67
-1.33
12.0
10.33
11.67
6.0
27.0
11.67
-3.33
6.33
15.67
16.0
8.0
4.33
6.33
19.0
7.67
13.33
4.33
15.67
11.0
16.33
13.33
3.67
11.0
13.67
10.33
14.0
2.67
2.67
5.33
10.0
13.33
17.0
11.33
10.33
25.0
10.0
3.0
4.33
6.0
17.33
12.0
15.0
22.0
4.33
13.33
7.33
-2.0
16.67
12.67
6.33
13.33
11.33
1.67
5.33
11.67
6.33
15.67
5.33
8.67
-0.33
-0.33
0.0
4.33
7.67
22.33
3.67
13.33
16.33
15.0
3.0
-0.67
-0.67
8.33
13.67
16.0
2.33
9.67
4.67
-1.33
8.0
1.67
5.67
8.67
4.33
10.33
8.67
4.33
14.67
21.67
2.67
9.0
5.67
4.67
10.67
1.67
10.33
15.0
9.67
17.0
5.0
-0.67
5.0
8.67
11.33
3.0
0.0
4.0
3.33
1.0
9.33
13.33
7.0
-11.67
4.67
7.33
-2.0
0.67
10.67
8.0
3.67
7.33
6.33
-0.67
-2.0
18.67
15.67
1.67
-4.67
-4.67
4.33
8.67
5.0
1.67
1.33
3.0
12.67
-7.67
-0.33
13.33
9.0
-1.0
9.67
-1.33
8.33
-1.67
-1.0
-6.67
-3.33
4.67
-1.0
7.0
2.0
11.33
5.33
7.0
11.33
9.33
3.67
5.33
10.33
8.67
8.67
1.0
3.67
2.33
9.67
-0.67
8.33
5.33
10.33
1.33
11.67
14.33
-4.67
5.0
-12.33
-1.33
4.33
-2.0
6.0
6.33
12.67
6.33
5.0
3.0
5.67
5.67
-5.33
14.67
4.33
9.67
11.33
5.33
2.33
0.0
6.0
10.67
1.67
4.67
8.67
-0.67
10.33
3.33
3.33
3.33
15.0
2.33
1.0
0.33
10.33
5.33
7.33
11.67
5.0
2.0
10.33
2.33
7.0
2.33
1.67
10.67
6.33
5.67
0.33
-0.67
0.33
7.0
0.67
6.33
10.67
-3.33
-2.33
12.67
0.67
7.67
-1.0
6.67
-1.67
-0.67
-3.33
2.33
3.33
2.0
2.0
3.67
2.0
14.0
4.33
6.0
4.0
15.0
11.0
2.33
7.0
-1.0
2.0
13.67
-4.0
6.33
12.67
3.33
4.0
0.67
4.0
3.0
8.67
0.33
-6.67
2.0
5.67
6.67
6.33
5.67
0.0
-4.67
3.0
12.0
-4.0
-2.67
-1.33
5.0
-4.67
0.33
2.0
8.33
-6.67
1.67
-1.33
3.33
-2.33
3.0
-4.67
-0.33
4.33
1.33
0.33
5.33
-3.33
3.33
0.0
11.33
2.0
-1.33
14.0
-2.33
11.0
5.67
12.0
10.67
9.67
-2.67
9.33
7.0
7.0
4.0
11.67
0.33
1.67
-1.0
7.0
11.67
4.33
0.33
4.67
4.0
13.0
2.33
7.0
6.33
0.33
-1.67
3.33
1.67
3.33
1.0
6.33
5.67
12.33
2.33
6.67
4.0
11.33
10.33
-2.67
4.0
5.67
2.0
6.33
7.33
5.33
-1.0
1.33
5.67
4.0
2.67
-5.0
3.33
3.33
2.67
0.67
-7.0
5.0
-4.0
5.67
1.33
5.33
1.67
3.0
3.0
-1.33
7.67
5.67
8.33
2.0
3.33
2.33
3.0
3.33
-2.67
-2.33
0.33
5.0
-3.67
2.33
2.67
-1.33
2.0
8.0
2.33
1.67
6.67
-1.33
10.33
-0.67
1.67
5.33
2.33
7.33
-0.33
6.33
5.67
9.67
7.33
-1.0
1.0
3.33
0.67
0.0
-1.0
-1.67
3.33
4.67
2.67
7.0
2.67
1.33
-1.0
11.33
2.0
4.0
0.67
-3.33
4.67
0.0
2.0
8.67
0.67
5.67
3.33
-1.0
5.33
3.67
6.0
-3.33
5.0
4.33
8.0
8.33
-2.67
-4.0
1.33
-1.33
6.0
6.0
-1.33
-1.67
2.33
3.0
4.0
0.67
0.0
-1.33
-0.67
6.33
2.33
5.0
4.33
-4.33
-4.67
-5.67
1.0
8.67
3.0
2.0
1.33
6.0
6.67
1.33
5.67
2.0
0.33
1.33
0.67
5.67
5.0
10.33
3.33
1.67
-0.33
-2.67
-1.67
6.33
2.67
2.67
-0.67
2.33
3.67
2.67
10.33
-1.0
4.0
0.67
0.0
2.33
