0.0
-71.33
1.67
-53.67
-34.67
-61.0
-20.33
-26.0
36.0
-61.33
-27.0
12.0
-56.33
74.67
-9.0
43.0
35.0
55.0
-1.67
1.33
23.33
7.67
15.67
20.0
5.33
3.33
12.33
1.0
4.0
3.0
7.0
7.67
1.67
-4.67
-2.0
1.67
-2.33
-1.33
3.0
0.33
0.33
0.33
1.67
-0.67
1.0
-0.67
0.0
0.0
-0.33
0.67
0.0
1.0
0.0
0.33
0.0
-0.67
0.67
0.0
-0.67
-0.33
0.33
0.0
-1.67
-0.67
0.33
-0.33
0.0
-0.67
-1.0
0.33
1.0
-0.33
0.0
1.67
0.67
0.67
-1.33
0.67
0.0
-1.0
0.0
-0.33
0.67
0.67
-0.33
-0.33
0.67
-0.67
0.67
1.0
-1.0
-2.33
1.0
-0.67
-1.33
1.0
1.33
2.67
-0.67
0.0
3.33
1.33
-0.67
1.67
-2.0
0.0
-1.0
2.67
-1.33
-0.67
4.33
0.33
-0.33
2.0
1.0
2.67
3.67
4.67
-1.67
1.67
0.0
2.67
7.0
2.67
1.33
-0.67
-3.0
2.0
-0.33
6.33
5.33
5.33
2.33
5.33
7.67
3.0
2.33
-3.0
-2.33
-1.33
0.67
6.0
1.33
1.67
1.0
13.0
3.67
0.67
4.33
-1.0
4.67
0.67
-2.67
3.33
5.0
5.33
6.67
-0.33
3.0
1.0
-1.0
2.67
-3.33
-0.33
-5.0
7.33
5.33
2.33
0.0
7.67
2.67
2.0
1.33
6.0
-1.0
2.0
1.0
0.0
-2.67
2.67
3.67
11.33
3.67
5.0
1.33
1.33
5.67
2.0
3.33
12.33
0.0
0.67
1.0
11.0
4.33
0.33
5.33
7.33
0.33
12.33
0.0
-5.33
-5.67
4.0
1.33
9.33
0.33
6.33
0.0
5.33
-2.33
13.33
-1.33
1.33
5.67
7.33
0.0
3.0
1.33
3.67
0.67
6.0
11.67
4.67
5.67
-1.33
9.33
-0.67
3.67
3.0
5.67
-1.33
0.33
-0.67
-0.67
6.33
3.33
-0.67
1.0
7.0
4.67
2.67
7.33
-0.33
13.0
3.0
4.0
-2.67
2.33
5.33
1.0
11.0
1.33
0.0
7.0
2.67
2.0
0.67
2.0
3.33
0.33
7.0
6.0
3.0
9.67
4.67
1.0
13.33
-0.67
3.67
-2.67
-2.33
8.67
7.67
1.33
4.67
4.67
8.67
6.0
-0.33
4.0
-5.0
-4.33
-2.0
-1.67
-1.33
5.33
4.0
1.0
2.33
5.33
5.67
-0.33
3.67
6.67
6.67
0.67
2.33
4.33
0.33
0.33
9.67
-0.67
5.0
0.67
4.33
5.0
3.67
-4.0
-1.0
10.0
-0.67
4.67
-2.0
2.33
1.33
-7.33
2.67
5.67
5.0
3.0
4.0
4.33
4.67
5.0
1.67
3.0
3.0
1.0
-1.0
0.0
-0.33
-7.0
6.33
3.33
3.33
0.67
3.0
12.0
2.0
5.33
5.0
8.0
0.67
-1.33
1.67
3.33
9.0
2.0
1.33
3.33
1.67
4.67
-0.33
1.0
-3.0
5.33
2.0
9.33
2.33
4.67
5.0
-0.67
4.0
8.67
0.33
4.0
1.33
4.67
3.67
0.67
10.0
-4.67
4.33
4.67
-1.0
1.0
2.33
4.0
-3.0
3.0
2.33
-2.67
10.0
0.0
0.33
-2.67
-0.33
6.33
8.33
3.0
2.33
-1.33
7.0
3.0
3.67
7.67
5.67
3.67
7.67
2.67
3.33
6.0
8.67
-0.33
8.33
1.33
-0.67
6.67
2.0
2.33
3.0
-0.67
5.67
2.0
0.67
5.0
1.67
10.33
-2.67
6.67
9.0
7.67
1.33
-3.33
5.33
3.0
4.33
0.33
1.67
4.33
7.67
-3.0
1.0
4.33
0.0
1.33
0.67
0.67
1.0
0.0
1.67
3.0
5.67
4.0
5.67
-1.67
0.0
1.33
5.0
-1.33
6.67
-2.33
-1.0
-2.67
8.33
4.0
-0.33
1.33
-0.67
0.33
2.33
-0.33
6.33
2.0
-1.67
-0.67
4.67
1.0
-1.0
8.0
0.0
0.67
0.33
2.33
5.33
6.67
4.33
3.67
0.67
-1.67
2.33
2.0
0.33
2.33
-3.0
6.67
-4.0
7.0
-0.33
2.33
-2.33
3.33
5.0
1.0
-2.67
-0.67
0.33
3.67
3.67
2.33
2.33
4.67
-2.0
2.33
3.67
-2.33
-4.33
1.67
3.33
2.67
4.67
1.33
-1.33
-0.67
4.33
0.33
-2.67
1.0
-4.0
2.0
5.67
4.0
1.67
3.67
5.33
3.67
0.33
1.67
5.33
1.33
5.0
8.67
-0.67
-1.33
-3.33
6.0
5.67
1.67
0.67
3.0
3.67
4.67
-0.33
-2.33
-2.33
5.33
0.0
1.67
7.0
5.67
3.0
3.0
-2.0
1.0
2.67
6.67
4.0
7.0
11.0
1.67
0.33
3.67
-1.0
1.0
0.67
0.67
0.67
0.0
-2.0
0.67
4.0
2.0
2.0
1.0
-2.0
5.33
-1.33
2.0
1.67
5.67
0.67
-7.0
3.0
0.33
1.67
4.0
4.0
0.0
2.67
6.33
-0.33
3.33
1.0
-1.67
-1.0
1.67
2.67
4.67
-3.67
-1.0
3.0
2.33
-0.33
-0.67
3.33
1.67
-1.0
2.0
3.0
2.67
0.33
0.67
1.0
9.67
1.67
-2.0
-0.33
5.33
-3.0
-4.33
6.33
4.33
1.33
-2.33
0.67
2.33
-0.67
3.67
6.33
2.0
4.67
-3.0
7.67
4.0
0.67
3.67
-3.67
5.33
2.0
-4.0
1.0
-1.33
-3.0
2.0
1.0
1.33
0.0
2.33
3.0
3.33
2.0
6.0
0.67
-1.33
1.67
4.33
-4.0
4.33
0.0
-4.33
-1.33
0.67
3.67
1.33
0.0
1.67
-0.33
4.0
0.0
0.0
2.33
1.67
5.67
1.33
2.33
6.0
5.67
-1.33
-1.33
-2.33
0.33
-0.33
2.0
5.67
-1.67
7.67
1.0
7.0
1.0
2.0
6.33
1.0
1.0
-1.33
-2.33
1.0
4.67
-3.0
-2.67
-1.67
-0.67
1.33
4.67
4.67
6.33
5.0
3.33
3.33
-0.67
6.67
2.0
2.0
1.0
0.0
-2.33
2.67
1.0
0.33
-0.33
1.33
-0.67
-1.67
-0.67
6.67
-0.67
1.67
6.33
2.67
0.67
2.0
0.33
-1.33
3.0
3.33
-1.0
1.0
2.33
2.0
2.33
0.67
1.67
2.0
4.33
-2.0
4.0
-1.67
1.33
4.0
3.0
1.67
5.0
-1.0
-0.33
-1.67
1.33
-4.0
2.0
3.0
-3.33
4.33
3.33
4.67
-5.33
2.33
-0.33
-1.0
-3.0
3.0
-0.67
-4.0
4.67
5.0
4.0
2.33
7.33
1.0
-5.67
6.67
-0.33
-7.0
-3.33
4.33
6.67
0.0
8.33
2.0
-2.67
7.0
-0.33
1.67
2.67
4.33
-1.33
-1.0
-3.33
3.67
2.33
-1.0
-0.33
1.0
3.33
4.0
1.67
3.0
2.67
-4.0
4.33
6.0
3.67
5.0
11.33
4.33
2.33
1.33
1.0
1.67
3.67
12.33
2.0
1.67
2.33
-3.33
7.33
1.33
4.67
7.67
3.0
2.33
-2.33
2.67
1.33
8.67
2.33
-0.33
0.0
3.67
0.33
5.0
5.33
-1.33
2.33
4.33
-0.67
8.33
4.67
-2.33
5.0
1.67
-4.33
6.0
11.0
5.0
0.67
5.67
7.67
8.0
2.33
7.67
-0.67
5.67
10.33
4.0
6.33
3.0
2.67
3.67
5.67
2.67
0.33
1.33
3.33
6.67
4.33
-0.67
6.33
8.67
5.0
1.33
-2.0
-2.67
2.67
3.33
5.67
7.67
3.33
8.0
14.67
-0.33
5.33
9.33
6.67
6.67
8.0
4.0
4.33
6.67
4.67
0.67
13.67
3.67
9.33
-1.67
7.0
4.0
6.0
2.33
7.33
8.33
0.0
6.33
11.67
10.33
7.33
8.33
5.0
10.67
4.0
6.67
4.33
12.0
8.0
2.0
3.33
6.67
14.33
9.0
11.33
8.67
8.33
10.67
16.67
15.67
17.67
18.33
29.0
30.33
16.0
23.0
29.0
33.33
30.0
32.67
21.33
35.0
25.67
34.0
24.67
32.67
16.0
28.0
9.0
17.0
17.67
22.0
10.33
8.33
6.67
12.67
5.33
4.67
10.67
9.33
8.67
10.0
1.67
4.33
16.33
14.0
11.0
8.67
-0.33
10.33
15.67
9.33
5.0
7.0
9.33
9.0
12.0
9.67
25.0
17.0
29.33
24.67
5.67
15.0
18.33
11.0
20.33
20.0
10.67
21.33
15.33
24.33
12.33
12.0
20.0
10.33
26.67
12.0
16.67
7.33
13.67
6.0
26.33
17.67
22.67
32.67
19.33
18.67
18.0
21.33
23.0
15.33
10.33
12.0
15.33
14.33
6.33
11.0
14.0
11.67
17.33
7.67
23.33
11.33
8.67
19.0
22.67
12.33
11.0
10.0
10.0
19.0
9.67
22.33
28.67
24.0
32.67
26.33
28.0
24.0
36.67
30.33
23.33
19.67
26.0
25.33
43.67
25.0
31.0
31.0
45.33
41.67
33.67
45.67
27.67
33.0
25.67
25.67
29.67
41.33
18.0
33.33
30.0
23.67
30.67
17.0
33.67
24.33
25.33
18.0
23.0
20.0
23.67
28.0
19.33
24.0
16.33
16.33
22.0
27.33
24.33
21.0
21.67
28.33
17.33
17.67
21.67
30.67
21.33
22.67
21.67
24.67
24.0
25.33
19.0
25.33
26.0
14.67
21.67
15.67
15.0
26.67
13.67
3.67
3.33
12.0
8.67
15.33
20.33
3.33
17.0
5.33
3.67
22.33
8.67
2.33
13.0
14.67
6.67
6.67
7.0
4.33
14.0
6.0
9.67
11.33
23.33
13.0
9.67
12.67
3.67
21.33
27.0
14.67
17.0
23.0
24.67
18.67
28.0
20.33
39.33
39.33
25.67
46.33
48.33
48.0
55.67
20.67
44.0
27.67
22.67
36.67
37.0
15.67
22.0
9.33
13.0
12.0
13.0
10.67
17.0
14.0
1.0
14.33
11.33
6.0
14.33
13.0
9.33
12.33
16.33
35.0
23.0
38.33
26.0
34.0
39.0
47.0
42.0
45.0
68.33
58.33
67.0
82.33
84.67
88.33
102.0
95.33
126.67
110.33
104.0
124.33
108.33
113.0
113.67
109.0
91.67
94.67
99.33
76.67
61.67
80.0
45.67
48.67
33.0
35.0
38.0
38.67
36.0
21.67
31.67
22.33
24.33
14.33
7.67
20.67
12.0
26.33
13.67
30.67
14.67
17.67
23.33
17.67
16.33
27.67
30.33
20.67
33.0
35.0
32.67
20.67
42.67
28.0
30.0
36.0
47.67
38.0
35.67
22.33
37.0
41.67
37.33
42.0
43.0
33.67
51.33
37.67
42.67
34.33
34.33
34.33
39.0
19.0
47.0
28.33
46.67
22.33
37.67
33.67
25.0
19.33
30.33
28.33
11.67
21.0
16.0
22.67
14.0
17.67
16.0
28.0
17.0
21.33
11.67
13.33
22.67
11.33
27.33
13.33
11.67
22.0
17.67
5.67
13.33
5.0
3.67
3.67
6.0
11.33
16.67
9.33
4.0
4.0
17.0
9.33
19.33
12.0
10.33
-1.0
20.67
7.0
16.0
18.0
10.67
9.67
9.67
6.0
7.33
12.0
15.0
28.67
7.67
23.0
12.67
18.0
15.67
12.0
15.0
11.0
14.0
27.67
16.0
16.33
10.67
-0.33
16.33
17.0
25.33
10.33
18.33
19.33
36.0
20.67
12.0
18.0
22.0
39.0
19.33
14.33
16.33
19.0
30.33
24.67
19.67
20.0
14.33
18.0
23.33
20.67
19.33
22.33
19.0
11.0
22.0
10.0
11.0
5.33
24.33
15.0
9.67
19.67
6.33
10.33
21.67
29.33
4.67
30.0
12.0
14.67
5.0
8.0
16.0
26.67
29.67
21.0
12.67
7.0
8.0
10.0
8.0
2.33
8.67
13.67
27.67
11.33
5.67
10.67
-3.0
13.0
9.0
11.0
8.33
1.0
19.33
6.33
9.67
13.67
4.67
7.67
12.0
8.67
1.33
7.0
3.0
6.67
11.33
14.67
6.67
12.0
15.67
9.33
11.0
9.67
-1.0
13.33
11.67
12.0
14.67
9.0
12.0
17.67
9.67
14.33
4.33
15.67
-1.0
12.33
0.67
4.0
14.33
3.67
11.0
-1.33
22.33
9.0
9.67
19.33
20.0
6.67
7.67
12.67
4.33
7.0
14.0
8.67
7.33
16.67
10.0
10.0
16.33
0.0
0.0
11.33
4.33
8.0
4.67
5.0
7.0
12.33
10.67
22.0
14.33
2.67
5.67
14.0
15.33
6.67
14.33
12.33
0.33
-1.67
2.0
19.67
3.33
10.0
10.33
3.33
9.0
8.33
6.33
-3.33
19.67
6.33
14.33
-5.33
-2.0
9.33
-2.33
1.0
14.33
2.67
-3.67
11.0
-3.33
4.0
10.0
7.67
0.33
-0.67
5.67
16.0
9.33
10.67
11.0
2.67
10.0
13.0
9.67
12.67
-0.67
22.0
12.33
16.33
10.0
3.33
14.67
7.0
-1.33
4.0
4.67
14.33
13.0
-1.0
20.33
9.67
8.33
24.33
15.0
-6.0
17.33
9.67
12.67
12.67
24.0
5.0
8.67
13.67
2.67
15.0
13.33
17.67
-0.33
5.33
13.0
6.33
28.0
10.67
5.33
19.67
5.67
11.0
20.33
7.67
-8.0
11.0
4.67
15.67
17.33
-7.33
9.0
9.0
10.33
23.33
16.0
19.67
14.33
12.33
9.67
20.0
23.33
17.33
0.67
8.0
10.67
12.33
-2.0
16.67
10.67
4.33
18.0
0.33
11.0
11.33
4.33
11.0
3.0
6.0
3.33
5.0
2.33
7.0
11.0
18.0
5.33
24.33
22.33
9.0
10.67
-1.33
-0.67
3.33
5.33
6.67
7.33
12.67
17.33
21.67
13.33
8.67
-4.33
6.67
-6.0
-2.67
20.67
5.33
15.67
12.33
5.33
8.0
6.0
10.33
1.33
5.33
16.67
18.0
-1.67
-3.33
3.67
4.67
12.0
-4.33
1.67
12.67
2.33
5.33
7.67
12.33
9.67
23.67
18.67
2.0
0.67
4.67
9.67
0.67
-0.67
8.0
5.67
16.0
5.0
3.33
6.0
-2.33
9.33
5.0
-1.0
6.0
-2.67
6.0
-5.67
4.33
9.0
4.33
7.67
2.33
10.0
0.67
11.67
2.0
3.67
5.33
10.33
5.33
10.0
8.67
2.67
6.67
3.33
2.33
1.33
4.67
0.0
8.67
1.33
-1.0
6.67
6.33
-3.33
5.33
15.0
7.0
12.67
4.67
4.33
-0.67
3.0
4.33
4.67
9.67
10.0
-1.0
7.0
9.33
8.33
-1.0
2.33
4.33
1.67
9.33
12.33
7.67
-1.33
1.0
10.67
-0.67
4.67
9.33
3.33
8.33
-1.67
-1.67
1.67
11.33
5.33
12.0
-3.33
8.67
0.33
0.0
9.0
-0.67
2.67
1.33
4.0
2.0
-1.33
2.67
0.67
-1.33
6.33
4.67
-4.67
1.33
-1.67
-3.0
12.0
7.67
4.67
9.67
13.67
-1.67
13.33
-2.67
-11.67
5.33
5.0
8.33
2.0
6.33
12.33
-8.67
5.33
9.67
3.0
-5.0
8.33
10.33
6.0
7.33
-1.33
3.67
5.33
2.67
1.33
3.33
4.33
12.0
6.67
1.33
6.67
9.67
16.67
9.67
2.67
7.67
13.0
10.67
4.33
-0.67
5.67
16.33
2.33
12.0
6.0
4.67
4.0
4.0
9.33
8.0
1.0
7.0
5.0
1.33
7.0
0.0
6.0
8.67
3.0
-2.67
1.67
5.33
5.0
-0.33
0.0
3.0
8.67
4.33
3.33
2.0
8.67
0.67
-1.67
5.67
7.0
-3.67
-1.0
12.0
-5.0
-0.67
-2.33
4.0
11.33
4.33
3.0
5.33
5.33
9.67
1.67
0.33
2.67
10.0
8.33
-5.33
3.33
-0.67
8.33
-1.67
-2.33
10.33
2.0
-1.67
7.0
3.67
5.0
5.67
10.0
-0.33
1.0
15.67
1.67
10.33
6.33
2.0
-1.0
4.0
2.67
9.33
-1.33
8.0
-4.0
-3.33
1.33
-1.67
1.67
11.0
9.0
4.33
8.0
0.33
-3.67
7.33
9.33
9.67
10.33
9.0
4.33
7.67
12.33
-0.67
-2.33
7.0
6.33
1.33
-0.67
1.0
1.67
3.0
3.33
-0.67
3.33
-2.0
7.33
2.67
0.0
3.67
-6.0
3.33
5.33
0.67
0.67
3.0
-3.0
-2.0
10.67
4.33
-0.67
5.67
4.0
6.0
7.67
6.67
0.67
5.33
1.0
-4.67
5.33
2.0
10.33
-0.67
7.67
4.33
2.0
1.33
7.33
-0.33
3.67
0.0
2.0
1.33
-7.33
11.67
9.67
-1.67
-2.67
4.67
6.33
8.33
9.33
3.67
3.33
4.67
9.67
8.33
3.0
1.0
-4.67
-4.33
0.0
7.0
3.33
1.33
4.67
7.67
2.0
-3.33
6.33
0.0
4.33
1.0
-6.0
1.67
0.67
4.67
8.0
0.0
6.67
2.67
4.67
0.33
2.0
3.33
1.67
2.0
-1.33
11.0
0.33
-2.0
1.33
0.33
-3.0
-0.67
-7.33
0.0
2.0
2.67
-1.67
17.33
1.0
8.0
0.67
1.0
6.67
-1.67
6.33
0.33
5.0
10.33
-0.33
1.33
-3.67
5.0
0.67
2.0
2.0
0.33
7.0
2.67
3.33
5.67
-1.0
-1.67
1.33
1.67
0.67
2.0
9.33
2.33
2.67
0.67
-2.67
4.33
0.33
0.67
3.67
-1.67
0.33
0.67
0.67
3.33
-1.0
6.0
1.67
3.0
-1.67
