0.0
-71.33
7.67
-36.67
-151.67
-13.0
-79.33
-73.0
-56.0
-27.33
-102.0
-86.0
-42.33
-27.33
-48.0
-5.0
-23.0
-22.0
11.33
-26.67
14.33
44.67
-19.33
-32.0
4.33
6.33
-5.67
-1.0
-15.0
2.0
-2.0
7.67
0.67
5.33
-4.0
-1.33
2.67
-0.33
1.0
-0.67
1.33
1.33
-0.33
3.33
1.0
-0.67
0.0
0.0
-0.33
-0.33
0.0
1.0
0.0
-0.67
0.0
-0.67
-0.33
0.0
-0.67
0.67
-0.67
0.0
-0.67
-0.67
0.33
-0.33
0.0
-0.67
-1.0
-0.67
0.0
0.67
0.0
-0.33
-0.33
-0.33
-1.33
-0.33
0.0
0.0
0.0
-0.33
-0.33
0.67
-0.33
-0.33
-0.33
0.33
-0.33
0.0
-1.0
-1.33
0.0
-0.67
0.67
2.0
1.33
1.67
-0.67
4.0
4.33
-0.67
2.33
0.67
-1.0
0.0
1.0
-0.33
-0.33
-1.67
-0.67
-0.67
-0.33
0.0
0.0
0.67
2.67
2.67
1.33
1.67
0.0
2.67
4.0
-1.33
-1.67
1.33
-5.0
9.0
3.67
6.33
5.33
1.33
1.33
5.33
7.67
3.0
3.33
-6.0
2.67
4.67
2.67
-1.0
2.33
5.67
8.0
2.0
-4.33
-3.33
5.33
-1.0
5.67
-3.33
-4.67
5.33
5.0
5.33
0.67
1.67
-2.0
1.0
2.0
-1.33
6.67
8.67
6.0
-1.67
0.33
-1.67
-5.0
6.67
2.67
2.0
7.33
-3.0
5.0
2.0
-5.0
3.0
-3.67
-4.33
6.67
3.33
2.67
0.0
3.33
7.33
-0.33
3.0
4.33
3.33
3.0
0.67
0.0
14.0
7.33
-3.67
4.33
15.33
-0.67
4.33
8.0
2.67
-2.67
6.0
3.33
-3.67
-0.67
3.33
2.0
-0.67
-0.33
-3.67
7.67
7.33
1.67
1.33
9.0
0.0
-1.67
7.67
1.67
-2.0
3.67
1.67
0.67
-2.33
11.33
-0.67
4.67
3.0
2.67
8.67
8.33
5.33
4.33
3.33
7.33
2.33
5.0
-1.0
5.67
4.67
-4.67
1.67
10.0
6.0
1.0
1.33
3.33
12.33
7.0
6.0
-0.67
0.0
1.0
-2.33
2.0
3.67
5.0
-4.67
3.33
1.0
8.0
8.0
7.67
-6.33
1.0
11.33
4.33
0.67
0.33
1.67
0.67
2.67
5.33
1.67
3.67
0.67
6.0
0.67
4.0
1.0
-4.33
4.0
6.33
3.67
2.33
11.0
2.0
0.33
2.33
12.67
1.67
1.67
1.67
1.67
4.67
-0.67
4.33
2.33
5.33
-0.33
2.33
6.0
5.67
5.33
2.0
0.67
3.0
1.0
2.0
0.33
4.67
2.0
4.33
1.33
0.67
5.67
5.67
13.0
0.0
0.0
2.33
2.67
8.0
-0.33
1.0
2.0
1.0
-1.0
0.0
3.67
-6.0
3.33
5.33
7.33
0.67
1.0
5.0
-3.0
7.33
-2.0
6.0
-3.33
0.67
1.67
3.33
3.0
5.0
3.33
5.33
0.67
8.67
6.67
-4.0
2.0
2.33
-2.0
6.33
-1.67
5.67
9.0
1.33
-1.0
6.67
3.33
1.0
12.33
5.67
3.67
-1.33
4.0
-2.67
-1.67
4.67
2.0
-3.0
3.33
-2.0
-1.0
3.0
-0.67
-5.67
6.0
5.0
5.33
2.33
-3.33
1.33
-1.67
4.0
-0.67
8.67
1.0
-3.0
7.67
2.67
-1.33
-0.33
5.67
4.67
-0.67
6.0
7.67
2.67
0.33
3.33
7.33
3.67
3.0
-2.67
8.0
-2.67
5.67
4.0
-0.33
0.0
6.67
3.33
2.33
8.67
6.0
7.67
1.33
-3.33
2.33
1.0
2.33
-1.67
5.67
4.33
0.67
3.0
0.0
2.33
0.0
3.33
-1.33
1.67
6.0
1.0
4.67
-2.0
7.67
5.0
4.67
4.33
9.0
0.33
7.0
-0.33
2.67
3.67
0.0
5.33
0.33
0.0
-0.33
-0.67
1.33
-1.67
8.33
0.67
3.33
1.0
2.33
-0.67
0.67
4.0
3.0
2.0
8.0
3.67
9.33
-1.67
6.33
6.67
7.33
6.67
0.67
0.33
-0.67
3.0
4.33
3.33
2.0
0.67
3.0
1.0
-2.33
0.33
0.67
2.33
4.0
9.0
-2.67
2.33
2.33
5.67
3.67
1.33
4.33
3.67
4.0
0.33
6.67
9.67
2.67
2.67
1.33
-4.33
2.67
3.33
0.67
4.33
1.33
1.33
0.33
5.0
-2.0
3.0
0.67
3.0
4.67
1.67
2.33
2.67
5.33
3.67
-1.67
5.33
7.0
15.67
-0.67
3.67
-1.33
5.0
1.67
-1.33
-1.33
-1.0
-0.33
-0.33
6.67
2.67
0.67
-1.67
4.0
4.67
0.0
0.67
0.0
4.0
-1.0
7.0
-2.33
5.67
-1.0
-4.0
-2.0
0.67
2.33
-0.33
1.0
0.0
0.67
3.67
5.67
6.0
5.0
2.67
5.0
0.0
3.0
5.0
-1.0
1.33
-0.33
2.0
-0.33
2.67
1.67
-7.0
1.0
-0.67
0.67
-2.0
-2.0
3.0
-2.33
-1.67
5.67
1.33
5.0
-2.67
0.0
-1.33
0.67
2.67
-0.67
2.0
2.0
-0.67
-4.33
-0.67
3.33
4.67
-3.0
3.0
-1.0
10.67
4.33
2.67
1.0
-0.33
-0.33
-3.0
1.67
5.33
-3.0
-4.33
1.33
7.33
2.33
2.67
-1.33
1.33
-1.67
2.67
2.33
-1.0
-2.33
1.0
1.67
-1.0
6.67
1.67
-1.67
2.33
2.0
-1.0
-1.0
-2.33
3.0
4.0
1.0
1.33
2.0
0.33
0.0
-1.67
2.0
-2.0
-0.33
-3.33
0.67
-0.67
0.0
4.33
3.0
0.67
-1.33
-0.33
4.67
0.33
4.0
1.67
2.67
3.0
-1.0
-1.0
3.33
6.67
1.67
6.33
-0.67
8.0
-2.33
-0.33
1.67
4.67
3.33
-0.33
0.0
-0.33
-5.67
5.67
1.0
1.0
1.0
1.0
2.33
-1.0
2.0
1.67
-2.33
2.0
-0.33
1.0
-0.67
0.33
-0.67
0.33
3.67
-0.33
-0.67
1.0
3.33
3.33
2.33
2.67
6.0
1.0
3.0
1.0
-2.33
5.67
-1.0
-2.67
-2.33
5.33
-5.67
2.33
-0.67
-0.33
3.33
-2.33
-0.67
0.67
-1.33
2.0
3.33
-1.33
1.0
2.33
1.0
1.0
1.33
4.0
-5.67
-0.33
2.67
7.0
0.33
-6.0
4.0
5.33
8.33
1.0
3.0
-1.33
9.0
5.0
0.67
-0.67
0.33
3.0
6.0
-3.0
-2.33
-3.67
4.33
-0.33
-0.33
-0.67
-0.33
0.0
-1.0
2.0
1.33
-4.0
7.67
0.0
5.0
4.33
1.33
0.0
0.33
1.67
-1.33
2.0
0.67
1.33
11.67
7.0
1.33
-2.0
-0.67
5.0
3.67
4.67
6.67
5.33
4.67
-2.0
-2.33
3.67
6.33
-1.0
2.67
2.0
9.33
-5.0
2.67
3.0
4.67
-1.0
4.33
4.0
1.67
5.0
3.33
2.33
3.33
-0.67
-1.0
-3.33
7.67
8.33
2.0
3.67
1.33
-2.33
6.33
0.33
6.67
5.67
7.0
3.33
2.67
7.67
0.33
7.67
8.33
0.67
-1.0
-1.33
8.33
6.0
5.33
1.67
6.33
2.33
6.33
6.33
2.67
-0.33
-2.0
9.67
2.67
4.0
10.0
0.0
2.67
4.67
3.67
4.0
-0.67
-1.33
5.33
3.67
2.33
8.0
1.33
5.0
3.67
5.67
3.67
0.67
-2.67
-2.67
13.33
8.67
1.33
8.33
2.33
16.67
3.0
10.33
2.0
4.33
0.67
-1.67
8.67
4.67
3.33
15.0
6.67
6.67
5.33
9.33
7.67
11.67
7.0
-2.0
3.33
11.67
6.67
9.67
8.67
5.67
3.33
8.33
9.0
8.0
7.0
15.33
3.33
7.33
14.0
5.33
10.67
4.33
8.33
14.33
8.0
8.67
6.0
4.67
1.33
14.0
-2.0
5.0
2.33
11.67
4.33
9.0
16.33
14.67
26.33
26.67
35.67
20.67
30.67
42.33
51.0
43.33
67.0
43.0
44.0
39.33
53.0
47.67
42.33
54.0
23.67
43.0
19.67
19.67
29.0
23.0
14.0
12.0
12.67
18.0
9.33
6.33
6.67
8.67
7.33
6.67
6.67
3.33
8.67
16.0
2.67
1.33
11.33
6.0
12.0
9.67
7.67
10.33
13.67
10.33
10.0
5.0
9.33
17.0
27.0
9.67
18.0
17.0
12.33
18.67
12.67
15.0
24.33
7.0
16.33
16.0
19.67
14.33
13.33
19.33
16.33
17.0
24.0
18.33
16.67
16.0
22.67
9.33
9.67
11.0
14.33
12.67
13.67
8.67
12.33
15.67
7.0
12.33
4.0
6.33
11.33
13.0
13.33
13.33
9.33
10.0
26.0
16.67
24.33
4.67
19.33
18.33
13.67
10.0
7.67
11.33
20.0
11.0
6.0
5.0
7.67
4.33
6.67
12.0
28.67
12.33
13.0
11.0
16.67
9.33
11.33
21.67
31.0
13.33
15.67
17.0
24.0
11.0
23.33
19.67
20.67
22.67
18.67
32.0
29.67
20.67
33.67
30.33
46.0
44.33
38.0
43.67
36.67
24.0
35.67
33.33
27.33
24.0
24.0
19.0
17.67
25.0
20.33
14.0
21.33
22.33
19.0
9.33
17.33
5.0
10.67
8.33
21.33
8.67
12.67
27.67
18.33
10.67
23.67
27.67
28.0
10.33
5.0
28.33
16.0
16.67
18.67
8.67
10.0
11.67
9.67
9.67
3.33
21.0
2.67
8.33
8.33
8.33
11.0
18.33
7.67
13.33
12.67
4.33
10.0
19.67
4.67
9.67
11.0
12.33
1.0
9.0
6.67
17.33
4.33
9.0
16.67
16.67
8.67
11.33
18.0
3.67
14.0
6.0
6.67
13.67
4.0
5.33
23.33
24.33
21.67
10.33
17.33
16.0
17.67
12.67
14.0
17.67
12.67
22.67
11.0
16.67
9.0
9.33
17.0
18.0
12.0
0.67
10.0
16.0
9.0
12.33
9.33
18.0
5.33
16.0
13.33
10.33
13.33
11.0
25.0
12.33
16.0
22.0
20.0
30.0
29.0
37.0
48.33
53.33
48.0
32.33
34.67
61.33
63.0
65.33
88.67
104.33
88.0
106.33
117.33
115.0
129.67
133.0
124.67
165.67
180.33
166.67
162.67
150.0
163.67
141.67
189.0
149.0
132.0
140.67
109.0
110.67
94.67
67.33
86.33
66.33
64.67
58.67
56.0
36.33
47.67
33.67
28.67
42.67
34.33
32.67
18.33
21.67
35.33
23.67
28.0
35.0
25.67
25.67
21.67
25.0
27.0
27.0
37.67
36.0
25.67
56.33
31.0
27.67
36.33
39.0
41.0
46.67
27.33
29.67
35.67
42.33
44.33
31.33
37.0
39.0
38.0
32.33
24.67
27.33
28.67
33.67
25.0
27.33
15.33
16.33
17.67
25.0
15.0
19.67
17.0
22.67
16.0
12.0
19.0
28.33
19.67
10.33
19.67
11.33
9.33
14.33
5.67
23.0
10.67
-0.33
3.33
9.0
20.67
22.67
3.0
11.33
9.67
12.33
0.0
1.0
21.0
10.33
20.33
14.0
10.33
16.0
24.67
20.0
13.0
16.0
12.67
9.67
19.67
18.0
14.33
11.0
32.0
23.67
19.67
19.0
21.67
23.0
17.67
20.0
24.0
12.0
39.0
31.67
19.0
33.33
27.67
9.67
30.33
25.0
19.33
21.33
16.33
24.33
30.0
19.67
13.0
18.0
7.0
24.0
23.33
19.33
8.33
14.0
25.33
26.67
15.67
22.0
14.33
4.0
29.33
29.67
21.33
21.33
17.0
32.0
27.0
23.0
22.0
13.33
21.33
17.0
20.67
19.67
10.33
17.33
12.67
27.33
26.67
16.0
5.0
10.67
6.0
28.0
16.0
17.67
20.67
18.0
33.67
9.0
24.0
14.0
12.0
13.33
19.67
12.67
7.67
3.33
10.67
9.67
3.0
13.0
11.0
17.0
6.33
4.0
13.33
12.33
3.67
18.67
6.67
5.67
21.0
11.67
18.33
3.0
10.0
4.67
9.33
7.67
8.67
24.0
3.67
4.33
14.0
11.67
-10.0
5.33
14.67
14.0
4.67
9.0
16.0
3.67
5.67
3.33
7.33
16.67
8.0
14.33
5.67
14.0
15.33
9.67
4.0
15.67
11.33
11.0
10.67
5.33
8.0
11.67
13.67
9.67
4.33
9.0
9.0
9.67
4.33
5.67
13.0
23.0
-0.67
1.0
4.0
21.33
11.33
7.0
3.67
-3.0
6.0
1.33
3.67
8.0
11.33
16.67
21.67
10.0
11.33
3.67
8.33
9.33
13.33
16.33
-2.0
-2.33
13.33
16.0
-1.67
12.33
4.0
10.33
3.33
7.67
19.67
19.33
15.33
-13.33
12.0
10.33
15.67
8.0
14.33
0.67
4.33
7.0
7.67
7.0
6.0
8.67
6.33
8.33
14.67
29.0
8.33
11.67
13.0
13.67
7.0
7.0
21.67
18.67
11.33
6.0
5.33
12.33
14.0
9.33
8.67
18.0
6.67
8.0
5.67
1.33
20.0
7.0
21.33
9.67
12.33
8.33
3.0
5.0
11.33
10.67
5.67
17.67
2.0
3.0
9.67
16.67
11.67
13.0
15.33
11.67
-0.33
17.33
28.0
3.33
14.0
13.67
33.33
8.67
12.67
20.0
10.33
21.67
10.0
4.0
5.67
10.67
16.33
13.67
8.0
18.0
2.33
19.33
5.0
-0.33
6.33
12.33
14.67
24.0
17.33
18.33
11.67
17.0
20.67
7.33
19.0
7.67
13.67
20.33
24.0
20.33
8.0
12.33
5.33
13.0
8.0
14.0
11.33
6.0
11.33
15.0
4.0
9.0
3.33
10.33
7.33
11.0
14.67
1.67
2.33
10.33
22.33
11.67
10.33
1.67
22.33
13.67
7.33
20.67
6.67
1.67
-5.0
9.33
15.67
15.33
16.67
15.33
13.33
10.0
27.0
5.33
13.33
18.33
9.67
15.0
15.33
7.67
12.67
11.67
29.0
0.67
3.67
13.67
18.33
12.33
11.67
9.33
13.67
2.67
12.67
17.0
-1.33
-7.33
11.67
6.67
2.33
4.0
3.67
10.0
-1.0
7.33
11.0
-5.33
-3.67
8.0
5.0
9.0
-1.67
1.0
2.33
-0.67
-9.0
10.33
6.67
2.33
8.0
-0.33
4.67
3.0
16.67
8.33
14.33
-6.67
0.0
13.67
-2.33
8.67
-0.67
-1.67
-3.67
9.67
6.0
-6.33
5.33
-3.0
-1.33
1.33
-5.33
-3.67
1.0
-3.0
7.67
4.67
-6.67
7.33
1.0
-7.67
9.67
-6.33
12.0
6.0
-2.0
8.33
5.33
2.0
1.33
15.33
8.67
-3.67
6.33
7.67
4.67
5.0
6.67
5.33
-5.33
4.33
-5.67
4.33
6.33
1.33
3.67
13.33
2.33
1.0
0.67
10.67
12.33
3.0
0.0
3.33
1.67
5.33
9.0
16.0
-5.33
0.67
-3.33
13.67
1.33
13.67
1.33
8.33
-10.67
3.0
9.0
3.67
0.67
17.67
7.67
8.33
12.33
0.33
-0.67
-5.67
6.0
0.33
2.0
5.33
5.33
6.33
6.33
18.67
4.0
-1.0
2.33
6.33
1.0
6.33
3.67
9.67
0.33
11.67
12.33
8.33
6.33
7.0
5.67
9.33
10.67
10.67
4.67
8.67
9.67
3.67
5.0
4.67
3.33
3.33
-9.33
1.33
-1.67
5.0
3.0
2.67
0.0
0.0
4.33
1.0
6.0
7.0
4.0
0.33
-1.0
4.0
-4.0
7.67
3.0
8.33
11.67
1.33
6.0
-6.33
1.0
2.0
3.67
-4.67
6.33
8.0
10.67
3.67
6.33
0.67
5.0
2.33
5.0
15.0
1.0
-6.67
8.67
5.0
2.33
-0.67
-2.0
5.33
4.33
4.67
9.67
4.33
-4.33
7.0
1.33
6.67
-4.67
6.33
7.33
5.33
-3.33
5.33
1.0
7.33
-5.0
2.67
7.0
1.67
1.0
0.67
-2.0
9.67
2.67
6.33
-2.67
2.0
1.0
3.0
1.67
-1.67
3.67
7.0
4.0
-1.33
5.33
5.33
-1.33
6.0
5.0
7.33
11.0
4.33
7.33
3.33
5.33
5.67
0.33
5.0
9.33
2.67
3.33
-4.67
6.67
0.0
7.33
-3.67
-2.67
3.0
3.67
-3.0
4.33
2.33
5.33
5.0
1.33
12.67
5.0
-3.33
-5.0
6.33
4.33
8.67
1.67
-3.0
-1.0
2.0
1.67
4.33
1.33
14.67
7.0
9.0
5.67
2.67
2.67
4.33
5.0
0.33
1.33
0.0
-1.67
1.33
3.67
4.33
3.0
5.33
3.33
2.67
-4.33
2.0
4.0
8.33
1.67
-0.33
-3.33
0.33
-2.67
1.67
3.33
4.33
-0.67
-4.33
-3.67
-0.33
3.67
2.33
6.0
5.0
-2.67
2.67
2.0
4.0
-0.67
4.33
2.67
1.67
2.0
6.67
0.33
4.0
7.33
8.0
7.0
4.67
2.67
3.67
5.0
4.0
2.67
9.67
5.67
2.33
7.0
8.33
3.67
0.0
-7.33
4.0
2.33
-3.0
-1.67
-1.67
-4.0
0.33
-2.33
2.0
10.0
-3.33
1.33
6.33
1.0
3.0
-3.33
1.0
3.67
-3.67
3.33
1.33
5.0
7.33
-1.33
1.33
-4.67
1.0
5.67
7.0
-3.0
-1.67
0.0
0.67
4.33
4.67
4.0
1.33
-1.67
1.67
1.67
0.0
4.33
2.33
2.67
-2.33
-1.67
-0.67
2.33
3.67
-2.33
1.33
-0.67
8.67
5.67
2.33
1.0
3.0
0.67
-1.0
2.33
