0.0
-37.33
27.67
-107.67
-32.67
-34.0
-11.33
-38.0
-67.0
-62.33
-89.0
-20.0
-54.33
43.67
-38.0
-75.0
-11.0
-7.0
-13.67
-52.67
32.33
-15.33
-17.33
-11.0
1.33
5.33
-13.67
-7.0
-6.0
8.0
5.0
3.67
0.67
-0.67
-1.0
3.67
-1.33
-2.33
0.0
0.33
2.33
-0.67
-0.33
-0.67
0.0
0.33
2.0
0.0
-0.33
0.67
0.0
2.0
0.0
-0.67
1.0
-0.67
0.67
0.0
-0.67
-0.33
-0.67
0.0
0.33
-0.67
0.33
0.67
1.0
-0.67
-1.0
-0.67
3.0
-0.33
0.0
2.67
-0.33
-0.33
-1.33
-0.33
0.0
0.0
1.0
0.67
-0.33
-0.33
1.67
-0.33
-0.33
1.33
-0.33
-1.0
-1.0
-2.33
0.0
-0.67
-0.33
0.0
0.33
0.67
-0.67
2.0
-0.67
-0.67
1.33
0.67
-1.0
0.0
0.0
-0.33
-0.33
0.33
-0.67
-0.67
4.67
-1.0
-3.0
-1.33
2.67
1.67
-1.67
-2.33
1.0
4.67
2.0
-0.33
2.33
4.33
-2.0
5.0
3.67
6.33
1.33
2.33
-2.67
1.33
6.67
-1.0
5.33
1.0
2.67
10.67
4.67
9.0
0.33
3.67
4.0
4.0
4.67
0.67
3.33
1.0
4.67
-1.33
-2.67
2.33
4.0
0.33
2.67
1.67
1.0
-4.0
4.0
6.67
1.67
8.67
2.0
0.33
2.33
3.33
-2.0
9.67
2.67
1.0
12.33
5.0
7.0
6.0
-1.0
5.0
0.33
-1.33
1.67
-0.67
4.67
8.0
1.33
7.33
4.67
6.0
-0.67
3.33
4.0
-3.33
1.0
7.0
4.33
8.33
2.33
2.33
-1.67
6.33
-1.0
-4.33
4.33
0.0
7.33
0.33
1.33
8.33
-1.0
4.33
-2.33
1.33
-2.33
6.33
0.67
3.33
7.0
6.0
-0.67
10.67
4.67
5.0
3.67
6.67
1.67
10.67
4.33
1.33
8.67
9.0
-2.33
2.67
-0.67
1.33
-0.67
3.33
4.33
-2.67
2.0
4.0
7.67
6.67
-2.67
0.67
-3.0
1.0
2.0
-0.67
-1.67
6.33
2.0
-1.0
0.33
6.0
3.0
6.67
9.0
3.67
1.0
-0.67
7.33
-5.0
10.0
5.0
9.67
10.67
3.0
8.33
-0.67
-0.33
8.33
-1.33
2.67
1.67
-0.67
6.67
-0.33
1.67
1.0
2.67
-3.0
-3.0
5.67
0.0
4.33
4.67
1.33
3.0
-3.0
4.33
4.33
1.67
6.67
1.67
0.67
2.67
7.67
2.33
2.33
1.33
6.33
2.67
3.33
11.0
2.67
0.33
3.0
2.67
1.0
-1.0
10.0
6.33
-1.33
1.0
-2.67
9.33
-1.33
-0.33
-1.33
0.0
6.0
1.0
-0.67
-0.33
3.0
1.67
1.0
4.0
9.0
0.0
-1.0
4.67
-6.0
2.33
4.33
3.33
-1.33
5.0
5.0
-1.0
-0.67
-1.0
1.0
-2.33
4.67
4.67
1.33
-1.0
-4.0
-0.67
2.33
-0.33
6.67
2.67
-1.0
4.0
2.33
2.0
1.33
2.33
-1.33
4.0
1.33
10.0
3.67
5.33
3.0
7.33
1.67
3.67
6.67
7.0
0.33
-0.67
7.67
3.0
3.0
4.33
1.0
10.0
3.0
1.33
-3.67
6.0
-1.0
7.33
2.33
3.67
0.33
2.33
-1.0
-0.67
-0.33
2.0
3.0
5.67
-0.33
10.67
6.67
-0.33
1.67
-6.67
-4.0
1.67
-4.33
1.33
-0.67
3.33
-4.33
5.0
1.33
4.0
0.33
5.67
2.0
-3.33
1.0
7.67
4.33
-3.67
3.67
-1.0
9.67
3.33
-1.33
-2.67
0.0
0.33
1.33
3.67
3.33
1.67
-2.0
5.0
6.33
2.0
0.33
-2.33
-1.33
1.0
-5.0
2.67
0.0
4.67
4.0
-2.33
3.33
0.0
-1.67
5.0
1.67
-1.33
2.67
7.0
5.33
7.33
8.0
3.67
-2.67
1.33
-3.67
0.33
-3.33
2.33
-1.0
-1.67
0.33
3.67
-1.0
9.0
9.0
2.0
-3.33
6.33
6.33
-0.67
3.67
4.33
6.67
4.67
0.33
1.33
9.0
0.33
1.33
-2.0
0.67
4.0
5.0
2.67
1.33
-1.33
6.33
0.0
4.0
-4.67
4.33
-1.67
-2.33
3.67
0.33
-2.67
-0.33
1.0
1.33
3.67
-1.33
-3.33
1.67
4.33
-4.33
7.67
0.33
-0.33
6.33
-1.67
4.33
-2.67
1.0
-5.0
6.0
2.67
1.0
2.67
6.67
1.33
-1.33
-0.67
0.67
-0.67
0.33
6.0
4.67
1.33
-0.33
-5.33
4.0
-1.33
3.67
0.67
3.0
7.67
3.67
5.67
-3.33
2.67
2.33
2.0
-0.33
5.0
0.67
0.0
6.0
-2.0
3.0
-1.33
4.67
1.0
0.0
1.0
2.67
0.33
-0.33
2.0
0.0
3.67
0.67
0.67
2.0
-1.0
-1.33
-1.0
-5.0
5.0
7.0
-4.0
-0.67
0.67
0.0
-2.33
1.67
4.67
-4.0
4.0
-1.67
-2.33
3.0
2.0
1.0
2.67
-0.67
0.67
1.33
3.0
0.33
2.0
2.67
1.67
-0.33
-2.67
0.0
0.0
-1.67
-2.33
-1.67
5.33
-0.33
2.0
4.0
3.0
0.67
1.33
4.67
0.0
1.67
3.67
-2.0
-3.33
1.33
0.0
-2.33
5.33
3.33
4.33
0.67
3.67
2.33
1.33
-1.33
7.33
5.0
1.67
0.0
-2.33
3.0
-1.33
3.67
5.33
-1.67
-3.0
-5.0
4.0
-0.33
1.0
-1.0
2.0
3.33
1.0
0.33
-1.0
2.33
1.0
1.0
3.67
-1.33
-1.33
1.33
-1.0
4.33
4.0
2.67
0.67
6.67
0.67
0.33
0.0
-3.33
3.67
-2.0
-4.0
-2.0
1.33
1.67
-1.33
1.33
-0.67
2.0
-2.33
1.67
2.67
0.67
6.33
4.67
-3.0
0.67
-4.67
0.67
3.0
3.0
-4.0
-1.0
2.33
7.0
1.0
0.67
-0.33
-1.0
-1.33
-2.0
-2.67
1.33
1.33
3.33
3.67
2.67
-1.67
-1.0
0.33
6.33
-2.67
1.67
8.0
-2.0
3.0
4.0
5.67
-2.33
1.0
-0.67
3.67
-4.67
3.33
1.33
2.33
1.67
3.33
-1.33
0.33
-0.33
-0.33
-5.0
0.33
0.67
2.0
4.33
0.0
8.0
-2.67
0.0
0.33
4.67
7.67
10.0
-0.67
-7.0
3.0
-0.67
3.33
8.0
7.0
-2.33
0.0
-1.0
-6.33
1.33
-0.67
-1.0
5.0
3.0
0.67
3.33
0.33
5.67
3.67
5.33
4.67
4.0
-1.0
-3.0
-1.67
-6.0
-2.33
2.0
2.0
1.33
0.33
-2.0
-1.67
6.67
0.67
-2.0
-4.33
-0.67
2.67
2.0
-0.67
-1.0
0.33
10.0
7.67
1.67
0.67
6.33
1.67
-4.0
-0.33
2.67
3.33
3.0
1.67
9.0
-0.67
-1.0
5.67
-3.0
3.67
-3.0
3.33
7.0
0.67
2.0
1.33
-2.67
0.33
5.33
0.0
10.67
2.67
5.33
4.0
-0.33
6.33
3.67
1.33
-0.67
4.67
-1.33
5.0
1.33
2.67
7.67
2.33
3.67
2.33
0.67
0.0
0.67
6.33
0.0
-0.67
0.67
7.33
1.33
9.33
4.33
-3.33
7.67
-1.0
1.67
1.67
7.0
2.0
4.0
5.67
7.67
3.67
8.0
7.33
8.67
-0.67
4.67
4.33
5.0
5.33
7.0
0.67
10.67
7.67
9.67
2.33
7.33
12.33
4.67
8.33
7.33
6.33
5.67
2.0
17.33
2.0
-1.67
-0.33
1.33
2.67
3.67
9.33
3.0
15.67
5.67
7.33
2.33
4.67
6.67
5.0
3.0
7.33
4.67
3.67
11.67
8.67
9.67
-0.67
7.33
5.0
3.0
6.0
5.33
7.33
1.33
2.0
-0.67
11.67
5.33
4.33
11.33
4.0
0.67
9.0
11.67
2.33
9.0
-2.0
11.0
7.33
11.67
14.33
2.0
12.33
10.67
8.33
26.67
25.67
26.67
33.67
40.33
41.0
49.33
50.0
43.0
57.0
47.33
53.0
37.67
34.33
38.0
32.67
40.0
30.67
13.67
26.0
34.0
17.0
16.0
12.67
24.0
10.33
13.33
9.67
18.67
11.33
10.67
14.67
6.33
18.67
11.0
9.67
11.33
8.33
14.0
8.0
11.67
7.67
11.33
8.67
13.33
8.0
2.0
16.33
14.0
13.0
7.67
24.0
11.0
23.33
14.67
16.67
20.0
18.33
12.0
25.33
31.0
24.67
15.33
14.33
25.33
12.33
16.0
14.0
9.33
16.67
11.0
9.67
9.33
16.67
7.0
15.33
12.67
14.67
14.67
10.33
12.67
4.0
17.33
9.0
8.33
10.33
7.0
13.33
16.33
4.33
11.0
12.0
17.67
21.33
8.67
13.33
25.33
22.67
16.0
28.67
33.33
14.0
15.0
11.0
17.0
24.67
13.33
10.67
18.0
17.67
13.33
19.0
10.0
14.67
14.33
11.33
7.67
12.0
20.33
21.67
19.0
22.0
19.0
17.33
24.67
26.67
29.67
16.67
32.0
28.67
25.67
32.67
29.33
31.0
36.33
18.0
40.67
40.67
29.0
22.67
19.33
19.33
22.0
20.0
12.0
14.67
20.0
7.33
26.0
19.33
14.33
9.0
15.33
19.33
15.0
23.67
11.33
17.33
15.67
19.67
21.67
10.33
18.67
10.67
20.67
24.0
16.33
8.0
15.33
23.0
9.67
11.67
11.67
9.0
19.67
23.67
9.67
3.33
10.0
15.67
12.33
15.33
12.33
6.0
10.33
8.67
8.33
12.67
17.33
9.0
9.67
13.67
3.67
7.0
4.33
3.0
11.0
3.67
6.33
8.33
9.0
11.67
10.67
9.67
11.33
12.0
5.67
9.0
3.0
21.67
12.67
21.0
13.33
25.33
6.33
23.67
18.33
22.33
15.0
27.67
19.67
7.0
14.67
16.67
11.67
4.0
15.67
13.0
9.33
13.0
15.0
10.0
15.67
11.0
14.0
18.0
12.33
12.33
12.0
6.33
11.0
9.33
16.33
15.33
19.0
25.0
7.33
13.0
14.0
14.0
32.0
41.0
27.0
33.33
35.33
43.0
73.33
47.67
56.33
88.0
86.33
89.67
112.33
107.0
119.33
104.33
127.0
151.67
142.0
169.67
174.67
155.33
167.67
161.67
164.0
144.67
150.67
132.0
120.0
124.0
97.67
110.0
76.67
64.67
47.33
54.33
39.33
25.67
30.67
27.0
16.33
19.67
19.67
14.67
15.67
17.33
14.67
23.33
31.67
27.33
17.67
23.0
23.0
24.67
24.67
15.67
28.0
49.0
37.0
28.67
28.0
27.67
34.33
32.0
31.67
38.33
30.0
27.0
43.67
35.33
18.67
22.67
45.33
34.33
29.33
29.0
32.0
30.0
21.33
30.67
24.33
18.67
25.67
23.0
11.33
17.33
10.33
23.67
16.0
7.0
6.67
17.0
25.67
9.0
18.0
24.0
18.33
7.67
11.33
14.67
2.33
8.33
12.33
12.67
11.0
5.67
8.67
13.33
10.0
8.67
11.67
14.0
9.33
13.67
6.33
12.0
-1.0
5.0
15.33
11.33
12.0
6.33
7.0
18.67
5.0
11.0
15.0
11.67
13.67
5.67
10.0
7.33
19.0
8.0
6.67
17.67
26.0
11.67
11.0
13.67
10.0
15.0
19.0
5.0
16.67
20.0
15.33
6.67
13.67
23.33
21.0
18.33
12.33
6.33
36.33
3.0
13.67
9.0
23.0
8.0
26.0
6.33
14.33
18.33
14.0
16.33
14.67
14.67
26.0
14.33
14.0
24.33
21.67
20.33
14.33
17.0
15.0
26.0
21.0
16.0
10.33
21.33
30.0
19.67
9.67
3.33
11.33
12.67
33.33
4.67
16.0
11.0
18.67
14.0
7.0
15.0
15.67
21.67
10.0
16.67
10.0
7.0
9.0
21.0
12.33
6.67
8.67
27.67
15.33
8.67
4.67
3.0
5.0
6.0
11.0
12.33
4.0
8.33
20.33
10.67
14.67
11.67
13.67
3.0
4.67
22.33
10.0
11.0
7.67
5.33
9.67
3.67
16.0
19.67
13.33
7.0
13.67
8.0
5.33
3.67
8.0
2.67
3.0
15.0
13.67
7.67
16.33
5.33
6.67
17.0
11.33
-0.33
7.0
8.33
4.67
8.0
8.67
12.33
4.0
10.67
13.33
17.0
10.67
28.67
4.67
1.33
14.0
11.0
9.67
10.33
7.67
15.0
24.0
9.33
1.0
15.0
12.33
9.33
7.0
4.67
5.0
10.0
14.33
1.67
6.0
13.33
6.67
8.67
16.0
8.33
11.67
9.33
-4.67
-1.67
-1.67
4.0
14.67
8.33
16.0
-7.67
6.33
4.0
19.33
16.33
3.67
8.67
-1.67
0.33
-6.33
-5.0
4.33
-0.33
4.0
6.33
3.67
1.33
19.0
15.67
2.0
14.0
9.67
-5.67
8.33
0.67
12.0
25.33
5.67
17.0
2.67
0.0
2.0
13.67
17.67
11.33
14.0
9.33
0.33
7.0
-0.67
-0.33
-1.0
4.67
14.0
14.67
14.33
3.0
4.0
4.33
13.67
-1.67
17.33
12.0
18.0
4.33
16.67
6.67
7.67
15.0
25.0
13.67
11.67
17.67
3.0
7.33
10.67
1.67
8.33
20.0
3.33
13.0
11.67
16.33
13.67
4.67
4.0
26.33
7.67
12.0
20.0
15.67
4.67
17.33
13.67
8.0
9.0
17.33
27.33
13.0
12.67
13.33
18.33
10.67
20.0
18.33
21.33
11.67
18.0
6.67
16.33
24.0
14.67
15.67
7.33
12.0
7.33
26.0
6.33
22.33
13.0
11.0
9.0
0.33
18.0
10.33
14.0
8.0
17.0
12.33
9.33
11.33
10.0
12.67
10.67
7.33
-2.67
11.33
-8.33
-1.67
6.67
14.33
14.67
11.33
5.67
14.67
11.67
17.0
5.33
9.67
1.33
9.67
14.33
2.33
14.0
11.0
7.33
10.33
10.33
16.67
9.0
10.33
19.67
14.67
12.67
9.0
-1.33
9.67
16.67
15.33
6.33
9.67
12.33
1.67
0.67
0.67
15.0
9.67
15.67
15.67
3.67
5.33
8.0
0.67
14.0
3.0
18.33
-1.0
1.67
7.33
8.0
-3.0
-2.0
7.33
6.0
11.33
9.33
-7.0
-0.67
15.67
14.33
2.0
0.67
5.67
13.0
6.67
1.33
5.33
0.33
6.0
-3.33
-2.33
7.67
15.33
0.33
-3.67
12.67
-3.0
-6.33
11.33
-5.0
-3.33
-0.67
-3.33
4.33
4.0
4.0
1.67
-2.33
5.33
9.33
6.0
7.33
10.67
5.67
2.0
11.0
11.0
12.33
7.33
-3.0
4.33
0.33
8.67
-1.67
8.33
9.67
6.67
6.0
6.67
-2.67
4.67
2.33
7.33
2.33
0.33
2.33
6.67
6.33
7.33
-5.0
-8.33
-3.33
4.33
8.0
0.0
-2.67
0.67
10.33
3.0
-1.0
7.67
6.67
-1.33
15.67
-0.67
3.67
6.33
-1.67
-0.67
3.0
0.0
7.67
5.67
4.67
10.67
4.33
4.33
5.33
14.33
4.33
2.0
0.33
-6.0
-6.67
10.33
3.33
2.33
4.67
3.0
7.0
6.33
12.33
10.0
17.33
-4.33
9.67
8.33
5.67
-3.67
0.33
12.33
4.0
7.67
12.33
5.67
1.67
9.67
6.67
7.67
-4.33
2.0
1.67
4.33
10.33
1.67
-3.67
1.33
3.0
2.0
7.67
2.0
-5.0
-0.67
6.0
4.0
10.0
8.0
-5.67
10.0
1.0
-4.0
5.67
1.0
0.33
2.67
1.33
9.0
3.67
-1.0
6.0
1.67
-3.67
-1.67
7.0
11.67
4.67
5.33
1.67
5.0
0.33
2.0
4.0
-4.0
-4.67
5.67
7.0
0.33
7.33
1.0
13.33
-4.67
6.67
15.67
-5.67
-0.33
11.0
0.33
4.67
1.33
-0.67
10.33
2.33
2.67
0.33
3.0
8.33
-1.0
-5.33
-1.0
-0.33
0.0
6.67
5.0
2.67
4.67
0.33
-3.67
5.0
3.0
2.0
-4.33
2.33
-0.33
2.0
7.0
-1.33
1.33
-1.67
12.67
3.0
8.0
1.33
10.0
8.33
4.33
3.33
2.33
-1.33
10.33
-1.0
9.33
6.67
-0.67
2.33
7.67
0.0
6.33
-0.67
-0.67
-2.0
8.67
1.0
8.33
2.33
8.33
-1.0
3.33
5.67
5.0
2.67
-4.0
0.33
2.33
-0.33
5.67
1.0
5.0
1.0
5.67
1.33
6.33
8.67
3.0
-1.0
4.67
-0.33
-3.33
10.33
4.0
1.33
3.33
5.0
2.33
2.33
6.67
-3.67
3.0
6.33
5.33
1.67
2.67
-1.0
0.0
-0.67
2.67
1.67
1.67
5.33
-0.67
-2.33
0.33
-1.67
1.33
2.67
-4.67
0.67
4.67
8.33
7.0
3.0
6.33
-5.33
5.0
9.0
0.33
6.33
5.67
0.67
4.0
6.67
1.33
8.0
4.33
3.0
8.0
11.67
-3.33
1.67
7.0
2.0
7.67
11.67
7.67
4.33
0.0
5.33
-2.33
0.0
3.67
-1.0
5.33
7.0
1.33
1.33
0.0
-1.67
0.67
-1.0
-1.0
1.67
-0.67
8.33
3.0
1.0
-3.33
4.0
1.67
8.33
1.33
4.33
7.0
2.33
1.67
3.33
-2.67
2.0
6.67
3.0
2.0
-0.67
2.0
0.67
6.33
5.67
-2.0
0.33
-0.67
0.67
-1.33
-3.0
0.33
0.33
0.67
2.67
-0.67
3.33
2.33
2.67
-3.33
1.33
-2.67
-0.33
1.67
4.33
-2.0
6.0
-1.33
-4.0
6.33
