0.0
22.0
54.67
4.0
64.0
-14.67
70.33
-18.0
86.33
56.33
-44.0
-7.0
34.67
34.67
50.0
4.33
19.33
24.67
17.0
4.67
-12.67
22.33
1.67
0.67
-28.0
2.0
1.33
-2.0
-13.67
14.0
6.33
-2.33
-0.67
2.33
-4.0
-3.0
0.33
1.0
1.0
-0.33
-0.67
0.33
0.67
-1.0
0.67
0.67
2.0
-0.33
0.0
1.0
2.0
1.0
1.0
0.67
0.0
0.67
1.0
2.0
-0.67
0.0
-0.33
-0.33
0.0
-1.33
1.0
0.0
-1.0
-0.67
-0.33
0.0
-0.33
1.67
0.0
-0.33
0.67
-0.33
-0.67
-0.33
0.0
0.67
0.0
-0.67
-1.33
-0.67
-0.67
-1.0
-0.67
-0.33
0.67
0.67
0.67
-1.0
-0.33
0.0
1.33
2.0
1.0
0.33
2.67
2.33
-1.33
-0.33
-0.33
-0.33
1.33
1.0
-1.33
-2.33
-2.0
0.67
0.0
2.0
1.33
-0.67
1.67
1.0
-2.0
-3.67
-1.0
-2.0
0.67
-3.33
3.67
-1.67
0.67
4.33
-3.0
5.0
-0.67
-0.67
5.33
0.0
6.0
4.67
2.33
5.0
5.33
8.0
7.33
3.0
3.0
2.0
0.0
1.0
1.67
2.33
1.67
1.0
5.67
-1.33
-2.0
-2.0
-3.67
6.0
-2.33
5.33
2.0
2.0
8.33
-4.33
2.67
12.0
-1.67
3.67
5.67
3.67
7.67
-1.33
4.33
6.67
5.33
1.33
-4.0
-5.0
2.0
-2.0
0.67
4.67
3.67
2.33
0.67
9.0
-1.33
2.67
0.67
-0.67
-0.33
2.67
6.33
4.0
12.33
9.67
-2.0
-2.33
-3.33
-2.67
0.67
2.0
-2.67
-4.0
2.0
-3.67
-0.67
0.0
6.33
5.0
6.67
0.33
2.0
-4.0
4.0
4.0
3.0
3.67
4.0
1.0
2.0
-2.0
0.67
6.33
1.0
3.33
-0.67
-1.33
8.67
-1.0
7.0
12.67
7.33
0.33
7.33
1.0
1.33
1.0
2.0
5.67
6.0
0.0
6.33
-0.33
0.0
3.33
5.67
-0.33
2.0
0.0
12.33
-2.0
3.0
4.67
-1.33
2.0
3.67
1.67
1.67
-1.0
0.33
-1.67
1.33
10.0
3.33
10.33
11.0
-0.67
-3.0
3.33
3.67
-2.0
2.33
0.0
0.67
7.0
2.33
9.0
-3.0
1.67
-2.67
7.33
3.0
3.0
2.67
8.67
8.67
5.33
3.33
-1.0
0.0
2.67
-4.33
2.33
4.0
9.33
4.33
5.33
8.67
4.33
2.67
-4.67
1.0
-1.33
-1.67
1.0
-2.67
5.33
-1.0
1.33
-1.67
2.0
0.67
-1.0
1.67
-6.67
0.33
4.0
2.0
5.67
8.0
-1.67
-1.67
1.0
-2.33
0.33
-0.67
0.0
4.33
-0.33
-1.33
0.0
-2.67
1.33
5.0
1.33
4.67
-2.33
5.0
2.67
8.0
4.0
-3.33
9.0
6.33
8.0
5.67
-1.33
2.67
2.67
5.33
-2.67
-0.33
3.67
5.0
8.67
-3.67
2.33
-4.67
7.33
-0.33
-1.0
3.33
0.0
-0.33
1.0
0.67
-2.33
-1.67
-1.33
12.0
1.33
3.0
3.67
9.33
3.67
-0.33
4.67
0.67
3.0
-4.0
8.0
2.0
3.0
-2.0
4.67
-0.67
1.67
-0.67
1.67
-0.33
4.67
-0.67
6.0
2.67
-3.0
-2.0
0.0
2.67
2.67
3.67
4.33
3.67
-0.67
-3.33
-5.33
3.33
2.0
1.33
1.0
-3.0
-0.33
2.67
5.33
2.33
-1.0
7.67
4.67
0.67
-4.0
3.67
1.0
-3.33
-1.67
0.67
-3.33
1.0
1.0
1.33
4.67
4.33
-5.0
2.33
0.0
0.33
-4.33
1.67
-1.0
-1.33
1.0
1.0
4.33
2.0
8.0
-0.33
0.33
4.33
-0.67
-3.67
-2.67
-3.0
0.0
-0.33
-2.0
1.33
-1.33
-1.67
3.33
-3.67
1.33
-1.33
2.67
-3.67
1.67
-1.0
1.67
2.33
-2.0
4.0
1.33
3.0
-1.67
-0.33
-0.33
-0.67
4.33
3.67
0.67
3.0
2.33
-0.33
1.33
-2.67
2.0
-2.67
-0.67
-0.33
-3.0
-1.0
4.33
2.67
3.0
-1.33
5.33
-3.0
3.33
0.0
-0.67
1.33
-2.67
-1.0
2.67
0.67
1.0
1.0
1.33
7.0
-1.33
3.0
-1.67
1.33
6.0
2.33
5.67
6.0
-1.33
6.0
1.33
3.67
1.0
-1.0
2.67
-1.33
-1.33
4.67
-2.33
0.67
2.0
-2.33
-0.33
-4.0
1.0
7.0
0.33
-1.33
3.33
-1.33
5.0
0.0
4.67
2.67
5.33
-4.0
-1.67
0.33
3.0
4.67
-1.0
2.67
-3.33
-1.0
-1.33
-1.0
3.33
2.33
1.0
-1.33
-1.33
-4.33
3.33
1.67
-1.0
0.33
-1.67
3.0
-2.67
4.67
7.33
3.33
-1.67
2.67
-1.67
-3.0
3.0
1.0
2.67
1.67
2.67
-5.33
0.33
-0.33
2.67
-2.0
1.67
1.0
0.67
0.67
1.0
0.67
0.67
-1.67
-1.67
-2.67
2.0
-1.33
3.33
1.33
-3.33
-1.0
-4.33
2.0
-3.0
-1.33
2.33
1.33
1.0
4.33
-1.33
4.0
-3.67
0.0
-0.33
4.33
-2.0
3.0
-0.33
7.0
-2.33
0.0
0.0
-0.67
3.0
-3.0
-7.33
-4.33
-2.33
-2.0
0.67
2.0
-0.33
-0.33
3.0
-1.33
2.33
-1.33
1.67
2.67
-3.33
-1.67
0.0
-2.0
1.0
2.33
1.67
-0.33
0.0
-4.67
-2.33
-1.0
-1.0
-2.67
-3.0
-1.33
1.0
2.0
-0.33
3.33
3.0
2.0
-5.67
-4.67
-4.0
-6.67
-2.67
-3.67
-2.67
-2.33
3.0
-2.67
-0.33
4.0
-3.67
2.0
-3.67
-4.33
-6.33
1.0
0.67
2.0
6.67
-0.33
-3.67
6.0
0.33
-0.33
-3.67
5.0
3.33
-0.67
-1.67
0.0
-1.67
0.33
0.0
-3.0
-4.67
-1.33
-2.33
-3.0
-7.67
2.0
3.0
5.33
-3.33
-1.33
0.33
-2.67
3.33
-7.33
-0.33
4.0
-6.33
-3.33
-1.33
-4.0
-0.67
-5.67
-0.67
0.0
1.67
-1.33
-2.67
-1.67
-5.67
-3.33
-1.33
1.0
-0.33
-4.67
-4.67
2.67
-1.0
-5.33
-10.33
-6.67
-3.0
-4.0
-2.0
-1.33
2.33
-1.33
-3.67
-6.33
-6.0
-5.67
1.33
-2.0
-1.67
-2.0
-5.67
-6.0
-2.0
-10.0
0.67
-7.67
-5.67
-8.67
-3.0
-1.67
-2.67
0.67
1.67
0.33
3.33
2.67
-1.67
-3.0
1.67
-8.67
0.67
4.33
-3.67
-4.67
-6.67
1.33
7.33
-3.33
-6.33
-1.67
-2.33
-1.33
-1.0
-2.33
0.67
-7.67
0.33
-2.0
0.67
-4.0
1.33
0.33
-3.67
-4.0
-6.0
-7.33
4.33
-3.0
-2.0
2.0
0.67
-0.33
-6.0
0.0
4.0
3.33
-4.67
-4.67
-0.67
7.33
8.0
1.67
-4.67
1.67
-2.67
-2.67
4.67
-3.67
-2.67
-2.0
-1.33
-1.33
5.0
-0.67
0.67
-2.67
-7.67
-1.0
8.67
6.67
0.67
-3.33
7.33
1.67
-3.0
-5.67
-3.0
-5.0
-8.67
-3.33
-1.0
-0.67
4.67
-7.33
1.0
-1.33
1.67
1.33
-3.33
-3.33
3.0
5.33
-3.67
3.0
1.33
-0.33
-4.0
-1.67
8.33
0.33
-6.0
4.0
6.0
-1.67
1.33
2.67
-3.67
1.67
5.67
-3.33
-3.67
-1.0
-1.0
-9.33
9.67
0.33
-0.67
4.67
-5.67
7.67
-0.33
-3.67
3.0
1.0
-7.0
6.67
-2.33
-1.33
8.33
1.67
-3.67
3.33
9.0
0.33
4.67
2.67
-3.0
-1.33
-7.67
8.0
0.67
0.33
-1.0
6.67
2.33
5.67
-3.67
-3.67
3.67
-7.0
-8.0
-2.67
5.0
-1.0
-2.33
3.67
-6.0
-1.0
4.67
9.0
11.67
-8.0
-1.33
-1.33
4.33
-2.0
4.0
13.0
15.67
-6.0
0.67
19.33
6.0
16.67
12.0
22.33
49.33
58.33
72.0
61.67
62.33
70.33
84.67
64.33
77.0
82.0
53.33
71.67
63.67
38.67
43.33
45.67
56.33
49.0
54.33
46.33
29.33
23.0
8.67
11.0
8.33
19.33
5.33
8.0
12.33
0.0
5.0
9.0
-3.0
-0.33
1.33
10.67
9.67
-2.33
11.33
1.0
-5.0
10.0
5.67
2.33
9.0
3.0
13.0
11.67
13.0
18.0
16.0
19.0
20.33
36.33
15.0
19.0
14.0
19.0
19.67
30.0
16.67
8.33
12.33
18.0
10.0
2.33
17.0
17.0
13.0
5.33
10.67
-3.0
13.67
6.67
10.0
7.67
13.33
-0.33
3.0
5.33
6.33
-2.67
8.0
-0.33
2.0
1.67
10.67
6.0
4.67
1.67
5.33
16.0
13.0
7.0
8.33
8.67
8.0
1.33
3.33
21.67
5.0
9.0
14.0
0.0
9.67
16.0
21.0
32.0
18.67
17.33
22.0
9.67
15.0
17.67
19.67
24.33
17.0
15.33
15.0
20.67
16.0
24.67
17.67
12.0
24.33
15.67
29.67
15.0
28.33
33.0
19.33
22.0
18.33
21.0
40.33
32.33
27.33
29.0
32.0
30.67
15.33
25.67
26.33
25.67
26.33
22.0
29.0
17.67
23.67
24.67
28.33
21.67
10.33
38.67
21.67
29.33
36.0
23.0
27.0
27.0
38.33
41.33
24.67
43.67
36.67
45.67
35.67
41.33
41.33
34.0
33.67
32.33
18.0
13.0
29.0
17.0
27.0
8.67
5.33
10.0
22.0
11.33
14.0
12.33
5.33
9.0
15.33
22.67
-2.0
6.67
11.0
0.67
13.0
14.33
3.0
22.33
6.33
9.33
16.0
19.0
17.33
10.67
11.33
13.0
13.33
14.0
14.33
20.33
5.0
22.0
9.33
13.0
18.33
26.33
14.0
28.67
19.33
38.67
20.67
23.0
38.67
26.0
32.0
43.0
20.67
33.0
26.67
43.0
17.33
37.0
21.67
12.33
10.33
11.0
22.0
13.0
7.67
13.67
25.33
11.0
17.33
21.67
13.0
12.33
38.67
29.33
49.33
36.33
53.33
65.33
78.0
73.67
135.33
154.67
148.67
195.33
207.67
258.0
247.33
290.67
315.67
312.0
328.33
349.33
314.67
318.0
323.33
292.67
298.0
246.67
254.0
260.33
201.67
156.67
155.67
143.33
131.33
112.67
102.67
94.67
59.0
51.67
51.67
30.33
43.0
30.33
26.33
24.0
17.67
20.33
14.0
24.67
28.33
15.33
26.0
22.33
28.67
38.0
37.67
53.33
48.67
39.67
71.0
64.67
51.67
67.33
78.67
79.33
71.67
73.0
73.67
46.67
74.33
71.67
39.67
56.67
59.0
37.67
52.0
53.0
44.67
50.0
49.33
31.67
45.67
31.0
54.0
49.67
44.0
48.67
50.0
42.67
45.33
50.33
52.67
48.0
40.33
35.0
43.0
28.67
40.0
18.67
54.67
30.0
25.0
25.33
32.67
14.67
20.33
18.33
16.0
14.67
9.33
14.0
18.33
3.67
15.33
18.33
6.33
13.33
18.67
14.0
10.67
15.33
6.67
17.0
11.67
12.67
7.0
12.0
6.0
12.0
19.0
9.0
23.33
21.67
21.0
19.0
19.33
14.0
19.67
41.33
31.67
16.33
22.33
24.33
26.67
18.67
32.0
30.0
27.67
24.0
39.67
26.67
23.67
43.0
39.33
19.0
29.33
40.67
30.67
29.0
38.33
29.33
38.67
29.0
44.33
24.0
40.67
38.33
36.0
39.0
29.67
29.0
16.0
25.33
22.0
25.67
10.33
22.33
17.67
15.0
14.67
13.67
22.0
14.33
22.0
18.67
37.33
24.67
14.0
14.33
18.33
21.33
10.0
22.0
31.0
30.0
22.67
21.67
16.67
24.33
11.33
8.0
10.33
12.33
7.33
27.67
24.33
16.67
21.33
13.0
12.0
20.67
5.33
24.33
11.33
7.33
15.0
7.0
12.67
5.67
8.0
10.0
3.67
7.67
20.0
10.0
9.33
9.67
12.67
23.0
2.33
2.33
0.0
6.33
15.33
-5.33
6.0
5.33
5.67
1.33
3.33
5.0
0.0
-4.67
0.67
10.67
14.33
-7.33
21.0
1.67
3.0
3.67
8.67
4.67
4.0
1.67
1.0
-7.33
7.33
-3.67
16.0
0.33
11.33
9.33
13.33
6.67
5.33
-6.0
-9.0
0.0
17.67
2.67
0.0
8.67
12.0
12.0
3.33
12.33
6.33
-1.33
8.33
10.67
-4.67
9.0
0.0
9.0
-1.67
12.0
26.67
0.33
-1.0
-2.33
16.0
6.0
5.67
7.33
-10.67
10.67
0.33
16.67
-0.67
13.0
11.33
13.67
5.0
-3.33
-10.0
1.67
8.0
-1.0
9.67
9.33
-5.0
7.33
4.33
1.67
-5.67
-2.0
3.33
5.33
8.0
5.0
11.67
-2.67
-1.33
8.67
10.67
19.67
-2.0
2.0
12.67
9.0
11.33
4.0
-4.33
3.33
3.67
9.33
1.0
8.33
-3.67
10.67
13.0
8.0
-5.67
4.33
5.0
-0.67
8.0
8.67
10.0
11.33
9.0
19.33
7.33
-6.33
12.33
19.67
3.0
9.67
10.67
9.0
-7.0
11.0
1.0
-3.33
19.0
6.67
1.67
3.67
14.0
1.67
7.0
10.0
8.33
5.0
21.33
18.33
3.33
9.0
6.33
7.33
14.0
8.33
9.0
1.33
21.0
-7.67
-4.0
3.67
0.33
13.33
14.0
6.67
9.67
9.0
18.33
4.0
3.0
15.0
7.0
6.67
13.67
-0.67
19.0
20.33
-3.33
23.0
-1.0
4.33
10.0
5.0
-2.0
-3.33
21.33
16.33
7.0
1.67
-3.33
-4.0
10.67
7.33
5.33
9.0
13.0
12.0
-0.33
4.0
14.33
13.33
6.67
16.33
3.33
11.0
4.0
5.33
11.0
-0.33
10.0
6.0
7.33
19.0
2.33
11.33
3.67
18.0
8.0
23.67
10.0
6.67
2.0
15.67
16.67
23.0
22.67
10.0
17.0
7.0
20.67
16.0
15.67
-2.67
3.0
15.0
10.0
2.33
5.67
10.67
7.0
12.33
6.33
9.33
13.33
-1.0
7.0
10.67
3.0
8.67
-0.33
-3.0
-1.33
2.67
17.0
0.0
5.33
8.0
0.67
5.33
7.0
2.33
9.33
0.33
4.67
10.33
2.0
16.67
-8.0
2.67
8.67
-5.33
9.33
3.33
12.0
4.67
7.33
8.67
12.33
3.33
-1.67
6.0
-2.0
-1.0
0.33
-5.33
-2.33
6.67
3.67
9.33
-6.33
-1.33
4.0
9.67
-6.67
3.67
1.33
11.0
17.67
5.0
-10.0
-1.0
3.0
13.0
0.67
-4.67
0.0
1.33
1.33
1.33
2.0
-4.33
3.33
5.67
8.33
5.67
-5.67
3.33
1.33
11.67
-1.67
2.67
-9.67
-2.33
0.0
0.67
5.33
0.33
5.0
-9.0
0.0
-5.33
0.33
5.0
7.33
-3.67
5.33
5.0
-2.67
7.0
7.67
11.0
-1.67
2.0
7.33
1.67
14.67
1.0
-2.67
0.33
-7.0
7.67
13.33
-11.0
7.0
2.33
6.0
8.67
8.33
11.67
-1.0
-5.67
1.33
-4.33
12.0
-0.33
-3.67
1.33
2.67
1.33
2.67
-5.67
-6.33
7.67
5.33
1.67
-2.33
-1.67
7.0
-8.33
2.0
12.0
1.67
11.0
-4.0
2.33
-3.0
-0.33
-4.33
0.67
3.67
2.67
6.33
8.33
-0.33
10.0
8.33
0.33
-1.0
-1.33
9.33
2.33
3.67
4.67
-1.67
10.67
2.0
4.0
-5.33
-1.0
-2.33
4.33
-1.0
2.33
-2.33
-2.0
6.33
5.67
1.33
0.33
3.67
1.33
-8.33
7.33
2.67
13.33
11.33
3.33
3.0
2.0
2.0
-1.67
1.33
2.33
4.67
5.67
3.67
-2.33
-4.33
-0.33
0.67
-8.33
0.67
7.67
3.0
4.67
2.67
5.67
3.67
-1.67
1.33
5.33
-0.67
8.67
-0.33
9.0
0.67
9.0
2.67
9.33
4.67
3.33
5.0
-1.0
3.67
3.67
3.67
9.33
3.33
0.67
4.0
9.0
1.67
-3.0
2.33
1.33
4.0
2.67
5.67
3.67
0.67
8.67
13.67
18.67
-3.67
-2.33
-1.33
1.0
3.0
3.0
5.33
0.67
2.67
1.33
-0.67
-0.33
1.67
-0.67
5.67
1.0
0.0
4.33
10.0
0.33
6.67
3.33
4.0
-1.33
-3.33
2.67
9.0
-2.0
-0.67
0.33
-1.0
-1.0
5.0
-4.0
1.67
-2.33
3.0
2.0
4.0
1.0
1.33
9.67
2.33
2.67
-5.0
-1.0
4.0
-0.33
-2.67
10.0
9.0
-2.67
5.33
3.0
1.67
7.0
1.0
-4.0
1.0
1.0
0.33
0.33
-4.67
6.67
4.67
-1.67
-2.67
1.67
-4.33
6.33
10.67
2.0
-0.33
5.67
4.0
0.67
9.33
5.0
4.0
6.33
2.67
5.0
3.0
0.33
-4.0
3.67
0.0
-3.33
9.67
2.67
4.67
1.0
3.0
-1.0
6.0
0.33
3.33
5.33
-1.0
2.0
2.33
3.0
3.0
0.0
-2.67
-2.67
-1.67
3.0
6.33
5.0
0.33
2.33
-3.0
0.0
-0.67
3.67
-4.0
0.67
5.0
-3.33
-7.33
5.67
-0.33
2.0
5.0
-1.67
4.33
-6.33
-1.33
-1.33
4.0
-0.33
-3.33
0.67
-1.67
2.67
0.0
-2.67
11.0
2.0
1.0
0.67
-6.33
4.0
1.0
1.67
4.67
5.67
-2.67
3.67
-3.67
-1.0
-0.33
2.67
-2.67
2.67
2.33
0.33
-3.67
3.0
2.0
4.0
-0.67
