0.0
25.0
-1.33
-6.0
71.0
-35.67
18.33
-24.0
-54.67
-67.67
-59.0
69.0
31.67
50.67
65.0
32.33
41.33
-14.33
-4.0
9.67
2.33
-17.67
-23.33
9.67
6.0
-3.0
0.33
-8.0
-9.67
4.0
-0.67
-1.33
4.33
7.33
-1.0
-4.0
-0.67
1.0
-1.0
-0.33
1.33
0.33
-0.33
0.0
-0.33
-0.33
1.0
1.67
0.0
1.0
1.0
0.0
0.0
-0.33
0.0
-0.33
0.0
-1.0
1.33
0.0
-0.33
0.67
0.0
-0.33
1.0
1.0
0.0
0.33
-0.33
1.0
-0.33
-0.33
0.0
-0.33
-0.33
-0.33
0.33
-1.33
0.0
-0.33
0.0
-0.67
-1.33
-0.67
0.33
2.0
-0.67
-0.33
0.67
0.67
-0.33
-1.0
0.67
0.0
0.33
-1.0
1.0
2.33
0.67
-0.67
-1.33
0.67
0.67
2.67
0.33
0.0
0.67
-0.33
2.0
4.67
0.0
0.0
2.33
3.33
1.67
-1.0
2.0
2.33
-1.0
0.0
2.67
0.67
2.67
-3.67
-3.33
3.33
-1.0
0.0
1.33
-1.67
-1.67
-5.0
4.0
1.67
1.33
-5.0
-1.67
1.0
0.33
-2.0
8.0
4.0
-3.0
5.0
2.67
-1.67
-1.33
-1.0
-0.33
2.67
-1.0
-2.0
-3.67
0.0
2.67
-1.67
8.0
5.0
2.33
0.67
3.67
9.0
4.33
0.67
6.67
-4.33
5.67
0.67
-0.67
5.67
2.33
9.33
-3.0
-9.0
4.0
3.0
-0.33
-1.33
11.67
1.33
2.67
6.0
-2.33
2.67
0.67
6.33
5.67
2.67
6.33
7.0
2.33
5.67
3.0
-0.33
1.67
3.33
5.67
7.0
7.33
10.0
11.0
-0.67
-3.67
15.0
0.33
7.0
2.67
13.33
2.0
3.0
0.0
2.0
4.0
3.67
7.0
4.0
0.0
-4.0
2.67
-1.67
-4.0
-4.67
3.33
5.67
3.67
8.0
6.0
-1.33
3.33
-1.67
5.33
3.0
3.33
3.0
2.0
0.67
6.0
0.0
2.33
-1.33
1.0
-1.67
2.67
0.67
-1.0
1.0
3.33
3.0
-2.0
0.67
9.67
-5.0
8.67
-5.33
-1.33
3.0
6.33
3.33
3.33
1.0
1.33
-0.67
5.0
4.33
2.0
-6.67
-0.33
2.0
5.33
-3.0
7.67
-7.0
1.33
8.0
0.0
-1.33
0.33
10.33
4.0
2.0
-3.33
2.67
4.67
0.33
1.33
0.0
3.0
1.67
1.67
1.33
7.0
-0.67
-3.67
-2.67
2.67
7.33
6.67
-4.67
4.0
3.67
13.33
-3.0
0.33
6.33
1.0
-0.67
4.33
9.0
3.67
-1.0
2.67
0.33
0.33
4.0
4.0
11.67
4.0
8.33
-3.67
6.0
-2.33
-1.67
1.33
0.0
2.33
-2.33
0.67
4.0
0.33
4.33
-2.0
-2.67
9.67
4.67
2.0
0.67
2.0
-2.0
-3.33
7.0
2.33
10.0
3.67
-2.33
-1.33
0.67
2.33
9.33
0.67
0.67
2.0
-1.33
2.33
3.33
0.33
3.33
9.67
2.0
2.33
-3.0
-1.33
4.0
0.67
-1.33
-0.67
-0.33
-1.0
-4.67
-1.0
0.67
1.33
2.67
0.67
-3.33
3.67
-2.0
3.0
3.0
5.0
-2.0
1.0
4.67
-1.67
2.67
-4.67
-1.33
1.67
-5.33
5.33
5.0
-2.33
-2.0
-2.0
1.0
8.67
6.67
4.67
-1.67
3.67
0.33
-1.33
-0.33
1.33
6.0
-0.67
2.0
1.0
-0.33
-2.33
2.33
1.33
-9.0
2.67
-1.33
-1.33
-3.0
0.67
10.0
-1.33
6.33
-1.33
2.67
5.0
4.0
4.33
-0.33
-0.67
-1.0
1.33
-3.0
0.33
0.67
-1.33
-2.0
0.67
0.0
3.0
4.33
1.0
5.0
7.67
2.33
-2.67
9.33
0.33
-2.67
6.0
-5.0
4.67
-2.0
-5.67
-1.33
0.33
0.33
0.33
2.33
-0.33
7.67
4.33
0.67
5.0
2.67
0.33
-1.0
3.0
4.33
-4.0
-2.67
-0.33
-0.33
5.33
-0.67
-3.33
-1.33
-1.0
0.33
-0.33
2.33
-2.67
1.0
3.33
-2.67
-0.33
3.0
7.0
-2.67
-3.33
0.0
6.67
4.33
-2.0
2.33
6.0
-0.67
0.33
-0.67
6.0
-2.33
0.67
4.0
-1.0
3.33
2.0
-1.33
-1.0
-0.67
-0.67
0.0
0.33
1.67
3.0
0.67
-2.0
4.33
-0.33
1.0
5.0
3.67
-1.33
-3.33
2.67
-0.33
-0.33
-2.0
-0.33
1.67
4.0
0.0
-1.0
-1.67
-1.33
0.33
-0.33
2.0
-3.0
0.67
0.67
1.33
-1.0
-0.67
-0.67
6.0
2.67
1.0
1.67
-3.33
3.0
-1.33
-2.0
-4.67
5.33
-2.0
-1.33
4.67
-2.33
2.33
0.67
2.0
-1.67
-1.67
1.0
-0.67
-1.33
3.33
0.33
-2.67
2.67
0.33
1.0
-2.0
0.0
3.67
-0.33
4.67
-4.33
0.33
-1.33
0.67
-1.0
-1.33
-1.0
1.67
-2.33
5.0
-0.33
-0.33
-1.67
3.33
3.33
2.0
-0.33
-1.67
2.33
2.67
6.0
-2.33
5.0
3.0
-2.33
-5.67
-0.67
2.0
-1.67
-3.33
3.0
-2.67
1.0
-3.33
2.33
1.0
5.0
0.67
2.0
-1.33
0.0
-1.0
-0.67
5.0
1.0
-3.33
2.67
-2.33
-2.0
-2.33
1.0
0.67
-3.33
4.0
6.67
1.33
-4.33
-2.33
-0.33
-2.33
-2.67
-1.0
1.0
0.0
3.33
-0.33
-1.33
0.0
-4.67
-0.33
1.0
-6.0
-4.67
-3.0
-4.33
-1.0
-1.0
-0.33
0.33
-3.0
-2.0
-3.67
-3.67
-1.0
-3.67
-4.67
2.33
0.33
-1.33
-2.0
-1.67
-0.33
-4.0
-2.67
3.0
-3.67
-0.33
1.67
-3.0
-0.33
1.0
-2.33
1.67
-3.67
-3.0
-5.67
0.67
-3.67
-3.0
7.33
-4.67
-2.67
-4.0
0.33
5.33
-1.0
0.0
-1.67
-5.33
-5.33
-4.0
-5.67
1.0
-1.0
1.33
-2.33
-4.33
-3.67
-1.67
0.33
-2.33
-1.33
-3.0
-6.33
-0.33
4.67
-2.0
-2.67
0.33
-0.67
-2.0
4.67
1.67
-4.67
-0.67
-2.67
-1.33
-1.33
3.0
-1.33
-0.67
-6.67
0.67
-2.0
0.67
-6.33
-3.67
1.0
-8.0
-5.0
-1.33
2.33
-1.33
2.33
-5.33
-4.0
-3.67
-3.67
-3.0
-3.67
-2.0
-2.67
-7.0
-2.0
-5.0
-0.33
0.33
-3.67
-7.67
-1.0
1.33
1.33
-4.33
-0.33
3.33
-3.67
-4.33
-0.67
-1.0
3.67
-1.67
-3.33
0.33
-0.67
-0.67
-0.67
6.33
-4.67
-2.33
-7.33
-7.67
-6.33
-4.33
-5.0
-3.33
-1.33
-2.67
6.33
0.0
2.67
-3.0
3.33
0.33
-6.67
-7.0
-8.0
-5.33
3.33
1.0
-2.0
4.0
-0.33
-5.33
-5.0
-8.0
1.0
3.33
2.33
-2.67
-3.67
-3.67
2.0
-2.33
-4.67
-0.33
3.33
0.33
-0.33
1.33
-1.67
-4.0
0.67
1.67
0.0
-5.67
-3.33
-4.67
-3.67
-2.0
-8.33
-2.33
-4.33
-5.33
-0.67
-10.33
-2.0
-3.67
-4.0
-4.0
-6.67
-5.33
-1.0
-1.67
-7.33
-8.33
-6.0
-4.33
-2.33
-2.67
7.67
0.67
5.0
2.33
7.33
2.0
4.33
1.67
0.0
2.33
5.33
3.33
-9.0
4.0
-1.0
7.33
-2.67
3.67
-7.67
6.67
-3.33
2.67
-4.67
2.0
-5.0
0.67
3.67
6.33
-5.67
0.67
3.33
1.67
6.67
-3.67
-8.0
-1.0
-7.0
4.67
4.67
0.67
7.33
4.67
-0.67
-2.67
5.0
5.33
2.67
4.67
-6.0
9.67
-8.67
8.0
-1.33
-2.67
14.0
7.67
4.33
4.67
-7.67
-0.67
3.67
0.0
0.0
7.33
6.0
4.0
4.67
-3.33
-9.0
-3.0
2.67
2.0
5.67
-11.0
-3.33
-4.33
11.33
3.0
12.0
11.0
3.67
8.0
20.67
13.33
11.0
20.67
10.0
27.33
33.33
51.33
38.0
44.67
38.33
36.33
53.67
54.33
57.0
65.0
51.33
44.67
52.67
25.67
30.33
29.67
36.33
41.0
27.33
19.33
9.33
19.0
10.67
5.0
12.33
7.33
15.33
5.0
-1.67
2.0
1.0
3.0
2.0
-4.33
6.33
8.67
8.67
7.67
6.33
7.0
5.0
11.0
15.67
5.33
6.0
5.0
5.0
6.67
5.0
12.0
14.0
8.0
19.33
16.33
1.0
21.0
14.0
1.0
12.67
19.0
17.67
16.33
11.33
9.0
0.0
7.33
11.0
9.0
8.0
8.33
18.67
14.0
7.67
6.67
5.0
10.67
3.33
-0.33
9.0
6.33
2.33
7.33
2.0
2.67
10.0
5.67
12.67
11.0
12.67
12.67
15.33
4.0
15.0
8.0
22.33
7.67
19.0
16.33
23.33
24.67
21.0
29.0
27.0
23.0
42.67
25.0
28.0
37.0
15.67
34.33
31.0
32.67
35.0
34.67
42.67
46.33
69.0
44.33
48.0
45.67
56.0
51.67
36.67
30.0
49.33
46.67
48.67
30.0
44.33
40.0
35.33
25.0
41.33
33.0
40.33
40.33
33.33
36.0
31.0
48.67
36.33
51.67
41.33
49.67
42.33
38.0
30.0
34.67
40.67
26.67
28.33
24.67
18.33
27.67
15.67
24.33
29.0
26.0
26.0
33.0
37.33
24.33
30.67
30.67
27.67
37.67
32.67
19.33
30.33
22.0
7.67
22.33
27.0
9.0
15.0
16.0
18.0
7.67
6.33
6.0
8.0
12.33
7.0
3.33
6.33
7.0
7.33
6.67
12.0
13.67
7.0
1.67
5.0
8.33
4.0
13.33
4.33
16.33
23.0
5.0
18.33
8.67
10.33
7.0
17.33
19.0
15.33
15.33
11.0
17.0
13.33
25.0
19.33
12.33
38.0
29.67
39.33
52.67
49.67
38.0
43.67
56.0
35.0
49.0
47.67
34.0
32.67
39.0
24.33
52.0
37.67
23.33
11.33
22.0
15.0
12.0
15.67
8.67
28.33
16.0
14.33
14.67
13.0
30.33
36.67
35.33
43.33
57.33
81.33
78.33
91.0
91.67
134.33
159.67
171.67
201.33
225.67
200.0
217.33
162.67
208.67
224.0
231.33
235.33
193.67
239.0
208.33
210.67
236.0
184.67
207.0
153.33
146.67
130.67
97.67
118.33
84.33
71.67
84.67
82.67
65.0
67.67
57.67
45.33
42.0
51.33
36.33
34.0
35.67
38.33
27.0
29.67
47.33
43.33
30.0
42.33
35.67
34.0
49.67
47.33
49.67
54.67
48.0
44.67
73.67
53.33
55.67
64.33
70.67
69.0
72.67
81.67
77.33
80.67
48.67
61.67
54.0
64.67
53.0
62.0
57.67
65.0
62.33
43.67
53.67
64.0
48.0
35.67
30.0
38.67
34.0
38.67
31.33
44.33
42.67
49.0
25.33
28.0
28.0
33.67
34.0
16.67
23.67
16.0
21.0
18.33
21.67
11.67
10.33
8.33
9.0
21.67
20.33
13.0
10.33
0.67
-3.67
8.33
2.33
11.33
17.67
18.0
9.67
12.33
7.67
7.0
22.67
15.67
9.0
11.0
5.0
10.0
29.0
6.0
14.33
25.67
21.0
27.0
20.33
21.0
3.67
16.33
25.67
36.33
35.33
22.33
24.67
18.67
28.0
23.0
25.67
41.0
30.67
15.67
26.67
38.0
40.33
26.0
45.33
33.67
46.67
25.0
54.33
39.33
49.67
54.0
57.33
42.0
65.67
44.33
36.0
49.0
40.67
38.0
27.0
36.33
18.0
40.67
35.33
33.33
28.67
22.0
26.67
24.67
32.0
14.33
21.0
16.67
18.33
27.67
22.0
9.33
12.33
15.33
20.0
14.0
12.0
25.0
19.67
20.67
9.67
11.33
24.33
18.0
3.33
9.33
0.33
3.67
5.33
11.67
11.33
25.0
5.0
11.67
0.33
19.33
3.33
6.33
18.0
15.0
14.67
10.67
2.0
9.0
9.67
6.67
12.0
18.0
24.33
7.67
7.67
18.0
18.33
12.33
3.0
6.33
12.33
-4.33
14.0
7.33
6.67
7.33
1.33
3.0
15.0
4.33
5.67
4.67
11.33
10.67
8.0
17.67
8.0
4.67
3.67
-5.33
-6.0
2.67
9.0
-1.33
2.33
5.33
19.0
6.33
15.33
8.33
12.33
5.67
-5.67
-3.0
-3.0
9.0
7.67
11.67
2.0
14.67
6.0
6.0
15.33
7.33
-0.67
3.67
11.33
-0.33
3.33
17.0
5.0
8.0
-1.67
6.0
0.67
5.33
2.0
16.67
5.0
-3.0
8.67
13.33
-9.67
0.67
7.33
18.67
-2.67
18.0
3.33
6.67
3.0
3.67
5.0
2.67
7.0
2.0
4.67
2.33
-3.0
-4.67
1.33
5.67
-4.67
4.0
9.33
5.33
15.0
2.0
7.67
12.33
-0.33
10.67
5.67
18.67
6.0
3.0
1.67
-4.0
1.33
1.0
-0.33
2.33
-0.33
10.33
17.0
4.33
1.33
14.67
5.0
5.0
4.33
1.33
25.0
-4.67
17.0
13.67
1.0
9.33
-4.0
10.33
15.33
11.67
18.33
6.67
10.0
11.67
6.67
5.0
14.0
-1.0
13.0
7.67
4.0
20.67
11.67
3.67
13.0
3.67
6.0
12.0
13.33
13.0
3.33
8.33
14.33
9.0
8.33
7.33
8.0
8.33
15.0
12.33
5.0
13.33
1.0
23.67
18.33
5.33
15.0
4.67
3.67
-1.0
18.33
3.0
7.0
5.0
6.0
10.67
17.67
21.33
7.0
6.33
-6.33
3.0
8.0
1.33
-1.0
6.0
12.0
12.67
4.33
3.33
0.0
-4.33
7.67
9.0
-0.33
2.33
-1.67
-1.0
2.0
0.0
9.67
10.0
13.33
10.33
15.67
11.33
-12.67
12.0
10.0
12.33
5.0
-0.33
11.0
22.0
-10.67
11.0
20.33
23.33
14.67
18.0
24.0
15.67
6.0
22.67
7.0
12.67
9.67
17.0
20.67
19.0
10.0
1.0
1.67
7.0
5.67
8.33
3.0
0.0
5.0
0.33
22.67
2.67
2.0
8.33
2.33
16.33
9.33
5.0
-4.0
-11.33
12.0
9.67
-3.33
-7.0
0.67
6.67
4.0
-5.0
-3.67
2.0
-3.33
7.33
-4.0
2.33
-5.67
9.33
1.67
16.33
3.0
11.67
0.0
8.67
3.67
6.67
6.33
3.33
0.0
1.67
9.33
9.67
-0.67
-1.67
-1.67
-2.0
-3.0
-3.0
-5.67
1.67
0.67
-9.33
-4.33
4.33
0.67
14.67
-1.0
2.67
3.33
-1.33
-5.67
15.0
4.67
8.0
3.0
-3.0
0.0
7.0
-0.33
-4.67
-6.0
-1.67
-1.67
-2.67
-8.0
8.67
1.33
12.67
0.33
0.67
3.33
1.33
-9.67
2.67
-8.67
-1.33
-7.67
4.67
4.0
-2.33
8.33
1.33
10.0
-3.0
-9.0
0.67
7.33
4.0
5.33
3.33
13.33
1.0
5.33
-5.0
-5.33
13.0
-1.67
1.0
-5.67
-1.33
3.67
4.0
10.33
5.33
2.0
-6.33
10.33
-16.0
2.0
-9.67
8.0
3.67
1.33
2.67
6.0
8.33
-0.67
11.67
2.0
-4.33
-1.67
-0.67
2.67
2.33
-4.33
-0.67
9.67
12.67
1.33
-7.33
-8.33
0.33
7.0
2.67
6.0
-1.0
0.67
6.0
5.0
-2.67
5.0
-6.33
-12.33
1.67
6.67
8.67
3.33
2.33
7.67
5.0
3.33
6.33
5.0
-1.33
-1.67
1.33
0.67
-1.33
-1.67
-6.33
-1.0
9.0
-3.33
-2.0
6.67
1.33
-5.0
5.33
-3.33
1.0
-1.67
-1.33
-5.67
7.33
6.67
0.33
1.67
4.33
-14.33
6.33
5.33
2.33
-4.0
5.0
-3.0
2.33
8.33
-4.67
0.67
3.67
1.67
-4.33
1.67
1.67
0.67
-6.33
2.67
3.67
5.0
-1.33
0.67
-2.33
9.67
7.33
1.33
3.33
4.33
-0.33
0.67
-1.0
3.67
2.0
9.67
11.33
2.67
-1.67
4.0
-3.0
1.67
3.67
5.67
5.33
4.33
11.67
0.0
1.0
-2.33
0.0
-0.67
6.33
1.0
-3.33
6.67
6.67
0.67
3.67
5.67
3.67
-2.67
6.67
-1.33
1.0
1.0
6.0
2.33
0.67
0.67
5.33
-2.67
5.67
5.67
0.33
7.67
3.0
-11.0
7.33
-1.0
-2.67
14.67
-0.67
1.0
2.67
0.67
-1.33
0.0
-4.0
2.33
0.33
-5.0
-4.0
3.0
7.0
-5.33
9.67
2.0
3.0
-3.0
3.0
-2.67
3.67
-3.67
-0.33
-1.0
-7.0
-1.0
-1.33
-3.67
2.0
2.0
0.33
1.33
4.0
0.67
-3.0
2.0
8.0
-2.0
7.0
3.33
1.33
-2.67
3.67
8.67
8.33
5.33
0.67
3.67
3.33
3.67
4.0
1.67
3.67
3.0
5.67
-3.67
-3.0
5.0
-0.67
1.67
-5.0
4.0
-4.67
3.0
3.67
8.0
1.67
4.67
0.67
-2.33
1.0
3.0
1.0
2.0
-2.67
1.33
10.33
-3.0
1.0
0.33
3.0
1.0
3.0
-5.67
3.33
-5.67
8.0
-4.67
-2.0
-0.67
-3.67
-2.0
-5.0
1.33
13.67
1.0
1.67
-1.0
-1.33
-2.33
-0.33
-2.33
-1.0
4.0
2.33
-1.67
-4.33
4.67
7.67
3.0
1.67
-3.33
2.67
1.33
0.67
-1.0
2.33
2.0
-1.0
-3.0
3.67
-0.33
5.0
2.0
-5.33
-2.33
-0.33
-2.67
5.67
3.33
-4.0
-2.33
0.67
0.33
3.67
6.33
-2.67
-7.67
3.0
-2.0
-1.0
1.33
