0.0
24.0
41.67
11.0
-22.0
12.33
30.33
-30.0
-39.67
-16.67
-32.0
60.0
61.67
-44.33
-44.0
-34.67
-13.67
0.67
-65.0
-25.33
12.33
23.33
-2.33
-8.33
-23.0
-10.0
15.33
8.0
-12.67
-4.0
8.33
-7.33
8.33
0.33
-2.0
-5.0
2.33
-3.0
-1.0
-0.33
1.33
-0.67
0.67
-1.0
-0.33
1.67
0.0
0.67
0.0
0.0
2.0
1.0
0.0
0.67
1.0
-0.33
1.0
-1.0
-0.67
0.0
-0.33
-0.33
0.0
-1.33
2.0
0.0
-1.0
-0.67
0.67
0.0
-0.33
-0.33
0.0
-0.33
0.67
-0.33
-0.67
-1.33
1.0
-0.33
2.0
-0.67
-0.33
0.33
-0.67
-1.0
1.33
0.67
-0.33
-0.33
-1.33
0.0
0.67
-1.0
-0.67
-1.0
1.0
0.33
1.67
2.33
-2.33
1.67
2.67
0.67
-1.67
0.0
-1.33
-0.33
0.0
2.67
1.0
0.0
0.33
1.33
1.67
0.0
4.0
1.33
-3.0
2.0
2.67
0.67
4.67
-1.67
3.67
0.33
-6.0
1.0
1.33
-1.67
-2.67
3.0
2.0
1.67
4.33
-5.0
-0.67
1.0
2.33
4.0
3.0
6.0
1.0
1.0
6.67
-2.67
2.67
-2.0
-2.33
-4.33
6.0
-5.0
0.33
2.0
-3.33
2.33
-7.0
0.0
0.33
-5.33
4.67
6.0
-0.67
5.67
-0.33
3.67
9.67
-1.33
4.33
7.67
10.33
4.33
0.0
3.0
-1.0
1.0
3.67
5.67
3.67
8.33
-2.33
3.0
-1.33
-4.33
6.67
5.33
0.67
-4.33
5.33
3.0
0.33
5.67
4.0
0.67
2.67
0.33
7.67
-1.0
-0.67
2.0
0.0
5.33
3.33
6.0
1.33
5.0
3.67
1.33
-2.0
-3.0
-4.0
13.0
9.0
7.67
1.0
-6.0
9.0
3.0
4.67
-0.67
-1.0
3.33
1.33
0.67
11.67
0.0
2.0
3.67
0.33
-5.67
1.33
6.0
5.33
2.0
2.0
4.67
7.0
3.0
3.33
-7.33
4.0
5.33
-0.33
-1.33
12.0
5.0
3.33
5.0
6.0
8.67
1.67
1.0
6.67
6.67
5.67
-2.0
1.33
2.33
-2.67
5.0
3.33
4.33
0.0
-2.67
2.0
-1.67
2.67
3.0
7.33
-1.0
0.67
5.0
-3.67
5.0
-3.0
-7.33
6.33
0.33
3.0
8.0
-0.33
2.67
3.67
0.33
5.33
0.0
4.0
0.67
3.67
6.33
-2.0
0.33
-4.67
-1.67
0.67
10.33
-4.33
8.33
8.0
-2.33
4.33
-1.0
1.33
-0.67
6.0
-2.67
6.33
1.0
4.67
-1.0
2.67
1.33
-2.67
3.0
-2.0
2.67
3.0
-1.67
-0.67
0.0
-4.33
-1.67
6.33
-3.0
2.33
-12.33
3.67
2.0
3.33
0.33
-7.0
2.33
2.67
-4.33
0.0
9.67
3.0
-5.0
-0.33
9.0
1.33
3.0
-0.33
-1.33
-1.33
6.67
1.33
7.33
9.67
5.67
3.0
9.67
1.33
4.33
-2.67
0.33
3.67
9.0
-0.67
6.0
-4.33
6.0
-3.33
-2.33
1.33
-4.33
0.0
2.33
6.0
0.67
-1.67
2.67
1.67
2.67
0.67
1.0
2.0
4.0
1.0
-5.0
1.0
-2.33
4.33
-2.33
-2.67
-1.33
-5.33
-0.33
2.33
4.0
-5.33
-8.0
0.0
3.0
4.67
7.67
3.67
7.33
-1.33
0.33
-4.33
-3.33
3.33
12.0
-4.67
0.0
-6.0
-1.33
1.67
2.33
-1.67
7.0
-0.33
-3.33
2.67
-5.0
6.67
-1.0
-2.33
-1.67
5.67
-2.33
4.0
0.0
0.33
1.67
-0.67
5.0
2.33
2.0
2.33
-3.33
1.67
2.0
0.67
-4.0
-3.0
0.33
3.0
0.0
3.67
-5.67
2.33
-0.67
-2.67
-0.67
-5.0
-4.0
2.67
-3.0
1.33
2.67
1.33
0.33
-0.67
2.33
4.67
0.67
-2.67
-0.33
-1.0
-4.33
3.33
1.0
-4.0
-2.67
-1.0
-1.67
-1.33
-0.33
-0.67
0.33
-3.33
1.67
-1.0
1.33
3.67
1.33
-3.67
4.0
1.33
-0.67
-2.33
0.0
3.0
0.33
-2.33
3.0
1.67
5.33
-1.0
-0.67
1.0
3.33
4.33
-0.67
-1.0
-3.33
3.67
9.0
1.0
5.33
1.0
-0.33
9.0
0.33
-0.67
-2.0
3.33
4.67
4.0
-5.33
1.0
0.33
0.67
2.0
3.0
1.67
0.67
0.67
4.67
4.67
-3.33
0.0
-3.33
3.67
-4.0
0.0
0.0
-5.67
-0.33
1.33
-3.33
2.0
-1.0
-1.33
-1.33
-1.67
-4.0
4.33
1.33
4.0
-0.33
-3.0
0.67
-2.33
3.0
-0.33
3.0
5.33
-0.67
-1.0
5.67
3.67
-0.33
2.33
-4.33
1.0
0.33
-2.67
-2.0
2.33
3.67
2.33
-1.67
-1.67
2.67
-1.67
2.0
-1.0
0.0
3.67
3.67
1.67
-0.33
0.33
-1.33
1.67
-3.0
-1.33
0.0
2.67
0.67
3.0
0.67
0.67
3.33
0.33
4.33
12.0
0.67
2.33
1.33
-0.33
3.0
-4.33
3.0
2.0
2.67
-0.67
3.33
-3.0
3.33
0.67
1.0
-0.67
0.0
0.67
3.33
0.0
4.0
1.67
5.0
2.67
-6.0
-3.0
2.33
2.0
1.0
-3.33
0.67
-1.33
-4.0
-6.33
2.0
-3.33
0.67
3.0
-1.33
-0.67
-4.33
5.67
2.67
1.67
-2.67
4.0
0.0
-3.0
3.33
-1.33
0.67
-4.0
0.33
0.67
-1.0
-2.0
-0.67
-2.0
-3.33
-2.0
-2.0
1.67
-0.67
-4.0
-3.0
-2.67
-3.67
0.0
-4.67
-1.67
-6.67
0.33
-2.33
0.0
-0.67
-1.33
0.0
-2.67
3.0
-1.67
-7.33
-1.33
-2.0
-3.33
-5.0
3.67
-2.33
8.33
-4.0
-2.67
-2.33
-0.67
0.0
10.33
-2.67
-4.67
4.0
-5.67
-3.67
0.0
-3.0
-0.67
-2.33
-5.33
-1.0
-7.67
-4.0
2.0
0.33
-1.33
2.67
-5.67
-5.67
0.33
-2.33
0.67
0.0
1.67
-6.33
0.67
-2.0
0.33
-5.67
-1.67
1.0
3.67
-2.33
-6.67
0.33
-2.67
-6.33
-4.33
0.0
-0.33
0.33
-6.67
2.67
-5.0
-4.33
-4.33
-3.67
0.0
-5.0
1.0
1.67
-0.67
-0.33
-1.67
6.67
-6.0
-1.67
0.33
0.0
-12.67
0.0
-4.67
-1.0
-1.0
-8.0
-1.33
-2.67
-7.67
-6.67
-2.0
-2.67
2.33
-6.33
-5.33
-0.67
-0.67
3.67
4.33
5.0
4.67
-5.67
-1.33
0.33
0.33
-3.67
2.33
-0.67
-4.67
-5.33
-6.33
-2.67
-5.33
-5.33
-5.0
-4.33
1.67
-6.67
-0.67
0.0
-4.33
-2.0
0.33
-6.67
-6.67
-6.0
-7.0
2.67
-1.67
0.0
-2.0
6.0
-1.33
-5.33
-1.0
2.0
-6.0
7.33
-1.67
0.33
0.33
-2.67
-2.0
-4.33
-5.67
2.67
0.33
-2.67
0.67
-3.67
5.33
2.0
6.67
-2.33
-5.0
-1.67
-6.33
-3.67
0.33
-8.0
-3.33
-3.33
0.67
-0.33
-0.67
2.67
-3.0
0.33
-7.0
5.0
-10.67
5.67
-3.0
-5.67
-2.33
-5.33
-9.0
-4.33
-4.33
1.33
3.67
2.67
0.0
-3.67
2.33
-4.0
3.33
4.67
10.0
-4.67
-5.67
0.33
-7.0
0.0
-5.0
-3.67
-5.67
7.67
4.33
5.67
1.67
-4.33
-4.67
-1.0
5.0
-3.33
5.67
10.33
-0.67
-0.33
-3.67
5.67
1.67
-3.67
0.0
1.0
-2.0
0.67
-4.33
5.67
4.33
-0.33
2.33
7.33
3.0
3.33
8.67
3.67
-4.0
2.67
-3.67
7.0
0.67
-2.67
0.0
-1.33
11.33
7.67
8.33
-6.67
7.67
-2.0
-5.0
4.33
2.0
-2.0
0.67
-4.33
-3.0
8.0
2.67
-1.0
3.67
-4.0
-0.33
-2.33
0.33
4.0
6.0
0.0
10.67
10.0
15.67
8.33
20.0
11.67
29.0
25.33
38.33
20.33
45.0
20.67
41.33
33.33
37.67
31.33
46.0
24.0
19.33
23.67
32.67
17.67
8.33
13.67
21.33
11.0
8.33
9.33
25.33
7.0
3.67
2.0
5.33
12.33
2.33
-5.0
-4.67
1.0
7.0
3.0
10.0
-1.33
17.33
14.67
9.67
-7.33
9.33
2.0
5.0
8.0
3.67
1.33
8.0
9.0
6.0
8.67
0.0
9.0
9.0
9.0
12.33
20.33
13.0
15.0
15.0
16.0
19.67
16.0
12.67
11.33
11.33
13.0
11.0
17.33
15.0
23.0
4.0
4.33
4.67
12.0
27.67
1.67
7.0
1.67
-0.67
-1.33
10.0
1.33
2.33
7.33
-7.0
-0.33
2.0
0.67
3.67
5.0
0.67
11.67
10.33
11.0
15.0
0.0
11.33
15.67
13.0
14.33
21.33
28.67
26.0
29.0
19.0
32.0
29.67
28.0
45.0
54.0
48.67
62.33
46.0
43.67
65.0
45.67
66.67
68.33
75.0
50.33
53.0
51.67
54.0
64.67
62.67
44.0
51.33
32.67
39.67
40.0
40.33
47.0
53.33
34.0
32.33
46.0
51.33
45.33
49.33
44.0
47.0
48.67
48.33
53.67
59.33
55.67
50.33
40.0
44.0
48.67
34.67
46.67
32.33
24.67
16.33
31.67
24.67
39.33
36.0
33.0
29.0
23.0
27.33
25.33
33.67
25.67
19.67
13.67
19.67
20.33
13.33
18.0
19.67
9.33
23.0
10.0
9.0
11.0
9.0
13.67
6.33
7.0
2.0
17.33
13.0
11.33
6.33
9.0
6.33
5.67
4.0
13.67
11.0
20.67
13.0
15.33
4.0
26.33
11.33
11.33
5.0
14.0
14.33
11.67
11.33
12.0
23.33
17.0
13.33
11.33
9.0
14.0
11.33
12.0
11.33
6.33
17.0
18.67
7.33
30.67
26.67
23.0
30.67
13.0
23.0
24.0
31.67
43.0
16.67
32.0
32.33
19.0
28.67
27.33
22.33
22.0
11.0
22.0
5.67
12.67
12.33
20.0
21.33
27.67
31.0
40.33
39.67
64.33
57.33
71.33
75.33
113.33
96.0
127.67
154.33
218.67
189.67
212.33
216.67
239.0
249.33
257.67
222.67
259.0
210.33
210.33
216.67
170.0
176.33
167.67
155.0
152.67
109.0
117.33
137.67
108.67
90.67
95.33
110.33
81.67
88.67
83.67
56.0
50.67
51.67
45.33
47.0
45.33
27.33
44.0
41.67
40.33
27.0
21.67
36.33
20.33
31.0
13.33
27.67
42.0
38.67
39.33
31.67
45.67
42.0
62.67
44.67
55.33
74.67
59.33
85.67
61.0
67.67
64.67
73.33
73.67
71.67
56.67
55.0
57.67
74.0
75.0
65.67
46.0
56.33
46.67
56.67
40.0
51.0
44.67
41.0
29.67
34.0
27.67
29.33
26.33
39.67
23.0
23.33
28.0
21.0
19.67
23.0
2.67
4.67
13.0
12.0
9.33
17.67
12.67
12.33
5.33
10.0
2.67
8.33
11.0
6.33
12.67
0.33
7.33
16.33
12.33
14.67
17.0
7.67
3.33
0.67
23.0
12.67
9.67
7.0
7.0
13.0
13.0
18.0
4.0
13.33
21.67
20.0
26.0
26.33
15.0
27.67
32.33
21.67
41.33
32.33
33.33
31.67
30.67
37.0
35.0
21.67
27.0
33.67
44.67
34.67
39.0
45.33
36.0
33.33
36.67
39.67
33.0
43.33
33.33
29.67
58.0
69.33
44.0
53.67
42.33
48.0
48.0
65.67
34.0
35.0
49.33
39.0
42.67
31.33
26.33
24.67
23.0
13.67
21.67
31.0
15.33
22.0
19.67
20.33
30.67
15.0
9.33
15.33
13.33
13.0
7.0
18.0
20.0
12.67
19.67
21.67
20.33
9.33
31.0
18.33
24.33
21.33
20.67
18.33
27.67
23.33
10.0
21.0
15.67
16.33
9.33
13.33
6.33
7.0
8.0
21.67
15.67
3.0
9.0
2.67
11.67
14.0
5.0
16.33
1.67
-1.33
19.0
0.33
10.33
5.0
3.33
3.33
-5.33
2.0
4.33
-0.33
6.33
-8.67
14.0
4.0
5.33
24.67
7.67
0.33
9.67
-8.0
14.67
3.0
-1.33
1.67
2.67
17.0
15.67
-1.0
13.67
1.33
-0.67
7.0
12.33
9.33
6.33
7.33
6.67
5.33
7.0
4.0
7.0
5.67
5.67
9.0
19.67
19.0
-4.0
2.33
17.33
12.33
13.67
5.33
15.67
15.33
6.0
2.0
11.0
16.33
19.0
6.67
16.33
12.0
21.67
10.0
5.0
10.67
9.33
5.33
12.67
-1.67
8.67
8.33
-1.0
-2.67
4.67
6.0
-5.33
5.0
4.67
5.0
-4.0
-1.33
4.33
-5.0
9.33
6.33
4.67
11.33
-1.0
5.33
0.33
2.0
3.0
-8.33
5.33
1.67
-4.33
-5.33
7.67
17.0
19.0
21.67
2.0
-2.67
8.0
-9.33
3.33
9.67
9.33
14.0
11.33
2.33
14.67
-5.0
12.0
15.33
-2.67
12.0
17.33
12.0
5.67
-7.0
11.33
15.0
14.33
13.33
-7.33
18.33
16.67
21.0
9.67
11.67
1.0
5.0
9.0
16.0
15.67
9.0
6.67
3.67
-4.33
9.0
0.67
-7.0
12.0
13.33
19.0
-0.67
1.33
12.33
6.0
10.33
15.33
6.0
-7.67
15.0
-11.67
22.0
16.33
15.0
5.67
2.33
3.33
16.0
5.67
14.67
12.0
12.33
23.0
12.0
17.0
17.0
7.67
9.67
0.33
1.0
25.33
9.67
28.0
5.0
7.33
13.0
5.0
7.0
7.67
6.33
8.33
-3.0
10.67
-4.33
5.0
5.67
11.33
18.33
7.0
-8.0
13.0
11.67
13.0
8.33
20.33
2.67
17.33
1.33
4.0
12.0
-0.67
20.0
20.67
4.0
10.0
4.33
8.0
3.33
10.33
7.67
13.0
4.0
14.67
12.0
10.67
13.0
7.67
20.67
8.0
5.67
15.0
9.0
-5.0
-2.33
0.0
7.67
-0.67
5.0
10.0
12.0
0.33
10.67
15.67
-1.0
-7.67
2.33
15.33
10.33
-2.0
10.0
10.67
7.0
6.67
-0.33
5.0
10.67
-3.33
2.0
0.0
-3.67
7.0
-0.33
8.33
9.0
14.33
6.33
-0.67
6.67
9.33
11.0
15.67
8.0
-1.33
4.67
2.67
15.33
-1.67
2.0
2.67
5.33
-3.33
4.33
-2.67
2.33
-1.0
2.0
-3.0
-2.67
-6.33
7.67
-0.33
2.67
3.33
-4.33
4.67
-1.0
1.67
-2.67
9.67
-6.67
7.0
15.67
3.0
6.0
-4.0
-9.0
6.0
-1.33
11.33
5.0
-0.67
5.33
9.33
3.0
-0.33
5.33
8.67
7.33
7.67
1.33
10.33
-4.67
2.67
-7.67
-0.33
-4.67
-2.33
12.0
1.67
8.33
2.33
-1.0
3.0
0.0
1.67
10.33
5.0
-3.67
16.33
1.33
11.0
1.33
6.0
-1.33
8.0
2.33
4.0
-3.67
2.67
10.67
0.0
8.33
-10.67
1.0
-2.33
8.33
-8.0
5.0
8.33
9.0
15.67
2.33
14.67
2.0
-0.67
-4.67
-4.33
-1.0
-3.33
3.33
4.33
6.67
7.33
1.67
-3.67
-2.33
11.67
5.33
-7.33
2.67
-1.67
2.0
-4.33
4.0
0.0
6.67
6.0
-6.0
-1.67
-1.0
-5.33
1.67
-2.33
-6.33
1.67
14.33
0.33
-1.33
-3.0
4.33
4.33
3.0
13.67
4.33
1.33
0.67
0.67
0.33
-5.33
2.0
3.0
6.67
0.0
-2.33
-0.67
-1.0
-3.67
2.67
4.0
1.33
-1.33
-2.67
5.33
2.67
-1.67
-6.33
6.33
-2.33
1.33
-6.67
0.33
10.0
5.0
0.0
0.33
4.33
-5.67
4.67
9.67
1.67
-1.33
10.67
4.67
0.67
4.67
1.67
1.67
8.0
-2.33
-4.33
0.67
4.67
4.33
2.33
0.33
0.33
10.67
3.67
7.0
8.67
-1.0
3.67
6.33
10.67
-2.67
0.0
2.0
6.67
-3.33
-1.33
6.33
5.33
-1.33
8.0
1.0
-2.33
4.0
6.33
5.33
-3.0
-2.33
-1.33
-2.33
-3.33
4.67
5.67
-1.33
1.33
2.67
8.67
0.0
8.0
4.0
6.33
-3.33
3.67
1.33
-0.67
3.67
1.67
-0.67
7.67
8.0
-1.0
7.33
6.0
-6.67
4.67
0.33
-1.0
7.67
0.67
-4.33
4.0
-7.0
1.33
-0.67
0.0
5.0
0.0
-3.0
5.67
3.67
4.0
5.0
-1.0
-1.0
-4.67
6.67
-0.67
3.67
-4.0
-1.0
-3.0
-0.33
0.33
6.0
-1.0
4.33
4.33
2.0
2.67
-5.0
5.0
4.0
4.0
7.0
4.33
6.33
-2.67
0.67
5.67
-3.67
1.33
-0.33
-5.33
1.33
-0.33
-7.0
-0.33
4.67
-6.0
0.67
-0.67
2.0
-3.0
0.33
-0.33
-2.0
5.0
0.33
-2.0
-0.33
6.0
3.67
9.67
1.67
-1.33
2.0
7.0
2.0
3.0
-3.67
-0.67
0.33
-6.0
8.0
-1.67
2.0
5.0
1.0
-1.67
-6.67
-5.67
7.0
0.33
3.0
2.33
1.33
-2.0
-5.0
-0.67
1.67
2.0
5.67
4.0
1.67
-7.33
4.67
0.67
2.0
1.0
8.33
2.33
0.67
-2.33
1.67
4.0
-0.33
1.67
5.67
-4.67
-0.33
-5.0
8.33
2.0
4.0
-1.0
-2.33
-8.33
0.0
6.0
-2.33
1.67
5.67
-3.67
3.67
-1.67
1.0
1.67
1.67
-0.67
0.67
-1.67
2.33
-4.67
0.0
3.0
0.0
-0.67
