0.0
62.0
47.67
97.0
93.0
14.33
70.33
73.0
27.33
-13.67
16.0
15.0
70.67
73.67
3.0
1.33
35.33
-28.33
-20.0
-18.33
26.33
8.33
-3.33
-21.33
7.0
-5.0
7.33
-14.0
-11.67
3.0
-4.67
1.67
-1.67
7.33
1.0
-2.0
-0.67
-3.0
-2.0
-0.33
0.33
0.33
-0.33
0.0
1.67
-0.33
1.0
-0.33
0.0
0.0
0.0
0.0
1.0
-0.33
0.0
-0.33
2.0
-1.0
0.33
0.0
1.67
-0.33
0.0
-1.33
0.0
0.0
-1.0
-0.67
-0.33
0.0
-0.33
-0.33
0.0
-0.33
0.67
0.67
-0.67
-0.33
1.0
-0.33
0.0
0.33
-1.33
0.33
-0.67
1.0
1.33
-0.33
-0.33
2.67
-0.33
0.0
-0.33
1.0
0.33
0.0
0.0
0.33
2.67
1.33
-2.33
1.67
-0.33
0.67
-1.67
0.0
-0.33
1.67
-1.0
1.67
-1.0
2.0
-0.67
1.33
0.67
-3.0
2.0
-0.67
-1.0
-2.0
1.67
0.67
2.67
-0.67
1.67
3.33
1.0
3.0
3.33
-5.67
-2.67
-1.0
1.0
1.67
-0.67
0.0
1.33
5.0
2.33
-2.0
0.0
-2.0
0.0
9.0
-0.33
2.33
1.67
-1.0
-4.33
-1.33
0.0
-2.0
1.33
1.0
5.67
3.33
2.0
0.0
-3.67
-3.33
2.67
5.0
3.33
4.67
1.67
-4.33
2.67
1.67
2.33
6.67
-3.67
5.33
-3.0
-4.0
-1.0
8.0
3.67
-3.33
2.67
-2.67
1.67
6.0
-6.33
1.67
4.67
-2.67
10.67
1.67
8.33
2.0
2.33
0.67
-2.0
3.67
-4.33
0.33
3.67
0.0
1.33
1.0
0.0
0.33
3.33
0.0
-2.67
-5.0
-4.33
-1.67
0.0
-1.0
2.0
-4.0
11.0
3.67
5.0
-2.0
0.0
-7.0
3.67
-2.67
-5.0
0.33
-0.67
-3.33
7.67
-3.0
4.0
2.67
4.33
-8.67
-2.67
5.0
-5.67
-4.0
2.0
-3.33
5.0
6.0
-0.67
1.67
-5.0
0.33
-0.33
-2.33
-4.0
4.0
4.33
6.0
-1.0
0.67
-2.33
-4.0
0.67
-0.33
3.67
-2.0
-0.67
1.33
2.33
8.0
5.33
2.33
-3.0
3.33
-6.0
-9.67
-8.33
1.0
6.33
1.0
0.67
0.0
-2.67
4.0
-2.0
-4.33
6.33
5.33
1.0
-2.0
3.67
5.67
0.67
-1.67
6.33
-2.0
4.0
-3.33
7.67
-1.67
2.0
8.33
3.33
1.33
3.67
1.33
-2.33
-4.67
-3.0
-0.33
1.33
0.0
-0.67
6.33
0.0
1.33
1.33
-4.0
2.67
-5.0
2.67
-1.67
5.33
2.0
4.0
4.67
3.0
4.33
0.33
9.0
-2.33
-4.67
2.33
-2.0
3.33
-6.33
2.67
0.0
-1.67
0.33
3.0
0.33
-1.33
-1.33
-1.0
-0.33
7.0
-4.0
-7.33
7.0
3.33
-2.0
3.67
1.67
-2.33
0.67
0.33
0.33
-4.33
3.67
4.0
5.67
13.33
2.33
-5.67
-0.67
1.67
-1.0
-2.67
-2.0
4.67
-2.0
-1.33
-4.33
-0.67
2.67
4.0
-0.67
1.0
3.67
-4.67
3.67
0.67
-2.33
-1.33
3.0
-1.0
2.0
4.0
-2.0
1.0
1.67
1.33
7.67
-2.67
-2.33
4.67
-0.33
-0.67
-2.0
0.67
-10.0
6.0
-2.0
5.67
2.67
-0.33
7.33
-4.33
0.33
-6.33
2.67
4.33
1.0
-2.67
1.0
-3.0
-0.33
-2.33
-0.67
-3.67
-5.0
-0.33
-3.33
1.67
-3.0
4.67
2.0
-0.33
1.33
-2.33
3.67
3.0
-3.0
6.33
-3.33
3.33
-2.0
7.33
-3.0
0.33
-2.33
-1.33
0.0
2.67
-5.0
-4.0
4.33
2.0
-2.0
0.67
-3.67
2.33
1.33
0.33
-3.67
-4.0
-6.0
4.67
-1.0
-3.67
0.67
-2.67
3.33
0.33
1.33
0.67
1.67
1.33
-0.33
0.0
1.67
2.33
3.0
1.0
-2.67
5.0
-1.67
-0.33
2.67
-2.67
1.33
-4.33
-1.33
4.0
-1.67
-0.33
3.33
-0.67
2.0
-3.67
3.33
-1.33
-1.0
0.0
2.33
0.67
4.0
1.67
6.33
-1.0
1.33
-4.0
1.33
2.33
-0.67
-1.0
-4.33
-1.33
8.0
0.0
5.33
7.0
-3.33
-4.0
3.33
-1.67
2.0
-2.67
2.67
1.0
-5.33
-2.0
6.33
2.67
6.0
5.0
3.67
2.67
-0.33
1.67
-0.33
-1.33
1.0
-1.33
7.67
-6.0
-1.0
3.0
-2.67
-0.33
1.33
-3.33
1.0
-2.0
2.67
2.67
1.33
0.0
2.33
3.33
4.0
2.67
-2.0
0.67
-1.33
-1.0
-2.33
3.0
1.33
-0.67
3.0
1.67
2.67
-0.33
-2.67
-0.33
-2.0
1.33
-1.67
5.0
1.33
-1.33
1.33
2.33
-0.67
3.67
-1.67
-3.0
2.0
2.0
2.67
0.67
1.67
-0.33
5.33
-2.33
-1.33
-4.0
-4.33
0.0
1.67
-1.33
0.0
-2.33
-0.33
2.33
2.33
1.33
4.0
2.67
0.33
-1.67
2.67
-4.0
1.67
1.0
1.0
-0.33
-4.67
0.33
-4.0
1.33
-4.33
-1.0
3.33
3.0
2.67
4.33
-3.0
0.0
0.67
5.0
-3.33
-6.0
2.0
-1.67
4.0
2.0
-0.33
0.67
-2.33
-4.0
-2.33
3.0
-2.33
-1.33
-1.0
-6.33
5.33
-6.33
3.67
1.67
2.67
-3.67
0.0
-2.0
-2.0
2.33
6.67
3.67
-6.0
-4.67
4.67
0.0
0.0
1.33
-3.0
-1.33
-6.0
-2.0
0.67
1.33
-1.0
-3.0
-3.67
-2.67
-5.0
-4.67
0.33
-7.67
-3.67
-1.33
-3.0
3.33
-1.33
2.0
-1.67
0.0
-1.67
-0.33
3.67
-1.0
3.67
-3.0
4.67
1.67
-3.67
-3.0
-3.67
-1.33
2.33
0.0
0.33
-4.67
-1.67
-5.0
0.33
0.33
-6.0
-2.0
-1.67
-2.33
-2.33
1.0
-4.67
-6.0
-4.0
2.33
-4.33
-2.33
-2.67
3.33
-0.67
-8.33
-1.33
-3.0
-5.33
-4.33
-3.33
-2.0
-4.67
-4.67
-2.67
-3.0
-0.33
-7.33
-12.67
0.33
2.33
-5.33
-3.33
-5.0
-3.33
0.33
-3.67
0.67
1.0
-4.33
-5.33
3.33
-5.0
-6.0
-3.0
-5.33
-2.67
1.67
-3.67
-3.33
3.0
-3.67
-5.67
-6.0
-7.67
-2.0
-0.67
-6.0
-4.0
-7.0
0.67
-2.67
-3.67
-8.67
-4.0
-3.67
-1.67
-2.33
-4.33
-7.67
0.33
-2.33
0.33
0.0
-2.33
-1.67
-2.33
-2.67
0.33
-8.67
-1.67
-1.67
-2.67
-8.33
-7.33
-0.67
-4.33
0.67
-4.0
-8.33
-5.33
-2.67
2.33
-5.0
-2.33
1.0
-0.67
1.33
-7.67
0.0
-5.0
0.67
-3.67
-4.0
-5.0
-5.0
-4.33
-5.33
-2.0
2.0
-3.0
-0.67
-2.67
-5.67
-9.67
-4.67
4.0
-6.33
-2.67
-6.33
-7.67
-5.67
-1.33
-7.67
-6.67
-5.0
1.67
-6.33
-5.0
-5.67
-3.33
-4.67
-7.67
-7.0
-3.33
2.67
-5.33
-7.33
-6.67
-0.33
-4.0
-6.67
-11.0
-9.0
-11.67
-3.33
-4.0
-4.67
-9.33
-8.33
-2.0
-7.33
6.67
-2.67
-2.33
-1.33
-1.0
-0.67
-2.67
-3.0
-5.67
1.67
1.0
-5.67
-1.67
1.33
-4.0
-2.0
-10.0
-8.67
-0.67
0.67
-9.67
4.67
-7.33
-4.33
-7.67
6.0
0.0
0.67
2.67
0.33
-6.67
-0.33
-4.67
-0.33
-3.33
1.33
-14.0
-7.0
-3.0
-5.33
-1.33
-7.33
-2.67
-1.33
5.33
-0.67
-2.0
-2.67
3.67
-6.33
-3.0
-4.33
-8.67
3.0
0.67
-9.67
-3.0
1.67
4.33
7.67
-6.67
-3.67
-3.33
-8.0
-6.0
0.33
3.0
-3.0
-6.33
-8.33
-4.0
0.0
1.67
-4.0
1.67
-12.0
2.67
1.67
1.33
-4.0
4.0
-5.0
-5.33
-6.0
6.67
12.33
5.0
3.67
17.0
19.33
11.33
30.33
25.0
39.67
32.33
40.33
34.67
70.33
69.0
77.0
76.33
77.67
83.67
64.67
69.33
60.67
52.33
44.0
35.33
34.33
16.33
21.0
17.67
7.0
16.33
10.33
1.33
-1.0
-1.67
-4.0
5.0
2.0
0.0
-3.33
-2.67
-4.33
-2.33
-8.33
-0.67
-10.0
0.0
0.0
-3.33
-0.67
-4.0
3.0
2.0
-1.33
2.0
-3.0
5.0
2.0
2.33
7.33
6.0
3.0
3.0
-1.0
-3.33
-3.0
-0.33
3.33
-0.67
-1.0
-4.0
-9.67
-1.0
8.0
-4.0
-7.67
0.67
-1.0
-0.33
-3.33
2.0
-5.33
1.33
-4.33
-1.0
-3.67
8.33
11.33
-8.0
-6.33
0.0
-4.33
4.67
5.0
6.67
-1.33
6.33
17.0
8.0
10.0
2.33
7.67
14.0
-4.67
-0.67
2.67
-3.0
13.0
18.0
11.0
5.67
21.0
8.0
16.0
18.67
21.33
22.0
25.67
17.0
12.67
21.67
26.33
21.0
10.33
31.0
16.67
11.0
19.67
14.67
23.0
24.33
8.67
14.67
20.0
10.33
11.0
10.33
8.0
5.33
12.0
17.33
20.33
6.33
16.0
5.0
28.67
24.33
24.67
25.33
29.67
11.33
29.0
19.0
11.67
15.67
17.67
22.33
26.67
23.33
2.67
24.67
11.33
15.0
5.0
20.0
18.0
10.33
15.33
30.67
16.67
10.67
13.67
3.67
4.33
11.33
5.0
6.67
-0.67
14.0
7.0
8.0
11.0
14.0
7.67
-2.67
1.0
-1.0
3.33
-4.0
5.33
-0.67
4.0
3.33
-2.33
3.0
-1.33
7.0
3.67
-3.0
5.33
0.0
2.33
-5.67
3.33
5.0
6.0
6.33
2.67
-3.67
8.0
2.33
9.0
14.33
18.33
15.0
23.0
22.33
22.0
31.33
23.33
28.0
27.67
46.33
63.67
30.67
43.0
55.67
31.0
39.0
16.0
20.67
19.0
12.67
14.0
10.33
9.0
1.67
9.33
-3.67
0.0
0.0
6.0
-4.33
-2.33
-4.67
-3.0
7.33
10.67
7.0
5.33
7.67
11.33
2.33
7.33
9.33
15.33
12.0
1.67
28.33
20.67
11.67
12.33
13.67
22.0
30.33
23.67
25.67
28.0
30.33
40.33
32.67
42.0
40.33
48.67
70.0
53.67
62.0
46.33
45.67
41.67
36.67
31.33
19.33
21.67
17.67
15.67
22.0
5.67
9.67
22.33
16.0
15.33
24.33
15.0
18.67
19.33
10.0
17.67
24.33
19.33
21.0
11.33
11.67
18.0
21.67
18.33
8.67
18.67
27.0
21.67
16.67
6.33
19.67
19.33
13.67
16.0
23.67
15.67
22.33
30.67
33.67
36.67
20.0
27.67
29.0
30.0
13.67
37.0
26.33
25.67
37.67
33.0
6.0
21.67
25.0
16.67
25.0
26.67
24.33
18.33
12.67
13.0
11.33
12.0
13.0
10.67
6.0
8.67
13.67
14.0
12.0
10.33
8.67
14.67
13.33
7.33
9.0
4.67
-1.67
10.0
-6.67
-2.33
-9.67
1.33
-1.67
3.33
-5.33
6.0
9.67
-4.67
10.67
-1.0
-0.33
11.67
4.0
5.0
5.0
6.0
14.0
4.0
11.33
24.67
18.0
21.0
11.33
3.0
8.67
23.33
8.67
11.33
21.33
13.33
25.67
11.67
10.0
12.0
21.67
33.0
15.67
14.67
24.67
26.0
44.33
25.0
10.33
22.67
21.67
36.0
26.33
26.33
19.67
12.0
34.33
10.0
23.67
12.33
24.0
13.0
26.67
5.0
-4.0
19.33
21.0
10.67
5.33
8.33
8.67
6.0
20.67
7.67
11.0
13.33
6.0
4.67
17.33
0.67
6.0
10.33
6.33
5.33
14.0
15.0
11.0
6.0
15.67
7.67
18.67
12.33
-2.67
3.0
-1.67
0.33
3.33
13.67
1.33
5.67
15.33
19.0
5.0
7.67
12.33
13.33
-1.67
13.33
11.0
11.0
7.67
0.67
-3.0
16.0
-0.33
6.67
4.0
10.0
-4.67
4.67
4.67
11.0
2.33
-3.67
7.0
1.33
4.33
0.67
-2.0
6.33
2.67
-8.67
-1.67
3.0
0.0
-2.67
-4.33
2.67
1.33
0.67
0.0
3.67
0.0
5.67
-4.33
3.67
4.0
-5.33
3.0
-0.33
0.33
1.33
-2.0
13.33
5.33
7.33
-6.67
-9.33
-10.67
-13.0
-10.0
4.0
12.67
-3.33
7.0
8.67
-3.0
3.0
-4.67
5.33
-0.67
0.67
6.33
-8.33
1.33
3.0
3.0
-4.0
-6.67
2.0
15.67
11.33
4.0
2.67
15.0
6.0
0.67
11.33
-6.67
8.67
-0.67
17.67
1.33
3.0
1.33
-2.33
20.0
2.67
-9.0
-5.33
6.0
11.0
4.67
-0.67
-4.0
-9.67
7.33
-5.33
6.33
9.0
9.33
-2.67
3.0
4.0
7.67
1.33
-8.33
2.67
-2.33
13.67
-6.0
3.0
0.67
-4.0
4.33
15.0
1.67
4.33
1.67
9.33
11.0
0.33
5.33
-2.33
1.0
0.0
7.33
1.33
6.0
-1.67
20.0
4.67
-2.0
0.33
5.0
13.33
1.33
-14.33
11.33
24.67
-2.0
3.67
-7.33
-5.0
0.0
6.0
-2.0
1.67
-2.0
-3.33
-0.33
-5.33
-5.0
-13.33
10.0
10.0
6.33
3.0
5.33
17.33
3.33
0.0
3.33
-4.67
0.0
-5.67
7.0
-4.67
-4.0
5.33
2.0
17.67
-1.67
9.33
14.0
2.67
-4.33
8.0
2.33
5.0
5.0
8.0
1.0
19.67
9.67
9.33
23.0
16.33
4.67
12.0
9.0
6.33
5.0
-5.0
2.0
1.67
1.33
-2.67
-12.0
-4.33
-8.33
-5.0
-3.33
5.33
8.33
5.0
2.0
3.0
-0.33
3.0
13.33
5.33
8.67
2.33
4.33
1.0
18.0
6.33
13.0
13.67
17.0
15.0
5.33
5.0
2.33
-3.67
3.67
5.0
5.0
2.67
14.0
-0.33
11.0
0.67
7.67
6.0
15.67
5.0
2.0
10.0
-3.33
2.0
-3.33
-0.67
-3.0
9.0
7.0
6.33
12.67
15.67
-3.0
-0.67
6.33
18.33
7.33
6.0
8.0
0.67
-2.0
1.67
-9.33
-8.0
3.67
2.67
2.0
5.0
-3.67
10.0
1.67
0.33
8.0
10.33
-0.67
2.33
1.67
5.33
-4.0
3.67
-10.0
-1.33
4.67
4.67
-0.67
0.33
-5.0
-5.33
1.33
-2.33
2.33
3.33
-2.67
2.0
-3.0
-2.0
9.33
-2.33
0.67
-0.33
0.67
7.33
-0.33
-1.33
-2.0
-0.33
-4.67
-2.33
-8.67
9.0
-0.33
1.0
-4.0
1.0
-5.0
18.0
3.67
3.33
3.0
3.33
-5.67
4.33
-10.0
5.67
5.33
10.67
-8.67
-3.33
1.33
-10.67
-7.67
2.67
4.33
8.67
1.33
7.67
-10.0
2.67
7.33
-7.67
-3.0
-5.0
8.0
-8.33
-5.67
-5.0
-7.67
-6.67
1.33
7.0
5.33
-9.0
-0.33
5.0
4.33
-8.0
-6.67
-1.33
15.67
-3.0
1.33
-3.67
7.0
7.67
8.33
-5.0
-2.0
5.33
7.0
8.67
9.33
2.67
5.0
4.33
10.33
-1.33
3.0
-0.33
-4.67
5.33
10.67
5.33
-2.33
1.33
0.67
-1.33
5.33
4.67
0.67
9.33
10.0
4.67
3.0
3.0
0.67
-1.0
1.0
-2.67
-3.0
3.67
2.67
-3.33
1.67
0.67
1.33
-1.67
-1.33
7.0
0.33
5.33
6.0
3.67
5.33
0.33
4.67
-2.33
0.33
-6.33
10.0
3.0
3.67
11.0
-3.33
0.33
-4.0
-2.67
3.67
5.0
2.33
-0.33
7.33
3.33
2.67
0.33
-13.33
3.33
-7.33
3.33
9.33
-1.67
1.0
0.0
-3.0
8.33
2.33
-0.67
2.67
0.67
3.67
2.67
2.67
4.67
-4.33
-2.33
6.67
1.67
2.0
-9.33
0.67
-0.33
-0.33
1.33
-2.67
-0.67
0.33
-1.33
3.67
3.0
1.67
-2.0
11.67
3.33
0.67
-8.67
2.0
-3.0
2.67
2.67
2.67
2.33
5.33
-2.33
3.0
7.0
-1.33
-1.0
2.33
-2.67
6.0
7.67
-0.33
5.67
3.67
6.67
3.67
5.67
-0.67
-2.33
-5.33
4.0
9.0
0.0
10.33
3.67
6.67
9.33
2.33
4.67
0.67
-5.67
-0.33
7.0
2.0
6.33
-1.0
-2.67
1.67
-0.67
-4.0
1.67
0.67
0.67
1.0
1.0
-1.67
1.33
-1.0
1.0
2.0
-1.0
-4.33
4.67
-3.0
11.0
-3.0
4.0
0.33
5.67
-4.67
0.67
0.0
1.0
-8.0
-3.33
-0.67
1.0
-1.0
-2.67
-3.67
0.0
6.67
1.0
-3.0
1.0
-6.0
2.0
-5.67
-1.67
-4.67
4.67
2.67
-3.67
-2.67
0.67
-4.33
5.33
1.67
-4.0
-3.33
2.67
-2.0
-2.33
-7.67
-1.0
-3.0
-9.67
-2.33
-3.0
-2.0
-3.67
1.0
2.67
1.0
1.67
1.67
0.67
-3.33
4.0
0.0
-3.0
4.0
4.33
1.33
4.33
0.0
-2.0
3.33
1.0
7.0
0.0
1.33
-0.67
0.33
5.0
-1.67
2.0
0.33
0.33
5.0
0.0
5.33
0.67
3.0
-0.33
4.0
-1.33
-5.33
5.67
-0.33
2.0
9.0
-0.67
3.33
-6.33
3.67
5.67
-3.0
2.67
0.67
2.67
2.33
-0.33
-3.0
4.33
5.0
-4.0
-6.0
-0.33
-4.33
3.0
1.0
-5.33
4.67
0.67
-2.67
5.67
2.33
1.0
-4.33
4.67
1.33
-2.33
-0.67
1.33
-4.67
2.0
0.0
-2.0
5.33
