0.0
73.0
-9.33
4.0
-26.0
60.33
33.33
-17.0
131.33
42.33
-3.0
32.0
40.67
7.67
128.0
36.33
63.33
1.67
-7.0
6.67
21.33
21.33
-10.33
-5.33
-14.0
-22.0
9.33
-9.0
-6.67
5.0
7.33
7.67
-1.67
6.33
-3.0
-4.0
-3.67
-3.0
-1.0
-0.33
0.33
-0.67
1.67
-1.0
1.67
-0.33
1.0
-0.33
0.0
2.0
1.0
0.0
0.0
-0.33
0.0
-0.33
0.0
-1.0
0.33
0.0
-0.33
0.67
0.0
-1.33
1.0
1.0
0.0
1.33
-0.33
1.0
-0.33
0.67
0.0
-0.33
-0.33
0.67
-0.67
-1.33
0.0
-0.33
1.0
-0.67
-1.33
-0.67
0.33
1.0
0.33
0.67
0.67
0.67
-0.33
-1.0
-0.33
-1.0
2.33
0.0
0.0
-0.67
1.67
0.33
-1.33
-0.33
-0.33
0.67
-1.67
-1.0
0.67
-2.33
1.0
3.67
0.0
0.0
-0.67
3.33
1.67
-2.0
0.0
-0.67
2.0
4.0
-0.33
-0.33
0.67
-0.67
1.67
3.33
0.0
1.0
2.33
-2.67
1.33
1.0
0.0
-0.33
3.33
-4.0
0.33
0.0
2.33
5.0
7.0
2.0
2.0
7.0
1.67
3.33
5.67
4.0
2.67
2.67
0.0
-1.0
1.33
3.0
6.67
1.33
-1.0
3.0
1.33
0.67
2.67
1.0
6.33
-4.33
-0.33
-4.33
-0.33
0.67
2.33
9.67
9.33
4.33
4.0
-2.0
3.0
4.0
0.67
4.67
3.67
3.33
-0.33
2.0
1.67
6.67
2.67
0.33
3.67
-0.33
1.33
9.0
-0.67
-3.33
1.0
-0.33
1.67
-0.67
7.67
6.0
2.33
4.0
2.0
0.33
5.33
11.0
4.33
-2.0
3.67
0.33
6.0
4.0
5.0
1.0
4.0
5.67
9.0
5.0
2.0
5.0
1.67
0.33
-9.0
-5.67
4.33
4.67
9.67
12.0
6.0
-1.33
-1.67
-1.67
-1.67
8.0
2.33
4.0
5.0
0.67
1.0
3.0
4.33
-1.33
-2.0
0.33
-2.33
4.67
3.0
4.0
-1.67
3.0
0.0
6.67
2.67
-2.0
0.67
-0.33
-1.33
-3.0
3.33
-2.67
8.33
3.0
10.33
1.33
4.0
0.33
-1.0
8.33
-1.33
0.0
10.33
1.0
2.67
-2.0
5.33
1.0
0.0
2.67
4.33
5.33
3.0
2.0
1.67
0.67
-0.33
-0.67
1.33
4.0
-3.0
3.67
16.67
19.33
3.0
9.33
7.33
-0.67
2.67
10.33
0.67
-4.67
-1.0
-3.33
0.33
11.0
-0.67
-0.67
9.0
0.33
2.33
-1.0
1.67
3.0
5.67
7.33
2.33
7.0
8.0
-0.33
13.0
8.33
-5.67
2.0
-4.33
-0.67
10.33
3.0
1.33
2.67
7.67
5.0
3.33
2.33
-1.0
1.33
5.67
-2.33
-3.0
5.67
8.0
5.0
-2.33
5.0
4.33
9.0
4.67
1.67
2.67
-1.33
-1.67
-0.67
1.67
1.67
7.0
1.67
3.33
4.33
-1.67
-3.67
2.67
3.0
1.33
8.0
1.67
3.0
3.67
3.67
3.33
6.67
-4.0
-1.67
8.0
-1.33
-2.67
3.67
3.67
1.67
7.67
-2.0
8.0
10.0
5.0
-3.0
-1.0
3.67
0.33
2.67
1.33
0.67
-0.33
-6.33
2.33
3.0
-0.33
-6.0
2.0
4.0
1.67
-3.33
3.67
5.33
4.67
10.33
-0.33
2.67
3.33
5.0
9.33
4.0
3.0
1.67
1.67
0.33
0.33
-1.0
-2.33
0.67
0.67
-3.0
-2.33
0.0
-3.33
3.33
-1.33
0.67
4.0
1.0
0.33
14.67
0.33
4.0
2.33
0.0
1.33
3.67
8.67
0.0
7.67
2.0
1.0
2.33
0.0
2.0
3.67
-4.67
-0.67
7.33
0.33
3.33
4.0
-5.0
3.67
6.0
4.33
6.67
1.33
2.33
7.33
-3.67
4.67
0.67
3.33
-1.33
4.0
-1.33
-1.67
-4.0
3.0
1.33
5.0
-0.67
3.67
1.67
-0.67
0.33
-0.33
-1.33
-1.0
2.33
10.67
0.33
1.33
1.0
3.33
6.33
-2.33
0.0
0.0
2.33
0.67
0.0
3.67
7.33
0.0
0.33
-2.0
7.33
2.33
1.33
0.0
-0.33
2.67
2.0
6.0
3.33
3.0
-6.33
-1.0
-3.67
0.33
4.0
-1.67
-3.33
4.0
-5.33
-1.0
1.33
-0.33
2.0
5.0
5.67
4.67
-0.33
4.67
-0.33
-1.33
5.0
-0.33
2.67
-1.0
2.0
5.0
3.33
-0.33
1.33
-0.33
6.0
2.0
3.67
-0.33
-0.67
4.0
2.33
1.33
1.0
4.67
-2.0
1.67
-1.33
1.0
0.67
12.0
-0.67
4.33
4.0
-0.33
4.67
-2.33
6.33
0.67
-2.0
3.33
1.33
2.0
-3.67
1.67
3.33
0.33
4.33
1.67
2.33
0.0
-1.0
4.0
0.67
0.67
-1.33
-2.33
-0.67
1.67
3.67
4.0
3.67
-6.0
-1.33
-0.33
2.0
1.67
4.67
0.33
2.33
0.33
3.0
8.67
-0.67
2.33
2.67
-4.0
-1.33
3.0
2.0
0.67
-2.67
-2.67
-4.0
1.33
4.67
3.0
3.33
2.0
2.67
4.33
2.0
-2.0
0.67
2.0
-1.33
-5.0
-2.0
0.33
-1.0
0.0
-4.33
3.67
-0.33
1.0
-3.33
2.0
4.67
-2.33
-4.0
-0.33
1.33
1.67
-2.33
0.67
0.67
-1.67
2.0
-2.0
-1.0
-0.67
-3.33
0.67
-1.0
-3.67
6.67
1.0
-1.0
-1.67
0.0
-0.33
-6.0
4.0
0.67
-1.67
2.0
1.0
-2.67
-2.67
-1.0
-1.67
-1.67
1.33
-0.67
1.67
-3.0
-2.67
-1.33
3.0
-1.67
-2.0
-0.67
-3.33
1.67
-1.0
-1.33
-2.0
2.67
-1.33
-4.67
-4.0
-0.67
-0.33
-1.67
-4.0
2.33
-4.67
-1.67
1.0
0.33
-2.67
-5.0
6.0
-0.67
-1.33
-0.33
4.0
-6.67
-3.0
-2.0
3.33
-0.33
1.67
-5.67
-3.67
1.33
-4.33
-1.33
0.0
-3.33
-1.33
0.67
1.0
-5.67
-4.67
-0.67
-5.0
1.67
-0.33
-7.67
0.33
-0.67
-6.33
-1.33
0.0
-0.33
-3.67
-5.67
-2.33
1.0
-0.33
-7.33
-2.67
-2.0
-4.0
0.0
-1.33
-1.67
-4.33
-0.67
-5.33
-1.0
-8.67
2.33
-9.0
-0.67
-6.0
-7.67
-6.0
-8.0
-10.0
3.67
-11.67
-3.67
-9.67
-1.0
-4.67
-5.67
0.67
0.67
-4.67
-2.67
-2.33
-3.67
-2.0
5.67
-6.67
-3.33
-3.67
-2.67
-6.67
-0.67
-3.67
-5.67
-3.33
-2.33
-7.67
-6.33
-9.33
-1.0
-5.33
-2.33
2.33
-6.67
-3.0
0.67
-6.0
-1.67
-3.67
-1.67
1.0
-9.0
-4.33
-3.67
0.0
-1.0
-3.0
-5.33
-2.33
1.0
-9.0
1.0
-2.67
5.33
-2.67
-4.67
3.33
0.0
0.67
-3.67
-3.33
-3.67
-12.67
4.67
0.33
-2.67
-4.0
-3.33
-8.33
-5.0
-4.67
-1.33
-2.67
-7.67
-10.0
-1.33
-0.33
-7.33
-1.33
2.33
2.67
-2.0
-7.67
-4.0
-9.0
3.33
-10.33
4.0
-0.67
-5.33
-4.33
-3.0
-8.33
0.67
-2.67
-3.33
10.67
4.0
3.33
-4.67
-4.0
-3.67
-0.33
-1.0
-2.67
0.33
-1.67
-12.0
-7.0
-6.0
-4.67
-2.67
0.67
-2.67
1.67
-6.33
-0.33
-12.67
2.0
-2.0
-7.33
9.67
-7.67
-8.67
4.67
3.33
-3.33
0.67
10.33
-9.0
0.0
-10.0
-1.33
1.67
-0.33
-1.67
-3.33
3.33
-1.67
0.0
-5.67
1.67
1.67
-10.0
-3.33
-12.67
1.0
2.67
-7.67
-4.0
1.67
0.33
-4.33
-1.67
-6.67
3.67
-4.0
-4.0
-1.67
-2.0
0.0
-10.33
-5.33
-7.0
-2.0
-1.33
-6.0
3.67
-1.0
-10.33
-0.33
2.33
3.0
4.0
6.0
-2.33
2.0
5.67
6.33
2.0
4.67
6.0
3.33
7.33
1.33
13.0
-4.33
-2.67
-2.67
14.67
9.33
16.0
9.0
10.33
2.67
5.67
-2.33
6.33
7.67
7.33
10.0
-2.67
3.33
11.33
2.0
9.67
1.0
0.33
-1.67
-4.67
-1.0
-1.67
-1.0
4.0
12.0
-9.0
-0.33
-0.67
5.67
0.67
-1.33
1.33
-1.0
-8.0
2.0
4.67
-3.67
2.0
5.0
4.0
6.67
4.0
16.0
18.0
9.0
9.33
21.33
16.0
12.0
15.0
1.0
6.67
6.0
11.67
11.33
8.33
9.0
9.0
4.33
6.0
17.0
-6.0
3.33
-1.33
6.0
1.67
7.67
0.0
-4.33
11.33
-5.33
1.0
2.33
6.33
2.33
-3.0
1.67
-1.0
-3.33
-8.33
2.0
7.67
7.67
7.33
9.0
7.0
-7.0
1.33
0.67
4.0
6.33
8.33
7.67
13.0
0.0
10.0
8.0
5.67
7.0
11.0
8.0
11.67
6.33
18.0
2.67
5.0
0.67
3.67
10.33
2.0
10.33
-1.0
2.67
0.0
18.67
13.67
2.0
17.33
4.67
7.67
20.0
9.33
17.0
11.33
10.0
12.33
11.0
7.33
6.33
9.33
16.0
9.0
16.67
1.33
2.67
14.33
19.67
4.33
0.0
12.0
16.67
24.67
22.67
8.33
15.67
11.33
6.67
13.67
12.33
12.0
4.0
23.0
13.0
12.33
16.33
18.67
20.67
12.67
9.67
16.67
15.33
28.33
8.0
3.67
11.33
8.0
8.0
3.0
8.0
7.0
9.67
1.33
6.0
5.0
23.33
-1.0
11.33
2.33
8.0
7.33
7.67
-2.0
0.67
5.0
3.67
7.0
3.33
-1.0
4.33
5.33
15.33
9.0
2.0
12.33
1.67
5.33
6.0
13.33
13.0
6.33
8.33
-3.0
10.0
1.33
14.0
7.33
2.33
18.0
0.67
-9.67
24.67
10.67
13.0
14.67
12.0
4.0
16.0
12.67
12.0
7.67
10.0
3.33
12.0
22.67
7.33
11.33
0.0
19.0
11.0
5.67
4.67
6.33
6.0
12.33
12.67
5.0
5.33
10.67
25.33
23.33
23.33
23.33
35.33
31.0
33.67
44.33
36.67
46.67
42.33
48.67
60.0
76.33
65.67
83.67
92.0
55.33
70.33
60.67
63.0
38.33
51.67
43.0
39.67
37.0
46.33
26.67
25.67
40.67
43.33
19.33
23.67
17.67
13.67
11.0
25.67
4.67
19.33
15.0
17.33
16.33
8.0
15.67
15.33
15.0
3.67
10.33
14.33
18.0
16.33
17.67
19.0
30.67
17.33
27.67
42.67
37.0
41.67
30.67
42.33
28.67
48.33
33.67
48.0
38.67
46.67
42.33
33.67
43.67
25.67
42.0
33.67
28.0
42.0
28.67
37.0
44.33
36.67
58.67
53.0
58.0
58.67
58.0
49.67
47.0
42.67
42.33
30.33
30.67
23.0
23.33
16.0
19.0
33.67
18.0
5.67
6.67
5.0
15.0
4.33
14.67
13.67
3.33
10.33
10.0
-3.33
-0.67
-5.0
11.33
1.67
11.33
6.33
8.33
-1.67
3.67
5.0
7.67
1.33
4.67
17.0
20.67
12.67
3.0
17.0
-1.0
3.0
21.0
3.0
11.33
14.67
11.0
15.0
11.33
8.0
10.67
11.33
14.67
16.33
12.33
8.33
15.67
11.67
18.0
17.0
11.67
24.0
18.67
17.67
14.67
27.0
34.33
17.0
25.33
38.67
29.67
10.0
14.33
16.33
27.67
12.0
25.33
21.0
22.67
13.33
20.0
10.0
19.67
31.0
5.0
30.33
10.0
30.67
13.33
18.33
23.67
29.0
20.67
17.67
27.0
18.33
11.0
13.67
13.33
17.67
16.0
6.33
6.33
4.33
16.0
17.0
14.0
21.0
26.67
21.67
20.67
14.33
8.33
5.0
25.33
10.33
12.33
4.67
15.33
8.67
13.33
12.0
7.0
8.67
8.33
8.33
3.33
10.33
7.0
9.0
6.67
6.67
2.0
5.0
3.67
10.67
20.0
5.0
4.33
3.67
6.67
18.0
9.33
16.33
-6.0
-0.67
6.33
15.67
10.0
5.33
18.67
8.33
10.33
11.0
12.0
7.33
4.67
23.67
10.33
6.67
-1.0
8.67
6.0
23.67
-7.33
12.67
21.0
2.67
-5.0
0.67
8.33
3.33
11.0
14.33
5.33
22.33
15.33
14.67
12.33
-6.0
-3.0
1.0
2.67
10.67
11.0
13.67
2.0
9.0
18.33
18.33
6.33
4.67
11.33
6.67
10.33
1.0
-2.0
5.0
6.33
11.0
8.67
7.33
2.0
5.67
5.0
9.0
1.67
12.33
3.33
11.67
11.33
18.67
3.33
7.0
10.33
0.67
2.0
9.67
-2.0
4.67
-8.0
1.0
-8.33
9.33
-6.0
9.33
7.33
6.67
0.33
-3.0
5.33
9.33
7.0
10.0
-2.33
-1.67
0.67
9.67
-5.33
2.67
-3.0
7.0
2.67
17.0
14.33
17.0
0.67
11.33
8.67
6.33
8.0
11.33
-6.67
3.67
4.0
2.0
7.33
10.33
17.0
15.33
20.0
18.67
10.0
0.33
20.0
10.33
10.33
-5.33
21.33
16.67
24.0
7.67
26.67
5.0
17.0
-3.0
12.0
-2.33
8.0
8.67
18.67
21.67
6.0
4.67
6.0
14.0
9.33
15.0
-1.67
20.33
18.33
9.0
14.33
5.33
10.0
1.33
20.0
11.33
19.0
13.33
3.0
12.67
5.33
3.33
18.0
7.67
13.67
23.0
28.33
12.0
8.0
12.0
16.0
10.67
15.67
2.33
18.0
21.33
5.67
9.0
13.0
6.33
-3.0
8.0
-7.0
4.67
8.33
17.33
5.0
2.67
1.67
15.0
11.67
-1.67
18.33
4.0
7.0
10.0
14.67
8.0
4.33
8.33
13.67
13.33
6.33
2.0
8.0
0.33
-1.0
7.67
2.0
7.0
4.33
12.0
6.33
6.33
5.67
14.0
7.0
18.67
-3.0
10.67
1.0
3.67
8.67
7.0
6.67
21.0
10.0
7.0
1.67
17.0
4.67
-1.67
0.0
8.0
6.0
8.33
7.67
11.67
2.0
-1.67
9.33
19.33
17.33
-2.0
4.0
5.67
10.0
8.67
-3.33
-5.0
9.67
1.67
7.0
-6.0
-6.67
9.0
1.67
-3.67
15.0
-5.67
-1.67
-0.67
10.67
5.33
10.0
4.67
4.0
-7.33
-10.33
1.67
3.33
8.33
-3.0
-3.33
5.33
-0.33
-0.67
-9.67
-6.67
-2.0
-7.0
-4.0
6.33
-2.33
5.67
-0.33
1.67
-1.67
-7.33
5.67
-4.0
0.67
-2.67
2.67
-2.67
2.0
2.67
-1.0
0.0
9.0
0.0
19.0
-0.33
-3.67
5.0
-0.67
-3.67
4.33
7.0
4.67
6.33
10.67
-3.67
4.67
1.33
-3.67
7.33
0.67
4.33
6.67
-1.67
3.67
8.0
4.67
7.33
-1.67
10.0
8.0
-7.0
-3.33
-1.67
5.0
9.33
1.33
8.33
13.0
-0.67
1.0
10.67
23.0
1.33
13.0
6.33
8.67
-0.33
3.0
5.33
-1.67
13.0
6.67
11.33
2.0
-2.0
4.33
10.0
7.67
11.33
15.67
20.0
12.33
-2.67
10.67
22.0
2.67
12.33
6.33
2.67
6.33
5.67
6.33
0.67
13.67
-1.67
0.67
-3.33
3.33
5.0
1.67
6.0
-1.0
8.67
10.0
8.0
2.33
10.0
-2.33
4.67
2.67
3.67
12.67
11.33
3.33
8.67
-9.0
-1.67
8.33
-1.0
-0.33
4.33
0.33
8.67
-5.33
11.33
-4.33
4.0
0.0
-0.33
3.0
9.67
0.33
-2.0
-1.67
-0.33
5.0
4.33
1.67
4.33
5.33
5.67
1.33
-5.33
-2.67
-2.33
4.33
-1.67
7.33
2.0
5.0
-7.0
5.33
4.33
-7.67
4.67
3.67
-0.33
-3.33
-3.33
2.67
1.67
-5.33
9.67
2.67
3.0
-4.33
-2.33
-4.33
2.67
8.33
3.33
4.33
-3.67
-0.33
10.67
3.0
4.67
3.0
12.67
1.33
5.67
11.33
-5.0
7.0
5.67
-2.33
-2.33
5.33
-0.67
6.67
0.0
8.0
-0.33
2.0
3.33
3.33
5.0
-1.33
-2.33
9.67
5.67
-1.33
6.67
3.67
6.33
4.67
-1.33
2.0
3.0
3.0
11.33
-5.33
-5.33
7.33
2.33
-4.33
4.67
3.33
-0.33
5.0
2.0
10.33
6.0
6.33
3.67
0.33
3.0
9.67
-2.33
0.67
7.0
0.0
5.33
9.33
1.0
3.0
5.0
0.0
1.67
0.67
6.0
6.0
9.0
4.0
1.33
-1.33
6.33
10.67
-6.0
-3.0
6.0
0.67
6.33
6.0
5.0
1.33
1.33
3.0
-1.33
0.0
-2.0
6.0
-5.0
1.0
9.33
2.33
0.33
3.67
5.67
4.33
4.33
5.67
5.67
0.33
3.67
2.0
11.67
0.67
5.0
-0.33
5.33
3.0
-2.0
2.33
4.67
5.0
0.0
0.33
-3.0
5.67
-1.0
2.67
4.67
4.67
1.67
1.0
5.0
3.0
13.0
0.33
-2.67
9.33
1.0
3.0
-3.67
5.0
9.0
0.0
2.33
2.33
4.33
3.0
-1.67
-2.0
-2.67
1.33
-3.0
9.0
3.33
3.67
4.0
-0.33
4.0
2.67
4.67
5.67
-0.33
1.0
1.0
3.33
1.33
-0.33
-4.33
4.67
4.0
-1.33
0.67
3.67
3.33
0.67
-6.0
8.33
8.0
1.0
-3.0
0.67
-1.33
9.0
5.0
-4.33
2.67
6.67
1.33
4.67
3.33
0.0
0.67
4.67
4.33
-4.33
0.33
2.33
-3.67
1.0
-3.0
5.0
1.33
