0.0
7.0
-56.33
-19.0
56.0
41.33
46.33
-22.0
20.33
6.33
-36.0
71.0
61.67
36.67
-29.0
70.33
30.33
-33.33
-6.0
-9.33
26.33
10.33
-13.33
18.67
9.0
-4.0
1.33
-9.0
8.33
-2.0
5.33
-0.33
2.33
0.33
-4.0
0.0
-3.67
-2.0
-1.0
0.67
0.33
-0.67
0.67
-1.0
-0.33
0.67
0.0
-0.33
0.0
0.0
0.0
0.0
1.0
-0.33
0.0
0.67
2.0
-1.0
0.33
0.0
-0.33
-0.33
0.0
-0.33
0.0
0.0
0.0
0.33
-0.33
0.0
-0.33
-0.33
0.0
-0.33
0.67
1.67
-0.67
0.67
0.0
-0.33
0.0
-0.67
-1.33
-0.67
-0.67
0.0
-0.67
-0.33
-0.33
-0.33
-1.33
1.0
0.67
0.0
1.33
0.0
2.0
-0.67
0.67
2.33
-1.33
3.67
-0.33
0.67
-1.67
-1.0
-2.33
-0.33
-1.0
0.67
2.0
2.0
0.33
0.33
3.67
2.0
0.0
-1.67
-1.0
-1.0
-1.33
2.67
-0.33
-0.67
-1.33
2.33
-2.0
0.0
6.33
-3.67
3.33
-4.0
-1.0
3.67
2.33
-2.0
-0.67
6.0
-1.67
7.0
5.0
-1.0
-3.0
0.0
4.67
2.33
-5.33
3.0
0.67
-2.33
-4.0
4.0
8.33
5.0
4.67
3.33
0.0
5.0
9.33
0.67
7.67
8.0
3.33
5.67
2.67
-0.33
4.67
-1.33
8.33
0.67
2.33
0.33
3.0
-3.0
-2.0
0.0
5.67
-3.33
1.67
6.33
4.67
3.0
1.67
2.67
-0.33
-1.67
1.67
1.67
6.33
3.0
1.33
2.67
4.0
1.67
0.67
3.33
8.67
0.0
1.33
7.0
6.0
1.33
3.33
6.0
0.33
2.0
0.67
5.33
2.0
4.0
-1.0
8.0
6.0
8.67
3.0
-1.0
4.0
-2.0
2.67
1.33
-3.0
-1.67
4.33
1.67
-0.33
1.0
2.0
4.67
-5.67
2.33
-0.67
9.0
-1.67
0.0
-1.0
3.67
8.0
1.0
3.33
-1.33
4.0
1.33
-2.33
0.67
5.0
2.0
3.33
8.0
1.0
-1.33
10.67
6.0
4.67
1.67
5.67
3.0
5.33
5.33
-0.67
10.0
3.33
-1.67
2.0
8.33
2.0
1.33
-1.33
4.0
5.33
4.0
4.67
4.0
0.33
3.0
2.0
5.67
5.33
8.33
7.0
-2.0
3.67
-0.33
6.67
2.33
7.33
2.0
5.0
-2.33
3.67
2.33
4.0
5.33
2.33
-0.67
1.67
2.33
0.67
0.33
-5.0
8.67
-2.67
2.0
4.33
-3.67
11.0
0.33
-2.67
-4.0
3.67
-3.0
7.67
0.33
-1.67
1.0
1.0
3.67
8.0
7.33
-0.67
1.0
1.67
-4.67
4.33
-3.0
4.33
-2.33
6.67
4.0
-1.67
-2.67
1.0
1.33
5.67
2.67
-6.0
4.67
3.0
0.0
0.67
1.0
3.33
1.0
2.67
4.67
-4.33
4.67
3.33
3.33
-1.33
0.67
4.0
1.67
3.33
0.33
-5.67
1.33
3.67
5.0
-4.67
-1.0
0.67
3.0
0.67
0.67
0.33
-4.33
2.0
1.33
5.0
-1.33
0.33
5.67
3.67
4.67
0.67
5.0
8.0
3.0
6.0
1.0
2.0
1.67
2.33
-0.33
-0.67
4.67
6.67
-3.33
8.33
7.0
-0.33
-3.0
-4.0
1.0
3.67
-1.33
2.67
6.33
1.67
-2.67
-0.33
0.67
5.33
3.0
3.33
-6.0
-4.0
3.67
0.67
0.33
-2.67
0.0
2.67
4.67
-2.33
-6.0
5.67
1.0
3.67
1.33
7.67
-2.33
0.0
1.0
-0.67
6.67
-3.67
-2.0
0.33
-1.0
1.33
2.67
-2.33
2.0
2.67
-4.0
0.0
3.33
-3.0
0.0
1.67
-2.67
-2.67
3.33
3.33
2.33
-1.0
-3.0
2.67
-3.0
-1.67
-1.33
7.33
-2.67
1.33
-1.67
3.67
2.67
2.33
3.67
1.0
-2.33
-0.67
6.0
1.0
0.33
2.0
-4.67
0.67
2.67
4.33
0.33
3.67
2.67
-3.0
2.33
1.67
2.33
0.33
5.0
-1.67
0.33
0.67
0.0
0.0
-0.67
-1.33
0.0
-1.33
1.33
-5.0
4.33
-3.0
0.33
5.33
0.33
-1.0
-1.33
-0.33
1.0
9.0
2.33
8.0
-5.33
-1.0
-0.67
1.33
-2.0
-0.67
5.67
1.0
-1.33
0.0
1.33
-0.33
3.0
-1.0
3.67
2.67
-3.33
7.67
-1.33
2.67
1.0
-1.33
0.67
1.0
4.0
2.0
0.33
-1.33
-2.67
-0.33
4.0
0.0
0.67
-2.33
2.33
-3.0
-1.67
0.33
2.0
-0.33
1.0
0.67
-0.33
3.0
-1.33
3.0
0.33
0.33
3.0
2.67
-0.33
-3.33
-0.67
2.67
2.0
-0.67
0.33
4.0
-1.67
1.67
4.33
-3.67
-3.67
1.67
-5.67
-1.0
5.0
1.0
2.67
-1.33
-0.33
2.67
0.33
-0.33
0.67
2.0
-1.33
-4.0
-2.33
5.67
2.0
2.67
3.67
-1.67
-0.67
0.33
2.0
-1.33
0.33
2.33
-3.33
-1.0
-2.33
1.0
1.0
-0.33
3.33
-0.67
1.0
5.33
-4.33
1.0
2.33
-2.0
1.67
0.33
-2.0
-1.0
2.67
5.0
0.67
0.0
-4.0
-0.67
-1.0
1.0
3.67
-2.33
-2.33
-3.0
2.67
0.0
-4.33
1.67
1.0
0.67
0.33
-0.33
3.67
1.67
-4.33
-1.67
0.0
0.0
-2.0
0.33
0.67
-1.33
-3.0
-6.67
0.67
2.0
0.0
-3.67
-1.0
-1.33
3.0
-2.0
-3.33
-2.67
-4.0
0.0
-1.67
-2.67
-4.0
-3.67
1.33
-5.67
-1.67
-4.33
-2.0
0.33
4.67
-1.0
-1.67
1.0
-2.67
-4.33
-4.33
-3.0
-4.33
3.0
-0.33
-1.33
0.33
-3.0
0.33
-2.33
0.33
3.0
2.33
-3.67
-0.67
0.0
-1.67
-1.67
0.0
4.0
-4.67
-3.33
-4.33
-2.0
-6.67
-1.0
-2.0
-0.67
-2.33
0.67
-2.67
0.33
-1.67
-1.33
3.67
-1.0
-1.33
-6.33
-2.33
1.0
-4.67
-5.67
-3.67
-4.0
-1.33
-5.33
-7.67
-4.67
0.33
-6.33
-3.33
-3.0
0.67
-5.67
-1.67
-3.33
-3.0
-0.33
-11.33
-4.67
-5.0
1.0
2.0
1.67
-2.67
-1.33
-1.67
-7.33
-5.0
-4.67
-4.67
-2.0
-5.67
-1.0
-4.67
-4.0
-7.0
-8.0
0.67
-1.67
-1.67
-3.67
-8.0
0.33
-3.67
-2.33
-0.33
-0.67
3.33
-0.33
-1.67
6.0
-0.33
-6.67
-2.33
-2.67
0.33
-10.67
-5.67
4.33
-8.67
0.67
-4.33
-2.67
-4.33
-7.33
-3.0
-5.33
-2.33
-1.67
2.33
4.0
1.67
-1.0
-1.67
-2.67
-10.67
-3.0
-12.0
-0.33
3.33
-3.0
-7.0
-1.0
-5.33
1.67
-3.0
-6.0
-3.0
0.33
-2.67
-3.67
-4.67
-3.67
2.0
-6.33
-10.67
-9.33
-6.67
-0.67
2.67
-2.67
-5.67
-3.0
-5.33
0.67
1.0
-6.67
-10.33
-3.67
-2.67
-9.0
-4.33
-5.33
-3.33
-6.33
-7.67
0.67
-10.0
-2.67
-9.0
-1.0
-4.67
-6.33
-5.0
-0.67
-8.33
-10.33
0.0
-0.33
4.67
-7.67
-3.33
-1.33
1.0
-2.67
-4.67
4.0
-0.67
-0.33
-7.0
-9.67
2.33
-7.67
-5.0
-7.0
-2.0
-2.67
-2.67
-2.33
-6.67
1.67
-6.33
0.67
-6.67
-2.0
-3.0
-1.33
2.67
-2.67
4.33
4.67
-5.67
-1.33
-1.33
-0.67
-13.0
-2.0
-10.0
-6.33
0.67
-5.33
3.33
-9.33
-1.67
2.33
5.0
-5.67
8.67
10.67
-4.0
-4.33
-14.67
5.0
3.67
6.33
-2.0
3.67
0.33
-3.33
-2.67
-6.67
8.67
-4.0
1.0
-2.67
-6.0
-3.0
-1.33
-9.33
-8.0
0.0
-1.33
6.0
1.67
-4.0
-3.33
-2.33
1.33
-1.0
6.0
-1.0
6.67
-1.0
3.67
3.33
12.0
6.67
9.0
18.33
12.33
11.33
37.0
21.67
36.33
15.33
51.67
58.33
49.0
43.0
50.33
47.67
51.67
48.67
38.33
36.67
24.33
20.0
24.33
10.33
13.33
9.0
5.67
6.0
10.33
7.33
3.33
-3.0
-1.67
4.0
3.0
2.0
-1.0
-0.33
-1.67
7.67
-3.33
1.67
-3.67
-3.0
3.0
8.0
6.67
3.33
-3.0
5.0
16.0
2.67
6.0
16.0
13.0
3.0
12.33
28.33
27.0
31.0
39.0
26.0
28.67
50.0
42.67
46.33
39.33
37.0
34.0
48.33
39.0
45.0
25.0
17.33
19.67
22.0
21.67
10.67
7.0
8.67
3.33
4.67
5.0
8.33
12.33
1.33
-10.0
-3.33
4.0
11.67
4.67
-1.0
2.67
7.67
8.33
3.0
2.0
6.0
8.33
13.67
22.0
23.33
11.33
8.67
15.0
16.0
38.0
20.0
22.67
19.0
15.0
19.0
7.67
11.33
20.0
9.67
18.0
12.67
10.67
12.33
22.0
22.33
9.0
25.67
29.0
24.67
27.67
23.0
10.33
30.67
23.67
14.0
36.33
6.0
26.33
24.0
19.33
20.0
25.33
30.33
24.33
16.0
15.0
25.67
25.33
13.67
19.33
14.67
19.33
13.0
18.0
12.67
9.67
10.67
9.33
8.67
10.33
12.67
10.67
18.33
16.0
8.0
19.0
13.0
12.33
18.33
11.67
15.67
5.67
20.67
8.67
9.33
15.33
16.0
9.67
12.33
24.0
7.0
11.0
16.0
10.0
3.67
1.33
12.0
3.0
16.33
10.0
1.33
8.33
15.0
6.33
4.67
3.0
16.67
3.0
2.67
-2.0
5.33
2.0
7.33
1.33
7.33
10.0
6.0
8.33
5.67
2.33
6.0
7.33
8.0
13.33
11.33
8.0
7.0
22.33
12.0
17.33
-4.67
14.0
30.67
9.33
20.67
9.67
9.0
16.67
10.0
15.0
14.0
11.67
15.0
11.67
25.0
16.33
13.0
11.67
13.33
16.33
5.0
12.0
8.0
10.67
10.67
21.33
-3.0
20.33
15.67
28.0
12.33
25.67
21.33
22.33
26.33
30.33
28.33
21.0
33.67
53.33
38.67
53.67
80.33
73.67
86.0
123.33
123.67
164.67
155.0
194.33
238.33
255.67
283.0
291.33
282.67
269.0
276.67
252.0
295.33
229.67
238.67
227.67
196.33
166.33
158.67
116.67
110.67
83.0
52.67
38.67
40.33
37.0
31.33
15.33
25.0
17.67
29.33
18.0
16.67
31.33
20.33
23.0
21.33
26.67
14.0
26.67
26.33
26.67
20.67
22.0
34.67
23.67
21.33
27.67
42.33
39.67
45.0
34.67
37.67
45.33
36.67
36.67
35.67
24.0
29.67
34.0
34.0
31.67
17.0
27.33
13.67
14.67
28.0
30.0
20.67
23.0
21.67
20.0
10.67
12.33
11.33
28.67
18.0
13.33
9.0
10.0
12.67
12.0
14.67
11.67
10.0
2.0
13.33
13.67
9.67
26.33
9.33
17.0
8.67
22.33
12.0
2.33
-9.33
5.33
17.33
7.33
2.33
8.67
21.0
8.67
12.33
11.67
7.0
2.67
16.67
-4.0
7.0
4.0
8.0
19.0
5.0
8.33
11.67
8.0
11.0
29.33
24.0
21.67
20.33
20.67
25.33
24.33
26.33
31.67
38.67
32.0
26.0
37.67
30.0
48.67
28.67
29.67
11.0
27.33
37.0
27.33
18.67
25.67
27.0
18.33
28.33
12.67
19.0
23.33
10.0
12.67
10.33
7.0
24.0
21.67
19.0
7.0
16.33
12.0
12.67
8.33
5.33
10.67
11.0
4.67
6.67
23.0
11.33
9.0
15.67
12.33
17.67
11.0
34.33
23.33
15.33
26.0
10.0
19.0
18.0
10.67
22.67
11.67
11.33
23.33
11.0
16.33
10.33
4.33
14.67
16.33
7.67
19.33
14.0
25.0
6.67
4.33
5.33
0.33
11.33
10.0
14.0
11.67
18.67
14.0
6.0
5.67
17.67
14.0
14.0
12.33
-5.33
4.67
11.0
7.33
-8.67
7.0
13.33
8.33
-13.33
16.0
7.33
9.67
8.33
-0.67
11.0
9.0
7.33
14.67
3.67
16.33
10.67
8.0
14.67
3.0
11.67
1.67
2.67
11.0
12.67
23.0
3.67
13.33
9.33
1.0
11.33
9.33
17.33
3.33
10.67
-0.67
3.0
0.0
17.0
0.67
1.67
14.0
11.67
16.0
4.0
5.33
5.33
18.33
5.67
23.33
3.67
0.33
9.0
15.0
8.0
8.33
20.0
6.67
14.33
-6.0
12.67
3.0
10.0
8.67
5.33
-3.67
7.67
1.33
12.67
5.33
8.0
11.33
9.67
12.0
2.67
-6.0
8.67
4.0
2.0
-1.33
3.33
5.0
9.33
4.33
4.67
-7.67
15.0
6.33
4.33
5.0
9.0
4.67
8.33
-7.33
14.67
2.67
12.67
-4.0
11.0
6.67
11.0
12.33
19.0
-2.33
6.33
3.67
5.33
2.0
14.33
-1.67
-3.33
2.0
4.0
2.33
4.33
10.0
-2.67
19.0
8.67
5.0
0.33
-5.0
14.33
23.33
2.67
4.33
15.67
10.0
6.67
4.67
12.0
-3.0
1.0
7.0
6.67
2.0
3.67
11.67
14.67
6.0
10.67
2.0
8.0
0.33
13.0
14.33
15.33
8.33
12.0
3.33
7.33
8.0
3.33
15.0
9.33
4.0
7.33
-1.0
0.67
24.33
11.33
26.0
2.67
-0.33
4.0
6.33
-7.0
0.0
3.0
6.0
6.67
-1.33
-2.67
9.0
13.33
6.67
1.0
-1.0
14.33
8.0
-3.0
6.0
17.67
2.33
-8.67
1.0
-1.33
2.67
4.0
4.67
6.33
2.33
2.0
0.0
15.0
10.67
4.0
20.33
17.33
7.67
17.33
2.33
15.0
15.0
18.33
15.0
3.67
15.0
4.0
0.33
14.0
11.33
0.33
5.67
17.0
13.0
10.67
5.0
5.67
9.0
-12.33
6.67
8.0
5.67
4.0
14.0
0.0
9.67
5.0
2.67
3.33
4.0
11.0
2.0
-1.67
15.67
5.67
-10.0
3.33
-3.67
5.33
19.33
0.0
7.0
3.67
5.0
14.67
-5.33
10.0
-1.33
0.67
11.0
1.0
-12.67
3.0
3.67
4.33
3.0
12.33
9.33
11.33
0.67
4.33
-4.0
6.67
5.0
-1.33
-0.33
1.67
1.33
-0.67
5.0
8.67
4.33
-4.33
-1.67
-7.67
-2.67
5.0
-4.0
6.0
-5.67
-3.33
2.67
-12.33
4.67
10.33
-5.33
1.67
8.0
-5.33
-0.67
-2.33
8.33
1.0
7.67
-5.0
-3.0
-1.0
-3.0
12.0
1.67
11.33
0.0
4.33
-3.67
3.33
-2.0
12.67
-9.67
5.67
-4.67
6.67
12.33
-1.67
1.33
4.67
1.33
4.67
2.33
6.67
-2.0
-7.33
0.33
1.33
-1.0
2.0
-5.0
-12.33
8.33
4.0
-4.67
-5.67
1.33
2.0
-3.67
10.0
1.67
9.0
-4.67
7.0
3.33
4.67
14.67
11.0
8.33
7.33
7.0
11.67
15.33
-1.0
-8.0
-4.67
2.0
7.67
-0.67
12.67
-1.0
-3.67
-1.67
7.67
0.0
-1.33
-4.67
7.33
-2.33
3.33
2.67
-1.67
-2.33
8.67
-0.67
-4.33
0.67
-6.67
-3.0
2.67
9.0
4.0
6.67
7.0
1.0
1.33
11.0
0.67
4.67
-4.33
-2.33
-2.33
7.33
-1.67
2.67
0.0
5.33
-6.67
-1.0
-0.33
3.33
-6.67
0.67
-3.33
6.33
-6.33
1.0
1.0
4.67
-2.0
0.67
-0.67
-2.0
0.33
-1.33
0.0
1.33
-2.33
-2.67
2.33
6.67
-2.67
-6.33
5.33
-6.33
-0.67
7.33
4.33
4.0
0.0
7.0
2.33
12.33
1.33
-1.33
7.67
4.67
4.67
1.67
5.67
-5.33
-1.33
-1.33
0.67
4.0
6.67
10.67
3.67
10.67
-2.67
-0.67
14.33
3.33
5.67
2.67
3.0
4.67
-2.0
4.67
2.33
3.67
-2.67
4.0
2.0
4.67
2.67
-5.33
0.33
1.33
1.67
5.0
2.0
9.67
5.0
8.33
1.33
2.0
6.67
5.67
13.67
11.67
12.67
2.67
1.67
-0.67
4.67
0.67
3.0
10.0
9.0
6.33
-1.33
1.67
2.33
-4.67
1.67
1.67
6.33
4.67
2.0
1.0
-0.67
9.0
-6.67
0.67
2.33
-2.0
3.67
3.67
1.67
4.0
1.0
3.33
4.33
11.0
4.0
10.0
-2.0
2.67
2.67
-1.0
8.0
9.0
5.0
-1.67
8.67
-0.67
-2.33
4.0
0.0
0.0
-2.33
2.33
-1.0
7.0
0.33
3.33
-1.0
-3.33
1.0
0.0
2.0
5.0
4.0
1.33
0.33
3.33
-0.33
5.67
2.33
-4.67
1.67
-3.33
-0.67
5.67
-2.0
6.67
3.67
-3.0
3.67
1.33
2.0
-2.0
-1.67
-3.33
6.0
2.0
8.33
-2.0
8.67
4.0
-2.33
4.67
11.67
0.67
3.0
0.0
10.0
2.0
-0.67
0.33
0.33
1.0
9.0
4.33
8.0
3.0
-6.0
0.33
9.33
1.33
7.0
6.33
-4.0
2.33
-0.67
-2.0
-2.0
4.33
8.67
-2.0
-0.33
2.0
-3.33
-2.33
9.67
0.67
-2.0
5.0
2.33
2.33
-3.33
2.67
5.67
5.0
-1.33
4.67
5.67
0.33
-3.33
-6.0
-0.67
4.0
1.0
-2.0
-3.33
-0.33
0.0
3.0
-2.33
-0.33
2.67
-0.67
2.67
9.33
5.0
-1.33
4.67
-1.67
-3.33
0.33
4.33
3.33
5.0
0.0
3.0
4.33
