0.0
-9.33
0.0
56.33
-12.0
-18.33
-49.67
-45.67
-110.67
-34.67
-59.33
-87.33
-13.0
-86.33
-63.0
-72.67
18.67
-37.0
-18.67
-10.33
-20.33
-34.0
14.0
-6.33
-11.33
-7.0
-6.67
-8.0
-6.67
2.33
4.67
-5.33
5.33
-3.67
3.33
-1.67
-3.0
-2.0
-1.0
-1.0
-2.0
0.67
-0.33
-0.67
-0.33
-0.33
-0.33
-0.33
2.33
1.0
0.0
0.0
0.67
0.0
-0.67
-0.33
-0.67
1.0
-0.33
1.67
0.0
-1.33
0.33
-0.67
-0.33
-0.33
-0.33
-0.67
0.67
-0.33
-0.33
0.0
0.0
-0.33
0.0
0.0
-0.33
0.0
0.0
-0.33
-0.33
-0.67
1.0
0.67
0.33
1.33
0.33
-0.33
1.0
-1.33
-0.67
0.0
-0.33
2.67
-0.33
1.33
-1.33
2.0
0.0
-0.33
-0.33
4.33
-1.33
-1.0
0.33
3.67
2.0
0.33
2.33
-0.67
-2.0
0.33
1.0
-1.0
-1.33
1.0
-3.33
-0.33
5.33
5.67
0.33
-0.33
-3.33
5.33
5.33
2.67
-2.67
-1.0
0.33
3.0
6.33
-1.67
-2.0
6.0
3.0
-3.33
2.33
-2.33
-8.0
5.0
-2.67
-7.0
-1.33
7.0
1.33
-4.0
-1.0
1.0
1.67
4.33
9.33
-0.33
-3.67
5.33
3.67
6.33
9.33
2.0
0.33
3.67
-2.0
0.67
2.67
0.33
4.0
4.0
-4.0
6.0
11.67
3.67
-2.0
-5.67
9.0
8.33
2.33
0.67
3.0
1.33
11.67
4.33
-4.33
1.33
4.67
2.0
5.67
0.0
1.33
4.33
2.33
2.33
-3.67
3.0
3.0
0.33
1.0
3.67
3.33
8.33
8.33
5.33
-0.33
2.33
10.33
-0.33
8.67
2.33
2.67
-3.33
-4.33
3.33
1.67
4.33
11.33
-0.67
-1.67
4.0
6.33
0.0
-0.33
-8.67
4.33
-1.0
1.67
0.67
0.67
-1.33
-0.67
3.0
2.33
2.33
3.33
1.67
1.67
-4.0
-3.67
3.0
5.0
8.67
2.0
1.33
-0.33
3.67
4.67
4.33
7.67
6.33
0.67
4.33
8.33
-1.67
4.0
5.33
5.0
2.0
9.0
1.0
-0.33
2.67
3.33
3.33
2.33
8.67
7.67
2.67
3.33
3.33
3.67
7.0
4.33
2.67
5.0
-3.33
1.0
10.67
1.33
-1.33
3.33
2.67
-0.67
1.67
3.33
4.33
-4.33
9.33
1.67
0.67
1.0
5.33
0.33
1.0
6.0
-2.33
-4.0
4.67
-2.0
-0.33
4.33
-2.33
-1.33
1.0
1.33
9.0
10.0
2.33
5.0
0.33
8.0
4.33
-1.0
3.0
0.67
3.33
-0.67
6.0
3.33
-2.33
2.33
2.67
3.67
0.33
3.0
-4.67
1.33
0.33
8.33
-5.67
-0.33
5.0
2.0
-2.0
3.33
-3.0
-1.33
3.33
7.33
2.33
1.0
-6.0
-4.33
1.67
8.33
3.33
3.0
2.33
5.0
-3.67
-0.33
4.0
2.33
2.0
6.0
-2.67
-0.67
-1.0
2.67
5.0
-1.33
3.33
4.67
1.0
5.67
5.33
-4.0
8.67
3.33
3.0
4.0
6.0
7.67
-2.33
2.67
1.33
-1.33
3.0
2.67
2.33
-5.67
-1.33
3.33
-3.0
-2.0
2.67
1.67
6.33
-2.0
5.67
-2.0
6.67
3.0
0.67
4.67
-0.33
-3.33
-0.33
-0.33
3.67
2.33
-4.0
-2.67
2.67
2.33
-1.0
-4.0
2.0
3.67
1.0
-2.67
4.33
3.0
3.67
3.67
4.33
-1.67
4.0
-3.0
6.33
0.33
-3.0
3.0
-2.33
1.67
-2.33
2.33
-1.67
-4.33
4.0
1.33
-2.67
-2.33
3.67
1.67
-2.0
4.33
8.67
-2.33
2.67
3.67
6.0
-1.33
-2.67
-2.33
4.0
-1.33
-1.67
-2.0
7.33
-0.67
7.33
-0.33
-1.67
3.0
-3.67
-3.33
1.0
0.0
-2.67
-0.33
5.33
-0.67
-1.33
3.67
5.67
-2.67
-1.67
2.0
-3.33
-1.33
3.33
0.0
-3.33
2.33
2.67
-3.0
6.67
-3.0
-0.33
3.67
2.67
0.0
1.0
0.33
1.0
0.33
-6.0
2.0
-1.0
-4.0
3.33
-1.67
1.67
3.33
3.33
3.67
-1.67
1.33
6.67
2.0
-0.67
2.0
-1.0
6.33
3.33
3.33
-0.67
4.0
5.0
-4.0
7.0
0.0
3.0
8.0
2.67
2.67
1.67
4.0
3.33
2.0
3.0
4.67
1.67
-3.0
1.33
-1.67
3.67
0.33
1.0
-0.33
0.0
-1.0
2.67
-1.67
-1.67
0.33
4.67
0.0
1.33
-0.33
-1.33
-3.67
0.0
2.33
2.67
-2.67
-1.67
3.33
0.33
1.67
2.33
-1.33
0.0
-2.33
5.33
-1.33
0.67
-2.33
-1.67
-3.67
-1.0
0.67
0.33
1.33
-0.67
-1.0
4.0
0.0
-1.67
1.67
1.67
3.67
1.33
2.0
6.67
6.33
1.67
0.33
1.33
3.0
4.33
2.33
-0.67
6.67
1.0
1.33
-1.0
-2.33
0.33
3.33
0.67
-0.33
1.33
1.33
1.0
-2.33
-0.67
-3.33
5.0
2.0
5.67
1.67
-1.33
-1.67
5.33
2.67
0.0
0.33
1.67
-0.67
3.67
1.33
-2.33
0.67
-0.67
-3.33
-1.67
1.67
1.67
5.0
-3.33
-1.0
-1.67
1.33
-3.33
1.33
-3.67
-1.33
4.67
-0.67
-0.33
1.67
-1.0
4.0
5.33
-3.67
-2.67
-1.0
8.33
0.67
7.67
-2.67
-2.0
1.67
2.33
-3.0
-0.33
-4.0
0.67
-1.67
4.33
1.0
4.67
-1.0
1.33
0.0
0.67
-3.0
-3.33
2.33
1.33
-3.67
4.33
3.33
-2.0
5.33
-1.0
-2.33
1.67
1.67
-0.33
-1.0
-1.33
1.33
-0.67
0.33
5.0
2.0
-1.67
6.67
-4.0
-5.67
-0.67
2.0
5.67
5.0
1.0
4.33
3.0
-2.67
-4.0
-1.33
-0.67
-3.0
4.0
0.0
-2.33
2.33
1.67
4.0
1.33
-3.0
5.33
0.33
-2.0
6.67
3.0
3.0
3.33
-2.67
-0.33
-0.33
-0.33
-1.33
7.33
-1.0
0.67
4.0
3.0
2.33
5.0
3.0
-1.67
5.33
2.0
3.33
2.67
2.33
5.67
4.33
0.33
0.33
0.33
1.33
4.33
1.33
3.33
-6.67
-1.33
1.33
-2.0
3.0
2.0
0.67
3.0
-5.67
1.0
5.0
0.67
0.33
4.0
1.33
-1.0
-0.33
-1.0
-1.67
-2.0
3.67
0.67
0.67
2.0
-4.33
2.67
2.67
2.0
6.33
5.33
-2.33
3.33
6.0
0.0
4.0
8.0
-0.33
0.67
0.33
-0.33
0.0
7.33
-6.33
-0.33
3.0
7.33
2.33
-4.0
4.33
0.67
-4.0
4.0
0.33
1.67
0.67
-3.0
4.67
0.0
0.67
2.0
-0.33
2.33
2.33
-3.0
2.0
6.33
9.0
3.67
-2.67
9.0
6.67
-1.33
6.0
7.67
-0.33
7.33
4.0
4.33
14.33
0.0
2.0
6.33
2.0
9.67
1.33
2.33
2.67
0.67
2.33
5.33
10.33
3.33
9.0
1.33
8.0
7.0
6.0
7.0
8.33
3.33
1.33
5.0
-0.67
8.33
4.0
5.67
2.0
-1.33
-1.33
6.67
3.33
0.67
1.0
0.33
15.0
6.33
9.0
7.0
7.0
9.0
6.33
6.67
5.33
16.33
4.33
17.33
4.67
-2.33
0.0
1.0
6.0
5.0
-3.0
6.67
0.33
5.0
0.0
-2.0
-1.33
7.0
8.67
4.33
1.33
9.33
1.0
3.0
16.67
-2.33
1.33
-0.33
2.0
16.67
3.33
9.0
6.67
4.0
10.0
5.33
9.67
9.0
17.67
16.0
4.33
1.0
10.0
13.33
16.33
11.0
-1.0
5.67
3.67
5.33
19.67
11.67
6.0
12.67
8.33
5.0
-1.33
5.67
7.67
2.33
12.33
4.0
8.0
4.33
4.0
13.0
11.0
17.0
11.0
21.67
18.33
13.33
24.33
16.0
21.0
10.0
15.33
37.67
25.67
33.0
23.33
23.33
25.67
31.33
28.67
43.33
51.0
49.0
45.0
55.33
71.33
65.67
72.0
61.33
69.0
78.67
74.0
87.0
56.67
44.0
49.33
33.67
32.33
32.33
20.67
22.0
16.67
20.67
13.33
13.0
9.0
13.0
5.33
19.0
26.67
18.33
17.33
14.33
25.0
23.0
33.0
17.67
37.33
36.0
43.67
38.33
37.0
31.33
45.67
33.33
26.33
36.0
43.0
45.67
33.67
46.67
41.67
33.0
36.33
41.67
40.33
36.67
52.0
33.33
42.67
23.67
29.33
16.67
24.67
21.33
17.33
18.67
13.0
22.0
7.67
17.33
23.67
25.67
2.33
11.33
19.67
5.33
26.0
8.33
9.33
22.0
16.67
15.67
11.0
23.0
19.67
19.0
19.33
23.67
23.0
21.67
12.33
13.67
24.67
33.0
31.33
23.0
30.0
17.33
14.67
28.0
29.33
15.67
18.67
16.0
18.0
22.0
16.0
23.67
18.33
18.33
19.67
18.33
33.33
20.67
30.67
18.67
20.33
23.67
21.0
42.33
24.33
33.67
28.0
30.33
36.67
28.33
49.0
39.67
18.0
29.0
27.33
14.67
32.67
20.33
16.0
22.67
32.67
29.67
23.0
10.67
35.67
34.67
27.67
32.0
21.67
25.33
32.33
19.0
28.0
43.67
42.0
35.0
35.33
36.33
30.33
28.0
17.67
27.67
28.33
29.0
25.0
36.0
28.67
20.0
23.33
33.67
20.33
15.33
23.33
13.0
18.67
33.67
22.67
24.33
18.67
24.67
27.0
35.67
25.33
35.0
15.33
24.0
17.33
21.67
21.0
28.67
24.0
27.33
15.67
31.33
25.33
26.0
27.0
25.0
45.0
34.33
26.0
32.33
32.33
32.0
43.0
51.33
12.67
24.33
46.33
36.67
45.0
44.0
53.33
29.33
35.0
39.0
32.33
40.0
25.67
35.33
21.0
30.33
26.33
19.0
33.67
22.67
16.0
18.33
9.67
27.0
11.33
11.33
22.0
23.0
34.33
23.67
27.33
29.0
42.0
46.0
45.33
61.67
81.0
82.67
98.33
109.0
114.0
120.67
135.0
129.67
165.33
148.33
149.67
143.0
139.67
133.67
147.33
145.67
112.33
116.33
122.67
113.33
118.33
124.33
102.67
103.33
103.67
85.33
75.0
85.0
62.67
71.0
65.0
44.0
55.0
54.0
48.67
43.67
34.0
29.0
32.33
20.33
32.0
37.67
31.33
21.33
14.33
27.33
22.67
28.67
13.67
19.0
31.0
23.67
37.0
49.0
27.33
45.0
32.67
46.33
57.33
45.33
64.0
49.33
52.67
66.67
65.67
61.33
52.0
63.67
72.0
40.0
55.33
46.0
46.0
33.0
26.0
40.33
46.67
42.33
48.0
35.33
34.67
41.0
43.0
33.33
43.0
29.33
18.33
26.33
18.33
21.33
25.33
19.0
17.0
19.0
14.0
19.67
21.33
9.33
7.67
9.67
9.33
2.0
11.33
20.67
9.33
8.67
21.33
10.67
15.33
16.67
6.0
8.33
12.67
23.67
3.0
7.67
14.0
13.33
9.0
9.0
20.0
11.33
15.67
12.0
16.0
11.33
9.33
12.0
21.33
20.33
7.67
17.67
28.67
25.0
3.33
12.33
23.0
30.33
28.67
23.67
28.67
30.0
39.67
55.0
38.67
51.67
35.0
40.67
43.33
59.33
47.0
56.0
57.33
29.33
33.33
21.0
28.33
27.0
33.33
29.0
34.67
31.33
28.33
14.0
43.0
16.67
19.67
29.0
25.67
30.67
15.67
27.67
19.0
23.67
16.67
26.33
17.0
28.67
17.33
19.0
17.33
22.67
35.0
16.67
12.33
18.33
16.67
21.67
22.67
23.33
23.33
16.33
27.33
17.33
25.67
13.0
8.0
13.33
14.0
13.33
4.0
14.0
16.0
16.0
12.0
12.33
5.0
2.33
21.33
6.33
-0.67
8.33
16.67
22.0
9.0
15.67
23.67
19.67
10.67
9.0
6.33
14.0
12.0
15.0
-2.0
12.0
7.0
9.33
13.0
9.67
8.0
19.33
12.0
20.0
7.67
8.67
10.33
15.67
16.67
20.0
6.67
2.33
21.67
22.33
11.0
21.33
11.33
13.0
15.33
18.33
19.33
12.67
16.67
9.67
15.33
6.67
5.67
18.67
7.33
19.33
3.67
12.33
-0.67
6.33
8.0
4.67
21.67
14.33
15.67
16.33
7.67
0.33
-3.33
16.0
24.0
8.33
14.0
0.0
-7.0
8.0
6.0
8.33
14.33
10.67
-3.33
4.0
9.67
10.0
13.33
-5.0
8.33
13.33
10.0
12.0
-3.33
17.0
5.0
13.0
6.33
-6.0
3.33
9.33
27.67
19.0
9.67
11.0
1.67
3.0
4.0
2.0
14.67
8.0
4.0
4.33
9.0
-0.33
9.33
8.0
8.0
2.0
4.67
8.0
-1.33
19.33
-3.0
-3.33
9.33
14.33
8.0
21.67
16.0
12.67
6.0
-1.33
1.67
5.33
-3.0
7.0
-3.33
11.0
3.33
10.67
12.33
10.0
8.67
2.0
28.0
11.0
12.33
-0.33
-11.67
5.67
9.0
6.0
1.33
4.0
7.67
17.67
12.67
13.33
-4.0
7.0
-0.67
14.33
10.33
10.33
7.0
0.67
-1.33
9.67
4.67
9.67
13.0
3.67
16.67
13.67
22.33
-1.0
11.33
13.0
5.33
18.0
19.33
5.33
17.67
11.67
15.67
6.0
15.0
2.0
1.67
10.67
19.33
10.33
13.33
12.67
4.67
10.33
5.0
18.33
9.67
3.33
14.33
14.33
6.33
30.0
11.33
2.67
9.67
11.0
-4.33
11.0
-0.67
6.0
11.67
6.67
13.33
14.0
18.67
6.0
10.67
3.0
15.67
17.67
8.0
7.33
6.67
5.0
6.0
-1.33
-3.67
-3.33
0.0
13.67
31.0
14.0
13.0
8.33
5.67
-0.67
10.67
18.0
9.67
7.0
9.33
-2.67
1.67
11.0
18.33
18.67
8.33
9.33
10.67
9.33
13.33
4.33
18.33
9.0
0.0
3.33
2.67
1.67
6.67
6.33
15.67
2.33
-2.33
-5.67
-8.33
-0.33
2.33
1.33
3.33
4.33
7.0
-5.0
3.67
7.0
-2.67
7.67
10.67
12.0
1.33
-7.67
1.67
4.33
-5.67
18.33
20.0
17.67
-3.33
3.67
4.67
6.67
6.0
14.67
2.33
-10.0
1.67
7.67
-0.33
2.67
3.67
7.67
3.33
3.0
-2.33
4.67
5.33
7.0
3.67
12.33
11.67
-2.0
15.0
2.0
-5.33
0.67
4.33
11.67
4.0
5.33
5.0
-0.67
14.33
14.67
0.0
0.33
-3.0
8.67
7.0
4.67
12.67
2.33
0.67
4.33
4.0
1.33
-2.33
1.33
9.0
1.67
3.67
-5.33
-2.33
-1.67
5.0
-1.0
8.0
6.33
10.33
1.0
2.0
-0.67
9.0
1.67
-0.33
4.0
15.0
2.67
3.33
10.67
-2.0
4.0
5.33
11.0
7.33
3.33
15.33
5.33
6.67
-0.67
-5.0
15.67
-3.33
12.0
7.33
9.33
5.0
0.0
16.67
9.0
16.33
-0.67
-0.33
8.33
16.0
-0.67
-1.33
-7.33
2.0
1.0
-2.67
0.33
-1.33
6.67
-3.0
1.33
4.67
6.67
8.0
5.33
0.33
0.33
4.33
4.33
1.0
2.33
7.67
-3.67
11.67
4.67
4.67
6.33
-4.0
-3.67
6.33
8.0
-2.0
8.67
5.0
7.33
-2.0
6.33
8.0
0.0
-1.67
0.67
-2.67
1.0
5.33
0.67
6.0
-3.67
-3.0
2.67
13.33
4.33
6.67
7.33
4.0
5.67
-4.33
4.67
0.0
-2.33
-1.67
2.33
6.33
4.0
13.67
-2.33
0.67
0.33
0.33
9.67
-2.67
2.0
7.0
5.33
2.33
2.33
0.67
3.0
9.0
5.67
15.67
1.67
5.0
-0.67
-0.33
2.67
-0.33
-2.0
1.0
2.67
5.33
-2.0
-6.33
13.0
5.0
5.0
8.33
3.67
-1.0
3.33
6.67
-4.33
-0.33
1.67
4.33
4.0
-1.67
-1.33
6.33
6.67
-5.67
6.33
-2.0
-1.33
-0.33
5.33
2.67
3.0
9.0
-3.0
-2.0
4.33
1.33
10.67
6.0
-3.67
0.67
9.0
-6.67
3.67
5.33
10.67
-4.0
1.33
7.0
1.0
12.67
3.0
-3.33
6.0
4.0
-2.33
-1.0
5.33
5.67
8.67
0.67
7.33
0.67
-2.67
-4.33
-4.67
6.0
-6.33
4.67
2.0
3.67
-2.33
1.67
1.0
5.0
0.0
2.67
-2.33
-0.67
-0.33
6.33
4.33
5.33
3.33
-3.33
5.67
3.67
-6.67
4.67
-3.0
-3.33
1.33
0.0
-1.33
7.33
-3.67
0.67
3.0
1.67
4.33
1.0
5.33
-7.33
3.67
-0.33
8.0
-0.33
2.33
-2.67
-0.67
4.33
-1.33
7.0
4.67
-1.0
6.33
2.67
10.33
5.67
3.33
2.0
-0.33
6.33
2.67
4.67
6.67
4.33
1.67
2.67
6.67
8.0
5.33
-0.33
0.33
12.33
3.67
6.33
-6.0
-3.0
6.33
5.33
4.0
10.33
-0.33
-1.0
5.0
10.33
3.67
4.33
2.33
-3.0
-3.0
3.0
1.67
1.33
1.33
9.67
0.67
4.0
-2.0
-5.67
-3.0
6.67
-5.33
6.33
4.33
13.33
-3.67
0.67
1.0
-0.33
-2.67
3.67
-2.33
-3.33
2.0
-2.0
-10.33
3.67
-0.67
2.0
0.0
5.33
0.0
3.0
-1.0
1.67
-1.33
-0.33
1.0
0.33
1.67
0.67
2.0
0.0
1.0
