0.0
7.67
98.0
-14.67
-20.0
-34.33
-86.67
4.33
-51.67
-32.67
60.67
-22.33
-29.0
12.67
14.0
-21.67
55.67
-25.0
-4.67
-34.33
27.67
-14.0
22.0
-24.33
-24.33
-8.0
-13.67
-16.0
5.33
5.33
2.67
-3.33
-4.67
-0.67
5.33
-2.67
-2.0
-1.0
-1.0
-2.0
-2.0
1.67
-0.33
1.33
-0.33
0.67
0.67
-0.33
-0.67
0.0
1.0
2.0
0.67
0.0
-0.67
-0.33
0.33
0.0
-0.33
-0.33
1.0
-1.33
-0.67
0.33
-0.33
-0.33
0.67
-0.67
-0.33
1.67
-0.33
0.0
-1.0
-0.33
0.0
0.0
-0.33
1.0
0.0
0.67
1.67
0.33
0.0
-0.33
0.33
-0.67
0.33
-0.33
0.0
-0.33
-0.67
1.0
-0.33
-1.33
-0.33
-0.67
-0.33
-1.0
1.0
-0.33
0.67
2.33
-1.33
0.0
-0.67
1.67
-1.0
1.33
0.33
-2.67
0.0
-0.67
0.0
-1.0
0.67
1.0
-1.33
-1.33
4.33
-1.33
-0.67
-0.33
-1.33
-2.67
1.33
2.67
1.33
3.0
-1.67
2.0
0.33
2.33
4.0
2.0
3.0
6.67
8.33
5.67
-3.0
0.0
3.33
5.0
-1.33
1.0
0.33
-1.0
3.0
-2.0
4.67
1.33
4.33
8.67
0.33
-2.67
0.67
2.33
7.33
1.0
8.33
10.67
2.0
4.67
-5.33
-1.67
9.0
0.0
-3.0
5.0
10.67
3.67
-3.0
-2.67
1.0
-0.67
6.33
3.67
9.0
-1.67
2.67
1.33
-5.33
0.33
5.67
3.0
4.67
0.0
2.33
1.33
3.33
1.33
3.33
-2.0
5.0
-0.67
7.0
0.67
1.33
4.33
8.33
6.33
-1.33
6.33
-0.67
0.67
10.67
9.33
-1.33
3.67
0.67
15.33
6.67
8.33
2.33
-2.67
11.33
2.0
8.33
1.0
4.67
0.33
4.33
0.0
5.67
6.67
2.67
3.67
-2.67
2.0
5.33
4.33
0.33
3.67
-1.33
7.0
-0.67
1.0
2.0
6.67
3.0
-2.67
2.67
8.67
7.67
8.33
-1.33
10.33
2.67
1.33
3.33
6.33
6.0
8.33
3.0
-2.0
9.0
0.0
13.67
0.67
3.33
6.33
4.33
7.67
3.67
2.67
6.33
5.33
1.67
-3.0
-1.67
-1.33
7.0
-5.33
2.0
-1.33
5.33
-4.33
6.33
7.67
-3.67
1.67
1.33
3.33
4.67
0.33
-1.33
2.67
7.0
2.33
5.33
7.0
2.0
3.67
-1.0
5.67
-1.0
2.67
1.33
1.67
1.67
5.0
3.33
3.0
8.0
7.33
-2.0
-1.67
-2.0
-0.67
2.0
2.0
3.67
1.33
-4.67
-3.0
2.33
-0.33
1.33
2.67
-1.33
2.33
1.0
-2.67
3.33
-0.67
3.33
0.33
5.67
3.0
15.0
2.0
-2.67
2.0
-0.33
5.33
3.33
0.33
4.0
4.0
4.67
2.67
0.33
-0.67
2.0
3.33
10.0
2.33
-5.33
3.0
5.33
1.0
7.0
1.33
3.33
2.0
3.67
3.0
-1.33
3.33
-2.33
-3.0
3.67
-5.67
6.0
3.67
3.33
3.0
-1.0
1.0
-0.33
1.67
-7.33
-1.67
4.67
0.0
1.67
-3.67
-1.67
1.67
-0.67
6.0
-3.0
1.67
6.67
1.33
0.0
-1.33
5.0
-0.33
2.0
5.67
6.67
3.67
-3.33
5.67
6.67
-1.33
1.33
-2.0
-7.67
6.67
3.33
5.0
0.0
2.0
-1.33
-5.0
0.33
-2.67
2.0
-1.33
-1.33
3.33
8.33
5.0
0.0
2.33
-5.67
-5.0
2.0
-4.33
-0.33
-2.33
2.33
-1.67
-7.33
5.0
0.33
1.33
2.67
-2.33
4.67
5.0
2.33
0.67
-2.33
1.67
2.67
2.0
3.67
-0.67
3.67
3.0
-0.33
1.33
-1.0
0.33
2.33
2.33
-0.33
-3.67
0.0
-2.67
-0.33
0.0
1.0
3.33
-6.33
-1.67
-1.67
4.67
-0.33
4.67
0.33
2.33
4.0
-0.33
3.67
1.33
2.0
5.67
5.33
4.67
2.0
1.67
-1.0
0.67
8.67
4.67
2.0
-1.0
-1.67
-1.0
-0.67
1.0
-3.0
0.0
-6.0
8.33
1.33
-0.33
4.33
-0.67
3.67
-0.67
-2.67
-2.33
0.0
0.33
3.0
5.0
-0.67
0.33
0.33
-1.67
6.0
-1.0
1.0
1.0
0.0
9.0
3.0
-0.33
-0.33
2.67
-1.0
-1.67
-2.0
-1.0
6.67
0.67
-2.0
-1.67
-0.67
4.67
1.33
1.0
-2.33
4.0
-1.0
0.67
3.33
-0.67
-0.67
0.67
4.0
1.33
-0.33
3.67
-0.67
3.0
0.33
2.67
-5.67
3.33
-2.67
2.33
0.67
-1.67
-0.33
5.0
-2.33
-1.67
-1.33
0.67
1.67
0.33
-3.67
2.0
0.67
2.33
1.33
1.33
4.0
3.0
1.0
-2.67
1.67
-2.33
1.67
1.33
-2.0
3.67
0.33
4.67
4.33
-0.67
5.0
5.33
-1.67
2.33
2.67
2.0
0.33
0.0
-2.33
-0.67
4.33
-1.33
-0.33
1.33
1.33
-4.0
1.67
1.33
2.67
1.0
2.0
10.67
3.67
4.67
4.33
5.33
0.67
1.0
1.33
0.67
-0.67
1.67
-1.67
-0.33
0.67
2.33
-1.33
-2.67
0.67
-1.33
-6.0
-0.33
-1.0
0.33
-1.67
-1.33
4.33
3.33
0.67
-0.33
3.33
3.67
2.67
-2.0
0.0
3.33
-0.67
-1.67
-2.0
4.33
0.67
3.67
0.33
-1.0
1.67
7.33
-4.0
3.67
-2.0
1.67
0.33
3.33
2.0
2.67
0.0
0.33
-1.0
-0.33
-2.0
-1.33
0.33
3.33
-0.67
1.33
4.33
3.0
-0.67
-2.0
-1.33
2.67
-1.33
4.67
0.0
-1.33
1.33
2.33
-0.67
6.0
3.0
3.33
3.67
0.0
0.33
6.33
-3.0
4.67
4.0
3.0
3.33
4.0
4.33
0.0
-1.33
1.33
5.0
-1.0
3.0
2.67
-1.67
1.67
-2.0
0.33
-2.0
0.33
3.33
0.0
2.67
5.0
4.0
2.33
-1.67
-3.33
2.67
5.67
0.67
1.33
-1.0
4.67
3.0
0.0
0.33
2.0
2.0
8.33
2.33
4.0
3.33
6.67
6.33
5.67
6.33
-3.67
2.33
0.33
1.33
-1.67
-4.67
7.33
-3.67
0.67
5.33
7.0
5.0
-1.0
-0.33
2.0
-4.67
-1.0
-1.0
6.67
3.33
-4.0
-1.67
1.0
7.67
5.0
0.33
-2.0
1.67
1.67
3.67
1.0
1.67
7.67
3.67
-5.0
7.33
-1.67
2.67
6.33
-1.0
3.0
2.0
3.0
-2.33
-1.33
2.33
3.67
1.0
5.33
1.67
2.67
-2.0
0.33
4.33
-4.0
3.33
-1.33
2.0
1.0
-0.67
6.67
4.67
-1.0
1.67
-3.0
0.67
-1.0
-3.33
9.33
3.33
4.0
0.0
3.33
1.0
4.67
-0.67
8.0
-0.33
2.67
2.0
11.67
9.67
7.33
9.0
5.33
1.33
9.0
2.0
-2.67
0.0
3.67
-5.67
12.33
5.67
2.67
2.33
10.33
9.33
-1.67
4.0
9.33
3.0
1.0
2.0
8.0
8.33
9.33
-1.67
7.0
6.33
6.33
1.0
2.67
4.0
0.67
-1.33
6.67
4.33
8.67
6.0
6.33
6.0
3.33
10.0
1.0
5.0
5.0
10.33
6.67
8.33
11.33
10.33
5.33
12.67
12.67
-5.0
8.0
2.0
4.0
0.0
6.67
1.33
3.0
8.0
10.0
14.67
3.0
3.67
3.33
10.33
7.33
2.0
13.0
4.67
2.67
22.33
-2.33
2.0
11.67
10.33
18.0
-2.33
4.0
10.0
1.33
12.67
7.0
12.67
7.0
6.33
7.0
3.0
18.33
15.33
8.0
6.0
3.67
4.67
20.33
11.67
10.67
2.0
12.67
17.33
8.0
3.67
4.67
7.67
1.33
15.33
13.0
7.0
3.33
5.0
7.0
11.0
3.0
17.0
21.67
28.33
17.33
25.33
47.0
52.0
70.0
64.33
60.67
68.67
93.0
96.33
100.33
107.67
81.33
119.67
109.33
106.0
87.0
96.0
88.33
59.33
73.67
81.0
40.33
54.0
55.67
40.0
27.0
28.67
20.0
24.33
18.67
15.33
17.33
7.67
10.0
10.67
9.67
13.33
4.0
17.0
13.0
10.33
18.0
21.67
26.33
15.33
13.33
21.0
9.0
19.0
29.67
22.33
21.0
37.67
33.33
33.0
41.33
39.67
37.33
46.33
31.0
40.0
28.67
42.67
38.67
39.67
41.0
41.33
41.67
53.33
37.67
46.0
44.33
47.67
52.67
57.33
55.67
51.67
44.33
57.33
47.67
36.0
34.0
26.67
18.33
21.67
17.67
11.33
18.33
20.67
20.33
22.0
20.33
14.33
20.0
22.67
15.67
25.0
15.0
29.67
20.0
21.33
19.67
28.0
24.67
11.33
20.67
11.67
24.0
16.33
8.0
12.0
11.33
17.67
22.0
9.33
20.67
19.67
20.0
18.0
25.0
22.0
12.67
19.33
16.33
23.67
17.33
28.33
31.67
17.67
31.67
19.33
29.67
15.0
12.33
46.33
21.67
24.0
24.33
30.67
36.33
39.0
26.67
26.0
27.0
25.33
25.67
29.67
27.33
23.0
26.67
25.67
32.67
39.0
36.67
41.67
31.67
45.67
44.0
47.67
38.33
34.33
33.0
38.0
42.67
30.0
46.0
43.33
30.33
21.33
18.0
22.67
29.67
26.33
30.0
22.0
28.0
30.67
26.0
17.33
21.67
31.33
26.33
11.33
25.0
41.67
19.67
13.67
25.33
19.67
14.67
21.0
23.67
25.33
12.0
24.33
45.0
15.33
32.67
27.0
23.67
29.0
33.33
24.67
27.33
18.33
40.0
23.0
44.0
17.0
38.33
39.0
41.33
62.33
49.0
56.0
51.33
54.67
42.33
48.33
32.67
55.0
41.0
45.33
53.33
43.0
33.0
45.33
47.0
49.67
39.33
44.0
54.33
46.33
36.0
34.67
22.67
18.0
21.33
14.67
23.0
21.33
20.33
15.0
7.0
26.33
12.67
22.33
21.0
21.0
20.0
17.33
44.67
46.0
59.67
61.33
60.0
101.0
76.67
95.0
95.67
109.33
129.33
112.67
145.0
169.67
164.67
166.33
204.67
194.33
207.33
231.67
238.33
234.33
291.33
237.67
266.33
243.67
239.33
194.0
166.0
154.67
133.0
130.0
103.0
91.0
96.0
67.67
58.67
53.0
42.0
36.33
39.33
23.0
43.67
34.33
23.33
22.33
36.33
28.67
31.67
26.67
29.0
31.0
54.67
34.0
44.0
42.33
56.0
53.67
57.33
57.33
55.33
59.0
72.33
73.67
86.67
100.67
106.33
105.0
111.67
109.0
122.0
134.33
150.0
150.0
160.0
150.0
136.33
132.67
119.33
92.0
128.33
111.67
97.0
90.0
76.33
70.0
56.33
49.33
55.33
36.33
31.33
50.33
24.0
32.0
28.0
26.0
21.67
25.33
14.33
25.67
14.67
13.33
15.0
14.33
19.67
10.33
9.67
18.33
3.67
7.33
17.67
6.0
9.33
13.67
7.67
7.0
15.67
15.0
18.33
9.0
4.0
17.0
11.33
2.67
14.0
8.0
10.33
7.33
5.0
17.33
19.33
16.67
22.67
16.67
26.0
20.33
26.33
29.0
39.33
18.67
42.67
39.67
52.0
49.67
46.0
53.67
36.67
57.0
74.67
72.33
53.33
66.0
82.0
58.33
45.33
56.33
53.0
49.33
48.0
46.33
53.0
37.67
44.33
44.33
32.0
21.0
18.67
36.67
27.0
38.67
28.67
25.67
33.67
21.0
23.67
20.67
31.33
29.0
34.67
26.33
27.0
13.33
16.67
23.0
31.67
25.33
35.33
12.67
16.67
24.67
22.33
26.33
22.33
17.33
14.33
19.67
24.0
20.0
14.33
22.0
15.33
10.0
16.0
18.0
13.0
14.0
-2.67
2.0
12.33
1.33
15.33
2.33
1.33
17.67
5.0
14.0
11.67
2.67
12.67
6.67
8.0
7.33
17.0
7.0
0.0
18.0
13.0
0.0
7.33
8.0
10.67
9.0
16.33
16.0
14.0
19.67
14.67
15.33
19.67
5.67
27.0
-0.33
11.33
19.67
13.33
-2.0
8.33
19.33
17.0
18.33
17.33
4.33
-4.33
8.67
7.67
6.33
6.67
7.67
7.67
18.33
6.33
5.67
14.33
12.33
13.33
7.0
10.67
16.67
16.33
20.67
11.33
14.67
2.33
14.67
7.0
10.0
9.33
30.0
8.0
4.0
11.0
4.0
8.33
16.33
9.67
-2.33
1.0
0.67
11.0
4.33
6.0
9.33
0.33
7.0
3.0
-2.33
7.0
-7.0
13.0
4.33
4.0
-0.67
3.33
2.67
3.0
8.67
8.0
7.67
-2.0
7.0
-2.0
7.67
23.0
13.0
3.33
13.0
14.67
7.33
4.0
13.0
8.0
4.67
4.0
3.67
-6.67
5.0
6.67
2.33
6.33
10.0
16.67
24.0
2.67
15.0
-2.33
-2.33
5.33
3.0
10.0
14.67
-5.0
11.33
2.67
13.33
-1.0
5.67
5.0
6.0
8.0
8.33
-0.33
0.33
9.67
11.0
6.0
4.33
11.0
8.67
5.67
9.67
0.33
1.0
3.0
-2.67
6.33
4.33
14.33
5.0
-3.33
3.67
5.67
9.67
13.67
4.0
8.67
8.67
21.67
11.33
-3.0
15.33
10.0
15.33
10.0
-4.67
4.33
7.67
4.67
14.67
14.0
19.0
7.0
2.67
6.67
12.33
14.33
19.33
7.67
10.67
7.33
23.0
14.33
19.67
4.33
7.33
25.33
18.33
1.0
10.33
5.67
7.67
14.0
18.67
14.0
14.33
26.0
14.67
18.67
2.33
3.0
11.67
3.0
1.67
8.0
9.67
0.67
-2.0
7.33
3.67
1.0
10.0
3.67
4.33
-3.33
1.0
2.67
7.0
24.0
9.0
13.33
7.67
4.33
-3.33
8.0
10.67
15.0
9.33
11.33
15.67
14.0
0.33
9.67
7.33
7.33
-1.33
7.33
11.33
6.33
-0.67
11.0
2.0
8.33
-1.33
0.67
11.67
-6.67
2.67
9.33
-4.33
19.33
3.67
6.67
10.33
5.33
13.33
1.33
10.0
3.0
4.67
7.0
-6.67
1.67
8.67
17.0
2.33
5.33
9.67
4.33
0.33
8.33
7.0
4.67
-3.33
6.67
9.67
10.67
-6.0
6.67
2.33
0.0
4.67
9.67
5.67
-3.33
3.67
6.67
-0.67
1.0
-5.33
9.67
5.33
1.0
4.67
16.33
10.67
5.0
7.0
7.0
1.67
-7.33
-2.67
6.67
7.0
-1.67
3.0
4.33
-0.67
8.67
5.0
4.33
-5.0
9.67
-2.0
-1.33
13.67
-6.67
-4.33
-6.67
-5.0
-2.67
-10.33
11.33
13.0
1.67
5.67
6.67
-2.33
5.33
4.0
-6.0
-4.0
-4.67
0.33
-5.0
2.0
7.33
-7.0
0.67
-1.33
3.0
-3.0
15.67
4.33
10.67
4.0
4.0
2.33
9.0
7.33
17.33
-0.67
7.33
5.67
3.33
-3.0
11.67
5.67
5.0
6.33
0.33
6.0
2.0
1.67
-1.0
0.33
5.33
-0.33
9.33
11.0
1.33
0.67
4.67
-7.0
9.0
0.33
2.33
-8.33
1.67
6.0
0.33
6.67
-2.33
-5.0
3.33
1.33
1.33
8.33
-6.67
5.0
3.33
7.67
-4.67
3.67
9.67
9.67
1.33
-4.0
-5.67
1.33
5.0
8.0
4.67
3.0
-0.67
1.0
7.33
3.0
2.0
1.33
-0.33
-2.67
8.0
6.33
3.67
-5.0
-4.67
-7.0
3.67
-0.67
4.33
2.67
0.33
-1.0
2.67
0.67
3.67
6.0
10.67
-4.67
0.33
1.33
9.0
-1.33
-6.33
3.67
4.33
6.33
13.67
-0.67
1.0
1.0
5.33
8.33
3.33
2.67
6.0
-2.0
-2.33
5.67
1.67
6.0
-2.67
4.67
6.67
0.67
9.0
3.0
4.67
-1.67
4.0
-2.33
-6.0
3.0
5.0
7.33
-1.33
-2.0
4.33
8.67
-1.33
3.67
6.67
11.33
6.0
5.33
7.67
8.33
6.67
0.33
7.33
9.0
1.67
1.67
2.33
9.67
10.0
-5.0
6.0
8.0
5.33
10.33
18.67
8.0
3.33
-4.33
-1.0
3.33
0.67
4.33
4.67
3.0
11.33
1.0
4.0
1.67
2.0
-0.33
4.0
-1.0
-0.33
9.0
-0.67
-1.33
10.67
2.67
2.33
1.67
-0.67
0.67
1.33
13.0
6.67
1.67
-5.0
0.67
-2.33
-2.33
5.0
6.0
1.0
-1.33
3.67
-4.67
-2.33
6.33
2.33
-3.67
-0.67
-1.33
3.67
7.67
1.33
7.67
3.0
-2.33
-2.67
0.0
-1.33
8.33
-0.67
4.67
-1.0
1.67
5.33
-8.0
6.33
-6.33
1.67
0.67
-2.0
5.67
4.33
6.33
6.33
0.33
1.67
-3.0
6.67
2.0
0.33
-2.33
5.33
4.67
-1.67
-1.0
3.67
-2.67
-0.33
2.67
2.67
-3.67
-5.33
1.67
-1.33
3.0
1.33
-2.33
3.33
3.33
-1.33
3.33
4.0
-1.0
-0.67
1.33
-3.0
7.33
4.67
4.0
5.0
3.33
4.67
4.33
5.33
2.0
8.0
0.0
4.67
5.33
2.33
3.67
0.67
1.0
1.0
-0.67
6.0
2.67
3.67
6.33
1.33
4.33
-3.67
2.67
-5.0
-0.33
-1.67
-1.33
-4.33
-2.33
2.0
0.0
0.67
0.67
-1.67
2.0
-1.0
1.33
-1.0
0.0
4.0
3.67
-0.33
-1.33
-3.0
1.33
4.67
-6.33
3.0
-5.0
0.0
