0.0
-35.33
7.0
19.33
-8.0
16.67
12.33
9.33
-89.67
-75.67
-20.33
-61.33
-152.0
-42.33
-8.0
-63.67
-8.33
7.0
-44.67
-31.33
0.67
-11.0
9.0
0.67
-10.33
-17.0
-5.67
1.0
0.33
1.33
8.67
-7.33
-0.67
-0.67
0.33
0.33
2.0
-1.0
1.0
1.0
0.0
2.67
-0.33
-0.67
-0.33
1.67
-0.33
-0.33
-0.67
0.0
0.0
0.0
-0.33
1.0
-0.67
-0.33
-0.67
0.0
-0.33
-0.33
0.0
-1.33
0.33
0.33
-0.33
-0.33
1.67
-0.67
0.67
-0.33
-0.33
-1.0
-1.0
-0.33
1.0
0.0
-0.33
2.0
0.0
1.67
0.67
-0.67
0.0
-0.33
-0.67
-0.67
-0.67
-0.33
0.0
0.67
0.33
1.0
0.67
-1.33
-1.33
-0.67
-1.33
0.0
0.0
1.67
-0.33
-0.67
-1.33
2.0
-0.67
0.67
1.0
-0.67
0.33
-0.67
-1.0
-2.67
0.0
-2.0
-1.33
0.0
-2.33
-0.33
-1.67
-0.33
-2.67
-0.33
0.67
-2.67
7.33
0.67
1.33
-1.0
-0.67
3.0
4.33
-2.67
-2.0
-1.0
1.0
2.67
-1.67
0.67
-8.0
3.0
-0.67
0.0
13.67
0.0
-0.67
-3.0
8.0
-1.0
-2.33
0.33
-0.67
-1.33
-3.67
-6.67
0.67
-1.67
5.33
-1.0
0.33
1.67
0.0
-1.33
-5.33
3.33
0.0
8.0
-2.0
2.0
6.67
2.67
3.0
-4.67
4.0
-4.67
1.33
-2.33
5.0
-4.67
-1.33
-0.67
3.67
3.33
4.67
6.0
4.67
-1.0
2.33
1.33
4.33
0.33
2.33
1.0
5.0
1.33
5.0
2.67
-0.67
-1.67
2.33
-0.67
6.67
-0.67
6.33
2.67
3.67
4.33
-7.33
-0.33
-0.33
-2.67
0.67
0.33
4.33
-1.67
0.33
2.0
4.33
0.0
5.67
-2.67
-0.67
-4.0
0.67
8.67
9.67
-0.33
3.33
2.0
0.33
-5.67
1.33
1.67
-5.33
3.0
0.33
10.0
-2.0
2.67
-4.0
4.33
0.67
2.67
1.67
1.33
3.67
4.33
-1.33
-0.67
-0.67
8.33
13.0
5.33
3.0
9.0
6.0
-3.0
3.67
-0.33
2.33
6.33
2.33
-1.33
2.67
0.67
1.33
7.33
0.67
3.0
-0.67
4.67
8.0
-2.33
0.0
3.67
7.33
1.67
5.33
4.67
-3.67
0.67
4.33
1.33
1.67
7.33
1.67
-1.33
-2.0
2.33
1.33
5.0
6.0
-3.33
-6.0
-1.33
-3.0
5.67
3.33
0.67
-1.33
-4.0
4.33
8.0
1.0
6.33
-8.0
-2.67
-1.0
2.33
0.0
2.0
1.67
0.33
4.33
2.0
3.33
0.67
1.33
1.67
1.67
0.33
4.0
-0.67
1.33
1.33
4.33
2.33
-2.33
-2.0
5.0
3.0
-0.67
1.0
0.67
1.33
0.33
1.33
7.0
3.0
-3.33
1.67
1.33
2.33
2.0
3.33
4.0
-0.67
-1.33
1.0
-3.67
2.0
1.0
1.33
-4.67
-5.0
4.67
-1.0
-1.33
-2.67
-1.33
-2.0
3.67
-3.67
5.0
8.67
-1.67
0.0
2.0
-3.0
2.67
-1.33
2.67
0.33
-0.33
-2.0
-5.33
6.33
-5.67
-3.33
5.33
0.0
1.0
-1.33
0.67
0.33
0.0
-3.33
1.0
3.67
4.0
8.67
5.67
5.67
0.67
-1.33
1.67
2.67
0.33
-4.0
-1.67
-0.33
5.33
-1.0
-4.0
4.0
-1.33
-2.0
3.33
-0.67
2.0
2.67
2.67
1.33
-0.67
1.0
-2.0
-0.67
-5.67
1.0
-1.0
2.67
1.67
-0.33
-3.67
-1.67
-6.33
-4.0
-2.67
3.33
-3.33
-1.33
-1.33
-4.0
-0.67
-1.33
-5.33
-2.33
0.67
-2.0
-1.33
2.33
1.67
2.0
-1.33
2.33
-4.0
-2.67
4.33
-4.67
3.67
5.33
5.0
-0.67
-0.33
0.0
-1.0
1.33
-0.33
0.33
0.33
3.67
2.67
3.67
2.33
-4.67
4.0
0.67
0.67
-0.67
-1.0
-1.33
7.33
3.67
3.0
5.67
-3.0
5.67
0.67
3.67
-3.0
2.0
-1.67
0.0
5.33
-5.0
0.0
-2.0
-3.0
3.33
-0.67
0.67
3.33
1.33
2.67
2.33
-0.67
2.67
-2.0
-1.67
1.0
3.0
-2.67
-0.67
1.33
0.33
3.0
-3.0
-1.0
-1.0
5.0
0.0
3.0
-2.33
-3.33
-0.33
0.0
5.33
3.0
1.0
2.67
-0.33
-4.0
2.33
0.33
3.67
2.33
-5.0
3.67
2.0
-2.0
1.67
4.33
2.33
0.33
1.67
5.0
0.33
1.67
1.67
3.33
0.0
-0.67
-0.33
-3.67
1.33
1.33
0.33
1.67
-1.67
-0.33
1.0
-2.33
7.33
-1.33
4.67
-3.33
-4.67
-0.67
0.0
-1.33
3.33
-0.67
-4.67
-2.0
3.0
3.0
1.33
3.67
1.67
-0.33
2.33
3.0
-1.33
4.33
-0.33
5.33
3.33
1.0
2.33
0.33
0.33
9.67
0.0
-3.67
0.0
0.67
-0.67
-0.67
-3.33
-0.33
-1.67
1.33
2.0
-0.33
-1.67
-4.33
-1.0
-3.0
4.67
5.67
-3.33
-0.67
4.33
1.67
0.0
-0.67
1.67
-1.67
1.67
1.33
0.67
1.67
4.33
-1.33
-1.67
0.67
-3.33
-1.0
0.67
4.0
-1.67
3.33
1.67
-3.67
1.33
1.67
-0.33
5.33
0.67
-1.33
0.0
0.0
-0.67
-0.67
0.33
1.0
-0.67
-2.33
1.67
1.33
-1.0
1.67
1.33
-2.0
-0.33
6.0
-2.33
-4.67
1.33
1.0
2.67
3.0
0.33
0.0
-1.33
-2.0
4.67
0.33
1.33
1.33
-1.67
2.33
0.0
0.33
0.0
-2.33
-2.33
-1.33
4.67
1.0
-0.33
3.33
-0.67
-3.67
8.0
2.0
2.33
1.67
-4.0
-2.67
2.33
2.0
-0.33
6.0
7.0
1.33
-1.0
2.33
0.0
1.67
2.33
2.0
1.0
1.0
-2.33
-0.67
-2.33
1.0
-2.67
-2.0
-4.67
-0.67
-1.0
1.67
4.0
0.0
1.33
0.33
0.67
2.67
1.67
6.67
2.33
2.0
-1.33
0.0
5.0
-2.67
4.0
8.0
-1.67
-0.67
2.0
1.33
3.67
2.33
5.67
2.33
5.33
-2.67
-1.67
0.33
-4.67
-3.67
4.33
-7.67
4.67
2.33
0.0
-2.0
1.0
3.67
5.0
1.33
-3.0
0.0
0.67
3.33
3.0
0.33
-4.0
-5.33
-3.0
-0.67
-3.0
-0.33
-1.33
5.67
4.0
-0.33
-0.33
-3.33
-2.0
11.33
-3.67
-3.33
-0.67
-4.0
-3.0
-1.0
-3.0
-1.33
-4.33
-5.67
6.67
-3.0
2.33
-7.33
-3.33
3.0
0.33
1.33
2.0
2.33
-5.33
-1.0
5.0
0.33
-1.33
-3.33
-8.0
-1.33
-4.0
-1.33
1.0
1.67
3.33
-5.67
2.0
1.0
-1.67
2.0
-3.33
-7.67
0.0
1.67
-1.33
1.0
2.67
-1.33
0.33
4.0
4.33
3.33
-5.0
-1.0
3.33
0.0
3.67
-1.67
0.33
-5.33
0.67
1.33
-3.67
3.33
-0.67
4.0
5.33
-3.0
4.0
0.0
0.0
1.33
4.33
-1.67
4.0
0.33
2.33
9.0
-2.33
4.0
-7.33
-2.33
4.67
-0.67
0.67
1.0
2.33
0.0
-0.67
5.0
4.0
6.0
5.0
5.33
3.67
11.33
4.33
1.33
5.33
3.67
-0.33
-1.0
1.0
3.0
3.0
1.0
4.67
1.33
4.0
0.0
-2.0
-2.33
5.0
4.67
4.33
5.33
5.33
2.0
11.0
0.67
-3.33
9.33
-5.33
10.0
10.67
3.33
12.0
-1.33
1.0
6.0
5.33
4.67
6.0
8.67
2.0
1.33
11.0
8.0
7.33
6.33
12.0
5.0
3.67
1.67
5.33
2.67
6.67
3.0
8.67
3.33
0.0
-2.33
6.67
4.67
4.33
2.33
1.0
2.0
2.33
4.0
10.0
8.0
-1.0
9.0
11.67
6.33
13.33
17.33
21.0
11.0
17.0
27.33
36.67
38.67
69.0
60.33
46.33
77.67
55.33
63.67
51.33
52.0
71.0
68.0
39.33
41.33
30.67
15.0
15.33
13.0
9.67
12.0
12.0
-0.33
6.0
13.33
6.67
6.33
0.33
9.67
3.0
9.67
4.67
13.33
11.0
7.0
10.0
8.33
14.0
2.67
14.33
1.33
10.33
10.0
8.0
12.0
-1.33
8.33
9.0
22.67
10.33
7.0
12.33
18.67
22.33
14.33
19.0
22.0
28.67
21.67
13.67
19.67
25.0
23.33
19.67
22.33
39.67
33.0
25.33
25.67
30.67
23.33
16.67
23.67
24.33
18.33
18.67
15.0
8.0
1.67
10.33
7.67
5.67
10.33
-1.67
1.67
2.33
13.0
11.33
8.33
5.0
10.67
6.67
3.0
9.0
11.67
11.0
13.33
2.67
10.0
15.67
18.33
5.67
6.67
19.0
5.33
13.0
-1.0
21.33
9.67
15.0
14.33
4.67
16.67
25.0
14.0
9.0
16.0
9.67
12.33
9.33
9.67
10.33
17.33
8.67
16.67
17.67
14.33
7.67
10.0
8.33
20.33
22.67
8.0
9.33
9.67
19.33
19.0
17.67
15.0
21.0
4.33
10.67
20.67
21.33
10.0
24.67
31.67
25.67
19.0
23.67
42.67
38.67
33.67
52.0
25.67
33.33
28.33
47.0
26.0
39.67
20.0
21.0
16.33
5.33
31.33
24.0
14.67
21.67
22.33
24.0
16.0
8.0
9.67
6.0
3.33
6.67
14.33
8.33
10.33
8.0
3.67
2.67
10.67
3.33
5.67
6.67
12.0
6.67
5.33
13.0
6.33
8.0
3.33
13.67
7.0
1.67
4.0
-1.67
4.67
6.33
0.33
12.0
8.0
11.0
-2.0
9.33
21.0
6.33
14.33
17.0
19.0
18.33
9.67
6.33
2.33
19.67
26.0
10.0
12.33
16.33
16.0
26.0
39.33
23.0
31.67
28.33
23.0
33.33
37.33
25.0
21.67
14.67
29.0
22.33
15.67
14.0
21.33
4.33
24.0
15.0
13.33
5.67
9.33
9.0
-3.0
21.0
6.33
9.67
15.0
11.67
11.33
28.0
41.0
38.67
46.0
39.67
26.33
46.33
50.67
56.0
55.67
56.67
48.33
64.67
51.33
55.33
75.67
55.33
52.33
45.33
45.67
51.33
64.67
53.33
63.0
71.0
86.67
72.0
76.0
67.0
65.0
72.0
69.67
73.67
58.0
38.0
49.33
41.33
33.0
28.67
30.33
19.33
26.33
23.33
19.67
27.67
22.67
22.0
14.0
30.67
23.0
17.0
28.33
35.0
37.67
40.33
43.33
76.33
50.0
81.33
74.67
84.67
107.67
116.33
121.0
126.67
122.0
131.0
140.33
141.0
143.0
122.0
121.0
140.33
102.67
102.33
100.0
76.33
52.67
50.0
67.0
52.33
54.0
35.33
28.33
36.33
42.33
35.33
38.33
21.0
21.0
17.0
15.0
13.67
22.33
14.33
11.67
8.67
8.33
2.0
6.33
8.67
1.33
-1.33
10.33
4.67
2.33
3.67
-5.0
8.33
5.67
1.67
-2.0
-0.33
8.0
7.33
4.0
7.0
5.0
6.33
6.67
11.0
11.0
7.33
5.33
1.0
-1.67
10.33
8.67
17.67
7.67
8.0
12.33
12.33
-7.0
0.33
10.67
16.67
13.67
13.0
19.67
21.0
3.67
11.67
9.0
28.67
8.33
18.33
20.0
20.0
14.33
6.33
21.33
9.0
27.33
14.0
17.33
6.0
19.67
8.33
13.33
10.0
21.0
8.67
5.67
12.0
10.67
16.67
16.67
16.67
18.0
3.67
15.67
9.33
4.0
15.67
7.33
1.0
14.33
20.67
13.0
18.67
19.33
9.33
6.67
10.67
15.67
18.33
15.33
28.33
9.33
13.33
-0.33
3.0
16.0
3.33
4.0
1.33
7.0
4.0
11.0
17.0
2.0
7.33
7.0
0.33
6.33
3.33
4.33
10.33
5.67
11.0
27.0
3.67
9.67
16.67
-2.33
-6.0
-0.67
5.0
9.0
7.0
10.0
8.0
8.0
7.33
4.0
-1.33
5.0
1.33
-3.0
4.0
-1.33
18.67
11.33
20.67
4.67
9.0
7.67
-2.67
13.67
6.33
4.0
6.33
0.33
2.0
10.33
7.33
2.33
5.67
9.67
1.67
2.33
-3.33
3.67
-3.33
6.33
6.33
-6.33
8.33
-0.67
2.33
-4.0
1.67
5.67
8.33
13.67
0.33
6.67
-6.67
-0.33
18.0
-1.0
10.33
14.0
5.0
14.0
18.0
9.0
3.33
-3.67
7.67
0.67
3.0
5.67
0.0
1.33
-3.0
-4.67
18.33
12.0
1.0
8.67
10.0
-5.0
-4.0
13.33
7.0
-2.67
8.33
17.67
-5.0
1.67
5.0
-6.33
10.0
2.0
-3.0
9.67
0.0
-1.0
-7.67
-4.0
6.67
-5.67
9.0
9.0
6.0
10.67
-2.0
2.67
-3.67
10.0
-0.33
2.33
0.33
9.0
8.67
10.0
2.67
-4.0
-4.33
3.67
1.33
-3.0
6.0
-5.33
10.0
-1.67
7.67
11.33
8.0
-5.33
5.0
12.0
5.0
3.33
-7.33
-4.67
12.67
17.0
5.0
2.33
-3.0
10.67
5.67
10.67
1.33
-3.0
9.0
7.33
1.33
7.33
8.33
10.0
1.67
-9.33
11.67
10.67
5.67
0.0
-7.33
9.67
2.67
11.33
-6.0
4.33
14.0
-0.67
2.0
-6.67
-5.67
3.67
23.67
10.67
20.0
13.0
22.0
-4.33
2.67
6.33
3.33
1.33
14.67
21.67
17.33
2.0
27.33
8.67
8.33
25.33
12.33
7.33
0.0
-2.67
-5.33
8.67
3.0
5.67
21.0
4.33
-10.0
9.67
0.67
1.33
0.0
14.67
15.0
2.67
13.0
15.67
-6.33
-3.0
-3.67
13.67
3.0
10.0
-8.33
-5.67
5.67
5.0
4.67
6.0
16.0
9.0
2.33
12.67
-9.67
5.67
18.0
14.67
0.0
6.33
-3.67
0.67
-5.0
6.33
-4.33
-3.67
-0.67
1.67
9.33
1.33
8.33
-0.67
-4.0
-7.0
3.33
4.67
0.67
-3.33
-3.67
4.67
12.33
-0.33
5.33
1.67
-5.33
19.33
15.33
5.33
5.33
-1.0
1.0
-7.33
4.0
1.33
3.67
10.67
1.0
1.33
7.33
2.67
5.33
0.33
1.33
-3.0
4.67
-3.33
-1.33
4.67
1.67
-6.0
12.67
4.33
-5.0
2.67
-4.33
0.67
-4.33
0.67
-2.33
0.33
-5.0
3.67
8.67
-0.67
-5.0
1.67
1.33
1.67
-2.0
10.0
0.0
1.67
-5.33
2.33
-5.33
1.0
-5.67
-5.0
0.33
7.33
4.67
3.0
2.33
-8.0
-2.33
0.0
10.67
4.67
-6.67
3.67
-0.67
-2.0
-5.67
-4.33
5.33
-2.0
0.67
2.67
-1.33
0.67
1.33
-2.0
-3.0
9.0
-1.67
2.33
-3.0
-5.0
-5.67
-4.0
-5.33
-2.33
7.0
6.0
4.67
-4.67
8.67
-2.0
-1.0
6.33
7.0
13.33
13.33
9.33
7.33
2.67
-3.67
4.0
1.67
5.67
-1.0
10.33
-0.67
11.0
7.0
13.67
-3.0
3.33
-6.67
-1.33
5.33
11.0
1.33
-2.33
-3.33
-2.0
7.0
-7.67
6.33
-0.33
-2.33
3.0
-2.67
3.67
-5.33
-1.0
-8.67
2.33
-2.67
-0.67
5.33
3.0
12.33
5.67
2.33
1.67
-1.33
4.67
-2.67
-9.0
4.33
5.33
4.0
6.0
2.67
4.0
-5.67
0.0
5.33
8.0
11.0
-0.67
0.67
0.33
1.0
4.33
-2.33
5.0
-0.67
-9.0
7.67
11.33
-3.67
7.67
4.33
-4.0
1.67
-0.33
-0.33
0.0
2.67
-1.67
1.33
8.33
8.0
2.67
-0.33
3.67
6.33
6.33
8.67
1.33
3.0
-3.0
5.33
12.33
9.33
2.67
-6.0
-5.0
-0.33
7.67
7.67
13.0
-7.67
-3.33
-1.33
-1.33
2.0
-3.0
0.67
-2.67
-2.0
-4.33
2.0
1.0
-2.0
5.33
8.67
0.0
-2.67
-0.33
-2.33
4.67
-2.33
-1.67
3.0
6.33
1.67
1.33
3.67
-0.67
-3.67
6.0
5.67
2.67
-1.67
0.67
4.0
3.0
0.0
1.0
2.33
3.33
3.67
5.0
4.33
-0.33
-4.0
-0.67
2.67
1.33
-2.33
-1.0
0.33
-1.0
-1.0
1.67
3.0
-5.33
2.0
2.0
-2.33
0.0
2.33
-2.33
0.67
5.67
5.33
-4.33
1.33
-0.33
-2.67
6.0
6.67
-4.33
1.0
0.67
-0.33
3.67
1.0
-2.0
-2.0
-2.33
-1.33
-4.67
8.67
13.33
3.33
-1.67
2.33
2.67
6.67
-4.33
-8.67
4.67
-2.0
-0.33
-4.67
-8.0
7.67
2.33
-0.67
0.67
2.0
1.67
1.33
-5.0
-2.67
1.67
2.67
0.67
-4.0
3.67
4.33
-3.67
3.33
2.33
-3.33
-3.0
6.67
3.0
-1.67
-2.33
3.33
1.67
-1.67
0.0
1.67
-4.67
0.67
3.67
4.67
2.33
-1.33
-3.33
-3.33
1.0
-0.67
-0.33
-1.67
1.33
10.67
-0.67
-8.0
-7.0
-0.67
-0.67
1.0
11.33
-0.33
-4.0
2.0
5.33
-4.33
0.33
-0.67
6.0
1.0
4.0
3.67
-0.67
3.33
8.67
-1.33
-2.0
-3.0
-7.67
-1.0
6.67
-5.33
2.33
-3.67
2.33
2.33
0.67
-7.0
-2.33
-2.67
4.67
2.67
-4.33
-3.0
0.0
-6.33
5.67
-2.67
0.0
-5.0
7.33
-2.0
-3.0
-4.0
4.67
3.67
3.67
-1.0
-2.67
4.67
-3.33
-3.0
-6.0
-1.0
