0.0
-3.33
5.0
-65.67
62.0
-93.33
-38.67
4.33
-22.67
-123.67
-56.33
-75.33
-93.0
-32.33
-104.0
-88.67
-28.33
-14.0
-1.67
-39.33
33.67
-15.0
11.0
11.67
5.67
-1.0
-3.67
-2.0
-2.67
11.33
8.67
-3.33
2.33
-7.67
4.33
1.33
-1.0
-2.0
1.0
0.0
-2.0
-0.33
1.67
0.33
-0.33
0.67
-0.33
-0.33
-0.67
0.0
0.0
0.0
0.67
0.0
-0.67
-0.33
0.33
1.0
-0.33
-0.33
0.0
0.67
1.33
1.33
-0.33
0.67
1.67
0.33
-0.33
0.67
0.67
0.0
-1.0
-0.33
1.0
2.0
-0.33
0.0
0.0
0.67
0.67
0.33
1.0
-0.33
-0.67
0.33
1.33
0.67
3.0
-0.33
1.33
2.0
-0.33
-0.33
-1.33
0.33
-1.33
0.0
1.0
0.67
1.67
2.33
-1.33
-1.0
-0.67
0.67
1.0
0.33
1.33
-1.67
-2.0
-1.67
0.0
-1.0
0.67
3.0
-1.33
3.67
2.33
2.67
-0.67
-2.33
0.67
3.33
4.33
7.67
0.33
2.0
-3.67
0.0
-2.67
-3.67
0.0
1.0
3.0
0.67
3.33
-2.33
-1.0
2.0
4.33
2.0
2.67
8.0
2.33
6.0
-1.0
1.0
-5.33
-1.67
2.33
0.67
0.33
1.33
4.67
-0.67
7.33
4.0
-2.67
4.67
5.0
1.67
-3.33
2.33
6.0
1.0
-4.0
2.0
6.67
1.67
8.0
-5.67
6.0
-2.67
4.33
0.67
20.0
-3.67
2.67
0.33
5.67
-2.67
9.67
0.0
1.67
-1.0
-1.67
5.33
7.33
8.33
2.33
9.0
8.0
-1.67
3.0
-1.33
-1.67
3.33
8.33
7.33
4.67
3.33
5.33
1.67
2.67
-1.67
5.67
3.67
1.67
8.33
4.67
5.33
7.33
10.33
6.33
6.0
9.33
12.0
-0.33
0.33
8.33
-3.0
-0.33
3.67
7.67
4.67
3.33
6.0
-2.67
6.33
1.33
1.67
3.67
7.0
2.33
-1.0
0.0
9.67
1.0
7.33
-2.33
-5.33
-0.33
2.33
2.67
9.33
1.67
-2.67
12.33
1.33
9.0
5.33
4.0
0.0
10.0
4.0
3.67
5.67
4.33
3.33
0.33
4.67
4.67
5.67
1.33
3.33
4.67
-2.0
3.33
7.67
3.0
3.67
-2.0
2.67
5.33
2.67
2.33
-1.33
-0.67
-2.33
2.33
-3.67
-1.33
11.33
6.67
-1.33
5.0
9.33
8.33
2.0
3.0
0.67
-2.0
-0.33
8.0
2.67
7.33
3.67
4.67
1.0
8.33
3.0
6.0
3.33
-1.0
-6.67
0.0
2.33
5.0
1.0
2.67
7.33
0.33
-1.0
-0.67
-1.33
4.33
2.67
2.67
2.33
4.0
-1.67
0.33
0.33
5.33
4.33
3.67
-2.0
9.0
7.0
-2.67
2.0
-2.33
-1.67
9.33
4.33
1.0
-5.0
4.67
0.67
0.33
3.33
2.0
2.33
11.0
0.33
4.67
3.0
3.33
0.0
-1.0
4.33
2.33
2.0
2.67
2.0
2.67
5.33
0.67
10.0
2.67
1.33
5.0
7.67
3.33
-2.0
5.0
3.0
5.67
-3.33
5.67
-4.67
5.67
-3.0
-2.33
0.33
-1.67
0.67
14.33
6.0
4.0
3.67
-3.33
2.33
-2.0
2.67
1.0
-1.33
4.0
3.67
8.67
-1.33
1.67
13.67
3.67
8.67
5.33
1.0
0.33
5.67
1.33
0.0
-4.0
2.0
-2.33
6.0
6.33
5.33
8.0
-2.33
2.67
1.33
3.33
2.0
12.0
3.33
0.33
0.0
0.0
-1.33
-1.33
-0.33
-3.67
-0.67
-1.33
-3.0
6.33
-0.67
-4.33
2.67
3.67
-1.0
2.33
3.67
1.67
6.67
10.67
6.0
4.67
-2.67
-2.33
6.0
4.67
6.33
-3.0
5.33
5.33
1.33
-2.33
5.33
1.0
-1.67
5.67
3.0
-2.0
3.33
-5.33
4.33
0.33
6.67
11.67
4.67
8.33
-0.67
5.0
-0.33
-1.33
-2.67
1.0
-2.33
4.33
2.67
1.0
1.67
1.0
2.67
-0.33
0.67
4.0
0.0
2.33
1.0
1.33
-4.0
2.0
3.0
-5.0
7.33
2.33
-1.33
5.33
2.33
4.67
2.33
3.33
1.67
-2.0
0.33
2.0
2.0
6.33
0.33
3.33
-1.67
6.0
-2.0
-4.0
6.0
0.0
4.0
6.0
-3.33
-0.33
6.67
-1.0
-2.67
0.0
2.0
5.67
4.67
-3.0
-4.67
1.33
2.67
6.33
2.0
-1.33
7.0
1.0
5.67
1.33
-1.67
3.33
0.67
10.0
-0.67
3.67
0.67
-2.67
0.0
3.33
8.67
-1.67
-0.67
2.33
2.33
2.67
-0.67
-1.33
1.0
2.67
0.33
2.67
1.67
1.67
-3.67
-1.67
4.0
4.67
-2.67
6.33
-0.67
7.0
0.0
4.0
0.33
3.67
-3.33
7.67
6.33
2.0
-0.33
5.33
6.67
3.33
-1.67
1.0
6.33
-0.67
0.33
9.67
0.0
1.33
-1.0
2.67
-0.67
0.33
3.67
-4.33
-0.67
5.33
-2.0
-0.33
0.33
-0.33
4.0
3.0
5.67
3.67
-0.33
-0.67
8.33
-0.33
3.0
4.33
3.67
1.33
-2.33
6.33
5.67
2.67
4.33
-1.33
-0.67
-2.33
2.67
3.0
3.67
3.0
2.33
-0.67
-1.33
-3.67
3.33
1.67
4.67
0.33
2.67
1.67
0.0
0.0
1.33
-2.67
1.33
-4.0
0.33
-1.33
1.67
2.33
3.0
-6.33
1.33
-4.0
2.67
2.0
-4.33
1.33
2.33
0.0
1.67
0.0
5.33
3.0
0.67
-3.0
-2.33
-1.67
2.33
2.33
1.33
1.33
-2.0
-1.67
-3.0
-4.33
-2.33
0.67
1.67
4.0
0.67
6.33
1.33
-2.67
6.0
3.0
-0.67
1.67
2.0
-0.67
2.33
5.0
3.67
1.0
6.0
1.33
5.0
-0.67
2.0
-4.33
2.33
1.0
3.0
6.0
0.67
-0.67
-3.33
-1.0
-2.67
-3.0
-3.67
2.33
-3.0
2.67
4.0
-2.0
0.33
1.33
-2.33
0.67
4.67
-2.33
4.33
1.0
1.67
1.0
-2.0
4.33
0.0
2.0
-4.67
0.33
0.0
-1.67
5.67
2.33
3.67
1.33
-2.67
-2.67
1.33
1.33
6.33
0.33
-5.67
-5.67
-2.33
1.33
4.0
-1.0
0.0
-0.33
-2.0
-0.67
-1.0
2.0
2.67
0.33
-3.0
2.33
1.0
-7.33
3.0
1.33
0.0
1.67
1.67
0.67
3.0
-2.33
5.67
0.67
2.0
1.33
-0.67
1.67
1.33
1.0
-3.0
4.0
3.0
3.67
-3.33
0.33
4.67
-5.0
3.33
-0.33
-3.33
3.0
3.33
2.33
-8.0
-2.67
-3.33
-2.0
0.0
-2.67
5.67
1.67
3.0
1.67
1.0
-2.33
-4.0
-0.33
2.33
-0.67
5.0
0.0
-5.67
2.0
-5.33
0.33
0.0
1.67
2.67
-3.0
9.67
-10.33
5.33
0.0
1.33
6.33
3.0
0.0
6.33
0.0
1.67
3.33
-0.67
0.67
4.67
6.33
-1.67
7.33
-0.67
12.0
0.33
1.0
5.0
1.0
7.0
0.33
3.33
9.33
1.0
1.33
5.33
5.0
5.67
7.0
-2.33
-0.33
8.67
0.33
-2.33
5.0
0.33
4.0
5.33
6.0
5.0
2.0
0.0
3.33
5.67
-1.67
6.33
6.33
11.33
5.67
-1.33
-3.0
-9.0
2.0
1.0
-4.0
9.67
1.33
4.0
3.0
4.0
2.67
8.0
4.67
-0.67
0.33
6.33
-3.0
9.0
2.67
-0.33
0.33
4.67
6.0
9.67
4.33
7.0
6.67
5.0
1.0
0.33
0.67
7.0
7.67
3.0
0.33
-2.0
8.0
7.33
-1.67
5.0
5.0
7.67
1.67
2.33
9.67
8.67
1.0
5.67
2.33
2.0
12.67
-0.33
8.67
3.33
6.33
4.0
2.0
7.33
1.0
6.0
14.0
7.0
10.0
16.67
19.33
11.33
12.33
15.0
27.0
27.0
35.33
35.67
46.67
30.0
47.33
61.33
74.67
68.33
87.67
85.33
108.0
93.0
81.0
69.33
86.33
69.67
53.0
47.33
37.0
30.67
38.0
29.0
11.67
13.0
10.33
5.67
5.33
0.33
4.67
6.0
10.67
10.67
-2.67
10.0
8.0
6.0
0.33
7.0
14.67
9.33
2.33
15.33
14.0
8.0
13.0
15.67
14.33
18.0
14.67
14.33
15.0
6.33
17.67
14.33
11.33
18.0
22.0
15.67
19.67
11.67
13.67
22.0
19.33
22.67
10.33
16.67
18.0
9.33
13.67
10.67
11.33
10.67
9.67
14.33
7.33
7.67
11.0
13.0
8.67
9.33
6.67
3.67
7.33
10.33
11.67
14.33
15.0
8.33
14.33
11.0
11.67
4.67
5.0
4.0
19.67
5.0
7.33
8.67
13.0
11.67
4.33
11.67
10.67
14.0
17.33
14.0
5.0
6.33
13.67
1.0
7.33
8.67
16.67
20.0
19.0
18.0
17.0
11.67
10.33
16.33
18.67
19.33
23.33
13.67
21.67
27.67
27.33
39.67
31.0
32.33
33.33
18.67
24.0
32.33
34.67
17.33
24.0
19.67
18.0
19.0
19.33
21.67
22.67
24.33
23.0
21.67
23.67
28.67
21.0
17.67
37.67
41.67
30.67
20.0
47.67
22.33
25.33
35.0
29.0
17.67
29.0
31.0
22.33
24.33
17.33
17.0
9.67
12.67
16.33
24.0
9.0
11.0
19.67
12.0
8.33
6.67
0.33
8.33
2.33
22.0
9.67
10.67
8.67
5.33
18.67
12.67
8.0
15.67
5.33
11.0
11.33
11.0
6.33
13.67
23.0
4.67
11.0
4.33
6.67
8.33
0.33
7.0
14.0
18.0
8.0
13.33
13.0
17.33
17.33
16.0
5.0
22.33
4.67
16.33
11.33
8.67
17.0
7.0
22.33
12.33
26.0
12.0
26.33
7.0
2.67
21.33
7.0
16.33
2.33
5.0
2.67
20.67
6.0
12.33
7.67
10.0
8.33
19.33
25.0
11.0
17.33
2.67
10.33
4.0
19.0
33.0
34.33
41.67
38.0
61.67
67.33
64.0
84.0
84.67
77.0
112.67
87.33
116.33
112.67
130.0
160.67
163.67
149.33
173.67
169.33
141.33
141.67
115.33
118.33
91.33
83.67
60.33
64.67
61.33
50.0
31.0
29.67
32.0
27.0
23.0
22.0
6.0
14.67
25.67
23.0
7.0
25.33
16.33
18.0
19.67
18.33
19.33
18.33
25.33
16.67
10.67
20.67
14.0
22.0
22.67
31.0
25.0
30.33
21.0
21.67
22.33
20.33
18.33
28.0
36.33
27.67
36.67
28.67
24.33
34.0
39.67
32.0
42.0
43.33
25.0
38.0
37.0
37.0
38.33
28.67
55.33
55.0
41.33
28.67
50.0
37.0
35.33
24.0
27.33
21.33
37.33
23.33
13.33
23.33
31.0
28.0
20.0
17.0
8.67
16.33
8.33
15.67
10.67
7.33
0.0
18.33
28.67
17.33
10.67
20.33
6.67
4.33
10.67
8.0
14.33
4.67
0.67
5.0
6.67
1.0
10.33
3.0
6.0
15.0
8.33
3.67
10.0
15.0
-1.67
-1.67
5.0
11.33
16.33
16.67
18.67
14.67
20.0
16.33
0.33
10.0
16.33
12.67
13.67
7.67
14.0
4.67
23.0
7.67
12.67
26.0
14.67
34.33
30.33
22.0
27.0
22.33
27.33
24.33
14.0
8.33
21.0
27.33
16.0
14.67
25.33
26.33
20.0
24.0
31.67
12.67
23.0
22.67
16.67
12.67
10.67
23.0
15.67
23.67
15.33
23.0
12.67
14.33
17.0
1.33
21.67
22.0
16.67
6.33
13.33
18.67
20.67
24.67
20.33
22.33
25.33
17.33
25.33
12.67
20.0
7.0
24.33
19.0
3.33
17.0
17.0
5.0
13.0
8.0
13.33
5.0
8.33
18.33
8.33
17.33
-1.67
13.67
5.0
13.0
14.67
16.67
13.67
-5.33
11.0
2.33
17.0
10.0
7.0
6.0
7.0
14.0
16.33
7.0
18.67
6.0
6.33
12.0
7.0
3.67
13.67
17.33
19.67
5.67
12.0
5.67
-1.67
15.67
2.33
-5.0
7.33
9.33
4.0
11.33
16.33
7.33
9.67
13.67
10.67
9.33
21.67
4.67
0.67
6.33
12.33
-6.33
7.33
4.33
12.33
11.0
0.67
10.67
19.33
7.67
4.33
5.67
6.33
-0.33
5.0
5.0
4.33
5.0
4.0
0.0
9.0
-3.0
0.33
-6.67
15.67
6.67
14.0
-7.33
7.0
18.33
4.0
5.33
2.33
7.0
10.0
3.67
13.0
1.0
-2.0
8.33
4.0
-11.67
16.33
20.67
12.0
5.67
20.0
-8.33
9.0
6.0
-1.0
1.67
11.0
2.0
10.33
12.0
2.67
-2.67
10.0
19.0
2.0
7.67
0.0
-0.33
10.33
11.0
1.67
10.33
10.33
6.0
0.67
14.0
16.67
5.0
7.67
0.67
2.33
7.0
10.0
-1.33
19.0
5.33
6.67
14.33
-5.0
20.67
8.0
14.0
19.0
28.33
14.67
5.33
-0.33
15.0
-10.0
0.33
10.0
0.67
9.67
25.67
7.33
3.0
3.0
-4.67
1.33
5.33
17.33
9.0
-0.33
-4.33
13.67
27.67
12.67
18.0
-1.33
26.67
15.67
6.33
0.0
9.33
12.0
12.33
8.0
10.33
1.33
10.67
15.67
6.67
4.0
6.0
20.0
5.67
8.67
1.33
3.33
10.33
11.67
9.67
20.33
-6.0
17.33
13.67
6.33
4.33
11.33
2.33
6.0
8.33
12.67
10.67
7.0
12.67
4.0
11.33
4.0
3.67
-4.33
8.33
5.0
10.67
4.0
0.67
18.0
11.67
19.67
8.0
-9.67
10.67
11.0
9.0
2.67
8.33
10.67
13.0
3.67
26.0
14.0
11.0
14.33
12.67
6.33
11.67
14.0
21.67
11.0
9.33
17.33
5.67
18.0
1.33
6.67
11.33
7.33
7.67
14.33
9.33
5.33
-3.67
-2.0
10.0
10.33
-5.33
2.67
-0.33
6.33
11.67
8.33
-2.33
11.33
-1.33
6.67
23.33
17.33
13.33
8.33
2.0
10.0
0.67
-3.0
4.33
-6.33
2.67
6.0
9.33
3.33
7.67
-3.67
4.33
0.33
5.0
11.67
5.67
-3.33
7.67
6.67
-1.0
5.67
-3.67
2.0
10.67
1.67
-2.33
5.67
-0.33
5.67
1.33
4.0
9.67
6.67
4.33
2.0
14.67
12.33
0.67
7.0
-1.0
-1.0
-1.33
1.67
-12.67
1.67
0.0
0.33
9.0
6.33
15.33
7.67
-5.0
2.33
-1.0
2.67
5.0
0.67
4.67
-7.67
5.67
8.33
-2.0
4.33
5.67
3.33
-2.0
-6.33
1.67
-6.33
-1.33
2.33
5.0
-6.0
6.0
-2.67
5.33
7.0
-3.0
6.33
6.0
3.67
8.67
11.0
11.0
1.67
1.33
6.67
-3.0
14.0
6.33
-1.0
-0.67
21.33
2.33
5.33
12.67
8.33
6.0
-0.33
12.67
4.0
2.33
10.33
6.0
1.0
6.67
10.0
0.33
2.33
3.67
6.33
19.0
2.33
4.67
-6.33
0.0
9.0
0.33
0.33
2.67
3.67
1.0
-6.67
-0.33
5.67
15.0
3.33
0.33
5.33
0.33
5.33
11.0
9.33
3.67
9.33
13.67
4.67
-2.33
1.33
-5.0
-0.67
3.33
0.0
5.0
7.67
3.0
3.33
5.0
6.33
-2.0
4.0
7.33
1.67
13.33
5.0
-0.67
6.67
4.0
-6.67
0.0
6.67
0.33
3.33
-2.33
0.33
0.0
-3.33
-5.33
0.67
-1.0
3.67
-2.67
-0.67
2.33
6.0
2.67
-3.33
-4.33
2.33
8.33
11.67
-1.67
6.0
13.0
3.33
7.33
13.33
9.67
0.0
2.0
16.67
-1.33
4.67
2.0
0.33
7.67
1.67
-1.33
7.0
-2.0
13.67
-2.67
3.0
2.67
0.0
10.0
-4.0
9.33
3.67
3.0
5.33
12.67
6.67
4.67
-5.33
7.33
6.0
8.33
-5.33
5.33
5.67
5.33
8.33
9.0
4.67
8.67
13.33
1.67
9.0
1.0
-3.0
-1.0
2.33
11.33
9.67
3.0
-3.67
4.67
4.0
2.33
7.67
6.33
3.67
-2.0
4.33
3.0
6.0
4.67
5.0
3.67
12.0
6.0
-2.33
8.0
-0.67
6.67
11.67
6.67
3.33
2.67
-1.67
0.67
4.33
4.0
-0.33
0.67
-5.0
9.67
-4.33
7.67
6.0
9.0
-2.0
-0.33
8.67
-2.67
1.67
6.33
3.33
4.33
4.33
-6.33
2.67
6.67
3.33
3.67
2.0
1.67
9.33
5.0
5.67
7.33
0.33
1.67
7.0
3.67
-0.67
-4.0
0.33
-0.33
7.67
7.67
11.0
2.67
-0.67
-1.67
4.33
-0.67
-3.33
4.0
8.67
6.0
4.33
9.67
0.33
0.67
3.33
3.0
7.67
1.33
5.67
1.67
8.67
8.33
0.67
5.67
1.67
9.0
5.33
1.67
-2.67
7.33
2.67
-0.67
-5.0
-6.0
7.33
-2.67
5.0
5.33
-2.33
-1.0
-1.0
6.33
3.67
-3.67
-0.67
5.0
6.0
-1.0
-2.33
10.33
-2.67
4.67
5.67
1.0
-5.0
-4.67
2.0
2.67
2.67
4.33
10.33
3.33
0.33
-2.33
1.0
-0.33
2.33
1.67
-5.33
-1.33
7.0
-1.0
-2.33
8.67
2.33
6.0
-1.0
4.33
2.0
3.0
1.0
-1.33
0.67
2.67
3.0
1.33
6.67
-4.33
0.0
-3.0
1.0
