0.0
-1.33
31.0
-45.67
1.0
-31.33
-4.67
-55.67
-22.67
-66.67
4.67
-73.33
42.0
36.67
8.0
-19.67
-12.33
63.0
0.33
-33.33
30.67
2.0
13.0
17.67
-14.33
7.0
1.33
2.0
-4.67
-4.67
10.67
-2.33
0.33
-2.67
1.33
-2.67
-1.0
0.0
1.0
0.0
-1.0
1.67
0.67
0.33
-0.33
0.67
-0.33
-0.33
-0.67
0.0
0.0
0.0
-0.33
0.0
-0.67
0.67
0.33
0.0
-0.33
-0.33
0.0
-1.33
-0.67
-0.67
0.67
-0.33
0.67
-0.67
-0.33
1.67
-0.33
1.0
-1.0
0.67
0.0
1.0
-0.33
1.0
0.0
2.67
-0.33
-0.67
1.0
-0.33
1.33
-0.67
-0.67
-0.33
0.0
-1.33
1.33
0.0
-0.33
0.67
-1.33
0.33
-1.33
-1.0
0.0
-0.33
1.67
-0.67
0.67
3.0
1.33
0.67
0.0
-0.67
4.33
-0.67
1.0
-1.67
-3.0
-2.0
-1.33
1.0
0.67
0.67
0.33
0.67
-1.67
0.67
0.67
1.33
5.33
1.67
4.33
2.0
1.33
-2.0
0.33
4.33
2.0
-1.0
2.0
0.67
3.33
8.67
-3.0
4.0
1.33
-2.0
4.67
8.0
1.33
6.0
0.0
6.0
-2.33
0.33
2.33
4.67
1.33
3.33
2.67
2.33
4.33
14.0
-1.67
-1.33
7.0
0.67
3.67
-0.67
10.0
5.0
2.0
0.0
6.67
9.67
1.0
3.33
1.0
0.33
7.33
11.67
7.0
0.33
5.67
9.33
2.67
3.33
3.67
-2.0
4.67
7.0
3.33
4.33
0.33
4.33
2.33
2.0
7.0
6.33
5.0
9.67
3.33
3.33
8.33
2.33
4.67
4.33
2.33
3.67
4.67
7.33
4.67
5.67
-3.33
1.33
2.67
4.33
1.33
-0.67
-0.67
10.0
2.33
4.0
4.67
4.33
1.33
2.0
9.67
3.67
1.67
0.67
13.33
3.0
2.33
7.33
8.33
2.67
3.67
10.0
1.33
5.0
3.0
11.67
-2.0
3.33
0.67
3.67
11.67
6.33
8.67
11.33
5.67
2.33
5.33
-0.67
7.0
10.33
4.0
2.0
9.0
-3.0
0.67
8.67
4.33
5.33
0.33
9.67
6.67
-2.33
4.33
6.33
8.67
11.0
2.33
9.67
10.0
1.67
3.0
3.67
9.33
1.67
7.33
8.67
-2.67
1.67
-1.67
-1.67
0.67
8.33
7.67
1.67
1.0
5.33
8.33
3.0
6.0
0.67
-2.0
5.67
1.0
5.67
9.33
3.67
1.67
8.0
6.33
9.0
7.0
1.33
4.0
-0.67
2.0
-4.67
-2.0
4.0
-1.33
5.33
6.33
11.0
1.33
0.67
0.33
-2.33
3.67
1.33
6.0
2.33
3.33
-1.67
7.33
-1.67
5.67
5.0
7.0
1.0
1.33
3.0
-2.33
5.33
5.33
8.33
4.0
6.0
4.67
3.67
7.33
6.33
-4.0
1.33
-1.0
2.33
2.67
6.0
0.33
0.0
7.0
-1.67
-2.67
0.0
4.67
7.0
5.67
4.33
3.67
4.0
-0.33
5.33
-1.0
6.67
3.33
2.0
6.0
11.0
3.67
6.67
3.67
2.33
1.67
4.0
1.67
-1.67
-4.67
-3.33
2.33
-3.0
-2.0
7.67
-2.33
4.33
1.0
4.67
-2.0
7.67
9.0
-0.33
4.67
1.67
1.67
5.67
5.67
3.67
1.33
0.0
2.33
7.67
-4.67
1.0
2.0
0.0
-2.33
9.0
1.33
0.33
1.0
-0.33
8.67
3.33
0.33
3.0
0.0
1.33
-2.67
-5.0
1.0
2.67
6.67
-2.33
-7.67
-1.67
-1.33
5.0
7.33
6.33
3.67
0.67
-1.33
-2.0
3.33
-2.33
5.67
0.67
-3.33
1.0
4.67
-0.67
0.67
4.0
4.67
2.33
-4.0
3.33
1.33
7.33
0.67
7.33
7.0
1.33
4.67
4.0
5.0
0.33
2.67
-2.67
3.33
-0.33
0.67
2.67
3.33
2.33
2.0
2.67
-0.33
0.33
6.0
-3.33
3.33
10.67
7.0
3.67
0.0
3.67
7.67
4.67
6.0
4.0
2.33
1.0
-0.67
-3.0
2.0
-3.0
-1.0
6.33
-1.67
-0.33
6.33
-1.67
3.67
4.33
0.33
5.67
0.0
1.33
1.0
7.0
1.33
5.33
-1.67
7.33
2.0
3.0
-3.0
0.0
1.0
3.0
1.0
2.67
2.67
-0.33
-3.0
5.33
0.0
3.0
13.67
0.67
2.0
-1.67
5.33
2.67
6.33
1.0
0.67
0.0
-3.0
-0.33
2.33
0.33
-2.67
5.67
5.0
-0.67
7.67
7.67
2.33
-1.0
-1.67
-1.33
4.33
11.33
1.33
8.33
2.67
1.33
2.67
4.0
-1.33
0.33
-3.33
3.67
4.67
-1.67
-2.67
-1.0
5.67
1.33
8.33
3.33
1.0
2.0
4.0
-0.67
3.67
-0.33
0.67
2.33
-1.0
1.67
0.33
0.67
5.33
4.33
5.0
6.33
3.33
4.33
1.67
-2.0
4.33
-1.0
4.67
4.33
9.33
4.67
-2.33
2.33
-0.67
-1.0
-0.33
-0.67
-3.33
0.0
1.0
3.67
2.67
3.67
-1.67
5.33
6.67
0.0
1.33
-1.33
-3.67
5.67
-1.67
4.67
-0.33
4.33
-0.33
0.33
0.67
0.67
-1.0
3.67
2.0
-0.67
8.33
1.67
2.33
1.33
-1.33
5.67
6.33
2.67
0.67
-1.0
4.0
2.33
4.33
0.33
-3.0
-0.67
-0.33
3.67
5.33
-4.0
0.67
0.33
-2.0
-1.33
3.0
5.67
-0.67
3.33
-1.0
3.67
-3.0
0.33
3.0
-0.33
-4.0
2.67
-1.67
4.33
-3.67
1.33
-2.67
-3.0
5.33
-1.0
3.67
-0.33
3.67
2.67
0.0
-2.33
2.33
6.33
-1.67
1.0
0.0
2.33
2.67
1.0
-2.67
2.33
1.0
4.67
5.0
2.0
1.33
-3.0
-0.67
2.0
-5.33
1.33
0.0
-3.0
10.0
-1.33
1.33
1.67
1.0
-1.67
3.0
-1.67
2.33
0.0
-1.33
5.0
4.0
0.33
2.33
1.67
-2.33
2.67
-2.33
5.33
1.0
0.67
-2.0
4.0
2.33
-1.0
-1.0
3.33
0.33
1.0
-1.67
3.67
-2.67
4.67
6.33
3.33
2.33
1.33
1.33
-2.67
-4.67
3.33
-3.67
1.67
2.33
-2.0
6.0
-2.0
-5.33
-1.0
2.33
-1.0
1.0
3.67
3.33
-1.0
0.33
-7.0
-5.33
1.0
4.33
0.0
4.67
-1.33
2.67
-3.0
2.67
3.67
-2.33
-3.0
8.33
4.33
-1.33
6.33
2.0
1.0
2.0
0.0
0.67
0.67
4.33
2.67
-3.0
0.33
-3.33
-3.33
1.0
-0.67
-0.67
5.0
0.33
-0.33
-1.0
-2.0
1.33
0.67
-3.33
-3.0
0.67
1.0
-1.33
-4.0
-3.33
2.33
8.33
8.0
6.0
-4.67
2.0
-4.33
-0.67
7.0
1.67
-1.33
0.0
2.67
-0.33
8.33
3.0
2.33
5.33
2.0
2.0
0.33
11.0
2.67
-4.67
-0.67
1.67
4.67
3.33
-0.67
2.33
-5.67
7.0
5.33
-3.0
9.0
0.0
3.0
2.33
0.33
3.33
5.0
-0.67
7.33
8.0
1.67
3.0
-3.33
3.67
7.67
4.33
2.67
-1.0
0.33
10.0
-1.67
7.0
4.0
13.0
1.0
8.33
12.67
0.33
2.33
1.33
1.33
2.67
-0.33
-2.0
3.0
1.0
6.0
-1.0
3.67
4.33
1.0
4.0
-1.0
2.67
-2.0
2.67
7.33
1.33
12.33
11.0
1.0
6.67
4.67
-2.67
2.67
12.0
-0.33
-2.67
4.0
8.67
4.0
2.0
-3.67
2.67
3.0
4.67
-2.0
8.33
9.0
1.0
2.33
5.33
11.0
0.0
2.67
7.67
7.33
1.67
5.67
11.0
1.67
12.33
5.0
-4.33
8.67
-0.33
-4.67
4.33
3.0
0.0
8.33
2.0
-1.0
5.0
0.0
7.0
11.67
3.33
6.33
14.33
17.0
11.0
24.0
32.33
32.67
44.67
34.0
65.33
74.33
61.67
95.33
88.67
117.33
109.0
109.0
119.0
112.33
96.33
90.67
64.0
61.33
47.0
25.67
23.0
44.0
24.67
1.0
7.33
11.67
15.33
4.33
10.67
7.0
5.67
2.67
5.33
8.0
-3.0
3.0
5.33
16.0
10.67
7.33
11.33
6.33
12.0
5.0
12.0
5.67
17.33
14.0
12.67
12.33
14.0
15.33
19.67
14.33
15.33
14.0
20.0
12.67
21.67
31.67
31.67
43.0
25.33
35.67
33.33
33.67
19.0
22.33
25.67
17.67
25.33
17.67
16.67
12.33
19.33
6.67
10.0
14.0
7.67
1.33
3.67
3.67
7.33
7.33
7.67
6.33
8.0
7.33
8.33
11.0
8.67
3.67
10.0
10.0
14.67
17.0
14.33
15.67
10.0
12.67
10.33
8.67
13.67
7.0
-0.67
17.0
11.0
11.33
10.67
1.0
11.33
10.67
12.67
7.0
11.0
8.0
10.0
10.67
9.33
19.33
8.67
18.33
24.33
19.67
11.67
22.67
13.33
21.67
8.0
13.33
21.33
10.67
16.0
17.33
23.67
18.33
20.0
24.67
22.0
22.0
19.33
21.67
13.67
24.33
26.0
29.67
23.67
32.67
19.0
31.67
28.67
41.67
46.67
44.0
38.67
38.33
32.33
43.0
37.0
47.67
30.0
20.0
15.33
18.33
19.33
27.0
17.67
10.67
24.33
14.0
11.0
19.0
11.67
11.0
7.33
7.67
16.33
3.33
5.33
7.0
14.67
18.67
8.67
6.33
9.67
10.67
12.0
14.67
5.33
5.0
10.33
8.0
4.33
3.67
5.0
10.67
17.0
4.33
11.67
1.33
20.33
11.0
8.0
1.0
4.0
6.33
13.0
3.33
21.33
7.0
27.0
12.33
4.67
20.33
5.33
-2.33
10.0
8.0
9.33
15.33
9.0
23.0
9.33
20.0
11.67
10.33
4.0
19.33
7.33
13.0
8.67
11.67
9.0
12.33
17.67
11.0
5.33
16.33
3.0
13.0
17.33
17.67
11.33
21.0
24.0
36.0
42.33
47.67
50.0
85.67
88.33
87.0
138.0
129.67
154.0
158.67
165.33
176.33
184.67
205.0
195.67
199.67
155.33
166.67
173.33
147.33
137.67
131.33
113.33
100.33
92.67
82.33
62.67
54.33
59.0
45.0
43.67
39.0
30.0
33.0
20.0
18.0
13.67
23.67
27.0
9.0
18.33
16.33
22.0
14.67
20.33
17.33
11.33
26.33
17.67
22.67
16.67
27.0
17.0
18.67
33.0
34.0
29.33
13.0
39.67
43.33
43.33
36.33
35.0
38.33
30.67
38.67
48.67
39.33
25.0
29.67
47.0
35.0
42.33
33.0
41.0
26.0
27.0
51.33
39.67
38.33
45.0
30.33
43.67
46.0
38.0
49.33
44.0
48.33
33.33
40.33
41.33
55.33
31.33
33.0
23.0
19.0
23.0
21.67
32.33
11.33
12.67
20.67
4.33
8.0
15.33
9.67
5.33
11.67
22.33
5.67
2.33
18.67
-2.0
7.33
5.67
9.67
15.0
3.67
12.0
6.33
10.0
-3.0
11.0
16.33
-5.33
11.0
3.0
6.33
3.33
4.0
14.33
1.33
9.67
12.67
-4.33
10.0
9.33
19.33
18.0
18.33
-0.33
20.67
10.67
7.0
16.67
15.0
10.67
28.67
2.0
29.67
32.33
37.33
27.0
16.0
27.33
24.33
22.33
17.0
19.33
29.0
26.33
26.0
23.67
15.33
12.33
15.0
21.0
18.67
12.67
21.0
24.67
11.67
17.67
12.67
15.0
12.67
15.67
16.33
17.0
29.67
16.33
27.0
16.33
18.67
22.0
15.67
11.33
23.33
31.67
24.67
19.67
23.33
18.33
29.33
10.33
16.33
36.67
10.0
20.0
15.33
35.0
9.33
20.0
26.0
12.0
19.0
27.0
10.33
29.0
17.33
24.33
4.33
10.33
1.33
19.67
6.0
16.0
2.67
13.67
13.67
7.67
7.0
7.33
16.0
13.0
10.0
3.0
-1.0
6.0
17.33
3.0
8.67
8.0
10.33
20.0
3.0
7.67
11.67
6.33
7.67
13.67
5.0
5.67
8.33
8.67
4.33
7.0
6.33
9.33
10.0
12.33
9.33
11.33
10.67
8.67
-0.33
6.33
9.67
-10.33
8.67
10.33
7.33
7.67
11.33
7.33
4.33
14.0
7.67
3.67
13.33
12.67
7.33
21.67
0.33
11.67
1.0
8.0
-0.67
9.0
5.0
-6.0
19.0
6.0
0.33
4.33
9.67
13.67
9.0
-4.33
9.0
11.33
-6.0
4.33
-0.67
10.0
7.0
-2.33
12.0
14.0
2.0
20.33
-1.0
6.33
16.33
7.67
7.0
5.67
6.0
-4.33
11.0
9.0
16.0
11.67
8.0
0.0
10.33
15.0
1.67
-2.67
1.0
14.0
0.0
12.67
6.0
6.67
9.33
7.0
8.67
2.33
1.33
1.0
-1.33
13.0
8.67
20.0
4.67
10.67
9.33
7.0
1.0
7.67
4.0
9.33
24.67
15.33
1.0
15.67
1.0
14.0
16.0
9.33
0.67
2.33
4.67
7.0
5.0
11.33
-4.0
3.67
7.67
-1.33
-0.67
-3.0
17.0
-3.67
6.33
0.33
16.33
15.0
-7.33
4.67
9.67
0.67
-3.33
2.0
9.67
7.67
2.67
24.33
6.0
15.33
10.0
9.33
12.0
-0.67
-3.67
-0.33
3.67
14.67
14.0
-1.0
2.0
15.67
14.67
17.33
12.33
20.33
12.67
-1.33
21.33
2.0
9.33
12.67
8.33
11.33
27.33
15.33
11.0
-0.67
2.67
22.67
15.0
3.67
-5.0
1.33
16.0
6.67
5.67
1.33
-2.0
7.67
4.0
7.67
7.0
14.67
-4.33
3.0
1.33
5.67
12.0
6.0
-5.33
-2.67
2.67
-1.0
10.67
9.0
8.0
9.0
14.33
10.67
-10.67
1.67
22.0
4.67
11.0
0.33
7.33
3.67
14.0
-1.67
6.67
19.33
14.33
1.67
9.33
18.33
4.33
9.33
5.0
7.0
10.33
10.67
0.67
0.67
-4.67
7.67
-7.67
-3.33
14.33
7.67
-6.33
12.33
9.33
10.33
10.33
10.0
1.0
5.67
7.0
6.33
-1.33
4.67
7.0
6.33
-8.67
12.67
1.33
-4.67
8.33
15.0
0.67
5.67
0.67
12.67
-2.33
2.0
14.67
3.33
-6.0
-5.33
1.67
7.67
3.67
5.67
3.67
-1.67
6.0
0.67
13.67
-0.67
0.0
-0.33
4.33
2.67
0.0
14.0
0.0
11.67
7.67
-5.67
8.67
1.0
0.33
2.0
6.33
13.33
0.67
-3.0
12.33
-14.0
11.67
8.0
-0.33
-3.33
-9.67
3.67
7.33
-2.0
-5.67
7.67
4.33
11.0
6.67
16.67
7.67
4.67
-2.67
10.0
1.0
0.0
-0.67
3.33
-4.0
-5.0
10.33
6.0
7.67
3.67
7.0
14.0
-0.33
-2.67
-1.33
-6.0
-1.0
-2.67
5.0
10.33
13.33
4.33
12.33
6.67
6.33
5.0
2.67
5.67
6.0
14.33
7.33
16.0
2.0
8.67
1.0
6.33
1.33
-1.33
7.33
5.0
-3.67
-3.33
-3.33
0.0
2.0
0.33
7.33
-5.33
8.67
0.0
-8.67
9.67
-2.33
1.0
-0.67
2.33
2.33
5.33
2.33
0.0
-3.67
10.67
5.33
3.67
2.67
3.67
8.33
-5.0
2.33
2.33
3.0
12.0
-1.33
0.0
7.33
-1.0
7.33
9.0
2.0
4.33
-1.33
6.33
5.0
0.33
5.67
7.0
2.33
-8.0
5.67
4.33
5.33
1.67
-0.67
6.0
9.67
0.67
-0.33
7.0
4.67
-3.67
-3.67
-1.67
-1.0
7.67
1.67
5.67
3.33
1.33
4.67
6.33
1.0
-4.0
3.33
4.33
2.33
-5.33
5.0
-5.0
4.67
5.67
9.67
7.0
3.33
-0.33
0.67
0.67
-1.0
2.0
9.67
4.33
3.0
-0.33
5.0
-5.0
7.0
12.33
1.67
1.0
0.33
4.67
-1.33
10.67
3.67
-0.67
9.0
2.33
3.67
11.33
15.67
11.33
6.33
10.0
-1.33
1.67
5.33
0.67
12.0
5.0
5.0
12.0
2.33
-0.67
-6.33
13.0
6.33
-1.33
6.0
2.33
4.67
-0.67
0.67
5.0
6.33
4.0
12.0
2.67
4.0
3.67
13.0
-1.0
-3.33
5.0
5.33
-1.33
7.67
5.67
2.33
-3.33
4.33
2.67
0.33
-5.0
1.67
10.67
3.0
2.67
-0.33
1.67
6.0
-4.0
-5.0
1.67
0.67
4.33
5.67
-1.67
1.33
-1.67
-4.67
9.67
5.67
4.67
-1.67
8.67
6.0
5.67
-2.67
6.0
-1.33
-1.67
4.33
0.67
3.0
4.67
6.33
-5.0
5.33
-2.33
3.67
4.67
0.0
1.67
3.33
0.33
1.33
6.33
-2.33
7.0
5.67
2.0
2.33
5.67
1.33
2.67
2.33
7.0
3.67
4.33
10.67
0.67
3.67
3.33
-3.33
-1.33
9.67
8.0
-3.67
2.67
9.33
11.33
8.67
1.33
-3.0
-1.0
4.33
0.33
1.0
2.33
2.67
1.0
-4.0
10.33
-2.33
5.33
4.33
2.0
3.0
0.0
5.67
-0.67
-3.67
7.67
1.67
7.0
-4.0
-6.67
5.0
3.67
1.67
11.33
2.33
0.33
3.33
-3.33
4.0
3.67
-5.67
2.67
1.67
0.67
6.0
3.0
-1.33
-4.33
2.33
9.0
-1.0
8.33
0.0
5.0
-2.0
2.67
3.67
3.67
0.0
1.33
4.67
-5.33
1.0
-2.0
3.0
