0.0
-16.33
-16.0
48.33
-13.0
-90.33
-63.67
-58.67
-89.67
-58.67
-12.33
-96.33
-101.0
-68.33
-77.0
-99.67
17.67
-25.0
28.33
-22.33
19.67
-19.0
-3.0
-5.33
-7.33
-3.0
-5.67
-5.0
3.33
1.33
-0.33
2.67
-1.67
-0.67
4.33
-1.67
-4.0
0.0
1.0
-1.0
0.0
-0.33
-0.33
-0.67
1.67
0.67
0.67
3.67
-0.67
1.0
0.0
0.0
-0.33
1.0
0.33
0.67
-0.67
1.0
1.67
-0.33
0.0
-1.33
-0.67
-0.67
-0.33
-0.33
0.67
-0.67
-0.33
2.67
-0.33
0.0
-1.0
0.67
0.0
0.0
-0.33
0.0
1.0
0.67
-0.33
-0.67
0.0
0.67
-0.67
1.33
-0.67
0.67
0.0
-0.33
2.33
0.0
-0.33
-0.33
-1.33
-0.67
-0.33
0.0
1.0
0.67
1.67
3.33
0.67
0.0
0.33
-0.33
0.0
-0.67
3.33
-2.67
-1.0
1.33
1.0
-2.0
-1.33
2.0
-1.33
0.67
-0.67
0.67
1.33
-2.33
0.67
-0.67
1.33
4.67
2.33
3.0
6.33
0.0
2.33
6.33
1.0
-1.0
-1.0
5.67
7.33
-4.33
-2.0
8.0
4.33
-3.0
1.67
5.0
6.33
-1.0
5.0
1.0
-3.33
3.33
-3.67
4.67
4.33
4.33
0.67
-0.67
5.33
6.0
2.33
1.67
2.0
4.67
-2.33
5.33
5.0
-1.0
3.0
5.0
4.67
4.67
1.0
0.33
1.0
4.33
-3.67
2.67
1.0
-4.67
0.67
7.33
1.67
3.33
-1.33
-1.0
3.67
-2.0
2.33
1.33
0.33
8.33
1.33
2.0
5.0
2.33
8.0
8.67
6.33
8.33
10.33
9.33
0.67
6.33
0.33
-0.33
2.67
5.33
2.67
8.67
-4.33
4.33
-2.33
1.33
7.33
-3.67
8.33
1.0
2.33
8.0
6.67
3.33
0.33
-1.0
2.67
4.67
4.67
4.67
3.33
10.0
5.33
3.33
4.33
0.67
1.67
2.0
4.33
4.0
0.0
0.67
5.0
-1.67
2.67
1.67
6.67
4.33
0.67
11.33
7.67
1.33
0.33
6.33
3.0
0.33
5.0
3.0
3.0
-2.0
-0.33
5.67
1.33
5.33
9.33
-4.33
0.67
-4.33
-0.67
3.33
7.67
6.0
2.33
3.67
9.0
-1.33
0.0
8.67
4.33
-2.33
3.33
2.67
0.33
3.67
0.33
7.33
3.67
7.33
-5.33
2.67
5.0
5.33
5.33
6.0
4.0
1.67
1.0
-3.33
-7.0
3.67
5.33
8.67
2.67
2.0
6.33
-1.0
-4.0
5.33
5.0
-3.67
9.0
1.33
6.0
6.0
3.67
-0.67
5.33
-5.0
-1.67
0.67
4.33
4.67
6.67
-1.67
7.0
-3.67
5.33
1.33
1.33
-0.67
4.67
2.0
3.0
1.0
1.33
5.0
-2.33
5.33
-1.67
2.33
4.0
-1.0
9.67
2.67
-0.67
3.33
6.0
4.33
4.0
-4.67
6.67
3.0
0.33
0.0
8.0
0.33
-1.67
0.0
1.67
-4.0
0.67
3.33
4.67
3.0
8.67
-0.67
-7.0
6.67
9.33
2.0
5.0
2.0
2.67
-2.33
-6.33
-1.67
-3.33
2.0
4.67
3.33
0.33
-6.33
5.33
-2.0
-2.0
-3.33
1.67
4.33
1.0
3.67
-1.0
5.67
5.0
3.67
0.67
0.67
1.67
6.67
2.67
2.67
0.33
-2.0
-0.67
-0.33
5.33
8.0
-6.0
0.0
-1.33
-4.0
-0.67
3.33
0.0
-2.33
3.67
2.33
6.33
0.0
0.0
4.33
-2.67
3.0
0.0
1.67
4.67
-0.33
7.33
-2.67
-1.33
2.0
4.33
5.33
-2.33
-1.33
0.67
0.0
-4.67
0.67
0.67
-2.33
4.67
0.0
2.67
2.33
9.67
-2.0
3.67
-2.67
-2.0
5.33
3.33
1.33
0.67
6.33
0.0
-0.67
3.67
0.0
0.0
9.33
-2.33
-0.67
-3.67
0.67
-0.33
3.67
2.33
2.33
-1.0
1.67
0.67
0.33
2.0
-2.33
5.33
2.67
3.0
4.67
-2.0
1.67
9.67
2.67
4.0
2.0
2.33
-1.0
0.33
-6.0
-1.0
4.0
-6.0
1.33
1.33
-0.33
4.33
-2.67
5.67
1.33
2.33
1.67
-3.0
-2.67
-1.0
8.0
-2.67
0.33
1.33
-2.67
0.0
-2.0
0.0
1.0
1.0
-1.0
9.0
0.67
-2.33
6.67
1.0
0.33
6.0
1.0
4.67
3.67
0.0
1.33
-0.67
1.67
5.33
-2.0
-3.33
1.0
-4.0
2.67
2.33
8.33
-1.67
0.67
2.0
-0.67
0.67
-0.33
1.33
1.0
1.33
0.67
1.33
2.33
2.33
-2.67
2.67
0.33
2.67
5.0
-2.33
5.33
1.67
5.67
0.67
-1.67
-1.67
-1.0
1.67
0.33
7.33
3.33
1.0
3.0
2.0
2.33
3.67
-3.33
3.67
0.33
5.0
1.67
-2.67
1.67
5.33
0.33
1.0
1.33
-0.67
-2.67
1.67
7.0
-0.67
-1.0
0.67
7.33
4.33
0.67
-4.33
1.33
1.33
-2.0
3.67
1.33
0.67
6.0
3.0
8.67
-0.33
1.67
3.33
-0.67
4.67
1.0
2.33
0.67
0.33
-0.33
-4.67
1.67
2.67
0.33
-3.33
0.33
3.67
-3.33
1.0
1.67
1.0
-1.67
0.33
-1.33
-1.67
4.33
-0.33
3.67
3.33
3.67
-1.33
-2.0
-1.0
3.33
3.33
1.33
1.0
-1.67
-0.33
-1.33
-0.67
3.0
-1.33
0.33
-2.0
-2.33
1.0
1.67
-0.67
-5.67
-5.0
0.67
-6.0
0.33
7.0
-1.33
-3.0
-0.33
-0.67
1.33
-3.67
0.33
1.33
-2.0
5.33
1.0
2.67
1.67
2.67
0.67
-2.0
-1.33
7.33
1.33
-1.67
0.0
-1.0
-0.67
2.67
1.0
-3.67
1.33
4.0
4.67
1.0
11.0
-1.67
4.0
4.33
-2.0
-4.33
0.33
-2.0
1.0
1.0
-0.33
-0.67
-1.33
2.0
-1.67
1.0
-0.67
-3.67
-2.0
-3.33
-2.0
-3.0
3.33
3.33
-4.33
1.67
-0.33
0.67
-0.67
-3.0
1.67
4.0
-1.0
-0.67
-1.0
6.0
-2.67
-5.67
1.0
1.33
-4.33
-2.67
3.67
-0.67
-0.67
-3.67
3.33
-1.67
2.33
-3.67
8.33
0.33
-0.33
-1.67
4.0
6.0
3.0
2.67
-1.0
-4.67
3.0
-1.0
2.67
8.33
-3.0
-1.67
-8.0
2.67
5.0
0.33
2.0
-4.33
1.67
2.67
1.0
-0.33
-1.33
8.67
2.0
2.33
-1.67
2.67
1.33
2.0
1.0
1.0
6.0
10.67
-0.33
0.33
2.67
-4.0
4.33
1.67
-0.33
4.0
4.33
3.33
-6.0
-1.67
-2.33
-2.0
1.0
2.33
2.67
0.67
2.0
0.67
6.0
-3.33
3.0
1.67
2.33
1.33
0.0
-3.0
2.33
2.0
-2.33
-3.67
2.0
5.67
5.67
0.0
-0.33
6.67
10.33
1.0
1.33
10.33
-1.0
4.0
0.33
6.0
1.67
-0.67
-0.67
-0.33
2.67
1.33
6.33
6.33
0.33
6.0
1.33
7.0
6.0
14.0
8.0
10.33
-0.67
3.33
2.0
2.33
2.33
2.0
-4.33
5.0
-0.33
3.67
12.67
0.33
3.67
3.0
3.33
9.0
6.33
5.0
3.0
7.0
5.0
11.33
9.67
7.33
11.33
1.33
9.33
3.67
3.67
0.0
4.0
5.0
3.0
1.0
6.67
0.33
7.0
9.0
5.0
13.67
7.0
2.67
3.33
2.33
9.33
2.0
11.0
5.67
0.67
4.33
2.67
5.0
2.67
1.33
5.0
9.67
4.0
10.0
3.33
10.67
7.0
8.67
5.0
8.33
2.0
1.0
9.33
4.33
4.0
2.0
0.67
8.67
7.33
6.67
5.67
6.0
11.67
17.33
15.0
1.67
5.67
7.67
6.33
13.33
15.0
1.0
5.33
4.0
15.0
7.0
8.0
6.0
15.67
11.33
2.33
6.33
14.0
6.0
14.0
10.33
13.67
11.67
9.0
30.33
16.33
11.67
16.33
24.67
11.33
25.0
23.0
25.0
14.33
15.33
10.67
10.0
13.33
6.0
6.67
10.0
16.0
13.67
16.0
3.33
11.67
20.33
17.33
14.67
11.0
6.67
6.67
14.33
10.0
13.0
9.0
10.33
15.0
11.67
16.33
17.33
10.33
11.0
12.0
15.0
13.67
17.33
15.0
31.67
31.33
42.0
32.33
33.67
45.33
48.33
64.0
86.0
55.67
65.67
49.67
44.67
58.0
35.33
35.67
39.33
33.67
22.0
23.33
30.67
22.67
15.33
7.67
20.67
16.33
15.33
4.67
16.0
12.0
9.67
10.33
8.67
10.67
9.33
13.33
1.67
5.33
13.0
8.33
8.33
11.0
8.67
12.67
9.0
4.0
9.67
18.0
11.33
11.67
19.0
23.67
13.33
13.67
12.67
22.0
14.33
19.0
17.0
10.33
17.67
12.0
35.33
15.67
20.67
44.0
30.0
26.0
40.0
36.67
21.33
53.33
35.67
42.33
53.33
58.67
45.67
39.67
34.33
35.67
24.0
42.33
38.33
26.67
24.0
26.33
36.67
24.33
31.0
26.67
21.0
22.0
24.33
24.67
24.67
21.33
21.0
29.67
19.67
32.67
39.0
27.67
40.67
38.67
45.67
37.0
49.67
52.33
56.33
50.0
51.0
44.67
52.0
54.0
49.33
43.33
54.33
33.0
35.67
39.67
24.33
27.0
20.0
13.0
33.67
15.0
19.33
17.67
17.33
10.33
3.33
10.0
15.67
3.67
15.67
6.33
9.67
13.67
14.0
23.67
-1.67
18.0
7.33
17.0
5.33
10.67
10.0
8.67
19.0
21.33
15.67
20.33
7.33
23.0
23.0
29.0
17.0
21.33
22.0
18.33
27.33
20.0
23.0
28.33
11.67
21.33
14.33
25.67
39.0
23.0
20.33
29.33
16.0
14.0
21.33
9.0
13.67
11.33
19.0
14.33
15.33
19.0
4.67
11.67
15.0
7.33
0.67
10.0
14.33
18.33
12.0
9.0
22.33
28.67
4.33
28.0
0.0
51.0
33.33
38.67
21.0
64.67
51.33
56.0
74.0
74.67
77.0
91.67
113.33
112.33
113.67
115.0
111.67
118.67
108.33
111.67
99.33
105.33
89.67
116.33
84.33
84.33
80.67
62.33
47.67
48.33
27.0
35.0
26.67
25.0
26.0
25.0
29.0
19.0
26.67
19.67
17.0
14.0
31.33
21.33
16.0
16.67
24.33
15.33
7.33
24.33
32.67
22.67
34.67
28.0
36.0
43.67
25.0
33.0
47.33
36.0
41.67
53.33
45.33
33.33
57.0
50.33
60.67
39.67
40.67
47.33
46.0
48.67
43.0
47.0
23.33
56.0
35.0
27.0
31.0
25.33
18.67
20.33
32.0
24.33
19.67
34.0
21.0
27.33
21.0
23.33
9.33
20.33
8.33
24.33
26.33
24.0
27.0
19.0
17.0
19.67
9.33
8.33
11.67
14.67
13.33
16.0
16.33
17.67
18.33
8.67
18.33
3.67
-0.67
17.67
1.0
10.33
9.67
7.67
4.0
6.67
16.0
10.33
21.0
15.0
7.0
6.33
3.67
9.0
10.0
17.33
0.33
-1.0
15.33
19.33
21.67
21.67
19.67
14.0
14.33
20.33
10.0
12.33
13.67
17.67
25.67
18.0
24.67
27.0
15.67
32.67
31.0
24.67
24.33
29.33
21.0
21.0
18.33
3.33
33.33
20.0
30.33
35.0
22.33
23.0
11.67
26.33
30.33
12.0
10.0
16.67
24.67
34.0
30.67
15.67
13.67
20.67
19.0
8.67
17.67
19.33
23.0
23.67
10.33
25.0
11.33
23.67
20.0
29.67
8.33
35.33
27.67
23.67
16.67
29.33
20.33
34.33
23.33
18.33
13.67
12.0
10.0
17.33
6.0
22.33
13.0
21.0
17.0
16.0
26.0
8.33
16.0
11.33
15.33
7.33
11.33
6.33
11.67
6.0
9.0
-6.33
9.67
14.67
17.67
15.0
2.33
5.0
16.0
14.0
2.0
5.0
6.0
15.33
4.0
15.67
13.0
8.33
8.0
11.0
-2.33
6.67
14.33
17.67
12.67
20.0
-5.33
26.33
13.67
22.33
11.0
16.33
15.33
11.0
14.33
19.33
2.33
13.67
17.67
8.67
11.33
11.67
6.67
23.67
8.33
24.33
13.67
11.33
14.33
11.33
11.0
7.67
23.67
22.33
13.67
6.33
17.67
19.33
6.67
17.0
10.0
6.33
16.0
20.0
21.0
14.0
12.0
10.33
13.33
1.67
4.67
5.0
-1.33
12.0
11.33
11.0
5.33
-0.67
8.0
18.0
3.67
12.0
0.0
14.0
6.33
12.0
2.33
4.33
16.67
7.0
-0.33
4.0
-8.33
14.0
8.0
-1.0
-2.33
14.0
-1.0
7.33
16.0
6.67
7.33
1.0
18.0
5.0
-6.33
25.0
4.67
6.33
5.0
4.67
7.33
3.33
5.0
13.67
28.0
16.67
5.0
6.67
-0.33
6.33
6.0
3.0
-5.33
8.0
-1.67
14.67
17.33
3.0
17.67
4.0
18.0
4.0
11.33
4.67
-3.67
12.67
3.0
11.0
2.33
9.0
10.67
11.67
8.67
0.33
15.0
11.0
2.33
20.33
6.33
14.33
17.0
2.67
9.67
31.67
19.67
13.67
14.0
8.67
18.67
20.67
19.33
10.0
11.33
13.0
11.33
32.0
22.33
22.33
9.67
21.67
15.67
22.0
6.0
0.0
11.67
1.67
12.33
17.33
9.33
5.67
9.67
15.33
14.0
18.33
13.67
20.33
20.33
23.33
11.33
14.0
11.33
2.67
3.67
20.0
11.67
14.0
14.33
3.0
11.67
-8.33
19.33
14.0
3.67
-1.0
16.67
9.0
5.67
15.67
4.0
1.33
11.67
13.0
11.0
7.67
-0.67
-2.33
7.0
16.67
18.0
13.0
17.0
16.33
3.67
2.33
11.67
15.0
16.67
4.0
14.33
4.33
1.67
12.0
1.33
11.67
8.33
11.33
10.67
4.33
19.33
13.33
6.33
-8.0
13.0
5.33
-0.33
14.67
5.67
8.33
13.67
2.33
-2.33
12.33
7.67
12.67
3.33
11.33
8.33
13.33
3.0
11.0
5.67
4.0
-1.67
3.67
7.67
6.0
11.33
7.33
13.67
4.33
4.33
10.33
3.0
13.67
8.67
11.67
-1.33
6.67
-8.0
1.67
9.33
1.0
11.67
0.67
2.67
1.67
-3.33
8.67
8.33
22.0
-0.33
10.67
8.33
9.0
2.67
-6.67
2.67
3.0
3.0
3.0
9.67
8.67
-2.67
-6.33
0.0
-0.67
3.0
16.33
5.33
5.67
-4.0
0.33
2.0
8.67
11.0
7.67
4.67
-7.67
4.67
6.33
-4.0
13.33
-4.33
14.33
1.0
-7.33
-5.33
1.67
6.67
1.33
2.0
-6.0
8.0
-7.67
-1.67
-2.0
1.0
9.33
7.0
10.67
1.67
1.0
3.0
2.67
3.33
0.67
-5.0
1.0
8.33
4.0
2.33
0.33
1.33
1.33
6.67
5.33
8.0
12.67
-0.33
3.0
-1.67
-0.67
10.0
-2.0
4.67
0.0
7.33
10.33
1.67
-1.67
20.0
7.33
-1.33
-8.33
2.0
-8.0
2.33
-3.67
-7.33
1.67
-1.0
-2.67
9.67
-4.33
2.0
0.33
7.33
-0.67
1.33
-1.67
-2.0
-2.67
6.67
13.33
3.67
1.67
-4.33
11.33
-4.0
0.33
4.33
6.0
6.0
10.67
4.0
-0.67
4.0
2.33
1.0
0.0
-1.67
2.67
-3.67
6.0
2.33
2.67
-5.0
-3.67
-11.0
5.67
8.33
7.33
1.67
5.33
-4.0
-8.33
-0.33
6.67
3.0
3.67
3.33
-0.67
8.33
4.0
0.67
-0.33
8.67
-8.67
8.33
14.67
-5.67
5.0
3.0
13.33
5.33
-0.67
2.67
1.0
4.0
3.67
5.67
2.67
2.0
10.33
3.67
0.67
7.67
5.0
2.0
9.67
5.33
4.0
4.67
-2.0
7.0
2.0
6.33
10.67
-8.0
5.33
5.67
0.67
6.67
-2.33
2.33
-2.0
7.33
-0.33
1.33
5.67
7.33
7.33
9.0
-2.33
5.67
9.33
0.67
-1.0
2.0
-3.0
-5.0
0.33
5.33
8.67
1.0
1.33
-2.33
5.0
1.33
0.67
0.33
-3.33
-4.0
4.33
4.0
4.0
1.67
2.0
4.67
8.0
-1.0
0.67
-3.0
1.33
5.67
0.67
1.67
9.33
10.67
-0.67
-7.33
-2.67
1.0
4.67
1.67
0.0
2.67
1.67
1.67
3.0
0.0
5.0
-1.33
1.67
-5.67
2.67
4.33
5.33
0.33
1.33
-2.33
-3.33
2.67
-2.67
9.67
5.0
-3.33
-2.67
-4.0
-2.33
5.33
0.33
4.67
8.0
4.67
7.33
-1.0
3.33
-0.33
-0.33
2.67
4.0
2.67
2.33
-1.67
10.33
-0.67
5.67
2.0
-0.33
1.0
-1.67
5.67
-1.67
2.67
-1.67
-4.0
0.67
0.33
3.67
-0.33
1.67
7.33
6.67
5.67
4.67
3.0
-1.67
-2.33
3.33
3.33
6.67
-1.67
5.0
-1.0
4.33
4.33
1.0
8.33
3.67
-1.0
1.0
8.33
-1.33
4.33
7.33
3.0
1.0
2.0
-2.33
0.33
-2.67
10.67
0.67
6.0
-1.0
-0.67
-3.0
-3.33
-2.33
7.33
-2.67
6.33
0.33
-0.33
-3.0
1.67
-0.67
2.67
-1.33
-1.33
11.0
1.0
-6.33
-1.33
0.33
1.0
2.0
0.33
-1.0
-2.0
1.0
7.67
8.67
2.67
-5.0
-1.67
5.67
-1.33
7.0
-9.0
8.0
