0.0
-3.33
23.0
-46.67
-33.0
-101.33
-100.67
-29.67
-58.67
-42.67
-22.33
-87.33
-95.0
-44.33
-30.0
-30.67
1.67
-22.0
-20.67
9.67
1.67
0.0
-10.0
-30.33
-2.33
-1.0
-9.67
-8.0
3.33
3.33
0.67
-6.33
-3.67
0.33
-1.67
2.33
-2.0
1.0
2.0
-1.0
-1.0
0.67
0.67
-0.67
-0.33
0.67
-0.33
-0.33
-0.67
0.0
1.0
1.0
-0.33
0.0
0.33
0.67
0.33
2.0
-0.33
1.67
1.0
-0.33
-0.67
0.33
0.67
-0.33
-0.33
-0.67
0.67
-0.33
-0.33
-1.0
0.0
-0.33
3.0
0.0
-0.33
0.0
1.0
-0.33
-0.33
0.33
0.0
-0.33
-0.67
-0.67
-0.67
-0.33
1.0
0.67
0.33
2.0
1.67
0.67
-1.33
1.33
0.67
0.0
0.0
1.67
-0.33
-0.67
-0.33
1.0
1.33
0.67
2.0
0.33
0.33
-0.67
-1.0
-0.67
0.0
-2.0
-1.33
0.0
-2.33
-2.33
1.33
2.67
-1.67
-2.33
-5.33
4.33
1.33
-0.33
3.33
2.0
6.33
0.0
-1.67
1.33
0.0
3.0
1.0
0.67
1.33
-1.33
-5.0
3.0
-3.67
0.0
4.67
4.0
-1.67
0.0
5.0
3.0
2.67
2.33
3.33
7.67
1.33
7.33
-3.33
0.33
4.33
6.0
2.33
6.67
-1.0
2.67
-3.33
0.33
9.0
11.0
-5.0
5.0
8.67
5.67
2.0
2.33
3.0
1.33
7.33
-1.33
0.0
6.33
-4.33
4.33
3.67
8.33
1.67
15.0
-3.33
1.0
4.33
1.33
6.33
6.33
0.33
-2.0
-2.0
7.33
3.0
9.67
-0.67
0.33
2.33
6.33
2.67
3.33
3.33
0.67
2.67
5.33
6.67
5.67
-1.33
7.33
-1.33
5.33
4.33
4.33
5.33
4.0
0.33
0.0
7.67
-2.67
6.33
2.0
4.67
7.67
2.67
8.67
3.33
1.0
2.33
-2.67
-4.67
-1.33
-3.33
4.0
-0.67
2.0
3.0
6.67
7.0
0.33
8.67
3.67
-0.33
9.33
4.67
12.33
-0.33
9.33
1.33
4.33
2.0
5.33
2.0
5.0
0.0
5.0
-0.33
0.67
-1.67
7.33
-2.67
3.67
3.67
0.67
-1.67
2.33
7.67
2.0
-1.67
5.67
8.0
2.67
7.0
-0.33
0.33
1.67
7.33
3.67
2.33
6.67
-3.67
-0.67
-1.33
-0.67
6.67
3.67
3.0
2.33
3.33
0.0
6.0
7.67
-1.0
13.67
-1.0
-3.33
2.33
4.67
2.67
3.0
4.33
7.0
6.0
10.33
7.0
2.33
3.0
0.33
4.0
9.0
5.67
-2.67
-0.67
0.0
0.33
-3.33
7.33
4.67
-3.33
-0.67
-2.0
6.33
-0.67
3.33
8.33
-0.67
5.67
-3.0
3.0
9.0
2.33
5.0
4.67
3.33
3.33
2.33
10.0
2.0
4.67
5.67
5.33
2.33
6.0
6.33
-3.0
-1.67
-0.33
5.0
1.33
0.0
3.0
7.33
4.33
1.0
-2.33
-3.0
1.67
0.33
2.67
5.0
1.67
-3.67
0.0
3.67
6.33
0.0
0.0
7.0
-3.33
0.67
3.67
2.33
-1.33
3.0
3.67
3.33
-4.67
0.67
2.33
-1.0
2.0
1.67
-3.33
1.33
5.0
-3.33
4.0
5.67
5.0
1.67
-0.33
2.67
-0.33
-0.33
1.67
4.67
-0.67
4.0
-3.67
5.67
1.33
0.0
-1.0
6.0
-0.33
-2.0
1.33
6.33
-2.0
0.67
4.67
9.33
2.33
-1.0
6.0
2.33
-3.67
1.0
8.0
-0.33
3.67
1.67
-3.67
-5.67
-6.33
-4.0
-4.67
-4.67
-2.33
-0.33
1.67
1.0
1.33
4.67
1.67
4.67
3.67
2.0
1.67
-1.67
1.67
1.0
0.67
-1.67
3.0
5.33
-0.67
2.33
0.67
3.33
5.0
1.33
1.67
-3.0
1.0
4.33
-0.33
1.33
3.33
2.67
-3.33
0.67
0.33
1.33
-2.0
3.67
-2.33
3.33
3.0
2.67
0.33
3.67
5.0
3.67
-5.0
0.67
6.67
5.67
-3.0
2.0
0.33
1.0
6.33
1.0
1.0
0.0
-4.0
5.33
0.33
0.67
5.33
0.33
3.67
1.33
4.33
8.67
-1.0
-1.67
7.0
2.0
2.33
6.33
3.33
1.33
5.0
2.0
0.0
0.0
-3.0
1.0
4.0
3.67
-2.33
11.67
-1.0
2.33
3.0
7.0
4.67
-2.33
-2.0
-1.67
4.33
4.67
4.33
1.0
-3.33
3.0
-1.0
9.67
-2.67
0.33
-0.67
-2.33
-1.0
-1.67
4.67
0.67
1.33
0.0
-0.67
-3.33
1.33
3.33
3.33
2.33
0.67
2.33
3.67
1.0
-5.33
-2.67
-0.33
0.67
-1.33
-2.67
1.33
-1.0
0.67
1.33
-1.67
-4.67
0.0
4.0
3.0
1.33
7.67
-1.33
0.67
4.33
-1.0
3.67
4.33
2.67
-0.67
3.33
0.0
5.33
6.33
-1.67
-0.33
1.0
-2.67
-1.0
2.67
-0.67
4.33
-2.33
-2.33
-0.67
0.33
-1.0
-0.33
5.33
-4.33
8.0
-1.0
4.67
2.67
-3.33
4.33
1.33
-0.33
1.0
2.33
0.67
-0.67
7.67
-1.67
2.67
1.67
1.33
-3.33
-0.67
4.67
-2.33
1.0
-2.33
3.0
-0.67
0.33
-0.33
-2.67
-1.67
2.67
-0.33
7.33
9.67
2.67
-2.0
-1.0
5.33
2.33
4.33
2.0
3.33
0.67
1.67
5.33
0.0
-2.33
-0.67
-1.0
0.67
0.0
6.67
-3.67
-1.67
-4.0
1.67
5.0
3.33
2.0
1.67
-5.0
-1.33
2.33
-0.67
1.33
4.33
1.33
1.0
5.33
2.0
-1.33
3.67
0.67
2.67
2.0
1.67
1.33
2.33
2.33
1.0
2.0
-2.67
-0.33
0.0
-1.67
5.33
1.0
7.67
7.0
2.0
0.33
10.0
1.33
3.0
-2.33
0.33
0.0
1.0
6.0
-1.33
-2.67
-0.33
-2.0
-4.67
1.0
0.33
2.33
4.0
3.67
-5.0
3.0
4.33
2.33
-1.33
-1.33
0.67
-1.33
4.33
0.0
3.67
4.0
6.0
-0.67
3.0
4.0
-0.67
-0.67
-1.0
-2.67
3.67
4.33
-0.33
2.33
2.33
4.33
1.33
1.33
-1.67
-2.67
2.33
-4.67
5.67
1.33
4.0
-1.0
-3.0
1.67
-3.0
-1.67
-3.0
0.0
0.67
2.33
1.0
-3.67
3.0
-1.33
2.0
1.33
0.0
-0.33
5.67
7.67
1.0
-0.33
1.67
-2.33
-1.0
7.33
-1.67
1.67
2.33
1.0
5.0
3.0
-4.0
-2.33
-2.33
-3.67
-3.33
-3.0
1.33
-0.33
-1.33
12.0
-1.67
3.33
-1.0
-0.67
1.67
-2.0
5.0
5.33
-2.33
-2.33
-2.0
1.67
6.0
-1.33
1.0
7.67
8.33
-0.67
6.0
-1.0
3.33
4.0
-2.33
-3.67
9.0
7.67
10.67
4.0
7.67
3.67
4.33
8.0
9.33
3.33
-3.0
1.0
4.33
8.0
8.67
-5.67
6.33
0.67
2.67
10.33
1.33
5.33
-0.67
1.0
0.33
8.0
-3.0
3.0
-2.0
4.33
3.33
0.33
2.0
3.33
1.33
3.0
8.67
4.0
-0.33
9.67
11.67
2.33
6.67
5.0
4.33
3.0
1.33
8.0
10.0
4.0
0.0
1.33
10.67
12.33
4.33
10.33
16.33
3.67
9.67
7.0
-1.0
9.0
5.0
5.0
4.67
7.33
3.0
1.0
13.0
-3.33
3.0
0.67
9.33
11.33
6.33
-3.0
11.0
11.67
2.67
4.33
4.67
5.0
7.67
-0.67
6.0
14.67
2.0
8.0
8.33
2.67
9.0
13.67
10.0
-0.67
7.0
0.0
17.33
7.33
11.0
6.0
3.67
8.67
13.33
8.67
1.67
8.0
6.67
15.33
11.0
5.67
1.67
6.67
11.33
4.33
7.0
4.0
1.33
9.0
10.0
9.0
9.0
13.0
7.67
10.33
10.33
9.33
14.0
21.0
13.0
19.33
16.67
20.67
28.0
12.33
19.33
28.67
27.33
31.67
20.33
24.0
15.0
31.0
19.33
15.33
21.67
7.0
15.33
17.0
20.67
19.0
15.0
5.67
4.0
7.33
9.67
5.33
2.33
13.67
12.0
19.67
8.67
5.33
1.0
8.0
19.0
12.33
13.0
7.67
12.33
5.33
16.33
11.0
9.0
10.0
19.67
19.33
19.0
21.67
15.33
19.0
35.33
20.67
30.33
31.33
28.0
29.0
25.67
36.67
28.67
35.67
34.0
42.33
56.67
44.33
30.67
39.0
45.33
28.67
34.67
42.33
22.67
26.67
4.33
15.33
4.67
12.0
16.0
14.67
8.33
4.67
10.67
5.33
20.33
12.67
7.33
14.0
7.33
11.33
6.0
14.67
7.67
16.0
16.0
10.67
18.0
13.33
14.67
15.0
13.67
14.33
18.67
15.67
24.0
25.33
14.0
13.0
18.33
7.67
24.0
20.33
10.67
21.67
17.0
27.0
9.0
21.0
17.67
24.33
26.33
31.67
17.33
38.33
20.67
18.67
43.67
37.33
33.67
35.0
20.33
32.33
27.67
31.0
28.33
35.67
36.33
36.0
28.67
33.0
19.0
29.33
23.67
39.67
21.33
31.0
33.67
43.67
32.67
31.0
41.67
45.67
46.67
45.67
49.0
57.67
50.33
53.33
59.0
45.0
51.67
51.0
55.0
51.33
36.33
28.33
32.0
36.67
19.67
14.33
31.0
15.0
25.0
24.67
13.0
12.33
12.67
11.33
16.33
10.33
14.0
11.67
7.67
0.67
13.33
15.67
14.67
16.0
2.67
10.33
12.0
-0.67
12.0
5.33
8.67
14.0
12.67
9.0
21.33
18.67
37.33
15.33
23.0
31.0
30.0
19.0
26.33
26.0
28.33
34.33
24.0
39.0
19.33
19.67
20.33
13.33
7.67
36.0
22.0
22.33
18.33
25.0
11.0
22.33
4.0
6.67
12.33
17.0
22.33
16.33
14.0
17.67
10.67
13.0
18.33
8.67
18.0
12.33
19.33
21.0
13.0
20.33
19.67
14.33
15.0
17.0
41.0
31.33
24.67
28.0
26.67
34.33
17.0
37.0
41.67
47.0
54.67
53.33
57.33
70.67
75.0
69.67
51.67
67.33
59.67
47.33
49.33
38.67
43.33
31.33
37.33
49.67
43.33
31.67
47.33
30.0
32.0
27.67
18.0
29.0
28.0
25.0
23.0
18.67
19.67
16.0
18.0
21.33
20.33
11.0
20.67
25.33
9.33
14.33
28.33
28.67
20.67
36.67
21.0
21.0
30.67
42.0
42.0
48.33
42.0
56.67
49.33
75.33
56.33
65.0
55.33
55.67
56.67
61.67
62.33
62.0
57.67
63.0
58.0
42.33
45.0
48.0
33.0
38.0
36.33
28.67
36.33
21.0
32.33
18.67
31.0
22.0
32.33
19.0
37.33
19.33
15.33
15.33
19.33
16.33
28.0
27.0
22.0
6.0
11.67
14.33
19.33
5.67
17.67
6.33
4.0
13.33
11.67
17.33
0.67
14.33
5.67
5.33
17.67
13.0
13.33
12.67
13.67
10.0
12.67
9.0
4.33
12.0
15.0
18.0
12.33
6.67
6.0
9.0
8.33
18.33
23.0
9.33
18.33
10.67
14.67
11.67
19.0
11.33
16.33
11.0
5.33
16.67
12.67
13.67
18.0
24.67
15.0
19.67
23.67
19.0
27.67
22.33
21.33
19.0
14.0
23.33
14.33
19.33
26.0
24.33
37.0
28.33
20.0
17.67
24.33
33.33
6.0
18.0
7.67
18.67
33.0
28.67
12.67
10.67
13.67
26.0
16.67
15.67
17.33
20.0
22.67
22.33
22.0
9.33
21.67
31.0
18.67
16.33
20.33
14.67
11.67
14.67
27.33
21.33
42.33
13.33
23.33
20.67
13.0
6.0
25.33
19.0
13.33
13.0
21.0
15.0
23.0
16.0
14.33
8.0
16.33
11.33
13.33
0.33
16.33
15.67
9.0
16.0
10.67
18.67
13.67
7.67
9.0
16.33
19.0
19.0
19.0
22.0
6.0
19.0
7.33
21.0
14.67
8.0
5.33
22.0
15.0
2.67
12.67
8.33
10.67
7.67
23.0
7.67
9.33
5.67
12.33
6.0
1.33
10.33
6.0
21.33
8.33
13.33
9.67
23.67
0.67
16.33
14.67
14.67
8.67
21.33
14.33
5.67
17.33
12.33
14.33
12.0
20.67
18.67
15.33
9.67
13.33
16.67
17.33
19.67
15.0
15.0
19.33
29.0
0.0
24.0
8.0
13.0
13.33
14.33
24.67
9.67
14.0
14.67
-4.0
6.33
2.0
9.33
7.33
11.0
9.0
6.67
2.0
1.0
0.0
13.33
1.0
12.33
5.33
21.67
-2.0
1.67
17.0
11.67
-2.0
4.0
1.0
7.67
4.0
14.0
-0.67
1.0
18.67
12.33
11.0
5.0
5.0
2.67
4.0
7.67
14.33
9.0
-2.33
12.33
-0.67
17.0
25.67
18.0
2.67
17.0
1.67
-3.33
10.33
-2.0
2.0
2.67
2.0
13.33
8.67
14.33
7.0
14.67
4.0
-2.0
11.0
13.33
4.67
4.33
-4.33
10.0
4.0
8.33
-1.0
13.67
20.67
11.67
13.33
5.0
11.0
-4.67
7.33
7.33
10.33
13.0
9.67
2.67
11.67
12.67
10.67
5.0
16.67
20.67
5.67
13.33
5.0
8.33
12.0
11.33
11.0
5.33
11.33
9.67
24.67
10.67
9.0
18.0
16.0
13.67
33.67
10.33
3.33
26.33
19.67
18.67
18.33
6.0
17.33
24.67
4.33
11.33
15.33
3.33
14.0
8.33
9.67
14.67
5.0
18.67
24.0
6.33
13.0
3.67
15.67
14.33
3.0
18.67
8.0
2.67
9.0
15.67
0.67
5.0
-1.67
14.67
11.0
11.0
11.67
-0.67
-3.33
0.0
9.67
11.0
13.0
8.0
9.33
10.67
-2.67
13.67
6.0
28.67
3.0
6.33
6.33
5.67
17.0
1.33
-0.33
12.33
5.33
2.67
15.33
22.33
5.33
5.33
1.0
2.0
0.33
9.67
2.67
1.67
7.33
4.67
2.33
-9.33
13.33
15.67
0.67
19.33
11.33
11.33
16.33
5.0
3.0
0.67
4.0
3.33
-6.33
12.67
10.0
2.33
4.33
4.67
1.33
5.33
14.33
0.0
18.67
2.67
4.67
9.67
5.67
5.0
12.67
10.33
0.0
-0.33
14.67
0.67
-10.33
8.67
4.67
14.33
-2.0
-8.33
1.67
-3.67
-2.0
9.67
0.33
-7.33
-3.0
9.0
4.0
-0.33
1.67
-2.67
9.67
3.0
8.33
2.0
0.33
1.33
5.67
-5.0
11.33
-7.0
7.67
5.0
6.67
5.67
-1.67
1.67
1.33
-5.0
6.33
6.67
9.33
6.0
-0.33
3.67
0.67
8.67
-2.67
1.0
-1.0
0.0
0.33
-0.67
-14.0
11.0
5.33
5.0
-2.33
3.67
6.0
8.0
2.67
-9.67
-0.33
2.0
-4.0
12.33
13.0
8.33
0.33
-0.67
8.33
4.67
6.33
4.0
16.67
16.67
-4.0
-1.67
9.33
11.0
11.0
19.67
7.0
6.33
-3.67
6.67
10.33
7.0
6.33
3.67
-4.33
3.0
-6.0
2.33
4.33
-5.33
11.67
-1.0
1.33
10.67
-0.33
-2.0
-1.67
4.33
2.33
7.33
-0.67
-2.0
5.33
8.67
0.33
3.67
5.67
-0.33
6.33
-3.0
-2.67
-1.67
7.0
1.0
-0.33
1.0
4.33
-2.0
10.33
-2.0
6.0
2.33
1.67
-0.67
5.0
7.33
7.67
-4.0
-6.67
-7.0
4.67
-4.67
5.33
-0.33
2.33
1.0
6.67
-4.33
5.67
-2.0
2.67
-5.67
0.33
5.33
10.0
7.67
-6.33
3.67
2.33
14.33
14.67
0.33
4.0
-6.0
17.33
-1.67
2.33
1.67
-2.0
-4.0
0.67
4.67
1.67
3.0
-6.67
-0.33
1.67
-1.33
11.0
0.0
10.67
5.33
10.0
-1.33
0.0
7.0
5.0
4.33
1.67
7.0
2.33
4.67
6.67
3.67
11.67
-2.67
12.0
9.33
1.67
1.33
4.67
6.33
4.33
14.0
4.67
4.67
10.33
-4.33
3.0
4.0
-1.0
4.0
6.33
5.33
1.67
1.0
2.33
6.67
4.0
-1.67
-1.33
6.33
4.67
0.0
1.33
7.0
5.0
3.67
2.0
-4.33
14.0
3.0
4.67
7.0
10.33
6.67
4.67
0.67
-0.67
0.67
-5.67
-2.33
0.33
-3.0
0.67
-1.33
-3.0
1.67
1.67
0.67
-3.0
3.0
0.0
-4.33
0.67
-2.67
6.67
1.33
0.33
-8.67
2.33
3.67
-1.33
3.67
0.33
8.67
3.0
-1.33
2.33
-1.0
11.67
3.33
6.33
-1.33
-1.0
8.67
10.33
-6.0
3.33
-5.33
8.67
-0.33
-2.0
2.67
7.33
-1.67
2.33
1.33
-2.33
-2.0
-0.33
5.0
5.33
1.67
1.33
1.67
2.33
0.0
6.67
-0.67
5.67
-4.33
11.67
4.33
4.67
3.67
7.67
11.0
-0.67
1.67
3.33
0.33
6.67
1.33
-9.0
-2.0
-0.67
1.33
-1.0
1.33
-3.33
4.0
-3.0
3.33
-0.33
1.33
5.33
0.0
2.0
2.0
-2.33
0.33
3.33
0.67
0.67
0.0
-1.0
-2.67
-3.0
4.67
-3.33
0.33
1.33
-0.67
-0.67
-2.33
-3.0
-3.33
-5.67
1.67
-1.33
-2.33
8.0
0.0
-1.33
-0.33
3.33
-3.0
-4.0
1.33
2.0
-2.0
3.0
0.67
0.67
2.67
1.0
4.33
-0.33
-1.33
0.0
-4.0
0.0
