0.0
5.67
27.0
-40.67
-83.0
-11.33
-5.67
13.33
-35.67
-19.67
29.67
7.67
-43.0
29.67
24.0
-1.67
-8.33
20.0
24.33
9.67
24.67
0.0
-12.0
-5.33
-0.33
-18.0
-13.67
-7.0
2.33
1.33
-0.33
2.67
-1.67
3.33
4.33
0.33
1.0
4.0
0.0
-1.0
-2.0
0.67
-0.33
-0.67
0.67
-0.33
0.67
-0.33
-0.67
1.0
1.0
2.0
-0.33
1.0
-0.67
0.67
-0.67
0.0
-0.33
0.67
0.0
-1.33
-0.67
-0.67
-0.33
-0.33
0.67
-0.67
-0.33
0.67
-0.33
0.0
0.0
-0.33
0.0
0.0
-0.33
0.0
1.0
0.67
-0.33
0.33
1.0
-0.33
-0.67
-0.67
1.33
-0.33
1.0
1.67
-0.67
1.0
-0.33
-1.33
1.67
1.33
-0.33
-1.0
1.0
3.67
-0.33
1.33
-1.33
2.0
0.33
0.67
1.0
0.33
2.33
-2.67
0.0
-0.67
-2.0
1.0
-0.33
3.0
-1.33
-0.33
3.33
3.67
0.33
-2.33
-3.33
0.33
1.33
6.67
0.33
-2.0
4.33
-3.0
0.33
4.33
-2.0
1.0
3.0
1.67
5.33
7.67
3.0
1.0
1.33
-1.0
5.67
1.0
-2.67
2.0
3.0
4.0
2.67
-0.67
5.33
3.67
4.33
2.33
6.67
2.33
6.33
3.0
7.33
7.67
4.0
2.67
-2.33
-4.67
1.0
6.0
-1.0
1.0
1.67
0.67
4.0
2.33
-2.0
0.33
-4.67
2.67
2.0
0.33
0.67
4.33
1.67
7.33
6.67
0.0
5.67
6.0
7.33
-1.67
6.33
6.33
12.33
6.0
5.0
1.33
0.0
3.67
0.33
4.33
9.33
0.33
4.67
8.33
6.33
0.67
2.67
6.33
5.67
2.67
4.67
2.33
-1.33
6.33
3.33
4.33
2.33
2.0
5.33
5.0
3.67
-0.67
1.33
1.0
1.67
0.67
2.67
-4.33
-0.67
-2.0
2.33
-1.67
2.33
-1.33
1.67
2.0
-3.67
-4.0
-5.0
4.67
5.0
4.33
2.67
1.67
-1.33
1.33
1.67
3.33
8.67
4.33
2.33
-0.67
9.0
2.33
1.0
0.0
5.0
-1.0
7.67
-0.33
4.33
3.33
4.33
7.67
4.67
5.67
-0.67
-4.67
4.67
5.0
-0.67
-1.33
5.0
1.67
-4.0
3.67
-2.67
10.67
2.33
-0.33
-0.67
8.67
-2.67
-1.67
8.67
0.33
4.67
0.67
8.0
1.33
-1.67
-1.0
0.0
-0.33
-2.0
-4.33
0.0
8.67
3.33
3.67
3.67
4.0
0.33
-1.0
3.0
1.33
6.0
-0.67
10.0
1.33
2.0
5.0
-0.33
6.33
-2.67
10.0
4.33
1.67
8.33
3.67
0.67
-1.67
8.0
-5.67
-2.67
-1.67
10.33
2.33
-0.33
-2.0
3.0
5.0
0.33
4.0
-2.33
5.33
2.33
-0.67
4.0
-2.0
3.67
4.67
1.33
1.33
2.0
2.33
8.0
10.33
-1.33
5.0
-1.67
7.0
-1.0
0.33
0.33
-4.0
-3.33
2.0
0.67
4.33
-0.33
1.0
5.67
3.33
3.0
-3.33
3.33
2.0
7.0
4.0
5.67
-3.33
-3.33
4.33
2.67
-1.0
2.67
-0.67
1.33
-0.33
0.33
0.0
-6.0
0.67
-3.33
2.33
-6.0
-0.33
2.0
5.67
8.0
0.67
1.67
1.67
7.67
-0.33
1.67
4.67
1.33
3.0
5.33
8.67
5.33
0.0
0.0
-3.0
4.67
-2.0
1.33
1.33
-3.0
-1.33
1.67
-1.67
4.33
-1.0
-3.0
6.33
-4.67
-3.0
0.0
3.67
4.67
-0.33
-0.67
-0.67
-5.33
4.0
-0.67
8.33
2.67
2.67
1.67
-1.0
-2.67
-2.33
9.67
3.67
5.67
-1.0
2.67
1.33
0.67
2.0
-1.33
4.33
0.0
4.33
1.33
6.33
-2.33
0.33
0.0
-1.67
-3.33
0.0
1.0
-0.67
-2.33
1.33
3.33
0.67
10.67
1.67
1.33
0.33
4.0
3.67
-0.33
-0.67
-2.0
-0.33
9.33
5.67
4.0
4.67
-4.0
-2.33
2.67
3.67
3.0
-1.0
1.33
0.0
0.33
-2.0
0.0
2.0
-3.0
-1.67
-3.67
-0.33
2.33
3.33
4.67
7.33
-1.67
3.67
0.0
2.33
2.0
1.0
0.33
3.33
3.33
-1.67
-1.0
4.0
-3.0
7.0
4.0
2.0
2.0
0.67
0.67
-0.33
1.0
-0.67
4.0
2.0
1.67
-0.33
-1.0
-3.67
0.33
2.67
1.33
2.0
-0.33
2.0
-4.0
2.67
1.33
-3.67
4.33
4.67
1.0
-0.67
-0.33
3.67
-0.67
0.0
-2.67
-0.33
-0.67
7.33
3.33
0.33
1.67
-0.67
0.67
0.0
2.67
0.33
-1.33
1.67
-1.33
-0.67
-1.67
-1.0
-0.33
0.33
-1.67
-2.67
1.0
2.0
2.0
-0.67
-1.33
1.67
-0.33
4.33
2.0
1.67
0.33
2.67
1.33
1.33
4.0
0.33
1.33
0.33
-1.33
0.0
2.33
1.0
3.67
-3.67
3.33
2.67
-1.33
-2.67
-1.67
-3.0
1.67
1.33
-4.33
3.0
-1.0
5.67
2.67
-0.33
-0.67
-1.67
-0.33
-4.0
4.33
0.67
-3.67
2.67
0.33
-0.33
-3.33
1.33
-4.33
-1.67
-1.33
0.67
1.0
2.67
1.0
-3.67
1.33
-3.33
-1.67
6.33
4.67
3.67
-0.67
3.67
1.67
-1.0
4.0
3.33
5.33
3.33
0.0
2.33
-0.33
-0.33
-1.67
0.0
-1.33
4.33
0.0
1.67
-4.0
0.67
-0.67
-1.67
-3.0
-1.33
-3.0
-2.67
4.0
7.67
-3.0
-2.33
-3.67
1.33
5.33
2.33
-0.67
0.0
0.33
1.0
1.67
2.67
1.67
5.67
1.0
-1.33
-0.67
-2.67
1.33
2.0
4.0
0.33
2.67
1.0
-0.67
-1.67
4.0
4.67
3.0
0.0
0.33
4.0
4.33
0.0
2.67
-0.67
3.0
-2.0
6.0
0.67
0.33
0.67
2.0
-2.67
5.0
-3.67
1.33
4.0
8.67
3.0
0.0
1.33
2.33
0.67
-1.33
2.67
-3.33
3.33
-2.0
-2.33
6.0
3.0
4.33
1.0
0.0
-0.67
-0.67
1.0
-4.67
3.67
0.33
3.67
-1.67
-1.67
-2.67
2.33
2.33
-2.67
-1.67
-0.67
-1.67
3.67
9.33
2.0
1.0
1.0
-0.33
4.0
0.33
0.0
1.0
0.67
6.33
-2.0
-1.67
0.0
6.67
-6.0
0.33
1.0
0.67
5.67
1.67
-1.0
-3.33
2.67
-0.33
1.0
2.33
1.33
-1.33
3.33
1.0
-1.0
0.0
5.0
-0.33
1.67
-2.67
2.67
-2.0
-0.67
-6.33
-2.33
1.0
2.33
-4.67
-1.0
-0.67
2.67
-3.0
3.0
1.33
3.67
9.67
-6.0
3.67
-1.0
1.67
5.0
6.67
4.33
4.33
1.0
4.0
2.33
8.0
0.67
4.33
4.0
0.67
-3.33
-5.0
8.67
-2.33
4.33
2.0
1.33
5.33
-2.0
4.0
4.33
7.0
6.67
-5.67
9.33
-1.33
3.67
2.33
-1.67
-0.67
-0.67
0.0
3.33
6.0
3.0
2.0
-1.0
9.33
4.33
4.33
4.0
1.33
6.33
8.0
5.67
6.0
-5.33
2.67
3.67
-0.67
4.67
9.0
7.33
12.0
3.33
5.0
1.0
6.0
2.0
-0.67
5.67
6.33
11.33
5.33
1.33
-4.33
-0.33
5.0
6.0
1.0
6.0
-7.0
6.67
3.33
-1.0
6.0
0.0
4.67
6.0
2.67
3.33
11.33
0.33
-1.0
4.0
6.67
2.67
1.33
-1.33
11.0
4.67
1.33
6.0
9.67
2.0
7.0
9.33
4.67
9.0
8.67
2.0
11.33
12.0
11.0
10.33
6.33
4.0
4.0
9.67
14.67
9.33
10.67
0.67
8.0
5.67
8.33
10.0
8.67
4.67
8.67
9.33
8.33
9.0
-1.0
-0.67
10.0
19.0
5.0
5.0
5.0
16.67
13.33
13.33
10.33
14.0
13.0
21.0
11.33
20.67
33.67
25.0
25.33
20.33
33.67
33.33
46.67
32.33
38.0
19.0
25.0
23.33
22.33
24.67
21.0
21.33
19.0
29.67
24.0
18.0
21.67
7.0
10.33
10.67
12.33
9.33
8.67
15.0
14.67
10.67
9.33
11.0
1.0
16.0
12.33
15.0
8.67
16.33
16.33
19.33
22.0
9.0
24.0
16.67
27.33
21.0
32.67
46.33
37.0
38.33
40.67
51.33
45.33
45.0
41.0
49.67
40.67
35.67
37.67
26.0
28.33
29.67
28.33
30.67
29.0
20.33
24.67
22.67
16.33
7.67
21.67
10.33
11.33
11.67
10.0
16.0
8.67
10.33
5.67
11.67
8.33
10.33
11.67
16.33
18.0
8.33
17.33
15.0
15.67
10.67
10.0
29.0
16.67
17.0
13.33
16.67
13.0
19.67
13.33
12.67
16.67
15.0
21.33
19.0
9.0
24.33
27.67
16.0
19.33
8.67
19.67
23.0
22.0
16.0
2.0
11.67
8.33
20.33
11.67
16.33
21.33
17.67
8.67
13.67
10.33
30.67
23.0
16.33
35.33
22.67
12.0
13.33
25.67
26.33
37.0
33.67
34.0
38.0
29.33
34.67
35.67
29.33
26.0
48.67
42.67
42.67
41.0
40.67
59.67
55.67
57.67
70.0
54.67
52.33
50.33
40.0
50.0
44.67
39.0
34.0
51.33
41.33
19.33
35.0
35.67
19.67
34.33
31.0
30.0
14.0
19.67
9.0
15.33
15.67
15.33
15.33
13.33
19.0
11.67
16.67
15.67
11.33
18.67
14.67
22.0
9.67
7.33
22.0
1.33
8.0
3.33
14.67
13.0
24.67
4.0
15.33
13.67
26.33
5.33
4.0
17.0
13.0
6.0
14.33
17.0
5.33
19.33
12.0
28.0
11.33
8.67
20.33
15.33
9.67
19.0
26.0
23.33
27.33
26.0
22.0
33.33
13.0
26.67
15.33
22.0
31.33
21.33
18.0
15.67
14.67
12.0
16.33
7.67
13.0
10.33
10.33
9.0
11.0
19.33
7.67
15.33
12.0
19.0
16.0
26.33
36.67
20.0
48.67
31.33
65.0
44.0
55.67
61.0
74.67
72.33
76.33
87.67
103.0
72.67
125.67
113.33
93.67
98.33
104.33
108.67
104.33
110.33
81.33
107.67
72.33
57.67
75.33
43.0
40.0
33.67
39.0
38.0
39.0
37.0
27.0
35.67
28.67
31.0
31.0
37.33
43.33
42.0
35.67
47.33
61.33
58.33
36.33
32.67
50.67
23.67
36.0
35.0
32.67
27.0
28.0
21.33
37.0
29.67
26.33
36.33
31.33
41.0
44.33
35.67
44.67
46.67
42.33
37.0
34.67
42.0
45.0
33.33
46.0
39.0
27.0
23.0
29.33
19.67
34.33
45.0
44.33
29.67
37.0
48.0
39.33
40.0
23.33
36.33
40.33
29.33
32.33
33.33
29.0
9.0
22.0
18.0
18.67
22.33
6.33
11.67
20.67
9.33
16.0
16.33
20.67
21.33
2.67
25.33
6.67
10.33
17.67
10.0
14.33
16.67
4.67
11.0
7.67
9.0
9.33
3.0
3.0
17.0
16.33
8.67
8.0
9.0
16.33
-2.67
7.0
16.33
8.33
20.67
8.67
9.67
21.0
-0.67
15.33
7.0
4.33
13.67
16.67
25.67
13.0
24.67
20.0
12.67
17.67
12.0
11.67
12.33
30.33
27.0
17.0
26.33
13.33
21.33
22.0
12.33
14.0
32.33
22.0
18.67
12.33
16.33
16.0
34.0
13.67
17.67
28.0
21.67
21.67
16.67
20.67
31.0
5.67
13.67
23.33
41.0
18.67
33.33
26.0
10.33
15.67
13.0
31.67
9.33
16.33
6.67
19.67
20.67
23.33
17.33
15.33
14.33
18.33
29.67
5.0
13.0
21.33
3.0
7.33
18.0
28.0
6.0
3.0
13.0
16.33
10.0
11.33
18.33
7.33
5.33
4.33
25.67
14.0
15.0
16.67
7.67
16.67
8.67
16.0
19.33
8.0
20.0
8.0
14.0
9.0
17.0
28.33
9.0
20.67
6.0
21.33
26.0
19.0
6.67
4.67
13.33
13.67
11.67
29.0
2.67
10.33
13.67
16.33
2.0
20.33
16.33
16.0
23.33
13.33
10.33
9.67
8.67
14.67
8.33
9.67
4.67
24.67
20.33
8.33
7.67
21.33
10.33
10.33
23.0
16.67
8.67
15.33
19.67
20.33
22.67
14.33
-1.33
18.0
32.0
11.33
41.0
8.0
11.0
19.0
17.0
11.33
6.33
14.67
6.67
8.0
15.67
14.0
17.33
14.0
14.33
-1.67
12.0
3.0
11.67
14.0
4.0
8.0
8.33
14.0
4.33
7.33
7.67
7.0
2.67
4.0
7.67
10.0
11.0
-2.0
12.67
13.0
0.0
1.33
7.0
12.67
16.33
-1.0
7.0
5.0
4.67
1.0
10.67
10.33
9.0
-3.33
9.33
-1.67
15.0
9.67
12.0
6.67
-2.0
10.67
7.67
3.33
5.0
5.0
6.67
14.0
11.33
14.67
9.33
4.0
8.67
15.0
21.0
11.0
1.33
10.67
-1.67
14.67
5.0
4.0
-2.67
3.0
1.67
17.67
1.67
4.33
-9.0
6.0
2.33
3.33
20.33
14.33
3.0
2.67
12.67
12.67
9.67
-4.33
10.0
4.67
-0.33
17.67
23.33
8.0
16.33
15.0
18.33
19.0
24.33
18.33
3.67
18.67
3.67
20.0
13.0
20.0
13.67
20.67
15.33
17.33
9.33
18.67
6.67
29.33
5.0
8.33
19.67
15.33
14.33
22.33
13.33
20.0
23.33
15.67
16.67
2.0
13.67
23.0
14.33
5.0
15.67
-3.33
1.33
-2.0
8.67
10.0
-2.33
-7.0
5.67
-1.33
12.0
-4.67
12.67
8.0
8.0
1.67
-2.67
6.67
-1.0
5.67
4.0
10.0
11.0
17.33
7.67
4.33
1.67
23.0
24.67
10.0
9.33
10.33
2.67
6.0
7.33
27.67
13.33
15.33
12.67
4.33
15.33
5.33
8.33
19.0
3.0
18.33
16.67
1.67
17.67
1.33
20.67
3.33
-3.33
5.33
17.67
9.67
10.33
17.33
1.33
5.33
9.0
4.0
2.67
-3.0
2.33
6.67
4.67
10.0
6.33
3.33
10.67
-6.67
8.33
3.33
-2.0
17.67
-0.33
2.67
-3.33
9.67
-3.0
-1.33
6.33
0.0
13.67
11.67
0.67
-3.33
5.67
-0.33
10.33
2.0
-4.33
14.67
7.33
6.0
-2.33
4.33
5.67
4.0
10.0
10.0
0.67
9.67
0.33
11.67
1.0
0.33
7.0
14.33
5.33
3.67
3.0
6.33
1.0
-4.33
8.0
5.67
7.67
-4.67
-4.33
4.33
-2.0
-3.67
-8.33
7.33
5.0
5.67
7.67
-3.33
-0.33
-1.67
4.0
-4.0
8.0
-4.67
-1.67
-7.0
1.0
5.33
-2.0
2.67
3.67
2.0
0.0
9.67
0.33
4.67
9.0
1.0
7.33
6.0
3.33
11.33
5.33
10.33
12.67
5.33
8.0
14.67
16.67
12.0
15.33
11.33
9.0
3.0
3.67
8.0
-0.67
12.33
2.67
1.33
23.0
-1.67
-8.33
-2.33
9.0
8.0
2.33
5.33
-2.33
-3.33
3.0
6.33
-3.33
1.67
0.0
0.33
2.33
5.33
7.33
3.33
-2.0
9.33
-3.33
-7.67
11.67
6.67
0.67
5.33
-8.0
9.33
-0.67
1.0
14.0
8.67
2.0
-3.67
-1.0
6.33
2.0
-3.0
0.33
-8.33
5.33
2.0
3.33
6.67
-3.0
-1.67
-7.0
6.67
0.33
14.33
-3.33
0.33
2.0
0.67
-5.33
-8.33
5.0
2.67
-1.67
1.33
3.33
-2.0
6.67
-3.33
0.67
0.33
5.33
8.67
5.33
-2.0
0.0
7.33
9.33
-0.67
-1.33
-4.0
7.0
0.67
-0.33
-0.33
-1.0
8.33
-0.33
-2.33
4.67
-3.0
0.0
3.67
-0.67
10.0
0.67
0.0
0.0
7.0
4.33
2.67
-4.0
2.33
-1.33
1.67
9.67
6.67
2.33
4.0
6.33
5.67
4.33
9.67
7.33
-0.67
7.0
3.67
10.67
10.33
-6.33
4.0
-1.0
2.0
-6.0
3.33
-3.67
1.67
3.0
-0.67
4.67
2.0
4.33
-6.33
6.33
0.67
1.0
-3.67
6.0
8.0
5.67
7.0
-4.33
10.0
3.0
-3.33
3.0
3.33
0.67
7.67
3.67
-3.67
1.67
2.33
-0.33
-4.67
3.0
6.67
4.67
3.0
0.67
4.67
-3.33
-1.0
4.0
-2.0
-3.33
1.67
0.33
8.67
2.33
2.33
3.33
3.33
-3.33
-5.33
2.67
-2.67
2.67
2.0
-0.33
2.33
-3.0
1.67
6.33
-0.67
-1.33
12.0
-1.33
1.33
-4.0
0.33
-2.33
3.67
5.67
5.0
2.67
7.33
-2.67
2.33
4.33
4.67
0.0
3.67
6.0
-4.67
2.67
2.33
3.67
-1.67
1.0
1.67
-2.67
2.67
2.67
0.67
7.33
5.67
1.67
0.67
0.0
-0.67
2.67
-0.67
4.33
1.67
1.33
2.0
-5.0
9.33
2.33
3.0
5.33
-2.33
-5.0
1.0
-3.67
0.67
-1.67
5.33
5.0
4.0
7.0
-2.33
2.33
-0.67
8.67
-1.33
-1.0
0.0
-6.67
1.0
2.67
0.67
12.33
1.33
3.33
0.33
-0.33
-3.0
9.67
2.33
0.67
-4.33
-3.33
7.0
-5.0
-0.33
5.67
2.33
2.0
-3.0
1.33
-1.0
0.0
4.0
3.67
5.67
-2.33
0.0
3.33
4.67
-0.33
-3.0
-3.0
1.0
