0.0
-30.33
55.67
1.67
13.0
-13.0
14.33
-40.33
13.67
-49.67
17.67
-19.33
44.33
28.67
31.33
16.0
22.33
45.33
-21.0
27.67
-27.67
-10.67
14.67
-8.67
12.67
-8.33
19.0
10.33
7.33
4.0
-4.0
5.0
-3.0
1.33
1.33
2.0
5.0
1.0
2.67
1.0
-0.33
0.67
-1.0
0.0
0.67
-0.33
-0.33
-0.33
0.67
-0.33
-0.33
1.33
0.0
-0.33
1.0
0.0
-0.67
1.0
-0.67
0.0
0.67
-0.33
1.0
0.67
0.0
-0.67
0.0
-1.33
-0.33
0.0
-0.67
-0.33
0.67
-0.33
1.0
0.0
1.0
0.33
-0.33
-1.0
-0.33
1.33
-0.33
-0.67
-0.33
-0.33
-0.67
-1.33
0.67
0.33
-0.33
-0.67
1.0
2.0
-0.33
1.67
-0.67
2.0
-1.67
0.67
-2.33
2.33
-1.67
-1.67
0.33
-0.33
0.0
3.33
-0.67
1.0
0.67
4.67
4.33
4.0
-1.33
0.33
-1.67
-4.33
-2.67
0.67
4.33
0.67
1.0
1.0
-2.33
1.67
-1.0
2.33
-2.33
-1.67
-3.33
0.33
0.33
0.67
2.33
2.67
4.67
2.0
0.67
0.67
-0.33
-0.67
-1.67
-2.67
-2.33
5.67
4.67
2.67
-2.0
1.67
-4.0
-1.0
5.33
6.33
-1.33
0.0
0.0
1.0
3.0
8.33
0.67
-3.67
7.33
4.0
0.33
2.67
2.67
0.33
0.33
1.33
3.33
-4.33
4.67
5.0
3.33
-0.67
2.33
4.0
7.33
3.0
-3.67
5.67
1.0
2.33
4.33
-3.0
6.67
5.0
8.67
3.67
1.67
5.0
-1.33
0.33
2.0
4.67
3.0
-1.0
3.33
-0.33
-1.33
1.0
9.0
1.33
5.0
1.33
5.33
15.0
-4.33
-2.0
0.67
4.33
1.67
9.33
0.67
-0.33
-1.33
0.0
7.0
-0.33
1.67
1.0
-3.33
-4.67
3.0
-0.33
4.0
-1.0
0.67
0.33
6.0
-2.0
6.67
-0.67
5.33
8.33
-0.33
-0.33
4.33
6.33
11.0
6.0
5.0
0.0
3.33
4.67
1.67
0.0
2.0
-3.67
6.33
0.0
5.67
6.0
-4.67
6.67
-0.67
1.67
0.67
0.33
3.33
4.33
-0.67
2.0
-0.33
8.33
0.33
0.0
3.0
3.0
-2.33
5.33
2.67
7.33
6.33
1.0
1.33
2.67
6.67
10.0
2.67
0.67
1.0
4.67
1.0
-1.0
0.0
-1.33
-3.33
3.0
2.0
-1.33
3.0
5.67
0.33
3.0
-1.33
0.67
-1.67
4.33
8.33
4.33
2.0
1.0
6.67
4.33
1.0
3.33
2.67
1.33
0.0
-0.67
-1.0
3.67
6.0
8.0
3.33
10.33
2.33
-4.33
-1.0
-1.67
2.33
0.33
-4.67
2.33
0.0
-0.33
10.33
-3.0
-1.33
-3.0
11.67
-4.33
5.0
2.33
-3.0
0.33
5.33
2.67
-2.33
5.0
-0.33
2.0
7.0
-0.33
-1.33
-2.67
5.67
-0.67
-2.67
7.33
-5.33
-0.33
-5.67
5.67
7.0
-2.67
4.0
1.33
7.33
2.33
2.33
4.0
-1.0
-6.33
-5.0
-2.67
2.67
6.33
0.67
2.0
10.0
9.0
2.33
-2.67
2.0
2.67
6.0
0.67
3.67
9.67
-0.67
-6.33
-0.67
-0.33
-2.33
5.67
2.67
-0.33
-2.67
3.0
0.0
0.0
3.33
-2.33
-2.33
4.67
8.67
3.67
-3.0
-0.33
-4.67
-2.67
-2.67
-1.0
2.33
4.0
-2.67
4.67
2.0
-2.33
6.67
6.0
0.33
0.67
2.0
1.0
1.0
0.67
-3.67
4.33
2.0
-0.33
-1.0
4.0
10.33
5.67
-4.0
2.67
1.0
2.0
0.0
0.67
-0.33
-1.0
5.67
-1.0
-4.67
0.0
4.67
-0.67
1.67
-2.67
0.33
7.0
5.33
6.33
3.67
1.67
-0.67
-1.33
0.0
2.67
2.0
1.67
-5.0
3.67
2.33
2.67
2.33
4.67
3.33
-1.67
3.67
-0.33
2.0
5.67
0.0
0.0
-0.67
3.0
1.33
1.33
4.67
-2.33
4.33
1.0
0.67
-2.33
2.33
5.33
1.67
2.67
0.67
-0.67
-2.33
3.0
2.67
-2.33
0.33
0.0
0.67
5.0
-6.33
-3.0
5.33
1.33
1.33
1.0
-1.67
-0.67
2.0
3.33
-3.67
4.0
1.0
0.33
0.33
2.33
0.0
2.67
2.33
0.67
2.33
-4.67
-2.67
3.0
-0.67
3.0
1.0
-3.67
1.33
-2.0
2.0
1.67
-1.67
-3.33
4.0
0.33
-1.67
-1.67
-3.67
-3.67
-0.33
5.33
1.0
-3.33
2.0
3.67
1.0
3.67
4.67
2.0
-0.33
2.0
2.67
0.33
-0.33
1.0
2.0
3.0
2.67
1.0
-5.67
-1.33
1.67
-0.67
-3.0
2.33
0.67
3.67
-1.0
-0.33
-1.0
6.67
5.33
1.67
-0.67
2.0
-2.67
-3.67
4.67
2.33
8.33
0.67
-1.33
1.67
4.33
5.67
3.0
1.0
-1.0
2.67
-2.0
-0.33
0.0
-2.0
3.33
-3.67
2.0
-3.0
-2.33
1.67
4.33
-1.0
-3.67
-1.33
-2.0
-0.33
1.33
-1.67
2.33
4.0
-2.67
0.0
2.0
-0.33
4.67
2.33
2.67
-0.33
5.33
-2.0
4.33
-0.67
-1.67
-1.0
0.0
1.0
2.0
-4.67
4.33
0.67
2.0
0.33
-3.33
-2.0
-0.67
0.33
-0.33
-2.67
0.0
-0.67
5.33
-4.33
-1.0
-2.67
5.0
-1.0
-2.0
-1.33
-2.33
-4.0
-2.67
5.0
0.33
1.67
1.33
-4.0
-0.67
-4.0
-3.0
1.67
-1.0
-3.33
1.33
-0.67
-4.67
-0.67
0.33
0.33
2.33
3.67
-1.67
-2.0
-3.33
-0.33
2.67
-0.33
-1.67
-1.0
-1.0
2.0
0.0
1.33
-2.0
-3.0
-0.67
-2.33
1.0
-3.0
-2.33
5.0
-4.67
-5.33
-4.33
2.33
-2.33
-5.67
-2.67
-4.67
-2.0
-7.67
2.67
-2.67
-5.0
-2.0
-8.33
0.0
-5.33
-2.67
-2.67
-4.0
-3.33
-2.33
5.33
-1.67
-3.0
-1.0
0.0
-2.0
-6.67
-0.33
-2.0
-4.67
3.0
-7.33
-4.67
-3.0
-1.33
-1.67
-5.0
1.67
-5.0
-5.0
-1.0
3.67
-4.33
-4.33
1.0
5.33
-0.67
-1.0
4.33
2.0
-3.33
-5.67
1.33
-7.0
-1.0
8.67
-11.33
-5.0
-1.0
-10.0
-2.0
0.67
2.67
0.67
-6.33
-0.33
-4.0
1.67
-2.33
0.0
-1.33
-7.0
8.0
-4.0
-6.33
-6.0
-1.67
-4.33
-1.67
-3.33
-0.33
-3.67
0.33
-8.0
1.33
-3.67
1.33
2.33
-10.33
2.0
-3.0
-2.0
-4.33
-5.67
-1.67
0.33
-5.0
-11.67
-1.0
1.33
-5.33
-6.0
1.0
3.0
-4.0
1.0
-3.33
-4.0
-8.0
-8.33
-1.0
-4.67
1.67
-3.33
-1.0
1.0
-2.0
-7.67
-0.67
3.33
-3.67
-1.67
0.0
-4.33
-2.67
-5.67
-1.33
-5.33
1.33
-3.33
-2.67
-3.0
-2.0
1.33
-1.33
5.0
1.67
-2.0
-5.33
-2.67
-0.67
-0.67
2.67
-7.33
-5.33
-2.33
2.67
-7.33
-2.0
-5.0
-2.33
1.33
0.33
-6.33
-0.33
-3.33
-2.67
-3.0
-8.0
8.0
-7.0
-2.33
-4.0
4.33
7.0
-3.0
-4.0
6.33
-0.67
6.33
-2.67
-3.67
0.67
3.33
0.33
2.33
-1.67
-2.67
4.0
-1.33
-0.67
-7.0
0.67
-2.33
-6.67
3.33
-2.67
-4.0
-1.67
0.67
3.0
-0.67
-3.67
-4.0
9.67
-3.67
-0.67
2.0
-0.33
-2.0
-2.0
-7.67
-2.0
-5.67
5.0
1.67
-1.67
5.67
5.67
3.67
-1.67
17.0
1.67
-1.67
3.33
0.0
3.0
2.33
-1.67
8.33
1.33
3.0
-3.67
1.33
-0.33
7.0
2.67
6.67
10.0
3.0
-0.33
3.67
-2.67
0.0
-2.33
5.0
5.67
11.67
17.67
10.33
5.67
12.0
5.67
15.67
14.0
26.0
19.0
9.67
9.0
13.67
33.33
22.33
24.0
35.67
38.33
22.0
25.33
36.67
33.0
33.67
40.33
29.0
18.67
23.67
16.67
19.67
22.67
8.0
5.0
5.33
14.0
3.0
-4.67
2.67
9.33
0.0
4.67
-7.67
-0.67
7.0
7.33
-0.33
8.0
4.67
6.0
9.33
6.33
17.0
8.67
6.0
16.0
17.33
29.67
21.0
21.67
30.33
34.67
22.0
30.0
22.67
30.33
29.33
29.0
20.0
19.33
15.33
22.33
16.0
37.67
15.0
13.67
9.0
17.67
16.0
20.67
12.0
13.33
9.33
7.0
6.33
4.33
5.0
0.67
7.33
-8.0
6.33
11.0
0.0
8.67
18.0
16.33
7.33
13.33
5.33
0.67
17.67
8.33
16.0
9.0
6.67
12.33
14.0
6.33
17.33
13.67
6.67
8.67
13.67
5.33
12.33
12.67
10.67
9.67
11.33
4.67
8.0
18.33
19.0
11.33
7.33
15.67
7.67
15.33
13.0
19.67
13.33
24.33
22.67
31.33
33.67
20.67
34.33
29.0
37.0
40.0
41.33
39.33
38.0
32.33
47.33
36.67
56.67
43.67
39.33
32.0
33.33
29.67
15.67
22.0
36.67
26.0
21.0
22.33
28.33
8.33
19.0
24.0
14.33
24.33
15.0
19.33
19.33
23.0
26.33
23.0
31.0
9.67
20.33
21.0
31.33
13.33
19.67
12.0
20.33
19.67
7.33
9.33
15.33
15.67
7.67
11.0
10.0
6.33
4.33
12.33
15.33
6.67
11.33
6.0
9.33
7.67
6.33
5.0
2.33
4.67
7.0
8.0
12.0
16.0
12.33
2.67
3.33
3.67
8.33
8.67
0.33
14.67
19.0
9.0
16.67
10.0
17.67
13.0
15.67
9.67
22.67
15.67
26.67
11.33
17.67
16.67
15.67
18.33
9.33
12.67
24.33
18.0
7.0
11.67
1.0
10.67
6.0
20.33
5.67
13.0
18.0
7.0
11.33
10.0
2.67
4.67
-1.67
-2.67
11.0
13.0
17.0
7.67
9.0
9.0
6.0
21.67
23.0
31.33
27.67
48.67
40.67
48.0
68.33
66.67
79.67
102.0
99.67
94.33
122.33
134.0
132.67
148.0
162.67
140.0
113.67
123.67
116.33
99.0
106.0
95.0
97.67
87.33
70.0
60.67
64.67
43.33
46.67
35.67
45.0
23.0
31.33
25.33
21.33
15.33
7.33
17.67
25.33
32.33
22.67
26.0
19.33
33.67
23.67
36.0
38.67
46.0
42.0
37.33
45.0
55.0
68.33
41.0
64.33
73.67
75.33
62.67
55.67
71.33
60.67
75.33
74.33
68.0
86.33
100.67
79.67
72.67
65.67
91.67
69.33
66.0
82.0
59.0
80.67
71.33
61.67
60.67
54.0
67.67
53.67
41.0
37.67
48.67
20.33
25.33
31.67
33.0
17.0
32.67
23.67
23.33
19.67
13.33
16.67
13.33
11.67
19.67
5.67
16.33
6.67
3.0
-2.67
14.33
18.0
18.67
13.0
12.33
8.0
14.67
10.0
0.33
7.67
8.0
14.33
12.67
18.0
10.33
17.0
6.67
22.67
16.67
10.67
24.0
22.67
27.0
16.33
16.33
28.0
17.67
30.33
25.0
17.33
24.67
25.67
16.33
35.33
16.33
31.33
29.0
18.33
31.33
20.33
14.33
29.67
39.33
27.33
37.67
22.0
24.33
43.33
15.0
27.33
18.0
28.67
31.33
35.0
23.33
36.0
30.33
33.67
25.33
35.0
25.33
22.67
42.67
15.67
20.0
22.67
13.0
26.67
17.0
7.67
23.67
24.33
31.33
21.0
23.33
21.0
14.0
32.67
22.67
25.67
18.67
28.33
16.67
22.67
3.0
29.67
21.0
22.33
20.0
16.67
17.33
18.67
28.67
15.67
12.0
11.0
22.0
21.33
19.33
9.67
33.67
23.33
23.33
14.67
14.67
-1.0
6.0
-0.33
11.67
12.67
4.33
11.67
3.67
-5.67
6.67
13.33
10.0
3.67
15.0
10.67
13.33
9.67
14.0
5.0
18.67
18.67
2.33
22.67
1.33
10.0
11.67
2.33
10.0
1.0
12.67
-1.0
2.33
0.67
14.33
12.33
9.0
15.67
16.33
10.0
12.67
3.33
-5.67
8.67
12.67
-3.67
2.33
11.67
-1.0
14.0
11.67
9.0
4.0
4.67
3.0
5.67
8.33
24.0
23.0
12.67
12.33
-8.67
21.0
17.33
16.33
18.67
2.67
4.67
13.67
6.0
9.33
8.0
16.67
23.0
11.0
9.67
18.67
4.33
1.67
11.0
-3.33
4.33
8.0
-6.0
-2.33
0.0
5.33
6.0
10.67
-1.0
2.33
5.67
7.67
0.0
7.67
16.0
-2.0
3.33
15.33
-2.33
-6.67
8.67
-4.0
12.33
8.67
14.33
12.67
14.33
5.0
8.33
10.0
2.67
-1.0
1.67
-2.0
5.33
6.0
12.0
4.0
-5.0
0.33
5.33
6.67
11.33
12.33
2.0
15.67
5.67
8.0
15.0
9.0
1.33
1.67
6.0
1.33
1.33
16.33
2.0
13.0
14.33
23.67
16.0
14.67
4.33
24.33
0.67
12.33
11.67
6.67
5.33
2.67
15.67
-1.67
4.33
5.0
4.0
14.0
5.67
5.33
1.67
10.33
-2.67
1.33
15.0
13.33
12.67
-1.33
-7.0
18.67
19.0
4.33
11.0
9.33
13.0
33.0
12.0
17.67
14.67
8.0
12.67
12.0
20.0
12.67
14.67
13.0
9.33
15.0
5.0
-0.33
2.67
13.33
26.33
27.67
21.33
15.0
5.0
7.0
12.67
18.33
8.33
11.0
3.0
17.33
8.33
11.33
19.0
-3.67
19.33
18.67
3.33
12.67
12.0
11.67
9.0
18.67
10.33
21.67
13.0
12.0
11.0
9.33
9.67
15.33
26.67
8.0
2.0
8.0
-0.33
7.67
0.67
13.33
8.67
10.67
2.67
6.67
16.33
1.33
9.67
1.33
5.67
10.0
10.33
13.33
10.33
-2.67
6.0
10.67
11.0
0.33
10.0
13.67
7.67
-1.33
9.67
-0.67
1.33
11.33
9.0
-4.67
-5.67
10.0
17.67
1.0
15.67
-6.0
11.33
-0.67
8.67
-2.33
6.0
-0.67
9.0
17.33
2.0
17.0
-3.0
-2.0
11.33
-12.67
-2.67
2.0
7.67
6.33
-0.67
-2.67
2.33
-0.67
-1.0
6.0
5.33
1.0
-3.33
-3.33
21.33
-5.0
3.0
3.0
2.67
5.33
-1.0
12.67
-2.0
6.67
13.33
-0.33
8.0
7.0
-2.33
8.33
-10.33
15.67
0.67
2.67
-0.33
1.0
3.33
2.67
-1.67
1.33
3.0
1.67
6.0
-5.67
-4.0
-2.0
1.33
-3.33
3.0
0.0
8.0
3.33
7.0
3.67
2.67
10.0
3.33
-5.0
4.0
9.67
0.33
0.67
4.0
-2.33
2.0
4.67
5.67
-16.67
5.0
-5.0
24.0
0.0
3.67
3.67
-0.67
-4.0
5.33
2.33
8.67
2.67
-9.0
2.67
8.0
-3.0
4.0
7.0
1.33
8.33
2.67
10.0
2.67
3.67
15.67
8.33
0.33
6.67
11.0
9.67
-1.67
1.0
7.33
-0.67
4.33
2.67
1.0
-1.0
-2.0
-2.33
1.0
-0.33
13.0
6.0
-3.0
0.0
7.0
5.33
3.0
2.67
8.0
5.0
6.0
2.33
-6.67
12.67
3.67
2.0
4.33
-4.0
-5.33
11.33
5.67
1.33
-5.33
2.33
13.67
0.33
1.0
8.67
2.0
-0.33
-4.67
-3.67
-3.33
-2.0
6.33
7.0
0.0
-4.67
25.33
2.0
3.33
6.33
-0.33
-8.67
-5.0
5.0
1.33
-5.33
2.33
-3.0
4.67
12.0
9.33
0.67
0.33
8.67
-5.67
0.67
-1.67
-5.33
0.33
-4.67
-1.0
-2.0
1.67
-1.33
1.67
6.67
6.67
11.33
0.33
9.33
1.0
-5.67
3.33
-3.67
8.0
-9.0
-1.33
13.0
-1.0
6.67
-1.33
-0.67
2.33
10.67
9.33
-1.67
9.0
2.0
6.33
12.0
-2.33
4.0
3.33
2.0
-6.33
2.0
-2.67
-1.0
-1.0
-5.33
3.33
3.67
4.0
1.33
5.33
3.67
3.33
4.67
2.0
6.0
1.67
-4.67
6.33
2.33
15.0
12.67
5.0
-1.67
-0.67
7.0
8.33
2.33
-3.33
8.33
-1.0
7.67
-5.67
-3.0
6.33
9.67
4.67
-3.33
-2.67
4.67
10.33
4.67
-2.0
3.33
2.67
1.67
6.33
-6.33
-2.0
-2.67
-0.33
4.33
0.67
-1.67
6.67
-1.33
-5.0
-7.0
6.33
3.67
2.33
-1.0
0.0
7.0
-6.0
-1.33
2.67
2.0
-5.67
1.67
8.33
2.0
-2.33
5.0
4.33
11.0
-0.67
5.0
2.0
1.0
-2.0
-2.67
-2.33
4.33
-3.0
0.33
12.0
-1.67
0.67
-3.33
4.33
3.0
-6.0
-5.67
0.33
1.33
-3.33
7.33
-2.67
0.0
-3.0
2.67
-2.0
1.0
2.67
-0.67
2.33
1.0
2.0
1.33
-1.33
9.67
5.33
0.33
4.67
1.33
3.67
7.0
6.67
1.33
0.67
2.0
5.0
-2.33
4.67
0.33
-2.67
0.33
3.0
-1.67
2.0
-1.0
-3.0
-2.0
1.0
2.0
3.67
2.33
1.67
0.0
2.67
1.33
8.0
5.0
-1.0
1.67
2.67
9.33
0.33
1.0
9.67
4.33
0.0
-2.33
2.67
-1.0
-1.33
0.0
-1.33
3.33
4.67
7.33
3.67
-1.67
1.67
-2.33
2.33
0.67
3.33
-1.67
1.0
2.0
-2.67
0.67
1.0
3.67
3.33
