0.0
-57.33
-4.33
-53.33
-78.0
-25.0
-112.67
-66.33
-31.33
-27.67
-46.33
-58.33
36.33
0.67
55.33
-7.0
-5.67
-8.67
-34.0
-9.33
-10.67
1.33
-18.33
6.33
1.67
0.67
10.0
2.33
18.33
-2.0
3.0
1.0
-3.0
3.33
-0.67
0.0
0.0
-3.0
-0.33
0.0
2.67
0.67
0.0
1.0
-0.33
-0.33
-0.33
0.67
-1.33
0.67
-0.33
-0.67
0.0
0.67
0.0
0.0
-0.67
0.0
0.33
3.0
-0.33
-0.33
1.0
-0.33
0.0
-0.67
0.0
-1.33
0.67
0.0
0.33
-0.33
0.67
-0.33
0.0
0.0
0.0
0.33
-0.33
-1.0
-0.33
-0.67
-0.33
-0.67
0.67
-0.33
-0.67
-0.33
-0.33
-0.67
-0.33
0.33
1.0
0.0
-0.33
-0.33
-0.67
3.0
-0.67
2.67
-2.33
1.33
-1.67
-0.67
0.33
0.67
-2.0
-0.67
1.33
0.0
-0.33
0.67
1.33
0.0
-3.33
1.33
1.33
0.67
0.33
2.67
-0.67
-2.33
0.0
3.0
-3.33
-0.33
0.0
0.33
1.67
-1.67
-1.33
0.33
3.33
1.67
0.33
0.67
2.67
2.0
-5.33
3.67
4.67
-1.67
-0.67
5.33
-2.33
-2.33
-0.33
-1.33
0.0
7.67
-4.0
-1.0
2.33
3.33
-3.33
0.0
12.0
2.0
6.0
-2.67
6.67
-5.67
-3.67
-1.0
-0.67
-0.33
2.67
2.33
-0.67
-2.67
1.33
-0.33
2.67
-2.0
-1.67
4.33
2.33
11.0
4.33
3.0
0.33
0.67
5.0
1.33
-4.67
2.0
1.67
1.0
12.67
7.67
-0.33
2.0
6.67
-0.67
7.0
-1.33
0.0
5.0
-2.67
-2.33
1.67
2.0
5.0
10.33
-1.0
2.33
4.33
7.0
3.67
7.0
4.67
-0.67
2.67
7.33
0.67
-0.33
-3.33
-2.0
-6.0
-3.33
0.67
2.0
4.67
0.33
2.0
7.67
11.0
-6.0
-1.33
-1.67
6.0
-2.0
-0.33
5.33
1.33
3.33
-5.33
-1.33
4.33
8.33
4.0
2.0
4.0
5.0
1.33
2.67
6.67
7.0
3.0
-2.67
7.33
3.0
-0.33
8.0
-5.67
-0.33
-3.67
0.67
5.67
5.33
3.33
4.33
-0.67
3.0
1.67
6.33
6.33
0.0
1.0
5.0
5.67
1.33
4.67
-1.67
7.33
-2.0
-0.67
11.67
2.67
4.0
1.67
6.67
3.0
4.67
5.0
-1.0
-1.0
5.67
1.67
8.0
2.0
1.67
-3.0
-2.33
-4.67
0.0
3.67
-2.33
-1.67
4.33
-0.67
5.33
-4.0
0.0
3.67
5.33
2.0
0.33
6.67
-0.67
5.0
1.33
-1.0
-3.33
-3.0
7.0
-0.67
-1.67
11.33
-4.33
-4.0
6.33
0.33
0.33
-0.67
3.33
-5.0
2.67
1.33
-2.0
-3.33
6.0
3.67
1.67
1.0
9.33
-3.0
5.33
-1.67
-1.33
4.67
-3.0
-0.33
7.0
3.0
-2.33
-2.33
-5.67
-4.33
-4.67
-1.67
-2.67
-0.33
5.67
8.33
8.67
4.0
1.33
1.0
3.33
1.33
2.33
5.33
-2.0
-2.0
1.67
-2.0
-3.67
-5.33
2.33
-4.33
0.0
2.0
3.0
3.33
-5.67
5.0
1.67
4.0
-0.33
-0.33
6.67
0.33
-3.33
0.33
2.67
-2.33
-2.33
-1.33
-0.33
-3.67
-3.0
1.0
-4.0
0.33
-1.33
3.67
-1.33
3.67
-0.33
2.0
-7.33
-0.67
-2.67
-2.67
0.0
6.33
3.0
1.33
2.67
-2.0
-0.33
4.67
-2.0
-0.67
-0.33
6.0
-2.0
-2.0
-4.33
5.33
8.33
-5.0
-1.33
0.0
-3.0
0.33
5.67
-1.0
-0.33
4.0
6.0
-7.0
-3.33
0.67
-1.0
0.67
3.0
-1.67
-2.0
0.67
3.33
2.67
-3.67
7.33
3.0
2.33
2.33
-0.33
3.67
-4.67
-0.33
2.0
-0.33
0.0
1.67
-6.0
-2.33
-0.67
-2.33
2.33
-1.33
2.33
3.33
2.67
-1.33
5.0
0.67
6.0
-1.0
-0.67
0.0
1.33
3.33
1.67
3.67
2.33
3.0
0.67
-0.33
-2.67
0.33
6.67
4.67
-0.33
-5.67
-0.33
-1.0
0.67
0.67
3.33
0.0
5.67
0.0
-4.33
-2.0
3.33
1.33
4.33
4.0
3.33
1.33
-2.0
3.33
6.33
4.0
3.0
-0.67
1.33
4.33
1.0
0.67
0.33
2.67
0.33
3.33
5.33
1.0
-0.67
0.0
0.0
-1.67
1.33
1.0
0.0
1.67
2.33
-6.33
5.0
3.33
0.33
-4.67
-2.67
-4.67
-2.33
3.33
3.0
-1.33
-2.0
3.67
2.0
3.67
-0.33
-2.0
-0.33
-1.0
-0.33
2.33
3.67
1.0
0.0
7.0
3.67
-1.0
-3.67
-4.33
4.67
-2.67
-3.0
1.33
-2.33
9.67
-3.0
3.67
1.0
0.67
0.33
0.67
2.33
0.0
-2.67
1.33
1.67
-2.67
-3.67
-4.33
-0.33
1.67
0.33
-2.33
1.0
0.0
6.0
3.67
-1.0
-2.33
0.0
4.0
7.33
-2.67
5.0
0.0
-0.33
-1.33
1.33
-4.0
-3.67
0.67
-2.0
-5.33
-3.67
-3.67
3.33
1.0
-0.67
-2.0
2.0
-0.33
0.67
1.33
1.67
-0.33
-3.67
0.0
5.33
-1.67
-4.67
2.0
-4.0
-1.0
2.0
-3.67
1.33
3.67
0.0
-0.67
-0.33
-3.0
-0.67
0.33
2.67
-2.67
1.0
5.33
1.33
-1.33
2.0
0.33
-1.0
-4.0
0.0
0.67
-3.33
-6.0
-1.67
7.0
2.33
-0.33
1.33
-1.0
0.33
-3.0
-3.0
7.67
-3.0
-1.33
0.33
-0.67
-4.67
3.33
-1.67
-0.67
-1.67
2.67
0.33
1.0
-1.33
-0.33
-2.33
1.67
-0.67
-1.0
-3.0
0.0
4.0
3.33
-4.0
-3.0
-1.67
0.67
0.0
1.0
4.67
5.0
-2.67
-4.33
1.67
-4.67
-3.33
-4.67
-3.67
1.33
-1.0
-1.67
-5.33
-2.67
-2.0
3.0
-5.33
1.0
-1.33
-2.67
-0.67
0.0
-0.33
0.67
-0.67
0.33
-5.0
-5.0
0.0
-1.0
-1.67
-1.33
0.0
0.33
5.0
-5.33
-3.67
2.0
-1.33
-6.67
-5.0
-2.33
2.0
5.0
-2.0
0.67
-4.33
3.67
-1.0
3.33
-0.67
-1.0
-2.67
-8.0
-6.33
-3.67
-5.67
-6.0
-2.0
3.67
-10.33
-4.0
-9.0
-10.0
0.0
-7.33
-5.33
0.67
-10.33
-1.33
0.0
-8.33
-3.33
-1.0
2.67
-3.0
1.0
-5.0
0.67
-4.0
-6.67
-1.33
-2.67
-3.33
-3.33
1.33
-5.67
-7.0
-5.67
2.33
-3.67
-4.67
-7.33
-5.0
-3.0
-2.0
-4.33
-2.67
-1.67
1.33
-2.0
-4.67
-3.0
4.33
-2.33
1.0
2.0
4.0
-7.0
-3.0
-9.33
-6.0
-4.0
-10.33
-3.0
-0.67
-0.33
-1.33
2.0
-7.0
2.0
-9.67
8.33
-0.67
-1.67
-5.67
9.0
-5.33
2.33
-1.67
-3.33
3.67
0.33
-6.33
5.33
0.0
4.0
1.33
9.67
8.0
-1.33
-4.0
-5.33
3.33
-3.67
5.33
0.67
-7.33
-7.33
-0.33
6.67
1.67
-2.0
-4.0
3.67
-2.67
1.33
-6.33
2.67
-5.33
1.33
1.0
-2.0
3.0
-2.0
-0.33
-2.0
4.33
0.0
3.0
15.0
-4.67
-0.67
1.33
2.33
-2.67
-0.33
2.33
2.33
5.33
2.33
1.33
4.0
4.67
-7.67
-8.0
-10.33
-2.33
0.33
-0.67
-8.67
-3.0
-1.67
-4.33
6.0
0.33
5.33
5.0
-4.33
-5.67
-1.67
-1.0
1.67
1.0
-5.0
-5.67
1.0
-0.67
-1.0
3.67
10.33
4.67
8.67
-0.33
-0.67
4.0
2.67
-6.67
11.33
1.0
3.0
-2.67
6.33
5.33
-4.67
2.0
3.33
7.33
2.67
7.0
4.67
-0.33
4.0
3.0
0.67
9.67
2.33
-7.0
13.67
10.0
0.67
4.67
-2.33
3.33
8.67
14.0
11.67
12.67
16.0
19.0
17.0
24.67
20.0
32.67
20.33
23.33
40.0
30.67
33.33
27.0
32.33
44.67
34.0
19.67
45.33
32.0
33.67
28.67
21.67
8.67
9.67
4.0
18.0
6.33
7.0
11.0
9.33
12.67
1.33
-3.0
7.67
6.33
-2.67
7.0
1.33
4.67
15.0
7.67
15.0
1.33
11.33
18.0
16.67
15.0
26.0
18.33
14.67
15.0
27.67
23.33
17.67
29.0
32.0
44.67
30.33
46.33
55.0
34.0
26.33
44.33
36.33
34.0
39.67
28.0
38.67
28.0
15.67
27.0
7.67
5.0
8.33
18.33
18.0
10.33
7.33
0.0
2.67
10.33
1.0
20.33
6.0
8.0
7.67
8.0
6.33
8.33
17.33
22.33
4.67
15.67
9.33
9.0
9.0
13.67
11.33
14.0
12.33
14.33
1.67
12.67
16.67
21.67
19.33
17.33
8.67
23.67
18.67
26.33
14.67
21.0
22.33
25.0
19.33
11.33
23.67
32.67
45.33
31.0
24.67
61.33
42.33
61.67
78.33
64.67
96.67
72.33
88.0
67.0
99.0
83.33
63.33
77.0
52.33
70.33
73.67
64.67
65.67
36.33
43.0
35.33
35.67
27.67
30.0
22.67
18.0
19.0
10.33
13.33
9.33
14.0
17.0
18.33
24.33
29.0
12.33
26.33
25.0
25.33
27.0
37.0
27.67
36.33
30.0
21.33
15.33
21.67
13.0
10.33
19.67
21.33
11.33
6.33
9.67
5.67
11.0
7.0
5.33
3.33
0.33
7.33
4.67
22.33
8.0
3.33
7.67
6.33
15.0
2.33
1.67
2.0
8.0
6.0
9.0
11.33
4.67
8.33
10.67
9.33
16.67
8.33
14.67
27.0
12.0
25.67
9.0
14.67
27.0
11.67
12.67
28.67
21.67
16.67
23.33
34.67
19.67
28.67
15.33
27.33
18.67
17.33
26.0
14.0
20.67
22.0
21.67
4.0
17.33
24.67
22.0
6.0
9.0
2.33
8.0
19.67
5.67
9.33
12.33
22.0
14.0
15.0
26.67
22.0
22.0
20.0
33.67
52.0
52.33
25.67
58.67
56.67
71.0
91.33
105.67
130.67
135.0
156.67
180.33
206.33
197.0
199.67
213.0
188.67
198.0
244.67
207.67
164.33
169.0
180.0
164.0
141.67
121.33
131.0
130.67
109.67
88.33
77.67
82.67
65.0
66.0
50.33
43.33
33.33
35.33
42.33
31.67
29.33
27.33
15.67
17.0
12.33
15.67
30.67
36.0
23.67
35.0
28.0
30.33
42.0
30.0
34.33
49.0
60.33
53.67
32.33
40.67
43.67
44.33
36.67
44.33
27.33
39.0
43.33
37.67
45.67
45.67
47.67
48.67
42.33
56.0
50.0
38.0
38.67
47.33
39.67
29.67
48.0
39.67
31.67
30.0
40.67
31.67
28.33
15.33
29.67
24.0
17.0
29.67
23.67
21.33
14.67
14.33
12.67
17.33
7.67
13.67
17.67
18.33
2.67
1.0
4.33
-2.67
11.0
-0.33
6.0
0.33
8.0
6.67
9.0
12.33
9.67
7.0
2.33
5.67
4.0
1.33
14.0
5.67
13.67
2.67
7.67
8.0
10.67
12.0
1.33
10.33
2.0
7.67
20.33
12.0
26.33
11.67
23.67
20.33
13.33
10.33
38.33
17.0
12.33
21.33
26.33
9.33
27.67
19.33
28.33
28.67
37.0
34.33
25.33
23.0
29.33
28.0
10.67
36.33
32.0
21.33
33.0
43.33
21.67
36.33
59.0
34.33
34.67
32.67
25.67
46.0
35.67
25.0
18.67
18.0
8.67
23.67
18.33
23.33
25.0
18.33
6.0
24.0
31.67
24.67
-1.33
13.67
21.33
18.67
9.67
18.0
19.67
23.0
16.33
8.0
22.67
21.33
11.67
12.67
19.67
20.0
8.0
27.0
12.33
15.33
7.67
23.67
24.33
19.33
-0.33
7.67
10.0
11.0
11.67
3.67
4.67
19.33
10.67
8.67
9.33
7.67
24.33
2.0
17.67
12.0
9.67
-1.67
16.67
-3.0
7.0
8.67
9.67
-6.67
5.67
1.33
5.0
-3.33
13.33
10.0
17.0
5.67
0.0
18.33
13.67
8.33
-1.67
20.0
4.67
9.33
13.0
13.67
9.33
4.33
2.67
4.67
-3.67
17.33
9.67
-2.0
5.0
10.67
7.0
18.0
4.67
4.0
5.67
7.33
14.0
11.0
5.67
6.33
9.33
10.0
10.33
5.33
10.67
8.67
6.67
16.67
15.0
7.33
11.0
2.67
14.0
5.0
-4.33
13.67
12.33
6.67
0.0
4.67
4.33
-3.0
3.0
6.67
3.0
1.33
20.0
4.67
9.0
-1.67
-2.33
6.67
3.0
8.67
11.0
4.0
6.33
8.33
2.67
4.33
-0.33
2.0
10.33
10.67
17.33
4.67
7.33
-5.0
15.33
4.0
4.67
17.0
0.67
11.0
5.33
-5.0
6.0
2.0
11.0
20.33
13.33
19.67
4.33
-1.67
2.0
5.67
-6.33
-5.0
6.0
15.0
18.33
11.67
0.0
6.33
4.33
0.33
3.0
9.0
11.33
14.67
7.0
4.67
-2.67
6.33
2.67
13.33
13.67
12.67
-4.67
9.67
5.67
6.33
1.33
18.0
18.0
12.0
-6.33
8.33
13.67
4.33
-4.67
17.33
5.0
11.33
3.67
7.67
7.0
14.67
11.0
16.33
21.0
10.33
12.0
6.0
5.0
5.67
-0.33
17.0
11.67
3.0
18.0
8.67
15.67
19.0
2.33
6.0
9.0
9.67
12.67
13.33
19.33
22.67
16.33
17.0
13.0
10.0
22.67
11.33
3.33
24.0
11.0
13.33
23.33
5.33
26.0
3.33
5.33
10.67
19.33
11.67
6.0
2.67
19.0
27.67
9.33
8.67
11.0
-6.0
13.0
9.33
7.67
15.33
10.67
4.0
-2.0
2.0
16.67
11.67
3.67
4.33
12.67
5.67
8.67
15.67
19.33
-1.67
17.67
5.33
16.67
34.0
17.33
7.33
29.33
14.33
14.0
6.67
12.0
1.33
9.0
9.67
0.67
-0.33
6.67
8.33
-4.67
2.33
-4.0
-4.67
-13.67
15.0
-2.33
2.0
-6.33
-4.0
5.33
-10.67
1.67
9.67
8.0
5.33
0.0
20.33
4.0
13.0
-3.0
6.0
9.33
1.33
-2.67
-2.0
3.67
3.33
3.33
-5.67
0.33
-0.67
-1.0
4.0
-2.67
6.0
-3.33
-7.33
15.33
-12.0
6.0
-1.0
-1.33
7.33
-4.0
16.67
-5.0
7.67
1.33
0.67
5.0
14.0
4.67
6.33
-5.33
5.67
4.67
0.67
1.67
8.0
-9.67
-8.33
0.33
7.33
-4.0
0.67
2.0
0.33
-5.0
-4.0
-0.67
-4.33
10.0
3.0
3.0
0.33
-8.0
-3.33
6.67
9.0
-9.67
2.0
5.0
8.67
2.33
0.67
5.0
4.67
-4.0
-5.33
-8.33
-10.67
8.0
-7.0
8.0
1.0
14.67
16.67
4.33
7.0
0.33
4.33
8.67
5.67
4.0
-0.33
14.0
1.0
10.0
4.0
5.33
7.33
8.67
-1.0
-3.33
5.67
4.67
4.33
3.33
6.67
15.0
8.67
-1.67
-4.0
3.33
1.33
7.33
7.67
-4.0
-4.0
10.0
-0.33
-2.0
1.67
2.0
1.0
7.0
-2.0
10.0
3.33
9.0
11.67
12.0
2.0
-2.0
-1.67
4.33
-10.33
0.67
5.0
-2.67
-1.0
5.67
7.33
5.67
-3.67
0.67
-3.67
3.67
8.33
6.0
1.67
11.0
5.67
-4.67
-0.67
-1.33
4.0
4.33
3.0
5.0
4.33
-2.67
-3.0
-0.67
2.33
3.67
1.33
0.0
6.0
4.33
-2.33
8.33
9.0
0.67
1.0
8.33
-0.33
-10.67
2.67
9.33
-1.33
2.33
-3.33
3.33
-5.67
11.0
-5.0
3.67
1.67
-9.33
5.67
-0.33
6.33
-4.67
4.33
7.0
-2.67
1.33
-3.67
1.0
-8.0
0.67
5.0
-6.0
-5.33
-4.33
-4.67
7.33
3.67
5.33
7.33
7.0
8.0
-0.67
7.0
6.67
10.0
4.33
7.0
-7.33
4.0
-5.67
1.0
5.0
-5.33
6.33
3.67
-2.0
9.33
4.33
-0.33
1.33
7.67
5.0
8.0
14.67
-3.67
-9.67
-2.67
1.0
8.67
2.0
-0.67
8.33
6.0
5.33
-0.67
-4.33
6.33
4.0
2.67
-3.67
-4.0
-0.67
4.67
-1.33
2.67
0.33
2.67
6.33
-0.33
-6.0
1.33
0.67
3.67
6.33
2.67
-3.0
-1.67
1.67
2.33
3.67
10.33
-1.33
6.67
-2.0
1.0
-0.67
15.67
-2.67
-7.0
-2.0
1.0
-4.0
2.67
-1.33
1.0
5.33
2.67
3.33
1.0
3.67
6.0
4.33
4.0
-0.67
5.0
4.0
1.0
-5.0
-1.67
1.67
4.33
-4.0
1.33
7.0
-3.67
-2.33
2.67
-3.67
7.0
-2.0
1.33
3.33
4.33
-1.33
4.33
6.33
2.0
4.0
-0.33
1.0
4.0
5.67
0.33
2.33
-4.0
3.0
-2.67
1.67
7.67
5.33
0.33
7.67
-2.67
-3.33
2.0
-0.33
2.33
2.67
3.0
5.0
-0.33
-3.33
-3.67
0.33
1.33
1.0
4.33
0.0
4.0
-2.0
13.0
6.0
0.0
0.67
-0.67
-2.33
6.0
-2.33
-5.67
1.0
4.0
1.0
-2.33
6.67
1.33
2.33
2.0
-2.33
-0.67
6.0
-6.33
1.67
-3.0
-0.33
-3.0
-4.33
6.33
2.67
6.33
1.67
1.33
-4.33
2.67
-3.67
-3.33
-3.67
4.33
3.0
2.0
3.33
1.67
4.0
-1.33
0.33
