0.0
29.67
90.67
-12.33
-4.0
-22.0
36.33
-12.33
-25.33
33.33
45.67
-28.33
23.33
-1.33
-32.67
15.0
23.33
-2.67
2.0
30.67
-17.67
-1.67
-0.33
-15.67
-15.33
13.67
9.0
1.33
15.33
0.0
-3.0
-2.0
2.0
0.33
2.33
-3.0
-1.0
0.0
-1.33
0.0
2.67
0.67
1.0
2.0
0.67
0.67
-0.33
-0.33
-0.33
0.67
-0.33
1.33
0.0
-0.33
1.0
0.0
-0.67
0.0
-0.67
0.0
-0.33
0.67
0.0
0.67
0.0
-0.67
1.0
-1.33
0.67
-1.0
-0.67
-0.33
-0.33
0.67
0.0
0.0
0.0
-0.67
-0.33
-1.0
0.67
1.33
-0.33
1.33
-0.33
-0.33
1.33
-1.33
-0.33
-0.67
-1.33
-0.67
2.0
0.0
0.67
0.67
-0.67
0.0
0.33
-0.33
0.67
0.33
-2.67
-0.67
-0.67
-1.33
1.0
1.33
0.33
1.0
-2.33
0.67
-2.67
5.0
-3.33
-1.67
0.33
-2.33
-0.67
6.67
1.33
3.67
0.0
1.0
-0.33
1.67
-5.0
1.33
0.67
3.33
1.67
-0.67
-1.67
4.67
5.33
-1.33
8.67
2.0
-4.33
6.67
5.67
-2.67
-1.67
0.33
1.67
-0.33
0.67
-4.33
6.0
3.67
3.0
0.0
-1.67
3.33
-2.33
0.0
-6.0
5.0
6.0
3.33
2.67
1.33
-0.67
-1.0
6.33
4.67
3.67
3.33
4.33
4.33
0.33
1.67
0.67
1.0
-1.67
1.33
4.33
5.0
5.33
9.0
-2.67
7.67
7.0
-0.67
2.33
-4.0
5.67
2.0
3.67
3.67
4.67
-3.0
-5.33
-3.67
2.0
1.67
1.0
-4.0
5.33
-2.33
-0.33
-2.0
9.0
9.33
3.0
-3.67
3.33
4.0
-1.33
0.0
4.67
4.33
3.67
-0.67
-1.33
4.67
0.67
0.0
-6.0
0.67
0.67
6.0
0.67
5.33
-2.0
4.67
6.0
1.0
-2.33
2.33
4.0
3.0
1.67
2.33
0.33
7.33
-1.33
2.67
-6.67
4.33
-1.0
4.0
0.0
-3.0
3.33
1.67
6.67
7.0
2.0
-2.67
2.33
-5.0
1.67
6.0
-3.67
-4.33
-0.67
-0.33
0.67
5.33
-0.67
1.33
-2.67
7.0
-0.33
6.33
3.33
8.0
-4.0
-2.0
-5.33
4.33
0.67
3.33
2.33
1.0
1.33
4.67
-3.33
5.0
-0.33
0.67
-1.0
-2.33
5.0
9.0
0.0
3.67
-0.33
9.0
1.0
-5.33
-4.0
0.67
-8.67
-1.0
0.67
6.67
2.33
-1.67
2.33
-0.67
5.0
1.0
5.67
-0.67
3.0
2.33
10.67
-5.67
2.0
3.33
3.0
-3.33
2.0
0.0
-0.67
10.33
7.33
-4.33
1.0
4.33
3.33
10.33
1.33
5.33
3.0
-0.33
-1.67
5.0
-0.33
2.0
1.67
3.67
-4.0
6.33
1.0
2.33
-0.67
0.67
3.67
11.0
0.67
-3.0
5.0
-1.33
2.67
-1.67
-0.33
8.33
-1.67
1.33
-2.33
1.67
1.33
-2.33
2.0
-4.67
-2.0
-0.67
0.33
0.33
3.33
6.0
0.0
-2.33
-4.0
-4.67
0.67
2.33
-1.33
-3.0
1.0
4.0
-2.67
-6.67
4.0
5.67
8.0
5.67
-2.33
7.67
-1.67
-1.33
1.33
2.67
-3.33
1.67
-1.33
-6.33
4.33
0.0
4.0
6.0
-1.67
0.67
0.67
-2.33
1.67
3.67
-2.0
2.67
-2.67
-6.67
-5.67
8.0
1.33
0.0
1.33
2.67
0.0
-5.33
-3.33
1.0
6.33
-2.33
4.0
12.0
-1.0
-2.33
2.33
3.33
3.0
1.67
-3.0
-3.0
0.33
1.67
2.0
-3.33
-4.0
1.0
1.0
-3.33
1.67
2.0
4.67
0.0
2.33
-6.0
-0.33
1.33
3.67
-7.67
4.33
1.0
3.33
-1.67
2.67
1.67
3.33
0.67
-5.0
0.67
1.0
0.67
-4.0
3.67
-2.67
-1.33
0.33
2.67
-3.67
0.33
2.67
-3.33
3.0
-0.33
1.0
1.0
-3.67
1.0
4.33
3.33
0.67
-1.33
2.33
1.0
-0.33
1.67
-1.67
0.33
-0.33
1.67
-2.33
-1.67
-2.33
3.0
-0.33
-1.33
-0.67
-1.0
6.67
0.0
-2.33
-5.0
2.33
-0.67
3.33
0.0
6.33
1.33
0.0
0.33
-0.67
6.0
0.0
3.33
-1.67
1.33
-3.0
-0.33
3.33
-2.33
1.33
-3.67
-1.67
3.0
-4.67
1.0
2.0
0.33
2.33
3.0
-1.0
2.67
6.33
-2.33
1.0
1.33
1.33
-2.67
-1.67
-5.67
1.67
3.33
1.0
1.67
1.0
3.67
-5.0
0.67
4.67
1.0
-0.33
1.0
-0.33
2.33
-0.33
2.0
4.0
1.0
3.67
0.0
-0.67
-4.33
4.67
-4.67
-1.0
-0.67
-1.33
2.67
-3.0
-1.33
1.0
2.67
6.33
-2.33
3.33
7.0
0.33
-2.67
-0.33
-3.67
0.33
-1.33
1.67
1.67
0.33
1.67
4.0
3.0
-1.0
1.67
0.0
0.67
0.0
0.0
4.33
-1.67
3.0
-3.0
0.67
1.67
0.33
-4.0
-0.67
-1.33
-2.0
-5.33
1.33
-2.67
1.33
1.0
2.33
1.0
4.0
3.67
4.67
2.33
-3.33
0.67
-1.67
-1.0
5.33
-0.67
-3.67
1.0
-3.0
-1.0
-2.0
-4.67
4.33
1.67
0.0
0.33
-0.33
1.0
1.33
2.33
-0.33
-0.67
1.0
0.33
3.33
0.67
-2.0
-0.67
3.0
-3.0
0.0
-2.33
-0.33
-2.0
-1.67
-2.0
3.33
5.67
-1.67
-4.0
-0.67
-3.0
-1.0
2.67
-3.0
2.67
-1.67
-2.67
-6.67
1.33
1.33
1.33
-1.67
0.67
0.33
2.0
1.67
2.67
1.67
0.67
-0.67
-1.0
1.0
0.0
0.0
-4.67
-1.0
-1.0
3.33
-6.33
0.0
0.0
-4.33
0.0
-0.67
-0.33
2.67
-1.67
-3.33
0.33
-7.67
2.33
-4.0
-1.67
-4.33
-0.67
-1.0
-4.0
-3.33
2.0
-4.33
-1.67
0.33
3.0
-7.33
1.67
1.33
1.33
-4.0
-3.0
2.0
-3.0
-4.67
-5.33
-2.0
5.33
-1.0
-2.33
-0.67
-4.0
1.67
1.33
-9.0
-3.33
-6.0
0.0
-5.0
6.67
-1.33
4.67
3.0
1.33
-1.67
-4.0
-4.67
-1.0
-2.33
-4.67
-4.67
-3.0
-2.0
3.67
-0.33
-8.0
-6.0
-7.0
-4.0
-5.33
-5.33
-1.33
-5.33
-3.33
-4.0
-10.33
-3.33
-1.0
-0.33
-3.0
-3.0
-1.0
2.67
-1.0
-5.67
-3.33
-7.67
-4.33
3.67
1.33
-3.67
0.0
-6.67
-3.67
-1.67
-4.67
-1.33
-5.0
-5.0
-2.0
-2.33
-0.67
-6.67
-2.67
-1.0
1.33
-1.0
4.33
0.67
-1.0
-1.0
-4.0
-1.0
1.0
-7.33
-7.0
5.0
-11.33
1.0
12.33
-4.33
2.67
-6.0
-7.0
-6.0
-4.67
1.33
-3.67
-6.67
-3.67
1.0
-8.33
-7.67
-4.67
1.67
-3.33
-4.67
-0.33
-3.67
4.0
0.0
-3.67
-1.33
6.0
-6.33
-3.0
-0.33
-1.67
-4.67
-6.67
-5.33
-4.33
-12.33
-10.33
1.67
-0.33
-9.0
-2.0
-1.33
0.33
3.33
-8.33
5.67
-7.33
-2.67
-4.0
-1.0
3.0
-9.0
3.67
-5.0
3.33
-3.0
-5.0
8.0
-2.67
-3.67
0.33
-0.67
-0.67
2.67
0.33
-1.67
-2.67
-3.67
1.33
-2.0
-1.33
-3.67
-7.0
-8.33
0.67
5.33
-0.67
-2.67
-6.0
-7.67
-8.33
-1.0
-4.67
0.33
3.0
3.67
4.33
6.33
4.0
-2.33
-10.0
4.0
-9.67
-14.0
-6.67
-4.0
5.67
-0.67
-4.33
-1.33
-0.33
-2.67
5.0
-1.33
-10.67
-0.67
-1.0
0.0
1.33
1.33
2.33
-1.67
3.0
0.33
-6.67
2.67
-7.0
0.67
7.67
-10.0
-10.0
-12.33
-0.33
-2.67
-4.0
5.67
7.0
0.67
-0.33
2.67
-5.67
3.67
13.0
7.67
20.67
25.0
41.0
30.0
52.67
54.0
55.67
80.33
76.33
82.0
107.67
104.33
81.0
73.33
84.67
68.0
43.67
47.33
43.0
36.67
27.67
14.67
10.67
-5.33
-4.0
5.0
1.33
9.0
-6.0
-6.67
8.67
-6.67
-3.0
4.67
-2.67
-7.67
-1.0
1.33
0.67
5.0
3.67
3.0
5.33
-3.67
4.0
1.67
1.0
9.0
10.33
7.67
7.0
8.67
27.33
12.67
21.0
15.0
29.67
19.33
20.33
26.0
26.0
23.33
24.33
20.33
21.0
14.67
33.0
13.67
15.0
25.67
16.0
7.67
-2.0
2.33
8.33
4.0
6.33
7.33
4.0
8.67
3.33
-1.0
9.33
10.0
3.0
7.67
11.0
-3.67
-6.67
1.33
12.33
10.67
5.67
11.33
-3.0
19.0
1.67
1.33
7.0
12.33
7.33
1.67
0.67
1.67
10.67
-2.67
9.33
11.67
22.67
19.67
7.33
-5.33
19.0
19.33
5.0
6.33
2.33
11.67
7.67
1.33
5.0
-7.33
2.33
-1.67
1.67
13.33
3.67
7.67
19.33
-1.0
18.0
16.0
8.33
18.33
16.0
14.33
26.33
11.67
17.67
27.67
21.33
22.0
20.33
21.67
15.67
27.0
34.67
27.0
21.0
24.33
32.33
25.33
35.0
74.0
47.33
65.33
42.0
62.33
60.33
59.0
59.33
59.0
51.0
48.67
64.33
48.0
41.33
43.33
37.67
21.0
27.33
18.67
15.33
5.33
12.33
13.67
11.67
17.0
20.0
14.33
4.33
11.33
5.33
4.67
10.33
16.0
-1.67
13.67
9.33
6.0
9.33
0.67
-3.0
1.0
-1.0
-1.0
0.33
0.67
1.33
-0.33
3.33
2.67
6.33
5.67
1.0
9.0
9.67
8.0
0.67
6.0
6.67
15.67
15.67
23.67
8.67
6.33
19.67
6.67
14.67
15.33
4.33
-0.33
18.33
8.0
16.0
-1.33
9.0
10.67
-5.0
0.33
8.67
8.0
3.0
15.0
9.33
6.0
8.67
-0.33
7.33
-1.67
17.0
16.0
10.0
5.67
8.0
8.0
-2.0
9.67
15.0
24.33
13.67
27.67
17.67
28.0
37.33
49.67
47.67
59.0
52.67
53.33
59.33
58.0
69.67
78.0
76.67
67.0
93.67
78.67
65.33
73.0
69.0
58.0
59.67
56.33
48.0
47.67
39.67
31.33
43.67
26.67
24.0
16.0
17.33
30.33
18.33
12.33
18.33
17.67
12.33
17.33
10.67
28.0
18.33
20.67
23.67
34.0
24.67
41.0
44.0
48.33
49.0
48.0
46.33
47.0
57.33
51.67
51.33
58.67
64.67
52.33
51.67
44.33
55.33
53.0
42.33
32.67
30.67
48.67
33.67
53.67
28.33
44.0
48.0
37.0
57.67
52.33
49.67
47.67
44.0
61.67
56.67
34.0
46.67
54.67
34.33
27.33
33.67
29.0
32.0
15.67
24.67
16.33
10.67
12.33
10.67
11.33
4.67
3.67
3.67
5.33
6.67
4.0
1.33
13.33
9.0
1.67
-2.0
10.33
3.0
13.67
0.0
-4.67
2.67
6.0
8.33
5.67
10.0
9.33
-4.0
10.67
10.67
19.67
2.67
13.0
11.67
24.0
8.33
20.33
19.0
9.67
20.33
12.0
19.33
19.67
25.67
18.33
7.33
19.33
17.33
26.0
26.33
43.33
20.33
22.33
16.67
22.33
34.33
36.67
40.0
22.33
36.33
13.0
45.33
30.0
27.67
22.33
23.0
29.33
19.0
15.33
8.67
31.33
30.0
21.33
14.67
16.67
-5.33
15.0
9.67
16.0
11.67
2.0
10.67
9.67
15.33
3.33
16.0
9.33
7.0
8.0
16.67
18.67
-0.33
24.67
7.33
2.67
17.67
5.0
9.67
3.0
0.33
3.0
25.67
12.33
10.67
14.67
12.67
5.0
8.0
7.0
5.33
0.33
1.67
15.67
7.33
13.33
8.67
2.67
30.0
7.0
-1.33
-0.33
5.67
14.33
0.67
7.67
3.33
12.67
13.33
0.0
2.67
-4.0
6.67
4.33
-1.33
5.0
9.0
2.67
1.67
4.33
9.67
13.33
-7.0
0.67
9.33
5.0
7.0
6.67
2.0
9.33
1.67
14.33
0.33
13.0
8.67
4.33
5.0
9.67
7.33
-2.67
3.67
16.67
-0.67
8.33
-3.33
3.0
3.0
0.67
10.0
2.0
9.67
8.0
14.67
10.33
32.0
12.0
18.67
14.33
6.33
7.0
4.33
0.33
6.67
12.67
9.67
0.67
5.0
4.33
2.0
-6.33
11.0
-5.0
-0.33
-1.33
8.33
-1.33
15.0
1.67
7.33
3.0
5.0
-11.33
-4.0
1.33
1.0
5.67
5.0
-1.67
-4.33
-1.33
-8.0
1.67
9.0
10.0
-3.67
-5.67
-3.33
5.33
3.67
-1.0
-8.67
12.67
-0.67
2.67
0.33
5.0
-5.67
11.0
2.67
11.0
7.67
-1.0
-3.67
-2.0
9.0
-4.0
-2.0
15.33
1.33
-4.33
1.33
-2.67
-5.0
-6.33
1.67
10.0
5.0
0.0
-6.67
7.67
1.0
-11.67
24.33
-6.67
-4.0
-1.0
-1.67
-0.33
7.0
1.67
0.33
-6.67
6.67
3.33
-5.33
7.67
-7.67
5.67
-4.33
5.33
-6.67
0.0
-1.0
1.0
12.67
13.33
-3.33
15.33
1.33
11.33
8.0
10.33
-1.33
-7.33
7.0
6.67
7.0
12.33
12.0
6.33
1.0
10.0
-9.0
0.67
1.67
6.0
2.67
2.0
5.0
-3.33
17.67
-1.0
11.33
6.0
-7.0
7.67
10.67
4.33
11.33
9.67
8.33
6.0
11.0
3.0
12.67
17.33
10.33
15.0
6.0
8.33
0.33
10.33
16.0
1.33
28.33
0.67
5.33
4.67
10.0
1.67
0.0
3.67
8.33
-3.33
10.0
-3.0
8.0
12.33
9.67
10.33
6.67
10.0
15.0
-2.0
9.67
-2.33
-2.33
4.33
10.67
6.67
-0.33
7.67
21.33
1.33
20.67
1.33
8.67
22.0
10.33
20.33
13.33
1.33
6.0
0.67
15.0
15.33
6.0
6.67
-0.33
1.67
1.67
-3.67
8.33
0.33
-9.0
4.33
4.33
9.0
-6.33
0.0
-1.33
-1.0
-1.67
-12.67
7.67
2.67
3.0
7.33
12.0
10.33
10.0
8.0
4.0
-9.0
9.33
6.33
2.33
5.0
8.67
13.33
5.33
-8.67
9.33
5.33
0.0
11.0
-8.67
-1.0
4.67
10.67
3.33
2.0
10.0
-1.0
2.67
0.33
-14.0
4.67
2.0
15.67
3.33
1.67
4.0
-2.0
-4.33
-1.67
-8.33
6.67
-4.33
1.67
1.67
6.0
0.33
-0.33
6.33
4.33
-7.0
-1.33
3.0
-4.67
4.0
-4.0
-0.67
3.67
8.0
1.0
0.0
-8.67
4.0
-4.33
-9.33
2.0
0.33
-6.0
-1.0
0.67
-2.67
-2.33
-6.0
-1.33
-11.0
-2.33
5.67
-10.67
1.0
1.0
15.0
4.0
2.67
11.67
8.33
2.0
6.33
3.33
6.67
10.67
-7.0
2.67
12.0
1.0
0.0
18.0
1.33
18.33
0.67
-4.0
-1.33
7.67
2.67
7.33
9.33
4.67
9.0
10.67
-0.67
-10.0
3.33
10.33
-0.67
10.67
3.0
-5.0
4.0
-7.33
9.0
-5.33
6.0
6.0
-5.0
-2.0
8.0
3.33
9.0
-1.33
9.0
0.0
12.0
5.33
1.33
-6.33
-4.33
5.0
6.33
-5.0
-6.33
4.33
-2.33
5.33
0.67
-1.67
8.67
1.33
1.0
-1.33
-1.0
-0.33
-10.67
0.33
-3.33
-1.0
0.33
4.0
2.0
2.33
1.33
0.0
0.33
-4.67
1.67
1.33
-3.0
6.0
-4.67
-3.33
-0.67
-6.0
-1.33
-3.0
1.33
2.67
-1.67
3.67
-4.67
-0.33
-4.67
-4.33
0.33
1.33
2.0
-2.0
0.67
-1.33
-8.33
3.67
3.67
9.33
-3.67
9.33
-3.0
-0.67
-3.67
-7.67
-3.0
4.0
-5.33
12.0
-2.0
-10.33
2.67
-6.67
4.33
2.67
4.33
-1.67
0.0
4.0
3.33
0.0
3.67
8.0
-0.67
-2.0
-2.33
6.0
-4.67
-3.0
0.0
1.67
5.33
3.67
-1.0
4.33
12.33
2.67
6.33
4.67
-2.0
4.0
3.67
2.33
-3.67
-0.67
0.0
0.67
7.0
-6.67
10.33
2.0
3.33
3.33
1.67
2.33
-3.0
2.67
0.33
-2.0
4.33
7.67
-2.33
-4.33
7.33
-1.33
5.33
1.67
-1.0
7.33
-0.33
4.67
9.33
0.67
-3.0
1.33
8.67
-1.67
-3.33
-0.67
6.67
-3.33
-7.0
2.0
12.33
5.67
-0.67
-5.0
-2.0
4.0
-4.0
0.67
2.67
-4.0
-0.67
0.67
3.33
-2.0
-4.33
1.0
0.33
2.0
-1.67
0.0
1.0
-4.0
-4.0
-0.67
-3.33
10.33
0.0
5.33
-2.0
-2.67
0.67
-0.33
-0.67
5.0
-3.0
-3.67
3.33
-2.67
2.67
3.33
2.33
2.0
0.0
-3.33
3.0
0.0
-0.33
9.33
2.33
0.0
-4.0
1.33
7.67
2.67
-2.67
1.33
2.67
-3.67
7.67
-2.0
-0.33
-3.67
-6.33
3.0
3.0
2.67
3.67
-0.67
2.33
-0.67
-1.0
4.33
3.0
2.0
1.0
4.0
-2.0
1.0
-4.33
3.33
3.67
2.0
6.67
4.33
0.0
2.0
0.0
6.67
6.67
5.33
0.33
-5.0
0.67
0.33
-1.0
-1.33
-0.33
0.0
0.67
0.0
-4.33
3.33
0.67
1.33
1.67
0.33
0.67
-0.33
-0.67
3.67
6.33
6.33
3.0
-6.0
-2.67
0.67
-3.0
-0.33
-2.67
