0.0
34.67
76.67
97.67
79.0
60.0
46.33
124.67
182.67
61.33
46.67
103.67
60.33
65.67
31.33
57.0
-2.67
-0.67
-15.0
-6.33
-4.67
9.33
-11.33
29.33
-9.33
-12.33
-12.0
10.33
3.33
8.0
-3.0
-2.0
1.0
-2.67
1.33
0.0
1.0
0.0
1.67
2.0
-1.33
2.67
-1.0
2.0
0.67
-0.33
0.67
-0.33
-1.33
0.67
-0.33
-0.67
0.0
-0.33
0.0
0.0
-0.67
1.0
0.33
1.0
-0.33
-0.33
0.0
1.67
1.0
-0.67
2.0
-0.33
-0.33
3.0
0.33
0.67
-0.33
-0.33
0.0
1.0
0.0
0.33
0.67
-1.0
1.67
1.33
-0.33
-0.67
1.67
0.67
-0.67
-1.33
-0.33
-0.67
0.67
-0.67
1.0
1.0
-0.33
-0.33
-0.67
2.0
1.33
0.67
-0.33
0.33
-0.67
0.33
1.33
-0.33
0.0
-0.67
-0.67
-1.0
0.67
0.67
0.33
-1.0
-2.33
2.33
0.33
-4.33
-0.67
-0.33
-1.67
2.67
-2.0
3.0
-1.33
5.67
2.0
-0.67
1.67
4.33
-2.33
-1.67
2.33
2.67
8.33
-0.33
3.67
7.0
3.67
5.67
0.67
-2.67
-1.67
0.33
7.67
-1.33
4.67
8.67
1.0
5.67
2.0
0.0
0.33
4.33
-0.33
-3.0
1.0
2.0
3.0
6.33
-6.33
1.33
-0.67
3.0
-1.67
3.67
7.67
0.33
1.33
2.33
4.33
3.67
7.67
3.0
0.33
7.33
-0.67
-2.0
2.33
3.0
6.33
9.67
5.0
1.33
3.33
2.0
11.67
1.0
10.67
7.67
5.67
5.0
-0.33
-1.67
5.0
7.67
8.0
4.0
-2.67
2.67
9.67
2.0
5.0
0.33
7.0
-2.67
5.33
8.0
3.67
3.0
4.67
1.33
0.67
6.33
0.67
3.67
1.67
-1.0
0.0
0.67
5.67
6.0
1.67
-0.67
3.0
2.67
4.0
0.0
4.67
5.33
4.0
0.0
-3.33
-0.67
5.33
6.33
6.67
3.67
-1.67
-1.67
3.0
5.0
4.0
5.0
8.33
0.67
5.67
-1.0
3.0
-4.67
10.33
3.0
4.67
5.0
1.33
6.67
-0.67
2.67
-1.33
9.33
2.33
7.33
-6.67
3.0
3.67
5.33
4.33
1.0
1.0
5.0
-0.33
6.33
1.67
0.33
8.33
9.0
8.33
0.67
1.67
4.0
-1.33
4.67
2.0
-0.33
6.0
2.0
0.0
10.67
-1.33
3.0
1.0
-4.33
5.0
-1.33
-3.67
5.0
0.67
0.67
2.33
2.33
4.33
9.33
2.0
0.0
2.67
1.33
3.0
4.33
5.67
2.33
7.0
-2.67
6.0
5.67
3.0
2.0
4.33
3.33
16.33
3.67
4.0
4.33
8.33
-0.67
0.33
-4.67
-1.0
5.67
5.33
3.0
2.67
0.0
-1.33
-1.33
2.0
6.33
7.0
4.33
1.33
6.67
3.67
2.0
2.67
3.0
4.0
-6.33
4.67
2.33
-0.33
-1.67
-1.67
1.33
5.67
5.67
5.33
7.67
5.0
-1.67
6.0
2.33
0.33
3.33
2.33
5.0
-2.0
-0.33
0.0
-1.67
7.67
1.33
8.67
7.0
-2.0
4.0
3.33
0.33
2.0
5.67
6.0
2.67
1.67
4.67
-4.67
-0.33
7.33
2.67
-5.33
4.67
6.67
-4.33
3.33
2.0
11.0
2.0
3.33
-1.33
-0.33
3.67
-1.33
3.67
4.0
-1.33
-1.67
0.33
1.33
3.0
4.33
7.0
7.33
5.67
3.0
5.67
0.67
8.0
-0.67
1.67
6.0
3.0
4.0
4.67
-2.67
5.33
4.0
-1.33
-1.0
5.0
2.33
2.67
-1.0
-1.33
2.0
4.0
-2.0
0.67
8.67
-4.0
6.67
2.0
2.33
-1.0
-2.33
-0.67
5.67
1.33
6.33
2.0
1.33
3.33
-1.33
4.67
4.33
1.67
-2.0
0.67
5.0
2.67
5.0
2.67
-1.67
-1.33
2.33
3.67
1.33
0.33
1.67
-5.33
5.0
-0.33
-2.0
3.0
-2.67
2.0
-2.67
6.33
1.67
6.67
5.33
3.0
-0.33
0.67
7.33
2.33
4.67
2.67
-1.33
2.33
-2.33
2.0
2.67
-1.33
-0.67
5.0
0.67
2.0
0.67
-3.0
0.33
2.33
0.33
-1.0
4.33
0.33
-3.0
2.33
0.33
2.0
2.0
-0.67
0.33
-0.67
-1.0
2.67
-0.67
-0.33
1.33
5.33
-3.67
3.0
-1.67
0.0
2.0
-1.67
2.33
4.0
6.0
2.67
5.33
-1.33
1.0
4.33
2.33
-0.67
2.33
-0.67
-1.33
1.33
5.0
3.67
3.0
2.67
-1.0
2.67
0.67
4.0
2.67
0.0
8.67
2.33
0.67
2.0
8.0
1.0
2.67
3.0
-2.67
-3.33
10.67
-6.67
-3.0
2.33
-2.33
5.67
1.0
2.67
1.0
-0.33
1.33
1.67
3.33
1.0
-0.67
-4.67
5.67
1.33
-3.67
1.67
-2.33
0.67
2.33
-0.33
0.0
1.0
0.0
6.67
3.0
-2.33
2.0
5.0
3.33
0.33
4.0
2.0
-0.33
0.67
2.33
-1.0
2.33
0.67
3.0
-4.33
0.33
1.33
4.33
-1.0
-0.67
2.0
1.0
-1.33
-1.33
4.33
-5.33
2.67
3.33
5.0
5.33
6.33
-0.67
2.0
-2.0
5.0
0.0
-1.67
-1.67
2.67
-2.0
4.33
-0.33
1.0
0.33
2.33
-1.33
-1.67
1.0
0.33
1.33
-0.33
-2.0
0.33
4.0
0.0
2.0
-2.33
0.67
-2.0
-4.67
1.0
4.33
-1.33
-3.67
0.0
3.33
-2.0
0.0
-1.33
2.0
3.67
-4.67
-0.67
-5.67
-1.67
-4.67
1.33
4.33
2.67
2.33
0.0
-3.33
-2.33
2.67
-4.33
0.33
1.0
-1.0
1.0
-2.0
-0.67
1.0
-2.0
-0.67
-3.33
0.0
1.0
-0.33
2.0
0.33
-2.33
-3.33
-1.67
-4.33
0.33
-5.67
-6.67
-6.0
-4.67
-8.33
-3.67
-5.0
-2.0
-0.33
-2.0
-3.33
-6.67
-3.67
1.0
-6.33
-5.33
1.33
4.33
-11.0
-4.0
0.0
-1.0
-0.67
-9.33
-2.0
2.33
5.0
-1.33
2.33
-3.0
-3.33
-1.67
-2.0
-3.33
-1.0
-3.0
2.0
-1.33
0.67
-2.33
-3.0
1.33
-4.67
1.0
-3.67
2.0
-1.33
-2.67
-8.67
-8.0
0.0
-2.33
-7.33
-4.0
-5.0
-10.0
-3.0
-1.33
-1.33
-3.33
-2.33
-5.33
-3.0
-4.33
0.67
0.0
-4.33
-4.0
-2.0
-5.0
-4.33
-7.0
-0.67
-4.33
-0.67
-5.33
1.67
4.33
0.33
-8.0
-7.67
0.33
2.33
-0.67
0.67
-3.0
4.0
4.0
-7.33
-1.67
-6.67
-3.67
-7.0
3.33
-3.0
0.33
-3.33
-6.0
-1.0
1.0
-5.0
-3.0
-9.33
-4.0
-3.0
-9.33
-7.0
3.33
-1.33
-6.33
0.0
-5.0
-5.0
-2.67
-0.67
-6.67
-3.67
-5.67
-1.0
1.67
-2.67
-7.67
-1.33
2.67
-7.67
-6.33
-2.67
-2.0
1.0
-2.67
-2.33
0.0
-8.33
-6.0
-4.33
0.33
-6.67
-6.67
-9.33
-4.33
-4.33
-5.33
-0.33
4.67
-9.0
-3.0
-5.33
-0.67
1.33
-9.33
-6.33
-9.33
-2.67
-2.0
-6.0
-2.0
-6.0
0.67
-1.0
-2.67
-3.0
-4.0
-3.0
-5.67
-5.67
4.33
-4.67
-5.67
2.67
1.33
9.33
-2.67
-1.67
1.33
-6.0
-1.33
-9.67
-8.0
-0.33
0.67
5.33
-5.67
-8.67
-6.0
-4.67
-6.33
-5.0
-9.67
-5.67
-4.0
0.67
-2.67
-2.67
5.0
-4.33
-10.0
-2.0
-8.67
-6.0
-9.67
-8.0
-1.33
5.33
2.67
1.67
-5.33
-2.67
2.0
-4.33
-8.67
-7.67
3.0
-1.0
-4.67
-1.67
4.33
-0.67
0.0
-6.67
-0.67
5.67
-3.0
-0.33
-0.33
-3.0
-4.0
-4.33
8.67
1.33
-6.0
-0.33
6.0
6.67
-6.33
10.67
-7.67
2.67
0.0
6.67
13.67
10.0
13.0
24.0
36.67
15.0
31.67
34.33
25.33
15.0
24.67
19.33
3.0
23.33
19.67
8.0
6.67
9.33
5.0
13.67
11.67
3.67
-5.33
1.67
-5.0
-2.0
9.33
1.0
1.0
3.33
0.67
-1.67
3.0
-7.33
-0.67
-2.67
-8.0
6.33
-8.33
-6.0
0.67
13.0
-2.67
0.33
-5.0
6.67
5.0
13.0
10.33
4.67
-6.0
-3.33
9.33
7.67
6.0
1.0
11.67
20.33
17.33
12.0
13.0
8.33
21.33
19.33
15.0
24.67
22.0
15.67
16.0
19.67
21.0
18.67
9.0
7.33
3.33
-3.0
7.33
10.33
0.0
8.67
7.33
1.0
16.33
-1.0
0.0
13.67
-4.0
2.33
5.33
10.33
0.33
10.67
14.67
0.33
5.0
9.0
-4.33
14.33
9.0
3.33
4.33
2.67
4.67
-1.33
10.67
7.33
4.33
12.67
15.67
6.67
1.33
-5.33
9.0
8.33
9.0
3.33
10.33
9.67
14.67
1.33
6.0
7.67
9.33
18.33
4.67
17.33
8.67
10.67
4.33
9.0
23.0
25.0
-0.67
14.33
12.0
4.33
12.33
14.67
12.67
13.67
22.33
12.0
18.33
18.67
8.67
10.0
17.67
25.0
15.0
9.33
20.33
8.33
20.0
29.0
15.33
26.33
13.0
17.33
17.33
22.0
25.33
27.0
34.0
24.67
14.33
15.0
18.33
18.33
8.67
10.0
11.33
6.67
17.33
10.33
17.33
5.67
-0.33
10.0
9.0
9.33
8.33
-0.67
11.33
0.67
2.33
3.0
7.33
-0.33
9.33
7.0
21.33
3.67
4.0
7.0
17.0
5.0
18.33
11.67
13.33
4.67
4.33
16.67
9.33
15.67
10.0
14.0
4.67
9.0
11.67
21.0
-2.33
8.67
20.67
14.67
9.67
9.33
15.67
11.67
15.67
9.33
14.33
5.67
15.33
18.0
17.0
6.67
16.0
6.67
-2.0
21.33
8.67
13.0
9.0
11.0
5.33
7.0
7.67
-3.33
3.33
3.33
15.0
14.0
10.0
11.67
25.0
1.0
12.0
6.67
15.0
28.33
13.67
17.67
22.67
16.0
21.33
21.67
27.67
39.0
16.67
26.33
39.33
39.0
44.67
50.0
33.67
50.0
51.67
44.67
57.33
66.0
36.0
44.0
46.67
49.33
42.0
35.67
36.67
44.33
35.67
31.67
32.0
14.0
30.33
31.33
22.33
36.33
23.33
26.67
21.33
16.33
22.67
21.0
23.33
25.67
15.67
21.0
14.67
24.0
33.0
34.33
32.0
28.0
35.33
30.0
25.33
38.67
49.33
21.67
31.67
43.33
31.67
60.33
23.33
50.0
35.33
52.67
41.67
43.67
59.67
44.67
36.33
22.0
31.0
33.0
44.67
30.33
24.67
25.67
36.0
27.67
14.67
30.0
16.67
14.67
23.33
16.33
13.67
13.0
26.0
24.67
19.67
16.33
10.67
16.33
12.67
10.33
1.67
12.67
18.67
15.33
11.67
1.0
9.33
14.33
8.0
1.67
0.0
18.33
2.0
14.67
9.0
15.33
8.67
15.0
7.33
2.67
14.0
2.33
8.0
-0.33
12.67
4.67
19.67
12.0
10.67
17.0
4.33
5.33
11.0
10.67
6.33
13.0
11.33
17.67
16.67
2.33
10.33
5.33
20.33
5.0
10.33
16.33
-2.67
15.33
25.67
15.33
17.33
33.67
30.0
20.33
14.33
16.0
12.33
22.0
7.67
18.33
25.0
7.33
22.0
26.33
11.67
13.33
19.0
19.33
16.67
12.67
0.67
16.0
9.67
19.0
11.67
8.0
4.67
19.67
16.33
14.33
12.0
16.33
13.0
17.0
18.67
22.67
11.67
25.67
7.33
18.67
14.67
21.0
20.67
8.0
6.33
22.0
13.67
16.33
15.67
26.67
13.67
14.0
10.0
4.0
11.33
-1.67
2.67
30.67
2.33
12.33
14.67
1.67
2.0
11.0
3.67
14.67
9.67
7.33
5.67
-0.33
3.33
12.67
10.33
10.0
15.67
7.0
-0.33
-6.67
7.67
-2.0
19.0
9.67
9.67
2.33
8.67
13.33
-2.0
6.67
16.33
8.0
18.0
2.67
-1.0
0.33
5.67
17.33
13.33
8.0
2.67
-4.67
7.0
18.67
1.33
10.33
12.67
5.67
8.33
5.33
-7.33
1.0
4.0
5.67
4.0
5.0
8.67
4.0
16.67
8.33
14.0
11.0
4.67
22.33
-0.67
15.0
11.33
27.33
5.67
10.67
6.67
1.67
9.0
0.33
18.0
7.67
11.0
6.0
7.67
6.67
12.33
7.67
9.0
6.67
16.33
6.0
18.0
7.67
6.0
9.33
18.0
13.67
18.0
1.33
7.67
6.67
0.0
3.67
10.0
4.0
-5.67
2.33
-14.33
5.33
6.67
13.0
1.33
2.67
12.33
2.67
3.33
2.0
7.33
1.0
-1.33
7.0
4.67
11.0
0.33
-7.0
16.0
-1.0
5.0
7.33
15.33
-6.33
9.33
3.33
7.0
11.67
-8.33
13.0
13.0
2.0
8.33
2.67
-6.0
11.33
11.33
-1.67
9.0
5.0
6.33
-0.33
7.0
6.67
2.33
10.33
10.67
2.33
5.67
10.67
13.33
13.67
7.67
10.33
1.33
4.0
15.0
8.0
12.67
17.33
4.67
7.33
9.33
9.33
5.0
10.33
2.67
8.67
6.0
13.67
12.0
5.33
-3.0
20.33
11.0
19.0
9.0
19.67
22.67
22.0
23.67
12.0
19.0
6.67
14.67
8.0
12.33
18.0
19.0
14.67
8.67
15.33
13.33
24.67
10.33
16.0
11.0
4.0
18.67
-3.67
16.33
19.0
1.0
5.33
3.33
15.33
17.0
4.33
3.33
2.67
18.33
14.67
8.0
11.67
9.0
15.67
6.33
28.67
3.0
4.0
15.0
7.33
10.67
14.33
6.67
14.0
10.0
0.0
10.67
-3.33
-3.33
1.33
12.67
0.67
1.67
-1.33
-5.67
-2.67
-4.33
4.33
-2.33
13.0
0.33
-0.67
11.33
16.33
-3.0
-2.33
-2.0
22.33
17.0
1.67
-9.33
8.67
9.67
-3.67
2.33
0.33
-3.0
5.33
13.33
19.0
-4.33
10.0
4.67
12.0
7.33
-5.67
0.67
-7.33
10.0
-3.67
5.0
-2.67
-1.0
3.0
8.0
-4.0
15.33
-6.67
0.33
5.0
-0.33
-1.67
15.33
-6.67
1.33
2.33
11.0
13.0
-1.67
2.0
-0.33
-11.33
10.33
-9.0
8.0
7.0
-1.33
2.33
3.0
5.67
1.0
0.67
15.33
-3.33
0.0
0.0
-2.33
13.33
6.67
5.67
-1.33
13.67
2.67
4.0
-3.67
-2.33
6.33
13.33
1.0
-3.33
21.0
3.33
-1.0
11.0
-6.67
11.67
0.0
0.0
0.0
1.33
3.0
-1.33
-5.33
6.0
7.33
-9.0
9.0
5.67
-8.67
5.67
-1.0
2.67
-3.0
-5.33
7.67
-6.67
10.0
1.0
14.0
0.0
12.67
1.67
4.33
6.0
4.33
-1.67
5.67
12.67
-7.0
-3.33
3.0
4.0
13.0
7.0
-1.67
8.33
11.67
0.0
7.67
11.67
6.67
8.33
1.33
4.67
14.0
1.67
6.33
-4.0
2.33
-0.67
5.33
8.67
-3.0
12.0
0.0
-0.33
-5.0
3.67
8.0
5.0
17.0
2.0
14.0
-0.67
1.0
1.67
9.0
4.0
3.0
4.33
5.33
-2.33
4.67
2.0
-0.67
-1.0
-5.33
2.33
-5.33
5.33
0.67
3.33
3.67
11.33
0.0
-1.33
0.0
9.67
-2.67
0.33
1.67
8.0
-2.67
2.0
5.0
-2.67
-3.67
6.0
6.33
8.33
-1.33
2.33
1.0
3.0
1.33
6.67
9.33
-4.0
-0.33
6.0
6.33
5.67
2.33
-0.33
-3.67
-2.33
0.33
-0.33
-1.67
-4.67
7.0
-4.0
7.67
-2.33
11.67
13.67
1.67
3.33
4.33
16.33
10.0
-3.67
-1.67
-5.67
6.0
4.0
3.67
12.0
0.0
-3.33
5.67
8.33
4.33
-1.33
4.33
2.33
5.0
7.0
1.33
6.0
6.67
5.0
1.33
4.0
10.67
-2.0
2.33
-2.0
6.0
-1.33
8.33
6.67
-2.0
2.33
10.33
3.67
16.33
-2.33
9.0
2.0
3.67
-3.67
-2.67
4.33
-1.0
4.67
7.0
-1.67
1.33
7.0
2.33
-0.67
0.67
4.33
-1.0
0.67
-1.67
-1.0
3.33
3.67
5.67
5.67
-1.67
4.67
8.33
3.67
1.0
3.33
8.67
4.67
6.33
-1.33
6.0
0.33
1.67
8.33
-10.33
-2.67
5.67
0.67
-1.0
3.0
1.33
5.67
-1.67
10.0
1.0
7.0
-4.0
6.67
3.67
7.0
-7.67
2.67
0.33
5.0
-0.33
2.0
10.33
4.0
-2.67
4.0
3.0
2.0
3.0
1.33
0.67
7.33
-4.0
7.33
7.0
1.33
7.67
-0.33
-3.67
1.0
12.0
2.33
10.33
1.33
12.67
3.33
1.33
0.0
12.0
7.67
5.0
9.0
10.67
6.33
2.33
5.0
6.0
3.33
0.67
14.67
0.33
-2.67
13.67
6.33
10.67
3.0
0.67
4.33
-4.33
5.0
5.0
-0.33
2.67
-0.67
4.33
8.33
4.0
7.33
-1.0
1.0
6.0
10.0
-2.0
-2.0
2.67
5.33
0.67
-1.0
5.67
4.33
7.0
0.0
1.0
6.67
6.67
13.33
2.33
2.0
9.67
10.33
-4.0
-1.33
1.67
-2.0
-5.33
-1.0
0.67
1.33
1.67
2.33
6.67
1.33
2.67
4.67
0.33
-0.33
5.33
4.33
1.0
4.0
-3.67
5.67
-3.0
-2.33
5.33
