0.0
-2.33
28.67
51.67
31.0
16.0
77.33
14.67
39.67
77.33
-78.33
-24.33
23.33
-66.33
-52.67
4.0
-76.67
-44.67
-24.0
-9.33
-23.67
-7.67
-2.33
-12.67
-17.33
-4.33
7.0
-7.67
1.33
3.0
-9.0
-6.0
-4.0
-4.67
0.33
-2.0
2.0
-1.0
-1.33
0.0
-1.33
-0.33
0.0
2.0
-0.33
0.67
0.67
-0.33
-1.33
-0.33
0.67
-0.67
1.0
0.67
0.0
1.0
-0.67
0.0
0.33
1.0
-0.33
-0.33
1.0
0.67
1.0
-0.67
0.0
-0.33
-0.33
0.0
-0.67
-0.33
-0.33
1.67
0.0
0.0
1.0
-0.67
-0.33
-1.0
0.67
1.33
0.67
1.33
0.67
0.67
-0.67
-0.33
0.67
-0.67
-1.33
-0.67
1.0
0.0
-0.33
-0.33
-0.67
2.0
-1.67
-0.33
-0.33
0.33
-0.67
-0.67
0.33
0.67
-1.0
0.33
-0.67
-1.0
-0.33
-1.33
-1.67
1.0
-2.33
-0.67
0.33
-3.33
-0.67
4.67
4.33
4.67
0.0
3.0
3.67
4.67
1.0
-1.67
0.67
5.33
-0.33
-0.67
-5.67
4.67
5.33
4.67
-0.33
6.0
0.67
9.67
-0.33
-1.67
-2.67
0.33
1.67
-2.33
-2.33
4.67
3.0
4.67
2.0
-1.0
1.33
4.33
2.67
1.0
0.0
3.0
0.0
4.33
4.67
5.33
8.33
4.0
-0.67
10.67
0.67
1.33
-6.67
7.33
4.33
6.67
-0.33
2.0
-0.67
0.33
2.33
4.0
1.33
-2.0
-1.67
7.67
-5.0
7.33
-1.67
5.0
5.67
2.0
4.67
-3.33
1.67
1.0
-0.33
-1.67
5.0
3.67
3.0
-1.0
3.33
5.67
1.67
3.0
8.0
-3.67
10.0
-3.67
8.33
14.0
0.67
2.0
-2.33
6.33
6.67
-0.67
1.67
3.67
2.67
6.0
11.0
-2.33
12.67
8.0
7.67
0.33
2.0
-2.33
3.0
0.0
7.67
-1.67
9.0
-4.0
-0.33
6.33
5.33
1.33
-0.33
9.67
9.33
14.33
-1.0
2.0
2.0
0.0
9.33
3.67
-1.33
4.0
0.0
0.33
10.33
6.0
5.67
11.0
-2.67
5.67
4.33
3.67
4.67
1.33
8.33
13.33
4.33
-1.0
-2.33
7.33
6.33
0.0
0.0
7.0
-0.33
4.33
-2.33
2.33
-2.67
0.0
1.33
2.67
0.67
8.0
-5.33
6.67
4.0
6.67
3.0
8.0
7.0
0.67
-2.33
3.0
3.0
-3.33
1.0
-1.33
2.33
0.0
-0.33
1.67
6.33
4.33
3.33
9.33
4.0
7.0
8.67
5.33
-2.0
0.33
1.67
5.33
2.0
4.33
2.0
3.67
3.0
-1.0
8.33
6.33
-0.67
-3.33
8.0
8.33
5.33
1.33
-1.67
1.33
7.0
4.67
7.33
7.0
-2.33
0.0
8.67
1.67
0.0
5.33
-3.0
-0.67
-3.67
9.67
4.67
4.0
0.67
7.0
6.0
0.67
4.67
-0.67
1.67
-3.67
0.33
4.33
-2.33
2.67
1.33
2.67
1.0
2.33
3.0
6.33
-1.67
11.33
4.33
5.0
-1.0
-1.33
-1.0
-3.67
8.67
5.33
2.67
2.0
0.0
4.0
-5.67
5.33
1.0
0.67
2.0
4.67
5.67
9.67
0.33
1.67
4.33
-0.33
4.67
-1.33
-2.33
-2.33
2.33
1.0
-2.0
8.0
6.33
5.67
-0.33
-4.33
2.67
2.67
2.0
-2.33
-4.67
8.33
2.33
8.0
3.33
4.0
3.33
3.67
-2.0
-2.33
2.67
-1.0
2.33
1.67
3.0
0.0
-1.0
0.67
3.33
3.33
0.0
-3.33
4.0
1.0
3.33
10.67
0.0
4.67
-4.0
1.0
-1.0
-1.33
3.67
4.0
5.67
0.0
0.33
-2.0
-1.33
-1.67
7.67
-0.67
5.33
4.0
9.33
0.33
3.67
3.67
1.33
2.67
-2.0
2.67
8.0
-2.33
2.0
0.67
-0.67
-0.33
2.33
0.67
-2.67
-2.67
-1.33
-3.33
5.0
4.67
4.0
7.0
-1.67
0.0
6.33
9.33
5.67
-0.33
4.33
7.0
2.67
3.67
-4.67
1.33
4.67
5.67
1.67
0.33
-4.33
1.0
-3.33
-0.33
5.33
5.0
5.67
-1.0
-0.33
-2.0
-0.67
3.33
1.33
3.0
5.33
0.33
-1.0
-0.67
-0.67
10.0
1.0
0.33
-0.67
-0.67
3.0
1.67
-3.67
-1.33
6.33
-5.67
0.33
5.0
-0.67
5.0
1.0
-1.67
-1.67
2.0
0.0
-1.33
-0.67
-3.33
5.0
1.33
-2.67
-4.67
-4.67
-3.67
-0.33
0.33
5.0
2.67
2.0
-0.33
0.0
6.67
1.67
1.0
-1.33
-2.0
-2.33
-2.67
2.67
4.0
3.0
1.0
3.67
-1.0
-2.67
-0.33
3.67
-3.67
0.0
0.33
-2.33
-2.33
-1.0
1.67
-4.0
-0.33
2.33
4.67
6.33
5.0
5.33
-2.67
-0.33
-2.67
1.33
-0.33
-5.33
0.67
5.33
6.67
4.0
-1.0
2.0
0.67
2.0
-3.33
1.0
1.0
-0.67
0.33
2.0
-4.0
7.67
0.67
-0.67
-2.0
-1.67
-1.33
0.0
-1.33
5.33
-3.67
2.33
0.0
1.33
0.0
5.0
4.67
-0.33
-2.67
-0.33
1.67
-1.67
-5.0
-1.67
4.33
2.33
3.0
0.0
-3.0
4.0
-2.67
3.33
3.67
3.0
-0.67
-2.33
4.0
-1.67
2.33
-3.33
-4.67
-1.0
-0.67
2.33
1.67
2.0
-2.67
8.0
-1.0
1.0
-4.33
0.67
3.0
3.33
1.0
3.33
-2.33
-1.67
6.0
1.33
-4.0
-3.0
-1.33
3.0
-2.33
-2.67
1.33
-3.67
0.33
-1.67
-0.67
3.33
3.67
11.33
0.0
-0.33
-0.33
0.67
-1.33
-0.67
2.0
1.0
-1.0
0.0
-1.67
-5.0
-5.0
2.33
0.67
0.0
3.0
-0.33
3.0
-3.67
0.67
-6.33
-3.67
-5.33
3.33
-1.67
-0.67
-3.0
-2.67
-5.33
-6.67
3.0
0.0
-0.33
0.0
-4.33
-7.67
-0.67
-1.0
-2.33
1.67
0.33
4.33
-4.0
-5.0
0.0
3.0
2.33
-2.33
0.0
-1.67
0.0
-3.33
0.33
-3.0
1.67
-1.67
-6.0
-4.33
-1.0
-3.0
-5.0
-0.33
-2.33
-4.33
-5.0
2.33
-5.67
-2.0
-3.67
-5.0
0.67
-8.67
-2.67
-11.0
-6.0
-3.33
-5.33
-5.0
-6.0
-6.0
3.0
-3.33
-3.33
-2.33
-4.33
-5.33
-5.0
-6.33
-6.33
3.0
-2.33
-4.0
1.0
-5.0
0.67
-5.0
-5.67
0.67
-2.67
-5.33
-6.33
-2.67
3.33
-6.0
-4.67
-3.67
-2.67
-3.67
-8.33
-6.0
-2.0
-1.0
-6.33
-4.67
-2.67
0.33
-6.0
-5.67
-4.0
1.33
-4.33
0.0
-1.0
-3.0
0.0
-3.0
-5.33
-1.0
2.0
-5.33
-5.0
-2.67
-0.33
-3.33
-4.0
-9.0
-4.0
-7.67
-4.67
-2.67
-3.67
-6.67
-5.0
-3.33
-2.67
-6.67
-9.33
-3.33
-4.67
-4.33
-1.67
-1.0
-8.0
-0.67
-5.33
-2.0
-5.33
-4.0
-0.33
0.33
-10.67
1.33
-7.33
-2.33
-11.33
-9.33
-1.33
1.67
-1.0
-7.0
-6.33
-1.67
-3.67
-3.33
-1.33
-6.33
-7.67
-9.0
-8.0
-4.0
-6.0
4.67
-5.0
-3.67
-4.0
-4.0
-4.0
-5.67
-5.67
4.33
2.33
-3.67
-5.33
-0.67
-4.67
0.33
-1.67
-9.67
-3.0
0.67
-2.67
-6.0
3.67
-2.33
-1.67
-5.67
-5.67
-10.0
-1.67
-0.33
-4.0
-6.67
-3.67
0.0
-0.33
-2.67
-1.67
2.0
-10.33
-7.0
2.0
-1.67
-3.0
-4.67
-8.0
-1.33
-10.67
2.67
-1.33
2.67
4.33
0.0
-2.33
5.33
3.33
-1.0
-2.0
4.33
0.33
7.33
-2.67
8.0
-3.67
9.33
-2.33
2.0
-0.33
4.67
1.0
-6.0
2.67
2.67
0.33
-4.0
7.67
10.0
5.67
-2.33
3.67
-12.67
-6.33
6.0
3.67
4.67
15.0
21.0
19.0
28.67
49.0
36.67
39.33
37.33
66.0
51.67
86.33
76.0
97.33
93.67
82.0
102.67
85.33
83.0
72.67
70.67
63.67
30.67
32.67
43.0
11.0
29.33
31.0
15.0
6.33
3.67
-0.67
4.0
3.67
-8.67
-1.67
3.0
8.33
-0.33
-5.0
-6.33
6.0
-2.67
4.33
-1.0
6.67
8.0
11.0
10.33
11.67
2.0
3.67
9.33
6.67
13.0
6.0
15.67
26.33
12.33
16.0
23.0
9.33
30.33
21.33
2.0
9.67
11.0
17.67
9.0
12.67
7.0
14.67
3.0
8.33
9.33
-4.0
4.33
6.33
9.0
4.67
15.33
-2.0
10.33
3.0
-4.0
14.67
5.0
4.33
-0.67
11.33
5.33
2.67
-3.33
6.33
3.0
3.0
7.67
8.33
10.0
3.33
8.33
0.67
8.67
0.67
11.67
-0.67
7.33
8.67
4.67
14.67
13.33
6.67
15.0
10.33
7.0
7.33
8.33
21.67
8.67
22.33
17.0
23.67
13.33
25.33
19.67
39.33
15.67
22.67
22.33
28.0
24.0
22.0
23.33
23.33
15.0
12.33
29.33
14.67
22.67
26.67
26.33
23.0
18.33
18.67
16.67
25.0
18.67
19.0
11.0
20.33
21.33
16.33
10.0
26.0
15.33
26.33
19.0
45.33
18.33
23.0
26.33
28.0
17.0
19.67
19.33
17.0
13.33
6.33
12.67
16.0
15.33
5.67
15.33
10.33
16.33
14.67
4.67
1.0
5.0
4.33
1.33
4.33
13.33
10.67
12.33
1.0
3.33
-0.33
5.33
9.0
-2.67
-0.33
9.0
-2.0
5.0
4.0
-0.67
4.67
7.33
3.67
6.33
11.67
4.33
3.67
7.0
6.0
6.67
5.0
5.67
17.0
7.67
4.67
24.67
16.67
9.67
-2.67
13.67
3.67
8.67
2.33
36.33
3.67
16.33
14.0
-1.0
10.67
11.0
2.67
0.0
5.33
3.67
17.0
10.0
9.0
2.33
8.0
3.67
-0.33
6.33
5.33
8.0
23.0
4.0
12.67
16.0
21.0
4.0
13.67
24.0
44.33
33.67
32.67
40.67
40.0
52.33
43.67
42.67
65.0
57.67
62.33
57.33
60.0
63.67
76.0
68.67
71.0
59.67
60.67
58.33
54.0
58.0
79.0
63.67
58.33
57.0
45.67
49.67
50.33
44.67
32.67
37.0
26.0
14.33
35.33
22.33
40.33
19.33
23.67
16.33
24.33
11.67
14.0
22.33
25.67
15.67
36.0
18.67
31.0
34.0
27.33
34.0
36.0
35.33
39.0
41.33
37.67
43.33
40.67
32.67
47.33
31.67
42.33
56.33
49.0
39.33
49.67
44.67
51.67
50.67
66.67
63.33
41.0
52.0
51.0
43.67
51.33
45.67
18.67
35.0
41.67
25.67
20.0
29.67
33.67
23.33
28.33
5.67
13.0
11.0
17.67
11.67
10.33
2.67
9.33
11.67
14.33
9.67
3.67
5.67
19.33
22.67
-1.0
9.33
9.33
5.0
10.67
3.0
3.33
10.0
7.67
5.0
9.33
9.67
6.0
8.33
4.67
3.0
3.33
9.0
10.67
13.67
6.67
12.67
7.0
2.67
7.0
12.33
4.33
12.0
10.67
14.33
3.0
17.33
17.67
17.67
9.33
13.33
13.33
18.33
25.0
24.33
22.33
25.33
15.33
18.67
2.33
15.33
29.67
26.0
11.33
22.33
25.0
29.33
19.0
7.67
10.33
25.0
18.33
15.0
24.33
8.67
17.33
28.0
14.33
17.67
18.67
11.67
10.0
17.67
4.0
11.67
15.0
13.67
14.67
14.33
11.33
17.0
13.33
15.0
26.0
23.67
20.67
8.67
21.67
10.33
21.67
24.67
21.0
19.67
26.0
16.33
10.0
15.67
19.33
8.67
17.67
9.67
21.0
19.0
11.0
15.33
6.33
6.67
23.67
13.33
21.33
18.67
15.67
6.0
11.0
2.67
1.67
-1.33
15.33
3.67
-3.33
13.33
17.67
0.33
9.0
4.67
10.0
17.67
2.33
8.67
18.0
20.0
8.67
11.67
7.33
12.67
5.33
-6.0
3.67
16.33
13.0
9.0
-0.33
1.0
-1.67
3.67
14.33
12.33
18.0
10.67
0.33
18.0
14.67
2.33
3.33
18.67
8.67
-4.67
8.33
5.67
-1.0
13.0
-7.33
8.0
6.0
22.67
7.0
0.67
9.33
-1.0
12.0
8.67
13.33
3.33
21.0
5.33
14.33
11.67
17.67
-0.33
14.67
11.0
4.33
10.0
9.67
22.0
4.0
-0.33
11.67
15.33
11.67
2.0
-4.33
9.33
11.0
3.0
12.67
-3.0
6.33
0.0
1.67
-2.0
9.33
7.67
2.67
1.0
6.67
11.0
-3.0
3.33
0.33
7.67
-4.67
6.67
6.0
-1.67
4.67
10.33
7.67
4.33
-5.0
-15.67
12.0
0.67
2.0
8.67
13.0
15.33
3.0
2.0
3.0
3.0
12.33
9.33
7.67
10.33
-10.67
2.0
-0.33
10.67
8.0
6.0
6.0
0.33
1.67
18.0
2.33
2.33
8.33
0.0
9.0
7.33
9.67
17.0
17.67
6.33
9.33
1.67
4.33
11.67
-4.33
1.33
6.67
15.67
13.33
6.33
19.0
23.0
3.0
13.67
-1.67
22.67
1.33
12.33
4.33
11.0
14.33
4.67
10.67
10.0
18.67
10.0
26.33
12.0
4.33
14.0
9.0
-3.0
17.67
15.67
12.0
9.67
11.0
21.0
0.67
14.67
23.0
3.33
10.0
3.0
13.67
13.67
12.33
16.33
15.67
14.33
7.0
1.0
19.0
19.67
11.33
12.33
14.0
0.0
7.33
5.33
16.33
11.0
1.33
17.33
4.67
7.33
8.67
14.0
2.67
11.0
14.67
17.33
0.67
9.0
7.0
17.0
7.33
16.67
1.33
9.67
-3.0
6.0
5.0
17.67
3.67
14.67
-3.67
-0.33
2.67
-8.33
-10.33
9.33
-6.67
0.67
6.33
13.67
17.0
7.33
6.33
2.33
2.33
-3.0
-1.33
1.0
-2.67
8.0
0.67
1.67
0.67
-3.33
2.33
13.33
12.33
9.0
7.33
3.33
16.0
-1.33
3.0
12.67
-7.0
5.33
0.33
3.67
0.67
4.0
15.33
-2.0
18.33
-4.0
3.0
5.0
0.0
30.33
-4.67
0.33
2.0
4.67
-0.67
3.33
9.33
-4.67
0.33
-11.0
11.0
0.33
7.0
-1.33
-7.33
2.33
6.0
4.0
-7.0
-8.33
0.33
-7.0
11.67
-9.0
15.67
5.33
4.67
3.0
0.0
-1.33
-3.67
-6.33
8.67
-3.33
2.67
-3.33
-2.0
3.33
5.67
-1.67
11.33
6.0
1.67
4.0
-1.67
-1.0
-6.0
-1.67
3.67
11.0
-4.0
4.0
9.33
8.0
0.67
-2.33
10.0
4.33
1.0
6.0
4.67
-3.67
-6.33
0.0
4.67
2.0
11.67
1.67
-8.67
3.0
-1.0
15.0
17.0
5.67
11.67
18.33
3.0
3.33
6.33
1.67
13.67
-1.0
3.67
1.0
11.0
3.0
-1.0
7.33
12.33
-1.33
12.0
7.67
3.67
11.67
9.33
0.33
0.67
3.0
13.67
0.33
3.0
10.33
4.33
10.33
1.67
3.0
3.0
5.0
5.67
7.0
5.67
4.0
11.0
8.0
-1.0
6.0
4.33
7.0
-4.33
15.0
1.0
5.0
-0.67
8.33
6.67
2.67
7.0
1.33
0.0
5.67
8.33
-6.33
-4.67
-0.33
11.33
10.67
1.33
4.0
-1.33
7.0
1.67
0.33
-3.67
2.67
8.0
8.33
4.0
7.0
6.33
1.33
-1.0
-1.67
1.33
-1.33
-4.67
5.0
8.0
-1.67
4.67
3.33
-2.0
-0.33
-2.0
6.33
-4.33
-7.67
14.67
1.33
2.67
6.33
-2.33
1.33
1.33
8.0
0.0
5.67
4.67
7.67
4.67
3.67
1.33
-1.67
9.33
0.0
-1.67
-1.67
3.33
6.0
4.0
3.67
7.0
6.0
3.67
-0.33
-0.67
-5.67
2.67
7.33
5.33
6.0
6.0
4.33
10.0
2.67
-4.0
8.33
10.0
1.67
-2.0
7.33
-4.0
-2.0
-0.33
-1.67
5.67
1.0
5.33
15.33
3.67
3.33
2.67
14.0
1.0
3.67
0.33
-1.67
5.33
-3.0
0.67
9.0
-3.67
6.33
-3.0
-2.67
-0.67
6.67
4.33
-2.0
3.67
-0.67
-2.0
7.33
0.67
8.67
-4.33
-0.67
1.67
2.33
1.67
-1.0
12.33
4.67
-5.33
2.33
0.67
2.0
-2.67
6.67
-0.67
2.67
-1.67
8.67
-0.33
6.0
7.0
7.33
0.67
-3.67
-7.0
-4.0
3.0
1.0
7.67
-0.33
-5.0
7.33
2.67
0.33
-8.0
6.67
5.0
1.33
3.0
5.33
3.0
2.0
3.0
5.0
7.33
-2.33
14.33
8.0
14.33
6.0
9.33
5.67
-0.33
10.33
6.0
5.0
-0.67
8.33
-0.67
1.67
4.33
6.33
5.0
8.0
6.67
7.0
4.0
2.67
15.33
13.33
2.0
3.0
-2.67
2.67
6.67
2.33
-2.67
10.67
6.33
14.67
3.0
9.67
-0.67
5.67
6.0
-1.0
4.67
4.67
-2.67
3.33
1.33
4.0
2.33
5.0
5.0
4.0
1.0
5.0
1.0
1.67
0.33
3.67
0.0
3.67
10.33
4.0
-2.0
6.0
4.67
4.67
6.33
-2.67
4.0
10.67
3.33
4.0
0.67
0.67
-3.0
-1.33
5.0
3.67
4.33
5.67
1.33
3.67
0.33
0.67
-0.33
3.33
1.67
1.33
7.33
6.0
3.0
1.33
5.67
0.0
5.67
0.33
