0.0
-14.33
66.67
10.67
72.0
52.0
54.33
-13.33
86.67
-53.67
70.67
141.67
26.33
-6.33
53.33
-2.0
14.33
-13.67
-23.0
-0.33
-54.67
1.33
-2.33
-2.67
-17.33
0.67
2.0
-0.67
-2.67
4.0
-7.0
5.0
-2.0
-2.67
4.33
1.0
2.0
2.0
-0.33
-1.0
1.67
1.67
0.0
0.0
0.67
2.67
-0.33
0.67
0.67
0.67
-0.33
0.33
1.0
0.67
0.0
2.0
-0.67
0.0
-0.67
1.0
-0.33
-0.33
0.0
-0.33
1.0
0.33
0.0
-1.33
0.67
0.0
-0.67
-0.33
-0.33
0.67
1.0
1.0
0.0
-0.67
-0.33
-1.0
-0.33
0.33
-0.33
1.33
-0.33
0.67
0.33
-1.33
0.67
0.33
0.67
0.33
1.0
0.0
0.67
-1.33
0.33
0.0
-0.67
-0.33
-2.33
0.33
-1.67
-0.67
0.33
-0.33
0.0
-1.67
3.33
2.0
3.67
2.67
-0.67
0.0
-1.33
-0.67
-2.67
-5.33
3.33
0.67
-0.67
-1.33
1.0
3.0
-4.33
-0.33
0.0
3.33
2.67
1.33
-4.33
5.33
4.33
3.67
-0.67
2.67
1.67
-2.0
-1.33
-0.33
-1.33
-0.67
1.33
4.33
1.67
8.67
3.67
-1.33
4.0
0.67
-6.0
5.0
8.33
5.33
-5.33
0.0
3.0
9.0
7.0
1.33
3.67
-1.67
6.33
12.0
5.33
0.67
9.67
9.33
0.33
2.33
8.33
0.67
2.67
3.0
4.33
6.33
-2.67
4.0
5.33
3.0
5.33
12.67
1.0
0.33
-0.67
8.0
2.67
3.0
6.67
-3.33
-1.33
0.0
-1.33
2.33
-1.0
6.67
5.0
5.0
2.33
7.67
11.67
2.0
3.0
-2.67
4.0
-0.67
3.33
6.0
0.67
3.0
1.67
6.33
3.67
4.33
-0.33
5.67
-1.33
3.0
1.0
2.67
9.67
4.0
-0.33
0.33
0.0
5.67
5.0
-4.0
-0.33
3.33
8.0
9.0
0.67
2.33
-0.67
-0.67
6.67
-1.33
5.33
5.33
4.0
4.0
2.0
-2.0
0.33
1.67
0.67
0.0
2.0
-1.67
5.33
-4.0
0.67
11.0
1.33
5.67
-1.67
2.67
-2.33
2.33
0.33
7.33
-1.67
-1.0
1.67
16.33
-0.67
8.0
1.0
-1.0
4.67
2.33
-1.33
-1.67
1.33
-1.0
7.33
-0.33
7.67
5.0
-0.33
2.67
-1.0
1.67
4.0
6.0
2.0
1.67
3.67
2.0
2.0
2.67
3.0
-1.33
-5.67
-3.0
-1.33
-4.33
7.33
5.33
5.33
5.33
1.0
2.0
3.67
3.33
2.0
2.33
7.67
3.33
-6.0
4.33
2.0
3.67
1.0
6.0
1.33
3.33
8.33
-3.33
1.0
7.33
5.33
0.33
7.33
0.33
6.0
0.67
5.33
8.0
-1.33
1.0
5.67
8.67
2.0
4.33
1.0
-3.67
5.33
5.67
2.67
1.0
-3.33
1.0
2.0
10.67
-0.33
5.33
0.67
0.33
-2.67
4.33
-5.33
-0.33
-5.67
6.67
4.0
-2.67
5.0
6.33
-3.67
0.33
-0.67
0.0
2.0
-1.33
-2.0
2.33
1.67
-1.67
-2.33
1.0
-3.0
11.0
2.33
-0.67
0.0
2.67
5.0
2.67
5.67
-0.33
-9.67
-3.33
-2.67
1.67
1.67
-0.33
-1.33
-1.33
3.33
-3.0
2.0
1.0
5.33
2.67
-2.33
0.67
0.67
2.67
4.0
2.67
-5.67
-0.67
0.33
3.0
4.33
3.0
6.33
3.67
0.0
-3.33
-0.33
-3.0
1.33
-5.33
1.0
1.0
-2.0
-3.33
0.33
1.33
4.0
2.67
2.0
6.0
-0.67
-0.33
-3.0
7.67
-4.0
0.0
-2.0
-2.33
-2.33
1.0
13.67
-4.0
0.33
-4.0
-3.33
2.33
9.67
-7.67
0.33
1.0
3.33
8.33
-0.33
1.67
4.33
-4.33
-4.0
4.67
1.0
2.67
-2.0
0.67
-2.67
-0.33
7.33
4.67
2.33
2.33
-0.33
-3.33
7.0
-0.33
2.0
0.0
-4.67
-1.0
4.33
3.33
4.67
4.67
1.33
3.0
-1.33
1.67
3.33
4.33
11.67
0.67
0.67
2.33
2.67
0.0
-1.33
-3.33
6.33
-1.0
2.67
4.0
-2.33
-3.0
-1.67
3.33
-0.67
-1.0
3.33
3.33
-2.0
0.33
-0.67
1.0
-1.0
-5.67
1.33
-2.67
0.0
8.67
5.33
-5.33
-1.67
-1.67
-1.67
3.0
0.33
10.0
0.0
-3.67
0.33
2.0
-3.0
-0.33
-0.67
-0.33
2.0
2.33
2.33
0.33
-3.67
-0.67
-1.33
-0.67
-1.0
0.67
4.0
-1.33
-4.0
0.67
-0.33
-3.0
-4.33
-3.0
3.67
4.33
4.67
1.0
-2.0
3.0
-0.33
5.0
-0.67
-4.33
3.67
0.33
-1.0
0.33
-2.33
3.67
0.0
-0.33
1.0
2.67
-0.67
-3.33
1.33
-2.0
-1.67
-0.67
-0.33
1.33
3.33
1.67
-3.33
-2.33
2.33
3.67
0.0
-1.0
3.0
4.67
0.0
-2.33
4.0
0.0
6.33
0.33
5.0
-3.0
-1.33
0.67
1.33
-5.0
-4.67
-2.33
-5.0
0.67
-3.67
-2.67
2.33
0.0
-1.67
1.0
-1.0
-0.33
3.67
-0.67
1.67
3.67
-2.67
0.0
4.33
1.33
-5.67
3.0
-2.0
-1.0
1.0
-3.67
3.33
5.67
-3.0
2.33
3.67
-2.0
2.33
4.33
0.67
-0.67
-2.0
0.33
-2.67
-1.33
-2.0
1.33
2.0
-3.0
1.0
0.67
-2.33
-2.0
-0.67
-2.0
0.33
0.67
-1.67
-2.0
-3.67
0.0
-3.0
2.67
-4.0
-5.33
-1.67
3.33
-6.67
-3.67
2.33
1.33
2.33
4.67
-0.67
0.0
-2.33
-0.33
1.67
2.67
-4.67
2.0
-3.0
1.0
3.0
-2.67
-2.0
-4.0
-0.67
-3.33
1.0
0.0
-0.33
2.0
-0.67
-3.33
-0.33
-0.67
-2.33
-0.67
-5.67
-6.67
4.0
-0.67
-0.33
-2.67
0.0
-2.0
-1.33
-2.0
-4.33
-6.67
0.33
2.0
-2.33
-1.33
0.33
-0.67
-6.0
-5.0
2.0
1.0
-6.67
0.67
-6.0
-1.67
0.0
-8.33
-1.67
2.0
-3.33
-5.67
-8.0
-0.33
-4.0
-4.0
-7.0
0.67
-4.33
-5.33
3.0
-0.67
-4.67
-4.0
0.33
-5.0
-6.33
-7.67
-0.67
-4.0
-2.0
2.67
-11.33
-7.0
-8.0
-5.0
-1.0
-3.33
-0.33
2.67
-6.33
-4.33
-10.0
-1.33
-3.33
-3.0
-2.33
-1.0
3.0
-4.0
-3.33
-4.0
-1.67
-3.33
-2.67
-4.33
0.67
-3.67
1.33
-5.0
-3.67
-3.67
2.33
-3.67
-4.33
1.0
2.0
-2.0
-9.33
-5.67
-1.67
0.33
-3.0
-7.67
-4.0
-1.67
-4.33
0.0
1.0
0.0
0.0
-1.0
-6.33
-6.0
-2.0
-13.33
-2.0
-3.67
-1.33
-1.33
-8.0
-11.0
-6.0
-7.67
-7.67
-4.67
-3.67
-2.67
-2.0
-5.33
0.33
-5.67
-2.33
-3.33
-6.67
-4.33
-1.67
-1.0
0.0
-2.67
-5.33
3.0
-5.33
-3.0
-6.33
0.33
2.33
-6.67
0.67
-7.33
-12.33
5.67
7.67
-5.33
-2.0
-2.0
1.67
-1.67
2.33
-6.33
0.67
-7.33
-3.67
3.0
-1.0
-4.0
-9.0
3.67
-8.0
-0.67
0.0
-7.0
-7.0
-4.67
-1.67
-0.67
9.33
-3.67
9.67
3.33
-7.67
-2.67
5.33
-0.67
-3.0
3.67
-0.67
-6.0
-4.33
-1.33
2.33
-0.67
-7.67
-5.0
-1.67
-5.33
2.0
3.33
-2.67
-1.0
0.67
-3.67
-2.67
5.0
0.67
-1.0
-2.0
-3.67
-1.0
-1.67
-3.0
0.67
-2.67
0.67
13.67
-1.33
-3.67
3.0
3.67
1.33
3.33
-4.0
0.0
-1.67
10.33
6.33
-7.67
-3.0
-1.67
11.33
4.67
4.0
1.67
-0.33
-2.0
0.0
-12.33
0.67
-0.67
-5.0
13.67
12.0
1.67
-4.33
7.67
10.33
17.67
7.0
8.67
22.67
21.0
37.0
23.0
44.67
60.0
56.67
68.33
72.33
93.0
100.67
131.33
118.0
145.33
147.67
141.0
114.67
121.33
134.0
82.67
80.67
62.67
50.67
26.67
24.0
14.0
12.33
16.0
10.0
-0.67
0.67
1.33
3.0
5.67
-3.67
-5.67
3.0
-3.67
-3.33
12.0
8.67
8.0
9.33
5.33
8.0
9.67
4.0
16.0
8.33
14.67
21.0
12.67
28.33
8.67
16.0
20.0
28.67
29.33
29.33
25.0
28.0
45.33
41.33
46.33
33.0
39.67
59.0
35.67
54.0
64.67
41.0
32.67
46.0
19.33
19.33
16.0
30.33
20.33
13.0
2.67
11.33
-1.0
14.33
2.0
3.0
14.67
10.0
23.33
11.33
11.33
2.33
5.67
1.67
-2.67
8.0
10.0
6.67
8.33
8.0
12.33
13.33
1.67
14.67
-1.33
13.67
6.33
4.33
9.67
11.67
14.67
11.33
12.67
2.0
9.33
9.0
8.33
-1.67
16.67
6.67
15.33
15.0
14.67
15.33
19.33
20.67
26.33
12.67
31.67
25.33
29.0
23.0
30.0
34.33
26.33
42.0
27.33
41.33
40.67
29.67
24.67
37.33
23.0
26.33
41.67
24.67
12.0
18.67
15.0
2.0
23.33
10.33
14.33
16.0
11.0
17.33
18.33
4.0
9.33
14.33
20.0
12.33
18.0
12.0
8.67
9.33
11.0
23.33
12.33
28.67
9.0
19.33
18.67
11.33
1.33
10.33
18.67
0.67
12.0
6.0
11.33
5.33
14.33
14.33
9.67
5.33
0.0
7.33
2.67
11.33
-2.0
4.33
2.67
9.0
9.0
7.0
11.0
5.33
3.67
-0.67
10.67
11.33
6.67
5.33
6.67
5.0
8.0
7.67
9.0
-2.33
14.0
-1.33
8.67
15.67
-0.33
16.67
3.33
11.67
14.67
7.67
12.33
13.33
4.67
9.33
20.0
15.0
10.67
3.0
9.67
14.0
9.33
1.67
9.0
8.0
12.0
8.33
9.0
5.67
-4.33
11.33
6.33
14.0
16.0
19.0
16.67
22.0
16.0
5.0
7.67
20.0
44.33
21.67
31.67
41.67
49.0
39.33
57.67
60.67
52.0
38.67
46.33
55.33
51.0
66.67
71.0
67.67
77.0
81.67
77.67
80.33
74.0
89.0
96.0
61.67
50.33
53.0
44.67
48.67
47.33
27.67
39.67
27.0
13.0
21.33
21.33
22.33
17.33
9.33
17.67
16.33
9.33
8.67
10.0
23.33
5.67
16.67
28.0
23.67
14.0
18.0
25.33
28.0
21.0
30.33
26.0
23.33
26.67
32.33
42.67
54.67
61.33
55.67
73.33
74.33
78.0
99.33
98.67
131.67
107.67
130.67
141.67
141.33
144.0
121.0
102.0
111.67
105.33
99.67
77.67
84.0
53.67
51.67
28.0
34.67
29.67
15.33
27.33
14.67
17.0
14.0
13.67
19.67
12.33
13.67
13.33
17.67
13.33
2.67
10.67
10.67
13.33
17.67
2.0
5.33
6.33
10.0
-1.33
11.0
18.33
13.0
15.67
12.0
15.33
10.67
4.0
4.33
3.67
6.0
2.33
8.0
11.67
5.67
-2.33
18.67
5.0
23.67
17.0
17.33
3.33
19.0
3.67
22.33
7.0
34.33
24.67
25.67
19.33
15.33
18.33
25.33
26.0
12.33
34.33
36.33
32.33
38.67
38.33
50.33
35.67
23.0
41.33
55.33
34.0
51.33
24.0
16.67
27.33
34.0
28.33
30.0
28.33
5.67
17.33
26.0
14.33
24.67
15.67
28.67
13.0
20.67
33.0
14.67
6.0
9.67
19.67
13.33
15.33
14.0
12.33
23.0
22.0
22.67
13.67
16.67
15.67
26.33
27.67
11.67
10.0
20.67
9.0
25.33
30.0
23.67
24.33
14.67
20.67
22.67
24.0
10.0
8.0
20.33
17.33
16.67
12.67
8.33
21.33
8.67
7.67
3.0
11.0
12.67
9.67
14.67
17.33
4.67
3.67
6.33
7.67
11.33
4.0
5.67
-2.0
5.67
-2.67
8.67
6.0
16.0
10.67
18.67
-0.67
11.67
3.33
1.0
3.67
13.33
6.0
4.0
4.67
0.0
12.33
12.67
14.33
2.33
-1.0
7.67
16.33
9.0
11.67
4.33
3.33
11.67
-0.33
7.33
9.33
5.67
-2.0
14.0
3.67
10.0
17.0
5.67
17.0
-1.33
13.33
7.0
-2.0
9.67
13.33
-0.67
10.0
3.33
25.33
3.67
13.67
4.67
8.67
4.0
2.33
7.0
5.67
15.0
6.0
1.67
1.67
4.33
10.67
-1.0
-10.33
12.33
5.0
13.0
6.67
2.0
4.33
14.0
0.67
10.0
6.33
-2.33
0.67
9.0
6.67
19.0
6.0
1.33
10.33
-3.33
10.33
1.67
10.0
5.33
-3.33
14.33
-4.33
12.33
-1.0
-2.67
7.0
5.67
10.0
9.67
6.0
-4.67
-4.0
7.0
3.0
3.0
17.33
11.33
-4.33
1.33
-2.67
2.0
3.67
-3.33
2.0
5.0
5.0
1.33
6.67
2.0
12.33
6.33
8.33
1.0
11.0
14.33
10.67
7.0
15.67
13.33
6.33
5.67
12.33
4.67
17.67
17.33
14.67
18.67
21.33
4.33
10.0
6.0
5.0
3.67
1.33
10.67
9.33
1.33
0.33
13.0
11.33
-1.33
11.67
8.0
12.67
8.0
26.33
17.0
31.33
19.0
45.0
26.0
34.67
39.67
50.0
30.67
25.0
49.0
42.67
44.67
34.0
24.33
26.0
37.0
21.67
27.67
37.33
24.33
29.67
18.33
33.0
27.0
19.0
10.67
3.33
16.33
20.0
6.0
6.33
20.33
17.33
29.0
12.33
2.33
20.67
10.33
13.67
1.0
13.67
26.0
14.67
11.33
19.67
4.0
2.0
5.0
-0.67
5.67
-0.67
-3.33
16.0
1.0
4.0
22.67
9.67
-9.33
15.33
9.67
20.67
5.67
3.67
2.33
-3.67
18.67
1.33
15.67
26.0
9.33
16.33
7.33
5.33
14.0
7.67
8.0
2.33
7.0
9.67
-0.33
-2.33
12.67
4.33
-1.67
13.33
5.0
-6.67
5.33
9.0
2.67
-4.0
-8.33
1.0
-1.67
-2.67
-1.33
-1.33
15.0
-0.67
1.0
12.33
4.0
17.0
8.0
-7.0
10.33
-8.67
-3.67
1.0
4.67
3.33
-7.67
-2.67
16.33
5.33
9.0
5.0
0.33
2.0
-1.33
-11.33
-4.67
7.0
9.0
4.0
-0.33
1.33
-5.0
2.67
-7.0
6.67
15.33
1.67
11.0
-1.0
-5.33
7.33
-7.33
7.67
-1.33
13.67
-3.33
3.0
-0.67
-0.33
6.33
3.33
-5.0
2.67
-2.0
10.33
6.0
-3.0
-0.67
4.67
4.0
-1.0
10.0
0.33
4.0
0.67
-4.33
10.0
0.33
7.0
-4.0
2.67
-3.67
-4.33
-1.0
-2.33
0.0
-2.33
9.67
-2.67
3.0
5.0
5.0
-9.0
12.67
-0.33
2.33
5.0
-2.67
3.33
12.67
5.67
1.0
5.67
10.0
0.0
7.0
5.0
-4.67
8.33
3.67
7.0
12.67
2.67
3.67
5.33
-2.67
7.67
13.0
0.67
5.33
-6.0
5.33
7.33
0.33
18.67
2.0
-4.0
8.0
1.67
9.0
-4.33
15.0
16.0
4.0
9.0
8.0
5.33
12.0
1.67
14.0
3.0
-2.0
4.33
-2.67
-6.33
7.67
0.0
0.33
-2.0
-4.33
7.33
3.67
1.33
-4.33
0.33
2.67
6.33
3.0
8.67
3.0
3.67
8.33
-2.67
0.67
-6.0
12.33
11.0
-1.0
2.33
1.33
4.0
1.33
2.33
4.67
-1.67
0.0
4.0
2.33
-10.33
8.33
3.0
4.67
7.0
-7.67
12.67
4.33
8.67
-5.67
-1.33
-3.67
-10.33
2.33
0.33
2.0
-5.0
0.67
3.67
4.67
-2.33
6.67
2.33
1.33
13.33
11.0
-3.67
2.33
5.33
3.0
-1.0
-10.33
3.0
0.0
5.67
2.67
-3.67
-0.67
3.67
-0.67
9.33
2.0
-2.0
0.33
11.0
7.67
7.0
4.33
0.0
-2.33
3.0
3.33
4.0
-3.0
0.67
8.33
7.67
1.0
2.33
10.33
4.67
0.33
10.67
11.0
8.0
3.67
4.33
-3.67
3.33
10.0
6.67
7.0
2.33
7.33
7.0
-1.67
-0.67
2.67
-0.67
0.0
5.67
-6.67
-4.0
-2.67
6.67
7.67
-4.33
-0.67
-1.33
6.33
7.67
3.0
8.33
12.67
-2.33
3.33
-2.33
5.0
2.33
4.67
-4.67
1.67
2.33
7.67
2.67
-1.0
2.0
-3.67
2.67
-5.67
-4.0
1.0
8.0
-6.0
3.67
6.67
3.0
-4.67
2.67
7.33
-1.0
-1.33
3.0
-2.67
3.0
3.33
5.0
7.0
-1.0
-1.0
-2.67
0.67
2.33
-6.0
0.33
8.0
1.33
1.67
-3.33
-0.67
-6.0
1.0
-8.67
2.33
-5.67
3.67
4.33
3.33
2.0
-2.0
0.67
7.0
2.0
-1.33
9.33
7.33
2.0
-4.0
1.33
4.67
3.67
1.33
-2.67
4.67
-0.67
7.67
-3.0
3.67
-0.67
-1.33
-2.0
1.0
1.67
0.67
7.33
-2.67
4.33
2.0
12.33
0.0
3.0
1.0
5.0
2.0
-1.0
2.67
-1.67
-2.33
-2.0
0.67
-4.67
-3.0
-1.0
-4.0
8.67
-1.33
1.33
3.33
2.0
-2.33
1.33
-4.0
1.67
3.67
1.0
-4.33
0.0
-2.33
-1.67
4.67
0.33
-1.33
3.33
0.67
-1.33
6.33
0.67
0.33
0.33
5.0
3.0
-1.67
3.67
-2.0
-0.33
-3.67
