0.0
-62.33
41.67
-35.33
-28.0
-68.0
26.33
-76.33
-71.33
-34.67
-84.33
14.67
-86.67
-55.33
-80.67
-32.0
51.33
-9.67
-37.0
1.67
-13.67
-17.67
-14.33
-21.67
-23.33
11.67
-5.0
10.33
14.33
2.0
1.0
2.0
-4.0
-3.67
-3.67
1.0
2.0
3.0
0.67
-1.0
0.67
-0.33
-1.0
1.0
1.67
1.67
-0.33
-0.33
-1.33
-0.33
-0.33
0.33
2.0
-0.33
0.0
0.0
-0.67
0.0
0.33
0.0
-0.33
-0.33
0.0
-0.33
0.0
0.33
0.0
-1.33
-0.33
-1.0
1.33
-0.33
-0.33
-0.33
1.0
0.0
1.0
-0.67
0.67
0.0
-0.33
0.33
0.67
0.33
0.67
-0.33
0.33
-1.33
0.67
-0.67
-0.33
0.33
0.0
0.0
-0.33
-0.33
0.33
1.0
-1.67
0.67
-1.33
-0.67
-1.67
-0.67
0.33
0.67
0.0
0.33
1.33
3.0
0.67
3.67
-0.67
-1.0
-1.33
-0.67
5.33
-0.33
-1.67
1.67
1.33
2.67
1.0
4.0
3.67
-1.33
1.0
7.33
0.67
-2.67
4.67
1.33
0.33
-1.33
3.33
3.67
7.67
5.0
0.67
1.67
-4.33
-6.67
5.33
3.33
6.67
2.67
2.67
5.67
3.0
1.67
9.0
3.0
-0.67
4.33
-3.33
-5.0
-1.0
3.0
-1.0
-0.67
-0.33
1.33
0.33
6.0
6.33
5.67
8.67
1.33
4.33
1.33
8.33
1.67
-1.33
-1.0
-1.67
3.33
1.33
0.0
-0.67
8.0
4.33
9.67
0.0
5.33
5.33
4.0
-0.33
1.0
4.67
5.67
5.67
-4.0
0.67
-3.67
3.0
8.67
5.0
7.0
0.33
1.67
5.67
2.0
12.0
0.33
8.0
2.33
3.33
13.0
-2.33
0.0
5.67
6.33
1.67
10.33
-2.33
4.67
3.67
-3.0
4.0
8.67
6.67
3.0
6.67
2.33
8.0
2.67
0.0
-1.0
0.67
0.33
3.0
2.0
7.67
5.33
1.33
2.33
2.67
3.67
1.33
4.33
0.0
4.0
2.0
-4.0
11.33
2.67
1.67
5.0
5.0
2.33
3.33
-5.0
-3.33
3.0
8.33
5.67
1.33
-0.33
-0.33
8.33
8.33
2.33
0.33
1.0
-1.33
0.33
-0.67
1.0
0.0
1.0
1.67
0.33
-0.33
1.33
9.33
2.0
7.33
5.67
3.67
0.0
1.67
8.67
4.0
-0.33
-2.0
5.0
-4.0
6.67
2.67
1.0
-1.0
6.67
0.0
8.67
-8.67
-1.0
-2.33
1.67
0.33
-2.67
-1.67
4.33
13.0
4.0
3.67
1.33
1.0
1.33
-0.33
0.33
3.0
0.33
-6.0
1.67
2.0
1.0
1.33
6.33
1.33
-1.33
1.0
6.33
1.33
1.33
4.33
4.33
-2.0
-2.33
5.33
-1.0
2.67
2.0
0.67
9.67
5.0
7.33
-2.0
-4.67
7.33
0.67
-2.33
-3.0
2.67
3.0
4.0
-6.33
0.67
6.33
-3.33
-0.67
1.33
2.33
-2.33
3.67
-3.67
3.67
9.0
0.33
-1.0
2.33
1.33
0.33
2.33
3.0
0.0
0.67
2.0
-5.67
3.67
-0.67
3.67
-1.0
1.0
5.0
1.33
4.33
-2.0
-1.33
3.0
1.67
3.67
1.67
2.33
-2.33
3.33
1.67
2.67
-1.33
-4.33
-7.33
3.33
2.0
3.0
5.0
8.33
-4.33
4.67
0.67
4.67
5.67
-1.0
-3.33
-2.67
-1.67
2.33
3.0
2.33
-3.0
6.33
2.67
4.0
-0.33
-0.33
5.0
1.33
-1.33
3.0
1.0
1.0
1.67
-0.67
-0.67
4.0
-0.33
0.0
0.0
6.33
2.67
8.0
1.67
-8.0
2.0
-1.0
1.67
1.67
4.0
6.67
-4.0
-0.67
1.0
1.67
0.33
4.67
-3.67
0.33
3.0
6.33
1.33
3.67
0.67
2.33
0.67
7.0
-0.33
2.0
2.67
-2.0
0.67
3.33
1.67
0.33
0.67
3.33
2.33
1.67
-2.33
2.0
-2.33
1.0
4.0
0.33
-4.0
6.33
7.33
0.67
2.67
8.33
1.0
-4.33
-2.33
-1.67
5.33
1.67
6.67
0.67
-1.67
-4.33
-2.0
8.67
-3.33
1.33
1.0
3.67
1.0
-3.33
-5.0
-1.67
1.33
1.33
2.0
8.33
-1.67
-1.0
3.33
3.33
0.0
1.0
-2.67
-0.67
2.33
3.0
1.67
-1.67
-0.33
0.33
5.33
-0.67
0.0
1.33
4.0
3.0
0.33
6.33
0.0
1.0
3.67
-3.67
-2.33
-1.0
-2.67
2.33
1.33
0.33
-1.67
-0.33
0.33
2.0
-4.33
-2.0
1.67
-1.0
0.67
-1.33
0.0
0.67
1.0
3.67
-0.67
0.67
0.0
5.0
0.0
1.67
6.0
-0.67
-3.33
5.67
0.33
-1.0
6.33
-4.33
2.67
2.0
1.67
-2.0
2.67
1.33
0.67
4.33
7.0
-0.67
3.33
3.67
1.33
0.33
-0.33
-5.33
0.67
1.33
1.67
1.0
1.0
0.0
2.67
2.0
-1.33
0.0
0.0
6.33
-1.67
1.0
-2.0
-0.33
3.67
4.33
-3.0
-1.67
-1.33
-1.0
0.67
1.33
-2.67
2.33
-3.0
-2.67
2.0
3.0
4.67
1.67
-1.67
2.67
6.67
-2.67
1.0
1.33
1.33
-3.67
1.0
-1.0
-2.0
1.0
-5.67
1.33
-0.33
4.0
-1.67
2.67
-4.0
-0.67
2.33
1.67
-4.67
-3.0
0.33
-3.67
-2.33
-2.0
-0.67
1.0
-4.0
-1.0
-1.33
-3.33
-4.0
0.33
-3.0
-0.67
-1.33
0.33
8.0
1.33
-5.0
-2.0
1.67
-3.0
-1.33
0.33
-3.67
-8.67
-0.67
4.33
-4.67
0.33
-0.33
-0.67
2.0
-2.33
0.67
2.67
0.67
-1.67
-1.0
2.0
1.0
0.0
-2.67
3.0
-7.0
-3.67
-1.33
0.0
1.0
-1.33
-3.0
-0.67
-1.33
-0.33
0.33
-4.33
2.33
-4.67
-1.67
2.0
-5.67
-3.33
-5.67
-6.0
0.0
-4.33
-2.0
-3.33
-4.67
-2.67
-3.0
1.67
-3.33
-2.67
-2.67
-5.0
2.0
0.0
2.0
0.33
-0.33
-3.0
0.33
0.0
-7.33
6.33
-3.0
-5.33
-6.67
-6.0
-1.33
-2.0
1.0
-2.0
-4.33
-1.33
3.67
-1.0
9.33
-6.67
-1.0
0.33
-4.0
0.67
-9.67
-4.67
-7.0
-2.0
0.67
-9.33
-6.0
-7.0
-8.0
-2.0
0.67
-7.33
1.67
-7.33
-8.33
-4.0
-4.33
-3.33
0.0
-3.33
-6.0
-1.0
0.0
-4.33
-6.0
-4.67
-4.33
-1.67
-5.33
-1.33
-1.67
-0.67
-5.0
-5.67
-3.67
0.33
-2.67
-11.33
-2.0
-3.0
-6.0
2.67
0.33
-2.67
-3.67
0.0
-7.67
-4.0
7.33
-2.33
-2.0
6.0
-2.0
-3.0
-1.0
-6.33
-2.0
0.0
-8.33
-5.0
-0.67
-0.33
-5.33
-4.0
-4.0
-3.0
-8.67
1.33
-2.67
-6.67
-7.67
-1.0
-4.33
-0.67
-4.67
-7.33
-4.33
0.33
0.67
-2.67
-2.0
2.0
-0.67
-2.33
0.0
-5.33
2.0
-5.33
-0.67
-1.67
3.33
-0.33
-3.33
-6.33
-5.33
-0.33
-0.33
-6.0
-5.0
0.67
-5.67
1.33
-5.33
1.67
-10.33
-7.67
-10.0
-8.0
-7.0
-3.0
-4.33
-6.0
1.33
3.0
3.0
0.0
-0.67
2.33
4.33
-3.67
-4.67
-3.33
-3.67
1.33
-0.67
3.33
4.33
3.0
-2.33
1.33
-8.0
-2.33
0.67
3.33
-6.67
-4.67
-6.0
0.33
-1.33
2.0
-0.67
-1.67
4.0
-4.33
-3.67
2.33
-1.0
2.67
-5.0
-3.0
-9.67
-5.0
-3.67
1.0
6.67
-0.67
-3.33
2.67
0.67
-0.67
2.0
4.67
-3.67
0.33
9.0
12.0
6.33
7.33
11.33
-4.67
2.0
-1.67
11.33
0.67
0.0
2.67
5.67
-6.0
0.0
-2.33
4.67
0.33
2.0
16.67
2.0
8.67
-0.33
16.67
6.33
9.67
6.0
17.67
29.67
31.0
24.0
18.0
23.67
37.0
69.67
59.33
66.33
73.0
102.67
96.33
107.0
102.33
101.67
80.0
88.67
68.33
76.0
42.67
61.67
42.67
21.67
21.67
23.0
11.0
9.33
20.0
-1.0
4.33
9.67
7.33
5.0
0.67
0.33
-0.67
4.0
2.33
-7.33
-2.0
-3.33
6.0
1.33
-1.67
2.0
1.67
4.0
8.0
4.33
13.67
11.0
16.67
25.33
17.67
23.0
16.0
28.67
35.33
34.33
38.0
35.0
34.33
38.33
30.33
44.0
34.67
24.0
45.67
32.0
35.67
40.0
43.67
22.0
16.33
13.33
17.0
22.33
24.33
4.0
13.67
7.33
-2.0
6.33
5.0
-4.0
10.67
-2.0
2.33
-0.67
9.33
2.33
10.67
2.67
4.33
2.0
12.0
9.67
8.33
3.0
9.33
9.33
5.67
8.67
-3.33
21.67
4.33
10.33
11.67
9.67
7.67
16.33
-1.33
0.0
10.33
11.0
10.33
5.33
24.67
7.67
11.33
30.0
21.67
37.33
33.33
44.67
57.33
59.67
46.67
66.33
64.0
53.0
71.0
46.33
88.33
64.0
67.33
65.33
69.67
63.67
69.67
64.33
59.0
69.33
54.67
48.67
45.0
32.67
23.0
30.0
24.33
10.33
15.33
19.0
38.0
17.33
25.33
18.0
19.33
17.33
22.0
18.33
18.0
20.0
26.67
23.33
9.0
20.33
10.33
15.67
5.0
19.33
16.67
14.33
15.33
10.33
14.67
0.67
6.0
7.0
10.33
9.33
4.33
6.33
14.67
4.33
10.0
7.33
1.67
7.33
8.0
8.33
8.67
6.0
2.0
5.0
5.0
14.33
5.67
0.33
16.67
7.33
6.67
-2.67
9.67
8.0
2.0
11.67
4.0
13.67
10.0
12.67
6.67
15.67
15.67
13.67
9.33
20.67
12.67
16.67
1.33
11.33
16.67
16.33
9.0
18.0
16.67
13.0
11.67
0.0
12.33
8.67
16.0
11.0
12.0
14.33
-2.0
13.67
0.67
15.33
15.33
5.0
18.0
12.0
17.67
6.0
8.0
13.0
23.67
20.0
15.33
23.67
40.67
34.67
45.0
45.33
47.67
44.67
52.0
82.67
60.33
74.33
73.0
97.67
76.0
87.67
96.0
100.67
89.67
87.33
90.0
72.0
94.0
69.67
51.33
48.0
39.67
36.67
30.33
25.67
26.67
29.0
24.0
16.33
16.33
19.33
19.33
11.33
9.67
17.33
18.33
22.67
23.0
21.33
28.67
16.67
34.0
15.67
27.0
31.0
26.33
14.0
26.0
33.33
31.0
24.33
23.67
25.33
28.67
27.67
36.33
26.67
42.33
50.33
57.0
55.33
64.67
90.67
98.67
113.67
90.67
71.33
79.0
84.0
61.0
73.67
61.33
56.67
56.67
75.0
57.67
36.67
47.0
42.67
31.67
27.33
18.33
25.67
24.0
23.0
14.67
20.67
29.33
17.67
12.33
12.67
16.33
20.67
14.67
6.67
2.33
8.67
2.0
9.33
5.33
12.0
10.67
7.0
18.33
6.0
14.67
8.0
1.33
13.67
6.0
7.33
7.67
9.0
9.33
6.0
11.67
10.67
9.67
17.67
4.0
11.67
7.0
5.33
4.33
6.0
0.67
13.33
11.0
24.33
15.67
8.67
8.33
25.33
21.33
30.33
18.0
16.33
30.33
44.33
31.33
33.67
31.33
46.33
52.67
39.0
38.33
46.33
20.0
47.33
50.0
27.67
26.33
20.0
22.33
27.0
33.33
10.67
9.33
12.0
14.33
17.67
5.67
14.67
11.0
27.67
21.0
13.67
19.0
15.67
10.67
6.33
15.33
17.0
28.33
5.0
17.0
12.67
27.67
6.67
24.67
14.33
17.67
37.67
12.0
13.67
12.0
24.33
24.0
17.67
24.33
28.67
46.67
30.67
11.0
29.0
19.0
28.33
20.33
9.67
37.67
6.33
20.33
14.67
17.67
1.0
5.0
1.67
9.67
16.67
15.33
11.67
12.67
19.33
14.67
12.33
3.0
-4.33
14.0
23.67
6.33
3.67
5.0
11.0
9.67
2.67
-4.67
0.67
6.33
-2.0
5.67
13.33
9.0
-1.0
8.67
-8.0
5.33
-5.33
4.33
15.33
6.0
5.67
2.33
14.0
4.67
10.33
1.33
5.67
5.67
-0.67
10.33
-3.33
-4.0
16.0
-2.33
1.0
20.0
7.67
3.0
5.67
11.33
15.0
7.0
16.67
12.33
-5.67
6.0
10.33
12.33
4.67
12.67
2.67
5.67
9.0
7.33
2.0
1.67
9.0
4.0
-3.33
-4.33
5.33
9.67
9.0
-4.33
12.33
0.0
6.0
4.67
5.0
12.33
8.0
6.67
3.0
-2.67
-1.33
9.67
0.0
8.67
17.0
4.0
-2.67
-5.67
2.67
7.33
-6.33
-4.0
-1.67
-0.33
9.33
5.67
2.33
2.0
-0.67
2.0
12.67
10.0
10.67
-1.0
2.33
-13.0
3.0
5.0
2.0
9.33
4.33
-14.33
12.33
-1.67
1.0
1.67
0.67
9.0
0.0
9.0
1.33
10.67
22.0
2.33
4.33
1.33
-2.0
17.0
9.33
5.67
5.0
11.67
6.33
1.33
-4.33
12.33
4.67
1.67
9.33
3.67
3.67
17.33
2.33
0.0
-1.0
0.0
6.67
11.33
-12.33
2.33
-3.67
13.33
8.0
12.33
8.67
16.67
4.0
6.67
17.0
26.33
25.0
18.33
36.0
40.0
29.0
27.67
40.67
35.0
35.67
30.0
22.0
33.67
31.67
28.0
33.33
40.0
29.0
17.67
31.67
35.33
38.33
29.67
30.33
41.0
8.0
14.0
13.67
16.33
8.33
14.0
12.0
14.33
9.33
17.33
28.0
7.33
7.33
8.67
13.33
10.67
0.0
2.67
13.0
10.67
11.33
15.67
13.0
0.0
17.0
13.33
1.67
-0.67
17.67
17.0
2.0
5.0
10.67
10.67
1.67
21.33
1.67
3.67
1.67
8.67
5.33
5.33
16.67
-4.67
6.67
11.0
1.33
17.33
25.33
7.33
16.0
7.67
3.0
13.33
4.0
13.67
-8.33
9.67
7.67
-9.67
-3.67
2.33
4.0
-5.67
7.33
9.0
7.67
7.0
-4.33
5.0
6.33
-9.67
-0.33
9.67
13.0
5.33
7.0
15.33
7.0
2.0
5.0
-6.0
9.33
9.33
2.33
-5.0
14.67
19.33
11.33
2.33
-5.67
6.33
-4.0
6.0
-5.67
0.0
-4.33
-2.33
7.33
-5.0
10.0
7.0
4.67
0.33
0.0
-3.33
-4.0
13.67
-4.67
0.67
7.0
9.0
-6.33
2.33
-3.33
6.67
10.67
13.67
-2.33
-6.0
-0.67
1.67
-1.67
3.33
8.0
12.67
7.0
0.33
-10.0
-17.0
-4.67
7.67
2.0
13.0
1.0
-0.67
0.0
4.67
0.67
1.0
-2.67
7.0
2.0
13.67
-4.67
-4.33
2.0
4.67
-3.0
5.67
7.67
2.33
-1.0
-2.0
6.0
-6.0
13.67
10.67
1.33
1.0
1.33
8.33
12.67
3.67
1.0
2.67
9.0
15.0
1.0
-4.0
0.33
14.33
12.67
15.0
-2.33
-4.33
8.67
-3.67
1.33
-0.33
4.0
5.67
2.33
1.0
14.33
-4.67
0.33
7.67
6.0
2.0
-2.0
-8.33
3.0
8.67
3.0
5.0
3.0
5.0
4.0
2.33
14.0
2.67
4.0
9.0
1.0
1.33
-2.67
-4.33
9.67
4.0
-1.67
-5.0
-4.33
6.33
-9.33
-5.67
9.67
7.33
7.67
12.33
-2.0
3.67
-2.0
0.67
-6.67
2.33
-3.33
-2.0
3.33
3.0
-4.0
-1.67
5.33
-3.0
-3.67
-1.67
-3.33
-4.67
-4.0
4.0
-0.67
6.67
2.33
7.0
-4.33
4.0
1.33
6.67
2.33
6.67
0.33
-3.33
2.33
-4.33
0.33
0.33
8.0
-1.0
-7.33
5.67
-5.33
12.67
-0.33
4.33
4.33
11.33
5.0
4.33
-6.67
3.33
4.0
1.0
-5.33
-2.0
-4.0
-5.33
-0.33
-3.67
2.33
4.67
4.33
8.33
3.0
4.0
1.33
10.0
9.67
13.0
14.33
-2.0
-2.33
-1.0
2.33
-1.0
-3.0
-3.33
8.33
-0.33
2.0
5.33
0.33
3.67
2.33
9.67
1.0
-2.0
7.67
-2.67
5.33
-1.67
0.0
9.67
0.0
1.33
5.33
7.0
1.33
5.33
0.67
-1.67
-5.0
7.67
-5.67
3.0
1.33
3.67
-5.33
-6.33
-5.67
2.67
3.33
-4.33
2.0
3.33
2.67
5.67
-1.67
6.67
-1.0
4.33
2.67
-1.67
7.67
-0.67
-2.33
-6.33
-4.0
2.0
5.33
5.67
3.33
-1.0
6.0
6.0
-6.0
3.67
4.67
3.0
5.33
-4.33
0.33
1.0
-4.33
6.0
0.33
-2.0
1.33
0.0
2.0
4.0
-2.0
-1.67
1.67
7.33
-2.0
0.33
7.0
-1.67
-0.33
-1.33
-1.67
6.0
-1.0
-0.67
1.33
-3.67
3.67
-1.67
1.33
-3.0
8.0
7.67
-1.0
-2.0
-4.33
8.33
1.33
-3.0
4.0
-4.67
-2.33
3.67
3.33
-0.67
2.67
2.33
1.67
0.0
-0.33
-0.67
0.67
1.0
4.0
-2.33
5.67
-4.67
-1.67
0.33
2.0
10.33
1.0
10.0
-3.0
1.0
-3.0
4.0
0.67
3.33
-1.33
0.0
8.67
7.33
3.0
1.0
5.0
0.67
4.67
0.33
-1.67
2.0
0.67
2.33
3.0
-3.33
-0.33
1.0
3.67
0.0
-1.33
9.33
4.67
0.33
-0.33
1.33
-2.33
0.67
6.33
-2.33
-0.67
6.33
6.0
0.0
2.33
1.67
-7.0
1.67
-4.67
