0.0
1063.33
1215.33
1479.33
1621.0
1748.0
1823.67
1823.33
1796.33
1745.67
1641.33
1545.33
1404.67
1240.33
1099.67
925.0
766.67
634.67
518.0
394.33
328.67
252.67
194.33
155.67
121.33
89.33
63.0
47.67
33.67
27.0
25.0
14.0
11.0
9.67
6.67
4.0
2.0
3.0
1.33
1.0
1.33
0.33
1.0
0.0
0.33
0.33
0.33
0.33
1.33
0.33
0.33
0.67
0.0
0.33
0.0
0.0
0.67
0.0
0.67
0.0
0.33
0.33
0.0
0.33
0.0
0.67
0.0
1.33
0.33
1.0
0.67
0.33
0.33
0.33
0.0
0.0
0.0
0.67
0.33
1.0
0.33
0.67
0.33
0.67
0.33
0.33
0.67
1.33
0.33
0.67
1.33
0.67
0.0
0.0
0.33
1.33
0.67
0.0
1.67
1.33
2.33
0.67
2.67
1.67
0.67
1.33
2.0
1.67
1.67
2.0
2.33
1.33
2.67
2.0
4.33
1.67
2.67
5.33
2.67
3.33
2.67
2.33
5.0
3.0
5.33
2.33
6.0
3.67
5.33
6.67
6.33
4.67
5.67
4.33
3.67
6.33
5.33
6.0
8.33
5.33
7.33
10.67
9.67
7.67
9.33
7.33
8.33
8.33
9.0
8.33
11.0
10.0
9.67
7.67
13.33
11.0
10.0
7.0
9.0
10.67
9.33
9.67
9.67
9.0
10.67
9.33
8.33
9.67
11.67
10.67
9.67
10.33
9.33
10.0
11.67
10.67
11.67
8.0
8.67
9.0
11.67
7.33
13.0
10.67
9.67
12.0
8.33
11.0
6.33
11.33
10.33
11.0
12.33
12.67
11.0
7.33
9.0
11.0
9.67
9.33
8.33
11.0
8.0
10.67
10.0
11.67
7.67
5.0
11.33
9.0
10.33
9.67
9.33
8.67
10.33
11.33
10.33
10.0
10.0
11.33
9.33
10.0
11.33
10.67
9.0
9.33
9.0
13.0
9.33
12.67
7.0
11.0
12.33
8.67
8.67
9.67
12.33
12.33
12.67
6.67
8.0
8.0
10.0
11.0
7.67
8.33
8.33
10.0
10.0
13.67
5.67
13.0
11.33
8.0
11.67
9.33
10.67
10.33
10.33
8.67
8.67
7.67
12.67
10.0
12.33
6.67
11.67
10.0
12.0
9.0
10.33
6.67
9.33
10.67
9.67
9.0
8.67
8.33
9.33
8.0
10.33
7.33
9.0
11.33
7.0
9.0
11.0
7.33
10.33
9.0
9.0
11.33
13.0
9.33
14.67
11.0
10.33
11.33
9.67
9.67
8.67
9.67
9.0
10.0
7.33
6.67
10.0
9.67
9.33
9.67
10.0
9.67
11.0
9.33
9.0
8.0
10.67
7.67
5.67
12.33
10.0
7.67
7.67
10.67
9.67
9.67
9.0
9.33
7.67
9.0
10.33
9.0
8.33
10.33
8.0
5.67
11.0
9.67
8.67
8.33
9.33
10.0
10.33
8.0
7.0
12.33
9.33
8.67
10.33
12.67
10.67
8.67
12.33
6.33
9.67
6.33
7.0
10.67
10.0
5.67
10.67
8.67
9.67
7.0
10.0
10.33
11.0
12.67
9.33
7.67
9.33
8.0
10.0
7.0
8.67
9.67
8.0
7.33
8.0
8.33
8.33
5.33
13.67
11.33
7.67
7.33
10.33
8.33
9.33
10.33
6.67
10.0
7.0
6.0
6.67
9.33
7.33
8.33
7.33
7.33
8.0
11.33
10.67
10.67
10.67
7.0
6.67
7.0
6.67
4.33
7.0
8.33
8.33
9.0
5.67
8.33
5.0
6.0
9.0
8.33
8.67
5.67
8.0
8.33
8.0
7.0
5.67
6.33
8.0
5.33
10.0
6.0
10.0
7.33
6.33
7.0
5.33
9.0
6.67
11.0
9.33
7.67
5.33
10.67
5.67
7.0
4.67
5.67
7.33
5.33
6.67
7.33
8.0
6.33
4.0
6.33
9.0
6.33
9.67
7.33
5.67
5.33
6.67
6.67
6.33
10.33
3.0
5.33
6.0
6.0
8.67
6.0
4.67
3.67
4.33
4.33
4.67
5.0
6.33
6.33
6.67
3.67
5.33
4.33
7.33
7.67
6.33
6.0
5.33
7.33
5.67
6.0
4.33
5.0
8.33
11.0
5.67
4.67
4.67
6.0
3.67
6.67
8.0
4.67
7.67
5.0
6.0
6.67
7.67
6.67
6.0
3.33
3.67
6.33
5.67
6.67
7.67
4.0
5.67
6.0
4.0
7.67
5.67
5.0
6.0
5.33
4.67
8.33
4.0
4.67
3.67
6.67
7.67
7.67
5.33
4.67
5.0
5.33
5.0
4.33
7.0
4.33
4.33
5.0
6.33
6.0
4.33
3.67
3.33
4.0
5.0
4.0
3.33
5.0
8.67
7.33
2.33
7.67
6.0
5.67
6.33
3.33
7.0
5.33
7.0
3.33
3.67
5.33
4.67
4.0
4.67
7.67
4.33
6.67
6.67
7.33
8.33
4.33
4.67
3.33
3.0
4.0
5.0
2.33
4.0
6.33
5.0
5.0
3.67
5.67
4.0
7.0
4.33
5.33
4.67
6.0
6.67
5.33
7.0
7.33
6.67
6.67
3.67
6.0
6.67
5.0
4.0
4.33
3.33
4.67
5.33
4.33
4.67
5.0
4.67
3.67
8.67
5.0
7.0
6.0
4.0
7.67
4.67
4.33
5.0
4.67
6.33
6.0
5.67
5.67
5.33
7.67
6.0
4.67
5.67
5.33
7.0
6.67
4.0
8.0
3.0
6.33
6.33
9.0
5.67
6.0
3.67
8.33
5.67
6.0
5.67
8.0
7.0
4.33
6.0
7.33
7.67
6.67
10.67
6.67
6.67
5.67
5.67
4.33
5.67
6.0
8.33
6.33
5.33
5.33
7.67
6.0
6.0
7.0
6.0
7.67
7.0
9.0
6.67
7.33
7.0
5.0
8.33
5.0
7.67
8.33
10.33
8.67
9.33
8.67
9.67
9.67
9.0
10.67
8.33
10.67
10.0
8.0
10.33
7.0
10.33
10.67
9.67
8.0
10.33
8.33
7.67
6.67
12.0
10.0
7.0
7.0
10.67
12.33
10.0
7.67
9.0
11.33
7.67
9.0
8.33
8.67
11.0
9.33
10.0
7.0
10.0
9.33
10.33
8.33
6.0
5.67
10.67
8.0
8.67
10.0
10.33
13.67
12.67
15.0
10.0
8.33
17.33
12.0
13.0
16.0
10.0
10.33
10.33
9.33
13.33
11.33
12.0
14.33
13.33
9.0
9.33
10.0
9.0
12.0
9.33
13.0
11.67
10.33
10.67
12.33
10.33
10.67
10.67
14.0
15.67
11.67
11.67
10.67
16.33
14.0
11.0
13.0
15.33
13.67
13.67
10.67
13.0
15.67
13.0
8.67
13.33
13.0
10.0
12.0
14.0
13.0
15.33
14.0
11.0
17.33
12.0
11.67
11.33
11.33
13.0
15.0
13.0
17.67
11.67
11.67
13.67
16.67
13.0
15.33
13.67
17.67
15.33
13.33
13.67
13.33
15.67
13.0
11.0
13.67
14.33
11.0
14.33
15.0
16.33
13.67
15.67
12.67
14.33
17.33
19.33
16.33
12.33
14.33
16.0
16.0
15.33
13.67
14.67
17.33
14.33
18.33
15.67
15.0
18.0
15.0
17.0
13.33
19.0
13.67
16.0
17.0
15.0
16.67
16.67
13.67
14.67
18.67
17.33
15.67
16.67
16.67
12.67
13.67
15.0
14.33
16.67
21.0
17.33
13.33
14.67
14.67
20.67
21.0
17.67
17.33
15.0
16.67
17.67
15.0
13.33
16.67
15.67
14.0
19.33
20.0
16.0
18.67
20.0
19.67
19.0
14.33
16.67
17.33
15.33
16.33
19.67
14.0
17.33
16.67
16.67
15.0
16.0
16.67
13.67
14.67
20.67
14.0
20.67
17.67
15.33
16.0
18.33
15.33
21.0
23.0
22.33
16.33
17.67
22.0
14.33
16.0
15.33
23.33
16.33
23.67
21.33
24.0
20.33
19.33
21.0
20.0
21.0
19.33
22.0
18.33
16.67
21.67
21.0
19.33
15.67
23.0
17.67
13.33
17.0
18.33
14.67
18.0
15.33
12.33
14.33
19.33
18.33
21.0
18.0
16.67
13.0
16.0
17.67
15.33
16.67
20.0
17.33
18.67
15.67
18.0
14.67
19.33
16.0
16.33
13.0
16.67
17.67
15.0
17.33
19.0
11.0
16.67
15.33
14.0
18.33
12.67
16.33
16.0
18.0
12.33
13.67
14.67
17.0
16.0
18.67
14.67
15.67
21.0
17.33
16.0
17.33
19.0
17.33
14.0
13.33
19.0
16.67
16.67
16.0
15.67
11.67
18.0
15.33
13.67
22.0
14.67
16.0
18.0
12.33
16.0
16.67
17.67
13.67
14.67
17.33
18.33
17.67
21.0
15.0
18.33
17.67
14.0
18.67
13.67
20.33
16.33
23.33
14.33
19.67
17.67
16.33
13.33
14.33
17.67
19.33
16.0
10.67
16.0
16.67
16.67
12.33
17.33
17.67
19.0
19.33
19.67
18.67
20.33
16.67
20.33
21.33
19.67
20.0
14.0
16.0
16.67
16.67
14.0
19.67
18.67
15.33
13.33
11.33
14.67
16.0
12.67
14.33
13.33
15.0
16.33
14.0
19.0
18.67
16.67
18.67
17.0
15.0
18.67
12.67
18.0
16.67
17.67
15.0
16.67
13.0
13.0
17.33
15.67
16.0
11.67
14.67
14.33
18.0
10.67
14.33
11.67
15.67
12.67
13.33
19.33
16.0
13.0
13.67
12.67
14.67
13.67
14.33
11.67
14.0
15.67
15.33
13.67
13.0
14.67
16.33
14.0
14.0
14.0
14.0
15.67
18.33
14.67
14.33
14.67
12.33
17.67
14.33
14.0
14.0
12.33
16.0
19.33
14.0
18.33
22.33
14.33
20.33
21.33
26.67
23.33
31.33
28.33
30.67
27.67
28.33
23.67
22.0
26.0
23.33
19.0
19.33
22.0
15.67
16.33
15.0
16.0
15.0
15.67
17.0
14.33
23.33
12.67
17.67
14.0
14.0
17.0
22.33
20.0
24.0
31.0
28.33
31.0
29.67
43.33
39.33
41.33
45.0
46.67
40.33
41.33
34.0
35.33
32.67
28.67
28.0
19.33
17.0
22.33
15.0
14.33
16.33
18.67
17.0
18.0
11.0
13.33
15.67
16.0
14.33
15.33
15.67
16.33
12.33
15.0
19.0
16.67
11.67
14.67
12.67
15.67
11.33
12.67
10.67
15.33
13.0
11.67
17.33
17.33
15.0
17.33
14.0
15.0
15.67
14.0
14.0
12.67
16.0
14.67
17.33
14.67
17.33
15.33
12.67
18.33
14.67
14.67
16.0
14.67
15.33
18.33
14.33
17.33
15.33
18.67
22.0
16.0
19.0
13.33
17.67
15.33
15.33
14.0
17.33
18.33
18.0
12.33
14.33
16.67
19.67
15.33
16.0
15.0
16.33
14.33
16.67
17.33
15.67
17.33
17.67
17.33
14.33
20.33
12.67
18.33
25.0
23.67
18.67
18.0
18.33
21.0
17.67
19.0
14.33
19.0
22.67
18.33
19.0
20.67
18.33
20.0
23.67
21.0
20.33
13.33
21.33
18.33
20.0
18.33
16.0
19.67
23.67
21.0
21.33
17.67
23.0
18.67
19.33
19.33
21.67
23.67
24.67
19.67
21.0
25.67
20.67
26.67
25.67
25.33
27.67
23.67
24.33
23.0
25.67
20.67
31.0
25.67
32.0
33.33
34.67
32.0
30.67
30.0
26.67
36.33
31.67
24.0
31.67
30.33
32.33
32.33
28.0
25.33
23.0
23.33
27.0
28.33
23.33
23.67
23.67
25.0
23.67
25.0
27.0
20.33
20.33
26.33
20.33
24.67
23.33
22.33
24.0
22.33
27.0
24.67
25.0
24.33
27.67
28.33
26.33
24.33
29.0
31.0
29.0
21.67
29.67
31.33
24.33
27.67
20.67
29.33
25.33
31.0
29.0
26.33
25.33
24.33
25.67
23.33
25.33
27.67
24.33
22.67
27.0
25.33
24.0
21.33
27.67
22.33
26.0
20.0
23.33
23.33
29.67
24.33
24.67
30.0
24.33
20.67
24.0
26.0
27.33
29.0
24.67
27.33
23.67
26.67
27.0
29.33
26.67
18.0
25.33
26.67
32.67
23.33
25.33
31.67
24.67
29.33
33.0
25.0
30.33
29.0
26.0
26.33
28.0
26.33
27.67
22.0
26.0
26.33
23.67
34.67
24.0
26.67
24.67
27.33
26.33
30.33
27.33
29.0
30.67
28.0
31.33
26.0
33.0
33.33
29.33
30.67
26.33
30.0
32.33
25.67
29.0
34.0
33.33
35.0
31.67
27.0
31.33
34.0
31.67
35.33
28.33
35.0
32.33
26.0
33.0
34.67
32.67
37.33
34.67
29.33
33.0
36.67
33.33
26.67
29.33
27.67
33.0
34.67
32.0
32.33
31.0
32.33
31.0
32.67
40.0
29.0
33.0
35.0
27.67
29.67
37.33
27.67
36.67
33.0
32.33
39.33
35.0
31.0
35.0
34.67
30.33
32.0
34.67
32.67
33.67
38.0
34.0
33.67
32.33
31.0
28.33
31.67
31.67
33.33
30.67
29.33
31.33
34.67
33.33
30.33
29.67
37.67
35.0
30.0
33.0
34.33
29.67
34.33
31.67
38.67
33.67
28.0
31.67
31.33
38.33
39.0
32.33
29.0
30.67
31.0
35.67
32.0
27.0
38.0
31.33
31.33
33.0
30.33
34.0
31.0
37.33
29.33
33.0
34.67
31.0
37.0
36.33
31.33
31.67
29.67
28.33
28.67
29.0
31.0
34.0
28.33
35.67
33.67
28.0
35.0
33.67
33.67
32.67
26.0
34.67
30.67
31.33
29.67
28.33
30.0
32.33
28.0
30.33
30.67
28.33
31.0
34.0
28.0
26.67
33.33
30.67
29.33
29.0
31.0
34.0
29.33
32.33
35.33
30.67
30.33
29.33
37.33
34.33
28.67
36.67
33.33
34.67
31.33
28.0
31.67
25.67
27.67
30.67
29.0
32.33
33.0
29.67
26.0
29.33
34.33
29.33
29.33
35.67
33.67
27.67
32.0
32.67
32.67
22.0
29.33
28.0
32.33
29.0
27.67
35.67
29.33
32.33
24.0
30.67
27.0
20.67
26.0
24.0
26.0
31.0
19.67
30.67
26.67
30.0
25.33
27.67
27.67
29.67
26.67
23.67
30.0
24.0
29.67
24.0
28.33
32.33
24.67
28.0
21.0
26.0
27.33
26.67
28.0
23.33
27.0
23.33
21.67
30.33
20.0
25.0
30.33
22.67
32.33
20.33
27.33
22.33
27.33
24.0
29.67
26.33
24.67
23.67
25.0
22.33
24.0
23.67
26.0
32.0
25.67
25.33
23.0
22.0
23.0
24.67
23.0
24.33
30.33
22.0
25.67
28.0
20.0
21.33
26.67
24.33
25.0
21.33
29.0
24.33
27.33
30.67
21.0
26.0
16.0
24.0
20.33
18.33
22.67
20.0
20.67
23.67
20.33
19.33
29.0
24.33
17.0
21.0
23.0
23.0
21.67
13.67
18.33
19.0
22.33
21.33
17.33
19.67
22.67
19.33
16.0
17.33
21.67
25.0
17.67
20.67
17.67
16.33
19.0
23.0
19.0
22.33
18.0
21.33
17.0
18.0
17.0
22.0
18.0
19.67
12.0
18.33
12.0
18.0
15.0
18.67
18.67
20.33
19.33
17.0
18.67
22.0
22.33
12.67
20.33
19.67
19.33
17.67
14.33
14.67
15.0
17.33
18.0
14.33
21.67
19.67
18.33
18.0
16.67
15.0
16.0
16.67
13.67
16.0
15.67
14.67
17.33
19.67
20.0
12.0
17.67
19.33
13.67
18.0
17.33
16.0
14.67
13.33
17.67
12.33
19.67
15.33
16.67
17.33
16.67
16.67
13.0
16.0
16.33
15.33
16.33
13.33
13.33
13.67
16.67
9.67
13.0
15.67
16.67
13.67
13.0
15.0
17.33
11.0
16.0
17.33
15.33
18.67
14.67
13.33
11.67
13.67
12.0
10.0
13.67
10.0
11.33
10.0
12.67
13.0
16.33
13.0
15.67
15.0
14.0
16.33
11.67
12.33
13.0
12.67
11.67
8.33
11.67
12.33
9.0
13.0
10.33
14.67
16.67
13.67
14.0
9.33
11.0
15.67
9.67
10.0
13.67
9.67
13.33
13.67
14.0
10.33
15.67
13.0
9.67
11.33
12.33
15.33
13.67
11.33
9.67
11.33
11.0
10.67
9.33
11.33
9.67
11.33
12.0
11.67
10.33
10.67
12.33
11.67
10.33
11.33
12.0
9.0
9.67
8.33
11.67
14.0
11.0
8.0
15.0
10.33
10.33
10.0
14.67
10.33
9.67
12.0
12.33
10.0
11.67
11.0
9.67
10.0
9.0
10.0
13.0
11.67
10.33
6.67
13.0
7.67
7.0
11.67
11.33
12.33
10.67
10.0
10.0
13.67
9.67
11.67
10.33
7.67
9.67
10.0
9.0
10.33
9.0
9.0
10.33
6.67
8.67
10.0
9.0
11.67
10.33
5.33
9.67
12.67
5.33
10.67
6.33
9.0
8.33
7.67
9.33
9.0
7.0
9.33
8.33
10.67
9.67
6.67
8.0
7.67
9.0
8.0
9.0
8.0
10.0
8.0
9.33
8.67
8.33
8.0
7.33
8.67
7.0
10.0
8.0
8.33
6.33
5.67
7.67
9.0
7.33
7.67
10.0
10.33
8.33
10.0
8.33
8.0
12.33
6.67
7.33
6.67
8.33
8.67
7.33
8.33
8.67
7.33
6.67
5.67
5.0
8.0
7.67
6.33
8.0
7.33
9.67
